id,xcentroid,ycentroid,sharpness,roundness1,roundness2,npix,sky,peak,flux,mag,xcenter,ycenter,aperture_sum,aperture_sum_mask,aperture_sum_edge,ra,dec,aperture_sum_0,aperture_sum_1,aperture_sum_2,aperture_sum_3,aperture_sum_4,aperture_sum_5,aperture_sum_6,aperture_sum_7,aperture_sum_8,aperture_sum_9,aperture_sum_10,aperture_sum_11,aperture_sum_12,aperture_sum_13
1,1505.5408316466242,96.50978068203582,0.394265727457849,0.20814744037297772,0.683784127342086,49,0.0,0.007646421708947942,1.1553815222940143,-0.15681354426518007,1505.5408316466242,96.50978068203582,867.3325807186682,0.0,590.6070614856218,352.5158246074546,-0.6217486694068781,88.17167003980848,107.55743743153687,92.68226832376632,69.40109920532761,78.5157308133996,50.176357016441514,53.05177685551645,48.45110415924297,57.20662722961204,55.63554248993933,46.37648608532921,62.91308568880604,50.05762158655147,7.135773793390159
2,1318.9656840359994,115.89190808711041,0.5867915639143236,0.7498836666401435,0.36982858999234275,49,0.0,0.010183758515775633,1.0110749006627755,-0.011958323546317373,1318.9656840359994,115.89190808711041,867.9809244914312,329.1001144728014,992.4625500543872,352.5935640238217,-0.6136725987167387,55.88793052292566,22.208481352974772,22.308895650364136,65.39748380293815,71.44879993281897,92.77962877345348,70.70135708886501,63.39610594536599,89.22083997462747,72.79376222809674,97.50325217079755,60.22872528580634,57.62838301754013,26.47727874485676
3,1478.9874788504492,131.4993156466095,0.45043653953899115,0.3950512030552277,0.3708832613424545,49,0.0,0.011116714951631235,1.2972388294193666,-0.2825498491354384,1478.9874788504492,131.4993156466095,1267.051313257156,0.0,1079.106212688253,352.52688848837835,-0.6071713112544298,86.57913265819005,96.21868211758942,106.6181764389607,99.02636451345285,78.83992600784798,79.66313174419787,90.06418787175708,91.50785053229646,122.6196754924693,94.91946865089031,102.74700286772557,91.81290332802938,107.16616364535778,19.26864738839123
4,1237.3935771353958,140.3535138542524,0.514373337461606,0.4794733981923857,-0.17775052742615557,49,0.0,0.010423084459879642,1.1719228491185945,-0.17224755457858704,1237.3935771353958,140.3535138542524,1199.13778338531,0.0,995.5195840084771,352.62755218507135,-0.6034806137152393,98.02553621841987,104.69266048554942,99.48692437039011,107.16097798103165,95.27633674896244,83.47918894438251,109.43512074823056,103.96654330750019,92.50466214362436,70.9015977549763,73.72390492622502,79.880077888267,59.497006693794965,21.107245173955754
5,1102.5193053126054,144.95245368943395,0.6409263434645763,0.4071853697926562,-0.4613050171024902,49,0.0,0.006827070231894385,1.1036058384352825,-0.10703497343214802,1102.5193053126054,144.95245368943395,281.03044253566037,63.73227666670154,92.24039198471257,352.68374919279825,-0.6015627635781831,9.2532386321779,39.196261722856015,11.934692820054867,7.535408925267543,11.638574251230947,7.6926379569858305,1.1768542756410538,25.00474984998779,82.81576266132714,12.666475900135085,21.732310380277617,4.796921500768408,37.24594920626168,8.340604452688467
6,1154.8297504294244,148.96541883492455,0.32301749985991857,0.28844561422360954,0.1602606884777423,49,0.0,0.005380723935732792,1.0380340320084023,-0.040528980291633175,1154.8297504294244,148.96541883492455,986.2903163142174,49.32290250739348,463.1569936683491,352.66195345093644,-0.599891675490212,89.04359929776271,80.27839519920067,53.73719446464855,39.73798917190613,50.67927468033306,52.95625611796559,38.59747013916511,49.49205642839205,146.3102776534334,95.99983114906252,190.19585151169363,35.33305428161955,46.20398412481913,17.725082094215395
7,1642.5378506068075,167.8058234458165,0.5458398257420092,0.5572241164226853,0.12850784958522565,49,0.0,1.0860009134489137,150.6213247590083,-5.444716157575691,1642.5378506068075,167.8058234458165,30618.014541102486,0.0,23581.30922865474,352.45874257534433,-0.5920454929753581,2134.640664311317,2289.018795690659,2221.088850035706,2387.6150043981756,2357.5824831245054,2111.999665241018,2392.7463572911415,2389.789755077724,2394.1351168107603,2385.596627455586,2256.1385465492117,2405.957280953171,2271.8547494361196,619.8506447273892
8,2075.0487260066757,171.93750650852164,0.41739046273626756,-0.2920133021167265,-0.6284813798294796,49,0.0,0.010972590134159892,2.2234635635830498,-0.8675750423952844,2075.0487260066757,171.93750650852164,516.7741274676689,0.0,299.04415529541006,352.2785306540362,-0.5903206573981017,29.789718958797696,8.578573970136954,15.85263907454193,47.1712722484973,31.150306748442897,107.88450183132841,31.46862416732525,50.7536924924375,37.81167194566311,35.58429795586115,34.26279198677494,43.553107038605155,35.94725343568481,6.965675613571809
9,1743.3858206386872,177.1959166172782,0.5940700403602638,0.5863718547894652,-0.04196917370251167,49,0.0,0.014488058860039621,1.3832480474170208,-0.35225016459915154,1743.3858206386872,177.1959166172782,1361.8318449362253,0.0,1081.6660598196877,352.41672264556814,-0.5881330862234808,100.63342649453847,101.05028972667058,87.17581924250456,82.28995571633416,111.7428443641047,76.32519040997248,107.79992592261951,98.36353134959029,123.2516513774157,104.40089185694521,107.41609685954222,128.0438793202145,111.4579206282075,21.880421667565496
10,1635.0954217126293,184.18019422247352,0.6027719750941406,0.74842282648135,0.35283188946491534,49,0.0,0.03584186879357313,4.3510848450113535,-1.5964938800089614,1635.0954217126293,184.18019422247352,2001.9784186145512,0.0,1040.1474698732404,352.46184358425006,-0.5852235797333242,153.39862906695822,152.94933307025997,149.5373794169476,166.42260290383842,169.56385769417906,138.9849981881613,123.79500276661058,173.52537895682403,147.63406432800588,151.12544593678734,138.33165161456833,147.17494392063458,152.2744880283625,37.26064272241338
11,2057.24222412226,190.11480638240235,0.3064339075592858,0.1747718638769411,0.3739734966872567,49,0.0,0.027466193226139697,3.4655828898921586,-1.349440726932142,2057.24222412226,190.11480638240235,2115.6364719536714,0.0,1680.8212890333182,352.28594993603934,-0.5827478900321446,118.35157398651461,169.3635283155631,150.99484389822138,202.42300169217805,205.22859388899047,165.68036497984338,185.43453196918344,157.3995071399641,127.81401646318164,121.02830133944366,115.75100779028315,196.25551843269466,160.6479899575707,39.26369210003908
12,1138.510107846214,200.30786084857775,0.4461149268237067,0.7917399800662893,0.559765716886902,49,0.0,0.008631874691442444,1.0067906171484347,-0.0073478986477864975,1138.510107846214,200.30786084857775,1055.7781768369641,21.589427258512934,902.6576710037968,352.6687532279727,-0.5785011772009595,102.87109703526119,97.60482849290435,86.23013056933799,89.16072100646474,80.13920067720554,64.23499099490552,94.34762036177978,77.89566666919616,68.78535439817225,62.41971298067043,69.65707175030151,59.157638055160156,82.07451248485367,21.19963136075097
13,1847.0123931786677,208.41478077822632,0.6451706827176777,0.6786430232713251,0.09752496852843019,49,0.0,0.09562117017816349,11.38826726250881,-2.6411441267964437,1847.0123931786677,208.41478077822632,3293.137023029626,0.0,2037.6480551034635,352.3735450315996,-0.5751259826550283,231.65350312251996,261.9834231547448,236.19216615421803,235.01637445279266,290.39415779687937,235.26094411780934,267.65362631804925,256.3950655492831,245.38034215491217,214.0605465964244,245.32498121109353,267.0674780903334,246.49921449238605,60.25519981817966
14,2103.18387323488,211.93895058181138,0.5069481392220273,0.4334432788759958,0.28069842974559556,49,0.0,0.11635403942453697,13.773348691425639,-2.8475988559800793,2103.18387323488,211.93895058181138,5960.033579774345,0.0,4711.943499126204,352.2668078292284,-0.5736548199913784,310.51438742305356,443.9507066857743,401.3541179856609,651.8397306504244,606.0399939440285,434.27276844630364,568.9439432733288,416.69985830162545,426.5051336908259,381.6490475316318,419.3100786105739,395.5514594728787,379.3867756171734,124.0155781410618
15,1782.4783123895438,211.92545711674643,0.42739624045338276,0.48606465754390704,0.3146521687240658,49,0.0,0.020229510081958137,2.749972148619654,-1.098320738428339,1782.4783123895438,211.92545711674643,1568.4150226204388,0.0,649.6400741236017,352.4004341428683,-0.5736637721482173,120.12409274857201,106.50809796495446,114.51496203212193,121.39437120598086,124.65673628796074,99.10364394111224,157.85842713614105,97.84038249700873,99.64535137694585,126.30397818662341,105.56921281167968,137.51719820717545,113.89190238727326,43.48666583688933
16,1165.072930079452,226.641983786981,0.6112395431336461,0.550385152537295,0.4118010099784334,49,0.0,0.017928095221515835,1.9851487646952455,-0.7444826445808006,1165.072930079452,226.641983786981,1291.312166882096,0.0,756.2550778298514,352.6576855157971,-0.567530161879896,71.40862962279112,85.48337991390127,96.34368197842403,104.01930012674745,103.96246696297845,89.76330434977424,99.50402528933827,105.07118171004146,109.56960536831181,94.85502293966566,91.11535930158897,108.50889932976942,104.30737240712806,27.399937581635932
17,1900.8788478899212,233.0855693259398,0.4983784269350851,0.5258556682542141,0.13533053922819338,49,0.0,0.07753437866894856,10.829425443238387,-2.586513539197112,1900.8788478899212,233.0855693259398,3090.1143714317054,0.0,1447.4753069673513,352.3511007818986,-0.5648470988090749,235.76359755907146,247.0005983672225,224.65699386305533,233.49658168639615,234.33054040817245,215.9284289466168,239.26685110690738,213.69297063268004,207.9670733118407,252.25613060780825,218.83620796957203,251.72155144249095,261.35278403458517,53.844061495286496
18,1867.2819367329082,237.0559228179936,0.46246296799134456,0.5833333424864333,0.4986186675584023,49,0.0,0.011008412353814315,1.018505767566156,-0.01990873163467286,1867.2819367329082,237.0559228179936,1343.9030035138424,0.0,403.70776993176037,352.3650994231758,-0.5631932356459745,90.77577611361326,106.98449896457095,107.03039384055305,86.04423424596907,103.9576644461687,83.43639195497806,99.6896768008872,96.30133300029364,85.44633702903357,139.10158671210172,91.9853165082335,115.0323810878393,107.88004185864278,30.237370950957548
19,1493.5754424815345,241.0797159809007,0.5290253190238451,0.2667783919758748,0.1253812907733465,49,0.0,0.017267635045238525,1.86322366834117,-0.6756624809009839,1493.5754424815345,241.0797159809007,1583.816437642347,0.0,0.0,352.5208101829457,-0.5615177095920151,102.74526569313382,107.74602302464845,95.27443483668755,112.92349353356309,130.26839724741848,99.01558567070626,138.14090700701672,138.88247134025653,119.10831890648885,147.08472055486146,101.70030321963205,130.97918548383848,124.62920490700444,35.31812621709069
20,828.7361138105209,247.2643900515667,0.2691546919004502,-0.05250937132200742,0.4001619014668962,49,0.0,0.0043062099867312445,1.2927670520299825,-0.27880068742855363,828.7361138105209,247.2643900515667,170.10244780925314,0.0,80.10660239740157,352.79782297112155,-0.5589323801371425,79.90095402924379,4.906876642621484,6.215513552570146,0.0,1.5374677127595446,0.0,0.0,21.33588801156351,48.303960721960934,4.030496687256798,3.0722179326450374,0.7990725186318759,0.0,0.0
21,1945.682075074523,265.41766431111466,0.2575627176069852,0.6611926282895164,0.5427848894450629,49,0.0,0.019182276354062833,3.1783852488538935,-1.25551634113936,1945.682075074523,265.41766431111466,1612.0122958114341,0.0,334.1309033490329,352.33243288648174,-0.5513763038130267,112.6885514747962,117.04163922094479,113.37029808260512,121.45330116321702,138.04644597992606,112.04972302549217,114.2927258185613,116.59519945932739,135.37308135675994,128.40589865437738,115.12735524453961,131.1536532722617,126.04186411922342,30.372558939401976
22,867.3716481883151,269.5861723813019,0.5165750728305353,0.8992525692902836,0.9794370130306306,49,0.0,0.01678943836253801,1.7094878663919957,-0.5821650565172561,867.3716481883151,269.5861723813019,1628.811591103121,0.0,1294.0462657678968,352.7817253315904,-0.5496335147542438,165.6450335580737,154.44937091835928,114.05133468997677,124.98248089883721,142.31727380977955,90.42407829602894,129.08859164629925,152.8641977578002,102.86290069633583,130.87400958618764,111.06019194209689,88.9412680881552,112.14804746634155,9.102811748848776
23,1309.0202690500169,284.96416694151077,0.8341382105077435,0.6069278193059197,0.27382352287765155,49,0.0,0.04849866707698939,5.15347057001077,-1.7802495006453531,1309.0202690500169,284.96416694151077,1679.5115511625272,0.0,0.0,352.59770793768047,-0.5432332009304436,138.02937113896377,118.41983314495359,103.84603289601294,130.34261645757852,113.3185389731861,111.18034251255335,122.25345839658677,137.38544689649586,117.03472038469458,128.30153945325685,137.33294262786643,147.94286965372,130.37961156081175,43.74422706584677
24,1512.3296838179135,289.89552845060814,0.38842197090156055,0.7421888701972207,0.22344415660751393,49,0.0,0.012709054110985716,1.4626630630426019,-0.4128607354871982,1512.3296838179135,289.89552845060814,1365.0015909206786,0.0,0.0,352.51299592734256,-0.5411797633976694,98.34449435948353,101.5892554206499,92.05399997706824,109.71105434273449,104.19249013656636,96.47713473348213,105.7969055986795,96.45683408051616,105.39001681194688,91.66614745654846,112.3477178564336,118.59926390628355,111.53283542625493,20.843440814030686
25,1837.707372381234,290.0772654980533,0.5948323212083829,0.354845408520533,0.11430661117279797,49,0.0,0.09278817089099864,12.349628253172616,-2.729134711797772,1837.707372381234,290.0772654980533,2930.685914281894,0.0,0.0,352.37742210325996,-0.5411033527154457,197.38709034971725,238.31571274672712,232.32069655932295,213.83909142334403,213.99163988640106,184.16719492343358,207.40018765135937,237.66512012026016,224.60746568808378,234.16587192232967,241.33154631439788,229.459513685356,211.83230520606884,64.20247780509197
26,1584.0141387482665,297.8711125349784,0.5172937055455823,0.5174203258925323,0.13939945366629483,49,0.0,0.18477426584501125,27.90028066859469,-3.614021430424927,1584.0141387482665,297.8711125349784,5120.6437368541165,28.881776860911035,0.0,352.483127433672,-0.5378570107519958,320.62884067682285,383.3932543817855,373.4963870711369,402.97970890600743,399.4470053637807,366.818844278523,397.5753853322517,390.94364744717524,394.5618183169978,403.2722440690054,374.48501184280803,388.6014971697697,414.08276831604144,110.35732368201003
27,1961.960781973558,304.2569708154774,0.6842945981993908,0.17357502264290517,0.05451609815136513,49,0.0,0.013205814908746389,1.2102001477169964,-0.2071430040159617,1961.960781973558,304.2569708154774,1194.5638215478039,0.0,0.0,352.32565013869237,-0.5351946290308531,80.45833728312711,101.7405570139339,74.22191857523113,90.53871679532945,76.10097428897406,73.91256209492386,87.25293043585526,101.71868008281318,100.91262551385377,88.84431413100032,94.39583302144786,103.10230505676876,92.94831206612155,28.415755188423688
28,1814.1894507551167,310.6000825119384,0.24333028947621418,0.3164230154982136,-0.3476600730764841,49,0.0,0.01902582946392041,2.714575136129312,-1.0842546672492333,1814.1894507551167,310.6000825119384,1845.9005091417307,0.0,0.0,352.3872212018411,-0.5325531054013276,116.52500480787998,141.41079616721242,148.0061778137964,128.79246485488937,140.4907622715623,113.40806816887174,166.80719836083486,121.60000784461442,163.7650067765219,138.37113320578908,147.43999074922954,129.76855391890777,152.42983790982646,37.085506291794324
29,1887.360178612915,312.2719742206699,0.574534145923237,0.5937673064101797,0.15279728653398944,49,0.0,0.11214402537123838,15.49920365116143,-2.9757734617497626,1887.360178612915,312.2719742206699,3330.3901980192636,0.0,0.0,352.3567335244462,-0.5318560308539799,214.21546814765327,239.15362752859204,236.76626400906997,247.5664365585117,246.47507140305623,239.89196794069412,264.66109278386784,275.85691962494275,271.01989709078407,265.9435475638341,240.5943137780638,280.51435221220413,242.15616347831752,65.57507589967211
30,1086.1490555478392,317.4194981620228,0.48536028272183634,0.4118081636190505,0.36657944864459596,49,0.0,0.012943819691511978,1.4762811639365352,-0.4229226964232209,1086.1490555478392,317.4194981620228,1265.4650591754762,0.0,0.0,352.6905700545735,-0.5297088685169684,101.88290314986276,92.63211836513103,91.06966408429801,86.28254174582842,87.95627432036895,80.25221820881248,111.66950098843547,89.51524070190186,104.73763435557339,93.49354801903837,96.28927630267398,110.83100298833642,101.1601611748636,17.692974770351356
31,1552.046924392983,318.77233501234076,0.9743902292956678,0.646210710481866,0.3172643136971491,49,0.0,0.04086932024004288,3.6619371019598552,-1.4092772012888866,1552.046924392983,318.77233501234076,1549.3039594450356,0.0,0.0,352.4964470950616,-0.5291489080398621,101.4741179124903,110.42435408672596,105.62938630893674,119.18587364954755,139.44758730051672,90.53998304020335,143.8454656350168,118.83358636589487,114.05426511993812,116.91763705761174,100.14045616003799,120.2115258824967,132.61796321629072,35.98175770932782
32,1010.3331896148893,321.5297777262503,0.5399781802418154,0.40344844387112117,0.3839030822352866,49,0.0,0.38617353658961084,55.41844201176827,-4.359135780555135,1010.3331896148893,321.5297777262503,10320.026442400474,0.0,990.4081584282052,352.72215946398694,-0.5279952435765985,733.4680030062489,724.6702026989095,742.2458011227054,778.3028481082811,748.6996614286504,737.9796182299667,827.8767214232087,802.5705063384048,845.1770084489829,826.3052596840363,697.1886824988503,809.2071734022345,847.7667619423593,198.56819406763526
33,1486.04316533693,321.68745915781875,0.4996896217622628,0.5014586756872039,0.24566061247243018,49,0.0,0.06657741115096073,10.22452813895676,-2.524108186227567,1486.04316533693,321.68745915781875,2333.222668366022,0.0,0.0,352.52394862947096,-0.5279342282368259,137.11924721669578,180.1048245567231,157.78204734374822,194.60758946765316,177.74057631868737,164.38365387274416,196.65737614703562,192.5165191512633,181.31108872432966,182.77666991733759,182.33773243684357,167.43959942178893,162.78660693198339,55.659136859187655
34,824.6466825678349,326.9165579497145,0.38554588973599074,0.5263912218854623,0.21409880074943946,49,0.0,0.01703991908116884,1.9619789955886822,-0.7317358840767456,824.6466825678349,326.9165579497145,1739.868778413123,0.0,1463.8189200073848,352.7995268614028,-0.5257474398140384,109.92293152008031,121.5320868348492,106.72297707451764,115.0920779600155,155.58107713002366,99.62811235254809,158.7763301773789,146.7830723391694,139.8344292281966,147.4458647929145,129.2306402060402,125.62216247610637,138.85750021887773,44.839516102404744
35,1096.4006655078842,325.60635981714796,0.4672306688017959,0.14826657741928284,0.3592212226409845,49,0.0,0.040336551561229186,6.001869878795815,-1.9457164390959878,1096.4006655078842,325.60635981714796,1851.4578486827545,0.0,0.0,352.68629861345454,-0.526298140383612,107.28934291788283,129.60350629613342,150.0936005938404,132.32684993405786,148.20183305880315,121.34371915495254,168.09927195438462,143.59537609166733,156.19384717694555,154.39684634196635,118.59003320838794,146.11361558838524,140.45902543255056,35.150980932796486
36,2152.264050449188,328.8570649410965,0.5469887525613272,0.5000895912202634,0.10541579410686279,49,0.0,0.3524323425397875,47.88742231998861,-4.200553651265219,2152.264050449188,328.8570649410965,10514.37220645164,0.0,4818.542534902828,352.2463580570875,-0.5249431065977167,690.2377523481343,817.5094931033632,787.0964057100546,774.7328270968915,813.4304265635301,726.9094477052249,803.460790647237,854.7048763770008,781.894134140644,834.9624246095516,779.7345469865171,797.6039035274348,846.0498394705255,206.04533816553186
37,2285.3864621811176,339.914566225647,0.32669104098320123,0.4902516508148175,0.23321171087484263,49,0.0,0.06271307057422573,9.5236402531506,-2.4470074549089698,2285.3864621811176,339.914566225647,3635.6916474753,0.0,3262.359993786063,352.19089155296393,-0.5203339771318753,282.88263792059905,242.43297730586315,268.3425954074967,271.9857899567227,297.6816294465151,270.50369230348497,299.83390010434744,277.47743524682477,288.2346649847967,259.4092703574035,233.37290891464454,290.0521109124396,281.5844566547819,71.89757795937959
38,1709.2831348353175,345.1286064938484,0.47590888660245867,0.49687690285047403,-0.27137417266871555,49,0.0,0.015878759522543653,2.0332458804200018,-0.7704747526116106,1709.2831348353175,345.1286064938484,1361.4615751687797,4.0,0.0,352.4309320687938,-0.5181679335112824,100.1094338639866,106.69430831054608,120.6252430642039,108.32338601886788,97.42536676808459,107.71755639031694,106.93702521887494,94.82499344402895,97.18257503125376,84.70731147623985,95.29709355348402,92.08272429560678,117.27869175976758,32.25586597351783
39,1681.7543985137204,347.0576140128647,0.6515032897103527,0.5472544503722397,0.1543136873018525,49,0.0,0.11013465538784026,14.192777500315541,-2.880168486004868,1681.7543985137204,347.0576140128647,3110.9085749287296,19.87106743908479,0.0,352.4424023611457,-0.5173643190746011,229.602347544983,262.513540345524,208.66807226858043,242.09683226282598,226.12148827151367,222.78311500538086,227.43023464366314,231.96859933140624,271.996343530691,253.06782776236076,213.61644265782016,257.49638215755607,231.60490490266469,31.94244424375992
40,2283.597951630504,356.5048089975926,0.3764296422427448,0.12225341455823076,0.13250894521453263,49,0.0,0.013946544089084443,1.5684378932394243,-0.4886683156216606,2283.597951630504,356.5048089975926,1511.0690832958314,0.0,1349.828348335153,352.1916367437457,-0.513422068170263,102.2584754537917,104.56371072883174,105.19028577534081,116.77960002349207,104.37497555505797,122.47794738441728,109.67551863979813,122.93885075641322,124.04068585360278,116.4311445656409,106.78811764937663,113.01472666807967,126.43602175656167,36.099022485426815
41,905.7349180727765,357.8630987312003,0.6789495781360004,0.3776145746335391,0.3476060290882455,49,0.0,0.029547485630420103,3.40078126570475,-1.328946748787736,905.7349180727765,357.8630987312003,1477.7554465329636,4.288454054181895,373.00212180089636,352.765741095787,-0.5128559493714027,104.97995150536514,97.71507596874307,117.2989559937038,105.77861040084865,114.13531395861064,92.46061874792811,109.85615623663608,117.34009528494181,115.26292407158331,105.73359548827648,106.65858910577751,118.4182445394423,138.32632449715595,33.79099073395042
42,1542.6088184441874,359.4848185739592,0.30238253452316566,0.8923231675962489,0.3669444525571884,49,0.0,0.010176758704312868,1.6330206878168319,-0.5324792165075951,1542.6088184441874,359.4848185739592,1134.5862662326979,0.0,0.0,352.5003796361135,-0.512186788049876,92.30168078946792,88.18344138900497,86.80593805096204,71.90633747100881,73.05950634778317,79.93632911686704,84.28069280088589,83.03194839475583,87.36357868176847,98.95131296164662,81.95391296602297,87.37765074048787,95.5543078102343,23.879628711801992
43,1608.1939483737967,360.4671744980533,0.8052717345872092,0.3233030810343649,0.20590100441941983,49,0.0,0.025901543277751363,2.78081382361739,-1.1104297842044346,1608.1939483737967,360.4671744980533,1298.5292593068125,0.0,0.0,352.4730525210132,-0.5117775509767211,92.64895276975258,93.01608549960974,98.53761657063441,118.24833423827364,91.93193842507257,86.98589049605589,88.3924703215302,104.77579990835369,101.09013337034797,102.2512925771996,104.18412699912933,103.8823341916896,91.24019389265311,21.344090046510082
44,1668.4124176029136,360.4587335480594,0.8067401315075494,0.6694974371344411,0.3021484707716969,49,0.0,0.03251883544906108,3.5244126421057014,-1.367716875980383,1668.4124176029136,360.4587335480594,1358.5481782494887,10.692379056316451,0.0,352.44796151367996,-0.5117810061433118,95.2152290462129,110.03646467957225,88.78802832448989,116.34942874173424,124.0030667538148,98.1296564211037,104.52515971072424,94.85513770132044,111.95132484046205,86.05594174390305,92.36802198600458,105.27436402625116,110.56576435290837,20.43058992098711
45,2235.1497410995876,362.44110438533227,0.3777459425700822,0.4579530391077772,0.16640768229541927,49,0.0,0.04535126333147754,6.958212792068274,-2.1062442648978346,2235.1497410995876,362.44110438533227,2447.014452366241,0.0,1388.0864611127417,352.21182301800326,-0.5109497062131182,163.23586591628847,217.33203250463305,177.23419199870148,169.95022635183426,165.47393776578213,165.4205765966605,204.380996307705,195.10753465573865,190.79279303942707,188.83414184864063,173.85509428407053,189.3016496424919,197.30950644066888,48.78590501359889
46,676.4762351497519,362.6531438793941,0.8550066341950835,-0.8436845237512849,-0.797726556596133,49,0.0,0.009334258342807853,1.0213861934028474,-0.022974957448980825,676.4762351497519,362.6531438793941,760.129282674233,4.346105515334787,531.7912458437002,352.86126214330517,-0.5108552722522589,78.98267210332797,71.82986211227703,69.36783788926448,46.79027266924979,104.83316636014627,41.19082429896166,84.02160769733295,43.72795819964058,52.441239477189285,45.09178010941109,45.98296993391277,43.41488127343851,32.45421055008062,0.0
47,1923.835832415544,364.8559650649244,0.680491652675772,0.15785347135570735,0.012069231577695525,49,0.0,0.013148178261377949,1.1733544222140413,-0.17357303617645775,1923.835832415544,364.8559650649244,1287.6859019272727,0.0,0.0,352.3415354179653,-0.5099476275611171,93.74463376497813,85.63963450603129,97.1416910643701,110.27971256226118,106.41429678381812,84.85532322160553,109.77476565370822,109.19764366796377,81.64639752778007,105.25149588326886,114.62184470346237,87.08512610808157,76.6576140038477,25.375722476095845
48,2263.1914788433182,374.90887254704177,0.4043209036073774,0.5873969004826869,0.4259262948591648,49,0.0,0.027731472920376678,3.49319951565518,-1.358058478174825,2263.1914788433182,374.90887254704177,2241.9412876742126,0.0,1237.761585328596,352.20013922744204,-0.5057547884893506,159.61846532293418,150.62202112377287,137.77560499587028,168.18466781476653,196.18467702863387,146.03103871165257,186.9893546437709,176.11357656702484,182.58521485263995,172.39018189370086,153.38177774048455,171.98755043010712,198.19015637621575,41.88700017263801
49,1228.524588223484,379.1041768884571,0.5298164109566524,0.7997741909106523,0.7473091629121175,49,0.0,0.013892433349252319,1.340919425993077,-0.3185067061914386,1228.524588223484,379.1041768884571,1348.3777445457247,0.0,0.0,352.631247590343,-0.5040109121674206,95.49267869789549,109.85725219081274,87.04594575065315,110.10734878540737,90.93720254217754,89.17125849293515,105.00605968754499,146.14566672594313,91.88000161664627,112.45684515202046,89.60580975651226,103.34165402051929,97.15707784905969,20.172943277597202
50,1639.383345016539,381.60736341385734,0.6681861219279595,0.23200738746568272,0.08460339150159561,49,0.0,0.08933354299600521,11.845447321136371,-2.683878664215768,1639.383345016539,381.60736341385734,2448.05126501868,1.0,0.0,352.46005694924673,-0.5029698237261065,175.6760433007933,176.39386388033728,180.47487351668894,184.38696005990755,201.97216568793215,152.3281132341964,189.4883746234498,173.3933765250457,186.50344727223282,208.4064256330015,199.27891410717643,180.60784517211295,188.354110506543,50.78675149926185
51,980.2617429868241,382.4424257103835,0.549718241170697,0.43842642408639715,0.3991475028724178,49,0.0,6.088713843712176,845.9950295665482,-7.3184195286431795,980.2617429868241,382.4424257103835,167651.2777282897,0.0,0.0,352.7346889905363,-0.502616816051626,11713.134080554075,12517.826302807116,11940.728078902132,12857.851900446467,13044.243451531423,11622.869471591464,13348.716186960199,13048.406969543192,12921.810848618321,13018.075914638903,12206.543054439826,12995.793696085273,13122.615005063446,3292.6627671078472
52,1855.9009152125602,382.90725954032905,0.8500630092857977,0.20281149775039164,0.25025498137737134,49,0.0,0.015667106271850303,1.3158341048798095,-0.2980028465291824,1855.9009152125602,382.90725954032905,1181.9293290220485,0.0,0.0,352.36984148475216,-0.502427396397328,85.33012999368576,107.55427117560374,79.02893801130372,106.01578692587123,93.68408939825242,69.68143778755768,98.83621644997848,79.0317436419075,93.77121062392064,94.77785735265115,68.96674004681327,91.27943318977862,86.24780749477617,27.72366692994797
53,2253.4482673320344,388.85630404628927,0.5544137794859165,0.34562064768902084,0.08331992457752865,49,0.0,0.5126395049267418,68.40603066727138,-4.587735976890409,2253.4482673320344,388.85630404628927,15294.696590066977,0.0,5892.031456758676,352.2041988005741,-0.49994405198528524,1089.4171226119502,1129.0317641753222,1087.4155175369872,1134.2707022358932,1185.8522604532316,1069.575217999426,1170.365538398053,1185.4495836259612,1228.341878322181,1172.4221086662035,1201.3247355907558,1161.4002294638703,1193.7423940016959,286.08753698544785
54,1433.4314305575724,393.24938607097874,0.514277022133716,0.45868924363737557,0.1003874307841724,49,0.0,0.13369393289291237,19.694535014049702,-3.2358643290451483,1433.4314305575724,393.24938607097874,4163.658000822331,0.0,0.0,352.5458701481667,-0.4981190109149697,298.9363312743974,311.79259187374964,290.70244704704356,334.2620865117207,302.12260462094446,291.2477913178868,315.4019838214646,305.26951905991996,335.0660362187893,316.47848190918404,334.1110871294062,350.4168262043228,311.3665741663199,66.4836396671814
55,2174.3551301221414,394.1925786721055,0.35057929527194104,0.2670096493622518,0.13921427086777122,49,0.0,0.016198742250496383,2.4578481470312865,-0.9763876185245951,2174.3551301221414,394.1925786721055,1306.2758541936014,0.0,0.0,352.2371535923017,-0.49772207808116026,104.10231535329568,93.75379094781775,79.25041992037573,103.57457956911404,91.17021074131478,82.33642219600125,97.4643914355755,94.42458041425107,111.63107386572926,110.96272703664232,103.17272612884793,114.08438145457163,100.63372594606088,19.7145091840038
56,1391.5124614348833,395.6969162587729,0.5329686724676888,0.5736277767029292,0.150537175232926,49,0.0,0.0643603071835648,9.721894804278408,-2.4693772937058593,1391.5124614348833,395.6969162587729,2201.7502136544495,0.0,0.0,352.56333633962083,-0.49709907866327435,165.14309748999793,167.91599795153832,164.49265507902712,153.78052434428696,155.09786420515778,148.94513413038536,180.63840020280412,156.46672628844235,174.56235060024147,167.43282288591675,165.60338654840655,183.81552740303894,165.6621928462456,52.19353367896022
57,1236.8555128772841,396.54984285756575,0.3098189734333789,0.45751842038178886,-0.026216126425334045,49,0.0,0.009442941439011058,1.1458049715170548,-0.14777675567973309,1236.8555128772841,396.54984285756575,1170.6553438015658,0.0,0.0,352.62777640083124,-0.49674255704965803,93.57356823601289,86.60840928604084,101.6378345795618,88.13641594730962,73.03250613661264,80.08747336051562,95.21141470735559,85.19380526660349,90.77443923843347,78.01445367089619,75.50818200449268,87.69523547716696,109.72084431806451,25.46076157249962
58,1747.3286296509195,398.2413158564089,0.2975517008542721,0.09292660553150092,-0.05777744036197721,49,0.0,0.01672614138262913,2.1088688064581693,-0.8101239073815387,1747.3286296509195,398.2413158564089,1689.3387304438575,0.0,0.0,352.41507980335666,-0.4960392846785408,109.03641147125492,144.66732143624324,113.82078798370398,118.31109616032793,131.1133175512924,116.93910398000344,141.25748262624919,118.88336655850169,144.982423069454,123.27998711803635,134.41635654975502,127.19235456719962,134.3147828331746,31.123938538660905
59,1790.3584807971108,403.16823397148914,0.4137181884804377,-0.3169327721393131,0.08657000201225834,49,0.0,0.01246163746811241,1.9632858470817756,-0.7324588396425944,1790.3584807971108,403.16823397148914,1109.4881375830269,0.0,0.0,352.3971507387977,-0.4939863703411543,88.46829461136942,76.38629478071968,83.20559561755606,80.958014841396,75.67940606136439,78.07535320556815,87.79040979348954,78.03871138122224,86.03914440874343,95.38574324040769,84.53117993865771,73.89890992877886,96.05508442555308,24.975995348200577
60,2435.394229397656,403.8901061724252,0.68331785514152,0.12366478367392487,0.0727718351108727,49,0.0,0.014571314913292333,1.4152302416870615,-0.37706775081671423,2435.394229397656,403.8901061724252,1272.140646250743,15.166843458547625,945.8467583381616,352.12839026630695,-0.4936769851120113,61.99097913030194,128.6539832093459,96.82109507898488,119.2456320670799,102.25120846804236,97.97241688793997,105.2365228585153,81.55167727406996,79.77906849167246,80.29992300258313,69.62993985262494,113.68733526434781,100.97252585944501,34.04833880578967
61,2289.934254436576,411.7359211224461,0.5492080529949945,0.5040073947844169,0.12227085475311307,49,0.0,0.04309826941966416,5.233394316062863,-1.7969586459637144,2289.934254436576,411.7359211224461,2050.8277233082813,0.0,815.6400724074314,352.18899667551585,-0.49041107676908596,115.19531822037996,155.91138572374012,125.65217951776975,130.08441259247883,152.77785001059937,134.3046222352265,155.7070232906182,159.53310301649432,152.2435903276524,174.14259027667566,172.53443839207577,177.9088371654683,192.17883466782575,52.653537871276214
62,991.9307451026433,412.4606203680484,0.6532539892616214,0.5347236758477552,0.4865552234617748,49,0.0,0.01124757596046182,1.0659569020115092,-0.06934911492301116,991.9307451026433,412.4606203680484,1315.0937724604069,0.0,0.0,352.7298270117672,-0.4901105052888827,95.65540570337116,98.14498250970284,92.50036159097772,122.85057937491447,114.96603076270054,80.10103527840306,92.56397377791131,94.76487726956555,94.69469270773972,101.0386205938184,100.73942910226492,103.51631046914387,95.06959243076894,28.48788088912419
63,1085.3245064112784,414.02910107244713,0.5513507235156806,0.41269319126210435,0.2615844687350429,49,0.0,0.04147133316078721,5.702615055320783,-1.8901851407844086,1085.3245064112784,414.02910107244713,1827.1182574039008,0.0,0.0,352.6909136244948,-0.4894583850067515,124.228640000072,146.64124387247858,142.32603165568315,134.89777083168855,148.85641733747735,128.26591788635085,155.6938530248393,128.4081643814824,120.75633351120695,127.53937801533027,128.58518962973824,163.51192082161606,138.23790812185536,39.169488314081455
64,2440.708587028748,415.91057865985096,0.8127286156074022,0.9621120343016956,0.23016453757942137,49,0.0,0.010243860150850046,1.0174437786613661,-0.018776051397391417,2440.708587028748,415.91057865985096,1022.6005671996636,8.293759252509451,772.5037816002764,352.1261760317969,-0.4886688076258508,68.61712995559776,84.76390075192455,82.24604583912267,79.29441885449262,71.12950319559718,63.67517220006653,96.399855208098,84.54231241925109,91.80021370638174,100.51855962182225,76.70130367543547,57.28187365703413,51.25221541663463,14.378062698204928
65,1404.1441093718595,419.15970187765606,0.5375019128464411,-0.09178013612840424,0.10791416692069482,49,0.0,0.011119888345719253,1.2273427930759253,-0.2224146919631248,1404.1441093718595,419.15970187765606,1124.3203302163995,0.0,0.0,352.5580731695239,-0.4873237311452715,69.23129947887003,99.64969495465003,71.93606097466387,92.90599008754324,82.24253928115958,84.51628063424602,72.41080900210804,91.12197173552258,88.37874983581638,82.4628183080826,68.00974720506025,104.9013351574028,94.63848168388157,21.914551877392462
66,1913.9497227581837,420.8313578894931,0.37309359909495426,0.058899802944334494,0.22980234149819864,49,0.0,0.01163804496516996,1.6500123109657736,-0.5437179613901543,1913.9497227581837,420.8313578894931,1310.5119791937254,0.0,0.0,352.3456546005577,-0.48662649175382244,82.81697312018085,89.8389228983701,88.3177793061901,119.85351372727877,72.1004214849606,97.18768440830945,101.35508361563103,101.22162374470932,112.47713446337272,109.89939211899781,100.61413437059713,105.43799204875822,112.08803002836058,17.30329385800886
67,1515.5004691112827,422.7141201667632,0.5669350721220626,0.49687959692545325,0.11689789154377703,49,0.0,0.36207855003204287,52.935491821542215,-4.309367381117742,1515.5004691112827,422.7141201667632,8377.104272170503,0.0,0.0,352.51167477131594,-0.4858432364848126,573.7544635891436,601.670258941956,623.8480407901252,659.4694634475497,664.9025931764743,573.1566876149195,638.996624661355,625.8871578561321,665.2561808428354,653.1940423261103,621.4815497148954,661.4756564872406,640.8639177052532,173.1476350165119
68,1112.7288850645257,426.04111348726826,0.7205746334370435,0.20777268877853533,0.1443166193765634,49,0.0,0.03009204956917721,3.1913683984968104,-1.2599423506588447,1112.7288850645257,426.04111348726826,1532.1645336543993,0.0,0.0,352.679495295162,-0.48445413583810676,109.37838062918836,119.86620669408148,106.0289068291259,110.54706093782389,111.99938986003669,110.63837195693482,101.97664088957362,123.45975207353501,101.8556498273165,135.4076779462472,120.93672922597466,120.38193476196868,128.02010072826488,31.667731294327577
69,1760.1478769041923,427.08900264221444,0.5822087602470892,0.22571746169046708,0.09990445761187122,49,0.0,0.09096077355817826,13.167042660570177,-2.7987206066491543,1760.1478769041923,427.08900264221444,2657.757226179937,0.0,0.0,352.40973845974594,-0.4840202686313868,177.50534855742643,194.65760543458143,200.4453201955713,199.89583374935208,209.12583436953506,176.7375267239566,174.31400706485158,199.47868728119798,211.9683378263113,214.29316524077677,206.59025801586824,221.09201562900344,208.3985569137934,63.254729177711184
70,2040.6387446292017,427.25266069295714,0.5434361307962405,0.16966120727431144,0.12030732840961782,49,0.0,0.06720881860979698,9.54557064639415,-2.4495047404602004,2040.6387446292017,427.25266069295714,2385.5022167322945,0.0,0.0,352.2928679458985,-0.48394993002856534,159.65857831586277,167.98155822504194,181.46933872414235,214.41686775046566,169.44746038281238,156.57046635254778,183.60429429015903,167.52345033862258,204.77689635399793,161.621883874118,178.02734509419963,220.4976826749898,174.911015034572,44.995379320762694
71,1830.7064325379754,428.1230372612047,0.5919825826269066,0.09332788543889264,0.30298326947091897,49,0.0,0.009972158124520195,1.016204044997784,-0.017452298214674183,1830.7064325379754,428.1230372612047,1075.0164367403904,0.0,0.0,352.3803391425239,-0.48358910077738615,83.81400335811824,71.75131332758731,72.09978967466505,83.0995269820323,76.90128955290074,84.73469810676076,82.73054436600405,81.95231315608811,91.95422471586778,79.14579381985322,80.39069386898072,78.41381437531322,81.23997987582078,26.788451560397984
72,2535.1865870770685,433.01604154919596,0.9309672813365447,-0.11588520307219004,-0.49721283944958183,49,0.0,0.011910934578736238,1.3876996776929271,-0.35573871855138983,2535.1865870770685,433.01604154919596,283.0744888377645,0.0,49.17840714397193,352.0868118641755,-0.481540050707885,0.0,0.0,0.0,8.49152918616515,36.059674380335515,24.606653813845636,10.111649226328893,44.92386082160658,61.05666087929926,7.709689492738411,35.39216576172758,17.471013788803212,19.86818643175983,17.383405055154377
73,795.8068099342277,434.51637525794297,0.32952813286569727,-0.0629028986665103,0.38243270649884786,49,0.0,0.007782791479095259,1.0709493485257768,-0.07442232746258436,795.8068099342277,434.51637525794297,1187.481365399209,0.0,86.30450791352806,352.81154309101385,-0.48091784617557887,83.1844409560409,84.89468080143811,74.99688737839341,90.39955097154458,93.90538532870949,85.88771336548405,88.45952311488082,101.01239715741937,101.06239806961541,89.93494139523968,96.87351342947778,100.46640867782982,74.01037840225209,22.393146350883487
74,1780.8328037654496,433.9479909142654,0.8933431952699427,0.256180969892145,-0.18588760992611025,49,0.0,0.01240954761012976,1.155588632931568,-0.15700815302520782,1780.8328037654496,433.9479909142654,1125.7256491559847,0.0,0.0,352.40111975933195,-0.4811624761817984,86.9998132627669,93.63332138001161,75.18802236886333,69.23196856096061,82.24291066178864,89.37925202839759,81.54301126367831,86.13666556974397,72.34294886933488,88.65669787812236,69.67326973140109,119.55808172781981,87.54116387363645,23.598521979459022
75,969.7753081786761,436.9902464224607,0.45140504469881954,0.6830869447535192,0.37899628252691137,49,0.0,0.01977298482116194,2.948045107891734,-1.17383531089036,969.7753081786761,436.9902464224607,1466.0052610037314,0.0,0.0,352.73905825357946,-0.47989032665486747,113.81352391723183,128.06721863070018,100.97609618918526,125.28167791506927,107.54722756479728,105.01580906160346,106.43598197593732,128.14343912289647,97.45180126592484,99.82310423935397,118.01027735534774,94.5808379929895,96.43827562978313,44.41999014291119
76,1335.6738669934034,440.02838649802953,0.9016085950836202,0.9569933879692242,-0.07128587660838948,49,0.0,0.012844995986848436,1.0216628644918642,-0.023269019717168507,1335.6738669934034,440.02838649802953,1151.1150035675016,0.0,0.0,352.58660233698794,-0.47862868555883953,90.52898379858672,95.78019194277056,83.36187689213642,89.6255443717989,88.49674987741969,67.11470542910558,104.49046522486674,90.1221728906204,101.77745913950615,85.79044281326046,75.46343037882298,84.98207790496457,79.12803289374057,14.452870009901849
77,973.8749448176275,445.44349592270476,0.2131199135419724,0.18425358917492704,0.09174840149459895,49,0.0,0.008659714070735468,1.5014646035726393,-0.44128774584252745,973.8749448176275,445.44349592270476,1260.4737424270163,0.0,0.0,352.7373501099465,-0.47636849165047124,72.91231448075479,119.77519051289968,86.55072598457323,106.72823354560569,88.29400986158855,91.90625964957783,100.75144734162652,106.29246537558838,84.543261277973,94.97167585671623,95.75433125501327,86.50570157496038,94.82079693877535,30.667328771363486
78,1396.5042270332317,447.6403983848339,0.7247046175439156,0.03196149648835924,-0.044545762403908104,49,0.0,0.01623733372852013,1.6686889104870617,-0.5559384494697491,1396.5042270332317,447.6403983848339,1137.6177169588555,0.0,0.0,352.56125644626536,-0.47545760273741716,96.48190077217593,89.75528224151905,79.56955000879846,97.52253674835862,75.02976617325612,91.26320760799399,98.42546190112415,90.98433708206397,74.50444989430986,84.98878132025303,79.21732900211279,75.84242599697757,88.76251644411383,15.270171765798157
79,700.3897084436481,448.9814503238544,0.7570313012206817,0.17704696716144586,-0.46645734856130266,49,0.0,0.01114499165790121,1.1196736249015176,-0.12272862015602337,700.3897084436481,448.9814503238544,1044.2569586912766,0.0,632.415939946127,352.85129866215647,-0.47488922020750995,84.07664449233187,72.97213692586423,66.15349665884602,82.3998267466554,82.01193516664932,65.84429968234272,63.7611443628726,66.8128104809206,82.13775099852356,81.80790349138913,92.29139871935664,89.69043433019777,90.32762997601807,23.969546659308644
80,2247.520170220139,448.7841633981305,0.2779626415109893,0.6670072038057632,-0.2896704825265697,49,0.0,0.00885007309760514,1.2928149078283038,-0.27884087859143886,2247.520170220139,448.7841633981305,1215.845090995931,0.0,0.0,352.206668773978,-0.47497633301216363,95.42055467542167,102.50972463130702,84.61755703779887,84.2739139196839,96.56282751475115,96.03051892143449,92.69933135382719,78.2405733078725,87.96499642816728,100.32925372639441,80.94181072780414,104.17569907245448,85.6717270435067,26.406602635507433
81,1742.7597328085233,452.4194630327567,0.36380514900179245,0.11710649647233158,-0.12175114090536607,49,0.0,0.010793367146031303,1.5029868355515639,-0.44238794169955364,1742.7597328085233,452.4194630327567,1139.8899641655712,0.0,0.0,352.41698350486473,-0.4734667349787067,68.46417055359139,84.16278630405272,93.5789685103316,93.31976960246507,105.14067948232992,72.1428185455267,85.22236901070258,83.15462227452366,85.30444770060322,103.43020993032117,79.53622852981434,74.2454954301466,94.9328984550443,17.254499836117827
82,2214.076422469842,452.95448989893583,0.569720458808362,0.41478023672679243,0.06262925038931196,49,0.0,0.2876769291930916,40.67140973198756,-4.023223064906999,2214.076422469842,452.95448989893583,7379.6388808678785,0.0,0.0,352.2206033654716,-0.4732393651722111,498.6112132304132,519.0912976485567,520.7825895288547,513.7800005845221,580.1728792174832,541.8521814029975,548.3266310357504,611.3783058297411,573.9130569944173,589.6931484545767,562.536480383416,578.3032408607476,588.0601484096844,153.13770728671776
83,1417.717121881605,454.6525348432955,0.41242834806420753,0.39775648032450134,0.17035454682563841,49,0.0,0.019673386340944402,3.3848829911066756,-1.3238591513896836,1417.717121881605,454.6525348432955,1250.4301772233757,0.0,0.0,352.5524177641998,-0.47253618904343514,100.12596043429566,106.84614678216232,90.94304170515443,102.11218965199811,90.80727269780519,91.96529191228754,79.73422520944848,97.94949524231271,92.62959806785003,92.02374892459483,96.20744079119744,93.67630777519457,92.00938683351706,23.40007119555736
84,2232.5492335489325,456.32687585232156,0.4452971522611729,0.24435200170531135,0.007302123452860597,49,0.0,0.028940699135295175,4.04847274024851,-1.5182280484219315,2232.5492335489325,456.32687585232156,1788.9746216130407,0.0,0.0,352.2129065236602,-0.47183402884099984,135.03602616675317,142.3622165251644,105.34619738989238,138.75272253278186,130.72505212751287,136.02980881710448,138.7483165723625,147.3394615679607,132.18742055694779,148.7430898653457,132.91630934853524,136.91486255082845,127.26091336106273,36.612224230788385
85,1229.5248560615985,458.03172832697413,0.8225278355502741,-0.17014856215074034,0.10388099710929559,49,0.0,0.021526024913911968,2.1636990931984457,-0.8379921576643325,1229.5248560615985,458.03172832697413,1205.1302981140707,0.0,0.0,352.6308308230031,-0.4711269922766846,92.95055205241806,97.2227576877672,80.58779461086296,102.0050381724781,86.28110399428198,82.30484187743193,85.04432402879335,96.36720653182516,89.00300548940987,101.63874691559859,91.93897905545907,97.30639950651147,84.65097777845304,17.828570412779886
86,1112.2277934140795,462.2099810026565,0.548727288593697,0.6120493011400041,0.7181591314343597,49,0.0,0.012936034714894542,1.4766323024187562,-0.423180911754738,1112.2277934140795,462.2099810026565,1130.81476028726,0.0,0.0,352.6797040851344,-0.46938492884864746,75.59313984794125,92.58011459399165,76.38006895323929,77.09169972978822,81.3914418811925,94.48533757794873,85.38433318107974,74.58864295998998,81.17134045703,106.82312163691304,78.9893467615394,83.17984893338041,97.78497368283902,25.371350090386606
87,1484.2851062794134,463.4168501299356,0.36992484612033416,-0.08244057058430919,-0.29344590047208813,49,0.0,0.013664387350505946,2.0514886336371165,-0.7801727877048614,1484.2851062794134,463.4168501299356,1225.621871357561,0.0,0.0,352.5246811572428,-0.46888489261151367,86.77523138553106,81.85460299283402,101.3822877406104,108.26563905311589,103.85410997061156,81.13334300691876,98.57241117208689,87.13216917713189,77.12552009041528,92.1643609791816,90.62140253510417,92.47576815669902,100.54678332518728,23.71824177213327
88,1029.3539641995123,463.6138324347018,0.5898057338685501,0.32540392236929677,0.3220616037557362,49,0.0,0.7886028844446864,109.07756568332165,-5.094338592744535,1029.3539641995123,463.6138324347018,19028.586707011476,0.0,0.0,352.7142343098093,-0.4687989461706157,1349.6182251477771,1395.712376221561,1363.2248762415315,1438.0975785305677,1552.5576159008674,1337.6795098372804,1421.3633487776938,1488.7238297795539,1479.9801085504132,1500.071226778066,1386.5361102684092,1471.487788253468,1461.7199956543757,381.8141170699182
89,2580.410786358343,467.02476676784045,0.8063753080217475,-0.09399712907188829,0.019502138448752124,49,0.0,0.007755827889146616,1.0735353743519207,-0.07704089890487459,2580.410786358343,467.02476676784045,127.63686448564869,0.0,16.465253150883385,352.06796936614234,-0.4673699977414118,0.0,0.0,0.0,0.0,38.03159283559499,1.8354699812216642,15.86083072816987,5.910660474195245,12.426236269320714,10.660283900206423,0.0,26.68343012829686,16.228360168642908,0.0
90,2351.3867338346317,468.09979927471267,0.5017231897223041,0.43942169752855975,0.14776943719415997,49,0.0,0.09341214178897879,12.483020244581574,-2.7407991870968207,2351.3867338346317,468.09979927471267,3661.4522692353585,0.0,718.3868106583379,352.16339218631805,-0.46692700302296014,239.46536626015325,317.62546683335154,282.50308416535415,302.0978464442659,296.50154639573486,234.9359673550129,271.2006549251349,284.8044142355982,247.15386709607463,297.8077827065345,282.82120672311135,285.77022917345175,253.19983290014775,65.56500402143264
91,685.5464541534002,469.8571858289919,0.5253840124028049,0.2235445624230922,0.5275926640683692,49,0.0,0.05073006995046232,4.025996593336991,-1.5121835076684917,685.5464541534002,469.8571858289919,5063.195596628156,0.0,2517.1248449794966,352.8574830826065,-0.4661914502310966,337.9602510743985,424.3607974644366,395.4866076430063,387.29263694800466,369.708905181843,363.04180560784357,398.3912704697618,406.37988190093495,363.09234629206776,434.22007708406676,336.52979876450786,375.96726699668534,376.011117379961,94.7528338206378
92,940.6848797983498,470.1899330395559,0.7777947056682603,0.8795288964474516,0.4240369909937915,49,0.0,0.01469752799335574,1.3495938228670223,-0.3255077045156063,940.6848797983498,470.1899330395559,1223.7478196664156,0.0,0.0,352.75117899541914,-0.46605776905552554,96.73368600322601,109.1852612437261,100.49060731515279,90.5308726435964,96.49253331737265,73.67496858491872,86.59556999771925,84.6423647784641,74.31894478124752,77.93134750766066,104.81567732503578,95.24600322281012,103.163802344044,29.92618060144146
93,1552.3147001441234,472.6511204107774,0.8632588570241067,0.3588943836589085,0.22847241758121808,49,0.0,0.012771205167337403,1.1618233320733755,-0.16285023463906595,1552.3147001441234,472.6511204107774,1033.0527300968008,0.0,0.0,352.4963355238511,-0.46503767983357064,73.0833542627629,87.70216983661449,57.09710861282784,78.98278586440443,82.56591032188803,81.42595868816343,79.08334829123729,75.54449436867823,71.31341647045363,63.786311101421674,86.51005590380964,92.76225890964554,79.04654462460798,24.149012840285693
94,2289.7344611686954,482.5962637734402,0.5357271445033513,-0.18318564602402124,-0.10192214916584111,49,0.0,0.009682973680828842,1.1867683012424468,-0.18591484432404964,2289.7344611686954,482.5962637734402,1045.6919215037087,0.0,0.0,352.189079907931,-0.4608883858566643,59.255419227053096,78.9426745221778,84.29807614042667,94.75527576024447,60.213886083983226,72.39538544392596,66.02666514086819,99.69277899905647,69.25366984971441,81.76038508687563,95.64956474950378,86.23542212725411,77.23135836935141,19.981360003273366
95,1404.2693006833483,485.2320853288489,0.5817758207208468,0.40598655399597133,0.1723573319381665,49,0.0,1.2082298072528084,179.91502863512736,-5.637668605705439,1404.2693006833483,485.2320853288489,23666.76012981761,0.0,0.0,352.55802100997386,-0.4597955202231559,1749.0297286782998,1786.894398151949,1632.858848205844,1743.4828846898413,1845.4671679350179,1600.1986168852054,1795.6979493281824,1838.2331117119334,1878.9603642720435,1841.6179873372498,1744.2999030425485,1830.7804330199046,1926.2385782037873,453.0001583557985
96,907.1145029873752,487.48512937287325,0.504724141752224,0.5949297436427746,0.29525829629071976,49,0.0,0.02418407680305872,2.250708263949652,-0.8807980138586436,907.1145029873752,487.48512937287325,1959.093276909543,0.0,0.0,352.7651663070615,-0.4588514485067519,135.8214048955499,140.26806430006266,133.18654247553735,180.41826254330257,169.6231921206813,122.51084229332957,151.64003547867588,146.89992492485777,153.6283226414742,158.37578514337048,130.35882982623042,126.74796211228954,162.44341923280848,47.17068892137301
97,1214.8147487335116,494.8895703864005,0.6232921649354247,0.20839859110364228,0.13894596371683962,49,0.0,0.07563106719216184,10.509297438685424,-2.5539342095043134,1214.8147487335116,494.8895703864005,2219.2983270672935,0.0,0.0,352.6369599873412,-0.4557705060060583,150.73922371102486,144.94610549653808,147.05145171068662,178.53195025655197,158.1204975285454,173.38025871014997,195.01203614393208,168.24226777882896,179.64559204329692,189.35283734249322,163.47773532150117,173.8234821093527,159.09758299640487,37.87730591798671
98,1163.1853591530341,498.253162484706,0.872331767272303,0.8583075020085831,0.9090888174738742,49,0.0,0.020566534127496053,1.6209240983555686,-0.5244066974588679,1163.1853591530341,498.253162484706,1552.8303919727457,0.0,0.0,352.65847202580466,-0.45436859464165724,120.28298291080421,127.81912091753914,103.11801782613838,118.96772730397792,130.06240151203576,100.06979645806545,127.95058542266753,115.00503973103008,111.1256952879861,119.15850614235143,102.30182720833683,126.35666913570813,117.00230434314489,33.60971777295978
99,2085.917456090395,498.9149527741004,0.5884269243269233,0.663053233736847,0.1452669178845981,49,0.0,0.017000503022775254,1.7169456318063654,-0.5868913579076434,2085.917456090395,498.9149527741004,1372.91080148233,0.0,0.0,352.2740020346413,-0.4540923348587915,83.5582191814726,108.89923313005414,109.60480730225356,101.65899932301485,106.20708249820909,115.69018937075447,98.63392383045888,95.84418923134336,106.19544796529583,101.6833341265652,103.36380429881068,88.68874273645235,117.50934250817785,35.37348597946702
100,2262.7922311350862,499.0864474148058,0.44050158216067953,0.21855804799210987,-0.07081018798452555,49,0.0,0.02388583787571728,3.4174823142285784,-1.3342656893338773,2262.7922311350862,499.0864474148058,1576.732450676762,0.0,0.0,352.2003055554042,-0.4540184468286079,95.92213939662903,107.48201712589818,110.84230294985916,121.7425921404441,123.13731747200138,106.52028446847112,119.71994682481366,146.53864756956216,119.2867418075468,117.8811187121546,138.3095211863511,138.3777593054151,110.0664148096425,20.905646907973058
101,1231.7203395236916,505.6723273004702,0.39228236130729016,0.07096657080928247,0.0910049799116087,49,0.0,0.025729019444077593,2.488449619188121,-0.9898221312553768,1231.7203395236916,505.6723273004702,2395.23356996475,0.0,0.0,352.6299160500333,-0.451278148083841,188.4100651625701,181.68894603050506,163.85391732435104,190.0822433465363,175.15073611162524,155.06553996771618,182.77663519710114,188.20799172747152,179.75546203270986,178.04657286486508,184.29127150011252,184.79380014828865,200.17492186412585,42.935466686771356
102,2321.6717822542846,506.5199848494129,0.5481976201091651,0.2380558276199662,0.014218746193546043,49,0.0,0.07186401414881037,9.452778422995515,-2.4388986949303395,2321.6717822542846,506.5199848494129,2830.8308349976533,0.0,0.0,352.17577304556744,-0.45092040164628266,204.51736076896648,215.70833615479233,207.57751195829053,204.21643248144335,243.44998007936272,191.16788105298056,219.4053199957306,221.37577627665485,217.67785506386087,192.8070901918387,208.33060673949637,209.86420678436295,229.83767269897697,64.89480475089599
103,1689.89176497707,518.168171035474,0.822448810636628,-0.013786126915744613,-0.19864069771529203,49,0.0,0.013504846863781223,1.159262727794345,-0.16045468201590946,1689.89176497707,518.168171035474,1081.7286975111433,0.0,0.0,352.4390117917624,-0.446073401337982,78.45847394419533,78.4828363504457,74.26393031872814,73.09500106666462,97.5697667268122,87.64468356258097,94.71016498641137,103.38440247629892,56.71617444489384,81.10295919976062,75.92758775425739,79.35197137494976,80.2704167218615,20.75032858328313
104,1019.0297163717672,520.9607655773648,0.7286039320588997,-0.42657546283398523,0.07866915513681244,49,0.0,0.01703313289805203,1.6903003953304263,-0.5699097326010708,1019.0297163717672,520.9607655773648,1196.558592110105,0.0,0.0,352.7185360097796,-0.4449060089672774,83.6614713757013,104.01565030045656,81.6671972950308,84.3628810248292,95.93477248994,93.74648701274768,91.61382339008001,77.40448513517174,87.98182762157084,90.29146940709148,87.13515459266924,89.55237461509921,94.79145999686568,34.39953785285117
105,605.7620727384289,524.5430367249888,0.5885009287010747,0.717114569000037,0.4264471964772688,49,0.0,0.0682680277705964,9.175262572417346,-2.4065462537327322,605.7620727384289,524.5430367249888,2421.9140648334137,0.0,1517.2274810828283,352.8907249619771,-0.44340586407597893,151.9181956477788,198.88602699390918,182.06287826838596,201.92788818889008,179.02755047528143,151.6459213510867,183.1427870823787,182.2665943546566,199.86055366897116,185.02593250632242,159.38452911716263,205.05533818561742,197.9779927603281,43.731876232644424
106,2334.9186448396017,528.6095457925206,0.5512807045881176,0.7455770596832212,0.3074072360719949,49,0.0,0.009497116239648965,1.050607070684127,-0.05360079829880759,2334.9186448396017,528.6095457925206,1113.1211955985577,0.0,0.0,352.17025367363755,-0.44171689009355275,75.38013460109528,81.73498371718387,83.08733122303013,81.33648722252354,83.69952806573534,78.10591136751418,87.61958848894636,84.10227997641041,84.22807325167982,83.8175603816074,81.71398670261328,91.75432032888573,83.62910628634896,32.91190398498357
107,2182.6672190527015,531.0891507999868,0.7696096618840166,0.19592541148519457,-0.11402423082837747,49,0.0,0.04735891579091537,5.193358145333001,-1.788620683812169,2182.6672190527015,531.0891507999868,1719.331331965103,0.0,0.0,352.2336902650822,-0.44068613438100007,101.9246049282744,122.29173458923431,108.85391527450341,127.765630295029,144.1310453805391,122.27980162662877,148.4489295450441,136.63483017035793,141.89080934885612,132.6168587732715,114.44815809483815,141.71438226997964,139.3911716289667,36.93946003957973
108,977.6569922244495,531.5434766035489,0.31092399787342845,0.3467958479451379,-0.06150771992148804,49,0.0,0.03092660826265524,4.7129494250271975,-1.6832319483543934,977.6569922244495,531.5434766035489,2077.6057617563947,0.0,0.0,352.7357743043745,-0.4404962742218961,137.9406440348407,146.75934621135315,129.48596740425478,157.24996515532652,171.22153691435807,149.11513266137968,180.40644060095588,155.12556147075344,144.18044828058225,168.027428669853,165.9544344452467,171.32506323866232,159.46074186685595,41.3530508019722
109,680.8672508689679,533.3972731614325,0.5217790623832036,-0.01913608084535018,0.3900228885789394,49,0.0,0.00945378241449968,1.0118776021416989,-0.012819957323493593,680.8672508689679,533.3972731614325,1098.7204226583249,0.0,11.035221381004561,352.8594326776338,-0.4397185910109182,64.29447083372584,83.78397545702694,73.4038796427756,79.66029175756196,88.97504765152122,81.2885969339476,94.46183527401979,62.85711300032815,96.85412170720426,89.57226595515178,78.03165020997366,83.92363317077982,96.48256735994264,25.130973704365605
110,2633.2914356490096,533.0579752885573,0.610855312475861,-0.3816688908657614,-0.3079708396271784,49,0.0,0.023520090779608746,3.9111720785195785,-1.4807673097010166,2633.2914356490096,533.0579752885573,675.1161500149879,0.0,103.28278626604103,352.045936940357,-0.4398573840114089,0.0,0.0,49.690761710499515,65.583594968038,198.76087698788126,23.273805966694283,138.73959900578308,65.34364198071336,36.387060721909705,9.267085147818262,35.649419606605704,8.5315651280544,41.00004890780902,2.8886898831812085
111,1113.548696262395,535.3484818266729,0.5334818106762135,0.5027890440798146,0.18361983331533702,49,0.0,0.026482072297156312,3.6201148910788454,-1.3968058847374543,1113.548696262395,535.3484818266729,1418.0353705133093,0.0,0.0,352.67915372546264,-0.43891271730964426,90.60762943102559,110.18929738045023,111.64474495678937,111.01896358551775,102.1443965758092,103.07320149747936,108.98707295116358,98.63340237346713,93.10155072506079,109.06549634777284,121.1773041255222,98.17367669024176,128.36582707841364,31.852806794595963
112,2629.168696355215,540.5886529855982,0.25494822311987175,0.7077026689662075,0.8487925750297701,49,0.0,0.004617066975919634,1.116269867997419,-0.11942300445563273,2629.168696355215,540.5886529855982,858.4388893119831,0.0,265.7265318782524,352.0476546487519,-0.43671997599166634,31.148826476897135,0.0,61.63051554141927,79.12232593067422,128.25953759147984,46.16094753464237,96.8574469324765,48.469205291306395,37.161983421061564,191.0254288625416,33.0646183555704,32.27905371808606,57.67409318961457,15.584906466213116
113,1649.698920675867,541.4682622704889,0.4144339002086232,0.43249972720293217,0.223058904270266,49,0.0,0.11846170511919152,20.72656047469179,-3.2913180947427967,1649.698920675867,541.4682622704889,3995.3955758590546,0.0,0.0,352.45575879436666,-0.43636568487184213,278.8890084765369,308.2381865252902,266.1526195510752,327.56385724980663,342.22412093940954,320.1550702837014,315.47110020358855,316.84353165739685,293.09679989002626,279.93271598712124,255.97295065715707,337.5404759295934,280.6763167415577,72.63882176679422
114,2288.440412614903,541.9495833746582,0.560227559966227,0.2713840100257955,0.05766172541314729,49,0.0,0.2188727859296195,30.51725876519411,-3.7113638005484324,2288.440412614903,541.9495833746582,6082.525773406574,0.0,0.0,352.1896190703799,-0.4361597162814127,438.18625679646715,491.80805334948036,441.7474614361928,499.437665371475,442.5951441119558,425.19276592973955,452.3120675069234,467.2827410202817,459.2275759375264,467.3325677020286,440.60479820180586,468.18641869026976,466.91545989732913,121.69679745509886
115,576.0334768001347,544.6163869272914,0.3492689880300876,0.2696796534720478,0.1945214183917066,49,0.0,0.009446268758746441,1.3484804606035523,-0.32461164483742816,576.0334768001347,544.6163869272914,1142.095405547472,0.0,801.4198482015336,352.90311120630963,-0.4350419990237786,77.18804249762667,86.95427538543444,85.62428558221347,87.23055027030598,83.79070609255767,61.92320080540732,86.97691550667636,83.99103495856556,92.38232892020349,92.52027598695005,96.83998790125682,99.65317827409571,82.52597512075349,24.494648245424983
116,1157.2797112178819,548.1037226391783,0.49639855192391263,0.5946494045984594,-0.02749780711087954,49,0.0,0.012756411052213982,1.7194780487776817,-0.5884915897443456,1157.2797112178819,548.1037226391783,1048.4836745409598,0.0,0.0,352.66093269125815,-0.43359884837604656,67.12566523356622,63.93529931868683,85.51889257451751,77.71894975943539,71.69110474558022,74.0962814698555,75.54736974111623,90.23109168236728,85.42077186342242,93.30198208885065,82.66910070455351,82.99509147171672,81.93629112470612,16.295782762585215
117,2581.429037796423,549.3584526532334,0.4750185323837897,0.1924664216947571,-0.04399441847352161,49,0.0,0.009453521328908957,1.3363465906554761,-0.31479777500442174,2581.429037796423,549.3584526532334,1159.9020774367368,0.0,898.4598375976693,352.0675450956933,-0.43306730882110606,39.03890932082136,102.45807463821448,89.50331371829205,100.24263959119814,92.18012080321897,81.02990201958445,74.90073232582716,77.6873997004856,84.43647718767241,146.26057368567592,56.473825310362976,77.22111769207959,115.71163073506568,22.757360708238096
118,629.2603111736121,553.3156154314154,0.5899059704827496,0.3362522372629793,0.15333756249440614,49,0.0,0.024009674082277246,3.0116750290079164,-1.1970202701473864,629.2603111736121,553.3156154314154,1347.4805519139895,0.0,204.80285067580917,352.8809345433453,-0.4314188446781431,109.33615619792363,118.51884672233285,107.96436714693643,95.57893683011403,94.0634416855373,94.66975379244313,106.73850668782616,105.94347032894903,110.52223755484677,96.94841278671021,87.14050531554645,84.97635247332056,113.81595277679881,21.26361161470423
119,554.2832662158796,556.8110055386826,0.7061518475182185,0.5816965712120935,0.1848866467464438,49,0.0,0.07536532500070692,9.303226770103622,-2.421584017996134,554.2832662158796,556.8110055386826,2377.699654191608,0.0,1881.252174069184,352.91217327770806,-0.4299608330421306,155.7021206799847,197.87638399603628,181.07528101590802,188.78398230379094,170.26982067533334,174.5787578105767,177.81421675145208,176.80439155979607,195.99917925359986,161.43842111793273,165.10126954708903,187.68284682930738,201.74161721772205,42.831365433078616
120,2122.2611846357645,563.5760108713328,0.6737569013574495,0.29191467763787987,0.1483358058191039,49,0.0,0.015228490252377769,1.5543324231436806,-0.4788597660492882,2122.2611846357645,563.5760108713328,1161.8100937254294,0.0,0.0,352.2588590191694,-0.4271516111429762,74.70918607659085,83.75927544263106,89.2402542117706,97.16750334580345,89.46575087695979,63.40721164309993,83.87390483591199,97.64211824015504,99.06458403484203,86.72166803903261,76.74471909832157,94.20481969551754,102.19218968669196,23.616908498101044
121,2052.602461027638,565.8140215538671,0.6536190246237205,0.26531924401298373,0.1030115731652023,49,0.0,0.13298405548064113,17.695871357241792,-3.1196798811700237,2052.602461027638,565.8140215538671,3230.977019806356,0.0,0.0,352.28788310395083,-0.42621993082773174,240.64316759401487,252.95447939507096,221.68806994303472,229.18359068777985,255.63597665711865,231.49443270484846,248.6996473865072,250.36273057864148,249.45861975206032,265.36958893455073,234.6385494050264,221.56619544799184,265.57813262739296,63.7038386923177
122,1889.45642908545,575.1789750802579,0.5517080454451633,0.27445739202692354,0.10128901139403686,49,0.0,0.10106283837797055,15.159629618560395,-2.951721476759148,1889.45642908545,575.1789750802579,2849.0908752210207,0.0,0.0,352.3558600716321,-0.422319456920603,233.7039603405941,241.5005790071827,188.54223918225216,233.73348170928014,228.38979635754612,205.61413044573698,208.61848795443422,210.12392722664111,218.88843093907718,201.4110424987045,180.60710823234388,242.3329843824531,194.33447278044895,61.290234164325426
123,1416.8462015905695,576.337336211842,0.532857913963934,0.3285518485549898,-0.467090950974622,49,0.0,0.015347851846062643,1.8227872890610106,-0.6518399785807373,1416.8462015905695,576.337336211842,1358.5207238134517,0.0,0.0,352.55278065253134,-0.4218373894174415,104.04346448348585,98.19178041272494,99.4238430723103,104.64516613177676,102.09111492242164,109.79646322758612,106.44169358464495,112.54260785717392,111.48541310882021,111.7765109773996,87.96226947550713,75.11455919063576,106.1114834277979,28.894353941166422
124,1478.5578686067586,576.0129537507922,0.7079358674225708,0.2978563213360137,0.02016122611385062,49,0.0,0.16245710992282042,21.196093253237503,-3.3156395538651866,1478.5578686067586,576.0129537507922,3330.831274056247,0.0,0.0,352.52706750635804,-0.42197275157503983,223.5921537972132,249.13497857520844,228.32863171603486,268.9201980123053,267.7125956735267,236.40838543871382,244.91384760770507,263.3591581396814,255.19071338043292,238.8998694196256,245.0697195203891,251.98574808993726,287.66084330565155,69.65443137982203
125,568.793189679861,581.2724677938652,0.5975989317298392,0.5997134540572123,0.3446433588891896,49,0.0,0.11892042095529594,15.874302892219665,-3.0017366566880312,568.793189679861,581.2724677938652,3770.065833176858,0.0,1564.1103149592072,352.90612783179984,-0.41976976012733985,234.86215550689286,308.9914225983604,264.72923746907276,321.5486540095958,268.2438428655221,265.38940469281147,275.27084821806346,321.927026387827,268.2992902332502,282.5700838145344,294.11534594495714,275.04879294875764,302.34631677056365,86.72341171664975
126,1095.1287692892445,583.4420453097038,0.490466819863021,0.525414284430699,0.059555241158776404,49,0.0,0.01026022716947395,1.2432431239581772,-0.23639016486365458,1095.1287692892445,583.4420453097038,1103.8555002032413,0.0,0.0,352.68682859634345,-0.4188748045164279,80.14027125226556,79.0992127577016,71.31093270051792,81.57730396595157,70.52276631782124,77.32654403264641,103.82772031892216,102.25850746512083,73.11135753089464,73.89074309841067,83.8324635092561,93.89603210822347,82.8019787199841,30.259666425525133
127,617.169843659128,585.0526313321237,0.718420935111082,0.8217379355365739,0.19400711149009506,49,0.0,0.014630331238148903,1.59349704106381,-0.5058781534420871,617.169843659128,585.0526313321237,1084.034137934176,0.0,18.004343651337066,352.8859719885138,-0.4181959003717901,82.27577922917897,81.25242225823867,80.12910163277945,98.53675938518089,78.48441470127432,62.46323869400633,75.9296220709574,83.83281739154438,86.54512615320422,83.28144165148544,55.288217887881714,83.77487842571625,105.25059110137884,26.98972735134898
128,1192.846428518756,584.6545943172675,0.4156291321698982,0.10784870307422463,0.3441798320740891,49,0.0,0.015418910257992946,2.0289413304825046,-0.7681737225413586,1192.846428518756,584.6545943172675,1316.4886463565008,0.0,0.0,352.6461133811247,-0.4183705937343788,89.99341306557338,130.57925678043088,96.04402751030565,105.30512706303827,90.28389444905201,92.00574874573326,101.13050098077153,104.20509681766798,114.62786134005339,101.73398099088594,90.20791897633126,94.83157154430357,87.86901534217259,17.671232750180984
129,1292.878029045157,584.9114883402763,0.38648547510613795,0.838346510230785,0.6482566900310544,49,0.0,0.00948515641581682,1.2508363300346172,-0.24300121665354935,1292.878029045157,584.9114883402763,1072.6426800984761,0.0,0.0,352.60443385748096,-0.41826435217392105,78.46664062949438,69.74328951611989,93.57195652514088,71.83971255105256,78.74472109808086,72.0332340006542,86.07816799954047,77.91993481802788,89.50106899519862,85.7621987040417,82.81236265315457,83.42833633043594,91.29812533660802,11.44293094092614
130,704.7934259822814,592.528828580211,0.6562815333581646,0.8209486378425139,0.155959008981352,49,0.0,0.016167910605426744,1.6830548530629976,-0.5652456761462874,704.7934259822814,592.528828580211,1248.7547239349371,0.0,0.0,352.8494638926265,-0.41508287342203154,86.1794354132285,79.44333935287791,88.951609526979,89.15501912696097,75.11639006555265,92.15357491389923,114.15786261886066,106.17664159186052,94.18319519519991,93.66381518029763,97.95633259105531,94.21481378187642,113.03741565854043,24.365278917748128
131,740.9063717724559,601.7145457017325,0.5310180074234787,0.503217355506507,0.2277814336064978,49,0.0,0.02770533165165426,3.787131654771907,-1.4457760076839659,740.9063717724559,601.7145457017325,1499.068783473127,0.0,0.0,352.8344174562911,-0.4112564655203736,95.81319132476037,129.47970140096146,102.12863477269374,126.88237306314002,133.58284115659177,100.13749076727669,95.98194013961617,104.1695665969813,113.051748817394,110.11393497364918,107.53713542590006,122.26781191501368,108.5884485143473,49.33396460480129
132,1912.4514206326883,607.080566251801,0.5014411647592052,0.10905105687667192,0.10678887828212343,49,0.0,0.09721194109608094,15.127455105629263,-2.9494146818319518,1912.4514206326883,607.080566251801,2965.748531927679,0.0,0.0,352.3462788744055,-0.40902772338516075,191.7818272358969,220.21400635860192,230.2687674755802,218.2746423929148,248.01975599058989,206.42660768874808,232.40946693136993,243.739529507766,209.8002680581607,250.80084777640235,211.17988143519472,215.71431707065574,228.64913753440553,58.469476471391985
133,552.2825740408401,608.5937404343754,0.6785754569763082,0.8722845100478483,0.32129266070587603,49,0.0,0.06709546600312301,7.6741109459642525,-2.212570183947432,552.2825740408401,608.5937404343754,2677.549781858883,0.0,849.2824298790979,352.9130068645989,-0.40838645482877495,184.58409340413223,218.15925622063352,203.81672095537724,191.7428815164158,191.4525590362116,180.47195192327814,197.43198384653135,228.74004311627903,210.2654304516912,224.45115840333767,192.50882577344134,208.23028426874475,196.19649825110315,49.49809469170532
134,1931.9503132782029,609.7218779240188,0.7094396245692756,0.4989178278980575,0.21301514768805188,49,0.0,0.019112816169801972,2.113171314098213,-0.8123367664732135,1931.9503132782029,609.7218779240188,1149.0593254034034,0.0,0.0,352.33815438503547,-0.40792710165067936,71.91066147412243,74.89106136584603,85.85936451233373,79.94155762287075,89.46945535986923,95.37578955251473,98.18049564670494,84.42178846265125,92.51370885509914,80.77722899961219,95.83762923291174,78.87937275989435,92.55660852491107,28.444603034061885
135,1645.65078522673,612.2617529115619,0.36695773092888023,0.36977911053961826,0.048165352763944194,49,0.0,0.010268541909828052,1.147580157755887,-0.14945757616645955,1645.65078522673,612.2617529115619,1186.5539467473384,16.508110428000787,0.0,352.4574455153431,-0.40687003823611717,74.56153569667678,81.9753514989028,81.13105399101099,80.23100576870537,90.04610465617336,75.85118461527104,82.71599471325119,107.09881460736288,97.47951407715144,101.88101053642308,94.60756423330304,97.16958793418432,100.56937572248242,21.23584869643966
136,2517.665545608835,614.1343497455935,0.3395797688647367,-0.1852293419601449,-0.2802559124821934,49,0.0,0.03328375162877056,4.659084377755225,-1.6707514393860934,2517.665545608835,614.1343497455935,2181.0493909341612,0.0,336.0798603919112,352.0941119189141,-0.40608081957474373,152.64690005625044,163.62460997222055,137.18144005707924,186.22317130805214,196.64568274812916,155.97768449918757,188.47177751778747,154.38428727031607,163.5046325830495,161.345475945817,162.69025289296678,147.68738164992652,165.54718229306286,45.11891214031635
137,1095.113276402552,614.9991735453699,0.7608935927233276,0.6201577396407532,0.42036111882424404,49,0.0,0.014546255738186067,1.417032084145341,-0.3784492089099919,1095.113276402552,614.9991735453699,1118.206082545622,0.0,0.0,352.686835055745,-0.40572678687641395,83.7248328066773,81.3774076347799,66.21400035033602,102.51552951682275,97.27524195859868,71.45456721397915,78.06521880260121,100.8923602068975,85.53983580278985,69.38326203223326,81.35088294693409,79.96723853109711,96.74643258803651,23.699272153838614
138,419.5847705719508,622.1382849219397,0.5945972986537287,0.579970643398171,0.1429001011814211,49,0.0,0.09945281463305104,13.029522720630228,-2.78732126883001,419.5847705719508,622.1382849219397,3130.4722052222123,168.35807674873712,2884.0797744755055,352.9682939498821,-0.4027401983866941,304.66815728068417,201.96305427176685,221.3660304146797,298.1470386842641,312.2268124943689,208.62308610664886,219.64786567017063,234.48150614518093,252.79129389369194,211.77072124322711,223.9431201545602,209.76152743487387,217.7353636519025,13.346627776192634
139,1967.7124503261682,624.2860326069567,0.5972109383118194,0.35989480426272613,0.19156904261266947,49,0.0,0.013105188925145582,1.3869420293700112,-0.35514577263479424,1967.7124503261682,624.2860326069567,1105.5745684541175,0.0,0.0,352.3232535985714,-0.4018587664121418,82.77522098557299,90.80448946375793,77.55741818268649,83.31639992544592,71.71676730187792,77.3882528892028,87.56031838979519,66.67008791439223,80.6225385618514,103.96260368042468,78.84537593750792,89.13038153813727,88.56131151277907,26.66340217068543
140,993.4706708752909,625.6818947275484,0.6700588133643347,0.34321413654395433,0.2852255588455567,49,0.0,0.011998811922930192,1.2969570373042234,-0.2823139749620545,993.4706708752909,625.6818947275484,1103.1217617756292,0.0,0.0,352.72918542249744,-0.4012747095672599,76.7132052658453,69.4620054497885,95.38233964768573,77.79113289549475,106.53799267193511,71.08494626065169,80.31773737806999,83.86509877300833,103.09436487504826,81.00475872592915,69.66720624519274,74.28616811367527,85.85733809340505,28.05746737989928
141,1453.6268804783617,625.8573241286845,0.3237080775692277,0.3873825747984718,0.2392922807314825,49,0.0,0.01126852555962587,1.3960675049221338,-0.3622660462665317,1453.6268804783617,625.8573241286845,1250.2620703419743,0.0,0.0,352.53745540345227,-0.40120529854057047,88.06574064633062,95.67246177252318,84.06379387443182,82.98253989983192,108.63501239398335,87.31058843914957,89.23911233055341,98.05445044773575,81.39781805356878,82.14212563006885,92.94576173833818,113.65426696014681,109.13318935406265,36.96520880124931
142,2038.830163472077,632.6659826700626,0.4557616360282145,0.16084324455160692,-0.47112675809178867,49,0.0,0.013900711672942382,1.530592483895719,-0.4621489408969037,2038.830163472077,632.6659826700626,1262.7034362825393,0.0,0.0,352.29362148986746,-0.3983667040217483,87.25520392862103,82.8170180373283,88.83721034288178,92.99636785124491,109.73152384435194,87.50366824643453,103.30159387013708,79.87453566630367,104.61025829099572,98.41704443907963,93.2182275622888,89.80539358253539,116.66675181486076,27.668638805475673
143,2346.9614125191033,634.1044952695033,0.5153465698811851,0.00824148889096663,-0.5229982043714678,49,0.0,0.013319903092802624,1.5205457966814775,-0.45499876252647775,2346.9614125191033,634.1044952695033,1250.2796310809836,0.0,0.0,352.1652359822178,-0.3977635168810651,82.6992668882574,94.91246492821244,93.65885604601026,92.06645228549635,114.07874715518871,87.48256910951571,92.11680262372067,94.12476464169555,101.94242857600807,97.23855447950865,82.90828274352106,87.04695134131407,101.78196568192402,28.221524580610705
144,1049.7967204588258,636.3049825425087,0.46479493062724525,0.3074582877920351,-0.22235924071289098,49,0.0,0.011819194089869823,1.573786372123288,-0.49236445076819757,1049.7967204588258,636.3049825425087,1136.626022989775,0.0,0.0,352.70571666701204,-0.39684937037865314,79.75386039691544,89.15494087323458,76.69587875100392,89.20018259561334,94.57850093538201,90.08120252062918,72.4627983523745,99.51040362526999,64.81162758295002,79.07029573704305,84.51786949154672,105.22871278144054,93.90601069344801,17.653738652923728
145,627.7309678230878,638.034872268511,0.34403057220520855,0.8141053423229196,0.7115588009080078,49,0.0,0.010977743314345161,1.4873220500842186,-0.43101254139723605,627.7309678230878,638.034872268511,1250.9084102598986,0.0,0.0,352.88157175879803,-0.3961218894059122,79.91060560243007,95.02511723244248,78.71911545606832,92.40471422720103,100.23354339862203,90.61024862164808,93.41389262986988,96.06916822481209,90.21150731695063,109.8746437761728,104.01455094072216,84.59610943993843,104.65638323318304,31.168810159837534
146,2177.4509011625964,642.9344756025306,0.409324944641703,-0.04869449780694663,-0.5029601640000495,49,0.0,0.012699525836785392,1.8165156503037716,-0.6480978597650539,2177.4509011625964,642.9344756025306,1201.651263951649,0.0,0.0,352.2358636741443,-0.3940869302060106,68.57302727416157,95.48995195035792,68.71179725880546,96.3035879243491,82.7432636042729,91.403434338798,96.37904328938137,97.90898510947503,90.19987617370988,102.99151730423533,76.55496755121374,96.96063363655226,105.2299979007654,32.20118063557133
147,2658.8563990468065,646.8782861135147,0.4861959615279242,-0.5126912368311154,-0.7817191588428029,49,0.0,0.012581392543790376,1.024717161660907,-0.026510024258431953,2658.8563990468065,646.8782861135147,1719.037819971577,0.0,1425.444469965362,352.0352854639932,-0.3924356009058175,79.26993298823956,158.97599181091746,127.49566825734584,129.07803524080126,119.77812843427013,109.68183806331442,148.94046080498487,143.108730956306,173.22233993349332,127.36675555130437,127.32055893920032,106.89501400931843,132.96818000239136,34.936184979689834
148,1754.5383305581406,651.8154997263229,0.4609343103970116,0.04818342606911586,0.1609153994897665,49,0.0,0.011868833615995375,1.681649799988002,-0.5643388999272106,1754.5383305581406,651.8154997263229,1099.0050956058603,0.0,0.0,352.41207575703925,-0.39038990494276865,82.01804971460798,81.94415393711739,88.73715872605784,92.83396344064832,76.03181556105132,82.53987691316124,87.87017437517906,85.98015576891558,91.35856259772615,81.78426923558058,68.6126689918753,98.0277175358442,70.18884033344743,11.077688474647871
149,412.81263104444406,653.9303718223656,0.4623375438111136,0.3590403657559282,0.03908536369248197,49,0.0,0.008377944822008446,1.0256534892398963,-0.027501654549514625,412.81263104444406,653.9303718223656,1035.2518467701088,0.0,905.304181810286,352.97111547345844,-0.3894944676827749,65.57313165505667,71.08248841439134,88.0207702519129,86.5507665716112,88.8137192293735,74.32470786373032,73.0237329637294,84.23150999685163,78.43620186808793,83.9180865323128,94.64871328672447,68.98335071808687,61.864444028341055,15.78022338989893
150,1827.9804507500107,653.7789581965159,0.6381032543863596,6.430371995009594e-06,-0.6623322278350108,49,0.0,0.013396028788521154,1.2169836403774228,-0.2132118503788482,1827.9804507500107,653.7789581965159,1187.4822317041503,0.0,0.0,352.3814749510294,-0.389571547990493,84.85896494023612,101.70872110115332,87.05244155550363,94.06569509976761,96.25664439179371,92.0003169570246,94.21451903721257,86.98524964132062,82.55779408140788,79.11452333104369,87.95997837344441,87.42694186225256,89.96472586313817,23.315715468851245
151,724.9426056863266,662.6202329169909,0.7443598065196666,-0.06158223240487233,0.2890019648949047,49,0.0,0.016810183678475074,1.47730687138811,-0.4236767946570398,724.9426056863266,662.6202329169909,1294.6006589075555,0.0,0.0,352.8410687704144,-0.3858805677548104,94.79796797329661,90.60185282567399,84.02251227565236,94.09815643480783,87.32796035588714,110.5339876720291,89.1315589954085,119.813366758142,111.25652926000275,82.21840826156067,88.05796966294187,96.56957029513899,113.60107806643859,32.56974007057498
152,1869.8357894994685,665.9036208169362,0.5760727664029673,0.33940714399958916,0.21398359462326655,49,0.0,0.5519101141499095,81.38601127143416,-4.77637441057362,1869.8357894994685,665.9036208169362,11596.551729969822,0.0,0.0,352.36403529293386,-0.38451963711676773,796.3486280415884,852.4956435754193,875.4690284180017,878.2213511389325,931.7511539637637,814.9116115605977,915.4049300903375,866.1902236295114,869.1711016289498,928.1654000157334,856.1540937684456,890.4176246402058,886.4468005078897,235.40413899044594
153,850.587463167919,666.4524438461183,0.4108537623880406,0.7077844753174871,0.39904746424630455,49,0.0,0.037164933854694104,5.970695173267662,-1.940062248400312,850.587463167919,666.4524438461183,1742.4600418637867,0.0,0.0,352.7887186098464,-0.3842859946902086,97.33833416777655,133.18960662937263,118.90057038643727,140.75896312583808,128.39398693119125,105.00634563663971,133.98893535787673,140.83703255269478,157.06347345250035,139.05588776352042,116.17719550620262,157.52031637396556,132.77665909087995,41.45273488889099
154,1334.3168439187882,671.2818470248096,0.272261400252675,-0.6420209485517637,-0.10057567706712259,49,0.0,0.0068530786863346144,1.091038907368133,-0.09460059543051734,1334.3168439187882,671.2818470248096,1067.3153666674384,0.0,0.0,352.58716777667075,-0.3822788338103249,72.7933417497915,83.6710067680169,70.18906228165828,80.6081571216875,73.11929987364039,69.49795464931367,92.01569415355317,78.63563341205784,85.30557766580499,72.6429608758482,79.57038955673019,91.39165312004434,88.72619451223402,29.14844092705759
155,1629.7799793856034,673.3029780573193,0.5785859460970644,0.5940559257125602,-0.027791604713124224,49,0.0,0.02330976363388634,3.022988704549449,-1.2010913110796653,1629.7799793856034,673.3029780573193,1321.4773318643383,0.0,0.0,352.4640583461255,-0.38143744179548683,95.54038405761281,99.02213938293563,85.04490409638643,96.63830166206695,103.99345850067442,98.11907958045825,113.90560809296574,94.43180352208219,118.40646961289875,104.46822192820927,95.96386769660421,92.56890575513864,97.58074299333117,25.79344498297381
156,2143.616572036563,682.2726434179159,0.48688847948159686,-0.5118750781939484,-0.14298150571907334,49,0.0,0.008846988217480044,1.0734673422093615,-0.07697209139036258,2143.616572036563,682.2726434179159,995.8183776601226,0.0,0.0,352.24996106353086,-0.3776973122514701,78.47726670444322,95.15926358983357,67.31030956574992,71.73892609571863,80.83212844990686,73.88932251596734,70.65734538172505,64.26854746346022,78.60144086773272,72.64124261318348,64.34043443980434,78.93336433449007,84.3914163620343,14.577369276072831
157,2335.788418341595,685.4715919592742,0.49464971356497944,0.3467259377234202,0.16188009580128201,49,0.0,0.009399335357973656,1.0159177654257996,-0.01714638732247462,2335.788418341595,685.4715919592742,1107.6841678092464,0.0,0.0,352.16989124878165,-0.3763620418344685,95.46684728365629,80.92605907641057,74.02780935011198,67.25088216450607,79.99722781635191,74.7330547228076,82.73263740656964,99.19690764925085,91.60298256358075,78.29714486515411,84.49906235684827,90.61649645463396,83.939745813296,24.39731028606844
158,2167.85619223667,687.23923147243,0.7724141109916233,0.18753324681184597,-0.3893099934291777,49,0.0,0.011268139304375502,1.0443789774842678,-0.04714530309349877,2167.85619223667,687.23923147243,1066.1837629683446,0.0,0.0,352.23986139145876,-0.3756277411266627,64.78128857974859,71.14590176097309,81.68265313850927,84.84582738233439,80.7242036478111,73.5870083690473,90.1229820515611,86.58044945139501,64.51956737592542,94.69888845090135,86.4452337463774,88.64612776696421,73.41480458290211,24.988826663894187
159,2043.3476950749762,689.2864414075865,0.6523830228047126,0.1667025860061959,-0.11600674255333675,49,0.0,0.010631588990999022,1.0762628632276336,-0.07979588768249354,2043.3476950749762,689.2864414075865,1064.2396466796645,0.0,0.0,352.2917391989974,-0.37477602819982775,79.35628393926055,77.38187473554615,70.69780785544148,75.79451278633844,79.64027357014885,77.09076697245784,83.524308424585,85.34255663209407,77.70902933792138,78.00518505870679,99.26038926201903,82.04209513482746,82.65320004594255,15.741362924374704
160,1354.2968781074305,694.2039598273432,0.5200994425846208,0.10954268419947631,0.14681474434968947,49,0.0,0.05370086430623421,8.337303323252335,-2.302564005127496,1354.2968781074305,694.2039598273432,1889.2334259187865,0.0,0.0,352.5788427975658,-0.372728497699669,118.75884900422712,143.39817192678805,154.2831959096023,166.57703725403417,122.13195174788281,122.59755290924961,148.7683106319255,162.41554322624177,156.53967394228985,139.64805992152012,131.1402244830062,142.6980911649374,146.67606546985098,33.600698327230745
161,2004.8780136996102,694.3473412604359,0.5315805184982593,0.0840994556445133,0.0015878179679101206,49,0.0,0.02296700461852537,3.2898198903134457,-1.2929303050693397,2004.8780136996102,694.3473412604359,1281.8196932465285,0.0,0.0,352.3077680711501,-0.372667744101936,91.0008769725836,112.98434419455566,96.52993964337531,95.21609568945976,96.32753051417453,83.80767599906832,98.10793692906377,105.00910052801935,93.4773725832761,92.70190299976403,90.10981982319974,101.2669685086928,92.18341547591483,33.0967133853807
162,1393.2932264230842,695.6902616400225,0.5948495647149562,0.06720699724746944,0.08002695134374331,49,0.0,0.16222033600683236,23.881372117425425,-3.445148189508811,1393.2932264230842,695.6902616400225,3769.820796109029,0.0,0.0,352.56259437253146,-0.3721094070957497,247.14293268162476,304.25500521150025,246.79389014472912,276.84382436602914,298.83736054969825,251.11607921398587,294.37959534768333,296.631173613049,277.1946410215144,312.46099908208356,260.4023003146863,321.85092664184754,296.6483626339657,85.26370528663182
163,1223.1409309973399,705.6384296354441,0.9089792254454769,-0.07713219179196672,0.23639304573934755,49,0.0,0.012932537432151453,1.1446265382288265,-0.1466595270759746,1223.1409309973399,705.6384296354441,988.3064198547295,0.0,0.0,352.6334907943666,-0.3679635515413818,84.90072889501828,71.30812937639718,71.27486658651169,72.22409794438212,81.98683579058572,63.302443787579556,65.67702262740154,67.70136075689048,61.42520225379458,88.88824864990566,83.08973866241878,74.74113094362731,81.47657390442359,20.310039675792908
164,1737.511664025653,709.4151326065474,0.5654460372465732,0.06933414649208366,0.1888208816094412,49,0.0,0.5430244466888129,79.87717267531384,-4.756056710562992,1737.511664025653,709.4151326065474,11958.53199976314,0.0,0.0,352.41917018728236,-0.36639119528608777,868.3444645394765,877.9191431036129,902.4324155776521,879.5936999332232,896.0073937303006,835.8592020140918,969.3099114927961,913.6137966399335,892.5431652940076,954.1471165973712,884.6686588133327,905.4497740878289,962.1834402531823,216.45981768632907
165,1049.1555700926317,710.2831054362183,0.6927003588086181,0.5275063251422215,-0.05799929482492075,49,0.0,0.0110562333459667,1.0184031493612837,-0.019799334204610653,1049.1555700926317,710.2831054362183,1081.604596305613,0.0,0.0,352.7059838190947,-0.3660267949471622,70.61878502040699,67.0354024338965,83.73171022925345,76.6733714980416,91.75113749022879,73.9981774716899,101.45779724830382,81.43050096046082,74.7058286210273,79.43526646550976,86.84728174386868,81.86321638207279,94.1348895279562,17.921231212896345
166,1090.7879740761564,712.6805047040893,0.6640570190476929,0.5690125150974095,0.21108989499852665,49,0.0,0.05007091429548737,6.403681559077209,-2.016074318200085,1090.7879740761564,712.6805047040893,1732.7430089468266,0.0,0.0,352.68863725227254,-0.365028354727922,126.20035706209391,121.08700704557324,119.70081320420685,110.04761423876599,124.37663225717759,113.50594797363102,153.58755980925392,164.57304591715047,138.38428007401637,140.34557985547877,117.33613350075309,138.92027129119504,136.53586196991623,28.141904747614042
167,1790.66860962135,714.8886220250192,0.4833900536864892,0.24525762247317742,0.3222647386156264,49,0.0,0.010254599243571989,1.2584112286064117,-0.24955646193550096,1790.66860962135,714.8886220250192,1070.2562377384934,0.0,0.0,352.3970215034703,-0.3641105035604866,54.06169946909229,73.98518488141312,68.7663710208508,76.6563131395421,95.61554771470055,86.48638799125479,90.67151225369672,60.24494188494939,84.32448785435298,83.3166096438629,77.2807490909689,93.29559098317017,97.36872968507132,28.182112125567315
168,731.5257239147469,717.3933862510722,0.3023707124404794,0.1206222953094575,0.5610012561124011,49,0.0,0.0066491489872155,1.034548521178836,-0.03687716062197119,731.5257239147469,717.3933862510722,952.7467061370523,0.0,0.0,352.8383259287432,-0.3630599941424128,66.43694314725383,77.56569755178197,68.8693930983251,91.04271913381123,73.61294808520898,50.50588597375612,71.16682638129572,70.68376197649656,68.87857694784653,84.5825058056326,81.45248348039834,62.1596335458112,72.14457435501238,13.644756654421736
169,1815.1380679655224,717.6400213304045,0.7144838327037379,0.21623766206300463,0.3240510522281151,49,0.0,0.01519904463319712,1.571722422229348,-0.49093962216795156,1815.1380679655224,717.6400213304045,1124.154337974448,0.0,0.0,352.3868259233559,-0.36296404061506515,64.39935601863625,91.89182342676874,90.34401326598908,76.00694019874584,96.68806485389888,66.12339642702901,77.2101357402835,84.27711731272842,92.8493711994061,83.59285212160067,78.7898864908444,101.43188001469639,94.02131288913043,26.528188014690457
170,2742.8832403990205,718.3811967613881,0.6181512111351352,0.5935171789246458,0.058703242316321534,49,0.0,0.015090471336267224,1.9760156324174816,-0.7394759400088267,2742.8832403990205,718.3811967613881,1397.7685209432384,0.0,653.8520563668699,352.000276522411,-0.36264315868234814,34.240878677825634,15.810308758081145,144.35000368375418,123.02044626917622,229.68252745030247,106.04935716263986,74.17227593140134,77.0989883837397,135.64098436388576,55.68543474410316,150.57005390689824,138.5698676543944,77.44148249504559,35.43591146199044
171,527.202776577722,723.2665332178522,0.39400194019508555,0.6150015166162509,0.31339972806416844,49,0.0,0.09394184730189954,16.305357953530915,-3.030825843417168,527.202776577722,723.2665332178522,3454.2458217841013,0.0,0.0,352.9234561838053,-0.36060921482763586,220.56699429690417,253.88760841987434,219.53325474620613,299.4244110160023,263.4802193217413,222.91012433107255,285.5260345454036,260.17292581032063,264.09877319156624,279.9842239828753,248.6742210353317,291.1226559035267,277.5419006309371,67.32247455233949
172,2701.9004839048994,724.0980330919593,0.39402579771381163,0.07870937534088855,-0.27087825073650756,49,0.0,0.01818291182814966,1.117536848781886,-0.12065463031261126,2701.9004839048994,724.0980330919593,3157.9853028613716,0.0,2736.248926612799,352.0173515233457,-0.3602621990303615,208.6248465963779,279.2255322818593,237.30362015788734,213.67680865002757,211.8008093337741,218.7547948030921,244.27517158571644,234.63755936811427,281.9434472573589,231.65979348462804,222.63394395461484,261.71513617616915,240.20302864202228,71.53081056972968
173,1073.190651293925,724.6479221180538,0.7238713168755406,0.19941570141513626,0.0581289836233561,49,0.0,0.011092296065096157,1.076906035318709,-0.08044452722620193,1073.190651293925,724.6479221180538,1065.003875395549,0.0,0.0,352.6959693634573,-0.3600419963906781,77.33340812876725,91.38537460842795,75.40757268781793,69.47618076940401,70.16085732712803,80.0948450341758,91.17033259164356,92.63361976004862,64.90307987072458,82.92078712061434,66.8903597795325,86.27415939809865,83.94741715060383,32.40588116856169
174,1191.977484377404,726.8790105337172,0.9826253197599149,0.11469948975275837,0.04135587675689074,49,0.0,0.017185511582834802,1.4585292537501517,-0.4097878604953478,1191.977484377404,726.8790105337172,1048.459985601466,0.0,0.0,352.6464754527897,-0.35911347622676293,68.70715951227882,80.63589510182467,68.11015346906412,75.84414270293908,89.39975768364235,83.21194413340024,80.0995768315789,91.73672736222207,80.70649979260025,76.09023267779021,74.27805412873872,79.77726331006414,74.10594081802822,25.756638077294234
175,1653.7047680863657,726.0489846238441,0.456626177855926,0.4875284466927306,0.10481802502324127,49,0.0,0.012923257399856926,1.2907299898442903,-0.2770885022865894,1653.7047680863657,726.0489846238441,1364.5498190033136,0.0,0.0,352.4540896900622,-0.35946086420065393,95.0392618387897,98.24840402909342,93.1418956426853,108.53811786431625,104.12903495543985,97.34421115810159,98.84262513773277,104.34055527546045,109.78953223893193,105.59694992447257,111.70573014041211,114.17607633865249,99.06392066741842,24.593503791806796
176,1105.091201336153,728.266652415189,0.4898046604249645,0.2016166152093777,0.2836158710671945,49,0.0,0.02374974010059148,3.336137296320996,-1.3081097885230837,1105.091201336153,728.266652415189,1385.7160045789956,0.0,0.0,352.68267765911287,-0.3585345733925447,101.27024085365193,104.8557114068366,102.4367842178207,108.09257940984259,112.73690615583875,80.39910084175246,106.43851628553413,98.5260071223921,100.22722985963104,111.64392599753685,98.79967810858352,100.56615062882935,138.88132393696833,20.841849753777275
177,2338.13227812116,728.6969935403943,0.6359437731094667,0.43855866520855685,0.029955093957312145,49,0.0,0.024464986583515272,3.0820134366631295,-1.2220863194536749,2338.13227812116,728.6969935403943,1254.4547140939364,0.0,0.0,352.16891466085946,-0.3583524429590358,96.81532541810402,90.2108996631458,73.079278710047,99.91198434024858,75.85405467190628,102.37375808253054,97.65525204304177,118.48902903778259,94.57669857982597,98.61500560681966,79.10182366567858,102.48220554033477,98.27125085627134,27.018147878199503
178,586.0146996767464,729.7590197546449,0.48811561609851695,0.5384158887032939,0.40614095167482017,49,0.0,0.019241954492005487,2.2803617863166163,-0.8950093865102904,586.0146996767464,729.7590197546449,1529.6173383965338,0.0,0.0,352.8989526432917,-0.3579053657092084,102.34549726244123,131.20187512558346,105.92022160172878,107.05994536093522,111.04987920945648,110.94962918209839,104.6539768043547,129.88738081805587,114.98356401931099,119.58100559965146,92.45252669258714,118.66664014282901,154.2450853587319,26.620111218768965
179,280.4247675667856,732.0265589433762,0.8396356114915863,0.8476279144339697,0.09234947616998217,49,0.0,0.014033584066566854,1.783185431859686,-0.6279912685469934,280.4247675667856,732.0265589433762,338.67161398801227,85.33474995439249,158.02095163324924,353.02627248731795,-0.3569538880427531,9.76174883912445,15.30096081123378,11.356842603566825,32.31572289260207,31.824078231131303,35.79828473671307,23.01391032983842,15.115166772608406,38.50902502772851,21.88118114003883,18.66790324296812,3.918943578414159,81.2078457820443,0.0
180,1018.6175625676408,736.9859076806165,0.42880322217952654,-0.5876751517842908,-0.4073032663479208,49,0.0,0.011825531826514982,1.4375098060708678,-0.394027039852764,1018.6175625676408,736.9859076806165,1191.5621678318776,0.0,0.0,352.7187077698427,-0.3549008444550049,91.79997791378322,112.42303581062883,77.67000926137179,80.51555828133931,91.83930717741316,93.03198489556428,87.66214054069884,78.26432269568869,89.37422166915688,87.79679852233309,85.10820137161295,94.58855936003184,100.64599029354139,20.842060038713186
181,2646.3470491705266,737.4718135570396,0.6858885295072438,0.12376496929765955,0.003755788771144041,49,0.0,0.01575304539842725,1.0821895278638307,-0.08575831758557431,2646.3470491705266,737.4718135570396,1816.3784436785568,0.0,770.4078151557073,352.04049736044277,-0.3546913108074056,145.62622929160705,131.2681915961232,133.20876179764684,144.40832554921502,129.6433131189993,119.42205312726205,134.55820432264824,128.44973030720405,130.07670893707987,149.5913264722518,143.80624541387095,154.48087622154566,126.68276784364818,45.15570967945456
182,648.009312829224,741.156503509987,0.5832139726553209,-0.7812802556119832,0.39509304580430904,49,0.0,0.014151220541555229,1.3988735477276302,-0.364446144688833,648.009312829224,741.156503509987,1252.2626894556915,0.0,0.0,352.8731228928504,-0.3531578699399258,83.53344233693247,101.70866476951869,101.98909468461389,105.59199279581787,75.97947909864709,91.46899268309531,106.4372282424533,89.38702587375559,93.80372144779311,106.99630020895178,79.18183811381743,93.2640771603746,93.89732336084741,29.023508679073025
183,1057.8398640324588,744.312299838362,0.5839983127083997,-0.3051175500927061,-0.03463595356638369,49,0.0,0.03413950469279501,4.41302706909708,-1.6118414784431778,1057.8398640324588,744.312299838362,1547.7515425089825,0.0,0.0,352.70236542730413,-0.35184873808302597,85.06901506810311,123.3978991797055,118.23762680018575,114.76338868210053,139.70445757187917,120.63469462372163,105.76825915648452,111.58870953991675,123.11394297122709,110.47128111427001,110.72768109973991,129.07881783613243,130.0331098523461,25.16265901317003
184,1378.6327637032816,744.6398923175464,0.25058022064297564,0.2586316996104885,-0.4998827455533144,49,0.0,0.007706671829437421,1.0223918004785153,-0.02404339453088633,1378.6327637032816,744.6398923175464,1147.4987326745863,0.0,0.0,352.56870288319084,-0.3517145284026134,75.15705405932157,81.2166953334283,87.90100325877816,95.5588000257753,83.4202163699451,61.31458771159498,71.5361757945403,109.41077004322182,85.4097349930653,90.75869114194361,86.14693299109823,119.29222396884786,79.37337216958326,21.00247481344249
185,557.176369807225,745.8811139636498,0.6412576718148771,0.6596770483517023,0.42661207585348554,49,0.0,0.016694830999862218,1.694795379657283,-0.5727931783977848,557.176369807225,745.8811139636498,1393.6595165104786,0.0,0.0,352.91096793923487,-0.3511877225856314,95.66172742030415,102.93646687088594,104.72434681431861,105.78775410547537,104.10611972972094,89.05229136189823,105.45512890180078,114.67222506278456,94.6953995343611,127.93454877389259,108.71697668519201,104.73943977017763,105.81522764255837,29.36186383710845
186,1979.1355280857097,746.7762940977208,0.7803810811064369,0.283004248426228,0.15052681096121162,49,0.0,0.08712271476761824,10.251649505588647,-2.5269843740987827,1979.1355280857097,746.7762940977208,2146.765745841093,0.0,0.0,352.3184940087217,-0.3508235232733897,169.6246572880272,164.8059331479899,154.4617980702946,153.1845610771286,143.38714058076076,137.02696000638662,181.53610672143384,196.40515925964405,159.08474874873303,165.5326383795841,173.72558044821724,159.90353602731687,145.7043835795938,42.3825425059826
187,1617.88382417012,749.997277739119,0.7177630731545469,-0.297373526893687,-0.24199273468149082,49,0.0,0.011196317780976317,1.0445059317797918,-0.0472772767360469,1617.88382417012,749.997277739119,1026.720259621297,0.0,0.0,352.4690150741411,-0.3494828254047014,73.17922631594357,86.79389299110468,73.94437143061882,89.7077244507935,76.56750041805432,66.06990152890224,68.91707709989541,83.11123569949453,65.94225682631993,65.84457711984797,81.42157209829847,90.60030580690423,87.78054155183457,16.840076283284745
188,2661.8493748915116,753.281537783108,0.784177390019606,-0.2523429544849781,-0.43864460638063957,49,0.0,0.03088122274466635,2.8093463609602343,-1.1215132153772813,2661.8493748915116,753.281537783108,1767.6965331433419,0.0,800.4159922753418,352.03403843634015,-0.3481040702876498,121.8157309079069,129.5557613972608,123.96147788327528,136.2402138824648,123.47694275624357,130.90607312055334,125.08342546223204,125.94398046788157,132.29211447210346,167.42118217735134,115.9510461419926,152.03329812546093,143.36924423217985,39.64604211643547
189,2599.663247634956,753.6171311387958,0.4853611019274316,-0.13792010821344,0.07432676995431965,49,0.0,0.01013511918029237,1.014910608954186,-0.0160694806290957,2599.663247634956,753.6171311387958,1222.632694294655,0.0,0.0,352.0599478542547,-0.3479654280762619,78.21001857913855,89.59134988107512,70.65775292260781,99.32899013418182,96.03097016798179,99.03247110539077,99.33283845174674,89.74742967637246,85.36942590852289,101.13798790342324,91.94266051536619,91.78813927159757,101.8637478711986,28.598911906051363
190,1866.6516729530995,757.1170386832939,0.6090579862746318,0.05504205832909204,0.13784842547234777,49,0.0,0.037182645257965115,4.563244195549956,-1.6481842751215317,1866.6516729530995,757.1170386832939,1691.2251727594937,0.0,0.0,352.3653619960906,-0.3465157246293801,111.67330872655188,123.10191509291843,120.9303734702462,116.11802847635809,147.69221509257738,118.55391523650107,132.52753308737311,123.1964013121551,129.9950415248174,147.04776107318358,117.25263367146562,118.59016108168042,142.42535356229845,42.120531351367184
191,793.0055733033851,759.2668914289163,0.5934423889614268,0.49930047270709577,0.454050107756464,49,0.0,0.01759193497199354,2.09227062628632,-0.8015446449209067,793.0055733033851,759.2668914289163,1164.5418007621108,0.0,0.0,352.81271029979206,-0.3456146765026182,72.68620715964019,85.74269783205722,98.18917286758324,93.17634031924518,96.94854072664378,87.72025074739435,79.05315675425936,88.89706160017904,94.24508925535366,96.42417124998136,86.44490327248222,88.53110619932946,85.93308238035492,10.550020397606893
192,2298.3150588902695,759.3579560855561,0.5070963341051781,0.13645949448542508,0.10759134419395042,49,0.0,0.010316593844855813,1.306263165435215,-0.29007670150299486,2298.3150588902695,759.3579560855561,1029.1318239956747,0.0,0.0,352.1855047023568,-0.34557824357059574,88.12733644518269,89.0939192197254,68.71176225415155,79.2831895852179,83.65444146880827,67.50883687424424,77.2464763858594,80.71803437820597,75.66507262864883,71.96781002186998,62.55551463821739,78.36570506749143,82.72094950819863,23.5127755198529
193,2066.1139600435745,760.6377453978445,0.5678555959229736,0.10526876420150723,0.16598206996885592,49,0.0,0.061254359980471886,8.815543720479742,-2.3631227591214774,2066.1139600435745,760.6377453978445,2052.5736011023546,0.0,0.0,352.2822533555266,-0.34504748951410225,125.15107430534522,137.02362744896607,171.64852818345796,166.72640480202472,157.38180055782965,134.4977071247447,148.83942323805837,161.83100721265146,183.01037062610771,150.8494987123631,149.51356249136182,172.08937384017435,161.67885435990615,32.33236819936332
194,2452.1370095767115,763.1028425358313,0.6419024049430503,-0.32717817307363994,-0.03931447143910022,49,0.0,0.011639192767803124,1.3278849154778534,-0.30790109356888057,2452.1370095767115,763.1028425358313,1113.7024039621083,0.0,0.0,352.1214142963092,-0.3440157844560768,81.56879573809412,80.66282632373101,77.80533607944243,78.50255422280223,98.01335471048998,81.09591112247242,85.52760872851096,84.91371414657063,76.60623957144185,82.28038513984391,66.41294859652473,92.10104856398289,99.47098433295193,28.740696685249322
195,1790.3174276861537,766.2077440162266,0.745002226286977,0.33107729511065576,-0.058722538138821716,49,0.0,0.03752385358794827,4.5166446085529275,-1.6370397987875305,1790.3174276861537,766.2077440162266,1470.5888163132447,0.0,0.0,352.39716782639886,-0.34272839420808376,108.34636395817262,105.64944259784485,103.94452750188634,124.1359874343853,129.60504354223522,99.17049888402099,106.71760277446498,124.96659809046331,118.48318498108185,115.85626092731913,99.46558015262275,92.30419925514724,107.32777081111978,34.61575540248042
196,2134.589240560733,766.3037970082308,0.4920696984242269,-0.1869256055040475,0.08444824767181665,49,0.0,0.027542289889438,3.956651016959457,-1.493319366192887,2134.589240560733,766.3037970082308,1438.6660836135975,0.0,0.0,352.2537223802072,-0.34268611540101573,114.16518846686287,87.76578905371377,97.53942626028132,120.92926027217939,98.01869572983878,99.2787026485254,113.57153685926454,102.72266983363885,119.47182276874244,115.86131802806611,105.84916048928628,112.13672944699104,118.62070478619665,32.735078970009795
197,1555.6128589577704,768.7205632875056,0.6484344284978232,0.15125166556203187,0.2651660890583642,49,0.0,0.01382466579985297,1.5935996578478555,-0.5059480695872297,1555.6128589577704,768.7205632875056,1076.3149652451816,0.0,0.0,352.49496129556223,-0.34168173292078996,63.992291151163286,75.23994962004929,69.85839207025265,89.21879608270301,69.63658682778501,86.75578797754676,75.93494801022982,58.73255712470875,77.20634981018992,120.2245803620605,77.4324870085014,95.88620080755229,87.8540130151321,28.342025377306786
198,1185.330577420144,770.1099636811949,0.5445228315215548,0.4507634799223048,-0.05850395564411039,49,0.0,0.012843580576389195,1.379530471854255,-0.3493282446621459,1185.330577420144,770.1099636811949,1272.7376994810602,0.0,0.0,352.6492449756607,-0.3411013008180075,70.11143638683276,96.79088418843959,84.78413742092668,105.05711323194092,109.2397537282341,72.34386491000839,102.11599537442859,86.21685522864692,90.6793010288072,111.50579370973982,103.52511949583366,103.23842281111706,113.82216398537449,23.30685798073015
199,1049.3582883212323,771.2784589805042,0.4066460175898542,0.4142544711216527,-0.08977239618974177,49,0.0,0.01107393217367727,1.5444448039125267,-0.47193097974104015,1049.3582883212323,771.2784589805042,1043.7528163449174,0.0,0.0,352.7058993632611,-0.340613264367388,53.595507737609424,78.34511398797032,70.45160674836865,99.1614578340826,78.28550454769078,69.53426638013563,78.5449079869031,85.17677517511586,75.02530596474898,89.36274136586634,81.19456858006444,73.59731138256794,92.30010103851532,19.17764761527779
200,2047.3526974043489,771.6460429244376,0.8727251373132175,0.3351855587238571,0.10709452592007752,49,0.0,0.013063815165015412,1.1671850734723497,-0.16784931238217574,2047.3526974043489,771.6460429244376,1090.2235708221363,0.0,0.0,352.2900704569135,-0.34046104814390266,51.627309033970434,73.85511065072588,62.09547486463357,86.38016313758249,87.22212200767106,69.13045331388912,99.13438194421391,94.26220455909457,74.69314441378674,91.7672746284949,85.46313188517607,97.03262831507908,97.46107623517665,20.09909583264181
201,1373.072653827129,772.5955860344857,0.9328089620257363,0.41845717401825905,0.22935501838381636,49,0.0,0.01562718459829323,1.3311222081570862,-0.31054482293134933,1373.072653827129,772.5955860344857,1124.3426236575945,0.0,0.0,352.5710195898777,-0.34006675201816866,90.1005442653009,103.67250860285483,76.64612621325011,95.01910548263518,98.387109889599,78.10233172659491,81.48723354173225,71.67733191936415,87.34241729657244,78.73598597801954,78.48559417815989,76.17070580296986,82.84992158396261,25.665707176578877
202,2650.381944464584,774.615753304343,0.24829493885986445,-0.3499809769115058,0.14244552746369527,49,0.0,0.010282568227526224,1.2397006613609234,-0.23329208223427605,2650.381944464584,774.615753304343,1353.449363407889,0.0,190.50077530607373,352.03881624250255,-0.33921562469651895,114.42252243557121,106.81168532622164,95.59612726620526,80.86506408233163,109.4500367116089,90.76544488274799,109.9716543880659,102.5628200316333,107.90260112000794,94.95358086049829,101.23112633913802,125.51662233785146,89.94704651977952,23.453031106227872
203,2285.932124539337,776.4800002216662,0.8525313968892915,-0.5010181776472047,0.13341602534899805,49,0.0,0.013413485604904867,1.1458193614760424,-0.14779039116023746,2285.932124539337,776.4800002216662,1140.931707448215,0.0,0.0,352.19066412210594,-0.3384445651788421,95.43627711543249,82.80620732805971,68.12218239100125,84.4063270798517,70.48193889634766,88.7560152720931,81.71654960901733,87.06969709481386,98.0735494326533,105.4906637058499,88.4013240607635,85.29272607769093,81.37608802800028,23.50216135664004
204,1202.3735997708166,777.1470584660213,0.5592196230715191,0.17750456212895907,0.048889962683700564,49,0.0,0.09966190885386317,14.887902641003278,-2.932083800190359,1202.3735997708166,777.1470584660213,2775.581173641349,0.0,0.0,352.6421437828157,-0.3381694213125244,194.62384501759584,193.22022268427952,196.9016101033721,202.7457595555507,229.59142374371123,203.09398169282105,196.10303525035434,193.13288660148115,225.76157212750007,230.32015762074803,210.99324448696464,226.17144537149818,215.7035192340236,57.21847015144867
205,2037.6482661588086,776.0025879224747,0.46838618479847033,0.3104621692607463,0.35653822785837375,49,0.0,0.008319630793520877,1.0935282439118188,-0.09707501145344015,2037.6482661588086,776.0025879224747,998.1059623032975,0.0,0.0,352.2941139255971,-0.3386459730636044,63.98803846636572,78.2722472276682,60.33358161482917,85.20680167665256,67.16954686654184,64.41995509345841,75.27396059672606,82.70542968619571,79.6269504055277,67.01145777167568,83.93104313386232,82.83725137695131,87.42874066494926,19.900957721893448
206,932.649368171846,788.7526262817339,0.572070242152534,0.33830542710701883,0.1838822927544483,49,0.0,0.2025625828098079,30.679453564108645,-3.717119050170379,932.649368171846,788.7526262817339,4609.878733628551,0.0,0.0,352.7545270999045,-0.3333314251060332,302.0160025116485,388.5347760445369,335.2291647409856,352.3721449294578,353.2097071738268,288.5729468243211,352.89018949104957,357.2219675925012,319.13642528770225,373.8365093396493,355.74143946343236,383.8624608596042,351.2085740938946,96.0464252759419
207,2100.7118965719783,788.97020809122,0.39602640519396437,0.09996493339205217,0.3402628103400864,49,0.0,0.008263186860853897,1.1965820897614565,-0.19485624527062442,2100.7118965719783,788.97020809122,955.3189821468211,0.0,0.0,352.2678377303,-0.3332424956221548,87.76478649053539,72.97411852204729,60.34396795239348,62.59021766792643,69.04428791006214,64.88209820794468,74.77266112291194,82.34271339202196,80.1463082788365,73.25626341461131,73.67417034339458,65.15285201766824,69.18770667305824,19.186830153408923
208,1033.5806376343237,790.5891206256879,0.39338012020813345,-0.011710681360726857,0.16049795530804373,49,0.0,0.02123527601685199,3.265156379305395,-1.2847599648263996,1033.5806376343237,790.5891206256879,1394.8088068712473,0.0,0.0,352.712473275196,-0.33256735066520954,101.05732993605713,105.01972869793497,105.46436592044309,106.43164081220702,113.60550235842976,100.29561743323067,102.03565316517407,113.6431255335311,127.32377004030751,111.42167938683117,88.20875079561156,92.06363706474623,103.38473311981316,24.85327260692987
209,628.5521265481875,792.0016723774347,0.6418866940689963,0.3040709101271031,-0.050899952866651665,49,0.0,0.015167896671491878,1.6985940721141157,-0.5752240102917107,628.5521265481875,792.0016723774347,1167.6760840942484,0.0,0.0,352.88122966532796,-0.33197334176247806,85.94099007307051,80.16345553407707,84.81504338483752,108.91364809663112,84.04798433014393,97.88853724236581,88.3716198060112,89.65590118938474,83.4516681399287,101.69346299901834,69.59922650233301,80.12318022685439,92.82688599808833,20.18448057150377
210,1747.3839953218517,792.903203056422,0.8452280261693634,0.1248665080665274,-0.4954108226077248,49,0.0,0.012897248285905747,1.0060166797825525,-0.006512953483343116,1747.3839953218517,792.903203056422,1276.8818467947262,0.0,0.0,352.4150567193829,-0.33160582009131695,100.01857334997746,93.19017009326315,95.08457374511956,112.85583388057175,84.82793648398581,90.85169405100373,73.97297125230293,103.49027517158832,103.7128887289018,94.22446332607359,94.48643855250597,103.91418290224725,106.6357050805234,19.616140176661396
211,356.24056596385213,794.3810558190966,0.7914209263789932,0.3880853523111577,0.4553541811665642,49,0.0,0.017520083463292972,1.4035662577686838,-0.368082297688197,356.24056596385213,794.3810558190966,1346.706255200164,0.0,1063.411862622482,352.99468535528194,-0.3309767096264762,98.07939066654629,95.4863816477986,90.45649249225059,98.71247430909054,100.7441687013979,107.52756815018297,124.6406875247938,118.36955839713488,90.76146011348018,87.95101542355911,104.16113443204972,90.289700523664,113.60359763473464,25.922625183480584
212,2158.416651806166,800.4125823132265,0.8137029274217932,0.7050733838347313,0.10619061662558063,49,0.0,0.01292271792864196,1.1845764281006703,-0.18390771590062696,2158.416651806166,800.4125823132265,1033.3175974471505,0.0,0.0,352.24379444891974,-0.32847450463359784,70.43438707220628,76.14045568352033,65.96556687092462,82.32866242968636,79.84523435634338,64.94572550676837,79.1716099194374,85.01227600666462,81.64153069827636,84.57507564002594,76.3979685636036,78.09103998870413,87.79706521135309,20.97099949963613
213,1842.2481284263806,800.6139972653518,0.6260128259249911,0.11181712466613475,0.1345455404210987,49,0.0,0.13453120840303187,18.744007896008426,-3.182156146344247,1842.2481284263806,800.6139972653518,3183.6048706845313,0.0,0.0,352.37553009693477,-0.32839278063326566,200.24985619757004,255.91421715242882,228.24445671360553,243.0563901089167,256.9275566336586,211.1715507448509,238.25059412053815,254.03966234865155,268.5477363573577,234.64587054746875,254.38137120868333,226.915088893195,234.47276953368197,76.7877501239245
214,2446.3206516682194,801.6953815133307,0.48427918178131596,-0.5314544137360242,-0.20003606249402883,49,0.0,0.017947627472140106,1.944431888553801,-0.7219818371539026,2446.3206516682194,801.6953815133307,1513.171977004618,0.0,0.0,352.1238376767617,-0.32793652309123517,121.12730446375292,120.28925609484378,104.9099892878545,107.1783024055003,125.2100557897802,123.88706763745593,98.97666184766769,114.59521245839898,117.70040456255467,127.99471417937804,91.91117772786177,111.50446019455728,110.64380958507097,37.243560769940885
215,1372.4349934783374,804.0214314058275,0.6020514256869568,0.24076603179171754,0.1730074121106028,49,0.0,0.057273378177675374,8.12620753703508,-2.2747197741902827,1372.4349934783374,804.0214314058275,1872.9265355683058,0.0,0.0,352.5712852826784,-0.32697312201546896,139.56651204613024,144.60421738202723,128.95242259375127,126.86679331754583,140.97757898373175,136.39191153076874,144.5489950427699,151.33231855078247,149.5626117221384,133.95909471229575,145.43234716835323,132.10455606558045,159.5002543974297,39.12692205500063
216,1465.0510713350893,806.455091056778,0.5901952989670691,0.2977907066916046,0.2054630951355785,49,0.0,0.7183467613003369,106.22731789434334,-5.0655905405721615,1465.0510713350893,806.455091056778,14074.077285016258,0.0,0.0,352.5326953381334,-0.3259594226466529,1000.558552283269,1042.7209193875258,1009.5493054933519,1095.7751643225804,1056.794712089882,1000.4372026700241,1061.5485971789276,1190.4061559538827,1081.484847993403,1071.7215334965372,981.8151471381937,1168.1476303551813,1036.6966078443124,276.420908809182
217,468.62469465156784,806.7129448126669,0.7830564957644862,0.15056150681822325,0.029199160775866134,49,0.0,0.012455859432236146,1.1008552296869538,-0.10432552476353323,468.62469465156784,806.7129448126669,1082.3516130914134,0.0,0.0,352.94786215968594,-0.3258411073471057,62.02638823852283,98.96930898388715,80.7925277222119,80.44165958363519,97.65486296833436,59.43537978996332,76.20733333879231,77.71747354583667,78.0756941453788,87.442255239962,80.43896029305343,77.38486684220553,101.68785232076037,24.077050078869412
218,614.5836528669806,810.6826749938709,0.5439792728693432,0.9420134853636141,0.10001569461220458,49,0.0,0.01587700921353296,1.8176004131392487,-0.6487460318643878,614.5836528669806,810.6826749938709,1231.4678556908527,0.0,0.0,352.8870495696003,-0.32418981355827037,89.97665541482004,102.75308549277824,78.92798152512245,99.14828293652556,95.26820964527789,69.02768544576824,96.97369568408942,94.08888437890779,101.64168268730809,94.24236066344173,81.63822534021892,94.20038361952653,94.9460557556826,38.634667101385176
219,1501.1761423757575,813.6819601060232,0.6959520034173442,0.20727280845377266,0.21723287867512994,49,0.0,0.09583263194566013,12.376419488253218,-2.731487552460768,1501.1761423757575,813.6819601060232,2379.3267723051076,0.0,0.0,352.5176432438024,-0.32294840058605556,177.75925574210385,184.46769537299363,176.84699690577742,185.00357678444135,172.72460528610998,193.36983057254028,179.16679862921532,158.7366291320492,164.93809416840674,180.63240631030055,184.9378558223662,186.10995420908824,188.21589011801842,46.41718325169673
220,1401.2804991886555,815.9136137597042,0.41045320255804046,0.2281348881403686,0.15682800495273305,49,0.0,0.05121800270126315,9.033182422634793,-2.3896019519465184,1401.2804991886555,815.9136137597042,2012.9277079479134,0.0,0.0,352.5592663575302,-0.3220183215584397,172.64840606741024,156.67216562562726,161.23521015714718,138.4895657885585,150.47696254112788,120.38826242708699,148.28979863341152,159.12938750320066,145.82805513640562,165.1838001826359,161.33753075820337,133.0475239929052,159.7109401830424,40.49009895115077
221,2183.195488016225,817.7675678844968,0.6372674662675182,0.12601558479287522,0.23905771141427903,49,0.0,0.05384446091249638,7.129905938472489,-2.1327095011121964,2183.195488016225,817.7675678844968,1845.0493242180355,0.0,0.0,352.2334701139202,-0.3212433196125974,121.44420950545516,162.94770643414068,120.35519996139891,143.90566498354173,155.0525058645124,106.55341117198321,143.86674387938262,128.15840424912216,157.89599489460323,165.57948300573915,140.61050070494866,125.20702082195547,150.02354218487443,23.44893655637762
222,1896.6721872668793,818.5404702976222,0.7879514689215062,-0.38768579092751504,-0.2746667799207838,49,0.0,0.013605411557051687,1.1428562953941603,-0.14497906233783134,1896.6721872668793,818.5404702976222,1251.3467122274756,0.0,0.0,352.3528535026004,-0.32092342709170923,97.66764751854444,92.4661662878079,77.4158987431215,87.6517541592917,105.46127488365536,101.72892789228041,96.37983924615155,96.70575988590105,97.0977518403012,98.63921222358125,79.86842853427926,97.60807642336411,91.52875924569456,31.127215343501227
223,2336.127516630279,824.2217163429689,0.2499971930172091,-0.2843750005529693,-0.07862984468903245,49,0.0,0.012514074386936967,2.2484078539192933,-0.8796877341468211,2336.127516630279,824.2217163429689,1226.5821249773862,0.0,0.0,352.16974993556096,-0.31855250345841374,82.59856211782585,104.06690444536635,85.6405161743892,96.26670121405715,99.2168746198478,80.48297947409009,90.80472906796209,81.0373219108019,88.65074795824731,85.298101510174,101.79748756596219,103.41105586337518,98.4048487043456,28.905294350941524
224,836.9230967273699,831.6989674516313,0.48771448809393625,0.12870182677546527,-0.49599610849541903,49,0.0,0.00849072868385845,1.0583267640746827,-0.06154944789688513,836.9230967273699,831.6989674516313,988.1620833696875,0.0,0.0,352.7944119527779,-0.3154367755878772,88.21668826173016,83.77513510922427,72.6467165084961,80.90533721943581,83.10535392627631,75.37580400749192,71.40411586982319,56.43953079034927,74.377765636444,74.0309379820479,76.08690080969382,69.99533779073161,69.14390101355085,12.658558444392362
225,1179.562850288898,832.138577302309,0.6551065737442601,0.015918933015920008,-0.009214889431879467,49,0.0,0.12702559298427735,17.3487741745353,-3.098171984842785,1179.562850288898,832.138577302309,2996.842866011645,0.0,0.0,352.6516481786075,-0.3152569965395106,214.5592371826807,218.08170263565341,201.21887958637558,232.7477730888709,238.91867495204997,197.74725166605486,238.28242194121628,205.15894027494437,243.26548705947502,231.86931191719458,237.47566830560768,240.64629658222046,227.34154264953014,69.52967816977136
226,638.7331144937322,832.7000651142699,0.5701075388800863,0.4613744848976817,0.20836650275319074,49,0.0,0.249020205564074,36.673704375596365,-3.910886949610158,638.7331144937322,832.7000651142699,5782.158956724946,0.0,0.0,352.8769878089588,-0.315016822823839,391.90206506205516,411.94300236251,395.3948044522896,468.03233431057924,465.907358432519,394.69795207341997,478.86496572195466,428.12307573792214,449.45117058487796,425.32198195045294,465.93945899455196,462.8790234726551,418.4257250370549,125.27603853210354
227,213.97374789769012,833.1991105256056,0.705440422884776,0.30377854157540857,0.5479251961839993,49,0.0,0.011121811695477617,1.6151390671165382,-0.5205248050286908,213.97374789769012,833.1991105256056,466.6812463139761,56.817850835544974,162.16054684996772,353.05395775164305,-0.31480059652743586,10.401151733917292,25.93808269567261,41.48879266773301,61.059100658703684,34.05357759361004,44.704267741397935,17.190202596515746,117.13779116274624,40.668320589635016,7.606224968940703,29.17015678270226,19.431533239554202,17.832043882847305,0.0
228,729.8960605937309,834.9302395948232,0.2972375865165113,0.45327679335091925,-0.15794776938209992,49,0.0,0.009134370939807486,1.2495492320724766,-0.24188342986004394,729.8960605937309,834.9302395948232,1163.7236575324187,0.0,0.0,352.83900495404623,-0.3140890223262655,78.37270048679386,97.03060727110133,93.43984039618223,88.02474243327399,97.3017279196615,80.73843033647378,86.33951566373656,99.7478927721824,80.71305884819263,77.23381714660204,83.24674702930315,87.79000089313567,84.4259901008107,29.318586234968684
229,929.1239778203336,835.3095008404225,0.5224390438886749,-0.39217916211967585,0.1545916457510453,49,0.0,0.010123448410450812,1.1319202913971638,-0.134539613453093,929.1239778203336,835.3095008404225,1026.6831503914268,0.0,0.0,352.75599598506653,-0.3139335548930275,72.87287672371617,73.39396417921832,76.33877615780835,71.32170521602723,77.60766911050916,73.0890063101149,88.41987386545435,81.65604523134951,73.73854478951725,72.3471442230013,78.82612162407648,87.78339971848733,76.94874396524229,22.33927927690425
230,720.1285707278138,837.0603616374626,0.9425023895539332,0.24048207078602665,0.057340312039922396,49,0.0,0.0374035143837229,3.6100293363010594,-1.3937768278541047,720.1285707278138,837.0603616374626,1421.4058687943416,0.0,0.0,352.8430745750923,-0.3132013750620322,96.23447472409049,114.09040563219678,110.048970313815,93.00044762457611,94.60487794727018,124.22125879865328,123.53254952842013,116.614264410468,102.39345351623771,117.30853987734329,89.22573950698201,111.55412928355443,103.6375776835186,24.93917994721543
231,463.2867307930688,844.5943365964675,0.5884370579758522,0.39278131789840914,0.19210434297969253,49,0.0,0.0667729099664041,8.946351418296327,-2.3791148838285197,463.2867307930688,844.5943365964675,2334.0275808188608,0.0,0.0,352.9500861699488,-0.3100581306799417,181.75345918119604,180.8706620360462,177.90999902096928,175.79411400953458,188.0263081112792,167.59066051542183,162.45163030704413,146.82155244210355,187.63618344021376,162.48942714010553,175.91050082991376,206.84876477270473,183.54951538730353,36.37480362502485
232,797.8776057476431,845.9985471268556,0.37828045286990514,0.620899067941908,0.41802958694045556,49,0.0,0.010032718956304872,1.3149825100284296,-0.29729994128753,797.8776057476431,845.9985471268556,1156.4684105833658,0.0,0.0,352.81068037490115,-0.30947839161718804,90.9427674198893,95.78786675991053,82.4721725503435,82.1690650630474,89.34937901820462,77.60457671238845,91.98578325090085,86.6679450120964,81.62898993277375,88.24942814644787,89.28403289832303,106.41863041668356,71.5672768196599,22.340496582696776
233,1595.8639907898732,848.7329977323282,0.6196590215481611,0.32831420495782904,0.2942340826954577,49,0.0,0.11241987973822729,15.900528861047048,-3.003528923633631,1595.8639907898732,848.7329977323282,2821.9037538623916,0.0,0.0,352.4781899999867,-0.30834434280079576,216.31602317889553,211.79064444653204,195.93022369537286,221.43408498354273,211.46213842880115,188.41041581732767,207.23920622279923,245.57106313618414,207.96935212702732,197.26173431386627,211.44398254775308,217.9115144505015,228.03274838462875,61.130622129159704
234,1294.698162090962,851.2189354313049,0.7390665002330932,0.1474919387072271,0.01329634313206809,49,0.0,0.017297087064566317,1.8802185246387777,-0.685520818012326,1294.698162090962,851.2189354313049,1122.1428687037615,0.0,0.0,352.6036754940149,-0.3073078065735547,82.12942948385532,75.94964196691743,87.14746580375497,72.73292646678173,64.77565708573609,85.08524690564553,85.13566971290317,85.96876521618083,99.02066798967613,87.66054770973545,89.6679157326849,96.79704024209636,90.96356233425708,19.10833205353639
235,442.4653347914896,851.5842944528955,0.5463880219148213,0.30463475575751264,0.2791371270534858,49,0.0,0.18110215266919424,26.003253031059568,-3.5375692050294787,442.4653347914896,851.5842944528955,5057.5969840625385,0.0,0.0,352.9587611454288,-0.30714544691615925,340.3504523003022,381.1205152876265,369.508037758254,378.05280372400097,412.8099657190456,353.8644934977774,381.38263822037425,385.3680412455101,385.0523421712286,427.77933455869527,357.40763279362636,388.9140437092992,389.2870929771883,106.69959009960961
236,2858.767138139667,851.5826243824965,0.4056934538365492,0.08913408367820488,0.9170485320101269,49,0.0,0.004711252035172127,1.001452528936336,-0.0015759189975433356,2858.767138139667,851.5826243824965,201.06736800633644,0.0,21.747316157189623,351.9519952296165,-0.30714417591968896,0.0,0.0,0.0,0.0,0.0,17.327277575377476,52.913245010492155,107.18437653381955,6.475553470602354,0.0,0.0,1.2770373466228266,1.3115714279645343,14.578306641457537
237,1735.1735599880867,855.5884648649065,0.43479402337401407,-0.7622012126889909,0.05235867217311225,49,0.0,0.011311608562727614,1.2025288143504655,-0.200238728754964,1735.1735599880867,855.5884648649065,1163.2888299794695,0.0,0.0,352.42014439072256,-0.3054878364276963,83.96141071630058,103.93271046437071,71.23371961594384,86.81527034538145,80.53359997051436,93.55906352479056,89.70142785167184,82.56228020083046,78.27735615108482,84.85838077102976,87.44830585719035,99.31340646097593,91.10461381356222,29.987284235822436
238,2287.0773418202616,856.6726472897155,0.4836978616976641,-0.1314597798480213,0.07559055652762917,49,0.0,0.014277941903795256,1.808894697344173,-0.6435332141458622,2287.0773418202616,856.6726472897155,1141.4604159257856,0.0,0.0,352.19018694612197,-0.30503245145915203,66.17452202874044,84.13002972661374,86.1303485450575,79.79973634455743,100.19513995136101,76.01641329880076,71.90030052518236,76.05452483938261,101.45080419705985,76.65005033171974,94.66667872296718,97.76844691557318,103.31488793315441,27.20853256561552
239,2837.053872487389,858.0904465748266,0.25132358451851966,-0.39548606988134677,-0.7182011366265522,49,0.0,0.006536313043249468,1.6907975650392604,-0.5702290342971515,2837.053872487389,858.0904465748266,794.5472953138653,0.0,435.46046313269767,351.96104167292964,-0.30443321260218786,2.1942197792488636,0.0,38.8998739635696,121.10509031973503,80.25262095790737,67.82970135332755,78.84398636933724,67.02906443894668,60.44008931975678,74.59184555663893,73.7864116369873,49.773281666704364,58.723341146778715,21.077768804926855
240,725.9236840984253,860.1638342669992,0.6611287599416583,0.9924183102582045,0.32212941661486433,49,0.0,0.013285022243332707,1.4498901918563,-0.40333777993793907,725.9236840984253,860.1638342669992,1156.7573431495493,0.0,0.0,352.84066004919845,-0.30357549485374613,103.49864362097541,82.88149863214173,95.45381112929476,85.94427881745634,92.06749701636238,72.69676055434445,77.94908103091107,86.17643367208969,68.34789053531588,100.98935581898536,84.92476111403931,89.83982835387127,96.68955725208457,19.29794560167705
241,858.1862877239392,864.418132974653,0.6541432844458501,0.37028925977716665,0.2756833512087764,49,0.0,0.009204605384340672,1.0401627591795874,-0.0427532518119634,858.1862877239392,864.418132974653,928.8590556374819,0.0,0.0,352.78555256597497,-0.3018046638832054,66.08362839732959,77.5125298060074,55.7969440401878,79.50033272888156,83.21357936938341,65.28660499307483,69.42904724152011,73.88869855219058,76.01326144910655,63.84734773829142,62.06534698560712,66.716178302403,68.87665747873433,20.628898554764127
242,1554.5188876484026,865.9191125643105,0.5660828164375187,0.02468736053812737,0.17945147828487254,49,0.0,0.02367116956888621,3.0637784245288384,-1.2156433837297,1554.5188876484026,865.9191125643105,1370.8037756991557,0.0,0.0,352.4954171178133,-0.3011836541220017,96.58128354329314,104.80647748941996,101.908399245462,114.14061674108922,112.9910378713025,102.17482255290668,97.61079938569736,91.38719804222472,82.66639430177432,106.79763146485692,101.57450704386639,99.9800638496158,131.26031230935604,26.924231858290568
243,1391.6117833840449,867.6803082312708,0.4989426812220685,0.26468326947407866,0.6216122839462714,49,0.0,0.012191952670148732,1.50887977608418,-0.44663659403263783,1391.6117833840449,867.6803082312708,1264.7399705788416,0.0,0.0,352.5632949810918,-0.30044951367111356,73.51699412204441,83.6904755618298,90.28570824794978,89.07482035097988,102.4461298501101,94.35105732043678,95.39459410158287,102.15987933885016,99.27415911573775,109.03592451579368,90.94847051969367,104.56791211675991,103.0962130292563,26.897632387816785
244,1428.4374345553297,867.8121905703134,0.41930870036131046,0.14592138958594492,0.09326107145295548,49,0.0,0.07858033769683839,13.46334395396003,-2.8228823526146263,1428.4374345553297,867.8121905703134,2804.2424317909044,0.0,0.0,352.54795099623004,-0.300394675750843,187.6191878445601,222.43179821814059,194.69642102327128,225.05832525363994,183.64446050819646,160.66507202290921,213.6186606426516,223.81731245186478,239.02195781834348,204.51518093432557,201.25378908862675,248.80596940788337,244.8239945250691,54.270302051422306
245,1802.3099966035668,870.2997977269159,0.6418923942793773,-0.22570935542074677,0.47864257276637623,49,0.0,0.013908917979470749,1.5739317135351945,-0.4924647154226395,1802.3099966035668,870.2997977269159,2693.127781668266,0.0,0.0,352.3921709299564,-0.29935811487088515,188.83961531729634,213.1033000637401,167.2831217669733,232.90514952250754,211.4407787105021,158.7031382152205,203.56223671281623,201.90249386530488,215.19274351333897,220.6886541715193,209.72182918971674,202.07424294180922,221.48202951651905,46.22844816100185
246,1394.3646178901133,871.1531701203812,0.43925656226974347,0.49505213628255196,0.10370405890997143,49,0.0,0.013080087500875203,1.94404232539043,-0.7217642902145862,1394.3646178901133,871.1531701203812,1249.5691582675358,0.0,0.0,352.5621479700289,-0.29900253948688604,68.69431997586688,80.70072183774275,89.39682855673516,92.58639131373585,92.05230422582167,95.93985743778447,94.4258735528325,102.73534712361615,100.4476535822499,108.48203062806898,94.73827216773583,107.88424398296397,91.43126518159207,30.054048700789796
247,1811.5187707460261,872.667761848215,0.5501848020226874,0.05751494065453418,0.09377603564617372,49,0.0,0.3482030599263289,53.07431263211288,-4.3122109457661475,1811.5187707460261,872.667761848215,7918.955759177075,0.0,0.0,352.38833395097294,-0.29837146195356745,556.5807216873955,641.8426959516008,555.9007517250166,613.7500905462974,588.5388726742397,500.94964388056457,613.7276509600797,612.8540977805294,586.9067487824248,588.4144950760503,591.4084800383586,654.9011281534828,644.3123415445735,168.86804037646255
248,2259.3372686161038,873.7673187952931,0.4316360346458603,0.5532045659123422,0.3514465407142877,49,0.0,0.008787079969631306,1.1867694661760904,-0.18591591008390423,2259.3372686161038,873.7673187952931,1071.7829164986224,0.0,0.0,352.2017450251021,-0.2979102580838145,65.96004219010406,76.83734922701245,83.44450305714426,80.60446220998114,70.70750374496373,61.810037820804816,92.13554060959756,95.6155547834665,90.16551161233846,65.0190937301747,83.83041888323345,92.46593007790179,93.42906006332893,19.757908488570543
249,2859.7678083674296,874.0457105086456,0.25352509342506074,-0.5452051324911268,-0.1068723342104389,49,0.0,0.004141643882308714,1.1417263927774612,-0.1439051014038029,2859.7678083674296,874.0457105086456,468.66200148718724,0.0,169.704830552595,351.95157831150317,-0.2977851980180734,0.0,0.0,0.0,7.77739343944315,37.1739935873032,36.984599368431134,93.51569504590083,38.70343161088291,47.1238429834928,24.856809616011606,25.45221323640535,36.139163968277096,54.11445497711476,66.82040365392436
250,2230.9561712816158,876.0302280424966,0.531463958295603,0.15302214711118933,0.216908739847535,49,0.0,0.1977164562533815,31.322480467405978,-3.7396403677121537,2230.9561712816158,876.0302280424966,4650.26923573194,0.0,0.0,352.21357021673805,-0.296967703630209,305.9097246387184,333.37705899757395,331.6906720757805,354.27618356898006,333.93357631830156,323.9098342379285,374.52270885591247,338.7416294898666,392.896475270383,342.6839572628504,360.79018019047135,366.6314072910242,389.43271769771457,101.47310983643484
251,2340.9277041735763,881.4116594448813,0.5797789535111834,0.4800808402785625,0.23584945938309818,49,0.0,0.012508859357612468,1.5038613300867398,-0.4430194803421257,2340.9277041735763,881.4116594448813,1030.821655598765,0.0,0.0,352.1677499050383,-0.2947243510392909,65.82512153891236,78.94367083522138,78.86425275530928,77.21869845205683,74.70425947650398,75.75400786855259,75.90327275315182,88.24344123565109,87.70390730486196,61.51687324158196,71.92795714493963,96.58432092064872,77.63889490961526,19.992977161758017
252,2485.922642303571,882.2314710035513,0.7125371146811625,0.17712675644135445,-0.09456204579256436,49,0.0,0.02766814939822574,3.127879363334569,-1.2381249868899,2485.922642303571,882.2314710035513,1344.4407140354306,0.0,0.0,352.10733749097494,-0.29438094222502814,99.61261446771391,92.82467764399105,101.23866777494513,108.34944853033582,116.19265478928885,93.10538349817628,107.04474918928952,98.17153823509778,94.63785434525624,97.42279746301652,95.23821970247596,107.76416619736946,107.5857381974155,25.252204001058626
253,557.4823018338028,883.6125066910412,0.3527067337776208,0.09302742832385086,0.12621906199194255,49,0.0,0.01318236388288048,2.1441731892865055,-0.8281496532441479,557.4823018338028,883.6125066910412,1215.7311918763717,0.0,0.0,352.91084051209896,-0.2938031773734748,84.51466217400753,94.6508444236819,79.51200797188861,79.53823317410877,76.61773670159644,80.81961862942043,99.29189988844581,100.88895660561397,95.68103537202447,99.11260943880609,99.19952930500224,109.18950930333321,86.18869176756553,30.52585712087653
254,1002.0134349177589,885.6756376096423,0.6777774721225348,0.2412595463847883,0.14441591200038123,49,0.0,0.03585593520380539,4.847784453618638,-1.7138582540274396,1002.0134349177589,885.6756376096423,1345.460179031851,0.0,0.0,352.7256260482408,-0.2929492396158633,111.34589736577261,93.45561084006644,100.44152987609226,98.07361130546224,88.99170338034364,101.26850104763435,85.24342821597111,91.67954699804525,99.02913819623546,115.02269565052512,105.88226949309453,97.21283808931496,122.15092960798685,35.662478965306434
255,1901.777304827804,885.4075427649841,0.24417058831225572,0.1326494173120052,-0.06325051681825965,49,0.0,0.008512832913006774,1.118458782879528,-0.12154996058138326,1901.777304827804,885.4075427649841,1102.634657394416,0.0,0.0,352.3507263761379,-0.29306301396096524,58.952817059552515,98.04882483399426,100.9376858439482,77.31083138984283,99.43748090859327,71.88453566571798,94.04375410403844,81.37710659260529,75.11666708073011,85.13985317862942,81.84344445525662,86.34745604753493,69.48763656780784,22.70656366616433
256,2028.2857740845625,886.2864956458224,0.563852446409244,0.25223616977224195,0.10521307035600044,49,0.0,2.338212106074459,346.62634549160384,-6.349653920950513,2028.2857740845625,886.2864956458224,48633.79941241998,0.0,0.0,352.29801491119633,-0.29269608053687385,3392.2994056300195,3723.254898803647,3465.0347066748373,3709.114391816047,3789.9562734093824,3383.1649598679564,3742.9008493737097,3741.941105044759,3814.8871963637416,3769.25085297255,3485.101389210488,3746.669928832896,3869.6273966727076,1000.5960577472345
257,719.0858698797781,886.6771750917604,0.7928046729092799,0.15704927249769263,0.618709949717617,49,0.0,0.01571409114492074,1.5873342803808304,-0.5016709886534134,719.0858698797781,886.6771750917604,1081.7936875561868,0.0,0.0,352.8435090270529,-0.29252870892421046,71.66607717768709,79.9952170886599,69.87183840858532,82.19773353676942,72.35404628397905,81.67854934683328,98.978306165031,84.07283873062607,76.32481524065966,91.68879107731513,85.52128488516647,71.59241361176603,89.43426445702718,26.41751154608124
258,1418.7371438233042,888.4807411587911,0.9752102823253905,0.09222910156036859,-0.10557980482732421,49,0.0,0.02020907412341633,1.5685548812258336,-0.48874929642178166,1418.7371438233042,888.4807411587911,1201.8441397239276,0.0,0.0,352.5519927764919,-0.2917829975886454,92.3544195712879,99.46398819534389,87.72497073521339,94.49750574188637,82.48676668094032,86.94998124507126,92.52151338573496,92.55991826107044,80.31384551157593,78.49472742914287,101.3354339609717,97.19826290650613,89.49415427226171,26.44865182692086
259,1559.0676390702708,889.0825636548711,0.8568456263686852,0.11777601113930174,0.10483096287880743,49,0.0,0.012123437129247152,1.0913425248079935,-0.09490269518642536,1559.0676390702708,889.0825636548711,1066.7792741275287,0.0,0.0,352.4935218060176,-0.2915324865963399,81.00579018019981,82.51689440428667,88.61930557507364,81.32642339476118,89.05074813806061,77.65434726737332,81.46216994362491,75.34722146532121,70.18104110070018,92.68800903327525,76.09862743274435,70.71280608698116,81.90740607227863,18.20848403284763
260,1211.6881343560874,890.4604710710705,0.6277937892006515,-0.4231789856107011,0.2379439101593249,49,0.0,0.017998060641474335,1.907156480714819,-0.7009658200860602,1211.6881343560874,890.4604710710705,1421.810435244616,0.0,0.0,352.63826277187536,-0.29095722401732116,99.93493948270006,105.17676979553475,111.91195847561043,96.92678090476822,98.81918041044628,98.42492739208126,128.90483998586083,114.33829062962477,110.41018374826933,94.59999414232648,127.23941826338097,104.63999634973467,110.03861396735736,20.44454169692055
261,2214.9967563853816,890.6022226107038,0.6318320371657756,0.2986054231842604,0.2340309820960021,49,0.0,0.044186496670178876,5.829753875019988,-1.9141255494288205,2214.9967563853816,890.6022226107038,1622.7899153897795,0.0,0.0,352.2202198313953,-0.2908964210195688,92.29266156197593,129.80418588050094,119.30065375395668,124.88853085471351,121.66660475990224,109.68348780794105,122.96904701666674,127.18071849255122,134.8886986716181,128.83804749664446,111.57064956572081,129.46849373434014,131.89965011074437,38.338485682503034
262,1674.6566425802562,892.1224639119979,0.5087687011552673,0.21545606219197966,0.14925084558105015,49,0.0,0.12280920171048051,19.537747221046242,-3.2271862160270857,1674.6566425802562,892.1224639119979,3265.23905500275,0.0,0.0,352.4453597457665,-0.2902658662714433,223.5646727831721,245.2776049357198,222.92121840766725,257.51513939872757,217.7100246003275,216.9806514604182,295.39569305778974,265.4610445061196,257.71099181470333,242.31162975836423,221.049100711579,247.88608629826908,277.1029150024577,74.35228226743465
263,1200.9686299071727,895.6244003045215,0.828641437342987,-0.5746926654179536,-0.05632810144875273,49,0.0,0.050306776993965394,4.313810309465763,-1.587152610050566,1200.9686299071727,895.6244003045215,2330.284202695384,0.0,0.0,352.6427291939423,-0.2888055878531306,161.94164758007165,168.98715472664915,199.58645411971827,178.132616988484,195.48543564232008,147.38101478262422,209.1958661168208,161.59591566876878,197.471356556253,138.53923390574423,179.88021605791118,178.64622028965488,178.49547882109817,34.945591439265925
264,1049.9998767683805,900.6101440156624,0.41063935192795004,0.32784583477943413,0.0011404603838142476,49,0.0,0.007746245234885006,1.0284865929152398,-0.03049658679323842,1049.9998767683805,900.6101440156624,1002.3803040907669,0.0,0.0,352.70563205757463,-0.2867271702197752,65.26229319126654,72.20004658599632,73.7472399010619,90.98174133771496,76.98896072084125,67.26694486529195,86.17190087044216,70.1416587202657,72.03068751556461,71.47952934442834,67.12496736272317,73.7996929816648,87.42755628096315,27.757084412542035
265,1715.1739299129822,903.1971603054701,0.21017054725016046,0.1685552347951689,0.47139925158762547,49,0.0,0.011308564225552752,1.9540535055723622,-0.7273411283144686,1715.1739299129822,903.1971603054701,1296.5641577417357,0.0,0.0,352.4284775578229,-0.2856514728720001,95.70459330186281,98.24007982303135,79.0047034846937,108.951026809741,94.5244417324335,89.42534692398377,110.66568488187085,106.39648933486836,95.05363266482317,99.61436792407409,88.2066253094477,103.42658268361089,97.96193850999961,29.38864435729488
266,877.8763482921822,904.2927155367819,0.46624837713861933,0.7350779609365707,0.25400531623103845,49,0.0,0.008545736011415242,1.0584264211330794,-0.06165168114466954,877.8763482921822,904.2927155367819,984.2798708878955,0.0,0.0,352.7773486180258,-0.28519116478431333,70.43375123454153,73.2910533186336,63.725003104644486,65.58544356763302,70.3770632660804,60.324936781356506,89.19529429617864,72.49293259516249,88.49037323019897,63.87970375356853,79.43334334929627,78.80730515122048,90.62817747674424,17.61548976263633
267,2685.9847842340664,904.3487715720348,0.48122794451603723,-0.26773929177970734,-0.29758628713610685,49,0.0,0.10076651507005913,13.884129334616539,-2.8562966264873197,2685.9847842340664,904.3487715720348,3932.1150768276575,0.0,0.0,352.0239825914162,-0.28516286208182423,231.60620293257944,324.1392320318587,286.24541341124,316.53508690607157,301.16573063810745,287.22936500220425,297.52908862449954,310.46159117499354,267.577812782915,297.1503731232375,273.83840413514423,356.80296097400674,314.6749204888895,67.15889460191005
268,388.17185366251783,905.1469486764177,0.6368223459936799,0.5182919435755909,0.3559416844630284,49,0.0,0.2221769155829094,28.389332000669093,-3.6328879343054483,388.17185366251783,905.1469486764177,5914.349254470553,0.0,0.0,352.9813817549236,-0.28482811217911236,409.0218455545074,435.8419263498777,415.0375910452696,487.53733124062217,457.6750998635296,384.92113671297784,463.5970101284271,474.15650418038985,471.0167680257832,425.0193296275989,458.6143310146831,424.7519452423127,482.58574902612156,124.5726864584524
269,1191.3998045438564,905.7711341475743,0.5788076574514807,0.48132731016544134,0.10260775437166834,49,0.0,0.011336762904593373,1.134936969340095,-0.13742935728562783,1191.3998045438564,905.7711341475743,1145.324030639816,0.0,0.0,352.6467161693846,-0.2845778511998856,77.40301766588829,74.60539367838993,92.00195762711995,86.28790816906653,102.59221302403353,75.4959360760273,82.97287427232894,83.75200358873997,85.8564604647338,87.97046820102327,84.78620127998454,98.65151934909082,84.61338458084306,28.334692662546132
270,225.6648061559929,906.0259023703985,0.8152509729434022,0.1053530579806531,0.0294900102794606,49,0.0,0.011165382253938663,1.0453068221483115,-0.04810946202162318,225.6648061559929,906.0259023703985,892.8769289643446,58.4229222971535,834.3242018659937,353.04908699659734,-0.2844587429693849,102.94716521087598,114.96230940704658,79.16574941387869,65.166433194855,70.79939345831092,65.10933306820995,87.85553849331475,57.16733099851465,45.48652435677528,50.35204099498026,46.63679483932507,45.668594673830455,58.867878519043344,2.691842335383723
271,2707.174697880655,909.9186370079407,0.4366891939528558,-0.2779505940792091,-0.5839333471050312,49,0.0,0.03337185339215056,4.373932852092725,-1.6021802788359818,2707.174697880655,909.9186370079407,2028.7412275631311,0.0,4.046540531877047,352.01515402386275,-0.28284186873340766,135.44368241977168,149.47508146614297,160.85638207445868,129.0093485768921,181.67832367696528,128.80473061775925,168.26005069887145,154.12694389578465,156.7792577147378,150.42819243023257,148.4290353440055,160.97860938287022,162.31187057635006,42.159718688289075
272,1845.96592046123,914.3320152982363,0.5810742157331309,0.10089035353636623,-0.03709186339374378,49,0.0,0.01912470423248295,2.330523415361164,-0.9186336768939516,1845.96592046123,914.3320152982363,1275.7111390292148,0.0,0.0,352.3739810153283,-0.28101171897331156,77.84372984731459,92.87289599363064,104.32386620595773,115.49819971188903,99.87269509399331,85.7808333707147,91.07026018258122,89.8627645203526,116.84389161316031,79.4450736268843,94.86496825100082,99.30207675461213,94.77375819666918,33.356125660454396
273,2578.2271725859628,915.5287240742506,0.5528745813500447,0.04010968790541621,0.18186832770978537,49,0.0,0.014509830133484728,1.6091521222831067,-0.5164927559051851,2578.2271725859628,915.5287240742506,1229.6984855540359,0.0,0.0,352.06887904511075,-0.2805064600747101,104.51235294893912,93.2260555631139,82.63713027312342,84.90378629531014,89.64030462819827,92.63885463460275,97.31434320918021,85.38170871083861,88.25234468927292,114.56590651401103,80.74975218952582,100.81034877726697,90.23624211853313,24.829355002119666
274,154.19214309400846,920.2085399858688,0.38617461848839796,0.07238634480675421,-0.6861270425341132,49,0.0,0.005451886616617855,1.2429050202918301,-0.23609485551563644,154.19214309400846,920.2085399858688,573.1010960208894,10.406207301280805,63.391118137109736,353.0788641314599,-0.27854826864517207,24.615823179207183,88.09953415163564,22.72645269360241,55.81757869786759,77.82482385610027,39.92575485993622,0.8952847269536988,0.0,110.59347645178529,45.453453918357155,32.118614568588924,74.16554369309159,0.8647552237634403,0.0
275,2219.442038072779,919.3770184885175,0.4989280705975579,0.676400004158039,-0.17965920045767347,49,0.0,0.010393603274503789,1.1914130048157594,-0.19015584077708647,2219.442038072779,919.3770184885175,1065.6566995845312,0.0,0.0,352.2183676641521,-0.27890730875873126,78.94772880251625,67.91195627407134,67.54270847214045,103.87200705854445,75.1103493501987,93.74113498219393,96.4429297153673,96.42088120542672,87.36778273925232,70.9060686652738,59.14324319546068,69.16703190055044,79.61883515543161,19.464042068103268
276,1452.0585406972918,922.6275259409838,0.43771896927541243,0.44026467793500024,0.4038585859290926,49,0.0,0.022695575739214463,2.0714351914160547,-0.7906783754028436,1452.0585406972918,922.6275259409838,2568.947332798157,0.0,0.0,352.53810888860437,-0.2775556272296538,174.88311490546107,185.57983678039466,193.90085988097854,168.718465445617,177.04674446577027,172.15110109354538,216.41749182917235,187.31138294390632,227.22351554451433,215.3116762713644,176.74462161276273,215.50412005722433,202.6708171781761,55.483584789269685
277,195.8809298916457,926.9945388407274,0.4033966884781945,0.6603333891776382,0.9985533417918414,49,0.0,0.00855534874244991,1.2824163703482523,-0.2700726331331075,195.8809298916457,926.9945388407274,848.0375565038994,55.94309402747464,349.55928548524463,353.06149567989604,-0.27572186041936325,85.30407773149446,79.60468107555931,24.270037796764374,80.8316031005409,73.422900888012,54.25464818078628,63.499216108686625,66.71734310708582,32.12208844306251,73.59600493001449,103.15654890810276,73.83290033866592,37.425505895124004,0.0
278,1450.9254555575706,928.156287836466,0.5312970490887313,0.4304051026833453,0.8347429768030684,49,0.0,0.01648726392923662,1.703987981465066,-0.5786663182101985,1450.9254555575706,928.156287836466,2237.348906399693,0.0,0.0,352.5385810068751,-0.27525203084917244,154.35877576098773,162.0333272727764,180.08446575849052,132.0300479264135,150.6177721427092,145.95905348741013,191.97569255066668,173.1038603737638,208.8855029104938,189.66979886257735,144.86106126826698,183.88798250149264,173.0209648182784,46.86060076536586
279,218.79118796405172,933.4085773584634,0.3395936309494359,-0.07158292764740744,-0.19593765331745666,49,0.0,0.01611829663460591,1.8456201457781205,-0.6653558051487073,218.79118796405172,933.4085773584634,1734.0406091729876,48.48588426898095,1360.3828926135961,353.0519507250391,-0.27305000812024405,156.53607635773403,158.6650743131244,89.08126581961538,117.99080099260411,132.61860343030293,96.82878341614702,124.99524107862406,120.11115013534226,149.08199659080097,139.34058350230947,127.4832942266498,153.30736637914498,158.60351961452272,9.396853316065327
280,1477.6766006110138,935.9036960626453,0.9881633926319198,0.12557548946766842,0.15536770141587294,49,0.0,0.026211091128024992,2.520131196431892,-1.0035578761634576,1477.6766006110138,935.9036960626453,1188.8945975457855,0.0,0.0,352.5274347122617,-0.27202407469638323,76.36806914360025,100.30827093640103,75.13324410045037,101.39394064225684,80.7372101859113,85.96764555811552,89.37328490671106,74.9124757541567,88.9617738041382,102.90309218671352,84.43957499828198,90.4162104352765,109.27946616412248,28.70033872964982
281,2375.1551473128334,936.2177558680975,0.34680145107263977,0.19587189960903026,0.15693845701878273,49,0.0,0.007815870447178694,1.133534623145848,-0.13608697483420318,2375.1551473128334,936.2177558680975,1017.7525755974686,0.0,0.0,352.153488898613,-0.27188901380663233,61.23370913188655,87.01518559563931,64.24622444552845,77.7560393279303,91.65983568515335,80.86980905969281,65.52270258511356,73.41043040262616,80.02701604746535,69.95206973842323,77.7536118624518,78.9867203768197,88.19693580206359,21.122285536674482
282,181.42141220252088,938.2919390451957,0.7766753066018239,0.08207193621451604,-0.005145896962858792,49,0.0,0.010042301844930018,1.0117223794483863,-0.01265339189574769,181.42141220252088,938.2919390451957,1124.169434907501,41.70765508388183,427.4347024501278,353.0675198455306,-0.2710146743507953,65.21666821700393,121.97546179389349,79.12603565374181,148.51902680516912,147.72464333317,111.8073598956774,32.38590168957162,89.7716637017291,65.1800275454888,122.44888392587936,62.51093804638877,35.08066965022399,42.422154649563666,0.0
283,170.96455467094773,939.0297678143734,0.27820572004910865,-0.30306298772415535,0.270917365122295,49,0.0,0.004893624244649726,1.0980399309964481,-0.10154533456589064,170.96455467094773,939.0297678143734,958.1362517337475,38.76794657426569,357.5904369392791,353.0718764006051,-0.27070705598830075,47.42836948862535,78.33510513324784,60.54303005356833,121.28009062875805,76.0511808471307,58.95395942541042,27.10158670514819,63.63738110527696,73.17616292111472,125.15133756931169,51.859849575184654,153.52743323496546,21.090765046004975,0.0
284,1268.2402928164875,945.2262195400504,0.671145189923767,0.1804734814820059,0.15354721128835214,49,0.0,0.06557172705978935,8.557614313755211,-2.330881773030923,1268.2402928164875,945.2262195400504,1936.2394424794104,0.0,0.0,352.6146995498301,-0.2681391051608748,145.15507811873897,148.63766614307858,141.00424076369464,175.92236913317308,157.40524605457733,147.3722846279884,156.86492951295475,141.09173137236684,154.21019338783168,125.21509139104506,133.0779718671121,138.29594589844717,137.40511460892992,34.58157959947177
285,194.52299532596336,945.5949276896231,0.39106323657673253,0.48272930914150414,0.03190321200889719,49,0.0,0.05217132121878719,6.905440370856025,-2.0979784486097444,194.52299532596336,945.5949276896231,3450.7791746980747,141.6190380764242,2744.469513839759,353.06206143340444,-0.2679722564510751,446.7046410301234,428.30071932700594,379.94769452725836,210.4180592043576,238.7798427001968,137.37658420621935,205.82130645504796,203.7966580395647,269.7594962059887,239.36253985660727,263.80925640421253,243.79862089152286,180.10446665538018,2.799289194589597
286,325.328463722558,947.5027556784355,0.5170865791134567,0.2057000978532209,0.04782425959707948,49,0.0,0.020325689278000336,2.5800707858150655,-1.0290790531514522,325.328463722558,947.5027556784355,1378.912374007,0.0,173.61654470293976,353.0075643610804,-0.26717986508343866,97.8617514357961,79.38746631095351,98.39338916037623,108.50839195457748,113.0650427310466,103.54160977908322,113.3188473920365,114.2300834166568,116.06862727270838,100.83896325071525,119.97879387441148,81.85338834282275,107.70721041935306,24.15880866646251
287,1834.4187759165422,949.0774863093641,0.49528724082892694,0.06379089760007305,0.018322531394460845,49,0.0,0.01221324846068614,1.6324637414018353,-0.5321088598846544,1834.4187759165422,949.0774863093641,1072.022984808687,0.0,0.0,352.3787923068016,-0.2665348439879445,80.36368345687586,88.37403813271322,70.92219697098216,80.42912037531546,95.5160836265377,56.247755718781754,74.2601385830938,79.00408138243932,88.61504281504483,93.19782672192218,75.38249395372219,84.55040871046297,77.1487164220022,28.011397938793422
288,2714.554328633474,950.1601247429033,0.518958273910648,-0.5021328211830688,-0.3347670389500213,49,0.0,1.0233093446742578,136.1314299956608,-5.33489601649512,2714.554328633474,950.1601247429033,33038.67897061885,0.0,0.0,352.01207936790684,-0.26607540853978673,2217.118098567501,2557.329483915026,2339.9633429442392,2532.8035157134073,2593.489432097585,2261.4360940431707,2575.141963237687,2539.445273301312,2539.7028206690775,2655.640668807241,2497.453114859967,2569.2266693801075,2557.0083027118335,602.9201903707003
289,1050.7843137042341,951.6020844019322,0.3919075475904577,0.30411726236355785,0.19519901628073685,49,0.0,0.012036971853275754,1.7361509557038368,-0.5989687093289585,1050.7843137042341,951.6020844019322,1111.0614243529863,0.0,0.0,352.70530522147,-0.26548121595933044,72.34535059228438,74.89335270667539,83.26022361954267,85.96905396729846,88.58648922974521,74.7412458157628,69.94556578418027,88.7384251709451,85.60645619061134,94.82576748161648,74.73470674615717,91.27795178684886,94.48117730455947,31.65565795675865
290,565.0207647813271,952.8480842405223,0.5949023437954691,0.4378562941599845,0.19565943689918608,49,0.0,0.0179564920285711,2.228446136327177,-0.8700053530909471,565.0207647813271,952.8480842405223,1218.4560542221257,0.0,0.0,352.9076996851897,-0.2649566703525671,92.97778588388095,89.36014256026664,113.21234469105164,75.66066707261683,88.89430069563687,75.79480125807422,84.01497507589771,104.37894143801077,101.55805644740282,105.82596194805163,87.92507842300594,79.51363761325908,92.697197228281,26.642163886689488
291,951.7770792751412,955.5889315760824,0.528892727549658,0.2432363581060237,0.07359702005286833,49,0.0,0.04229811035454219,6.5254724654809975,-2.0365299037127413,951.7770792751412,955.5889315760824,1574.9076262841459,0.0,0.0,352.74655743490126,-0.26381925196518424,123.78491552389768,110.8418198156387,90.99458303780463,131.73116316562522,110.39742274400064,127.27858965617855,113.74754588575769,129.39707033932942,115.18536067708342,112.98559570608231,121.23113407582099,117.96698349195174,131.7350810510185,37.630361113956255
292,486.02681399134786,957.3141678333411,0.757506219183605,0.4188694023912999,-0.22887874015181378,49,0.0,0.012308299283632536,1.0189591908687474,-0.020391977348218564,486.02681399134786,957.3141678333411,1274.8297966823143,0.0,0.0,352.9406118072867,-0.2630947145150649,95.50310988311463,100.77840109761144,90.73967086330674,75.77958298513468,91.13112508305198,83.9945724162664,97.28769738347626,89.64413524756768,115.42917615497012,120.87771135128324,93.55624373940626,97.87332939340457,95.08789301362225,27.147148070097877
293,1732.351556680022,962.927872702508,0.5112547608458885,-0.009403145357194685,0.07592676135491597,49,0.0,0.02616963636301429,3.7787129866628844,-1.4433597654883068,1732.351556680022,962.927872702508,1401.5119102681629,0.0,0.0,352.4213202201316,-0.26076424219870264,100.28799579686353,108.59591856778653,100.31632103483871,102.27748122992494,118.16291672397159,85.4039926116917,122.12246504644351,105.54781431772173,97.30417528073343,97.72902281113576,98.44748118639393,120.67941373615817,119.48190932582148,25.15500259867782
294,524.0358586679287,964.0649168945876,0.8326882063942748,0.3107170856726775,0.426005760039216,49,0.0,0.015569858897058371,1.501361621331137,-0.4412132749676144,524.0358586679287,964.0649168945876,1098.4709232199825,0.0,0.0,352.92477571861235,-0.26028262876942154,65.23676400636121,84.13002827780721,67.44415516537653,78.71410643914078,91.57213588060887,67.66482269900256,69.64703243015242,91.60317186451547,92.89587421879385,81.81837633735091,84.87052025644849,90.28826768562988,105.2955185559538,27.290149402840505
295,2735.2498355246703,966.6794983511865,0.39619104645838976,-0.6823936581370708,-0.800646014582623,49,0.0,0.013217400697668049,1.3264327602638788,-0.3067130988819954,2735.2498355246703,966.6794983511865,1511.1177359357366,0.0,0.17531179417414683,352.0034568151692,-0.25919239319602216,100.51067459341067,114.67617943156213,112.79526724592536,119.73249570795146,130.03467988250998,88.88509154713228,122.2855769466997,127.6566524620802,110.13177364956695,121.45219132388877,97.19481608429348,111.53012681614007,131.88813155539054,22.34407868918493
296,801.2853910224014,967.9504947825644,0.6846671081184882,0.4001979178298584,0.32740829591424525,49,0.0,0.011714559320751928,1.1410409158650598,-0.14325304447196238,801.2853910224014,967.9504947825644,1274.264439100704,0.0,0.0,352.80926053839545,-0.2586672787197216,83.31696349135134,114.04125403835823,102.71883938134636,112.30801174731774,102.93351358365086,66.56969676574829,81.19077149281577,78.24097956584437,112.7984770236906,94.66600315668782,81.57001501284574,112.74460327766877,112.38181534116103,18.783495222217077
297,1264.9024330906825,967.1994125421919,0.8333226019128972,0.10700777423877961,0.1524076305566913,49,0.0,0.013645747478159463,1.1304535501115296,-0.133131805149508,1264.9024330906825,967.1994125421919,1230.3163843195616,0.0,0.0,352.61609031786037,-0.25898382053984575,85.23501420498823,105.3468614592856,101.79678567718233,83.82323993067828,87.22157331989075,75.65853387906121,88.11061019574626,80.94306749253386,88.55774289673943,93.95773967698608,94.53021825373847,100.09981160781021,108.93021116259284,36.10497456232825
298,1150.901191864417,967.5315599929061,0.4910383456425152,0.2730593188156485,0.08279544182948669,49,0.0,0.014639962754367072,1.7532044717108612,-0.6095814242293806,1150.901191864417,967.5315599929061,1231.847559920241,0.0,0.0,352.66359042667386,-0.2588448164536525,71.81900294887086,76.44856338683533,85.30817118270019,92.29523777979819,103.67787763818637,78.26286266119143,107.66355169435015,77.97288856290133,91.19414516572319,98.27706442792682,105.59104800532259,94.43559610909443,115.64851805060486,33.253032306735335
299,1658.1311057227492,969.2878483814834,0.6404618493385323,0.2738443000762738,0.12317623751998305,49,0.0,0.4876994676009477,68.00618223458186,-4.581370987218625,1658.1311057227492,969.2878483814834,9307.777745994452,0.0,0.0,352.4522453803831,-0.258114405936022,627.438570362629,685.9333015686834,667.7960210781246,685.771019742165,709.5959505681169,662.603350243116,715.963403414595,754.5029943631184,758.567975671973,746.1058215629279,682.2145766583064,732.0027045041293,692.1860469441554,187.09600931241118
300,2442.3769870650667,968.834270532894,0.5540517046780755,0.1764480741678071,0.04355294199766146,49,0.0,7.684455814200655,1120.3627732833486,-7.623396674811579,2442.3769870650667,968.834270532894,179579.46831402316,0.0,0.0,352.12548077128184,-0.2582985746553959,12358.10004194309,13538.706492591033,12796.365441345253,13808.667135843181,14074.753431839676,12609.477574211849,13944.521355052759,13910.076220847823,14190.56053433625,13861.680972027974,12965.236568121256,13764.27015257355,14157.623214360723,3599.429178928678
301,806.4762443325392,971.1990302973151,0.5097238482752096,0.10675097859385238,0.06838181940542315,49,0.0,0.0126253365181386,1.5382203875940044,-0.467546408005223,806.4762443325392,971.1990302973151,1291.1452144125597,0.0,0.0,352.80709775694265,-0.2573138298772953,72.37675531085874,100.39140501434494,108.63584731093101,105.64847349655015,122.92587397020176,77.54855865273984,86.97143014150245,76.0599063854013,117.26841433306988,90.2337985635445,87.82568735625436,101.34160273729547,122.34782580466927,21.569635335195834
302,2850.710671086383,971.8633067817035,0.4060282265486718,0.9625932336570763,0.8914176170882754,49,0.0,0.00838807587309982,1.0802330271922402,-0.0837936283175516,2850.710671086383,971.8633067817035,1886.6974629887122,72.11095067850401,1043.4431518051588,351.9553517712169,-0.2570307206674518,668.7841772284686,105.22784260637142,99.43953873143342,100.22374635728994,113.67491135299402,77.66112212200092,112.61138859288931,132.3982731440741,72.18779274374992,93.85197008658437,92.42925230390003,80.61508366328405,109.89524249925267,27.697121556419376
303,1760.797892644877,971.785832713866,0.4824228644088915,-0.3801618078589273,-0.28094263243010736,49,0.0,0.00958071966938106,1.1067351576777267,-0.1101092660175805,1760.797892644877,971.785832713866,1085.853083866018,0.0,0.0,352.4094675978424,-0.257073448977176,76.9028431332803,81.23533617138932,76.48617682237753,73.35297809914233,87.79587308724263,89.93687253132,86.67535865781912,87.82099151965465,85.49948978711046,91.59031507190656,50.729393021919066,88.98261231469411,91.42193825350326,17.422905394658507
304,548.8380730342874,976.9463736965545,0.5057637423836907,0.39988912973763024,0.2566678566300242,49,0.0,0.21052290679983637,31.492454872312443,-3.745516289249718,548.8380730342874,976.9463736965545,6095.769095721622,0.0,0.0,352.9144420889565,-0.2549159879589914,394.4046300329735,453.29129356704965,430.84682067572,437.5327430741211,464.85149214181473,421.82893510522103,491.4105975155458,465.4069969355164,498.4510456884703,507.06847852976824,429.2386324197398,478.2428038059957,483.0078324281827,140.18679380150274
305,620.1104378170767,988.715398931038,0.3909901695196725,-0.24723068165254067,0.35529315960610375,49,0.0,0.008221468921902194,1.011794936258157,-0.012731253898402378,620.1104378170767,988.715398931038,1041.5893683737595,0.0,0.0,352.88474690649235,-0.2500134271771957,69.16476820887496,69.43080180123519,75.52329733217799,80.766114876915,94.23675362995692,73.38521128844422,84.89218579003116,78.4472246257609,67.44734649516599,77.80437660397939,82.26454474081493,73.42583300363862,86.75192763548355,28.048982341280777
306,2606.795908466331,988.8611733474369,0.5747491228994422,-0.17948940604002767,-0.16485468504869571,49,0.0,0.35713698308950603,49.77457872778539,-4.242518982548597,2606.795908466331,988.8611733474369,8909.296888436069,0.0,0.0,352.05697601061445,-0.24995235043562078,647.9957935119921,669.7295292099432,602.0789463709987,703.8143179830145,654.0329918915061,652.1264164908034,678.6525391025029,708.7789154087081,692.8740203909645,706.061740193338,634.186867122904,677.29252426683,698.355561741617,183.31672475094538
307,1394.954659656955,990.1818573303017,0.6115210067940186,0.25020837575284083,0.1571062539264321,49,0.0,0.6153353818751498,90.1271689366342,-4.887139323191876,1394.954659656955,990.1818573303017,11367.816988278522,0.0,0.0,352.5619021262794,-0.24940849034683577,814.0542308481838,906.6668860400683,797.8626039189043,891.3267061770638,836.1443544186745,742.8285159042291,865.943235072821,907.5156866046,895.0856563477336,878.8719710102133,804.1454530869565,879.8172140390993,895.5496123647704,252.00486244520374
308,807.9085042041139,993.0037122481922,0.6411482526500544,0.6308350918991867,0.07022381485628139,49,0.0,0.021064185877172403,2.3311573636082965,-0.9189289783531175,807.9085042041139,993.0037122481922,1298.2169924958212,0.0,0.0,352.8065010065565,-0.24822889585374242,69.69290659854275,104.21729664071708,95.38215356947197,103.78642068694,90.61986897853456,89.6491965086241,100.44561151932501,86.93871457098888,114.44974845963179,93.8182937099589,100.52128902301386,124.60647092868132,110.12419502201203,13.964826279378924
309,386.8181082276069,995.1949530639636,0.5341673762458716,0.4552721028257494,0.28445362855045075,49,0.0,3.9356022723420465,570.6306892080507,-6.890887812078064,386.8181082276069,995.1949530639636,100818.34996152877,0.0,0.0,352.9819457996457,-0.24731038736792532,6999.02341404376,7750.702219722688,7147.240812513599,7729.058084301165,7835.189031218354,7085.594444576176,7768.989923666722,7866.1727031916325,7901.015418225072,7848.8430122874925,7163.884707367605,7910.327706312597,7788.5689843082755,2023.7394997936392
310,2184.4943770751224,996.0963075882714,0.22528115854039113,0.1889834392531523,0.2706559785021103,49,0.0,0.00974564532629031,1.552221961305562,-0.47738455918319156,2184.4943770751224,996.0963075882714,1115.0280989901296,0.0,0.0,352.232928893221,-0.24694223584110672,70.64433024429016,79.51540340362178,70.53694099650058,81.67978930498711,82.89847646425787,75.3507303188951,84.98762518976915,97.94335714567077,81.77575618670308,87.16245548328284,106.97578380836224,78.71391865480643,92.89118029633458,23.95235149264785
311,978.8496992124392,997.0299204428538,0.7215517565402296,0.3957769687323353,0.1066808935046092,49,0.0,0.07586584901895821,9.730031778163905,-2.4702856466777376,978.8496992124392,997.0299204428538,1912.1791127575011,0.0,0.0,352.7352774284462,-0.2465529455239194,125.25409456669226,125.81291377081149,158.08817149893463,144.66822141513407,148.78431026960533,115.05382298228858,115.69582764182404,151.7933164918968,160.58429027310422,159.2693399217016,154.26311094746268,158.3925759260036,157.69390066338076,36.82521638866143
312,2237.537738933419,997.1806715775442,0.6959789062664168,0.626745917713815,0.39158871967639103,49,0.0,0.011196369086552594,1.0268256774337705,-0.028741800924603524,2237.537738933419,997.1806715775442,1050.3315570431453,0.0,0.0,352.2108279364,-0.24649000816981548,64.9083220438925,77.27783041517499,85.25237699762432,84.45292922779801,84.37282630294138,83.86684718312333,75.49846687119894,82.52363123206088,87.86179936453499,78.48102884125468,57.75941268561519,95.0908985697276,72.54558191541386,20.439605392784678
313,1017.3228704982366,999.2645299442289,0.579030402658769,0.004567949315585313,0.1055808080733141,49,0.0,0.00851169351794537,1.004067487466319,-0.004407261228663239,1017.3228704982366,999.2645299442289,947.6386072082107,0.0,0.0,352.71924725444836,-0.2456221866608765,74.35018599113701,54.508500048343095,78.54747566319443,70.58663669431033,73.25883100188875,78.13188453471656,83.42695578248198,68.06588725781359,69.5678869048986,59.472747559138334,76.66751393447962,83.63191860864208,54.93068861102217,22.491494616144085
314,1420.4435122079576,999.6117012697754,0.7517550179207261,0.5211749679122277,-0.17235961611871317,49,0.0,0.012227893512437278,1.203424801387748,-0.20104739406254035,1420.4435122079576,999.6117012697754,1121.3142468559709,0.0,0.0,352.55128179638047,-0.24547953309989257,77.52203414173633,87.8051711819173,97.86811838295543,93.14768942214968,80.54295470753317,79.68841745578624,91.92128414826405,93.97575028760832,83.96694081008698,88.25020257063073,72.57349459021725,84.17990126540121,69.57150740571286,20.300780485971174
315,1503.861048003952,998.5273591612129,0.2831024637620338,0.5196999020866041,0.2541952205805727,49,0.0,0.022743470268295683,4.23526219160807,-1.5672007532216545,1503.861048003952,998.5273591612129,1569.3558134547116,0.0,0.0,352.51652453885254,-0.24593148337789753,90.10246533499775,136.27332019707694,119.98556172802245,109.85336545684328,100.46182026942463,103.92612278280222,110.8140450369001,125.58049888344902,143.35658500396804,112.5676888670201,113.0294526545025,126.129563814563,148.3619598182789,28.913363606862646
316,1333.7321064155828,1000.050386886692,0.8926275959088651,-0.496518360843065,0.32665128669577115,49,0.0,0.013023850353807903,1.13067481092856,-0.13334429275936718,1333.7321064155828,1000.050386886692,1114.1739394114725,0.0,0.0,352.58741143891797,-0.24529649976611867,93.9651462105089,88.61007764683004,75.72487298297544,82.7407344170039,85.55113766820556,85.68329769268274,64.96936309261974,87.86744914849135,88.34026050291996,76.89411056793962,84.70361962162156,70.29002382090171,95.7768786791487,33.056967359623215
317,2038.8602737590327,1000.8580548345842,0.6250558990640936,0.2886532134539028,0.02578586059329237,49,0.0,0.0159779737149087,1.7750938649203272,-0.6230533074765425,2038.8602737590327,1000.8580548345842,1139.4611291102196,0.0,0.0,352.2936089023209,-0.24495919478791156,82.59318760827486,82.02088985906437,69.30926233935105,90.062223280365,74.04438583398948,87.73943981981019,100.20738623442666,92.78269607860774,74.8425065486979,83.77137582028026,79.32576368587773,92.08190760289148,100.11558163160655,30.564522766976253
318,2504.146951348224,1001.052634175876,0.4946713815303925,0.01838095414853308,-0.2666073103494466,49,0.0,0.013659480536877006,1.3917555405978956,-0.3589073972867662,2504.146951348224,1001.052634175876,1272.2202359160756,0.0,0.0,352.0997443258089,-0.2448740789857404,85.12876110361445,101.2722145857237,112.78141194375104,98.19594882251985,83.79492055381996,95.84501371540112,88.56717166587441,77.03000049802114,106.11930642680629,105.27998146296345,94.91856149840761,96.37232044346936,99.38393804960614,27.530685146096857
319,1401.2212765588483,1001.8820567675849,0.6774232478776904,0.10199650220486921,0.1956877017470869,49,0.0,0.0749227657653596,9.775667692570357,-2.4753660750919657,1401.2212765588483,1001.8820567675849,2366.2199646838226,0.0,0.0,352.55929104314373,-0.24453352330058994,181.23169898477343,166.35553759784364,173.63990419570518,173.5909658643818,191.18566681014283,173.85394049443977,191.63955019245992,181.35436671472849,161.28832064848172,184.43768227642389,167.04889439677572,189.8259682332166,180.92052745027362,49.84694082417596
320,710.3152606192483,1004.925377706975,0.44254170875946586,-0.014082022981633332,0.03295824042583586,49,0.0,0.009106365531490346,1.2129342772046412,-0.20959317318735668,710.3152606192483,1004.925377706975,1003.0829281578435,0.0,0.0,352.84716332154915,-0.24326065648108947,67.41590469618853,103.43114343116036,72.02272977372115,68.6401376434763,83.86501804501091,64.30217422477804,77.58850758904003,74.05845781025843,69.66527439547292,66.99667335021067,66.32946722619869,75.50567425201473,94.0129744934823,19.248791226830477
321,1639.4354294861466,1005.1908756424831,0.8736075878269781,-0.23939226975698333,0.06267706057226342,49,0.0,0.01928941746442894,1.8261133346243705,-0.6538193194613966,1639.4354294861466,1005.1908756424831,1114.6199991079332,0.0,0.0,352.4600352411252,-0.2431551217823768,56.22033084469768,81.38234021815532,72.45312592428799,79.8705856866631,69.62555465681811,98.34270203413067,92.5666509722237,98.31153208238277,78.15421365587616,117.38640635050913,74.10317445458861,99.80213217012928,79.46266009059897,16.938589966871547
322,867.6208163559935,1005.6189381591801,0.8247813994749116,0.5816725830863034,0.07683428027221206,49,0.0,0.025183692459764154,2.7045789917634786,-1.080249175654315,867.6208163559935,1005.6189381591801,1181.3206777872665,0.0,0.0,352.7816216540159,-0.24297332470977095,80.61721496631584,83.57689617154938,91.54826783086824,83.32965682259325,103.14680220618689,83.92779327374862,79.87120015252208,92.04974077539212,105.51137017075656,79.76883205491862,77.86020167690583,100.7198749909597,102.55495945273594,16.837867241813377
323,489.70972862369075,1010.640976822274,0.553405616802974,0.6301207082071744,0.555882727196007,49,0.0,0.014006920670098908,1.5752591200657526,-0.4933800066769101,489.70972862369075,1010.640976822274,1216.990384134374,0.0,0.0,352.93907737590246,-0.24087643955487542,91.91699255194403,87.14814803974977,79.39323371500932,88.44886380376389,97.49641343997487,78.47784990693486,99.6957498121315,99.26669869357647,90.5295879111134,89.02405075032999,100.4666643268892,101.32632608904387,86.65251237954101,27.147292714372014
324,1600.4336834886808,1012.7065336820218,0.444895866410933,0.8159323931253601,0.18587241022239015,49,0.0,0.01844255594596424,2.7874940199743308,-1.1130348609074168,1600.4336834886808,1012.7065336820218,1301.1707080590365,0.0,0.0,352.47628596224695,-0.2400236652984655,100.32445495847963,99.44874662020602,99.96972373834319,88.23388325821855,106.49521700533506,79.2615219412282,107.9957545392932,97.10060944336874,106.35223043683608,76.61144994324032,92.42314281363548,104.10401977245775,116.01471940441499,26.83523418397938
325,1729.5328675324322,1014.8939462647513,0.621943015885217,-0.13593104468392894,0.14392152584295367,49,0.0,0.010356553194136808,1.1188059209149386,-0.12188689016819454,1729.5328675324322,1014.8939462647513,1039.0408981742714,0.0,0.0,352.42249467069223,-0.2391121547114868,77.68700514394659,70.41838579283478,75.65529578169226,70.48327046020017,83.37944094523634,61.48244161502427,76.70635195819965,66.5657661387745,87.46580193828285,80.75256669566411,97.9189069727322,94.86505171866546,82.69166675961159,12.96894625340653
326,2394.9464253430538,1013.1999226731931,0.5616803584774174,0.7081440580231951,0.4179312411881455,49,0.0,0.011660103718463058,1.3704986699647126,-0.34219654600899296,2394.9464253430538,1013.1999226731931,1092.0173914503514,0.0,0.0,352.1452427887634,-0.23981408812016036,61.4692042952101,84.78873450232868,70.34888590523329,90.87771644767709,79.31071361882933,81.54344804782377,81.5066668180443,66.29799931704119,96.73121595027865,103.11117545609515,69.14397834800673,92.62823048177847,96.32363479425499,17.93578746774959
327,230.99386970022871,1014.9190480765676,0.48362527260512606,0.5189182125082994,0.4117947122158096,49,0.0,0.9121101082330793,134.43271075542378,-5.3212623900254306,230.99386970022871,1014.9190480765676,27114.058708951095,0.0,23311.35631996452,353.046866814033,-0.23908994406561823,1875.0792602244644,2080.5200642778327,1978.3332299791948,2104.9832343244752,2030.3741847561678,1910.4997746662193,2012.978342347803,2148.676440879325,2133.21385604807,2092.529715772085,1883.397814076498,2096.280022752064,2225.9282959365296,541.2644729103703
328,2382.1811497225217,1020.4716970139198,0.7225815703535775,-0.21759137027949765,-0.04702790493109341,49,0.0,0.016434356127990463,1.6544447606768031,-0.5466306783109389,2382.1811497225217,1020.4716970139198,1166.8015699069788,0.0,0.0,352.15056147552656,-0.23678441326075308,80.48447163191605,79.09772471344976,80.97272544268361,96.72215115346178,81.89634546679082,89.57810293031781,97.08126393853308,82.69131632709508,77.20432349385385,104.28358228772623,87.6468549073671,86.43084282326859,103.11848769692298,19.59337709359179
329,2396.7885208810353,1024.2053126268029,0.7365139043531505,0.18250141209917314,0.4079911211888211,49,0.0,0.012461239467718113,1.0491467612364116,-0.05209061070533284,2396.7885208810353,1024.2053126268029,1058.9512499940872,0.0,0.0,352.1444752726448,-0.2352286493572446,73.54338115734043,75.85704047803895,76.01889419779975,78.0365901900389,71.57381476986917,81.56749001139826,78.41014596222439,66.16224111895252,87.5698085445473,104.98566838135122,76.58242605349952,79.56557074571958,93.53760080616708,15.540577577140187
330,1550.7652566438098,1026.49595741382,0.8934481205320208,0.4026559259378806,0.1829408111479566,49,0.0,0.04839615199897086,5.122452042007568,-1.773694752729946,1550.7652566438098,1026.49595741382,1489.139372070682,0.0,0.0,352.49698113189993,-0.2342781592907583,110.30125798202664,105.43671922736728,117.90601653504038,106.04405670732436,127.98868028877965,111.84645771764406,119.23640485055017,102.30299096418918,98.64057427811653,109.06953945607202,97.5443957914158,112.92181519789666,138.24290707979554,31.657555994463458
331,899.6886064710418,1028.977137818516,0.5438279663179785,0.7753093200935602,0.11191691797833042,49,0.0,0.009174373796610931,1.1259418585129226,-0.12878991239191395,899.6886064710418,1028.977137818516,1039.3062927980359,0.0,0.0,352.7682604470795,-0.23324133836102467,80.07148892031991,84.39038526734316,68.25806660263984,67.62500230150343,78.25320821956973,69.15411736637304,79.29125963370126,76.12421299777543,88.76036625507078,73.21356656640168,79.94606955611135,89.63805163748464,83.15658022220708,21.42391725153459
332,829.0237234877259,1031.9348820218931,0.8663859947425772,-0.22893125453679283,-0.10553884516490068,49,0.0,0.012576904082086582,1.1277284695963326,-0.13051136092788435,829.0237234877259,1031.9348820218931,1036.5970881301096,0.0,0.0,352.7977032941348,-0.23200834388327746,89.8995794416958,81.58568480401564,55.56308803359076,77.98616532592997,76.63560403608186,87.04805772577205,85.71713847531963,81.52754867719341,75.00913162684654,73.35607724697087,78.53189412700209,78.23544497567187,69.77579570047669,25.725877933542343
333,2088.2630608844897,1037.222337587554,0.590170116362444,-0.39558271463508926,0.21491916325491253,49,0.0,0.00989532885168639,1.1026230609903878,-0.10606767840306251,2088.2630608844897,1037.222337587554,1021.214149218687,0.0,0.0,352.27302464432864,-0.22980748027101625,65.98364893218874,71.71533493832354,74.65141000859703,79.56388374072141,85.48917784890943,74.9183191410096,71.75483894519988,71.20995339474987,83.7716435312531,92.15549467389432,68.08419359032004,78.37274903873438,83.42653430243666,20.116967132348947
334,2198.4271657684967,1040.0946068710587,0.5584953309674648,0.21842427615866541,-0.08661853146034491,49,0.0,0.017815299018087614,2.270135886517045,-0.8901296352715955,2198.4271657684967,1040.0946068710587,1181.4643230206184,0.0,0.0,352.22712366717633,-0.22861000591980063,79.944748182989,93.96905304087828,75.98594766391739,98.12630185795541,87.5087180083832,94.69350546910621,95.46963218772689,81.6280023804106,85.14402251479724,96.39217917112043,86.19333524601278,86.13452944276477,101.44336903252793,18.830978822028374
335,2839.160354980194,1043.3444305767232,0.41028731420083586,-0.7314768180813981,-0.5680930933788079,49,0.0,0.03261674423699488,3.9442568907818965,-1.4899129823411494,2839.160354980194,1043.3444305767232,2354.611125876222,0.0,1380.3621831556184,351.9601639840599,-0.22724887699574578,187.58284343780105,164.594700394702,169.9849787477615,186.93454257506647,182.51592386198672,161.80940579502516,178.3621003682494,165.1114588531102,175.2224696942856,197.86720605824823,193.3217076077115,178.74566111546514,166.55527725265887,46.00285011415031
336,2166.8360750721627,1051.4829319709372,0.5280455957296151,-0.21292893945248992,0.1354993859217982,49,0.0,0.03774228945210455,4.814385043438302,-1.7063520530036063,2166.8360750721627,1051.4829319709372,1912.2899811000216,0.0,0.0,352.2402863794829,-0.2238652102530701,146.20809436245628,147.3263984620936,123.37848104866748,151.1032536881845,151.83538295480918,132.50902790642766,133.48523788724907,152.0435698968896,165.1840724080593,159.20152852324804,121.52632680132734,147.34685606354194,134.9633315346237,46.17841956244372
337,1552.1418425440877,1052.5325578956003,0.4761161778158985,-0.012599592328541265,0.16316026291118405,49,0.0,0.019297130272861493,2.8340723890144988,-1.131027347442719,1552.1418425440877,1052.5325578956003,1298.0792202798832,0.0,0.0,352.4964075550422,-0.2234297578481413,85.41988451521863,99.64738309701325,92.6529381846048,131.53897798077034,97.5924969325483,93.66255769019702,87.12888573142158,99.03273024494226,104.58027143660217,99.70044413998617,90.19969219443055,94.24180866944782,93.21892023722168,29.462229225478538
338,2655.230394549785,1053.7913271476802,0.4575873970345905,-0.34021014693014,-0.5841027797513548,49,0.0,0.015157085472813924,1.8238444539272947,-0.6524694922156606,2655.230394549785,1053.7913271476802,1344.2626894896057,0.0,0.0,352.0367960981696,-0.22289873613926856,106.01839244565048,76.62628989927552,119.81145954026913,100.61282842213387,102.12820108563307,88.68577884459219,110.74602982731994,111.22071056207332,81.5077416810987,100.07746937323837,98.18876054552237,107.61931138116876,112.23236702348036,28.78734885814974
339,816.1597483265482,1055.0582378293368,0.5598307819963013,0.18467659103351325,0.31701286381655963,49,0.0,0.010131834750672012,1.2756457698064638,-0.2643252330316076,816.1597483265482,1055.0582378293368,1007.9666287766898,0.0,0.0,352.80306311506945,-0.22237380434090936,59.99683169355239,71.96429469618204,49.68907489696415,81.26992816808846,99.277200939441,56.395523436892375,59.05512814869304,90.79957955900672,79.47571590710687,72.1966190751634,73.80482791036998,88.17584746114557,96.57078644565135,29.295270438432546
340,2291.6924960883593,1056.5881638950814,0.6343970866416508,0.15802690934060615,0.05802154401608358,49,0.0,0.037941686479552816,4.956013914859937,-1.7378312926551431,2291.6924960883593,1056.5881638950814,1518.0007141327242,0.0,0.0,352.1882639785932,-0.22173716134845087,104.16839757917728,116.95955202678539,101.77803986107608,122.54803553313457,107.05278702575129,111.78422159155923,128.3960280914631,113.30709890371443,103.17163571808229,118.10524477714193,121.57100855266083,113.23423470068477,113.00301900295668,42.92141076853619
341,2261.0790361647237,1063.666000302143,0.36511276756813726,0.2695109628131848,-0.10264453495331874,49,0.0,0.008742728961346298,1.0743168776904164,-0.07783099655277537,2261.0790361647237,1063.666000302143,1049.8858295120267,0.0,0.0,352.2010192732198,-0.21878838504165407,73.22187048645657,71.48681192882265,82.34424662035795,82.56877989235818,74.91956752819135,73.77535432922824,74.51587133624429,94.90369476035885,86.68402568459666,81.46136968943489,64.07294576164458,84.8561060164591,85.51277502687374,19.56241045099975
342,2763.1305387292687,1062.6438884981221,0.7250604917987196,-0.6383799377248174,-0.22368363963040283,49,0.0,0.03219714144755616,3.35089765880757,-1.3129029101627367,2763.1305387292687,1062.6438884981221,1612.1262737766676,0.0,0.0,351.99184064181026,-0.2192089480520212,115.5308243876189,103.15145162434554,111.27282639725068,112.31794532688806,141.14612206116794,115.13833064276733,132.04890460271488,130.66553844065865,136.6530388376916,111.02536436461605,131.16259024804418,112.7445791780392,131.59475770502098,27.673999959843606
343,847.2553806469872,1068.5456824894463,0.6379457923908394,-0.19873017201819704,0.1540681952175554,49,0.0,0.04213385284682771,4.511017866138488,-1.6356863678717384,847.2553806469872,1068.5456824894463,2207.9584633543654,0.0,0.0,352.7901070135939,-0.2167544874185842,164.48708816301257,175.98129985708846,151.57062214511006,185.96443476242212,166.99862949238286,141.6592948240754,178.36250072585102,177.79762549893218,168.4394189467572,158.83902729803208,156.41506767600623,162.4112612762093,169.98633955914673,49.04585312933905
344,1306.9788995429453,1071.722585919941,0.7718514885879668,0.5805298016447622,0.2274134899750727,49,0.0,0.015478922544367698,1.630261138569819,-0.5306429403905587,1306.9788995429453,1071.722585919941,1150.165887175147,0.0,0.0,352.59855856347383,-0.21543355844590525,89.17879997207122,90.28345777938111,69.32064269788954,102.03063219662343,84.83077723059854,81.2496440548675,90.70821351245164,105.59756917657893,90.0307529867602,72.84590244532966,91.32724340319851,83.09428455331931,72.934686351673,26.733280814404303
345,1559.3933262676242,1076.4501574994188,0.42109238881734595,0.3541652304520981,0.08062107273716895,49,0.0,0.027246253903702118,4.641654438189525,-1.6666820124379853,1559.3933262676242,1076.4501574994188,1483.0753093945136,0.0,0.0,352.4933861050817,-0.21346424706706843,111.34377472445628,119.59779540256247,108.20279854938644,133.45913170085663,110.63487671744818,106.76625012415563,84.29625683638642,116.9432998113461,122.70528327005994,109.98222085960953,90.96072561906169,122.89998318925355,118.62202046439067,26.660892125539824
346,1882.2212770599265,1079.0346860375573,0.5642350087472179,0.12416204741165619,0.09162894088201458,49,0.0,0.009422970937123623,1.1318620735052214,-0.13448376950445157,1882.2212770599265,1079.0346860375573,1004.9808772829866,0.0,0.0,352.3588746667221,-0.21238693955453766,73.49222026916655,69.18160414523798,66.43383596892114,104.5286619944102,79.9249268821404,66.84552665271299,64.18781467033006,66.72726652025679,70.76599352014725,86.25558448130728,68.48784857532493,82.40829089824125,83.11241228908341,22.6288904157063
347,1155.090455721704,1083.1156592533903,0.5337253292403114,-0.15473854319010635,0.31279908356917235,49,0.0,0.011005902507811355,1.3807793787018692,-0.35031073108342997,1155.090455721704,1083.1156592533903,1024.5631368839595,0.0,0.0,352.66184493254246,-0.2106858988056537,62.068369953563106,88.52546622408325,74.53565362240683,78.67093430107008,78.67762865804858,72.86053881637413,58.516735896806,75.48972945012396,79.7877570971187,73.23382814396646,85.6744551624796,92.52061796318424,72.57053301023407,31.43088858450045
348,2625.4264396217363,1086.727121772509,0.4304898318248089,-0.22758785993040115,0.2356136275633617,49,0.0,0.009926101663198893,1.439917251369849,-0.39584383734566797,2625.4264396217363,1086.727121772509,965.3674812714733,0.0,0.0,352.0492136897231,-0.20917643894786656,72.33356952863699,98.68866520028917,65.16727181643856,67.50534167259764,82.80065227271083,62.58560376918636,64.54199785721642,66.1064713043074,65.19442026591908,71.61148321266973,72.67475391523794,70.79714978978933,88.64488259454464,16.71521807192923
349,1248.641527595401,1088.5265368038324,0.552088780118131,0.11627256642158475,0.2682112334406248,49,0.0,0.018983637848166524,2.59317747489862,-1.0345806013444794,1248.641527595401,1088.5265368038324,1185.6059926391608,0.0,0.0,352.6228656612072,-0.20843182096851537,79.01043230229043,102.58500128684108,88.74711644542452,80.87550708618325,89.55932907939697,88.07913136374376,86.70361029885333,83.63069967359112,105.56500575582629,92.67436857609142,78.36557417526114,99.91437867474781,87.86837627594542,22.027461644964227
350,1114.6694469747881,1089.3204307781875,0.6620240250652766,-0.2982685759905641,0.1260447037407955,49,0.0,0.024990626920311253,3.25540964146996,-1.281514113471153,1114.6694469747881,1089.3204307781875,1240.8944050152736,0.0,0.0,352.6786868217311,-0.20810041993411307,92.78823501136219,114.16925428551258,96.05815153557882,94.17989431393286,81.0133341770632,80.17677432706179,93.26203518758774,91.592634589364,82.38166013947628,89.29292653384898,117.18178136374874,96.28594772836486,94.1625877351068,18.349188087264686
351,1677.0513514978754,1088.9306442489437,0.5984995572349393,0.1469080677000186,0.14963088236099348,49,0.0,0.0556309292002256,7.7414616701809855,-2.2220574195890612,1677.0513514978754,1088.9306442489437,1879.0033048815048,0.0,0.0,352.44436194722357,-0.20826409526189027,134.02769567310236,148.43947461218917,142.70051424479976,149.44663527896898,153.37222146056084,117.74900687655479,148.79501893186634,162.91983158578063,132.24439403186489,133.17549299247312,140.60998111965156,139.72870364109195,141.90826950166147,33.88606493093892
352,605.2232771239727,1094.209901383994,0.6005178020374355,0.3877359356295819,0.24009141202139483,49,0.0,0.892525358421337,128.94018816490566,-5.275970749124676,605.2232771239727,1094.209901383994,17738.80825990338,0.0,0.0,352.89094959482713,-0.2060590699478234,1202.1575305148708,1401.6195944501217,1324.9678817486288,1392.9529582615737,1341.2966791351644,1247.2822779750331,1385.8956424165576,1344.2564872624469,1424.8070593556085,1311.493115967101,1260.0419253531172,1342.7370121945087,1400.4344340296336,358.8656612390197
353,678.011169205094,1093.384250822128,0.3354464934404538,0.3194554124369195,-0.08629735378366879,49,0.0,0.013158482540365304,1.5973528584352683,-0.5085021581359361,678.011169205094,1093.384250822128,1308.8626517400853,0.0,0.0,352.86062279104084,-0.20640383914742705,97.35768174799513,77.87078534399461,90.16011185252458,105.2304572246578,106.34976409427263,74.9848537714146,107.88486540537666,106.60015944408659,127.59588563059697,115.22330889003211,82.56871860269052,98.05798158411804,92.6356819193468,26.342396228978174
354,1537.8444554891091,1099.1962221972467,0.35980298039290415,0.17046910340951688,0.1674835232681479,49,0.0,0.008023210588809416,1.1724533422982073,-0.17273892252834058,1537.8444554891091,1099.1962221972467,1004.6304377170889,0.0,0.0,352.50236479742443,-0.2039868402314895,80.21375938450664,73.16381027370068,65.26443538517783,79.4866129993688,81.49012194437132,70.65313862129027,54.91394275709507,84.16827986525635,85.95336858102306,73.93213267653331,83.08512419651373,60.00430198704423,95.54528041448579,16.756128630721737
355,2537.106625402861,1100.1579780054615,0.5612909247730263,0.3063434524679324,0.13460522569184172,49,0.0,0.02591746678840467,3.5921318605549293,-1.3883806760991795,2537.106625402861,1100.1579780054615,1354.9207449623377,0.0,0.0,352.0860117242769,-0.20358141291883267,87.63633493428674,106.05201308656548,94.99012791843052,104.40477938245951,105.23953384462762,81.94154586695991,118.86170669417453,104.47184822349672,95.69048196528807,106.14710918011437,87.2532046957765,124.95471780652957,118.55406669699336,18.72327466663465
356,2053.3965336587403,1103.910014882392,0.8291735239208364,0.29252879619802585,0.2554572570970351,49,0.0,0.018399755194928848,1.773187825272065,-0.6218868519166059,2053.3965336587403,1103.910014882392,1222.5967914342498,0.0,0.0,352.28755218114173,-0.20202171127497065,85.6745003698496,110.27202752984017,89.43825447650264,91.68174109666637,87.83935861753528,90.71823061404794,95.26690006942519,93.38277666673807,101.5405792020106,81.27015301589962,105.07263830193634,73.06109192746445,96.25303131122155,21.1255082351119
357,829.6849406177379,1104.7169199493164,0.44544351774032453,0.516453937130733,0.06664581658211634,49,0.0,0.020244123839626347,3.260318373554957,-1.2831500286413808,829.6849406177379,1104.7169199493164,1190.768598730202,0.0,0.0,352.7974278102618,-0.20168343232523173,91.42493751120475,82.78694149404475,98.98291471876361,70.89321988213949,98.51103646296468,79.19130078194164,87.80320018453511,74.59540080805687,120.53305784812548,86.33691836234526,64.03989245526152,109.38879009895295,99.65935496563107,26.621633156234715
358,767.2365296729794,1105.6726627799728,0.4351485204167992,0.7343384502913327,0.42911825387935076,49,0.0,0.009981788133009109,1.3756666201400563,-0.34628299867355056,767.2365296729794,1105.6726627799728,1028.631463481394,0.0,0.0,352.82344708818425,-0.20128468442764583,60.95511875714506,89.54654277500413,59.57230458272399,71.24442705650506,79.97065251840013,73.10077790424094,75.32270923142994,74.1424738911496,81.4076558832199,85.49583570927771,69.82735116039734,89.81871495757407,100.85698659193487,17.369912462391202
359,1332.18267639824,1105.9473592765053,0.768303726758509,0.05188908249974613,0.09441153920628947,49,0.0,0.036604784710919686,4.357095733689551,-1.5979927557932188,1332.18267639824,1105.9473592765053,1396.0712941128288,0.0,0.0,352.5880570394227,-0.2011735415354231,101.02360117444036,104.74462838704709,99.52090112857286,86.59149567918215,115.74513028861996,97.42511062607306,125.69111783837195,112.85540090827988,99.22292714821819,88.27372466294636,101.58483041695723,116.03548486996289,104.73603786870923,42.62090311544755
360,859.8410007212066,1107.4205812468133,0.6440760634827447,0.12089695788383209,0.20796258907749274,49,0.0,0.08087369298057824,11.024089308672439,-2.6058568072421764,859.8410007212066,1107.4205812468133,2258.339032224204,0.0,0.0,352.7848631691167,-0.20055718075849324,173.602680245437,188.1974738148325,147.33857139295372,167.11143897946891,170.38617324732658,153.78792952542057,159.70835973154874,176.06122334295065,182.18042005396097,182.32761458009503,165.75174427438725,159.82079366692957,194.85111616617652,37.21349320271561
361,2461.4217415782846,1111.1799193015802,0.671461106877666,0.41636743303700463,0.0072659780284369,49,0.0,0.029992027503392922,3.741178107006444,-1.4325209605842777,2461.4217415782846,1111.1799193015802,1286.9930142956273,0.0,0.0,352.11754573250323,-0.1989898191751778,84.53437905627487,81.27610231334587,91.55356662164205,104.29466738197205,87.9352020827154,104.72745642895325,91.5537112745898,102.49301653215193,92.33785491416901,100.45304680987456,109.66689052161436,99.2087880213981,108.735212775029,28.223119561896965
362,807.3612407646611,1112.4386364212148,0.46110840291722616,-0.05944799746603022,-0.20736928660148526,49,0.0,0.0091836955783195,1.2316048911895892,-0.2261785124738708,807.3612407646611,1112.4386364212148,1065.6169186540328,0.0,0.0,352.8067290498145,-0.19846595896680652,72.8189206534859,90.06797058913793,80.63091842284429,85.5425201059412,90.94524652801638,72.23280928437028,73.27229983053758,89.90171016831823,86.38641102149475,82.40463264140203,67.8785814998445,79.62777950028882,68.60956227115324,25.297556137197706
363,750.4895039147632,1114.916206005737,0.5723662959619169,0.25789255297201424,0.15566457301275557,49,0.0,0.3660458784999113,55.666239909794065,-4.363979717468066,750.4895039147632,1114.916206005737,7456.340833786468,0.0,0.0,352.83042475409746,-0.19743318057598913,498.1020809487562,538.6915790274818,504.5527112654152,521.7424062163682,594.5635425008328,541.2785241923665,583.7214754830538,572.5013405913191,607.2529361141958,557.3228531235263,541.1725274434609,620.3304630067712,622.9479443543348,152.16044951858524
364,2123.666548129204,1114.7474819840888,0.7031855962919518,0.2712007564672206,0.18374386399985726,49,0.0,0.06109757139945566,7.546673713967764,-2.1943889333836157,2123.666548129204,1114.7474819840888,1863.9370882344842,0.0,0.0,352.2582733853239,-0.19750582389040272,135.7396816770465,136.1794806724674,135.01854873633138,128.92701594484703,156.68245733262938,133.30130080651995,132.83583646288997,163.74372813092648,144.26065054356326,133.89146208320636,145.97100139349854,127.58593485275006,146.76189170864563,43.0380978891623
365,2619.2520792031523,1115.3224948668392,0.5492918565827966,-0.16413031953453758,-0.04248506465453698,49,0.0,0.062395157642487,8.949084366897837,-2.37944650595844,2619.2520792031523,1115.3224948668392,2053.8734186676356,0.0,0.0,352.05178618950083,-0.19726225414184664,141.50867499801265,143.65394532653016,142.8195198103527,150.08562091938842,176.6366169689383,124.58227931021142,175.59005457070066,151.78664142724978,157.704835546649,133.32277953353005,161.00252239690408,169.86665741136324,168.57654101616313,56.736729431642104
366,2576.6725645053493,1121.6238608044735,0.5235341166278248,0.22187011900109038,0.07298948892030385,49,0.0,0.01297918389051441,1.6317028631338442,-0.5316026889699798,2576.6725645053493,1121.6238608044735,1033.7019120412142,0.0,0.0,352.06952671349876,-0.19463722646081658,73.48841783059817,74.24108078651078,76.58370358283022,71.19860558633951,73.69822991179137,75.55690245820128,82.5156196660435,76.50776204943824,87.53484059369202,89.88606091760653,71.90413783560575,69.69946691142988,86.26057433041129,24.62650958071557
367,634.5735464685223,1129.3812627153416,0.537075686798847,0.12191498070505408,0.14439476844030008,49,0.0,0.1517826110327062,22.529556330524294,-3.3818815983616957,634.5735464685223,1129.3812627153416,4201.677752599635,0.0,0.0,352.87872095042496,-0.19140519637799097,248.94332872579298,271.01295235766554,289.14951862650736,317.5139940200718,359.5044544409703,294.6001788767821,319.69662931586254,357.40606248277754,309.9344467330643,349.87161579079117,302.97267528380036,332.43515867711466,355.62987892476434,93.00685834366946
368,1868.2572296653632,1137.393617840641,0.6233739162515131,0.3146556612692948,0.18122117613555377,49,0.0,0.025174663679270546,3.4265406816531576,-1.3371397308786452,1868.2572296653632,1137.393617840641,1207.761492449119,0.0,0.0,352.36469299067085,-0.1880711191648604,86.95420281858627,114.5457288722917,90.16427060804506,82.35275653106832,88.54044087367348,72.63967443456565,76.12261296562625,105.21497733563012,107.02699671832357,80.77406643968851,96.87500939731939,95.98912801626028,85.80845423154467,24.75317320649573
369,1380.0788722618788,1137.487032711944,0.5929992786044792,0.28329105211231304,0.3260843558404508,49,0.0,0.06458491669553108,9.18152304209376,-2.4072868211711436,1380.0788722618788,1137.487032711944,2053.737687367886,0.0,0.0,352.5681003622219,-0.1880323117119014,150.90849535093844,145.40560069930845,151.06887040648581,165.62815724709566,162.8798987303582,139.2738052892867,153.59913385624577,139.16510277302234,179.02187482373336,156.3332194894108,145.6903698772894,148.7366151870168,179.45850244270667,36.56804119498764
370,546.9045681366296,1139.222280308087,0.8752001277039075,0.2517650795868357,0.35405048561107,49,0.0,0.018713166923550177,1.8039339753241976,-0.6405515953802363,546.9045681366296,1139.222280308087,1099.1252727475135,0.0,0.0,352.91524771268445,-0.18730404383239532,81.89128937869101,78.55265145914416,85.37747427311945,76.42816494160027,90.42737327501686,60.897286468571096,90.59398848352788,86.11695480818823,80.1586747280047,85.72526009756368,86.11852606940496,99.26910122089205,79.4828960029899,18.085631540799127
371,1818.308474000724,1142.320173883224,0.8070319404145906,0.4427381419567204,0.2902293114771407,49,0.0,0.03421521536317146,3.7251294608466496,-1.4278534263713976,1818.308474000724,1142.320173883224,1456.4225441546973,0.0,0.0,352.38550490091137,-0.18601853370317153,94.12924633182149,98.8139605192901,103.63922214715711,121.00369631054389,123.44028113519205,96.38136803828522,118.93845065758563,104.73869994383475,120.61371263195406,109.79215227117507,98.96149696848548,114.76253124685125,113.41595099440033,37.79177495812075
372,2012.0449347668264,1143.2889052319708,0.7560607737583819,0.21285730567943212,0.23677304472674124,49,0.0,0.03224612343493232,3.603520329113865,-1.3918174411427178,2012.0449347668264,1143.2889052319708,1347.9296073231678,0.0,0.0,352.3047818342235,-0.18561430218756123,85.08296057220181,95.60264502599745,85.89749654910791,106.15239257714589,101.52395733557766,76.4474289464348,109.13698783534112,100.26858205869655,107.8479350911548,98.10788289931685,103.59631140811044,117.50398217563995,126.58518923616543,34.17585561227712
373,972.9945656312836,1146.7421914840393,0.4895476717594675,-0.21337680216463323,-0.09647796437263792,49,0.0,0.010985702846477772,1.1170940492388022,-0.12022434582840885,972.9945656312836,1146.7421914840393,1149.5130734026188,0.0,0.0,352.7377170404923,-0.18417436236354925,72.82797211309656,84.80234765667326,79.37175404885494,89.5116089048783,80.25975157086421,86.55394143226063,80.35104714718778,97.39935473749495,80.14620184125069,82.4044045692366,104.81432979604442,93.31794492605746,89.49407954246993,28.25833511624876
374,1050.2210159043295,1146.4648116434378,0.388789880238249,0.2831036516068185,0.17672718191127715,49,0.0,0.01611453926861311,2.2104566180878047,-0.8612049899052754,1050.2210159043295,1146.4648116434378,1346.199591437893,0.0,0.0,352.70553995276117,-0.18429037806038964,98.23509798178213,116.2804593154413,105.16331392521933,91.11093203852414,101.37922656606023,79.01539931571513,95.0632491293868,106.41292639176945,93.10593194984855,107.34923240893852,104.47685495598229,114.11718671754026,110.86216003695961,23.627620704725295
375,929.1692756422568,1147.7941094399575,0.443236802986974,0.21251702590486504,0.22108703533459412,49,0.0,0.031454913647123675,5.162463846601267,-1.7821425581373904,929.1692756422568,1147.7941094399575,1584.0288712196216,0.0,0.0,352.75597716566887,-0.18373579599710887,93.42938130266145,118.18192487503529,119.40135947953146,120.86587479406278,119.55368452102753,110.3003875249925,134.08640079531406,125.08805433461907,125.72488298186234,116.24821883093605,106.36536032099713,131.24162403016783,138.96130920585242,24.580408222561534
376,1612.4431506281048,1148.7361470744984,0.6988129047360278,0.45372137541702495,-0.07884966475231273,49,0.0,0.01951109252142958,1.730457863683588,-0.5954025719293113,1612.4431506281048,1148.7361470744984,1510.715893130357,0.0,0.0,352.4712820190049,-0.18334547346225244,116.71722089683752,89.00220922283434,120.460814575075,145.6233575980214,112.73489642219394,118.12499991090593,126.6272856288052,119.32180553196831,106.49042991361709,112.61500077942328,95.5745910758867,96.33667535925198,118.75555424128744,32.33105197424875
377,561.8583604345145,1150.5822906852093,0.4710801413605797,0.3066010527847923,0.2765809503478663,49,0.0,0.030907566433125318,4.855151780137286,-1.7155070280640927,561.8583604345145,1150.5822906852093,1445.2840867702937,0.0,0.0,352.9090173312967,-0.18257104809442842,104.43215228050481,90.32671930773904,114.0895914037591,116.4575225811839,96.89545786535503,110.95837689697488,104.015156553917,108.66882257732469,113.49366912645422,94.9395881494078,119.47685150559012,125.22380125913202,109.98252501350909,36.32385224944186
378,2083.355409773461,1150.280727887469,0.315914673554323,0.6450491798755522,0.11381397658988562,49,0.0,0.01002749662792492,1.5899788738994718,-0.5034783846850325,2083.355409773461,1150.280727887469,1082.668332913624,0.0,0.0,352.275069458667,-0.18270077939022308,76.39602880474203,102.64083536335261,88.12400148655868,74.20110475453782,86.17664322625251,78.93664091398351,84.3922415165747,64.50835800789308,69.65130163859592,85.02446421486542,75.82773463896751,84.09056827508783,84.134585306129,28.563824766083442
379,2412.9797627385565,1155.9902029705431,0.7532977596059549,-0.4762344588096168,0.033183165964637044,49,0.0,0.013070180656968832,1.3511807513540457,-0.3267836243405767,2412.9797627385565,1155.9902029705431,1108.6995552666192,0.0,0.0,352.13772912742553,-0.18031983547829036,92.2672832243372,86.84118801523898,79.5291578603164,80.34572071719802,72.76771053655919,74.27495400598939,65.95632565576383,81.46566176991072,87.87684142619275,88.62636786953293,82.89140523652777,103.86596604816675,81.96273705124472,30.028235849640495
380,1233.9282616947442,1156.7813349124426,0.6972360473452065,0.18336341233642342,0.07611990322435024,49,0.0,0.03707462804433391,4.53837888413637,-1.642251874763073,1233.9282616947442,1156.7813349124426,1506.9138396182425,4.179425278145857,0.0,352.6289961513688,-0.17999270854949484,96.9723781226927,106.14764253844584,133.8037907889944,118.53285161331752,120.49264503258419,93.86547375889705,103.83912840325215,114.12301086633411,121.76637982255019,123.36230531277289,108.9601088715126,123.15683268372709,114.49926936021764,27.392022442944093
381,599.7582743567136,1159.5168118406216,0.40301678466255225,-0.013600729062388222,-0.38576456547325844,49,0.0,0.011420965622384293,1.0297837007251989,-0.03186503398069778,599.7582743567136,1159.5168118406216,1297.9857867286855,0.0,0.0,352.8932265755643,-0.1788488417061436,92.04532528861795,98.54770937856657,92.24366627817113,102.73034124370568,117.26766709900855,90.2887901311679,83.76540227925037,109.62800203817852,88.4606770089552,114.58713936881199,101.19503468996263,77.8947116785683,105.26223822325949,24.069082022461384
382,1244.6737924902861,1160.3602684316566,0.6155831622311648,-0.08039054307437943,0.11294371893343108,49,0.0,0.038958970617595096,4.908579894456902,-1.727389660445986,1244.6737924902861,1160.3602684316566,1674.1855158429848,6.399398362016728,0.0,352.62451887931013,-0.17850154358919318,109.7950400646931,126.03414729501874,130.4291133366025,128.40723229264236,124.04891460899631,115.08061962077292,120.57700571588448,139.27931784564723,159.96764001746845,126.4080513959751,103.4294652813133,134.1891602472611,120.899309669784,35.64049845092497
383,1332.520461309371,1161.3828480911443,0.6022133322015536,-0.03735408376716704,0.12663165755436126,49,0.0,0.273582873047666,39.05677150707829,-3.979240852460891,1332.520461309371,1161.3828480911443,6049.448786479737,0.0,0.0,352.5879163001284,-0.1780757325459408,384.6177324653474,457.9792742365613,424.82894693880144,480.6195286573469,445.252016347133,444.0726179012661,486.18028979976,469.22611058449587,482.24008690872336,477.39831117223247,415.8999184261877,475.16090865492663,494.6079596711711,111.36508471578301
384,2888.058226135368,1161.8039673754045,0.3577984251869675,-0.6106070555141793,-0.4577926215057265,49,0.0,0.010304572414298043,1.2457264868420859,-0.23855674646885167,2888.058226135368,1161.8039673754045,1432.7196654903114,0.0,930.3335147022138,351.93979155775247,-0.17789280813769956,139.29216430166917,114.71235586939052,122.68328904814189,104.96949558054227,117.03857752596039,93.76698558746429,106.17976388628418,84.92023866329261,95.09936385893975,109.89532272740945,112.48297317389587,117.02001205442403,91.67672595121145,22.98239726168554
385,2739.503828611358,1164.6424918344403,0.49285951396474165,-0.46205341162336167,-0.28303281335330305,49,0.0,0.0954617443190303,13.616585717940366,-2.8351705608389466,2739.503828611358,1164.6424918344403,3502.4327659335268,0.0,0.0,352.00168438159557,-0.17671183766132664,258.73509479183485,243.84641685364383,243.1853368297646,257.31541727110135,277.8917568697351,224.0143454106679,273.9610290172559,249.83002477763654,300.2496216528804,282.16380095752925,260.52724115560125,284.49830001589714,280.7056150461383,65.50876528384059
386,1775.4310776197296,1165.7140251380033,0.27965720902445235,0.48492368990193824,0.12395082997644923,49,0.0,0.015840170087659356,3.054429593071669,-1.2123252969121114,1775.4310776197296,1165.7140251380033,1331.020932539555,0.0,0.0,352.40337044008663,-0.17627128918171006,98.39144338073797,86.32357476870772,88.18405027965389,108.43905091025651,120.16374449938013,105.80216109756624,80.31801553006174,103.85990525714509,105.17556866303255,98.6421743626399,103.90978579385275,94.51154764649209,102.39325892408786,34.906651425940495
387,2283.9217156903064,1167.8264387210058,0.5786040947729657,0.6583164996417235,-0.11490078254883258,49,0.0,0.011187314959540775,1.1344228988193374,-0.13693746087592795,2283.9217156903064,1167.8264387210058,1086.883115445427,0.0,0.0,352.1915017021361,-0.17538910215183334,94.09195041753233,92.97664715060324,83.16007110856377,80.65701750896226,79.60415094254836,66.11085552990617,64.4699112097149,90.12116556675716,88.66770843352967,81.19683659257882,71.34410913538395,76.72159543778103,102.28339049005213,15.477705921513117
388,1205.4241115994917,1170.0007618726745,0.43839035944122395,0.5646162479917013,0.7220032370176298,49,0.0,0.009433229550736028,1.0596002420643178,-0.06285512209805685,1205.4241115994917,1170.0007618726745,1089.911295446982,0.0,0.0,352.64087278756557,-0.1744845890483783,88.05935051774648,73.14283435958785,74.58822098301371,69.64506938862975,73.54196168761993,79.20109454272213,96.05539564437782,76.16683071659963,87.90276467279162,96.63623572585958,69.47575565403449,87.57131256404699,96.3088907936457,21.615578196306302
389,947.4478312525556,1169.5135207562516,0.48058078622922606,0.40882176631223616,0.10133981996546454,49,0.0,0.07938185379185976,13.054061177837784,-2.789364109212884,947.4478312525556,1169.5135207562516,2524.897618619078,0.0,0.0,352.74836128323295,-0.17468635439383737,175.50312267331918,198.20845215643754,170.5113059297533,195.4721422286288,202.58399501464572,177.94920056550836,201.2368800355778,201.89101927831092,211.07704874521585,180.27625837256642,195.36568475589462,198.7452988005541,173.7816706972983,42.29553936536708
390,1521.3902221673923,1169.8895266717327,0.56075849686665,0.14077692168591088,0.09797085108388516,49,0.0,0.025633824541002565,3.6510897140637626,-1.4060562612596574,1521.3902221673923,1169.8895266717327,1342.8389063035338,0.0,0.0,352.5092207254835,-0.17453162785136062,84.5277988031221,93.73458704777252,86.57957212869835,108.47450079675147,88.57485512059878,93.10628424637889,108.78296126152003,114.08322848339463,92.4357029034998,122.6341526414833,125.23739199710461,115.57799441328146,93.26146490955671,15.828411550371298
391,1345.768249210709,1173.6252579781963,0.5351069442644782,0.38206750289444635,0.02910423900004607,49,0.0,0.030418746888398792,4.414794592639489,-1.6122762548584557,1345.768249210709,1173.6252579781963,1488.8452575084962,0.0,0.0,352.5823964107374,-0.17297482036530532,103.24269622979222,112.23971087748579,118.6261915401735,112.30697748229984,108.08158684266488,82.25801850652147,127.75202705126928,117.33823310547771,118.5659526817693,121.40110675554419,101.9526105083726,110.15354577261992,119.12133423032773,35.805265924177746
392,1073.3515469215004,1175.4396399831096,0.6198917827216643,0.2567705563915776,0.16609347085043505,49,0.0,0.12292567291843774,17.54411854974995,-3.1103288832742537,1073.3515469215004,1175.4396399831096,3998.3138747895873,0.0,0.0,352.69590238607196,-0.17221786646581025,265.67291154209084,305.7223164334574,289.51847185121426,303.07141161627646,265.6452370061879,290.8856564526718,323.06471430732375,326.0013549040002,292.991405084982,317.51598528081774,320.50439176416296,303.6672742628572,307.5313482530778,86.52139603046658
393,1929.9595958813154,1174.7315616250835,0.6301972439191433,0.40205164379875497,0.420343355743054,49,0.0,0.013730920031421883,1.7494448415761392,-0.6072506353000295,1929.9595958813154,1174.7315616250835,1086.2850489481482,0.0,0.0,352.3389837971934,-0.1725136665938597,70.39340274341694,94.22308609488796,64.81630745749294,71.3012879494001,86.00559914643244,84.79678687635875,74.57615102791988,103.81388195901832,75.67298862358061,66.82234046849646,80.84414974077077,102.57334291976912,81.69850338855767,28.747220552046134
394,1088.3393167740803,1175.6847636570008,0.5029618793187225,0.24604923982999383,0.5409953320429429,49,0.0,0.014549932937333402,1.81278258568223,-0.6458643013302447,1088.3393167740803,1175.6847636570008,1542.2918121450687,0.0,0.0,352.68965757281256,-0.17211580421922618,101.86118069929509,111.40534370712862,109.85985233519764,124.2414798426081,118.76669939268629,121.54926965070324,136.85367873975784,107.42354501477948,123.70187846585105,101.69231100846994,121.06656052138797,125.34157091041848,113.78310462114607,24.745337235638843
395,2264.2106665606493,1176.8756668542326,0.567331266512229,-0.3049966442563453,-0.0269319970933765,49,0.0,0.017557953859607345,2.2344087639306887,-0.872906565279715,2264.2106665606493,1176.8756668542326,1201.0131124694515,0.0,0.0,352.1997144384797,-0.17161879404489472,86.50945064735451,95.92493639181427,105.72405480836488,98.74950214557836,88.98533606393559,81.76636245948036,81.72327624448211,92.2401071552924,93.90172455147363,95.9130903532184,75.75362349305574,91.02781598424362,93.18737372912904,19.606458442028668
396,505.0518260333941,1177.820361457796,0.6559927360835683,0.2879368032481343,0.20059807677514113,49,0.0,0.1425943753275805,19.362880778982,-3.2174249285753103,505.0518260333941,1177.820361457796,3313.9496372784015,0.0,0.0,352.932685296344,-0.17122174110807417,231.77172892342432,283.2516475159267,223.58134040147166,255.6835935433882,240.09241431506183,217.31585414797513,269.89244814881755,275.38153886471684,251.3942187073428,275.63803905602504,238.6769415438131,253.62864673797733,249.226423897025,48.41480147543618
397,2228.2052216184447,1177.8568810013833,0.7199071868018325,0.564583690617488,0.18470906921272803,49,0.0,0.011331504778831224,1.0269712407991707,-0.028895704569859758,2228.2052216184447,1177.8568810013833,1071.1879612062899,0.0,0.0,352.2147163722824,-0.17121017395072857,76.49287611388789,75.20195190493322,67.6604589658173,85.67224182514448,93.07888465999199,61.86865430550418,85.13931969251223,70.51508058430252,72.88093190156783,85.49265992134315,78.05542723080974,95.92050132635882,100.08585047650209,23.123122297614643
398,1075.4692822616269,1183.2930265937064,0.5609109742215298,0.20534397029557536,0.17127896886055574,49,0.0,0.09711689189840465,14.425985403070381,-2.897863721033774,1075.4692822616269,1183.2930265937064,3896.810129019812,0.0,0.0,352.6950200105578,-0.16894568673437105,241.90238101569514,323.014612779534,284.9630194966731,306.30038214191035,288.01172378038933,290.4757831477749,295.3045597720212,304.917830560383,292.25400393258195,320.25920075633644,281.9680676395446,294.9849707770772,282.22406830227334,90.22952491761754
399,2337.118941751939,1186.0231089097615,0.299068743592672,0.09337735657415809,-0.1252948948029536,49,0.0,0.008662751517818677,1.2914953320461715,-0.27773210201810744,2337.118941751939,1186.0231089097615,1091.0972504260278,11.575596449378772,0.0,352.1693367848932,-0.1678069866384455,63.052615286006535,87.8506159907231,75.23397601345499,80.4223141969682,73.20808396940672,82.54855729449508,85.43196002021936,109.07541936311354,89.93572274794997,87.31509131154901,65.79008222540024,82.8183030176219,93.4893464477137,14.925162541405493
400,240.25184407102054,1188.0649534370698,0.43819276170432,0.5032612881308492,0.3677642328943733,49,0.0,0.034837268575889986,5.229592741472928,-1.7961696729245025,240.25184407102054,1188.0649534370698,1829.4576074829126,0.0,5.207184737947664,353.04300976698505,-0.16695046547408274,119.16543164520519,143.9133973592243,128.51685968079826,128.56465820455145,156.90425963545624,152.4627229239779,126.00722601150693,135.46385526470854,127.57312084719408,140.16477997669125,131.7024331313814,140.07614678177288,153.44258165938257,45.500134361061654
401,2272.2839131435985,1190.4353706113068,0.6304413007577292,0.11677601765751246,-0.085582876086986,49,0.0,0.016888415778938886,1.8786350320554528,-0.6846060415766626,2272.2839131435985,1190.4353706113068,1125.8381073676787,0.0,0.0,352.1963506635747,-0.1659689878939396,75.99285288006764,73.8801314197155,87.90988145154162,107.86229294937816,91.56324161247029,84.21729414630434,87.6046181285499,86.51574718381669,81.66173399107718,83.74626546322749,75.94334832395512,83.15302591689007,83.82863864451608,21.959035256168654
402,2524.303888415773,1194.415469007137,0.48623920991011677,0.18866127392197055,0.057457888203685054,49,0.0,0.041494734808924336,6.5146760259360095,-2.0347320579316723,2524.303888415773,1194.415469007137,1647.310847958536,0.0,0.0,352.0913459297729,-0.16430890091249456,110.39040308515371,136.57451787384147,132.7311572062333,145.70234179330055,136.682106814863,97.85571727200633,122.17402299081857,118.67432548209379,139.85690657014908,119.07973103170292,123.11036956699249,125.61232274953238,114.94527041921933,23.921655102629067
403,413.1697229215058,1194.9364036483144,0.6725478037385889,-0.4353006115671468,-0.11453511671908853,49,0.0,0.012035532393311248,1.2402133386274854,-0.23374099479946597,413.1697229215058,1194.9364036483144,1094.2189142892125,0.0,0.0,352.9709668624221,-0.16408943782171972,63.73841799307589,101.24545892461042,88.39397862332939,82.96596563280309,90.21353327225394,72.44700624522184,82.13048409146197,84.49294486138812,72.24973470953773,87.83574849495798,76.91193788447552,88.23414142029736,78.27954025281747,25.080021882981907
404,2329.1889570115472,1195.0118065998743,0.769831272054333,-0.06498843229672827,-0.007031345963407118,49,0.0,0.012572391651636974,1.1611696673982588,-0.16223920617497792,2329.1889570115472,1195.0118065998743,1057.3572574005227,4.021374020432004,0.0,352.1726408488749,-0.16406183336996494,63.90330524362808,78.0222142908421,76.38041708883296,84.25992116680816,82.21594949610876,67.55367006802283,94.47575091530143,90.47142324767682,74.18079307627643,77.74825371777644,80.1692209058343,84.56318316921323,83.08265514696149,20.33049986723953
405,1718.0066713580102,1197.0590630849417,0.4297350064897068,-0.3115241767872778,0.173949994926506,49,0.0,0.014242585733687259,2.226440561590374,-0.8690277635817798,1718.0066713580102,1197.0590630849417,1148.5080405260078,0.0,0.0,352.4272972413075,-0.16321106112611902,78.36379120486085,90.87761396403012,74.02841321095264,83.76852907661564,80.3233782575236,65.8108649257351,92.1484796549413,82.01877419475869,99.07591643292135,76.79442297231314,70.94704616621746,105.52081243236725,114.79189758216512,34.038100450605576
406,725.4752385639008,1197.5698316509258,0.4291650896941545,-0.12998237152785777,-0.2737820655346974,49,0.0,0.029673517185629064,4.025885600402297,-1.5121535745311763,725.4752385639008,1197.5698316509258,1820.0598707063236,0.0,0.0,352.8408469701863,-0.16299500233782052,131.23027428612642,119.70486903088693,132.45442140856267,139.5268646599739,147.87030779805661,134.93528614386324,139.76686202048865,122.92182217737847,146.67212085339983,120.51736874409144,124.88076233873491,138.49043830262508,187.463015158152,33.62545778398349
407,283.3569451886229,1199.932880211779,0.5512687827975598,0.5043459163236093,0.3058783940685433,49,0.0,0.0881766668827737,12.046796442308771,-2.7021789300570545,283.3569451886229,1199.932880211779,2897.0316905984746,0.0,0.0,353.02505101895343,-0.16200627545874108,207.10709379508145,227.012329221813,198.89466897079143,222.72804284424342,222.04164532991769,235.2357023917678,225.95508818060065,200.04830935349375,202.0559219065156,226.4584222782941,215.1466959291751,239.725536077011,219.01480483578027,55.607429483989335
408,1293.5876364562023,1204.608553931526,0.5502108292224807,0.31855570540154304,0.10016905713315902,49,0.0,0.7248326078275633,110.22863467535517,-5.1057360703658805,1293.5876364562023,1204.608553931526,15608.194002937416,0.0,0.0,352.60413823856067,-0.16006512742301823,1031.7074485763646,1223.0376505048869,1082.9750448733105,1230.4949881843665,1225.1970248854677,1085.0127768320122,1260.6018305717737,1213.994258891236,1222.6180834226425,1188.819255098229,1115.4163049614754,1237.016846558433,1159.4527434856443,331.8497460915718
409,1396.5171562398461,1204.4291289148891,0.39277340079270145,0.4192839876381726,-0.6187693135085235,49,0.0,0.009582586390856615,1.1950871581081035,-0.1934989492042803,1396.5171562398461,1204.4291289148891,1116.8860935609848,0.0,0.0,352.5612510990233,-0.16014010971462408,76.99777179837122,71.67083298789203,94.97032226515773,85.62970621259609,87.26646203719858,73.09929189315831,100.64501894046708,81.74130975457025,90.17807601455227,87.43927684133001,82.0039242353338,89.87211365254583,78.76491960680562,16.607067321005946
410,534.1800028330663,1206.1098417845317,0.6942926819297467,0.6072100208146812,0.48000653900188645,49,0.0,0.00963625851058265,1.0260288039175876,-0.02789888246306724,534.1800028330663,1206.1098417845317,910.4258236854467,0.0,0.0,352.9205493168282,-0.1594352011645259,80.1992075668451,64.17742781837799,71.2735601740603,57.75064199146451,57.58016062177373,62.42406506480585,84.71550224127168,74.15973237555727,78.40055009123482,67.69965876899741,60.692829997745505,65.18636058169184,63.202208954155765,22.963917437464907
411,1577.3659271435552,1207.2334406233535,0.8201769235410447,0.5813801490379212,0.33821126285202757,49,0.0,0.018615140037134777,1.8087247050873358,-0.6434311764645139,1577.3659271435552,1207.2334406233535,1198.3739707835148,0.0,0.0,352.4858975249927,-0.15897183007061838,83.28760459366417,91.97186007780499,88.8166927121037,88.06220736953696,92.05248147178844,86.6300863038275,96.96793553632146,97.04961360766353,85.55834077946108,91.17161143128652,93.23675073754305,91.32498844870551,88.13925059796874,24.104547115838937
412,571.9707004377193,1209.912500886179,0.5956276373591471,0.33094417147531036,0.2351473733635971,49,0.0,0.4495371989218065,66.13260948852373,-4.551039149044367,571.9707004377193,1209.912500886179,9009.8698868356,0.0,0.0,352.90480411126924,-0.1578511508298883,597.6727265573892,690.7026423793532,643.0406656844851,699.6754287376755,707.9009301107551,657.729088142281,734.1205630360919,638.8971855657145,696.224967310249,726.7892765415957,673.729006032115,710.6177033978098,657.0125969698961,175.7571063701884
413,1256.8025332087943,1209.8891589726043,0.7555151844063814,0.1701135344535714,0.24209384917462373,49,0.0,0.05433102678022921,6.444941356298023,-2.02304742495589,1256.8025332087943,1209.8891589726043,1735.891903536092,0.0,0.0,352.6194652758051,-0.15786479889523738,97.63185520891895,134.10202237415612,132.0743529992191,137.2844588322542,148.9261571412871,122.03727238709789,136.08180977520095,152.08038521038307,146.8649081298447,129.2031653780433,122.02981327122376,124.88139323285043,130.2781258893405,22.41618370627196
414,2843.546534854156,1212.6807164674897,0.5941540545012911,-0.5940430743395297,-0.2921678390128848,49,0.0,0.025351561999122585,2.827657127468338,-1.1285668679428464,2843.546534854156,1212.6807164674897,1581.716549431881,0.0,42.66734472473463,351.95833650412396,-0.1566957502518069,103.70551164953591,117.29421545431384,107.00796036927309,117.9012300409918,113.65599719671218,119.09458913846055,130.7567866018365,145.05386353305855,119.53580088001688,119.95860190778563,113.88282114026795,117.70633461838587,123.7051513410278,32.45768556021467
415,2199.8278129309188,1215.2293131309302,0.7061429266150465,-0.07584495444593949,0.03304250859286965,49,0.0,0.02185677253605679,2.3975960530254428,-0.9494400374829834,2199.8278129309188,1215.2293131309302,1202.418974872132,0.0,0.0,352.22654004831577,-0.1556387672361689,80.35146661100207,79.40904603089601,99.71438886576414,83.7381919142182,92.63537184794392,78.46828827378326,83.83291806659501,96.27776101049244,83.83353610280385,87.02977863629141,103.71348728518922,109.0311208366561,101.15238864306863,23.231230747427844
416,729.7984567623349,1215.7980414790559,0.8018761405007613,0.3187859672105227,0.1337350560800477,49,0.0,0.08207544100049492,9.617154274702038,-2.457616457218923,729.7984567623349,1215.7980414790559,2079.478066644596,0.0,0.0,352.83904570639515,-0.15540016198895504,138.5698256235229,164.8104828813515,132.91514049891924,143.88405767234747,181.77595646109262,162.98108859231775,162.1520652575818,162.01419864841822,157.06264969291828,151.46537982915808,130.3866185769607,168.17877071881884,184.861240333867,38.42059185732136
417,931.3504753596224,1217.1164915569755,0.6791935000227769,0.27955307413887337,0.16534192403208492,49,0.0,0.05510839570768832,7.22852317014404,-2.1476239435919804,931.3504753596224,1217.1164915569755,1656.3143436692862,0.0,0.0,352.7550683662888,-0.15485209385771273,116.53288850618515,122.70331322987299,116.58044850442803,134.34584455048903,141.06056432388695,105.80689642518098,127.37165338846825,125.56159688375365,112.97400723257896,123.01256954359576,115.88308395318037,129.65813179103375,150.5746116859427,34.248733650689616
418,2462.785222561334,1217.195223677027,0.5885239283968506,0.0824025541028772,0.08168603052270605,49,0.0,0.31045529256395427,46.53632120325519,-4.169480120976115,2462.785222561334,1217.195223677027,6163.234362716085,0.0,0.0,352.1169776142667,-0.15481807865586497,423.2182896455994,484.02906465937065,418.60432595077214,503.9021762378586,480.9355384220121,424.55253895942684,485.42336853967106,433.5103378878654,471.2418127052116,477.1697927081219,440.1124744680127,504.8251415559671,472.90968171147233,142.79981926472442
419,137.16040901139255,1222.2174283619488,0.33358887429713874,-0.5754421303966936,0.5115077916942289,49,0.0,0.010985451911400844,1.1545925229239682,-0.15607185176289667,137.16040901139255,1222.2174283619488,1382.5693859074959,0.0,1252.0536824962066,353.0859600043574,-0.15271990607744193,106.69196823840184,90.2153901966685,91.15382244140632,110.76027901924655,104.94416477774651,119.01719873770378,106.85929175236558,92.74300409867638,111.97585569799023,95.93969450537253,95.36583553320943,111.04996119545635,115.56730515619711,30.285614557054835
420,1980.0125765346863,1223.1906733727124,0.5450977978957015,0.11321474989462496,0.09449557445820463,49,0.0,2.359892924266245,366.29494915248415,-6.409577325528899,1980.0125765346863,1223.1906733727124,47529.51816101512,0.0,0.0,352.31812852809173,-0.15232245742909195,3241.033306162496,3602.4959687445644,3503.4935398568296,3686.710415727617,3633.155846227738,3339.0026839203747,3800.1556722255013,3648.4966198364455,3613.644976593925,3682.4814791972094,3481.2409094653276,3598.3356403073412,3773.512873979792,925.7582287699545
421,2327.682635242522,1223.6735265477346,0.8679683840956727,0.17258750245500157,0.020800153302609512,49,0.0,0.01888234866617357,1.7534426090803155,-0.6097288895192501,2327.682635242522,1223.6735265477346,1175.173679178319,0.0,0.0,352.17326845981336,-0.1521197232258905,77.55326628400489,83.17854177984273,88.29147403215408,82.26719303702811,78.08368831214715,85.82512750261203,109.5629497400966,78.14659093951266,88.1965308430308,103.20660354386118,88.77078916707987,74.07923087992529,111.2774449015213,26.734248215502294
422,2091.707408795431,1226.1472278863,0.7135237806866854,0.04897646672844262,0.04722395149710372,49,0.0,0.02577958333648336,3.0141040215986536,-1.1978955911034141,2091.707408795431,1226.1472278863,1278.4985040228835,0.0,0.0,352.2715894940539,-0.15109018506143682,93.08577214070391,104.7051791282459,85.57571897060654,86.22703131029878,115.67660528153267,91.78883735607312,97.44069540188437,100.62531558931312,93.93374896956146,80.19749941939455,95.12420976482105,90.47930834154323,105.26429043326303,38.37429191564176
423,2317.0070094150497,1226.7130684801627,0.7339175472273846,-0.044194488107479994,0.18148247531966602,49,0.0,0.011955518674161647,1.0828382437991653,-0.0864089645730111,2317.0070094150497,1226.7130684801627,1146.6407561948872,0.0,0.0,352.1777165130807,-0.1508533360393834,83.05536920678486,84.48534856674468,78.98313851604621,80.8758478766103,74.96629718816996,91.55988091206903,100.9573201207404,72.78515634359792,85.26792673400227,98.82206694663253,108.04556389962569,72.32621416673358,96.90169923105759,17.608926486072257
424,568.2076734706902,1228.3384275258475,0.7191333761222688,0.3205882980507844,0.07691771253468038,49,0.0,0.06830254258557528,8.53576698964805,-2.3281063778933992,568.2076734706902,1228.3384275258475,2023.1233938439293,0.0,0.0,352.9063719556804,-0.15017392441578528,124.51709793212882,160.03348369383605,160.0475311326047,174.71386897616017,135.05928311659267,139.9792915138759,165.10187184870836,147.84008115151227,167.39670832681514,136.0836040155832,144.39635104464762,166.9865387931755,154.68115640478078,46.28652589350808
425,1281.0297942893494,1229.051454861669,0.47328276981477746,0.23223332761565063,0.25227119714487556,49,0.0,0.01725153466553514,2.6114077161715725,-1.0421867075734408,1281.0297942893494,1229.051454861669,1222.2859908966411,0.0,0.0,352.6093706464031,-0.14988065887180996,92.8371652751868,85.32454941543011,93.46338144278744,105.53154463884724,83.02626317689187,71.65227117487038,88.64407134006572,96.14262729326416,86.5308688376208,92.07686949316411,101.72215834677365,104.33717824079712,93.26883191439737,27.72821030654449
426,2427.4287081907023,1231.1035742898493,0.33342892608023755,-0.4120424686593139,-0.4549201305623477,49,0.0,0.011478068336738622,1.5330724863062226,-0.463906723826366,2427.4287081907023,1231.1035742898493,1432.5615333827473,0.0,0.0,352.131708932995,-0.14902332525088163,100.51033293551662,102.7970009861267,101.89856871432515,111.54972680822073,115.02359256301555,105.39530978170382,118.63712199817192,91.00832139978657,100.49087134178248,107.44643214187825,114.92555925653758,106.81640252912791,121.63595273363528,34.42634019291881
427,2568.8407657792686,1234.0953639440934,0.9780614220749979,-0.3584370571984542,-0.02739550243053001,49,0.0,0.01439453761099437,1.2172011485058836,-0.2134058836762429,2568.8407657792686,1234.0953639440934,976.0938013731163,0.0,0.0,352.0727897707269,-0.14777578571176342,66.71440265631614,72.89133372630553,81.95851962770504,78.71694523522184,63.52811585065099,67.0041966882193,66.52871702068128,72.40060650909388,89.05601587043387,61.91412642557484,69.281551380043,89.00025250448496,73.45363595628638,23.64538192209924
428,2731.251401994222,1237.0906392505224,0.3469727333344139,0.105529045632887,-0.11469683053727954,49,0.0,0.009081043374574346,1.2363602801574343,-0.23036261070977296,2731.251401994222,1237.0906392505224,1101.610234215936,0.0,0.0,352.00512263639763,-0.14652647326033125,87.01934359268726,85.63051085737325,84.36046625798164,76.65344397075776,83.44614280337387,88.42116955352209,91.94240063131056,83.93923163758097,78.94700788549551,76.14321584960753,81.06809713761996,80.05382465411182,84.05504101730969,19.93033836720433
429,2262.8192475211436,1238.0941255314747,0.44672566167017447,0.41915117880511443,0.27983642338140935,49,0.0,0.023244881007954833,3.526612112791616,-1.3683942371060263,2262.8192475211436,1238.0941255314747,1315.3927756866965,0.0,0.0,352.20029417230216,-0.1461116159477709,79.17897841319723,102.18750216937025,112.41695802512416,123.81031152879648,93.92341973523735,80.79137311957223,82.08674842669095,106.1292315128176,88.2842542224426,116.13214338347731,75.89191941665842,118.87005406738612,109.35701336183654,26.332868304089143
430,1474.1981826752492,1239.3017873109188,0.6273438206708606,0.0644854416473307,0.15494731021979954,49,0.0,0.03692593655117673,5.03928626698837,-1.7559225751125256,1474.1981826752492,1239.3017873109188,1401.5940761178258,0.0,0.0,352.5288840611938,-0.14561006039791013,105.67452833919812,108.1846305162191,103.80261157524541,109.22634780420759,120.37869659670982,74.8081649983705,100.22916281460263,116.3855399464787,111.92829794288812,105.3126891514848,103.32263906163075,96.25908447979413,114.35232693239959,31.729355958596678
431,2216.5432973482248,1240.8372834847962,0.6063299721428814,0.0906616169210879,-0.02521780023323162,49,0.0,0.02175502105088455,2.748412064528315,-1.0977046156692791,2216.5432973482248,1240.8372834847962,1243.62781122046,0.0,0.0,352.21957539672724,-0.14496888136789582,82.97189099404007,88.01206096393018,103.98453044463555,89.68351696399995,97.57011182385243,77.12718210621797,86.81105495287332,80.57609996659897,105.2008117622762,95.23797046851945,104.02380235702795,110.0027212600005,94.54286113602724,27.88319602046
432,845.7544231924419,1241.8344429384802,0.6257480438605671,0.10372696597587726,0.26839714063523945,49,0.0,0.017477177121350045,2.1136486395479426,-0.812581986061514,845.7544231924419,1241.8344429384802,1129.9653243267423,0.0,0.0,352.79073242734034,-0.14455267853989304,93.7602417147759,82.81273150656793,66.17746985768193,90.51109680385171,91.462581729547,70.50189683038306,90.68784739495007,81.87217478159361,87.87672830862532,96.66566605523053,70.07498738308803,92.56584254083918,97.33989262193754,17.65616679767048
433,2947.6565153212787,1242.2831281388717,0.42666710350461756,0.013480572187081229,0.1795550244696138,49,0.0,0.008046757330504656,1.141278149859477,-0.1434787565921773,2947.6565153212787,1242.2831281388717,1317.0154014638726,4.594421061014778,920.8611678813884,351.91496119517,-0.14436097748606513,35.412237840105774,100.38326614447928,96.88967672317122,83.08527735402122,92.00556239728778,97.58679910569356,88.64921094359376,102.43508485852321,90.51903637772764,228.52364982971648,82.63326764915621,103.62878513970396,91.24453610557606,24.01901099511649
434,2459.340949507882,1243.1101218164326,0.6449093740138189,0.35611787787707494,-0.23620207430218587,49,0.0,0.026752136115118483,2.9355659127599125,-1.169229590277263,2459.340949507882,1243.1101218164326,1573.234479506746,0.0,0.0,352.11841266574476,-0.14402051764532736,92.49404706843433,105.82680378593115,105.33601412153115,125.86026353760813,144.73333509558614,113.95943022999177,107.77742384242589,122.69520013018183,117.83649835299241,143.15115684329965,125.63427497005492,117.20568815806016,112.55997653937298,38.16436683127562
435,2340.8277785037226,1245.4887925204118,0.9652849473683934,-0.15658425216287167,0.05052778962897107,49,0.0,0.014172850207147886,1.2840683887997395,-0.2714703866050813,2340.8277785037226,1245.4887925204118,928.81668296465,0.0,0.0,352.16779146982395,-0.14303014759080834,60.8167883106222,66.57588392060103,73.27244370375797,62.138839371158255,60.692341323475596,64.29160292247444,80.60499914695566,77.54664450715849,81.27118670888572,56.13918177663716,52.71108265432931,88.42711473656576,86.67805247756047,17.65052140446792
436,2750.1098152986615,1247.3538860568315,0.6736432595962145,0.6534301834729241,-0.21184621403211187,49,0.0,0.012094442801417844,1.143395070633104,-0.14549078891581788,2750.1098152986615,1247.3538860568315,1188.4529553939976,0.0,0.0,351.9972655030787,-0.14225013228090724,96.33294456057027,91.68923242146028,90.11717506671462,82.28383216894278,94.55967429937496,71.81635933828713,89.00094044354711,92.78674072223211,84.3015008166805,91.4493243093824,91.41376816717484,89.92504324744496,101.64185236356218,21.134567468623644
437,1212.748866554386,1250.0850136072825,0.37445468530409803,-0.08059752512676914,-0.7048952303478374,49,0.0,0.02064409143682493,1.2892938083379812,-0.2758797425688217,1212.748866554386,1250.0850136072825,4795.703410073336,0.0,0.0,352.63782083989526,-0.14111657991784546,359.86666806109076,357.6464351711427,353.87001742810565,385.1198045051478,350.64396699654924,339.4335379280636,358.9237633797814,375.3184556338163,356.71308645957185,339.4491222557769,351.48250701920347,388.1966243399787,384.6153009551158,94.42411993999187
438,123.49726079498338,1251.599111157146,0.4094050542697559,0.6476122239925322,-0.3856397789439347,49,0.0,0.033519261064399,3.8934568879537577,-1.4758384253462786,123.49726079498338,1251.599111157146,2623.9689810654313,0.0,2410.5999058311913,353.09165234201396,-0.14047816779458172,189.80627975988955,196.72233195676074,193.01350673694984,206.8432047353295,232.2436410061554,148.3463533068878,217.4063273455593,190.7650873283755,209.14606991872,191.54406859775006,162.85660251620453,231.8028471089807,208.7715460989818,44.701114648886495
439,1534.0305792511397,1254.0301260435974,0.4023078481197957,0.05649729152926501,0.24315470425636446,49,0.0,0.027252690024441042,3.4860254127490764,-1.3558263718635546,1534.0305792511397,1254.0301260435974,1914.4446959563504,0.0,0.0,352.5039539143455,-0.1394733383566011,128.5203089124577,163.94517909010028,159.9163284326218,145.8088533499111,152.77114995042416,120.46982496523654,146.7670550838048,146.64179868127997,137.94367635172932,149.75155634830355,144.7770106679405,122.43972142317881,157.9968084628268,36.69542423653496
440,2731.9491328801078,1255.3800382268655,0.6784352667364991,-0.265289500516478,-0.09864377955030491,49,0.0,0.016464713087118263,1.5237299960242232,-0.4572700427952631,2731.9491328801078,1255.3800382268655,1268.4398951297849,0.0,0.0,352.0048319295788,-0.1389061927755778,83.51259979778953,97.82741396993357,97.54130252342043,112.28111700740023,82.43621245547948,76.91364003582851,111.72089838817335,94.30444968900474,95.91492788654955,100.53741502879483,92.55376088407833,108.33326002611759,95.77117270959322,18.79172472762167
441,421.7428749897798,1264.5428476806517,0.7236506095861578,0.23094999303296987,0.3175173561734409,49,0.0,0.05912540572283219,7.138416481877559,-2.1340047068022034,421.7428749897798,1264.5428476806517,1883.226160351116,0.0,0.0,352.967395002207,-0.13508811778091495,112.78783556134711,122.88690416968308,124.77078163699187,145.1188287098749,136.81199470748584,140.75560602343546,171.15652684205077,142.44918461158042,160.22289208278957,141.52956010833253,153.70216525663403,146.6263093329515,145.95278507991708,38.45478622804196
442,518.6255226875869,1263.889816077578,0.2377364850464551,0.2454535882334127,-0.025092929875280577,49,0.0,0.010436549446644796,1.6576284292820511,-0.5487179663236257,518.6255226875869,1263.889816077578,1253.2858510436408,0.0,0.0,352.9270299694133,-0.13536098651964548,85.33020215515921,101.28654693759759,83.55258537835998,102.9468876757942,86.51988283242406,85.4388065369592,84.3222489613084,97.67284337563947,95.29866612360664,93.3365169164845,96.29397272647043,102.32125113897521,111.18570101518051,27.7797392696813
443,1507.4390051593941,1266.226040033947,0.8267160639858748,0.4671724489719705,0.4083385070687094,49,0.0,0.014056306156567234,1.2980491912673657,-0.2832278773303115,1507.4390051593941,1266.226040033947,1080.065814281258,0.0,0.0,352.51503373107283,-0.1343917241835481,82.44201173641177,84.1093921745636,81.5444806805148,79.69462883044397,106.46443930147004,79.63535409433692,75.22383638404736,58.11798116346739,85.76480224314285,82.42592802865067,79.03448950701964,81.94484203141369,80.7225108957833,22.941117209992143
444,1225.4463184313129,1266.844474842103,0.3596907766850826,0.6704571112367923,-0.24950072145665453,49,0.0,0.017371704390219105,1.7447000669873025,-0.6043019443580422,1225.4463184313129,1266.844474842103,2841.134898794434,0.0,0.0,352.6325302784071,-0.13413357639699855,193.7735943904184,225.68487278266838,208.1437741096581,234.05491533575054,221.02562003106038,202.14881294133426,224.99854150742323,188.06270078607935,235.26613098456917,203.69707815552755,183.7310047782099,220.04441917311814,239.54562111264354,60.95781270597267
445,284.490648294952,1267.948243148012,0.6527886358385453,0.21563920337206396,0.3962990482896135,49,0.0,0.01812983090515181,1.90415853722917,-0.6992577605642553,284.490648294952,1267.948243148012,1257.6534099155497,0.0,0.0,353.024578709213,-0.13366805335315576,88.10831024147686,81.54336204169586,89.15390442452738,91.44940734990493,99.10100203206123,74.81617726702211,99.48404796323963,103.08435214239023,97.13210217275756,97.33116304792448,103.44244044575534,102.45235613592573,105.36896166586695,25.1858229850015
446,301.6648907746616,1268.3542353841167,0.37233512060475227,0.779787337587608,0.11998913125388934,49,0.0,0.020547578537336054,2.148078370239475,-0.8301253051638409,301.6648907746616,1268.3542353841167,2023.8571258847712,0.0,0.0,353.01742342327367,-0.1334990571679916,152.89254126028362,154.8293311245538,141.16175782536828,142.68788535157356,162.05418937253307,141.35359985408894,157.80108920580392,138.63314871240806,143.03632187279823,144.6613574160021,172.75166514466483,162.5286039064817,156.70128726740825,52.76434757080303
447,1969.7725858905812,1271.1652845306696,0.3091405963090174,-0.7312382577846749,-0.30892042880473125,49,0.0,0.008525195600798932,1.2958111868345168,-0.28135431230527536,1969.7725858905812,1271.1652845306696,1052.1189479713769,0.0,0.0,352.3223951536665,-0.13233327124278255,63.351937352222116,73.85242761345376,82.92459350496979,81.76972560739432,87.49710235293722,84.96997885581831,72.79396084482254,100.04566174519591,77.17520180749801,92.6150139300139,77.13409202178838,73.92884346868208,65.81291375212847,18.247495114452185
448,2771.9308984887534,1270.4269941449218,0.4566741523786757,0.11502004121259629,-0.0026892417268670494,49,0.0,0.04011297696432433,5.9400299831338135,-1.934471592872471,2771.9308984887534,1270.4269941449218,1948.54678230313,0.0,0.0,351.98817402762114,-0.13263655492228085,133.0338971925796,145.3307667582294,146.1336075551412,157.17281672399423,158.14785228222155,129.8837678975546,143.48285495205386,157.79669830194908,152.97665148343083,142.78130502727078,127.80252891968225,161.48234005983684,152.1644555418178,40.35723960736805
449,1841.2546704444524,1272.58653212983,0.8437173389345193,0.5516925073476066,0.3554749686421525,49,0.0,0.02518803787149056,2.444091089889373,-0.9702934694532108,1841.2546704444524,1272.58653212983,1270.7770522731807,0.0,0.0,352.37594400690443,-0.13174136336754388,101.51352965904344,81.82545760460422,101.48770243500734,89.92741716234892,87.00416449010578,68.6070149942725,104.29054844460646,109.81511656242138,92.37708429224716,107.09459397834421,95.99870704463464,102.5856922365636,106.70243180520171,21.547591563779385
450,1100.2601666999049,1274.5917311977414,0.7485792642871065,0.19394780605560394,0.27027889494388624,49,0.0,0.07160866994743309,8.73199843849208,-2.352784123434963,1100.2601666999049,1274.5917311977414,1866.7314069263302,0.0,0.0,352.6846906334043,-0.13090520420566976,146.12941007472665,129.6428149848968,145.43429998732935,150.63687827562364,152.27994561983948,113.31182823840203,111.10419721894672,158.0413603234386,133.55126093983017,148.74576801013617,135.95815658538385,146.36399616294807,162.85816067823413,32.67332982659469
451,1366.01717874667,1275.6877876223443,0.6403903142697278,0.1774680764329096,0.16381014820018208,49,0.0,1.3423685358741317,190.67710104648043,-5.700746351305549,1366.01717874667,1275.6877876223443,23158.031929342105,0.0,0.0,352.5739593918677,-0.13044919311956246,1633.773473593626,1810.5584006461286,1623.6361380668654,1742.215062355183,1740.6619821863756,1649.6290130454954,1808.7269202523717,1722.051978921876,1818.0328694661212,1738.4217943064018,1692.2359513508222,1844.744794327632,1850.6460425981659,482.69750822504716
452,1431.359171204014,1276.4270632339942,0.46524628140831364,0.4884473131523992,0.7339167123138894,49,0.0,0.010460169413400314,1.136859059865483,-0.1392665677951616,1431.359171204014,1276.4270632339942,1112.4903450785052,0.0,0.0,352.5467336262514,-0.13014125453498313,83.59474083181541,87.07656087338552,78.02254587426481,94.39890279200122,75.70459630729519,66.55919355705413,87.23442251669468,69.54670791239744,96.03844946154354,87.10562510214747,91.81711716841616,91.24020874493755,85.2729856910133,18.878288245538833
453,271.6888771667714,1277.6558304851083,0.2997517342684446,0.7554244797081113,0.6261311497494204,49,0.0,0.007867348035950114,1.0141418811998606,-0.015246795559629323,271.6888771667714,1277.6558304851083,1044.4439902958786,0.0,0.0,353.029912289498,-0.12962331744589958,71.05136684295742,65.2554550540632,79.45895646942262,77.32915516246455,82.04561098249599,87.13268190083673,76.02878359943116,99.66875468835025,79.14942374979427,95.85156219432565,61.75016147212399,70.81194183308281,77.47871678624264,21.43141956028737
454,2219.135834896963,1277.5502556688248,0.29003679636337526,0.3441503233650651,0.17545552124828853,49,0.0,0.00893146678599591,1.3700532629764466,-0.3418436284149435,2219.135834896963,1277.5502556688248,1044.8714548168691,0.0,0.0,352.2184951888852,-0.12967204648170952,72.1978006948514,89.62330302259673,85.21772228948458,66.75277460281077,66.67263183643658,89.92750399412301,75.11774587723173,79.68294649566337,72.6455256036804,83.29450424101182,75.34155656207282,78.90420583656984,91.57810933228201,17.915124428054224
455,510.7338783634759,1278.7952229691634,0.5424164347246541,0.34434103229825663,0.13460822310804493,49,0.0,0.01683840882094254,2.1837485360065907,-0.848006567095989,510.7338783634759,1278.7952229691634,1113.8077602684152,0.0,0.0,352.93031795306104,-0.12915056958664395,81.02850973699483,79.78093678349475,76.3677936739723,73.52965235019653,90.53009384630725,74.92927648665307,91.54630064146303,83.60476109529884,80.15524282336668,103.35577669527784,71.64568681921806,81.28460152495123,99.50210081735165,26.54702697386903
456,3003.9899541052296,1281.7767726548693,0.33294240516455526,0.2523904419432575,0.4343347018654032,49,0.0,0.0057885694524008775,1.4342350543705247,-0.39155083239242156,3003.9899541052296,1281.7767726548693,525.1350016328126,3.405064098689323,179.65720067913887,351.89149126789744,-0.12790565767549975,0.0,0.0,0.533458295895911,71.6035226887112,71.06523136188608,57.60412741490508,53.231045610438755,28.936341994120006,20.56553554302483,6.6068028932505936,115.25756763761031,25.2741663462052,58.75212509797105,15.705076748793722
457,2963.9039492438014,1286.240064718557,0.41178186848539033,0.1382058315605471,0.9897256292772589,49,0.0,0.010952896382267091,1.474339852989983,-0.4214940128536229,2963.9039492438014,1286.240064718557,3147.440187493373,75.46099434387018,2519.0047536160764,351.90819207456934,-0.1260464289899997,68.79067285517021,151.70885283657105,214.2795882827093,268.00447038181335,240.96705942789842,231.2966642716276,274.3205202918035,295.8260081444201,279.39336527589353,236.98261041606762,225.9200304964931,283.249867840614,309.8100144802444,66.89046249204608
458,538.1162751122164,1287.3024318336172,0.6990699854062311,0.42546087915913566,0.45294632270403634,49,0.0,0.012031618601775528,1.3050741838857896,-0.28908799707187716,538.1162751122164,1287.3024318336172,1040.9920697993684,0.0,0.0,352.9189093243281,-0.12560622514163222,66.19651481302685,82.17099537082686,46.252472519771416,72.6970559644704,104.9404807419439,68.98871704218641,85.00457226351419,78.7061149748714,78.00967258007122,81.68785977399966,89.80404976358402,80.57867000016262,90.96180967089349,14.99308432004607
459,2074.292622387616,1286.4535167396737,0.7226507134981849,0.32273727107547107,0.26687485959095786,49,0.0,0.012477107519614334,1.234692685937432,-0.22889718870611414,2074.292622387616,1286.4535167396737,1101.1733911129645,0.0,0.0,352.2788455566648,-0.12596293883123905,70.30047774027352,90.36753463127474,71.10996293177936,83.95871938197982,85.31111591522871,75.99143891934915,86.3460831717222,84.14012860535097,92.79813328701667,76.85796605797026,66.67984334113149,105.54750256662496,84.77126522179988,26.99321934146286
460,1856.8577991627628,1287.7856071248514,0.4861078649684916,0.2562349289257601,0.10176729641783328,49,0.0,0.010337691551049707,1.2367059633840758,-0.23066613739286673,1856.8577991627628,1287.7856071248514,1071.7860494901756,0.0,0.0,352.36944272481185,-0.1254084338070366,69.95859884985154,99.63152147545536,85.9110696142337,80.01721012247194,75.32330221065453,84.16916440524724,85.38914447145731,83.51993423991252,75.64942111803958,99.39159568786319,64.99965057455705,76.7576496300237,72.85921447664968,18.208572613758136
461,213.81136394722594,1291.5130713147332,0.6688921950089807,0.09338001513852166,0.06120636643136828,49,0.0,0.011753036687863252,1.1807911564817428,-0.18043272962229293,213.81136394722594,1291.5130713147332,1095.061602147094,0.0,3.25720722878793,353.05402556900896,-0.12384925249024184,90.48647428146558,78.50107600150585,82.91767017154734,69.37361507656433,70.06065644374405,82.4931325058094,74.24660188721832,81.04031731351851,89.50357013504787,91.12050119929279,92.0666801700454,75.48076266672263,95.6392969197324,22.131247374879422
462,2963.7527147735777,1291.2456716173576,0.4906586902716832,-0.5113199109883168,-0.371919330235699,49,0.0,0.035793518350056876,3.1862435320936773,-1.2581974172083146,2963.7527147735777,1291.2456716173576,3293.444876404668,81.5074946730997,2650.5551929200415,351.90825508096236,-0.12396087402900585,85.7535806748063,219.2070592253418,241.4390886032084,261.4963304744588,246.09259849988337,235.05954044616328,279.093178043438,265.0235169741087,292.949903656888,242.70846155788334,247.78781052485033,271.9260565735133,335.24853787682514,69.65921327329924
463,1246.8024086600708,1292.9187453053512,0.6366164588863525,-0.04706907110554519,0.5230585387078006,49,0.0,0.011219390599471983,1.1294839023728003,-0.13220011412483307,1246.8024086600708,1292.9187453053512,1111.8093131756468,0.0,0.0,352.62363197417017,-0.12326944726976169,69.04557247124806,84.14435333325932,75.61244960771634,82.24452467483746,86.5015229728485,75.87993190390559,70.93438374375444,75.3284364804797,86.20807874021648,78.8530715498286,111.66919897296344,74.34619863930263,111.39030852747604,29.65128155781024
464,1853.0953595500337,1299.2183428028486,0.5787900271489174,-0.6004007872489922,-0.054917803716507375,49,0.0,0.01044824215720462,1.0092554703029717,-0.010002780060862785,1853.0953595500337,1299.2183428028486,1089.0440780148374,0.0,0.0,352.37101040156966,-0.12064483207402286,59.20715852556451,97.37638142281287,83.44402274916726,83.96584698044998,75.30852295399464,85.69966992757091,74.90655734909586,94.74368546572099,79.26328113916435,96.21232039131658,66.04229581085556,85.94234210516757,91.18891699411601,15.743076199840468
465,687.8667769205865,1302.796717083055,0.7499621980262675,0.6715524847943833,0.6560661972332733,49,0.0,0.010672894954563859,1.0524821305111738,-0.055536827335125036,687.8667769205865,1302.796717083055,964.9828657077109,0.0,0.0,352.8565165213478,-0.11915142926275223,71.00214027290392,77.34727410482546,77.4833764570767,78.56693313705622,79.03810646686796,65.34177428786509,69.33512567522297,77.35282945846946,72.3327608196284,64.9433692283968,85.23654477676655,60.14824496140771,63.201164844115446,23.653221217108197
466,1178.3441965458837,1305.417270867689,0.8426231821161017,-0.1432618010051973,-0.057404756258696454,49,0.0,0.015358809721187285,1.3778096125661394,-0.3479730259239567,1178.3441965458837,1305.417270867689,1126.4406970376385,0.0,0.0,352.65215599764406,-0.11806160471292496,63.59638486087823,83.09042718808675,80.35531337844344,96.22490257920613,96.14156288010471,71.391538735191,99.24196428269741,93.41339819560952,81.35518169923851,79.87165818272925,79.42732976707103,82.15541949463183,96.19435416182924,23.981261631921505
467,780.8668692712988,1307.424167005144,0.360660878314273,0.1383905770479925,0.013703261241442619,49,0.0,0.011586963733147528,1.6962369536115638,-0.573716300901177,780.8668692712988,1307.424167005144,1160.4146208720572,0.0,0.0,352.81776802963435,-0.11722387582884088,75.3469904245265,86.4383238520239,78.41474606591095,90.83107787508655,105.16739121410569,90.30103557109015,110.60706614323297,86.95175921431441,90.96842595226809,76.12947116768532,95.40640675276376,82.54616612736856,72.58734746091555,18.71841305076496
468,1857.451962660082,1309.5199373860196,0.6211344435248094,-0.115565953070691,0.04838792377051864,49,0.0,0.015592831462862736,1.9008579832955301,-0.6973741777829694,1857.451962660082,1309.5199373860196,1201.520691514534,0.0,0.0,352.36919515615364,-0.11635252131790226,86.53462077533422,106.19571416836689,83.99751662882844,100.33317617668075,90.31479031310674,87.1235660776332,86.93264631206847,96.13285991975704,86.50854733447449,98.73731770734926,89.08194405809544,96.04737406187293,78.14873676320663,15.431881217759338
469,763.3684050158569,1309.6752853449232,0.5923218622570957,0.8755796392012113,0.07409385695890275,49,0.0,0.01483614752916973,1.8595924813824587,-0.6735444539885417,763.3684050158569,1309.6752853449232,1081.2318776812085,0.0,0.0,352.8250587909996,-0.11628584160327267,77.41177762975714,84.6395361429098,67.75187887524707,89.19546691308771,87.10903334176538,75.19446561157314,83.03347351876586,84.899749994257,74.54469100246448,96.6486623053367,77.64206300066374,89.51604342147562,73.26903640370179,20.375999520202914
470,437.3961804008865,1316.4860956377013,0.33084315201618153,0.7049938375314878,0.26784647705700565,49,0.0,0.020083628380973557,3.156527604323999,-1.248023979131637,437.3961804008865,1316.4860956377013,1492.5895472640111,0.0,0.0,352.960873281468,-0.11344611312840755,112.86748389928349,106.49789321493908,99.31921020493326,113.80083048531878,123.11597284701699,95.05372255593184,84.00688997003004,126.80921061495567,133.02389140136597,118.47407048689574,114.72448641183153,123.41781883332062,111.00552490123502,30.472541436953197
471,1812.0960584226184,1321.106727171355,0.5886808112405031,0.11422700537161116,0.05429306730222981,49,0.0,0.46662809580950887,70.867008473685,-4.626110250423881,1812.0960584226184,1321.106727171355,8849.924118191833,0.0,0.0,352.3880933905842,-0.1115247841073605,606.219043496425,625.6462951549881,656.043239075148,699.3744162807452,656.8724154482063,608.6665789277558,706.8250466389281,710.1458965827685,665.8638307083945,731.0267117970942,597.3713575300176,683.800133562059,717.3781444400033,184.69100854930085
472,870.7242375158007,1322.2245930409315,0.4492149383396674,0.25626213484940913,0.080463836103709,49,0.0,0.015031540210485023,2.0931360362321807,-0.8019936368585281,870.7242375158007,1322.2245930409315,1234.874960853057,0.0,0.0,352.7803286586477,-0.11105757665352961,109.68935705846548,92.02093364019557,105.43428774472608,88.32156732705783,96.08073950844951,88.22600808554394,99.10258561451649,99.67338369660823,80.93722259204645,92.40757917739303,78.51468039990837,80.47294359730927,109.95123036506308,14.04244204577391
473,378.21490037543884,1323.4869207976471,0.5769064751302275,0.31618165420550687,0.2967222526367144,49,0.0,0.19690411410703618,28.212522393285834,-3.6261047920024603,378.21490037543884,1323.4869207976471,4948.657672388729,0.0,0.0,352.9855302907768,-0.11052880656295173,346.85720069258343,343.50148085300515,341.53048128356477,401.72035093176186,401.0280884144678,347.2232336838736,356.01864326695164,396.50660464148206,402.37238956089266,388.2840239724018,341.98472899205694,386.86427156592686,401.1252413025137,93.64093322724649
474,2235.1849071219863,1323.4157837169978,0.787774685486026,-0.8246861168812752,0.1316283019412433,49,0.0,0.012171854293535974,1.0582828975485652,-0.06150444434573147,2235.1849071219863,1323.4157837169978,1040.0005474340696,0.0,0.0,352.211808208131,-0.11056163552796362,72.61971655586217,98.49342157804662,88.43974799306437,83.5099831856427,82.44929928044849,72.41641711497445,86.15917430915675,77.4043876071658,74.8596028711361,94.86375286453656,45.147134637782976,70.21402700158887,82.75343384874256,10.670448585921257
475,1912.52910331486,1329.0522163650464,0.37887779473734806,-0.16615718436930965,0.38752404081834513,49,0.0,0.008539720375469632,1.1087537976021309,-0.11208780087020205,1912.52910331486,1329.0522163650464,1100.1177371517674,0.0,0.0,352.3462464485644,-0.1082140303308017,74.15123609225759,85.30438639065562,85.00290199509342,71.74901325936574,81.16253355345724,75.02585420726848,87.62389713681483,99.77182431337755,83.86212935679615,71.19536079441198,72.96643728328624,88.93840140458366,98.52104482398789,24.84271654041119
476,2475.034250295019,1330.0654331749406,0.792054621537097,0.4667591215255824,-0.06061771124620594,49,0.0,0.010800948380120605,1.1195227911398158,-0.12258234832827843,2475.034250295019,1330.0654331749406,928.628864393608,0.0,0.0,352.11187403193236,-0.10778995703441392,64.81313759931015,74.08243407386698,75.7654893068121,74.44496721907254,57.15666046705286,66.8077563035012,74.1996003776348,54.20151727487377,58.761422820328534,77.74005089276707,59.74377917403085,75.56778567141805,91.46680589872405,23.87745731421495
477,2757.744842421446,1329.97088852832,0.7210276086399563,0.06122253092729901,-0.16821643103542694,49,0.0,0.08025468721824384,9.160840160304033,-2.4048382639326222,2757.744842421446,1329.97088852832,5365.681379111631,0.0,0.0,351.99408444155773,-0.10782771200759758,417.3466949325328,401.91451380531726,397.58030671271086,459.4233086892299,410.2985965209955,375.69198926830006,393.8722673252511,391.9122605150362,408.69657602187885,412.1995379256907,394.8948631166635,405.25162973663754,401.7435861253556,94.85524841603112
478,246.12607186750714,1333.7210680805613,0.5239676581701285,0.2014805420913597,-0.059827018239724764,49,0.0,0.010971554352998278,1.2313325061916542,-0.22593836162358036,246.12607186750714,1333.7210680805613,1247.452165084224,0.0,0.0,353.0405624621311,-0.10626380739246631,72.78795722408886,97.33568904255608,85.55728207539605,124.64620083431626,83.34541842870243,90.32248536547957,111.51315887709632,86.96528757715967,86.85744962008849,110.87615338654942,97.72309378275406,76.83187956636382,96.69347834588854,25.99663095778442
479,2750.609152413393,1334.459748617187,0.5320050477303991,-0.260717382274322,-0.11102379919778302,49,0.0,0.23883204186837398,33.42511915749535,-3.810182410392308,2750.609152413393,1334.459748617187,7611.844066263811,0.0,0.0,351.99705743464006,-0.10595747311276019,529.5970874188133,562.6317258091444,563.1433313404265,621.7658435235065,569.860955732574,524.6939526963747,605.2626933398631,585.2043172217811,592.0677113737192,583.7100428877105,568.2254526722927,579.0004510988906,564.7148104490605,161.9656906996537
480,2843.42029668251,1336.8038305910309,0.9843254884231453,-0.17455569972259533,-0.2716178083678418,49,0.0,0.015350023559251457,1.0739925250918703,-0.07750314679187158,2843.42029668251,1336.8038305910309,1224.7697664453294,0.0,0.0,351.9583890591688,-0.10498019358519688,100.68750933934744,87.80852645934033,74.4625394587936,100.11762102932016,94.1019091679265,88.54369984719168,92.60741590788734,85.1712988712194,83.97799013180847,91.13914794545605,107.82132203305858,95.75829117543027,94.39137825873556,28.181116819814214
481,255.08710876579454,1341.7575981621262,0.5387213341281576,0.3199645606316702,0.392394449388964,49,0.0,0.08231807100746913,11.639227205476807,-2.6648103649730985,255.08710876579454,1341.7575981621262,2788.42436264862,0.0,0.0,353.0368290599372,-0.10291549365541264,166.1292942229521,190.91028821664833,217.04792857902908,209.98255187017278,240.611325652535,194.29725204878514,214.018321440354,217.45639514631569,209.46045738557405,227.32272988596577,198.75064158510827,213.50383269198852,239.23707833760903,49.696265585582154
482,981.6595316020123,1346.8054380339627,0.5813765542280775,0.2984675495078264,0.058838790922246934,49,0.0,0.014192425558500633,1.7013117282457908,-0.5769597397241876,981.6595316020123,1346.8054380339627,1112.7192251071813,0.0,0.0,352.7341067451654,-0.10081613930416664,81.3868965035567,77.24653141439293,90.12691861142588,70.82121660090128,81.32491244164488,73.2423509003399,76.01150744763234,82.67851389408023,77.68556592618629,98.57905942222686,88.08763746393137,105.98091199816405,89.985817787331,19.561384695367497
483,448.9376008563517,1348.7406121301872,0.44239799595074136,0.7563784346660732,0.28585371410420773,49,0.0,0.01599719533096421,1.9898329539492527,-0.7470415475278619,448.9376008563517,1348.7406121301872,1285.3897335503839,0.0,0.0,352.95606470733026,-0.10000733368079072,106.52141242920185,100.26597092977161,76.47011547643177,102.80104372681606,96.47991243387784,91.74332055834107,78.69775019943336,100.88334946148692,89.74696749917382,99.49826883773008,88.42300199015283,100.04559871315475,124.92135685474823,28.891664440063693
484,2297.971974921921,1350.1637954531395,0.4227047847174215,-0.6863605798188052,0.028775760833477913,49,0.0,0.012766243606727675,1.4054537336075552,-0.3695413838951851,2297.971974921921,1350.1637954531395,1234.2676958367251,0.0,0.0,352.18564754372153,-0.09941657049675638,83.70747457910994,84.6213647472498,91.21878030206113,84.59944905277007,90.05920674510855,84.70179717162405,99.05031140535937,105.96879216337068,91.46234832555045,99.92270677693472,82.85491621709939,108.62367076742579,100.03174151296214,27.445136070099117
485,1583.7886344984754,1353.3644261424167,0.6996743409294999,0.20501548873703973,-0.28660892411176786,49,0.0,0.016111746491026344,1.6549338801366613,-0.5469516175370145,1583.7886344984754,1353.3644261424167,1141.4056459364406,0.0,0.0,352.4832213982595,-0.09808425683938266,74.2042812258434,84.96414787499745,81.62612723322664,92.59303565356483,75.22769938595239,91.32627521335357,77.75774617307974,95.19043959487135,84.21816221070412,100.75666626488308,76.76891814500922,100.49475212508116,86.9611715968471,19.31622323902638
486,2971.9256191925347,1352.780701499511,0.24194252142142766,0.12517452611447952,0.2982139842927706,49,0.0,0.006759852309437587,1.0763238156873218,-0.07985737490892529,2971.9256191925347,1352.780701499511,1141.510311486646,0.0,877.9070694142549,351.90485001961855,-0.09832258560915667,47.218600202601436,122.88394023052949,88.20458057172422,101.77758022329067,79.77088096210161,64.87191472053979,86.84424849809801,88.5446339310484,99.70192517451571,97.61719889399133,79.00648437016036,72.48286051320555,95.51521111479491,17.070252080044725
487,2572.9663545928847,1356.9702000179689,0.6576293150829755,0.12251173057975806,0.049295236680477285,49,0.0,0.07757303412071577,10.346709790048012,-2.5370056698452315,2572.9663545928847,1356.9702000179689,2088.202718890389,0.0,0.0,352.07107083048356,-0.09657944149445953,143.09923713442936,174.64237919670464,154.54722048112535,167.08721289715766,174.47690585569114,139.2122541706546,167.32726871052998,149.10795803089042,141.3025697458637,151.12626364151174,150.14835967705716,150.12127683861996,179.16277744033502,46.84103506981798
488,268.75632663628625,1357.858716083155,0.8261384355244723,0.46329375708231874,0.047994027013749815,49,0.0,0.02905190700046438,2.7470719589089674,-1.097175089530449,268.75632663628625,1357.858716083155,1518.405423884481,0.0,0.0,353.03113409858116,-0.09620713099985528,102.08335868157553,116.29075731678869,118.58976807043022,123.27225248015236,117.07782352036328,97.71634967250138,117.21771648064826,115.17146432828096,108.4416842880046,125.17101967883278,98.7685338034492,126.25058582079694,121.78747131400439,30.566638428652563
489,2635.6444244678105,1359.1770496256445,0.41472155224492674,-0.013639245932953485,-0.13914397571213757,49,0.0,0.01657672101187901,2.45544169792798,-0.975324066726212,2635.6444244678105,1359.1770496256445,1235.2042672426146,0.0,0.0,352.0449563633418,-0.09565962840025494,107.6114130319309,84.41969270848654,84.140853607336,80.16797027909939,96.24797938305497,83.51125669896918,105.64086472345936,106.99183021240466,81.54081584080396,76.86318403968212,86.83735861336353,111.6267158715947,108.86257342300469,20.74175880942462
490,1394.7578674087858,1361.3614632580147,0.26121110446286944,-0.2058380020045377,-0.3493897517559424,49,0.0,0.007810081484640196,1.1030213655094163,-0.10645981200024003,1394.7578674087858,1361.3614632580147,1176.6837388075876,0.0,0.0,352.56198414257955,-0.09475206312742711,94.31141130861397,84.14929543289509,94.86784813848973,93.98385773244377,93.54541173588538,88.00284358961466,90.35356624267322,86.71623739478592,101.31262534363995,82.77709249413354,73.97600878964923,92.83658362186569,81.79293200219058,18.058024980706936
491,1499.4408552143675,1361.8011585559627,0.2939485788238688,0.3567582961273684,0.14481981685826675,49,0.0,0.01069957369349413,1.761110164145248,-0.6144663089754772,1499.4408552143675,1361.8011585559627,1128.6193587469465,0.0,0.0,352.5183662937068,-0.09456893782374194,64.65457940211947,87.5480775169858,98.58780648460697,98.36231239602692,89.37898998528338,83.61159498991248,73.45676431141038,80.59012582816011,73.95682787110974,94.64317708505246,76.80481123451554,110.26488807726832,79.64180868216738,17.117594882327765
492,1918.491597578811,1367.0570432091358,0.533263447578744,0.025008404507697556,0.03874432806878218,49,0.0,0.09435151696284283,14.611524764582654,-2.9117388461827556,1918.491597578811,1367.0570432091358,2603.9567130527084,0.0,0.0,352.34376208627725,-0.09237877087419481,160.3231567208286,183.62984626606794,176.77859688673078,184.13835569819918,195.46485516052212,195.77115958047966,228.63007686741713,187.98979925945284,201.56575605627833,218.9772460241601,197.03331262964338,222.77120470167017,199.8542119525453,51.02913524871321
493,2133.859080455201,1367.1362257425815,0.23955919802551176,-0.720463769397521,-0.10453294742163242,49,0.0,0.006647386765557649,1.0424732512557457,-0.045162300646708675,2133.859080455201,1367.1362257425815,979.9783128175045,0.0,0.0,352.2540265259936,-0.09234533062027203,74.04537801119878,73.0507137830464,66.0569937462792,86.01180765313285,54.33632709170811,66.95362277667414,81.68435939695016,63.7047064916866,78.77263706012002,69.5015032222934,83.47985745888784,69.98814754432652,85.96976570765699,26.422492873543437
494,2453.518287337035,1369.3117276580408,0.7391194130714167,0.30027226946535884,0.07702680010601681,49,0.0,0.05091476805789997,6.011949334936107,-1.9475382798992897,2453.518287337035,1369.3117276580408,1725.663466315335,0.0,0.0,352.120838652627,-0.09143780940682535,107.89193173554284,137.45228917387215,130.35852821129495,121.47367394156015,133.95071287394092,116.38957690693985,106.25634395888659,127.29230477040018,131.89450865121134,140.1093939576575,145.0043290766678,139.31550552311617,150.68024125574578,37.59412627849851
495,2998.6148459289743,1372.9631348488388,0.9670222510772275,0.037193555478486545,0.06073360713632636,49,0.0,0.011895391088748536,1.140677566922522,-0.14290725150215952,2998.6148459289743,1372.9631348488388,906.7479399617101,0.0,564.6989401737394,351.89373063052153,-0.08991350597483151,31.405528233392975,0.0,74.2971070463405,115.17682640591728,91.93744829039015,86.76890681447817,57.89558671749775,75.80603302051352,48.770376329445824,43.675395421370155,65.8908744921027,66.97654088968577,120.97521895518864,27.172097345386774
496,1287.5157949598859,1380.6540221488353,0.7858371768982693,0.10621153113394079,-0.04926051894159885,49,0.0,0.023367136547046613,2.420069324288747,-0.9595695169395515,1287.5157949598859,1380.6540221488353,1272.4920540898527,0.0,0.0,352.6066681732969,-0.08671340077042208,95.02341942166848,96.0274407193557,88.09060416456134,102.8522585477478,96.37445268843983,84.06887120734429,92.18847403536301,94.4626776581499,93.11750392016245,111.96522005515817,103.20165861066607,98.2365499854323,83.31018643456451,33.57273664123875
497,2485.2017357319764,1383.7024172951124,0.4288036182524607,0.3242086608001711,0.007158532618797757,49,0.0,0.016264254887548485,2.2476236398313834,-0.8793089780649993,2485.2017357319764,1383.7024172951124,1255.7304834160134,0.0,0.0,352.1076377414387,-0.08544169562038764,86.62786479234484,86.05074515724722,84.0308863390472,95.96083914354692,100.88921164241053,101.3417278085384,87.75322047860477,92.59058011273567,94.15265178080139,112.17255902796691,106.49746578250799,87.97384141900514,99.53758753755105,20.151302393705542
498,1580.240253534456,1384.9862556614144,0.2916783692556911,0.2838877148728036,0.16321896393508556,49,0.0,0.007890206654603302,1.0496731899310543,-0.05263526219357996,1580.240253534456,1384.9862556614144,1066.5813636692424,0.0,0.0,352.48469989024534,-0.08490853168703158,81.4778942176336,84.57703336097748,70.94652769482882,74.37022242142126,67.92351110070226,69.81859368164977,80.7646682523027,83.57538180871923,97.71527100156786,76.33709466621156,70.40359144688338,107.12562131451324,78.30391210669002,23.242040595141056
499,2996.7897169216717,1390.9368234314138,0.24766117521059583,0.35247632073632135,-0.4305642661191711,49,0.0,0.006251761466772521,1.4670215896584309,-0.416091263136715,2996.7897169216717,1390.9368234314138,1053.922483026503,0.0,567.4397696968756,351.89449101584546,-0.08242488616689189,11.506095747630434,26.904229338507207,105.76395959866579,103.13007203907992,66.140367596604,85.84379544734787,73.47596583634862,83.25156689932514,44.01720764326071,108.89323281071967,156.02261922774102,106.40514315486371,64.61367515181774,17.954552534591226
500,3.299768880252805,1395.1765982420175,0.5606016048077621,-0.08501913655681619,-0.4360819971889368,49,0.0,0.006609835261302209,1.2259190265370072,-0.22115446360949292,3.299768880252805,1395.1765982420175,163.87670220772856,2.0039141430821177,21.454085478860918,353.1417284187352,-0.08065712585729629,12.0558144229955,100.45924795804405,0.0,0.0,0.0,0.0,7.360200941176711,2.5676322267845415,0.0,17.805714325970975,9.085134250005574,0.0,14.542958082751205,0.0
501,2470.7900203116383,1394.571145247723,0.3985013631835455,0.007872227336760008,0.06687547849849555,49,0.0,0.009318014805683537,1.2937981598867476,-0.2796663228165535,2470.7900203116383,1394.571145247723,1116.7046745072807,0.0,0.0,352.11364237511,-0.080913217510389,74.85131080309046,74.53536387228132,81.27127575027366,85.70091936956015,90.18256110337289,65.5909758045769,111.72273746772007,85.00758239097769,98.16275314731257,79.41142160352254,71.21042023443378,75.51896231633118,99.43048325018387,24.10790739364353
502,1944.9214294118367,1395.7338806138155,0.8021365909658301,0.33441205248757366,-0.30659118111759,49,0.0,0.013663927020144172,1.2339776445587436,-0.22826822960625995,1944.9214294118367,1395.7338806138155,1121.245960794602,0.0,0.0,352.3327497192689,-0.08043011371547545,73.58681032865098,87.56238745758674,69.66454994834257,81.84194754568662,95.98229076594028,74.76880255540647,74.64248397643547,87.88689190195879,85.86990421070352,93.14662510581445,89.9770340293334,96.05814436794245,82.97397950033375,27.284109100466722
503,1599.1187383299264,1398.0778263607585,0.6887008438598693,0.11341817436106084,0.1293305881633092,49,0.0,0.13044029834532653,17.28968601212094,-3.0944677659434157,1599.1187383299264,1398.0778263607585,2965.8145090127578,0.0,0.0,352.4768338560029,-0.07945372408111132,197.79326855505244,223.51920152482222,216.85063082860353,191.5662542043314,232.83832939668764,210.9460425531416,254.13658442332607,241.94651852414245,225.25887807407912,230.45696837440377,223.03425706814596,229.09592578777875,223.65967486256892,64.71197483567411
504,2478.5831868818027,1397.9094540469184,0.5903676242782073,0.4049981567422404,-0.17770717746157366,49,0.0,0.01087576249626871,1.1741946913066617,-0.1743502813546767,2478.5831868818027,1397.9094540469184,1142.539843055918,0.0,0.0,352.11039535324625,-0.07952225778683908,69.22772614255075,79.08755013402362,72.60189225368742,97.92192582682941,95.63240514833656,82.52214874183389,105.38738830659332,74.38051202885191,96.15075450601378,89.8731134014223,77.83112816607759,77.68274681249295,94.62340144570223,29.617150141502144
505,184.1396749507861,1398.6292734384695,0.5185674608394221,0.07161398413422215,0.2536363039013922,49,0.0,0.02264683585708677,2.6027595169905595,-1.0385851078751338,184.1396749507861,1398.6292734384695,1570.9424080094036,0.0,91.5822397471219,353.06638752544444,-0.07921975282061298,82.58974142056478,124.6494668673404,123.03226303298058,114.24150303762832,126.48064705429702,113.61601067827004,99.753586716704,136.94022306247774,128.66846446636674,119.61785766828733,118.02842805811247,119.28035988788028,136.13106038110158,27.912795677392413
506,53.293836585380994,1409.3731636583834,0.3456561264808235,0.4038083197178861,-0.13575963051619533,49,0.0,0.005467673336516885,1.0937954114897983,-0.09734024290455723,53.293836585380994,1409.3731636583834,690.8644743519542,2.0,429.60281384054883,353.1209002883777,-0.07474261218858841,49.32032486743586,71.14802366383469,54.41933576457278,51.004674960270506,73.50848658949687,11.9873790702852,25.656658143413683,84.16930060578781,70.17963589329197,55.55845543432903,43.81637254754622,32.62903627959834,67.46679053209117,0.0
507,161.293000120529,1411.6053357931507,0.5274543715836423,0.2138974155429079,0.249204125531958,49,0.0,0.31577523331272317,42.002221744313694,-4.058180658481406,161.293000120529,1411.6053357931507,10102.985265597232,0.0,3543.087229248094,353.0759059507626,-0.07381323054668536,684.2521869551856,768.4520509158808,718.2560719342933,795.1768617218142,762.1341710316,731.4170207438352,793.1900918379883,759.7500134960176,794.6854603652935,792.7632077088267,754.8587005595944,756.1423331293737,805.9400486866859,185.96704651084335
508,2857.7929252819717,1416.3864811175356,0.9303566894058608,-0.2946400240308573,-0.010555226094979147,49,0.0,0.014631846138563057,1.198131730040532,-0.19626142427471263,2857.7929252819717,1416.3864811175356,1141.9190150891966,0.0,0.0,351.9524009339126,-0.07182213092607047,85.925432958746,83.56854756471725,83.809675463606,93.0181505261162,87.33231752556085,74.34166620318067,85.22868359335824,78.85844573379856,71.12458553937206,107.51208088354358,88.20065535694638,78.55151681426389,112.13610358096908,12.311153345017791
509,2495.730376013479,1418.295290468732,0.3744497523119761,0.26664386250869604,-0.04544804765148692,49,0.0,0.012278148755125094,1.7519748505757045,-0.6088196690570552,2495.730376013479,1418.295290468732,1100.4257548390317,0.0,0.0,352.10325098430565,-0.07102829198500064,90.82795242532593,74.15428184033762,78.45911636939131,91.03166149128654,80.86614384268103,68.5986127494817,82.8645108404141,101.9113809275685,83.38779500347982,79.2517552431922,83.61461702138354,80.12787359347544,78.01630085279696,27.313752638216933
510,2209.250024182591,1429.9367142937592,0.6087229179658056,0.1313392903851529,0.02116043501593052,49,0.0,0.0687789509150494,9.672167406748585,-2.4638095118148837,2209.250024182591,1429.9367142937592,1997.7444440335157,40.8326713199994,0.0,352.2226141698471,-0.06617856344415,124.62458739779547,118.64473223749167,157.09690447466963,118.17225197728322,159.57483720410676,148.62176282216285,167.71243022346138,181.60117777027415,160.2213973110937,158.81029364538,152.16136327999095,143.10581653360066,164.62583040854258,42.771058747662536
511,2595.7223707274457,1429.3217334376911,0.34758985052375213,0.8040405837538404,0.1937285747321171,49,0.0,0.00983427331931456,1.30424309524659,-0.28839636553847037,2595.7223707274457,1429.3217334376911,1114.1263816591438,0.0,0.0,352.0615896252401,-0.06643371364707244,75.49687417604673,81.10200152699899,64.27124696344876,91.38277428166752,87.93619141775977,76.59851447222358,85.88448549072169,87.3433302836855,94.80877745611475,88.85969210137735,76.36284721808883,89.28409259237185,97.56926120106735,17.226292477571164
512,1867.2815823754825,1430.7105185267849,0.5469350743907261,0.7874261034893812,0.007971911045495501,49,0.0,0.013816182002310193,1.6463033497183046,-0.5412746546062319,1867.2815823754825,1430.7105185267849,1167.0736903284578,0.0,0.0,352.3650994884926,-0.06585667004472762,67.41486323875547,91.30836476136892,84.18788062986954,87.44828783490622,100.97085207722428,83.69137045099451,90.58107666100733,83.23425782215973,77.0435060586671,87.15938775935135,88.59514873018804,96.76882508206799,102.66532712932545,26.00454209257169
513,2297.382259879853,1431.441612571639,0.7422964042108084,0.4054933558440324,0.06639209210703077,49,0.0,0.010296784560377553,1.0198306176646066,-0.021320115870117822,2297.382259879853,1431.441612571639,979.959179961084,0.0,0.0,352.1858932373254,-0.06555133014744544,68.28471202387772,78.86351589447945,47.54802915720442,84.25362949600343,76.07434387595171,52.01598312763588,64.66619902647525,89.41512835103761,64.74108282500328,97.69243897253473,74.20201203850505,77.09955794183915,83.76045671742696,21.34209051310942
514,2324.0180782721413,1432.0355163310194,0.5665148733178845,0.5267570356461592,0.3302909639659142,49,0.0,0.0134753883270732,1.340424403672003,-0.318105814924669,2324.0180782721413,1432.0355163310194,1215.3765336804754,0.0,0.0,352.17479527674016,-0.06530380846918322,97.24029811184572,100.79461522008097,82.74007065085728,80.68314161933773,96.9696313884495,98.3149359053983,95.81909220943552,94.97358073856766,98.20878334601221,77.29042922658681,91.07890803757026,89.91079803082535,88.16950629433771,23.182742901170293
515,383.8786934464305,1433.568001786815,0.6747112681734994,-0.12295780706748628,0.4191508429682009,49,0.0,0.011053249340398856,1.1114413999521449,-0.11471642433894036,383.8786934464305,1433.568001786815,1047.5992855466607,0.0,0.0,352.9831705975949,-0.0646636469070101,77.01241657205128,71.06057220904943,74.10623060526834,83.31304725531999,93.50178525237254,85.91275604724696,77.06342034912407,77.24387798525089,68.09138192825057,80.06342550159965,75.04391368511807,80.24222401481796,79.38313528409333,25.561098857097612
516,2786.3012659091423,1436.4381918117997,0.7601731923194704,0.11057721245223112,-0.1020783380476658,49,0.0,0.03575958106049273,3.9589668321198412,-1.493954658215022,2786.3012659091423,1436.4381918117997,1502.078005350924,0.0,0.0,351.982186764694,-0.06346790718559712,103.84248648026258,107.50196529971524,110.46018185051855,115.97372010490946,101.13573116309323,114.92540715883604,125.54940342376771,100.28880791003799,120.56222716895235,118.07418041141415,95.47881836919578,99.98942147591336,158.59026415843906,29.70539037586873
517,432.1655897765883,1438.4644089452559,0.6847824571456076,0.3619174746451249,0.11357909314708318,49,0.0,0.02388088602696514,2.753206107662053,-1.0995968107842413,432.1655897765883,1438.4644089452559,1240.660210158534,0.0,0.0,352.9630525740813,-0.06262375070801816,77.65581485261497,93.24338711953772,96.04846289827807,78.77048794877524,104.194512164074,95.8487541883801,87.35048039454605,76.2115776908067,96.64500914867882,113.35828494000646,101.16044609415889,96.0508634230903,98.11273254785905,26.009396747727617
518,2462.2566506459702,1438.267522124391,0.3779908826828138,0.536508871902938,0.17474426648855923,49,0.0,0.007690940233983199,1.0411814505725636,-0.043816055561544255,2462.2566506459702,1438.267522124391,974.3342996094644,0.0,0.0,352.1171977946054,-0.06270681572594147,58.98143143820633,83.58267294840986,74.77446403310273,76.38129978966117,78.23015654621275,65.89233211038234,73.69109749995789,87.8283529189961,77.34824476231495,72.15652143261741,63.05676688601482,67.78890163907133,76.53415058485155,18.087907019665153
519,2556.3609484175586,1438.392335153423,0.23426877832148094,0.5381950102970877,0.26088068854449936,49,0.0,0.007661666045968397,1.337554549271177,-0.31577875704040914,2556.3609484175586,1438.392335153423,1025.3178840498258,0.0,0.0,352.0779893884392,-0.06265452802437661,69.11846449220316,82.5158553377446,78.02589177714248,75.80509978145945,71.99912730600519,70.27947888376504,79.66718104723124,72.2711311142288,81.92676495145533,98.77426880438037,83.52849807901332,73.23598204792223,78.70896693626077,9.461173491013689
520,1475.4352487023896,1443.0081299203323,0.7109312188242708,0.04069845625574048,0.30108357732708924,49,0.0,0.017687587476357812,1.8853342911842934,-0.6884709167853287,1475.4352487023896,1443.0081299203323,1414.945448520789,0.0,0.0,352.5283686241469,-0.06073277137909873,108.00325527786946,93.85703962505245,106.55244088103531,126.03691135578794,102.5066859235607,103.72423964416735,103.4191324601513,110.97595735585172,108.51036221376798,115.7380834019642,98.45263092038556,87.0511548113524,114.38537203048284,35.73218261935973
521,706.5787838919438,1444.001134572985,0.26559120066013003,-0.2852711185524549,-0.22180529423554557,49,0.0,0.03478967445479719,4.590959318985512,-1.6547586111252528,706.5787838919438,1444.001134572985,2833.8989787808296,0.0,0.0,352.84872022224033,-0.060317770594859266,201.9036742288906,218.70394070741173,200.58193436039596,219.57551697010456,248.13712322666237,199.35945676642473,232.1183284773535,236.06286559445067,195.836052665794,211.83911236784348,193.1625331804998,211.96138978801446,202.61519860996904,62.04185183701476
522,2076.6175215696203,1444.3569363836777,0.3501786543285952,0.10341179503833987,0.37528400517988986,49,0.0,0.013349611856654956,2.1568956624770332,-0.8345728426978887,2076.6175215696203,1444.3569363836777,1126.3831465702456,0.0,0.0,352.27787684097683,-0.060170433863834326,99.78311744492413,85.23905993685037,76.39857241165907,81.18937246084053,93.08885802957008,82.1034103002641,84.76454527338113,78.45671397806728,81.52907385930305,90.30859397124145,84.44985290396204,83.19150458680261,90.64582842867263,15.234642984706994
523,81.08924684479486,1451.0031321077788,0.420495708477811,-0.04574870588051644,0.3034068368346855,49,0.0,0.03368178020118501,4.579817534670696,-1.652120438861084,81.08924684479486,1451.0031321077788,2133.592216006721,0.0,1950.9430256554053,353.1093203249482,-0.057398045963510905,155.09993777239808,182.25477305677038,181.3152455181143,158.00335424438646,175.00558050138014,157.99616881964806,172.08338527549125,154.9969169364919,161.82054335580239,165.30798888942493,138.25658865547132,167.51672575010062,136.59530441875796,27.339702812483385
524,441.7782745802655,1451.3261570944094,0.5097178300863132,0.05226562794667913,0.2157606722156377,49,0.0,0.011041414915282462,1.310209465849367,-0.293351831869127,441.7782745802655,1451.3261570944094,1057.0437221991729,0.0,0.0,352.95904757972903,-0.057264923134482525,78.52859958669441,70.08479938278919,68.98115033254624,84.21963440811203,91.63802736754488,65.50592073840657,73.89815623118474,88.2049549377207,89.98163995614917,78.29974745070908,65.07308704290524,96.17004587295176,85.13654808611875,21.321410805340033
525,1470.7919436133582,1451.704637149182,0.716363785399664,0.2523405995903376,0.15720435576625333,49,0.0,0.06782440016098681,8.320133924782668,-2.300325792387264,1470.7919436133582,1451.704637149182,2079.383706859887,0.0,0.0,352.53030333304974,-0.05710923090815041,147.23564650991204,183.2306091551236,155.76565357643784,143.19325617055506,166.16994721858006,128.90064585847273,155.52989100254885,154.7303798203418,149.89757324436798,163.90740388047527,165.82643291878054,154.85572682410822,167.12686872619258,43.013671953990524
526,2645.283919264538,1451.741684771577,0.5676254803343961,0.4622500746547833,0.09711104329289784,49,0.0,0.012085672744356232,1.4418017072053657,-0.3972638385657362,2645.283919264538,1451.741684771577,1027.2566995512393,0.0,0.0,352.0409401124764,-0.057092171944875945,71.71253072960474,76.03690577164096,94.22925205582126,79.9053071808955,65.60151772982834,72.75424653355563,62.63590985033717,74.99665873846133,83.96318376355745,85.89891588002766,83.27022559834523,73.8822990939109,81.52682185778474,20.84292476746859
527,3008.9956450319373,1452.177606397348,0.37380470294896817,0.009143952381859626,-0.39438852859458207,49,0.0,0.007957377856839557,1.4949704110916076,-0.4365814926430809,3008.9956450319373,1452.177606397348,1196.040327709933,0.0,583.31608246724,351.88940571972825,-0.05690920075175234,214.83823846989128,63.22838954107567,70.98130681448039,100.96735962786121,162.41461982078812,72.82385467697915,102.06507787206176,74.21300633546726,53.280222313282664,43.58665704199258,86.41008548189276,69.62299592598976,53.33308453225109,28.275429255919413
528,1021.1393445497788,1452.9260816834365,0.6291876070668591,0.296595650853934,0.029011514758099856,49,0.0,0.026590221092322258,3.5489767959763103,-1.3752578996000397,1021.1393445497788,1452.9260816834365,1260.9482675043355,0.0,0.0,352.7176571538809,-0.05659981932526627,74.39411704575836,98.93652394526231,106.97971288952645,108.49304486684332,100.59509731606512,73.36077442458708,89.35639808889837,98.60697607574545,89.93807813755305,94.00674094593737,101.84897900958245,97.5852541634623,90.99514005168815,35.85143054342558
529,1722.1537088986602,1454.9751191631613,0.5328725336654516,0.5071446182344546,-0.1889006186717897,49,0.0,0.010507707450608184,1.024981181335744,-0.026789729535360844,1722.1537088986602,1454.9751191631613,1220.6526914286117,0.0,0.0,352.4255693026198,-0.05574653522031123,92.45599135274905,84.93502172542541,83.46342272883481,101.07124369028944,105.57637399392183,85.9493392003128,100.96574329182525,88.37470287845966,103.18375451792048,86.36343085232522,89.00750401913453,79.39645813970398,89.06172648730998,30.847978550399258
530,1781.6094876739714,1457.5195879497717,0.4576608583934461,-0.3064689923987738,-0.011425881422771404,49,0.0,0.011288585343997432,1.5819477530361126,-0.4979803399034982,1781.6094876739714,1457.5195879497717,1043.682867309649,0.0,0.0,352.4007960939005,-0.05468631544400576,69.65780977104657,74.54508025429713,66.50425409235804,103.7798815671137,70.41188308654647,95.70373611721809,66.4054652911791,72.70275804403776,94.65935984263584,68.3649936827784,73.17079515508587,85.04984402547981,80.61014084150983,22.116865538362333
531,738.8250223314391,1461.965786931212,0.4472743245556958,-0.5259022351654518,0.6836745754839567,49,0.0,0.03815214138983764,3.6862602551817045,-1.416464984423631,738.8250223314391,1461.965786931212,3166.2859398190285,0.0,0.0,352.83528484236075,-0.05283274464697475,212.77275644947477,238.27157437755523,234.8056136516994,247.30108170242033,250.47909469113625,228.59693574373853,245.00548985111436,248.2780847973755,214.49299562754658,239.03289577620905,225.11030213877928,234.7390411925527,274.92738745445115,72.47268636497583
532,358.43422533723293,1463.0862005478753,0.513495231805409,0.580362664563874,0.24614601760158822,49,0.0,0.073144643470179,11.00477415403214,-2.6039528353824224,358.43422533723293,1463.0862005478753,2500.4757341072327,0.0,0.0,352.9937716204173,-0.05236480726945389,176.0342233952959,179.04208024585552,174.43313650973644,186.22439989753212,179.29629160110963,187.19576639508597,221.6242491699437,175.30116122999763,221.1005198835859,215.8305537597273,154.4461613418771,194.70348254396447,186.6998886763135,48.54381945720733
533,700.1936859292551,1462.8582219347475,0.6828529973931896,0.3494740509391342,0.2573539700895041,49,0.0,0.045330675479210984,5.757093153719099,-1.9005081417370477,700.1936859292551,1462.8582219347475,1566.0076080022732,0.0,0.0,352.85138057063386,-0.05246080998486947,96.40376936804137,139.11589992270837,87.28043029231999,113.2708355659508,112.63112278717368,94.40936394995705,151.36179966136,119.67703565340055,140.85578267922017,109.37195241150076,112.75153069640474,138.36001879129128,122.22181742820194,28.296248794742638
534,2810.542151122719,1462.5645172326444,0.6506419123661722,-0.10852707057563575,-0.03801926863171526,49,0.0,0.013606370999181818,1.2595506787400135,-0.25053911567971104,2810.542151122719,1462.5645172326444,1244.0935382305117,0.0,0.0,351.9720871551663,-0.05258227540622166,89.12282575401473,103.31798930956577,90.71696420945335,92.68374153083862,98.68837061271265,101.34573686234415,93.26152776565816,73.70742169151174,101.26772992787153,77.34117761499388,94.47379337435851,86.99908232925671,116.78611280614055,24.38106444179138
535,1619.282960920576,1465.3062966797227,0.3874662133367556,0.05435416862953671,0.18113192236391565,49,0.0,0.0245477830771507,4.241692856128257,-1.5688480443987913,1619.282960920576,1465.3062966797227,1422.8847241732637,0.0,0.0,352.46843209733703,-0.051441903744528686,91.90424618430328,106.44261108505444,91.83728784533602,97.56288896822666,110.88691306000968,102.35549484718851,129.3907717383549,108.50464950415443,118.8675547993957,108.40647468175473,82.8959519169533,105.87569245670248,131.8518273676998,36.10235971812991
536,1709.6822110274302,1467.102620026514,0.5383989550785904,-0.6132208341742716,0.3087850183102458,49,0.0,0.019297057227877425,1.6178842124196484,-0.5223685927787215,1709.6822110274302,1467.102620026514,1783.1447054207902,0.0,0.0,352.43076575560906,-0.05069342089788029,129.00147036009594,132.98769522720832,123.96921141175264,139.87239529200048,146.89172529194877,128.6018332686072,121.47439563928216,148.73424638222863,153.65303969425943,116.93347679474448,114.64224764032669,162.54899218388576,120.89805301764441,42.9359232168052
537,1635.5418206892275,1468.388568391483,0.5914344094209933,0.334785652315056,0.17866972755490657,49,0.0,0.040270166222992454,5.330076998106057,-1.8168337071869942,1635.5418206892275,1468.388568391483,1663.2436404038701,0.0,0.0,352.46165757321654,-0.05015762392922121,124.10246811673109,101.66699837248936,117.90738509938616,110.825601081238,139.0143220088458,102.85635404200309,135.57484273467455,131.71402599885843,125.24734790137647,129.60063252470513,121.33443263522946,151.03679211289437,140.75317246611795,31.60926530932029
538,1062.340913369931,1468.7425029108654,0.5537390196919725,0.010714242783858846,-0.3418570644516509,49,0.0,0.011694625824482087,1.4572798481205869,-0.40885739834088153,1062.340913369931,1468.7425029108654,1081.9704509750188,0.0,0.0,352.7004901208287,-0.050009769996793234,83.36228556809866,72.8699540503753,93.39332984010161,81.68525461440935,83.86127184134466,76.04542210330126,90.08369458147658,98.1825212358601,73.71492806391886,83.70568274392494,78.50449332899444,85.15333952313865,67.43716007877855,13.971113401295794
539,356.6944754235912,1470.9264132959133,0.35849737970521023,0.7724761636655608,0.5189562057978642,49,0.0,0.01098086140792637,1.6016160662496037,-0.5113960417100977,356.6944754235912,1470.9264132959133,2032.5888701810425,0.0,0.0,352.99449645945634,-0.049098182677050344,149.4055994696921,144.30148211056124,149.30482251482545,162.28032055172397,130.66968843336554,171.28526130586852,166.75767484826434,139.23474480663646,179.48671262079296,157.90352607074954,133.20572192201325,164.7138011975992,148.80148340133752,35.2380309276124
540,3045.1470708808556,1473.402429177043,0.8269265629885252,0.40234877460658086,0.2508085437632814,49,0.0,0.017622011246089444,2.2445079518070847,-0.8778028708799562,3045.1470708808556,1473.402429177043,607.9506259192933,0.0,107.72713266400856,351.8743442401294,-0.048065866284307056,0.0,0.0,81.27967767313017,0.0,21.696213570737644,88.3231270603019,52.69868106140939,73.54808136870187,51.54058826853487,84.21426269831096,7.2038996524280785,48.80098542934708,73.71937215668544,24.925736979705817
541,2143.7562353893322,1474.942531562956,0.4994519731223612,-0.04215387165571382,0.13829338283180767,49,0.0,0.036123552750412936,5.608676322179757,-1.8721509437805346,2143.7562353893322,1474.942531562956,1515.6851835039306,0.0,0.0,352.2499027600753,-0.047426439857805924,84.062933607486,111.1112535170388,108.06814280602822,121.35893298206165,113.777315236382,113.44275414302155,113.47532738009079,117.78918268257324,105.68660135201216,128.4082844384306,119.97054349384186,141.88159672330724,108.50626286679356,28.146052274862825
542,1808.6954949610324,1477.6388874689992,0.7415029914537945,0.3173444265970863,0.17992562906457385,49,0.0,0.012168288061556738,1.1084350355925596,-0.11177561144213354,1808.6954949610324,1477.6388874689992,1040.4793732476228,0.0,0.0,352.38951028005897,-0.04630327618565117,75.5571583035535,81.28037289122769,74.00081418854421,103.08963157450503,76.8937686600795,70.73486359740025,76.92293019190024,75.81618091259756,70.82484358890986,80.73090878725212,72.71819918238572,72.18343282110541,95.75741262277798,13.968855925383613
543,925.6121325374048,1479.3344164742614,0.5505910884300578,0.6890937191536016,-0.22725712762963998,49,0.0,0.009903664321909431,1.179668597458945,-0.17940004684693245,925.6121325374048,1479.3344164742614,1079.838600959003,0.0,0.0,352.7574593305539,-0.04559631024216614,88.75928599499665,93.68115114249176,71.71584387417076,94.65508625394952,85.00379448218311,69.01404484031076,73.21312188967156,85.69927179003582,73.66971058178854,83.95539701315431,77.57788941762107,75.84402871468278,96.4404659871496,10.609508976797008
544,1511.4861850746643,1481.186408354221,0.35955517144080035,0.09880218632177022,-0.16212317003538773,49,0.0,0.013960985770411667,2.325053732543603,-0.916082484976261,1511.4861850746643,1481.186408354221,1317.0554360242422,6.255175117808401,0.0,352.5133474121381,-0.044825187308997615,91.86651323243257,85.66691794546199,111.00123767653324,116.23768647597413,106.5419815230975,78.24643021155315,82.49585625663258,110.38411005684983,103.39995354608965,125.49966882049677,82.97703691331333,95.42707525843996,95.78926908793215,31.5216990194353
545,1305.8284933569385,1482.0587619407934,0.5680085392714789,-0.049189536344621386,-0.012488903230070314,49,0.0,0.020659013664159325,2.9019727732314724,-1.1567333337529138,1305.8284933569385,1482.0587619407934,1190.340005198017,0.0,0.0,352.599037928298,-0.04446161422588985,83.28417708637966,90.97734767743185,72.08524257938785,81.30686247418137,89.43093299827888,86.71451343079472,97.51375144793344,82.68249579059982,96.55773618785057,112.98179972917885,87.00981866568313,83.78164861607347,107.71564412788334,18.2980343863601
546,2477.219056927872,1481.4002847281063,0.29216945777061387,0.032144830706298304,0.11219176791881162,49,0.0,0.011542693019215563,1.6955818855670761,-0.5732969205421153,2477.219056927872,1481.4002847281063,1197.9555094482535,0.0,0.0,352.110963698594,-0.044735172394616,87.17105954125896,95.09837597913284,83.52630241141145,83.87150615508699,84.43214235930242,100.70992768206578,95.31411808860935,88.44128242577221,83.30336767676815,102.2095944253994,82.84437711321954,97.46407633086793,89.72508337862703,23.844295880731572
547,1032.2096212148267,1483.4769675568334,0.6190632098724906,0.47810300827613994,0.25659964471625135,49,0.0,0.02649941890877454,3.315555899937363,-1.301390886177059,1032.2096212148267,1483.4769675568334,1375.3157713473884,0.0,0.0,352.71304462382204,-0.04387042309896466,94.83869889715363,102.54450765712278,90.16660238851551,119.87831404397434,118.24697848472644,90.60683705064906,95.15368343160874,97.79705072596316,112.27768716315796,125.27083179278381,89.28790283205616,99.4717188911191,101.63715164162375,38.137806346933885
548,2194.1627828900723,1489.587111885002,0.6099030190820367,0.16719902605017026,0.1856581708309883,49,0.0,0.24944709281956243,36.120861212842364,-3.894395241114077,2194.1627828900723,1489.587111885002,5193.545063827231,0.0,0.0,352.2289003904188,-0.041324520904378284,378.21658296583894,358.07754771037173,354.0291462824938,408.50659486901867,370.891681217072,365.1464463542659,436.2811744997528,405.14538993400345,389.6591648296559,431.36851054288684,366.65766685084975,402.68856009217757,427.41951937550544,99.45707830333842
549,1922.4070138260345,1493.9323060978911,0.45995177754632977,0.14472922127269874,0.24255051767687222,49,0.0,0.05122521295440548,8.361627353795335,-2.305727021945164,1922.4070138260345,1493.9323060978911,1926.9851115408244,0.0,0.0,352.342130661344,-0.03951430128826335,130.36035963801442,138.9088154552654,136.73503621213266,171.32837351302115,165.3118103118548,108.36953052279006,148.11265596110303,150.69253401776825,174.46769572155975,128.65929682368719,142.29860996967216,141.56798625445418,146.73201146303842,43.44039567646294
550,519.2036440632177,1496.8024696730622,0.3608918995236226,-0.8036665703895737,-0.7770368593790581,49,0.0,0.008728974042117772,1.0555870152107183,-0.05873509829732829,519.2036440632177,1496.8024696730622,1107.4516340191408,0.0,0.0,352.92678916556736,-0.03831732414722085,86.66759446974254,90.6429192587819,75.18388386688733,82.99029663820559,83.63279555435298,81.66372132252434,76.70392339743987,87.94704825812786,93.68010785883041,85.67326673754482,76.71609494525501,101.61758097619665,72.9582198198222,11.374180915429202
551,1068.768583958479,1497.011184461089,0.21341742512614376,0.37385501817946143,0.4775405931007002,49,0.0,0.01086102639906593,1.806789151728816,-0.6422686857970338,1068.768583958479,1497.011184461089,1238.6876441652153,0.0,0.0,352.69781196937697,-0.03823125849687563,72.0646866190207,107.11289114916795,74.0256608446962,96.67526565550142,88.08717118141175,87.74463080517924,112.10749746790775,112.52043233627103,76.32330303924446,90.79098288637768,93.58385973011531,84.0665338583679,105.98099154910052,37.603737042853226
552,1977.3660400222543,1498.8197633998748,0.34967251669348637,-0.08947189013282444,-0.14040229191718642,49,0.0,0.02560204149619644,4.593633423718055,-1.655390837830739,1977.3660400222543,1498.8197633998748,1538.0754440869773,0.0,0.0,352.3192312161874,-0.03747782943532248,112.49363878510229,107.89588622935824,107.97787649241353,133.91161451738097,95.37001531739773,105.34826922414913,127.67252478443976,114.25050357218998,127.7147801730462,120.97532958896122,108.60640599783551,114.8119047839445,124.46414941603884,36.58254520471921
553,2467.9017930364776,1499.0486767132109,0.6942329734830087,0.06756956535187388,0.06662978088948804,49,0.0,0.018464715291403977,2.087650649749593,-0.799144562478,2467.9017930364776,1499.0486767132109,1078.4515230863774,0.0,0.0,352.11484573152063,-0.037381845988228996,74.17052539844441,82.42334925024358,76.14321152059475,76.70202836854314,79.38290518785698,81.38844676695773,81.94623784669997,110.88517738182499,72.78464919224636,86.91669478286315,76.37710793835973,78.14060524817062,82.61270619510424,18.577878008467813
554,833.3801116673295,1502.8654610715394,0.5107564637421563,0.6206045719617714,0.3589701172816959,49,0.0,0.009040887554299897,1.116432956035332,-0.11958161991106564,833.3801116673295,1502.8654610715394,1017.4826654259336,0.0,0.0,352.79588828323546,-0.03579170676908304,70.73816606119723,89.43548706102224,79.00538631089097,76.36271838893171,82.02876646152377,55.47993905962221,89.36456450534928,73.28554330052067,78.67117345529861,67.4651341922868,78.25181956516468,71.10312952817878,73.93909998788658,32.35173754805999
555,2995.746571180805,1504.135187160978,0.8376991384287286,0.0179582060425627,-0.3761036447971495,49,0.0,0.01277818612805865,1.21276402385843,-0.20944076328363107,2995.746571180805,1504.135187160978,1241.4842925590456,0.0,810.7164676846016,351.8949255742429,-0.03526139636832486,73.2367334627179,143.88240122433632,117.21559536140697,77.8968521280182,68.90109653007784,75.28905149139015,91.99796024855571,65.47190942652473,105.61434563206238,106.22536470996883,108.34326057103169,106.66274164018722,79.73356631352445,21.01341381924321
556,923.0051912520032,1504.724701857047,0.5241083079523228,-0.015949427763579084,-0.4490030995887872,49,0.0,0.013966892696574917,1.5266620559882036,-0.45935727917901353,923.0051912520032,1504.724701857047,1196.2505716760147,0.0,0.0,352.75854553419384,-0.03501715542730366,93.03822054438263,98.59733227685882,76.61316435363206,94.98360610129636,96.76420175279826,78.66054536247321,85.54328609844956,99.70017922875877,98.20774381025325,98.45545815681004,69.79548299392744,85.51039097680106,86.77010187040145,33.61085814917174
557,1436.212691033341,1506.136123906818,0.5585655025611534,0.15104728678526264,0.1682580769808291,49,0.0,0.07560347332617977,11.258608035447459,-2.6287117489586382,1436.212691033341,1506.136123906818,2510.2472136518,0.0,0.0,352.5447113394515,-0.03442946361895896,156.6909114696121,199.0764994517644,158.61967166336527,198.91978457611327,193.10763047438758,168.55364454926791,198.0459948064078,216.259040254543,196.53355093345334,169.77416231705683,209.13107542052603,194.68024743573534,201.6469746570654,49.208025642501596
558,3019.5410338090305,1508.2500751675923,0.5385550187013162,0.1179207158593788,-0.2252277956689005,49,0.0,0.019601573856438185,2.805982091980843,-1.1202122374910815,3019.5410338090305,1508.2500751675923,1600.313589354636,0.0,704.828736867882,351.88501225196046,-0.0335468893603776,13.340018982738954,5.162445601055969,127.58269766347708,161.3729607288092,191.6924231202018,99.95662123085059,81.61509096015632,82.33748022301717,100.57976764266874,93.78232620101106,94.56799115993915,421.02851630913887,101.71480660092675,25.580442930644473
559,3023.3775056974337,1509.7308450033115,0.25839793463991445,0.23586529440073545,0.051946117849525186,49,0.0,0.00915818760242464,1.1184540333419137,-0.1215453499904775,3023.3775056974337,1509.7308450033115,1226.016510004859,0.0,679.4991675286615,351.8834138922231,-0.03292992555919906,4.487977005551215,2.5812228026312165,114.38231854445861,174.69866746922094,185.9681367205026,96.21512176747189,83.42103751012469,81.8811232149558,84.10867510147122,89.21714735252402,83.43038462320695,110.10344455275936,84.57362664974522,30.947626690235293
560,1618.955238887117,1512.713186958108,0.3742840146075981,0.22646548491998736,-0.3403817389702359,49,0.0,0.013138932410632253,1.7178684423326522,-0.5874747541561749,1618.955238887117,1512.713186958108,1323.2437516895443,0.0,0.0,352.46856864794466,-0.03168904617015331,99.25157682953369,104.37159417615379,87.58252795535307,89.41947087930946,115.65730936269125,99.11234413218499,107.03148169870647,94.4160787721004,97.84825430835738,105.03299360884756,83.83214506542022,94.81362388366196,112.35614814528726,32.51820287193682
561,709.8589565828958,1514.5321185543078,0.24956766375833397,0.549407213271929,-0.27380376254149325,49,0.0,0.020140043531565736,3.267493282777565,-1.2855367586072497,709.8589565828958,1514.5321185543078,1752.5626013395224,0.0,0.0,352.84735355753173,-0.030930509824051624,113.44726029401423,118.28989311894435,118.83872202031311,132.3725470004451,129.32171569312055,100.80582830988482,135.25416934553948,143.20645284097435,149.32820422114375,153.59060445129754,127.76053162417442,155.93902155701088,142.87279112365778,31.53485973900212
562,1063.8088254363547,1518.4035575778034,0.31671793342082916,0.24202873075339812,0.16296608864742657,49,0.0,0.009182355730229994,1.4578096501640139,-0.40925205192978537,1063.8088254363547,1518.4035575778034,1145.7805036522445,0.0,0.0,352.6998785070818,-0.029317836306205224,93.17670250841522,90.38978292010094,91.1175413471299,90.84325130158626,88.07724348504888,74.3622642170958,68.04231652406737,99.02866472452135,89.47572860265873,70.12150596286872,108.48216749610802,76.55015081754902,84.23570781451573,21.87747593057863
563,1459.5260760072729,1519.3442746581823,0.7711528824841599,0.13619777322014062,-0.159233136693769,49,0.0,0.01632388622794213,1.574696006020859,-0.4929918149167174,1459.5260760072729,1519.3442746581823,1160.4595234032897,0.0,0.0,352.53499744205146,-0.02892607908945493,96.14654987860996,79.07692110246025,86.76003892867027,82.8100591583784,87.57467843113298,80.21272859781801,92.04586522360333,86.8171626301785,85.05711526214999,85.78603760558812,87.06486312108844,81.6917014874929,97.6022763051584,31.813525670960132
564,2141.3876637852586,1520.594119106666,0.4950838095503739,0.08652527507143704,0.2696446472195517,49,0.0,0.035494192308430025,5.504103125970276,-1.8517164058285662,2141.3876637852586,1520.594119106666,1603.1700193810725,0.0,0.0,352.250889643117,-0.02840510620779186,110.19867033002933,111.65937998679715,107.7357130584378,113.98105776034768,106.7695048059652,117.41233860026973,146.28626802643333,134.39200819106094,146.74417544286962,117.44285702869955,113.65128813010942,110.92719517471555,137.4518519397899,28.517710905547133
565,906.6059259543923,1524.0576119820917,0.49784168432682974,0.2210174306937252,-0.16531884469831315,49,0.0,0.010600860078346956,1.3399104008632892,-0.31768939570370847,906.6059259543923,1524.0576119820917,1103.1339997921446,0.0,0.0,352.7653783945792,-0.02696186111399881,83.5580896627034,79.19846632446155,86.63426635253842,73.29536440240706,63.62088451597463,82.34288903755571,99.22765122389686,89.06879063285768,91.39606312411749,90.40754227656117,73.55946993154343,82.3790763006282,91.21302430764705,17.2324216992519
566,2950.4309822676555,1523.6975690987513,0.9576206757539989,-0.20192967425410566,-0.46132867388768883,49,0.0,0.015161451875779837,1.1434143595607673,-0.14550910499134126,2950.4309822676555,1523.6975690987513,1374.399133091277,0.0,811.4531462097575,351.91380518049016,-0.027110915856918237,92.4219973880818,104.33127922230886,84.63491541967318,111.85016596828396,108.11688476488422,93.68062463218806,103.73348134025923,118.80618329862152,110.04119557825817,91.97991110990012,86.6695844425376,109.14964549712145,130.585143178841,28.398121250317857
567,820.5413886225746,1527.2109225190725,0.6312349958225686,0.13723326566028574,0.12202595319749701,49,0.0,0.4193620907308358,59.15906592812351,-4.430053270586302,820.5413886225746,1527.2109225190725,8059.565468944562,0.0,0.0,352.8012375864961,-0.02564791281655244,568.3914695379061,595.0666172463023,587.9078049125857,596.1986938935283,628.0875280427215,550.5918970443458,668.8014649483619,622.6880498371278,586.0643558346567,635.665513266401,582.2075397148492,636.5047723910925,640.3504297779539,161.03933249673025
568,521.0937880206512,1529.842483733566,0.592521199220578,0.445162040437916,-0.006392579933725977,49,0.0,0.01342315779558636,1.5995822136445463,-0.5100164160121552,521.0937880206512,1529.842483733566,1024.6891490212315,0.0,0.0,352.9260016634622,-0.02455108547098436,74.44947812711007,74.31250717188499,73.29301435163578,98.60670893366051,73.18347802811248,65.03040747213569,83.19509544143712,80.11852152262614,69.64949975646934,82.46595355750334,70.55271615115315,86.7394000007124,76.55408757925665,16.538280927533844
569,861.0660364552078,1532.0984492592784,0.5140376123851537,0.2562617905822289,0.16491582425212742,49,0.0,0.023467175791750092,3.1821641761239805,-1.2568064556753518,861.0660364552078,1532.0984492592784,1325.864744391764,0.0,0.0,352.78435283368435,-0.023611515081474625,76.04902499498453,113.80188846812061,96.73168867043255,112.37448344885829,99.84579795119214,85.58361845315306,105.77561197943547,113.03938404889489,86.46622399941256,126.76587875314652,94.1829546599663,95.09163563672585,98.66938100402083,21.487172323420218
570,2552.4296776722817,1532.7383947253022,0.4644385525460177,0.05818537617940662,0.4858664312752322,49,0.0,0.009126051241302013,1.082587153369361,-0.08615717296487248,2552.4296776722817,1532.7383947253022,978.3983557185923,0.0,0.0,352.079627315719,-0.023344653206262684,64.98031899430396,90.34791352493326,72.63497589332627,68.74146132709032,71.76096468118169,67.403106471089,84.90789246421976,74.65226731875593,78.3575125753073,76.51228171361751,46.92975439431066,70.56295194748655,85.29538477099571,25.311569641974295
571,2642.083090051796,1535.2608999052516,0.8427341137558112,0.29379011071895983,0.22985026909258804,49,0.0,0.012815135539465262,1.1322200289340623,-0.13482708317810482,2642.083090051796,1535.2608999052516,1091.180147923995,0.0,0.0,352.0422736919565,-0.022293529458129086,84.74936461711442,91.3859952554236,77.66187781933199,83.07950201472998,92.44203316498752,77.45195643089127,82.29950541930465,72.29528993563194,79.87550068077232,87.78970890411892,79.22359693628357,75.03649590410362,90.24587341377575,17.64344742752553
572,751.3270929326685,1536.2569522953427,0.5347974623548766,0.37025428180324194,0.1819643159234046,49,0.0,0.08515221795318988,13.539006217753652,-2.8289669692211845,751.3270929326685,1536.2569522953427,2347.892273444484,0.0,0.0,352.8300758645998,-0.021878730084057975,201.12518239127354,163.305522372153,177.01340592799983,192.6498727363409,177.3197588262534,176.39797113095617,172.2428875520119,186.06550351080614,166.88070494170063,196.4207589120755,154.04559015836995,190.72374310138292,152.82749191063778,40.87387997252238
573,3017.7379091445623,1537.304664588433,0.8529883418728603,-0.2613801594114141,-0.5680226453523052,49,0.0,0.015112415254003411,1.6517642105654768,-0.5448701296175278,3017.7379091445623,1537.304664588433,1129.6580233455652,0.0,517.3965836475425,351.8857634633203,-0.021441461802675168,7.670578656611932,35.1704094716629,42.47647486371298,139.35873011387005,54.56817528962635,171.90567772492716,167.97075213660864,89.71632003569663,93.60405197510525,74.09144762884071,77.66649438962085,81.58956896887294,76.47821310765738,17.391128982751404
574,2676.310975236414,1539.8079198320047,0.48075969144433334,0.2107429417736885,0.1489664613765296,49,0.0,0.034632536078033,5.359093424748831,-1.8227283203470535,2676.310975236414,1539.8079198320047,1578.88821083949,0.0,0.0,352.0280129177791,-0.020398953477720434,111.8149531625604,123.91570415241583,128.61412675660003,100.43145575759314,131.3345034776293,105.63316794460721,131.54073624474378,109.31454783925565,116.6809745282346,123.95567199125371,137.17154902877348,120.71014851246173,113.33261404693016,24.438057396430985
575,1260.6612036792442,1541.166394369538,0.8843701734781596,0.16551993689089406,0.18082291473868708,49,0.0,0.0162225398683773,1.5085487338365149,-0.44639836167428726,1260.6612036792442,1541.166394369538,1114.4167901913797,0.0,0.0,352.6178575358648,-0.01983348623395532,98.3650126882929,94.66650960820027,64.42216530658526,82.32733424365676,78.23579999911178,77.35815869954959,80.55625069702785,88.12445263687599,86.76947473514923,89.85884096114476,78.20797385162788,84.42804542053283,85.99458397800224,25.10218736562239
576,3003.5252923506578,1542.089419139028,0.5868839307298983,-0.23126437108832315,0.046970183329603205,49,0.0,0.00819981573052304,1.0223604570580824,-0.024010108653614737,3003.5252923506578,1542.089419139028,1212.1239090406953,0.0,739.3305887454917,351.8916847623477,-0.01944794095092475,37.50887356564344,88.46186915246177,123.63189621167918,84.1101093540644,98.61294138371862,82.77614069833766,101.8729662067883,88.8758384170445,101.98277053230436,107.95046515607828,83.81961882643193,94.83295469678004,96.55661618408557,21.130848655277276
577,2687.959537114477,1544.986585045974,0.6420529013414263,-0.3582805559482601,-0.16456148736075743,49,0.0,0.01354647663275763,1.3704407697335583,-0.3421506753295267,2687.959537114477,1544.986585045974,1175.242714180144,0.0,0.0,352.0231596493232,-0.018241230569849533,84.94025878857667,85.0932916904924,86.41450023565892,88.071938955107,86.95401616546171,86.48162937405083,84.15036693452619,82.09845217014052,76.72703639596486,105.39246417414057,77.93220827286002,97.90307970613628,104.62800714953354,28.45546416749464
578,1405.029270156135,1549.705327569142,0.41230550231616503,-0.6877150317416497,0.0068412491034370426,49,0.0,0.008544478839978796,1.1342223529534163,-0.13674550498706245,1405.029270156135,1549.705327569142,1043.8933006444004,0.0,0.0,352.557704410683,-0.016275642097039432,71.60766503760938,80.07037471013165,85.17665690113114,76.99916599433945,91.90193691818135,72.71153442612939,70.71872213477424,78.86759027937723,78.9036470161432,78.07259114219566,73.04476278290099,77.54243350895523,89.29631035319312,18.9799094393385
579,3033.8642301720092,1549.381374239234,0.27345118066225954,-0.11186281865889774,0.3930545844358002,49,0.0,0.00820098188866414,1.9498423798145281,-0.7249987638633244,3033.8642301720092,1549.381374239234,727.8639213315797,0.0,328.21816227281784,351.8790448804738,-0.01640974760914526,0.0,0.0,20.97486226696139,39.78030892375319,82.23960098757172,60.935581236364044,60.89846847568662,38.73124465901158,42.10804802280895,119.9230011466106,83.83627400750692,86.73897055710452,63.1830256315864,28.51453541661376
580,620.0428987558143,1554.0512637972092,0.7788592796663864,0.41946421655503785,0.31070490940798395,49,0.0,0.017301001387880145,1.653756302488114,-0.5461787807524527,620.0428987558143,1554.0512637972092,1140.9805405744007,0.0,0.0,352.88477518962685,-0.014464484336887651,84.400195582772,87.89523209803494,78.57676562945784,94.9991217132395,94.75203719719575,71.9580189503503,85.38267378800307,90.60350061270773,92.70809315860937,87.34778608602461,72.20035522365586,85.47888908803476,86.6104893784844,28.067382067830458
581,1212.4412303279398,1556.2625860685905,0.578603730014596,0.44437722475025776,0.014347174405098254,49,0.0,0.014307142562863468,1.7947951330989744,-0.635037207992901,1212.4412303279398,1556.2625860685905,1094.1482035548602,0.0,0.0,352.6379490513274,-0.013543413896938368,98.3411519261621,86.29307352386726,61.04174474041727,84.76992565478491,91.39183987292697,71.28690953662476,77.38479253163607,76.17512122360435,84.21572512456487,85.30016813862633,81.07040531506135,80.98273537983937,97.74714544972589,18.147465137018663
582,468.44967704438204,1556.4223814284926,0.630318084916636,0.354604386455514,0.4502445484108335,49,0.0,0.011707610452273299,1.1429324315045395,-0.14505139074735224,468.44967704438204,1556.4223814284926,1074.960246025651,0.0,0.0,352.94793529812506,-0.013476429764481308,72.55202492394473,74.65387370157788,84.51411588617934,95.51128422076687,89.24942943509183,75.40402706037794,82.89036314544738,66.64979316585978,89.39150508044278,79.7608835454836,79.08633597149048,88.7781524362067,80.38183750752528,16.136619945256392
583,2601.7516209219393,1557.3684483740662,0.5874623855818344,0.11336991629717766,0.023683420115906077,49,0.0,0.027281559041595935,3.6819866694302554,-1.4152055295377513,2601.7516209219393,1557.3684483740662,1406.3391134856297,0.0,0.0,352.05907753715377,-0.01308234512052592,92.85172881345818,92.36872683157742,96.64534955565924,122.66436008274094,117.73500318337409,86.59243416420152,111.8655769628187,117.72175930029282,100.59785096273635,109.34956827009695,117.18017743983403,103.47482484055746,106.25855280575746,31.03320027252466
584,2228.65727200718,1557.589482032542,0.723982620968838,0.0467096331530185,0.20316972067212374,49,0.0,0.015260858225035931,1.5214910816139149,-0.4556735275928163,2228.65727200718,1557.589482032542,1173.063521017944,0.0,0.0,352.2145279602605,-0.01299045902535984,76.57883765712658,87.54420420315773,81.89836704554446,88.20562238430712,68.00371516119807,95.95543753344472,91.45775424918395,97.40240901519587,69.43712664505894,78.41062770188177,99.75728639062194,114.09017723638853,107.38091088953382,16.941044905300455
585,456.4314987842206,1558.681671718832,0.748390221170892,0.6221097434187752,-0.052882962525026264,49,0.0,0.01813159279263657,1.9668457101688872,-0.7344257322203058,456.4314987842206,1558.681671718832,1097.6245681312657,0.0,0.0,352.9529425299736,-0.012535081734305849,83.74522767460525,78.09090838020859,95.21016814662363,74.63347559144296,96.52574777807406,79.35942767854613,77.48352209269683,63.59349618891052,98.3765554537741,88.62303016089861,78.42679744151069,63.84248215749865,96.54928830804211,23.164441078433654
586,1714.0436214952476,1562.713027285838,0.38349502121929463,0.05096421185273914,-0.005834857977807088,49,0.0,0.01911284936298186,3.0496592791934365,-1.2106283021112714,1714.0436214952476,1562.713027285838,1269.3020036699181,0.0,0.0,352.42894849977654,-0.010855780524509934,93.47284268394775,116.26214685499662,84.67440663781235,93.69620362948089,108.39055517075127,81.94943979684804,96.16794933769825,102.65351507552626,95.47202448193077,98.61357734172259,87.98949574578975,106.48364625438181,85.06835656928648,18.407844089745254
587,2770.1110052851627,1563.7296573151887,0.5877535144040688,-0.14095056861094524,-0.07747370476304875,49,0.0,0.024226709779546947,3.1708434699097983,-1.2529370085427027,2770.1110052851627,1563.7296573151887,1308.6278589858798,0.0,0.0,351.9889321726759,-0.010431811067232073,91.08878310408664,117.42027118642108,85.45222599141239,93.69963815454958,116.62281152328235,84.94261450530769,87.6245206794006,87.16535703545819,108.29579970093914,108.50168137884128,76.29062055561977,116.60077503957982,100.59915694129293,34.32360318968841
588,2353.752857168369,1566.9718808817076,0.6210066423730838,0.14079701273618667,0.13896657350139302,49,0.0,0.10384750197061207,14.904624296457857,-2.933302582919,2353.752857168369,1566.9718808817076,2516.38781915407,0.0,0.0,352.16240611777675,-0.009081125768208482,190.9159165116157,182.76245515813673,187.44589356020813,189.1956471399498,196.45980421401265,190.8350979410705,195.2571857342553,172.55884322356377,213.21807406147036,197.90294687737895,168.47230155206097,189.42384859951898,188.44261868396688,53.497185896860884
589,3046.5465278455217,1567.091413997619,0.7142128740176535,-0.07047613465880413,-0.6690932895339341,49,0.0,0.009982911455324173,1.141135690198611,-0.1433432214766727,3046.5465278455217,1567.091413997619,1532.027083701742,0.0,187.50010180551695,351.8737611624949,-0.009030957220071223,0.0,0.0,0.0,26.66817292572837,37.82702801104986,34.81618793503642,29.824059809306007,89.23993137339171,79.3351175327513,72.93979816501701,113.98688003260992,959.1110713774193,66.96842237449872,21.3104141649333
590,2634.1469690507515,1568.761551361136,0.6507616239064028,0.05993306368117599,0.18219811844199882,49,0.0,0.0651897041563018,8.677389322857858,-2.345972707751842,2634.1469690507515,1568.761551361136,2030.265954769892,0.0,0.0,352.045580211697,-0.008335330536935427,137.4906913530359,147.82213415108606,136.56681423073417,140.13734942620096,143.6080440859314,132.59258117656384,172.44594777072396,169.4156001399437,168.7474076565228,170.13509392779537,161.36439763595172,163.2243581548364,154.62940550040977,32.086129560155875
591,1935.0226974688735,1575.2174828445654,0.2842826578593665,-0.030762920798175972,0.054800408487644045,49,0.0,0.007645681929520631,1.124619640679299,-0.12751415970688224,1935.0226974688735,1575.2174828445654,1017.9666209502783,0.0,0.0,352.3368741497412,-0.005645577981150733,86.64744890442364,78.10980154348827,77.59938064199608,89.4760289322147,80.08426538888853,55.64734249460483,67.69760389205574,96.98507392890045,81.71864908198032,73.9850137323468,65.06871461108858,73.79036875607481,73.14555028925578,18.011378752959793
592,2458.9231241566135,1576.8997855049224,0.6118988890317831,0.11273853860781204,0.15209579614176888,49,0.0,0.11508108492272122,16.2381843860129,-3.0263436713736542,2458.9231241566135,1576.8997855049224,2897.101507007782,0.0,0.0,352.11858667873736,-0.004944538922620947,203.17299204748778,248.63400800748656,219.20746555662066,224.2343918815974,234.92983257721897,174.56416904087052,249.06794200918742,204.95241288713217,225.72044521971466,210.04460268856738,196.48278189572633,224.6412136349268,231.5671112704278,49.88213829081721
593,972.7307501375049,1578.2116394606894,0.7828616506963413,0.5500107812963034,0.2840538473102172,49,0.0,0.014894570181808016,1.4797850289519372,-0.42549657308037303,972.7307501375049,1578.2116394606894,1035.9638545849525,0.0,0.0,352.73782703132264,-0.0043979836369720604,82.21172349186847,73.72848819741631,80.71447107342617,85.03740156239131,73.87442645613199,69.8300326276961,79.97197401915362,87.29793588163545,79.30895623343926,73.94720065256527,82.9666854150307,75.26800556506124,77.25431035926968,14.552243049867148
594,2678.968774098647,1579.9469304336656,0.6929228263256685,0.23823186811904645,0.19927611633883602,49,0.0,0.038559308180137995,4.603638358039479,-1.65775299999394,2678.968774098647,1579.9469304336656,1647.6004387887247,0.0,0.0,352.0269055583784,-0.003674878559936384,115.29731387145083,138.0401712136279,118.62818192855357,112.34257980094108,133.81395983113876,112.59337133645789,141.52484157819288,115.26894084328258,120.43854765452727,142.44171190864074,111.61244050755576,109.29989777441446,142.34499449992822,33.953486040012976
595,2483.597753974279,1582.3981617204918,0.24789877318779463,-0.05374028028540622,-0.38332604084163185,49,0.0,0.009296272702954213,1.3745898769488532,-0.34543285314939054,2483.597753974279,1582.3981617204918,1101.3456604781604,0.0,0.0,352.1083059941068,-0.002653590509818487,81.9003566228364,80.52865012356814,87.45234577280995,73.10977929085172,97.7096990241165,64.3768849383426,95.23446922812536,71.14265006823496,87.14964875960568,68.9579846644364,90.00329910001415,82.77631975117046,100.08638982709759,20.917183306950427
596,3010.768161690282,1581.6570532416126,0.5141191460020452,-0.1279872825723264,0.29172027826296576,49,0.0,0.008628758417433673,1.1102673868896207,-0.1135689574764647,3010.768161690282,1581.6570532416126,1303.7469747533685,0.0,640.5546303383678,351.88866720155585,-0.0029622846408322704,30.55191300479838,117.67538991754691,125.94951905445821,113.8311459435893,68.04665412778316,93.76158458486736,105.59224616071847,105.32956623068114,119.70478342947511,111.21230147563628,77.06432031669954,136.529707135753,74.67767513256163,23.820168238799944
597,2683.1353503198393,1582.322820986675,0.7408750596552678,-0.040808494490366304,-0.3558532508128339,49,0.0,0.012027864583930174,1.0589711367755572,-0.062210307941204926,2683.1353503198393,1582.322820986675,1620.6699729224085,0.0,0.0,352.02516959149654,-0.0026849539880207736,104.67190193869638,129.4063924704472,119.63110797191734,111.02015306765365,135.22915422704756,105.5160720037341,133.9639747959876,107.29981089603133,120.95603613970388,137.73368806422428,121.9947182077417,118.1576686519069,140.38951081856828,34.69978366874816
598,1177.1084075275971,1586.6389145060793,0.388559436936666,-0.4525121518351006,0.08157686489085147,49,0.0,0.017743638625904622,2.92712710066003,-1.1661039515549803,1177.1084075275971,1586.6389145060793,1143.1388328322741,0.0,0.0,352.6526709355591,-0.0008866607240511157,82.22640472749048,87.68041713516519,58.95346257247369,86.37778515331675,82.08888562857408,95.47270700532766,91.73451620830632,86.96696676125956,88.66466878128115,93.44850939866609,75.9130484129529,90.58159300007705,92.40730639366711,30.622561653716183
599,801.9718516984067,1588.4164859099071,0.5086260833539422,-0.10164274716213127,0.05477039841918608,49,0.0,0.012091418594769265,1.6166672836356728,-0.5215516240562716,801.9718516984067,1588.4164859099071,1114.8564634989443,0.0,0.0,352.8089746509717,-0.0001460077200889644,88.866625828946,81.1333708231699,87.76069646636606,94.78024879660097,78.13948559653542,72.05967232128091,86.51163892673787,90.27164677718253,77.25357080644696,91.46500608028319,67.26556126292282,81.09381554155462,95.49726276816936,22.757861502747865
600,1907.8034863548844,1590.2698166442663,0.4167496390374351,0.508976227204251,0.44057114146029913,49,0.0,0.016226764107297235,2.068320789734394,-0.7890447432200425,1907.8034863548844,1590.2698166442663,1814.9581106109626,0.0,0.0,352.348215424567,0.0006262093886099838,130.99087394425214,124.75488430713581,107.219326607616,142.31531217628836,131.14607862160517,142.27021542482152,130.5000776684354,142.54561047645973,178.3383498708527,139.02827144013173,151.01934688711108,118.62479023419583,136.3916046226709,39.81336832938601
601,2631.990030431269,1589.7930561104151,0.5976489669118321,0.1383635938297475,0.10204844971487748,49,0.0,0.34880436533329334,51.030015817606014,-4.269564257372708,2631.990030431269,1589.7930561104151,7158.744936471185,0.0,0.0,352.0464788798264,0.00042754870252477005,500.8233994851566,522.1460702113877,490.06100774099605,547.5538717171976,578.1935441143637,482.20064120770485,538.8873850075486,582.3952067875184,609.6875576022617,558.2412146451252,488.7530205765047,533.9870518603238,579.2486977300711,146.56626778502272
602,1909.8088710916024,1596.1408164540392,0.33704873239453037,0.032525413740681616,-0.05752346565157804,49,0.0,0.02046195373353887,2.6628284728236795,-1.0633579802117175,1909.8088710916024,1596.1408164540392,1815.2805579836804,0.0,0.0,352.3473798513265,0.003072453093106454,128.41604163380867,137.38826301450044,110.53855790113678,144.29828595810886,136.74124313372533,143.94689181275066,128.94283985250397,139.8440510182606,166.53650024162692,135.6729750776378,157.86106800025487,115.63196004977316,126.25250228865077,43.20937800094161
603,558.5114299289995,1597.3934962014812,0.600633069605016,0.02361920814597195,0.12341278686415161,49,0.0,0.801176946092514,117.34672980286982,-5.173677478160825,558.5114299289995,1597.3934962014812,15267.587076007603,0.0,0.0,352.9104119258406,0.0035943075702875842,1077.7083662136613,1156.9778497923928,1127.045744301253,1163.03526942843,1172.1546293144634,1091.6373533714727,1159.1525097318108,1175.997787593098,1220.606304593291,1216.8311646930379,1105.1632862034821,1114.0062320158174,1171.4653096195752,315.80526913581997
604,2667.067736693058,1601.7961457031197,0.5950905172988199,0.04870654185639375,0.12321564880544492,49,0.0,0.10059539762090541,14.235008670692709,-2.883394340040918,2667.067736693058,1601.7961457031197,2724.4505019098942,0.0,0.0,352.03186401625123,0.005428684759421399,182.77317406625886,200.11305788959146,199.36816611328084,218.86412749937034,205.5811917321741,165.53676726158577,212.9760776624364,230.9259743912146,196.7618469182002,226.7666289220092,174.63178169986418,228.07423383062223,224.5710350552004,57.50643886808563
605,1213.203215142142,1605.5918346659969,0.5554791907262236,0.23870031258483762,0.03762080809302858,49,0.0,0.019326100859459804,2.5328658752296658,-1.0090304821847351,1213.203215142142,1605.5918346659969,1249.7844833932857,0.0,0.0,352.63763156512533,0.007010357313795523,80.60989148816412,71.30889853618686,108.58532156817147,119.3486987544488,83.50801279255796,86.49553208895146,105.89771356913292,98.0648470427614,93.0003580549138,77.25362887117376,67.28778842256133,122.261196441122,106.63062213454592,29.531973628593782
606,2352.3862374202818,1607.960516936556,0.8407545534120069,0.3005901372545709,0.06648657816565234,49,0.0,0.0110639778111185,1.0247934026135483,-0.026590802141746223,2352.3862374202818,1607.960516936556,979.2611998000218,0.0,0.0,352.1629755176394,0.007997216515242616,58.26133362682288,71.88935056228928,66.34780390888005,82.53136731795955,68.21987984914155,81.67142127427364,76.80233620500125,55.40287045834865,75.55673503723114,85.38606468938912,66.00959533191003,68.61754538789612,90.8910503005387,31.673845850339845
607,59.229913511750304,1610.1733183388274,0.25544474497804054,-0.21602689980311998,-0.21988952972000242,49,0.0,0.01708079491139425,2.2321644964249203,-0.8718154905129083,59.229913511750304,1610.1733183388274,1536.5598825302877,6.0,1399.2704049556887,353.118427315167,0.008918776433180776,156.75776007491362,188.34877153507273,147.5468125214798,105.89127327688519,92.47538893461514,98.74404749889612,92.35678024564342,111.2646192791051,94.22000536781,124.97511818815659,107.99926560184888,92.90230186806444,123.07773813779677,0.0
608,428.3891804459268,1609.7655395883135,0.6860504978050762,-0.07724967320696251,0.23655252889089382,49,0.0,0.011789604038535377,1.2139899497439208,-0.21053772840323667,428.3891804459268,1609.7655395883135,1040.2700547040727,0.0,0.0,352.96462601577645,0.008749111001412069,72.3078520795197,78.75245415400126,74.44447471764968,77.37058263599978,78.56741860435338,63.41104728139934,72.0231175000567,90.59179679381327,84.37264388747329,78.3080076571166,85.81502909450543,79.93023972756001,81.35852865880841,23.016861911815894
609,1324.521859677147,1616.187633045904,0.6017396077876725,0.06121648427484237,0.04758740130497727,49,0.0,0.2049370228636831,29.96776077634968,-3.6916357330058664,1324.521859677147,1616.187633045904,4467.6727361813155,0.0,0.0,352.59124906932504,0.011425278073375972,298.6189928805094,341.4954014007545,309.6806897307996,350.5793301183365,354.2934128465074,296.7266271218832,364.1448591727882,325.9942142224487,362.057554227492,345.68559096179456,297.6969261772563,376.0976159307572,352.94779062122274,91.65373076876472
610,1933.7892022496405,1618.0759881657316,0.6025997723422641,0.22097778873210763,0.508388019760054,49,0.0,0.009364846687343028,1.0354238978541144,-0.037795460979086454,1933.7892022496405,1618.0759881657316,1011.3031151864135,0.0,0.0,352.3373880993529,0.012212079834991398,70.97645536023253,99.30579752135216,58.94796579504437,85.77959331486944,74.35108126951262,55.978574818167175,73.62250547223687,59.63131236891098,94.6908936750762,91.8563803130466,63.51794156180539,92.25527208494952,78.1420478184868,12.247293812722887
611,478.8788283755876,1619.857270385674,0.6414043110200175,0.353824732534777,0.2111028197416245,49,0.0,0.11523976392942742,15.719728698344078,-2.9911126160541404,478.8788283755876,1619.857270385674,2805.7115317640537,0.0,0.0,352.94359012868733,0.012953885705857357,212.8774198389429,195.49807133803588,189.5225736717016,213.1258367827865,230.2477085373724,192.19350474987573,212.749392038044,238.0383272521601,221.32352330673962,208.2187123041041,209.87329042899438,206.02669521699627,213.57751560102815,62.43896069727221
612,1313.0546879804765,1620.0487052810947,0.7599343784653552,0.15271729921949972,0.1073281084627511,49,0.0,0.05115073673009936,6.064145520880547,-1.9569240362092042,1313.0546879804765,1620.0487052810947,1688.82240875228,0.0,0.0,352.5960270378268,0.013034052678094063,107.29978567564258,135.69271740997146,115.22273297311993,135.05677432814664,138.26747870679992,110.92056515273654,128.2665585016931,141.08677751339678,135.0301050142281,153.37673939931787,114.4429781106042,119.20492622458863,125.88775530482192,29.06651443721216
613,94.91100086222261,1621.1474446363588,0.5299718985156949,0.38753335649923615,0.09764349802510565,49,0.0,0.01596218260467036,1.829308480487887,-0.6557173693185423,94.91100086222261,1621.1474446363588,1307.2568338299038,0.0,1209.4571998453066,353.103562024177,0.013491080581717545,97.97475800600412,104.18741419428784,62.81788327284815,96.3113909289085,122.07077316867431,93.55212559388693,103.9601375450672,116.56013555051419,73.67192381709629,105.87956805124355,95.99451968716245,99.34642340588228,112.15704429342313,22.77273631490506
614,257.871903504204,1620.8656869097806,0.6498499255439913,0.5064809338669953,-0.08027446148838059,49,0.0,0.019279507511259862,2.2859888480322184,-0.8976852685056775,257.871903504204,1620.8656869097806,1218.5241806973434,0.0,0.0,353.035668936692,0.01337385268948894,80.76532186409202,88.6036365065697,86.23565051132665,97.56181878044568,90.117267828627,87.87957271577682,79.61338992442597,88.01976988451827,78.59788293705878,92.57615041367171,107.8069968886175,112.70628991899015,93.46224627015239,34.578186253070555
615,616.5006814987911,1627.6513633418729,0.6010297796741585,0.3682203185716268,0.14185165441785694,49,0.0,0.13120884174095915,18.732286493070937,-3.1814769782374626,616.5006814987911,1627.6513633418729,3303.121637192032,0.0,0.0,352.8862510568694,0.01620144045365764,240.4352887702322,246.1894161386313,235.86816494057422,258.0903204721509,252.9815218135913,235.29301242911544,253.30231449156167,277.50839549864224,277.839882188812,254.26466173015453,221.84746741547357,254.47614091303092,220.68056609555703,74.34448429450435
616,932.0103405574532,1628.2846713560257,0.6222874702065252,0.5223021521262101,-0.08341390206922653,49,0.0,0.017936036047814352,2.383237571888222,-0.94291834235104,932.0103405574532,1628.2846713560257,1098.9005227634711,0.0,0.0,352.7547935000868,0.016465539018337017,91.30939006349173,81.21111046830578,76.87785789894355,90.13705541633672,89.45398196069743,75.43091137859375,75.83560435148115,88.23720694183669,78.14986295961796,79.29644606602334,66.32371677237981,90.6521570556527,93.43750157013602,22.547719859974393
617,1886.5336046710806,1629.4992730168951,0.5072510386931482,0.4036014246997247,0.01734456921538876,49,0.0,0.03341815036940544,5.046578154285552,-1.757492508454538,1886.5336046710806,1629.4992730168951,1526.084798088151,0.0,0.0,352.35707783107557,0.016971780870585658,108.21075303128889,114.85730320593223,96.67873308886912,94.12491398135899,116.06845986032849,100.92900052077798,137.76085544325525,123.39490169485636,129.70738241155627,132.87487058253106,99.76256939414799,123.14829834010285,117.64996260759014,30.91679392555553
618,132.6141024682949,1631.2582823377531,0.4260060390707811,-0.015854267889657978,0.22618204307697917,49,0.0,0.04378683919316345,6.6986036581992465,-2.064960705729742,132.6141024682949,1631.2582823377531,2169.541806775511,0.0,1249.9790839657094,353.0878542383672,0.01770372945591852,150.46969929964712,186.85385028010168,147.48255661275854,179.94866820485726,150.41757275391853,149.75938460338094,181.6601655645809,175.62789498908373,160.2537111888338,173.3606408946122,151.79941576698673,165.6396369142189,162.62792625704196,33.640683445488726
619,1301.6259192552398,1631.0298287269513,0.7622457570274276,0.1948052737239749,0.21288643658141995,49,0.0,0.021179356993650582,1.8823542758779361,-0.6867534122060872,1301.6259192552398,1631.0298287269513,1546.8403146499468,0.0,0.0,352.6007890040731,0.01760950750973072,95.32439378758386,133.83632749274256,128.0004884638943,121.74956033049783,110.64871622899992,123.10920890236571,139.82140526562443,119.9133425021497,110.83877650024657,107.8372615601107,103.46160416314315,123.54896043819578,104.0478483989864,24.70242061540589
620,1548.9659678695878,1630.1984956006588,0.4770185632023275,-0.8082267085278506,-0.005483613223684606,49,0.0,0.011189347649070324,1.2347236560443193,-0.22892442215860478,1548.9659678695878,1630.1984956006588,1223.6706997784245,0.0,0.0,352.4977308432335,0.01726315910492005,81.77567161038066,101.03130168759527,78.69844975599054,89.92031509308751,105.8882747600409,71.93607918760381,105.21204538875418,108.4873846733388,84.51220719211676,97.8809105404959,83.71348112134162,80.55878651199521,106.10313315079591,27.95265910488762
621,756.4018214843095,1639.7361480119403,0.3496733741033071,0.6011864138523688,-0.5000513256723701,49,0.0,0.0087224083054866,1.0961163000680296,-0.09964159020247186,756.4018214843095,1639.7361480119403,1103.4478624643016,0.0,0.0,352.82796149718007,0.02123678180008833,74.65313643260433,85.27921236993689,79.23876211642316,84.0111042447337,91.49051439082888,68.83034231457219,80.22287458082997,82.48553392867004,89.78742246746474,88.87661469804569,75.63045265212804,97.70439521925304,79.31012040047749,25.92737664833347
622,1439.6139924340262,1645.622532543059,0.5347267173115597,0.9412164261390384,0.2243714405949589,49,0.0,0.010281617764666249,1.2773404259815675,-0.2657666429673162,1439.6139924340262,1645.622532543059,997.1780107953457,14.590402889195424,0.0,352.54329413839577,0.023689825679763136,72.50333307137835,77.6152711440873,57.92141502353234,81.46885157334711,77.62074023758203,66.27322310809578,78.50353596640969,82.03618412706686,71.98563747762789,82.30091988098297,77.20128917736014,64.48892224389523,87.77641849689215,19.482269267087887
623,1001.3949375733843,1647.8061035753205,0.338795547409153,0.3057166019586039,0.15844227118212675,49,0.0,0.015441160105694842,2.693058499704942,-1.0756144685855031,1001.3949375733843,1647.8061035753205,1210.8719128248845,0.0,0.0,352.7258838685153,0.024599429584749075,89.47222949449366,82.03185329114038,97.6330825430067,88.68752402540585,102.08522227400016,79.26368793586555,79.40055733665014,91.82530063017202,82.48432202082068,100.00632282988684,78.77348471104371,109.68818205205885,93.74013275375091,35.780010926588986
624,1329.9262597816744,1651.9022760293803,0.5093651630888066,0.21383717059202378,0.09494218263241248,49,0.0,0.008530345982331846,1.0104911019791176,-0.011331234068230013,1329.9262597816744,1651.9022760293803,1028.4628223523455,0.0,0.0,352.5889972473102,0.026306350432027597,95.86480080507465,78.51140831430715,78.19340190955919,64.197159212385,87.12106414056603,77.42545512551594,82.07447465111179,86.53053601671809,75.94974766892369,62.29818510625479,69.66547339424382,80.98474467315002,69.28644095929977,20.35993037523555
625,1671.49458420327,1651.8385478955202,0.6006727938984814,-0.006502884022983217,-0.15166359892369818,49,0.0,0.02143665638971118,2.487904346028777,-0.9895841968893371,1671.49458420327,1651.8385478955202,1315.9775875781343,0.0,0.0,352.4466772552042,0.026279844469459145,97.43619345979758,93.63938061222144,89.10565565684102,119.59919699532425,97.2673447374442,96.62583067618036,96.584355417093,94.64207425166356,101.03563236647682,105.30032598505429,81.33738707573386,93.05565602733924,120.14173268983811,30.206821627126587
626,602.0120876219178,1652.9837795410615,0.6076058966069934,0.23910034130791646,0.16852753170277932,49,0.0,1.3364172990193106,196.35399790715,-5.732599370603035,602.0120876219178,1652.9837795410615,24147.723670103318,0.0,0.0,352.8922876639631,0.026756322399951266,1636.4699456860894,1784.6347589683573,1693.5716292127527,1869.465133792397,1920.33368159148,1687.7752359972924,1916.5002140256943,1844.076436608143,1897.0048878060566,1865.0667883170026,1769.7365424779168,1927.600136823087,1864.460036355374,471.02824244167675
627,1111.2938541244346,1652.6368854013806,0.42539255664503517,0.3333158542641249,0.4110124131028113,49,0.0,0.011623005625082668,1.714619391171548,-0.5854193274794426,1111.2938541244346,1652.6368854013806,1101.4655000308219,0.0,0.0,352.68009337188033,0.026612320142476456,76.87901827994705,81.00581653070354,67.28473299937684,79.32280014301591,77.92053194919555,74.08324421429379,95.09941655382757,81.85689414010196,85.25502826308518,90.63560394704231,76.25211538795693,93.17777270771734,103.73109297341412,18.961431941143772
628,877.1548550038577,1661.8294891998476,0.33661835363921416,0.45536735432913067,0.033595680266554316,49,0.0,0.008794816385742815,1.0432009624020586,-0.04591994761289905,877.1548550038577,1661.8294891998476,1058.7760375141754,0.0,0.0,352.77764937345813,0.03044231830126027,78.22990173966988,79.82833166151775,74.2043065966686,67.58151795359616,84.7546668931835,73.65381208646157,80.79486827120678,86.09320042817059,89.8679454391295,82.10929120257197,70.92017044573755,92.17121290303085,83.63002410910934,14.936787784121362
629,1054.457825234961,1662.8308999783803,0.7933815309862563,0.04641213713541831,-0.06927785674864584,49,0.0,0.028847414300666636,3.159160411436831,-1.2489291961597728,1054.457825234961,1662.8308999783803,1239.5221521673338,0.0,0.0,352.70377471698055,0.030859750586494927,88.70976936014378,87.62048082415123,85.68586885508866,112.04161150427315,108.03728997233696,66.5760159893342,89.06294599627725,91.94912968424094,107.67826417039494,97.42482082909427,78.02563473151125,99.06695868964886,103.52100351723568,24.12235804360253
630,611.0327231843526,1663.6239648321234,0.552865729792589,0.02692050400505596,0.339912217476494,49,0.0,0.022649135301985653,3.053795463376209,-1.2120998639704683,611.0327231843526,1663.6239648321234,1571.5002180801087,0.0,0.0,352.8885292647753,0.031189630069646958,101.1413507735203,118.65798851211682,110.42377008211798,145.5509518669959,120.39959040146002,117.19376292592692,122.45214391233208,122.28331435956281,126.41751823756886,119.73717364347311,110.52502187632555,113.68849936328631,108.82236966227981,34.20676246314211
631,1772.0771656722418,1664.6951493594065,0.6861446166827941,0.3609317370076719,0.2933545404005617,49,0.0,0.027735648435580018,3.24729018678081,-1.2788027502733663,1772.0771656722418,1664.6951493594065,1448.0042362950958,0.0,0.0,352.4047678786728,0.03163673967221198,96.67818808901151,117.56743388794598,121.65595421188702,110.38106007691195,93.993753446641,99.74435552270634,111.55858712038656,105.23525856842579,104.41848971839039,108.30928964801353,99.08976196384197,131.52755125254032,112.52809374185382,35.31645904653964
632,1123.6920027469685,1667.9148682008567,0.7356907574970117,0.16657586960009685,0.11210482221200217,49,0.0,0.1074781014510061,13.39986327365226,-2.817750917590882,1123.6920027469685,1667.9148682008567,2518.673342475224,0.0,0.0,352.6749275420571,0.032978115258997076,176.61141279699166,209.3073176113131,170.92374540843633,209.76032240545032,188.0143211247045,191.03922735582148,184.6162677284982,183.0649011083631,185.29855737231262,184.75697213956346,192.56532426466094,180.8808467883655,207.353110983796,54.48101538694712
633,1219.8585254935663,1668.9425504534527,0.609686390439928,0.14726463208783147,0.13016824563869525,49,0.0,0.14512886323783752,21.057346495994807,-3.308509108629716,1219.8585254935663,1668.9425504534527,3267.6671869911906,0.0,0.0,352.63485854698285,0.033406386357170796,233.78173186890822,265.70753582169743,218.76659135071492,252.22316733607488,241.0229454950274,233.06316304671392,261.11805500653116,249.15061129763046,251.78710555228454,241.32866102713257,225.15872342587613,254.78609595960341,251.5810738893174,88.1917259136782
634,2274.0299932484054,1670.635200426039,0.382767072312891,-0.807378855473811,-0.5376970264171173,49,0.0,0.009544105332185832,1.3696597927472673,-0.3415317673787237,2274.0299932484054,1670.635200426039,1063.7349150579166,0.0,0.0,352.1956230641703,0.034111375807782,83.11786169433778,90.63079659026437,84.38706225650691,95.26717327457084,87.64749758596727,57.735838130935136,79.6979340223395,80.27842542724113,86.45739690718474,90.72534775108633,64.47576552925791,67.7325974208796,72.5819670884429,22.99925137890242
635,551.8131675661388,1671.8001734135682,0.6726983888006618,0.6221077297002953,0.29131872943063,49,0.0,0.03410039515073614,4.34356783546417,-1.5946165211884833,551.8131675661388,1671.8001734135682,1354.926760180845,0.0,0.0,352.9132027273922,0.03459618422821013,96.08464045213337,101.79230788108413,83.10601919336727,93.87186301280693,106.24689425796134,86.37853344748292,94.75168460243103,116.45755229968728,110.26757147676078,107.83949993997584,99.06750819159964,123.89076492038436,97.01147377502244,38.16044673014761
636,831.9164014575601,1674.550664206026,0.835424988014128,-0.33649425101581887,0.16929146450230642,49,0.0,0.012025440772573448,1.1133893059655722,-0.11661761404925516,831.9164014575601,1674.550664206026,1042.2096131616565,0.0,0.0,352.79649817755376,0.035742669478830806,73.65458243805429,85.19148450837162,66.97373774900922,68.87160911009653,77.61027954813164,69.63185819907287,76.11381364885249,75.37668844857075,87.45796413932109,80.05665760791996,73.6024716646416,86.64303456461079,103.26310680545096,17.762324729552972
637,2346.4293430339467,1678.788853784384,0.6872278579822849,-0.061139055085263544,-0.20733880843408123,49,0.0,0.01648784148388043,1.915631904631301,-0.7057801538899033,2346.4293430339467,1678.788853784384,1176.1811408958915,0.0,0.0,352.1654574697098,0.037508587706534036,74.75062509082333,85.83016431425025,82.93587613144791,83.66309534115179,91.17321980548289,98.28036038079897,97.58652968795136,98.68658212660259,88.67882224959232,82.8234067532781,86.92107629597125,84.16702864696897,90.09401701102833,30.59033706054332
638,1361.6787359256848,1680.5592943284275,0.4773725105535753,0.35309583004126255,0.018295839964718095,49,0.0,0.01011264621310756,1.4698460116087428,-0.41817959569420643,1361.6787359256848,1680.5592943284275,1017.871996098612,0.0,0.0,352.57576709566354,0.038246765194817914,78.21859393438802,87.11239716495052,67.88347153665103,62.13423247849276,77.61546454772846,73.4233289623644,84.92657988518559,75.46970381350263,76.21254510792639,73.34405346164543,85.07458560634097,61.963721125941994,87.47995964977613,27.01335882371759
639,883.9666675546329,1682.4226465435897,0.5931637168247893,0.10709201812320529,0.21453941241301927,49,0.0,0.023154265545909353,3.230350065998413,-1.273123971070359,883.9666675546329,1682.4226465435897,1243.7156580605065,0.0,0.0,352.7748111997229,0.039022689591821855,95.16133596582765,99.89270618081264,98.97653348600085,104.85443484052806,80.64364060636076,80.33614349255222,91.63531624531706,95.88855768476864,94.30450299455794,98.79735444726617,75.59866938882523,98.03831182995788,92.26097819310958,37.32717270462197
640,2482.5704875156234,1683.5859566348413,0.809684747165537,-0.03837273698494784,0.40299168878211666,49,0.0,0.012222221068735398,1.096821743297827,-0.10034012820606912,2482.5704875156234,1683.5859566348413,1041.3361542381465,0.0,0.0,352.1087339810875,0.03950711893520035,73.76743133319627,73.43454956804598,72.49626284659362,82.67644552924722,81.06781901495393,60.75364788780215,91.43972159080795,71.82890311527143,74.53536287650934,62.44649028242847,83.49232974364406,106.68972423884745,83.6753758210507,23.032090389748074
641,194.30632746790997,1684.5891620654224,0.5319000315065797,-0.008915254452205222,0.19974369859371807,49,0.0,0.4396760252816003,61.71620347227318,-4.475998005493526,194.30632746790997,1684.5891620654224,12458.223598462511,0.0,0.0,353.06215197084606,0.039923846398479616,884.9694728756426,914.0171144931892,937.2368417508972,961.8760636855905,970.9304938221007,856.9399051739779,921.985269197365,958.1915556053355,976.1915393788504,947.6462216096088,890.0382841220076,1022.8968526226824,961.6778880437474,253.6260960815141
642,2452.9492500162023,1685.430583278536,0.54685418387239,0.2539291814046254,0.16783493649948175,49,0.0,0.048989044839645814,7.44487121384058,-2.179642973621379,2452.9492500162023,1685.430583278536,1757.958489479811,0.0,0.0,352.1210756726918,0.04027575198654313,116.39384446016902,155.69435882288036,128.08031449734787,125.97532400160733,154.15256558611512,109.32742293131793,112.95373390922352,121.84752535474456,134.24083945666828,136.8013767361558,146.48530452148037,146.08423577082866,132.4207551369559,37.50088829431641
643,941.8739470229382,1688.1350651486528,0.5812392799025818,-0.7095876031595585,-0.105482544553632,49,0.0,0.009690349541652791,1.114246752183343,-0.11745344218629544,941.8739470229382,1688.1350651486528,997.1859105266808,0.0,0.0,352.750683769865,0.04140291797095277,70.49262310628598,75.40686721810056,55.80630972021722,69.81538574164419,73.1790988032788,75.80852065214334,61.1330205479708,78.75464594132838,86.41702227018666,78.0217474335062,77.21551997298906,79.04038450035104,90.75001756992893,25.344747048749674
644,361.5778397173242,1690.7636100227262,0.5107889164129985,0.3152189576561066,0.12100725773658406,49,0.0,0.4667337081426121,70.80569364142598,-4.625170454169065,361.5778397173242,1690.7636100227262,11846.85308137392,0.0,0.0,352.9924619607088,0.042496894651030785,807.4498684479911,863.2046376999722,825.8445041016969,970.8823686239566,897.4173628104979,795.0796980627572,909.4722780508233,918.4449508487207,949.9901698638407,939.8821346288651,842.8022616851607,944.2835565876983,914.3595610841451,267.73972887779087
645,830.9036275502057,1690.993935730761,0.6352654108778867,0.3622180928303558,0.14595907818694365,49,0.0,0.048945419706227095,6.399472950170841,-2.015360519233964,830.9036275502057,1690.993935730761,1681.0034919946652,0.0,0.0,352.79692015677443,0.04259392138239973,122.0440173890776,118.03163086629979,113.05045771262414,126.26854012155141,134.88366753458268,126.36453426078636,124.65332826566926,138.03796815765077,127.62578860710661,122.85477093937702,124.7897608623133,124.92284164330954,144.68692878653545,32.789256847781324
646,1870.934659857904,1692.1804038987302,0.3096365910116474,0.7247936994438127,0.7429883499911251,49,0.0,0.010141180030372022,1.2910142424980102,-0.27732758359822596,1870.934659857904,1692.1804038987302,1236.513049481849,0.0,0.0,352.363577360556,0.04308886664554781,102.71428840304623,90.58857007384805,70.53654275094848,111.49694416941001,79.14428706508616,86.96740281808849,98.52875230935811,93.65537473416481,81.25477962602118,97.2371649132414,95.55744370335594,90.91269155523779,111.26421234142033,26.654595018622135
647,2177.960176849393,1690.8325619299312,0.6553810334489865,0.19953565412290458,0.18036627102051578,49,0.0,0.01857928701646687,2.2565102398301526,-0.8835932716198496,2177.960176849393,1690.8325619299312,1178.881958895337,0.0,0.0,352.2356513233588,0.04252697441870451,89.95809170270971,83.02764973598491,81.87385925772736,81.95692402276818,91.36248216700703,80.65458962902093,85.56960498064211,77.21330717894514,101.18392671667837,97.20987132424852,96.84539222710777,88.33059058893659,99.13173931329494,24.563930050265462
648,2715.900858294538,1692.7359865652743,0.4851932794318269,-0.29993925711419483,-0.21741384640810577,49,0.0,0.011310371878737785,1.3911761599041141,-0.3584553167671103,2715.900858294538,1692.7359865652743,1153.8878228710532,0.0,0.0,352.0115181368439,0.043319017579981835,79.90605655276187,109.50739797870868,77.33198384297089,92.58141398846291,80.45681019680633,78.02053429363073,90.609204309496,89.93124530041595,88.9137904117483,79.7196396699477,85.00933582185496,99.00292952809255,84.92756142024086,17.969919555915457
649,2243.320977596852,1694.6865478425534,0.49414320417583985,0.16345950643800972,0.11081857339861276,49,0.0,0.08660163604606269,13.967031812935993,-2.8627603058678193,2243.320977596852,1694.6865478425534,2722.284859917063,0.0,0.0,352.20841819078146,0.04413269392540696,173.65015805627934,194.90723903901613,215.3433945777821,191.27484834183002,211.40937262751422,190.57939643117805,212.9991708479726,232.35124855430274,180.2210525234455,195.79610514330133,202.84886353309247,214.60733016653444,233.54907579495395,72.74760427985998
650,65.762228324378,1698.0716320377587,0.20915140010663896,-0.12589532958035976,-0.5098414049506949,49,0.0,0.011003358783263804,1.0514012198254916,-0.05442119136735468,65.762228324378,1698.0716320377587,1470.2392154908014,6.98577574333656,1270.3802308139375,353.1157058926224,0.04554079086707401,145.57258727596374,150.25180669786545,132.16797806541044,110.39501971181065,70.99730796915382,79.47746097197728,83.56652175173875,145.29176967487356,100.44568457043916,94.91936896082194,94.47775228004136,162.9731486847071,94.69847439919283,5.004334476805354
651,1752.2000236944657,1700.8723163155353,0.8600426994239729,0.26358608578844833,0.17906337773263098,49,0.0,0.015430695377144798,1.4023330446258135,-0.36712791971571007,1752.2000236944657,1700.8723163155353,1051.6155820636327,0.0,0.0,352.4130500086467,0.046710549955804544,69.33679396805756,85.92994178321945,93.86215518885736,82.72533087008321,66.10463940674163,67.93734701535931,76.17574196334732,74.51909558887746,88.41124345647614,78.10456977360326,77.85906752463046,68.79945204909589,103.82709708001781,18.02310639526593
652,1166.5723931654074,1702.4841948597655,0.6917166945867105,0.14052696735018405,0.07179566600546922,49,0.0,0.026541358790252344,3.235536718600814,-1.2748658319805068,1166.5723931654074,1702.4841948597655,1243.1115775074018,0.0,0.0,352.65706091185615,0.047381958165270126,91.20120232441587,113.34577320764944,114.80231408407587,82.01421089830114,86.53921103813201,79.60286732260133,82.79877460312811,90.19513469963915,95.20950709903167,98.02813443388737,91.3904188100118,109.14244454521116,80.76852267841772,28.073061762899197
653,144.4036291930976,1703.1884793705703,0.3885893132339913,0.22925619830885233,0.16155141921744326,49,0.0,0.11151750565204505,18.086268515826532,-3.143372435647561,144.4036291930976,1703.1884793705703,4370.918328900342,0.0,2068.57047088749,353.08294251774333,0.04767297314144469,297.3226771357167,287.9218089301953,331.76584616879586,337.38929463397153,333.97939380496314,313.02718315176287,318.24473338706537,377.16588216443114,368.95425953567633,321.44772988367276,315.9534947029988,364.56382372307905,337.63192470217797,65.55027697583596
654,278.6267534535905,1705.7492062994513,0.8109667730270135,0.18595328973427058,0.17045294484300558,49,0.0,0.02145253799280786,2.0487500690082343,-0.7787224530173403,278.6267534535905,1705.7492062994513,1412.5845048767833,0.0,0.0,353.0270219230849,0.0487403627783047,86.03278672248314,110.17316661287563,101.94495923192872,106.8767228630726,105.33041921846993,82.06491425859505,112.61583756005116,101.45076433700893,114.85581165684076,119.1334907367993,118.88379748486699,108.65300697298869,113.03275983697594,31.53606738382627
655,300.4958614866919,1706.7497630147811,0.5261403496007291,0.11367783934236392,0.11262443982594433,49,0.0,1.8195737083700285,265.10518365714745,-6.058545549167567,300.4958614866919,1706.7497630147811,47118.681270969595,0.0,0.0,353.01791062255484,0.04915731642563056,3161.769218633067,3612.53852314887,3250.982524476737,3544.51138251984,3670.0466266167423,3387.8854826043653,3736.2870539920395,3687.7820646599116,3638.3847916965956,3758.0066538383007,3426.3812705525065,3630.847188124598,3657.1302800960657,956.1282100099502
656,1413.6807465938903,1706.672468100702,0.21564616916155618,-0.07530224638134213,-0.36456472647667215,49,0.0,0.007699580676062476,1.124673677642174,-0.12756632710232324,1413.6807465938903,1706.672468100702,1082.2532307379129,0.0,0.0,352.5540996434826,0.04912726158847671,90.50030938982246,71.1444238621482,93.03959877946639,87.8516431742153,83.94889006352976,63.80212721177613,77.87609853629452,75.05159858321639,84.34383069823996,86.41365288318353,77.93600724087014,78.39490381482004,87.54324474393825,24.406901756391882
657,2517.511954323769,1706.9428480202814,0.5976672594642042,0.07027994392243148,-0.14716205139753588,49,0.0,0.012200922485599347,1.3378565118282344,-0.3160238421316969,2517.511954323769,1706.9428480202814,1092.6496313608702,0.0,0.0,352.0941756533182,0.04923887030769037,92.04166181763475,70.53109872321522,83.49255359996505,75.7729791747135,81.85559519847655,87.33391930292403,73.83282828673248,82.97110824170163,99.54849433583713,90.57964183330287,62.3391710834489,74.73271368284497,94.9623576366865,22.655508443386534
658,1778.0651491294564,1708.10469553155,0.6721225707843769,-0.4788040561767194,0.1414926751172488,49,0.0,0.013697807894768935,1.4764304605877172,-0.4230324916217965,1778.0651491294564,1708.10469553155,1191.0306250747576,0.0,0.0,352.4022728874859,0.049724026540326254,84.70847332819912,82.00279272079281,94.69451848532452,99.73884585447254,84.16470702883936,81.75541449233438,84.25188885812476,83.90872992035861,85.95066652528809,96.48117882132092,88.023157744934,100.14593110626242,106.15157202315984,19.05274816534626
659,232.2277973984689,1711.411921485137,0.2899746214966663,0.17595009791095703,0.023953303058122977,49,0.0,0.02295975959469838,4.167985053539385,-1.5498153822683727,232.2277973984689,1711.411921485137,1561.8751735707606,0.0,0.0,353.0463529749876,0.05109954833088599,121.58543740518027,107.28793993535926,135.56826683229048,101.27573845691387,130.7316431711823,101.1586619895514,110.9351727552739,116.78920076550693,104.79459820040785,125.90905418506395,132.93707797648773,121.17913753649171,120.49413702313754,31.229107337913227
660,1456.4710667217746,1711.982518235721,0.6220618589164207,0.3051083716349266,0.23126398680694607,49,0.0,0.01528769549219101,1.8332990364395458,-0.6580832754486676,1456.4710667217746,1711.982518235721,1095.315639602,0.0,0.0,352.536270368334,0.051339798269076524,71.36239249405443,78.79409562575944,80.39325361165075,84.69751006201949,96.66739090139893,89.04564244929523,71.13385119105646,91.44364453256614,88.5096611916634,100.12759920451421,65.8455526537187,69.15238282242943,90.99623991383922,17.146422948034104
661,2861.421359949897,1712.4463832882852,0.821800099148606,0.13061252507697196,0.008092853301107962,49,0.0,0.013979233450693199,1.17305498204401,-0.17329592082315498,2861.421359949897,1712.4463832882852,1134.779137772718,0.0,0.0,351.9508891165379,0.05153093701644728,85.50617833145787,91.51944372011303,80.59623133067188,86.49237368920367,84.46301254213235,75.69899200546465,72.95782289522377,101.54686322285279,66.17838083212956,86.58704768484334,98.96223558176543,90.76710514979594,89.95416547815447,23.549285308909067
662,609.1966027185424,1713.6235129058236,0.5504561124501887,0.21862071183698284,0.14937515285672678,49,0.0,0.03645165647850213,4.744534171490721,-1.690483947239036,609.1966027185424,1713.6235129058236,1677.1898433181009,0.0,0.0,352.88929428813276,0.05202222199702749,127.8788558604639,124.91304462964557,135.25938067126646,116.99295371659659,126.01765244074171,94.89821913572334,151.20239920267568,134.96890272057112,128.17039322458348,126.11036048374523,96.62728965382814,136.02132806847374,144.09072965714176,34.03833385264396
663,323.0984662546727,1714.9817347155997,0.5251157336607551,0.34646393010420196,0.07064860706885114,49,0.0,0.01540159306599715,1.7564902245468157,-0.6116143428532882,323.0984662546727,1714.9817347155997,1376.9448739539462,0.0,0.0,353.00849369973173,0.05258723015478343,92.75778386792095,91.06952226349452,81.5187823689329,121.01810261489561,114.24528363344223,97.56565303213634,106.90651526105262,115.0534204490316,97.20288955873845,100.55404366989481,110.1431604189119,111.9975401028679,110.242608484413,26.66956822821323
664,2379.135947202464,1716.7745348752032,0.23259218607307253,-0.05804108262561785,-0.09816331941687201,49,0.0,0.006204063248807969,1.0209596424416703,-0.022521437951616485,2379.135947202464,1716.7745348752032,1012.6166693559655,0.0,0.0,352.1518301284485,0.05333564362352574,81.82363723050359,72.80547288099268,72.353996017257,82.21233045715445,79.27375306385328,73.92281690353244,64.22129423948299,65.71023080769154,64.06548498059892,86.05973928131266,67.13134158153349,81.92103307182987,91.210620391112,29.904918449110667
665,517.2021700824833,1718.695902535169,0.666869369737449,-0.5354822419084053,0.03113411792057318,49,0.0,0.012366278342671197,1.2984177076640215,-0.283536074285757,517.2021700824833,1718.695902535169,1043.8183294949667,0.0,0.0,352.9276231234947,0.05413538808011965,85.6298359263165,79.36410335996678,79.4224854544744,72.60049040753508,79.65824157602984,73.35788670914926,65.7501002955583,77.61355648929964,75.71913469316237,83.15403266518643,74.94110439352957,81.3080666804671,99.57488095362886,15.724409890662628
666,1557.6484515186492,1720.3014847775291,0.6376845831593322,0.196562026645628,0.13774155689619685,49,0.0,0.025851556291351687,3.245620919719672,-1.2782444848993637,1557.6484515186492,1720.3014847775291,1359.4517667176524,0.0,0.0,352.49411314305877,0.05480605737603117,110.39799497594308,90.72209625988324,105.54347568795964,111.96064576758731,87.55316873353289,103.87264635788998,122.25460541910205,95.5718227062543,112.20454110048226,103.74879502901999,102.94628883812322,94.68673371697415,94.96519824043888,23.023753884461456
667,2056.334425778793,1725.0435148498977,0.6794495037868175,-0.09758040114457443,-0.03803371643679492,49,0.0,0.0535228133996285,6.0806675165344775,-1.9598781434264239,2056.334425778793,1725.0435148498977,2094.2258599627735,0.0,0.0,352.28632799996103,0.056781592363715355,136.9199957907615,160.62841509282353,131.00933055540455,147.1470801301563,189.5235980666917,150.6327026403281,156.6022513385176,168.13311097926322,159.95819668587683,153.99534178141323,139.85328523026664,182.55936650581685,171.15900884419085,46.1041763212625
668,1103.98162039227,1727.2373648261257,0.3864689946219777,-0.024123196561084713,-0.1633986264884531,49,0.0,0.008242912687578298,1.134931899766634,-0.13742450747291465,1103.98162039227,1727.2373648261257,1008.0868764188415,0.0,0.0,352.6831401064812,0.057695631624988045,63.069897012005704,51.625341326801035,73.01319982087035,63.16170386123704,84.88152532907822,60.38061353197607,81.62629092114952,91.16169722453785,91.07683094712695,73.91842065935597,79.08836170744488,81.99935930103945,86.39329323779367,26.690341538424804
669,1290.5666812578095,1728.7102449746335,0.38096232906905925,-0.1739369033633925,0.17649442370694973,49,0.0,0.01586902144669754,2.3161684649694503,-0.911925360809714,1290.5666812578095,1728.7102449746335,1321.3383713812977,0.0,0.0,352.60539700525305,0.05830955916114538,88.20106736230326,112.09902663794882,79.52538504806478,101.42164021621505,115.86657706935762,96.2510783044128,97.95313315347491,99.20654521912911,115.49819495073021,110.0816071459895,82.63255986395009,91.98168792436027,101.86261013803818,28.75725834732306
670,1412.8006000838002,1730.6787544224385,0.6302333918582996,0.15591401398274143,0.19649092521332087,49,0.0,0.019419253019805148,2.3266709053278958,-0.9168373977231152,1412.8006000838002,1730.6787544224385,1253.7134476899805,0.0,0.0,352.5544663717055,0.05912986372964362,88.73648517622354,101.38760798168562,85.60625646031197,106.89905022501691,98.06370830213201,78.02466836465898,84.06980105777572,110.44657411755844,82.4408648958858,89.15674208217997,83.27551311395183,105.69279362313821,113.43275464769484,26.480627641766574
671,1051.2322204902932,1732.6634232476226,0.7260652817590075,0.13909316498705562,0.09364345403133485,49,0.0,0.043825831393462564,5.383695271020194,-1.8277011747245324,1051.2322204902932,1732.6634232476226,1445.3416678960639,0.0,0.0,352.70511870761334,0.059956385102178336,92.38936351589413,92.88775788755908,88.66873905384298,106.03295326469043,114.92943572913715,111.3751486000263,117.73606509944665,105.64118241048962,119.92561665327945,126.86360975514171,101.57303653223342,121.77871394926558,112.04192744107539,33.498118003981986
672,2074.411396697897,1737.046494707109,0.8848138934801624,0.24788114063542024,0.3036599859029535,49,0.0,0.015581770144610842,1.2731410021140388,-0.262191262568798,2074.411396697897,1737.046494707109,1126.5509531809053,0.0,0.0,352.27879601275697,0.06178277452490092,94.2398031333047,87.27691883288446,78.14120512542523,69.84633946517027,89.77246031865641,79.58764586884831,83.36828683147732,67.41401808080013,92.59283726337549,93.57269802071032,91.22719419660298,92.53128383204434,89.25387256282868,17.726389648776596
673,2443.1632707198532,1741.4256328277297,0.5854842663182805,0.45749135842167965,0.5496034800197566,49,0.0,0.014604183921144634,1.5515582658168934,-0.4769202233222513,2443.1632707198532,1741.4256328277297,1223.6250079431634,0.0,0.0,352.1251529971963,0.06360658617805298,80.91874533801901,85.06136565239984,79.08415160601146,92.3999551354244,108.45945843330125,85.14726118192881,106.98240372003721,97.19261759473301,87.31678900117548,94.49836235646487,99.30548953150874,89.49516605047282,88.9653172972078,28.797925044478603
674,836.6217674423951,1742.8835248395178,0.8534108200457526,-0.2573927693402352,-0.16643217307697838,49,0.0,0.011080107232956162,1.056961564149803,-0.06014798676158659,836.6217674423951,1742.8835248395178,975.2327285349363,0.0,0.0,352.7945376826638,0.06421424404135981,69.94477608626252,90.43407543834337,52.91867792958277,82.4625333694009,70.67814284600159,62.237610489553546,83.95587982458053,57.97901563438515,73.72625383735257,87.36826188795087,71.11105422910657,93.19346905594735,58.85300970872377,20.369968197744893
675,1599.3175722570065,1743.235495915173,0.6841692421803526,-0.03928013270999348,0.3448981644103443,49,0.0,0.025079619588008323,2.776529148974146,-1.1087555930197293,1599.3175722570065,1743.235495915173,1378.6350892820258,0.0,0.0,352.4767510086489,0.06436188927857985,99.57230062315371,104.75764852643434,107.11012318732176,97.36412562121404,92.21029897657647,92.33506830162341,127.76510941340051,103.22505360527575,107.38214838413498,95.56156987903867,117.83186612557651,103.15582029186268,104.63957688731207,25.724379459100966
676,1967.7963632633432,1743.9982237199742,0.9141697133804473,0.2914726024465228,0.007942790384503415,49,0.0,0.038782754145490275,3.807549687944318,-1.451613948804988,1967.7963632633432,1743.9982237199742,1407.0627027102876,0.0,0.0,352.3232185287887,0.06467946146041764,104.62905432736687,101.1069361710812,107.5705237825396,99.97376553110692,104.11774271996694,86.25991168580356,110.382521709907,98.85824678065099,101.16711275001265,125.68356606268117,100.9042205732876,109.76066111797576,118.25071874648361,38.39772075142369
677,1856.1026891955976,1746.810027037108,0.420738536145299,0.010804596003777847,-0.11754380846019011,49,0.0,0.01021012987746373,1.278728906221873,-0.266946206757528,1856.1026891955976,1746.810027037108,1098.156061249053,0.0,0.0,352.3697573224804,0.06585116184153005,69.53667985606444,86.88535407654638,77.75997523675119,93.56715265619214,70.01124722746141,69.06841703737585,78.00159598818954,92.6183654733226,83.26173491902841,67.49147548982182,93.37548152924,88.65812809891699,101.86403450424602,26.05641915589629
678,988.194175489603,1748.2253469986374,0.9065963390068411,-0.0549304276240586,0.4705057242917482,49,0.0,0.012920125526627479,1.1106316620576664,-0.11392512561672827,988.194175489603,1748.2253469986374,1025.7856157892497,0.0,0.0,352.73138409540707,0.06644033290896766,85.84418775075153,78.78450135105706,57.125047608569815,76.0605163399302,91.5334585555749,67.59207052219088,70.33794839769293,79.22088664047207,75.67408033834198,67.67698073597958,80.70006877646942,69.47168426423313,101.60818816595827,24.155996342027926
679,2292.6801934823266,1748.5865403433284,0.44528575677373067,0.17151772885439176,0.41950262085365625,49,0.0,0.015052129506467544,2.151661956782569,-0.8319351030854318,2292.6801934823266,1748.5865403433284,1228.9082766866395,0.0,0.0,352.18785232472635,0.06659064500500482,86.3400776372253,71.85374292916968,99.66621581608149,75.85279262297693,107.83458951794987,78.381680174202,95.28208628476358,102.05394829331374,85.73794942062624,95.23345742444425,97.96411069301726,99.84094646862172,106.52718790550838,26.339491498739008
680,2078.17631584406,1750.029283208326,0.29583077906626626,0.015757799496072124,-0.3118161344999738,49,0.0,0.00892974114774219,1.196094000021123,-0.19441327957889143,2078.17631584406,1750.029283208326,1064.8517472384028,0.0,0.0,352.2772273134848,0.06719222538587667,70.26164840797139,78.59773869251262,84.85883379134862,89.70039432494957,79.25382516492378,59.74502121769403,87.20907556798397,67.78697690389309,99.32413032879731,68.59410261712628,80.45378240042237,88.54047927262869,87.62480953470867,22.90092901344235
681,2004.993575674363,1751.390965163176,0.5677481977561213,-0.17822581800674114,0.18903701276133728,49,0.0,0.030966864382227715,3.7239664395705256,-1.4275143961498693,2004.993575674363,1751.390965163176,1631.67823237607,0.0,0.0,352.30771981022707,0.06775970443920362,116.96271031293668,122.52081246004549,112.25151740758837,124.17561640818148,125.6945108582184,112.37687846384267,116.91474293551435,110.59082085820327,137.85592559754832,103.83350186214065,131.48749989709475,150.6494982710025,132.58926993979455,33.77492710395842
682,2390.888453366105,1753.9639089895813,0.7561892347250699,-0.256792327950396,-0.08939062248373326,49,0.0,0.011675123030002565,1.12486621409088,-0.12775218181365725,2390.888453366105,1753.9639089895813,1028.6546489095306,0.0,0.0,352.14693340229394,0.06883091920098633,61.87234964745497,79.3909304648075,74.24064391297351,98.7743461326219,88.84295569493077,64.47465062635376,74.6444854950818,74.72289988304229,87.97527898862253,61.65981977350969,76.14605428655494,75.15889927282532,91.76260353103913,18.98873119971247
683,2759.5208319297544,1754.5205231926177,0.6145931415072744,0.5355752573902631,0.09234383525494262,49,0.0,0.052825601028356234,6.725265061046407,-2.0692735143557432,2759.5208319297544,1754.5205231926177,2067.2933327448623,0.0,0.0,351.99334437132694,0.0690615254160437,159.38490127876145,153.27647901674482,141.58911144641607,175.51448356655158,164.37035598369312,159.36465325349718,163.56656610481596,144.2256167764012,149.67941337079128,154.72187179973355,131.92683204496467,168.0949698691834,149.44578413584742,52.1322940974608
684,2594.5388501309476,1755.1702525372593,0.3900792598518254,-0.42117933599478213,-0.07675548737968636,49,0.0,0.009032354902139954,1.285104992478593,-0.2723465269336335,2594.5388501309476,1755.1702525372593,1061.4279800666807,0.0,0.0,352.06208264923333,0.06933288720541878,88.06900948155162,89.96663376546002,74.25038764636582,78.58873877353702,70.6193228025524,66.71578924929176,68.00797975521199,79.4213854725359,81.48808271129778,72.51569760241986,88.42224547874312,105.18695208553343,74.64613742329486,23.529617818884994
685,1985.7732098617325,1756.9664901539954,0.43620140994664613,-0.0033306926099484456,-0.0031977813138786703,49,0.0,0.029224528221399346,5.03708977024325,-1.755449227141237,1985.7732098617325,1756.9664901539954,1406.6402085471473,0.0,0.0,352.31572823015136,0.07008285502952373,94.42507341550792,95.45355186622874,96.86169654917826,114.32704965874777,114.78810091971678,87.51794955506517,87.28268103978209,130.1442206604464,111.81681534802091,126.06386367421499,98.55111783415826,107.08745927954946,114.45128642061127,27.86934232591919
686,2120.736171235393,1761.363913110185,0.4230551634905281,0.4037629072235618,0.26497810215910195,49,0.0,0.040567597720777164,7.002817020484566,-2.1131819465882216,2120.736171235393,1761.363913110185,1808.2203586035232,0.0,0.0,352.25949427078723,0.07191487256995946,135.38511411667236,132.281552345782,134.80386070005807,145.72877396762755,148.93029820961354,144.9494017105398,148.10247007129496,122.30589793348435,137.68703661854607,127.37946362913272,134.151101686841,132.97835419130732,131.6757310259073,31.861302396716255
687,2529.3093541520725,1766.7494760914753,0.202463412499246,-0.5407178477250678,0.033725102083904654,49,0.0,0.006798735248979743,1.1894352608826964,-0.18835202260293685,2529.3093541520725,1766.7494760914753,1006.483247997425,0.0,0.0,352.0892602767707,0.07415767699713811,78.15949657960388,84.94930557699864,59.99517405262013,60.76985335493262,72.67846344723725,78.41689958353112,80.53732713177274,87.49966558579135,91.44499477474128,75.47147215049048,57.7721383121157,79.28109681654072,81.1587455959954,18.348615035053676
688,305.6289222906103,1767.9711002018305,0.6558264804533881,0.07723651700208395,0.036908730537610034,49,0.0,0.09148548849982882,11.744729230219463,-2.674607521882171,305.6289222906103,1767.9711002018305,2684.041109475451,0.0,0.0,353.0157720579498,0.0746650676618399,192.72926398476466,193.57556509433454,185.37702355140053,199.9159211453254,201.85374847501095,196.26427568128798,195.61075463124672,195.5439534088477,215.7033802876356,200.34541965127215,215.40256125468755,221.81832902714342,217.22091345700335,52.67999982549048
689,3002.5487623617787,1770.8443083690831,0.331074106587105,-0.2162838406542166,0.19658994877510733,49,0.0,0.011307173913550623,1.2320110744276105,-0.22653652919192788,3002.5487623617787,1770.8443083690831,1598.2832499995257,0.0,860.842879879875,351.8920915245926,0.07586160308090063,14.482016221519082,72.10301858407884,114.38342909669247,169.04173098012404,209.8612138524273,185.32252063196233,176.56940337573891,109.31568621321058,89.95354107672513,75.86272496989997,95.94711828241014,106.92698215955481,142.1620681386126,36.35179641656943
690,3008.4092724114375,1773.644783228769,0.44517244240747555,0.17686120404567346,-0.33014751964502487,49,0.0,0.02000386955000303,3.9281429415698135,-1.4854682074649128,3008.4092724114375,1773.644783228769,1468.65710610434,0.0,717.3406388991498,351.88964989900825,0.07702837159959723,10.392125304983502,44.46070813416591,128.8965267926459,129.96483153299653,199.9613090142701,179.49789945995664,139.1509475079056,79.26216775964755,78.77119566718308,79.50821641592059,82.81634138498157,63.735431091010184,218.03489391881337,34.204512119859515
691,1106.8348291782822,1775.9646934441514,0.21886757488882386,-0.11824942151868231,-0.14105774942056687,49,0.0,0.010507626935526248,1.8163166294873003,-0.6479788979801338,1106.8348291782822,1775.9646934441514,1229.540850478211,0.0,0.0,352.68195129101906,0.07799853396406492,87.86373624758451,101.64368546280095,86.1211664658903,94.67853956056486,102.46398962527779,73.8322013385906,94.12577921923176,115.18850619014695,82.51149155674337,89.00293310639844,84.86057814626878,80.73884948826965,109.17723223883306,27.332161831609938
692,1331.2933636856483,1781.9880817044916,0.7581709679651203,0.5090976597014112,0.33201042893101973,49,0.0,0.016715178201890397,1.6814788830327199,-0.5642285439200477,1331.2933636856483,1781.9880817044916,1376.0231275629503,0.0,0.0,352.5884276319117,0.08050862319620103,65.49775585835044,88.44897517672656,89.44295289259472,125.90107091158765,100.32142534437332,109.62340221265472,112.06389483852018,116.86969665351117,106.90411133300867,113.66560300588736,106.88358597498856,99.80261468508306,108.16815493100765,32.42988374465625
693,1222.3279316141677,1782.6571098653887,0.7601106978521524,0.039359695614745435,0.5388815151224062,49,0.0,0.05042769789582335,4.3735578022483566,-1.6020871766628078,1222.3279316141677,1782.6571098653887,3506.5088709207557,0.0,0.0,352.6338296466696,0.08078723321654638,243.7693445775157,252.82607317221292,268.6349751477801,274.4343241894243,283.1278563965408,224.1773897619795,306.8882322105488,279.7623321538347,262.7216329219841,224.2898515317047,276.2264537908543,253.64459562773143,274.6659753402638,81.33983409838079
694,766.6032428027848,1783.8891056683021,0.3040209326909915,0.604909716466837,0.5892071876245815,49,0.0,0.008611273599995774,1.2078417563173913,-0.20502509883391504,766.6032428027848,1783.8891056683021,1054.2324831435117,0.0,0.0,352.8237110941543,0.08129937451110582,81.6716926610718,72.88385932218341,83.33086953585996,83.13219691541514,92.60393059451417,82.7315786663066,82.5690088030087,76.3386238939637,74.27639691614942,73.68863181659371,71.99612356267022,72.50304375181784,88.25743730487574,18.249089399081363
695,1677.2112877897787,1784.3854491043103,0.3877079795307126,0.2901226410559466,0.4289649185787477,49,0.0,0.011276657991345715,1.5033397236182435,-0.44264283307242347,1677.2112877897787,1784.3854491043103,1153.0789101068162,0.0,0.0,352.4442952933505,0.08150766611547848,71.57304017826705,71.52668174848799,89.23571430677424,77.03264343958261,93.41730961425318,85.89568156423061,103.81002927569341,87.5321603730446,79.3956845750237,102.79363759862566,91.46548490516182,88.34278064503567,85.91840532341018,25.139656559225703
696,2631.323270994224,1787.2883476989227,0.6063349629739397,0.05701726354388968,0.013471660301010453,49,0.0,0.01506552851986989,1.8309602007655268,-0.6566972605688641,2631.323270994224,1787.2883476989227,1115.126265254638,0.0,0.0,352.04675662800446,0.08271489361971372,91.57146981658317,62.77729600089329,85.6990222998407,85.53397188920937,75.28217623488916,91.39987086504671,78.80810689949038,78.68754446719262,93.44122984679706,105.88982501565927,69.99236728222041,73.29742864260254,95.57397332957076,27.171982664642396
697,1021.0258634118416,1787.901454241761,0.5929054840780832,0.2315020312022654,0.12359658132065755,49,0.0,0.5188020152223964,76.63794858575015,-4.711109678008534,1021.0258634118416,1787.901454241761,10218.327561869675,0.0,0.0,352.71770448702955,0.08297194155434195,720.2858724047642,791.3999178799345,738.5249280320407,774.1673575811978,769.4422785612743,655.1427173858408,820.9549681392535,800.5281835904934,752.9758949615323,806.1000505476212,727.7115417216644,801.1422204377915,846.8383543186956,213.11327630757165
698,2286.474171184933,1788.5431223042597,0.49214628504724695,-0.15984531579331354,0.14315945737329222,49,0.0,0.03339281112142,4.978015295007734,-1.7426405666232072,2286.474171184933,1788.5431223042597,1514.6533901008202,0.0,0.0,352.19043809557854,0.08323900374541507,110.50278583014638,118.58633431781962,108.48861795481648,120.74942381139905,118.29518312891776,116.38009215611781,107.32025802593216,113.79372383643701,119.32130199492276,110.53326490010357,96.70331029145125,116.72637425548608,125.94095795562617,31.31176164164428
699,1967.5654690924061,1790.3932898603305,0.6691339072209642,0.20757409328066226,0.1641362684205719,49,0.0,0.061841720160487265,7.721255014407036,-2.219219740973198,1967.5654690924061,1790.3932898603305,2034.0064451986877,0.0,0.0,352.32331472961323,0.08401064184500731,134.56949324469332,159.58628121028633,154.6856120055937,155.8096627240653,156.46082839933254,135.82168883702363,154.67251605163045,159.5745149087711,159.354379828076,149.64819429413382,159.20405617033254,169.68602652886898,154.62541311439014,30.307777881489677
700,1199.7880233241683,1792.8337851932997,0.4653168387715314,0.2661050149501602,0.024374105312847547,49,0.0,0.010697424336705692,1.331517286647338,-0.3108670227819656,1199.7880233241683,1792.8337851932997,1148.8381602166273,0.0,0.0,352.643221201925,0.08502745123249543,83.36006515646775,80.6886146674149,83.18734758220424,78.00572879440577,89.56558248276188,71.8117340181346,116.49095260317799,86.8189342493912,70.44628665021986,91.12621089468084,88.36499240931838,96.90876435628329,88.81530984258136,23.247636509585345
701,1407.1747218193723,1793.455573499687,0.31375729032557986,-0.3421503940223481,-0.2528270457457532,49,0.0,0.008429645355539861,1.1455430632319137,-0.1475285495544044,1407.1747218193723,1793.455573499687,1064.0696408039375,0.0,0.0,352.5568104864849,0.08528680591246551,82.74111301363236,90.25016160265896,83.93512384401251,79.65993043884149,73.7981182054256,65.59173812555531,93.77125645329218,89.52716167588684,67.09829416964895,85.90511300624122,80.41927486756032,81.47232032469641,69.26700318967718,20.63303188680821
702,1072.2684391533821,1794.4367386657827,0.340766300030922,-0.1565938703412092,0.804665479931457,49,0.0,0.015335677809263763,1.5007272657385051,-0.4407544325616961,1072.2684391533821,1794.4367386657827,2512.3765986023877,0.0,0.0,352.6963537587479,0.08569507593656567,166.9687251274321,192.219322028795,186.98178885450204,194.34446271329838,217.98453192449514,177.89172630670276,190.92101045914737,198.71642023306686,175.25972620551954,188.71257576063059,182.5230515386405,191.62470213960063,210.99893334609806,37.229621964458886
703,1090.1468383860743,1793.5409345363964,0.529524879035057,0.3452600949734638,0.23761529985776106,49,0.0,0.0630596740141109,9.690837226600937,-2.4659032473704507,1090.1468383860743,1793.5409345363964,2113.447024541328,0.0,0.0,352.688904530938,0.08532186960041795,134.13286639961805,168.1287290029243,157.08359160803715,159.9215333153751,152.3941750177218,123.65124658329012,188.3431765443022,149.8294742009336,154.1515972304589,174.59916935313453,161.99290428860928,178.69785653504255,175.85027486348926,34.67042959839144
704,508.2262589890408,1797.230111095379,0.4773646723458554,0.19814970922309066,0.13589355095427674,49,0.0,0.009252071654258209,1.1684827878162938,-0.16905579864247827,508.2262589890408,1797.230111095379,1010.4232737988806,0.0,0.0,352.9313628748902,0.0868568709677569,59.522206376522576,83.65452053617797,77.12938157041825,85.10931285800508,63.88185374174018,82.62490581539835,92.83092881076678,79.50699782032478,65.21237888327755,75.973949635702,83.41278169950122,59.42890067392275,79.79476267996083,22.340392697162223
705,1071.0484070014238,1797.4287176259331,0.5572532448460062,-0.184778264846463,0.33602452533036264,49,0.0,0.017691196285080934,1.4060052590411065,-0.3699673628195078,1071.0484070014238,1797.4287176259331,2516.498977184868,0.0,0.0,352.69686209843184,0.08694171915398766,158.1978241206844,180.87843088242752,189.22560936121337,191.65012990918095,207.3840162104441,181.16344553035736,207.80367299893683,199.0490334769598,179.07606516750417,196.48234620607377,181.57045170647973,192.3066296714655,214.27449834170108,37.436823601439336
706,1838.8324015140379,1798.8267037501028,0.6384279620787783,0.19249732287343088,0.17415775918165524,49,0.0,0.034664880021546114,4.536303155479389,-1.641755175532487,1838.8324015140379,1798.8267037501028,1523.6904042463161,0.0,0.0,352.37695324993456,0.08752472514535603,107.5698688044221,99.77224530930187,92.26172872643934,140.69663009307703,99.29339591608944,119.99642999427252,123.94008610408005,106.65801052421148,130.19271564800977,115.4550310290264,102.18051655795045,128.9057058879364,132.2899263774168,24.47811327408252
707,921.913617906767,1799.923241861515,0.7256877669387989,0.06392418696503764,0.14592145273850513,49,0.0,0.04031258997289466,4.962862887276316,-1.739330691961742,921.913617906767,1799.923241861515,1384.9140872657213,0.0,0.0,352.75900039712724,0.08798067526662605,102.30570143213305,113.41163028670718,92.86686019150568,124.96938895202337,106.91492713902734,88.02713611926906,89.50139963599787,116.09530818620487,103.28333203761366,116.13961661893183,100.02365389834677,108.221877844469,90.40163085091491,32.7516240725768
708,1239.6166416249669,1805.3445072263585,0.5764104970439294,0.1002411866645242,0.14825596103374455,49,0.0,1.5033203014142087,222.66487783389988,-5.86912929689734,1239.6166416249669,1805.3445072263585,30076.84634445531,0.0,0.0,352.62662607080483,0.09024029145122664,2155.5324967414767,2252.8968761996357,2133.559955145701,2317.240942491218,2334.0491232220347,2062.5430244737645,2310.587275957122,2378.541354545976,2327.241741023308,2378.4135586808957,2173.8310252392557,2349.3010769632638,2317.7835069546763,585.3243868169765
709,1968.8320556705748,1805.887918457911,0.45132853924747157,0.3096912120452664,0.16265014397249478,49,0.0,0.09618927827583762,16.30236433394444,-3.0306264868875226,1968.8320556705748,1805.887918457911,3005.0511147905227,0.0,0.0,352.3227869874395,0.09046669852075828,198.92902708277722,221.24698893244494,212.32252314819772,234.06208957267205,231.64648899193645,212.71322236356878,243.47154650826025,234.08686401214015,214.06916203419684,225.76933022925166,204.4400652418193,250.4443120327535,268.55336399504375,53.29613064546015
710,1670.4679139221028,1806.104892889315,0.9092868361105174,-0.2026976981386071,0.22584521999982182,49,0.0,0.018911440880907918,1.6030627913828002,-0.5123763346080339,1670.4679139221028,1806.104892889315,1265.3929241460892,0.0,0.0,352.44710503160013,0.09055741714966378,89.09151327912154,114.53853581315047,75.32787411193229,96.35104328006803,92.13600438143709,80.75727029288025,114.37944542073393,97.21656197964387,101.98710734640912,97.24475432754255,97.60832757339165,92.05801257425478,93.69327690171892,23.003196863804597
711,2992.5177409938206,1807.2560515286823,0.5497361258057331,-0.044995951964871946,0.5021375499171858,49,0.0,0.00827259558398207,1.1036349370905847,-0.1070636005433572,2992.5177409938206,1807.2560515286823,1057.1808595447003,0.0,577.249411569114,351.8962706728262,0.09103241303832248,4.706540953602388,32.936327733973236,65.51624227858554,144.67355199674293,137.64268478256244,101.81625792542776,112.35848195305542,62.92034499525339,56.335513893532315,56.47322582035416,99.67054363980174,71.19363367950086,95.93240170207366,15.005108190234504
712,846.1562472149205,1809.0990007348223,0.5194548356951484,0.4567997814398943,-0.015329348301707194,49,0.0,0.012612481810703508,1.593039116908288,-0.5055660999686863,846.1562472149205,1809.0990007348223,1082.0355116595401,17.813064115694893,0.0,352.79056511637253,0.0918035896506516,65.17177189340542,76.70259676164751,84.99728866477105,94.2525192760358,88.20347976377329,67.57284057567193,80.00528990615967,78.51258588032483,102.26260193659547,86.62798228129444,62.23957196065356,92.9010722222642,79.02293288254225,23.56297765440072
713,542.2782152978292,1810.574724358137,0.7851956710097372,0.20849225315238584,0.0913837337172582,49,0.0,0.019881212480484568,2.0727568936797316,-0.7913709205449476,542.2782152978292,1810.574724358137,1084.4411470000296,0.0,0.0,352.91717542916984,0.09241711786107938,86.45349839048548,75.07297942211173,77.04979598478437,91.71887559874418,74.88105076862578,63.10042263357475,74.7664061807614,89.14479138654036,89.0251716188142,77.73014295357295,88.52567440611632,92.10275927470667,81.51104846429584,23.358529916895684
714,2649.368090288594,1810.9461244374397,0.5493241581485139,0.15868941171573414,0.06778249493689546,49,0.0,0.2998843613973423,45.53692961116735,-4.145909360939288,2649.368090288594,1810.9461244374397,6850.1348873526895,0.0,0.0,352.0392383759143,0.0925719111917978,484.4994337697927,506.8711516298193,503.1027552935909,516.5045623039284,582.5191126037541,466.29561699947146,516.3510522377982,545.7481129857033,542.6161241704824,514.8564369194066,476.2247235358167,549.3533293669224,525.0631619230068,120.12931361319748
715,240.92744582588819,1813.0364421128425,0.515226091489906,0.06989170509968887,0.1129518941414418,49,0.0,1.4267931309851383,204.67272989207194,-5.777649955381927,240.92744582588819,1813.0364421128425,39816.497079146575,0.0,0.0,353.0427285135151,0.09344100068160552,2721.5981665785375,2981.66108567998,2884.2321043467755,2998.4874129601803,3198.9627208872334,2752.8815737610284,3149.6822993699134,3138.3741171123775,3111.4295773617114,3071.191296871167,2960.893405012893,3024.988115000311,3054.3108704693386,767.8043337351305
716,2593.947070033482,1815.705821852628,0.40610269607244587,-0.11611322873606049,-0.04262779253581853,49,0.0,0.012044342061592066,1.8529316273802527,-0.6696484856969878,2593.947070033482,1815.705821852628,1065.154103525288,0.0,0.0,352.06232919587404,0.09455533899169095,65.4434986579624,85.9518193952739,87.4848389650191,87.70624284954198,77.86273090259078,69.51288901677937,79.86570155698568,80.49894326200797,80.33971207937603,75.3640723369277,81.87001446388626,93.88914305809641,80.98676012069791,18.377736860142647
717,1508.761720295965,1817.5212843419647,0.5424395359392024,0.3851542619355001,0.1708169815718472,49,0.0,0.167626455656565,25.96536568448842,-3.5359861084539244,1508.761720295965,1817.5212843419647,4183.590819584981,0.0,0.0,352.51448261320286,0.09531422619734294,257.18949870103523,304.231881848022,313.7851639171308,307.3666005233466,339.6606061005062,310.323173676539,309.5289515907083,342.93192076511457,335.25749550748645,313.47776200956685,289.0366875133241,328.80918102327155,338.9140231458394,93.07787326308863
718,1123.2911561790697,1822.2875857754223,0.5662345772619838,0.30565224604749197,0.11448042744449256,49,0.0,0.05110551056489406,7.662602838340714,-2.2109407903738285,1123.2911561790697,1822.2875857754223,1720.5364202689152,0.0,0.0,352.67509457850434,0.09729961537636954,107.85306866127516,155.39649252433327,124.0733724938213,122.73573368245752,122.4265705686411,120.95167001838709,118.38450663817181,128.80239722298512,118.49911517924235,154.9039179198957,123.87599800463023,137.1430715655334,146.5028730217342,38.98763276780693
719,2949.7061705514434,1821.8792742298247,0.4409516153840114,0.3536374235145386,-0.1681421657627916,49,0.0,0.008058198069207781,1.0146249391283961,-0.015763832300039998,2949.7061705514434,1821.8792742298247,1138.5940738303043,0.0,862.7480757181168,351.9141070522677,0.0971253969255687,90.70459596942091,81.60491607002359,84.52378376794715,106.75582061742766,89.95996264099458,93.982587767285,80.13201431458283,89.14076429213831,65.39199988763775,85.52581124023702,60.511018258713925,96.08673516973732,86.6610020473695,27.613061786788656
720,990.7904442468869,1826.118443029199,0.4344537421132271,-0.06748684295825687,-0.49336752026895014,49,0.0,0.009515399963734099,1.1735824057893594,-0.17378397497944392,990.7904442468869,1826.118443029199,1107.4378824845246,0.0,0.0,352.7303023502914,0.09889541545711233,91.91503151062724,81.7173297934093,87.86021706267005,99.59987775367375,85.53723299678975,66.75521257507248,63.957480233444315,79.49601572348311,89.72521267231053,97.68056333131963,73.30323718847333,74.374182812436,96.75901972019821,18.757269110617052
721,2241.9567065205097,1826.6991738633665,0.4159488536963018,0.47771209156634575,-0.1512764547516903,49,0.0,0.01038105036121509,1.3494803865358793,-0.32541644216253696,2241.9567065205097,1826.6991738633665,1080.9042030026817,0.0,0.0,352.2089866028098,0.09913727948276392,71.17808997931672,87.6008152918346,77.56041407248136,90.40354693926491,71.31977134635382,78.17776438994741,86.69250800838181,72.82201324034192,87.92757087545316,91.86787907852602,81.25302577023378,93.45520677975159,74.21638129034463,16.429215940450096
722,1815.9222081035978,1827.7746318429436,0.29326937544782733,0.5280233058837971,0.2562674907344981,49,0.0,0.017611722421153813,3.316415373887727,-1.301672299335124,1815.9222081035978,1827.7746318429436,1325.6735258056083,0.0,0.0,352.38649913744524,0.09958634217881156,79.1036932745582,97.3077873600973,82.62483455280564,101.63898195764503,97.07988178446301,81.66712166280969,126.32826716881081,127.06638225215502,98.01733356947821,99.97977631441483,85.41588499720595,126.23948596599158,99.96886344895961,23.2352314962136
723,1537.4834543582,1830.4601790372312,0.7445011859558988,0.16259035345096107,-0.16605495869548043,49,0.0,0.014934360376488758,1.4581317673527887,-0.40949192937955126,1537.4834543582,1830.4601790372312,1169.4720358454717,0.0,0.0,352.50251522639877,0.1007054287119133,88.79218935106047,104.99718700944891,70.88652393028065,78.13464298300734,89.74531318439423,77.90273847453739,96.4038606379539,74.58482211775491,98.14725513376942,84.45232536260485,85.73935921576629,104.37871001864818,96.86453880510548,18.442569621139842
724,2023.4590838122547,1829.7014222105374,0.6874531585798418,0.17666157208710084,0.071397080315336,49,0.0,0.023759369607407523,2.8018948085737803,-1.1186295663880428,2023.4590838122547,1829.7014222105374,1268.3507686055805,0.0,0.0,352.30002590885005,0.1003888166114433,94.58002178317437,94.48287554601357,57.6712548822873,94.00759161842251,93.92534840103363,84.39986278449192,102.74218273378932,104.45479939483604,96.40475685410064,97.05855905688756,102.68666474133653,113.45429277640324,107.92818665812572,24.554371374678013
725,2383.1716057294057,1829.665764357082,0.5930452300841871,0.39681732650522866,0.2186133861182795,49,0.0,0.0355717894623145,4.149195278695748,-1.5449096876172883,2383.1716057294057,1829.665764357082,2063.1237954516246,0.0,0.0,352.1501486352841,0.10037280826948448,129.24036938292258,145.43669036727243,141.6144435446394,159.65390555861217,144.90062699083785,147.87170688260875,158.23353212502784,164.55034418664036,166.75943108001547,171.9089659243292,161.15849976240958,147.00047932208588,185.86128239175122,38.933517932471865
726,2594.0865561494925,1829.6915120300305,0.8206113580734345,0.17063438540907366,0.10237561997293311,49,0.0,0.05714399849435287,6.450105180743148,-2.0239169916439472,2594.0865561494925,1829.6915120300305,1630.833643544418,0.0,0.0,352.06227107609226,0.10038254187259985,120.44951761520437,125.8142217343291,111.2103763063053,122.52015418068505,112.18381368969432,120.89737229383832,128.70257979002264,104.22270718484941,135.83633225912348,128.02389690987624,124.64090932454877,123.57176366626493,128.13652761191793,44.623470977758075
727,646.76929148347,1833.4053919399598,0.5242972553948587,-0.8225855641335004,-0.18119619131593662,49,0.0,0.011593556283077977,1.4444165554789352,-0.3992311438482404,646.76929148347,1833.4053919399598,1109.9093644991158,0.0,0.0,352.8736398126312,0.10193015624837325,93.81804544596741,58.83202908806571,80.17454945489152,102.25613129054416,94.27122543735706,72.35072220713687,85.27714576003112,86.40073942291008,77.90336859300498,86.51913903907212,80.41796507415009,85.64023006945743,86.41976685622126,19.628306760306234
728,1914.969963922667,1842.2365827136643,0.24353848933234984,0.07564432367048964,0.3440976420641836,49,0.0,0.011652107882499938,2.1776647528528454,-0.8449775544899163,1914.969963922667,1842.2365827136643,1199.4683991894344,0.0,0.0,352.34522938703265,0.10561198354692176,81.34240648522893,94.56240325428396,75.2280837372951,97.6939197959345,108.69472794914233,75.81216614131552,84.39164162129588,95.87163758409318,84.25481655638525,100.18211370193643,85.36899849496953,101.73562457523448,92.13662559320169,22.193233699117506
729,1930.379214238338,1841.8972412020078,0.8233437068303177,0.4530622556074498,-0.19674786414336037,49,0.0,0.013256485142373825,1.1907964309318508,-0.1895938107611099,1930.379214238338,1841.8972412020078,1158.2767178469694,0.0,0.0,352.33880890036085,0.10547056436582039,76.95091382582616,100.7484418096943,64.41262754361756,95.34618184289585,100.49895789903275,78.54313552185175,96.20547984633677,88.45720433920312,100.42966338106764,84.49275531240755,91.76420178903763,79.38925359888819,84.77026206025991,16.26763907685013
730,2101.4602333083362,1845.6530936885592,0.5357095602445431,0.14346678395383033,0.130135873642075,49,0.0,0.06043325250111346,9.102109686367317,-2.397855161835252,2101.4602333083362,1845.6530936885592,2016.039055817029,0.0,0.0,352.26752579075486,0.10703509120705523,151.4952736151905,164.4974401024188,127.5603017990424,166.0798105161148,156.50503917680982,150.39089756670023,158.05986961156708,128.19620503675094,167.1583602316599,144.87608168767093,145.40829278791247,156.3403333416785,164.09153303630688,35.379617307205606
731,326.5253578103797,1851.3446072642914,0.849653788666175,0.20482429058712814,0.03355720046651763,49,0.0,0.04754997173917679,3.7726826088565897,-1.4416256751942251,326.5253578103797,1851.3446072642914,2621.9888150793468,0.0,0.0,353.00706599593235,0.10940256270885695,181.53203089944537,190.1028202361291,221.125678737646,220.7547706890755,182.70768894969183,186.6258666037942,175.98430341867908,180.2324460364174,207.14764665839584,212.0919120720012,200.32557293630987,198.88444107555063,210.46181500245348,54.01182176375715
732,2975.264007532524,1850.984376761343,0.2599441739343918,-0.24101659485970617,0.0003706153035882339,49,0.0,0.08157209420645023,13.35768154610081,-2.8143277136288427,2975.264007532524,1850.984376761343,4928.876727773382,0.0,3509.0358756217424,351.9034589863043,0.10925170244570274,122.8901744757606,353.3703918444754,389.1980653905231,395.8501196924036,386.95051006822587,391.2166327045335,518.1306325138535,453.35223943485124,366.6542462461956,426.6035542557295,308.6782370424596,360.17570840786914,358.23123785293154,97.57497784356966
733,424.0065355877029,1853.0158207042334,0.5318561082419445,0.3187279647306244,0.08026367333711225,49,0.0,0.026890185600422948,3.815243758927798,-1.4538057264843551,424.0065355877029,1853.0158207042334,1418.9273523364054,0.0,0.0,352.9664520586393,0.1100995648051758,92.94923060701211,111.86502201480027,108.29419157144429,116.64646742254425,106.78863202446527,100.54480252020427,100.24500131909144,110.85302484448148,96.3752336889353,108.75632416900976,106.09561357805666,114.25962453381642,113.51437722956626,31.73980681297759
734,2649.4226126560247,1852.9725671926192,0.6555905860867853,0.25734187183625784,0.16264961727601865,49,0.0,0.030114410524008324,3.6436142039215698,-1.4038309660474253,2649.4226126560247,1852.9725671926192,1386.4193907600966,0.0,0.0,352.03921564818336,0.1100823695553792,109.55432693999057,106.47366449461072,91.11257071961901,106.57404040032534,105.59916383258401,87.63496703232764,112.66896917091483,124.08649169502041,108.93397634565234,109.13901736758936,87.67804097083427,107.92971418909681,107.51972268760275,21.51472491392858
735,151.3070928502203,1852.745389377602,0.5729012577224241,-0.6630611914253266,0.5888564047121234,49,0.0,0.020463394453183043,1.9240290597907839,-0.7105290679180438,151.3070928502203,1852.745389377602,1868.8938882502348,0.0,1286.1107227850416,353.0800664513549,0.10998480737577399,120.19671275318552,131.56895433134682,139.2324715966111,140.62091710463653,125.50587454158251,124.73801181370408,153.42168639903903,148.81271099010058,182.18419159270158,145.74262371500544,151.86183707076202,139.79858559283014,125.81920867141677,39.39010207731266
736,484.5362671619122,1855.441152429277,0.5346999840044513,-0.04999146978504383,0.22590910554200175,49,0.0,0.06255964020724619,9.278240864202393,-2.418664106659747,484.5362671619122,1855.441152429277,2110.108086402389,0.0,0.0,352.9412330864883,0.11111048692352628,135.61971391633097,160.75287628298975,145.62722192025996,169.47007268353673,171.0658344335123,141.7310511713755,152.38439309054462,166.99160475987554,174.54744021087652,149.55691162943464,164.10542339360006,172.15741976318026,160.51519377915656,45.582929367715465
737,1393.7890780392572,1855.1068637353828,0.42617708393971887,0.168811223770364,0.019683053922910396,49,0.0,0.010896232014923912,1.414831961334506,-0.37676215512994354,1393.7890780392572,1855.1068637353828,1138.7412143018175,0.0,0.0,352.56238783023804,0.11097473394914764,66.3597000471747,100.66677505616065,93.10338786680066,85.15719774599926,87.77185436535524,84.14157026088685,89.63804147914412,82.16836561038316,60.68463728759697,82.35119206179056,83.9340148149876,100.9726841942584,86.11923230455282,35.672561206726535
738,1205.4972745641585,1856.2818988964632,0.5106287404167242,-0.0007028915956421168,0.020734965661913133,49,0.0,0.022864335470719133,3.539570952724026,-1.3723765560834695,1205.4972745641585,1856.2818988964632,1257.58196288371,0.0,0.0,352.6408423733427,0.11146399576345,79.39853130017234,99.16784937187039,97.19161588280994,97.27865536548069,114.53305316389239,70.20593847515532,100.17208303804884,83.67211194099659,98.16550870832879,94.54447823289804,78.61085924091896,112.09041082564195,95.27186256926166,37.279004768234124
739,1833.0739495630453,1855.2885302711616,0.5849167264589606,-0.09404973142362151,0.5209205437443744,49,0.0,0.010027171290324328,1.1513025519076658,-0.1529736682351078,1833.0739495630453,1855.2885302711616,1050.1064421099113,0.0,0.0,352.3793525947882,0.1110503946323088,72.50400966002803,87.42498438022375,77.8746530222314,79.52611081766088,90.42193364426814,71.24537082021902,72.39777201636176,75.10773468128507,88.55038867484294,96.12057942020047,64.65269558773134,68.9212087999855,79.59384213870453,25.76515844616829
740,663.104236654691,1858.7525070243696,0.5473397401157933,0.3117120817173838,0.1766211650647505,49,0.0,0.01614478357869001,1.969963994324887,-0.7361457212302263,663.104236654691,1858.7525070243696,1108.3036424374293,0.0,0.0,352.8668339124289,0.11249125835903986,69.1401934343728,85.71689429347886,83.98246112905971,88.74544442650203,81.15364570688305,85.41256413637142,85.18778473760457,86.98997441665216,82.0761127345347,73.25410112636756,77.4368267674086,85.9891442753681,103.29105627282098,19.92743898000478
741,550.1744784823976,1860.5636033134097,0.6101796649375898,0.08217299671325098,0.1802811331574513,49,0.0,0.3200067616308637,46.59023404602567,-4.170737230329726,550.1744784823976,1860.5636033134097,6305.297934560106,0.0,0.0,352.9138855260291,0.11324518945361105,439.8416148215317,473.5579923740075,446.1963382047228,477.6558035088547,478.97991341797854,452.873416586938,488.0009541123756,513.959944603339,481.5813946008134,489.2008964955821,448.87638114410635,493.44038484951875,478.9897016464299,142.14319819390818
742,685.0408786026628,1864.0503564401092,0.3201932326959942,0.5286124284262922,0.21277520860714114,49,0.0,0.008495438915246059,1.304673095261782,-0.28875426633303525,685.0408786026628,1864.0503564401092,1087.4196532915387,0.0,0.0,352.85769405957905,0.11469875964912095,75.33166038557631,77.88782207363192,71.95977554758457,63.92477841909315,85.85646150817792,62.223374902345654,76.4008908986153,91.2534642886822,113.9503095673621,84.31294710961242,84.64483418422492,84.65601705176442,94.97727022622237,20.040047128645377
743,2915.4882115517735,1864.3598320854792,0.2649120336081944,0.41867559151495487,0.14630200145442576,49,0.0,0.030818113678739406,4.66687619166656,-1.6725656989188855,2915.4882115517735,1864.3598320854792,2309.154935009704,0.0,1158.9306806237953,351.9283631848331,0.11482499896462799,168.60198911456456,169.1294465728334,147.01684771332685,164.72978063420845,188.84287979850774,152.47236643308605,190.202333308268,162.3565180724455,201.58830977328643,179.35431731171477,163.12277127150261,192.3772327083997,189.41452484784952,39.945617449710625
744,494.87758597498106,1866.1209197794237,0.5629449153123312,-0.4715824583121044,-0.2800073639329926,49,0.0,0.020619651328749447,2.3163210250538984,-0.9119968731175143,494.87758597498106,1866.1209197794237,1368.7258294758742,0.0,0.0,352.93692448715495,0.11556029770819894,87.91048540631023,102.47751351077349,106.6818935651155,109.30425937585714,102.2153049388724,90.80321338641313,102.47013173970029,114.0358301763269,112.29344978914375,111.1606843777129,113.9995866420592,91.54107209555431,88.71013815861822,35.122266313416716
745,652.9312354048803,1866.9510643254218,0.7361336525606086,-0.12461712875839911,0.26576294208241485,49,0.0,0.011484504322897921,1.111306683679806,-0.11458481578149335,652.9312354048803,1866.9510643254218,1014.7688954150738,0.0,0.0,352.8710724665393,0.11590717332770784,70.00419404339881,77.04852233155621,68.40276989470156,85.2650814728853,64.99726459389603,67.13839193199246,70.98734050742355,77.36963755991204,102.96155750597113,73.68046306843044,74.68155187029,66.5055369101957,97.43425927138335,18.292324453037146
746,2682.023318957958,1869.5816901098042,0.695387175217138,-0.4982874630088465,-0.14844605486756535,49,0.0,0.012125161570586468,1.1189001761552346,-0.12197835555506739,2682.023318957958,1869.5816901098042,1080.9997367350031,0.0,0.0,352.02563282888525,0.11700239634768768,90.94947738121041,82.9447791263716,74.03203065050602,58.35445277118659,84.50115987051448,84.44584619699128,71.01752902883831,74.52977052173436,88.32162462230667,79.13529558598643,87.04324802073876,91.04219640497912,89.65967946803697,25.02264708560206
747,2693.8052752062786,1873.9449242104288,0.5734437850784633,0.09524286081231312,0.8667848012849297,49,0.0,0.011297519059025344,1.135722072983095,-0.13818016616337925,2693.8052752062786,1873.9449242104288,1214.8110850090309,0.0,0.0,352.02072398535466,0.11882026675216505,92.90333047839542,84.53822005954883,99.89317097244941,91.91560029332828,85.10687528113465,76.14325080950594,97.15708545293019,100.48916085422161,91.3306734649081,104.81644322274157,78.12165011026059,95.23453220819644,92.45486224238601,24.70622955902392
748,2003.608822852837,1875.8926417921523,0.38236562259689794,-0.03883608959292338,-0.17417413420250372,49,0.0,0.008177296909024453,1.1857351452472258,-0.1849692314173618,2003.608822852837,1875.8926417921523,962.606200761963,0.0,0.0,352.3082967726745,0.11963505396449946,60.70602445007828,67.4195975285233,57.691406933210004,88.30140168582972,69.31679401926053,59.72212468865872,84.27904963652628,77.88272078018153,76.09799756398107,72.28361987524609,76.86211661181792,82.55315666044794,70.47394078401732,19.01624954418422
749,447.02650188566696,1881.2002049018408,0.6546519303152153,0.18857903657156475,0.12854323718424876,49,0.0,0.11123243351261644,14.53846301890623,-2.9062962402260197,447.02650188566696,1881.2002049018408,2959.3562208766107,0.0,0.0,352.9568611012939,0.12184275704390583,206.34910638829814,226.77418630371324,192.82212126131756,222.39373640823314,245.37083445594465,201.84491223215977,223.6041054207459,216.48277151116676,208.40218262724437,241.074432614685,216.02862306343962,259.6783255344889,232.23399100199518,66.29689205317867
750,2389.619784076257,1883.333528107286,0.5941895103829499,0.6711672323415483,-0.08539890024800502,49,0.0,0.009982114911801945,1.1080418047470748,-0.11139036494419632,2389.619784076257,1883.333528107286,1114.4278368690802,0.0,0.0,352.1474619707213,0.12273390362150689,83.71044532906004,79.94059894500907,73.22416534246534,100.24314924704763,78.10352095437153,82.70883103856568,80.1113871848289,77.34706264617972,76.47951015865866,104.80099373135083,85.68341856013612,89.7549122457907,82.13983708573153,20.18000439988459
751,1833.515446568136,1885.953088456864,0.5025169956258082,0.1477659275005094,-0.2931081864324304,49,0.0,0.018277165194112804,2.2997392460962356,-0.9041964917816654,1833.515446568136,1885.953088456864,1375.117545401985,0.0,0.0,352.37916863635286,0.12382722557306834,90.98178431799872,114.66497084828467,104.56537523164442,99.84616759263649,92.8647396083591,102.04356186628604,118.24865744002489,103.04104619020248,100.94703405215812,109.56002897730951,99.51045427431833,100.7719878255336,119.02696883810322,19.044768339125223
752,785.0919038057564,1887.0965639313542,0.571363749967875,-0.10483489135212466,-0.022690509925715252,49,0.0,0.014009644609353857,1.6701366938043025,-0.5568800445387896,785.0919038057564,1887.0965639313542,1123.1617212974577,0.0,0.0,352.8160077833139,0.12430166404131718,61.09629817178029,84.45748356548734,79.31566011798003,87.51395854487257,101.79439995889093,78.79302208906097,88.06351258715884,79.8129658297651,94.7598688298985,69.72816613914534,110.08148647403378,80.07914931138028,87.65209612448794,20.013653553515766
753,1645.7240321624724,1888.5578887707777,0.6296860850123186,0.43093846671178365,0.2854714160353343,49,0.0,0.03974589824456518,5.258794729022651,-1.802215547402235,1645.7240321624724,1888.5578887707777,1537.6204768798452,0.0,0.0,352.4574149808856,0.1249127253435182,92.87533256479321,114.85081102097384,99.39718173609822,119.06296967872626,105.64205618845526,126.62889719175065,117.31384634953386,144.21526176790445,131.26823053090436,132.389100345833,107.90067455414882,121.4217034209241,99.02422553637584,25.63018599342356
754,516.9760987976983,1892.012530930643,0.668438728242217,0.09973919644141317,-0.12636689277280835,49,0.0,0.022910412034819017,2.7826160561085382,-1.111133216862266,516.9760987976983,1892.012530930643,1201.2879773404702,0.0,0.0,352.9277173625733,0.12634823764273917,81.95322578456262,78.82367940513691,94.78879779069956,84.85051694787326,89.70845855261888,80.02225058742596,100.68848636553895,104.3751700903297,98.3058933506758,85.56107664702766,79.56427510858147,95.80705570288039,99.21291592360232,27.62617508351691
755,1859.1613278093603,1892.6146112100832,0.5291957506393281,0.27738526919744766,0.2993123646258229,49,0.0,0.0099470453447778,1.145070298766638,-0.14708037483222985,1859.1613278093603,1892.6146112100832,1099.4159845571576,0.0,0.0,352.36848288430986,0.12660280161401338,90.50568910776892,95.84977333165355,67.96615758240833,102.87902770974888,91.75283002613506,68.28329966330557,74.03406427067515,79.70968223180844,82.47637409869752,86.71373809379014,62.24642120116225,76.32610957916575,103.82506701008282,16.847750650755383
756,2259.673262276319,1892.6407429390008,0.40124021462616377,0.24800606059602273,0.31294956032131893,49,0.0,0.008770809499479925,1.0997298038789338,-0.10321498767141477,2259.673262276319,1892.6407429390008,1017.5340897578502,0.0,0.0,352.20160485738427,0.12661245906179905,68.30873793775376,79.14470156130825,82.20792200223921,84.79571571635753,93.78312606277069,74.64541778799875,89.27681905186039,79.34290686102656,55.96138984290791,76.57358802142966,68.24261694003388,68.57643408805461,73.88840557553823,22.786308308570867
757,1359.2920832531613,1896.2855601334797,0.6050079934061949,0.332758935855471,0.18642259654321616,49,0.0,0.8832440677601235,128.16331138548645,-5.269409299633364,1359.2920832531613,1896.2855601334797,17038.701863019025,0.0,0.0,352.5767615447537,0.12813238352925038,1176.183163070458,1300.6290952690406,1169.7989270759454,1244.9700426854629,1353.990983127352,1246.8840442206615,1369.5289978405985,1281.307712199706,1345.9422752916237,1360.7328048601282,1171.012901818166,1400.9268587572994,1276.9183342162303,339.8757225863476
758,1385.4377087949708,1897.4622727661153,0.3966414376044522,-0.7090072939187818,-0.3088931502642376,49,0.0,0.04358939017223988,5.652425775644359,-1.880587170383067,1385.4377087949708,1897.4622727661153,2594.9554478864966,0.0,0.0,352.5658675621554,0.1286227180007888,184.91870083976093,187.54013212492214,203.97526145060868,216.90597821760636,220.98217432583556,178.46750209935288,182.98179521929944,206.80696642869816,175.21955937918352,186.62042595005806,201.60842959362756,173.5472289908049,205.2123247266843,70.16896854005364
759,1769.2476105074059,1898.8061306079899,0.34481788687578724,0.640617726681544,0.913522374039048,49,0.0,0.048594344671357925,5.097788171876864,-1.7684544632311643,1769.2476105074059,1898.8061306079899,4608.61548202097,0.0,0.0,352.40594684802346,0.12918271618122723,326.79762260908996,334.671308603185,342.98668531201815,402.53457022622047,318.2272740003454,324.5631725531606,384.4081623489928,343.7459515176748,354.49201817067984,383.7220205921932,311.3118440427736,327.8893597410861,353.47151294602395,99.7939793575266
760,884.0128850225337,1901.4102972057199,0.6310751738970446,0.2766389567745421,0.1800297982263526,49,0.0,0.9062635329140548,131.12124776499704,-5.294182683446881,884.0128850225337,1901.4102972057199,15660.249594961973,0.0,0.0,352.7747919835312,0.13026610945596354,1095.3944748694107,1137.3755129539863,1108.1186248885306,1244.2523317626108,1250.190623650998,1074.8957078243477,1183.6188383724684,1181.144132804678,1239.9283479905835,1187.8789532165392,1140.5262759277607,1232.4527233473113,1298.621794548155,285.8512528045943
761,2876.18288605849,1906.437882817634,0.521712790537866,0.19177761066890855,0.28442264586780563,49,0.0,0.4929479633894941,67.10623066627622,-4.566907113327025,2876.18288605849,1906.437882817634,15685.671964451856,0.0,1265.7389719581968,351.94473893943064,0.13235699945905288,1076.8758364871135,1191.0424835867705,1142.8373596264842,1168.4994659267586,1223.9966402199293,1124.8887653944103,1158.8551392901065,1242.9494310116388,1269.0627401753031,1147.69238807513,1156.3221188692423,1248.4273444118542,1227.1908364759524,307.03141490116525
762,1556.1083034269943,1908.2370109453998,0.37852743636219943,-0.5267308473647853,0.255084038040956,49,0.0,0.01774686316903676,2.1179767566940466,-0.8148029743024777,1556.1083034269943,1908.2370109453998,1543.2768886120311,0.0,0.0,352.49475487357273,0.13311232090599845,85.85525897224902,134.62901498924057,119.23324632837071,102.95436831236648,119.84327338030485,109.6479610446875,111.19666456910099,109.87336528257946,149.36513451191155,105.34021294547327,108.81144835508482,110.27063039784804,132.6560844222575,43.60022510055626
763,1199.8320174174635,1913.849207343188,0.4061311306055736,-0.07713581010089908,0.3420376693101221,49,0.0,0.03395108553218359,4.104348242004191,-1.5331105057250953,1199.8320174174635,1913.849207343188,2204.60151381182,0.0,0.0,352.64320288374205,0.13545015610699762,150.2611676030544,162.01528226694637,146.61688083605216,184.58337916808225,152.342679500104,154.23207259256083,150.79419432037582,164.15028992078328,191.57876246697856,166.54939686220487,200.2714069258243,143.2554162010103,195.2954346380183,42.655150509824296
764,1508.752804591881,1914.50706448882,0.5575778092376446,0.2519945426580006,-0.04349982797710114,49,0.0,0.016784605967940153,2.1662201935641368,-0.8392565000554495,1508.752804591881,1914.50706448882,1177.6652865548363,0.0,0.0,352.514486330379,0.13572480658966574,66.35744650666058,92.10807059948894,95.41504950717439,86.98984009699711,72.34724078837786,78.99828794140689,89.74592199449548,96.0295240108369,91.1044629059783,83.32271509261099,94.48761427445802,108.49564309704189,96.93355123682736,25.32991850248154
765,2749.0717011342317,1915.4316119373818,0.30328092772651843,0.20758797023252137,0.2228233711763305,49,0.0,0.0167138652896617,2.7293195157405474,-1.0901359514872024,2749.0717011342317,1915.4316119373818,1408.334624866934,0.0,0.0,351.99769782197586,0.13610531517441454,92.82293646775784,118.55097301762643,124.47300849069302,94.34387276520755,102.9569865161062,93.41462676376928,116.26701595549383,125.34140044619775,107.94293262417135,102.65605060524155,95.21745959295484,102.05758957224884,99.95730685562253,32.33246519384322
766,1307.621592768497,1915.8880402713198,0.700498356465126,0.2759337966400908,0.18961150708324062,49,0.0,0.08104303805129554,9.99397785380961,-2.4993459568281224,1307.621592768497,1915.8880402713198,2306.2545972391526,0.0,0.0,352.59829083985557,0.13629993121071315,185.29744174681403,155.0556760404047,185.93212151702522,160.12991602425367,188.2542289461266,152.23770638887015,173.87796652452704,184.2369186311709,176.4760422935764,164.2311672296226,188.13444780185642,180.91520191029912,160.80811076094434,50.667651423661695
767,491.93607701007267,1918.9438393879736,0.3877518598657948,0.0016892847840926316,0.12955879156273178,49,0.0,0.016853675239521797,2.694910883693432,-1.0763610208754457,491.93607701007267,1918.9438393879736,1291.53747556305,0.0,0.0,352.9381500517968,0.13756901293957177,86.16344349315237,98.39497014867094,82.60984544659232,89.79587484729812,96.00920294737122,95.71212325943341,70.23664663541747,105.02151302894704,109.21496463954631,99.7972124503571,90.80982084618765,114.45999645203862,117.41029184587921,35.90156952215814
768,794.6157717058506,1919.1663239740737,0.5434573738364884,0.17446584779850924,0.07979178509780846,49,0.0,0.030246263401923858,4.437015592946125,-1.617727387386699,794.6157717058506,1919.1663239740737,1363.4928639963828,0.0,0.0,352.8120396488911,0.13766382056412693,98.17228146816467,90.53202571764868,101.46932253121142,120.24229741911363,98.3941971244698,97.26773735845768,97.5085516170591,88.34875092567427,103.07447924562203,106.9968480769278,105.30247026148339,105.00150453491028,127.248267247167,23.934130468473064
769,2821.745926161798,1919.9840850167122,0.5750094302619523,0.2606850374171717,0.13732087017243114,49,0.0,0.012587949291366656,1.2799551568772147,-0.26798688610809357,2821.745926161798,1919.9840850167122,1259.4528876667096,0.0,0.0,351.96741913634315,0.13800147428115106,88.60588849930276,102.31889565425018,91.07250280709894,105.32682775557878,101.51424743786038,83.71147322562203,97.01665526816649,98.24566336356659,110.85571344796307,80.17771380437375,89.90910807199141,99.6396101302839,81.18550510963706,29.873083091014024
770,2095.016202193886,1922.1691374878355,0.426974178694786,-0.31902565686153755,0.06620521917723649,49,0.0,0.011309277613495965,1.651137457381181,-0.5444580745821576,2095.016202193886,1922.1691374878355,1051.2981429844838,0.0,0.0,352.2702107591759,0.13891645187393054,60.741743195065695,64.61111875496,91.59586148990839,67.3899436093123,89.41885690376887,85.9660338788837,74.6461431109756,82.32383823830175,80.10271042053576,72.3489336154507,78.53183534968497,93.87813068410179,95.52210782845705,14.22088590507725
771,2987.490617274906,1929.9152412098433,0.6700977115178833,-0.131721604635384,-0.5103097190669306,49,0.0,0.010765653665074124,1.5421831788878153,-0.47033990454569047,2987.490617274906,1929.9152412098433,898.9460620395992,0.0,366.97362176079343,351.898365050151,0.1421376451618822,0.0,0.0,84.57741473218951,83.47666134353528,57.75976181649759,93.69577037791456,93.70721046584984,61.072443534202634,68.60165896942436,43.770707203420464,92.0991373915161,78.1236357998312,127.76950171874834,14.29215868646926
772,2158.8627793783844,1932.4500483586614,0.5909887216153408,0.21582472815666645,0.11761516174558366,49,0.0,0.010353306717639784,1.0277020214354193,-0.02966802690699358,2158.8627793783844,1932.4500483586614,1133.8774456487279,0.0,0.0,352.243608402166,0.14319985830109463,86.46097568948838,82.3256521830251,79.64630203552609,91.81296660205149,87.60301945919574,76.38810541775229,86.14412351275197,95.34094517397072,99.5460377314209,87.43915535504036,78.7941040566264,76.96729213125438,86.4555371169327,18.953229183691484
773,2423.5291236137346,1933.0423888528971,0.5646116138203127,0.1576975431181472,0.10325479115577928,49,0.0,0.03367078641343013,4.738987024825439,-1.6892137990462306,2423.5291236137346,1933.0423888528971,1545.0760415786212,0.0,0.0,352.1333335516959,0.14344527663067336,110.1256105284584,129.34052234056924,98.2430235457385,108.20173918586437,118.21086093504462,92.11740148417752,144.30839283860288,115.2740318429412,114.49974467301088,105.32652148568056,115.36433905850478,120.28573956930717,141.05748189031357,32.72063220040759
774,1209.207317269959,1933.4454617987392,0.5986562623170525,0.3243955485479817,-0.19745780485720268,49,0.0,0.012222125217083907,1.1512884374662882,-0.1529603575254902,1209.207317269959,1933.4454617987392,1291.4095194278034,0.0,0.0,352.6392965424066,0.14361521056133633,90.66299579073572,94.68303482659122,96.36836554937369,104.1799018122326,95.25107663679158,94.27162182274441,88.00867620573348,92.7364940446172,101.88096468338074,90.72264297380345,92.6667418766036,105.3354733736038,109.61389643694162,35.02763339465015
775,2964.2519200453357,1934.4084547703478,0.5230682808160341,0.8031999466859245,0.13937266310610183,49,0.0,0.012440471075985353,2.0387211822775373,-0.7733945881357909,2964.2519200453357,1934.4084547703478,1198.5879218788773,0.0,594.4191476918838,351.908046872504,0.14400995475652945,24.03512636460932,85.09431626405308,59.75749977287117,137.73749514201074,81.85449915258766,56.68329742595311,120.45968685704801,90.89479073308675,83.65033606212482,150.95704494553786,71.00383668795244,106.48807195856527,107.7678548796722,22.20406563280481
776,1093.1769543643766,1935.6918381199014,0.5681805029209056,0.16973475968015173,0.37762721233429486,49,0.0,0.027049854830181286,3.839439883333388,-1.4606696798508985,1093.1769543643766,1935.6918381199014,1353.377882990152,0.0,0.0,352.6876420183904,0.14455079285006053,94.92443777080817,110.8762794728998,94.21214982173817,104.08405729320302,110.58806596457757,74.1379429406596,102.67165215982492,108.52845545074494,89.42960495369697,107.88307690662387,101.94843470463456,123.27785986296402,107.97418054043246,22.841685147343917
777,1375.9564654476092,1938.2777006938086,0.5394857551184792,0.12345008258843433,0.2579230106935066,49,0.0,0.03291856227022441,4.7582568977780015,-1.6936197146164742,1375.9564654476092,1938.2777006938086,1511.485784265019,0.0,0.0,352.5698180732333,0.14562901874156878,106.31580997490761,115.28477258823021,95.33097249847054,124.9861273168867,128.85151603607005,100.74393946993496,118.74585324895664,107.7240701154663,85.58964589494782,120.82972543252333,103.53805373862622,141.9430230565543,131.2231490746447,30.37912581879972
778,1623.1866220361892,1939.8360582355187,0.8645075371507775,-0.06277058881334888,0.1818723766138953,49,0.0,0.02350333665138009,1.9706658252680207,-0.7365324631001923,1623.1866220361892,1939.8360582355187,1490.963790839015,0.0,0.0,352.46680556925645,0.14627852261254207,97.55376750881263,115.5709316400504,115.32277018299067,124.75638790021006,108.86236989535563,85.80643418495646,97.9027407250482,116.73495736194131,126.58006325909085,142.25614208872275,110.1085458662361,121.35053689648129,95.15759515177744,33.00054817734133
779,499.26084862317754,1941.0678775553245,0.7391005478706478,0.5990652548134988,0.18473257654728117,49,0.0,0.010669294738478654,1.0254611048095454,-0.027297981149225617,499.26084862317754,1941.0678775553245,1067.329970939556,0.0,0.0,352.9350982663409,0.14678707251116943,67.22911803046944,85.29342649113009,77.05340605670693,81.27469204790006,70.0242116457694,75.07376812159508,78.74455720635413,106.72327409993312,68.79639392820616,63.95240736796933,80.94205673555103,97.97867783276536,87.36870579101281,26.875275584193183
780,1256.0969517974208,1943.676090146989,0.593517986872646,0.3946197134987961,0.20061626814724257,49,0.0,0.04219692516585947,5.877078024455402,-1.922903641183436,1256.0969517974208,1943.676090146989,1614.1083269419155,0.0,0.0,352.6197593314875,0.1478780642383387,109.61424530332772,140.95767174045028,106.35667474259051,142.24224760358013,113.13440919695259,109.91214725896249,122.18637678449323,140.38415729730974,114.11975839360963,125.70668345290308,113.48729350621824,129.5713202220226,105.54421423947824,40.89112720001711
781,736.870830077281,1949.620600089082,0.5514927371103758,0.3358567447962357,0.09488040432048463,49,0.0,0.061825287087749314,9.61410268382445,-2.4572718907942885,736.870830077281,1949.620600089082,1905.1215866354298,0.0,0.0,352.83609916590456,0.150352426243531,143.86560097900752,124.55831751861827,124.05154801809987,161.92036653269696,141.9703392153562,148.11008958742923,146.3127717732945,154.9303866781282,147.44479435253544,140.11295232742833,143.88751258831482,142.20503245358054,142.7090000237206,43.042874587219224
782,1235.7435757805324,1949.6090210600566,0.48447414343416817,0.288511181997661,0.1842301533661595,49,0.0,0.0201998990612553,2.6277880758953627,-1.048975844018811,1235.7435757805324,1949.6090210600566,1360.146427841411,0.0,0.0,352.62823985082116,0.15035003798521973,101.220028702921,96.92617273108792,112.74053886220796,85.3088278716977,119.33916695579063,90.06413352736931,104.64981728796147,100.07066489210563,112.23455024609949,106.65357278404915,81.84847997167533,104.31153505715895,112.4489447327542,32.32999421853219
783,2525.4233590338704,1950.6183111497623,0.2735656438642773,0.42408014140849176,-0.1865641409166502,49,0.0,0.00826908113076601,1.2790306962332294,-0.2672024187508444,2525.4233590338704,1950.6183111497623,1136.5592280784479,0.0,0.0,352.0908793240497,0.1507676912690618,71.98810199547717,68.98736947437226,84.14369344905816,79.80954395873162,77.97965719901393,77.55267102946652,74.06620784177731,94.44686252853265,91.4589606182064,94.76122412440677,87.90283125791547,97.15602351396288,102.98793625891241,33.31814482861435
784,2664.673190577053,1949.8409041524765,0.6776754858182994,0.6734180707067186,0.14541640188028265,49,0.0,0.012009271100889271,1.2239260550732707,-0.21938795048030532,2664.673190577053,1949.8409041524765,1054.5459426891466,0.0,0.0,352.03286158816525,0.1504426793140723,84.5814928825601,87.98859803017905,72.23522297277988,80.74811906012081,80.98248738058805,79.29518131205873,74.57147044143875,88.5766963833067,73.62508108145386,85.425369575166,72.62009058069509,68.53392134503699,87.00611621430474,18.356095429457852
785,1937.5374554645066,1950.8076265537215,0.20378606764818435,0.13828006714920735,0.11543763324261967,49,0.0,0.009034127992726767,1.8020664402570032,-0.6394269972750167,1937.5374554645066,1950.8076265537215,1121.2198201078102,0.0,0.0,352.33582630744183,0.1508495295479053,97.15774269164379,85.0226162743389,69.96731524739975,90.35236478868822,85.21455148825609,84.53557250140744,83.87701915855203,81.00574237029356,82.43164691766529,93.7511864238153,82.63096550648501,73.92329896966605,88.53648781369358,22.81330995590529
786,1396.6743717109928,1952.261729589334,0.2755488551898258,0.6201570263097628,0.3527413981984165,49,0.0,0.007396301042948501,1.011005689490421,-0.011883999035222803,1396.6743717109928,1952.261729589334,1032.4874635419562,0.0,0.0,352.56118563214596,0.15145568858984768,73.17418383384282,61.07550083903942,66.78764646629597,81.77930576382454,80.36550015514544,74.00810537987496,94.34326330972483,80.20115336012363,68.14338380886772,83.6488609413808,81.39263063016821,79.87764176982785,89.62484556527288,18.065441718567122
787,1291.1830022833647,1953.537815790433,0.7902661554126933,0.4876461426723492,-0.0926192326440948,49,0.0,0.021190619017849643,1.307483621219572,-0.2910906429715808,1291.1830022833647,1953.537815790433,3498.5873014640074,0.0,0.0,352.60514022408614,0.1519871695465675,249.66783764825698,280.4877446422096,264.02331014721915,276.56362609598284,259.3703343158527,226.7848584561529,263.907028624349,272.4823509627731,264.583712322855,273.3396527860292,253.01379018687834,270.7660115419959,271.975578564183,71.6214651692698
788,372.57246893529714,1957.0089987183737,0.2524222539532989,0.18342477138634594,-0.20786439237817853,49,0.0,0.010714762614459559,1.811408002270783,-0.6450407049924624,372.57246893529714,1957.0089987183737,1146.122745365499,0.0,0.0,352.98788131799574,0.15342775361813302,93.05784107129202,69.94422513768997,89.398793252418,89.54298404609426,83.34520961831335,90.0952054744729,87.22653089317376,91.54122895035377,97.9143227382161,90.10174533437858,87.06630213818362,70.60597598284602,86.41602539451782,19.866355333548768
789,2809.0121879951535,1962.105726024269,0.46784044646523215,0.33348980477932305,0.19178887488292967,49,0.0,0.31896208704642043,49.09300846115447,-4.227549117122972,2809.0121879951535,1962.105726024269,9628.382426946848,0.0,0.0,351.9727244343826,0.1555514854078323,674.849783913665,739.7473483714275,670.1402569537101,750.8945552724554,765.5803319557347,668.5205964856677,721.9374311457325,751.9959502260842,734.7403215227887,786.2367927890277,672.8533055976534,729.5427592131103,760.0406783314145,201.3023151683762
790,1280.3654117582464,1964.7568335525377,0.45038068670340237,-0.8439777902828145,-0.16418367501156284,49,0.0,0.02099407371909906,1.0415105525009256,-0.04415918635680832,1280.3654117582464,1964.7568335525377,4580.61594101931,0.0,0.0,352.6096475317907,0.15666168844666065,310.89894759808124,319.296965054632,312.915215899386,373.87526377957204,363.7702742573516,309.58376993839795,358.3694423347611,378.70278787934114,374.8619559154714,344.51595099011735,326.29517814255576,339.93197981470496,373.65118172663654,93.94702768830183
791,480.00455434593874,1966.1237996634943,0.7885932006098191,-0.21013097424001373,-0.377904350205455,49,0.0,0.012087113886987685,1.0926987689891152,-0.09625113452536486,480.00455434593874,1966.1237996634943,1077.9349792268727,0.0,0.0,352.94312120767114,0.15722645857676273,77.12678711602265,78.17530493200115,85.4735124874883,95.91643992884013,79.69723312484345,66.78874306472,75.25118594738868,69.25531338564858,85.2511378077449,96.94842088700469,88.94130096250485,81.23357876689295,77.81172639868309,20.064294417089247
792,1514.5183632801268,1966.0225814263604,0.5229718897540364,0.07361443025291811,0.37131406883859713,49,0.0,0.01078510943436298,1.2517020361694173,-0.24375239677004254,1514.5183632801268,1966.0225814263604,1143.8406514307283,0.0,0.0,352.5120840159309,0.1571894735013637,107.73118262501653,99.79544449152826,67.85380658487215,89.67656746089014,86.2496004761023,72.87223467067051,94.83743330653732,87.2613439180943,85.2280713912362,81.89523350874912,82.1260024782099,80.86336507296667,92.90297518058746,14.547390265267254
793,351.195145778366,1970.0280964226058,0.2145709950146585,-0.5183832263626992,-0.1655351445867485,49,0.0,0.013662034795230144,2.367000264953866,-0.935495766356289,351.195145778366,1970.0280964226058,1352.0744857066447,0.0,0.0,352.99678781954265,0.15885190116680584,86.60497517839232,106.49492058609786,111.33635306860148,97.90719337434996,97.32441680069257,94.0751592018683,119.06831476400879,88.90520765766307,105.8115861074713,111.26241548814438,91.35499719933888,116.86310582641285,91.42655145523553,33.63928899836735
794,1157.2484663408147,1971.0333370895194,0.3351484807333572,0.2751383228867388,0.08295281783502839,49,0.0,0.01032497086939169,1.7402891494765846,-0.6015535310359597,1157.2484663408147,1971.0333370895194,1065.7419977262934,0.0,0.0,352.66094587287887,0.1592764766659265,65.101259163751,80.34009617415819,88.22338167572619,76.62619845687222,78.49203301223015,82.75735521454311,74.27482223064919,90.6252202646674,71.51952971602705,70.95615825467195,72.75898033369711,88.67735411815008,89.47781536500264,35.9117937461472
795,1269.6108315060414,1970.7150737100687,0.31334808246531315,0.5550571220785033,0.11773921482857083,49,0.0,0.01365389393767643,1.4555806891605256,-0.40759071317953166,1269.6108315060414,1970.7150737100687,2342.1929355184657,0.0,0.0,352.6141285833224,0.15914423461486554,148.0507012879571,163.5333497766,154.54905424267926,159.10583217475002,178.17835379144304,173.27029694876455,209.1667618921842,184.07379027891687,201.44220088749154,180.93958305881227,160.61100845693372,170.85226514115342,197.44385307923352,60.97588450154656
796,1287.2627241750656,1969.4671416053236,0.842753848855636,-0.6525865243241307,0.41405333827201984,49,0.0,0.02190177303055061,1.051319946176524,-0.05433726036913416,1287.2627241750656,1969.4671416053236,4566.940386195717,0.0,0.0,352.60677366658155,0.15862431585643308,289.72332984531477,327.37963240539096,330.2103295453792,363.41741959343244,378.9433967215858,297.0453751093454,335.22556036049644,369.1879987218143,383.33088921463485,352.510503773296,314.98177903362006,346.77514334534953,372.67299326509226,105.53603526096559
797,1200.400613281848,1975.3043665385892,0.5682910155188172,-0.33715566576275247,-0.09965804990614595,49,0.0,0.011148456643073512,1.277468527278493,-0.265875523293485,1200.400613281848,1975.3043665385892,1182.0134704580487,0.0,0.0,352.64296597711717,0.16105620493683756,91.9247601079592,96.12507111103761,81.59185756368854,83.30968899939262,88.25093343796071,72.46692810520057,85.5308245941466,82.15632456142495,106.3777672942359,85.64141967493069,82.37621742049234,103.54176711717199,95.99976951458322,26.72014095582374
798,1628.2075781088513,1976.7184811785403,0.6809270873725843,0.34007472486207796,0.21145895109120227,49,0.0,0.036547905562933615,4.5508055200645146,-1.6452206905196953,1628.2075781088513,1976.7184811785403,1565.1481976950176,0.0,0.0,352.46471350358433,0.1616460934249621,94.77853857411543,130.65552582210358,117.9199241983932,130.337738750201,112.82591158274133,94.41535290339249,112.23286668810955,137.31429935636802,116.23831696757537,125.50140175974738,105.9001953180641,122.64804512157606,132.34268760374687,32.037393048883104
799,143.85017798764724,1979.6158083611774,0.5884360678758351,-0.41919381197667355,-0.14432540558842918,49,0.0,0.022527936373160008,2.5726982700446577,-1.0259721362034855,143.85017798764724,1979.6158083611774,1559.5566774061579,0.0,1500.7883134290057,353.0831732006566,0.16284417095696563,124.05308027365278,115.35434078053426,121.40139285039179,114.31856512748473,128.38580102577913,127.69270275017047,126.45921722160026,124.29345165014605,103.62671176513571,111.50168235892892,111.9790443676815,107.8672922810561,113.60677695739918,29.016617996196842
800,2219.61314862138,1980.9604844026253,0.4744364924431965,0.2580696035134469,-0.23177240463988547,49,0.0,0.008700307166627681,1.120820394454427,-0.1238400619363453,2219.61314862138,1980.9604844026253,1012.5507118815124,0.0,0.0,352.21829619964325,0.16341192843565164,69.94838669762291,88.44979707788212,62.645894093783454,86.07823947658633,61.6556129349336,77.29240568997447,94.45884408618404,69.53723315631747,74.8331949893851,72.18402983320553,79.91698990143325,69.11236638983033,84.60020396754037,21.837513586833303
801,1286.0420002372857,1981.0539680300353,0.9015773676883245,0.3232696461185033,0.5785448965087259,49,0.0,0.018587165535718257,1.2450009960046315,-0.23792424717204327,1286.0420002372857,1981.0539680300353,2534.094529520781,0.0,0.0,352.60728229996636,0.16345210850175934,136.1529451054099,193.94956490504396,208.92941151668194,201.08714654288937,169.0555133962647,168.93676748666974,193.02444335547298,206.7864307518978,201.06281991821282,210.99085687686238,186.09092905838475,194.0342040899943,207.55859964857592,56.43489686842054
802,2997.735865395849,1983.389631505176,0.9190253306731857,-0.12139439672672794,0.5496590420390394,49,0.0,0.013967027667516473,1.6863950901683615,-0.5673983227840909,2997.735865395849,1983.389631505176,419.7277823230901,0.0,57.00386263183101,351.8940966140358,0.1644172340788791,0.0,0.0,0.0,0.0,59.24008969739573,23.621733706590568,74.00055405502044,37.73244350882043,82.64541417254877,4.424234604704768,13.256552802966045,62.36080386579249,24.01239650678264,38.43355940246818
803,1822.4454592318534,1982.5233898432368,0.6011198046065933,0.0447879436342257,0.15142132634726999,49,0.0,0.07250949345446014,10.092359291432123,-2.5099817578809906,1822.4454592318534,1982.5233898432368,2260.1737474062074,0.0,0.0,352.38378111374334,0.16406457656314627,137.7892461501531,163.26341254091716,140.30009580340806,179.51963865577994,206.72247472919727,167.09764228945835,187.5342352868638,195.29967143411528,158.29904339440026,194.64122380487703,171.7299901172317,138.23157257626724,162.56397539586158,57.18152522767703
804,2054.196537427138,1984.3324382197688,0.29532770707309314,0.19903457724842089,0.0519126429622597,49,0.0,0.008804744824330354,1.458971036184007,-0.41011667567208243,2054.196537427138,1984.3324382197688,1094.7165528489459,0.0,0.0,352.2872187466893,0.16481765749117733,67.89265532872086,85.61770175202378,69.63268145918019,69.35610022253354,92.16751570825068,68.07909588927285,102.69751857403493,78.06502159276313,95.63021878401631,94.81620578154613,75.76202828985534,87.40423892249379,86.70582557818955,20.88974496606482
805,1745.4543610243336,1984.3293659245505,0.2868652500124184,0.6177259849956933,0.2178500359110307,49,0.0,0.007458724740271692,1.038882376579458,-0.04141594758826732,1745.4543610243336,1984.3293659245505,1028.2094251877475,0.0,0.0,352.4158606877172,0.16481718289057146,72.23630848800252,81.4530240193252,66.79058299417889,72.40920464981102,90.16938502896072,58.17564220190027,65.48377966251388,71.82137136658888,87.92533368148685,88.96556465688911,73.0786010267123,72.90268994193048,100.56377999316777,26.23415747627965
806,1485.6550947373526,1986.4255347016092,0.6756487111270956,0.46503888354276623,0.2938723320578251,49,0.0,0.051509759227894795,6.414337920298394,-2.0178795892675843,1485.6550947373526,1986.4255347016092,1845.498896637796,0.0,0.0,352.524110374744,0.1656906134922265,145.246631982191,146.79649172298775,124.25853086943141,141.84788909813417,138.2596775552991,114.43792064543003,137.119753852271,129.0881154272389,139.8912943201383,143.3278307409223,133.59324768733026,146.58142331993898,164.81649931869572,40.233590097787015
807,1013.1250948171826,1988.5229653859162,0.6005950924686237,0.28527044092820086,0.5429280878146424,49,0.0,0.014114831978965008,1.5423764692863062,-0.470475977378046,1013.1250948171826,1988.5229653859162,1141.938832436153,0.0,0.0,352.72099644554544,0.16656307428489028,95.61669757281172,85.04885592420152,101.90019128679889,86.66345985025563,87.4056574454072,64.94371878437713,78.10863112742169,98.74131828272269,81.71532127636719,77.91385781544439,82.24417899742681,105.60673298726891,75.36614000432562,20.66407108132367
808,1309.1549046337027,1991.0446114588876,0.5729044341939584,0.40408749656433557,0.16613989971751217,49,0.0,0.010457825284722357,1.1183626117705066,-0.12145659912192078,1309.1549046337027,1991.0446114588876,1086.5176181801212,0.0,0.0,352.5976519683286,0.16761489504452615,74.41307608926189,85.44666532599837,78.90991952545949,75.57594442298819,92.60736625508657,73.48552266258807,88.67385182011773,85.55268821095561,96.94504371614431,76.46655235571606,71.00085344540554,73.80330027664894,89.82291761488962,23.813916458860803
809,1557.5162363889606,1992.4133316920702,0.3617397587289278,0.18481793880232994,0.008794564277247284,49,0.0,0.020612267570540712,3.2644106006407183,-1.2845119487166072,1557.5162363889606,1992.4133316920702,1435.9212377202227,0.0,0.0,352.4941682357191,0.1681855585162508,107.1824319932249,105.02732538811438,115.97408755508064,102.25327677718107,88.0504993260434,112.71673302992488,102.20284666566248,104.90739417170951,118.5895750748552,115.3191258155978,99.36871467378568,119.66973014933791,110.60962772777646,34.049869371928494
810,569.4219547566332,1997.6987065301537,0.27238171489274604,0.17530963230224958,0.10798781143167889,49,0.0,0.009813492575329794,1.870136771998859,-0.6796834242988047,569.4219547566332,1997.6987065301537,1048.151598974496,0.0,0.0,352.905866238821,0.17038299847501553,65.10758772853373,86.64408566003675,84.97277127978336,86.5056873178596,93.28716446076034,70.41798047908635,81.74519019410252,69.13940292443189,77.63131445600396,74.36127422491069,75.23266843983303,76.69287473421647,84.4325425523856,21.98105452255176
811,2867.041467682489,1998.365788429613,0.5529967705112229,0.4361977003059493,0.029370597607560837,49,0.0,0.015421215164632929,1.49154792246566,-0.43409302880445,2867.041467682489,1998.365788429613,1351.6932704046644,0.0,434.18170597169564,351.94854750895377,0.1706584979388032,102.71349905408047,129.16724146774288,99.32464958957453,84.61008725172178,105.7668996974073,91.58100743188797,104.9952835155717,105.61240847061555,108.40972944666035,92.81658762222204,104.24316704075255,95.25068603138882,93.90131579815797,33.30070798688035
812,324.8870321018146,1998.8774081673532,0.30783378823804547,0.2346251465558893,0.1724319060454006,49,0.0,0.012894706330816453,1.9276047387064827,-0.7125449631841887,324.8870321018146,1998.8774081673532,1182.634255278564,0.0,0.0,353.00774862174234,0.17087155781413263,85.71807401361308,80.25162076293225,98.93047311956983,91.97206535802295,96.30973434116981,69.28762728115439,97.05211395994499,82.16845908012299,99.64848147014246,93.34357485893864,85.05808948799665,102.04049065805992,77.5881959975249,23.26525488937121
813,1133.9438173335318,1998.1296238501934,0.47725364310957896,-0.14795569735436176,0.3768245940068441,49,0.0,0.007951528409835753,1.064879012020903,-0.06825066874077576,1133.9438173335318,1998.1296238501934,983.9035243153802,0.0,0.0,352.6706560425447,0.17056635375393248,62.51240104188828,69.22791075427111,65.70903016394472,69.31090282715226,96.69767677960161,55.1372450999915,78.46263876628451,85.32242858369315,75.75241575642416,87.19068557277815,78.58997141242301,77.17248734129208,66.41112538738314,16.406604828252426
814,1346.62214757613,1999.9905914299413,0.6854580620789036,0.20772156336499084,0.13242771508213316,49,0.0,0.027553390420437578,3.2757211009404785,-1.288267295695043,1346.62214757613,1999.9905914299413,1344.9314383483504,0.0,0.0,352.5820406753027,0.1713424401249744,100.587639717163,115.25886089839909,110.81282638679372,76.47069933647988,102.8029455122487,92.28976004932748,98.36712433319306,96.06756511105965,105.94690278632721,98.30912074589033,108.41237332390463,98.8926220669754,109.29538881312136,31.417609267466805
815,2986.414554673239,2000.4839977488118,0.35446801172680675,-0.2560270805249602,0.06643710618434463,49,0.0,0.004684501721362659,1.0321813905615531,-0.034390062020638906,2986.414554673239,2000.4839977488118,486.5471767515204,0.0,131.1536159256065,351.8988133388033,0.17153960420838935,0.0,0.0,0.2170577121886872,0.0,73.5574123088043,40.68133193027708,87.83980512848451,33.55737437252968,54.011269232892914,33.51340906149418,53.20104065265905,51.137440285136854,39.4514058346397,19.379630232413422
816,2207.2142767839514,2003.238377705774,0.6106233746287156,0.414198772788509,0.2716478797134252,49,0.0,0.019833523693381837,2.3628248401342153,-0.9335788197572654,2207.2142767839514,2003.238377705774,1231.3123957041491,0.0,0.0,352.223462291348,0.1726942840043995,78.81670650877643,97.08608872548783,81.32551393583483,108.91256643902378,88.08384967323084,82.21964199327374,104.432423020002,90.45752565695358,76.0208769049894,82.65207874357789,105.84542269869831,112.79915898521557,102.2347339286296,20.425808490455452
817,742.295886712331,2004.6101500980033,0.9294301800256624,0.21870706234549014,0.12126371031761829,49,0.0,0.01520493910758238,1.320819275385009,-0.30210849545109036,742.295886712331,2004.6101500980033,1063.986465540353,0.0,0.0,352.8338388259425,0.1732641575094958,55.629329097254846,80.08857055722339,79.23123978603988,79.64222520677407,100.11454492606916,68.6029439644085,80.87908082068411,93.04923687684067,86.4430347168373,76.01092317959117,76.45556453899675,84.92221715352571,79.28871565074553,23.62883906536192
818,1949.4761337413472,2003.4774422176763,0.51696456001152,0.12185097760800574,0.492611938412818,49,0.0,0.011507583651505632,1.2767582623768468,-0.26527169254385374,1949.4761337413472,2003.4774422176763,1182.3227437103956,0.0,0.0,352.3308518832628,0.17279501782699497,79.63821430340175,97.32600113205822,75.17008687999041,94.18891545039848,97.32546661637146,79.67096943640473,85.97159944454054,81.35246975550845,76.35504045654203,107.40399955166907,89.0848558836488,88.34892971705901,107.88054423465321,22.60565084814939
819,1310.4164863362735,2010.774846485499,0.3602749297252337,0.5097275630669617,0.2781167740836055,49,0.0,0.010478337329736603,1.6212623510776525,-0.5246332441018724,1310.4164863362735,2010.774846485499,1085.8419204948818,0.0,0.0,352.5971263129857,0.17583574154654888,79.1206403593506,68.22135857248277,80.65881831622532,96.47201693457453,70.40213711289107,62.80428271782646,92.14343993913229,76.58590803871499,90.02236028231127,90.7503778833009,66.26177879014033,100.30352146577279,75.08845093184081,37.00682915031761
820,380.6245903618608,2020.7137164297549,0.3878686499310883,-0.5159778099704696,-0.1860620390480298,49,0.0,0.01285521886971804,1.66056499655138,-0.5506396977149133,380.6245903618608,2020.7137164297549,1314.3574558481407,0.0,0.0,352.98452655249855,0.17997020938304023,81.14385340259466,91.74320299761763,86.98872474715229,89.33580546173312,108.884444360689,86.56209871788337,118.6922678056777,111.73549948207571,117.8480380185072,100.64716180289471,87.0889940765439,109.4049993628758,105.15894238796243,19.123423223933223
821,1729.2501224266257,2033.0561265686847,0.593094172497314,0.3126888073655926,0.12153533595171907,49,0.0,0.47854604784660637,67.88846257508715,-4.579489934017825,1729.2501224266257,2033.0561265686847,10484.459206492893,0.0,0.0,352.42261244711506,0.18511983114127958,706.3167888711082,795.889562442919,745.4382458163216,805.8058765652606,773.0094848237416,695.3649986087469,801.1383176463494,871.1439786736541,853.2239602001864,824.0476659225221,759.4138092466806,813.2266962255588,840.6843126327326,199.75550881711115
822,2324.828700257485,2037.8249223737384,0.4198720262048887,0.1480224114565657,-0.08897000772347405,49,0.0,0.012311953701711753,1.7096775006017273,-0.5822854910123905,2324.828700257485,2037.8249223737384,1127.992080528416,0.0,0.0,352.1744574135312,0.18710429497465192,82.7400491033904,89.46685688306235,77.95353649939598,88.14531301170722,81.23297357712032,74.45414314935655,81.67175516937343,74.62669346786109,89.78603364424191,79.11521929677724,96.70886613134671,92.01123876351974,96.09705795595796,23.982343875305112
823,838.8316693775477,2038.7937445683026,0.5887451493779046,0.20110950610132936,0.09767955378614583,49,0.0,0.17706566305478205,26.60158992921184,-3.56226898601827,838.8316693775477,2038.7937445683026,3898.149399698691,0.0,0.0,352.79361697670794,0.187507686094948,277.03012708226186,285.9387777004796,288.8091757979696,308.10201142681035,286.78451312593927,272.05348193368553,312.30075431076534,304.9257259660277,336.3588947657251,287.65619971167087,263.98715973686194,274.00666608915793,313.60290441032834,86.59300764100709
824,1187.3208825536606,2039.6687627705378,0.5861377120439818,0.44805340689766593,-0.11449150504940643,49,0.0,0.011904040383992382,1.1497731022138706,-0.15153036136471115,1187.3208825536606,2039.6687627705378,1163.539671759931,0.0,0.0,352.6484158254215,0.1878743015945712,86.02344995717777,78.85207638046296,80.10033598483838,78.6407445780678,104.29285212261092,83.86889190554673,93.8760617898485,86.88781197995309,73.88192339108717,97.63767242438632,97.30754821591933,91.24501698412135,92.9882332698794,17.937052776031177
825,1247.996730366177,2047.1824331424361,0.6318273812284947,-0.43205645650686403,0.2575456370604884,49,0.0,0.012763188900728839,1.3754996949797575,-0.346151246049765,1247.996730366177,2047.1824331424361,1171.184448690645,0.0,0.0,352.62313441224154,0.19100518561077254,73.63720383824753,97.20599873673183,102.02428005481937,86.60932459202124,82.81139331348655,74.55802680826662,87.0469193984798,103.49056193917731,87.9258740356677,82.76336753072624,81.72004555131362,95.69113429679335,89.33012719444795,26.37019140046591
826,2095.770792287791,2048.570512793769,0.6573580962146022,0.012642053158975906,0.14852130798328864,49,0.0,0.014395384502993318,1.7122212144574,-0.583899684164402,2095.770792287791,2048.570512793769,1058.5925362576634,0.0,0.0,352.2698963344599,0.19158293096669596,89.83756280600373,70.27216903620281,79.66634239191814,70.07711263693199,59.67479404653271,68.933113762289,85.31486694576978,72.8501438345449,100.82755441886007,74.19911741846587,82.23237352692415,86.69473959142911,89.21918020063552,28.793465641155564
827,773.5266860897798,2050.0570232526584,0.7607610955625995,-0.013883888607521284,-0.11153281527726179,49,0.0,0.028893480193679294,3.2816189308444623,-1.2902203709212634,773.5266860897798,2050.0570232526584,1344.6679422251245,0.0,0.0,352.8208264878924,0.1922000707350405,97.31810676269257,105.35097816992976,107.32946184113597,94.24570116435106,101.49151749033089,93.30653718615909,92.48834119211998,106.4914720904788,106.50906784713192,101.89389793705422,98.34318236575214,94.96439172630868,117.51127681718026,27.42400963449925
828,420.6601663483189,2051.088209631802,0.6187161613867812,-0.10373371421472237,-0.17944859717341785,49,0.0,0.017289062304143645,2.008003055709501,-0.7569109234194624,420.6601663483189,2051.088209631802,1201.051057472745,0.0,0.0,352.9678463374473,0.19262611263770454,101.0677071068832,84.92975222737255,75.50137850859447,90.10916061063173,101.35501309952161,85.07763982359842,82.6912735673898,85.8578103922702,92.2851710096136,84.80522818688391,80.29167365781197,116.08534280769712,92.69067131278885,28.30323516168754
829,2927.6746338785924,2052.8080419134967,0.8550989038192165,0.17874553413003771,0.4453786106200558,49,0.0,0.016439233798271204,1.8068035409496397,-0.6422773325369048,2927.6746338785924,2052.8080419134967,1176.6556362464162,0.0,641.5394297267155,351.92328591197577,0.19334078711150407,36.21363464941136,77.78509128126026,65.09814259837177,71.26231011961978,83.06739136717151,76.21674515431407,107.5189068938731,134.6203666310502,65.14762000898811,102.93259372363124,190.11666097430972,80.44611878123496,70.7653294979394,15.464724565240608
830,714.3166171530936,2053.872190030318,0.6632368813245432,0.19089501162893555,0.10873294967910264,49,0.0,0.10764403804149444,14.556910407757798,-2.9076730227370766,714.3166171530936,2053.872190030318,2605.0552054594914,0.0,0.0,352.8454964001445,0.19378915791665632,174.13009988445253,170.8262965150579,210.84802781523558,186.54017190783642,186.53941811835654,181.9161078272212,234.49571079307375,218.06729902038524,195.10134616857107,183.87115378496597,194.07072963520548,232.06409788519787,182.87324848188408,53.71149762204787
831,1720.2096025415187,2054.3620448435954,0.6533750567340236,0.3189113704179843,0.18753870981701412,49,0.0,0.05797063841682455,7.540171366077145,-2.1934530405683246,1720.2096025415187,2054.3620448435954,1871.0707799293202,0.0,0.0,352.4263793276901,0.19399721248080395,148.18241401482064,143.96711148874934,114.7577046630745,146.17370927099796,152.14473065806115,127.6383719846202,172.40300271440861,134.7036138423438,128.79661497192063,153.47227552316016,127.23953356230368,151.86327122277388,125.78885170297222,43.9395743091132
832,326.1111565570575,2057.1411488144545,0.6815000373427241,-0.01786491605800691,-0.03301933062555963,49,0.0,0.015842574757763746,1.4697832039684589,-0.4181332003674484,326.1111565570575,2057.1411488144545,1271.8879179807182,0.0,0.0,353.0072386327995,0.19514685307026008,70.16130896925594,92.59266369133624,95.4665053477713,112.12592613730615,98.17628316870423,78.98149077142848,98.69532990439072,96.85623653894427,103.07352949161833,95.86032939134921,104.22888318245009,86.13792153169952,108.98362825828633,30.547881596177294
833,2491.8981260737614,2058.3169542546666,0.2843351718658746,0.6585873817687704,0.6016943865277949,49,0.0,0.013560640130603964,2.0359970870407045,-0.7719428807690559,2491.8981260737614,2058.3169542546666,1316.4442010466373,0.0,0.0,352.10484754005734,0.19564103627350102,81.04957433085954,111.02733883669761,80.03507967528827,92.65597599876972,92.23385329720637,80.03916787729807,89.20967575654612,109.40642686768453,105.78943501674229,89.05425811845147,100.62427827636762,133.65873374808868,119.63731637591702,32.02308687072013
834,729.6739651345274,2059.4931978194936,0.8872438349186278,0.04030262349083183,0.2811705498585912,49,0.0,0.016005062230900192,1.464285874622209,-0.41406468232982907,729.6739651345274,2059.4931978194936,1151.5982744283624,0.0,0.0,352.83909776576184,0.19613131001978873,83.47114110853849,88.97599696011748,82.52567887969636,84.0599408468105,93.04172509846951,74.24174153818333,82.44713970572509,78.75490722369346,92.30103268032823,88.6134967745493,80.38049794045455,89.52687808594328,100.59324696717246,32.66485061868029
835,1548.698446060672,2060.654176645513,0.5372571677261491,0.32859341777639145,0.1668518144873188,49,0.0,0.331008827477324,50.09195476171553,-4.249419949240852,1548.698446060672,2060.654176645513,7907.795325987309,0.0,0.0,352.49784231640564,0.196618964666844,549.4680642179303,582.3499383268858,517.9618248224451,604.1637011847176,631.8124732592264,565.8133146870891,592.4840531427142,634.0122122303655,616.5428006147908,618.042467081876,584.2043570185174,615.052041879683,638.7522606374353,157.1358168836317
836,2897.1224516299208,2062.772788990548,0.5235371390560514,0.17961045562076902,0.14071353043195003,49,0.0,0.10763524427754666,13.887467153909293,-2.8565576119348095,2897.1224516299208,2062.772788990548,4701.882442831171,0.0,4009.1568432972226,351.93601482956313,0.1974929443657619,294.7107474069692,437.89128380237116,357.51092402242637,331.0979054333942,336.1355163411205,328.77733374385895,364.26612964935674,349.47304015294253,357.21335630180783,363.22294450895544,362.05017451995,378.991805752163,351.68550648507187,88.8557747107831
837,383.4771868384967,2063.943426773765,0.6499187953370389,-0.33518678021798437,0.019984157411880532,49,0.0,0.012806427962901398,1.2771819910477047,-0.2656319653126069,383.4771868384967,2063.943426773765,1067.5513888429898,0.0,0.0,352.9833380772334,0.19798173027458435,82.60545692231756,80.58500482008748,75.18020639258874,65.3142645575636,90.4438695789104,72.59262870673962,77.4427062790511,76.94717358177203,84.83756990111546,91.7018507401885,72.87464778654211,80.74516733296355,98.88842594184084,17.39241630130885
838,2014.8408640788973,2071.4104381747247,0.3460006272056882,0.6246471104468858,0.21265121770574547,49,0.0,0.00802259048708683,1.0182207365125484,-0.019604843473171908,2014.8408640788973,2071.4104381747247,1183.9469502989778,0.0,0.0,352.3036167750846,0.2010997899827113,78.5941113784834,106.19784442234491,84.6967352437465,94.73564736707105,71.6750341837524,69.79726833514135,92.61182980715424,92.21225149514994,80.03934565656871,103.96136832634204,87.28674896380856,95.16180791820564,100.87321444971683,26.103742751492355
839,1700.0992390690203,2072.2264168165916,0.5536120205291908,0.32257365951042005,0.5146440232260776,49,0.0,0.011376235483303942,1.2980435886903043,-0.283223191118168,1700.0992390690203,2072.2264168165916,1089.6093190618626,0.0,0.0,352.4347586423906,0.20144063715394034,79.40482976583125,90.80631820237035,82.6872623746163,67.13630851719567,72.5791307570971,58.872372883300386,84.18877413741973,91.98917806761806,89.11451625753028,93.16087581660952,81.91850835565556,84.22148257052251,84.00483568518867,29.524925670907372
840,2566.448584565649,2072.8578277525753,0.5505648724237078,0.027487769142722603,-0.09957010086557969,49,0.0,0.018818804894650196,2.3997093722418117,-0.9503966192014462,2566.448584565649,2072.8578277525753,1181.5838664621724,6.0,0.0,352.07378625391107,0.20169879850208933,74.92846416364439,104.92922144797137,83.40838383464451,92.22941271518698,98.13175333625347,85.72902489276576,109.65512445950418,82.56862554891958,87.96136973881974,85.68922758971675,73.51482260519394,87.38708649714624,95.50612250698785,19.94522712541758
841,2592.615112282573,2076.985317579036,0.8569051927145532,0.36162007847071204,0.4702124309979244,49,0.0,0.015068457546338645,1.253638741035395,-0.2454310115348736,2592.615112282573,2076.985317579036,1157.2969001246515,0.0,0.0,352.06288408240385,0.20341824745587164,68.71617200211921,79.49698870902922,103.00730942183523,72.47500224045777,98.14110271761135,84.82960043843218,84.4205790137434,89.77472492030257,89.4037254237904,95.10369533087197,86.50297337688112,86.0337279431453,105.48966119997132,13.901637386460441
842,2937.2362809354436,2079.2992026440156,0.3779859302081253,0.8046143119827858,0.5120999955476766,49,0.0,0.005742488163014838,1.0164622565797534,-0.01772814247334313,2937.2362809354436,2079.2992026440156,1396.7673853033173,0.0,415.3061267836331,351.91930225584304,0.2043779925087966,0.0,81.66339095441404,66.02144145031828,63.34081774618748,80.56435062341203,90.6258289886067,65.84119308655389,45.167778951741326,58.25525217644762,34.96835907318193,97.65761992752488,74.80143981730924,602.7730514371298,35.08686107049023
843,724.9911701109382,2079.378659943946,0.6290996605647233,0.3575829288883584,0.23709187584166788,49,0.0,0.015186032947741169,1.563307330769551,-0.48511091103778126,724.9911701109382,2079.378659943946,1142.3253944765393,0.0,0.0,352.8410488567496,0.20441661253203494,90.26692577121972,77.71350988498855,83.47146377013766,85.55173163417426,86.04776655194851,69.3428257122293,85.88090076964153,99.08155702594016,87.4439701640547,90.41667709649995,84.6553616624931,90.58485914694025,86.83865932592711,25.029185960344297
844,2308.6113612037148,2078.5731642512205,0.7156213123136543,0.34141876445610053,-0.0887292268462093,49,0.0,0.02148625299413217,2.429498714330034,-0.9637916839353898,2308.6113612037148,2078.5731642512205,1152.5285168578189,0.0,0.0,352.1812144492191,0.20408243069380605,74.26644643395525,77.4209755419439,102.35692878188158,88.90416777941601,96.00061425762875,75.93084270545904,82.09355967484089,88.36738051564987,80.6658700028182,81.14432836735492,81.64982522375976,98.55439192780521,95.91161253485157,29.26157311045395
845,240.96903871561437,2081.054524701199,0.6217973205153225,-0.13877468065017579,0.15290730525072344,49,0.0,0.014219984461468122,1.726354822997834,-0.5928251560737642,240.96903871561437,2081.054524701199,1121.3458337865372,0.0,437.3369832842603,353.0427112790345,0.20510899994363513,79.25819510026352,74.14519348384066,70.30261984286,91.63632545099503,94.19845754877174,94.9867290388645,86.08311312484017,80.11871593208315,77.99486066673347,82.25180775938725,94.85150481069083,85.89181349091982,89.69441466806472,19.932082868222427
846,646.9993497934674,2082.9081021722754,0.5633204320868394,0.2293618732444618,0.19024099136870412,49,0.0,0.027146928747980786,3.9582123919496435,-1.493747735272796,646.9993497934674,2082.9081021722754,1274.9410317203847,0.0,0.0,352.8735440211025,0.2058863891323466,82.57041773011736,94.48744992278063,83.20877556290561,92.34820680551883,102.14953673317257,107.1484645238905,97.12443666586498,114.70771738878473,88.08566246750435,100.43550066790459,103.41398591329855,90.91052590994228,92.20375394510873,26.1465974835911
847,2148.8285732510967,2084.4710606339213,0.5601624059245458,0.16235247132368136,0.0345085347323339,49,0.0,0.014948148038945603,1.9539498370945154,-0.7272835251806697,2148.8285732510967,2084.4710606339213,1107.1328819905798,0.0,0.0,352.2477892330088,0.20654092126066284,83.25893221315019,74.72073530204398,79.646241491294,79.3742063236489,87.64269241266246,81.7110025901261,70.51856128878838,102.35572125973371,74.36282303021619,80.12287346599038,97.35162337015791,73.65756308925211,97.80039204015634,24.609514113359108
848,2108.657769024887,2085.901192443837,0.6249994639550335,0.5030743645868266,-0.15865985580312006,49,0.0,0.015928134029474673,1.9158944150134367,-0.7059289285570609,2108.657769024887,2085.901192443837,1072.5614782383836,0.0,0.0,352.26452682588564,0.20713702982159077,68.48443509307992,76.59295849408579,83.56295576174614,93.56551294312217,91.79179519217138,68.20461430294638,86.80275904969652,66.1607428443593,63.8303884331946,90.6018957915168,80.82194614398261,79.44730746976154,91.60793645527497,31.08623026344569
849,1874.803267690719,2089.020340061347,0.9212605193190775,0.42152671838865063,0.2807563405169828,49,0.0,0.03154708010766886,3.134897842480248,-1.2405584823985012,1874.803267690719,2089.020340061347,1232.8857072896594,0.0,0.0,352.3619654187087,0.20843765799621009,90.19229881033192,96.29502975226737,93.56789484569485,103.93837456107968,90.74501203215812,79.46454163222222,106.42324625560724,91.56413401921952,96.79519158246248,88.60265271563318,92.31768614101222,95.32482773769465,83.82405676683065,23.830760437445484
850,313.22833907593247,2089.7165976784026,0.5776835852616625,-0.09256524113524968,0.09666130195502536,49,0.0,0.10063341942164872,13.414190489674809,-2.818911173236427,313.22833907593247,2089.7165976784026,3286.2041145918793,0.0,0.0,353.01260602012445,0.20871903120542032,233.6869646958079,246.1185277301653,252.48651749310864,279.96534640888876,263.27994174270714,242.73120255520638,228.0609714982631,246.98019346220335,274.5009760419391,241.77195814238166,246.71774830814138,220.46191745668153,251.55411784088582,57.88773121549954
851,2603.96107682513,2094.4727682211037,0.7624586054211842,0.16043274095892301,-0.3211736294251474,49,0.0,0.010563776990572288,1.018552952693505,-0.019959030234893583,2603.96107682513,2094.4727682211037,1036.9051353025252,0.0,0.0,352.0581568401241,0.21070427871435812,83.78410450820438,66.6223626540598,80.53026793898113,77.44087290700533,73.52295290081108,68.89162626347762,88.72939826931051,78.03424510637203,84.68883976550394,72.52609749831785,67.93549548513064,89.40708099469234,80.7214304103617,24.070360600296887
852,1636.6470150667294,2096.5777772113674,0.7031484851224558,-0.2877516762535516,0.08819327970010367,49,0.0,0.012210185700710658,1.185788348116465,-0.18501794633121477,1636.6470150667294,2096.5777772113674,1067.8376050823183,0.0,0.0,352.46119706975537,0.21158695717356407,78.9815794756515,78.33679283388415,65.19462934355934,84.02071092009123,81.72813497296178,79.84162018453054,94.85299682177822,81.28201992977053,96.17638276446635,64.34013146072203,69.47254630994243,96.8934121761819,74.89553703740835,21.82111085136996
853,2255.3323079094903,2095.931804426456,0.6161337212254072,-0.46335514370724273,0.0776823113993785,49,0.0,0.012418486293999711,1.0951211463223003,-0.09865541270983837,2255.3323079094903,2095.931804426456,1282.9613586768746,0.0,0.0,352.20341351299913,0.2113154166513107,86.24127810668395,87.03676169380772,80.76411495416403,98.84217729262139,105.18574180754842,99.16196085627703,94.14126953503583,91.07197581376849,99.18720569300186,97.78589019383878,110.45534461838355,109.20452593918655,98.9753050262095,24.907807146347384
854,2670.7327300012184,2096.1843504639405,0.47874515790315997,0.30774324074531795,0.2532414935348901,49,0.0,0.06290967396818235,9.88622766647938,-2.4875765186391328,2670.7327300012184,2096.1843504639405,2265.0202370678744,0.0,0.0,352.0303368910896,0.2114166357433884,157.34789972565176,163.2089767446762,158.38891176507246,196.32492813579645,188.96410908745992,154.76223445503769,174.23008207872937,181.6138622649749,172.59617459230088,186.6173966902475,149.97811998181675,176.31000465964854,167.15827057854426,37.5192663079176
855,2239.288482492929,2099.843742270921,0.554991708425874,0.010242737241993375,0.44989051289342136,49,0.0,0.04214142506501239,4.241962638453828,-1.5689170977540488,2239.288482492929,2099.843742270921,2824.5949896077327,0.0,0.0,352.2100982937799,0.21294546780861714,187.28983184218612,243.8401600481293,204.4769790144262,213.12446447187307,197.01004206240168,184.75757461550876,221.42603647312836,225.46098505621984,243.194664043714,218.33835753192352,195.01236807176804,221.71974818574574,211.96194149115678,56.98183669955134
856,996.0256050856188,2101.608437807302,0.5213833030813133,0.05339396055361988,-0.3637476686224364,49,0.0,0.009290587328158146,1.1339290417054997,-0.13646469600433667,996.0256050856188,2101.608437807302,997.9923506052221,0.0,0.0,352.7281211185317,0.21368098099292673,77.8069848000783,73.92111527659075,67.06474468825542,74.50126662295736,92.73674258575971,76.17517386491797,76.03597709878238,84.03019263521008,66.82019391488635,65.01475884532002,69.72958854880437,69.34594800505384,83.88456677202615,20.925096946579515
857,2657.4257694192966,2103.9531448467155,0.5593574586410609,0.0945860457394795,0.25493528085763967,49,0.0,0.03932797914281399,5.063265802345864,-1.7610768170164024,2657.4257694192966,2103.9531448467155,1768.8244792046162,0.0,0.0,352.0358811259212,0.21465365330125308,139.67402703089328,103.68742120350909,120.29029440724894,132.68200940580346,117.59956243675167,118.16658709551344,140.6461651536079,138.31261311515968,141.40537550354657,146.82564904186557,128.20462420891587,156.87781298649924,154.37261898634318,30.079718628958222
858,2902.636993163701,2104.0685873185066,0.800899364828628,-0.5804920684297574,0.5193810279873486,49,0.0,0.012720570232086012,1.3149894873855117,-0.2973057022379926,2902.636993163701,2104.0685873185066,1135.575823276906,0.0,698.4449101143967,351.9337172945021,0.2146984684536243,22.612426696356483,85.45634244005176,79.32945770357136,133.0948449602862,78.152212801836,61.04324883132215,110.86757087042972,86.56716379229616,87.44139897631142,106.43783787213684,87.75700907692222,68.16782231252759,112.46984917699282,16.178637765865272
859,1450.6982349328255,2105.3088213258734,0.5565993749730354,-0.48126106459928997,0.07623045649002516,49,0.0,0.015205454694934508,2.06379551657924,-0.786666661626504,1450.6982349328255,2105.3088213258734,1165.247381027724,0.0,0.0,352.5386757275755,0.21522472363776995,89.32182739653578,91.84038537453351,85.59549063034501,90.29585964894684,91.5230742621456,77.57173311867115,90.65696719582542,76.50512841577729,84.32358871475446,85.49357261826759,96.3745253123006,81.69934430464119,97.2862366405534,26.759647394426203
860,1668.4328145705374,2105.7255507435693,0.4282342594701199,0.13562592171040996,0.140056628666939,49,0.0,0.010507659258783488,1.2644174550907925,-0.25472620644560157,1668.4328145705374,2105.7255507435693,1113.509517009614,0.0,0.0,352.4479529842989,0.21539845997846468,82.37611659793563,99.11352527697875,88.8207130201393,90.08467375956701,83.78608980308567,76.55758073304035,71.99926317539803,77.74121659331192,89.10453131994491,84.22067426224524,84.33232882819104,89.06519936810152,80.36921547776365,15.938388793910995
861,2533.136294485063,2107.601742663184,0.5126126291635102,0.1147861243082055,0.2258671015262588,49,0.0,0.02104835513910511,2.927788836333656,-1.1663493762167951,2533.136294485063,2107.601742663184,1255.2758140460876,0.0,0.0,352.08766570898905,0.2161752503856252,78.8498494441561,95.48397839895583,88.65686759260623,93.5506948523124,62.69008282483669,96.03064963379424,109.10771337016591,100.4427079794369,114.65599593519306,81.34615402428415,101.03194451143078,112.7313520092446,88.18607876105602,32.511744708614685
862,945.0981004662109,2111.0727483577507,0.648287439667611,0.3339489298936549,0.13668280356169152,49,0.0,0.022275640032554115,2.7577280356971126,-1.1013785856910399,945.0981004662109,2111.0727483577507,1169.9121470979496,0.0,0.0,352.7493404748516,0.217623983047231,94.17682226587982,73.73920119633321,80.42807033805934,87.44180909922179,84.60720599080301,93.7300950168374,84.81758856451913,105.86053839719898,82.56903814320924,100.93533460934157,89.60210689854263,87.07074326857094,77.44903427754112,27.484559031891486
863,1004.85935319262,2111.208110806976,0.9328377427896403,-0.08859769114441675,-0.2254139993316749,49,0.0,0.013144363563219899,1.0494688416679856,-0.05242387267828836,1004.85935319262,2111.208110806976,1081.923723189039,0.0,0.0,352.7244404605635,0.2176808129786222,67.30542012633072,92.43714104873358,77.71356991881768,68.85375284066875,87.46638462227833,74.88088777574976,78.42628795823644,75.14789329224946,92.66167431864041,86.77449205432585,88.42270146098757,69.37345511766814,104.58737560249514,17.872687051857206
864,1726.2837592827352,2111.242463583216,0.49208289223973145,0.44177828508720973,0.28940718809200744,49,0.0,0.01603773116383896,2.2550447653655366,-0.8828879189254855,1726.2837592827352,2111.242463583216,1185.4004577237733,0.0,0.0,352.42384842849316,0.21769707750094952,78.94633530294857,96.32971969915275,89.24897947040537,105.15223825756746,89.68510599916004,90.68309491080582,97.54509489322137,96.97001603863859,62.366451546042704,102.14449701473549,88.13020037303653,96.86885295268212,75.23828315417484,16.091588111201496
865,879.8233507520192,2112.1194444023595,0.6540618690554676,0.004055536213559304,0.24918446627953314,49,0.0,0.04190072053283536,5.03846798651872,-1.7557462587009227,879.8233507520192,2112.1194444023595,10513.856393624501,0.0,0.0,352.77653761473425,0.21805957751426377,673.0830217248914,754.1204860845405,756.1840086276014,800.3926897069013,861.5595414981747,748.0377294231472,829.5958350605874,810.9047650605787,873.3240026664814,814.4852389142093,745.6465476671503,802.5838961966317,795.289339598895,248.64929139471207
866,892.2464492696596,2111.6667810678537,0.7633308264507814,-0.22388001936013455,-0.17362467026667305,49,0.0,0.01449931686981966,1.4075091408248823,-0.37112805995751075,892.2464492696596,2111.6667810678537,1347.7698065751515,0.0,0.0,352.7713614616776,0.21787107525523422,84.8832135041041,102.61699134978971,100.30968727650156,110.5370552005197,98.43523005546496,88.55590257632811,126.78164325307998,111.93358433578919,100.7416252549097,99.88752150895749,97.99890542701748,89.01172566834623,111.07654294016494,25.000178224178114
867,861.0490276737277,2116.899650939982,0.747863086431163,-0.2708512748748845,-0.297798467281775,49,0.0,0.018219316366855653,1.818683968835215,-0.6493930965932277,861.0490276737277,2116.899650939982,1263.8333345247322,0.0,0.0,352.7843600322706,0.2200511155549818,87.11958426734577,95.413467747623,85.68509693486794,94.47548198044788,101.2644475512144,99.7319201472348,107.78835888567086,106.0801336788533,88.14887382646748,96.432043133458,84.95682837599577,106.50297996281026,84.63282509016219,25.60129294258053
868,1149.1134499974826,2115.7059820954732,0.27598130690183525,0.17559812833333668,0.328674751818831,49,0.0,0.007028583724381704,1.0366666513716554,-0.0390978197489528,1149.1134499974826,2115.7059820954732,1083.4927846089563,0.0,0.0,352.6643354448279,0.21955575919903453,77.52785946546766,89.82779771331963,69.9192399588529,77.93119444522661,74.33117082705317,80.62019388966392,80.83023393271591,85.31418346523715,94.9297591982911,81.7070190878908,82.8393433279866,82.46807122626973,81.42895353540456,23.81776453557663
869,880.5668766683025,2120.836564651575,0.636803727213107,0.26384797853859504,0.04365990847718159,49,0.0,1.240629292444669,175.60865217458996,-5.611364774072017,880.5668766683025,2120.836564651575,22064.085377837866,0.0,0.0,352.7762278222925,0.22169161621126662,1500.6785862485458,1635.7718132282866,1634.0168142722982,1703.1532020193513,1722.6115085329136,1487.9987449257414,1727.839041043484,1709.0812441181943,1796.6831255296668,1735.9687708710321,1537.472928363923,1700.4491298396051,1701.5122707100581,470.8481981347669
870,1286.0495737982562,2121.180148746697,0.5388114530828605,0.3117216491942022,0.33674483208020456,49,0.0,0.014925031480956249,1.9931002477052777,-0.7488228578027849,1286.0495737982562,2121.180148746697,1163.2296596256415,0.0,0.0,352.6072791557238,0.22183723247554907,108.93475199223288,86.15485916401627,95.63078450460883,84.54235549811062,89.81251302409534,71.31193577000458,89.55626110001617,73.17197247803325,76.28317041428747,84.70338964235866,84.08359710088357,82.64363716235398,106.61322657211518,29.787205202524532
871,1980.858637270783,2123.626685296314,0.49682582662343017,0.3439804862565244,0.3457400153760545,49,0.0,0.02304114459096643,3.346326443492273,-1.3114207633322017,1980.858637270783,2123.626685296314,1359.8570064057737,0.0,0.0,352.31777591700995,0.2228563355032818,86.72391253865658,94.87648126602122,77.61814079584397,119.37732429323088,94.01857092278925,100.12274633751322,105.35157949552803,104.30153212724709,114.2019722402187,113.7016781914048,116.64613043775157,91.74530893710241,109.39419409074424,31.777434731721705
872,2920.3582139324803,2125.9202861878207,0.5750282938987193,-0.9083720293446053,-0.4248649951792639,49,0.0,0.008827397141615234,1.2170577651935206,-0.21327797907850723,2920.3582139324803,2125.9202861878207,1204.294947493679,0.0,393.03231666189527,351.9263341138231,0.22380253238871192,85.98836910812688,8.241770755865796,72.52225705036848,49.26596757333555,63.86071279578702,166.71972104695578,68.775900222916,35.20334654866936,342.8013157874496,63.377997194486724,52.22374157107389,62.22161847409827,108.83064277512352,24.261586589422294
873,2288.341768474429,2134.0439716004935,0.6383631929335841,0.5246372825416866,0.14042124714753343,49,0.0,0.01316093899280832,1.3491380588662516,-0.325140984513137,2288.341768474429,2134.0439716004935,1052.021835136672,0.0,0.0,352.18965988792365,0.22719481760903473,65.18146837808027,78.92529120795248,72.16665054076809,97.12954103421694,78.6238458631619,72.45485798351265,93.75929186556334,87.54301913354445,79.54675781940442,79.03840724210563,67.98237339710829,72.87048790740477,91.06486083845253,15.734981925396369
874,862.7354588221871,2135.117857764429,0.7031952320025636,0.6644972231207071,0.20727524962246477,49,0.0,0.02280397957341449,2.49999122051818,-0.9948462087928905,862.7354588221871,2135.117857764429,1294.6401259758438,0.0,0.0,352.783657376145,0.22764182944226075,106.75522511768992,94.42188782517084,83.77111636795445,107.75298156257911,105.11384614509318,80.8158903777323,78.2982256408315,106.6215964043356,111.87830695484499,87.68434569077309,94.55137736842102,105.17804254924815,107.80247047057628,23.994813500593562
875,2199.715767088024,2134.783490531975,0.5658587946756151,0.22760146759407374,0.10584805053961573,49,0.0,0.22996713953823478,34.51900890881828,-3.845145794982619,2199.715767088024,2134.783490531975,5305.181569335742,0.0,0.0,352.22658659072835,0.22750362817276498,387.5001294753193,384.1658224104711,340.89543207752524,415.6725473640962,391.3365034152215,374.59037310421684,383.07065767222866,430.5819126405511,410.90721816190603,416.7377233795157,398.03620881872683,425.1679261250521,407.43612421662624,139.08299047428548
876,2800.57001866174,2137.1860211073376,0.5866112299146319,0.274212484450652,0.21396249658211253,49,0.0,0.26660856638222324,34.74414840835122,-3.8522041785775762,2800.57001866174,2137.1860211073376,7856.4524128860285,0.0,846.4882842978457,351.976241681644,0.22849812605684308,560.4989560942165,619.3613172674811,535.6400199605196,605.8277511345511,602.7668554331951,545.8718484181298,650.1072121358012,631.6896922390098,592.5039591781054,608.5404146531625,565.172644078116,573.0914901746493,624.6721486448293,140.70810347426146
877,2054.530198673719,2137.1368903344082,0.47448509536470396,-0.5868646070726303,0.10115701463417061,49,0.0,0.011089422550704383,1.582727978344032,-0.49851569894419884,2054.530198673719,2137.1368903344082,1022.8807428712864,0.0,0.0,352.2870797047138,0.22848511109639497,83.46840034643148,57.98743212014337,67.49038936869759,91.91520777384393,83.04468902319965,69.75914109793676,76.33912325772576,80.53176822581025,98.26245871632075,75.80095743578195,67.10935587027869,78.90435646119582,73.03620799866195,19.231255175258674
878,2899.955392690556,2137.9561913499138,0.39812503762541396,-0.08289170097517348,-0.4589375666500815,49,0.0,0.011830391247343065,2.4996718988493862,-0.9947075198096664,2899.955392690556,2137.9561913499138,1175.0182125793779,0.0,561.8846387029894,351.9348345170258,0.22881751030103112,0.0,132.75934511812477,131.95211470453154,96.74940875033084,107.2337849977408,72.1366676046364,62.81539570707761,100.98898158383315,62.30454294942995,132.92653798279446,63.466642629416484,138.23072840387067,61.59554532202016,11.858516825570913
879,843.9769287940511,2142.646425412869,0.2338412894583178,0.3604506316986419,0.2895814507098806,49,0.0,0.009739044533292343,1.66249177958102,-0.5518987663793167,843.9769287940511,2142.646425412869,1091.2149403558037,0.0,0.0,352.79147320366883,0.23077846835229623,78.82785531958424,89.75813290838278,61.209507968483024,91.3060014923374,100.69283734922087,78.75462551229651,85.51667569642817,82.06658868197256,78.87709335644755,84.53841168020229,68.04464123852941,78.14272271524158,83.51886243839408,29.96098399828321
880,695.3686622859391,2144.522514740452,0.5658894816821394,0.3415368163395221,0.17706922477308976,49,0.0,0.14937205329713446,22.657608642114727,-3.388035177726427,695.3686622859391,2144.522514740452,3635.8581258722256,0.0,0.0,352.853391069863,0.23155863629983575,268.0048144666318,283.02941180342873,250.48365461194652,279.211735385435,278.23465270784124,244.9684708482874,277.93459573197265,287.7050696032069,284.55761760528367,282.9046114307249,257.17705419192527,295.12509766227754,271.24655966779125,75.27478015547277
881,1846.4454403282693,2144.953078743668,0.6707134682807767,0.19677491534064923,0.057095855701275205,49,0.0,0.06822920901971262,8.834316619904245,-2.3654324005426153,1846.4454403282693,2144.953078743668,1969.6770155781844,0.0,0.0,352.373781137854,0.2317426807215756,149.98378525846005,146.10791667536648,118.69839488387719,162.10287324114717,147.52068028479462,145.15064251526042,158.47717418601806,149.89382531075344,165.61451059276365,155.9440931129425,117.45372612603542,163.36787921052996,148.25922685828124,41.10228732195454
882,941.6396530919703,2151.3448280257935,0.7610307166395373,-0.23009256329691113,-0.07508865445477278,49,0.0,0.012283069017819481,1.2528489438311334,-0.2447467780134871,941.6396530919703,2151.3448280257935,982.7925430402842,0.0,0.0,352.75078146900483,0.23440354743036007,66.84087370720948,73.16485188977018,71.79875087992653,69.24280232939677,68.008636470893,62.148750942382065,65.30264406558645,73.15051811552104,78.3559362961175,92.49059352981061,73.37461074956805,89.74533132488483,78.18783497718263,20.980407762035092
883,2495.0098181171347,2152.3967963383952,0.6175242196355024,0.01113955087377257,-0.34318076369977996,49,0.0,0.011216089733404114,1.0932366691772712,-0.09678547576016813,2495.0098181171347,2152.3967963383952,1075.1354647890948,0.0,0.0,352.1035510342471,0.23483958248833156,83.8111037282581,72.84618505418726,74.7785213847407,89.50124295485148,81.57651216950364,77.06214856301423,81.2544673370186,74.7309022222042,93.92222591633143,91.68960951904644,62.23767085893268,89.56975679449471,84.24806748267707,17.907050803834423
884,567.6897908559827,2156.741353910849,0.28292991887841396,-0.43315682389168986,-0.6714243202779566,49,0.0,0.008186293280319352,1.0913105621922947,-0.0948708962997657,567.6897908559827,2156.741353910849,1068.8797371257997,0.0,0.0,352.9065879757821,0.23664807926959192,82.40285745135537,84.43795154883725,73.22958949464818,73.71621037886686,87.38514143098084,74.7651109926046,84.99797749509808,74.8681393074992,72.35422004261065,71.45296397545488,94.42540288697879,99.12903806993523,79.01861414604012,16.69651990488974
885,1331.328516561211,2157.6284507601276,0.5479611162261627,-0.1554978704732328,0.20004477310378974,49,0.0,0.012591314035087712,1.4604428700017302,-0.41121143198278853,1331.328516561211,2157.6284507601276,1087.0865706212971,0.0,0.0,352.58841301107634,0.23702391756135638,81.59310581980318,79.63430220458716,79.31844142384524,71.97678956115234,74.85790089862886,69.08191455878656,100.58904620901762,90.24619734116092,80.74890582054977,93.17342843496175,72.29054691290928,84.01281626654297,93.98541674252446,15.577758426827007
886,2543.4897481520065,2161.3508865793688,0.5026992128543719,0.20348579198149447,0.28554569164366705,49,0.0,0.011987122820180645,1.3600464424909124,-0.3338843469791287,2543.4897481520065,2161.3508865793688,1173.54100494455,0.0,0.0,352.08335195612716,0.2385697514826539,93.58753455536738,88.84121734132185,80.0031715887169,97.70149236194229,94.59336568353072,75.29054276141704,98.20574861625835,86.70468504277028,91.1932767262592,70.70717229774074,85.71437648928088,102.85122603323353,81.82546550142263,26.321729945288162
887,1818.6591231713242,2170.5556878050907,0.5631229173640883,0.4094438144736141,0.24930180439229313,49,0.0,1.2683982148458925,188.16469355657432,-5.68634534379594,1818.6591231713242,2170.5556878050907,26742.462081035817,0.0,0.0,352.3853587395024,0.24241032487578448,1835.3464207784966,2030.8166121751383,1876.6307374181265,2046.0536514654304,2052.6510352928776,1889.7495001375166,2101.832895874413,2175.560252073871,2036.8132641272596,2089.7549506057353,1935.8565918073778,2098.4039050421347,2040.0154530416594,532.9768111957816
888,1373.812156663035,2174.14510946659,0.543480770831081,0.25631083434433866,0.13516767382759315,49,0.0,0.040166556174999535,5.491275511898486,-1.8491830849133524,1373.812156663035,2174.14510946659,1745.1137830710725,0.0,0.0,352.57071154683604,0.24390586501932784,114.93727146776156,125.83298155756752,114.02465274560252,134.35189951804892,157.36969371841613,113.22673534520874,134.24593179686053,135.3968854671429,146.55236323942904,126.65300114426091,117.67137020599894,134.9540432095327,148.34602755682312,41.550926098419055
889,1626.6792981808371,2178.297952597126,0.5295127901207458,-0.20502323935198757,-0.2064638845869594,49,0.0,0.008828336422034936,1.0557381473139777,-0.05889053583902279,1626.6792981808371,2178.297952597126,918.4011139390416,0.0,0.0,352.4653502856498,0.24563651295901248,61.33244657776581,65.72286309767858,59.48156441596782,83.876845699701,70.98800435712751,50.253730837152304,73.6476895449296,51.30976451158544,74.26263211922435,69.72468257911565,79.35199258936913,72.4984286203418,86.2521433153845,19.698325673698086
890,2000.0472578280612,2178.004801544244,0.6221369911211274,0.2790763224294898,0.2729678442693542,49,0.0,0.08807202102755239,12.179885243771295,-2.7141079912200414,2000.0472578280612,2178.004801544244,2423.787176105785,0.0,0.0,352.30978071451204,0.2455133369408633,166.4205965772486,184.0594006312687,146.02546151481366,155.1028468281549,192.82006588278935,188.70004717673817,178.24447192376192,191.19696072948466,181.6093564668501,192.45066132764748,195.87881107975102,206.88736361023632,197.60436408486856,46.78676827217146
891,868.0015406278598,2180.194098694282,0.7906054498076729,0.2950530704301101,0.03241427102665252,49,0.0,0.0368426322516902,4.148015774408752,-1.5446009982255182,868.0015406278598,2180.194098694282,1343.3440661698844,0.0,0.0,352.78146324590205,0.2464230681487957,102.81898953120358,116.42043065497485,85.81639191929126,109.5721694612534,107.36203158831984,102.24862711379225,95.82016083502069,96.28438775572987,93.93993852028896,94.12186923280379,95.31623860731514,112.13784198916133,103.73164842112055,27.75334053960887
892,259.77657729157,2183.6984789669923,0.3300444628965827,-0.02933263058275504,-0.11114241645065966,49,0.0,0.0614450497238106,10.184492692787325,-2.519848502287369,259.77657729157,2183.6984789669923,3073.0207441121074,0.0,1941.776655317434,353.03487559322343,0.24787491520585106,249.05679291573642,236.6109159657626,220.83346718796273,230.11634787494603,213.52783781624157,211.97880000991535,239.0786952684583,234.21053760092445,238.67013848781988,255.01045648318131,225.0825118984282,206.20978457481704,250.44632215078036,62.18813587713264
893,1125.4611626106557,2184.639487188585,0.5733107179076972,0.06563459868534105,0.09182145690339792,49,0.0,0.10605651064883709,15.661520158210797,-2.9870847845157193,1125.4611626106557,2184.639487188585,2790.021821172214,0.0,0.0,352.6741904643727,0.2482772948616051,194.79367890402466,223.32645914345056,218.00431123381682,230.62133860824812,194.71911644774056,200.3387140381229,211.3724834100467,204.91168196385712,191.51706683596365,212.17120567047039,204.99307966518774,230.9669285316243,228.2397133221686,44.04604339749169
894,813.230716635285,2185.9164031322175,0.6988462550558721,0.27980350887430183,0.1806317983549951,49,0.0,0.07950069543449269,10.230139464197059,-2.5247038858733495,813.230716635285,2185.9164031322175,2043.6581108391842,0.0,0.0,352.80428373485023,0.24880673743528736,162.20482971713022,157.0760776981008,148.89885995919923,147.21855652988472,137.70146047338582,139.6527702936983,142.53964458796608,154.88810614246069,176.49553536579248,156.81563237010786,128.05240360642682,164.23638605066049,187.86227937820308,40.015568666167916
895,2361.0658141511235,2186.9448231488136,0.7459277669262305,-0.6699827798701327,-0.02381931596751098,49,0.0,0.02431959207616062,2.1145315746413473,-0.8130354362754278,2361.0658141511235,2186.9448231488136,1656.7666815455545,0.0,0.0,352.15935902283144,0.24923550335975522,127.8827442664201,127.06661561836427,107.61379637395214,128.7747077921713,134.1346516578012,118.25034708363803,126.39108944227976,124.32266367213884,126.51033632143162,109.70125883413309,126.46382425169122,135.32261449064032,130.24512119757603,34.08691054331659
896,1607.0195038683082,2190.6586006145994,0.5715905992721165,0.47248030056269313,0.4104252429827559,49,0.0,0.03568826902899794,4.505297371178353,-1.6343086544362024,1607.0195038683082,2190.6586006145994,1722.2497557092793,0.0,0.0,352.4735418694295,0.2507866942469737,109.7579848637888,130.7405419493538,122.96790806164256,140.0696378572324,133.50367444388525,114.42473611431757,116.02240129370148,132.66832710982675,130.70655949632396,140.88145590528586,125.15677664309723,142.07803826951397,148.1766337998917,35.09507990141787
897,2918.244653412511,2190.8948689095864,0.40527194926263055,-0.35749596428821434,-0.03186463598195887,49,0.0,0.005737569519951035,1.03558834001225,-0.03796787985888569,2918.244653412511,2190.8948689095864,753.2573440614933,0.0,114.03398878865445,351.9272146612012,0.25087361910837225,0.0,0.0,0.0,22.84961122103316,50.64246735475591,181.28936227843488,23.207156573902072,30.137290748067784,53.5772438925698,126.07525754131568,59.276730548264496,87.3922734490965,81.41841999779393,37.39153045625906
898,344.8624067732771,2193.3004228099326,0.5268096371894965,-0.01042884436997815,0.032807769129731594,49,0.0,0.13074763076445825,18.610892012857132,-3.1744179729904873,344.8624067732771,2193.3004228099326,4104.832492159061,0.0,0.0,352.99942631500215,0.251876933033002,287.8429622957852,307.41217222270853,315.6441836230017,300.2351121732927,341.4784972987062,276.5243271950968,324.55121023990216,313.19691820753803,296.5171467216513,316.6331730689528,294.7508659851913,326.4344039971061,315.48396734580035,88.12755178432738
899,2718.0335579086063,2192.6637676404803,0.4391252485524451,0.44277864023593466,0.26824177103573066,49,0.0,0.031011044871861702,4.522977074764141,-1.6385609661983902,2718.0335579086063,2192.6637676404803,1695.230516003399,0.0,0.0,352.01062942609076,0.2516138564104982,142.62423096929717,121.83062720527074,120.02219058002919,163.89085685606514,119.59870806745624,112.2202900018911,148.30577360829358,113.07610052400847,114.23738327296658,145.97566450349572,122.86657228156808,117.93117909824205,123.8561757866166,28.794763248198226
900,2867.9394100189634,2193.6887337659437,0.8264788134419541,0.7365896974852427,-0.3480251820144758,49,0.0,0.016113077048358855,1.7953758485335858,-0.63538844685074,2867.9394100189634,2193.6887337659437,1725.6611898922574,0.0,641.5427995249563,351.94817333398015,0.2520385210816099,60.731747070151094,59.818853000551314,166.12351077115338,157.6642962467617,91.39509426932449,116.76544735905813,134.18086312548934,413.84224141671325,77.0792640165787,74.66156360339892,77.28180041485521,167.92535264796248,112.83226105649734,15.358894893761924
901,529.9407218699586,2196.810569052924,0.49026615370788174,0.03030053725860239,0.19162266937174094,49,0.0,0.01345515060216677,1.7987660779470909,-0.6374367220628292,529.9407218699586,2196.810569052924,1171.120797739981,0.0,0.0,352.92231585103394,0.253342289510579,83.05335067920281,82.46708382862762,81.87160625639524,92.32541877641943,78.13775240242808,81.86547084737106,87.97338073389368,96.97057643064525,106.79411474638687,96.38748582135867,91.09817065498774,79.00984302981163,80.95552715865657,32.21101637379651
902,295.5097994768563,2201.26350518733,0.4269575527476055,0.14257591712267925,0.10494994044288544,49,0.0,0.024915164902653067,3.56161815839655,-1.3791183921201093,295.5097994768563,2201.26350518733,1596.4171209931694,0.0,456.4754631492208,353.0199881289914,0.25519383054084344,107.9672744350991,127.56375974421317,118.25528851825932,121.23555302651857,117.19709551063033,107.83746337706275,112.3499328853918,128.33046057064374,118.57873880929814,142.0553928371384,99.88938106734734,138.9467427789468,124.32507858023018,31.884958852389833
903,2148.597898593309,2202.963754092766,0.640886176426868,0.2663242438692557,0.2895823384180628,49,0.0,0.038290366549347574,5.011893547429048,-1.7500045950235936,2148.597898593309,2202.963754092766,1521.3214207515791,0.0,0.0,352.2478853291601,0.25591171256059536,118.41128701174372,122.75817851433607,107.218500460058,101.9547990666344,112.24134858690945,83.81571827887177,136.8033432686925,130.47939437036564,108.04941753512836,124.82755281898575,123.8649653143112,113.11563889342108,112.54922276843433,25.232053863686723
904,2876.882602122059,2204.145347848458,0.4029217246549565,-0.05255053957797091,-0.361926023600235,49,0.0,0.016258076817658694,3.5132288688474973,-1.3642661069308837,2876.882602122059,2204.145347848458,1487.085549871518,0.0,448.28614614795464,351.94444731788246,0.2563950218321843,94.87514534153297,63.24655598394018,117.0961423263687,106.33998872093227,232.31839529013234,85.11558817069287,63.6179193375457,36.63367742244692,42.20796859959448,129.97926385704423,45.38845796139942,60.8482917770874,389.9957168385929,19.422438244207633
905,1852.1301424173287,2208.49578683088,0.6007734808148256,0.3129325618973561,0.32709528835801194,49,0.0,0.08129446807358859,11.37704897425611,-2.6400740689443496,1852.1301424173287,2208.49578683088,2397.3279074875904,0.0,0.0,352.37141251479443,0.2582182820583067,162.34384032185187,180.79078824777645,150.13641242407198,181.5748684104085,175.5796538696545,146.24443173862306,198.47961620622448,189.398073946476,190.72054321779044,199.10482887398462,194.52540694464616,190.3933149939163,187.40585368416455,50.630274608001656
906,1355.354213225759,2210.7612129038944,0.8768020948618437,0.14850971733483942,0.21420329437161983,49,0.0,0.04776677948090739,5.078480392174492,-1.7643344499906748,1355.354213225759,2210.7612129038944,1472.6489514894452,0.0,0.0,352.5784023390392,0.2591622115614028,100.16533065709905,103.47912740725205,97.70349564375329,105.76442235046487,113.84558701415801,114.94245206578842,116.13293457949337,125.75779882145855,119.05293378102209,105.43849183123137,91.05172728729278,127.90650761279758,105.48369218492401,45.924450252709676
907,485.5929941109685,2212.582561279368,0.5277896643333421,0.18750467876034274,0.14971613488892832,49,0.0,0.024650812582182408,3.1796841790586154,-1.255959964974026,485.5929941109685,2212.582561279368,1460.8571029739066,0.0,0.0,352.94079291543125,0.25991296086429594,105.7594208799049,101.75077451171619,84.91700092331679,105.28953353096918,106.48911338452207,96.74942353316763,115.56140114096769,115.6603614054768,114.61401920560898,119.65673777869368,111.66161113526479,119.54311147389802,122.26447620042462,40.940117869975325
908,1431.2166271076142,2213.1799850583498,0.8048580116747885,0.3424383267681648,0.3309395397766342,49,0.0,0.01245643658933565,1.1358208621836756,-0.13827460330574323,1431.2166271076142,2213.1799850583498,995.4010456633367,0.0,0.0,352.5467930605222,0.2601702280499871,75.8427228784295,84.75364120935245,60.274898811817316,77.5534468609076,75.8224282828068,68.12249576466084,76.64522884437733,68.4799023080665,69.43677727662529,83.22930834555022,73.09373733903277,88.5219354361843,71.73038486521759,21.894137440308242
909,872.7914064392209,2217.8688105494666,0.22514175931652797,-0.8953786938495609,0.1469412355748638,49,0.0,0.006885010248759971,1.118496745719385,-0.12158681212281555,872.7914064392209,2217.8688105494666,1125.894617955932,0.0,0.0,352.779467531104,0.26212039303530793,85.81642940048387,97.42944504065679,66.05761186218152,104.86686671272189,96.77871419472054,68.90862087150674,75.83512424808058,89.30192464384817,78.771071030253,77.12227523567931,83.22789616945984,95.3428645297337,90.14465970831412,16.29111430829204
910,461.857078538853,2218.173808957873,0.4117323203020306,-0.16663247715705318,0.530894180130028,49,0.0,0.011191456286673507,1.2343037305115185,-0.2285551039719027,461.857078538853,2218.173808957873,1288.674816379365,0.0,0.0,352.9506822216594,0.26224215336336243,97.40922458741674,77.31086148269848,84.5515816870189,106.46800780599142,91.56855202189284,94.34260710375953,112.48120019524555,97.02248124720548,109.71770957568634,89.26222666989591,88.27959380894131,110.18398710017932,104.29219573133824,25.784587362094975
911,626.2239133824929,2217.4278575678118,0.5726670910282583,0.15069683438342388,0.023673663465786993,49,0.0,0.040795421112765,5.506782989715197,-1.8522449055548482,626.2239133824929,2217.4278575678118,1907.3600647676494,0.0,0.0,352.8822000641213,0.26193376243574334,128.7532159318124,145.28083479521484,122.05568539326202,163.10282539643674,144.1973148203109,140.96658566595875,149.598987358135,145.00928360216116,149.27717081616248,141.33178059699458,145.75934614393177,152.53380175611022,146.12230379298347,33.37092869817499
912,1264.7861163644418,2218.7857299406555,0.24731821244473443,0.14960175150434196,0.6145912262220408,49,0.0,0.008494746496785121,1.2934748083942738,-0.2793949371310279,1264.7861163644418,2218.7857299406555,1063.1898362316767,0.0,0.0,352.6161388914881,0.2625053231362434,89.42195777766432,79.06458233337855,60.36153106043422,83.61640766218895,93.74433025800467,70.47462537638016,85.47962723355428,97.79797538571052,62.35588868688849,72.74093510011434,87.59527348217037,79.98669700828086,72.38706367435861,28.162941192548317
913,2290.7972278529546,2218.2823812791444,0.8275144181526954,-0.16443333689897197,-0.07639570465969223,49,0.0,0.01222586890431949,1.0836834154732335,-0.08725606760417057,2290.7972278529546,2218.2823812791444,1002.5400094487375,0.0,0.0,352.1886367901634,0.26229307620390385,67.60460131960058,80.33677764440841,67.96435360545718,74.8772523638314,84.72455576041499,59.52917668123821,84.93143382642386,73.90230947246562,82.60646963248317,68.35968563533362,70.94987168481777,82.81644057238772,83.39036325489496,20.546717994980014
914,1009.5280206895276,2221.5320218696693,0.2572365931708952,0.2803960248253899,0.29497266275322337,49,0.0,0.008418277363840557,1.2566389108837661,-0.24802625797963124,1009.5280206895276,2221.5320218696693,1120.3428410402253,0.0,0.0,352.72249523488574,0.26364793576234746,83.58399882124,95.14364579540887,77.62730437552612,87.28651897129899,91.38543741220496,59.41791784623621,82.60610159746469,91.79667610477821,94.30309394976408,94.81539329841112,75.28791192287241,79.28688931006023,85.3688041042657,22.43314753069354
915,2717.3300163332706,2222.170576396955,0.8803123277506621,0.7746992050080264,-0.05042839876488176,49,0.0,0.01422439922887325,1.317715964878343,-0.29955451923434084,2717.3300163332706,2222.170576396955,1072.6339704171314,0.0,0.7463586683349142,352.0109225406554,0.263907725523339,55.647509663206385,74.9752423413793,90.51404272134806,79.62774417532813,79.28509349694178,66.83790994847138,61.24326814171272,95.70590243241438,96.87442124429063,95.51743727171124,84.99080663616958,81.2455836873955,75.83109881876075,34.337909838001515
916,1995.2241081836216,2225.3778528759735,0.5355949883159927,0.24764149365358099,0.12414817929987523,49,0.0,0.013367555858534943,1.4436379974891258,-0.3986457611264022,1995.2241081836216,2225.3778528759735,1194.7035196816803,0.0,0.0,352.31179033932796,0.26525167440136377,81.28480374836266,90.5818632395907,75.20959634180232,84.84775923818086,93.85149283129763,77.3817115746109,85.71101295220492,102.72518508502938,86.9761414660613,112.74658833585673,87.94151463608193,94.1970127018303,99.3923046160914,21.85653291467923
917,1227.5662911615323,2225.6423776651714,0.4516761051178635,0.5295703473837733,0.07761960825929026,49,0.0,0.010876824510723694,1.4877168073971831,-0.43130067364009145,1227.5662911615323,2225.6423776651714,1060.4389573898195,0.0,0.0,352.63164705559603,0.2653620077045203,57.41904828393953,91.27093233421178,91.90836012102471,77.62845525235228,87.80337640403846,69.81281482197124,86.92943822775564,79.59048757105313,81.97850115779377,74.40955235735521,83.56921539605464,83.03222311224255,73.89198118209075,21.19457116793577
918,1720.5008979347595,2226.256462011929,0.37696595803556415,0.08036123964574829,0.23906487640316565,49,0.0,0.018200338986282583,3.0776037965127543,-1.220531772605101,1720.5008979347595,2226.256462011929,1286.3732569008916,0.0,0.0,352.42625794933406,0.2656187456315021,92.85030282643379,116.1664215073508,81.76247453777833,102.72420765225544,97.23447819977076,75.02070134727167,87.2421966965154,107.76943665860742,97.65642300065994,103.20860038661884,94.7609448805924,101.12665071227542,103.4956065245671,25.35481197019446
919,1942.3663005986007,2227.9732806636302,0.32256722849149655,0.42286736951286613,0.034480066678780216,49,0.0,0.010255068828453421,1.295406290305262,-0.2810150039851911,1942.3663005986007,2227.9732806636302,1146.850612401931,0.0,0.0,352.3338142759545,0.2663333499584242,58.61772161766561,100.24829576499715,86.63387749480198,93.97260090734406,92.51354207912809,67.52057293738176,102.01164034671655,75.35458067397515,85.87904911607424,88.90295958861583,84.73557164755232,87.1251999472762,101.81402083261642,21.52097944778535
920,949.0093424334485,2235.515658786705,0.5760083003861655,0.33126719575433644,0.34690640324395267,49,0.0,0.016603197675169393,2.1164587151878282,-0.8140245032618014,949.0093424334485,2235.515658786705,1088.3453875896498,0.0,0.0,352.74771084793684,0.26947374003729746,87.29330299169324,93.66290282780318,75.05650364686016,75.78736821847804,81.53804196986188,68.3548114705889,83.00062200232627,75.50908363457702,90.81061983835015,94.00601162317473,87.4255168477351,80.44452170510782,73.60396456355596,21.85211624953745
921,1478.472256795612,2241.3701162873963,0.6493354832921678,0.3692907706847701,0.11160290142124092,49,0.0,0.05421026361708007,7.219297569684139,-2.1462373580339626,1478.472256795612,2241.3701162873963,1761.6087008030427,0.0,0.0,352.52710323043647,0.2719159620754909,125.80522750686785,137.7396999016671,113.39203778149019,138.97931788556008,136.7392431804382,115.74441434616477,139.2570159706852,135.09230900507038,145.57731692656554,111.04114430368185,112.72796545544807,155.96617954107128,153.02265820432592,40.524170794006324
922,2838.54240513409,2242.407325664346,0.6814612777281799,0.47687727594465096,-0.15165395313013066,49,0.0,0.01798102921591309,2.363980253096797,-0.9341096111417899,2838.54240513409,2242.407325664346,1637.2007812356123,0.0,693.0754433684685,351.9604210584204,0.27233719295097464,169.47294656379256,174.24149425804626,271.55582802297806,93.74129121818041,61.43334340367018,62.16764488039199,111.467707753671,68.15758790953396,114.40262929833625,198.47447859464282,70.14538980210892,104.2968574800459,120.68950427503144,16.954077775182554
923,415.7471004491045,2243.018230446217,0.2552475880921132,0.3136221161787049,0.1514680312804962,49,0.0,0.011879747284889226,1.718263511798039,-0.587724419320133,415.7471004491045,2243.018230446217,1287.456108846014,0.0,0.0,352.9698933562847,0.27259265128096805,85.9949836501247,92.45391826876342,104.54333633974211,94.77286637234037,112.49762096641882,84.00096417460287,98.50502652111854,108.03385851349577,95.96979255284643,106.9511275141015,87.83587498532648,94.42680690226484,94.65848286105488,26.811449223813327
924,1254.918263364509,2245.0694144836066,0.6828013689404215,0.9449904615859469,0.10449858832693273,49,0.0,0.013946347227576457,1.4911457839380493,-0.4338002623293251,1254.918263364509,2245.0694144836066,1043.306141413635,0.0,0.0,352.62025047561167,0.2734565461710078,81.41731793136526,86.63915181987392,76.08754505946474,84.59621039308144,93.59006874755626,63.86602305202748,61.007771356146385,80.96010663861578,81.14068885025995,71.39307608636673,73.24958960650912,82.19145374027067,85.16643128098437,22.000706851113094
925,834.2695257188841,2254.663185890472,0.5024671812505042,0.40097863779256443,0.28248267171171176,49,0.0,0.04079020434207744,6.3576240669299215,-2.00823711010887,834.2695257188841,2254.663185890472,1827.8588215848267,0.0,0.0,352.79551785451736,0.2774504181099548,140.8215236252547,131.78070438898754,128.0288315821176,130.69608509335876,140.432879117919,130.1779921622277,141.6332319407341,135.65816148355432,149.99615570920128,160.175155675704,126.76405719034346,140.4070501838166,129.38631698814942,41.90067644345834
926,874.8165298044424,2258.968639695675,0.3357791091848072,0.13742228232814002,0.5210381294920818,49,0.0,0.009639588332783942,1.2453047277493512,-0.23818909220714568,874.8165298044424,2258.968639695675,1026.9820182590765,0.0,0.0,352.77862376065144,0.27924473513508175,67.92377500811449,85.46495122598286,78.59764889222805,88.45686141612339,70.51644915731657,66.80042982584365,82.26680335544427,92.1572140374928,60.495062742069656,69.99048766307031,73.8669869087763,90.14042604200243,78.73012044690694,21.57480153770482
927,2845.808677054004,2261.191461339251,0.965135239524529,-0.18053150165055612,0.17497823410975563,49,0.0,0.013925216205579802,1.3135537448003614,-0.2961196172298798,2845.808677054004,2261.191461339251,1526.4370852923234,0.0,563.2944077269431,351.957393684696,0.2801632897210344,8.394159190044165,45.90616211902119,94.5945031111927,91.80250799004844,220.65835278411092,118.23349882814458,94.00743150585934,139.23152721692315,238.6782726100499,98.74471586009446,148.9150559015332,91.95184703533043,118.33169274159954,16.98735839837178
928,1188.4017488693019,2269.637782206397,0.27858476174515373,-0.08412994811169018,0.2288872198500578,49,0.0,0.009940993181955194,1.5405153108956742,-0.46916504761659267,1188.4017488693019,2269.637782206397,1202.0660615075112,0.0,0.0,352.64796549288957,0.28369272207349,91.68623621040308,100.50063586331419,69.28170662592501,94.3665979710895,96.78113208964636,87.38801963791873,96.27949182686973,98.8576184982905,90.13060803118333,88.51931647011183,91.11240051962682,85.1350779018538,94.61629484117111,17.410925020107214
929,2558.3653354975168,2270.732478349028,0.7367942126703194,0.270440044602646,-0.09302830833226856,49,0.0,0.01654344477159514,1.5206167765988339,-0.4550494441090907,2558.3653354975168,2270.732478349028,1293.3398270439345,0.0,0.0,352.0771540615552,0.2841432151276198,98.29218344838011,102.40188179574477,89.04313452060214,90.35115402407095,120.96522475532728,102.08195828803686,97.36366645305696,87.86902587834065,89.51399337008618,89.00403621612186,94.17210006083202,96.74376169207305,109.77773286772863,25.759973673533132
930,2727.4750533000383,2271.288258486767,0.5189755841927257,0.21053700751585872,0.27806723731197797,49,0.0,0.08814723299284807,11.637453365654851,-2.6646448841508668,2727.4750533000383,2271.288258486767,3619.2171499129827,0.0,191.8748337783996,352.0066957073208,0.2843721281160071,244.955219907348,255.74346536312203,248.55170175765033,297.3132070069066,291.19592864727275,276.9944769337297,296.13746246345113,284.7640907936641,259.42169371719996,271.7169349379525,247.18382312927207,281.1629058375504,292.1789858422661,71.8972535755974
931,936.1019799304003,2271.23778537596,0.6379526541779543,0.5046383530516763,-0.01865847085989301,49,0.0,0.019352918135463144,1.7387748858583936,-0.6006083969878706,936.1019799304003,2271.23778537596,1494.9472096116262,0.0,0.0,352.75308880079757,0.28435732911174905,94.39138233773126,116.36900569846318,113.96182795673812,125.46618994282491,111.73712627027246,107.8576632652476,128.33858671501238,104.62980358471282,109.80029638787823,123.33029720164666,106.328782708017,108.64385303226743,103.82921529731294,40.263179213501324
932,1995.2599451235264,2273.78049373104,0.5880668720038232,0.1097209165456035,0.3894785257605965,49,0.0,0.011066544781652216,1.070502892724306,-0.07396961296803078,1995.2599451235264,2273.78049373104,1120.2295386661929,0.0,0.0,352.3117754024468,0.2854189085782302,78.21367804997877,105.73367359047396,75.37858654028125,83.88132999068947,88.39123350050136,81.1360693947507,83.88469173445878,73.9834196669157,86.65479228489676,104.57520853204363,66.08332635148122,99.18374462503515,62.63081739325014,30.498967011436022
933,2058.9351453599193,2273.2106959203866,0.5473664780564313,-0.059679118370300516,0.2965720070092509,49,0.0,0.008493894196336935,1.1295133696613018,-0.13222843970307085,2058.9351453599193,2273.2106959203866,1060.8072482615473,0.0,0.0,352.28524431371915,0.2851810898217012,69.65243488108189,67.90383231690535,83.87269471670852,74.6914677825826,75.31803260779127,75.92640268249541,62.47472716856196,88.87552821481805,83.54576962172779,100.16045847428248,71.29624834636753,79.56897733597683,104.87681721379872,22.643856898448956
934,1307.6365254523648,2277.928559900205,0.7761250492465936,0.17502171702235883,0.31508424659576534,49,0.0,0.05468967915447973,6.302433302492083,-1.9987706457827845,1307.6365254523648,2277.928559900205,1822.6239381289595,0.0,0.0,352.59828464534377,0.28714775266641923,125.01834202795393,143.63836122023247,124.15530292556727,140.0031594454131,151.2685573555196,109.52752941475484,137.2018864846335,153.51794623395875,142.35129023347406,151.89594522668918,122.33234496138459,146.77312639227182,134.0799816714696,40.860164535636684
935,1846.9031951899588,2280.33248988205,0.6298702287211684,0.4863562788427915,0.3432275807264456,49,0.0,0.011750673920786834,1.021941741434854,-0.02356534591909394,1846.9031951899588,2280.33248988205,1273.2913999582252,0.0,0.0,352.3735903985833,0.28814955438845224,97.4202066034961,98.6361355492052,90.16553543080016,95.00988140191711,79.58268185696951,87.6346023154945,115.38609431192629,92.93235557036195,89.9129856221608,98.87023079533694,79.61419338899915,104.51332949201783,106.81654405303698,36.79662356650255
936,377.0043939680702,2281.2261836516423,0.5042158533321066,0.11645670111155887,0.18168196016297786,49,0.0,3.3800361476434206,470.41495462129626,-6.681202799072588,377.0043939680702,2281.2261836516423,105448.32052673862,0.0,0.0,352.9860349314095,0.28851096060177694,7286.88036302645,8087.870673727585,7481.209744660301,8106.695068299981,8255.114981461005,7524.700789572347,8237.262872029827,8090.639066987143,8186.107409345465,8240.347036229283,7609.465017830353,8114.108071648348,8193.788204576136,2034.1312273443689
937,2060.5237915277976,2281.0747566777454,0.4509977599298453,0.5171082001810478,0.2588693660241279,49,0.0,0.012368146320758349,1.5679285264995857,-0.48831565407527744,2060.5237915277976,2281.0747566777454,1282.9236159496056,0.0,0.0,352.28458238398434,0.2884576731290306,70.25028731858531,85.00915909153716,99.47842942825571,96.64386564258487,104.12762854877951,81.65828272876689,99.90806168193555,99.60732586561183,100.89053088602368,111.09738766694076,77.57992738288848,113.69407620502767,119.45190442611671,23.52674907655162
938,1699.2314866229685,2285.1248291050683,0.30237648041534976,-0.32728873409638515,0.04432088075725383,49,0.0,0.045713570605648464,4.044439286895901,-1.5171458009730432,1699.2314866229685,2285.1248291050683,5224.271929081058,0.0,0.0,352.4351202003944,0.2901467010617844,354.83990259835207,358.33107108021835,380.8323891838997,398.4303581719563,418.9127631772285,349.4173250194024,428.76507459642824,416.57811526377566,405.5478359556213,391.3588697552358,369.0819698320957,462.458846534618,393.673030336347,96.0443775758788
939,1335.2102594860262,2286.165395292237,0.650596413948615,0.37594295711861686,0.15571426153501705,49,0.0,0.09055473781768471,11.994810757588809,-2.697483501209134,1335.2102594860262,2286.165395292237,2420.2066455833306,0.0,0.0,352.58679563255055,0.29057979357411196,163.13079698855947,182.6147348885816,166.18588087759474,185.68093372735413,184.96331372452516,167.01873815539196,206.00470924976418,194.77571136483363,179.1979004520274,198.97539421254197,171.73709633312322,189.17774966029415,185.79578397289603,44.947901975842996
940,2064.766417384043,2287.237779876872,0.4380813541249568,-0.03486544656410069,0.2789523390483834,49,0.0,0.013910381227095077,2.1165602946300512,-0.8140766119236553,2064.766417384043,2287.237779876872,1248.50643904243,0.0,0.0,352.28281464168515,0.29102549144531054,81.67801011513188,84.09366511253074,100.27314999690594,107.25239490140491,99.5332364683018,82.28117977002381,97.23287816328529,82.76432919486851,92.39325822939047,101.48154131980863,80.44882564083161,105.15914389496476,114.73313488234876,19.18169135263279
941,2799.9890887337915,2291.213738051433,0.6093552074932249,0.5250002501373301,0.2811017179081701,49,0.0,0.02022899866532444,2.0370091691597545,-0.7724824597200013,2799.9890887337915,2291.213738051433,1756.8765029552294,0.0,1334.6157769780298,351.97648366967337,0.2926726235315389,222.43933799147618,184.70821985624906,106.09838494875717,112.4037751672718,100.00452918912623,104.25438142239213,126.68727120019156,122.09761304369148,116.28692565147932,132.57505599485052,108.82053259614553,136.33146948147382,152.45696351736427,31.712042894760152
942,511.037011438442,2292.41114142593,0.2420346237089965,-0.3217486168064977,0.037093373663097166,49,0.0,0.011131710701283883,2.0689374288161058,-0.7893683910785393,511.037011438442,2292.41114142593,1182.5431671495562,0.0,0.0,352.9301919410587,0.29317346219902213,63.72318325575154,80.72212151726235,84.87812923899232,91.23713232698596,95.96734907265827,89.92352234410885,84.7073318893425,111.42716352023731,97.01897819346547,96.32307584242899,74.552111805615,85.40998046241282,103.9119678188545,22.741119861440378
943,1073.340804207248,2293.520770909137,0.504794393004612,0.32998433220148465,0.23858193076808637,49,0.0,0.035385009394502204,5.366731587550774,-1.8242746874161169,1073.340804207248,2293.520770909137,1483.834679810604,0.0,0.0,352.69590701452097,0.29364283942596003,105.3744210300881,102.87954497557706,113.62579730001019,134.99423138515016,127.74116859969848,95.25492860143453,107.41347145951495,86.96657100109864,105.65690044246804,122.33826604189093,108.94124870570678,123.38716867799451,125.05828108786702,24.202680502104673
944,1112.1823515993215,2294.6276001950737,0.26886616982452727,0.16501161384927246,0.22407177705792586,49,0.0,0.009808097664129765,1.3053430554842216,-0.28931165758520694,1112.1823515993215,2294.6276001950737,1115.5702934239907,0.0,0.0,352.67972325031394,0.2941043099047913,92.36452535902538,88.74955879384503,79.62589288461456,83.54827850271931,87.76929358456657,63.230275635466135,73.55998128212929,92.18871981973146,88.74684968768176,75.0818221152935,78.19350651913452,87.2301388758504,101.83430034149609,23.44715002243656
945,2504.9056363757027,2293.7160760628963,0.523179102720396,0.6092004805748683,0.4305884140566842,49,0.0,0.04377422043508888,6.308827146943346,-1.9998715712661594,2504.9056363757027,2293.7160760628963,1790.5654896644041,0.0,0.0,352.0994279185783,0.2937200196488122,125.63592914011241,142.58643073049504,131.1772968243195,161.73209938229002,119.2596808854884,132.10481661016888,146.83227893770623,143.60628368248177,149.09126305974405,126.00391578028822,132.06678916583934,135.29198593878024,111.58418948109576,33.59253004559439
946,1667.1226634007946,2294.8534736090837,0.5955568705583556,0.24285566750518092,0.15601291680569057,49,0.0,0.22462094905754745,33.033014762288865,-3.7973705286031962,1667.1226634007946,2294.8534736090837,4830.133392731688,0.0,0.0,352.4484988774044,0.29420024128446615,354.4273140320836,383.7704698341464,333.35881265878413,364.9619092133356,359.57780365694214,344.5484835736467,370.83531793162683,347.38195114811225,382.1012177156908,402.13964515147836,341.45328849725956,399.79276785474474,376.80784893996133,68.97656252387534
947,1095.0507501251595,2296.8402417005345,0.5723324003541708,-0.07745550515427911,0.1962942758766099,49,0.0,0.01587970850042879,1.838577883494135,-0.6612050790603559,1095.0507501251595,2296.8402417005345,1145.9579058971926,0.0,0.0,352.6868613277737,0.29502608167648414,73.95322116597774,95.11177036886886,79.46564503651935,94.17161206351899,79.81253376424877,80.62743788817903,86.8317271556827,80.09939033175439,83.62904783962904,93.19829762182623,81.61421297066454,90.6066283352696,100.96806974479554,25.86831161025802
948,1447.3493614237864,2297.330185095829,0.39371418299766897,-0.007570232552483643,0.10583849795595078,49,0.0,0.01088544363130487,1.7039256475865083,-0.5786265999801566,1447.3493614237864,2297.330185095829,1040.461819585128,0.0,0.0,352.5400710978897,0.29523202942405535,82.2578459889186,64.74615905576621,77.1868144043645,65.04812773621143,85.64470048227237,83.05016839038498,87.16442679607673,59.81589145527313,75.95221663003048,77.18778160024137,81.10706472882266,86.96571957735534,93.52775326556376,20.807149473846575
949,1869.3589871232,2303.9444860856174,0.5473153947131294,0.35635753630021527,0.20959554238695063,49,0.0,8.868897311898976,1290.456625385254,-7.7768585292272,1869.3589871232,2303.9444860856174,210196.1363761677,0.0,0.0,352.36423384585277,0.29798753026661684,14320.17715183322,16009.851372760344,14826.749288118423,16306.163674876465,16232.94995325566,14779.958056625652,16357.676681011086,16379.024442888076,16297.858460658052,16524.54505000778,15286.008091975567,16337.842020644492,16253.70383359431,4283.628297918531
950,793.4229784271622,2308.8350581070285,0.6390764298705991,0.03695278510252705,0.20633151337503333,49,0.0,0.009611017809340018,1.0025349665330223,-0.0027488223265952306,793.4229784271622,2308.8350581070285,1003.7159990563134,0.0,0.0,352.8125367104032,0.30002061707592914,63.67739456654367,88.85421426346105,72.67506808204514,78.96240625351817,69.11598507601303,83.50064154205808,70.57775049021419,82.79111607481178,72.91660689155943,66.1127462600031,71.56624327712856,81.55212501623954,85.19849067739453,16.215210585323206
951,2365.876551071453,2307.5305010199577,0.6328425334565575,0.36224399370827615,0.1875545976898709,49,0.0,0.10742552616371358,14.302697611999976,-2.8885448921794366,2365.876551071453,2307.5305010199577,2983.0639787361606,0.0,0.0,352.1573545862242,0.299477594614784,229.12596891153822,222.2735796034715,202.1407135446613,223.3870133634927,231.33726355943878,209.65050723195782,229.07681065478414,216.30492164334146,235.91774000577624,244.50501367610616,209.55905826377733,247.352265602288,237.30472065471773,45.128402020809276
952,2656.4555064172737,2311.0139211317564,0.5822855031049189,0.42225747690406495,0.17620153506302752,49,0.0,0.15972639918767714,21.235739901356197,-3.3176684934884038,2656.4555064172737,2311.0139211317564,4894.17856913537,0.0,0.0,352.03628532191306,0.3009247475817982,336.97736699734764,416.47315701339045,361.5688829284397,390.98939168131045,377.30768056320665,309.15401841121803,349.08325659068237,392.26585539846593,372.09465196680947,356.5443973331803,371.9810060034908,383.4022808210064,365.43047718375374,110.90614624306718
953,2821.6195225813444,2312.053614006698,0.9070917847793335,-0.6586703244754315,-0.9001314197468956,49,0.0,0.022117626940127085,2.4341705612501383,-0.965877514454242,2821.6195225813444,2312.053614006698,1192.6065841236964,0.0,465.01702846743336,351.96747167658737,0.30135493192955204,76.49202970110497,27.37022959148633,154.87035057664224,83.08623026904876,70.45829397090085,115.49083938607362,218.3364029863152,55.549100378871,146.88511213331896,62.5757454208112,49.640330531425434,49.18860395380101,56.524013112282105,26.1393021116148
954,1996.585897896474,2312.8689815707353,0.2739653749012203,0.4256891375532273,0.10925720185724888,49,0.0,0.009347299770951644,1.4518446030389065,-0.4048003362711697,1996.585897896474,2312.8689815707353,1157.7415244612662,0.0,0.0,352.31122292245755,0.3017052894953983,77.63457185361318,84.42010640779033,89.35459022510923,85.06606091717936,86.73833654736848,76.06937611943617,75.65144564255704,77.29830094859287,108.48964824151446,81.71581513270573,77.51433454433217,118.85163760103885,94.01777903592422,24.919521244104175
955,592.1251081174834,2316.5299982236406,0.8415261514233598,0.6082915901509669,0.3991329415884789,49,0.0,0.01405357903991701,1.3081026672347797,-0.2916045779823575,592.1251081174834,2316.5299982236406,1030.2150144212508,0.0,0.0,352.89640719253737,0.30322377092603364,74.7421447576395,71.3415852359875,84.54805316890506,76.30365392349732,71.66197181890976,85.27188751849864,80.83556938878317,88.94138715164425,73.63214699774036,81.69084475642856,78.81368187074348,86.87004625532808,62.777562557688526,12.78447901945656
956,2380.3040183683866,2317.855246716934,0.6550043879870695,0.3155851089721266,0.1466156336347645,49,0.0,0.23898358390375876,32.69493288043171,-3.7862011253367225,2380.3040183683866,2317.855246716934,4942.234822062608,0.0,0.0,352.1513433265383,0.3037792108973994,358.93475080691076,345.75091521735,336.7985437882087,364.66795912553425,379.50257462504237,324.1799448755458,402.85937652549654,392.1002164336452,393.7899312679057,397.1480238229368,376.8954943427909,394.39258624181525,378.77615770187697,96.43834728754837
957,2801.8989889464933,2321.6253252544757,0.9619168524882956,-0.08945218118912553,-0.3666559213957373,49,0.0,0.014920471021424617,1.407265064793639,-0.3709397662151781,2801.8989889464933,2321.6253252544757,1147.410188617796,0.0,651.9948642938119,351.9756879287719,0.3053432651770437,22.011471185536507,35.64529574307757,97.24647362867431,63.781217708375124,85.00437279497012,54.885646592162885,90.63677748499565,157.78054081953348,96.02527257718441,67.18554851725598,116.63814867783148,113.39008189698652,125.58123924159041,21.59810174962162
958,992.3066649397276,2323.376884393805,0.597244225425137,0.3314071640909063,0.1814543342713094,49,0.0,0.1703504695757348,25.13971449272129,-3.5009008529313537,992.3066649397276,2323.376884393805,3746.662998404676,0.0,0.0,352.72967068215735,0.30608172093573105,271.69279497199926,301.8095785062621,244.03667489481302,284.4651731592838,309.65569877226324,260.7758595010731,311.1620902556603,280.3200502992638,294.1720493006001,298.4069430547205,275.3252656158825,256.85499900258463,284.54700574071376,73.43881532955533
959,2045.0264093035764,2323.25869015319,0.6552185414231847,0.31483614261981835,0.035269990195834926,49,0.0,0.020793216568279486,2.4133461117622477,-0.9565490275747256,2045.0264093035764,2323.25869015319,1329.498988580504,0.0,0.0,352.2910395546209,0.3060338693938515,93.50104365019203,102.91825057897034,85.00730920539495,106.90961165887362,123.98167161211438,84.34170737011141,114.59931277211905,102.16534827324062,106.00667202676658,103.86720117832706,91.68417861705703,96.06283325993431,96.29280524611112,22.16104313129143
960,2565.9785036092903,2322.7560273813515,0.5066697481348913,0.4988386273863562,0.37623876798830164,49,0.0,0.10170228354438718,15.38757140074246,-2.9679252028462404,2565.9785036092903,2322.7560273813515,3268.5959860384655,0.0,0.0,352.0739820489984,0.30581849370338987,225.06146863923965,218.2900058645893,234.59998575225296,263.8634643881859,257.6294138313711,224.80153335462057,245.47254227309568,255.92964422404867,269.2185407593307,255.84462917960414,234.32687112302398,257.625698769435,255.09990200229316,70.83228587737462
961,766.3704214241742,2327.0661870676063,0.5379681278465788,0.2902233408818275,0.2922932308944035,49,0.0,0.012568618056973804,1.7167047288435477,-0.5867390086341172,766.3704214241742,2327.0661870676063,1049.5865153367724,0.0,0.0,352.8238082166417,0.30761622206814504,67.10786552814858,76.75232828505699,57.483594740351556,71.20093264983473,84.85900493542674,75.1907651030409,76.1928526003811,95.44988842088509,84.41575253674462,71.78643086079533,90.09523138930774,82.69684999777239,92.36883320259159,23.9861850864351
962,1354.623751704583,2330.0249481665182,0.6342947421282266,0.3465137100076773,0.35391418659406626,49,0.0,0.016800831301925185,1.9462089717104305,-0.7229736756327009,1354.623751704583,2330.0249481665182,1137.5074172714117,0.0,0.0,352.57870670473403,0.3088541702663264,98.06758893265723,89.98704013250952,72.62436302435344,65.0752534186613,100.62100143256029,67.5204869680273,80.4998569424074,85.21690618253605,93.4901878032297,91.89591293499475,87.61671456415422,91.93332379913366,93.23777004106452,19.721011095122407
963,944.6058068911693,2333.4237844757076,0.9275873644518381,-0.2118519091472362,0.3618670355986123,49,0.0,0.013256002623474063,1.1626974047937384,-0.1636667577423155,944.6058068911693,2333.4237844757076,947.8097879900904,0.0,0.0,352.74954563028194,0.31026727638310925,65.0748315020683,64.33614211721694,91.04302726644158,71.07784292328785,68.31912382767746,58.46264566511429,73.34021106831608,69.33947171103053,76.4228502577985,78.40603625032378,64.46690319813158,67.87656131207419,77.12240957892945,22.521731311679982
964,2020.2302494040994,2332.8687669921796,0.28655106120931884,0.4544184539708354,0.38799931963672235,49,0.0,0.00840715576790084,1.2418472298653462,-0.23517043221960143,2020.2302494040994,2332.8687669921796,1050.831011008562,0.0,0.0,352.30137118948284,0.31003811074568016,70.1151122173234,65.0845646122864,69.15025351742764,93.45528207654445,86.47122202920359,65.25962855228809,99.0820931671195,73.1768339056498,85.85772710431041,87.48978929820879,76.78024679586979,87.28613086777425,70.52167977963451,21.10044708492132
965,2791.412401096126,2332.7786478107346,0.6240992657784744,-0.16906474597420953,0.22699159650280468,49,0.0,0.0128668650574609,1.5745307774262256,-0.49287788557484696,2791.412401096126,2332.7786478107346,1232.9717567460725,0.0,708.527688105348,351.9800570083147,0.30999038139819174,12.044708656545417,118.68586119308733,130.67936410314732,112.97099756290638,83.358231546172,79.18254366432983,72.00547035633258,94.26119662371846,126.45622104242337,116.17926896165534,55.90663989856159,113.39151828161302,93.39350255266947,24.456232302910497
966,1960.7089819878554,2334.8718363329876,0.456696423520212,0.3886561410205727,0.20374966082915694,49,0.0,0.03949205595141868,6.502167625929589,-2.032645403548477,1960.7089819878554,2334.8718363329876,1675.6518897376761,9.0,0.0,352.32617152890157,0.3108730769432241,117.58286877261783,124.97737209763505,112.86865038723155,131.34823018745067,113.47186439662724,114.96883034741832,132.86276966345918,128.76918303891222,145.44104053023634,126.65440010152419,102.2675931965253,161.92592231831833,135.46339129329303,27.049773406426837
967,672.5340317369513,2337.0051861849656,0.3697406044585015,-0.5137233513221087,-0.13687775742238026,49,0.0,0.008847094357482026,1.205141716299479,-0.20259529982491672,672.5340317369513,2337.0051861849656,1031.827544418686,0.0,0.0,352.86290512598555,0.311755915328274,80.55048131083495,88.83493894981603,70.41375800647393,88.87787565515715,72.61026230404939,76.61752887880684,75.05681740592902,74.14028648975669,66.93355319239333,90.44678967799624,70.86220293525267,86.17276282718541,66.55216488303347,23.758121902001
968,2129.4936169315324,2339.2464221550335,0.881909584729573,0.036816886546592424,0.048418688518785655,49,0.0,0.013808725772381873,1.3270152143604985,-0.30718975530527143,2129.4936169315324,2339.2464221550335,1030.478960778995,0.0,0.0,352.2558453087793,0.3126945215664943,62.93535893435814,85.66660722269634,71.75820147050453,82.32409045542815,81.24339440308631,71.50492716625118,87.30854236937813,60.173252368941874,74.96930272613686,82.40109188235928,69.90378073551136,92.99104234980214,83.9919547131219,23.30741398141889
969,507.02532423962185,2344.4250721417357,0.4507867142667643,0.1001492218812906,0.14253336490694968,49,0.0,0.09511288729377407,15.161867473492164,-2.951881740621942,507.02532423962185,2344.4250721417357,3345.719941919172,0.0,0.0,352.93186338751536,0.31484458934490056,220.99158750758443,269.7565872048394,259.39755197002444,259.8685157856644,240.18474555957997,240.99542649148,263.1241639356734,259.294386361869,266.1322275451904,289.2637204718101,223.35322107274112,257.34848202792864,240.38304746430148,55.62627852048533
970,1497.977491836988,2344.6723459112304,0.6283137973973647,0.3058720671965972,0.21415448257216274,49,0.0,0.3731866612273752,52.502562402428055,-4.300451249471003,1497.977491836988,2344.6723459112304,7414.473657295897,0.0,0.0,352.5189760540776,0.31495748360153714,474.67187825749977,559.0076827515261,501.88767452016646,588.4438296568626,558.7561611215667,513.754247841468,548.6585015565925,602.0193978503372,594.3815702414909,556.888941012216,589.4949068695405,619.1850309250058,543.1309319121561,164.19290277946826
971,296.2128722662526,2346.866138128377,0.2873443544516629,-0.4063385571848407,-0.040123247696565924,49,0.0,0.02048381913865692,3.078359687957527,-1.2207984079464742,296.2128722662526,2346.866138128377,1512.9637844242516,0.0,1417.5893857638848,353.0196952573477,0.31585741674997153,115.56265979086433,121.3196617510832,114.19042332522659,106.4062561975571,130.49931839775616,101.78375663435597,98.6637520626664,102.28432434413742,130.38802698750067,100.3961445416849,121.72821877924878,137.7297317678208,113.49252579174579,18.518984052603393
972,1661.9680938263514,2348.9161639686554,0.48256105956801876,0.2527843839554388,0.128958031986067,49,0.0,0.024095665823402487,3.7360159081857134,-1.4310217920365764,1661.9680938263514,2348.9161639686554,1273.1874512883278,0.0,0.0,352.4506466143349,0.3167257449361924,74.02933291658202,93.54321583910802,87.4131706467901,94.41299740107232,102.60900338201081,85.84850765764057,96.05528125293907,99.07726608815187,99.96783175036211,112.2344178197583,96.68032489900611,108.43687493930209,93.5265583734614,29.352668322142947
973,2393.118480692745,2353.2221960636916,0.6645401895406347,-0.0712324927456775,0.23236977407388898,49,0.0,0.012850912738487078,1.3041375690636268,-0.2883085151728981,2393.118480692745,2353.2221960636916,1156.1519549551194,0.0,0.0,352.1460041321334,0.31851461204321735,86.77569640412908,77.18454630120422,77.74081108089482,74.57178095991713,90.17205941693315,78.55264099321558,93.70044675909477,90.8557118475444,78.44637796901002,98.57775816621165,83.76632012309797,74.73135924452325,118.99833568926212,32.07811000008148
974,2786.785269208174,2356.689642351938,0.8516750002160602,0.5939559315098573,0.20530259875557486,49,0.0,0.015621760987723818,1.6707072575477793,-0.557250897968916,2786.785269208174,2356.689642351938,1317.860557920957,0.0,595.4942067215524,351.98198482944827,0.31995272340837055,3.308083611759047,125.14417557074026,75.14498778998663,78.38104893556377,127.24805944103859,87.6923424156841,148.87822787759492,125.0049749774528,61.52773624033526,136.67563768519648,91.27484549218921,78.26241258590417,156.83678681890058,22.481238478611118
975,1693.6011772622421,2362.0025482059955,0.5703001243238742,0.3090726581288231,0.1562643749861929,49,0.0,0.05057804499577388,7.257861068320615,-2.1520216264430987,1693.6011772622421,2362.0025482059955,1716.4624786164109,0.0,0.0,352.43746616064095,0.32217819848060114,125.18827841712573,153.70506059598353,122.37282566710306,129.37809171981527,134.77020363637754,123.36386452369973,125.4212760525105,135.9550692714493,160.89755559627946,115.55198723988345,121.05251665307549,110.16690906179608,124.11731402762881,34.52152615368273
976,1152.3646585897632,2364.1524627457084,0.7844598111744986,-0.06454602464743012,-0.09070435151435785,49,0.0,0.014313276466326987,1.4640395890538365,-0.4138820515654288,1152.3646585897632,2364.1524627457084,957.7336988317518,0.0,0.0,352.6629808174204,0.3230723269204614,71.38571804611463,73.19101433480054,70.15445365819271,68.86590905558947,75.09614975389735,66.7099648947086,69.9514671445981,76.15081284665996,88.02434070272497,73.97124161275079,68.40370400469743,74.48837834335465,62.7148651234094,18.625679310253112
977,514.8199383950974,2365.8711988447835,0.3499900938836381,-0.022271403219024825,0.03803859441426531,49,0.0,0.022230012439649647,3.5118743597742963,-1.3638474256643422,514.8199383950974,2365.8711988447835,1522.9841810581456,0.0,0.0,352.9286158400209,0.32378006925833297,110.44141230356816,116.54584398280522,100.77832230359425,107.89276886912835,122.55988235052479,94.24044141742576,116.52654537119571,141.51321815807415,97.18257345126865,123.99931542968936,125.31171374509037,123.31074232000083,110.64091397847923,32.04048737730089
978,2167.523348414232,2366.0780070593105,0.732947172506543,0.27969475603428035,-0.1014151887230168,49,0.0,0.011414575517223403,1.1651690900388638,-0.1659723875297925,2167.523348414232,2366.0780070593105,1008.3263713093327,0.0,0.0,352.23999982783346,0.32387357442576825,74.19445153689483,78.07534334326307,80.9699033804066,65.70240554787875,88.19418381580408,58.521302017998124,76.18521434973958,87.59208060942098,70.12075504240136,78.8410819518434,82.01124588249974,77.39014528419898,71.50314422695584,19.02511432002722
979,2789.664739492716,2368.4194149794084,0.5401424269098146,-0.04982987028917358,-0.8400622479459119,49,0.0,0.04324885776705255,6.645708472685279,-2.0563532154077993,2789.664739492716,2368.4194149794084,2699.542122218675,0.0,561.3206711788607,351.98078513549183,0.32483973798119126,338.83469627757853,215.50401624135407,292.5191654454344,80.7315666645622,235.7137215728575,287.3410877345707,356.07171734407314,260.0788663972517,102.79619481157081,133.615810002018,108.41962386952366,147.23910872825152,117.37669426672497,23.299852862903705
980,2312.886185117232,2372.221163566598,0.6847959376912546,0.7748810398681066,0.7408627562526969,49,0.0,0.016686545632975662,1.512627370464443,-0.44932988634573157,2312.886185117232,2372.221163566598,1353.7903660880643,0.0,0.0,352.1794332654873,0.3264315159961452,80.4697859760565,98.82824631674622,105.72800796598219,111.3695865065153,108.6617638586597,82.84109829195752,117.5843683212407,108.15923107546264,100.31986007236799,108.39005958224153,107.25226254263947,98.44942574027436,90.1281120217958,35.608557816124275
981,1109.174653523683,2373.6982563085,0.2897218621799745,0.19184528533973313,-0.048822857326303586,49,0.0,0.010432850296735846,2.066074515678752,-0.787864952160972,1109.174653523683,2373.6982563085,1000.8662673575011,0.0,0.0,352.68097645253283,0.32704924469993235,71.25485147294017,77.89557994915079,65.2314862013866,55.28515766796842,73.62233219100419,70.25026642017167,85.32547379598492,96.80859514431795,85.14752273472226,73.38960157921352,84.68703269819764,73.1956411657287,76.40184236059976,12.370883976114632
982,1157.3690823030972,2375.2507993964596,0.3627617766108423,0.6760790918457117,0.4672719969025186,49,0.0,0.00974939897733808,1.3898726856551513,-0.35743755018601586,1157.3690823030972,2375.2507993964596,1059.8503564465282,0.0,0.0,352.66089566304834,0.3276965032568585,73.93735356972662,78.2291171763893,72.06819674360814,73.65343589251793,93.59551461234497,61.861829031603264,79.19679947649442,89.10183301301007,85.36271597222458,88.22943015811511,77.78429260292349,89.67397361425257,73.39303519472162,23.762829388596106
983,2771.3586181973747,2377.3155607384474,0.6958005276069068,0.8527293463682865,0.7526558393548287,49,0.0,0.6691610525696721,70.10630144498047,-4.614392639773535,2771.3586181973747,2377.3155607384474,25188.951398863646,0.0,14511.424251541293,351.98841212534904,0.3285465851506544,375.15584697521524,2272.540010814717,1725.541954112019,2206.166505134781,2538.455462073106,2018.44647458244,2211.082071931245,2109.778516066942,1988.6886806665798,1657.2759227304398,1640.616375724226,1876.83120096819,2119.8521348692825,448.52024221446527
984,1040.1209762774565,2378.185703887652,0.6559660312734077,0.25571909300625034,0.24407352963458687,49,0.0,0.10290567567562955,14.402678639018635,-2.8961081764117313,1040.1209762774565,2378.185703887652,2338.200232757185,0.0,0.0,352.70974841125144,0.32891831151342404,140.6845983044659,192.6856401272528,151.9275540835181,167.99781912322732,190.99680803325037,163.5865414969328,181.2310871310915,176.43373287709255,195.1105811146305,200.84049555849893,163.58977641186124,189.54875378735954,188.29055635878092,35.27628834922247
985,2782.0946817839554,2378.6854024877725,0.7947509644026534,0.40216036281787004,0.07781595879418343,49,0.0,0.03156870974412028,3.62372352425437,-1.3978876383017458,2782.0946817839554,2378.6854024877725,5397.603775288302,0.0,1595.9586181367276,351.9839390902107,0.32911709383750587,183.90824449568717,517.3234312344897,362.0998342936057,554.729597654275,426.2958636213822,497.91919654235414,517.5819869732819,387.89820978865185,544.5496990416774,316.4963069867622,293.82451700588007,277.88600689884305,474.63850386887896,42.45237688253374
986,2566.29684177359,2379.4835076119703,0.6121334987450725,0.4135333321938572,0.19549232546494472,49,0.0,0.03249783415471002,3.678320208054157,-1.414123832740346,2566.29684177359,2379.4835076119703,1838.0413355327653,0.0,0.0,352.0738494004131,0.3294536513096423,132.88868838794082,138.86066424408787,129.27288934311449,124.55499630301058,138.96777954045024,132.64628217986018,140.00366627674634,137.70566192440714,140.3259295069472,126.40125858540611,143.35387290812076,155.2940502853245,158.69312692700407,39.072469120345296
987,2045.6623137149047,2382.5465803241677,0.5449523367983433,-0.5460064297733564,0.2277592753262181,49,0.0,0.011500741474906888,1.4084780964988697,-0.3718752439529704,2045.6623137149047,2382.5465803241677,1012.2672811125508,0.0,0.0,352.290774590279,0.33073628300738994,76.98665152064567,65.16896617042758,66.99001541722458,79.51030924175834,75.05517484601872,57.5971751841153,81.67985584175561,80.16687174626766,87.3836522850342,87.08824568376951,78.72470089143773,77.59872729895667,77.36047926913919,20.95645571600015
988,936.2714142131555,2386.442479820288,0.38279341243895687,-0.16439185838944462,0.19040754037961757,49,0.0,0.00805605366719895,1.1242660654481216,-0.12717275557797325,936.2714142131555,2386.442479820288,922.0078624279818,17.817204963633337,0.0,352.75301822458164,0.33235737743440813,67.95778764231034,76.356168034212,66.90410362901733,54.846000428075925,70.23371484483172,76.07212321410562,65.03110062373682,85.61540746152411,77.76944900361192,66.34572207797262,52.57765220575166,69.59608078937366,72.87173905963174,19.83081341382624
989,1225.4217287309248,2387.8640061674605,0.7439285881855128,0.19525000677180923,0.10199649065081808,49,0.0,0.054382943438540166,6.600509101086312,-2.0489435855461564,1225.4217287309248,2387.8640061674605,1571.5294707492483,0.0,0.0,352.63254063274627,0.3329522994461605,97.70551083227454,108.05143448300137,111.30854761908361,123.30119660634757,134.495087662575,115.36685574549091,121.35954444509264,114.22635898389663,120.46849761846127,119.61315718685783,117.08160849416745,135.0884969382849,121.38834156929049,32.0748325644241
990,1586.590500266309,2387.4175721801716,0.5261068847299785,0.4162599372550634,0.2664387623012973,49,0.0,0.06272133977019488,9.14468033462539,-2.4029213217331935,1586.590500266309,2387.4175721801716,2155.6499512396977,0.0,0.0,352.48205395809754,0.3327675282398438,146.8478271612591,156.95316941826394,173.77471158662178,168.06095641517646,162.59205526885182,157.0774149244066,158.24022866494198,160.32409134396852,163.16265864555766,147.5826455161607,169.37207722119072,164.3279590703644,199.4845987056574,27.849557297276434
991,2037.2854295535105,2391.9486198092086,0.7498011905394422,0.5530596334130468,-0.7576779374573298,49,0.0,0.015344630740314825,1.3892216837014049,-0.3569288834697843,2037.2854295535105,2391.9486198092086,1221.9801535289948,0.0,0.0,352.2942649234289,0.3346537160736519,89.82148818537809,94.03774362949929,95.43079035487406,99.06663362727332,96.3554043708071,86.10032165171637,93.32096692223527,85.58343655725159,100.45076854256561,90.05792279651723,107.71071797481869,73.22407024487252,94.46722057301706,16.352668098168493
992,2774.1322959148447,2392.121119383749,0.5575425061911942,-0.3499461616220948,-0.4888741155298487,49,0.0,0.02620971054202667,3.7233059278458898,-1.4273218044304845,2774.1322959148447,2392.121119383749,3009.1091877780163,0.0,690.5666823987646,351.98725650522806,0.33471508613632467,46.62444994111615,440.78550136793046,157.67105917233607,295.57075414212875,188.8644195550159,123.69016403658826,148.2322670290115,340.66140573255984,198.50117951708577,241.70633363893842,327.7705195595606,318.6415944855037,155.38486939412735,25.00467020611338
993,2778.0314025430207,2391.7281400760135,0.6837261350059657,-0.08072314464088594,0.5572241143228889,49,0.0,0.03372933279418467,3.627014128399509,-1.3988731182549141,2778.0314025430207,2391.7281400760135,3847.703143817882,0.0,638.917382889533,351.9856319955122,0.33455127505385523,87.57737463521417,701.3126027665412,201.37926237128318,398.2684850575363,174.93413077974708,204.8347941723792,218.8232837699677,394.0138418584177,385.9165234813278,192.59535339546275,320.0872959727766,414.29049601907957,124.32220303557685,29.347496502571566
994,1072.3342452150853,2393.1842524763456,0.5968577099344465,-0.01865605216321515,0.018154950128251888,49,0.0,0.02154234966285775,1.9914391044555397,-0.7479175770098918,1072.3342452150853,2393.1842524763456,1636.0663109428842,0.0,0.0,352.6963264217167,0.33516776187751546,120.93550367588037,115.79708139253674,108.20495143704298,143.80647481938917,131.70378541323564,108.551499403773,133.7592419971304,124.47223805692322,125.06715611664313,125.12610479926138,99.96741141785907,132.1015502952847,131.93614691707668,34.63716520084786
995,1730.609476578958,2392.7246671815656,0.5245740942712502,0.2178347537704032,0.3009201529034306,49,0.0,0.05187136800474826,7.580455916539596,-2.19923831621831,1730.609476578958,2392.7246671815656,1870.0924509755873,0.0,0.0,352.42204603780044,0.33497859667926355,119.18286164355547,134.07805769204435,138.46628932722842,154.487264274714,147.41282686627812,125.33190949585858,149.37953172635687,129.25147055345002,161.41361572513676,142.67203063469404,130.52401121875164,136.67587496760655,167.80499030261666,33.41171654729569
996,943.1825089070297,2393.588326435434,0.9455969538080955,0.04883178668299546,0.14427873192548019,49,0.0,0.01170431574737982,1.005227792059376,-0.005661218133951916,943.1825089070297,2393.588326435434,941.9268995397921,6.296349825714325,0.0,352.7501386680837,0.3353347616257404,81.61647537681336,92.43812460268248,66.45953260360037,71.2495893351113,62.301483256769345,79.43403723870668,64.62749524623169,73.85257718633616,68.57709033456389,70.95235908818006,55.846894928326115,60.67579866342438,79.44431544725296,14.451126231793426
997,2328.9757579263087,2395.6712724900967,0.5715425223007836,0.3907140361881728,0.31341893001917853,49,0.0,0.18177897178513,25.87225162787452,-3.5320855660906068,2328.9757579263087,2395.6712724900967,4671.0880204741825,0.0,0.0,352.1727294531823,0.3362017403469954,309.1575958263045,329.54263488039896,347.99527029925144,358.6557043032737,381.9813146268749,309.17520313297456,326.8649292610031,396.40810254817893,387.67297226269216,350.21867422626644,340.8157479098809,341.5032789414064,382.22229072783966,108.87430152783766
998,1192.2859707207217,2403.824607388539,0.47694236139825774,-0.029091898116872912,0.1128220519895659,49,0.0,0.01579009298571761,2.4242913118940974,-0.9614620126903952,1192.2859707207217,2403.824607388539,1056.3722752718713,0.0,0.0,352.6463470950011,0.3396020696770333,72.69352593730144,81.14619871662215,79.88627800641592,77.7739749810558,86.20600092552544,79.57269781279746,93.26648971370273,93.93835936904195,79.95277400490073,67.9760179815043,69.98892150435987,67.92156155274367,88.61997414263824,17.429500623261575
999,2697.1840229126715,2407.849271558962,0.5940781093098374,0.6758580259940807,0.18160840795229583,49,0.0,0.019226203285381983,2.176143467803604,-0.8442188098510955,2697.1840229126715,2407.849271558962,1434.9719190558985,0.0,895.36905019867,352.0193161114559,0.34126959902188997,173.5675572126498,104.38697393581486,92.34488785663112,95.99612072559754,112.40823653587954,95.4562969906746,103.63353439633394,99.85309373747498,114.88310775879049,99.10089065058368,79.36910108549871,128.60135254147445,115.87003816427585,19.50072746421921
1000,2741.3228782196948,2411.7704755585746,0.2815983197831596,-0.40237787478377135,0.7321043650319925,49,0.0,0.00885619832024905,1.5708826564601643,-0.4903593620983654,2741.3228782196948,2411.7704755585746,1481.919370984899,0.0,794.4277069921832,352.0009261287241,0.3429024300706723,19.819366785186986,108.01886086644981,144.84005232002556,92.73619739610044,123.50158437388156,109.23061453057262,159.23904734241083,97.36862524491823,137.32618804298454,130.408856455923,80.75429472014542,137.98548488031236,118.95334703161568,21.736850994371984
1001,1336.6651559095226,2414.018998560246,0.6666831500392676,0.6092981297778387,0.10822329522843234,49,0.0,0.012188929880455534,1.2857942562654456,-0.2729287035135292,1336.6651559095226,2414.018998560246,975.5906781126607,0.0,0.0,352.5861894364125,0.3438504493367554,71.46190792143575,76.99438389615909,66.63663794807772,95.52092347638529,77.25161919762245,60.414121880847006,76.05180735117113,88.37084811658772,62.63103449994786,65.84061800028405,55.24813080700545,103.4320094847381,55.608156166866976,20.128479365532122
1002,881.7488572297428,2416.7016756648527,0.5842507320571518,0.28773695169314845,0.14716922682121636,49,0.0,0.09187032285214063,13.254172972058377,-2.8058815850054906,881.7488572297428,2416.7016756648527,2485.3361747855547,0.0,0.0,352.7757353986867,0.3449641129375501,153.25168397851652,179.5975983647236,199.25228704319687,203.77268936208065,186.4351660328472,157.96102015322109,196.95879159992631,191.7803695853595,191.43946796882483,204.0533292604861,172.33614839443038,182.76989928751505,208.75678569650591,56.97093805792091
1003,1591.0056545201355,2417.1526241030274,0.8883704587301001,0.5802361643612156,0.6303216764103865,49,0.0,0.016865292785580018,1.3316685908057708,-0.3109903911163418,1591.0056545201355,2417.1526241030274,1402.8102091005853,0.0,0.0,352.4802143096733,0.34515671283664856,102.7133822350511,106.37430929543638,104.92948251467145,93.09880838518052,105.48109304731793,95.80538563242375,112.06895427456874,116.27393837936447,101.78854237501447,91.79151510888676,122.77366954924364,114.01796941436913,111.76401965029268,23.929139238764236
1004,491.25095670966954,2418.6211999896195,0.5775223663284976,-0.08509774849510833,0.16112383629013022,49,0.0,0.08268415811265191,10.545436775903713,-2.557661430657334,491.25095670966954,2418.6211999896195,2793.887436684988,85.96101593379542,0.0,352.9384356433758,0.3457573496400032,222.01548781170877,180.69159939985423,199.72059586110984,182.02893879276746,201.3398994632298,191.82546399235935,190.13821796889636,231.28502536671397,223.8445286930949,241.19059530006382,199.6658616169512,223.6358650709765,241.9804822163902,64.52487513087189
1005,827.7012196485324,2418.3149528236013,0.4041144456501795,0.6226105390534441,0.2998164123526326,49,0.0,0.011710735049623227,1.7978536312198279,-0.6368858289753943,827.7012196485324,2418.3149528236013,1100.0346921586006,0.0,0.0,352.7982545968278,0.34563554210663744,75.2116560674448,93.42247487506148,68.18958783077625,68.1077417479736,80.61372058526726,71.83708169674797,96.88071457585862,67.71059213134428,83.7190750733456,86.18715366799009,82.56518198013549,98.38508347988474,107.2589407396701,19.94568770710036
1006,2150.700649227297,2419.259532453911,0.5862690923487818,0.28853897241531806,0.25373135953076636,49,0.0,1.0057145065453728,147.62070371467811,-5.422868178244713,2150.700649227297,2419.259532453911,19897.990370785417,0.0,0.0,352.24700916593696,0.34603179129593364,1326.8502907983673,1475.7464088008596,1412.377563458289,1514.0978237654892,1511.445837054999,1425.5635880708553,1526.813941274038,1631.3280583314222,1589.194921108437,1546.959412777979,1474.213931496173,1518.7779951924258,1521.1836716133457,423.43692704273417
1007,772.31646412119,2422.309965643891,0.6572966968690686,0.4120437104750425,0.0700415559635125,49,0.0,0.03689845644402214,4.742209452637107,-1.6899518296703995,772.31646412119,2422.309965643891,1424.6434337912997,0.0,0.0,352.8213308086293,0.3472992310833866,108.04373520574813,114.80209908506548,98.37339178742293,89.32018459312145,125.40487241777765,107.15905450632735,111.62162582396819,102.41240143793402,114.12668653794776,116.94278107270122,107.7293335409771,113.86729460770054,82.80043053750502,32.03954263710274
1008,1593.7066859257231,2422.0239297300654,0.7336995735262867,0.24051974709481366,0.3683059035496207,49,0.0,0.013813936871384143,1.2456916433029313,-0.23852637750628627,1593.7066859257231,2422.0239297300654,1344.8938517422173,0.0,0.0,352.47908887935904,0.34718635190016,99.43323412814979,114.79424295724442,96.66991597273221,98.22721024128444,95.05308097819034,89.87792445234047,103.68517770873645,106.77405078229191,99.82550576521618,89.0979853771608,114.2212910872338,109.53853289262923,100.41295064456754,27.282748754439844
1009,361.4808687692998,2422.2991391774963,0.4224688546096031,0.4391721588435465,0.06349267199030473,49,0.0,0.011241669477064108,1.2897079435243846,-0.27622843684100074,361.4808687692998,2422.2991391774963,1240.9561024877203,0.0,1190.2884701320331,352.9925025963144,0.3472869218002856,99.67594004618127,109.44633536953091,91.55305028775427,97.4893613718571,100.90554737114846,69.77852768304487,91.95613048456937,79.29911160280457,90.73798257374588,85.18410192692295,79.91174983003003,108.22961051896215,113.72952895208995,23.05912446907849
1010,1200.551280939545,2429.5019682533602,0.5018882615343334,0.04397520089226256,0.21739859532750763,49,0.0,0.022483279208506277,2.2626666139488614,-0.8865514220184025,1200.551280939545,2429.5019682533602,1767.457510018337,0.0,0.0,352.6429032464084,0.3503006078533887,145.5634411012997,124.50086024528335,114.66351629534475,136.38611600876817,133.3096661084208,132.38721867373252,121.33949859998893,152.86964942237384,136.88609655192494,126.43630321291594,144.86701313306318,125.43432678145342,136.81308959232757,36.00071429143999
1011,1249.423287327413,2429.24073794172,0.7041858374105557,0.1406122703000044,-0.5361101435913963,49,0.0,0.017323476759114744,1.6141798300803172,-0.5198797907436631,1249.423287327413,2429.24073794172,1308.0235459491325,0.0,0.0,352.62254005190965,0.35019210617260876,81.3274222347191,92.47999043857044,90.36197448323006,101.76597662116583,100.26359688645154,94.62351537655832,105.39704326721075,119.6252069372189,107.03389051055817,92.70759537741218,85.94943353449267,102.03655163762932,103.25116739737916,31.200181246536147
1012,1260.0820378790795,2428.5410554950927,0.3421922035031589,0.03385549806339203,0.4814894622721885,49,0.0,0.01124437526427557,1.3673493631700642,-0.33969873175958504,1260.0820378790795,2428.5410554950927,1226.7193040018853,0.0,0.0,352.6180989315637,0.34990065154100103,83.12882558419423,69.16047677400925,85.17896622164646,95.46330998602608,100.43807277208825,82.52850339214085,104.50623916676741,84.66516458794015,94.0083636796203,96.47944909888484,96.92288828826312,104.09647545344379,106.07285917610352,24.069709820757136
1013,2725.000485219002,2431.029150429603,0.5832824656058626,0.7337635013223966,0.7065211250535602,49,0.0,0.6560695123722342,77.91833811006023,-4.729099202677961,2725.000485219002,2431.029150429603,24204.52257513004,68.79571805497369,16414.76079244639,352.00772666225055,0.3509266589218333,680.0232125141083,1446.522762840551,1885.7071151202222,2025.1313883274915,1966.8421951109353,1764.3331416013739,2137.7459082417186,2167.608842752621,1983.7146149590744,1841.861674406464,1925.3371634067953,1943.9411441812085,2006.718874523734,429.0345371437431
1014,1232.5725156765889,2432.058926030547,0.5627955927802715,-0.2295541261004213,0.05566450156862202,49,0.0,0.02334468680617859,3.0391801187476926,-1.20689109888376,1232.5725156765889,2432.058926030547,1315.3798813922308,0.0,0.0,352.6295611626706,0.3513661920242826,108.76874480359139,94.46344964372751,93.59048148452234,76.22372469737986,103.25437223115165,97.51100394417077,99.358054520056,87.67983699586978,104.48319874689739,106.45211201293583,114.20437303617986,99.67649963384218,101.72462415988944,27.989405482016828
1015,1855.9079775473342,2431.8505411136985,0.5128961786019365,0.22456345803448477,0.12064406159111433,49,0.0,0.054379810479579946,8.71260235107145,-2.3503697324981503,1855.9079775473342,2431.8505411136985,1992.7322152715144,4.0,0.0,352.3698384068255,0.35128001992738717,132.09745814938967,151.4647505687412,132.40407991362815,151.09817725583844,154.98878023604777,121.01836325248465,165.06632291723838,167.5658731334364,151.0562498032807,165.09280793123838,140.4762321355705,165.80819534070156,153.36446691743475,41.230457716483954
1016,1795.7584788115612,2435.5060901337247,0.4800820901164506,-0.3928815273055549,-0.1375187138190715,49,0.0,0.010843535091644681,1.4735509028637725,-0.42091285716830734,1795.7584788115612,2435.5060901337247,1001.4756976449075,1.1357710485080104,0.0,352.3949006431029,0.35280335968718823,71.64040429034623,91.72737723059166,82.98323420196334,79.19722572002597,68.66362076319847,56.19362114158823,82.8106893758675,70.04666517927268,73.85862100286303,69.07714308192882,59.60807348797802,82.8940258171785,86.54876401875862,26.226232333346555
1017,742.8768962079747,2436.886943661875,0.5374664768658037,0.26105946717887857,0.1189733572815473,49,0.0,0.013243691487136638,1.6055171865564462,-0.5140373972830509,742.8768962079747,2436.886943661875,1070.8771661021024,0.0,0.0,352.83359684386005,0.3533721772730412,75.32414377540069,82.23075693266762,75.03762129035687,81.14668387488288,80.32416431721714,95.13091646312436,82.47390439682114,75.42484700833587,63.610292726157226,95.19674808379763,71.59900971986139,80.65691228317434,91.49847380812125,21.222691422183726
1018,915.3166472993909,2440.80299690274,0.2681304860356746,-0.00636003101675016,0.25299486536294835,49,0.0,0.008022530806918554,1.2111664236615949,-0.20800955668496238,915.3166472993909,2440.80299690274,1000.0594098371336,0.0,0.0,352.76174918116965,0.3550062709922893,44.84320601647158,83.90195678746518,81.1488890258028,76.65518216662706,74.79034615571767,67.91909478990128,74.57523344638878,99.88481533548907,79.7538476641399,77.6605354098815,71.9437163984521,82.35641871957165,70.25010229289228,14.37606562833263
1019,1849.3263074854046,2440.002276142662,0.6054512044446133,0.260682443707646,0.14144102744272466,49,0.0,0.10977556877892287,15.863076959455086,-3.000968578024956,1849.3263074854046,2440.002276142662,2761.948322771673,0.0,0.0,352.3725807610325,0.3546764760903769,202.84330532675187,202.69095387552568,197.06065641340768,222.66412276864497,208.65246499119172,206.5627537218114,216.56359585683754,196.30416593483113,208.6159697512628,215.3838518341872,196.60980134803089,195.62756480171305,229.68628948486003,62.6828266626167
1020,1492.755158288813,2442.764183278211,0.5669296692678955,0.08407420030425403,0.5263393948724852,49,0.0,0.01211436436892955,1.3894810474121921,-0.35713156839082083,1492.755158288813,2442.764183278211,1045.5537461036693,0.0,0.0,352.52115202886233,0.3558276991256334,69.45618829116859,85.68624005508346,80.60759336107128,85.94685841419957,72.26849120313824,68.89363592463795,87.29490774261124,71.52014419960113,69.17007032859982,85.97703086229481,78.45365204921492,90.33794832995713,80.77718247867232,19.16380286341895
1021,1400.153774651433,2445.7344547803723,0.7805316595710581,0.3582508951779598,-0.032513904564721065,49,0.0,0.015842845173422028,1.7117271108607286,-0.5835863230289172,1400.153774651433,2445.7344547803723,1038.0411655314313,0.0,0.0,352.5597359092912,0.3570649959167757,71.75334098037608,80.74699418819938,74.16494806410924,62.3443345659079,91.31723131255353,85.46431536870062,69.67997308232853,89.36268232540073,78.0640212238026,84.09820223089737,78.4692819181098,80.77405482634703,72.8715595424454,18.930225902253092
1022,1238.4201738536028,2447.8279428986843,0.4611389407699345,0.3817226086584708,-0.2982725551590206,49,0.0,0.016375609913667096,2.576716116085423,-1.0276664344167372,1238.4201738536028,2447.8279428986843,1106.43338700797,0.0,0.0,352.6271246558077,0.3579363877522746,79.09380750568064,85.47847822072359,78.00129997346616,92.29916122670994,94.14914761403926,80.8287507990477,83.3169374570125,90.88822876862301,83.21734712210505,76.16994315289949,59.311550522602644,95.48878284319427,82.29411650757817,25.895835294287423
1023,1434.0716841183028,2449.6578737481955,0.4521849048441876,0.4756064350999501,0.3650094396373957,49,0.0,0.009830356641531559,1.2028641592886995,-0.20054146194398717,1434.0716841183028,2449.6578737481955,1019.2095664338535,0.0,0.0,352.5456034649258,0.3586998080269778,67.58601180800846,87.16753939333549,78.27222298736709,83.22319464144275,60.22700928387795,72.43386442035779,77.0880953781598,59.32666594781044,74.33807821309696,90.53181877252484,76.87388213866471,89.89810109477962,89.43245194651823,12.810630407909262
1024,1675.5194487755734,2448.8409920275026,0.6402342862217327,0.2335674502288002,0.08605929041667287,49,0.0,0.08460945795068488,11.2793933371499,-2.630714354301502,1675.5194487755734,2448.8409920275026,2388.39885151223,0.0,0.0,352.4450002132538,0.3583596629916176,161.37712673806485,183.2114255199491,156.85852662016822,187.70572506135497,188.61790347519008,174.6386627836867,168.23422113956312,196.13726835438564,183.44422669680824,175.52363141053928,172.61606742257607,200.76257886242172,193.39496827682652,45.87651915069621
1025,1596.5028691213545,2450.7257559274017,0.7473881592376503,0.7822097407044358,0.901760922990638,49,0.0,0.025256092519372726,2.235457212267654,-0.8734159041928723,1596.5028691213545,2450.7257559274017,1761.3453621867138,0.0,0.0,352.4779238024609,0.3591450045050439,112.19545429407523,138.65390001272345,127.18953634382459,121.67850916740284,141.80328728041147,116.19674023774343,137.25729758684622,126.62867492089583,129.15958887756787,157.39032376269188,150.47252116365263,114.21109189280166,147.3354278312225,41.173008814854086
1026,2429.6218279012287,2455.541717614829,0.7124538831469283,0.5549103356211312,0.34178958325939907,49,0.0,0.17948359929411792,21.913364658712663,-3.351772664636998,2429.6218279012287,2455.541717614829,4334.369373320935,0.0,0.0,352.1307949039884,0.36114501365432256,316.6254233528797,288.13079483634647,283.74027916676306,331.0617929507688,354.54290441217324,314.04189057337726,393.393152164727,333.2836803260227,339.37017075548647,343.68237731726424,305.1024549728346,323.4466691280247,326.95119308353753,80.99659028072915
1027,704.593660984187,2457.0434299675994,0.6094681099023392,0.11497340645083107,0.008304647120106477,49,0.0,0.019099926340234726,2.4250401107802504,-0.9617973158472135,704.593660984187,2457.0434299675994,1182.3411971829967,0.0,0.0,352.8495475563187,0.36176958953536764,70.34129994424582,89.84532109858074,84.73748242410406,92.55523862809336,77.75644025175848,75.24641929381441,100.7543540943204,100.01054363260701,88.16946901618073,85.10576232775846,99.37868225958957,95.42089844710657,93.173529371255,29.84575639358208
1028,1265.4219466953857,2457.2940091505384,0.49454253800918985,0.23596126687695848,0.12585835061123352,49,0.0,0.014250774699894683,2.064950459081166,-0.7872740920321792,1265.4219466953857,2457.2940091505384,1004.6077798167428,0.0,0.0,352.6158739843194,0.36188059704587605,67.56004690663686,82.09824198655888,91.60689408689188,76.5874626422974,83.686934790309,67.77919563206092,69.82305191676667,70.3148793436489,85.00695980338719,90.05169240989753,46.64794391550626,87.55627413133848,67.74907488885081,18.139127362591925
1029,588.1177806727944,2460.389047644089,0.6229604839498404,0.43481933267712297,0.21015405907643997,49,0.0,0.03287897259331551,3.9422998586799105,-1.4893741361201396,588.1177806727944,2460.389047644089,1644.1729950396289,0.0,0.0,352.89807686056537,0.363161378743248,125.99309952129663,118.55907412199267,123.28562696385644,119.33463379204842,120.45547872579574,120.24872920563283,117.7416842936482,123.59751409480603,120.61202960725907,143.8157396074069,107.29553118229853,126.92295235180973,132.63838656269195,43.67251500908574
1030,2568.832781215106,2463.707893435065,0.950516514491532,0.10761308405604866,0.3341124356238109,49,0.0,0.0236760926103699,2.0961027419257854,-0.8035314151946145,2568.832781215106,2463.707893435065,1289.6144066180325,0.0,21.369126355473732,352.0727927896372,0.36454498037532806,100.92780948192737,98.1746444147823,90.72147908488691,95.38249046581745,95.11206452172694,78.05245391070109,94.06945797258749,103.96969632433823,108.46187555545828,84.99929820048732,101.34931353720005,109.9095432366034,102.37106635762771,26.113213553887995
1031,2434.364809736014,2467.966537902668,0.5079358800206971,0.4987437626707784,0.2977366760500981,49,0.0,0.03747380213263994,5.305219191179099,-1.811758329949206,2434.364809736014,2467.966537902668,1837.507359929219,0.0,0.0,352.1288187300793,0.3663216485392111,146.10658494717407,136.04790363027814,116.23933959586,123.34719144505132,130.34231817342283,118.4516146941438,141.7818944617714,138.2398813583709,155.7064591230886,153.20280932656442,114.09679540297398,146.4572202400521,178.06243405330144,39.42491347716598
1032,2634.1373411489844,2468.1312781951715,0.2900653174276947,0.1694713155550878,0.6160207986843659,49,0.0,0.010624722575504834,1.3785651754660813,-0.3485682584877918,2634.1373411489844,2468.1312781951715,1252.7247259994933,0.0,647.622208841584,352.04558398276185,0.36638667215756726,102.99006368493733,116.68631123160134,83.59450263546094,93.76247624660917,85.46255580307249,76.95357942729709,86.04967375349499,110.70177470288772,109.5615049103728,104.47486133436922,82.89051415431155,82.64423807159127,92.9933015222698,23.959368521217694
1033,2411.9011605139376,2468.960661397648,0.3340447687146374,0.4961183471007414,0.3905042807335887,49,0.0,0.008379368763433384,1.103495836767055,-0.10692674752192462,2411.9011605139376,2468.960661397648,1089.7955727202327,0.0,0.0,352.13817825380016,0.36673620092618886,93.2743464154689,81.72759858914768,77.28602404657644,78.07060721927402,91.6470944322257,68.65884624489304,77.25604747292992,79.97311786445722,80.25844297532802,84.12838426813968,59.64838665134329,93.50522914823779,91.92677323190529,32.43467416030573
1034,1220.854594127681,2470.659444815321,0.7054505123417585,0.01832448492318277,0.002491880320415245,49,0.0,0.015755064478880046,1.8751822066117854,-0.68260868346794,1220.854594127681,2470.659444815321,962.3703830422232,0.0,0.0,352.63444360022976,0.3674489829739863,66.5334572410195,76.19520674668098,76.52621695194739,67.58036687777519,72.91433856116724,65.95153811975739,73.98789961702906,77.69111974949446,62.35936702028144,73.31260939965787,66.44921447502884,74.32459172173577,85.75601424562845,22.788442315019644
1035,1146.3813203730363,2472.1842214565677,0.6709530142041912,0.37574920402006845,0.16904354950553893,49,0.0,0.27851692052320337,38.33635193300962,-3.9590269581871773,1146.3813203730363,2472.1842214565677,5140.62085500526,0.0,0.0,352.66547386205224,0.36808367433506406,391.46818499681876,361.6342268339149,388.7510692254098,368.81174188024335,383.9440449166388,331.563120540315,406.6087547873362,390.44959909895283,402.06895779853005,408.02341144870553,383.30053611655,384.578753749514,427.1714220042253,112.24703160810498
1036,1362.3020322558652,2472.252430794471,0.5963343678997782,-0.21673241354251288,0.008880662717343698,49,0.0,0.011370916470674708,1.223921253841729,-0.21938369133318186,1362.3020322558652,2472.252430794471,1015.2036783690371,0.0,0.0,352.57550743838266,0.36811354861151674,64.81776273014725,71.005943317979,74.81631125280089,82.2334247311822,79.7273955935642,64.89318198045645,78.22955908951951,90.71152625723613,82.87732207507551,76.0565390811845,71.24454771286901,76.77113031460755,82.15357265728537,19.665461575129534
1037,2058.344630745783,2474.3126924169514,0.28538336350013604,-0.139398933273662,-0.21749941485241178,49,0.0,0.007521196500080108,1.0560098479670428,-0.059169920726022666,2058.344630745783,2474.3126924169514,1025.2850986603721,0.0,0.0,352.28549033504277,0.3689704635259302,83.03829089588275,70.55280958033049,83.2361982712853,63.348866890015614,82.6536455799035,81.87422037978476,69.89794609999444,83.41803510497257,82.757712210526,79.73881052656338,67.19286843590558,75.29323043391484,89.18748994506477,13.094974306228163
1038,2020.6841648334137,2475.087501697557,0.8956018660881806,0.5063425505064478,0.23968773091190612,49,0.0,0.013765793942015023,1.0135347568671167,-0.014596616062392695,2020.6841648334137,2475.087501697557,1203.2282114728275,0.0,0.0,352.3011820442814,0.3692936087779771,91.86829507478657,69.50362777388672,90.36426938097843,103.05928032673728,93.28690306450473,72.00711140073588,88.20676006902028,102.53648284778748,106.51402898998894,107.3210410278968,67.15956121279098,84.63309950283785,91.43768698243868,35.330063818436955
1039,1792.3068260843263,2477.4165407913665,0.9620618771733086,-0.28777292555092593,0.1906449938869289,49,0.0,0.02365091828116011,1.9284864900482914,-0.713041501940815,1792.3068260843263,2477.4165407913665,1407.4182236610086,0.0,0.0,352.3963388275625,0.370265366199083,82.43063171657803,109.00801503970092,90.8284689176653,123.1506130709594,100.98183130470376,105.83865797529593,112.31429658744571,112.07763660125498,105.19576344752895,116.64627909144791,97.40410341299332,112.58220048446799,102.76019691862646,36.199529092339816
1040,1801.1396909730042,2479.0629419997977,0.6955582468537651,-0.2134840947638308,-0.10939940729823719,49,0.0,0.011485757674513706,1.1100996575207651,-0.11340492167060764,1801.1396909730042,2479.0629419997977,1193.0695690705963,0.0,0.0,352.3926584725862,0.3709513040852836,79.80539070851299,98.00070047725538,80.9243670979877,86.89468675447499,93.50319089266075,89.56577025958286,92.53451890576888,83.87925969073856,95.57858560415185,91.78288065266705,79.5585451975028,99.17281633986956,96.56623348940414,25.30262300001884
1041,453.09133171675194,2481.242353849761,0.5278667341306544,0.22354281831153727,0.6361577504564131,49,0.0,0.009614197183926547,1.0225642924675684,-0.024226558168126154,453.09133171675194,2481.242353849761,1174.4798749359934,0.0,728.9290991251037,352.95433444327205,0.37184680561441735,86.42836664414206,111.61773955441424,110.59680566719062,82.52258929436564,82.86228904834485,77.29737150484077,78.66551731811194,92.28804968781807,113.73922958812886,79.34672664427647,70.35126440867244,72.73531609091552,89.61712297031076,26.41148651446126
1042,858.5482529007594,2481.4428381006987,0.6539390138334826,0.48338037105658116,0.0033816472126485587,49,0.0,0.060694059093643164,7.891733495005087,-2.2429310265989604,858.5482529007594,2481.4428381006987,1910.3985170459262,0.0,0.0,352.78540206179196,0.3719378678462312,140.46289644662636,151.77023404655847,145.5136554309948,142.85907013982458,136.33722189832747,151.32646471998626,150.9117601387419,127.84289146192441,158.36458808645375,142.29364289239214,140.54836359681445,130.0680967109818,164.41237110351844,27.68726037278143
1043,587.2994088079923,2482.584007043919,0.5752993546573381,0.08300287613364135,0.13049404358260952,49,0.0,0.035188232533763936,4.550372591920502,-1.645117397131832,587.2994088079923,2482.584007043919,1609.6490835132306,0.0,0.0,352.8984178363429,0.37240864055425305,96.06503719927912,120.43772248847071,113.54956286994103,115.98820702281174,132.48631889289737,116.21121972014224,123.38847687653526,125.36055867153429,131.42697890392333,114.14270108013227,110.69330920073227,130.60640505364063,147.85617821616972,31.43640731702084
1044,1586.6343217592096,2485.0260627322127,0.4276728547456436,0.20404348977941786,0.22643170140746113,49,0.0,0.07312632208112219,13.11534124347302,-2.7944489870737117,1586.6343217592096,2485.0260627322127,2391.052120120933,0.0,0.0,352.4820356994833,0.3734362285737211,161.387696749157,182.99119082372613,194.8529634596862,166.75390974576408,206.85338317667657,186.7492644224797,157.62143172996844,182.37023362685656,179.63513289199315,176.1336436261592,185.7341203868336,179.49502177594525,185.90017800382896,44.57394970185857
1045,1189.1722774820068,2485.775337714076,0.9464248078245738,-0.1659439666151223,-0.17687929066576663,49,0.0,0.016430634966377665,1.4666069902309748,-0.4157843765629041,1189.1722774820068,2485.775337714076,1012.1055287869185,0.0,0.0,352.6476444650297,0.3737467434279602,69.05146616374537,73.83492989676634,72.04976262209405,73.63840085819433,80.46754546637378,76.54665757830318,76.70094528309185,74.72420673935167,82.44496154090876,80.68841893310042,72.10427068158711,80.64002284477894,74.13934944571429,25.074590732908288
1046,2052.936358768993,2486.749315093515,0.5103732395324804,0.5354447134537264,0.19082276032424664,49,0.0,0.015163272376915672,1.8642794814198334,-0.6762775492025048,2052.936358768993,2486.749315093515,1153.05202660444,0.0,0.0,352.28774375678785,0.37415219739528244,83.35886837634345,86.84283889271111,81.8312107361419,84.14136591755373,101.01320905029448,93.3287753078991,67.45726230329049,98.90809232171333,77.37171471893677,103.73054391645847,70.05364079727065,83.25433700470322,97.96590692712199,23.794260334001358
1047,1665.6969483735472,2487.5991395184087,0.6771140370074992,0.4105669085107099,-0.15645405721833597,49,0.0,0.010631981891215383,1.0838197791060773,-0.08739268095150625,1665.6969483735472,2487.5991395184087,1046.3214191900242,0.0,0.0,352.44909292220507,0.37450825921938496,66.4997283530895,81.74204891370391,63.27082113887738,87.67529434682493,72.33491330908129,62.776894384886404,77.22589729846831,78.712843062767,81.33005459658565,94.78474931986179,75.64308712888396,81.73999787457058,93.09654152645675,29.48854793596667
1048,1643.173495814451,2490.335953585861,0.46209918713616416,0.7567792971519796,0.15453862134848473,49,0.0,0.008332246946906707,1.0938268020656061,-0.0973714017439893,1643.173495814451,2490.335953585861,1009.2180567526547,0.0,0.0,352.45847769780977,0.3756485748161841,60.89501779444232,75.46248675796431,80.01147805695118,60.32287796706832,94.67118003567305,64.45729949801967,73.1042749265312,90.58785854397381,80.23409252230408,76.05799881988482,78.32605041263935,73.54681948858038,82.94908679027296,18.5915351383492
1049,1172.9157872169922,2491.4650144703387,0.638740678139626,0.3527771097398507,0.22826092667507175,49,0.0,0.03546729039124379,4.3941565311828255,-1.607188808872534,1172.9157872169922,2491.4650144703387,1445.1875424964396,0.0,0.0,352.65441794398106,0.37611719695655627,94.84119159691932,107.78111512806649,94.50452954718003,115.55135213017321,102.25180646489444,108.01607393065643,117.7210284784161,110.36982178450864,94.66458461597227,123.0509084268505,99.51371249722582,111.97929188529405,134.5683595933138,30.37376641696872
1050,1091.4059720113396,2491.624218670056,0.6175245178416502,0.15840547834223256,0.20377517075938567,49,0.0,0.621913072414476,90.2863193413151,-4.889054871777905,1091.4059720113396,2491.624218670056,11662.511700729861,0.0,0.0,352.68837999095393,0.37618276950897644,787.561762619432,890.5103147266141,814.7051731643346,916.550075893365,892.8242013574738,845.1233753260099,915.8019418061351,880.6243897481269,912.2005649856426,909.554686445857,843.1987968701479,916.351155475301,896.9345383486263,240.57072396279676
1051,322.11061922152896,2493.0253479592375,0.4705092887832037,-0.11242848938674976,0.17786367628047547,49,0.0,0.017410097625939713,2.8156389804971997,-1.1239424226691705,322.11061922152896,2493.0253479592375,2317.898327827961,0.0,389.7262669396284,353.0089055242853,0.3767528464808202,393.9344120100578,46.078879820440854,0.0,0.0,0.0,0.0,0.0,102.71640381799834,42.65740967135168,1218.0295406568666,495.8799826806285,5.8154198082186355,12.786279362398547,0.0
1052,1067.867742963748,2493.1036744979465,0.7594997313311868,0.21234396485003568,0.14770515929796563,49,0.0,0.05940380848210815,7.286464750344713,-2.1562921706524496,1067.867742963748,2493.1036744979465,1690.9087595478768,0.0,0.0,352.6981874513152,0.3767989349845162,116.35230899527556,114.077682266473,103.82092620202162,132.58619565324332,136.7582475793458,125.92454114532597,135.87739889085356,118.79792076891891,131.0624050854429,135.71289368017625,121.96500333355769,123.86344067026258,161.9085671380475,32.20122813893214
1053,2538.590557164191,2493.5747802243745,0.4309875621682012,0.606396235425544,0.44971408610372143,49,0.0,0.16006160492669091,24.134647477319533,-3.456602399198877,2538.590557164191,2493.5747802243745,6319.14027765844,0.0,45.80757595861341,352.0853931103552,0.3769892751874118,454.03580757691395,491.9111251897569,441.31846833867155,457.4133657361659,479.4584471883196,396.51990653109857,534.845529030114,511.82959360132566,462.3312283226592,513.8819956905912,479.18715722803654,487.2732428142634,486.6697569493679,122.46465346115544
1054,362.0183839632642,2496.876579134228,0.8649068075927292,-0.3837962074457248,-0.5317782161321656,49,0.0,0.010199176019703602,1.1329796038513282,-0.13555522917184043,362.0183839632642,2496.876579134228,713.017907600277,0.0,442.75679861136143,352.9922786735869,0.3783583937025394,54.56942893999795,57.13514063003283,171.06080915392533,27.29725570943033,47.68450029652497,33.80885054246353,34.755210287278544,43.88646538929483,64.10230288759998,29.529550668629128,78.23907163830907,39.12915846685017,30.782999008785623,1.0371639811547024
1055,795.953373464497,2499.1618735239535,0.5626423352642781,0.2835761360982362,0.17596771108122403,49,0.0,0.9170117815411609,135.96022428997804,-5.33352968088927,795.953373464497,2499.1618735239535,19755.42596375785,0.0,0.0,352.81148245446354,0.379319411796985,1350.0046271514661,1511.967915090962,1363.4397920887732,1518.8362177401032,1528.5840967247323,1314.550639451903,1598.6131696428538,1512.0223486503326,1611.3966178869116,1517.2821801702182,1427.2440103697431,1534.333911891649,1571.2422763749187,395.9081605232843
1056,991.0929256501018,2498.9952238345263,0.45823833895697197,-0.03207614646364357,-0.022116128944224017,49,0.0,0.013196521261429763,1.6969867280282012,-0.574196114387802,991.0929256501018,2498.9952238345263,1134.4749711431978,0.0,0.0,352.73017642484706,0.379252745432121,71.42955656796033,88.09932292289639,63.717160620096706,79.25191099156902,96.17662057536063,81.34036211982149,94.51701191789229,90.53759652139698,94.12989405309631,77.79222466216999,92.62930717190991,103.08527507874324,76.25514286094094,25.51358507934343
1057,688.0251032904849,2499.931951051673,0.34963769920201226,0.24357947320226717,0.1199877926281827,49,0.0,0.03222851983220435,5.631834510299371,-1.876624711784118,688.0251032904849,2499.931951051673,1710.6091185069142,0.0,0.0,352.8564508373532,0.3796383980462769,130.97640059961083,134.6384041387177,119.07099862179845,131.33283136667774,134.46772480335483,106.38894147999035,116.03559751544348,125.09471876091924,132.163796918824,133.44622114282276,120.62323337898235,146.0000312621945,143.630272562122,36.73994595545593
1058,2204.4510743990177,2500.76848959478,0.6242526584777763,0.5388426974817607,0.22355190122764554,49,0.0,0.032605384667296004,4.349766935461405,-1.5961649691942457,2204.4510743990177,2500.76848959478,1357.3988231127144,0.0,0.0,352.2246135259696,0.37999163382014,88.42320062608576,107.771992847278,85.22733943594852,120.64581860198938,121.73586520986618,82.37333671157688,91.28937639191145,94.23483165386928,103.10252313374909,113.15397330227961,112.39649687663662,98.3859461334159,103.93572613685323,34.722396051254506
1059,1685.403779178281,2502.2303096795476,0.5650808069387407,0.4533282973932868,0.23493045776957694,49,0.0,0.09728176117441775,14.571317431292218,-2.9087470481406204,1685.403779178281,2502.2303096795476,2607.2513702802416,0.0,0.0,352.4408817402922,0.38060429175517674,194.73316143979966,203.85159520670604,188.88393215529055,220.8750060279575,198.7985673946347,146.32157626995846,201.08596397974108,211.65403954336466,189.48101444106982,193.35818933763193,189.4531707790471,211.06665453395104,194.42113280318623,63.267366367902774
1060,1794.5849178969784,2504.0097731636006,0.6694529220730703,0.24237682952432255,0.15476457329146065,49,0.0,0.20759723833464686,28.09463001943904,-3.6215582930194534,1794.5849178969784,2504.0097731636006,4180.806721558323,0.0,0.0,352.395389622655,0.38134539564314074,301.7970495767152,312.5537409814057,296.3963516367962,308.9790874447872,327.2296035740982,319.96421358206806,322.1621856912561,317.5755565712126,322.4633317667025,346.2325325322607,297.68481037530466,296.72850223760406,328.49946114863724,82.54029443947478
1061,696.8495628375206,2504.6426483589657,0.9631775633524642,0.20192094952797182,0.21634300271330073,49,0.0,0.01913508505509382,1.6641222249357446,-0.5529630519807414,696.8495628375206,2504.6426483589657,1229.2640940903877,0.0,0.0,352.8527741385778,0.38160122267576146,84.39225476533304,108.28815382390036,93.42883485270217,92.67460182095174,84.90355548633949,63.41913809616839,85.30970960209096,106.34188110643302,80.9505036512229,119.83328067658165,81.79278247338374,96.70089325952159,105.70766462497306,25.52083985078552
1062,1276.070066644666,2506.4117970535863,0.36984884566127696,0.11631749677189687,-0.2807260701886184,49,0.0,0.011170345308234582,1.5930140672543933,-0.5055490272366391,1276.070066644666,2506.4117970535863,1085.9525559912504,0.0,0.0,352.6114372949348,0.3823455113303697,80.64967990202018,77.37057340932063,67.80106830880567,83.53434180403482,82.35388075487626,66.56213386672978,79.0795522828104,90.91327245344947,81.96455161125128,83.64430043907196,99.27667854416583,84.7269455601166,88.2702185782837,19.805358476313838
1063,2082.254920544175,2507.1270864144053,0.7045542778192851,0.3508602678455574,0.28457872090172204,49,0.0,0.03323803797736184,4.1013806112982305,-1.5323251850551367,2082.254920544175,2507.1270864144053,1286.2643255848477,0.0,0.0,352.27552782107927,0.3826422515377737,79.86648361812229,115.36817053182277,93.02758054509238,92.4265992492652,86.65989207019032,95.39464172739682,116.37978712400972,100.46243430293723,103.88790931320396,98.28632572675878,74.15440514409283,101.56922805946094,108.05758080788895,20.723287364605532
1064,2279.793449865496,2508.066913032336,0.7048118632129277,0.46480553193068463,0.516289694371064,49,0.0,0.015943718027785797,1.4817845389744433,-0.42696264754074237,2279.793449865496,2508.066913032336,1281.9389484377782,0.0,0.0,352.19322153483364,0.3830315036769054,84.52151542104077,108.1491158776484,88.5539466896388,88.38998269538936,105.92866459651731,91.61379300450704,114.71175882386045,93.86312180257777,97.43558337448958,93.17823214949033,90.93705726070719,107.75837348894032,92.60192461860683,24.295878634364016
1065,538.2551013588256,2514.671777405283,0.49956149974599556,-0.19626771319532152,-0.22059274835838452,49,0.0,0.010333428551185265,1.0305002926770852,-0.03262029865301134,538.2551013588256,2514.671777405283,1225.0990927587168,0.0,10.77972390935572,352.918851820582,0.3857765733751666,66.1743526270958,95.44073967963162,80.81585262381535,102.2100196368254,102.69305948829407,83.15570944972107,112.410706078631,102.60111981040265,82.93422863976281,83.86863910661333,78.69996798331653,110.71590159477199,102.68872648756215,20.69006955227304
1066,874.6927287958936,2514.022640735776,0.48822883623162644,0.3472213376787953,0.14031690771497482,49,0.0,0.03567457720028688,5.4250048799819925,-1.8360003329596197,874.6927287958936,2514.022640735776,1603.2481425061806,0.0,0.0,352.7786753908497,0.3855122516066096,109.49054297872809,128.50336293866235,107.7114025040001,122.09215055522195,123.39282159612485,105.02275646785134,130.68144211172586,134.10456015932695,121.92796648453177,120.28515709458947,116.44717384751868,114.71839002295711,132.6115702397779,36.25884550516409
1067,894.7926555281348,2513.0198424046825,0.4816841957370671,0.5033826681710685,0.4533832328038894,49,0.0,0.013913588491376356,1.895686611033794,-0.6944163568350745,894.7926555281348,2513.0198424046825,1117.329732210399,0.0,0.0,352.7703006433329,0.38509473618595763,72.67651362348604,82.03068622156215,81.67708024740043,78.48800037357444,77.40854238386743,83.57340412510713,79.01770941030593,72.88709914468521,94.42628266728366,93.46882165605852,95.7689625024083,98.96196794315352,81.98453771238172,24.960124199124557
1068,987.0065815179648,2515.358048397598,0.7562780991206602,0.014778634107444519,0.22414442620191588,49,0.0,0.015347607336036942,1.5102186414780219,-0.44759956676531104,987.0065815179648,2515.358048397598,1083.5152900525143,0.0,0.0,352.73187903812175,0.38607017464634136,66.39355391040354,95.2091985303606,79.05855656612135,76.88931240982444,83.82002195364275,64.04169131627823,89.63724402100036,90.05425255454766,84.82157601836371,74.57850967584525,65.82864336315927,89.84545955261726,97.0224908467969,26.31477933355293
1069,1689.1518625487804,2519.16638474517,0.6384049001758049,0.44119478844216614,0.3927525817908527,49,0.0,0.015198590301000934,1.7628389597235685,-0.6155316002351479,1689.1518625487804,2519.16638474517,1092.359938015858,0.0,0.0,352.43932003824216,0.38766067251490777,74.24505065362465,81.04554428354595,76.63976446392418,73.7230346883938,89.04878259916336,68.04750950725415,82.79932191615455,73.4363026099653,95.92786456465103,102.03463398779948,66.57080337246242,99.31515996721575,91.64124967713468,17.884915724568884
1070,1735.5029186417569,2519.8170335182563,0.5426884942097264,-0.0896819312084097,0.36333917242975305,49,0.0,0.011345903302921859,1.2802135473718668,-0.2682060465997409,1735.5029186417569,2519.8170335182563,1101.7185663948117,0.0,0.0,352.42000710005675,0.3879316576695721,72.6377203290028,85.92506650903388,69.03370560283722,94.89933662590714,87.73932455694208,74.02156669211104,69.76933364315707,72.23242593268657,88.669047300974,81.43301878971931,93.27089090336457,94.07313357848804,95.13732325704589,22.87667267354219
1071,2235.852260584679,2521.4042656855586,0.4948702967005129,0.610277633023675,0.24596607411891105,49,0.0,0.009913883482892297,1.204163041718705,-0.20171323417512307,2235.852260584679,2521.4042656855586,1080.2500459693697,0.0,0.0,352.21152995338,0.38858901405455176,69.87069411973602,85.1162773077753,72.27333877831228,92.15669455676414,72.29230082193583,74.67020811476966,76.73203976235382,102.86432533781579,66.96386954519203,92.26594758728339,69.33195758816471,96.39292315808703,87.46151230617183,21.857956985007686
1072,626.7731754237656,2526.0501805614626,0.40285601384080727,0.42627159869427517,-0.31007011016308905,49,0.0,0.010141105874993136,1.1728843593662523,-0.17313798731170327,626.7731754237656,2526.0501805614626,1152.7836681939261,0.0,0.0,352.88197129402255,0.39051908196026647,84.37068189930037,99.06865541646286,89.15953363542684,82.12679924252268,88.89727641544621,88.65625480266137,81.34393671534545,93.64838881401751,80.40962252527666,81.98121765619601,79.58177177610409,96.05322387628722,78.96044126251084,28.525864156368044
1073,674.9348371982245,2525.9391535461873,0.2599706328144543,0.5450332954105485,0.4497301931024554,49,0.0,0.007280992019669794,1.0261915865443274,-0.028071124189686054,674.9348371982245,2525.9391535461873,1076.0116703523656,0.0,0.0,352.86190488056144,0.39047376835277314,80.6766910694941,80.95490645532342,73.73380692718898,96.94265539418734,73.33447118028218,64.10504951403,72.15281562590619,103.6328778651723,78.12090971481226,85.55260780971136,66.23445267740414,85.10724859525803,87.63691869625978,27.826258827335657
1074,1418.794445497649,2527.214544297711,0.4878716934116569,0.1479959172601988,-0.18548636133980556,49,0.0,0.009047024843594301,1.077863791178992,-0.08140970714335244,1418.794445497649,2527.214544297711,951.4493217222669,0.0,0.0,352.55196897783196,0.39101366054653236,59.98501761652895,68.72086335880341,70.19399032259183,77.63011725249167,77.37288711261546,68.07088570713248,68.60072525759998,76.51195402511264,71.7371166119795,90.0877829074954,60.08478869133003,73.93569980158051,71.72446058430049,16.79303247270455
1075,1472.7517522187106,2530.833279320931,0.287516473490977,-0.02513012380537765,0.16792705678038652,49,0.0,0.009815890639392146,1.5891730468159977,-0.5029279764756364,1472.7517522187106,2530.833279320931,1024.2646160263646,0.0,0.0,352.52948678256087,0.3925215700442355,79.98241680821208,75.02203202393557,79.58209436938415,91.29198265028504,75.50774480301374,65.19327150544669,91.86879500649911,84.16165194703618,75.29256979075433,67.97556133610621,72.47294684158393,75.00253228035263,73.1189723866578,17.792044277097105
1076,1584.366637505178,2530.9373012863707,0.6252188418763632,0.2740895354500549,0.09221112798039088,49,0.0,0.18332250297131894,26.035449296000607,-3.538912691834553,1584.366637505178,2530.9373012863707,3922.3327536842608,0.0,0.0,352.4829805686247,0.3925650772241552,259.1148709407788,289.6849743774794,282.6760674226503,312.5273372831293,313.74592655478324,269.7772524504255,307.91825008430635,319.8377310127537,310.75490768784783,301.9523729537136,266.6070073301287,329.0223072838984,293.86594052535725,64.84780777700814
1077,2665.471354033758,2532.1007598907277,0.5446007788190126,0.5936681879468475,-0.048677916593263246,49,0.0,0.007367036883484971,1.0440793950603942,-0.04683381257933211,2665.471354033758,2532.1007598907277,1169.8717265365333,0.0,458.93439392344754,352.0325288796057,0.39303804540039833,8.815337145936784,44.32472386747154,60.47243611326867,88.21499621281427,145.8959859298336,52.050022400066325,57.976420375586116,110.31175711793837,80.02070540793815,35.67282018586786,60.51934551606163,336.6413063415416,64.53646899345799,24.419400928750363
1078,1603.018392520532,2534.9711396427288,0.48868180470566785,0.19088857917675373,0.25871207951703146,49,0.0,0.01215109335562279,1.3905396389128006,-0.35795843358607976,1603.018392520532,2534.9711396427288,1154.5175713025283,0.0,0.0,352.47520899954816,0.3942457685601988,89.18817423441166,86.98002803026033,84.2182339964008,92.85140252563748,105.12132262764214,85.51833499688581,94.7950050286057,77.74593376800982,86.42158536741164,82.68696439857638,75.19739432624642,94.7828816045342,78.15030429343155,20.86000610447418
1079,796.3160802579614,2534.993930683884,0.38298780528099235,0.3427156186359094,-0.3269136112736756,49,0.0,0.01100677890252157,1.264818102702027,-0.2550701820149513,796.3160802579614,2534.993930683884,1103.5295891372762,0.0,0.0,352.8113313391689,0.39424852280518385,77.4530530859991,93.02079054875601,72.79119256840687,85.5368554026409,80.12364985643887,86.72077547577538,77.40181503825175,85.9441076447285,80.03651718849468,92.85070636504443,75.54906151718464,84.00562314755365,91.84214590586434,20.253295392136778
1080,2027.638749010808,2542.2062826391957,0.44173669739141075,0.11012429010265905,0.14812315862204248,49,0.0,0.027935756118383455,4.071804445304873,-1.5244672804163173,2027.638749010808,2542.2062826391957,1465.3842643401229,0.0,0.0,352.29828431938546,0.3972583547922025,116.03408345266521,114.78789207033824,103.0284620184766,115.84937103155339,108.00308687746812,88.94627995762175,111.34096989802673,94.4523194789936,105.31389577272947,132.90663407391781,97.55034816507404,117.93701506907621,132.8855102963461,26.348396177835625
1081,1079.5227018505957,2545.1197673269385,0.5542239016382214,0.26929299475483015,0.08129682327054565,49,0.0,0.34345785940822937,50.52273265755655,-4.258717081252281,1079.5227018505957,2545.1197673269385,8117.517667831733,0.0,0.0,352.69333129402054,0.3984713063853035,526.6426643278771,646.3301714619728,574.3457197263041,662.5017590029291,644.5831281878907,577.4668059799851,665.9619796208385,645.2711820235244,602.292809423559,649.2640788913208,560.0914423394989,635.582314911346,577.6967198827494,149.48689205193756
1082,2099.280889808564,2547.418804977608,0.458792298412155,0.9938513964338601,0.09634968580584476,49,0.0,0.009841968697789309,1.2254667827173829,-0.2207538595984383,2099.280889808564,2547.418804977608,1088.223710037801,0.0,0.0,352.2684337481924,0.39942942561096745,67.29956352060461,74.98293696757221,84.91050697900152,76.29804033936995,93.46887864234775,87.37562553433689,69.32726350962305,67.37493016307687,81.66522513847671,87.44229376894981,88.6400097039121,88.51064223561312,92.87346720222945,28.054326332687076
1083,1310.819058078459,2552.1387263204933,0.5878570323933296,0.39026984027619616,0.20646026673440115,49,0.0,0.05534218317704965,8.034594134371718,-2.262409858425235,1310.819058078459,2552.1387263204933,1766.232462087456,0.0,0.0,352.5969586160073,0.40139770266994257,123.91946542870146,141.07602173525086,137.2148404906658,110.33241376149783,154.4421063564297,116.72700362868166,143.54342695671926,118.69207924481024,123.05536241126254,141.71340876683416,146.66156919056291,132.575701322579,144.8469272379266,31.432135555533886
1084,1439.7596702884098,2554.3978588450377,0.661406476317491,0.22563562362353035,0.22136288919401015,49,0.0,0.18290876743121948,25.3888219755618,-3.511606375915888,1439.7596702884098,2554.3978588450377,3723.2605131217197,0.0,0.0,352.543233477138,0.4023395784702403,261.8375745684397,279.9967608862754,266.20139249255305,273.0130878647801,274.7529111378182,268.6085913654894,292.26619033388886,305.30492038141523,298.87028809669323,265.71772614212693,256.76311122769886,290.91914965059004,295.2072127535356,93.80159622041498
1085,1164.3333480831607,2555.126070564235,0.35205389257303255,-0.33771807185877395,-0.07069047633268762,49,0.0,0.008926594434885573,1.2503176980044814,-0.24255094643922143,1164.3333480831607,2555.126070564235,1055.4913167957993,0.0,0.0,352.6579939341813,0.402641234881864,78.57724078982037,92.84421187391187,77.62217276556952,81.84325977751055,76.06752662797226,68.58320790919879,72.94589478454078,73.99710559183188,91.44830617405549,89.12573728359392,68.63240771519187,73.16862973864878,90.23966702205279,20.395948741900206
1086,2103.659882244589,2557.7759916742316,0.34898554221744266,0.5821705912787811,0.5122996372614912,49,0.0,0.009155187996294764,1.0908720242423273,-0.09443451069316279,2103.659882244589,2557.7759916742316,1170.2528314057313,0.0,0.0,352.26660918980156,0.4037446379688083,92.64297971550855,86.37792661171676,89.13374813394111,96.30046539855567,87.51656619919774,96.7695160900978,80.40011788240251,88.4038412158922,88.18699489521114,80.94114028822024,82.26924983252538,90.14252142601349,86.23494247105612,24.932821245392468
1087,1153.765307307063,2560.618978765107,0.7461167084605618,-0.3183415962076461,-0.3900366754746798,49,0.0,0.0110751354261677,1.0214286371310384,-0.02302007430605438,1153.765307307063,2560.618978765107,954.2448641413376,0.0,0.0,352.66239724238005,0.4049297242854382,66.99117102839398,89.51822750016797,71.49712760165085,74.711165886461,78.02669013505188,62.92964386382873,62.62367961911942,77.46668441446687,71.64893705780511,65.86839051589517,68.2294632984882,77.43472661825443,68.65289956786435,18.646057033889704
1088,2615.8052313581948,2563.282795082847,0.48809683576951673,0.4413162154172052,-0.25795328489755615,49,0.0,0.008839650380736684,1.1937370338557463,-0.19227166848373106,2615.8052313581948,2563.282795082847,1172.556870646998,0.0,712.9722214808959,352.053221917049,0.4060306631908293,35.989648357165336,140.8195333873975,76.14249337601971,98.78308538486135,97.53420117098364,71.68699148272802,93.44154423863782,77.88017642274642,114.18132940299523,108.10101933492408,52.492932071116876,70.26549349602399,119.19491232920123,16.043510192196823
1089,1226.2689068150507,2564.976350635156,0.4032777470127924,0.44108494474304677,0.40457775372172444,49,0.0,0.022247024295101565,3.6867952028083897,-1.4166225343051608,1226.2689068150507,2564.976350635156,1234.8087803862154,0.0,0.0,352.6321876614609,0.4067458375743802,65.61805705947128,89.95028097765238,101.37351878813593,80.03040086794846,103.19973442848502,96.42422324127675,95.7068944200763,105.68509652444271,85.62197743670708,98.3993916141113,73.57611956106331,97.89855133280484,109.78339727549829,31.54113685854194
1090,643.3538472441005,2568.4017640722464,0.32876220325124567,0.46170214324187653,0.4260627615488869,49,0.0,0.023998225664287325,4.158424117216654,-1.5473219522515558,643.3538472441005,2568.4017640722464,1586.3336846549387,0.0,0.0,352.8750630277853,0.4081646417084032,96.50013904949148,130.2361140875322,114.956487343952,126.95345980280243,122.32502439058536,103.92965913716209,114.074593211701,132.91029758507958,102.55948654170987,118.58185507367295,114.31148808348834,128.88398423449476,143.70761146557192,36.403484647694874
1091,437.8051033738515,2569.8670228875644,0.5224955389512396,0.1119130210216202,-0.16780691496226346,49,0.0,0.027254456856550174,3.672202201431989,-1.4123164665547905,437.8051033738515,2569.8670228875644,1445.2091322910894,0.0,1195.5548845852693,352.9607032858584,0.40877041177330153,111.4421964419522,145.54224841058254,121.23631168287815,146.03495534946933,85.291863617583,91.56287255375425,74.11694379911717,71.90661211852878,89.55154904681808,87.71722688663016,212.72651918552185,100.29159596251279,96.00869496863238,11.779542267108713
1092,1089.0914761992187,2574.3402550425817,0.20458123341442483,0.3713848459084698,0.2313670831019437,49,0.0,0.01683216809129633,3.4351174299356897,-1.339853970156582,1089.0914761992187,2574.3402550425817,1332.3945004216362,0.0,0.0,352.68934436240414,0.41064593702537394,92.53678920506255,105.89346637032989,102.59272100250115,98.1912651746282,90.28445568561153,102.7411014580178,98.8647525009951,110.79402293716359,112.08001869378715,88.83552002701015,96.0945288602778,98.97126612147949,106.30162497831208,28.212967406459633
1093,2578.419364241523,2572.524664107479,0.23627371517448878,0.9642674214501157,0.8356471180608781,49,0.0,0.011442111934727465,1.6111226885332788,-0.5178215340464473,2578.419364241523,2572.524664107479,1541.205922086749,0.0,1220.4954438395487,352.06879855041234,0.4098819540087983,139.65854956618392,111.54492937283929,92.77195173048005,111.99977454004929,126.64406074345665,116.0812927373929,109.384280753052,109.93712453142861,142.2755023199009,107.85041835763006,100.91032931948808,116.15163042660708,124.00879448170798,31.98728320653232
1094,1836.0673741836117,2575.265909480881,0.9014566778193073,0.24557015742043428,0.2706558824174475,49,0.0,0.032429003129443655,3.252354715779515,-1.280494763818487,1836.0673741836117,2575.265909480881,1228.239928820151,0.0,0.0,352.3781052940922,0.41103384371860613,95.59687079509726,81.75667186823195,90.25810330809772,92.41982441681711,93.15201851230775,99.26543567731348,67.1437653629088,95.19724610191841,101.44257803582691,100.88456124020072,72.61650223014561,111.90990248020428,102.04232724014176,24.554121550939215
1095,2605.7601893388364,2579.6934797992435,0.3039257252205583,-0.9948304071478347,-0.19101242251539893,49,0.0,0.006850237235612155,1.0527623072875272,-0.055825818072878335,2605.7601893388364,2579.6934797992435,1467.2869691721094,0.0,748.5129018651562,352.0574071235623,0.41286814277511874,33.8614470695001,142.03453211627468,116.5378936827706,153.96367687469635,93.72710600863776,97.80345748504752,104.23881583445021,126.99673267897617,79.69301748992146,135.63827845555915,123.8078345092029,142.8029689199114,94.71760241937191,21.463605627789356
1096,695.928481143478,2580.4440168958868,0.3713096684890754,-0.068524429487803,0.05371329896483758,49,0.0,0.03409799171438083,5.739107410600852,-1.8971108822170757,695.928481143478,2580.4440168958868,1828.847793780456,0.0,0.0,352.85315792397074,0.41318294313709325,113.56561525410338,131.20740414995305,145.81417015125044,133.31052627416656,139.21200312593965,129.42099779499557,139.90363138322067,155.48424272525855,114.36749318861641,144.95872593324793,135.94469107242915,143.59750368674054,163.7676141153404,38.29317492519364
1097,988.0403573500892,2579.8284410136157,0.772132468214869,-0.07488714307766359,-0.1141873429221764,49,0.0,0.012336364529843118,1.181723520125314,-0.1812896987039274,988.0403573500892,2579.8284410136157,971.4696961888026,0.0,0.0,352.7314483167132,0.4129313100542876,83.8101145830039,66.03289077408073,74.84536656296648,73.80858610824608,89.19492993598669,68.19445852797028,80.8491883213937,50.96273275030127,74.78926742070217,56.66244416805007,67.11198421869082,87.28482871850446,83.255987047199,14.66691705170679
1098,1518.9118268371913,2580.861265674679,0.5229552178372616,0.42919367542333847,-0.02969208559829382,49,0.0,0.022478730435124442,2.972097137990663,-1.1826574987609837,1518.9118268371913,2580.861265674679,1292.3125574502246,0.0,0.0,352.5102534193428,0.413365654664153,89.19191319270328,95.70154532845847,82.26838049214041,85.17467598187774,108.16176524297755,87.6766255287533,101.51437905541897,102.56683492107408,101.74222323097023,87.43826108005001,96.0069892980983,108.71392251484724,115.24851163674236,30.906529946112876
1099,1112.2227700256244,2582.246770576167,0.20185202283687168,0.5098498989706817,0.37137251738301175,49,0.0,0.008811470926018987,1.2768438817472219,-0.26534449953964484,1112.2227700256244,2582.246770576167,1243.2077399249965,0.0,0.0,352.6797064458169,0.4139403822491248,82.19448941573788,98.47735995365656,89.91698531344613,86.92694981894597,93.60434825765117,75.78869541238072,105.25934690178829,95.07983640756237,93.06411695894843,88.22769944923725,101.90061969596675,105.95150331629398,107.1306827744508,19.685106248930158
1100,644.7035743495143,2584.192117236727,0.44358187478010713,0.6604005177107748,-0.14493228239180675,49,0.0,0.02544299866712225,2.7890616635850405,-1.1136452905581626,644.7035743495143,2584.192117236727,2185.0713741877,0.0,0.0,352.87450067226104,0.4147434931898949,146.35073763937265,156.32036439944292,171.4653628578873,181.52305973284126,169.14553744413752,148.9698278903998,171.83232855272414,164.5118457281588,172.60550000744558,198.80799502482057,149.45392702375574,161.39888349954683,148.5889884963163,44.097015890850514
1101,2605.3784502598123,2583.2516670430905,0.8797186048197604,0.6440465128275945,-0.0385115463897296,49,0.0,0.013536426324573763,1.122474542393071,-0.12544125008241908,2605.3784502598123,2583.2516670430905,1412.1898595660675,0.0,702.9497514043715,352.0575661721879,0.41435061414415625,26.625349110881466,152.31697286623498,106.94162917736527,173.0808986207295,118.44428130579095,83.12978378522605,107.58895131838577,113.89870707468192,86.26363556687565,103.904262055032,97.09537787844408,104.93567455794499,113.7955850910935,24.168751157381365
1102,2081.7380555713826,2589.093312183638,0.7101191266115867,0.7701774327812404,0.17843186754834628,49,0.0,0.013536614416473141,1.2913447478171785,-0.2776055012651276,2081.7380555713826,2589.093312183638,1201.9779404378498,0.0,0.0,352.27574316876786,0.41679301873015856,85.31024584845446,85.85798291834621,86.26746095932731,96.21063567563182,100.12551675167754,74.92019977771209,91.68934961766524,80.72813606175471,98.61342527828435,97.05716835999904,83.25671957766855,90.08013287828449,101.65761622452911,30.203350508514905
1103,784.1506790099509,2589.412954016508,0.8383025777976012,-0.24506467025033607,-0.2243102242839002,49,0.0,0.010871175065404812,1.0157253872561487,-0.016940768590520017,784.1506790099509,2589.412954016508,1043.482929959545,0.0,0.0,352.81640009480486,0.41692140155176777,82.47560783094393,72.73271344659011,65.99334681575004,87.47270320634973,91.0345845228598,86.65683490525592,76.07028826028413,74.38923441449833,68.47306663516972,81.13914472228595,71.67864923483549,89.59054855248982,75.88051764838153,19.895689763850488
1104,1676.417204973478,2590.4504005413833,0.7946442763962104,0.621547584483205,0.18580979720344354,49,0.0,0.021323061499411572,2.336157998987009,-0.9212555290715421,1676.417204973478,2590.4504005413833,1075.0051428751476,0.0,0.0,352.4446261453063,0.41736093161432,80.63921865234214,87.81120735045715,80.69731942517956,80.92064376414595,85.40047855254117,65.68560610747888,67.32068450099358,77.3148287191641,80.42488238389886,96.47083628597784,83.05984657991428,70.56065300385285,102.80344630800357,15.895491241197789
1105,1113.8547242397356,2592.7783188927788,0.6405794781155074,-0.33020534908615257,0.08143626389788611,49,0.0,0.011705408852194777,1.07412759907951,-0.0776396891735053,1113.8547242397356,2592.7783188927788,1092.7614567631576,0.0,0.0,352.67902647434755,0.41832829125143134,77.00644578593062,75.15752534164466,85.92609812446811,92.37458551012281,87.35739551702645,66.57201343655703,87.35335715991863,88.67488185471693,86.52937032230213,87.9494948841193,71.94042703208662,85.40020275969363,82.41188370425547,18.10777533031522
1106,1703.4058199135352,2593.3669356079586,0.6311003303429217,0.5746786916343068,0.14401211227002314,49,0.0,0.02037683340235899,2.3831491497698765,-0.9428780589662429,1703.4058199135352,2593.3669356079586,1277.1331698576923,0.0,0.0,352.43338088684555,0.4185760377940186,79.81267407032888,103.02199056298882,91.80060150241353,99.96443209112743,108.93970641213434,85.48439593156513,114.60836481921083,90.55075245266565,97.83207094231727,86.73608684733841,103.42543160678491,88.73793758250196,95.74523811881438,30.473486917500573
1107,2639.0230028081874,2593.291070967437,0.7193984892434054,-0.2043407684388964,-0.07462295915660867,49,0.0,0.012016193547734972,1.5961015447991127,-0.5076512948285177,2639.0230028081874,2593.291070967437,856.6006996671254,0.0,272.1533116884022,352.04354837125663,0.4185326108215031,0.0,8.785449090313215,100.55955710713968,268.4762193677852,47.142089480341966,41.463865913965144,17.85200348771555,64.5652889351676,49.94411817414349,57.931070504164396,64.8776086195907,41.84889420199307,75.65086630475442,17.503668480050973
1108,2546.6614933196824,2593.799680134871,0.5482404173507712,0.6984212544092887,0.656116163821236,49,0.0,0.09750315462050026,12.368846832093032,-2.730823028821416,2546.6614933196824,2593.799680134871,4085.3675848172215,0.0,2757.142238185512,352.0820303517488,0.4187465437526177,425.800146494617,285.93296219618355,291.7573840818875,312.0873708864525,312.2202964866564,258.5211238314715,300.07330075492166,289.796167606901,319.11239749847846,297.3588835643203,291.0146473904889,313.068953362623,324.64688604220055,63.97706462001935
1109,1893.2537845789159,2595.2973451103285,0.49624740377835647,0.35668067529324027,0.25245202449160886,49,0.0,0.0565999726967977,9.136034118286874,-2.4018942819162246,1893.2537845789159,2595.2973451103285,1970.223172277782,0.0,0.0,352.354277695355,0.41937949989455187,126.33611906393432,146.49367577976994,140.3710988921717,162.83394121872635,131.41190443120544,148.20753853214856,166.31009137503708,129.30221776205087,167.41806313203497,151.7692578883807,128.5830603044202,163.28030741471724,168.79311973893152,39.112776744252905
1110,947.7864378393709,2598.27441399932,0.5467102127903242,0.05561777257396208,0.33477469778346225,49,0.0,0.01098535106944452,1.2205629848804274,-0.21640048822411856,947.7864378393709,2598.27441399932,1057.7078651747206,0.0,0.0,352.74822044147754,0.4206160923101644,74.12433989587308,57.883940822068595,77.81122920668818,75.05980862310074,93.02043964416357,79.91550218302567,66.90316925001402,101.22884201056462,96.1941053661761,79.50316460833247,76.19324466233479,82.06839394281866,76.70766304513396,21.094021914426257
1111,1417.2464933239555,2600.604066165227,0.4776050753548269,0.9077564327258851,0.44261232520535443,49,0.0,0.009662528336371741,1.1036987239649887,-0.1071263511099525,1417.2464933239555,2600.604066165227,1066.9623028526653,0.0,0.0,352.5526139606189,0.4215910933623692,70.20746808831608,87.13367228326354,66.3042563395108,73.42420937357038,83.54385858530428,73.31525205763921,69.22111265462982,101.06924858191933,90.98912021258457,83.90122309910126,77.02809907779309,88.55005457084891,73.54808820900249,28.72663971918175
1112,2050.739145434177,2604.002764690271,0.40899930481677904,0.7455381388037713,0.4213220399221347,49,0.0,0.012814701537628514,1.875251950658866,-0.6826490647325163,2050.739145434177,2604.002764690271,1153.2735112923544,0.0,0.0,352.28865923933927,0.4230052495964434,79.03216573917084,96.02135018491994,68.46538621292154,91.09286886046884,89.86404397341944,75.57275794246628,86.81127893222575,93.50459865422411,80.50383931657365,81.86325469290615,92.56019563506618,99.73321434826701,90.90662135361013,27.341935446114515
1113,1399.7883587584176,2605.4475762527204,0.6208048135122343,-0.05996637921298278,0.2893096585251347,49,0.0,0.01340720503797594,1.4951701238866228,-0.43672652623590874,1399.7883587584176,2605.4475762527204,1039.598780475271,0.0,0.0,352.5598881739578,0.4236090384277875,76.54400110009027,78.32018026148086,73.67166423561045,77.82104302385103,86.99826885777249,82.63617360699172,71.84859086621833,82.04702773288413,79.2276729464863,76.4744129582904,69.58786343022905,73.90126454952798,83.28745112780459,27.233165778033488
1114,2641.277401561154,2607.583176853517,0.3952776952878203,0.044784382712457216,0.5525118666396768,49,0.0,0.005216852874759338,1.0783738139898187,-0.08192333350805998,2641.277401561154,2607.583176853517,711.8228340870514,0.0,142.8684705206521,352.04260908770635,0.42448711765073116,0.0,0.0,0.0,100.84475807147086,111.63114230538633,59.75774895065581,36.71299629418843,57.47017554828845,38.72007839304672,91.6274345218622,38.453654081604355,44.94533875367645,74.40011752690295,57.25938963996884
1115,1767.6182448803875,2609.7370299616396,0.804760392037805,0.10472172577874267,0.10481303527415695,49,0.0,0.011410407771330493,1.1101084707448043,-0.11341354143584342,1767.6182448803875,2609.7370299616396,1030.9212812910396,0.0,0.0,352.40662571876624,0.42539635203166304,60.24063860524649,95.01874202203176,78.9000216395393,81.73579644467438,76.86038909002315,86.02482881524543,69.88457669701972,68.91947546316004,80.67222498051854,83.33801326493631,71.33808216204007,74.00752412822303,89.56291565876201,14.418052319619605
1116,1921.8082026464272,2614.6916136924906,0.6874158290689134,0.4494841473410938,0.29697217609139076,49,0.0,0.03986850899600613,5.143778969020848,-1.7782057461177025,1921.8082026464272,2614.6916136924906,1459.9164234006153,0.0,0.0,352.34238007151845,0.4274597974430631,101.64881086910566,119.45124914699122,111.27507819915249,125.28723789381006,105.20690185808613,100.29404474299409,105.94972922843837,114.39881591324578,108.4256472826026,106.79806596420671,113.02781338491265,106.90156049847539,109.75267503979953,31.498793378794446
1117,990.7528327937648,2621.3710469258826,0.44381100787006583,0.30510954095801596,0.019196205627830053,49,0.0,0.00730596319064291,1.025187530801308,-0.027008288217898288,990.7528327937648,2621.3710469258826,897.4375374798572,0.0,0.0,352.73031814679047,0.4302396795660797,66.09132734539264,63.7047726438148,70.55690312252375,61.7678518944321,77.22160129164611,60.402035194411155,72.03770455621716,71.74750054445002,80.30408700286011,64.26717197176814,54.5839693452346,66.74595268584426,68.69837503699094,19.308284844271377
1118,1055.4378240175524,2623.3747787325938,0.44219506107997464,0.33764103272364976,0.2768205032312927,49,0.0,0.035331735261742436,5.591731082424152,-1.8688656928653646,1055.4378240175524,2623.3747787325938,1759.2357408408013,0.0,0.0,352.70336652592414,0.4310753649322482,121.93320235993907,138.52944387422545,107.39527061629863,133.71325417957297,143.08221104497704,123.65700813339683,116.4653108541392,136.17141828658185,131.59629104835005,148.7772825318914,147.96017288365235,132.85349931067327,152.01480703082427,25.086568686279044
1119,941.1280163361265,2627.176346015484,0.5606152768000964,-0.4955378789421993,0.0996050457238662,49,0.0,0.012310419757239916,1.485145552488584,-0.4294225475083701,941.1280163361265,2627.176346015484,1019.6532153732221,0.0,0.0,352.75099472727857,0.43265767585917886,76.37634981444582,83.41249063515343,59.88536593596256,75.76523174390258,70.36423021660801,84.9755949847341,70.74517653151986,76.66508772897484,78.55676187732111,82.58819409668071,79.7698227544015,67.87481726289913,89.19497914950873,23.479112641109783
1120,1569.296792569126,2636.317684863839,0.28391374464822217,0.8339758230440788,0.5195396630355971,49,0.0,0.009750607701547884,1.6768357958688271,-0.5612263410119047,1569.296792569126,2636.317684863839,1061.1192084500753,0.0,0.0,352.4892596749873,0.43647131541188366,86.03362383737058,72.41559586200799,77.48038508196359,69.590823019481,80.3486918095179,66.15785389698868,86.01000305085864,67.66921927368986,97.93911920087527,78.04890323876835,76.65239382028706,88.92899969571782,78.7953694495376,35.04822721301088
1121,1062.269510079532,2636.82622498927,0.5443847354900431,0.2603423157876004,0.19537195803781582,49,0.0,0.391152872485506,59.904214949433076,-4.4436434526710835,1062.269510079532,2636.82622498927,8785.038822895636,0.0,0.0,352.700520034285,0.4366798614319793,631.1627342340513,637.5671734410492,647.9817621089269,679.5051225401459,671.3282592151847,611.3095078200165,693.1339171798529,697.7376576855172,702.1922300709057,708.4705252053232,582.7967817125319,688.8026862887873,643.2481528764929,189.80231251685024
1122,1988.6258534758897,2640.9079915551943,0.5318574262836302,0.2807724299043146,0.2777065180997898,49,0.0,0.009867484253093712,1.1540020065938628,-0.1555164099433118,1988.6258534758897,2640.9079915551943,988.374648145908,0.0,0.0,352.3145395492249,0.4383820992806718,60.64617869847744,84.98204627839495,61.17400743904448,84.63182174538417,76.97041559913752,56.042375828924165,70.63694041762824,72.96295754115084,73.91762698951237,83.64978504166143,71.9122950419354,77.29387789170069,87.8848081364362,25.66951149652019
1123,1429.7608247242288,2643.3967566436863,0.6825424989786443,0.3264872065484164,0.31168997518800057,49,0.0,0.060746889410125786,7.7998993625680155,-2.23022249821231,1429.7608247242288,2643.3967566436863,1840.0521844246962,0.0,0.0,352.5473996631454,0.439420432675377,125.25667528648326,139.79808935562778,125.67522258779374,133.67987971517337,144.70983650052506,143.8872479327035,158.45495654937795,152.88764170966533,131.70642027916472,145.63509807500157,137.33781418018947,151.89291834196698,117.3763617191454,31.75402219187798
1124,2222.4936832793464,2643.0658102288207,0.436828242160905,-0.08972161109296822,-0.31579092025694916,49,0.0,0.01691705139020138,2.034057117929713,-0.7709078602246842,2222.4936832793464,2643.0658102288207,1465.4658408121682,0.0,0.0,352.21709589455116,0.43927839136786395,108.96862807863558,123.16495673959312,98.13656038257841,121.96411420824084,117.66747166022806,97.63118143347756,107.2720477133075,93.56545979313873,123.00631483372075,132.246536202593,95.4645790798351,102.90082333897661,110.65634710539261,32.82082024245018
1125,2082.3417045250785,2645.8381905442257,0.6543524071979555,0.43421102735167294,0.30611179024242813,49,0.0,0.021907387092531615,2.4824814523583556,-0.9872150309663718,2082.3417045250785,2645.8381905442257,1407.9787610655844,0.0,0.0,352.2754916442306,0.4404352730634466,101.92068859551605,122.17962173881108,109.98482242681641,105.60174756240929,111.93432356324601,108.69222263299433,97.9795432518968,107.94510421117144,88.1617374076491,112.81013429124785,109.68221674619465,121.24032820735839,88.03399201683254,21.812278413440602
1126,532.7137607010611,2646.783766778286,0.24598929131600447,0.4924666571812454,0.4008268945454801,49,0.0,0.010233247771391667,1.8750853937106275,-0.6825526270564513,532.7137607010611,2646.783766778286,1183.9678456070528,0.0,1047.5016187189678,352.9211606118191,0.44081865470514386,78.00458771134672,95.56251494045027,90.08065107219156,76.58780208261354,81.39109594318245,84.33558384842834,72.60217698608815,117.59953119488328,89.88761456053587,96.38855580403899,109.34060315684167,96.74588835964954,74.07036860448977,21.370871342312704
1127,1591.1010485139095,2646.8538707041985,0.5996893398517327,0.5026146796057374,0.29806047090882226,49,0.0,0.09482270793916442,13.987784615728808,-2.86437234102742,1591.1010485139095,2646.8538707041985,2378.091751076331,0.0,0.0,352.48017456271396,0.4408611514258824,156.35975714433823,173.15575295830476,174.9971236787622,178.64895035137113,197.38942112760157,150.46176651034506,167.86483520210663,187.36430494811592,190.98872076232652,202.50110810824168,163.35352001770036,189.98522654150395,187.67566436514392,57.3455993604691
1128,797.9903943316045,2647.499865950546,0.6367658116301301,0.15327331407627923,0.22866467751143305,49,0.0,0.03968135022397325,5.224161007211864,-1.7950413832757561,797.9903943316045,2647.499865950546,1590.7329471978544,0.0,0.0,352.81063375504965,0.44112278978385056,106.22865846897368,139.1606087332893,132.8740462674319,127.92593283684774,109.57535306880652,110.83411340220891,120.58497161479434,136.68592396010308,126.26187360796298,122.74182898196045,106.92816912140498,112.6233346486253,107.95362661200977,30.354505873435524
1129,682.8743035050833,2656.290513212741,0.47224362432576905,0.34399456869955247,0.42610215578102967,49,0.0,0.012240869428695443,1.158376680688075,-0.15962451536811587,682.8743035050833,2656.290513212741,1272.7961693201153,0.0,48.36291863003306,352.85859694719824,0.44478295428238407,86.54185987789677,102.34048022844998,75.97955380694827,98.32417567556799,94.52242152827355,84.84675036591179,96.82501309702099,99.2182593197677,97.7389210571726,89.44830113324399,104.24724157085683,111.30739030373311,101.99197827488582,29.46382308038585
1130,2068.6895569901553,2656.6405953933454,0.778967155719801,0.47988686426547034,-0.026815977646317598,49,0.0,0.023459487491465755,2.118979537164904,-0.8153169069500915,2068.6895569901553,2656.6405953933454,1489.3936507210133,0.0,0.0,352.2811799735563,0.44493613725252557,124.34645313848023,116.901522989374,118.11317306024596,102.58128340683226,108.77401864106344,100.77901683668344,115.44416372590155,114.04535394574671,103.35078904080851,142.10653640196813,96.71933965365093,107.82883671440872,112.71628869842847,25.68687446742095
1131,1699.2614942247928,2659.9377896211727,0.8208638310593546,0.5720111809175934,0.171795075862305,49,0.0,0.03253208704380982,3.5984815766243776,-1.3902982088601186,1699.2614942247928,2659.9377896211727,1291.1913687520612,0.0,0.0,352.43510768765753,0.44631235062911156,83.28000091411333,111.81010869414371,79.57354928712961,100.37752759371809,107.66768970864825,80.44066059691394,100.79655595643288,89.44097787141894,97.60780742023711,101.96993252955619,103.04275487572201,99.71847642870338,106.13562225190438,29.329704623419325
1132,2348.5221363247556,2664.065217366563,0.4821599398794662,0.7728552977787115,0.4926379295802696,49,0.0,0.0811042242939159,11.401788299590832,-2.642432432668999,2348.5221363247556,2664.065217366563,3732.56766567637,0.0,1.0532464227582488,352.1645853076471,0.44802549634762157,236.8330974041246,267.4308761893519,265.0897185013435,276.2642967653717,262.70179216482325,248.12711676113454,340.10432454890235,295.7666457398359,309.88633802238246,294.3262870197267,251.4734512302939,310.9221203385843,317.13517565982625,56.50642533066892
1133,1461.9572932427493,2666.9142956097335,0.6251751800160577,0.4699633471284403,0.13147233607373252,49,0.0,0.009743263688334388,1.010350900031334,-0.0111805816859269,1461.9572932427493,2666.9142956097335,1024.0896653875448,0.0,0.0,352.5339844770689,0.4492189415672548,72.81798177994125,75.3891677514813,72.61487103393264,71.14453418416852,87.60396321908493,66.1935540173449,65.0141806567937,78.45350209545397,85.49543232615616,75.22985563033035,82.84308786249012,91.15774435397512,82.19837075058891,17.93341972580283
1134,2582.1404558652303,2669.2470185563534,0.8888084525959972,0.30556909760621775,-0.30885812900772736,49,0.0,0.010475792195622578,1.2804327844684913,-0.26839196345272687,2582.1404558652303,2669.2470185563534,1299.6711420462912,0.0,99.45984111278489,352.06724814879135,0.4501796086897962,0.0,0.0,0.0,499.2933798248465,22.05654210002798,14.388824516171017,106.12415192251886,139.4493799512899,18.222032328488012,22.390501904791684,56.38277089873465,367.6996618544036,20.02084826045917,33.64304848455967
1135,1247.3380119973533,2674.9996832100665,0.399381944052676,0.07091481239188326,0.3453297801676613,49,0.0,0.011836675453870227,1.3026108530655187,-0.2870367307467615,1247.3380119973533,2674.9996832100665,1254.235951581295,0.0,0.0,352.6234089338228,0.45258638434512605,87.18549197980803,91.5988037154891,100.11644041364754,85.55617426802812,83.76257128382318,90.49715214515598,91.29984707670002,86.92859958234666,96.61169879068615,115.47837516225022,92.91120771673893,107.8279557493593,98.20725309163808,26.254380605623645
1136,2482.828622325882,2674.673250922313,0.8329959420371064,0.5950029961415714,-0.13981301704016813,49,0.0,0.015513242217587866,1.3035962764741424,-0.28785777824572545,2482.828622325882,2674.673250922313,1445.486645967598,0.0,1160.8572567849822,352.1086262032594,0.4524425584398723,130.5210690255745,118.93367123755068,87.82342273220516,110.02458118429152,96.36085943009374,95.21837941376526,121.20627714023067,101.01520835750301,102.60710910103049,114.04376904714152,125.43538736922852,113.78295146303967,109.33182873487142,19.182131731071753
1137,1679.440859625389,2678.2456239100957,0.501758266151388,0.45830949119690084,0.15411285778247616,49,0.0,0.03768866184895016,5.8957544482958015,-1.926348468347433,1679.440859625389,2678.2456239100957,1571.476431759908,0.0,0.0,352.44336628703047,0.4539401945804991,109.13990740362436,116.59318527521333,106.56387886926281,125.21998117713368,105.87895715594688,117.00824852936685,136.55791432723066,113.079444114991,120.66740354938375,124.24012516077906,113.60201770313542,112.3414959274195,138.21872815871433,32.36514440770655
1138,2536.9510834871257,2679.67467255315,0.4600494191897168,-0.4498525785848207,-0.3095999317299724,49,0.0,0.011237034623312306,2.0142082070107787,-0.7602609029847017,2536.9510834871257,2679.67467255315,3211.3442593288732,0.0,398.6538220726758,352.08607614797825,0.45452513048917786,61.37408660166327,24.660287771575376,2295.123445349968,70.83387261364308,43.215132582661205,104.90323392207554,87.83330390834867,114.2015602948216,45.407338482929305,133.02555544607657,71.13340766553168,45.47266763682481,94.0398935812391,20.12047347151553
1139,2335.4104233028397,2681.7505089866236,0.29874685115814203,0.6167599262659946,0.769968336669693,49,0.0,0.03384123101435658,5.150753212397096,-1.7796768551607178,2335.4104233028397,2681.7505089866236,2369.4550743585223,0.0,17.660930324826793,352.17004836283024,0.45539404480890844,184.2349810536141,206.64790242314464,192.70008144901718,169.1903132415066,160.6381007540006,162.4434157751688,182.9808140856034,164.36959202996402,177.65383780907746,185.3080555090575,175.13688929526472,182.0234671723287,179.75154298428623,46.376080776488195
1140,668.6203286668307,2684.6124833302847,0.48882435122170886,0.03203428417974197,-0.28341379916946047,49,0.0,0.015088898157645284,1.889187162408567,-0.6906874643846932,668.6203286668307,2684.6124833302847,1227.042377541193,0.0,623.2570308644424,352.86453584552163,0.45658247976426003,94.89510169388028,81.10423743262169,107.6869074877609,102.19057795182371,91.8327084468898,73.07923915012877,81.05794391371379,93.56682589752363,101.09523134983067,102.64092215425603,84.2497226760926,89.61489731019415,103.2560606994096,20.772001377067397
1141,1939.0928777845652,2686.1258037552725,0.5339155794467926,0.1169076151870116,-0.29665253766586497,49,0.0,0.009055387595879566,1.0843197507595477,-0.0878934211738675,1939.0928777845652,2686.1258037552725,963.8926796541234,0.0,0.0,352.3351781542065,0.45722208847785895,68.91556027708661,77.97113899217379,59.036263334865,69.27411220466504,76.97025496911859,62.366090962839024,62.9312709752678,78.48004073569724,72.2254997971657,81.42785527646309,63.62724044307137,95.84461637300491,77.89662601992886,16.926109292776424
1142,2494.0915508930852,2685.9813099134526,0.9397712874355386,-0.40829671713162713,-0.24379147311856952,49,0.0,0.012326775433784045,1.026968472224512,-0.028892777568912845,2494.0915508930852,2685.9813099134526,1330.1751680260884,0.0,674.6512737282552,352.1039335062796,0.45715362041112584,56.54535636394053,135.09326608193004,77.55811562941797,149.23967700605922,68.56168212538296,98.88365315159255,84.79947713268217,66.63714617741363,123.4090471908319,116.104614128167,95.98717721298298,86.41631396385803,153.0499018572024,17.889740004626947
1143,1419.483868483755,2691.313847323761,0.3930181336401818,0.17059963691912527,0.4291327944169791,49,0.0,0.028497118325689363,4.6632816327991256,-1.6717291122353537,1419.483868483755,2691.313847323761,1553.8373426160003,0.0,0.0,352.5516817262678,0.4593846259249571,111.62840288007669,116.1595795946733,114.88228536716265,119.97305295084718,101.14665200871971,103.96893879377251,123.59557989600322,122.9845360773475,125.61275779259422,116.37499388904632,113.56102502636864,139.22393036703284,116.74204125612064,27.983566716234773
1144,2207.56399293623,2696.738936007532,0.8242251293902307,0.6433145344182514,0.2584676521016684,49,0.0,0.019487989515025256,1.926281338982793,-0.7117992934778771,2207.56399293623,2696.738936007532,1224.7786067874163,0.0,0.0,352.22331647024134,0.46164083624290714,91.66311950697326,91.54450800369213,78.6296301530164,96.69756638002707,91.53065753091698,76.94127147137763,85.59355219197693,111.26352761373275,80.28297627753456,77.09145060068802,113.15427315057397,116.38535429703401,90.48490290635425,23.515816703518126
1145,2487.5483723595153,2696.623684203426,0.21507009041780253,0.4158972230346506,-0.8004896130599358,49,0.0,0.007922711392441058,1.9315190010012682,-0.7147474620064109,2487.5483723595153,2696.623684203426,1193.7285366559659,0.0,611.2048132905659,352.1066597157899,0.46158771260414155,44.57092380536884,151.66092195204163,115.1717328220083,127.60601192555963,70.56132877336674,77.18192920306696,77.1510366852242,80.07959204508057,95.38263822253384,93.17008447678671,61.627523022437316,65.44519428468581,104.68557044107486,29.434048996730333
1146,848.3853796730831,2699.9733016212326,0.6593514158300884,0.04010335054187506,0.16534189313093411,49,0.0,0.018621341269476125,2.0762118832693455,-0.793179181032438,848.3853796730831,2699.9733016212326,1292.2919402032685,0.0,0.0,352.7896365121548,0.4629859761058384,86.99955849570804,110.62992624756828,92.3142077734329,94.03565687561002,97.86936317408765,103.7075071340923,90.57860897084402,94.7729218159192,87.18067091862261,96.73655402058878,98.6459437595694,98.31786244316058,108.97725157072841,31.525907003336464
1147,1431.4580161687027,2701.797221265423,0.5729674035352581,0.6423572823899798,0.04944522346603138,49,0.0,0.009718339237408048,1.1080443452951474,-0.11139285434653501,1431.4580161687027,2701.797221265423,978.9090555479735,0.0,0.0,352.5466925032152,0.4637524685156997,59.88848732214771,77.67581258277121,42.331584126795946,86.2966709431463,71.37805107755395,75.26322835335715,69.71972585789298,88.4326543572879,67.38345976317443,83.43391748910166,69.49072296469595,86.45135387147694,75.15138512691466,26.01200171165663
1148,1784.144645764818,2701.7852685017297,0.7176918746300341,0.2881056163090077,0.40093940632598885,49,0.0,0.017316662318108494,1.9156045816625014,-0.705764667747738,1784.144645764818,2701.7852685017297,1097.344556445798,0.0,0.0,352.3997397208995,0.46374742536886193,87.53103389037142,100.63238691999337,70.57751691332109,83.69428809594879,96.60252924613707,53.907757211370146,82.38198687970798,85.17082594058749,84.89021484288052,90.40160161516633,79.31287875213427,84.98947612454013,77.79472535958831,19.45733465405101
1149,1884.803427118919,2701.6075465294057,0.354270880478527,0.27906985930314016,0.34762052597369686,49,0.0,0.01732891090640987,2.853024896424258,-1.1382639036716937,1884.803427118919,2701.6075465294057,1290.6869725679433,0.0,0.0,352.3577986564994,0.4636728018725678,70.96474199049875,107.00006299558883,97.1564587045766,100.16532344794078,108.22759199461365,82.90686509319676,104.23624872374617,113.82931099460659,116.57135431297178,85.28562650253437,100.64053901391098,92.30496983520801,85.75454005568278,25.643338902867413
1150,2462.9810276415656,2704.9998567041725,0.35212784741902575,-0.4525185807825193,-0.47566589995553693,49,0.0,0.007234115461845531,1.130703256709829,-0.13337160762107908,2462.9810276415656,2704.9998567041725,2411.11097299243,0.0,777.7073657261831,352.11689570029364,0.4650780169658502,1352.8901235122553,116.3841857169044,66.0116622785732,91.32359870831249,81.5616495062074,82.59383975726566,105.58481449521334,91.22344088511926,69.4641353728692,77.53371680867261,70.81636197831915,101.5412008573482,73.7987448310118,30.38349828435816
1151,1306.0229236507248,2710.5761761711974,0.5316326474975727,0.4359255533537296,0.44724807004882056,49,0.0,0.021722935263433257,3.0153746803620183,-1.1983532095185032,1306.0229236507248,2710.5761761711974,1199.2330096722126,7.652459780293809,0.0,352.59895700958594,0.46740940857944513,88.18845337289397,96.21529730702022,81.15344713578854,99.5253784922881,93.22729581964921,68.68133042725437,106.38743532550643,87.48589176284815,80.93929978207595,94.65519112536778,89.499282845478,78.55535531556775,111.82646777649694,22.89288318397722
1152,1955.594500335012,2714.496454465037,0.695184409520717,0.6021355453946359,0.23640894186604638,49,0.0,0.01135970747594784,1.0098692301211016,-0.010662849521608788,1955.594500335012,2714.496454465037,1057.0702519456463,0.0,0.0,352.3283025146342,0.46904225897008467,82.35403934999226,68.10888159888918,91.49248417680224,89.96066305066657,67.87709458727572,68.06274583516422,78.5216107395715,78.10159358321798,83.20729248851417,82.77316841804245,67.3506034691355,94.4332076118432,80.20386845351138,24.622998583019942
1153,1647.7017970114946,2719.0760999517893,0.9045407355410763,0.0390959924886724,0.1747275289547572,49,0.0,0.01276556378094467,1.1698743550957502,-0.17034805218860655,1647.7017970114946,2719.0760999517893,1003.9144925738707,0.0,0.0,352.4565909020058,0.47095185490934116,69.88261522027472,76.65020437120417,75.29547240011368,77.05682699090013,80.15361400698862,65.63204192755964,76.84063258621738,81.04933861944727,69.49826473815875,76.71683660798331,61.142078167932766,94.00620658495566,74.63353313039809,25.356827221736353
1154,1265.1534679492245,2719.722480323611,0.5919976466905162,0.30484457934703135,-0.1955079547352519,49,0.0,0.011152630684143464,1.1846507117906344,-0.18397579927708801,1265.1534679492245,2719.722480323611,1044.3364779180201,0.0,0.0,352.61598587261165,0.4712197887987615,71.32165898434314,75.08406215610341,68.1782855963112,72.09238103524339,82.30589722209322,75.71348764805768,73.62675771609496,83.54089063386533,90.83795381101022,84.30277522161917,72.1503156724608,90.56528310135135,87.11040999900868,17.506319120457512
1155,2408.107095984316,2721.595065027676,0.6547924419048352,0.9535999269607848,0.695527258002681,49,0.0,0.023651263967579,2.3924108281747967,-0.9470893984593538,2408.107095984316,2721.595065027676,2141.4719635447536,0.0,1662.5497946129635,352.13975900734624,0.4719932420000847,153.74136089737175,175.98543297933332,186.34022932012306,160.91445151498095,169.9387346108162,159.21472357828944,157.57483032849836,141.1206813308243,154.49445032180418,172.71145208477503,157.9767004331575,151.70142992937642,159.77354282561942,39.98394338978365
1156,649.411643812005,2722.0088579716353,0.4250510792087319,-0.173740610567911,0.05813205735353021,49,0.0,0.023016532253464582,3.4499235271222806,-1.3445236709318078,649.411643812005,2722.0088579716353,1489.9976334736562,0.0,1517.2861313561216,352.8725391036391,0.4721624910471105,96.71025959032349,108.56772824888043,121.26727927775329,106.23823597738902,105.64101066808153,102.22632278342282,113.24445183685533,124.78921648191394,114.04792070941272,110.32092057160706,118.7082078691332,124.80663349190347,116.42497456633858,27.004471400641215
1157,1631.0544864591518,2728.605327161733,0.7824780271613369,0.34045754409451084,0.4922123398055492,49,0.0,0.021008202135109955,2.1324829693786085,-0.8222139286323973,1631.0544864591518,2728.605327161733,1150.3238637451384,0.0,0.0,352.4635272856041,0.4749221173109152,75.65295239374205,97.79566491800139,81.13811352912492,86.70984487425123,96.88868143684184,71.8654044546794,93.95683462003913,92.94645382984368,97.22898349754317,94.88837150968375,81.63189982218255,76.82589766337573,80.0999834223062,22.694777773523395
1158,761.6084095753198,2730.185670041934,0.30365901110386195,0.32199950931107213,0.2438087917610571,49,0.0,0.010001194329116,1.3091996137316162,-0.2925146712525879,761.6084095753198,2730.185670041934,1157.351115814278,0.0,277.30126666286367,352.82579240315215,0.47557171160595363,88.14041536414538,85.45692762861574,74.05784898360653,76.36317050219814,80.14846439287646,74.26177571618628,108.33011016383111,83.34754350658808,105.96618848382016,86.57348618628039,86.26769036073297,88.6185369928512,90.60681207493766,29.212145457607967
1159,1376.190743537476,2731.4428818797664,0.31074850831013634,0.6871679380079861,0.39853734419625325,49,0.0,0.017993436163446185,3.294600738143373,-1.294506978487846,1376.190743537476,2731.4428818797664,1386.5659696618502,0.0,0.0,352.5697205036002,0.4761037303317499,97.05924912420443,96.89890567599785,114.69822813173008,96.35588617875553,112.61591889205587,105.18708861445947,105.1142705419762,97.42651544233789,113.32057327218254,88.97877110031254,103.62280936626266,110.17828581825955,124.84055007145986,20.268917431855876
1160,986.0951348137529,2735.2895889480233,0.7036613095715999,0.42913308508161524,0.2886337286249358,49,0.0,0.08171030424411993,9.864578690834994,-2.4851963539368733,986.0951348137529,2735.2895889480233,2321.5348129426584,0.0,0.0,352.7322588351641,0.4777022814468683,156.4002318491706,181.14798956893821,160.19723658375491,173.85963931022428,174.17866895623496,160.33357686462654,166.96882229869777,189.64433180841095,187.20059116976358,176.05585421846223,180.11274664008175,194.18792312907527,187.58026881533826,33.66693172987928
1161,2427.197442413186,2736.912429536057,0.4258727228533358,-0.5123674381386902,-0.02606412498047703,49,0.0,0.01145298203760297,1.6219595098695794,-0.5251000210199942,2427.197442413186,2736.912429536057,1766.3313591140402,0.0,790.0783688696573,352.1318049683945,0.47837454253011563,120.25922395623189,161.64419269467334,126.15873847838081,150.13701942352202,105.18222786504711,80.76800453537642,104.98690260698343,179.76323744431755,202.8164026880741,155.17933267901532,152.47825494914488,118.63022038153784,84.53033500913352,23.797266402601934
1162,2494.0269180278488,2740.3586102156714,0.3942383382725907,-0.6050679724954799,0.43032793698959887,49,0.0,0.004795889710328067,1.024217697461828,-0.025980689348395695,2494.0269180278488,2740.3586102156714,976.1469291944677,0.0,145.0826551923061,352.10396042295974,0.4798088684069242,0.0,0.0,187.2762378277893,92.31554881531147,29.275508399807265,45.22486414577463,25.092892255525385,14.79684545164363,49.2071305753719,45.31924904487371,36.5510462152054,268.64250612158565,156.2828794432978,26.162220898281465
1163,2255.3257521483515,2744.635879417904,0.4795628435822092,0.6467294359688921,0.5935235569500557,49,0.0,0.013069396985296381,1.5327814775158286,-0.4637006091292467,2255.3257521483515,2744.635879417904,1270.5910766650272,0.0,21.682751605313424,352.2034161346814,0.4815956096118916,88.8040496789744,95.78881900714768,100.29626743556564,89.82609300144512,92.43443079294889,93.96786295431508,97.68045369614921,103.18638260361686,110.58480353451999,89.19397966145286,96.86039863536834,87.10817319764215,102.34046373739463,22.518898728486395
1164,2219.4008006665495,2746.2015549104744,0.7155098839559284,0.9228663866888509,0.4288618423071054,49,0.0,0.028649828087870886,3.1277481947906107,-1.2380794552671175,2219.4008006665495,2746.2015549104744,1529.015396987489,0.0,0.0,352.2183845537401,0.48224850525080243,121.08843320404844,131.07673307588956,105.56130684737838,136.9643583607711,103.66931581028143,97.78819106945726,113.15525691375257,113.18458878537461,131.64860950396644,121.52326613473502,89.94410169508463,106.73392956854248,132.82291694823743,23.85438906996993
1165,2405.5704395305606,2747.8396312608343,0.2948595247482403,-0.5869670526661156,-0.5580292912150433,49,0.0,0.009348389495523496,1.097385827414363,-0.10089836760832006,2405.5704395305606,2747.8396312608343,6701.992383995036,0.0,3092.627963008359,352.1408159064703,0.4829275976649803,2515.4306819718336,471.8715323252359,349.78490579197376,342.39489684529894,330.9124994695379,324.6287898115033,295.2243373776553,297.38438641197837,340.3706031600349,348.43590238318126,326.1651860460802,381.93470634469827,305.07467305161634,72.37928300440812
1166,2489.991605543202,2746.2757769176874,0.42830690026080803,0.8095223093023204,0.5229637332799232,49,0.0,0.010062331147270119,2.115133261442892,-0.8133443369444338,2489.991605543202,2746.2757769176874,850.2619535532538,0.0,107.3328652538893,352.1056417323266,0.4822742239638031,0.0,0.0,82.44382910802693,73.71304738167767,19.66873796399103,111.69765887487898,22.232657696875812,21.703565325039197,8.345164809174687,24.17825853957973,47.487787554082075,243.1775492973874,178.12559930910754,17.488097693432767
1167,2402.0318633951124,2754.0997605271646,0.6612890538700061,0.4344717737898166,-0.6514366199064402,49,0.0,0.01205230813482138,1.0535588130401041,-0.05664696083762222,2402.0318633951124,2754.0997605271646,4292.19364209184,0.0,1404.2299518587965,352.1422902626367,0.4855358305816059,2395.976470641318,198.66980575150544,206.6808955823901,149.10290180812729,141.99705540154844,173.07015671066108,130.02992673311553,131.35133849072514,178.28775286747165,141.857503472593,119.76525486506213,160.1772602525961,141.12534001016974,24.101979504556063
1168,1580.829597699032,2755.186806175583,0.6057365140592542,0.3425032987477526,0.13329689649125723,49,0.0,0.02716564312908731,3.4400963898113353,-1.3414265286502636,1580.829597699032,2755.186806175583,1422.892954116333,0.0,0.0,352.4844543371822,0.4859969772511604,93.63780328364082,118.8813493894617,79.82463271395581,135.97912026589609,110.5431001825409,97.19688625650232,98.00932123477554,111.22699938603311,98.8641190686142,116.93746816321868,105.17625128066375,112.64131764770397,125.41393766124526,18.56064758208069
1169,1359.9677629553746,2757.070731672231,0.8915400630162557,-0.43381441624752676,0.17623436072933238,49,0.0,0.014272097793890296,1.2915583189614062,-0.27778505265990555,1359.9677629553746,2757.070731672231,981.8936391834799,17.352779207680303,0.0,352.576480065886,0.4867811510775513,71.75186676259227,60.49559335550672,74.49088616758301,76.12414937659526,70.51923404366744,68.09769402532217,89.87870431943178,69.24728719730606,69.19068823335834,82.18552982156356,69.08790675861519,83.04306627014725,76.32092013976524,21.46011271202564
1170,1388.896886253021,2759.28423472958,0.5010217813762957,0.2668798857716142,0.19705514329898247,49,0.0,0.029354101264046844,3.8616135882433036,-1.4669220350211398,1388.896886253021,2759.28423472958,1655.4199672879067,0.0,0.0,352.5644262885618,0.48770354591333487,111.94879987935252,112.67612067120456,148.1583028027084,125.27057536091093,122.57544973260133,109.89457155909588,130.04493805211442,126.75264108887438,125.35144492896816,147.94671817741755,116.97226485155193,124.83475438543618,121.79513662147079,31.1982491761995
1171,1157.3141493466044,2759.537584198571,0.5486908241240648,0.3559953820462912,0.4097824840759585,49,0.0,4.1034759355530825,580.8347255739732,-6.910131432601009,1157.3141493466044,2759.537584198571,110669.48797519473,0.0,0.0,352.6609185955858,0.4878071447190861,7634.46594437828,8408.629971481669,7854.31909129546,8312.097657981314,8763.071896683341,7672.067410688605,8598.25916668958,8627.218149279932,8567.379915686864,8536.659410265664,8090.27782720502,8609.90057284561,8737.853683262478,2257.2872774508546
1172,1300.407835280723,2759.505517498803,0.364906724909988,0.20489701837811064,0.1310084284820817,49,0.0,0.00972711702139888,1.2969498225250906,-0.28230793515620406,1300.407835280723,2759.505517498803,1040.3584894245082,16.80915523324711,0.0,352.60129662422105,0.4877951564014473,68.56307328008515,86.96824347325114,77.56073683358477,86.52815615040126,79.22818838209517,72.99632588929272,64.99392106822451,77.3565172879949,77.53659426546963,83.36352929825892,75.10733723928192,82.07601046345653,83.53173866865198,24.548117124459587
1173,821.5102634443627,2762.6228745169174,0.5421171121918311,0.5116042628328188,0.16120723219870173,49,0.0,0.033055024477598144,3.823271183618635,-1.4560877587620835,821.5102634443627,2762.6228745169174,1908.9691088851366,0.0,270.05644259115974,352.80083415044913,0.48908727672485974,151.17254028359173,138.15842849139977,140.92844522018754,157.48097118662366,135.32949942883232,152.01038537468918,140.1802131696852,137.30108792004057,152.58806489739635,140.18612089638737,139.04196854386922,137.75116437325713,144.3552341581767,42.48498494099991
1174,2399.1763471578215,2766.2423000560457,0.811873512200887,0.587412124504382,0.22271631498931202,49,0.0,0.012871601079051597,1.3336434909472343,-0.3125993741629881,2399.1763471578215,2766.2423000560457,1220.878358442936,0.0,704.8748282633705,352.14348001913805,0.4905948355854186,17.732638836022836,117.6371201841349,106.87546605287798,110.38890230913759,94.04506945800415,93.80017573422005,72.9673833940837,67.05053284884573,145.9600683294256,113.93243925833006,67.90518108978831,95.64523981382301,96.83129624765026,20.106844886591617
1175,2417.7169416861057,2767.2560749917266,0.25829276275996305,0.5233100652371745,-0.2538359319308795,49,0.0,0.010186149995384955,1.197047972966986,-0.19527888891777428,2417.7169416861057,2767.2560749917266,4475.968776498031,0.0,1426.3988155736497,352.13575503228265,0.49101681534856867,72.1714680037037,2651.120520372037,131.89012054725455,182.80907207385465,126.6966298505715,143.4124647284196,197.48499127308008,170.46555280885119,180.1224127660588,165.6889559314154,119.04099530989437,129.4719911814634,149.34211041690173,56.25149123452509
1176,1480.1537034784328,2780.2980179521182,0.47910459741162276,0.6848735251267077,0.48470687679718594,49,0.0,0.029546287342122477,4.389156450053914,-1.6059526535160262,1480.1537034784328,2780.2980179521182,1538.6870819847807,0.0,0.0,352.52640264468357,0.49645904313958317,100.7649627536762,131.91496149224895,115.85091605128596,122.4626120053987,106.33002029073211,102.94418615269751,116.55293878291296,116.07293860537078,137.02917651876953,128.03503721474613,103.74531824619345,120.28564767041127,112.56121830922368,24.13714789111345
1177,1452.346874978635,2782.758811903346,0.6238530566421422,0.5717458179129419,0.2601403508075447,49,0.0,0.018876955787512965,2.2733119127213386,-0.891647569383005,1452.346874978635,2782.758811903346,1231.0745563202556,0.0,0.0,352.5379888207607,0.497484199721782,96.86240414516047,81.87964898463531,86.33593942738611,104.19814633039675,112.18903768199355,90.26493360393064,93.37506512207817,83.30659319391387,88.93835807655512,98.6264532699454,99.77665509498166,79.83527266849327,86.69074581977566,28.795302901009528
1178,1016.6122996306381,2784.1682098585266,0.49483255028084827,0.3607305296220004,0.23933428873953674,49,0.0,0.03802634221354361,5.282494035437622,-1.807097538386604,1016.6122996306381,2784.1682098585266,1794.0128856587442,0.0,0.0,352.7195435896471,0.4980672043493506,137.60758446877765,132.60801642698834,127.71099380753584,154.77941189698217,139.96348313153484,124.73950432095825,142.47470765252243,119.03117410250849,133.8484779338071,132.79903137651957,119.2175205307136,154.32723099138403,140.03857431371384,34.867174704798
1179,924.8008991076634,2788.106593797264,0.7374328431457936,0.5437057536146295,0.382231401951723,49,0.0,0.018105196445065256,1.870211328155017,-0.6797267081407742,924.8008991076634,2788.106593797264,1173.2893862972414,0.0,0.0,352.7577975649411,0.49970653292050365,82.18393603101217,86.71005277845077,87.4421198252245,74.70672509766098,97.31105909441649,78.98765262099592,94.426748646708,76.3420591747963,90.26943365404907,79.10288750059007,87.66709529019062,106.19986253506701,101.08209391103853,30.857660137040888
1180,2376.2159904806126,2792.771026162353,0.5814754397970944,-0.3542724761456827,-0.19284503604004816,49,0.0,0.03752616548016907,5.900716899727881,-1.9272619471908992,2376.2159904806126,2792.771026162353,1850.459674287381,0.0,489.13712087825553,352.15304652252195,0.5016479519679596,1.1488908047198263,279.1270197263104,116.50873139664057,75.70481054358851,85.35778063248577,66.833079497532,341.74229437335623,58.35435684587541,106.34895632730496,244.4370426514206,67.04985595389022,281.4391826009578,104.09507755057442,22.31259538272421
1181,1257.3170025530312,2798.164760530675,0.5318209784220412,-0.5449317475868258,-0.6899042564631832,49,0.0,0.02709648887771801,1.5547422042152894,-0.479145969631622,1257.3170025530312,2798.164760530675,3679.2262569404206,0.0,0.0,352.6192510558899,0.503901583838663,254.73421351463685,264.58332449837314,299.28387263261914,288.43585430052224,306.04180415057476,254.16409618612974,259.67281862122707,325.30684791821227,279.4404647748753,289.63638767523344,253.21265286293504,277.5407514242918,263.7214792722798,63.45168910850977
1182,1260.371397603751,2800.1110975918878,0.9511158979179074,0.845343827997725,0.04710509601605034,49,0.0,0.02250125190306498,1.3247358125313935,-0.3053231926638386,1260.371397603751,2800.1110975918878,3257.1166894826592,0.0,0.0,352.61797839836254,0.504712521327379,239.41560278357173,234.91780482383265,267.6089012770694,253.66039348123562,274.4155375796725,210.56081489064658,223.05894353918706,292.80568516998903,251.73617308356748,254.75032061509975,231.61293862449057,237.7839328980737,227.96867832114134,56.82096239508169
1183,1970.697146238499,2803.526710816028,0.4443334712717965,0.7440406680562922,0.32553566748297286,49,0.0,0.010916070913581275,1.2829280265715117,-0.2705057318577979,1970.697146238499,2803.526710816028,1233.8317691272287,0.0,0.0,352.32200977638615,0.5061352947064917,97.9769070721607,87.7355973236665,89.25970118042096,81.35361702451198,75.00559751547138,76.76632756667172,81.99202512317345,86.02710156808051,98.31873620204824,97.20793312614609,110.5477015226674,109.70577294802288,120.65235752465698,21.28239342952991
1184,651.5401356110667,2804.8497879082915,0.877231139886821,-0.9048662296422295,0.039836396094862996,49,0.0,0.05283508535368064,5.4827086441244495,-1.8474879192814582,651.5401356110667,2804.8497879082915,2538.3454220014746,0.0,95.33468684728095,352.8716522940891,0.5066763043660276,24.364546667627653,343.82052390322445,0.3221619174806599,0.0,1047.4165380108418,0.0,166.97033961122554,1.4587916089840018,669.684845486102,9.349677512128864,174.6026051881867,65.28849395092203,35.06689814475111,0.0
1185,2424.081682415322,2805.516830559138,0.5830305910964445,0.19547692484540435,0.45445736411165244,49,0.0,0.009822480319718241,1.5731755246064067,-0.49194295264095084,2424.081682415322,2805.516830559138,2586.261886377083,0.0,96.46409652878955,352.1331031412956,0.5069571897204964,0.0,0.0,0.0,1819.628958568685,5.738171896407047,49.468542408392494,113.1591076891104,45.87609985242837,84.16485099834748,11.734384488720362,97.44600016601109,91.58061197455143,210.68332881731894,56.781829517110495
1186,1952.2731560868008,2805.265491113306,0.78815898925858,0.7557125979123415,0.3523726297708683,49,0.0,0.028054386901561243,2.5739704820368914,-1.0265089054088752,1952.2731560868008,2805.265491113306,1940.8891550496169,0.0,0.0,352.32968639163505,0.506859906610255,141.91863293496195,126.3171593596562,152.60720614174244,175.69464558834224,135.60252942807782,116.16063916588034,153.90968407170982,150.84141461570908,150.4880735245033,157.67436338880668,123.39432680689596,153.66567985514536,166.07657406265508,36.53822610553061
1187,1560.8621175325006,2806.738731764623,0.4104747338972255,0.802215993839549,0.1592399159494188,49,0.0,0.024540033531044822,3.7616153646064525,-1.438435964234016,1560.8621175325006,2806.738731764623,1509.723636930556,0.0,0.0,352.49277412670307,0.5074753470396839,104.28334991952289,133.4769897734254,114.29493013533795,118.31294489056347,107.24057274188866,115.0912998261847,111.72496698186515,95.2816344743494,109.8575650304904,118.07126985011416,105.47105855417536,118.68188380273075,122.40743532441876,35.52773562548904
1188,2316.2798690298023,2808.1773151331868,0.45375993221273514,0.5152797392150115,-0.09109042797168283,49,0.0,0.008939480879062215,1.2195125946851626,-0.21546572477325066,2316.2798690298023,2808.1773151331868,1577.2917977180061,0.0,826.5017386758169,352.17801918729657,0.5080678489990706,25.04595759618675,161.62213905251014,125.43086466096632,98.67063126471939,116.82937629683926,151.1683974482558,133.99301327482533,148.60341813417293,95.36390173249006,82.90721705468901,72.0044889344566,189.50638988803536,151.48126051682078,24.664741863038522
1189,738.8593972720435,2812.418490707987,0.7499179740454649,0.2631089802293373,0.21277934552211414,49,0.0,0.047049170535986354,5.083350324022941,-1.7653751013998598,738.8593972720435,2812.418490707987,1810.9934269083897,9.023289247389094,1552.8840003738721,352.83527082086306,0.5098317432250741,145.28005354467413,156.8007859582406,143.38301702528386,159.6889795832423,145.29841170274142,121.77081427244569,123.4805697796098,97.12021937085144,133.8060969515522,165.47963822508484,125.82066007857404,144.51029815307686,123.4787715399527,25.075110723060007
1190,1456.206103164018,2811.7889342090207,0.677830773570385,0.646056473447151,0.5194916155566282,49,0.0,0.054105028536140604,6.671760553151761,-2.0606011281303487,1456.206103164018,2811.7889342090207,2160.6365515933326,0.0,0.0,352.5363808107327,0.5095791760203479,147.32660669499992,146.30123258245106,146.70291384519612,183.4426010565715,178.30454429775716,142.51543337454783,174.49273120605744,171.89803571290796,162.79692835587542,172.5461654176642,154.90337493849458,172.37898756575777,162.1440852006898,44.88291134436184
1191,1537.8312140677567,2819.65332772693,0.2902306395776122,0.11130247794163158,-0.020737368970727997,49,0.0,0.009339391805281186,1.0595725386302492,-0.06282673496356733,1537.8312140677567,2819.65332772693,1176.3695056331444,0.0,0.0,352.50237034255633,0.5128559780344029,76.9760279996346,91.37241610776856,92.98856733705415,92.22956686514588,101.28966401495664,71.14689358173516,98.53116696172641,78.71464555516101,99.8906183299791,97.34933683100567,74.14959120957957,102.82550409300657,86.76953970169235,12.135967044698925
1192,801.5721984263893,2819.8105399135425,0.5262787446777129,-0.3003464695299195,0.14925998416497036,49,0.0,0.01862958157215027,2.385923583897837,-0.9441413250510754,801.5721984263893,2819.8105399135425,1276.066560895758,1.0,1295.078260321689,352.80914142189494,0.512912874871814,100.99247045214351,94.03394611470787,89.43158970070317,99.29971073173388,103.65386520292066,106.30256468308573,100.05112632480424,100.92592450486131,98.63230922658693,97.07874960705884,85.03461737501334,84.04246975436769,92.84337766171504,23.74383955605561
1193,821.57744126086,2822.999817639275,0.7680653377331584,-0.167492547360739,0.42205244082342447,49,0.0,0.011435818990693968,1.0059035074591396,-0.006390806203530746,821.57744126086,2822.999817639275,1097.406462267295,0.0,1061.4633008052415,352.8008061727288,0.5142420426037647,72.5755822472494,74.81941044277987,71.31023691581473,83.43880199652483,76.42035366104204,78.7984439663089,85.8272770992123,86.97322540161848,80.40321116495895,84.95029579489903,84.1053469683227,87.24973468257886,107.62271849560014,22.911823430384956
1194,675.2993584117202,2824.468193685912,0.5020405986303016,0.5380761482471065,0.3802964031440003,49,0.0,0.026430655321032167,5.286549655067315,-1.807930789418533,675.2993584117202,2824.468193685912,1033.5247711886482,0.0,54.50324493687292,352.86175307491914,0.5148504144073517,331.87572590717076,110.52628736674933,118.71021363467034,0.0,0.0,0.0,157.79390049064187,7.928341260265381,10.04037589940214,150.8316017124388,117.67248565632102,10.838147092526059,17.307692168462495,0.0
1195,1457.1808965452722,2824.734060568252,0.5638770563089889,0.6101693974683366,0.4286622756516519,49,0.0,0.20416611652073213,29.020999660416937,-3.6567809202823276,1457.1808965452722,2824.734060568252,5652.653672802129,0.0,0.0,352.5359746474409,0.5149725565367913,393.20916881065034,427.1034611943901,419.1115515427322,442.8419683017622,461.3299552283652,389.5564106727719,427.7921596328085,439.4983188959502,445.45514441921534,394.7805040087944,413.48735548024155,447.38147212360866,427.7208484457447,123.38535404509386
1196,1579.2293111035904,2826.701059638819,0.713753997842925,0.6988609902234845,0.4614055867142838,49,0.0,0.029460694890416233,3.417841196757649,-1.334379700544846,1579.2293111035904,2826.701059638819,1423.9107297610085,0.0,0.0,352.4851211241223,0.5157923479385135,93.5723993124976,113.48330780207642,109.14928214917711,108.9344233271201,104.03753621899801,110.4837053933879,104.8701452641445,110.6161347761452,122.83361721181808,122.23739435456102,75.08842838681431,109.07205653244085,107.55201631317613,31.980282718651413
1197,898.9193559888033,2827.4124602295847,0.23521539514019685,0.0061275788261367144,0.35539300545661295,49,0.0,0.007199555798403621,1.1575898629560388,-0.15888678749943924,898.9193559888033,2827.4124602295847,1072.402149032152,0.0,466.63990355830003,352.7685812858753,0.5160820308237732,72.71096517330619,80.25562663913541,75.7224148255207,98.09359385905219,79.74452987140181,69.58565385687577,82.80659384451903,70.46223502588569,92.56045066321533,87.69275967586826,82.74607986699979,75.06702031771098,83.58468065614088,21.36954475651996
1198,1017.9639020803709,2831.382510066155,0.4033052723509081,0.18766951853265393,0.32993882859089646,49,0.0,0.009493660710594447,1.2191114273455845,-0.21510850537022616,1017.9639020803709,2831.382510066155,1120.1882153889876,0.0,0.0,352.7189804387851,0.5177381572607945,69.46611366301862,109.58994696239387,90.35178442963449,89.17120781740269,71.8338507663822,61.51443393777732,85.04427613251676,88.27736626798396,82.87117978061556,85.22575607055194,78.40822867602989,87.94372004173536,102.93429892333208,17.5560519196128
1199,1696.1659362864996,2837.1020412203975,0.7022378088788584,0.0331383248051474,0.34517049133950484,49,0.0,0.024956499582926728,2.4397228433891875,-0.9683512313965982,1696.1659362864996,2837.1020412203975,1616.9778300948612,0.0,0.0,352.4363974992911,0.5201256230643914,120.64535307812584,115.58737090720275,98.11970102459134,127.4485231413231,101.67507758925959,95.31881266659353,123.64946377566123,140.72913670935128,133.88627402201547,113.62164013831082,126.17630300903755,135.15644062820238,149.0771132155615,35.88662018962479
1200,1331.3872996383075,2840.0749819790876,0.5168885799640125,0.7124756307552107,0.6072217932508361,49,0.0,0.07304081087437052,10.272940309583946,-2.5292369116866933,1331.3872996383075,2840.0749819790876,2823.6024353015264,0.0,0.0,352.5883885656955,0.5213633754742952,193.07339672860138,228.1601673178605,194.85261077591463,214.2853993657303,227.69555878086908,163.84232626826335,225.01596158126168,228.59380111192692,201.93709690138925,216.4048258150994,236.22337577491783,233.62382264357137,195.75501218115943,64.13908005496103
1201,1596.0408142667984,2843.8883850156153,0.9489768005730546,0.6408447375862842,0.3327630638272119,49,0.0,0.017158050417579836,1.4030759840338551,-0.3677029775585192,1596.0408142667984,2843.8883850156153,1144.2482538338259,0.0,0.0,352.47811632587235,0.5229531619890226,85.34100550772317,79.14553893905773,84.63371334112622,77.83990433766917,85.11331998474236,76.69778145727528,80.52557761869174,85.58030550121913,100.80861749684212,93.98934204649453,80.89449277740943,104.6794241042407,85.78406300992853,23.215167711405833
1202,1042.8545814622687,2844.961724912103,0.7308327487533902,0.4882124998563238,0.42406214863477765,49,0.0,0.01172565011383698,1.1938776875595303,-0.1923995893055777,1042.8545814622687,2844.961724912103,1037.8435804684812,0.0,0.0,352.70860949465714,0.5233960471079855,69.7669630122029,79.01889650952523,71.9606905323016,71.6992602674845,76.27031628707697,64.05705533597282,98.58208250859698,76.62966302977573,76.9591182639272,92.29971586944964,77.31483675204836,81.30805329862974,83.03706701973039,18.93986178175919
1203,1549.242191998466,2845.063708914991,0.7086677854019043,0.858355937323664,0.5597934727627744,49,0.0,0.08759982771603614,10.24568456849106,-2.52635245305721,1549.242191998466,2845.063708914991,2698.6121431047964,0.0,0.0,352.49761576595984,0.5234428041172693,188.25630380760248,206.1773890555349,194.06419156988608,202.8201912410162,202.58474801559066,189.83071216261916,212.4149921380614,224.74587395619102,224.25768978123625,183.56497189501084,185.82717752258446,214.77596184342332,206.21402538552053,63.07791473051914
1204,1514.888969732957,2848.272232718456,0.6128763085296781,0.6227484207359405,0.40336730053073794,49,0.0,0.0778585282008455,10.253482018049679,-2.5271784352905016,1514.888969732957,2848.272232718456,2527.7318358386747,0.0,0.0,352.51192961612793,0.524779513915235,196.35936394172313,203.75773210310197,182.3568534547436,197.67749149906462,184.14342904352245,172.7197269592956,205.22433644034675,186.22304491572885,199.83445428168957,176.8039318482946,180.3648805910743,175.45850108786087,216.02950082266892,50.778588849559654
1205,972.6575044802782,2853.795839029518,0.619708140947085,0.546905657635334,0.5984979358638153,49,0.0,0.010868349569590445,1.0581528270394795,-0.06137099142824125,972.6575044802782,2853.795839029518,1086.5825650329489,0.0,353.64489102860625,352.73785775676447,0.5270754344012425,76.0093034460424,96.84695958293068,74.77289725060339,74.34180361409872,86.0233037746263,67.19462298331845,92.5270543240731,92.0763993211947,99.49109663737877,83.46619016534278,72.45469883092233,75.02208238528942,72.4671951002441,23.888957616883886
1206,845.3623984992165,2859.9942103484887,0.4114101429325643,0.6689359907560238,0.2953957151463975,49,0.0,0.011648261937536517,1.6138653078739875,-0.5196682149241815,845.3623984992165,2859.9942103484887,1118.0750532348152,19.62811278838349,1082.5979747060492,352.79089608191697,0.5296553812113607,67.22472030659608,68.59997156766536,71.79666473134876,101.75685697040217,94.08722609860607,79.63415088382604,87.62473011859957,77.41150829966122,74.90038831925497,90.59764380467485,87.53036543118381,101.2442957594763,90.17718913404559,25.489341809474368
1207,823.2643968961627,2889.8556706082577,0.8689696265650092,-0.512757167492113,0.01639915478281845,49,0.0,0.06846135212692037,8.30073771899411,-2.2977917288470766,823.2643968961627,2889.8556706082577,1689.3656846034282,21.321483896980094,340.8638006624693,352.80010330994986,0.5420959147414366,21.749845455694256,35.82900652881844,355.5339696906916,42.434554373395386,54.33842520973827,15.60541927921508,266.8029961094571,159.86544481744068,33.64876983411076,264.5381821467283,162.99951809880267,150.89965206398392,122.66309267008407,2.4568083252678106
1208,860.4886090817597,2889.743031137413,0.5821761808367908,-0.013855255721410834,-0.35531379799872737,49,0.0,0.009016096893131018,1.3819852572436586,-0.35125852522953305,860.4886090817597,2889.743031137413,892.7731366532704,40.22352797304983,546.3841065270673,352.7845936811959,0.5420497959432554,59.028705994493464,60.11567931484386,107.83573721285757,44.42577507090806,146.62515726971,29.196526729672122,23.283830543221576,163.0193562291317,47.89997962691845,38.2298702722562,59.40334787651888,39.169156286223426,62.06987969229478,12.47013453422037
1209,1406.5996576400375,2898.1457110534584,0.5773975952268694,0.6272883396911435,0.14319548016697647,49,0.0,0.026784300394027512,3.2443575603404073,-1.2778217793266937,1406.5996576400375,2898.1457110534584,1586.7770100307177,0.0,0.0,352.557050151494,0.545557909049603,122.048314621961,104.41244264357597,115.28124468626189,117.61504367466071,107.86913496953505,102.95665688119206,129.42328569233396,139.4692666247639,115.4867397633022,133.38216383205423,116.80678831144303,129.79015485015483,120.47257349885942,31.763199980619586
1210,1099.5766450025935,2898.5628297783223,0.4409773752311276,0.6006786296160274,0.42854008081106704,49,0.0,0.013542675033585748,1.7400886625345182,-0.6014284435060528,1099.5766450025935,2898.5628297783223,1250.163717980371,0.0,264.8707665085801,352.6849756405993,0.5457286146644134,103.84726625646255,104.2985459844749,92.20784179195013,100.56041990482893,92.2727183687185,81.85738999696298,92.97482877016282,92.04838369546161,111.77438052600866,90.98109858127529,89.39454963606414,86.29485525889734,93.17284010489601,18.478599104207344
1211,1724.792748357818,2905.749672553279,0.5041960074958409,0.9997717886798052,0.19034249644240295,49,0.0,0.01044481071700662,1.114360433824399,-0.11756420937253884,1724.792748357818,2905.749672553279,1160.5388256929327,0.0,0.0,352.42446965719915,0.5487262607658954,105.63296018233257,83.5497373902426,83.84374804239417,82.51708607339313,92.66014152838221,66.18264119546483,91.81945440337606,81.79265131594416,109.86467235576202,79.25872211469945,87.01867391395226,99.25909482229515,75.07577854843976,22.06346380625438
1212,1859.1970498050716,2907.2057716267186,0.9403395647315146,0.40838489743148537,0.0298840140754219,49,0.0,0.012921202510222421,1.024462239741209,-0.026239888848285965,1859.1970498050716,2907.2057716267186,1084.3368513347991,44.37633738326883,0.20720325074448695,352.36846793233474,0.5493321660736322,72.7595183464662,70.70470631802898,80.94512626373444,91.58471396324244,88.66654248133213,82.1908048082422,91.90515253893444,72.5145652523649,97.56831590457344,66.54962623958662,74.52805182915509,72.47581830192654,97.71541657736458,24.228492509847243
1213,904.8712426399497,2909.0337837755264,0.46130562789285023,0.379878718534283,-0.481793471194141,49,0.0,0.009212521191206715,1.6028260026339503,-0.5122159484346563,904.8712426399497,2909.0337837755264,1319.6909152532526,9.0,638.1108182514917,352.76610140989374,0.5500877028133025,63.30383504431144,73.76142896817922,62.05208392066162,93.02728656459034,48.29459526261222,372.5503982390903,62.22523943664919,43.07671016388852,100.488416037142,201.30193630524974,52.46424329313186,41.776160122909296,88.19712446486048,17.171457429976307
1214,2233.1052699946013,2908.8436445675584,0.6040612170726412,-0.2542476164157883,-0.4265905157118597,49,0.0,0.006932616965519817,1.2165217393683851,-0.2127996855579087,2233.1052699946013,2908.8436445675584,1134.3075700975899,0.0,36.5733001053793,352.2126744457553,0.5500097036722761,0.0,0.0,0.0,0.0,0.0,611.0865164462643,0.0,89.34049947515906,264.73479979349986,51.45461664010803,2.9066723097655753,73.26949113299213,17.63123728318599,23.88373701661495
1215,933.3312849092351,2915.975427252311,0.9940973109172543,0.08594087227579818,-0.22000172419074382,49,0.0,0.02164957086417418,2.187060450290261,-0.8496519677274571,933.3312849092351,2915.975427252311,967.6737911790744,15.051279284468423,733.050684746307,352.7542433416883,0.5529803210616328,59.26675778720491,63.55423374856742,54.26096885508801,81.23550362157698,77.27852843330473,102.26800850645652,60.546211445804175,65.62489076017853,85.86079481423252,53.84689684457976,61.086779049518846,108.26386971666372,69.28258151119108,25.29776608470717
1216,788.5917074299151,2917.408292570085,0.9051178000290906,-0.6673245546797185,0.0,49,0.0,0.05571626721533532,6.7433561545066505,-2.0721902445320346,788.5917074299151,2917.408292570085,1384.6540377132576,0.0,10.065615649400055,352.8145497988628,0.5535741531419618,0.0,575.5893211373964,0.0,0.0,0.0,234.6455758737214,0.0,129.36932189234568,295.53341508144445,0.0,76.58130290188713,72.93510082646257,0.0,0.0
1217,1477.8720458699809,2920.997158310178,0.5057983625904561,0.8118430984994884,0.44747533592172106,49,0.0,0.1195815029054628,17.051506793354143,-3.0794069059935545,1477.8720458699809,2920.997158310178,4340.8706944530395,0.0,0.0,352.52735333977193,0.5550788042010142,310.9462670995839,313.97795067356503,307.0403463204433,335.3247318672376,345.7216291962842,324.1433844645949,344.4389700323387,366.3243225628622,324.24475447267366,344.4679689783437,292.2070897545726,315.6547387139673,336.45571656827894,79.92282374829398
1218,1134.8285687397872,2922.1387718547635,0.561762406483858,0.8970241675530689,0.3929481638370878,49,0.0,0.01454959325783001,1.555267376972196,-0.47951265601406606,1134.8285687397872,2922.1387718547635,1270.4539839371912,0.0,480.2275718239284,352.67028751151486,0.5555514679600992,84.25530854928968,112.69003716665841,81.95129336739551,99.76268512533247,97.91652850448182,92.5258454124544,91.07293682358329,93.39307018280698,90.37920509971488,95.47100549950282,105.4909862319262,98.2578277173655,99.68488841688477,27.602365839794487
1219,2182.350261460601,2924.1031086169487,0.7332056500365483,-0.34278729702496763,-0.024215952612518448,49,0.0,0.021948030238124895,3.0784935370265,-1.2208456154321392,2182.350261460601,2924.1031086169487,990.9697462626012,0.0,183.06594598147402,352.23382196830954,0.5563680709214996,0.0,0.0,208.59760502541474,5.863586755307626,80.02611123189669,129.3204016463332,71.24141282661641,33.74224513772538,116.36871300191467,48.81755391970536,34.56720889867107,143.97330669512797,60.47625675935085,57.975344364537214
1220,2146.9861732952927,2932.570942076052,0.24419297778839652,0.23413147041305146,0.5621139821548945,49,0.0,0.019874685372541844,6.347190372545,-2.0064538109754935,2146.9861732952927,2932.570942076052,2092.6116801334747,0.0,296.61899399809585,352.24855676789855,0.5598965650393051,90.36743427818564,145.32426574525303,125.63310323253751,23.75984080508036,42.69263137271321,367.3656114271902,225.7742688569572,45.881163543617944,689.2982709011326,64.78290648802985,57.660103914199105,98.88843410115794,83.99070703370012,31.192938433720336
1221,1525.7993791674155,2938.907401114864,0.6453046797829026,0.4387325512636696,0.5744203757091171,49,0.0,0.020146484742631286,2.331844046434909,-0.9192487536848695,1525.7993791674155,2938.907401114864,1368.9130062890383,0.0,0.0,352.5073836119581,0.5625408455897528,97.61369388371813,114.2445590924407,95.34060421806413,115.00468209807966,100.65562492750587,81.44648149436708,119.05872244853714,102.02652099042719,101.20673931220544,87.22542622867769,82.01082987697944,112.50909383149651,121.85282714695485,38.717200739584385
1222,1156.7442976173045,2939.50064075125,0.7093446824456112,0.5356080481276458,-0.1180048168897435,49,0.0,0.019282419383390117,1.9900078685058828,-0.7471369840417663,1156.7442976173045,2939.50064075125,1293.5389691519078,0.0,675.8892054253923,352.6611560521555,0.5627851580980309,102.90382285442331,109.12573278295704,88.08650782420834,105.16470060629247,92.06746004893074,99.65593520648373,93.71023968442248,91.47873706484603,95.35403447208697,107.90957501423564,77.90173536448845,118.86582747013108,93.0560009189536,18.25865983944798
1223,867.1210218279767,2939.5934789179546,0.38050557825150266,0.2069630998595423,0.48487029123204023,49,0.0,0.0071285852148562775,1.8109335735185637,-0.6447563008494346,867.1210218279767,2939.5934789179546,1628.7430926433772,0.0,32.062374116138,352.78183026243187,0.5628187634259646,148.2424274013468,123.34225834834349,440.71931595219377,193.9841570034521,80.36919461458974,124.18919361286775,21.80825142759961,174.41918748542585,48.09144891512627,30.72034535146159,152.09067164650568,57.06327520609847,33.70336567836616,0.0
1224,2055.8534878445657,2946.5017764512854,0.7932575653606244,-0.05974127176222936,0.20290819928906498,49,0.0,0.010108397782670196,1.1491773193630315,-0.1509676149742364,2055.8534878445657,2946.5017764512854,1364.9397603235511,0.0,600.3678759671589,352.28652824478434,0.5657018487948102,13.075257039968491,90.87523139319735,89.17951869190675,124.23185254388224,58.25955976682986,63.568152551337,59.212499174903705,350.1933963702473,65.47921622680859,47.72520500116639,71.38531653630824,94.0947085727089,222.02921063088127,15.630635823404928
1225,1386.7284082602107,2946.5940156823763,0.5355377706381054,0.544781012507354,0.8135246321646615,49,0.0,0.009462707993636521,1.001433170331167,-0.0015549309416457296,1386.7284082602107,2946.5940156823763,1128.442482456722,0.0,6.4975575277230275,352.5653298299027,0.5657426959442023,84.67744676821845,83.47642983940916,96.73583764984633,88.13945761668971,76.7946975756381,65.71983091798562,93.36297610746414,74.07341034919125,87.59841415973202,88.73000827762651,84.17615619752357,92.85865793106981,85.09173381339028,27.007425252937104
1226,854.9223277460088,2948.252188201693,0.7758260994924026,-0.03706296601459551,0.2654606953780017,49,0.0,0.055586059128956034,7.671057225799454,-2.2121380564466087,854.9223277460088,2948.252188201693,2313.1887172071147,0.0,17.562113660196022,352.786912910555,0.5664258931557599,75.07361962912832,780.007490452514,333.49788364177044,180.24889546520166,130.84088179681356,0.0,94.82882149739078,0.0,0.0,173.0441891086941,0.0,545.6469356156023,0.0,0.0
1227,873.0372306758015,2948.6524416476686,0.5546574010610011,-0.9137774754991888,-0.13442643085840533,49,0.0,0.03140795831329345,5.755344195895569,-1.9001782538451022,873.0372306758015,2948.6524416476686,1195.2898464272687,0.0,16.772120381579985,352.7793652446092,0.5665930466964323,64.0910208926359,67.93799200866341,66.98710705788031,310.0038574722034,13.509816628858925,259.0413422020956,78.16661890888068,30.0633632394293,226.94669455844118,0.0,20.67686909664774,56.83585562446515,1.029308737067026,0.0
1228,1997.7190918413564,2949.0400302025087,0.27403096341604244,0.4589561883661601,-0.5053551917285924,49,0.0,0.006784820190215262,1.2640566276808893,-0.25441632517141355,1997.7190918413564,2949.0400302025087,1126.9161513665524,29.449440798512573,778.7514795727947,352.3107506966988,0.5667600899491094,65.5520567348216,39.207317619686904,88.75498953975317,73.08099742335665,76.06836792755524,78.43812785404943,75.57780242753752,89.84448316889385,88.77874327493328,170.2409756618368,110.31044976190225,80.16138880922479,72.05185532785498,18.848595835145886
1229,950.6504018896492,2960.17060999643,0.9664456220476656,-0.1613335694059338,0.24681130709155671,49,0.0,0.04510770044648995,4.932485271133046,-1.732664492704544,950.6504018896492,2960.17060999643,2015.2497768583337,8.672229473362577,196.42309228233614,352.7470272099507,0.5713933661401083,117.73520999780564,116.16500198284649,67.71109116504401,178.40230583075828,164.75829224893846,11.398508037581923,191.2202183827032,333.77949447605874,114.85006992940762,233.90590364196174,227.38701212511987,68.25644421369653,31.929506424043456,157.75071840236802
1230,1229.54380467109,2960.095031529086,0.36193534516453785,0.6210036366409403,0.3877889810845911,49,0.0,0.07491695711728497,11.237068110152626,-2.6266325330474336,1229.54380467109,2960.095031529086,3838.50241975825,0.0,2129.1203226148964,352.63082316777906,0.5713661794685729,272.19154980070215,291.53980738194286,285.2238313836128,276.29445189201,293.51277273097946,259.88727946446016,306.1227815635643,288.21912353025175,273.6018757730874,330.42759618910674,269.73152684827585,297.4685382161715,312.380026481119,81.90125850296585
1231,987.3324322044189,2961.096004963801,0.7942610490289939,0.06836834938135922,-0.3855864598921702,49,0.0,0.0406293139395149,5.36112233470243,-1.8231392936088884,987.3324322044189,2961.096004963801,2146.2948916076875,20.03483049273642,453.70463310970433,352.7317433402875,0.5717796057683194,214.3545165963559,47.8627906577909,186.8721926675199,148.69579143876732,65.82958864950251,160.36979179383502,455.50193288874436,221.2462811258592,171.0943640863319,40.23642143769489,283.4457741484839,117.55464655760306,30.368333634743095,2.862465924455459
1232,1092.5997597604726,2966.052145418144,0.24768718987458915,0.4496467614422974,0.12197768037349506,49,0.0,0.008411897059023092,1.1350094195498133,-0.13749866448701825,1092.5997597604726,2966.052145418144,1192.2111303145007,0.0,1047.7592015879986,352.68788264821507,0.5738462314290985,82.38790150597026,116.90012800200103,75.0978824525798,88.10514562724671,92.63105626992456,100.82797596749256,85.10186882124765,100.22340116307169,89.53714220776328,74.34622170755244,91.34260991741084,97.61976009473466,78.47795000844563,19.612086569059507
1233,1954.4239874035466,2971.285063641372,0.39947119856078317,0.08714730799204533,-0.43657869867221993,49,0.0,0.011943485028885455,2.02492449695536,-0.7660220859545275,1954.4239874035466,2971.285063641372,1461.1230363481832,7.0,730.1304361376976,352.32879020195577,0.5760284044154962,116.64619746412934,129.12803818611974,59.83788647507872,109.7977729364789,167.39021902257397,58.08106601098575,98.23769314796414,93.61020614476695,143.52306904770424,111.63361507267936,157.0822135020264,98.3661747292969,90.35221595079632,27.436668657582317
1234,1000.0410353558603,2973.9587779352028,0.5067426006999879,0.03641022781464487,0.5276074431329489,49,0.0,0.11077327331226693,21.941047848165883,-3.3531434113111276,1000.0410353558603,2973.9587779352028,4629.939045786032,41.79046227020515,332.1722873836611,352.72644818960015,0.5771387469708935,377.194327845096,35.60791641938014,264.8581772150439,104.14351414623972,335.9368481389076,80.52187400216712,2474.2622662480712,333.41445308819544,44.91244067090783,23.36309903977802,32.69451350429782,48.98808344040637,372.683718485262,101.35781354227808
1235,1414.919947795672,2981.7248970449637,0.48616265750220516,0.9203918952961998,0.9268716582421562,49,0.0,0.0168146479429323,2.022581987202279,-0.7647653379083694,1414.919947795672,2981.7248970449637,1430.623906928718,0.0,633.423692070999,352.55358337173686,0.5803792787899261,99.37723509288739,113.23068315352212,103.01102432415212,117.69514696032653,107.00432190662966,105.85970322574731,108.8979064575055,82.86493998333864,133.94440119153387,111.20703087852627,111.61945780323778,111.30908049278939,98.21486823514387,26.388107223377506
1236,1566.5122374005316,2988.880682842677,0.5880183431262438,0.884946265843535,0.5883115630269177,49,0.0,0.030428256157565163,3.527539089354698,-1.3686795873891298,1566.5122374005316,2988.880682842677,1788.7481676036882,0.0,815.3655628256138,352.49041991009034,0.5833610645401368,132.08773558515423,130.31165215406824,129.49997661962323,143.39435364724812,134.69653135637873,122.5851962775379,143.28726644305,151.89788540391146,152.84260787834205,137.8149756101712,113.45364499378464,137.09051968601057,124.9937740678,34.792047880608095
1237,1032.394761758195,2997.268249012273,0.26337877404379045,-0.21897671453487152,-0.46814771994201665,49,0.0,0.01076802488078264,2.8015054052706803,-1.1184786618483082,1032.394761758195,2997.268249012273,1645.2058026413818,11.651321197228022,70.46847131736612,352.71296770559314,0.5868505353070486,50.608319438613506,139.3021481340806,145.92621248893306,177.39319676014736,138.60779368816216,87.57844555650439,231.18406455271526,146.4537940865192,49.06626551779517,29.135624875696696,88.739847680188,140.50455802614232,68.91366124895472,151.79187058692943
1238,1840.6076756743378,2998.630245804993,0.740181435641841,-0.25100527219797675,-0.9119842322937571,49,0.0,0.019857875191933317,2.182111379340708,-0.8471922851983593,1840.6076756743378,2998.630245804993,2297.237355131587,0.0,1469.9353568722518,352.37621348003114,0.5874220878335916,253.31306308940546,266.8877477367995,121.20145688933404,171.24617088543138,176.21919645670016,137.56680159030498,140.3554648589584,171.72091287176173,135.23997905822281,182.518933324369,131.71777982066254,164.36362122260695,187.64208916429234,57.24413816273777
1239,1765.8884722248083,3003.7088691409053,0.5844164182452799,0.4877408546549734,0.005927687858162404,49,0.0,0.009847852026439957,1.1596248163151623,-0.16079375203297208,1765.8884722248083,3003.7088691409053,1240.296034920432,0.0,962.639787799151,352.40734643992687,0.5895384304183425,119.29692547349183,81.54326360969146,94.94811654604518,87.39606552162803,71.5020707084501,106.18034828275762,99.23571808006437,90.27725586424309,89.85423953758804,80.88450298971038,91.92992482089943,104.10345054212392,96.47176827884297,26.67238466489576
1240,1003.8489212204668,3004.8188756188247,0.21294357752703488,-0.6730545476160078,0.3385932879644268,49,0.0,0.02419406113280772,4.981704704711856,-1.7434449518616049,1003.8489212204668,3004.8188756188247,1816.970604760811,0.0,25.843925378564837,352.7248616039536,0.5899957578883048,71.04051551963843,335.9170885504782,480.35139037827827,168.38702844872202,0.0,89.2419341791352,135.37187250720794,40.763960676703356,83.85583845812907,20.36584881402601,64.94624681240776,103.21706288981585,223.51181752626883,0.0
1241,1118.6496008990002,3011.118551143402,0.45710805838298985,0.05169385206108458,-0.02607129457541649,49,0.0,0.019537580085074016,2.7828358131820297,-1.1112189594817943,1118.6496008990002,3011.118551143402,2071.030877567473,7.381378806957454,368.6862755904908,352.67702868472753,0.5926222630549557,278.5666996691071,246.61694669965559,105.85292718892185,288.5527266918573,129.73587235916963,131.08203071504204,113.518162232582,247.11514857767457,51.72830923921525,115.28690328666758,28.290745028806064,205.73522718191052,92.94791161339552,36.00126708346815
1242,1078.94685787026,3013.82993740487,0.4708515227224328,0.4594592210600173,0.7915260705583232,49,0.0,0.035043580821714555,7.453431882203869,-2.180890716876698,1078.94685787026,3013.82993740487,2154.771169435294,1.0,140.1447078257591,352.69357128890806,0.5937512558813024,148.75679520705376,140.5220922700038,157.2213421909269,143.4003312816677,340.0597173636139,178.20938567660508,94.71078359084773,36.735768603217,443.53888732069754,124.3344722337325,18.777632089170062,192.94699122458402,98.21288186365902,37.344088519514735
1243,1235.8992930766465,3016.966697723898,0.4068927070145565,0.14898951271620275,-0.19019366784321012,49,0.0,0.01470476185172718,2.0648591809351964,-0.787226097574111,1235.8992930766465,3016.966697723898,1488.8636193133666,0.0,943.3824143147497,352.6281750696705,0.5950602798789569,126.95708155583073,89.69927486600685,122.40946685275661,212.38332927127064,98.92174526150946,90.02296166931467,73.7786687662406,134.19147944979184,86.77653183663921,130.5451795092456,91.19894332308984,108.93011119541421,98.17819865245586,24.87064710380063
1244,1457.076576012351,3019.403258997199,0.5140330527683429,0.8223964448516733,0.6646517089016271,49,0.0,0.07684378069472292,10.013371495765856,-2.501450821939529,1457.076576012351,3019.403258997199,3508.7713612472817,0.0,3080.0842219617125,352.53601812153414,0.5960771731883311,266.0523400326008,281.6551345204243,252.17066602793238,251.4768720991322,286.22457684612186,241.53324222507257,247.44005969204605,274.3799822148397,246.79380076261322,258.11486492240425,260.09552679265767,266.2328146245138,302.5931499145495,74.00833057237281
1245,1803.8531333824967,3023.7437993974772,0.5087614923614168,-0.8713814977430305,-0.5556310011468328,49,0.0,0.04568095972660411,7.887445988415613,-2.2423409957609453,1803.8531333824967,3023.7437993974772,2854.5085174509586,0.0,636.4118915408696,352.3915278447646,0.5978852090398477,838.022441918469,246.11734569652242,114.231079463887,88.64087538317888,183.21428675799137,102.00633611806427,358.69678262151865,56.75246659249565,110.88023371897434,207.18337128911492,73.63571101062291,113.48960758502449,334.24249501037093,27.39548428472399
1246,1726.0980562515235,3024.636292412965,0.5711790498334963,0.37372739288890994,0.15277577598240058,49,0.0,0.012913010042960459,1.6890210341749328,-0.5690876451963539,1726.0980562515235,3024.636292412965,1608.3848825648797,0.0,825.6947116092103,352.4239257750561,0.5982574454592008,220.7445362229433,125.61092049228148,105.42488929287384,103.68279355939276,79.2254082501488,89.63730389274272,152.68381680351135,77.63736303829728,121.27348279815592,105.84589280509924,128.05996259415485,110.32572713723366,164.67436757847713,23.55841809956744
1247,1830.471368092273,3026.864067597203,0.3813415935760914,-0.7936997146826964,0.2604579869521189,49,0.0,0.04213225694808285,9.118171273011672,-2.3997693640016844,1830.471368092273,3026.864067597203,3704.007670697515,0.0,1226.6216081669902,352.3804369311834,0.5991849970676497,186.91346533932966,528.7829198393174,351.40409091246954,141.6908414443175,323.21884403875856,147.0020770708074,396.95690072088934,552.4795303704716,255.35198835170354,213.56066761364207,108.44645565622285,287.86288543066587,169.97804072444006,40.35896318447962
1248,1042.2587083285796,3028.881793499277,0.8597143288488397,0.25889509957805973,-0.3306758521456021,49,0.0,0.03823517307239821,4.716005668943844,-1.6839357961835566,1042.2587083285796,3028.881793499277,1300.6278186323393,0.0,22.022986795444623,352.70885779777944,0.6000215194733673,0.0,259.18347420719255,116.58793294772562,147.08292149867586,72.82706416359828,57.79152524272037,57.134665973841614,0.0,52.553776530336386,121.0454589867962,151.60816770872913,206.4601549554642,58.352676417259175,0.0
1249,1801.11320263864,3029.217101695359,0.6719327032906024,0.8202544666451468,-0.48289591478113325,49,0.0,0.02233698381799427,2.7277766558821757,-1.0895220210014447,1801.11320263864,3029.217101695359,2386.360111063816,0.0,594.6842496850697,352.39266948083986,0.6001655215177295,465.1520558008168,76.63765143882509,162.83938426583276,73.89076453341835,226.43953853061083,187.52498265055755,207.28727794324885,122.79285936969725,112.55037576887592,178.14911435760627,161.4132120640245,115.58459386867452,265.0763776535824,31.021922818044985
1250,1160.576089620798,3029.843635374012,0.4054589696634311,-0.17529554834051203,-0.3610841526410412,49,0.0,0.04737567652447293,9.749799901914608,-2.4724892565832466,1160.576089620798,3029.843635374012,2440.531631126806,9.26026193430759,222.74060639464665,352.65955949758074,0.6004241152342543,275.9421739138168,202.66502681741844,127.11017129938035,20.38454702520372,214.3457059197173,1.1128086671645174,37.2296110180511,285.6201329704111,281.31014642696476,58.01124185687425,112.79795499697532,530.3927495061407,141.727014408957,151.8823462997308
1251,1783.3100619396275,3031.5147751691684,0.731318399660037,0.7774828644075185,0.19343122582557554,49,0.0,0.038766813805398266,4.973733660557273,-1.7417063135896957,1783.3100619396275,3031.5147751691684,5242.804127591257,0.0,643.9051971253839,352.40008744819704,0.6011228894383297,689.3600935423606,141.33967415868528,373.5423344945466,1740.7257394223711,465.3410115929938,326.2260866592025,68.0405492408705,172.85706967359994,243.68154227338516,478.6004299739565,135.49190809365973,138.7005454378625,222.37406529716316,46.52307773060014
1252,1840.6278151810152,3034.4755667167897,0.43265432365526246,0.12010365274718958,0.0669591632921705,49,0.0,0.03246914845435031,3.498804331920443,-1.3597991388999309,1840.6278151810152,3034.4755667167897,4756.613185944721,0.0,2440.7217346080106,352.37620508636286,0.6023560315374934,56.723826022618766,83.81075351211746,340.52207392204025,473.0013453319386,355.4229931122944,548.0342092241601,732.092646084013,573.3954835244547,350.9176498272317,457.190467163724,156.70918280847678,308.3283456473705,209.25719102225378,111.20701874202712
1253,1199.8898384518,3035.3483198764243,0.315303531794819,0.08628713710621558,-0.23162542532611086,49,0.0,0.02259880187652519,4.942084950241784,-1.7347755157085336,1199.8898384518,3035.3483198764243,2959.524495116266,0.0,313.0578511604298,352.64317890800265,0.6027179998998982,251.39832749514733,310.0197486311706,291.1180090891644,264.99094560650207,390.6054201530808,54.0982933135389,128.7234382339749,336.9040173034871,161.44253801061004,101.81038548135278,350.58736758861215,160.6772620357213,110.5397234177526,46.60901875615059
1254,1194.24334838511,3036.591326513579,0.9046370339616904,-0.24648322093245167,0.13259705651853604,49,0.0,0.014813739847063606,1.57074824085729,-0.4902664550119607,1194.24334838511,3036.591326513579,2355.7687497278303,0.0,252.8200132753743,352.64553159417983,0.6032357880350149,267.4252099923053,218.1730070043504,153.12544251490047,323.501316746569,278.2175931903664,28.70673240752583,183.88390691533317,180.39592195936433,29.267329574649786,127.85532883127885,358.2707368437201,121.23177107058962,40.70454289523906,45.009909781637816
1255,1810.1384023434491,3036.86000324462,0.41511555176017606,-0.1293835448877245,-0.32941115924607745,49,0.0,0.036104991013818345,7.372643386280606,-2.169058069120932,1810.1384023434491,3036.86000324462,3244.3063846798323,0.0,431.0121218299904,352.3889089855704,0.6033496557970783,334.9853831179813,52.448096828565596,324.3740795290305,226.66945421116407,344.5446985967713,309.9992824225542,90.38083373289663,158.21129888514702,380.57007337878235,68.92850584515554,221.6417007199297,118.85334192144398,596.0071090921235,16.692526398286205
1256,1731.8286153079696,3037.3321748929548,0.7191114626726459,-0.5225145695922943,0.5756862503517607,49,0.0,0.017812411199025085,2.1695666983171886,-0.840932515128098,1731.8286153079696,3037.3321748929548,2484.99349853913,0.0,660.414203966201,352.4215380416504,0.6035467983827121,140.8190954506328,564.8599499738032,93.1985950645966,202.92941665591385,141.2041969806939,105.38085572517019,193.21217413955844,251.28977058951054,145.73573539163075,281.96935656913087,143.85224389351285,117.73869622338802,79.15720005226967,23.646211829318865
1257,1213.5379291020356,3038.698796609067,0.8821454713378701,0.787746550957516,0.5802175070740109,49,0.0,0.04049232232174816,4.035984216621717,-1.5148736479709677,1213.5379291020356,3038.698796609067,3778.1945146725257,0.0,348.09609522026494,352.6374922454561,0.6041140453036226,524.9975198440955,276.9894126942882,266.7057117518438,307.45822399054714,490.9251565546278,248.3751908291033,396.9153755913627,348.20814808271035,87.46602886288663,192.41485554212835,24.497692561581587,443.1001616277186,106.20442598534166,63.93661075429018
1258,1644.011967135226,3039.267182187627,0.3741058616545284,-0.1381830855852189,0.04335194845380417,49,0.0,0.011345320788746525,1.9812954059670471,-0.7423730813461726,1644.011967135226,3039.267182187627,1664.279027732783,0.0,737.7989912112947,352.4581283284242,0.6043532082654797,306.1766693696839,137.66586285070693,84.00439469315862,109.84603526854868,112.07350097534024,106.06839236124758,184.69494424177668,110.97583613204657,140.53414674721114,81.72131595854293,53.25437162538266,75.5930016913517,141.3241829811104,20.346372836675144
1259,1183.236738142806,3039.6709803765507,0.619196648635575,-0.29693161775330223,0.4302811976644562,49,0.0,0.026732760368727862,4.0017488211097225,-1.5056245641803603,1183.236738142806,3039.6709803765507,1978.3108646985945,0.0,147.91269747806658,352.6501176450933,0.604518686428165,188.33469588303544,216.57251363584282,301.37573444066606,188.90717853799228,91.12965606934056,117.98749670211366,164.92530370265456,54.971764769223086,144.16069438872594,74.75446963957766,328.21622108108056,95.74013798693915,11.234997861402675,0.0
1260,1612.7841221125495,3039.759181460463,0.6090220507360319,-0.1601877752493711,-0.16799680047990165,49,0.0,0.012355935532614644,1.648415872908809,-0.5426669694413709,1612.7841221125495,3039.759181460463,1323.8992949323115,0.0,725.986303426246,352.4711399415876,0.6045582133566577,262.44148790243787,99.6603310798143,101.11314779166548,74.33123136795695,123.2370828030961,79.05324994214922,105.28644025768239,64.68255026563756,74.59623411583203,81.59254246459281,76.99656109921733,71.8397911388488,91.91611582571507,17.15252887766572
1261,1364.5512813751284,3043.027193955552,0.7989666815992708,-0.46645956890827944,0.5288555004834188,49,0.0,0.01997543895954694,2.1773324476626614,-0.8448118617190142,1364.5512813751284,3043.027193955552,1475.1409244602426,19.976616993259785,519.1410849529129,352.5745702883438,0.6059188462407812,230.03298286800475,59.151938016843225,62.76595049856263,76.5018493082294,169.9945685543092,57.87437746821142,143.45728699959764,66.09725537344244,41.29824764288843,108.73966482434638,130.90088065744703,107.66579087172781,146.15351466132745,74.50661671530476
1262,1849.7217681435475,3043.1303373416463,0.7254766652201687,0.4407341308634763,0.2421138736254386,49,0.0,0.024798675896863263,3.350723006653621,-1.31284631902567,1849.7217681435475,3043.1303373416463,3169.4795706552723,0.0,386.6280858624354,352.37241594734996,0.6059617146829247,0.0,160.42773705492655,112.30085551208663,245.24491490790967,795.7865603594341,449.08821534675974,191.3171402112194,226.3341314481193,254.83348580974837,64.45554410046651,102.04438222671615,347.4430147058989,161.48830471173522,58.715284260251835
1263,1874.3874120009268,3043.425837173349,0.9319324539573582,-0.5916992374626062,-0.06672415657167939,49,0.0,0.03151793284995692,3.6462110629989932,-1.4046045110735517,1874.3874120009268,3043.425837173349,1558.9781992850956,0.0,86.98190350486081,352.36213862369453,0.6060846190880027,0.0,223.88528472703166,64.7854008544104,71.30936556420033,207.5496238290721,68.48321646371241,64.85867668109935,80.94118770369032,218.75837381096386,70.26337845847675,122.03819042301949,251.2965832872357,60.64924526880086,54.15967221338235
1264,1485.6657825466275,3044.525816865253,0.9416124135338837,0.2301536030405764,0.17512851409047006,49,0.0,0.0155956235773242,1.5529959885162614,-0.4779258348019147,1485.6657825466275,3044.525816865253,1733.8430779400646,0.0,757.4989086727886,352.5241059529068,0.6065438840977798,139.58280585763748,157.14026007312944,93.44851595838898,123.70852050858251,73.1834453205765,109.48046028083559,137.56945231974476,111.59676554692584,146.57659483950957,131.82682571925778,123.26273777697041,127.4126975696239,221.77879854913732,37.27519761974445
1265,1679.4051547502552,3044.7171614922577,0.26842985645656064,-0.3503995022413673,-0.3822950969138982,49,0.0,0.011659437052589585,2.843990339648902,-1.134820292165858,1679.4051547502552,3044.7171614922577,1851.6885020033292,0.0,626.704209803351,352.4433811565907,0.6066237138543628,203.38771322499628,94.43154492791516,134.09371135203259,158.46002704439422,181.48022251247338,89.856538134596,186.7433153556943,77.06916654540386,137.36015190219535,96.56717199792271,124.7028663098576,125.68821309049378,220.55431804485886,21.293541560495452
1266,1715.3759777478797,3044.6662819294415,0.5975814374349803,-0.8263766612994768,-0.4557770174448555,49,0.0,0.028839514798956127,4.219031844209408,-1.563032008354107,1715.3759777478797,3044.6662819294415,3190.3280408987703,0.0,566.7219951551323,352.4283933077173,0.6066024045795301,183.0038942490872,289.38208460958293,101.06969532403664,375.5056237609109,437.580050564726,211.10418388132095,182.6572677964238,435.22404628781976,120.15822942978292,160.48920628538616,130.6607872900328,71.35785714906466,472.88101768345825,19.254096587137163
1267,1321.961754421009,3047.348665906149,0.7375681099740717,-0.29082819909842905,0.6997789212975055,49,0.0,0.02619089297559673,3.1625722162851484,-1.2501011281680317,1321.961754421009,3047.348665906149,1739.8395019840727,13.71273392309103,482.8491389955741,352.5923158785897,0.6077189060922265,264.50023415452387,120.55600838112713,64.59814113185737,170.89945815854037,158.68665010541534,101.22080521409887,140.2240185730748,72.50585649381675,139.53762953028888,83.19176184336766,131.1191954150412,152.33780717163054,102.89423138284779,37.56770442844201
1268,1669.1952820506235,3047.9836957197263,0.4679274170376445,-0.03775729396032787,-0.044467979325742056,49,0.0,0.01991391936876892,3.360282815454955,-1.3159395774199956,1669.1952820506235,3047.9836957197263,2353.2269737071997,0.0,637.0575802097676,352.447635272758,0.6079846433287078,363.4839751569573,229.32486147446687,259.8451784933221,161.24176809054347,157.75316517212445,108.02978995684455,193.5761721804664,139.9808679830487,108.70849009031907,77.94470204500176,185.63243321664407,99.13508473988551,250.40453941011276,18.16594569746234
1269,1376.4940646564642,3049.705512756692,0.6236368912825696,-0.11348934679071303,-0.5720066780079046,49,0.0,0.015629996391979022,2.0265169592754972,-0.7668756064130637,1376.4940646564642,3049.705512756692,1734.7289024033475,16.494839926513432,524.815558728666,352.56959413847954,0.6087012557804038,246.35251196735882,83.23082417905024,76.9553979047723,192.35432240936603,195.08253698828634,143.87007009836702,59.43334683121171,134.99502778904855,80.59030043901689,237.87354491659062,42.61078774644938,80.63195814738067,123.89572643565691,36.852546550792056
1270,1493.2772933179017,3050.8572935699885,0.8945261228361052,0.8884766308639231,0.5634262218841113,49,0.0,0.020165208926700266,2.1022224333881367,-0.806696665627127,1493.2772933179017,3050.8572935699885,1826.5609176032128,0.0,745.8331446698206,352.5209344894761,0.6091817335291766,83.98885927958489,169.4684714696887,147.3255657534048,164.46977083178024,155.51500394530018,161.6593472824232,245.64268461879152,147.20912673216205,165.5560264046826,76.87467625932328,83.99442743922357,84.03931020112276,109.92067884147599,30.89696854424929
1271,1766.2390535444626,3048.489322138562,0.6994515019352594,-0.6056557212417388,0.10156928211710689,49,0.0,0.016737674765626657,1.9872795615918508,-0.7456474150272305,1766.2390535444626,3048.489322138562,3135.8933472030503,0.0,364.29149528468577,352.4072003625422,0.6081949317782244,168.1226515466738,200.3203133665723,109.58934130485369,822.1296946643638,153.49335251185067,224.79687890448372,202.47725827197382,212.77121172330402,161.5308185089712,173.31467723115696,74.35265336260194,453.784266455661,125.54904431257648,53.66118503800684
1272,1848.749518532918,3049.5802001930892,0.4008670957159337,-0.10889423734703543,-0.0696579709387515,49,0.0,0.013131094678257465,2.945126200592818,-1.1727597733143995,1848.749518532918,3049.5802001930892,2240.1751846392485,0.0,145.65882507812225,352.37282104997905,0.6086488638286863,0.0,187.0286734474812,44.04080496944814,211.98852744977808,454.2899254618271,82.72723768579046,208.84571265038124,210.83031958365956,182.97742927130997,88.7434895878177,92.11982615322785,249.8026093067779,154.35982388700177,72.42080518474759
1273,1465.4205994556733,3050.675419793592,0.6552156572343583,0.2902076100403109,0.0959153062627376,49,0.0,0.025553525432873245,3.2755758109594595,-1.2882191383317827,1465.4205994556733,3050.675419793592,2064.0684620146085,0.0,609.880129980458,352.5325414466843,0.6091058525353003,161.5106725956627,77.86124596645274,75.64445882941042,117.52533131903533,124.08565259861705,104.56941147253588,194.83203450361265,188.34670063187681,210.09442867682714,137.1261018661367,185.9569724848071,153.464173426072,307.25156065713514,25.79971698642683
1274,1483.7773672046676,3051.73232313358,0.8177839507586151,0.7144718858002906,0.3412497556216284,49,0.0,0.023681449079020544,2.551922906477966,-1.0171688755568447,1483.7773672046676,3051.73232313358,1978.5624786615126,0.0,612.1298773268054,352.52489279300016,0.6095462542025805,231.2424387528984,128.49984462376707,57.08601143653462,148.66904546797977,144.350891026793,195.20670873130805,147.9657389639024,203.55306131127605,102.44628630774159,79.60011408363526,120.617418057838,177.57071265787738,217.93765978128323,23.816547458677793
1275,1785.8199930161393,3052.7580025702214,0.3787270485608555,-0.05662818889627608,-0.21780425817681673,49,0.0,0.12747463832483222,31.293829342310985,-3.738646774634306,1785.8199930161393,3052.7580025702214,4549.117808043149,0.0,257.34791092207627,352.39904164350537,0.6099732386909406,0.039073914742580644,129.34889819572714,50.589688849048315,611.6856999884211,118.85162355228233,249.35064528665913,847.0681448566788,474.3279974703184,426.1380352502605,340.62129510750805,44.70273242741956,177.042969533899,81.6741332017285,997.6768704084553
1276,1834.2484368674423,3052.7416180354107,0.6093812609245624,-0.5875613623051255,-0.5176580195814382,49,0.0,0.03135018077639332,4.89096786869339,-1.7234870243119493,1834.2484368674423,3052.7416180354107,2637.476059218307,0.0,130.50086694277297,352.378863154039,0.6099660852580878,56.56465905914332,55.475834243027045,219.91697800648168,351.28348673011413,275.9151497910195,300.02072316804396,332.72421167581433,285.68423774940186,144.05600051285563,111.14286195922963,165.00149578292482,208.21723560743823,93.0584214779793,38.41476345483345
1277,1362.8722370466355,3057.221068129278,0.9435672536918389,0.49266869144332653,0.4802580962410976,49,0.0,0.014973144447797727,1.4575105321454849,-0.4090292542656915,1362.8722370466355,3057.221068129278,2773.1014967557776,34.33283686759893,386.9291797997662,352.5752698895737,0.6118322817277363,376.93832048700864,111.79143166981396,105.46209877271116,156.3924527791523,153.05634892848744,139.1323054856478,898.6596389536585,187.51358434297748,158.4998765452833,132.2142353903558,146.4033053892557,38.01967141651795,112.68549865217179,56.33272794273625
1278,1391.0300935544808,3055.8718874970355,0.6979076480646205,0.3449760757611104,0.3992964524800141,49,0.0,0.023104838489295832,2.9890459132366587,-1.1888314651761402,1391.0300935544808,3055.8718874970355,2550.2836274351043,9.652101961240202,395.0206628201762,352.5635374696897,0.6112703904639718,350.563260551755,108.78340651586569,75.528080657398,101.25319959761556,118.93207550578242,77.67499112658079,319.399748811138,82.0243364714486,500.0173496311365,301.8363671187143,110.63183927797999,277.72183875063814,93.29108529731884,32.62604812173258
1279,1398.7256691427742,3055.680503697743,0.44670122230085874,0.10968057899144498,-0.5097783238547252,49,0.0,0.01418730223158634,1.7830533701257707,-0.6279108565421883,1398.7256691427742,3055.680503697743,1875.7641751803367,4.039038909468031,412.0640443454263,352.5603309841145,0.6111907073801847,233.76572023481873,127.09834731430357,129.14697333508346,154.50915390882395,112.04687303842474,65.48945186380138,177.81555131211996,100.44398764368785,67.50921091914138,266.732581652338,193.09801102319346,102.96465229812979,97.83033051752332,47.31333011894719
1280,1257.6860403257042,3055.619520082041,0.7912226659144309,0.0891651739251023,-0.7184711456764671,49,0.0,0.037343179238765484,4.630079298687959,-1.6639710729486006,1257.6860403257042,3055.619520082041,3395.2354084405765,0.0,188.22819847044286,352.61909731381184,0.6111640592292875,174.6499293691018,249.09575988282046,275.74120727856246,241.40979376389907,693.0565546595935,122.78826127922832,188.19845444876754,127.09627960661874,100.13581365858157,46.92905596296707,112.61139287228983,184.8496956522825,753.0448052090119,125.6284047968519
1281,1272.8162199387818,3057.435622805264,0.8572088767290962,0.7062462281620177,-0.27511055314175165,49,0.0,0.026861960470238533,2.9887840535443697,-1.1887363435181986,1272.8162199387818,3057.435622805264,4966.453289474013,1.0,206.67645014503063,352.61279310422276,0.6119208456521567,60.98902320189072,193.1171293973336,269.87410201551813,173.3236937445868,222.77683518043835,331.42812630977903,784.8874981670303,1967.3969231250321,139.50704670824706,232.02782597664256,228.78598618096788,208.4453481779093,147.08346038936642,6.810290899270593
1282,1432.9184740080932,3057.0070675736306,0.5914048843283939,-0.9227640095215291,-0.13781580471103763,49,0.0,0.017817514960630616,2.51609493486714,-1.001817558657154,1432.9184740080932,3057.0070675736306,3307.8294848498326,0.0,556.4065965283846,352.54608399499926,0.6117435840616681,334.1040398561312,139.22816938253894,211.55165843839586,230.87985699239866,941.157553499456,166.031813922564,181.5865860638255,445.3664141295164,124.18879099179614,118.03357029168976,249.88430267846584,94.78899845706663,52.03787303506951,18.989857110918717
1283,1522.9854255773275,3057.912628147008,0.7990672428247401,0.48938133237550796,0.8057450180038759,49,0.0,0.02176321618162689,2.3695155052365187,-0.9366488872695256,1522.9854255773275,3057.912628147008,2133.3563787597354,0.0,541.0942432733946,352.50855609562444,0.612121215614125,281.6217918071387,50.933788297990674,135.98609703772178,118.01402568849045,206.7060080512876,90.5651283334721,270.48350420901755,185.31594260860652,236.6433851983744,107.02969423174041,146.66615804762495,160.46841822155326,134.48728889278453,8.435148133932536
1284,1514.9570039731514,3058.3583520521547,0.40771900445866377,-0.31033629321657946,0.30755397272005924,49,0.0,0.018421105625588477,3.217988783372644,-1.2689613149700998,1514.9570039731514,3058.3583520521547,1933.8014522526746,0.0,532.4517218125104,352.5119012731632,0.6123068918187247,198.1652422959145,75.90724450516085,166.96846249571888,201.54021186357943,207.15937766488756,53.86663410704317,172.61847400452692,109.93223855833764,197.53083382019574,183.0286055236126,76.73225407297238,130.6273828284114,147.71778108442305,12.006709427890446
1285,1546.7227265035408,3058.1962704746684,0.8681103421712609,0.43899363226317434,0.016560143405515086,49,0.0,0.025335360511008206,2.7475762753707977,-1.0973743942427638,1546.7227265035408,3058.1962704746684,2208.749443376312,0.0,522.3931799123139,352.4986655468741,0.6122394370716491,218.92079578985235,179.8846442590463,116.31776410624327,197.44055949815186,338.7565715218059,82.31922697153044,80.31403136125797,208.1276613871687,173.55493527974238,85.73503257355804,143.68419244329192,124.43521925783253,226.35929588820505,32.8995130386251
1286,1446.8810882263847,3059.0013362677178,0.34033996883134787,-0.3577653838067985,-0.5685165859991721,49,0.0,0.017625870753153434,2.3722544994099275,-0.937903197565691,1446.8810882263847,3059.0013362677178,3287.9702041286546,0.0,516.0856137332521,352.5402662418157,0.6125745080315537,331.1620433842021,218.51173099045445,163.3803608727178,220.03632822254238,234.3372851822291,198.57718002594527,458.3411330676135,215.54873030952876,136.70486529727435,426.05868436784573,178.53618565190956,112.56994356348274,349.31307553248536,44.892657660423126
1287,1462.2746115721598,3059.7299616492164,0.6786400637725645,-0.5845738706650708,-0.0638499116713856,49,0.0,0.031944190425441395,4.19126907944644,-1.555863858579186,1462.2746115721598,3059.7299616492164,3042.8125439491987,0.0,595.6329011159667,352.5338522751824,0.6128781403843463,562.9482860772742,233.14867727437274,112.40656819798954,243.4251627107842,299.45768130417537,139.81926147748447,109.19066310349514,172.38801656375628,156.55313965414268,219.9126076318883,270.4183125829354,158.08907864095107,310.4048729978372,54.650215732112144
1288,1210.1723146525726,3061.080347485929,0.7961699185673989,-0.6319728012034296,-0.034467571340953504,49,0.0,0.022908302845648282,3.018591395953249,-1.1995108245479846,1210.1723146525726,3061.080347485929,1993.7180888601831,0.0,56.450671797626406,352.6388945771234,0.6134385762016605,123.04199668268706,100.47963594970292,346.532380832052,316.5795072782366,167.0661762535426,123.61210938814102,31.348029383066567,270.9048050412164,43.93892483229806,108.36665940523756,137.6687927793936,87.39117508124292,69.96886038384596,66.81903556951988
1289,1842.301703296525,3060.782553811319,0.7451508205105735,0.22892839217364114,-0.9785169769557357,49,0.0,0.019053838888095455,2.254472297017366,-0.882612257648933,1842.301703296525,3060.782553811319,1660.9791904876965,0.0,36.76569230327564,352.3755076328554,0.6133160325060758,0.0,0.0,131.7667806915391,0.0,61.64928765813627,169.64480607452506,444.44808842888773,237.47749241009294,62.166699763739516,76.4549559648797,149.79276158277952,209.78496167933113,33.188522636122045,84.60483359766337
1290,1533.260554448078,3062.5660151185184,0.5947228463168129,0.11542366066083207,-0.07881665916078641,49,0.0,0.01871402110828844,2.514714153606555,-1.0012215653619414,1533.260554448078,3062.5660151185184,2458.848009196494,0.0,491.2593948518631,352.50427478930993,0.6140599322230482,68.20976847807825,128.4115211496306,183.47796507610764,157.6960239560717,274.3915473446131,217.2473334944835,361.78602689071556,229.81998353545188,199.86754384872603,132.17437334097667,198.36844260762413,146.31972588026966,145.7721197722124,15.305633821532854
1291,1562.163584133304,3061.995067644771,0.9575020686046215,-0.8923512211078959,-0.4432677530000028,49,0.0,0.019065145608075016,1.7279316151204487,-0.5938163769493209,1562.163584133304,3061.995067644771,2438.3927915468307,0.0,542.3505766458837,352.49223185111845,0.6138221138754753,203.5535183333339,233.84856190844647,126.10222120462433,112.84550613243113,222.6573635505755,113.96694593133608,126.66023759064139,221.39718777866688,202.59776175734692,203.57418793864383,264.01946636199807,235.70550526779633,156.13624294511797,15.328084845871697
1292,1795.943224066555,3062.918946080571,0.6627924000562468,0.8105763299704355,0.9992779292456804,49,0.0,0.03293859918254308,4.341657745426945,-1.5941389621609408,1795.943224066555,3062.918946080571,6072.188190209856,0.0,105.99291582675167,352.39482363432506,0.6142064232362574,130.07568007141396,288.7221315305229,115.68299761183997,305.0379982683353,311.19749609154553,982.066202860932,82.33686082517305,250.2088578679732,2833.102556174791,194.70449123096682,204.34082065227875,160.72985758862595,182.04122058002935,31.941018855428418
1293,1505.0648652154507,3063.492389902052,0.9042069319753231,0.7641006731478854,0.27342145332283774,49,0.0,0.023418091305076983,2.357398084198651,-0.9310823156369951,1505.0648652154507,3063.492389902052,2307.0733596769996,0.0,478.0641813640445,352.51602299972916,0.6144458034946236,115.34498038657587,206.54235764632648,174.0624948922356,286.9082529895427,254.07827544491226,129.60009334794046,224.827054668743,176.10360416280218,185.69568166930497,115.36240655780193,172.52032858634715,114.17102060897616,110.19610325361334,41.660705461877996
1294,1746.8625153837963,3061.736022307694,0.2789594607007271,-0.07340671051526997,0.2956295095459854,49,0.0,0.032566379556674865,8.781600973451077,-2.3589342483507107,1746.8625153837963,3061.736022307694,9260.398991583628,0.0,265.82692471845127,352.4152739164804,0.6137138667473742,184.5480844787153,565.9476701910455,1788.2645449253819,345.2105672216905,73.71432398102309,284.06532592335356,4803.247099233367,188.49019717157125,89.29879817066286,101.74601017024088,163.49720618656158,339.5937137188653,290.3222075314725,42.45324267967654
1295,1302.0816673512347,3065.0178001086047,0.7256416269799896,-0.22073968516551443,0.23089575815526125,49,0.0,0.0462137404909764,6.591859434638131,-2.0475198446398646,1302.0816673512347,3065.0178001086047,2707.8271587285462,3.9450471924285138,155.48469106910403,352.60059922056206,0.6150800187614434,604.6833963650624,220.76507077182708,161.53255827853798,275.23878181431553,223.93397872183567,78.97820077860968,281.6478319913659,367.3658618777369,14.951726274058535,278.64612094661686,132.78120881270232,38.10535980826744,17.902503863584577,11.294558424025402
1296,1701.5839899778018,3063.92298627501,0.45513265439878886,-0.657461560052334,-0.31379467589344895,49,0.0,0.022817771124444206,4.08557062720677,-1.528131806357087,1701.5839899778018,3063.92298627501,6048.067878514088,0.0,323.55016728791884,352.4341399704071,0.6146251802544049,69.41378889730413,2668.249996288742,275.12104806043874,548.6227148154321,47.12407210275073,307.5508657758329,624.6247595345242,330.6774670597787,641.3238851201284,144.81163006164505,107.70879953644275,99.21982393929326,170.97517019943535,12.643857122339682
1297,1420.8412867085647,3065.1635946682277,0.4660999571718907,-0.5487115596987062,-0.6117470722815191,49,0.0,0.02082654995687604,3.460715719431732,-1.3479148140740616,1420.8412867085647,3065.1635946682277,4790.755470025552,0.0,446.7407407576555,352.55111615329383,0.6151416829035972,2150.074115934539,305.37372604844103,350.8587390162214,247.84864877854312,195.99277742025524,137.79287225558255,331.8794237254254,282.70772091224774,123.67657521143383,187.07137684406683,91.11363371751938,123.37590609447723,213.034022749435,49.95593131736463
1298,1486.8408219026921,3065.5371541568884,0.7713578493177581,0.04916670453888697,0.2509369927678219,49,0.0,0.01794622275554165,1.7108923770274453,-0.5830567282169269,1486.8408219026921,3065.5371541568884,3204.020484658603,0.0,481.60259062395136,352.52361635369,0.6152976298408878,205.03316770470508,197.05025121898615,243.71960446710762,309.5538863551068,288.1863094994917,108.41846880294943,191.78764921742467,400.946825086878,174.2399835654476,268.4134412563588,234.47012573110115,333.98355538720466,223.9464426417186,24.27077372412284
1299,1547.4699884710649,3065.242880957679,0.6796623353709443,-0.13643441482638452,-0.9044330956201264,49,0.0,0.015849162356191795,2.036605115081576,-0.7722670754876284,1547.4699884710649,3065.242880957679,2857.6670368099117,0.0,446.8373557454427,352.4983541875818,0.6151751943462569,478.62158867278583,224.10315154267778,129.28491413993518,267.64266100667453,338.84060645239106,166.74088566058083,154.78363657039927,237.04228758205556,145.5661801892374,124.79111835576923,145.91659326442402,138.17925536514628,287.5818690655043,18.572288942330612
1300,1273.4019019211848,3067.570953312382,0.8479294453421526,-0.6640254432859712,-0.7151712205488504,49,0.0,0.03107271799616075,3.6401460501997267,-1.402797021982089,1273.4019019211848,3067.570953312382,4382.8752002377005,0.0,93.85280959193906,352.61254907208234,0.6161434169727166,61.342188349134915,230.9507935026296,115.12791854986197,168.79477104568124,246.01317864546144,269.38029994355304,526.615666130099,1982.5724732674532,184.0048178110309,86.35063325167121,137.33029484527665,163.97760425993914,78.87419331927924,131.5403673166295
1301,1572.4724919898845,3067.5724804851916,0.8292319564632135,0.15706829943454104,0.24552647948477827,49,0.0,0.014689425322112456,1.633161720451305,-0.5325729799404073,1572.4724919898845,3067.5724804851916,5439.254259097048,0.0,460.70654468953046,352.48793646922644,0.616145783462667,161.68427273576907,208.15471127688636,199.5959603820818,265.50475858860267,121.06249560735037,132.45411390781916,145.8281225905173,966.2494549299205,158.1385087027271,2204.663520900461,419.5226563217653,62.04624120893069,371.0534477944394,23.295994149776387
1302,1566.4170099353382,3069.119398979071,0.5208027497863694,-0.783045106903683,-0.1454263640504068,49,0.0,0.022919695131396065,3.434954556319416,-1.339802489536765,1566.4170099353382,3069.119398979071,3186.204504260879,0.0,428.9974639377415,352.49045958893976,0.616790253253596,51.51682219769598,237.82098790771704,207.3526586846168,117.05177367806655,166.6208618763327,156.5301250401469,140.50098607671652,126.52236990045066,117.08249603232277,1042.2818411269295,372.79977601713506,86.69997255010259,344.60583437645323,18.817998796192445
1303,1689.5254027343647,3069.3425546399285,0.9999629068361152,-0.19873361179829488,0.31893063337141614,49,0.0,0.023294992057086426,2.2063001774224404,-0.8591614997814467,1689.5254027343647,3069.3425546399285,5835.448243984377,0.0,287.0734222890404,352.43916438381046,0.6168831138463884,234.8312704033233,104.16824770575928,3936.2700264666146,133.2682330916687,85.66973488034913,186.34433942161562,397.75177314077575,139.6449356849458,119.01328725594587,33.061902114074805,111.6793549831622,206.44767476262496,129.209203816736,18.08826025678092
1304,1218.0084639538088,3069.5638037781514,0.3301537094428773,0.6025316589951839,0.6223964492872364,49,0.0,0.02591510180191605,5.979521838457971,-1.9416661408982927,1218.0084639538088,3069.5638037781514,2259.261581211862,0.0,41.97858691644706,352.63562953856535,0.6169730331455335,163.6399877061341,133.6477286230772,150.52027061193968,197.07127248003843,96.1470225488525,92.38777820213298,161.5124328815627,285.6663459622572,111.18131358951604,219.0863597300487,81.37325947574352,410.0567539298495,64.15795908575232,92.81309638495703
1305,1473.1115825255808,3071.509426913881,0.4555215587102632,0.19251173638484106,-0.14531862998071576,49,0.0,0.014561525405645502,2.1270501630831116,-0.8194443304142036,1473.1115825255808,3071.509426913881,3103.668858572575,0.0,421.65630022911677,352.5293368711157,0.6177857383343449,216.98484311142357,384.3154182364309,200.182951931849,208.35208631050006,243.59570651568578,145.3699392886506,534.430887565384,257.9351971038477,108.94691984427007,219.41563549024988,234.23396858975417,216.43871771732668,101.50921844228503,31.957368424917675
1306,1670.08687702565,3073.4941798387877,0.803022001996937,0.5389699743225267,-0.4331142435948751,49,0.0,0.022173186629852536,2.4294351831425995,-0.9637632916535486,1670.08687702565,3073.4941798387877,2507.9248814446873,0.0,253.84656808726822,352.4472637741517,0.6186128098371396,295.89759417752845,170.25311810205065,266.82905812464855,137.23977975058406,398.8253707959199,233.99399139583323,89.91150871489046,87.09411420483423,88.59290484463516,193.62649395856266,168.02671948959738,176.49310264106148,154.50386084166135,46.63726440287938
1307,1779.3407593089764,3074.707679011404,0.8613202910796764,-0.8137517867447863,0.3436315385023654,49,0.0,0.027273704463540174,3.07409241015323,-1.2192922966669542,1779.3407593089764,3074.707679011404,3633.2104591129546,0.0,36.13060950190169,352.4017413209105,0.6191179320656535,0.0,160.59542458952185,38.86399613351384,1639.7642421195453,2.793514959729948,0.0,254.20733781852016,238.10592298676795,34.22777162691744,789.4327320015517,178.2859679273791,208.59765202321836,66.30656320729096,22.029333718998217
1308,1362.5574178868376,3075.0749562085307,0.42560483270379235,0.4478264395224557,0.3154649636805187,49,0.0,0.009460958629660829,1.4163416085199698,-0.37792003451852396,1362.5574178868376,3075.0749562085307,1986.416057488529,1.9956702312244856,110.70525911227796,352.57540106504877,0.6192705431812339,216.71928963083454,305.2643097504149,227.4659063063391,76.2578933407968,181.91717207725205,59.71637582006417,93.8860412342911,44.937269991907286,178.34169798989535,70.18024021571077,227.41850652489353,133.79594461041626,158.52194035379597,11.993469641917336
1309,1257.2693801725793,3076.012465410093,0.8003522964588295,0.6744783012519499,-0.10606910536213456,49,0.0,0.023414142831730187,2.713129230838211,-1.0836762010490884,1257.2693801725793,3076.012465410093,1948.9002825630614,0.0,43.24087434425343,352.6192709230957,0.6196601239389834,101.00972525059551,155.7878894574731,116.39403208726274,400.49344504288837,161.24593156921102,34.11688335146077,173.76044234389482,159.5016909766704,108.12190636075982,49.08430921304455,143.34521913969604,127.14009546376565,191.29322112041058,27.605491185927804
1310,1343.7032914779068,3079.030152961178,0.83304272687391,-0.18775611245157478,0.5306882477805414,49,0.0,0.020657891815745354,2.6583074155223403,-1.0615130069278076,1343.7032914779068,3079.030152961178,1789.670219929274,2.0,100.14651102184988,352.5832569330968,0.6209181962303789,130.41851810957593,103.25871020866987,152.25031643324596,228.89433527146707,131.7226081819378,117.44305854105579,117.17514490737778,137.36962061648666,166.97903984014565,176.95834968376585,36.74548843437293,89.89506625862705,130.7702530173754,69.78971042517024
1311,1652.3242765505186,3081.2585491798786,0.6907788226788845,-0.7045793826867409,0.6095816946072876,49,0.0,0.019739357371063335,2.5778507422244865,-1.028144420145434,1652.3242765505186,3081.2585491798786,2720.7758437576554,0.0,169.63991655807808,352.4546648629178,0.6218476256381062,24.207293569082644,1292.6738702488553,147.37382723117088,82.91100641305769,38.95281783159492,152.9907623789174,151.5465650786773,118.75418669742524,207.8842147957268,71.36410148404526,81.94934926486295,50.30866794792459,161.5920202040748,138.26716061223968
1312,1416.8555054592794,3082.760847717697,0.5314003785760987,0.2122097554357941,0.3280573741771606,49,0.0,0.01636212043428898,2.6335682154680096,-1.0513614301604135,1416.8555054592794,3082.760847717697,2084.144029032028,0.0,136.55347037760993,352.55277689493374,0.6224729998046732,111.44598734749158,205.11170971627868,147.08116228891478,157.45421168001113,274.4651921829138,99.18801054838562,64.20602692847103,224.18834034392,80.28524596314793,121.37529825498423,74.2136917327024,218.7296015231845,279.11412789200324,27.285422629618996
1313,1421.5835981130151,3083.138811433308,0.4977287994757036,0.04037706499884001,-0.09142811302909797,49,0.0,0.02016267210523375,3.1533804643899206,-1.2469409319575744,1421.5835981130151,3083.138811433308,2461.1628826341885,0.0,138.7967246095489,352.55080685795036,0.622630494465081,96.777345859171,250.93692758729938,204.00788838298652,149.16993535055144,345.5796575611679,95.35282083072971,47.3799718209425,239.09696361731832,39.00268948045526,399.9046042306426,74.84693577710837,271.9138604351666,236.83311837663072,10.360163324018231
1314,1622.080293335,3083.7674045690724,0.8680101312991485,-0.5944176646981226,-0.5131580629535515,49,0.0,0.013842766966390998,1.6425719179875218,-0.5388109842421918,1622.080293335,3083.7674045690724,3099.072499861628,0.0,154.61446414799957,352.46726653325294,0.6228928971304444,221.3294517434639,176.6716176690411,147.01582883270657,191.80714375018704,1176.5166245235941,67.42998546659366,286.37484376443985,273.0432242502842,59.83491317615675,193.13887913967588,14.519226557070098,24.440856922695723,262.73561072319086,4.214293342528194
1315,1505.3044704397576,3085.044121906074,0.8379464944313321,-0.2895129601187248,0.4551963733244635,49,0.0,0.021371764933817098,2.2141834675708587,-0.8630340093473156,1505.3044704397576,3085.044121906074,3957.985953866436,0.0,153.64925310205373,352.5159231647064,0.6234246590388908,77.5255122120094,251.82378604072252,310.47900924416933,57.912393695355505,93.58820500487474,146.09651175988432,1966.2476415801848,269.72381617472536,202.8647372322639,109.06521029905056,74.47011696374096,154.47173289436614,97.12338118454298,146.59389958054513
1316,1442.472793642517,3086.8174031772205,0.6659068495533176,0.6209024877105722,-0.12142212392052366,49,0.0,0.015879775680430485,2.303488207156607,-0.9059649829955996,1442.472793642517,3086.8174031772205,3859.7625114946723,0.0,106.46333785814308,352.54210303167235,0.6241631772774879,111.2800909832061,185.0007069491861,128.53439176051086,188.1735345992741,198.79705825240652,1462.0444420018857,244.3120997125192,94.34981400946063,171.3517105791881,94.1501152076627,538.3525658252479,92.95718009390876,211.20412165501057,139.25467986520488
1317,1501.0850265761094,3086.258555064272,0.4046047346395449,-0.9541903771808316,-0.056326380144948,49,0.0,0.014622137632628733,2.459409733771385,-0.9770772188500985,1501.0850265761094,3086.258555064272,4150.173943538108,0.0,146.75344954215146,352.51768126709294,0.6239306001689798,72.8680577088905,230.3267514646127,545.6576029607138,73.78211743810962,70.77453046943988,153.80938629266393,1972.3672952819174,127.65700639344553,228.01312709649068,87.61464167154799,80.87654006186327,177.11175862621343,202.1718592623735,127.14326880982503
1318,1337.7820243662266,3088.4721771015793,0.8675079698279706,0.15096489497435645,-0.23255994915857378,49,0.0,0.03619845442906732,4.363778380595639,-1.5996567158537829,1337.7820243662266,3088.4721771015793,1407.186696029741,4.0,47.481169634625,352.5857241218362,0.6248518575904275,159.12400258205233,189.61531633161678,71.9839539882608,208.10950218422926,58.89882734070527,70.89703371715214,22.906770369097785,205.04903960194883,89.07812277800761,151.85612974254818,27.742261685386833,34.98086108742897,116.94487462130613,0.0
1319,1304.194766535568,3091.4010072296355,0.8236989881890319,0.22272400703933803,-0.4260787647858492,49,0.0,0.03906977173828721,4.609224613961873,-1.6590696810442804,1304.194766535568,3091.4010072296355,3062.4223231975775,3.0,47.69686874279629,352.59971876790377,0.6260717472848436,124.11106563794173,345.9376162726502,65.09210970875888,81.52348013178904,259.521471055854,1368.192899892332,37.43708078832283,72.02277993943842,241.90709157162487,96.64166649046898,192.07872394261216,41.11491881182426,136.84141895395982,0.0
1320,1468.2131817064524,3092.4017167594498,0.5783518497128616,0.20188684114872724,-0.37850473490687647,49,0.0,0.018181627624942416,2.3403883722132717,-0.923219829330596,1468.2131817064524,3092.4017167594498,2050.1196079025694,0.0,97.47808414538406,352.5313778722221,0.6264898240206352,104.23570272035528,160.60916451431922,216.05728928683556,111.61727895662924,191.26937187098298,143.6284397986367,129.31780030228504,254.8095023392529,129.94883694240914,169.5061988313998,102.98442810943324,69.44191720471629,198.15816810392977,68.53550892138426
1321,1394.1221203873545,3094.3132671336666,0.6823475239669455,0.14456099536470068,-0.1238814917072084,49,0.0,0.01646245717476895,2.1069038514279694,-0.8091117925714524,1394.1221203873545,3094.3132671336666,7371.431026688738,0.0,69.42900279536804,352.56224912900467,0.6272857929439373,107.32223547360746,348.19470543946665,1029.4406507717451,23.62725051897768,179.24422407447238,151.1528074300952,460.43687586706415,4467.313210503394,79.95891954430591,162.7120293465535,73.52792323935815,136.7559412525737,101.84200285229366,49.90225037483086
1322,1275.7447286328502,3093.942258903805,0.6597327869595255,-0.5729832383968174,-0.27800327480624915,49,0.0,0.04096705756272551,5.960390945992486,-1.9381868658434431,1275.7447286328502,3093.942258903805,1559.2793770143926,0.0,33.32618433908189,352.6115729010919,0.6271301820418436,0.0,175.55055626986814,0.0,50.77450999753129,199.05055022406304,103.5717716499392,223.20436019485544,224.3161042787434,281.4422961737092,0.0,148.60064104471655,99.42168394389616,53.346903237070194,0.0
1323,1384.2852546367465,3097.1311321820303,0.47872003347371733,0.021562862810393168,0.10619941618282319,49,0.0,0.015047314371202722,2.9434584844495904,-1.1721447868817605,1384.2852546367465,3097.1311321820303,2233.0937048346677,0.0,48.06135668606751,352.5663478173598,0.6284596941796999,135.2536925473987,151.04813883013196,388.96182079947897,34.233578627707615,68.99328586029101,70.65185472261768,51.9239714153464,65.2496586063462,108.47609055684264,949.1883739391276,27.027903437451464,132.44656892080144,12.951036344067784,36.687730227058516
1324,1470.4416317613477,3096.1248282034207,0.7847279792409307,0.941550753368757,0.9232022068958079,49,0.0,0.018181628631159893,2.1506467333845616,-0.8314226968872842,1470.4416317613477,3096.1248282034207,2001.519935951369,0.0,72.6024077469355,352.53044935147307,0.6280409464087999,62.28666283357259,139.84042161053088,263.2524186673843,80.25885484527856,126.93815588553271,135.33968752677183,81.54109497440456,438.57663931535444,130.93304361030283,132.0436644164285,118.01191589980193,103.12745373908211,147.78351535838897,41.58640726853473
1325,1510.982134428772,3096.454201733436,0.4807831518424548,-0.9284556855552188,-0.24055357470899597,49,0.0,0.015194577003905186,2.29963704350577,-0.9041482395640952,1510.982134428772,3096.454201733436,4905.729321442471,0.0,83.16677113000148,352.51355747052145,0.6281783169328796,20.56745636880536,124.9895733243323,49.05209787961254,69.11315159445485,96.62500659777143,85.19396608908781,3118.03085134938,250.94817179473134,99.3388235889997,255.571028447713,112.88727820063018,282.5323559891984,262.32541703414097,78.5541431836124
1326,1520.652799037482,3097.814181673185,0.6823035640090662,0.07730376380533574,-0.398804500812567,49,0.0,0.605426279879041,94.95024283228821,-4.943740199422663,1520.652799037482,3097.814181673185,7849.151245765596,0.0,78.70885177414806,352.50952802473734,0.6287449352323652,3096.4529445436974,366.2583971066294,123.6016056146494,26.523820761062787,230.6839169477916,41.10153143378759,1284.5286309550543,223.9551102763663,896.1191042825506,167.68131032115815,39.37832011398747,975.2000509701949,306.66881751916094,70.99768491950461
1327,1313.6724489778019,3100.081948698531,0.855756434562244,0.46749360500851345,-0.2600082000629232,49,0.0,0.018892778273392516,2.4386975597138223,-0.9678948592388509,1313.6724489778019,3100.081948698531,1041.2566610251843,0.8424183850498776,22.692014310254528,352.5957697482845,0.6296884622292597,0.0,40.02633660434346,0.07484836074521564,237.57278332713514,105.24371336523102,25.967881140346446,25.967882774091088,23.388532048858455,275.3567916300596,55.43752708334466,0.0,58.85973486931375,168.67839788675303,24.6822319349624
1328,1567.360735785962,3099.7951046742137,0.5633052533510406,-0.0721795626628334,-0.364031399236726,49,0.0,0.025206349920530027,3.5678059551196117,-1.3810030651343368,1567.360735785962,3099.7951046742137,3665.82102097574,0.0,74.73386269542,352.4900663697619,0.6295703095445372,279.32676958300544,191.8474120338148,103.41782583463514,93.1170605877677,73.23564791152683,72.08778012023808,107.40060533526454,1666.3909325019872,202.60294402291282,317.93021743475134,255.24574664305658,141.5749815907004,126.0081863324994,35.63491104357911
1329,1366.3922440240126,3101.70008010803,0.9823077850450319,-0.3004409232628961,-0.17337950291518284,49,0.0,0.0166656834938688,1.7563500998136758,-0.6115277243440564,1366.3922440240126,3101.70008010803,1323.2271667804985,0.0,40.60857583387313,352.57380322567616,0.630363059660432,0.0,88.24247481842511,146.08841277819363,35.032785627610544,45.44534886120859,286.93396721005615,86.58674449405481,76.97347914934352,275.52289045583217,70.70789447791675,55.19404677878024,50.237761230591005,36.68772787657899,69.573633021907
1330,1467.123153608287,3100.784913928727,0.9287824329532858,0.9551860622465985,0.708755676671311,49,0.0,0.020259717100679565,2.205248978369544,-0.8586440738834535,1467.123153608287,3100.784913928727,1760.5965889589222,0.0,52.13067741701721,352.53183205088374,0.6299824029758618,17.788232638129195,113.87084267151371,223.63486928748625,51.07369690626077,76.22151827326186,142.9809589552891,55.65974560581414,168.95944378899839,253.0058195397869,86.39716399938546,117.58667242397712,321.90180553705386,131.5158193319655,0.0
1331,1595.8687359539044,3102.804950287824,0.2162171681954639,0.5940223405350007,0.535888688735863,49,0.0,0.02091143930607248,6.8133335845392935,-2.0833991318883633,1595.8687359539044,3102.804950287824,2367.3942304364464,0.0,52.576990009812064,352.4781880255349,0.6308242804381171,0.0,23.50736570865091,270.7615082636753,414.85786007158043,94.67730286071695,90.96168434807599,323.01244625639424,83.71123494131952,178.48507728288058,155.62180775895266,51.53419376068404,55.373292289971445,462.173390573482,162.71706632006237
1332,1688.3732090093845,3101.1334583364423,0.6360366369960351,-0.02089609662056568,-0.4381923772687174,49,0.0,0.021584640876957918,3.6275359095183766,-1.3990293006920687,1688.3732090093845,3101.1334583364423,1625.0049091351857,0.0,27.279533711107405,352.4396444640476,0.6301277801907113,0.0,0.0,0.0,32.515543070536005,0.0,25.873363662294135,147.74315987719552,159.35987021793244,182.30880794130067,170.42949054789068,535.9669864984861,219.85098505548422,56.317624063714234,94.63907820035172
