id,xcentroid,ycentroid,sharpness,roundness1,roundness2,npix,sky,peak,flux,mag,xcenter,ycenter,aperture_sum,aperture_sum_mask,aperture_sum_edge,ra,dec,aperture_sum_0,aperture_sum_1,aperture_sum_2,aperture_sum_3,aperture_sum_4,aperture_sum_5,aperture_sum_6,aperture_sum_7,aperture_sum_8,aperture_sum_9,aperture_sum_10
1,1703.6704622680097,51.1593093374644,0.9026761539696178,-0.2752534066572822,0.20025499921610812,49,0.0,0.015491509796781358,1.8021416575373594,-0.6394723143723108,1703.6704622680097,51.1593093374644,540.9433428879117,71.56398827760701,185.05769101072696,311.5336114621325,-0.4300456299036315,53.447834658114004,41.15311376073588,48.13242980355958,47.71175950546876,22.06733832902545,85.07418997229485,80.41954229009653,22.808725512877487,67.63480120735312,72.49360784838603,0.0
2,1344.3315784274996,55.08869137981812,0.9648300041318603,-0.5749727652365665,-0.20745898396555756,49,0.0,0.019860400739195243,2.3090577942869435,-0.9085870079380112,1344.3315784274996,55.08869137981812,290.9546709552302,0.0,12.142862948591695,311.6833305915473,-0.42840797240482736,0.0,56.89390416341877,41.60198798656057,2.817405024786361,0.0,26.77888204180246,28.969002734366917,77.60006984122188,27.218620358738953,29.07479880433427,0.0
3,1522.7340833993705,54.60586246168002,0.3053151060195025,-0.3467324564573307,-0.336839449450927,49,0.0,0.012933381365352603,1.9322728579805137,-0.7151711338064638,1522.7340833993705,54.60586246168002,1160.059729595267,0.0,534.8897018753605,311.6089989501628,-0.42860980047321,30.846365714662163,55.94147849781756,118.58699479992899,131.76596587230586,54.69190608451271,259.9107848997979,276.3814418746727,90.21069482078138,68.3120226199376,73.41207441085024,0.0
4,1816.436560045589,60.64708838105941,0.8469281169219457,0.19737088900176872,0.8115459529125227,49,0.0,0.01217218663564404,1.5393445009067128,-0.4683395614368182,1816.436560045589,60.64708838105941,364.2691405391325,58.67589747564668,108.83838523902503,311.4866272892562,-0.4260924830831526,19.122682287566185,40.61434850213897,40.823748316075026,23.733085313286747,38.59705909877761,39.96040212947547,104.9272417503868,27.32423992938608,8.015085342536729,21.15124786950284,0.0
5,1393.1562041176464,66.69526537926764,0.45057077817076535,-0.797047187467096,-0.3158403541797131,49,0.0,0.005092796987648307,1.096413433588677,-0.09993587001819058,1393.1562041176464,66.69526537926764,367.9101784006456,33.59593209709435,95.2074941424154,311.66298779889405,-0.4235727679061492,14.416327957264714,36.18067268281146,11.754481083349036,9.359821691387962,40.38242700890039,18.578206490780357,55.40372886712498,28.15846989065132,69.63652559351951,84.03951713485583,0.0
6,1497.9640728477816,67.56600137771227,0.9089134723058943,-0.7079808040564373,-0.048838204286083334,49,0.0,0.06975255685212514,6.19756156693006,-1.9805521244186,1497.9640728477816,67.56600137771227,1646.0340180392554,1.0,1463.212490179533,311.61931943520636,-0.42321037017127916,187.13076386688886,167.07650614119694,189.3545224512989,179.0085262001832,179.17043242646326,147.9574794010045,169.78352088189192,162.8510736158552,131.26517652373235,132.43601653074046,0.0
7,1611.7748979248506,74.12910445186496,0.33763738359943624,-0.2976820239065413,0.5203435859953413,49,0.0,0.008941163820256207,1.1167695218074039,-0.11990888235180977,1611.7748979248506,74.12910445186496,993.792787915219,349.51560448701264,1010.6229754952144,311.5718999179246,-0.42047619846699974,9.101646126572748,26.562347259251702,39.56014530686321,51.362156367044875,80.16053480969532,124.71713527722804,137.39786095600547,148.38171913371156,178.96701859315,171.1575219101661,26.42470217552994
8,1613.772628497692,76.58742845773598,0.6128303026290571,0.03927599797342401,0.10433439719065993,49,0.0,0.013511193857284368,1.2823432816529752,-0.2700107520577557,1613.772628497692,76.58742845773598,1009.2247869644006,350.6053236663868,1060.436546273121,311.5710675586822,-0.41945202224488937,4.534785094139505,18.949354964533406,41.816965231128904,55.766220546227075,91.83183908606946,129.24138820359315,134.17714911285663,147.41474458955201,174.53100282463822,181.44463115447334,29.51670615718883
9,1539.4633324980246,81.63541038173905,0.705999002351569,-0.18375081423181447,0.13124435593340614,49,0.0,0.020944104797014765,2.222569881755744,-0.8671385622201182,1539.4633324980246,81.63541038173905,988.3133779440489,0.0,900.1129551379759,311.60202869569963,-0.4173489147220751,113.91328391694992,116.48148775322036,86.02247676611354,95.30612206913051,105.1450042381972,106.1858825962926,81.22891252900854,93.16227516837264,97.68949639672529,93.17843651003824,0.0
10,1650.5030127930356,89.65337684444393,0.4193918827575211,-0.3333709945860716,-0.06822193096880008,49,0.0,0.028922939600003243,4.043885502648255,-1.5169971265258917,1650.5030127930356,89.65337684444393,1411.5180271537856,240.10184146647637,1507.5326444280977,311.5557637549676,-0.4140085144955028,141.96640876874616,133.33045655381056,149.084917294588,148.3175717382071,153.1540399966168,151.05905628450694,138.95670987454938,129.13722442699452,121.72575501248019,128.32818952068382,16.457697682601996
11,1932.972538082229,106.43983894617463,0.2990325331911227,-0.33806996850851306,0.6053367877176699,49,0.0,0.006631749459754793,1.2078981019740673,-0.20507574710155457,1932.972538082229,106.43983894617463,827.4270906992402,0.0,635.2453325648321,311.43807235572586,-0.4070138280180871,81.65475769486409,89.55331303075965,79.00541451525946,99.11334199109851,83.09090123620064,62.00959994242214,80.51458531258692,65.88516340361602,120.14170859348015,66.45830497895258,0.0
12,1706.2775312844458,109.10408004017347,0.6381644528225938,-0.5467475090132294,-0.26550083320639506,49,0.0,0.01334673062364242,1.440169941331196,-0.3960343556334562,1706.2775312844458,109.10408004017347,823.7969526259892,48.95098892651403,776.6526981840462,311.532525152506,-0.405904927819858,81.19248179737677,95.57999652343038,66.03467103212053,97.92553804136594,80.88503445833985,74.20757282228479,81.62893584500036,62.977070066571386,85.73798458255047,97.62766745694864,0.0
13,2036.991696777614,111.22111200459082,0.5284337056667112,-0.023061207785583588,-0.17477877876524947,49,0.0,0.013531417580636555,2.246888940781755,-0.8789540166089658,2036.991696777614,111.22111200459082,688.9078941639423,0.0,365.20098592428275,311.3947328211624,-0.40502101458241874,138.88245385600985,89.21524522506705,40.52329221632948,73.34314279506413,52.36976914591395,49.17747175295893,97.92631988546151,42.33352247302429,49.00024959420462,56.1364272199084,0.0
14,1488.3897287257973,111.9856853371761,0.4410382267345873,-0.8954541620354496,-0.1551953822554998,49,0.0,0.04734530750534834,6.590435882974563,-2.047285348059527,1488.3897287257973,111.9856853371761,1831.9135852937889,111.36100898488021,1812.903222933689,311.6233086605348,-0.40470438548208615,153.74430678779947,175.67030516702005,169.21308064206022,164.85080047152672,189.58355493010345,184.94446702335904,175.24415336222185,194.47411722944292,183.7118030756419,203.44613500721135,37.03086159740197
15,1379.442159997611,115.56379443553556,0.6784077927771557,-0.28275875335394607,0.09054550343328048,49,0.0,0.06523354667275903,7.1770191717277605,-2.139860265874943,1379.442159997611,115.56379443553556,2102.5626987061323,430.05107949576546,2345.5885548813285,311.6687018938843,-0.403213294474362,128.28648774657233,131.9144724007733,165.9518631505624,190.1033639231263,186.62143724066465,232.80346815349975,239.21289335245893,232.880636608685,269.45447433466614,279.8716740761823,45.4619277189411
16,1446.6975420642923,129.91907922898994,0.6056114777440137,-0.5052725260496489,-0.8832848864730577,49,0.0,0.011591592350542282,1.1414859531301684,-0.14367642882189607,1446.6975420642923,129.91907922898994,1047.3323465303931,0.0,977.2331427411309,311.6406798356892,-0.39723288903160187,92.76385803806927,91.96643276303035,96.0950474822153,114.72748349623728,92.17847537764439,102.85229297651065,94.3442867179122,114.21301174599924,115.66813263245808,111.11093163097826,21.412393669338023
17,1901.2584858646421,132.4248957704879,0.5741202881307773,-0.0021467170323886562,0.20086522324244854,49,0.0,0.022056301621783344,2.608258830010383,-1.0408767157973884,1901.2584858646421,132.4248957704879,1240.8697142959006,6.184894036098653,1105.1054219048992,311.45128593848904,-0.3961882189088732,131.76271928335038,125.91271123908635,114.5720458163396,110.8927122053149,121.64701440704808,130.49692357871723,125.91298594388343,117.73713630717369,113.49906099807895,115.871991352235,32.56441316467314
18,1211.3450082227482,132.63946090939072,0.4521146866809027,-0.2577350097837666,-0.3412248661417526,49,0.0,0.19937346056876623,24.595074062058757,-3.477120336672712,1211.3450082227482,132.63946090939072,6810.712891269068,0.0,5870.622257174084,311.7387397468637,-0.3960981884792568,666.6601890374238,703.7078246532749,708.8944115351721,728.1979101111694,644.6714680392197,667.9608117110826,639.5079719893433,653.6129292906843,659.8392324767494,603.5147474656007,134.1453949593475
19,1319.8904392378631,132.3252179537276,0.4648823533161433,-0.025618344429404583,-0.23880127887370503,49,0.0,0.009399211777845124,1.0061758861240702,-0.006684762178298351,1319.8904392378631,132.3252179537276,1005.5462926973992,0.0,943.2641656384545,311.6935142492884,-0.39622986921747994,90.12870809518053,84.4413294668386,103.1920839809085,110.05222993912861,83.61349503081944,95.45020617364202,124.39068432160502,108.16380582614502,96.01785333545872,91.19947734955352,18.89641917811919
20,1791.6405533036943,134.52854214493243,0.5663547374289012,-0.39413578376158476,0.09054820168512791,49,0.0,0.07270303430843125,9.125243071338177,-2.4006111042281004,1791.6405533036943,134.52854214493243,2286.056274010836,0.8225549370950573,2024.890931231494,311.49695841311166,-0.39531236501384304,249.16970434787316,232.14511614328467,242.0155169264738,230.54733160549785,216.2851135221677,243.96047844393803,204.18008527603575,203.5982361282598,204.1870563393864,225.37478745268527,34.59284782523368
21,2022.323925538089,136.20230438390777,0.8908889540717595,-0.4522373206733195,-0.3450783264491342,49,0.0,0.01237857745357118,1.1730259516870012,-0.17326905106841647,2022.323925538089,136.20230438390777,664.745668150976,46.07930725078464,609.2431182178843,311.40084400720076,-0.39461356861204805,71.17395466461946,62.60567625528043,84.92463051692935,68.07277052949804,58.27824610207715,53.31379782955065,72.11313171517357,51.182645285834695,67.01110096645783,72.59427012386448,3.475444161690326
22,1766.694361777449,138.33036343471818,0.7705097945488766,-0.9050801023289121,-0.1387923228793424,49,0.0,0.016724070922832877,1.5225387624666724,-0.45642089548081377,1766.694361777449,138.33036343471818,1049.775266185101,3.0347499867441536,919.3910362702372,311.50735229157584,-0.3937285466879857,93.1844193517296,103.70876377397619,104.77668502878413,129.12067659538366,110.59552423788723,106.81370065640746,95.10526621281231,106.03532383988122,101.37696452187134,90.11499133443337,8.942950631934645
23,1301.8184959403084,139.5482280790506,0.5014031664931338,-0.6418928086181286,-0.054855366527323327,49,0.0,0.3675472880596944,52.0191512504778,-4.290408154816825,1301.8184959403084,139.5482280790506,8742.087446986208,0.0,8166.828952639651,311.70104396772706,-0.3932205204433297,752.7224890651443,821.1273489597459,785.3733337421612,847.5501143813891,916.7962572253493,897.7809915238213,898.4295833653459,916.1595870408814,870.5400291211101,858.9938799225092,176.6138326387494
24,1357.2964134821923,138.80341313644524,0.5983392149079276,-0.8754663573844467,-0.11989963613278523,49,0.0,0.20847173183364268,26.568990710794715,-3.56093764241844,1357.2964134821923,138.80341313644524,4814.778154005777,73.54060607850373,4552.496737743347,311.6779290168723,-0.3935311370253752,459.14679289627674,498.2991046923193,499.3111791782293,503.3572420987002,461.810763756913,445.31310003514545,471.58811697654534,463.42518520058445,456.89186318276944,493.74695502521655,61.88785096307723
25,1416.1954534945194,139.35457894261899,0.6958304453127926,-0.8608973852322782,-0.08036580863608969,49,0.0,0.04182405591696144,4.304848454729025,-1.5848946685488705,1416.1954534945194,139.35457894261899,1687.4797322184613,11.908036763938004,1555.0429143162585,311.65338861854144,-0.39330177274211725,148.30448928866764,179.65950357940218,187.42325155478918,182.66829756266088,185.4385230849191,153.26549264541757,188.06733823348526,145.19553019415991,157.85126679472432,147.30277414605382,12.303265134181487
26,1175.6416945199055,140.1848073482321,0.8113348094210868,0.42619705553039267,-0.27505791749924996,49,0.0,0.009582376138829982,1.0075847809142944,-0.008203997663495255,1175.6416945199055,140.1848073482321,833.4521446459269,0.0,620.6920374034921,311.75361554170144,-0.39295436112053345,62.273330771952494,74.48749571844036,95.97350308167917,83.22274507165032,82.43848724680926,77.58942858283382,68.56564346585128,72.60756673190264,143.7234436073046,72.57050036750292,0.0
27,1642.6666558954644,140.21561235576635,0.5296440266917566,-0.4995239697207424,-0.2922833082802503,49,0.0,0.0203305994952816,2.6730849733222204,-1.067531911349247,1642.6666558954644,140.21561235576635,1114.0981429711296,46.32410758965338,1030.5996224682065,311.55902876718596,-0.39294338405595003,72.38355472091813,94.01165196461673,108.49519963722678,95.73637014399651,120.52205388542237,121.58978138964352,114.70642363957705,113.26501266658697,110.7739282473856,138.46582627031046,24.148340405445314
28,1938.321742082366,141.2210342006543,0.629817424453042,-0.7043150252550796,0.17992357262066314,49,0.0,0.06586409300652922,7.241248216242355,-2.149533586315273,1938.321742082366,141.2210342006543,2402.900242157638,0.0,2105.877031239728,311.43584347538496,-0.3925233395609271,213.99076627878503,222.7586802625409,238.67217887175315,236.94230919579917,241.2582837364937,227.7488022593633,236.74808847559473,239.55565375951346,247.85123189039422,250.67584150223286,46.69840592516769
29,1143.5012842181084,141.89498068691375,0.9404742987777761,-0.06576952697401627,-0.30210609247368847,49,0.0,0.011026343483781037,1.088190677032317,-0.09176250202533022,1143.5012842181084,141.89498068691375,771.8675033457505,0.0,383.3386450588947,311.7670068103515,-0.3922415786153303,57.59821936060685,56.73563897346799,158.32695553023296,72.77891554255628,66.12993290838604,61.10314297841525,64.55428067817436,37.83437539696938,66.804672239537,130.00136973740442,0.0
30,1673.5447279159735,145.16688349195445,0.8445399136690955,-0.8581423324387194,-0.6512251825820362,49,0.0,0.014081742254669984,1.2393955407383481,-0.23302482313546374,1673.5447279159735,145.16688349195445,865.5556086561569,33.15966888017611,766.4014124837771,311.54616332488024,-0.3908805495876195,79.6039461947278,76.402845673548,90.20671134226642,81.03265481346592,101.88649359323595,79.66653200015163,78.18818588245645,96.26493136379884,87.30661210782309,72.80476779451173,22.191927890171037
31,1521.9787022068517,149.3118810266777,0.4109378847906809,-0.4192725454562458,0.16361731864949328,49,0.0,0.013749337632283046,1.8504734678165182,-0.668207156348043,1521.9787022068517,149.3118810266777,1038.9482461921034,0.0,892.3676609588101,311.6093137658829,-0.38915365186303486,95.28548576968674,110.43719891511243,107.73959632395237,105.3892399534372,96.3725856555863,98.89458827783783,105.28881395932035,79.09077085602877,98.73734051657863,125.95383764168915,15.758788322873727
32,1962.9973718123829,149.0227687707074,0.45985033646013207,-0.26017592141482526,-0.4871588369466569,49,0.0,0.010048325956374086,1.2802874706284666,-0.26826873835851944,1962.9973718123829,149.0227687707074,986.9246015189774,2.4692453570892803,871.2514902643446,311.42556233508645,-0.38927281286710896,90.71590302996542,106.27738021878866,101.76177675873801,103.98162283562903,89.06967310905031,87.29504508010662,88.48277621344178,109.12980687987047,87.35373342722598,103.88793408432223,18.968949881838896
33,2176.1917267910985,150.18215961863697,0.44505181414850814,-0.6141552964815105,-0.12829086474725657,49,0.0,0.06296395189115134,9.770925366186887,-2.474839240002612,2176.1917267910985,150.18215961863697,1673.635395412186,0.0,1337.2431791679865,311.3367352957686,-0.3887877327428953,117.41073478430413,108.2446944101452,176.86949356656731,180.6697953924494,177.57160914883417,174.78252863127273,172.90053187839413,186.75920085366684,192.8235008898315,185.60330585672057,0.0
34,1154.849705899561,151.11697609016727,0.4250877902158346,-0.2816852227308504,-0.0577157173950423,49,0.0,0.017461935419070398,1.9136296434406235,-0.7046447247023523,1154.849705899561,151.11697609016727,1192.776608366738,0.0,961.4300685056007,311.76227855427163,-0.3883996364974403,107.90853260892668,127.28547008171758,124.82352522718791,123.98118356483675,141.183989170904,108.69774908974074,113.29074164533627,121.6309521911534,118.61397919641209,85.42470030303073,19.935785287491722
35,1952.6085209715823,150.7863200933786,0.4923783019665183,-0.32436746351403023,0.19353965008638677,49,0.0,0.013404280182495346,1.7963396990008371,-0.6359711697081261,1952.6085209715823,150.7863200933786,1056.2423178990207,0.0,927.1626346011251,311.42989084541364,-0.3885381603958044,92.70086933966833,81.26107440320573,115.39716675431846,110.34446639264435,112.18190015353488,103.05908250128084,105.82633805247073,101.36644522734927,97.10487829246937,109.46341549635224,27.53668128572646
36,1572.4703011493366,156.0921470408556,0.5575477384568003,-0.8513728875360267,-0.12215388113939146,49,0.0,0.01834136529192151,2.114246618932829,-0.8128891118688042,1572.4703011493366,156.0921470408556,1134.538146366245,0.0,742.7578115097522,311.58827629141695,-0.3863289095760633,110.44143997574199,103.42819265765324,120.22309614602916,119.06918524934035,110.28677125068846,130.52662439591802,120.27343187758831,102.42204421167088,106.07649560599586,99.7326094840118,12.05825551160678
37,1303.3064583478413,156.963353882725,0.954977449717013,-0.6756082932010543,-0.009768168965320905,49,0.0,0.02703962229992766,2.251163035022782,-0.8810173721600533,1303.3064583478413,156.963353882725,1275.2818743629814,0.0,1198.520635511206,311.70042406566563,-0.38596505343671683,127.2210706379428,122.88604856012795,128.70919153898413,113.74538259823916,108.84594137625471,115.02756786396365,135.74169178543048,127.56088723267705,138.27941014825387,130.11232293052296,27.152359690584547
38,1115.3181684197723,159.28596444427728,0.42033628750353114,0.1374524106492986,-0.1897058350139314,49,0.0,0.06659966330379381,8.734255080894883,-2.35306467797619,1115.3181684197723,159.28596444427728,2677.7012709129936,2.3217915519268217,2191.735632626708,311.7787493481671,-0.38499591062770183,221.315871936292,298.87322580894664,264.13734824704204,263.3541005798539,228.79701422746132,268.9628819411414,268.63844075803934,308.977291612028,330.47017728003993,224.174918522149,0.0
39,1618.826114446622,160.5064547673894,0.5582858431917694,-0.7798295999508952,-0.2579072031259266,49,0.0,0.011902583997601864,1.2088463492725423,-0.20592775814088513,1618.826114446622,160.5064547673894,1005.0769851602488,0.0,562.633881172465,311.56896199490683,-0.38448982159713047,88.44540001657546,89.3181406109519,104.81712168801356,124.21846606290455,103.38674853509616,99.72364015748056,95.68046121752717,97.78544073914313,100.78137970096084,84.40175716703672,16.518429264558684
40,1687.0655088286198,161.21910684041836,0.5921694578790728,-0.7383915219820775,0.13618594051683225,49,0.0,0.012003493709479647,1.125793782061741,-0.12864711413313545,1687.0655088286198,161.21910684041836,948.2993744288744,28.1713251174506,565.2739115323213,311.5405298366254,-0.38419284307026963,95.87868657404888,89.36067500302806,107.94517746696081,77.37469097580276,99.33907233149166,87.06851699734861,102.21598134471466,86.27258359489589,102.0171211682975,80.14442025181515,20.682448720470337
41,1671.198547251419,163.31662216579235,0.5050791495813335,-0.3637699231494235,0.1253878671646021,49,0.0,0.011911252549918679,1.419882891757367,-0.38063131595608957,1671.198547251419,163.31662216579235,935.4653101503761,37.76258233747989,479.70607173018266,311.5471408532719,-0.3833189994095828,85.03561169491738,78.73413154242246,80.74621896705168,92.09656508405237,93.61976579971812,101.6932411193116,93.38562831912105,112.95709426692679,83.50427803852195,96.64488640475636,17.0478889135764
42,1079.5201265679539,173.37664691219243,0.28630104264348927,0.2735218228520478,-0.22480187906827673,49,0.0,0.011251216784918975,1.4644939392832874,-0.4142189468018601,1079.5201265679539,173.37664691219243,1129.6804662939394,0.0,758.3979825637233,311.79366460044247,-0.3791251069894521,94.60479401244142,82.66215950455356,105.82027532214298,75.258386967315,211.27710439107273,152.24385504103617,84.72659738861896,80.38075388532722,90.62475751349233,73.9163442537803,78.16543801415852
43,1644.0830704777964,176.4865165632233,0.8143927246398749,-0.694042133174418,0.06757002078792726,49,0.0,0.07974297027438643,8.593794493619608,-2.3354624100947143,1644.0830704777964,176.4865165632233,1875.5104942070566,1.3234391782001356,560.0845767949016,311.5584385958837,-0.3778321689671223,186.1556387322108,175.26811721001263,192.1640569721327,190.97115128271918,201.3462133141113,162.38878676724886,166.2174145487217,202.18991263680792,189.48301114414096,179.4671076216431,29.859083977307407
44,1533.1061532935128,178.69498300914375,0.5113488303733585,-0.861126663832006,-0.09141916308147695,49,0.0,0.08095947357187487,11.133857232490564,-2.6166141203105693,1533.1061532935128,178.69498300914375,2499.74485944157,0.0,914.0880729280846,311.6046775030293,-0.3769120468463307,218.99605835211884,215.46956720020094,261.9948516419198,234.9230976381342,269.7990937432636,282.957359808811,227.31080735228707,241.67975319679587,250.85824916108845,249.4149737256099,46.341047621340685
45,1840.5682972890395,179.8469448753089,0.6062432765920595,-0.5738535722214484,-0.22432099096225674,49,0.0,0.030885476817472605,3.810899225382892,-1.4525686613303206,1840.5682972890395,179.8469448753089,1309.132955042046,0.0,666.2218059771194,311.47657245266123,-0.3764315856546513,123.59606887767063,143.25003434017918,129.4696429580799,116.77688041842381,135.78366858417758,130.20952598196226,128.41698874993085,108.70213541828568,139.67757010802862,127.70242503580164,25.548014569505746
46,1339.1718658727202,184.56328531654654,0.6721309948032869,-0.6756488678888578,-0.4310636816835764,49,0.0,0.014761327145619426,1.3457101195519803,-0.3223787956385086,1339.1718658727202,184.56328531654654,1073.183354098192,0.0,691.5205328564705,311.6854807740624,-0.3744665502907806,116.46128584302673,95.25744809897455,111.48846015237783,94.91903054629645,108.68311106828729,106.80942821980287,106.75467161524372,101.40918175514395,94.53201515277618,106.26312604270288,30.605595603559657
47,1226.3495396415094,189.68950556650978,0.35455618421949703,-0.4211467089589093,-0.0081178127588805,49,0.0,0.012394027853179583,1.805166869143995,-0.641293385408574,1226.3495396415094,189.68950556650978,1044.509153728627,0.0,991.9636892561721,311.7324883569328,-0.37233014886213733,93.77376683440671,110.4633347434068,100.77456089110098,126.2247665230013,94.55175875916572,93.4611080621591,96.41515406467718,97.73646755474424,114.22275968811545,106.60233996599538,10.283136641854313
48,1637.7354891962468,190.27500485434308,0.6048026347780937,-0.6390715831997654,0.0117677065302875,49,0.0,0.060759394387587186,7.656887248888456,-2.2101306298981926,1637.7354891962468,190.27500485434308,1862.3907861259647,0.0,106.46596467196886,311.56108333103776,-0.37208758095732675,148.62200613230857,171.25164051521458,190.52694870250878,188.9625862630856,194.7169321147332,201.97352632744878,166.40424565142308,178.18223893246312,190.0353032255965,186.37072457426527,45.3446336869171
49,2223.375452059947,190.99862969138508,0.2226418950067943,-0.2874994055009496,0.5952264564887749,49,0.0,0.02761394877326377,4.521723592541988,-1.6382600273195074,2223.375452059947,190.99862969138508,1604.433309804494,0.0,1348.3813716020768,311.3170761348691,-0.3717823021954,174.74779674991547,174.143476121793,183.741849003242,156.41145201025574,165.2884041863723,150.8509319225421,138.96099736882664,165.69701862567615,145.4745570248109,149.1168267910599,0.0
50,2186.3504829671474,192.34681253278603,0.5427561583412172,-0.48347143414044186,0.3245697295896559,49,0.0,0.7483548710736893,96.6053508302427,-4.962502955057622,2186.3504829671474,192.34681253278603,18601.4337613099,0.0,15582.95901518884,311.3325024126725,-0.37122106331100707,1707.9947431449673,1838.0927296514524,1876.936575421636,1877.3923043402674,1951.4163067481686,1961.1630037388481,1914.3056730930703,1848.3448465791075,1810.8060538271843,1654.1364722199146,160.8450525452837
51,1288.381511588911,193.30375766113195,0.6748514511158782,-0.7780517637405054,-0.19490253662119522,49,0.0,0.012509039753837221,1.1385952577060081,-0.1409234265642802,1288.381511588911,193.30375766113195,1021.6284772210815,0.0,721.2810865888957,311.7066426906689,-0.3708247915437937,98.90453340195253,97.67968652821548,105.44049907753315,106.77475547266175,102.18361377746655,97.62320648081543,97.41462056142126,90.29451370123653,101.94191464269628,97.809705186164,25.561428390918582
52,1386.1405545937653,192.64963586054898,0.5436823741801177,-0.5515236244095022,-0.027678490018251335,49,0.0,0.058008945149134135,7.691266078372489,-2.214994589943171,1386.1405545937653,192.64963586054898,1869.3892526840775,0.0,744.4335932663403,311.6659111850358,-0.3710978180337789,161.02677030471048,193.1957277919069,159.91175359542058,204.4783499897311,210.2316139102548,145.84653448863455,199.91356000069243,193.60207868840698,177.12382332860957,178.26539860400123,45.79364198170906
53,2173.2437681099877,193.20534795951596,0.6248329476962,0.055571907873420374,-0.39216658007965255,49,0.0,0.013567007585381203,1.1896595903016547,-0.1885567749040534,2173.2437681099877,193.20534795951596,1373.3072202627457,0.0,1178.7362317142092,311.3379632696477,-0.37086352984794524,124.11106302596214,144.64886427523817,142.08015087091638,119.14327964440525,134.84224218793068,163.78209082811793,125.98374776802977,149.97999133081572,115.96880867275776,138.96834942603437,13.798632232537491
54,1966.6175158434228,194.24868340846032,0.20178870900805734,-0.5092046734859919,0.3285716304075434,49,0.0,0.007980679077498647,1.1989365147664157,-0.19699046813790005,1966.6175158434228,194.24868340846032,1041.4261409239004,0.0,680.7158859662563,311.42405381285727,-0.37043075599333136,95.3523108772597,110.52867303491354,113.63001529068099,104.2227422855204,73.76811493049239,102.15802725665785,118.12764161642403,114.42059014557287,96.07487708672087,98.11390215736267,15.029246242295166
55,2093.6330436136464,193.39734295274923,0.8763955694572687,0.24938018081209298,-0.25491772248096756,49,0.0,0.013653683742025656,1.097077333665073,-0.10059310585620435,2093.6330436136464,193.39734295274923,1010.8695646759184,0.0,872.0402710841618,311.371132862533,-0.3707843728752236,80.39070321992489,107.73432733304193,88.93210690028383,101.13129499773692,104.07267576445476,80.77109607486727,110.60900920301393,112.711635905288,104.14416155225685,104.113851238107,16.258702486943054
56,2151.7262529050104,194.94565098544498,0.5461981576245261,-0.6961329172235958,0.12918361210883195,49,0.0,0.014678713515014525,1.6778229059616594,-0.5618652979324505,2151.7262529050104,194.94565098544498,1069.7830253919274,0.0,917.7140508766404,311.3469284586327,-0.3701387224039936,104.93703148108901,102.45542064697702,105.35459396440709,100.31792226288258,104.79149867391986,102.73521424757654,93.58365210149408,108.01399727047907,96.38201204691235,132.15117910293986,19.060503593250015
57,2063.9430739290074,200.46702867361688,0.7399793021742671,-0.41475226048645586,0.40787183551710415,49,0.0,0.018203302167995483,1.6856817819612278,-0.566938982984581,2063.9430739290074,200.46702867361688,1173.0192149035377,0.0,1007.6705794787704,311.3835031076234,-0.36783927250341725,114.05244057311523,111.0466971319,112.24372315744759,122.16527455571429,125.72727457230164,82.32415711791084,116.56556621274959,135.77887109005042,112.89062193340467,128.12897292320716,12.095615635736198
58,1678.4301935458927,203.16759827443582,0.46488237258489934,-0.5383929150075863,-0.14100191367639903,49,0.0,0.025922887621541817,3.7628917959087986,-1.4388043252871916,1678.4301935458927,203.16759827443582,1274.9791306528487,0.10332233245637662,0.0,311.54412772993453,-0.36671618156623054,134.0887977013589,112.6194084730234,103.587788533045,143.91565763634142,131.4285751581553,120.29732600147021,121.4616946890327,126.83360359004355,131.78544472623406,122.29733864103144,26.66349550311272
59,1120.1944019057703,204.24550629885107,0.2757817606572545,-0.8442697044131228,-0.4970749619798609,49,0.0,0.009282837606368425,1.6600061243364346,-0.5502742257637107,1120.1944019057703,204.24550629885107,940.8545374602245,0.0,895.7131381205375,311.77671792103655,-0.36626492439513136,97.3998737148626,93.76111212982217,95.27145756716212,91.40436359496377,76.02939116636958,76.13108925121588,67.43104894794176,128.81785409294045,94.21839205965883,103.10929004300021,17.28066489228713
60,2054.6139427599373,205.02250267014168,0.2525683390807623,-0.6232797501108822,-0.07249324445425989,49,0.0,0.016971573314355,2.5021327664247934,-0.9957758754997106,2054.6139427599373,205.02250267014168,1330.8070106769926,0.0,1103.3234543223557,311.387390057424,-0.3659414480342672,121.08234872750528,131.4537088274174,126.93268116745594,131.47584778039672,142.17083217806973,103.00087984270962,129.42124742376137,152.95613454787411,137.84189938733766,139.463156182781,15.008274611683705
61,1665.6528235155483,206.1789646144954,0.4592956429616539,-0.6135508545286186,-0.07789010389973518,49,0.0,0.08122791427058021,12.56713141479163,-2.7480903913308428,1665.6528235155483,206.1789646144954,2453.655644076396,0.0,0.0,311.54945146462535,-0.3654615927300751,187.84554409283797,259.7651495253782,250.5935265025226,240.02346143803538,235.36649779010676,235.91860802198647,271.6430546919031,245.1461743156177,242.55151762157573,242.3819280859361,42.42018199049582
62,954.1045090080388,210.55970518367934,0.5591540961834522,0.5150933466871517,-0.15219043641633256,49,0.0,0.010228889911594933,1.3999601350048088,-0.36528917242071424,954.1045090080388,210.55970518367934,1798.1267939005227,0.0,851.1211414419836,311.84591876653764,-0.3636324950648336,131.29786528088192,137.1179938189161,364.83261199466585,128.65839733823367,104.56590094901046,101.6124408525533,106.59968797600702,139.12613353684688,116.07908780710798,337.7539113291738,130.4827630171258
63,1305.176469095027,209.14103688486938,0.505068479126249,-0.30010276397673175,0.05762110123463256,49,0.0,0.020899916228864345,2.753986646339712,-1.0999045752461287,1305.176469095027,209.14103688486938,1160.1160335780132,0.0,446.4745122162758,311.69964509897954,-0.364226723673747,114.37529865769903,121.8616950006471,109.5127897735973,108.6752138943312,116.6861639551221,106.91397652001426,109.38675347295026,116.03032136665513,122.62976232404151,104.95395313044622,29.09010548250924
64,1026.5220224370885,209.08040844351333,0.3560623046236306,-0.8870635206701216,-0.07809080080072672,49,0.0,0.011804713516867108,1.3443973574281238,-0.32131912535288293,1026.5220224370885,209.08040844351333,1124.454995957386,0.0,938.9862436446685,311.81574632134556,-0.3642496499816419,127.37548154641715,113.36869327493733,120.94691490489227,128.50055852495942,118.54353610861176,102.24870020859291,94.58924483176165,93.44574045404016,118.16773937344774,89.61735419008258,17.65103253964306
65,1176.987209327007,210.41840329534256,0.9260013022334616,-0.37709158665092046,0.03624797349121686,49,0.0,0.01859925533198067,1.461598166948576,-0.4120699741948486,1176.987209327007,210.41840329534256,1062.280840846227,0.0,982.7228471260333,311.7530552732369,-0.3636936572391584,99.99735635005325,86.04776327820016,120.10295173875357,108.14071008291285,87.36890882645338,98.80826751863619,105.17299753631029,118.99042819505401,102.37894498367305,115.70072240399085,19.5717899321895
66,1377.9287538047568,210.92048746809462,0.5937333994550179,-0.5821054422943676,-0.0165173830013322,49,0.0,0.03890830568068487,4.775121066190038,-1.6974609673971872,1377.9287538047568,210.92048746809462,1535.4964384295904,0.0,151.89918354560547,311.6693326988545,-0.3634857255504122,129.20504963689618,146.49418459672273,133.9797231346533,161.59134702704603,163.86669453689018,144.85594929492285,157.95853794726352,153.3156952834526,165.96578554519039,143.61460093605143,34.648870490501224
67,2118.9111571523326,211.29107691525996,0.8279649494791327,-0.5224909739574484,0.1477435449357677,49,0.0,0.02501022110668238,2.413415247077299,-0.9565801302993077,2118.9111571523326,211.29107691525996,1667.153290098968,0.0,1429.1372014986541,311.36060068286315,-0.36332922340057444,164.87936195663627,163.8856452573165,167.3127460543504,173.7134055253921,157.924750416711,151.51933694523103,139.04974099423833,164.7445805202959,165.82125470111203,186.55653343563338,31.745934292051057
68,2126.510137994479,211.02683289359902,0.4410732219059535,-0.7108429425649038,0.0067114293546805814,49,0.0,0.04436676398378803,6.583326645186576,-2.0461135100842416,2126.510137994479,211.02683289359902,1898.2927794831419,0.0,1627.2128187903068,311.35743458599495,-0.36343923679163537,162.5502541689957,184.08295643318627,187.7841309711107,190.99941721402212,195.88781522604364,176.64353958355574,181.76781056871584,185.09077884572886,203.50891016034933,200.0017772065079,29.97538910492579
69,1445.8884030343984,211.98410165800172,0.5291598999424671,-0.8132974606185361,-0.06927323491347341,49,0.0,0.21993649711903332,31.53192597914055,-3.7468762459759635,1445.8884030343984,211.98410165800172,4840.150288590296,0.0,3.4992595752306697,311.6410171099367,-0.36304284481815663,437.2228579272761,475.425031130854,486.7602564022134,475.78648594174865,465.51826413067124,484.6046967745199,474.8916218534621,493.823124413551,472.6156025694521,475.26034074352765,98.2420067030207
70,2183.171908738991,210.72329013429808,0.21125197419524924,-0.6563274596674866,0.5233928477864771,49,0.0,0.007954300619485866,1.0233161356306828,-0.025024555321849516,2183.171908738991,210.72329013429808,1113.038195776628,0.0,954.9709259754575,311.33382663104334,-0.363565095241262,89.03633202757615,113.02791961895755,103.74881613860194,125.16992345780821,115.86753711386773,102.08156491500574,110.41056220905496,104.37149799379343,107.75015455063085,114.99425814115003,26.579629610181335
71,959.9965540971904,214.41244801948451,0.5282851803463894,0.5211795853926334,-0.1962728353275566,49,0.0,0.038849901487865254,4.462311976197699,-1.6238998252263135,959.9965540971904,214.41244801948451,2115.898018427506,0.0,1264.573685427286,311.8434639055816,-0.36202743940278753,151.1638918110645,144.61911628089325,171.26847721415578,162.75862180983427,136.42953290935097,164.42053495118682,155.88732665731723,224.66941290396477,269.3926642128708,404.80567665974155,130.4827630171258
72,1408.3463404584857,216.43949177050334,0.5568021645446138,-0.7518685191280952,-0.03168489045104609,49,0.0,0.019028199995691372,2.347773261981915,-0.926640380688411,1408.3463404584857,216.43949177050334,1108.9516567030867,0.0,4.856457203316975,311.65665913740213,-0.3611864977779432,111.89555720125479,111.81143783145737,103.91557792845566,107.5562109273987,98.39839349138475,114.01830258877081,104.49077779641655,102.11183727941935,110.18565173312896,119.1065892258587,25.46132069954089
73,2252.7743850021834,216.31751924557943,0.334338330080706,0.09451985871833458,0.09535370171819162,49,0.0,0.008456185373634661,1.3075737526963265,-0.2911654856947391,2252.7743850021834,216.31751924557943,1277.8274612368668,0.0,842.2152141499644,311.3048270402231,-0.361233603528696,108.82920507379056,110.717922262337,133.4675645560173,108.71913214362323,121.04204728000836,120.3514789387212,97.02737784924489,143.4054926703106,135.97734579518993,150.41046639880082,47.87942826882306
74,2239.6236283114104,217.402538057867,0.5833354072025497,-0.4870929178814043,0.6381138933480397,49,0.0,0.1504671974884807,16.409189993266505,-3.037717858766644,2239.6236283114104,217.402538057867,5179.072082409548,0.0,4381.367970638496,311.31030622478437,-0.3607817252073921,462.0018027948854,509.1916772236144,533.3241222258603,515.6859798818153,533.6991843181519,508.7139845462872,495.782140314343,486.2415038819578,509.00546517464363,560.3292616493579,65.0969603986306
75,1978.2785340514943,221.0000340546735,0.6234367801926953,-0.4466924576768755,0.2051885160910901,49,0.0,0.07191428767793434,9.48686406739855,-2.442806694583976,1978.2785340514943,221.0000340546735,1948.7500032972844,0.0,606.7284463055921,311.4191951281649,-0.35928546054532134,190.5879460961205,162.6402898208811,171.8847544332013,222.36299248081738,213.00596297463125,190.12515469942656,175.57968580594965,167.97603739757082,206.90434264172222,203.52712047860234,44.15571646836108
76,2145.1588019654387,221.683642841952,0.6807696702963709,-0.6460070897250084,0.22176833528639617,49,0.0,0.11817079178816108,14.32042393505541,-2.889889687026315,2145.1588019654387,221.683642841952,2749.4848638243484,0.0,2459.5339125490473,311.3496646012927,-0.35899919212227294,266.46031386170677,255.07853818798895,261.68687626087956,261.0645795213208,269.93772325186325,274.1258983803341,283.80252438667196,285.3973821873806,261.9497752524518,271.78414791251436,58.1971046212363
77,1990.543405709896,222.70845801610105,0.47662881638077126,-0.44017935692713905,0.024698552957376507,49,0.0,0.02152210897406728,2.438285547437004,-0.9677114111370297,1990.543405709896,222.70845801610105,1367.1413028995858,0.0,475.7590997748092,311.41408495387844,-0.3585736021766763,128.795785585349,113.58410230100984,156.74526489208662,156.8945318344526,130.98295524299104,138.88315925962377,131.90935112904407,111.98490524686454,133.15812279487295,142.24233067002595,21.960793943265315
78,1151.30504668653,224.87239643115473,0.6752046209405624,0.042974379202027325,-0.3960077894113001,49,0.0,0.015487857651624692,1.5918346403106707,-0.5047448781483868,1151.30504668653,224.87239643115473,984.9001341277315,0.0,854.8745220910571,311.7637558094008,-0.3576715857051233,107.93635651097435,77.6340492974878,76.73218123954803,93.30806368991003,85.8792184779875,126.39544188002174,89.57027774780451,103.62398110008833,105.46864905491827,97.62793144671593,20.723983682274902
79,1639.156552031689,226.60414902773573,0.4454192677630635,0.11865586151521143,-0.16705123121798796,49,0.0,0.009813242104915208,1.0905221641986491,-0.09408624193798822,1639.156552031689,226.60414902773573,992.659224005245,0.0,0.0,311.56049122421456,-0.3569519883054554,96.86403032389313,86.53491592879553,103.66126333630578,99.09709790158772,87.02107133146345,82.00419370848975,98.25394369714576,90.26038352762862,121.48333202033118,106.55974005907527,20.919252170528807
80,2096.6583784626664,230.2696685916623,0.41381695138308344,-0.1697604737421862,0.5555969237123003,49,0.0,0.011409644603498088,1.4392650298714724,-0.3953519334387595,2096.6583784626664,230.2696685916623,1063.5131985530115,0.0,764.5541539243424,311.3698721537837,-0.35542254124143857,89.83221358902523,109.55435499157996,102.65223952231881,118.75943330864575,95.80474997451395,98.27959513274874,113.44433819663102,126.32308063372311,102.43273640966645,77.76146577025723,28.668991023901295
81,1560.2228246339369,230.60448807441472,0.46297961421523537,0.20530472130819855,0.1531842479270739,49,0.0,0.013942933718517436,1.7981179446418245,-0.6370454379412206,1560.2228246339369,230.60448807441472,1137.5538657674297,0.0,0.0,311.5933792750105,-0.35528534512227733,106.05772704348391,111.26947026102266,103.68596191616035,118.80016493578671,117.18977173696723,121.51905928287471,114.8221458438144,103.17186076675402,107.86251125004796,107.36281705892941,25.81237567158845
82,1714.386224766929,230.65114372704122,0.33586778654652377,-0.23812947302656365,0.09447811064826685,49,0.0,0.008679041569469982,1.0910375835024761,-0.09459927799835591,1714.386224766929,230.65114372704122,1019.5404003991382,0.0,0.0,311.52914648855506,-0.3552658006034771,100.57243752383064,73.57235833848888,89.51340254214159,100.46882538065651,103.64509070508764,105.25023379766148,99.38803546944504,98.9720350094866,103.95733672524511,120.32407707605117,23.876567831043715
83,1266.1701736388027,231.84900701900153,0.2348699745861543,-0.5358359453236526,-0.17873122504941827,49,0.0,0.0156544933742747,2.2734219448111186,-0.891700119555206,1266.1701736388027,231.84900701900153,1208.3515169195437,0.0,177.92482835321243,311.71589721978756,-0.3547658137422598,108.63126455831795,119.191847890579,121.01680768102764,126.90566543305543,125.50049540305338,115.10878241517406,107.5816925489361,135.72440219885354,121.64660116980058,111.5382108029589,15.50574681778697
84,1808.9213732082908,232.18219355304532,0.4363810067804632,-0.627538637309876,0.12291601581188843,49,0.0,0.011103819082536534,1.3846861074240382,-0.35337833735715257,1808.9213732082908,232.18219355304532,1035.5429712528871,0.0,0.0,311.48975809252795,-0.3546276409314828,95.9331207420814,100.64422714998778,99.64089884484288,108.31978946173405,96.57199666327617,108.0484902787418,110.37288631615576,96.50761840543528,109.01071678941068,86.78802321675833,23.705203384463047
85,1868.2480780338778,234.19841033838958,0.5306231622558842,-0.11379893966540086,0.4589887625842289,49,0.0,0.01881675789605465,2.4312400525577758,-0.9645696043833469,1868.2480780338778,234.19841033838958,1102.0940111548177,0.0,0.0,311.46503945076097,-0.3537873703690583,109.23991342180156,113.09756859571928,111.97371736183533,97.44534995183673,111.45469604956672,105.38152263676629,117.11312594215397,103.85202769214064,104.05129904227371,104.96902775014205,23.515762710581544
86,1042.6533004086018,236.16718393888658,0.5413986610226916,-0.529111398689681,-0.20283687681885762,49,0.0,0.04601530465124485,5.690327067433639,-1.887843073500589,1042.6533004086018,236.16718393888658,1741.0227169104392,0.0,1658.5750078004885,311.8090254497833,-0.35296489530446823,144.48325250594942,146.48343417500078,160.01333416334398,162.11023521685235,167.74814182363224,183.36322241236303,159.559138669881,194.837879013811,176.37929690299694,199.23001907071728,46.81476295589112
87,1370.056506098269,236.92572165242208,0.4536810101308907,-0.6054736464909918,-0.3298762340298524,49,0.0,0.009514729787651431,1.0473770502780242,-0.050257633941330614,1370.056506098269,236.92572165242208,937.2393922857207,0.0,0.0,311.6726127599937,-0.3526512780498603,103.63267769065926,83.1664768363309,94.47119146076238,96.9367537860667,96.36984679230679,80.98839805816155,94.32293188996809,91.35346521542972,92.15415155227564,81.53886413820888,22.304634865550884
88,1328.0002942404008,240.7460155959081,0.6427386683373699,-0.5536082154396428,0.19101497739566295,49,0.0,0.013568234382621452,1.3557168176471228,-0.33042245875230253,1328.0002942404008,240.7460155959081,1013.4240553467521,0.0,0.0,311.69013560515623,-0.3510594508767498,72.3937679144575,99.2637020943182,108.6516790676084,101.92887459695113,102.60708484340557,93.39563091110557,106.64049784255971,102.00382739360631,98.71995067340714,104.57542327246726,23.243616736865285
89,1484.556911629558,240.00091134074492,0.5057702204829251,-0.5473194564647477,-0.1795469053365374,49,0.0,0.017206989258793975,2.2093731287359737,-0.860672669111171,1484.556911629558,240.00091134074492,1328.5331223262876,0.0,0.0,311.6249057819732,-0.3513704449758014,124.40249236785968,120.75634019489951,129.01945079493524,132.9354409765943,144.67673778873996,129.9180444378631,126.10299851386252,123.34683993082359,134.77411958585338,140.56377757325683,22.036880161599434
90,1662.9268355010227,240.48673716764938,0.5627103239277006,-0.7113214156610216,0.2920577644639508,49,0.0,0.01626278879287158,1.7939159780781686,-0.6345052451654634,1662.9268355010227,240.48673716764938,1054.8253314511512,0.0,0.0,311.5505872330341,-0.3511681260573717,104.45256272335202,104.3000092260178,112.92199597349864,102.97378153449955,100.76451182117101,104.09360126211175,99.91422790504606,98.61145675347981,95.86140543940577,112.06853689528116,18.86324191728783
91,1030.466492304503,241.80793585647976,0.29065866933101187,-0.16115755740512017,0.19320998174382215,49,0.0,0.010184102306822134,1.487854985573499,-0.43140151143482786,1030.466492304503,241.80793585647976,1041.3835172229897,0.0,1003.1688146935758,311.8141030841735,-0.3506147043065392,97.68675593144273,91.09726436789579,103.21685830268045,114.87667201026125,98.71330795167991,92.54896299836012,104.4299253152912,91.59000009653097,119.57541180929086,111.70493835254491,15.943420087011514
92,1400.0592632208745,243.23715404954083,0.3393950901494408,-0.6847103215322087,-0.037029872743226944,49,0.0,0.013726614422342926,2.2526832131964034,-0.8817503068352167,1400.0592632208745,243.23715404954083,1066.7686586419154,0.0,0.0,311.6601120341363,-0.3500218952507484,103.7087820653528,110.47854167947791,93.89261494757221,121.481094583956,101.49803978309092,93.09859767805699,97.53755921271338,121.58320858844675,102.48619773535239,101.59043236131278,19.41359000658345
93,1812.045922476689,242.7861219449556,0.7025407366910874,0.5887467921525089,0.5004798925821777,49,0.0,0.010089712390758383,1.1165968154075683,-0.11974096221408394,1812.045922476689,242.7861219449556,958.3870733041479,0.0,0.0,311.48845621398635,-0.35020976441733265,95.47406965295384,101.91391000031999,98.01034466979607,92.63687946922121,96.59745457422281,80.41355246035178,92.46304683192216,90.82563063668805,103.59577018960589,87.51816023167063,18.938254587395456
94,1553.3069123820346,244.51035601671214,0.5280838839915734,0.3107990437932753,-0.5162058413247046,49,0.0,0.014968668725064943,1.6026294451247003,-0.5120827944365083,1553.3069123820346,244.51035601671214,1080.4977303675723,0.0,0.0,311.59626082471823,-0.3494917972993862,94.57988472351686,117.89492991088326,115.37121583576979,103.93497777795486,101.52298911900006,100.35027553585823,121.90519996349241,99.68390333947733,98.00091912803407,107.91151666172277,19.341918371862683
95,1413.3241213799738,246.87243488395382,0.4021352760016783,-0.04991314484650154,0.28448386377986756,49,0.0,0.009495459892450778,1.03427602071038,-0.03659113962779166,1413.3241213799738,246.87243488395382,1060.7159371107996,0.0,0.0,311.6545851947168,-0.34850739104732503,123.76179550524908,94.55923997208848,99.19754171101658,111.75150321249149,92.8977597449645,100.75424682811425,89.64897742934502,117.4738945406789,104.16998092686828,105.78686768883085,20.714129551152247
96,2020.659332502354,246.43869110871276,0.33237639535644764,-0.23162689199610345,0.06081917590078936,49,0.0,0.01134333380954461,1.6017176175288477,-0.5114648811826197,2020.659332502354,246.43869110871276,990.4985959741946,0.0,73.23158397115631,311.401537030476,-0.3486867954098061,93.81075643159986,80.9188430778877,101.1851707693559,80.74495308200164,97.73320293126288,117.99730856541936,101.79013730963993,79.54019208057034,111.8936383889995,110.30603927921844,14.578354058239064
97,1699.7239343300107,247.0908075762781,0.24713058028161433,-0.7929736396808682,-0.161342240136488,49,0.0,0.010828715898397387,1.5445865081014996,-0.4720305924369965,1699.7239343300107,247.0908075762781,1116.2158438841172,0.0,0.0,311.53525556829925,-0.3484166433746663,107.6085468760323,100.56149681940276,107.06986901801847,108.83315767228585,106.12763818781242,122.78155301918245,90.82677302578482,121.55076615326402,106.64407976017307,114.59588125247458,29.616082099686594
98,1642.528288305767,248.67340394633135,0.23309989077720758,-0.9869935761628238,-0.308761167188379,49,0.0,0.013997379589635093,2.564916552309261,-1.0226831005580437,1642.528288305767,248.67340394633135,1164.2895744977682,0.0,0.0,311.5590863665054,-0.3477573664737839,120.06151846799678,111.33801487089958,134.61549066664105,100.94279892715787,107.11441320975922,103.38018482949452,128.01590619884652,108.34676125598943,101.73002710006516,116.04417486883601,32.70028410208192
99,1939.2103705730415,249.21099967703933,0.8675632655411445,-0.34895085477772525,0.2184415971143771,49,0.0,0.032543035060382496,3.237144938243401,-1.2754053617827315,1939.2103705730415,249.21099967703933,1265.766534783566,0.0,0.0,311.4354728111093,-0.34753235194557625,125.64266858317683,125.35181827301568,138.38253911860096,126.31400537011935,97.4677484526613,128.10160651243342,103.80732810392819,125.7870201659815,127.86565470696894,139.67230674266892,27.373838754010936
100,986.7732197326397,252.2169956283679,0.629858870823045,-0.49615697138207654,-0.1355851935963844,49,0.0,0.03510506895017641,3.7270896782910126,-1.4284246063267618,986.7732197326397,252.2169956283679,1590.8391564480182,0.0,1504.4614985353965,311.83230780204514,-0.3462775799250577,142.4586934552671,163.63716662563604,124.9410070834728,164.34096391136353,128.16656311208067,169.39965601149015,163.16600843142626,168.7751480077026,169.94776176905594,172.31923427133808,23.686953769184864
101,2110.593184698416,257.0007745155805,0.4528962443907856,-0.9314623178383212,-0.1497639152770568,49,0.0,0.01484089453234911,1.9280714587112686,-0.7128078145146483,2110.593184698416,257.0007745155805,1045.9304660391585,0.0,417.62941145887396,311.36406608339144,-0.34428560966408117,96.08273848448827,91.6057864340817,97.22687870185555,106.1070190488965,90.57448922354138,102.70877085557615,99.9007697785118,113.9900970851484,136.4134554524332,97.9078287949767,13.412632179648815
102,1872.1438893758761,257.783184295746,0.7183175062798874,-0.6469134611500541,-0.028902210913694357,49,0.0,0.023294920266732515,2.558232477369803,-1.019850020265929,1872.1438893758761,257.783184295746,1074.5961288257604,0.0,0.0,311.46341617845076,-0.3439613341553333,90.27533486344305,121.6331980412274,107.05121065088636,109.3091277557246,107.75049815552805,107.7928271324168,102.13006504295466,102.31685009454561,86.84444745381589,110.548817946952,28.943751688266133
103,1230.9047048695588,260.4298289891866,0.5898270679796881,-0.5121431309089871,-0.0679115613232594,49,0.0,0.023963477617292474,2.782669243305881,-1.111153969532679,1230.9047048695588,260.4298289891866,1184.2580689902195,0.0,0.9869194927517677,311.7305907430405,-0.3428581032220605,93.49379806947039,118.70478126488055,103.8072209508538,111.97360776970146,108.41199293125192,122.24672551311892,148.27016688291434,119.61537447977159,120.15421880533549,118.65992933725076,18.92025298567018
104,2136.202567466277,260.1543694078256,0.3506413918179442,-0.614721694389043,0.2869677613293916,49,0.0,0.015930270733562433,2.360277174528955,-0.9324075162177978,2136.202567466277,260.1543694078256,1153.4885869349991,0.0,531.5977766027356,311.3533959589133,-0.34297150308979873,102.8946703139872,115.33217259594986,98.45270646225057,112.58402016505156,141.736922964923,104.37712079443489,133.37956041816483,98.60544662222355,115.12297087970958,115.00090154015675,16.002094178147292
105,1071.676541828052,261.16473896195413,0.36960477375064904,-0.15765326140313468,0.2707237835804209,49,0.0,0.016609620040065214,2.017346302989754,-0.7619511418729698,1071.676541828052,261.16473896195413,1315.6410032935041,0.0,988.6264690550428,311.79693313769684,-0.34255062525740215,112.47933930754944,123.75681749038611,135.63086567672423,130.26768684707014,144.82615290513192,118.2982204737639,134.59124971215311,126.20682945680909,132.89656077855435,123.31124801232758,33.376032633034015
106,1472.1403016538438,262.9836123030466,0.9669800545820308,-0.1709419987482397,-0.3473401515399141,49,0.0,0.012902921443847767,1.004668273922136,-0.005056720095675159,1472.1403016538438,262.9836123030466,918.2337700579398,0.0,0.0,311.630079243079,-0.3417952171160263,99.99566306864261,76.10940262856225,100.8626254984955,76.0594336833133,77.63046352945341,97.18377756294589,87.87952562745764,99.51566330756432,89.62398537258079,94.80080055526287,18.572429223661146
107,1969.713629578224,263.0381223900674,0.6542097144759254,-0.31777204318873914,-0.09557665234991322,49,0.0,0.01011405526261605,1.0307906169742709,-0.03292614156066102,1969.713629578224,263.0381223900674,906.0578336554897,0.0,0.0,311.42276352576744,-0.34177142377961583,83.93374261895656,97.67114120366338,74.07392103052644,89.0220959114993,85.93507622419287,91.61850257740537,86.3654175623102,98.43303891387029,89.86781324736225,96.68092700745873,12.456157358244408
108,1771.7761484027683,265.3954681997441,0.5341267289383366,-0.6089469834457785,0.01877667409751943,49,0.0,8.882153289329676,1207.675609330213,-7.704875738036812,1771.7761484027683,265.3954681997441,213456.2024142823,0.0,0.0,311.5052347053734,-0.3407902566224841,20110.171870393755,20769.657838539068,20857.097040534216,21301.68663079581,21205.018795741023,21252.77144537054,20998.804463346336,20809.870931347483,20822.381540230308,21083.47502656794,4245.266831415745
109,2249.053184872966,265.00529702614585,0.6156341788230345,-0.6374042287582672,0.04495138151544854,49,0.0,0.029761480054567815,3.3215793525049153,-1.303361580483251,2249.053184872966,265.00529702614585,1668.529891769515,0.0,1423.6050027732317,311.3063770980463,-0.34094928515086165,155.856463902176,156.51861796970587,159.64040352165318,176.00999615974072,181.74884049718332,159.38916279108727,177.47200693456682,154.30112080902506,165.43746468808985,149.23238140531825,32.92343309096889
110,2240.9406815058587,266.3618675833568,0.39097648919912137,-0.8582232651368903,0.1978191842235931,49,0.0,0.02750190950803766,4.399355162982935,-1.6084725607146804,2240.9406815058587,266.3618675833568,1628.5315146486914,0.0,1388.1395436512435,311.3097571240792,-0.3403842010684448,172.90722989638346,155.50053812432287,144.2756851078184,156.54660560561132,170.00305147811437,160.50801802031407,180.97099773840833,152.59373516345283,155.9952434904012,147.81013143803074,31.4202785858339
111,1711.3792863433207,268.40369203833177,0.6792843005003492,0.611440988981894,-0.6175113535022876,49,0.0,0.011892628555884037,1.1643567445466145,-0.16521515793880556,1711.3792863433207,268.40369203833177,1002.578360867834,0.0,0.0,311.53039929294954,-0.339537101863109,109.18180775625666,84.31758720610438,96.59422070259473,113.68485568741183,88.38316282549769,84.8870343504681,111.40452735217707,84.67886994337996,98.71753501355656,110.8284521624946,19.900307867892458
112,1721.8829677413974,269.2464946641165,0.569978542710945,-0.2586476500873343,-0.30165333183836585,49,0.0,0.01729018403412624,2.0359213981549744,-0.7719025174052789,1721.8829677413974,269.2464946641165,1132.6758055732548,0.0,0.0,311.52602288948606,-0.33918594526850254,120.14201518840345,118.54994022664611,97.09155920970572,115.04751319405551,108.87828529930547,107.88907280358805,108.07821688684916,97.09277114926756,113.45555659753772,123.20891871515101,23.241956302744974
113,1833.5789140828174,268.8082803744388,0.6238923151406796,-0.5063509047241779,-0.1146229756626469,49,0.0,0.03520042378426871,4.359718675598353,-1.598646164927703,1833.5789140828174,268.8082803744388,1378.977389476258,0.0,0.0,311.4794843582085,-0.33936816210942156,124.46078863611683,166.51619211151086,123.32854341029186,135.13450640094442,138.77722181721813,122.53666403922514,137.08009943459018,127.04506728704936,139.73053345065415,142.43263608215545,21.935136806501543
114,2059.9721453052894,273.6599295196346,0.7244246346989806,-0.6440845596339728,-0.0016379276493559997,49,0.0,0.052582106091011264,6.067111739807164,-1.9574549838718975,2059.9721453052894,273.6599295196346,1510.168008099386,0.0,0.0,311.38515720771557,-0.33734543494370045,137.29174654176433,134.13339424621094,148.07553447416333,159.99144912188194,154.90777344186014,145.71114281688284,142.8159426615888,139.70280535451064,164.2613756412298,151.16506667926973,32.11177712002356
115,1013.2452167278539,279.2113557158503,0.5760496024981882,-0.3636301877561086,-0.13203290721644947,49,0.0,0.05741034611531948,7.003867106956598,-2.1133447427064995,1013.2452167278539,279.2113557158503,1938.0919523217858,0.0,1771.208694459375,311.82127852301136,-0.33503138322396686,178.67771995303377,189.15414014599168,185.3277410729603,160.76087518728474,188.18102741383134,205.96963814101167,212.2873908732774,187.77400974839864,185.7170808668223,207.97377649526274,36.2685524239111
116,2046.8930941896,281.9744067562056,0.4812116576932575,-0.7809262956797595,0.013297232387078764,49,0.0,0.035439897687852974,5.263651719286675,-1.803217863845703,2046.8930941896,281.9744067562056,1376.790742331366,0.0,0.0,311.39060655171465,-0.33388151385420567,130.8641023561287,148.93449303972795,143.9767704319006,118.25477216921466,119.91915094735118,128.85584489934627,137.91421488472716,125.10220127063889,152.62181410090062,137.54857185650263,32.798806374927196
117,2102.3231835143383,281.9099717033296,0.21540747368799212,-0.0016896580131642042,-0.0608361710841389,49,0.0,0.007981412880164969,1.1690504770643662,-0.16958315865147755,2102.3231835143383,281.9099717033296,972.6456692255413,0.0,15.309930661933286,311.3675116258885,-0.33390789515744734,107.05906384932972,96.71437686280211,93.42032490373488,107.71705151205379,97.04011473205603,96.39603988569573,92.60374361742902,78.41977541790101,101.19802530163234,81.10248351398718,20.974669628919486
118,1238.8780315533488,285.1725511959296,0.31921901862003266,-0.47865913072383953,0.022199396581597034,49,0.0,0.009344873343628992,1.214409299592865,-0.2109127106621125,1238.8780315533488,285.1725511959296,962.3194137309939,0.0,0.0,311.72726874729597,-0.3325496851636984,100.9695883265073,107.40134872308604,90.43078007266448,96.4130158194254,93.84938077566622,90.8992411921443,78.26743927733199,119.59053407850914,82.71695134169647,85.8951338146484,15.886000309314241
119,1137.6426785099543,285.79794917173405,0.5424355127664341,-0.41420890479214745,-0.02080884510869201,49,0.0,0.0489319113360241,6.448415430706484,-2.0236325213767654,1137.6426785099543,285.79794917173405,1677.9131181239993,0.0,23.375901958988102,311.76944854762905,-0.3322883940873586,145.93310418505087,171.49552886580312,159.66288470260798,159.83029980965523,174.88044983858111,169.55731036417745,173.40918002526766,181.64924337694902,157.82212972897105,150.49643285538178,33.17655437155413
120,2152.8542886382543,286.3786428082414,0.6220159281706185,-0.7866918909704499,0.13860982319405796,49,0.0,0.024989005998539003,2.9976248276444992,-1.1919431927953785,2152.8542886382543,286.3786428082414,1145.8619353884383,0.0,241.3106867396261,311.3464578905663,-0.3320456642081394,98.90147784044342,107.36309229156598,93.06376520657548,114.23334148354611,126.77015307000909,124.5026629856895,122.84436957797053,117.15669012264476,98.09769489398383,116.51017973258391,26.41850818342582
121,2020.2609060059979,288.30690132478776,0.7765705744414514,-0.929779015948633,0.026994399593760987,49,0.0,0.01928386223260605,1.8515404447729826,-0.6688330078822111,2020.2609060059979,288.30690132478776,1166.8133967190633,0.0,0.0,311.40170283472855,-0.3312434317827417,108.96482474056158,105.23467628385967,110.49819792480208,126.26306538751054,120.18729462260734,101.94432350611102,126.89856685115441,109.71268610196734,102.01424926554557,137.05923583688065,18.036276198063124
122,1166.9953613264438,289.9421934291919,0.6808419963328302,-0.12822190324300553,0.3154777377278272,49,0.0,0.01876266053313596,1.7934867455888976,-0.6342454286397027,1166.9953613264438,289.9421934291919,1118.6478926671437,0.0,0.0,311.7572187668103,-0.33056202271348356,102.27520247660527,104.73500534616318,98.23939150519982,110.17731039999778,120.05888786405072,118.34245794212472,121.0933392819656,109.65924091144788,114.08023554453686,96.43701917839664,23.549802216655205
123,2060.9870215887945,290.5202952339639,0.34002416577413125,-0.9390975216059443,0.20382167504565044,49,0.0,0.025066760165993754,3.9497362231978848,-1.491420232335281,2060.9870215887945,290.5202952339639,1352.0933290969406,0.0,0.0,311.3847342712115,-0.33032095935098377,137.2007189573667,112.46246613666645,126.83893681181252,161.07875353474412,133.2613123387032,121.49840207001223,134.277228453033,135.52767318036564,123.723864935953,135.88785251220807,30.33612016607569
124,1415.1860603347227,293.33804468201186,0.42154356415569577,-0.562373641008173,-0.04989913581399818,49,0.0,0.035858218193860515,5.6492557111495705,-1.879978083339215,1415.1860603347227,293.33804468201186,1481.9694330318566,0.0,0.0,311.65380950959775,-0.32914855651118186,131.78427115180668,151.878332477382,137.93949507773445,147.80674761158005,136.0464107747947,158.90929950283908,145.65453305347768,153.9993366223354,140.02462907262213,158.6354873410615,19.29089034622306
125,2026.500597687821,293.69616392020845,0.3011877991862113,-0.42161744265291323,-0.24942337099521245,49,0.0,0.012523179838283487,1.5925760368212825,-0.5052504417391495,2026.500597687821,293.69616392020845,1200.9964621265972,0.0,0.0,311.39910303653596,-0.32899807387545543,99.7957433913306,106.45839880393552,119.95781101873223,116.1485033469489,103.9252632999875,113.35370981534075,138.32350209358418,109.7770152417936,112.98835413752022,154.86120598545943,25.40695499196426
126,1993.8168991554878,297.02742883758253,0.32416727382680904,0.11889423503015777,-0.36939033849027314,49,0.0,0.006771166474317166,1.162874237399492,-0.16383187289863677,1993.8168991554878,297.02742883758253,816.4350736180407,0.0,0.0,311.4127207180008,-0.3276104104683651,75.4177046264391,80.15574530234588,72.95148454530165,76.7780067383958,95.65708333648901,78.6989883059668,92.27917664947113,72.67169863596791,91.86964962898065,73.23664542460975,6.718890424072985
127,1404.7438658690332,297.97427603550085,0.5454879220904897,-0.2998572260093017,0.13767444710857493,49,0.0,0.010724233696487156,1.309256537121849,-0.29256187753149615,1404.7438658690332,297.97427603550085,938.8611253656903,0.0,0.0,311.65816030117,-0.32721693469993335,85.14528718510266,88.46526764457278,100.52524561519738,86.99422357960961,95.89713363352685,104.11177308391987,101.88681386934599,84.05368140954366,87.44850186396133,88.10763871559297,16.22555876531733
128,1291.1073364801177,298.7253874091361,0.3921419404207938,-0.579700587978736,0.025105616432320055,49,0.0,0.05938546185210315,9.615771456279539,-2.457460331619573,1291.1073364801177,298.7253874091361,2104.494782953623,0.0,0.0,311.7055073434489,-0.32690350384374006,172.99774263178605,200.90259639548202,226.7822782128435,192.94517073072757,197.8365182047587,220.1889874427143,222.67059465392782,210.52356486061137,210.90193846527654,215.73360399911715,33.011787356377795
129,1541.1917304686885,301.30345197234493,0.9154691393252375,-0.5666484629297085,-0.3348980811115145,49,0.0,0.042851518793336825,4.20545387598264,-1.5595321853511337,1541.1917304686885,301.30345197234493,1259.9581034230114,0.0,0.0,311.6013087032971,-0.32583020342626573,135.40236350464681,144.90503570523998,122.25222445630294,105.31664133695904,123.10228329158062,124.05137550257436,103.20265520668899,113.79808587359963,125.64141616739646,132.2591501074281,30.026872270594403
130,2232.4087238736265,303.4841808331828,0.46660619689361194,-0.9813567478631503,-0.022732810027457685,49,0.0,0.011415526203384135,1.180968718803798,-0.1805959857128353,2232.4087238736265,303.4841808331828,1009.8623925281777,0.0,457.2401138489089,311.3133116584681,-0.3249182472387703,93.48941302329679,106.76299759873734,110.91189031863756,106.3277163736553,92.19935486187322,90.58781107009946,94.95180263055315,94.10861871573604,104.95930384277835,98.5638815288743,16.999602563936225
131,1303.862978804257,304.55674110609726,0.5044286104053717,-0.31069822376854406,-0.3132053772916533,49,0.0,0.01144622405642691,1.3409641996171349,-0.31854295858076537,1303.862978804257,304.55674110609726,1011.7143179901511,0.0,0.0,311.70019268963756,-0.32447406236345505,89.64599650678714,102.29552265590748,96.92736429517802,103.77814147642968,89.6097419896578,110.55417656401046,77.74481707448034,101.8357889508577,106.03766336612873,111.08913653802753,22.195968572686148
132,1718.9261448674242,309.6980035326891,0.7472487382589386,-0.237781402221491,0.11096545113090449,49,0.0,0.05752465506502342,6.777675915921229,-2.0777019964953363,1718.9261448674242,309.6980035326891,1468.1007007475782,0.0,0.0,311.5272548073477,-0.3223326945700379,130.6243575579836,134.57172134113912,112.0446229641039,168.27075966703984,127.61716662778603,148.75841147369772,139.52100779183164,165.2156636568147,153.4455280369716,155.82588103561216,32.20558059459786
133,2151.155456963526,309.77475117669354,0.8824547410867335,-0.6293082326023303,-0.11332271469108182,49,0.0,0.021746375115247733,2.0742887851931298,-0.7921730482678138,2151.155456963526,309.77475117669354,1030.506828428434,0.0,0.0,311.3471655584731,-0.3222982547765052,105.5031701379326,91.25923960604565,82.94311984673026,105.59529530412217,114.56537593477714,106.17337520330548,111.69864010164284,97.48497204369951,86.70886325065153,112.02701448812988,16.54776251139671
134,1230.029003209602,310.94012511934307,0.5460683342692282,-0.7569644451895479,-0.15078938211272264,49,0.0,0.021977359109224458,2.5372418002803734,-1.010904644131839,1230.029003209602,310.94012511934307,1284.1381144644802,0.0,0.0,311.7309558185314,-0.32181414115800977,119.33162981865925,135.8504405397972,118.58981309714001,135.99408829478028,144.86992204711098,108.84863309085684,121.10335990988962,116.46508635541579,127.42702618832536,134.57658945366205,21.081525668842872
135,1772.4603456002312,310.52949867863936,0.5304336932539787,-0.6134127558815224,-0.0368071245546797,49,0.0,0.16332462612339735,24.025456607192876,-3.451679125617313,1772.4603456002312,310.52949867863936,3580.76668490083,0.0,0.0,311.50494954360374,-0.32198613654675245,303.33465699948704,367.07591978767687,332.91635716852613,378.88775157667635,345.82570268888395,333.78791112054597,349.3889605762489,368.4962643524689,345.8472767263958,385.88753575865405,69.31834814526594
136,2130.750311327476,311.1973155084728,0.5301868919908964,-0.8672795974589559,0.03413647022231039,49,0.0,0.06172343583668248,7.814320876286198,-2.2322281012823493,2130.750311327476,311.1973155084728,2062.431159252734,0.0,0.0,311.3556673225536,-0.3217057641568665,188.6721410748317,203.7143930486323,207.31039929018743,188.05559846926508,224.03865283562874,177.75279869424486,218.75226538981332,203.48118771442415,205.7576876765547,199.16404245532942,45.73199260382211
137,2216.317174829532,314.1415613909445,0.7936201844302593,-0.31292200643892015,0.07123939517306666,49,0.0,0.013735909260652369,1.290411736857527,-0.27682076124147137,2216.317174829532,314.1415613909445,1030.7860340725983,0.0,216.08878323892134,311.3200160673649,-0.32047828079570523,106.49137198230957,88.01797876625369,117.68714955123755,95.13400214442012,103.53185774903102,85.5428067707129,105.9984145570002,87.20930654736972,99.25754354000345,112.48429950494148,29.4313029593186
138,1935.7908211303459,315.2122782847318,0.6787796722096043,-0.343277295529529,0.05667823699807299,49,0.0,0.047273862744316594,5.827253758413845,-1.91365982662201,1935.7908211303459,315.2122782847318,1423.966243011316,0.0,0.0,311.4368973200687,-0.32003444991157526,136.69895391760656,167.22964044521842,128.9340652733719,134.9835093228501,122.27641100686296,140.47804160177026,146.02308704351705,140.54469598064617,127.92244087029823,141.87444129759865,37.000956251575616
139,2010.764998508585,315.1468217870919,0.6894458262229909,-0.6056486276332467,0.18845591910746776,49,0.0,0.02484872671037709,2.8355491209756245,-1.1315929377165497,2010.764998508585,315.1468217870919,1159.2765460391172,0.0,0.0,311.4056591873243,-0.32006124795615337,109.53922452288064,106.83676712435312,107.45823550293483,106.87125182023973,129.9569732237356,121.04888028955418,120.45824903820585,126.05381264841239,99.38175177807831,118.05301927503648,13.61838081568603
140,965.4599983084189,316.1069454264674,0.5824748491324321,-0.49928877882667005,-0.24716681696757095,49,0.0,0.11524860682147459,15.104458949262337,-2.9477629330007016,965.4599983084189,316.1069454264674,2948.4681445328956,0.0,2060.4184206265268,311.8411883255446,-0.31965924731478873,250.120908883217,267.27957647230664,299.527497361277,304.32863746391854,289.70588062516856,317.2701640580589,300.65509271310964,306.72808546644694,277.6637998781427,287.3714962844782,47.817005326771344
141,1757.8645246224153,317.0622145168363,0.35943231596496716,-0.15922767877925603,-0.6252363125120076,49,0.0,0.008709713881128069,1.1462426431790869,-0.14819140323940297,1757.8645246224153,317.0622145168363,965.9339072688065,0.0,0.0,311.51103094368915,-0.3192644526242738,92.9578332176155,88.64202466051441,106.3068762025096,97.88979147609116,81.98196258803776,106.67943584981373,93.24513622759756,85.39580436870189,99.70443757070251,86.43268753732517,26.69791756989732
142,1047.2645666782787,317.70868031906576,0.2186264007044575,-0.5539607031655748,0.1260432186075178,49,0.0,0.009302461578184491,1.3793882772464154,-0.34921632702481803,1047.2645666782787,317.70868031906576,1007.0510933978487,0.0,63.81641052982627,311.80710469234964,-0.31899274289073265,106.46705631271348,91.75131690028496,97.73708679240197,104.21147724664274,103.1961712909898,108.8040814288565,97.19685165502739,83.63347567821455,109.75437410336772,91.53133690224408,12.767865087105605
143,994.0833416291151,319.11373063744657,0.32165107479193944,0.27196974839658594,-0.022475100675357323,49,0.0,0.012273066374102247,1.3318667025271111,-0.3111519035764029,994.0833416291151,319.11373063744657,1160.351204324843,0.0,508.0906368712913,311.8292625309096,-0.3184068416879538,127.15896360136354,99.98558609973607,113.62361663461752,107.67744368994136,102.95284384876923,116.88167529527522,121.91315402177383,119.00840439417658,97.98107401620787,133.92224046887145,19.246202254110205
144,1223.9189697979289,319.60893026226154,0.5233807481617242,-0.5806238192360739,-0.05357887535722738,49,0.0,0.04902167919781305,6.594556162924241,-2.047963928258158,1223.9189697979289,319.60893026226154,1791.4193480416138,0.0,0.0,311.73350161241814,-0.3182024292199457,178.5911633046429,155.73050649020843,178.71621546591712,202.93506306830852,177.73093826597994,169.73345983426486,175.947505647024,163.20297184345816,172.35618074669415,180.49478828705145,35.98055508806415
145,1254.7986466745429,323.83074623188037,0.2657802200407176,-0.41311661068020117,-0.38467387201379377,49,0.0,0.009476546658985355,1.748910979665976,-0.6069192606552977,1254.7986466745429,323.83074623188037,924.4875526160258,0.0,0.0,311.7206355455518,-0.31644368455654626,97.45638625068918,72.99939104288994,86.83934976125741,94.33041814992487,87.77933971818436,100.59073972692556,91.98252371075253,66.30594293528148,85.56871342181006,114.54691719278976,26.08783070552075
146,2224.893361582484,323.551634076245,0.23525813815549618,-0.7112884624876251,0.08680283229937555,49,0.0,0.010340122253812981,1.3556817853974787,-0.3303944025441654,2224.893361582484,323.551634076245,1141.0614446463092,0.0,134.47534320419592,311.3164427623726,-0.3165577080412706,99.09890204781988,102.54321467068192,113.40887453070668,97.1805308271307,118.64278822960567,135.18318816443752,109.89957321759798,124.02883335449243,98.98022025760125,121.20679874641321,20.888520599821963
147,1017.3060114960239,325.0734889215141,0.3242277357729409,-0.40575410697888337,-0.1757112897316729,49,0.0,0.010352573346777564,1.2459870449757464,-0.23878381703421014,1017.3060114960239,325.0734889215141,1047.7259870228834,0.0,165.83733014662528,311.8195869097896,-0.3159240785807504,82.21483557322995,113.7928712903838,123.94538640170913,95.82688373760352,99.29421550454678,97.8219839804618,103.14624102830216,116.2239584862881,82.0643206973034,110.97768048054746,22.417609842507407
148,1930.2734703673723,325.3492241514292,0.410424319593969,-0.1657942047078416,-0.10073887892367459,49,0.0,0.017748985798850557,2.7497776135444023,-1.098243929924855,1930.2734703673723,325.3492241514292,1081.6661187958682,0.0,0.0,311.4391961001316,-0.3158111317274193,102.67534674347328,97.43428941050067,117.7043752171046,89.49629344755124,109.51533463230732,105.40396724807576,122.77071714955784,120.69752890727499,91.70909209866531,98.4805511939585,25.778622747398643
149,1996.9261799924188,328.2122626961867,0.5656232420257734,-0.4209590680824686,0.01505675056758343,49,0.0,0.06821115056491671,9.47864039207696,-2.4418651174578314,1996.9261799924188,328.2122626961867,2419.979659458031,0.0,0.0,311.41142509115065,-0.31461790212660373,201.0568249952695,233.05415836415216,229.92947085231407,233.70411759058626,268.01971992972665,267.4421698345933,226.4573608573519,251.11256738163394,213.28573067648043,250.4886184822865,45.42892049363684
150,2003.5459758821885,328.0663904116311,0.22953162901896682,-0.2841460418099069,-0.09782213149164329,49,0.0,0.026904313046327455,5.250435601929018,-1.8004883402607164,2003.5459758821885,328.0663904116311,2327.5229176765915,0.0,0.0,311.4086669433104,-0.3146786327561158,219.6537041096795,218.38914585419175,219.82916665426532,223.33777510355551,260.6084447200453,250.0634920559766,220.0350290980091,239.3841474157194,196.05302002617412,238.77462679127294,41.39436584770191
151,1077.1883040709201,328.74637191034503,0.5376318188047677,-0.08838791263434606,-0.1737623281249502,49,0.0,0.014563393703424405,1.533370812524671,-0.4641179806771568,1077.1883040709201,328.74637191034503,1106.665986003129,0.0,0.0,311.7946370745884,-0.31439440648768463,111.98821367305882,106.67657856186614,114.65855582791691,116.89688236514755,105.59644783752907,119.43020889343438,113.70538026109622,101.83821226461875,101.69585644952184,97.2660428278994,16.913607041040077
152,2199.761691752523,329.577561922656,0.5800694058691822,-0.8107332151996156,-0.060537918663656126,49,0.0,0.04243089798677681,5.451781452067691,-1.8413460943998765,2199.761691752523,329.577561922656,1584.0848553895985,0.0,0.0,311.3269137513612,-0.31404740147765753,137.92114502715253,124.8534619871816,163.99803012556134,183.22279489145404,145.41136542341792,157.48052602222936,180.3470569488017,155.85060634430903,145.23883644550267,161.03507711488186,28.725955059106496
153,1542.1793042475847,332.3670544671313,0.4518156708074354,-0.6320222726922616,-0.04868676536010165,49,0.0,0.01501754476595993,2.0019252366449685,-0.7536196360065684,1542.1793042475847,332.3670544671313,1042.8192420581524,0.0,0.0,311.6008972466532,-0.31288816575560596,101.84061539376648,103.91769693228775,112.54273694697879,99.42278677951558,108.34476245082588,114.1807202192141,88.20544536371915,93.99280303604952,90.00071987273063,104.95478898598058,25.41616607708392
154,1557.9265226469597,333.2787502876752,0.6253586680762564,-0.5617156031379062,0.06545973489191043,49,0.0,0.08265157592141824,10.91159558343296,-2.5947206533758105,1557.9265226469597,333.2787502876752,2030.3971602240426,0.0,0.0,311.59433608814874,-0.31250833794062916,199.2102816751947,214.2664626584848,209.11122054088537,177.34797982344259,186.46309450925946,193.9766815329621,214.76217508973215,189.52858258569094,178.0786836422829,225.7419703229883,41.91002784311928
155,2058.65255555619,333.16626746265155,0.5220550736075987,-0.6852024792491649,0.038582857308210566,49,0.0,0.16637072574312434,24.31526430460214,-3.4646974866735474,2058.65255555619,333.16626746265155,3925.4188949442264,0.0,0.0,311.3857067039276,-0.3125534821258708,382.9150819107136,367.86779285520663,393.92948625912027,388.28554706626613,386.3738484462941,413.9817699703392,395.79713740232023,385.8812074617998,361.5817495255761,390.0298607308606,58.77541331572982
156,2112.188632626128,333.2587036146946,0.4243242834759413,-0.5854397588555392,0.050520424622946446,49,0.0,0.025027062445118743,3.8061468005997843,-1.4512138368224081,2112.188632626128,333.2587036146946,1261.2019445002502,0.0,0.0,311.36340089768095,-0.3125145415228348,128.53123857806736,108.56173963959415,101.91030132434788,98.5450564045976,142.53322631305488,151.28364254404025,117.60032975936618,130.39955228030004,125.87704749795223,127.5379183842347,28.421891774694984
157,906.8238658388368,335.45249400569134,0.65971579699285,0.6867058331692042,0.7778325217017741,49,0.0,0.026541622070020345,1.6620239099660834,-0.5515931681924928,906.8238658388368,335.45249400569134,3013.341568231731,0.0,2724.1192720204963,311.8656189442903,-0.31159873876006133,240.41883772162797,285.16143648717,307.27236323943004,290.96694704856816,292.51052912270853,321.7578482028656,309.1522141335314,287.57937094042563,299.4368763116006,321.121128431885,57.964016591917755
158,1878.7889160137718,336.14483048149987,0.5284602319567177,-0.8284541047643309,-0.03880475089079976,49,0.0,0.026503546633168878,3.7410948576145544,-1.4324968003112621,1878.7889160137718,336.14483048149987,1165.583725098974,0.0,0.0,311.46064726201917,-0.3113136165470202,100.82033477816026,116.48443659058147,107.24863506365156,103.19042078556507,116.26825114556615,119.91599275628224,118.73378681018549,130.07535691339373,115.4696487877267,117.86206286244985,19.514798605411265
159,801.3728159962174,339.0961738999307,0.4246914913640346,0.08437735779962117,-0.005346211704641605,49,0.0,0.0092834103328189,1.008131813750485,-0.008793300119601166,801.3728159962174,339.0961738999307,838.2050195128974,0.0,762.0084731112325,311.9095544089045,-0.310079395649023,65.54828145864775,95.00504957692364,91.0509024254681,87.11034382392634,92.82797541130299,87.72733764480019,78.96545131467181,83.69512127538692,66.39672407772713,87.59402788504482,2.2838046189976087
160,908.0932042530933,338.2876624759739,0.5225273747387494,-0.1709765050703731,-0.8168806903161578,49,0.0,0.02351734975591901,1.4238162735358073,-0.3836348810164559,908.0932042530933,338.2876624759739,3113.748003890505,0.0,2726.6877801265528,311.86509010364506,-0.3104175477789809,248.76533648807796,315.87689666952986,295.30225911619334,297.0787165945312,316.32286549044613,322.2059642872591,325.838396841797,307.53872977329405,292.18324149599704,335.9795269787982,56.656070154581336
161,997.0077164345316,338.4544339700283,0.21991132767344346,-0.07174550570958546,0.3637783819468515,49,0.0,0.01947220755899519,3.4757575291215774,-1.3526236804905785,997.0077164345316,338.4544339700283,1341.5639246116834,0.0,148.48297920947002,311.82804423207574,-0.3103490118737339,113.8593408633163,130.2683377170437,131.94781218535155,131.25793586463226,137.68192112603447,136.62627288354122,131.6808002703491,125.69439038299649,152.7307107352222,123.203123790169,26.613278793027128
162,2335.8581469578035,339.9073538546656,0.7992946456250658,-0.78382784179167,0.07949423511234256,49,0.0,0.030205588467355396,2.951537022773747,-1.175120587972739,2335.8581469578035,339.9073538546656,1219.9923524443475,0.0,855.8637331932305,311.27020971842825,-0.30974223948989393,108.9560971987421,95.96019898446596,123.94253858626232,129.51492090453803,133.48245532482522,120.1263225112389,125.42035356893032,107.14318975176778,129.3197607241985,124.0663873807039,22.060127508674583
163,2075.3906950441647,340.78388987139766,0.7691288735683235,-0.7232645049176286,-0.19361184696372047,49,0.0,0.03856730591855276,4.087976616796006,-1.5287710074292216,2075.3906950441647,340.78388987139766,1398.923188241771,0.0,0.0,311.37873271060334,-0.30937963061172635,139.3695080442825,139.94598970003545,154.7457099829541,112.87305121880615,151.63395455443973,125.75304091177642,137.34404076986334,138.29728308410023,132.5839155844498,136.8954398291928,29.4812545618704
164,1179.9635493954768,342.50228516062214,0.5420299265197686,-0.5362095314039728,0.04061356684997641,49,0.0,0.068652046084498,9.294070687088704,-2.420514928076035,1179.9635493954768,342.50228516062214,2035.5088835900433,0.0,0.0,311.7518158145546,-0.30866409404984424,201.5618655918749,182.42521826315863,183.59034287349658,216.47444239187823,183.13321943736628,217.06383103231204,178.92353456047414,235.75947745435803,192.2868319832583,211.35336705359907,32.936752948267326
165,1461.5960248119693,341.56776962645677,0.6986294293229456,0.15737686933083309,-0.09223475092736737,49,0.0,0.010704791902938257,1.0517770078274158,-0.0548091819218214,1461.5960248119693,341.56776962645677,897.7486745038348,0.0,0.0,311.63447268235626,-0.30905472856698163,83.8518251933277,78.91004082826032,89.27059946452185,80.54805425973514,111.06060580026191,83.23072517052634,92.71088104994396,70.66483638318515,86.45356745342832,101.11212905108805,19.935409849555924
166,2238.191432487969,341.88501603832134,0.6454367094548662,-0.7546830541546139,-0.10449761661741437,49,0.0,0.13849876689610174,17.96236239799946,-3.1359086355253742,2238.191432487969,341.88501603832134,2971.0962820928016,0.0,7.150159242455123,311.31090203727825,-0.30891938980400696,290.4483280690429,302.41948110914734,236.56334002650746,268.53037844171405,313.3581250366682,297.0701704742828,296.4674892702718,300.6093709282241,305.70625079584875,319.88761730720825,40.03573063388558
167,2415.439613930008,343.28378694784305,0.6492367932899238,-0.9581945212799027,0.15925185549846024,49,0.0,0.015529791855167546,1.4078425712024811,-0.3713852338181486,2415.439613930008,343.28378694784305,1300.6263142266032,0.0,1098.7215371857515,311.23705270567586,-0.30833452459526567,124.45282798746996,119.864424778119,126.32163280267875,127.09316441073895,127.33383339994639,137.95171573145163,123.50187323661507,146.00066904990297,128.11688290758178,123.4556918119828,16.533598110116024
168,2016.4291139384454,344.169168983668,0.7932405700729971,-0.5749951103687027,-0.10115044237329174,49,0.0,0.01339179121780616,1.1746379202151318,-0.17476004208115234,2016.4291139384454,344.169168983668,970.6807569037912,0.0,0.0,311.4032990892457,-0.3079696517983083,91.56136295566961,79.9898487708599,100.91922027687922,99.8840368855877,113.2665091259689,83.84883490079743,94.76035013082772,91.86368625355757,86.28088980227025,100.35282991013916,27.953187891233718
169,1115.1445816923776,344.55983591186884,0.5129496236163379,-0.5180556445052029,-0.2815769117995322,49,0.0,0.01142687529836855,1.450484409356206,-0.40378266278990294,1115.1445816923776,344.55983591186884,901.213697491391,0.0,0.0,311.77882269741934,-0.30780637898987745,93.93549579449729,98.10115063710526,77.23076306219352,90.25732575930034,89.60529389276104,89.04008218791675,70.60316670498185,95.82222376918297,96.68749418357567,81.29817735469818,18.632524145178305
170,995.1373834386349,347.2388318983609,0.6502271632493769,0.21038885389127546,-0.004383918147660089,49,0.0,0.01032504689743769,1.0044354200981982,-0.004805047841077161,995.1373834386349,347.2388318983609,1067.0551005571276,0.0,39.364059752696534,311.82882356164436,-0.3066891691167543,101.39872665996992,96.3622951243531,95.72559576948993,99.01927620580511,97.90847241409935,98.9384526336171,114.81376011078832,104.9805398801612,125.34274582798699,113.41039004188755,19.154845888968964
171,928.2012170946922,348.83232504652653,0.46936671988098116,-0.4052409473549351,-0.067757007571143,49,0.0,0.020406458580586324,1.8805495946931599,-0.6857119782933518,928.2012170946922,348.83232504652653,1608.5309905914723,0.0,812.8086884150836,311.85671228201403,-0.3060245831656656,139.598976594141,166.9166473424994,152.18116487735085,147.83780673889822,160.15689914297127,171.8592288412296,166.8992508074279,150.6324548604009,172.55280378897697,151.46722554092582,28.42853205665037
172,1315.9855465653266,353.1141417790999,0.9834403587140834,-0.3265300233994521,0.2438092016614562,49,0.0,0.013781252948582953,1.0589501672184176,-0.06218880817410591,1315.9855465653266,353.1141417790999,913.919573657694,0.0,0.0,311.6951419430264,-0.3042436461827664,84.69860616451786,86.78094129186557,82.58398482828028,91.90761810117645,85.04893059332127,95.90721728541861,84.70519725483385,101.11751842375524,90.70562041910617,88.10832747348238,22.355611821936208
173,1088.823201003523,355.20936296293166,0.3520282174323219,-0.8147575450923692,-0.47768749478915545,49,0.0,0.008272325331502068,1.0344368911871382,-0.03676000104905568,1088.823201003523,355.20936296293166,929.1825940742278,0.0,0.0,311.78978955815,-0.30336926018378985,88.29257841500963,95.90666855804248,89.86728362126581,91.6846133413227,91.05670129665825,91.62977062103297,100.8110410697475,91.8655942840558,80.20972697002317,95.3499908258292,12.508625071240289
174,2209.75612780144,355.1125062745546,0.422975203843861,0.28246341181323564,0.842046202994719,49,0.0,0.007948292939166565,1.000704825198659,-0.0007649846776290683,2209.75612780144,355.1125062745546,906.4511356464097,0.0,0.0,311.3227494214351,-0.30340873608368596,77.18807861670689,102.88984221678956,81.74354308894868,88.92622145548071,94.66702430062263,89.86927006477823,80.569541605782,93.42901515266654,93.9466748963891,80.6495093481367,22.572414900108647
175,920.676133146055,355.9282333897368,0.49000716098782465,-0.160520643008006,-0.19530555962770238,49,0.0,0.035735612459791885,4.9278606943262915,-1.7316460556524313,920.676133146055,355.9282333897368,1597.964412420702,0.0,790.8393337651557,311.8598476276871,-0.30306815204550314,140.15943555083004,155.61111009485475,165.13284296508874,168.79978603922603,176.56533956427677,137.4386468521385,164.97221690282862,142.50125793874955,170.2042832414759,152.56741301524204,24.012080255991105
176,2125.706203370671,355.86902605058077,0.6066565536599896,-0.9163560894875062,-0.17427278570919252,49,0.0,0.013755750658082135,1.3828856671683927,-0.3519656885768963,2125.706203370671,355.86902605058077,992.906152082757,0.0,0.0,311.35776867665317,-0.3030943125722674,104.83595244892572,102.75941083456988,96.37705069149558,96.52743669759923,85.26577754790372,91.64570590511607,98.21464464112805,120.3400197208851,87.26453041318595,90.9334623625738,18.742160819373787
177,2312.900618340853,355.84374125368475,0.3394265638968494,-0.7403654909279593,-0.07780423600839104,49,0.0,0.050588017676663564,9.093139487710827,-2.3967846329140956,2312.900618340853,355.84374125368475,1909.7170613724902,0.0,628.2087865800847,311.2797746987688,-0.3031029903194624,167.42249427752148,211.618886690805,183.40207917388184,175.22257233316628,180.96602240397084,170.1330995241554,205.1873541362071,194.05348301828917,205.9990383346285,178.3711429987006,37.34088848116396
178,1668.3925458629205,356.7778834074675,0.7326182167736317,-0.6290771392922819,-0.09878719514615757,49,0.0,0.06607608715788059,7.7841767045824,-2.2280317151683446,1668.3925458629205,356.7778834074675,1648.5634156632273,0.0,0.0,311.54830983286166,-0.30271782669393593,154.4943129251985,165.10890159749144,144.28846745377257,154.43531994308307,158.06569204534875,168.1962991837065,173.56665107085934,175.75693249093126,168.58242030530386,155.0630143456288,31.005404301903123
179,2426.6901480138877,357.4317134188204,0.8395684449079855,-0.8745538807322993,0.055620184830177395,49,0.0,0.0340821858768524,3.060097965205105,-1.2143383252455873,2426.6901480138877,357.4317134188204,1618.6867353628222,0.0,1371.2683789765679,311.23236514488633,-0.30243999827905127,123.83436828164318,146.48404339031387,172.23232411900312,149.59161469770302,149.6151093860484,179.80962902668446,171.82013406882749,160.2118929115421,164.57680163624298,174.5143194248767,25.996498419936934
180,1804.4484986112013,361.04153685513836,0.647169674079942,-0.47953197695840727,0.041617030319678214,49,0.0,0.04736028390939628,6.036035570376469,-1.9518794760245788,1804.4484986112013,361.04153685513836,1384.443468246168,0.0,0.0,311.491621430048,-0.3009411551629296,119.83578235293804,135.7097764727831,145.3956874772943,130.3105414524303,138.69449806237924,135.55885473712675,136.40739332001812,146.91334963001128,137.5155576023406,144.3439105407537,13.758116598092597
181,2463.7615826295014,361.3794794554013,0.9372566519380835,-0.5916579605168869,0.14258787810163215,49,0.0,0.01386305418092398,1.034113551479914,-0.036420573378173456,2463.7615826295014,361.3794794554013,1236.2672823636099,0.0,1020.0000309661543,311.21691967378257,-0.3007947613348757,118.3711655198735,126.49182438733988,131.85618298178815,143.77399358217957,130.4903421895682,102.90141321375634,130.9485206601788,123.2681354414149,110.38270041253409,98.10809993084587,19.674904044130365
182,1027.2028807862134,363.01909234358754,0.44236791248184953,-0.28003193423678097,0.07082023008034156,49,0.0,0.024710146076839568,2.751907459785935,-1.0990845637523818,1027.2028807862134,363.01909234358754,1402.2775909705902,0.0,0.0,311.81546364973656,-0.300114963462564,130.36885447970138,144.2066485627184,154.13152911958173,144.29260111738338,126.93131639317151,120.95303809100497,124.15610587539209,130.4597505527723,142.02832796429294,152.5882232964312,32.161195518140346
183,1447.2374160920215,362.62702618397634,0.9965717819653562,0.060329422137645576,-0.07598547185450802,49,0.0,0.015018466728673718,1.214322175504258,-0.2108348150377359,1447.2374160920215,362.62702618397634,901.2609681306103,0.0,0.0,311.6404553023298,-0.3002807326854252,90.54769994905224,70.10897097374232,92.72722504099929,89.91045209179129,93.2777201636332,88.49651016105175,95.78032213885875,86.45405964112314,92.97462701786304,84.13157491839635,16.85180603409888
184,1139.8477751241471,366.5380164826685,0.4962576816504063,-0.4855838931422944,0.04973128225523159,49,0.0,0.6409038281888145,96.4673674891516,-4.960951067914932,1139.8477751241471,366.5380164826685,13515.006313476173,0.0,0.0,311.76853021809217,-0.29864979588820784,1206.7735289238037,1258.737060724314,1294.8829999467685,1432.0539872627294,1367.4472874640858,1342.0224296700155,1305.305765668636,1319.187502213308,1327.9430137230543,1366.3314495308928,294.3212883485645
185,1790.7026110989887,365.83025606311026,0.347738368289493,-0.78156785133742,0.13134942871795285,49,0.0,0.020721358447425602,2.896974399062194,-1.1548616432603989,1790.7026110989887,365.83025606311026,1353.7109729808285,0.0,0.0,311.49734870738394,-0.29894606198153034,131.14908204546555,140.27289753110898,130.86700376243016,130.7413520630021,120.8963563148822,119.06424552711394,139.74459516859355,152.8769667988411,131.03024253830324,129.28073819257133,27.787493038516338
186,2002.3290550161573,366.43330857461194,0.5652477626311211,-0.3970263715201199,0.03846493539297837,49,0.0,0.28866914856165565,42.01342506898985,-4.058470220146359,2002.3290550161573,366.43330857461194,5400.10822817128,0.0,0.0,311.4091737995899,-0.2986938210990821,475.39133496474915,528.3981857285971,486.6372744515577,560.0307772378488,547.422474083884,535.1596604300191,462.4169294936181,540.9730836308477,541.364876692901,603.5863727875599,118.72725866969706
187,900.2348642097166,371.2104851360084,0.5018343962545874,-0.2566928799826095,-0.09151969149180951,49,0.0,0.031632687047531076,4.155052679852073,-1.5464413358984166,900.2348642097166,371.2104851360084,1828.9994856568146,0.0,781.4330530741602,311.86836450087435,-0.2967009188341452,166.17913588841535,171.49045264431916,175.54512037653538,178.20429609148889,192.33719132984697,162.38706716530118,181.63200720625127,196.72923165910797,179.3950026241077,189.953369550513,35.146611120928
188,1875.593237010256,370.97674773950257,0.44126893284953084,-0.6896251988469927,-0.14639279319660467,49,0.0,0.017646948106179377,2.546610502846144,-1.0149063147058695,1875.593237010256,370.97674773950257,1072.9442163434085,0.0,0.0,311.4619786437301,-0.2968015546686683,91.07195440476286,101.22596551968795,108.23455725162948,104.20812447910167,120.63751997387988,103.87661087171837,104.65253699224849,116.98045725804613,103.04863072334192,94.42271953956963,24.585139329421995
189,2358.673867342349,376.4283021103302,0.9207268455906691,-0.47548550782536325,0.1050539346076918,49,0.0,0.0209135869833074,1.8329325097680627,-0.6578661853529937,2358.673867342349,376.4283021103302,1101.2353931197017,0.0,433.36734300490787,311.2607033936277,-0.2945263719263509,103.65820612044563,100.27515698157316,123.12511599304489,117.86628649835805,96.57955472589711,107.53702567920274,112.87283530043905,121.67604927254355,113.80517464628636,90.73051903393423,13.109468867976927
190,899.120399187424,376.6204828056897,0.5119307311664282,0.036051214208905745,-0.21380104373064954,49,0.0,0.023553981471169327,2.50611253467876,-0.9975014217258237,899.120399187424,376.6204828056897,1837.4434581689065,0.0,696.1737926051427,311.86882888015003,-0.29444694954001743,161.014476574706,162.51077354536906,175.26965466205763,170.72341731976715,201.97003877389324,167.8985917359962,193.128706525013,209.3880222414005,179.84704322532923,179.08581336563321,36.60692019974158
191,1762.59941883246,378.0485690296396,0.5438293765848683,-0.26627791532192635,0.05487260692268676,49,0.0,0.049537255649877,7.257919866488775,-2.1520304222909052,1762.59941883246,378.0485690296396,1626.8270655879073,0.0,0.0,311.5090580164096,-0.2938555863853217,144.44277495074468,166.4699785710199,156.89054952276175,162.66581026638954,154.3455986451783,151.81306505898294,162.2604784035268,177.35706975656927,148.48509181000094,169.4051707690967,32.69147783363661
192,2114.253362259455,380.24529889595493,0.6320343204291741,-0.5544870945606484,0.042502032882353394,49,0.0,0.04179845165264414,5.4641233791855495,-1.8438012427408434,2114.253362259455,380.24529889595493,1350.6820849052237,0.0,0.0,311.3625403542855,-0.2929385142805336,101.46976742661087,138.90527696039004,130.4590138195846,138.45639876781334,118.96840598288034,134.0745318993195,135.25026648994586,160.39838426931294,144.45802478632697,118.0181399064266,30.223874596612603
193,975.2382963288001,380.52787493199423,0.715466899351843,-0.48700212168607804,-0.37005591623375,49,0.0,0.014375401712218001,1.3420285312776925,-0.31940437237816277,975.2382963288001,380.52787493199423,1039.4824951754747,0.0,0.0,311.8371146935541,-0.29281980101894617,105.26232081804376,109.04127025221685,86.53731578170448,103.18257305361199,100.31731715669986,84.65470578187964,93.30056438656742,114.68610195082627,113.69018980582692,115.75721844291306,13.052917745184487
194,1022.7213538031905,381.0107761785034,0.5991854776959608,-0.7858122038145573,-0.24963294822222115,49,0.0,0.014412119280547461,1.1857050330973247,-0.1849416584246706,1022.7213538031905,381.0107761785034,1292.3972586966538,0.0,0.0,311.8173309884006,-0.292619052037266,130.48084129725237,126.32770652231397,90.45950565919176,143.9353020990675,148.03694248793684,119.96582337592469,118.5448179515991,139.68969682560186,129.8589652937422,114.18180612625869,30.915851057764943
195,1814.7250788001218,383.1054336397306,0.5070223847192944,-0.08312829471845903,0.15472813013843087,49,0.0,0.017648782188861584,2.1401949781297356,-0.826133351677315,1814.7250788001218,383.1054336397306,1103.0104850112807,0.0,0.0,311.4873395925437,-0.29174857542763666,85.83046077361087,125.41407240914124,99.13807495931897,115.05037997991761,129.53412734694737,111.18918694362547,103.60096793930603,108.46583470814605,115.24876768540403,96.08527810136096,13.453334164501973
196,2242.365401337622,382.8075560311492,0.3084493473208665,-0.23522954839308477,-0.1716646866070997,49,0.0,0.009124734003582846,1.0155848112339052,-0.01679049269742624,2242.365401337622,382.8075560311492,1000.5290730847515,0.0,0.0,311.3091626694891,-0.2918698559711211,100.73613160236133,86.22946112622999,97.87973644431396,118.08277191548362,102.25050150042637,92.89277459527268,77.32723969682806,103.47655844443236,110.7937648368715,87.73506093246814,23.125071990063535
197,1164.3456515573725,385.4036823111535,0.6751198569886923,-0.3410028808143626,0.07373073874186684,49,0.0,0.03682098342258138,4.359311358572371,-1.5985447227166973,1164.3456515573725,385.4036823111535,1453.096019726896,0.0,0.0,311.75832324419343,-0.29078993811926634,130.81953028511865,151.90075357089486,145.01785098122576,133.74959129199019,145.34868411284918,136.1796432774637,152.69701851004623,152.7565905031949,137.32479935844395,134.93640900169015,32.365148833978324
198,1244.1895644924577,385.1524647341893,0.6043776044764786,-0.16198179066017274,0.10137040581003182,49,0.0,0.022176889118560247,2.634778291576216,-1.0518601913799117,1244.1895644924577,385.1524647341893,1159.0880074555296,0.0,0.0,311.72505609355636,-0.29089509006965575,90.6620183114099,115.11305885507039,109.43263657274944,114.7946853213301,124.46212873108495,126.5451506994003,110.79637243025766,106.7462454556896,109.54884290925916,126.03722932421357,24.949638845064474
199,1034.914760306269,386.91485509802,0.4371389055717029,-0.34316823112757205,-0.055050933456925515,49,0.0,0.15721940697016193,24.77808863466445,-3.485169505359009,1034.914760306269,386.91485509802,4156.957270979133,0.0,0.0,311.8122506617354,-0.2901593403483446,371.09101449508364,434.6363828244141,409.87552072210804,423.2501812971543,416.0901835883909,379.7469786993954,374.48156192140937,427.71756891418204,412.9206790668594,419.0661456722878,88.08105377784744
200,723.2457524882587,389.69078749081035,0.35056912362553266,0.5965565253398081,-0.41256513155306496,49,0.0,0.01221111553795487,2.118470778261603,-0.8150561945299599,723.2457524882587,389.69078749081035,869.8196892231625,0.0,734.2718502369821,311.94210575473136,-0.28899936536831083,87.23625160251872,88.5310362654246,73.98550659549497,79.34052946016632,85.0377443126875,94.88778522834227,65.93600337195807,106.25666577104576,67.22958171549371,121.37858490003066,0.0
201,1114.4498493612832,390.5482049090728,0.7915455841104094,-0.4748588645411998,-0.1760829140961509,49,0.0,0.015569721937115632,1.3238199279987712,-0.3045722860313171,1114.4498493612832,390.5482049090728,988.8871150387363,0.0,0.0,311.7791124124292,-0.2886462132940491,67.39212391165063,104.26302793171091,93.78158206842207,102.93955907400425,99.92164397951748,87.11975702182451,99.60224865904185,92.54476147828231,110.3036953638302,110.31733638912559,20.7013791613264
202,1952.5475289546678,391.95501925805274,0.5677512506199004,-0.2588033068979475,-0.3485958596395625,49,0.0,0.014367934983966964,1.8321243682265909,-0.6573873777526897,1952.5475289546678,391.95501925805274,956.919518724137,0.0,0.0,311.42991529027654,-0.28806094501800295,83.99167875462699,100.98507402791773,102.60577507162182,85.0042647299124,85.92207426128451,101.46667499301199,84.81577047287837,89.76367732930346,94.14723800362903,102.857336125951,25.35995495399967
203,2257.586309341765,391.8477943361408,0.3072810792390087,-0.5840484971064891,-0.015952035714053507,49,0.0,0.016041707722251077,2.317851191658362,-0.912713875966983,2257.586309341765,391.8477943361408,1249.9901933341664,0.0,0.0,311.30282086462717,-0.28810327359598537,123.50637340355556,105.10126766754404,106.15023758303214,115.5388859259563,121.25623265751233,116.9651442759724,121.98992423336446,156.04746204126002,127.39470103546614,126.13502094632383,29.90494356417915
204,942.7368067441762,393.6503303751239,0.4138530673068556,-0.28808468789455977,-0.21565195280384666,49,0.0,0.0102649062800128,1.1872802428403253,-0.1863831022605096,942.7368067441762,393.6503303751239,1017.1083967235418,0.0,0.0,311.85065642839277,-0.2873522766569565,91.88300578930951,112.31422800602851,92.81051969958284,103.07607623217416,105.80111156986756,95.29662856954202,111.07407975468932,106.7776291424862,96.67649112938986,80.6464478036296,20.752179026842107
205,2305.0218062331837,395.12208349751853,0.40103055991375686,-0.6928622086458801,-0.4710263505909519,49,0.0,0.018178949026034143,2.4629174740837034,-0.9786246500296334,2305.0218062331837,395.12208349751853,1141.8953548509376,0.0,0.0,311.2830570461546,-0.2867386174537487,119.11899216909723,100.33764257404437,104.44894025520844,100.13326334089508,99.5938569824595,111.76837741329169,87.41587522183471,144.6636439211273,125.21070309150916,125.40896876406644,23.795091117403466
206,1896.974466585133,395.45040611643174,0.6572549175469559,-0.8046093321595389,0.1501569583907273,49,0.0,0.012216067181361912,1.272079106364028,-0.26128529869988093,1896.974466585133,395.45040611643174,899.4329812806673,0.0,0.0,311.45306999045795,-0.2866049238755959,83.86827779730424,92.07615760647505,76.47234409551523,92.45615215774708,90.1456221085966,78.64895278968024,107.07832542968899,97.56455475918914,88.74854879524335,79.71152377863741,12.662521962590048
207,2400.0655413258182,395.7555575159691,0.9981382836674093,-0.4795328371809853,-0.5881417793625583,49,0.0,0.014892320726291854,1.0899293010980686,-0.0934958202213183,2400.0655413258182,395.7555575159691,991.6594541096542,0.0,486.83313655913537,311.2434576954883,-0.28647361089543083,79.66597020552148,105.858777271823,91.97298161292359,119.63698106500627,89.82940563741077,122.03907161228413,80.0152645413715,92.59341634864865,87.5401931158703,99.86727783864941,22.64011486014514
208,1050.7771329094157,398.03976728679356,0.47815273905988687,-0.41630299468959453,0.017272536749474852,49,0.0,0.12452464003715034,19.038038990558448,-3.1990555298374956,1050.7771329094157,398.03976728679356,3353.32229820928,0.0,0.0,311.8056416908279,-0.2855244907432156,309.08880715474527,327.6782811779698,313.0299744847374,296.0832283611612,343.2208832542492,347.88233617876847,336.9706967739311,323.6591184498676,346.12731801507,336.6255173596177,72.9561369991623
209,858.9030094284956,400.23672508100617,0.5735632839449807,-0.29194207437877023,-0.23498607462597806,49,0.0,0.036477260261889945,4.426116038789842,-1.6150569889269852,858.9030094284956,400.23672508100617,1496.1480448578907,0.0,578.3897766327996,311.88558542167357,-0.28460730434744647,128.99192364266776,151.95316067516384,130.25247801446534,172.18835045250498,132.3354326440602,129.59181845877026,136.7451286642842,151.66738523307788,172.15887075263282,164.23830868561794,26.02518763464544
210,1137.3251545782932,400.1130624853899,0.37882491345008684,-0.30969316884950165,0.09499641355589712,49,0.0,0.020887782384431224,3.160056515644247,-1.2492371244360059,1137.3251545782932,400.1130624853899,1241.876213136869,0.0,0.0,311.769581447296,-0.2846613503920654,113.69545243709388,114.42162625428392,122.797693158001,124.04498101697708,142.7768369835444,114.90610087537402,115.36944895739111,126.09106165554786,106.90457015347027,137.69044662496538,23.177995020219974
211,1684.856672421695,399.76283181044107,0.2791736262448906,-0.23246939093667185,0.08826244639868319,49,0.0,0.009712157595090224,1.4409976249857885,-0.3966581625547225,1684.856672421695,399.76283181044107,859.2274233482431,0.0,0.0,311.5414499257497,-0.2848088298224774,84.74293745683003,77.2701494122916,81.22529644994623,83.63284332466961,84.77339717792042,92.59333769440613,86.08471562464533,80.32764256544692,87.67001124552505,74.42304905575949,26.484043340802344
212,1735.5745872716896,400.83072381068115,0.7424491351970959,-0.24963179113019396,0.18583390525344554,49,0.0,0.027299994415088038,3.0393271275357177,-1.2069436159762434,1735.5745872716896,400.83072381068115,1093.525181238111,0.0,0.0,311.52031801780635,-0.2843638251231151,100.13950277594562,130.8918691575514,101.05058063365738,127.41221490594765,86.76725218816725,106.04315814328041,97.63300198508095,109.66288464253523,104.51442438371218,105.04910179063678,24.361190631595978
213,1780.0064986573527,400.64998376393936,0.5469979317997632,-0.37685123910097407,-0.015443218550124883,49,0.0,0.04704560175230603,6.541696972493928,-2.039226056663711,1780.0064986573527,400.64998376393936,1454.7215009328834,0.0,0.0,311.5018052226469,-0.2844390225863541,142.97643572550263,142.46620303369656,139.70975966146074,125.26829814811563,140.65317767218212,132.32808067943745,144.745886119482,152.61843178000655,148.9447171243167,148.8660548902549,36.144456098428094
214,2046.0219714186446,401.34572607860173,0.5219665381100783,-0.28821092617712646,-0.038051473635032994,49,0.0,0.03380440027424099,4.9024417414993495,-1.7260311035060094,2046.0219714186446,401.34572607860173,1352.4390564265952,0.0,0.0,311.39096889917215,-0.28414790308677834,132.861693196121,125.40805896292628,129.57461539476282,113.28765003812981,125.4979238334069,129.3432760768997,146.42005390182607,158.4691951770735,148.72866807375198,121.05579592884534,21.792125842851895
215,2315.6276829108315,401.2847728260538,0.5949327102534304,-0.9733555976004734,-0.22029872449024032,49,0.0,0.011392453077081406,1.175364096648918,-0.17543105092679695,2315.6276829108315,401.2847728260538,1402.422258029005,0.0,0.0,311.27863811282566,-0.28417094708235724,108.883234550082,122.55829413332958,132.19955961907667,133.47435570034958,153.52889122436153,139.39481907622184,141.4254514303788,150.01921581900092,162.07293600977317,133.5860425055684,25.279457960862416
216,1019.2112037236586,402.3498395443812,0.9539942882450829,0.0478470248445631,-0.0515597493191969,49,0.0,0.036212537638808606,3.1564442371745587,-1.2479953033400406,1019.2112037236586,402.3498395443812,1304.855368310852,0.0,0.0,311.8187936278686,-0.2837285106448128,130.42516397216383,126.67521749853864,135.5140492815154,139.99713118197175,119.49949973712003,116.59085336014644,131.70904656231335,123.65677336163685,127.09643946294945,130.1197818495403,23.571412042955917
217,2121.8732180179472,402.09573927122057,0.6667974864682972,-0.639712316309163,-0.08026717666410287,49,0.0,0.19017641057245166,24.86958204245879,-3.4891712164740873,2121.8732180179472,402.09573927122057,3486.8056099851037,0.0,0.0,311.35936541304864,-0.28383487258157547,296.05996685807725,303.4416481135999,325.73375906714324,339.8235735561787,344.40159958158483,364.3157797607534,363.0880640988137,328.89178553305794,368.9061832444926,371.2629522568915,80.88029791451106
218,2270.5469694278063,400.53763559027374,0.4565862229061875,0.5490878994027001,0.40676791323420275,49,0.0,0.009184441967698017,1.0243375473391494,-0.026107730443745564,2270.5469694278063,400.53763559027374,1000.7714956896646,0.0,0.0,311.29742078930667,-0.28448269605711735,107.34877634431933,92.0537770411128,99.11517815265628,94.44608076907903,86.95684093681498,106.25625695036666,113.18104233544346,79.99754453479304,87.0458828349276,112.0711573057701,22.298958484381288
219,1922.2933352992668,402.6973998143612,0.6184640126871522,-0.5306741128732336,0.017654027256703227,49,0.0,0.4136735052335404,58.75333688438677,-4.4225813432880265,1922.2933352992668,402.6973998143612,6484.010120232171,0.0,0.0,311.44252076167305,-0.283585463293965,583.9397384165181,587.7137987978754,596.6811369046075,636.5848592965806,702.8790681995627,663.9550759534154,647.6732910758102,668.0451422764804,620.2211959622912,650.3755571499732,125.94125619905526
220,1340.1961285207276,404.6820032705693,0.5438434625269373,-0.13003125987803935,0.0074401286329270466,49,0.0,0.011595865453149567,1.4200983454896938,-0.3807960536064785,1340.1961285207276,404.6820032705693,902.4902346710439,0.0,0.0,311.6850546659238,-0.2827588776835235,85.89921833241658,78.75973160786535,89.0183282239601,84.09205490492741,87.66812152468822,92.05309935021707,100.97218206241847,94.35846749680871,102.01354640679224,78.70683317885164,8.94865158209808
221,1248.3937494790969,404.61921220812695,0.5001008249901282,-0.542425459407212,-0.0335893543404946,49,0.0,0.15411364150370252,23.455607238953778,-3.4256167020454065,1248.3937494790969,404.61921220812695,3491.264617115376,0.0,0.0,311.7233044853793,-0.28278461823913054,311.6135502184946,345.7428376285955,349.25414651621924,324.15413626841,344.5686915183909,327.77786428291176,356.8524585259596,352.743349351315,356.2034393568978,355.9605728023436,66.39357064583822
222,1508.7259042131998,404.8868097367264,0.8398773675274193,-0.4743913545628493,0.24618966021002836,49,0.0,0.036384288569760115,3.8434436884297725,-1.461801306147942,1508.7259042131998,404.8868097367264,1113.5592355654996,0.0,0.0,311.61483585009233,-0.28267399173972935,88.73252645017098,108.94569352020937,99.97436764033327,107.714032675855,97.10215922690246,107.6820031575514,115.31218384684254,115.61766754239682,129.32006358720093,128.26204953039095,14.896488387645919
223,2406.170354240474,405.6438527475358,0.446184447979661,-0.7201979910539986,-0.18894400589603105,49,0.0,0.019610155075046872,2.567720391774744,-1.0238693252437119,2406.170354240474,405.6438527475358,1284.6070785147533,0.0,548.7961601489899,311.2409140851323,-0.2823537979960601,124.36724360236039,119.69708992467991,127.6129544277345,154.08073885763417,115.85164120417126,149.44446873565434,137.4036011323671,118.19923700203964,104.51387474108827,105.09631883574579,28.339910051277975
224,1646.5207011762327,407.17423984115953,0.5506726335263807,-0.6518883737388037,-0.0758130758882089,49,0.0,0.02072171015406646,2.617244144048134,-1.0446105919143087,1646.5207011762327,407.17423984115953,1031.9242167354903,0.0,0.0,311.5574228279305,-0.28172101494680024,86.52490793029318,84.75742961737788,100.71611497111184,107.41658953087182,115.4771530610673,90.7619089019611,108.30519654335103,98.27466728390232,102.89679321413294,116.43995363699884,20.353502044422086
225,2011.8230544266958,408.6862944407848,0.5637408190924558,-0.9064626094005344,-0.1553881972949209,49,0.0,0.011189782952421574,1.3236153123227126,-0.30440445669625593,2011.8230544266958,408.6862944407848,905.6158571343653,0.0,0.0,311.4052179085758,-0.28108979792751393,79.09783471879418,94.74219706518076,92.34580673880592,98.67398978238478,78.02115820541769,80.9512589377741,73.96398243957314,95.34238406937234,112.87457128108647,84.94125099427981,14.661422901696032
226,983.1059209073373,409.61752432937607,0.5256084729209303,-0.6201923509798095,-0.09400838984484201,49,0.0,0.02671624879277793,3.1330807040901263,-1.2399289547190986,983.1059209073373,409.61752432937607,1333.458166816008,0.0,0.0,311.83383687441665,-0.28070024298730173,122.38797541265592,126.38876539680982,110.08902786689708,138.40877331872377,131.97811549811507,132.71644574495008,131.29519349047024,136.92591519666234,131.75447880234015,142.46956578221727,29.04391030616619
227,2320.075142329308,410.13816453303605,0.610357954424742,-0.561656772046131,-0.02645670065537416,49,0.0,0.13376802675666008,16.9794976567882,-3.0748120934341294,2320.075142329308,410.13816453303605,3287.154672297309,0.0,0.0,311.2767850302391,-0.2804823148969885,320.6094897171629,306.0890401221031,329.49799597621166,301.46228387534086,328.58215418062264,317.13089505553717,317.8887569275069,328.56694374172935,327.0134042559772,319.4321358168828,90.88157262823431
228,2454.1656657641092,410.2758744308068,0.4935508378002675,-0.852961333557718,-0.050401111200825806,49,0.0,0.01740146462461538,2.257297378610482,-0.8839719430887638,2454.1656657641092,410.2758744308068,1142.2033263413132,0.0,886.3944540420076,311.2209172338044,-0.2804233767462127,108.8380980728474,103.88725228919331,106.44854935724183,116.55611935033446,103.48423277334722,107.37515268376684,108.002270675231,129.95318054106667,116.21737425810687,113.08149056908817,28.35960577108949
229,1187.6251487977202,412.29273085322114,0.5762676262494502,-0.6321999854578235,-0.0289568999506464,49,0.0,0.08701189522488534,12.045102150936593,-2.7020262186814774,1187.6251487977202,412.29273085322114,2167.8686700950293,0.0,0.0,311.7486239263916,-0.27958722588537527,204.6245089424537,228.85773524161863,222.37456250630157,217.06524390047528,217.3904437156507,199.85918703599197,191.05955742189883,238.9085374393536,210.3778940328679,195.36614499851203,41.984854859905084
230,1714.2309331158872,411.85018092567213,0.5921050046334755,-0.40694245420120495,0.05511624624734029,49,0.0,0.15599183248190335,22.130955708370436,-3.3625004225169093,1714.2309331158872,411.85018092567213,2944.0890651417126,0.0,0.0,311.5292109565657,-0.2797727723956218,278.6818052405893,271.48976889253,305.852922401751,284.5937969879691,275.5738615683106,288.3848060217965,267.6208011204368,324.6249003526683,289.62893336878415,303.7248806497356,53.91258853714128
231,2284.0164911110032,411.4612087367977,0.4901674517727933,-0.08996841503823427,0.5219405108610782,49,0.0,0.013667435126223077,1.5419768267839793,-0.47019461769287796,2284.0164911110032,411.4612087367977,1010.206252480396,0.0,0.0,311.2918086839585,-0.2799314697485671,90.58146110151037,108.06442159144592,91.5691239980906,97.88463499565195,109.78329255654003,98.6448804826806,107.86037116127511,97.73030718927788,90.99094190150319,102.93076381172051,14.166053690699743
232,1544.1111918441302,413.3289113219108,0.6262360240845631,-0.4022318589565173,0.046983630693234094,49,0.0,0.08022074749927058,10.835501661687365,-2.5871225576811434,1544.1111918441302,413.3289113219108,1859.5977256334127,0.0,0.0,311.60009236787675,-0.2791567529215201,145.7609258569384,190.00026918147603,179.34924407356638,182.89867892639256,189.2305618214845,186.5115234528598,176.87076637176523,168.91292882417542,218.5834773148586,181.72920863428783,39.75014117560804
233,1386.2358704489227,414.77715044434007,0.32891833808687737,-0.24215757019349318,-0.14473487983942768,49,0.0,0.010689109770683583,1.4939712401438892,-0.4358555928165374,1386.2358704489227,414.77715044434007,941.0626284501691,0.0,0.0,311.6658720137857,-0.2785530502149773,101.46569110179128,88.16992704617294,83.01941213187825,98.93680652601819,102.36958752015627,88.12778866608616,105.17602775959308,69.02998409401448,87.67805636479991,100.41884864857582,16.670498591082794
234,1997.204245209855,414.91739192713,0.5525827037988736,-0.3165701181899289,0.16877609955394446,49,0.0,0.013365214008411069,1.3809173897727027,-0.35041924670186914,1997.204245209855,414.91739192713,1520.8967973513002,0.0,0.0,311.4113088428657,-0.2784937998995173,145.11890089138367,141.29952813919195,138.21635800276525,134.8235575384802,178.834866037348,138.94655157336834,132.67762705721327,158.71772753981816,168.03161780074504,161.8655998381833,22.364462932803168
235,1003.0139648398061,415.173592334441,0.49018781844269277,0.1429313857765537,0.19974620647882377,49,0.0,0.010342456167509043,1.0374259392639535,-0.03989275667226247,1003.0139648398061,415.173592334441,968.4514485665823,0.0,0.0,311.8255422673106,-0.27838558881117964,83.82558374872991,109.1130940537226,99.82008717350922,105.38939760594783,102.72257721707274,93.11565206779703,96.11146423990238,96.19365305088382,88.77287985469763,79.27334536125501,14.113714193064112
236,1108.7175018084283,416.16377694729704,0.6143614869989898,-0.48901734825552934,-0.04051624145262691,49,0.0,0.34623487031618,47.126058013162506,-4.183152783850023,1108.7175018084283,416.16377694729704,6278.596852543931,0.0,0.0,311.781500941786,-0.277973892652487,561.1189881424614,626.5092238778777,598.5876255920352,630.7924588327362,626.0219808077694,628.0870436648206,601.975532126923,624.2610146689578,639.0766359801478,609.6184629724739,132.54788587772833
237,1899.0675731252718,416.0464965171337,0.4787167185077617,-0.6729526259849096,-0.3303594830190695,49,0.0,0.02227953668359197,3.1820071269758174,-1.2567528700825068,1899.0675731252718,416.0464965171337,1127.4223934327724,0.0,0.0,311.45219781931735,-0.2780238781247704,109.07657306583604,100.49554468400066,105.20226445637266,101.18440332904278,115.46812955102956,91.58003724891316,124.04260679070983,134.2050912847249,121.26711928986944,106.81883795925981,18.081785773013788
238,1925.8694426256502,417.7764728900559,0.6204277599843667,0.023046996760041686,-0.002997618092896751,49,0.0,0.024438906731550747,2.9171312927165833,-1.1623899401501927,1925.8694426256502,417.7764728900559,1148.1660352424938,0.0,0.0,311.44103070757075,-0.27730298712179013,110.41618996706308,121.40408022506644,100.72653398945721,122.31157733709833,124.89022886118613,102.53788447793431,121.34502649447003,116.405854572308,106.1742023899692,97.48907530071384,24.465381627227107
239,2146.809110832376,417.24473563856753,0.5423644837142744,-0.6231122106591499,0.07346933256546635,49,0.0,0.013535437500807346,1.409100711511184,-0.37235508548895635,2146.809110832376,417.24473563856753,994.6103549485019,0.0,0.0,311.3489757870685,-0.27752311410795294,84.4168087388092,93.28908340317733,99.81258005584365,113.73286824467104,96.13590579595402,104.64682705819975,111.51383574467084,71.7888760187549,94.08942588053074,105.18401761516675,20.000126392723757
240,2595.7218647311847,418.1587277026553,0.2053637390677551,-0.23685904765492088,-0.6718198648440306,49,0.0,0.005162796427616586,1.509175594517573,-0.4468494335897427,2595.7218647311847,418.1587277026553,409.4876650702465,0.0,259.5766694349405,311.16193956827203,-0.2771372445149164,34.78284012828954,11.592858179440725,20.82449075919626,24.995559188427187,33.50814788331008,75.644498440825,40.48967617397963,58.22547157885445,68.77368930325528,40.650433434668294,0.0
241,1331.8128868921551,418.5941920218936,0.539169816799801,-0.33212165933711585,0.04001048170875377,49,0.0,0.12168786340622799,17.46464991193379,-3.105399711000697,1331.8128868921551,418.5941920218936,2790.500208626742,0.0,0.0,311.6885476234055,-0.27696254354212285,244.92301606198174,272.24878898346844,263.53141682251874,259.32071843012045,281.6230171900446,269.5486738207407,284.26134105094445,291.5946115905248,291.3729476229708,281.2818040619951,50.7938729914319
242,1784.785973949718,418.96502295184735,0.41104266341472057,-0.5264982407498032,-0.1652035598140526,49,0.0,0.01864704677301749,3.070454898440702,-1.2180068061582048,1784.785973949718,418.96502295184735,1028.1047747841426,0.0,0.0,311.4998137908976,-0.2768083221753986,80.50322311439955,114.00330718172863,97.15448562095361,113.15515131587858,89.15621793954783,100.98603179447665,93.46497971640765,113.76386909289673,116.22185899860777,85.24585614719783,24.449793862047855
243,1738.2812561649673,419.9006168324281,0.5677840382824882,-0.5874852137281625,-0.5791421273741078,49,0.0,0.015336777249832541,1.8938223651609392,-0.6933481026550582,1738.2812561649673,419.9006168324281,986.6301831250065,0.0,0.0,311.51919023929696,-0.27641862996478545,100.02876813839069,86.01059453277205,109.12825645860927,105.88049042147377,87.91875500981168,93.71675100881878,79.20802108491264,115.35999325157921,100.78255474502006,82.38541652670003,26.210581946918403
244,1534.2066429033955,421.37244054502224,0.6171101734139302,-0.6343525897494158,0.30522791421224743,49,0.0,0.013981818414280174,1.5687776672596712,-0.48890349548070855,1534.2066429033955,421.37244054502224,985.1733043839229,0.0,0.0,311.60421916371376,-0.27580552192644747,100.41851083971899,105.1881468889333,90.72674074808627,102.10016586023556,94.21340796030957,75.6977334187769,99.34882792694233,89.60383319233107,121.12630277484655,86.50904909788511,20.240585675857275
245,1519.889035135273,424.1990979889577,0.80648809959652,-0.40083658035494607,-0.23128856701044584,49,0.0,0.016328422454820357,1.5290232023344896,-0.461035189281914,1519.889035135273,424.1990979889577,952.067477915568,0.0,0.0,311.61018468431183,-0.274627819241154,98.49056096919554,85.67060941669737,98.52376294890682,97.79735556516087,63.58090041327693,79.61720809725429,98.87510979815836,103.06972029048205,116.09337973541639,96.35020815972283,13.998662521296602
246,2074.4273406329808,424.47121966722983,0.5754241961804532,-0.7005324558569146,0.0854716149476732,49,0.0,0.05720191877532473,7.836623845202442,-2.235322503268691,2074.4273406329808,424.47121966722983,1839.9449452271338,0.0,0.0,311.3791336405544,-0.2745128604212693,160.7272510606269,207.14089772449867,172.4123876813664,178.17735244897938,170.9869028924811,177.88510148389113,195.06728877961018,158.66772170979482,192.08386866059925,197.17897992667574,29.617192858610238
247,1115.8226614301313,424.4743762884208,0.37104440992950083,-0.7067193720647126,0.08938905963752855,49,0.0,0.02595386781950699,3.802033461682868,-1.4500398369260563,1115.8226614301313,424.4743762884208,1733.2714240846603,0.0,0.0,311.77854061678346,-0.27451147047065516,151.2072517963602,154.67981524317813,183.26767807147505,180.35928748351728,179.17145952466274,166.83845095780822,173.39182073389986,166.5922690214675,167.67262484938576,164.17778775200657,45.91297865089905
248,1173.014948600099,428.3165652540639,0.45908463465528154,-0.5635102967241882,0.00868173937798092,49,0.0,0.10176174266526475,15.48492780768524,-2.9747729624307513,1173.014948600099,428.3165652540639,3864.342469028161,0.0,0.0,311.75471137624857,-0.2729110614901964,377.1033378699363,370.8990602005316,365.1161734433558,362.7076466872543,392.1099880116201,393.3608102755412,352.95538765251854,385.67789692624626,367.5661088035014,414.89294875235646,81.95311040529882
249,899.5279175816934,431.18442391902295,0.5039562970112502,0.1386941111022439,-0.35806447988351137,49,0.0,0.028501536109544822,3.4935258782951957,-1.3581599115973295,899.5279175816934,431.18442391902295,1457.2790111460017,0.0,0.0,311.86865952555144,-0.27171399557913245,116.5386639188627,156.91682658274,156.56440640842254,134.8668121648022,134.7669803989803,135.75531120129355,140.28275891032752,154.89979297086035,145.13129313939334,145.82743346529082,35.72873198502854
250,1974.8120053031753,431.3524381230464,0.6139206997328301,-0.45407517196914304,0.036780898737268475,49,0.0,0.09228255272083924,12.681910172934758,-2.757961681791266,1974.8120053031753,431.3524381230464,2259.8238747129953,0.0,0.0,311.420638562834,-0.2716465184628322,192.6221546461064,220.29635401549353,215.09563224161002,242.9704368704304,208.23727757849667,236.4416420741324,197.95154608854605,227.7418914587517,256.9720540768651,207.87901433657248,53.61587132599025
251,2072.9081035935483,429.8306505458833,0.9230725120857413,0.006459997737864981,0.3729051689516829,49,0.0,0.021477217985073797,1.704920218392186,-0.5792601525695169,2072.9081035935483,429.8306505458833,1805.022842951832,0.0,0.0,311.37976660375875,-0.27227995041064895,170.33425560823667,181.73379415672906,161.56649447144952,175.37070041167834,158.5647987287277,178.4388074093802,174.7957377892338,170.919653574499,190.94250267497017,204.66808684143058,37.688011285497
252,1179.1767251672636,431.4730447666356,0.49423646857855225,-0.7505969277770688,-0.061608591907086445,49,0.0,0.06961184219027534,9.625400470509245,-2.458547019091401,1179.1767251672636,431.4730447666356,3804.723657077745,0.0,0.0,311.7521440731051,-0.27159600091036806,358.24702581613104,384.7730657979359,356.9387553923348,351.4995476697375,400.0460640299818,384.0234847281556,350.3067280593466,368.53348029374035,361.6814939681109,414.10446455577744,74.56954676649318
253,1935.2400619286152,432.90996347119966,0.33772069164251006,-0.7780934855478824,-0.022116602902708938,49,0.0,0.025394279546834844,4.573722788764401,-1.650674596698742,1935.2400619286152,432.90996347119966,1253.115195547505,0.0,0.0,311.4371263463121,-0.2709977998681385,120.6981547547007,111.8646956302755,100.71426918750049,126.50465177510713,122.93608382850044,121.93729942006709,130.13595316345675,131.30505900239046,138.06513833847288,114.67048387328768,34.283406573745864
254,2485.636249774158,434.2646040176031,0.2611568509730994,0.1958817071765237,0.521882057117988,49,0.0,0.009422326853277905,1.5355751952592067,-0.4656777204376925,2485.636249774158,434.2646040176031,990.264380465898,0.0,769.5461326276852,311.20780510678674,-0.2704286078441707,77.87148281848464,93.87386473506089,85.97053074056217,108.47445964478902,93.34627495493217,121.46611335993836,89.48211183028347,101.15955225341945,105.13002279151907,98.4365838146214,15.053383522287453
255,2536.063909023009,434.3959751433055,0.5507371121906892,-0.9596728897519408,0.40422767361932427,49,0.0,0.10936471928702027,12.238020883279459,-2.7192779748818605,2536.063909023009,434.3959751433055,4765.78961904395,0.0,3979.5700209837796,311.1867950233007,-0.2703732186087515,408.47854487365566,462.06971635276557,448.2972490192058,485.3293723163029,498.43315232306685,488.34752112564604,473.35931630619973,478.9752059298785,461.1939303975478,459.45454257789567,101.8510678217864
256,1472.183191386967,434.17600578976874,0.6272359976590541,-0.6782390191451159,0.2577376578549075,49,0.0,0.010807805087074754,1.1140382554470876,-0.11725026130502406,1472.183191386967,434.17600578976874,917.6857012144746,0.0,0.0,311.6300616232186,-0.27047100536071256,86.4099814166457,79.81392161611201,94.55504267207392,97.35247167158678,91.33865386752787,83.16578010043965,82.44094311486259,100.65931562633976,97.44036660049203,84.94066101785388,19.568563510540315
257,1855.357412599931,434.8448058942788,0.45152762687064696,-0.5651077465290224,0.03371041774134583,49,0.0,0.014338421490290179,2.212025427780748,-0.8619752874602613,1855.357412599931,434.8448058942788,920.3273049871364,0.0,0.0,311.4704097965314,-0.2701920124106118,84.72757698939036,93.61359515743781,86.54620383840157,98.00754522606698,102.71292902549297,104.09459805974387,80.82990042108003,75.43595420136835,91.28438124557943,84.6743279484449,18.40029287413002
258,1646.259661508051,435.63269305561187,0.6446130224530832,-0.5604737319883789,0.04331790475623198,49,0.0,0.20537372041290172,27.756377589698282,-3.6084069671860286,1646.259661508051,435.63269305561187,3574.4670237995715,0.0,0.0,311.55753157682665,-0.26986419874895873,317.77668612162483,333.8853673790676,358.3867291236929,332.485914527726,355.84637899567053,379.8740461668584,361.61646050519397,346.32655099544627,353.69873005665835,360.0797897212613,74.49037020637087
259,1979.3663949540692,436.63119976512974,0.48330956737116987,-0.9087112784331035,0.014542471875169221,49,0.0,0.019023389621257825,2.6070392572810595,-1.0403689272612258,1979.3663949540692,436.63119976512974,2102.0079616612525,0.0,0.0,311.41874093917966,-0.26944717642377886,168.2112864567473,197.27838270172956,213.8896890527148,223.9642631733879,193.49106297768049,231.27987175660243,184.29341472617767,216.5211146084431,221.88975636726707,197.8541678663482,53.33495197415399
260,2313.440717293363,437.15819513335003,0.4517909737695295,-0.562422457780547,-0.05706671824531317,49,0.0,0.21321734576517407,34.13387275123738,-3.8329639128351465,2313.440717293363,437.15819513335003,5215.104354434755,0.0,0.0,311.2795490090549,-0.26922501516483516,459.29087482339673,454.91520497872807,496.9479980292739,517.7885113374065,529.8501267719016,586.8402680941803,498.52772718061044,509.606092236109,508.6216949611236,542.5999775227966,110.1158784992288
261,2533.2569396941913,438.77274403689995,0.615661908010898,-0.7779119578548332,0.5883421992591263,49,0.0,0.0712468773583252,7.526135069560212,-2.191430020555645,2533.2569396941913,438.77274403689995,4580.555622189937,0.0,3828.2354689850945,311.1879644643367,-0.26854977498055377,369.86607103738925,430.51470861975343,422.28071708636037,441.9203274775812,467.7143368370986,474.08896789846506,468.2531521810562,446.93500641065776,470.6511728097479,475.4395224423773,112.8916393894509
262,1280.5859951903406,448.1622060695328,0.8123324373193688,0.08879756069034418,-0.1307498499165221,49,0.0,0.012757263912036607,1.2499884150217513,-0.24226496988925805,1280.5859951903406,448.1622060695328,883.5071329372265,0.0,0.0,311.7098916323957,-0.26464323771498344,70.97232610397127,85.56733194714468,89.01249922424354,85.43320378790581,79.27855631955784,97.02840314996112,73.38220759911617,101.44581848315202,96.21382165205685,88.41244109266908,16.76052357744816
263,737.2744483615007,449.2697083435267,0.5347163065731361,-0.19290205462942114,-0.0878634634194347,49,0.0,2.0451949023693516,281.96472222984454,-6.125486938357751,737.2744483615007,449.2697083435267,43612.55194208972,0.0,41781.26445026697,311.936261437138,-0.2641773220247477,3834.764252159836,4107.59581460825,4064.22865959326,4388.712601085295,4427.459436235422,4404.490441355938,4302.11895085928,4404.547062138897,4369.329549697849,4409.0425821747285,900.2625921809611
264,1202.833646933136,449.3657869722029,0.7130403160919719,-0.32670307142032823,0.17287693248897523,49,0.0,0.016729295752718195,1.6759437317168833,-0.56064858374417,1202.833646933136,449.3657869722029,958.6767616482025,0.0,0.0,311.7422874363232,-0.2641413925409459,98.41713611556622,93.60679472567337,102.59660772455067,95.13244981056623,101.76045837003363,100.51134582114578,80.65571438020517,80.09323317169134,92.26897189113868,101.13534317357855,12.498706464052901
265,1288.115339187433,451.6565994496343,0.678123211325265,0.7573923036125985,0.11508096662627884,49,0.0,0.010725835457336463,1.0214316670945245,-0.023023295026579578,1288.115339187433,451.6565994496343,954.4061130291072,0.0,0.0,311.7067545114374,-0.26318737947302767,75.82854038939274,112.95973663001669,97.90870470984953,93.30063010842854,103.14846971056595,89.27800855085258,88.51159319673607,91.38506283381184,91.62847452250386,92.6768178878666,17.78007448908289
266,1500.7004660898733,452.03145289296054,0.5424444327522135,-0.6994018968988386,0.3032853917083201,49,0.0,0.014056383428738755,1.671508800475644,-0.557771668725819,1500.7004660898733,452.03145289296054,1002.0810589745666,0.0,0.0,311.61817974893955,-0.2630318112435368,100.52192147327341,96.67749599211045,109.25965233794727,98.38146259089032,87.14892798824354,99.31637255207539,93.14775837293408,95.23979723108243,92.33876225843129,102.55704479880191,27.491863378776536
267,2404.6980743601275,452.61812685131457,0.6478443288833744,-0.7379296644688822,-0.09987408532769232,49,0.0,0.03467307875508719,4.1351220482214455,-1.54122083072315,2404.6980743601275,452.61812685131457,1282.0520426628295,35.07590838997413,0.0,311.24152706789334,-0.26278295646969724,106.85141061045655,131.2770559681806,123.79193515118175,125.80807027074559,135.2083956799205,124.7211260081912,141.96565261810167,127.2194283719623,120.0877960141371,123.00811137142776,22.113060598524626
268,1814.2404525312845,453.5432741221779,0.44927124670732665,-0.6434151603547177,-0.08481499219048853,49,0.0,0.011066278667874116,1.3258241192716205,-0.30621478849758765,1814.2404525312845,453.5432741221779,990.9319507751484,0.0,0.0,311.4875413428104,-0.26240168191204527,92.14555867122101,89.06342001343451,90.86058380236454,86.13518919865798,109.41185243601365,102.08782607319434,90.2163546998545,111.19506084654779,88.88240442895672,101.28176909662156,29.65193150828181
269,2623.035331133732,453.6642487314718,0.6456965231140852,-0.6994657180623638,-0.24677470588491107,49,0.0,0.01073336534396879,1.0352449826022987,-0.037607835841338394,2623.035331133732,453.6642487314718,949.0229639354377,22.910846370968727,705.4105215879149,311.15055944365787,-0.2623443436367177,160.5692799872711,141.28709723651073,94.43002490782486,97.01919935527444,92.07197933331385,82.34451767693363,65.2410833610096,71.57767951525973,83.37939483791496,61.10270772412484,0.0
270,1187.4539292127454,455.19672576328884,0.4494713780123669,-0.45502532892660985,-0.05319439388558142,49,0.0,0.017834430505088518,2.7291012079185455,-1.0900491041303366,1187.4539292127454,455.19672576328884,1009.5460493355395,0.0,0.0,311.7486954673671,-0.2617119279753764,92.7259891691395,99.74813904475118,109.4079983275378,82.7345182505507,110.37836030037099,97.32466122472195,104.02326298336101,87.32199671762102,98.41098158383241,106.74254350110067,20.72759823255236
271,1798.614990760437,455.24906182772975,0.6796186388954265,0.0806099134776364,0.387456957031403,49,0.0,0.016421496730459215,1.7858608428503973,-0.6296190373657368,1798.614990760437,455.24906182772975,1009.6751750538806,0.0,0.0,311.49405177523795,-0.2616910317919976,88.71387416130668,91.30861987413738,108.09547021013226,95.07322524928159,103.73372774949416,103.65354924635812,92.73617539820344,110.05475494658225,87.26696942712951,107.21329664020736,21.825512151047803
272,1875.9158134972647,454.4986687536728,0.4401858538701327,-0.22480902110978557,0.13559320810253997,49,0.0,0.012089921434929521,1.4124545564930875,-0.3749362099335182,1875.9158134972647,454.4986687536728,925.3171264402695,0.0,0.0,311.4618439788392,-0.2620034199690999,89.52461971835093,90.57559729747473,105.84088517709588,86.32882468221756,93.33693547240021,72.62674849891941,79.49852753380773,105.10027915603669,100.16488392924731,84.16733669506199,18.152488279656982
273,862.2595786396572,455.64991513474376,0.2781108449662171,-0.3143442600003106,-0.1844628690349895,49,0.0,0.015231324561774236,2.0487638576043787,-0.7787297602667188,862.2595786396572,455.64991513474376,1358.6788795438117,0.0,0.0,311.8841873938281,-0.2615205241987478,129.1269743479308,122.55570301638431,135.0264307673821,149.01683506352435,151.12403433341828,130.27482015786984,125.2975013737022,130.17460821964616,126.89139114891601,127.98995101576413,31.20063009927348
274,1637.8424555831702,455.9349354803062,0.5454120679484917,-0.4859661069085239,0.018689239834250103,49,0.0,0.07504646778393693,11.097238014199199,-2.613037252269942,1637.8424555831702,455.9349354803062,1821.216436629969,0.0,0.0,311.5610386500712,-0.2614055328552706,168.00074980372534,168.27953889886652,175.10983176437313,168.01080239036074,176.49910878896287,180.61220787713984,170.1117182513662,176.82275232038373,198.55729937821195,205.81067983277933,33.40174732379914
275,2118.4199781614484,455.5739257697524,0.603662021000703,-0.6484533302118896,0.0301377314713069,49,0.0,0.9447032269337199,134.49980038077564,-5.321804099441012,2118.4199781614484,455.5739257697524,14737.900960417028,0.0,0.0,311.36080388984186,-0.26155409771159455,1280.5872017680124,1448.3300944707803,1454.5013112902702,1506.9046314675643,1466.7367857991921,1419.2921792847355,1493.5336443414776,1467.3279064218355,1422.4302856700742,1477.2140631321547,301.04285677093355
276,826.0799365089615,456.90303583979727,0.6964910913748772,-0.3348375588237216,-0.24290408534895824,49,0.0,0.022270587206927803,2.336090255906256,-0.9212240448218241,826.0799365089615,456.90303583979727,1203.893035239995,0.0,5.5691548946280065,311.8992614342892,-0.26099805658048436,96.67672481790636,113.01525813941328,120.30748166458301,127.14559433562282,117.22527685507858,112.5416445411319,140.68709180571642,129.69918746610242,106.53833227186644,117.7729171501231,22.283526192450644
277,1844.1553947145458,457.4609089723301,0.4232269873718654,-0.7879024792719417,-0.18025841697596512,49,0.0,0.016518849541705957,2.2486738022683497,-0.8798161506504909,1844.1553947145458,457.4609089723301,1116.9003340949625,0.0,0.0,311.47507711006045,-0.26076935485430514,90.92061389008819,121.62296483107829,111.76943099000106,107.87527073551972,107.6937730438799,131.05469717554314,116.01421031864743,95.17892332311072,119.74866653816167,95.73107481674538,19.290708432186932
278,1231.4089758575735,458.4198928513405,0.40042778143454694,-0.2855807721495566,0.10316966937004271,49,0.0,0.01799689614662844,2.9193181418365812,-1.1632035654207145,1231.4089758575735,458.4198928513405,1068.5483538781527,0.0,0.0,311.7303814705808,-0.2603692773163002,86.72622377759703,94.44476806673754,112.07076736917006,98.22283874728782,110.220408636796,119.819899307223,110.9669005159081,81.84828128000584,115.41323335415902,114.16972690579267,24.645305917475476
279,1019.8676944047872,461.02787581776795,0.5026991615368585,-0.39740282968826796,0.050371972586535925,49,0.0,0.07816224640571465,11.720494155789156,-2.672364806638675,1019.8676944047872,461.02787581776795,2097.1103850215604,0.0,0.0,311.8185204902328,-0.25928131912338326,192.54489501511642,207.294917253037,181.5319214128245,219.393539314245,201.706964140212,206.91094627620697,223.37069508102934,202.83235075820676,213.4148331513824,213.97669983170306,34.13262278759711
280,1395.43507993283,460.81934471561965,0.8003151783394683,-0.8301869154332712,-0.09591860906030214,49,0.0,0.01703509711143475,1.6163939787881436,-0.5213680599697794,1395.43507993283,460.81934471561965,1001.5290058717007,0.0,0.0,311.6620392235291,-0.2593702239780184,90.39902523192187,80.30396225673016,89.52239968807237,83.75498056619651,108.286561927907,114.31790607759969,114.3069968720261,98.03246599807241,100.56327422444372,102.76652915958412,19.274903869146755
281,1664.6665744603754,460.2898986907093,0.7175221355774266,-0.8583726980114004,-0.2850860229035373,49,0.0,0.01525508882222249,1.5596745540416763,-0.48258496683332813,1664.6665744603754,460.2898986907093,975.9704110280597,0.0,0.0,311.5498622030713,-0.2595910714568998,74.9036079703881,100.15485790100175,96.54216265451498,105.93090321776639,101.16607219783052,103.95855608989505,84.40164380612795,84.67534190346385,90.50903105295374,111.15814357154153,22.57009066257602
282,861.2336941584788,462.167070418982,0.3363907566196865,-0.11573789983816077,0.008687222327510822,49,0.0,0.013115762673279383,1.9043697978241023,-0.6993782130102464,861.2336941584788,462.167070418982,1312.4595647821247,0.0,0.0,311.88461487789857,-0.25880525872526056,114.90184989413439,123.51742713573458,141.82625432696514,136.88543103202645,153.74896195830968,132.8568815960257,124.92721811795958,117.67378064170752,111.26600242214444,127.81990673199758,27.035850925119675
283,1622.6982613128957,462.44608934317614,0.4771437561189108,-0.0778459938968069,0.19109188948546996,49,0.0,0.01734863182240437,2.105994192832888,-0.8086429232678888,1622.6982613128957,462.44608934317614,1068.1185537849374,0.0,0.0,311.56734857616715,-0.2586927452242883,109.80754314342832,80.33651308396963,84.89315144808239,123.63539728684106,107.90918688832437,107.19891463231039,111.83444232556938,118.85071511384828,114.71429271539202,91.79119745365168,17.147199693519873
284,2376.693180853267,464.0970334552162,0.7821374763783562,0.2781426102015703,0.15650025970129045,49,0.0,0.014973308741106188,1.3938768766914114,-0.3605610338758041,2376.693180853267,464.0970334552162,1028.711798220424,0.0,0.0,311.2531950028663,-0.25800079234617496,102.3703700753677,110.63090470056004,92.7327217538806,90.46771324669535,105.14659948422965,91.17649713621482,106.02672844359076,105.94646557445542,84.30322666912623,116.1258438471011,23.78472728920229
285,825.5625220253773,465.83417078844207,0.7115901781820204,-0.2126118883242259,-0.1047283966577216,49,0.0,0.012184264002378837,1.0071964096403876,-0.007785422425481279,825.5625220253773,465.83417078844207,1111.9331959550882,0.0,0.0,311.89947709046317,-0.25727705925636773,81.60208743681014,109.32883799661576,117.4227891481267,119.26777650629847,121.88715614564136,109.17576423609776,122.3416514368306,114.97117406459515,104.38247431368484,91.40617020865288,20.147314461734474
286,1797.233084777543,465.40922923997033,0.8609491575955797,-0.14965993859727852,-0.024712148873798054,49,0.0,0.06485624712952007,6.747848836560724,-2.0729133627036305,1797.233084777543,465.40922923997033,1718.698315926618,0.0,0.0,311.4946275314702,-0.2574579278387749,158.02361384055672,166.81494811644893,156.4390262449544,188.19574168457927,182.45759439411708,148.6666061186225,173.85284522076608,176.60319512144872,175.06314943377265,166.4517615119052,26.129834239446527
287,764.2993364315128,465.3626352789055,0.20785759005467458,-0.3171826862285844,-0.03373975229692136,49,0.0,0.02216284963064524,4.0185439435655805,-1.5101718044628236,764.2993364315128,465.3626352789055,1524.1153419810162,0.0,685.3239761859793,311.92500192530446,-0.2574728439525608,152.69599795216303,141.73571797370886,141.08587865742663,135.25430947077228,159.19923795218094,166.1947494098761,148.87948947478822,142.48259057258258,150.92808496826953,152.41387333440161,33.2454122148463
288,1801.5370114537784,465.9318791353446,0.5601733184129023,-0.4203924818302378,-0.20654569004435805,49,0.0,0.013183073587294591,1.1454511466328678,-0.14744142826965723,1801.5370114537784,465.9318791353446,1683.154582891589,0.0,0.0,311.4928342742316,-0.2572401604584026,149.28682670618093,158.23789870710874,155.39255980203612,188.81440094399755,169.65599258818,160.51742499608963,172.5136563290838,163.68786457960064,172.6099127773362,167.506533224221,24.93151223775441
289,1701.247289720533,467.4844296832623,0.6166979865146103,-0.2578463860629496,0.0450326508074021,49,0.0,0.06932736094015189,9.295182454275999,-2.4206447972944236,1701.247289720533,467.4844296832623,2264.5423084875424,0.0,0.0,311.53462060320584,-0.25659351440282135,209.38752495902884,217.49752052856093,204.11670293390972,246.78920798029012,217.32293207222517,215.0738272806911,216.49554443628958,230.65552477975984,238.95835414310605,227.16608121012246,41.079088163558616
290,1715.553619239607,466.8244056060883,0.5654763408763884,-0.3909309318890568,-0.023858152941976223,49,0.0,2.4861523318066694,367.0746762148807,-6.411886060963764,1715.553619239607,466.8244056060883,39747.9106333588,0.0,0.0,311.52865977967224,-0.2568684847127197,3462.237588209919,3753.0838965370185,3816.5021583250946,3927.5472020804846,3914.1774528679516,4028.118693417802,4022.649139934764,4020.11039373269,3936.2430367201196,4047.7089664710034,819.5321050619614
291,1151.3886178395687,469.7171854791579,0.6467208335602678,-0.6213894949798336,0.3400959872156721,49,0.0,0.012581840292384022,1.308182739449843,-0.29167103655961707,1151.3886178395687,469.7171854791579,956.7471781251643,0.0,0.0,311.76372224256556,-0.25566196790108997,100.42251592265868,89.98507940762636,88.83013923377163,89.40256096407859,81.65315383559857,115.69243953276568,87.11239735749132,106.06850850088773,100.7349419434843,85.12941386593774,11.716027560863626
292,1844.313839792505,469.85541432835254,0.6618448512467877,-0.483656418971075,0.031393593222939845,49,0.0,0.10156788462386711,13.273607488238152,-2.807472427605004,1844.313839792505,469.85541432835254,2115.248408662292,0.0,0.0,311.47501105864615,-0.2556053381658221,189.57190986305744,217.75083928493433,206.83875091330947,214.124660349433,196.03411770955722,191.08057310983793,218.73378844842955,216.43133473988502,222.4290705346313,192.9590786006077,49.29428510860917
293,2397.966827818013,470.1484996111278,0.5646817181669351,-0.7602707713990486,-0.08270027392512502,49,0.0,0.08300650184533696,11.391974412680764,-2.6414975020811386,2397.966827818013,470.1484996111278,2216.399890722415,3.849280941833924,0.0,311.24433143131995,-0.25547933341685497,183.8451365448543,231.65309703164982,219.73118317463144,209.66170974679216,226.20396577722968,222.67789974907487,226.760704565298,219.54441480109062,209.9475771184176,206.8894532539377,59.48474895943876
294,920.3347718871205,470.86927845439243,0.7341455541957563,-0.5591459754608439,-0.31859211903877044,49,0.0,0.025521034528965397,2.397822933883622,-0.949542774183467,920.3347718871205,470.86927845439243,1229.3016008578797,0.0,0.0,311.85999074508516,-0.2551802036709213,107.95508460452646,135.7840264521797,109.9788601182293,109.38815416850811,128.17573039585773,121.37813247617115,128.110578711414,124.18395704221115,121.33894907368042,129.2108732293711,13.797254585730752
295,2174.6177774806943,471.29905068704545,0.6911269704602188,-0.8523633677560344,-0.3697317775309549,49,0.0,0.011263580383733781,1.0891016148333856,-0.09267100495101077,2174.6177774806943,471.29905068704545,912.5107594685308,0.0,0.0,311.3373889743602,-0.25500204299689727,70.57000028770273,87.80649687071475,87.90434795052782,100.10531152764622,85.85892211043253,90.60939814572819,89.96669711949117,94.23187629729111,91.51304793788594,87.3577899378854,26.586871283224887
296,1078.4934841951315,471.65730187829195,0.5324908588607431,-0.20534470264016383,-0.16595726875962746,49,0.0,0.1179965267598843,15.990881372695476,-3.009681003760396,1078.4934841951315,471.65730187829195,3957.2024854981037,0.0,0.0,311.79409412254614,-0.2548531679318274,249.63926990007832,288.29143682790664,265.9262303694977,296.69337351298657,402.8694810272422,543.9526789721231,435.11301620092047,502.19805327761867,485.15059942974517,429.248926952604,58.119419027381
297,1328.5779670597092,472.4734533551893,0.8176776117213329,-0.45197921102753824,-0.44118604528643063,49,0.0,0.012738621323206762,1.0987961949105614,-0.10229286701463153,1328.5779670597092,472.4734533551893,916.2896833585028,0.0,0.0,311.6898956343761,-0.2545144663034552,77.0243127941511,94.52390335123259,84.05049680968956,88.54402153027262,85.91408047059385,81.72504668779032,86.32895676555809,85.64993108820971,89.36916642311196,122.57542585107419,20.58434158681871
298,2030.4405982356657,471.4772734586886,0.2592709009970457,0.1993418074254665,0.403132957167441,49,0.0,0.007931836987839811,1.1218987296330072,-0.12488414063696959,2030.4405982356657,471.4772734586886,953.6805737680967,0.0,0.0,311.39746056160857,-0.25492876492318756,81.14706678701378,100.49635426656697,90.86639913084662,98.56748480026245,83.90667583548723,92.71224615994934,85.00845818407774,98.15548274469245,110.5374204223478,84.19188454407735,28.091100892774975
299,1399.7933915216859,474.0762344334752,0.27750998300772256,0.18465662156505647,0.009358738518423726,49,0.0,0.010673924077536782,1.2846643765413763,-0.27197420349800944,1399.7933915216859,474.0762344334752,1052.9851568093434,0.0,0.0,311.6602233384006,-0.25384691294549006,100.85894769163528,101.11618028142348,94.56614442687922,101.34958078119207,128.7400996445418,108.2377603707095,110.5317145420014,106.81705714869605,98.22060315709834,84.55616813961996,17.990900625546324
300,1708.8526788165984,474.2227233837882,0.6935394952485626,-0.15261865267390753,0.014128829484213349,49,0.0,0.18291114884854195,23.808203409044268,-3.4418165608581908,1708.8526788165984,474.2227233837882,10395.109065388335,0.0,0.0,311.5314517603807,-0.2537860715742423,814.9847404202537,1026.8089478154923,971.0255701380273,1071.1636054644387,1082.1096132646826,1003.9415611834295,1089.159401981475,1061.6356396348103,1040.8891287236502,1032.818575117162,200.57228164491204
301,939.368650414989,475.16464344971075,0.9913438181834511,0.5686326503116194,-0.1676326791480387,49,0.0,0.01320949172623518,1.0617112994861027,-0.06501609863064964,939.368650414989,475.16464344971075,1058.6694537771398,0.0,0.0,311.8520603722948,-0.2533907815026369,104.15948648012946,103.03145654907469,96.35810269815059,85.39236593674713,102.58709294927891,118.88957545646672,109.92956016941034,96.30034767547623,100.0461873236003,123.67468071481906,18.30059782398633
302,2055.1554120277683,474.7335402620839,0.9583899206607085,-0.1646720149812474,0.022812476177444422,49,0.0,0.014611286570376521,1.2205272397533709,-0.2163686911375545,2055.1554120277683,474.7335402620839,886.2590512144013,0.0,0.0,311.38716305736784,-0.2535719383322854,98.39460513694881,75.65151138297455,80.33941992641653,65.73477016927889,83.46101846798206,102.64826988626155,96.92013300620613,99.85378713068397,71.08157376185488,90.70704336650846,21.466918979285545
303,796.8148516844319,476.0040188383642,0.46082615043953634,-0.4251732418450547,-0.05720883218847533,49,0.0,0.023373898495504555,3.220324155416177,-1.2697489741331622,796.8148516844319,476.0040188383642,1259.8890237764067,0.0,13.83863217770676,311.91145469791087,-0.2530396721414642,118.34912003649666,123.26227803002725,125.27160535967016,117.16609968970599,140.51527402022435,116.02919903891159,115.40204070454935,125.61534347053359,123.3033438465815,124.9622774116666,30.012442168039712
304,2214.694248723132,476.3534154059816,0.6631136186053559,-0.6434017722996829,-0.014603084734483046,49,0.0,0.02715402532951511,3.355407267100304,-1.314363101962778,2214.694248723132,476.3534154059816,1113.0047423550038,0.0,0.0,311.3206911187538,-0.2528958989765764,93.25763188114729,110.99599114255764,106.32344488090769,107.7817265926316,96.99879346728923,94.84615717751166,116.38584979499919,124.33185909199807,126.45486798540753,117.85252477966503,17.77589556088893
305,933.251906472055,481.54379397326375,0.4866864834443395,-0.41469897928775185,-0.06896306889828226,49,0.0,0.01742390494281292,2.2542031832309393,-0.882482646820764,933.251906472055,481.54379397326375,1091.7207443370219,0.0,0.0,311.85460894423613,-0.25073295595792233,99.72632636923709,116.49435605872158,113.42773242358635,83.33142197634326,111.8492769306568,115.49761670639954,107.01652675017243,106.01446915191372,95.9175240552988,119.27541449958443,23.170079415107956
306,773.0555543434018,483.03530740675313,0.33458463941658606,-0.40664998721705914,-0.020576706659399948,49,0.0,0.03957596591851055,6.195128512809089,-1.9801257997119837,773.0555543434018,483.03530740675313,1808.5981195305603,0.0,161.69418113415892,311.92135388876204,-0.2501099570001566,145.8574616778515,185.48738628247955,172.4369383110341,178.08043604569252,180.0680417637796,191.80998921842152,187.94790206829094,186.23020382188574,147.9784473922561,193.66684015269072,39.034472796177965
307,1520.9088661018018,483.25632864484186,0.45059638703632177,-0.40876879819177275,0.196613451599465,49,0.0,0.04007090899379859,6.222684250200772,-1.9849444117193822,1520.9088661018018,483.25632864484186,1434.7552950260883,0.0,0.0,311.60975981911514,-0.2500223567556061,112.78117916429395,143.30871181808993,145.29905079531335,154.83859523743695,162.79627266742463,148.7351865236235,143.58665879331747,138.30150568385767,124.84349536511992,132.74775648415354,27.516882493457302
308,2167.899475742232,482.6367533457026,0.37088816814180614,-0.3255573769820809,0.22246763453245436,49,0.0,0.010164814831631277,1.3946175459819803,-0.3611378121378629,2167.899475742232,482.6367533457026,943.1206611974897,0.0,0.0,311.34018807856916,-0.25027840748674945,76.15824031882096,94.38826767803356,72.90174821364985,98.03125255391491,101.10665125364699,98.53225451468418,88.04191040637463,108.56515750540194,89.62096210264615,98.76606489691505,17.008151753401457
309,1184.303196420763,485.73797329070953,0.364030645675335,-0.42398213567495285,-0.46302276550429583,49,0.0,0.02007914622042376,3.1573187276836845,-1.2482960640806104,1184.303196420763,485.73797329070953,1256.35356803274,0.0,0.0,311.7500083737725,-0.24898730775203815,117.75790291399483,105.57793744389966,122.87244666738502,122.1332651807614,117.04049936342213,120.4981602404228,124.88615714118883,130.81078538410037,116.628807520707,151.01519972629228,27.132406450565675
310,733.4602153682903,487.42343870790313,0.5381783081627463,0.18451329684850934,-0.4478864855777047,49,0.0,0.020210245175454132,2.266511979917325,-0.8883950472891466,733.4602153682903,487.42343870790313,1869.9021900630619,0.0,908.7401583960896,311.93785097613966,-0.24828128187668863,158.48528085603908,180.471116283102,185.48573052454682,184.98828415482097,194.46494200377063,193.39027145376474,197.19361921540212,185.98961847892036,180.26497148921507,170.97238784832228,38.19596775515771
311,664.2886168334928,488.61958613676796,0.6656999309351791,-0.5336400012945294,-0.13891828240386792,49,0.0,0.016945835613087816,1.6745969458816758,-0.5597757370243138,664.2886168334928,488.61958613676796,1039.8388866913633,0.0,1033.1197508477185,311.9666705751774,-0.2477821124677727,90.44122975151187,92.50592360320344,110.0620689745893,94.15551232595769,124.08477582052245,90.74530846392543,113.66999940457936,98.60441985634985,106.4359526478558,98.25860699000724,20.875088852861104
312,1596.5747407898202,488.8873515657605,0.6210271987982321,-0.4530937892983753,-0.06370810553525862,49,0.0,0.15943323819672006,21.728858528205105,-3.3425922808355213,1596.5747407898202,488.8873515657605,3093.982338044252,0.0,0.0,311.57823311567347,-0.24767629307588382,279.07441299957236,273.22779334181524,315.87541284116793,310.11297853294275,293.98273180944847,301.75081826712085,331.00139678871807,317.83839797698994,347.0293019424738,268.59325167256765,55.49584187143511
313,1956.5747108952764,488.8546679276667,0.29893147016627136,-0.7305606485064818,-0.38892435165275663,49,0.0,0.007764153338656658,1.1567174578302246,-0.1580682256198898,1956.5747108952764,488.8546679276667,875.6033271749791,0.0,0.0,311.42823695934356,-0.2476890801121859,86.5001984469752,70.14459254952195,92.61490631993927,82.6455144568897,104.48866633874202,85.15847047928094,89.41770147721775,83.75765109832757,84.85444120548945,78.61744833618874,17.40373646640659
314,2442.505251823323,488.78934878379954,0.6435459142870475,-0.7259710149645104,-0.15931808456604277,49,0.0,0.08598582464359344,11.024727265601818,-2.6059196362773003,2442.505251823323,488.78934878379954,2141.1417577608354,0.0,0.0,311.2257746778355,-0.2477124814521059,185.19716277481388,209.99023926017617,197.76039424822756,211.9233767732103,209.31747532819844,220.1466558618319,208.02595259649365,220.7370108522395,210.45987792406507,215.39980794677103,52.18380419480804
315,1895.4523209591898,490.2319626926664,0.5877404859038157,-0.24955657371160225,0.05008733672758284,49,0.0,0.1968447633702785,27.958254147446016,-3.6162751210278814,1895.4523209591898,490.2319626926664,3644.66412112291,0.0,0.0,311.4537038798844,-0.24711550667238938,349.11045608560414,330.07143694385286,344.72653645314904,368.1094133690434,342.88124848386474,372.63200864783846,385.41545182889695,387.9792447895834,353.45659383881735,344.49186313071385,65.78986755154611
316,609.3184171914082,490.67476234963476,0.6743474913748663,0.4339756998869224,0.17683501336869528,49,0.0,0.026740993627807515,2.8332628715925963,-1.1307171761403687,609.3184171914082,490.67476234963476,1027.4865643154235,27.694496356419364,1028.5475158520817,311.98957318860664,-0.2469251730661941,89.99797002115349,114.99415089860591,107.91239419820334,104.63894976861901,96.29845622526028,117.7948554042562,103.67103212308149,87.61930949002557,108.61665369204684,92.3872964523099,3.555496041861465
317,743.7528497677872,490.49867074734925,0.5187357057474171,-0.07844401181309443,-0.031212582865970957,49,0.0,0.0162078395722603,1.3222799979603301,-0.303308571106661,743.7528497677872,490.49867074734925,1768.454633787761,0.0,597.345028286742,311.9335626771861,-0.2470001602464097,148.57855670025913,185.66509843055508,202.9785078389311,162.812277229333,166.83786070124557,153.5510726963962,190.08723381145273,166.728908000765,168.88151558149966,188.47188474560272,33.86171805172063
318,1454.872884890475,490.95662675633423,0.44000353579800416,-0.47224769999614746,-0.11523325424515342,49,0.0,0.03667256926078631,6.387594860377357,-2.013343406940105,1454.872884890475,490.95662675633423,1336.6207210051907,0.0,0.0,311.63727415892333,-0.24681401301770592,127.49130058643092,109.70026349103617,130.06936815310357,137.24082613517334,153.59416090365505,124.8564435074705,125.28400684369987,118.96079431372556,137.6577271007217,143.10376469204238,28.66206527813157
319,970.4852809401741,492.7376722319982,0.780492954843781,-0.3743972170815712,0.1926058504879352,49,0.0,0.021392185311425442,2.2348755936794586,-0.8731333818888116,970.4852809401741,492.7376722319982,1050.298524486889,0.0,0.0,311.83909582887065,-0.24606951490875445,101.35662136660399,100.76926762950056,94.81788524326018,101.86170509552898,109.39720004278024,119.06071807210267,113.43097710904098,95.59851525038225,98.04391236938255,99.88249798282021,16.079224325486233
320,1658.0969600263181,494.0013391427585,0.8019753895209824,-0.4956805285808746,-0.6148474984364238,49,0.0,0.014163132728516064,1.4196038419015344,-0.3804179150419076,1658.0969600263181,494.0013391427585,863.0400213732786,0.0,0.0,311.55259945375263,-0.245545582080506,72.20487321254241,78.89417110720684,86.3271273854823,89.17607797451133,92.3180446738948,88.35783444390682,83.70510547425506,77.01807235089984,74.83969969089304,101.84497505657717,18.354040003108892
321,1823.7102920637165,494.1559094070779,0.5329338989350699,-0.4409873063304356,0.013176179672113044,49,0.0,0.06800761152586063,10.043707121734535,-2.5047351000890012,1823.7102920637165,494.1559094070779,1839.5137245742476,0.0,0.0,311.4835955788677,-0.24548088012406277,154.09743771209043,193.2371971949668,183.8523033350752,168.647922704966,177.16994895279277,208.65257144910856,170.16260809226821,155.98847450913135,212.70558412349075,177.96076800163428,37.038908498723444
322,810.801603734447,494.6422567787004,0.5707634530599913,-0.2261046989388961,-0.1151448875543764,49,0.0,0.3227981970154473,43.83001266846146,-4.104428990452039,810.801603734447,494.6422567787004,6737.417937362175,0.0,0.0,311.90562738589836,-0.24527452753866827,559.5345282688522,686.0913016839338,624.4111194436427,690.7878784252835,715.8974046676499,681.0765628566871,666.6844348134023,652.2486121054309,640.0415036858715,691.3928595861341,129.2517318252871
323,722.4928311230417,498.83895084062493,0.5926296946438057,0.6220202641643089,0.2909738492345772,49,0.0,0.01808495067053878,1.3183001776653462,-0.3000357765182248,722.4928311230417,498.83895084062493,4104.773683165013,0.0,1744.89769645185,311.942420543025,-0.24352509823388874,325.3752956636751,386.39964580410197,402.12559797970016,420.4185763413699,380.1509133537252,444.9632734412153,423.81014139069265,442.8246581129594,376.22637154156126,414.8382331741193,87.64097636189315
324,1511.0662929297107,496.9674818633416,0.6288742425102989,-0.3938132444722151,0.0067155241084380915,49,0.0,0.08215196319434297,11.04655849429784,-2.608067491493125,1511.0662929297107,496.9674818633416,1844.7166106251016,0.0,0.0,311.61386080738333,-0.24430973895410518,153.84013226360392,173.75945892100054,173.09292460290322,207.9525510476941,171.38908860072138,196.81480649723943,189.70012185408535,170.13129833929034,184.56029469765315,190.08564318279616,33.39029061811367
325,1872.6327099310702,496.85483477035035,0.8524760995296804,-0.12893268964586585,0.24524225521268384,49,0.0,0.03398686937290015,3.5764201060835146,-1.383621319379671,1872.6327099310702,496.85483477035035,1114.2560534396246,0.0,0.0,311.4632117686871,-0.24435624541033896,93.92082726347118,102.29195352789056,116.13937117652713,122.52007434006543,126.76043594743764,123.33523315913514,99.38583577771206,95.94197857400202,116.91096913974805,100.73127450265822,16.318100030977245
326,1906.1971247308718,496.84866024965015,0.40378162747817103,-0.3708210093485558,0.05031794347467035,49,0.0,0.033431232331853473,5.772672347021457,-1.9034422698426932,1906.1971247308718,496.84866024965015,1442.5604184913727,0.0,0.0,311.449226980903,-0.24435869264763468,145.92147953625079,138.7965186315685,134.67637920241185,149.7371197567408,134.78266948620785,144.24816280157575,136.44844098920407,132.16837721572205,151.3580475713492,151.70889894748117,22.714324352860718
327,2515.017766964489,496.8136621006938,0.4952023989079818,-0.8488496051338001,0.0020463871898840336,49,0.0,0.029903779168535243,4.208092126108384,-1.5602130977207578,2515.017766964489,496.8136621006938,1446.5065211681322,0.0,429.530109355522,311.1955629842514,-0.24436847423290078,115.04657104039427,130.40701969279917,110.80911540822393,155.31496098477297,149.34429817440383,177.88715529525467,151.65146486542136,148.16351257576542,137.8043215494372,150.42362141715626,19.65448016450318
328,2271.419256271523,499.79092398818415,0.25587450235588316,-0.6173893824234034,-0.1507454146374395,49,0.0,0.034097432747419616,6.684147538887337,-2.06261506872419,2271.419256271523,499.79092398818415,1726.5239731434287,0.0,0.0,311.29705659564263,-0.24313053826346737,160.71197410219315,171.34536244857165,159.2169389511718,154.91847816339592,185.25065398892576,190.5934244488195,164.51596501285712,171.29579772658226,167.8181418708599,160.4019911856963,40.45524524435547
329,2397.74598759377,501.83240019192544,0.778802490006534,-0.6033946760488063,0.1735880312921509,49,0.0,0.03788189443424021,3.946311599168488,-1.4904784349669795,2397.74598759377,501.83240019192544,1880.2603795132868,0.0,0.0,311.2444231549564,-0.24227879960296386,158.98310590767045,194.55528067300318,172.44069520834546,166.31093005772215,185.51697604799665,176.94095403644002,177.31078310344287,194.37398703851196,187.3938884813901,232.90308346385663,33.53069549490765
330,2513.2685439599104,503.5517265399896,0.5863399522930821,0.005334771379197541,0.26409964575501643,49,0.0,0.014831261611814835,1.4005879874205012,-0.3657759929148341,2513.2685439599104,503.5517265399896,1421.0632320727495,0.0,318.7236914121297,311.19629170807076,-0.2415612096215465,130.00773268617047,134.09519575956776,106.71678358043474,152.14702060711133,152.20910384796218,161.63305199017475,134.78058013240263,154.05761828538039,132.89072522352836,143.85974776486216,18.665672195155015
331,1606.5208631238336,506.02991805588357,0.5795731854227748,-0.477892689947113,-0.03433152503750804,49,0.0,0.051310746527516306,6.9955256471410605,-2.1120508828722713,1606.5208631238336,506.02991805588357,1709.9123667266306,0.0,0.0,311.57408899354476,-0.24053401648881464,161.95830767274686,187.8683989303544,144.11997174675304,174.57307719340974,173.01927183610678,170.24859596825908,182.9299820743841,173.12413298158097,136.02180080767405,173.40222748489492,32.646600030466736
332,935.952829269001,507.0030606571909,0.32930155782637394,-0.4406478163603163,0.06011865610010014,49,0.0,0.021466579239100274,3.4746739367116404,-1.3522851416456203,935.952829269001,507.0030606571909,1252.3609709427994,0.0,0.0,311.85348380539955,-0.24012576238036798,107.25291100202104,112.57199415682658,119.81449070720763,120.16203294635798,132.89658803539078,139.9097771288017,127.57453356530453,121.80198789450185,129.0540327383911,117.46191486821286,23.86070789978333
333,1092.4071617948264,510.2239753768882,0.556254979768808,0.3342132617047497,0.036592456043112884,49,0.0,0.012569678331103782,1.0347215868407313,-0.03705877408522108,1092.4071617948264,510.2239753768882,1853.640756676982,0.0,0.0,311.7882971994887,-0.23878497317828634,76.8552261785894,68.44726477659133,83.03099791863681,105.47721375031186,299.4862938947077,231.07397483449077,252.70500433545615,275.8125954426433,204.68875973756118,238.32132828320505,17.74209752478826
334,754.7761319959661,510.9513274488473,0.6755193074116267,-0.41803056388262333,-0.009886550440021022,49,0.0,0.03326086823948334,3.40865515674002,-1.3314576680031203,754.7761319959661,510.9513274488473,2019.077872117156,0.0,28.249816128527566,311.92897012297055,-0.23847904873942416,173.29520320088224,181.48215975547288,213.82484469628332,197.560489448709,190.85693561410454,234.17288526970668,195.66075240014214,207.53651132827747,185.6926506857601,191.07217968671125,47.923260031106395
335,2396.380956619235,511.6778749350044,0.4737323674359004,-0.799591540266504,-0.09361573057720382,49,0.0,0.15042579026574107,23.541152941115243,-3.429569322107823,2396.380956619235,511.6778749350044,3711.650565010179,0.0,0.0,311.24499179642163,-0.23817686060411333,332.73203241792817,373.3856058507904,362.17621609490607,394.4984825763159,371.5114970321855,345.55149954124545,337.00398107114285,350.0193413246078,385.90197137562046,385.62521984315856,73.24471788227825
336,725.0910089713175,513.0540169331247,0.5067710754706913,-0.5824828861165456,-0.21016508219766206,49,0.0,6.372187759942849,835.4277326076252,-7.304772219693332,725.0910089713175,513.0540169331247,181538.72583826678,0.0,41732.533132245204,311.94133817968185,-0.2376026786107781,16204.65946470637,17547.2250417715,17505.75106818656,17956.2705270472,18034.204872014143,18205.63531786768,18004.962004805868,18180.254424601284,18250.61720788738,18078.274081632015,3570.871827746814
337,1012.7050836799832,512.8911519396094,0.7109492157012036,-0.42305155461177163,-0.038730499094451414,49,0.0,0.014495659937528053,1.5247678856036126,-0.4580093408890654,1012.7050836799832,512.8911519396094,858.7594475974167,0.0,0.0,311.82150513298495,-0.23767317799079501,71.58889133126777,84.1634958101637,77.76587613706133,68.8483718570707,95.9655309209969,90.09521089664977,93.76096310789961,81.51949835179632,91.02666813330949,81.63626664875387,22.388674402447283
338,1296.3187898911572,512.5929036509079,0.6715396320324403,-0.6253255917228701,0.012498498595608273,49,0.0,0.1251293734596242,16.216806485803012,-3.024913335824454,1296.3187898911572,512.5929036509079,2431.9050636395427,0.0,0.0,311.7033367186018,-0.23779902980264148,235.4562417989437,221.08009452034912,197.27851719988834,228.0799332185651,251.76208689607313,270.8424834565637,251.71289821257247,248.26979860805656,248.5767884681448,234.87176893349613,43.97445232688948
339,1603.0128846358123,513.0679635563397,0.356011083091966,0.04155236264331209,0.11133746225585425,49,0.0,0.015097916943721274,1.9298503665422784,-0.7138090918144095,1603.0128846358123,513.0679635563397,1574.2753977307857,0.0,0.0,311.57555061762986,-0.23760168228976064,146.2190322065196,171.67154284212552,149.4855464653286,159.1048592046629,165.7869672728774,158.37117078881332,143.26784204572579,150.28082280670404,146.8173709697553,154.43107244901904,28.839170679254366
340,1340.0479492084612,514.5953594195072,0.582816159647292,-0.8804785127606408,-0.6464432542347492,49,0.0,0.012854067886236603,1.2916343658903262,-0.2778489789047398,1340.0479492084612,514.5953594195072,1178.7512260982462,0.0,0.0,311.6851167317158,-0.2369648821002394,99.51890293349778,118.5635214682332,126.66209920636462,118.63684596428632,139.11480968070185,94.13031913311643,120.82813464401046,117.75177006308957,111.71076785983593,107.5325014953841,24.301553649725747
341,2316.316418573531,515.2899646163519,0.33150730895202923,-0.7944774483639032,0.21975020522982947,49,0.0,0.012520454646949562,1.920304402655215,-0.7084251940437924,2316.316418573531,515.2899646163519,1031.2901542852699,0.0,0.0,311.2783502248693,-0.2366726998685333,86.92729244705941,99.16741137305806,87.4308842831924,115.17492216201663,89.20526681085332,103.9784917051519,115.13716705772009,103.80605844276035,105.51224052591286,93.21946715512587,31.73095232241911
342,2420.761905747196,516.974213950209,0.4004859430254252,-0.5052838355758783,-0.1377954531631557,49,0.0,0.04923511726054743,7.789817696003549,-2.228818235148637,2420.761905747196,516.974213950209,1786.5164875171827,0.0,0.0,311.23483359958516,-0.2359699814773255,144.17016850093137,170.83777017472636,169.24035429794245,201.24534775171975,198.1549326279918,191.11092333340093,158.77369790843127,155.5267346972933,168.93542252416677,198.7384993634463,29.782636337132477
343,1145.3142912441174,520.1288216940472,0.3321139450957587,-0.3117464332948773,-0.09927288821120926,49,0.0,0.01989076072006397,3.244354936599797,-1.2778209012818813,1145.3142912441174,520.1288216940472,1223.6575928822208,0.0,0.0,311.7662533857269,-0.23465855533312557,97.63679458111889,113.62415139356727,111.54959865887695,131.41294873269297,132.5941578766409,121.82762335509221,122.84888281240131,120.33356083814897,133.0889751274172,118.41514080599714,20.325758700266753
344,1362.2331519385816,520.6143693065719,0.33968911033403687,-0.5228451406178269,-0.5784800104741644,49,0.0,0.008540562455250833,1.0189523153710773,-0.020384651243308398,1362.2331519385816,520.6143693065719,982.3519857002775,0.0,0.0,311.67587315316206,-0.23445718992389192,86.91891056149562,92.25439442226,97.25792135467786,112.10102612986691,98.98705944856452,95.1985349311651,92.78236722352355,100.58791376642807,87.63608997733846,96.31029753812868,22.317470346828717
345,845.8162877257251,521.9675673238843,0.5123020908539133,-0.07196448419895655,-0.11007002764651158,49,0.0,0.02961695461613332,3.7956936814683764,-1.4482278922807812,845.8162877257251,521.9675673238843,1348.006138740126,0.0,0.0,311.89103896739834,-0.23389022186161848,119.1007338745277,133.18678301162967,146.96026252137403,111.48211168380834,122.33263885839189,139.23160524984502,126.0652587010585,152.50120024329482,133.86537407218498,141.74494396707138,21.535226556939676
346,1718.2350541079509,523.3609839873949,0.5858810002684383,-0.5998461685264665,0.04935270340010971,49,0.0,0.0381446278177961,4.93258550918305,-1.7326865568300653,1718.2350541079509,523.3609839873949,1350.4578728330282,0.0,0.0,311.52754246683264,-0.23331310396279997,133.66934364846867,128.13265212790017,122.64606950155431,129.27033469005414,145.36352818893604,129.42829569675808,132.74750310577465,128.72590250316205,129.5056913597827,140.94367800920395,30.02487400143349
347,793.8987126929785,524.2041138691449,0.5887397171399967,-0.1858500751373239,-0.07198993949100575,49,0.0,0.14751111689420862,19.691027621579515,-3.2356709534656507,793.8987126929785,524.2041138691449,3660.494321954121,0.0,0.0,311.91267012841496,-0.23295789943160627,351.82781478440336,355.0710279307311,340.17746271892213,321.80577767082025,373.44693583838625,374.89428541081094,352.80434753594557,355.2582972774903,402.6392088063019,359.0777577185907,73.49140626171874
348,2644.1643754990837,525.4322855586748,0.43814813946657594,-0.5773425553792827,0.4689603789040712,49,0.0,0.01076126321130394,1.2667379054217645,-0.25671691604864266,2644.1643754990837,525.4322855586748,893.5663167802488,87.45485537568197,820.1946360187876,311.14175553243155,-0.23244350561437382,106.20667278029029,89.04783803749648,84.45908333221138,99.78961748029302,79.9130757146103,79.87488419278955,95.62425134609231,69.99057411927939,94.80633503121062,90.17057519033499,3.6834095556404662
349,1402.6047025690834,526.3090212023873,0.5651969148508866,-0.5836756734025782,-0.055148631426310726,49,0.0,0.18102355378711918,25.765125445505507,-3.5275806532491085,1402.6047025690834,526.3090212023873,3620.6976219704056,0.0,0.0,311.6590521068505,-0.23208467547167677,321.4704017700827,298.86766288591264,355.1283977210736,386.90228552089775,377.2964523766843,367.3667451482199,370.9135972718884,384.4291570100178,324.1081740179586,361.1113413682341,73.10340687943598
350,2222.8094249534224,525.1852780037734,0.9110112993764319,0.41569392284325846,0.4453795987691219,49,0.0,0.012520898634857818,1.0076581240690263,-0.00828302666620446,2222.8094249534224,525.1852780037734,893.8374582244866,0.0,0.0,311.31730959743413,-0.23255073226925566,78.59985340416556,78.73280623995622,85.13092503473334,88.7069068436162,91.41975350218108,94.8207908835049,94.16203487501048,79.44892650281588,99.72211141297264,81.67499435716245,21.418355168367917
351,786.6985202025674,527.9780813543796,0.6213761052068135,0.45694931501368585,-0.6598094242539688,49,0.0,0.018308082594227074,1.7755426299097061,-0.6233277599020164,786.6985202025674,527.9780813543796,2823.443856070463,0.0,0.0,311.9156700723841,-0.2313854646397022,269.748873934303,277.72292557579635,267.9864420956628,264.7134053690719,275.18126715530815,272.45988208047254,280.83824682977115,262.04254081250787,305.4523201373422,294.6814479281953,52.61650415203168
352,987.7971257958199,529.8727350348794,0.898286257634041,0.18079235453241607,-0.023570352344254593,49,0.0,0.017479223554255064,1.4655700353286922,-0.4150164423507258,987.7971257958199,529.8727350348794,1029.0471531181402,0.0,0.0,311.83188313425654,-0.23059783641458192,90.14625726132203,115.02197721319476,90.3706279976343,102.0650436656306,94.31837355298362,88.67139454717757,103.61233868833096,114.49876168071847,103.46741315168457,107.19396292719588,19.68100243226732
353,1703.7985483341392,529.8555001610309,0.6115244347294442,-0.24246330158772342,-0.2039566339683684,49,0.0,0.01862179654604139,2.162208155476021,-0.8372437527470209,1703.7985483341392,529.8555001610309,1015.8903637033886,0.0,0.0,311.53355753137254,-0.23060724103589275,88.9293004885791,86.27171480491003,92.0543560617794,108.63673638229832,107.28266050084223,115.69203790671664,80.64700261469346,109.78482805833485,106.10157810637502,94.64590568235229,25.844243096507274
354,2392.0485391490065,529.514369704021,0.760362240830257,-0.6581407261181912,-0.0261534430771945,49,0.0,0.018333563554868638,1.9055768368254218,-0.700066162797372,2392.0485391490065,529.514369704021,983.5137823256274,0.0,0.0,311.24679670836144,-0.230745612533003,90.9301354129745,113.43918828606743,91.59898846813024,92.76847043310491,96.32796496627978,95.28104428620213,89.21452634149189,105.45275213521583,71.74097518407049,107.56773787415233,29.191998937937967
355,2536.722734070282,530.0436034282492,0.5933723861712684,-0.7231066892195088,-0.09886840885857859,49,0.0,0.09845132155102472,12.889523971827488,-2.775592196365269,2536.722734070282,530.0436034282492,2619.5741606682795,0.0,379.7743793080673,311.18651951201133,-0.2305235919582144,274.7903963219825,261.9038506622027,244.66034577223917,267.01461760637915,256.6706674347738,256.37752265452843,250.7082848083963,260.89727535758357,242.68210017959257,245.1963997416686,58.67270012893268
356,2119.906892048749,531.1057739270776,0.6769325792377061,-0.7759417189457318,-0.11338237626900897,49,0.0,0.019019221214362916,2.1773918054052284,-0.8448414603096006,2119.906892048749,531.1057739270776,1011.8646786047539,0.0,0.0,311.36018391916576,-0.23008474896878287,89.1960898699108,99.1019637669069,99.94720628869305,89.21227740718598,105.6002573237781,92.5786398249017,100.8657883410416,103.22123160894327,113.16537009578903,99.95073938140698,19.02511469619649
357,1631.7845644800627,532.5816215456911,0.8164230536306646,-0.5775791258911018,-0.16901139238043453,49,0.0,0.0173891267381878,1.6606203788772065,-0.5506759080371099,1631.7845644800627,532.5816215456911,1018.4695146647135,0.0,0.0,311.5635626827196,-0.22947148493011474,75.19970976568388,88.87971962513836,111.51634189197614,101.97861453513801,97.76148046935467,117.43210931859568,98.49112435452561,98.4794543840627,103.81340081754203,98.9459600739615,25.971599428734912
358,1790.8450146744756,532.0387214593856,0.8781714781882667,-0.5049569138069163,0.00989452760041242,49,0.0,0.05528967277103388,5.851632133770968,-1.9181925403458389,1790.8450146744756,532.0387214593856,1279.1107177380825,0.0,0.0,311.4972890137445,-0.22969746554047438,113.64811830954643,124.73224996627252,125.08882555685048,136.48116296942362,126.41121012961823,127.69470957945161,111.35602245625049,130.70941669806336,141.67548427660836,112.23238636580741,29.081131430189963
359,2507.559458238682,532.3024309955576,0.4586008118646504,-0.030170933661437593,-0.21490351462875507,49,0.0,0.011542790499568344,1.143343634563789,-0.1454419455542496,2507.559458238682,532.3024309955576,1072.4580355081325,0.0,0.0,311.19867003793604,-0.22958281883275466,100.70446567658456,130.0389298119661,106.72636623723051,101.75581792098181,109.1140351052272,92.70894871130565,95.34384926581384,102.59760128088502,101.12708708163171,113.1416381081128,19.199296308393194
360,1438.96997363685,532.7624960711132,0.8838965880359856,-0.21090503077857795,0.30400184646381284,49,0.0,0.020210523450968142,1.9615467481434394,-0.7314966570481667,1438.96997363685,532.7624960711132,979.9195284896473,0.0,0.0,311.643900286411,-0.22939597276749138,79.49073221639105,93.53435752129238,92.2755031619734,91.52599054525862,81.23981165107044,96.30950458920542,100.98496850673945,107.35085360568527,104.7636732144598,109.10706602186224,23.33706745570927
361,622.5608030469807,533.9536482268279,0.46664111098773997,0.24749551143927906,-0.012291783080216737,49,0.0,0.04335878613613869,6.017316118915196,-1.948507069236955,622.5608030469807,533.9536482268279,1744.8015296969688,0.0,1728.45109783563,311.98405642139704,-0.2288940594823354,158.0022136384695,152.54247549336003,179.0082855995804,177.8221441360617,183.95130429072782,156.92528095797053,169.87104815754128,179.50504558197912,187.35840648747632,164.98985786312844,34.825467490673915
362,2286.5641942474517,533.5895843918786,0.5448786783338467,-0.3812288548970557,-0.021205267720741734,49,0.0,0.016996822321779365,2.1180131512685287,-0.8148216310547512,2286.5641942474517,533.5895843918786,1045.425974958785,0.0,0.0,311.29074623955086,-0.22904868107554158,107.42476230879448,89.90137908869772,109.50304441815354,91.03786727125467,105.84322916822873,106.30905442594207,108.66856070020225,95.75297586298493,100.77434856607698,112.575996864084,17.63475628436568
363,887.0307402846116,534.7173509818031,0.4635730783996941,0.18333634622888736,-0.0031665938320238375,49,0.0,0.014294314773358612,1.7733259243485489,-0.6219714077242771,887.0307402846116,534.7173509818031,1017.4778830284197,0.0,0.0,311.87386725706057,-0.22857858063115558,84.53208721338234,95.21390019455976,122.68969730489215,95.36430404794866,93.01320903896243,89.99290096037079,85.95657960168614,99.72232614430753,108.26673830069424,121.34952353567684,21.376616685938693
364,1117.1546934823173,535.7218673555872,0.35555797626701763,-0.9670802549161323,-0.13028653035458307,49,0.0,0.013475106976454525,1.3852306865569086,-0.35380525941475094,1117.1546934823173,535.7218673555872,1871.6745997285102,0.0,0.0,311.77798623696316,-0.2281617243907398,76.14061208991134,98.99026056210263,149.620019582321,281.1334764693997,232.56867485678646,208.7452005640613,216.37591514451472,201.27580160555308,182.65423578536868,204.88311218229867,19.28729088619265
365,774.9300297893079,536.7515035925334,0.5147448773014034,-0.24069781543247512,-0.007294842603553363,49,0.0,1.012004122279517,149.72182409410982,-5.438212773950948,774.9300297893079,536.7515035925334,20254.156369331606,0.0,0.0,311.9205734092133,-0.22773004043456177,1731.0984718275135,2003.4013544046502,1928.9335614788592,2023.532454452452,2020.04634068307,1993.9980535805348,1948.62458048192,2044.0456195114734,2001.6316350656894,2137.0163790035103,421.82791884193216
366,843.0437000118778,537.4982712199169,0.4648485016228216,-0.055874851954309496,0.0021747228905288716,49,0.0,0.06430796103655635,9.581688635638956,-2.4536051350433303,843.0437000118778,537.4982712199169,2065.5359947070474,0.0,0.0,311.8921942855009,-0.22741955982548767,186.12267702608773,210.2596948140045,192.0168548328098,209.39867308427245,205.94388211863264,209.06614245449015,228.55107461080837,193.42742897559634,197.72674467386878,194.36217745698016,38.660644659496185
367,1816.4118618339703,536.5871715738787,0.3704342897338456,-0.5804646871814446,0.05865829122389501,49,0.0,0.012246349539403244,1.672244961859605,-0.5582497404600648,1816.4118618339703,536.5871715738787,1006.2180843240823,0.0,0.0,311.4866364088041,-0.22780233117246304,101.58355457549291,105.55659863803784,108.95830724417317,74.95248981476738,104.1911385314641,114.03098210594635,96.42506242861745,101.02040334632315,84.87016138380964,98.30128330143626,16.328102954014014
368,1656.87732730714,537.7068980517566,0.6452226954725517,-0.2118188782416438,0.08754438417279312,49,0.0,0.09058977158539505,12.286249916735189,-2.7235483628314667,1656.87732730714,537.7068980517566,1906.8125785437364,0.0,0.0,311.55310759410196,-0.22733606806031298,157.97319147885304,190.92621694898725,184.09750326002427,183.30221578374793,180.14366509856734,200.41692434335567,193.21539861909537,168.69964187279518,214.00377647136622,196.40459230889536,37.62945235804888
369,2097.833310362076,539.2994785869103,0.677312630514404,-0.46391924649661703,0.007495992808558672,49,0.0,0.06433683724859114,8.43661401147492,-2.315420449744075,2097.833310362076,539.2994785869103,1579.2088868221708,0.0,0.0,311.36938086876376,-0.2266710691094107,159.71952952630812,145.32139397394258,156.6461906291567,158.13832349798656,147.91274326114865,169.18887079357646,152.4883786996364,172.85360217544866,154.3343410651331,135.36107121103163,27.24444198880201
370,1511.0026743732926,542.9569951122965,0.5766603143242548,-0.4363603885720504,-0.123185158816448,49,0.0,0.12682259814702013,18.55636544349771,-3.1712322919906595,1511.0026743732926,542.9569951122965,2511.9603497556345,0.0,0.0,311.6138873613942,-0.2251486290610785,213.1183883724908,233.84321129225668,255.5058770792195,246.85721824637042,237.38180788786283,235.41826213925617,267.82830332384094,282.2522571757162,241.52794538062795,252.1456227608749,46.08145609711824
371,2463.7997179014296,544.2836157743418,0.8387064626380494,-0.4518366645700013,0.027171431737787494,49,0.0,0.04008710985511554,4.132023607930728,-1.5404069853890174,2463.7997179014296,544.2836157743418,1272.012073538385,0.0,0.0,311.21690198586845,-0.22459152499272061,104.20654056212156,133.9381113254058,120.20298833794524,120.10896378965921,146.99689921541903,135.87479275766742,111.69933941716332,128.4023338648165,125.32945167157598,111.76106730202619,33.491585294584766
372,866.5140766382594,546.287230117519,0.6173542639660552,0.3695317217623894,-0.1052021198805222,49,0.0,0.03162558149474585,3.920080509528949,-1.483237466329913,866.5140766382594,546.287230117519,1230.9999261181736,0.0,0.0,311.8824155381661,-0.22375797328365116,114.54423788144017,125.11961734652218,121.67160923298138,122.16829903787144,101.49486413522861,118.99456045063675,124.34077774311723,132.1532270688856,117.15350351756146,128.38472030600656,24.97450939792217
373,977.3075410270595,548.0191951027862,0.35861731390846857,-0.02232148779998772,0.2976264288749205,49,0.0,0.013395349656552357,1.584117413022915,-0.4994684196775315,977.3075410270595,548.0191951027862,1114.0255427290547,0.0,0.0,311.8362537381154,-0.22303726056685846,108.83711052556109,91.32910704641047,103.69146285000387,136.32331199722012,119.0788646427525,98.23625444465647,97.95452085554484,117.76987807397849,108.6321085344531,114.8266157058356,17.346308052638186
374,1856.9820188966758,548.8713671627314,0.46916667769114917,-0.6135005063294324,0.4657013062458714,49,0.0,0.011300048632255377,1.5690034134780093,-0.48905972106589324,1856.9820188966758,548.8713671627314,947.889641000079,0.0,0.0,311.46973256310827,-0.22268411265998095,90.16762818777981,80.31646120307153,81.16334452398286,98.28008138568225,109.73918056676192,101.44867014776847,112.74442136846753,84.69479443161067,85.50429379377081,89.4324640816165,14.398301309566682
375,1974.0890783893497,548.3037991631484,0.8003594494944529,-0.13831331460757113,-0.10042303016683525,49,0.0,0.027023996736135807,2.8185886788375054,-1.125079258014641,1974.0890783893497,548.3037991631484,1051.1509759857622,0.0,0.0,311.4209392747717,-0.22292015016753738,111.58513283989492,113.1931815542885,64.3763929378172,87.12845391554595,105.36202455461856,105.92328149802154,127.21581332283586,100.84274584821227,103.84403222193036,113.1824140334628,18.497503259134415
376,2299.4317817413653,548.8672028943191,0.4724097391611868,-0.4651724487354135,-0.2387858056500939,49,0.0,0.010242828943068105,1.2368949846468753,-0.2308320713759155,2299.4317817413653,548.8672028943191,934.8826692496991,0.0,0.0,311.28538487757857,-0.22268335870486813,63.269382996236004,97.63194611594344,105.66447660963988,83.72886953199483,102.99210340524598,80.11363332241388,83.61757634523306,74.23743075188153,107.43714748726038,110.17287435301267,26.01722833083738
377,1623.738551940091,549.3771508288992,0.3387747949886873,-0.5212465466657292,0.06864214746721863,49,0.0,0.020981366518366337,2.2130008277794926,-0.8624539409410534,1623.738551940091,549.3771508288992,1890.7727063234988,0.0,0.0,311.56691510915647,-0.22247376593862933,162.55216562502284,173.54745415984644,195.76023113372432,166.9261160489679,185.54405252548707,206.62281684646064,175.3890562487801,192.49237238509428,184.29404306712473,199.96539577407663,47.67900250891371
378,843.2310731555307,550.1910997321339,0.30520477812866925,-0.3962711669669897,0.21789020090830233,49,0.0,0.010230997169155456,1.288860288342815,-0.27551460662967775,843.2310731555307,550.1910997321339,1081.8911864908591,0.0,0.0,311.8921163269716,-0.22213127543260197,105.34362595835785,101.38461317400379,107.15014068145342,113.50977253273811,101.03947860639633,118.88184547507738,101.47218587232598,102.11819692794684,105.45586763319257,105.33437620638254,20.201083422984432
379,1302.2356009783912,551.0448411779579,0.8412793235029193,0.22211616951497354,0.24231814517472894,49,0.0,0.01602244913127198,1.4785913321274131,-0.4246203898149323,1302.2356009783912,551.0448411779579,944.8088493966254,0.0,0.0,311.70087157908796,-0.22177841699555878,77.63798575432315,71.55413593257661,102.77395124204966,118.00925702064036,85.70068281682026,91.33939489750998,108.5903339735004,88.97279561916199,86.1120035092417,88.07530591963102,26.043002711170097
380,1932.1165371389832,551.0711152360547,0.5258586238991808,0.25024353534573895,0.392415420810878,49,0.0,0.010060428258586567,1.0186350435558706,-0.02004653224409688,1932.1165371389832,551.0711152360547,919.1667153697658,0.0,0.0,311.4384273284623,-0.22176734694999875,78.57192821521275,105.11093678371842,74.18136052991386,110.35303374288969,88.48141893756383,81.1977892973774,84.2787760409251,99.76362795486978,96.75373775064074,77.43645616100538,23.037649955648888
381,1749.2829386634282,551.4883450940381,0.23622867981456497,-0.825031663243538,-0.643723841298087,49,0.0,0.008800162775793641,1.1935339096265694,-0.19208690576895396,1749.2829386634282,551.4883450940381,999.6062410145043,0.0,0.0,311.5146061023972,-0.22159402643018247,94.86326703667123,97.27710157249606,89.76460493446181,99.99508432573276,91.17601519131132,100.92927983375782,109.76600857456856,106.38174020879458,92.8088813155976,93.30509784524045,23.339160175872273
382,2049.5505665529827,551.9783707951522,0.9218412544247084,-0.7675511957246026,-0.2974536374557495,49,0.0,0.020148386776825483,1.8166442249038535,-0.648174706423706,2049.5505665529827,551.9783707951522,1041.0663553776633,0.0,0.0,311.38949793378055,-0.22138881024544468,109.41460893957893,101.53143955332,108.31759456689295,103.08694846757724,97.22900295509805,104.02908187251066,115.39749345533025,95.2068712281885,108.53245353678416,82.41394811699178,15.906912685390738
383,2071.791400815248,551.6167906050197,0.9394749629511406,-0.5155126836639273,-0.02566201694958385,49,0.0,0.02581094038910132,2.3137678221397686,-0.9107994424787359,2071.791400815248,551.6167906050197,1151.3089533495634,0.0,0.0,311.38023122544746,-0.2215393391910221,95.97492428638876,123.15331213553623,120.56900241211329,110.18304179973401,96.00223493829931,124.22211280318498,109.4060670782015,124.86283632936356,103.86768497009564,119.99201391666523,23.075722679980835
384,759.5068358060739,552.7607718810622,0.7528146903765639,-0.5960452498852371,-0.3813678973219043,49,0.0,0.01412144190189752,1.0687982602102029,-0.07223934546873147,759.5068358060739,552.7607718810622,1135.3578351633541,0.0,0.0,311.9269995159799,-0.22105987512285666,112.13023923884488,114.96302432224401,109.25032582701043,121.19420731766245,113.02717713042907,108.0196739300903,119.70151303484542,97.37464841883363,107.00762406817941,112.20907822324662,20.48032365196793
385,1053.7503473966087,552.9751926436645,0.25915786769356847,-0.10014913431603008,0.32354133562190457,49,0.0,0.014615839570869274,2.43339099188441,-0.9655297400368096,1053.7503473966087,552.9751926436645,1127.1215661924816,0.0,0.0,311.8044038684257,-0.2209729257186889,98.53598556652854,109.34361907590677,94.6816171826633,109.13059732628284,114.81128077524633,113.72284803351029,117.09360381431691,102.89093809421308,113.8396736633614,127.74990794293171,25.321494717520466
386,1499.3324011008451,552.7491173432742,0.6238609192411554,-0.21571924319582222,-0.04622159183826887,49,0.0,0.018364103304616332,2.13730379029956,-0.8246656398438611,1499.3324011008451,552.7491173432742,982.929980844558,0.0,0.0,311.61874987795244,-0.22106880506784504,89.96468900576112,88.14863328723729,90.92393504331409,100.3605420896863,93.99473530876688,93.32018393581377,97.21397609440098,96.22704898859334,99.09378825348628,116.96823095401666,16.714217883481265
387,1808.7001278039465,552.8273078881402,0.6928568512554046,-0.3955317144852828,0.03521647135250119,49,0.0,0.08245724366492524,10.179245833092665,-2.5192890072171883,1808.7001278039465,552.8273078881402,1828.2938988036824,0.0,0.0,311.48984951437205,-0.22103603405111394,180.0688784147341,174.55533982679714,209.03870676701038,173.85747082402017,195.09041334865094,162.53889477845058,178.29039095770895,199.5726012384798,167.19055708031732,154.36307634894524,33.72756921856764
388,1789.3773617493314,554.3121915941932,0.6377714486296802,-0.32234539972070586,-0.08294636424023193,49,0.0,0.048811470234556543,6.607427922484912,-2.050081085756889,1789.3773617493314,554.3121915941932,1350.8845188529936,0.0,0.0,311.49790047314895,-0.22041741379369642,118.14474030621759,138.76709421705198,119.34123885222778,131.0058454952137,129.41418557032722,119.88219957932526,147.88383751471213,142.56865395378696,122.88675495067571,147.8212668006548,33.16870161280063
389,689.858967838478,554.7753210124969,0.24228861673655372,-0.14908732891999463,-0.1795045726904937,49,0.0,0.014128316587331605,2.2369281438371056,-0.8741300840276128,689.858967838478,554.7753210124969,1264.1457157302711,0.0,127.63703078919018,311.9560176778188,-0.22021983363525682,102.84670908963457,108.3968089115387,127.57691272241962,127.8717137079833,122.27876608563142,141.22658382715696,112.62220287156158,147.47560742622414,123.1968138720801,124.72844731794073,25.925149898099995
390,1139.999985407658,555.1731432238914,0.5780912160834383,-0.3122378319562865,-0.0866442391931675,49,0.0,0.09312278459214417,12.938970508043855,-2.7797493074348423,1139.999985407658,555.1731432238914,2552.317889204624,0.0,0.0,311.7684677894086,-0.22005767872582502,183.56126922697655,258.37586574452666,301.90492530266,283.1501484122738,248.7843472291998,256.4789639503625,232.73331400486742,242.38543820619702,235.58228342367292,256.2721380554477,53.089195648439265
391,1528.5884874981239,556.1249308542376,0.36634640808343005,-0.6249048664965166,-0.2073455540021112,49,0.0,0.011886956587892834,1.674932581335151,-0.559993326725612,1528.5884874981239,556.1249308542376,1076.5432343113048,0.0,0.0,311.6065601126965,-0.21966232728920843,103.91268076890714,103.67329054794538,112.48408727881616,105.90785446254509,100.81757037064276,108.68190542152415,106.9410450387436,85.24285712923508,114.67939206678014,116.20061573951926,18.00193548664614
392,1284.6334324925517,560.2328739268055,0.37167069349002074,-0.7764655133147806,-0.11384510405782033,49,0.0,0.036055141307249794,6.0167656450410005,-1.9484077397779853,1284.6334324925517,560.2328739268055,1515.0300082536298,0.0,0.0,311.70820565380916,-0.2179502377483189,131.13552657106925,157.88051029497024,161.26225928619942,138.95465443572687,162.18304077121877,156.5467278457991,148.7645516386578,155.0639742888044,129.3104850892052,153.13064568274046,20.797632349238604
393,2344.1916401811986,559.7130407411823,0.24909005849243052,-0.9893203585004124,-0.11355665254193303,49,0.0,0.010360901536155284,1.807283585918345,-0.6425657606722563,2344.1916401811986,559.7130407411823,969.789872623388,0.0,0.0,311.26673576244,-0.21816420707218576,86.85587831069591,94.83580359901151,90.19422220317449,87.5246048874786,97.0676914834437,79.9641627293559,113.60284493363675,110.22585836252367,80.6107366297715,94.58365114552677,34.324418338769135
394,1065.4709840636012,563.4334983424677,0.5453764381194885,-0.15319420902358444,0.052848172380216614,49,0.0,0.11327353139898243,16.721689750827895,-3.0582004035082155,1065.4709840636012,563.4334983424677,2514.75019248289,0.0,0.0,311.79952051450766,-0.21661565575022082,217.34610437542216,222.93653955325368,258.71305546941073,252.99373413687874,259.7648859765833,234.92792158951636,234.12876988874712,265.98876120056275,256.70967403458246,273.2392608564395,38.00148540149243
395,1404.955584750885,564.0608972562178,0.6940265904232218,-0.3053757892258242,-0.16473942846797918,49,0.0,0.11653392863925127,14.560203937565584,-2.9079186449183547,1404.955584750885,564.0608972562178,2411.55894214709,0.0,0.0,311.65807268058546,-0.2163556751917585,220.46077011208604,250.7459572622554,241.00516907371266,230.6095932997796,222.36708310778994,269.9385684523108,255.7499750597849,246.97790018784985,213.68402781661672,208.26026437935104,51.75963339555299
396,1634.0096487055514,563.7012484221052,0.4173324276438766,-0.7502536741746859,0.2232590198739414,49,0.0,0.008724380772469797,1.0730568083003678,-0.07655678599200103,1634.0096487055514,563.7012484221052,922.0466526567836,0.0,0.0,311.5626355729823,-0.2165057326741201,85.47842620332236,76.60912492540267,88.4729535334074,95.93776364983803,120.67385564268645,92.8432688812664,81.94513432526166,107.84457203374447,73.9119506130678,92.09738396512601,6.232218883660311
397,2407.1192877986336,564.0114342350582,0.35869756057180485,-0.19593347467744582,-0.49127521334295976,49,0.0,0.012595259427253331,1.784252557151825,-0.6286408196269642,2407.1192877986336,564.0114342350582,1082.009485296648,0.0,0.0,311.24051726423846,-0.21637278002088273,99.15155190506108,103.1247857123494,93.9490506921045,105.70562712209959,109.05470249524946,83.18960083108676,104.66635733880315,113.96524534139465,114.09780921951055,124.11178925228123,30.992965386707773
398,1795.095422096015,564.4375216675327,0.36986810956433064,-0.5790477018245415,-0.016692301879278053,49,0.0,0.011071283276423847,1.6667222322795032,-0.5546580711960568,1795.095422096015,564.4375216675327,925.4015079883371,0.0,0.0,311.495517981505,-0.21619875954001747,89.82723392336368,70.8082144235247,77.78298149881527,83.97847411233556,105.25298184305609,102.68613330159474,109.79260503845546,89.56602775936503,80.30834590928308,102.97888716973745,12.419623008806145
399,950.0725304360882,566.8798250924888,0.8349011978694835,-0.1336107864228063,-0.04504667947891161,49,0.0,0.057921227592669926,6.1663010307952995,-1.9750618064992729,950.0725304360882,566.8798250924888,1455.0379498183038,0.0,0.0,311.8476013092031,-0.21517900021861924,145.9521217107316,149.1598753535007,146.75498814064807,150.6086090860496,153.67702750743064,149.0360796544461,116.33586540352057,140.74509852333765,141.2119057149064,128.50256057445227,33.053818149280204
400,1377.5492532566268,567.7372326112753,0.8364497726233906,-0.603114386687767,-0.23870339769254367,49,0.0,0.03721378110531562,3.983648372087449,-1.5007024930528496,1377.5492532566268,567.7372326112753,1134.8532066984362,0.0,0.0,311.6694917253018,-0.21482389190185738,89.04081546196947,116.25689683764907,110.4534693751776,111.89588154302288,120.09231980260412,115.61162712994164,112.79829900023438,127.12924499366389,105.14689844950286,106.56459272200487,19.863161382665425
401,2033.9588475312787,567.4219452080528,0.6633896186907773,-0.20530753377658603,0.1857406123458167,49,0.0,0.013476100339507085,1.4725503373311453,-0.42017537384563464,2033.9588475312787,567.4219452080528,895.6163679614268,0.0,0.0,311.39599419983915,-0.21495446870981605,80.81944917901313,86.23126987040767,84.05734457348808,103.65619684061807,82.86703937076591,89.40829892214467,81.46040188803164,96.42888492758897,93.07104571969214,74.43564167453866,23.1807949951379
402,833.0541904877919,569.0010979854204,0.47531762975168,-0.4420280441343887,-0.0464507766924654,49,0.0,0.013349617377757597,1.5964168001473698,-0.507865723758582,833.0541904877919,569.0010979854204,1015.0362824948157,0.0,0.0,311.8963566371048,-0.21429425613922326,109.42126060700534,83.380752682219,80.12780574834001,95.4607165262536,114.38031910109444,101.94684429096375,86.27572725316449,114.34203204422937,113.58587897387848,100.04906206033542,16.065883207331865
403,2214.9543252491417,570.3937798384989,0.5855184932450512,-0.44089905954393666,0.06543779908615921,49,0.0,0.21653256856865727,31.320848140845087,-3.739583784638268,2214.9543252491417,570.3937798384989,3973.624582546375,0.0,0.0,311.3205820998089,-0.21371520834280697,354.27973694918387,398.3494727704517,374.50925956332145,381.1223621479638,426.5556907635779,391.5028676607641,347.3120836867721,379.1452429860975,423.45427258733673,413.9548305097251,83.43876292118097
404,2442.334350039456,570.0385524434787,0.8455232203228101,-0.6331932051556495,0.047533882272012294,49,0.0,0.016031418943236335,1.3165895195234851,-0.2986259841147546,2442.334350039456,570.0385524434787,1032.2700261848768,0.0,0.0,311.225845103183,-0.21386133755976425,96.84660198240591,103.3029773154451,91.72873510286831,84.75885263902829,102.8623713829725,84.6540148890692,104.04160034644973,128.53145788894037,122.51506261660943,100.9381057077202,12.090246313367674
405,1603.144331287412,571.5687414207337,0.8041045996136742,0.09029435296214548,0.019371020063705908,49,0.0,0.015377906625945617,1.4584113093877609,-0.40970005859353126,1603.144331287412,571.5687414207337,906.5475451233726,0.0,0.0,311.5754958476705,-0.2132278019163846,82.83126771653508,102.11331088709366,97.10737719502998,90.55150716966989,82.57448833902313,93.32831386090375,86.12527599717775,82.78847545639584,89.3063459244677,84.30764886385926,15.51353371321651
406,2744.5038343266788,572.8093784573149,0.8791066041134378,-0.6926176288007225,-0.4500716977103892,49,0.0,0.013754472318344585,1.336229428660876,-0.31470258069112916,2744.5038343266788,572.8093784573149,810.7280449622269,107.08180606553296,550.4369373230564,311.09995038753544,-0.212703538350875,43.741257543037484,133.05486673310583,63.62991718907179,53.93980235103443,79.29475052430666,110.51158622442576,93.96510964364515,72.70361760358136,72.93218142544904,80.90032864897704,6.054627075592425
407,1820.050877156175,573.804771554041,0.7517378000950611,-0.498054635685921,-0.05270914335945553,49,0.0,0.08615165154525993,10.35558764603414,-2.537936871832392,1820.050877156175,573.804771554041,1770.321756317748,0.0,0.0,311.4851200965037,-0.21229590420394695,152.50427796180963,171.43213918649417,178.3113087663988,175.64959778519653,157.32200235173502,176.90489611726127,174.04532484640777,185.44433781151048,175.53042747903436,186.93725981265533,36.24018419924445
408,2020.909357439367,574.2126804094594,0.502253834100154,-0.46973924345942947,-0.5482581639242933,49,0.0,0.010138213868232085,1.1913592201913825,-0.1901068256732991,2020.909357439367,574.2126804094594,868.0836336949558,0.0,0.0,311.4014312872587,-0.21212523090370616,75.6753011051624,98.49656646388848,78.5294369154951,82.72305901934317,87.15548207023969,86.61523028831292,70.5040601317652,90.67045811260854,76.5474207778151,93.96580468461225,27.200814125712927
409,2064.264683183316,573.5167361044588,0.5532674170201326,-0.3695370763328852,0.03663405281481944,49,0.0,0.964160101911035,145.53297190458284,-5.407403495228923,2064.264683183316,573.5167361044588,15732.581358445277,0.0,0.0,311.3833671380221,-0.21241497488160643,1469.4763925872935,1485.243049836608,1468.3473525080694,1560.4274690277216,1606.9793854252537,1549.0580911900838,1571.042724473043,1506.0051814360654,1615.8393414818902,1624.0727211217932,276.0896493574544
410,1804.5757603214092,576.431033548562,0.32580708682469106,-0.3177148116369936,-0.2300224634664273,49,0.0,0.011080471230638279,1.8259176636818781,-0.6537029748702444,1804.5757603214092,576.431033548562,913.4919653289036,0.0,0.0,311.4915679049831,-0.21120172721936975,70.6751411825681,94.63929842422945,91.57990581407111,94.13424712941091,89.60981856014249,103.71469585779272,86.41657219813376,105.9365997465563,75.50590171854893,86.47904850211819,14.800736195331634
411,2589.829311614394,575.917869680059,0.729649852449496,0.3912492497185289,0.2889561913717277,49,0.0,0.01379398195910197,1.3864291026746907,-0.3547441653032608,2589.829311614394,575.917869680059,1003.0889871494967,0.0,178.8002102671843,311.16439283042456,-0.21141029501008332,85.22563649868137,97.30533461081224,89.12334999985714,84.43066946000835,105.174868524215,95.59233794764248,104.26020725962536,99.75155519193362,102.3321193179335,115.89567434263141,23.997233996156197
412,1580.3093918292755,577.8806796118729,0.4783931059181203,-0.6955130167067064,-0.22019386061535948,49,0.0,0.02281554612527612,3.2087472814427223,-1.265838784327363,1580.3093918292755,577.8806796118729,1234.2633253077968,0.0,0.0,311.5850102067099,-0.21059797178024445,119.1275877241386,110.20714749563055,114.49934812084555,131.38464140654094,116.47719192781477,133.93907370461028,132.59126659264479,114.73001303765008,126.55788116426777,111.48965349843628,23.259520635217214
413,617.9788670505718,579.27424485195,0.41193374009418093,-0.31612040026714844,0.05257781260543608,49,0.0,0.014958441897805605,1.9113217190600835,-0.7033344871989621,617.9788670505718,579.27424485195,1132.7257074154281,0.0,762.8240761117328,311.9859659296023,-0.21001199346736527,99.43821128137321,99.87011899217597,99.27449306035851,121.07173579555993,121.40922281806641,97.02377028720937,101.01607070267252,115.85700187277573,128.98792867102964,122.03202331104366,26.745130623163142
414,1479.634512736228,579.3440436070597,0.28765857528327093,0.06726973861899906,-0.1350009085391121,49,0.0,0.007570679102158105,1.198375492650218,-0.1964822972928359,1479.634512736228,579.3440436070597,786.6693762746736,0.0,0.0,311.626957185559,-0.20998819161229276,67.21483360790526,86.48732394802663,66.49031568942127,93.1528283602695,77.95249631172607,74.48603789247949,82.14180456790916,84.32066812839469,73.53533031570453,67.58210381097143,13.305633641865548
415,2101.5111104126368,579.2891796127774,0.6907202585345874,-0.6630607394883508,0.06961921118065136,49,0.0,0.03916688343404762,4.737816566003646,-1.6889456053428828,2101.5111104126368,579.2891796127774,1230.445336978993,0.0,0.0,311.36784827759874,-0.2100097376201629,121.10871383252358,124.56564365505969,132.63759404763033,119.89807959997454,95.25007921112925,141.0346671315969,113.44789082172383,108.59454788759473,132.9629012280177,110.56967346088136,30.37554610286135
416,807.3183687834131,581.5968000979148,0.4146047874702744,-0.08200968585084743,-0.04054416048239593,49,0.0,0.01124679692387113,1.5125097806533963,-0.4492454792535233,807.3183687834131,581.5968000979148,1012.3046134438327,0.0,0.0,311.9070794380151,-0.2090461983542246,84.49612529558202,94.6037351908781,107.58642100704353,91.22492098505955,94.2028155979186,82.8313553308491,114.1196916303928,98.19272168988664,122.6660456376801,96.77188633017488,25.60889474836742
417,1449.4353872400195,581.1927072606125,0.47252018051357375,-0.445315206446079,-0.01758633031701893,49,0.0,0.06317385056872798,9.998735930432185,-2.4998627467154213,1449.4353872400195,581.1927072606125,1810.410973827245,0.0,0.0,311.6395398829149,-0.20921791235749287,154.161974225152,192.68741114683723,177.4732784367995,178.19826735752162,178.68518432046733,191.99032601796117,176.47625195815124,181.17839282217864,175.6788910967505,164.83909923938648,39.04189720603945
418,2248.717073553736,581.858808392483,0.6158053359133816,-0.3618300951104251,-0.07228489842990583,49,0.0,0.14731435206203042,20.99154280896082,-3.305110897408251,2248.717073553736,581.858808392483,2759.481684903009,0.0,0.0,311.30651479675447,-0.20893819037166245,243.77305681391982,231.75599847611423,247.63268404884468,273.19009586456195,308.6218530157495,266.2874227792381,277.0051211742925,262.2726077277324,291.54094655232177,310.414948369752,46.98695008048198
419,1230.822203499234,583.2126276770902,0.5677795623021847,-0.32216684987335986,0.023602009541688024,49,0.0,0.23235425566998216,35.03720542218592,-3.861323648554324,1230.822203499234,583.2126276770902,4028.7448239100086,0.0,0.0,311.7306264770935,-0.2083756982811648,358.4933134312496,417.2454920494455,392.7476191021649,387.2642946501673,416.1537580798536,444.0345623343653,379.55931228299875,378.790815482914,370.5499397219222,389.92186396146195,93.98385281346583
420,1571.3076582819924,583.8366794164413,0.5821280454698733,-0.3896707948786123,-0.05763701894543397,49,0.0,0.05965637527740412,8.69537155767688,-2.3482203609017778,1571.3076582819924,583.8366794164413,1495.3225723378748,0.0,0.0,311.58876085250483,-0.2081164392175264,124.24871482853018,131.79873982568478,143.97013765326548,162.96947095092156,151.8961407346903,149.3032777020758,146.00252220470077,173.50510788482882,146.77157813109403,132.17477152028457,32.68211090179842
421,2006.0974455804944,584.2902923428129,0.8248930707908858,-0.49136010594270196,0.2511491757445899,49,0.0,0.014685952370740225,1.406070616013013,-0.3700178311808166,2006.0974455804944,584.2902923428129,948.431934705715,0.0,0.0,311.4076026853654,-0.20792654440707498,83.74748928147484,82.91762339988071,110.94663377539277,85.163401031372,95.51587782229339,93.27508848746582,76.90350346298604,101.84769856922856,94.51544077139549,109.7358767350317,13.863301369193586
422,795.5738035984465,585.3553517124456,0.5099384610609232,-0.24988774671215905,-0.08549761889265135,49,0.0,0.03039051917788723,4.015107801018431,-1.50924302519425,795.5738035984465,585.3553517124456,1308.8766335852988,0.0,0.0,311.91197277433184,-0.20748014392637826,125.27135441182925,115.86553552176898,129.85421787262237,139.42445847918825,124.63893495929469,115.13061412599001,116.41501432418335,132.5851825761678,133.80093499365682,150.29979604843868,25.590590272158487
423,1196.6608487200451,585.1688802394939,0.8285878887302808,-0.11763224918040677,0.04050087495919123,49,0.0,0.02321506625704155,2.3264809732155465,-0.9167487626747346,1196.6608487200451,585.1688802394939,1020.0037306094251,0.0,0.0,311.74485997589846,-0.2075604954942071,81.95113112153535,101.67660526254883,100.54604531751362,108.2219101451601,96.79706284071816,103.70315435961919,97.62721974524754,106.73617894548113,90.27037815517926,117.13469560296069,15.339349113461331
424,1956.0303110188333,584.5895517873498,0.4700779395752068,-0.36400985238946443,-0.043432220818316165,49,0.0,0.04801940340566864,8.020152440805145,-2.260456557733884,1956.0303110188333,584.5895517873498,1464.9567624229292,0.0,0.0,311.42846339795534,-0.20780206970253193,130.9953908480415,130.8602966133244,156.12607416093152,146.79844726109292,141.95725715231222,177.16380400706763,169.8003892900851,124.84758595112125,120.11179541071326,139.93852366897184,26.357198059267645
425,977.8188701990458,586.5960952356215,0.7531688348695926,-0.252699698192781,-0.1454413135590067,49,0.0,0.01841676814366145,1.7844328339758493,-0.6287505144044164,977.8188701990458,586.5960952356215,1048.9343026364022,0.0,0.0,311.836040967017,-0.20696462818313616,98.96714673776027,82.71059017621349,101.01696260365856,120.6874309281981,119.28728737353728,106.19195408949778,89.05780534397773,95.56659973905201,95.11961195797187,115.88635723299316,24.442556453541826
426,936.4246104821667,587.8391372312976,0.5330314566231034,-0.16389113959779153,0.0644515424416686,49,0.0,0.015492669589496959,1.9699467096967278,-0.736136194848545,936.4246104821667,587.8391372312976,947.1099869803786,0.0,0.0,311.8532878506765,-0.20644643670244556,76.03411927178206,93.31172772181625,86.20328536184307,73.86788295772715,101.20093913163001,84.44173259273471,79.28952887718204,105.66289471593788,109.92402399337968,115.65711867789548,21.516733678450368
427,1084.167983582441,589.5738322061444,0.7234734249678877,-0.08136161135949684,0.3280816983302538,49,0.0,0.013568463056032234,1.37897782041885,-0.34889320251872413,1084.167983582441,589.5738322061444,951.6978310193181,0.0,0.0,311.79173053156626,-0.20572464331819798,89.39798716641536,84.0351857892123,93.14948039997654,97.5063375142308,103.77664347979145,93.14903363008101,98.05762476870946,84.3143015099938,90.07970269572493,100.2617408948215,17.969793170361026
428,1128.1521064332321,590.2565654184891,0.2511183677263535,-0.5997620265757391,-0.21798291639214742,49,0.0,0.013611817979261372,2.3622942060886882,-0.9333349619447989,1128.1521064332321,590.2565654184891,1179.6798679333888,0.0,0.0,311.7734044314688,-0.20544042473274465,65.21139315554893,106.20494518026398,143.631123726958,143.64326901941044,128.28753318045074,117.03179019322693,107.65781483450698,114.90546365461917,122.53558322094244,110.64022801004246,19.930723757418747
429,2189.0058362128602,589.8965380786516,0.24566950932905557,-0.7569537338815097,-0.6708182587507081,49,0.0,0.007891661666660376,1.0564850208354994,-0.059658359683316384,2189.0058362128602,589.8965380786516,990.0855426403987,0.0,0.0,311.3313934044375,-0.2055897572854395,90.97022837854655,88.82355170557454,87.69445491287178,119.9593096220635,98.23443486948159,86.1768479691574,100.46810341797232,103.38858956473034,79.37145969182771,111.01296220623149,23.985600301941403
430,680.375199416112,590.818833544737,0.5256253675979135,-0.18588072189156038,-0.08602529834433666,49,0.0,0.03868378086604883,3.7700143410061533,-1.440857505625882,680.375199416112,590.818833544737,3718.972087918618,0.0,0.0,311.95996936574164,-0.20520277735341952,337.3952520561537,374.6838559108843,358.8268936692057,340.97501573356755,378.1380420613882,347.06073909223755,404.0473151515732,350.45209474817335,385.5042106038958,373.4278828751034,68.46078601643512
431,1544.4457825138006,591.1769978091662,0.4303108524030481,-0.6861911434992327,0.24226372619204803,49,0.0,0.012030980501750539,1.5529395265642076,-0.4778863601990163,1544.4457825138006,591.1769978091662,936.4678462446851,0.0,0.0,311.5999530722639,-0.20505812684289051,78.53157821824283,96.88782077139041,98.39557805106543,91.0593320096014,104.56864457780308,79.40917056116203,79.68034583408321,100.62676956981467,95.87105223848587,89.39345146028903,22.044102952747078
432,1529.481668990126,592.1960692162233,0.4163509553979755,-0.31479658775045755,0.016710105425665547,49,0.0,0.01954398047517222,3.1211503346851,-1.2357867189652947,1529.481668990126,592.1960692162233,1084.0465763491832,0.0,0.0,311.60618799103196,-0.20463352635519647,100.7594874108214,109.49148395096219,97.43050164897849,107.42073380140977,101.12220237263799,99.11465177249771,113.25731533693144,111.85951248928436,116.77868765972876,106.06451270078765,20.747487205143468
433,2090.6907784961713,591.9098638465798,0.711075310160499,-0.22400437367262652,0.30783586913972777,49,0.0,0.019047481497332736,2.0454081352762166,-0.776949947378046,2090.6907784961713,591.9098638465798,1107.200175172395,0.0,0.0,311.37235652613595,-0.20475149859044364,103.91867940632847,113.27888647882918,115.46717538508625,104.47378324602052,105.90563090550177,109.30132118733869,101.25762845853669,111.50942546538923,101.67704413572095,114.26292815445366,26.147672349189534
434,1484.516300182116,593.0386548718973,0.8353087566052996,0.5263231794903214,0.266472348376307,49,0.0,0.017366339807951752,1.701422003166435,-0.5770301122442335,1484.516300182116,593.0386548718973,922.8368805825121,0.0,0.0,311.62492316948817,-0.20428242248619324,83.95123008844925,88.71568967680162,93.64048692964145,93.05012871623305,88.45657071700441,98.991134880466,103.78057440128008,88.8279967936466,73.62717495013939,96.7092359784036,13.08665745044669
435,712.5181219527462,595.5466193611137,0.7429987679069033,0.15671435780267196,0.3927333373517717,49,0.0,0.032989180638131124,1.36696878893707,-0.3393964968307714,712.5181219527462,595.5466193611137,8472.972267108014,201.18695748724167,0.0,311.9465773831981,-0.20323332868816982,735.3726439386041,849.4051808849058,771.7970118854446,837.3323320326551,764.9677639494698,857.4506898146225,887.6663868123292,854.6567922383255,876.1080890807427,842.7910236732657,195.42435279765002
436,597.8591717866518,596.3099907510604,0.6405057740948296,-0.04737316324486479,-0.1216350027413583,49,0.0,0.0849664618071148,9.938009557504847,-2.4932485251900207,597.8591717866518,596.3099907510604,2529.0291455680963,0.0,1839.6071120240858,311.9943487189811,-0.20291411786224292,237.0963115472208,242.8405913447643,244.1715601958,265.7500736341149,292.5712650697519,241.4452216288547,261.3937088948863,203.47553507968306,242.1214752849734,254.2448206593456,43.91858222870144
437,2033.2467883015559,595.8377126417971,0.8031474170348752,-0.6261572117103944,-0.05921907788701215,49,0.0,0.030237589408840547,3.068286831219786,-1.2172398903055317,2033.2467883015559,595.8377126417971,1112.721242876919,0.0,0.0,311.3962907418308,-0.20311527775202412,116.25957161287533,87.40037267224542,96.07576526488491,122.71168559103646,108.68661727924601,123.98906514811546,112.05268821341144,111.75033999384709,107.96158650724135,101.63205298974924,24.2014976042663
438,1738.5047234302756,596.593529879863,0.5300098588697411,0.06335253463377244,-0.03875282161604011,49,0.0,0.009935189320637776,1.1757963435734708,-0.17583026327542356,1738.5047234302756,596.593529879863,914.3217381777849,0.0,0.0,311.5190968525077,-0.20280127432314762,75.82139278626082,85.15796135068543,88.08680121309627,95.6186300289302,83.85676942563171,83.98408593943856,83.22364444076916,103.12660465313868,96.0776203347026,91.87304689998466,27.495181105147037
439,689.4729543571779,598.1810233582958,0.6874852476049612,0.20064793987948987,0.5566532078534215,49,0.0,0.04073825058019896,1.268847998456934,-0.25852399734615267,689.4729543571779,598.1810233582958,19687.64560771453,0.0,0.0,311.95617895684984,-0.2021355201347529,1756.1905261386241,1898.7880318510554,1908.775053468847,2000.4198322630032,1937.4287004948783,1978.7524033823547,2004.7443516814678,1975.6169759061036,1978.911401329652,1894.015231190508,354.0031000080393
440,2717.103078421007,598.5517399843594,0.8441464076645274,-0.9257234544523033,0.5359300132261067,49,0.0,0.02092559603343816,1.7909746692960986,-0.6327236085886269,2717.103078421007,598.5517399843594,1258.21500636578,58.221565629815764,1107.7129486579192,311.1113660301532,-0.20197884045904738,131.0558669145924,153.01811639641656,130.76040657353886,117.3787490802734,133.89740148137514,105.40221425774021,120.28900010285899,123.38469873537468,124.63230466288425,114.53672390930629,3.8595242514192725
441,1273.4422155924528,599.2100663274954,0.31001114107509964,-0.05869708358808822,-0.41987184764200075,49,0.0,0.008425750241355282,1.0984635604260784,-0.10196413637217018,1273.4422155924528,599.2100663274954,887.3066547737725,0.0,0.0,311.71286868094325,-0.20171064038005976,89.95901035897289,86.18808932476165,76.22127326635038,77.19541103817163,97.02874668928806,88.5377490857274,88.9447042008504,97.3602009676992,91.40377174312555,80.38617679102535,14.081521307799942
442,1991.4701705256443,601.0407729290404,0.8137092075510107,-0.6733339796248572,-0.2794367059975863,49,0.0,0.027021520236411505,2.8519605869803653,-1.1378587985884057,1991.4701705256443,601.0407729290404,1043.004030906166,0.0,0.0,311.41369713125886,-0.20094764465813938,97.01157171059936,91.36387044148891,104.79599215889738,99.3616724729446,95.7774984333862,113.4052810919829,101.14335933304065,101.86119930231584,108.6539469343085,107.24067161644622,22.38896741075531
443,2176.3020920372805,601.2343363723246,0.3148906755188497,-0.11684938264100496,-0.24243533167943307,49,0.0,0.010177470075488233,1.4936844973784575,-0.43564718392997964,2176.3020920372805,601.2343363723246,891.3496277579809,0.0,0.0,311.3366863530509,-0.20086604876950329,83.39345861925804,89.46148920256965,86.11864284920902,79.06474936628086,88.33390776023823,92.73462554464473,79.80560991421132,98.05415951722978,87.52979600054593,91.83725455419281,15.015934429600588
444,1184.4336462025767,602.1360141228965,0.6258473689605286,-0.2795401343755311,-0.06754772585626205,49,0.0,0.05232784875752311,6.973156497350821,-2.1085735302764625,1184.4336462025767,602.1360141228965,1616.4232080644292,0.0,0.0,311.7499545733346,-0.2004912127175367,125.78193118617011,155.77816196489093,163.2171818544972,179.93566559642704,164.19643154730008,155.6440206818538,164.41147894530843,181.3962194497052,153.1074965619997,149.77645028287253,23.1781699934042
445,2058.007920604603,601.6834945668455,0.8238426944527882,-0.47703058327788006,0.04293244893181524,49,0.0,0.05406323443963116,5.782958042036787,-1.905375103282763,2058.007920604603,601.6834945668455,1476.8371221944576,0.0,0.0,311.3859738915445,-0.20067955963176018,144.4090893264825,145.2378629969463,144.55922316450014,157.18939505664213,137.31415808777948,155.27495231587525,139.50541474998306,147.52679339439476,147.68566706286185,126.57490621688954,31.559659822102585
446,1649.5911715573957,604.0419186059277,0.47957674869118194,-0.3235293991963674,-0.15754292301816364,49,0.0,0.02191374282351027,3.170701746188863,-1.2528884794950734,1649.5911715573957,604.0419186059277,1292.1959691372242,0.0,0.0,311.556143388001,-0.19969803260239316,130.99046868961483,118.27923614803396,140.09210015506062,123.7570921710949,153.43520682034801,129.82361356576715,86.53446640470642,128.5237216702755,110.67174115083512,139.38668649899856,30.701635862489177
447,1793.6994874923396,604.417421394127,0.5355639042271587,-0.4824667276111375,-0.059119681317931834,49,0.0,0.019893567065382565,2.6678249436642814,-1.0653933220178629,1793.6994874923396,604.417421394127,1008.503469416106,0.0,0.0,311.4960995193796,-0.19954139710837257,79.04350184784326,105.41960864540732,99.99229549362886,100.85013950434409,103.387733038065,83.73537749117922,95.02069326440008,119.48380337026576,95.54265388077332,107.03896064653263,18.988702233666537
448,2538.9081329218666,603.4818416439142,0.2641794282269167,-0.6986678971783846,-0.24643069319042551,49,0.0,0.016045560456678605,2.6278966665873797,-1.0490207100454532,2538.9081329218666,603.4818416439142,1230.9412731885654,0.0,0.0,311.1856082063984,-0.19992674335138502,124.39693384554135,119.38800039464715,105.57750756770238,127.13316897716558,125.90073540356154,133.78769061346486,108.03762687460608,110.57897150858713,122.50273361704276,126.66676239771441,26.971141988532004
449,674.7288838087861,604.1880560770102,0.8777143152710499,-0.2998757381939104,-0.10662592683578842,49,0.0,0.021860982968859834,1.0391763661631563,-0.04172315270274007,674.7288838087861,604.1880560770102,3626.392911097232,0.0,0.0,311.9623219839766,-0.19963263398958508,312.68927847267054,317.33190329579054,347.99012771262085,354.50270180705326,379.20654529875935,383.809969358168,364.61518994338564,350.42931132291943,368.11018575848715,374.28049819763714,73.4271999297408
450,1841.6529653347457,605.5901184943275,0.7912523414261113,-0.05991545273277668,0.16776551150297234,49,0.0,0.014439931844068414,1.2555140993493328,-0.24705398544439916,1841.6529653347457,605.5901184943275,1022.9799955312337,0.0,0.0,311.47611935344344,-0.19905268978078847,96.59833421418443,105.92210733100026,91.85366138993794,97.54971068493624,103.63138897733694,97.65896032845005,106.7739934622876,106.35539146609698,108.44877238434319,86.79355577088356,21.394119521776528
451,1028.1945834757232,605.66282704167,0.43810740239615154,-0.2711671494868286,-0.18624914960595026,49,0.0,0.01244430725717857,1.7847898265591962,-0.6289677044262931,1028.1945834757232,605.66282704167,940.1024879473957,0.0,0.0,311.8150520409222,-0.199020978627917,79.93384578950374,98.18252661889196,93.98525141427277,87.70030384139409,86.13341079171681,93.97948897069168,119.75919528590003,83.66931359428985,95.16144322727195,85.0705529523228,16.527155461139976
452,1338.8991006613414,606.7794743571415,0.8072644428616056,-0.40191072577731696,-0.14881838584381327,49,0.0,0.034133811898756854,3.7083268158020557,-1.4229450041105545,1338.8991006613414,606.7794743571415,1137.2619745043085,0.0,0.0,311.6855956808595,-0.19855709753715947,93.73046579766745,92.3502911037012,119.29566883984523,109.5693601609378,106.93461461646203,106.95447485403464,133.61761059465834,109.80909358191525,112.40716967285215,123.65338229083363,28.93984299140083
453,1318.7678991850482,607.6858952675118,0.62276515832733,-0.6884976124151498,-0.18573562050669368,49,0.0,0.01154403698549629,1.1125747742045324,-0.11582302201586459,1318.7678991850482,607.6858952675118,945.0336371506994,0.0,0.0,311.6939834829858,-0.1981793852297147,105.58208786929319,95.87976594691358,82.32052621425223,89.26179949225855,90.97061875764663,83.06836610162374,91.89063453497087,105.71804284622644,86.12604316396809,92.78242323328298,21.433328990263163
454,1910.7770617016938,607.5863739560561,0.6436817988456873,-0.27110311949826954,0.024414578894752535,49,0.0,0.8350886394736327,117.44942596028515,-5.17462724620914,1910.7770617016938,607.5863739560561,11372.78074541889,0.0,0.0,311.44731833597183,-0.1982207616241504,966.9194002917598,1182.9995659591175,1099.0120293656614,1101.8645651846396,1076.7310145811239,1104.5634563284423,1102.8120237068413,1131.7565056260057,1213.1211999374545,1163.1746686148651,229.82631582297944
455,1643.8063355190898,609.0967073658406,0.7282063876026068,-0.19996168337918252,-0.016752358988759382,49,0.0,0.026237363719966277,2.907144776525585,-1.1586666507027579,1643.8063355190898,609.0967073658406,1239.0219126764541,0.0,0.0,311.558553684941,-0.19759198357670216,111.87475395950658,107.46526729433302,133.2664629711667,132.82455525644087,117.28409766149927,128.9104151172532,120.40487220281986,121.60473853309023,110.86579123566096,126.78146952221948,27.73948892246397
456,1808.997015744368,610.9400077784628,0.5745856151681945,-0.4748298300420647,0.029993573379630323,49,0.0,0.03105685900797085,4.342128552804099,-1.5942566925144503,1808.997015744368,610.9400077784628,1132.7653918121327,0.0,0.0,311.4897256759466,-0.1968237651484232,115.50077258117096,116.39036955337089,105.30823532888986,94.14029144427305,125.8644641977381,95.43029812800407,115.44504187435999,109.09068778227383,101.54970895706177,122.87737322106827,31.16814874392181
457,713.2237114074812,609.266321205352,0.9009126022741966,0.8736949811060933,0.4321544056190329,49,0.0,0.052613185888351344,1.2726267767873076,-0.261752641994796,713.2237114074812,609.266321205352,13371.304669696725,126.84491839484797,0.0,311.94628354455506,-0.19751721312130702,1187.672363400628,1223.5754980285635,1244.2703578704115,1328.686992509667,1340.6788917501908,1326.295045018821,1358.2943381266082,1316.3277632134705,1349.3174579009333,1401.7324418684175,294.45352000901454
458,1211.6163262277507,611.6310251316331,0.6429641908960125,0.17958118040073262,0.018455417170960095,49,0.0,0.018933335620397385,2.2238119137493,-0.8677451314262575,1211.6163262277507,611.6310251316331,978.6303158740413,0.0,0.0,311.7386288249497,-0.1965352964970291,82.29499580079235,94.74502560498746,94.23920562739909,97.85129506130309,84.22243219794224,87.88077958560197,98.76664572110394,108.2067751110538,106.34841016117534,103.25351973871183,20.821231263970205
459,1786.8718055414577,612.9236215240131,0.5518876830921441,-0.4976158838036679,0.17671484220426048,49,0.0,0.009923785634253269,1.042779339141314,-0.045481044479582095,1786.8718055414577,612.9236215240131,890.350763837586,0.0,0.0,311.4989443059925,-0.19599734836122445,71.87223513677307,87.44828119599606,77.14863387687936,99.55252058019566,96.3740639157972,83.87848849483126,89.56542716689614,79.76739697649548,106.17422054873158,84.99936887472282,13.570127070267368
460,1881.3943789168472,614.2706459223167,0.8048074770696074,-0.28767526345602434,-0.10334777263306474,49,0.0,0.021483312792602325,2.4721720933677855,-0.9826967491715577,1881.3943789168472,614.2706459223167,858.3560237629392,12.110086998078845,0.0,311.4595607965774,-0.19543588938272333,86.8520852732473,104.68610585475247,77.1971216655829,93.12726495465353,86.31433148333204,80.27206090009224,75.49809842357013,83.72194677110075,85.56588904785758,66.09937167267233,19.021747716078075
461,2184.6201473124593,614.9194885692746,0.6601110842831034,-0.4494204757890773,-0.05846806845198812,49,0.0,0.110967281881604,15.08886033655988,-2.9466410967493455,2184.6201473124593,614.9194885692746,2113.440412582639,0.0,0.0,311.33322053745167,-0.19516419921010605,184.75249289462295,200.80902621965615,200.4963977871586,220.12222915295268,199.71117519661954,218.1706647573978,217.4160028025432,217.51472613709984,205.9279740841804,203.82305520824212,44.696668342166106
462,603.4547691901558,615.9220714698849,0.2977139751659955,0.4924218133799978,0.4212975313368739,49,0.0,0.008074541026091871,1.1724764222606903,-0.17276029523745262,603.4547691901558,615.9220714698849,1110.314844220213,0.0,599.4996666920699,311.99201761367254,-0.19474311967122196,119.23824127165429,109.82197663970658,98.54760768158499,119.94610345290799,105.89772980508225,92.9546711687161,112.26880390522345,98.75511433297832,121.61074606430653,105.81109866071972,25.462751237332824
463,683.7616321821737,615.0492049942972,0.3173265009263149,0.8342504196554271,-0.7581777377794006,49,0.0,0.03786998135901282,1.6029889329359193,-0.512326309969185,683.7616321821737,615.0492049942972,8961.254307708372,0.0,0.0,311.95855869712744,-0.19510757864527042,826.9463624290349,864.4540372121335,854.1118128534576,838.1342442882562,880.4901848237193,946.6493940475711,886.5866113323558,861.47089067314,921.4232575228905,898.5930170875326,182.3944954382794
464,1573.0947608059917,618.0920980492604,0.5333520430615021,-0.22075243832570196,0.1564506291967453,49,0.0,0.04374880754513626,6.393862830458828,-2.014408287450285,1573.0947608059917,618.0920980492604,1328.6275684621207,0.0,0.0,311.588016252621,-0.19384410312552744,108.6258488027095,132.39517865309088,123.07018014046066,154.298152440264,130.6996175357149,109.46246036883053,135.7437709846841,132.07391440777593,132.26235252005594,141.92042843617514,28.075664172359048
465,684.166903924758,617.3933624642013,0.8547091559378839,-0.541528385207866,0.5362945936989707,49,0.0,0.03399379503390822,1.3441257635492543,-0.32109976379636024,684.166903924758,617.3933624642013,8156.003648782282,0.0,0.0,311.95838986923604,-0.19413092192151749,767.4006802778124,795.6697062226846,778.2135383351277,755.8593149389216,800.1697788780868,864.3606197842822,805.9068610553088,765.9493559198149,821.4845115272253,827.7298430309122,173.2594388121048
466,1253.367209456075,619.4974763887233,0.688737888866012,0.2912944291856235,0.28624520518743674,49,0.0,0.012619788058828742,1.2006594535662583,-0.19854961174351166,1253.367209456075,619.4974763887233,965.9205969817195,0.0,0.0,311.72123312689826,-0.1932579467531718,104.04352329149617,86.45922698199638,80.69616664859004,87.69099750285336,98.64458408399372,99.25801586455407,96.22709622544684,100.39651791501468,104.67628488736523,85.64754937139921,22.180634209009952
467,2630.9632816744215,619.3225784536995,0.4104150903604774,-0.5230154173794725,0.1182804135869093,49,0.0,0.0401665201653461,6.545950787234563,-2.0399318398448703,2630.9632816744215,619.3225784536995,1608.1605429222905,0.0,210.8941445834079,311.1472544500915,-0.19332600505120429,135.31908985514366,156.5981230767871,154.4492371763958,167.1033912630013,160.80672092433207,166.40548518563745,157.8208665241295,157.9329471578695,164.99101228994465,152.74295323371865,33.990716235330915
468,2268.5430597633067,621.9154765289095,0.4189173286391918,-0.39598949752008067,0.04953634778094388,49,0.0,0.01579238947493909,2.345953359337446,-0.9257984337883606,2268.5430597633067,621.9154765289095,960.123764727828,0.0,0.0,311.2982540251806,-0.1922488450308917,89.23595526265109,101.34935357443635,80.48455934743937,121.35310455591693,101.54367057404339,91.16218354114974,75.95089709101731,95.68141802876933,83.68719575552521,98.85172065374776,20.823706343131605
469,1066.6006127946896,624.2974932595133,0.5122390091922183,-0.5848755092732854,-0.07972920392991331,49,0.0,0.010463448460239107,1.2370323566005605,-0.23095264864696222,1066.6006127946896,624.2974932595133,888.8006688448004,0.0,0.0,311.7990502232934,-0.19125721526071646,86.21148767969518,83.01762112117878,80.58260315242585,101.76244972366587,96.91280400123627,84.60492639948247,81.37298875697445,79.64803162539613,71.93504513623402,91.19000598621648,31.562705262294866
470,1781.41391147032,623.7860654019498,0.5041652690360737,-0.36142589399378294,0.1915831196059757,49,0.0,0.019853846581191537,2.4728439800478137,-0.9829917903555135,1781.41391147032,623.7860654019498,1086.893173813178,0.0,0.0,311.50121835673133,-0.1914715752617681,83.46132140011422,117.23539275025311,122.5703403055245,111.87990989667294,106.44479084136609,105.85968227361064,100.91718960312977,108.2091695191206,104.26695471746999,102.60955032703741,23.438872178878754
471,2221.4174800520495,623.9063019233189,0.5223481971170528,-0.2767565422589871,0.04068965325780679,49,0.0,0.01694488789135955,2.2005667934889037,-0.8563363879431778,2221.4174800520495,623.9063019233189,1027.3775700834954,0.0,0.0,311.31788885117146,-0.19141969359575559,113.22255778996941,121.37669130356915,107.19142603861945,90.83175775399909,92.29951924789836,114.0237193104365,95.34989853815938,94.13665865760386,88.1835965343675,98.26423018674421,12.497514722128537
472,1268.5908919892925,626.551182206726,0.2198385824727939,-0.4204192973946213,0.6362271297188534,49,0.0,0.007322534117781592,1.045470988055627,-0.04827996399333515,1268.5908919892925,626.551182206726,958.5449004451739,0.0,0.0,311.71489011652403,-0.19031911254803044,94.78130402461727,88.14341281274895,99.43905559208883,105.89951376675067,89.62386377682535,90.60192812618084,92.5976743187573,80.93446789850287,103.22901941953177,99.1119256689488,14.182735040221294
473,2004.1284221252295,626.1490380640618,0.7014032529515072,-0.5759284973662084,-0.039116122398967945,49,0.0,0.033560196296675164,4.140909281010111,-1.542739290221,2004.1284221252295,626.1490380640618,1184.8154153822952,0.0,0.0,311.40842289517354,-0.19048639801519252,108.75139951203138,119.85785156426587,87.01010428113231,121.71670658651824,126.66726752758468,128.21033266979836,106.16204590840951,130.8178652264392,116.61237667424518,108.21094827547134,30.798517156399186
474,699.6519355965133,626.2092101589884,0.935796603302938,0.47962710474889236,0.0972666800457005,49,0.0,0.0728724194633831,4.6047659335400155,-1.6580188982998536,699.6519355965133,626.2092101589884,7820.336382253755,0.0,0.0,311.95193827272004,-0.1904580613574739,697.7321472240137,764.3951792750304,799.2421175777954,754.8454909551465,757.0918296818563,772.2811615353733,773.6928064388762,807.513356139586,780.7697409887501,737.7581088742998,175.01444356302747
475,1710.9245329426542,627.6988910156764,0.9388747166784166,-0.5047668419403113,-0.08866276937945927,49,0.0,0.012154713497118316,1.1231376552298877,-0.1260824700013884,1710.9245329426542,627.6988910156764,832.9539963436541,0.0,0.0,311.53058831573657,-0.18984141767027038,71.5232545849498,67.70663907845503,82.79777531904946,97.65673685681404,87.5045767728557,85.56764655577257,65.94291216113753,97.3016492233805,73.91900304157974,85.55815376151205,17.475648988147675
476,1373.8160356042663,629.6380902153741,0.7034901053508974,-0.4342214549244715,-0.01591962483545556,49,0.0,0.023614045919022813,2.599783686508821,-1.0373430356349875,1373.8160356042663,629.6380902153741,1063.2254187438878,0.0,0.0,311.67104735546354,-0.1890332627273158,91.81870547085987,110.26852656752806,114.46441396695522,104.04886592414681,85.34262506232005,100.87668116777144,116.5373983033408,117.41164810154903,95.1030972548105,111.05529510949202,16.29816181511402
477,2498.114715849756,630.9470342511634,0.5783940673758974,-0.6620555681556411,-0.05458392543159057,49,0.0,0.4096915830083701,58.966482919768424,-4.426513062191306,2498.114715849756,630.9470342511634,7350.55787167187,0.0,0.0,311.2026040817258,-0.1884841379346285,662.3695721826709,696.3887930870319,703.4289332561927,767.6448053645512,706.5155926445032,748.774672221333,774.1766580056669,760.5633783154642,690.1847496949752,706.3132555294994,134.1974613699811
478,1248.692812987694,631.981523303688,0.22706749364124248,0.36451344332754104,-0.7735383248744863,49,0.0,0.01157277397797667,1.6614667736897277,-0.5512291515067446,1248.692812987694,631.981523303688,1245.2184250273663,0.0,0.0,311.72318079108095,-0.18805652223551145,127.36536242064247,111.37988730611444,132.6423342111361,134.7648637173769,123.39344257240968,113.85994351444904,135.09109727972867,122.10498168842152,131.00117060085853,100.58309133447997,13.032250381749062
479,2482.9317700487068,632.0220160450051,0.6908457894180485,-0.7616601217945616,-0.1898950303451356,49,0.0,0.04024627466258666,4.703398923614651,-1.6810295386029905,2482.9317700487068,632.0220160450051,1443.1642662420284,0.0,0.0,311.2089299103208,-0.18803639500357522,139.4963647634845,149.54918244597252,147.36737160904784,154.11748566495191,137.5635769987008,144.5312237543339,133.72259657230603,137.42201438856523,126.59624582735297,138.47819737994132,34.3200068373716
480,1250.8979751152579,632.9899107588665,0.28727299025350295,-0.08341023326597187,-0.29516482305364183,49,0.0,0.013812670729456447,2.0106867045758947,-0.7583610155350666,1250.8979751152579,632.9899107588665,1303.7129282852666,0.0,0.0,311.7222620013614,-0.18763639066498583,137.97225321009563,116.13766752401821,129.18389470333906,138.70358300376785,132.94620045577312,111.70633608976163,145.57167940789483,126.48695784502551,140.0535534891905,112.08096792667928,12.869834629721147
481,1260.0712772660436,633.2172547564678,0.8218818209427119,-0.5656698539150338,0.31136263569109784,49,0.0,0.02322171332434324,2.3432067733783817,-0.9245265351660631,1260.0712772660436,633.2172547564678,1172.2552068883003,0.0,0.0,311.71843989118383,-0.18754170038202708,120.74621352208864,103.3790383674393,113.55018521364447,119.41275511099809,119.57544479154316,106.40427245972973,118.5607840628582,105.2441887488859,130.00209310470973,115.20068450810723,20.17954699829578
482,2470.8409778979003,634.1598640197681,0.2856130894653239,-0.7781160319698348,0.09825345766094995,49,0.0,0.03672507707223468,5.474507302738152,-1.845862598583804,2470.8409778979003,634.1598640197681,2166.8467697998676,0.0,0.0,311.21396741675807,-0.1871457923016329,197.63922274086343,231.08687647579694,213.35881922758603,210.86914086768144,233.54797306244342,213.21564513716032,210.3997062550868,203.9977775124828,190.82883418787625,218.70282316797085,43.19995116491937
483,2593.7262392403163,634.8986875573432,0.7482868431956576,-0.4038328288192648,-0.16387066265003183,49,0.0,0.021779201300647186,2.2202019535711712,-0.8659812011405958,2593.7262392403163,634.8986875573432,1098.9636043045207,0.0,0.0,311.1627685614404,-0.18683683923398947,101.56879687570697,105.03565805728478,97.03020258352527,122.20399117265063,128.42375766575944,92.48120645266681,106.67258817508628,106.11460198013648,127.97602919243454,92.10847776930822,19.34829437996113
484,781.267898818906,636.8175781733441,0.24630592788071048,0.28990346671326345,-0.04497904156229623,49,0.0,0.008038611812373515,1.2745301682263506,-0.2633752992762017,781.267898818906,636.8175781733441,850.316918838249,23.148320197645596,0.0,311.91793371718626,-0.18603891287529892,79.76914133984901,83.93621567366618,77.4366580316977,84.19708397723664,92.979569861492,78.10496067585312,89.40422937847696,82.75746205767952,76.29838023749679,91.45260574095889,13.980611863842189
485,951.9769046446005,637.9209872507013,0.9120912272929582,-0.4022588422987575,-0.2503910923400286,49,0.0,0.057178900194006545,5.799957294940246,-1.9085619896659294,951.9769046446005,637.9209872507013,1346.0802386045625,0.0,0.0,311.8468083794667,-0.18558041925357543,110.28406655989993,132.84390513673515,132.61937882348377,141.7297554438328,136.47146893599177,147.6910803903815,136.6232271763297,118.87509701609531,124.35714473864455,126.54359620015404,38.04151818301419
486,1482.512043869214,637.8466659903684,0.5605068166748527,-0.24945430068317628,-0.014263819621755443,49,0.0,0.028281709502247628,3.9220294514043936,-1.4837771263982482,1482.512043869214,637.8466659903684,1118.9299508102768,0.0,0.0,311.6257583188221,-0.18561338038359795,79.47025014680756,115.15802985718732,118.97690701615193,114.05774806723628,96.09935297037211,119.23037390095251,108.72329018937566,108.61302541679626,110.70100261814767,117.86141259414532,30.03855803310421
487,2126.804473206454,637.7898076228812,0.5449614932720185,-0.3871277635334788,0.04483390479602873,49,0.0,0.1022168141246204,15.532279825335047,-2.9780880151898224,2126.804473206454,637.7898076228812,2269.998020166894,0.0,0.0,311.35730939247134,-0.18563577891463084,171.64891184644722,235.7487925454492,220.55904158177788,249.6074727171499,213.78829382571433,205.99017810425727,229.78091692308104,231.33046067651946,199.28220552982162,254.1275245047113,58.134221911965014
488,1782.8229925430412,639.0071878440303,0.6536356492617614,-0.4436914953836341,-0.04398277593163917,49,0.0,0.03131432741870397,3.76943095310893,-1.4406894812320474,1782.8229925430412,639.0071878440303,1153.6077172868008,0.0,0.0,311.50063122054894,-0.18512975888246616,98.28440735250639,125.30136634752449,107.08100920411701,102.03805553675318,110.43473688874259,110.43626257743361,99.18073377186406,115.09737400390763,129.90323494559743,131.69281496300175,24.15772169535287
489,1879.9561674383478,638.8001080178971,0.6857955402262763,-0.3124468218349935,0.044325693660275514,49,0.0,0.42672131150949233,57.55535222851567,-4.40021429016773,1879.9561674383478,638.8001080178971,5811.033002723359,35.71014681031787,0.0,311.4601599588322,-0.185215818183083,481.3840054996464,585.321870345211,528.2751418285831,583.8360030388549,579.8953022451822,585.7709046484351,549.8808944056532,580.6417262745972,606.2090711508268,592.3278545916401,137.49022869472944
490,2012.7344654696,639.9094436241909,0.694894522460532,-0.5395272680380604,0.016880255602008166,49,0.0,0.02137800970608016,2.346974871349517,-0.9262710992705916,2012.7344654696,639.9094436241909,1064.3747646045776,0.0,0.0,311.4048370808926,-0.18475316989546112,119.80087388300682,101.50266956891353,96.76803525161719,95.22957681387982,120.66754261435942,110.37736169939478,84.1968600884089,115.59879199833672,98.98431932289972,101.55877648086015,19.68995688290058
491,2302.7121959304864,639.9643911274625,0.642904375983057,-0.5523347345107175,0.06437806652221391,49,0.0,0.012595919334616446,1.3004729388338003,-0.2852532987933373,2302.7121959304864,639.9643911274625,1104.1715824082596,0.0,0.0,311.28401737451065,-0.18472869785685145,101.38947909632535,86.22351862236906,95.83062903446509,122.62982670076282,107.54081902577124,107.36703307210107,108.41422671287975,124.04409204074389,114.56300988006227,109.17555075641646,26.993397466362673
492,1705.0813157707635,641.2499772845946,0.8028385924114865,-0.49948481425213526,-0.01769302651237053,49,0.0,0.10388750993987257,12.247041193643359,-2.7200779465505076,1705.0813157707635,641.2499772845946,1859.0830016199611,0.0,0.0,311.5330229243623,-0.18419541831328162,180.3748544649835,192.80083403549423,174.4974945286396,216.41478804490296,164.57654662803844,171.20112335765526,184.79100042833613,178.0765773450334,169.0372964505873,192.21590701110227,35.09657932518815
493,890.6383107511504,642.0158592625047,0.480844515171871,0.012640893539785713,0.030436944921717148,49,0.0,0.018223678326070702,2.316519823475535,-0.9120900525083067,890.6383107511504,642.0158592625047,1100.8539771189771,0.0,0.0,311.87236504407696,-0.18387391971242986,94.0800875042853,92.52087441861048,102.94977788697582,111.5282384347975,124.64522193418532,93.63468528483665,126.36820302001354,115.42783418697522,119.03698864021578,89.55190597023748,31.1101598378441
494,2170.8341522396586,642.2803629867462,0.5411979769322414,-0.3608479406998325,0.017419056143014876,49,0.0,0.02145321926115502,2.8663928282170397,-1.1433392713607529,2170.8341522396586,642.2803629867462,1063.4703225427543,0.0,0.0,311.338964308818,-0.18376458454956182,79.97146256779064,128.947024420777,98.78608711917148,94.89395919786725,113.97042801080939,91.08852406164345,123.83412746057228,98.6616927143965,125.13391210438564,90.9710065177,17.212098367640806
495,2560.3601675421187,642.0093215665148,0.36750996441375444,-0.4961341832874018,0.4480913225609766,49,0.0,0.010295265004324382,1.2712395060674937,-0.26056845223940855,2560.3601675421187,642.0093215665148,987.6707176263633,0.0,0.0,311.1766700435733,-0.18387461416372836,96.80062655321598,98.39982433236867,91.18177861925392,90.12896209705957,88.22637204928256,104.39616191578446,106.91982262833992,96.51952652263097,108.45599678690793,93.71393903731351,12.927707084205785
496,2612.7325532546724,642.3084430030697,0.5133738518619982,-0.851264668854671,0.1422574639330105,49,0.0,0.017064548984804237,1.9924092665446549,-0.7484463823394953,2612.7325532546724,642.3084430030697,1146.2898140572674,0.0,0.0,311.15484975266855,-0.18374948753701628,114.9567877542448,117.26269749110838,119.16984490612464,120.93797590223728,99.27194455986927,103.85810443967378,116.76213897846901,98.30047863824535,109.43249139696391,125.14772412188051,21.18962586845061
497,1218.8938439092217,644.2136745382535,0.6061582332292982,-0.26732958756423963,-0.031538085340846025,49,0.0,0.2728459217238343,39.425598948222145,-3.9894457494812325,1218.8938439092217,644.2136745382535,4512.9011132145815,0.0,0.0,311.73559675196657,-0.18295995314984081,405.01262118410324,468.72773186531947,464.41382757062956,430.2509788610879,424.09610919407123,432.6692291069297,446.7337663226128,433.1907182558164,446.4165659222883,453.2453752444821,108.14418968724002
498,1761.8369309581692,644.9409936360053,0.3911990460514375,-0.8702574086009334,-0.19765866787427894,49,0.0,0.009958869477243367,1.2464537807196319,-0.2391904480730619,1761.8369309581692,644.9409936360053,964.0742054433381,0.0,0.0,311.5093752201953,-0.18265749693498448,89.10060337701941,106.76170612238555,90.91239386979271,90.40090916147749,96.77002006410538,106.22825527737541,84.05489313711439,101.22386128919163,91.66931923406008,85.57834878747553,21.37389512334054
499,591.401053672905,645.8008795518224,0.32602258199448947,-0.9235503863602847,-0.3554136459312596,49,0.0,0.1558714820295808,18.114152222106878,-3.1450450325291177,591.401053672905,645.8008795518224,10523.188828701197,0.0,2642.302111914325,311.99703997176186,-0.18229444598606898,1001.4864947149745,953.3598587505629,981.1257041031033,1096.9989917855635,1033.2357691122877,994.5883766786637,1054.385410916118,1059.1641560697153,1084.4257112815167,1039.6465756769267,224.77177961176704
500,1344.2686116797856,644.528376739847,0.8438734016650076,-0.5399087074223926,0.3973016538646112,49,0.0,0.01181866763683863,1.0283907771398348,-0.030395432822725724,1344.2686116797856,644.528376739847,890.5752324445198,0.0,0.0,311.6833585477378,-0.18282922066212534,68.49642413307748,94.25522253758848,85.69634108686418,82.92728711749268,94.28692800005248,101.80151374668591,89.43056847620599,75.70394995083461,81.85691551869274,102.03367227737994,14.086409599645222
501,2179.095535987362,647.0141366866566,0.702198454704607,-0.8509065858812846,-0.8104877285900799,49,0.0,0.011209858102658602,1.0657890112818222,-0.0691780954380861,2179.095535987362,647.0141366866566,1031.7615502814947,0.0,0.0,311.3355221603181,-0.18179224547902068,79.97093597043428,123.00032773074025,95.88881915426558,78.02395302838647,118.62056870134883,92.35745397031756,116.21165601046077,108.44992076805248,98.57875422654858,98.35528970091076,22.30387102002927
502,720.2654197813716,648.2491732675296,0.5469346732185457,0.039549900722552975,-0.07651770767398522,49,0.0,0.1770274693842106,25.02364066272343,-3.4958762374850267,720.2654197813716,648.2491732675296,3910.0160788321177,0.0,0.0,311.9433500703772,-0.18127556703263745,332.78353978348076,390.0820582738942,391.51194604069656,415.29226910656655,389.57500020874363,402.1123867022344,424.09713716345607,317.33556436387096,399.9923007315,354.74717928040525,92.48669717726908
503,1489.5775533093688,648.2892197207474,0.5158050223406772,-0.06449323325295693,0.24643131294778664,49,0.0,0.011959668879074977,1.370961307840792,-0.34256299505482024,1489.5775533093688,648.2892197207474,911.8813002556385,0.0,0.0,311.6228144284842,-0.18126253660691685,81.9006128304411,90.15452719402035,79.19644065551772,66.65935566139764,100.43891416158505,92.42457314402324,92.90643560838801,96.98259079745196,97.52928944440023,96.68364784127674,17.004912917136362
504,2212.407495027112,648.059172969117,0.6229082104271025,-0.1783459798636508,-0.03811935662625651,49,0.0,0.013726120247395697,1.7296499476667306,-0.5948955451349613,2212.407495027112,648.059172969117,860.601319590407,0.0,0.0,311.32164269402955,-0.1813566482913744,91.60423873241908,87.4382221632944,88.13616356687845,80.74240791098222,82.87531236658563,80.6455993219401,85.08650242069768,69.08783625304785,84.90884249026476,90.10111944361745,19.97507492067941
505,584.9926978186645,649.7963801019273,0.27681336604697726,-0.9184560432763653,-0.5039528304420409,49,0.0,0.12975908099583275,15.100848353154062,-2.9475033657071177,584.9926978186645,649.7963801019273,11477.3830977939,0.0,3189.0060954690744,311.9997099707418,-0.18062971685218618,1072.206558676159,1074.048114958479,1063.8518799516792,1181.4395226763636,1128.7317896229633,1077.1992122931774,1170.1060219918181,1153.4956406573615,1202.6637155068188,1129.5539467656918,224.0866946933888
506,2062.90793871764,649.8956113839037,0.6100027421632537,-0.3372429790766382,-0.021336475668364566,49,0.0,0.10881762788862695,15.595756986032669,-2.982516148418734,2062.90793871764,649.8956113839037,2191.506733931203,0.0,0.0,311.3839320274623,-0.18059227674309627,203.39607729239407,215.4714890005356,208.3512666607239,190.12418895895553,220.85059307876975,211.86692996936625,230.7692473766087,182.879122628717,219.38126196168025,247.7785801545491,60.63797684890318
507,2489.389620168973,650.3359182784224,0.4976912634440638,-0.637068364206795,-0.041897168979817635,49,0.0,0.03791393167344076,5.474004223367428,-1.8457628203654144,2489.389620168973,650.3359182784224,1508.0980919568713,0.0,0.0,311.20623911778983,-0.1804060763212013,121.99133145266309,159.74640317568802,154.71049940108534,142.6447442799085,160.51355007145344,152.2395363539351,148.98325417003628,135.88787579091402,160.06278015427205,142.17382273781567,29.144294369099764
508,897.3125251267554,651.3818729475571,0.6280455690027226,-0.1970588639948316,0.006848957597863459,49,0.0,0.055932128920648735,7.328344707370487,-2.1625147232201565,897.3125251267554,651.3818729475571,1511.3376446886564,0.0,0.0,311.86958432311036,-0.17997169862672696,134.91207732598494,143.4697201572103,141.55441782033768,131.19762066039263,155.4042133184052,143.73703799320515,174.1827349472266,145.3298703163116,157.93671271383775,153.21835117982238,30.39488825592189
509,1149.4145498923376,651.1377449195203,0.7262451566053373,-0.7529972958846528,-0.40503888634087865,49,0.0,0.017740666379193807,1.8486277366339752,-0.667123662155975,1149.4145498923376,651.1377449195203,1012.7621804740568,0.0,0.0,311.7645456749929,-0.18007479797616652,89.40220819024499,95.89750383081092,98.58531710104137,102.59148702640317,106.9759320948251,96.42403662146504,111.09775537638438,96.68968527910936,84.72347635021524,112.05475351246216,18.32002509109509
510,1849.1136964760565,650.8721448304492,0.6062083875181407,-0.3270006475872893,0.025256656517466728,49,0.0,0.15605894394071282,22.46330743261757,-3.378684252251733,1849.1136964760565,650.8721448304492,2720.5710406792364,0.11266244990445817,0.0,311.4730106596426,-0.18018613376570877,274.8324647629244,264.66124117688184,256.93264507457883,272.49164975003043,284.5932926381807,267.11915204871127,234.0408230754622,272.21757543788175,264.2000224071713,277.04198772416726,52.44018658324637
511,1888.3363810657422,650.4129772494389,0.5595426846824809,-0.5179185535995025,0.12244701164852559,49,0.0,0.014631235249807896,1.7844403207128265,-0.6287550696917799,1888.3363810657422,650.4129772494389,993.0717765180328,39.75540204469778,0.0,311.45666824706734,-0.18037734379730985,78.16719536420244,86.66281532398624,90.05605563113053,110.18638404786216,89.3523070237699,100.1040151971207,88.71406443669244,105.4199226357624,107.39304337266458,113.83391463788104,23.182058846960352
512,911.8145202184581,654.4656937651572,0.4925506423873735,-0.3902765270846576,-0.18952965769120392,49,0.0,0.02437408118532459,3.334577016018773,-1.3076018810441334,911.8145202184581,654.4656937651572,1154.624575165243,0.0,0.0,311.86354211823783,-0.17868694646216007,123.60393717321166,92.98011417308632,100.1946105074336,112.42996400029432,112.13573760157954,109.92946679365392,122.8024068137245,112.47140287340535,131.13685140793515,119.27780563164696,17.662278189271674
513,1540.6392392242396,655.2705289151944,0.4371436817412126,-0.7419621643053852,-0.20256067243241938,49,0.0,0.01631706994565045,2.224741452067786,-0.8681988669837687,1540.6392392242396,655.2705289151944,1026.0775981486395,0.0,0.0,311.60153914284115,-0.17835383830429685,118.588085674809,100.27485802132666,109.39104198264279,98.00530621324708,98.26333246786155,94.64148981013307,95.92390375865553,86.58758399684145,108.16435758203193,100.85514302529656,15.382495615793921
514,828.7329966361467,656.2098008409563,0.5035576473075514,-0.16976672042124993,-0.1560820778414219,49,0.0,0.041790205142037684,5.832767960490748,-1.9146867491142494,828.7329966361467,656.2098008409563,1481.934666684725,0.0,0.0,311.8981578070351,-0.17795970769118255,142.1776202960076,143.6685551650913,138.7588812920474,161.03238730858033,144.5095474142451,135.9681954783706,136.75130954342694,143.37842374126126,154.99760757893324,146.37110490089162,34.32103396586936
515,1651.2711101041168,655.6394322929008,0.6440123863871033,0.23313050561509832,-0.08173221272431219,49,0.0,0.012061788504464767,1.2648162090550368,-0.2550685564826861,1651.2711101041168,655.6394322929008,875.584206569658,0.0,0.0,311.5554433979724,-0.17820014057609626,79.40689832304021,97.11805894649365,64.27929263679275,80.64291355861056,89.30308979976901,83.81200068699548,91.59919833821162,97.37334787305637,89.2018214573482,85.46542381710472,17.382161132235503
516,1864.0569370591154,655.8479951880555,0.8794195190696836,0.02454969654677177,0.24060346675671573,49,0.0,0.020128611216674946,1.8934152022139363,-0.6931146493547907,1864.0569370591154,655.8479951880555,925.0707095535934,23.580817976636375,0.0,311.46678443373156,-0.17811292848227775,70.66407853814232,93.47874229157,92.58609801081789,91.15171663397506,96.71589439501247,97.07551412305806,83.50132824826326,102.45265915091856,91.0990312250103,94.82695003840566,11.518696898419787
517,2602.6482065868495,655.9107981800281,0.530994686508359,-0.011648535130938636,0.012360700943855924,49,0.0,0.017121700484078423,1.9131463810955665,-0.7043705014795403,2602.6482065868495,655.9107981800281,1151.4029815920971,0.0,0.0,311.1590511026556,-0.17808236001622765,105.19668367935925,94.62095105461285,121.01535803353443,105.17056347748698,127.3043750491604,104.75824260064194,127.18816379523136,115.99253365062013,119.84135965730498,105.94719539625457,24.367555197890113
518,2519.77427982536,658.1411464465112,0.596004517124417,-0.6794052701709034,-0.34023695425190936,49,0.0,0.018395153864919148,2.210546804679491,-0.8612492870199472,2519.77427982536,658.1411464465112,1071.8194007563538,0.0,0.0,311.1935795478889,-0.17715386251065787,84.59385706724922,108.94788662462807,106.58593759751426,111.53893530383272,110.91323382248291,114.3683243828978,101.84554470563576,107.34819534881673,108.09387866298664,86.59472518810553,30.988882052204378
519,1589.8088150578994,660.1948985179225,0.6219889992767346,-0.4613245892912883,0.00034220748408487497,49,0.0,0.17331936390494113,24.86482772935135,-3.488963636655249,1589.8088150578994,660.1948985179225,2866.434780342075,0.0,0.0,311.5810522064867,-0.17630213044312293,265.5308247100694,267.83543650472245,249.43687280910103,295.31962496574806,302.24821613999404,283.60953312088566,284.29413540356154,261.2477335344529,276.4406698140991,320.73819344046973,59.73353989897092
520,1601.6267887058486,659.8352574713911,0.32451853382560664,-0.3928972249108399,0.07723668168975203,49,0.0,0.02859886977754548,5.600344692787972,-1.8705368950015835,1601.6267887058486,659.8352574713911,1347.7647282571147,0.0,0.0,311.576128142624,-0.17645197439680682,126.88873882140666,134.28321008945562,112.23419903069647,139.75894007720936,153.45868943799078,131.10962175375616,146.98348405195452,138.54853468210933,119.79513741658593,113.69246846794897,31.011704428001057
521,1725.8396095905905,660.0879076967542,0.6514446968827304,-0.3769684839248161,0.027817225400718668,49,0.0,0.07882093160959548,10.642125986926372,-2.567570990047929,1725.8396095905905,660.0879076967542,1869.7073919188535,0.0,0.0,311.52437378017214,-0.1763466351468292,144.57663952080625,158.47355319412452,163.20360270647205,219.64568558285023,210.57188043970467,184.37606770486644,167.07010366762415,163.26456329546335,193.1402750204306,225.1277671311368,40.2572536553745
522,1931.4567155368522,660.2168663325111,0.5013438645301548,-0.40943862888757293,0.059906755857369036,49,0.0,0.014769189069580968,2.098171964616093,-0.8046026994237272,1931.4567155368522,660.2168663325111,962.5911255145029,0.0,0.0,311.4387018349574,-0.1762924675736889,104.63541789995531,95.73996674890141,98.8905583746456,103.149856157557,96.06724216691877,85.39392267976922,93.04857376884496,81.7797039331715,86.85546962796295,94.47574998870616,22.55466416807016
523,863.2114329737394,661.0301863636244,0.7073924814014217,-0.1916809022548781,-0.18393084811355892,49,0.0,0.04285630768944984,4.878306449563949,-1.720672696778155,863.2114329737394,661.0301863636244,1378.3118730937106,0.0,0.0,311.8837925343823,-0.17595158163487232,144.4224794227063,129.0768433505579,134.07067170215993,137.57281311063312,123.32752119861198,144.37965677828538,141.46615777295887,126.97895994630973,133.87610804729036,145.30821857803085,17.832443186166145
524,2083.677187630359,660.9449820262606,0.6978318887776817,-0.3646438494022231,-0.21143633702624232,49,0.0,0.060027706904172175,7.42408874105657,-2.176607886044542,2083.677187630359,660.9449820262606,1528.590526879705,0.0,0.0,311.3752783790101,-0.17598852440885168,137.87715391500763,156.07868137134506,144.9749344652439,152.65959960815647,144.92068244862628,160.418107358868,163.12746312294118,143.39871653650977,160.23662979496567,139.22895969908416,25.66959855895717
525,724.3058306353811,663.3637201972231,0.3342224932317833,-0.28450982374422884,-0.28608852783446453,49,0.0,0.009198235056348847,1.2677241853583752,-0.2575619394507719,724.3058306353811,663.3637201972231,1063.426774060753,0.0,0.0,311.9416668173614,-0.17497829821122668,95.93229240119891,123.28115859913929,102.47519228595449,114.95208540546739,101.1288150043975,113.79484722884914,104.44095853477981,77.19323325610208,102.18475027058693,114.33562515080095,13.707815923476568
526,2030.2228545509138,663.9587174630351,0.9369712647007169,0.6084089763576507,0.06946677191924137,49,0.0,0.016017244429970046,1.3726627496586767,-0.34390962067120534,2030.2228545509138,663.9587174630351,952.5834322033866,0.0,0.0,311.39755034254836,-0.17473309294874773,87.87895623184473,105.54782052739321,78.04448323815312,89.0008106140331,94.92951489025965,98.7885421322301,67.86954849200401,108.36498453920946,79.42102140754204,117.3688353261012,25.368914804615876
527,2116.474227359308,663.8101633619597,0.7606199806324286,0.16552151271725427,-0.02492592521732958,49,0.0,0.03162304548259987,3.3954608311854195,-1.327246812416902,2116.474227359308,663.8101633619597,1234.397439424994,0.0,0.0,311.36161336387335,-0.17479461033151505,123.69628046419656,133.75258090630427,118.88996563425407,115.47000215971487,128.47171235306584,126.42388606812854,124.45302726350207,121.09710536028516,115.61963449201996,102.06848036812957,24.454764355393266
528,706.1235273721363,666.9493885166005,0.647858075722819,-0.2571284101544484,0.4371062398566391,49,0.0,0.10565953698945553,11.60824161763681,-2.6619160976684295,706.1235273721363,666.9493885166005,3374.29231778746,0.0,0.0,311.94924235901567,-0.17348422152247372,294.9867116106872,317.78047872328466,343.00521683957516,354.103267328868,287.02675809547327,343.5042327157212,295.34156312260984,356.87515167984907,366.5817736307471,334.93490289975057,80.15226114089431
529,782.6809297158592,668.857074505777,0.4915099111989368,0.5742227730143142,-0.5622296061005311,49,0.0,0.020366002529663172,1.3007231867376894,-0.2854622051557483,782.6809297158592,668.857074505777,3197.315463263062,176.63829618183638,0.0,311.91734528510545,-0.17269000424281888,257.73054476431645,257.76892427209054,272.5813227294026,320.65965876420853,309.97054140240255,333.5966825409793,358.7564537827818,345.41333736047176,330.0566475648029,340.0436370213399,70.73771306026589
530,1006.3036377153092,667.2240617575193,0.5603105440300606,-0.19811718086379396,-0.17382527149232285,49,0.0,0.051408030667799386,7.007271805313231,-2.113872409210698,1006.3036377153092,667.2240617575193,1635.358543887859,0.0,0.0,311.82417333738556,-0.1733718303545807,146.19919636444536,154.87740584586504,159.66807995312385,167.16687419774564,180.72474942153647,179.395338662298,132.1836235948077,155.1909165707239,164.87932938750788,152.21913277102146,42.853897118784005
531,787.5984631195454,669.2554894646731,0.25494337620575025,-0.5003060231997724,-0.8864593033857958,49,0.0,0.039455966441695065,3.716020010260848,-1.4251951098611078,787.5984631195454,669.2554894646731,3709.8635977934982,220.60701855951052,0.0,311.9152964262946,-0.17252404514192854,278.51316405848917,297.3659839792207,312.9410220878713,382.6436649740401,358.823361636341,381.34902156973703,408.0666282426173,405.2691039388914,394.8771855522367,404.6610073943292,85.35345435972428
532,1063.855495674481,667.9358770653051,0.9065342310376859,-0.25726887219946776,0.026306914142705317,49,0.0,0.027988163515461885,2.606323856832966,-1.0400709483346602,1063.855495674481,667.9358770653051,1151.119164088315,0.0,0.0,311.80019424917333,-0.17307555489510604,107.7879070601816,117.40422463974505,98.09141838281485,106.4193036439607,135.5509517562289,105.37079392464005,120.15685624122042,119.30017588823287,111.24151493370506,102.64905431086744,27.14696330671805
533,1115.8597108593012,669.0591978364989,0.9551161182074427,-0.989977558597067,-0.2923963695098572,49,0.0,0.018514049799663874,1.5796998211075926,-0.49643642241449354,1115.8597108593012,669.0591978364989,928.8272827502824,0.0,0.0,311.7785265308477,-0.17260777203225475,97.11724444820678,87.69685984157209,110.85775066372413,93.91900896453846,72.82723494948453,91.25634672659493,89.70045137064683,88.65163166496431,91.450580431585,89.58786375577505,15.762309933190197
534,1129.5445448823916,670.3901195093222,0.6361406875492133,-0.6456655592185205,-0.15668595929709503,49,0.0,0.029944964762093098,3.82911209962925,-1.4577452019346204,1129.5445448823916,670.3901195093222,1152.5053084070348,0.0,0.0,311.7728246975866,-0.17205330967689927,96.6367440322817,117.26822881375772,102.04723299565975,116.00616195205885,123.39109688923642,112.09389650207089,110.36055553961818,113.81559918961361,108.97797638332406,123.77438015081324,28.133435958600458
535,2221.0596373655067,671.0493557603614,0.7201487265204569,-0.37806279097284934,-0.09287015638663026,49,0.0,0.02376237331041196,2.7463001498106334,-1.0968700014824697,2221.0596373655067,671.0493557603614,1024.565202530342,0.0,0.0,311.3180376129558,-0.17177790039067323,92.96258852616438,98.68932635830133,92.38637270710376,115.07459799339,114.91082389965402,96.95118724185348,103.17308063837241,99.39235331190538,98.78394484958082,95.99962286619127,16.2413041378252
536,1305.3045481931476,675.4387607251814,0.28284865525592623,-0.23812571700043822,-0.0664727162873299,49,0.0,0.020202348138314532,4.124662109089058,-1.5384709427187635,1305.3045481931476,675.4387607251814,1124.95790495965,0.0,0.0,311.6995933031402,-0.16995042233474875,96.33722948847034,119.98517428683968,115.61361589422955,114.5981198379708,94.06410856649754,104.07768663533164,137.1499283992396,98.38408994296381,112.35554865064637,104.1255740898154,28.26682916764537
537,1680.4456279901724,675.2730070171815,0.46437023148657547,-0.18000291709231275,0.14893668970060464,49,0.0,0.025496193075273645,3.7849218537282563,-1.445142292915885,1680.4456279901724,675.2730070171815,1176.900927608041,0.0,0.0,311.543287561921,-0.1700198461053176,113.04206721085122,134.43292194815922,132.1053662358695,113.37342992864991,115.39178642921803,120.5954522060183,111.67389306521517,107.7736889300175,89.5939121771483,115.5419414145776,23.37646806231612
538,1924.0629476924921,675.0156983740146,0.6941379336264769,0.01177573142158845,-0.03847269521995947,49,0.0,0.01786786719391023,2.0618335717282483,-0.7856340168242486,1924.0629476924921,675.0156983740146,979.0457850570626,0.0,0.0,311.44178244210696,-0.17012661096949133,93.35063746608988,87.70935921602403,105.39070687577231,104.47067869426073,99.06909554911711,92.5085457036083,83.94014050487829,90.63779959098572,97.45071239036639,100.28103617477583,24.23707289118409
539,2404.8202875996353,675.3283430921701,0.6768925003397792,-0.025172542500565078,0.05559442362530781,49,0.0,0.01615763296213312,1.7259657877103702,-0.592580457075064,2404.8202875996353,675.3283430921701,1048.067866458523,0.0,0.0,311.2414741074921,-0.16999391133646022,96.88096914742135,85.90655866578989,113.59804981734487,89.81886798461895,107.25411632351961,111.74649889677623,115.16198517985575,106.91152995416948,113.66648743233775,86.2252292646879,20.897573792001197
540,701.5375628242941,676.9734559314154,0.347054092057107,0.4047047958687488,0.4253896493786695,49,0.0,0.01209316620165199,1.7286188091872738,-0.594248085674083,701.5375628242941,676.9734559314154,1576.441370856296,0.0,0.0,311.95115316374574,-0.16930776871659714,120.64319407961092,134.66100879231615,160.69607202708914,166.71443758578232,143.78676780653598,156.3750442981577,157.20630316909123,152.2172193425202,179.6943543702443,161.97474489606066,42.472224488887505
541,1980.9883815553014,677.3739196336074,0.5816063039110699,0.24096351726265947,-0.15503673749586125,49,0.0,0.010276465629969065,1.056783915056032,-0.05996548602514404,1980.9883815553014,677.3739196336074,955.2960309024741,0.0,0.0,311.41806408950265,-0.16914388664554905,96.69880624287936,79.15145532748993,94.90070765697624,96.82863211732683,106.11507327817122,96.7783568246104,82.02860068248171,95.1815334662397,92.42021155027014,94.10099362123114,21.09166013479743
542,2254.1955117830616,676.5802111168794,0.4369769896898926,0.1429047935475523,0.10906220367398789,49,0.0,0.018198883136303648,2.2993859665425127,-0.904029691190293,2254.1955117830616,676.5802111168794,1300.5317284664734,0.0,0.0,311.3042315071799,-0.16947331623939554,139.53798727920483,121.10566175567433,102.74348573189243,96.97261508961711,135.21268654360574,137.89983768402632,136.95010879819836,140.42246157525165,129.3074220318773,130.4948000834757,29.884661893649763
543,2334.146207658728,677.0698061757697,0.42249989041430114,-0.9091641330401667,-0.7667430868033338,49,0.0,0.009093630591494338,1.05902709795692,-0.062267682002886814,2334.146207658728,677.0698061757697,952.9850227731738,0.0,0.0,311.2709201679098,-0.16926883337902177,84.68457535225505,91.98973715904529,89.11825239751676,94.3309203744375,83.7431345999445,106.45488150865688,106.16646278371721,85.37951176392973,99.92260528183738,92.2227088505606,18.97223270127283
544,1826.9541893316305,679.370271205566,0.7950123901246604,-0.6856727463010661,-0.3334754551616776,49,0.0,0.053755439550402136,5.646009251920223,-1.8793539636871024,1826.9541893316305,679.370271205566,1470.475142625044,0.0,0.0,311.48224351200474,-0.16831253014487216,130.45465823641638,128.14176903631886,141.12335844296504,135.26713692671524,122.34561311012686,177.7308139579034,149.0570027129404,151.37868838805107,158.00065938095918,145.1505895619791,31.824852870668725
545,2322.294518023916,679.0499067346315,0.9810875933612201,-0.08364411968740315,0.31503170375360456,49,0.0,0.01601401043971145,1.2964989755008471,-0.2819304448102738,2322.294518023916,679.0499067346315,947.0707327478144,0.0,0.0,311.2758581275506,-0.16844391716985524,90.17245053302582,93.96177291735363,93.24298027122501,94.71674232895373,101.32464381613369,102.28921229872881,108.53356339838692,74.10444625120434,73.16520642235614,95.56550859261489,19.99420591783142
546,2386.871124150965,679.1488690209168,0.6062160705090841,-0.3909247877137862,-0.024485079797335687,49,0.0,0.09253834664442397,12.95900202001989,-2.781428893904563,2386.871124150965,679.1488690209168,2033.5290129846833,0.0,0.0,311.24895250483166,-0.1684022516488632,177.50533456164345,169.92248329109907,203.07791558205741,241.96469148734047,180.12104350407594,190.7834724584871,208.46140618994502,212.3941931510829,202.1268690084155,213.49941715147696,33.67218659905955
547,939.831633132578,679.8729506702866,0.5411949274815712,-0.18465908172757375,0.056460302078051375,49,0.0,0.6991656009680294,105.20502467429289,-5.055091206393313,939.831633132578,679.8729506702866,12026.32876537754,0.0,0.0,311.851869012991,-0.1681013779036731,1076.4924398772641,1166.1047776508046,1144.6767840396512,1182.8348934866458,1219.833863453375,1217.7194153148835,1147.5633888309078,1220.3981679321382,1188.6109973760517,1229.6107985778049,232.48323883801336
548,1986.5335050739595,679.8897671867951,0.7176052557157102,-0.2052367041268855,-0.19758547643580862,49,0.0,0.012514110319654211,1.3190238759552144,-0.3006316422050937,1986.5335050739595,679.8897671867951,948.5215464032003,0.0,0.0,311.41575367024296,-0.16809564906345917,82.37793661201968,88.16463649781414,96.66160361689049,104.66947077157154,106.12177318736721,94.68900593547097,77.92311979737839,99.93623720660337,85.97906541231504,92.64613901346226,19.352558352307273
549,1048.8001919568987,682.3685203193733,0.2873286400880302,-0.028922585382604615,-0.04188645625465257,49,0.0,0.00938343259800614,1.3777388581882815,-0.3479172689009773,1048.8001919568987,682.3685203193733,953.9630694030891,0.0,0.0,311.8064671692538,-0.16706219926003124,68.33245957388712,90.98483589743385,86.4923846094833,106.57836143047851,102.25220566690362,99.69994661276861,89.02738328805235,97.0394645847117,96.87963513023266,96.90062780971823,19.775764799419186
550,803.0422760258966,682.6245637940245,0.27423297811535924,-0.44408556437943775,-0.20322573179787143,49,0.0,0.013195940046408545,1.918467041045813,-0.7073858562232666,803.0422760258966,682.6245637940245,1062.2124708301753,0.0,0.0,311.9088619647359,-0.16695405642456482,116.29629480371113,105.47569728931889,101.48067675259202,91.4028763773525,103.98884863810736,112.43037966997005,111.06853363983976,102.00697215998298,107.28916637455663,93.81648598447046,16.95653914027347
551,439.04411971944444,683.8113592532004,0.5218437257847757,0.3367238581154138,0.10928736471084441,49,0.0,0.12356939713699751,17.771512394434122,-3.124310971962298,439.04411971944444,683.8113592532004,3056.3648059822763,158.496441310669,2813.1195612755687,312.0605173617406,-0.1664564504341532,222.0389140370697,319.2484129707167,371.3811471889676,339.9100219783453,343.4547672092791,303.4939486566149,347.8853431317448,269.29019485487424,245.36928575199366,239.8994930835467,54.39327711912388
552,1906.4885410728443,683.9043855324398,0.3337860779809825,-0.4745323660273651,-0.233784318755717,49,0.0,0.014629147818485799,2.4589974289164935,-0.976895186621129,1906.4885410728443,683.9043855324398,1048.026593209271,0.0,0.0,311.449104908597,-0.16642321640782856,93.77784166407658,90.25543225929852,98.92206490639896,110.89179047295376,95.31603996266747,98.32147091630979,109.64653751828628,104.84731516214637,106.92692694141127,113.37028915090177,25.750884254820125
553,1119.692918334644,684.6821869909726,0.20269976798621817,-0.21228525131853376,-0.3905051544434774,49,0.0,0.007235022556063921,1.1339721875464228,-0.13650600732863635,1119.692918334644,684.6821869909726,906.869264468289,0.0,0.0,311.7769294957374,-0.16609854357273096,92.19791858185863,91.04544465651583,97.04857315557253,82.87948746796572,80.55844171278193,77.33311785785557,98.7268336802548,81.50327497501195,85.98905742449358,93.35739676414403,26.229718191834515
554,1917.2217039120026,685.6076834335995,0.7576300875242905,-0.9797897614110546,-0.3905304361236878,49,0.0,0.012485833766481805,1.2468523627184174,-0.23953758146578352,1917.2217039120026,685.6076834335995,973.9310134334423,0.0,0.0,311.44463285467805,-0.16571351289347525,97.73567657511964,93.7523705829542,104.3199094629868,104.42919330494183,81.04344119101665,80.73080132648795,107.8595456343159,111.02893009236587,84.05286912986912,91.24193078473328,17.73634534865093
555,2329.1139296688402,685.9029815996298,0.29705708378885115,-0.6667799987508216,-0.22006544537421419,49,0.0,0.009188872067336252,1.1448844330922507,-0.14690412585268497,2329.1139296688402,685.9029815996298,976.7543121160561,0.0,0.0,311.2730167796691,-0.16558859259739644,82.1478467483755,92.9906943288213,94.64073676883919,95.78263336588114,105.67847083499538,99.56638469158516,105.82740013639028,84.81322586945473,86.61559339948194,112.1752609350645,16.516065037167095
556,2822.1725258302545,686.3273025126514,0.2520884177879944,-0.27547103932825556,0.14329206847114936,49,0.0,0.007920206540645947,1.1086028504385899,-0.11193997728858743,2822.1725258302545,686.3273025126514,865.9388206979883,193.31088465363842,867.89950775623,311.06758992829754,-0.1654075970030675,105.04099099801134,110.18798504271467,74.1531028703748,79.04049746677295,73.9432216067319,87.40573644095909,74.74114007888983,72.24570441233683,104.99917650242605,77.05185947426376,7.129405804506986
557,2741.7233541536307,688.2096434180138,0.7750495513283056,-0.21767326674840895,0.5359628365700146,49,0.0,0.013831306577660652,1.2715994541248066,-0.26087583201955605,2741.7233541536307,688.2096434180138,1010.4801903748161,0.0,776.6695946477524,311.101107315939,-0.16462418122193836,105.62492171624945,113.3555419770226,99.38527719397992,127.96427341629494,86.93212709552267,96.71946840571376,102.71422493664305,86.04938705331715,76.72103142199882,94.42829756284883,20.58563959522487
558,783.2368863799692,688.665885033717,0.41300104159040274,0.028971027732384698,-0.07687133327497671,49,0.0,0.032573724345614674,5.443118927621169,-1.8396195584848418,783.2368863799692,688.665885033717,1273.598185699694,2.041695356349569,0.0,311.9171138334224,-0.1644368539351168,107.34565336400382,130.54950573370252,155.38749906067244,138.7926857274449,122.17715737646883,121.08313648893802,116.1923310062767,121.74042943835717,117.56522821363157,127.35163318967048,15.412926100527589
559,1284.53308299836,689.1433838791625,0.5005366233347059,-0.6717357175132099,-0.10634127657303447,49,0.0,0.03168423797383175,4.682188657942991,-1.6761222715075228,1284.53308299836,689.1433838791625,1330.0051685527837,0.0,0.0,311.7082479291356,-0.1642403753143515,125.20336238896049,134.1103347905556,138.61452956135162,144.55009076140072,135.9147641020423,143.60103201272975,111.9277928133435,124.15353173491498,125.14373944140877,122.5261576196047,24.259833326471202
560,1295.9972083827047,689.1844085588682,0.8631188936067441,-0.24384597702131586,-0.07211322290219761,49,0.0,0.04332811276007422,4.492328255585356,-1.6311787068969776,1295.9972083827047,689.1844085588682,1357.1305869824168,0.0,0.0,311.70347131996203,-0.16422331338089102,135.99878352631083,135.62535241440992,136.50055702608293,138.2845979509965,125.00199413273118,139.60024703636842,135.86535091629378,119.5261198410808,141.382125099065,115.61920989395867,33.72624914511878
561,2054.2604356568836,688.8716641691877,0.6075651472851459,-0.5195131540445753,-0.15835613590901793,49,0.0,0.06353703293247816,8.583351548504368,-2.3341422507428606,2054.2604356568836,688.8716641691877,1778.2433480047246,0.0,0.0,311.38753484402264,-0.16435312566750884,150.98966709739074,176.96597867548653,191.6785110752644,178.49137026007136,179.67658652954646,188.94393937172435,177.28948851108157,181.5218246455549,154.53925275202772,166.996356554754,31.150372531822427
562,1754.4347043041041,691.036771503821,0.707119017693748,-0.6254362685659121,-0.3185395468706018,49,0.0,0.013411853674282418,1.2951981834080966,-0.28084056655524664,1754.4347043041041,691.036771503821,916.6566792486348,0.0,0.0,311.51245933759566,-0.16345182952993267,98.28379509100272,102.61604010317006,91.79263452785204,93.617173872608,100.79933481952064,82.02698435545416,66.39474702211004,101.23238359364436,94.1800322759891,69.67265010559484,16.040903481688765
563,1142.2647455077117,691.5378656070278,0.3758647651668339,0.3126814124131752,0.6028821571877506,49,0.0,0.009410215233093051,1.0459272076708672,-0.04875365108215085,1142.2647455077117,691.5378656070278,971.035810949118,0.0,0.0,311.767524882264,-0.16324224551544936,85.26086911390368,85.85918196597784,109.21208730422182,83.25509743160131,110.0816487982226,88.17347563688507,84.51663577624,108.6467759071389,86.6928421776826,111.06900314644577,18.26819369079842
564,1397.182534171377,696.213074444062,0.6984275575050714,-0.21734193409201816,0.22023985049822145,49,0.0,0.016207194482599944,1.7644454157059477,-0.6165205692869,1397.182534171377,696.213074444062,954.0014815479371,0.0,0.0,311.66131168212826,-0.16129505655154458,83.87285298146384,93.19101378377152,88.9320954364481,95.67665048614886,78.02845065283796,105.707629276564,83.38338773410382,119.50158426581682,102.45823893275177,76.5521800728897,26.697397925140656
565,2279.7878679495975,696.3129589689358,0.389003388113003,-0.8647104587086656,-0.19914256624042245,49,0.0,0.013680258237013451,1.979448768252196,-0.7413606647491036,2279.7878679495975,696.3129589689358,989.1203867887501,0.0,0.0,311.29356831725937,-0.1612516486946975,99.243357308627,107.39885870404235,86.50134101554144,84.99099821840178,94.74288978037148,100.83894868427711,102.49240041123043,100.3721793894203,86.02552182849618,98.86416058118995,27.64973086715206
566,1357.800772393677,697.3056366843132,0.4436333213917573,-0.34460366316993757,0.048495167630834814,49,0.0,0.011711536486095372,1.6510108160952495,-0.5443747960508301,1357.800772393677,697.3056366843132,935.3006942827319,0.0,0.0,311.67772041950855,-0.16083976774423833,79.5418296462673,106.96559058600413,88.28645442358848,76.68580555252649,116.0299046682444,98.06343690028527,79.23646667729822,83.68912695025702,81.76908042346754,104.1964405691075,20.83655788568548
567,2085.946908712173,696.7034617511938,0.7115029432424751,-0.18008449936558985,0.010139708983461703,49,0.0,0.19268462129264657,25.013838164256928,-3.4954508392488313,2085.946908712173,696.7034617511938,2970.8906008970225,0.0,0.0,311.3743324934262,-0.16108990986704486,256.53360765362544,296.22732994253573,285.4484195580407,288.01615739788815,305.132557299277,281.5049502507311,317.53483813906416,268.6201278258185,292.7133350452144,319.3610760758775,59.79820170894992
568,606.3322708618813,698.7171047940866,0.48585054554905416,0.055526335844216096,0.913006202519912,49,0.0,0.011996318474451527,1.0886679502062577,-0.09223859428628488,606.3322708618813,698.7171047940866,1411.075210743736,0.0,0.0,311.9908196792314,-0.16024774402507416,132.94423572522385,140.40436723130347,145.59428068762264,124.0300316781264,149.201286865797,154.86011952673505,134.44647506603494,139.72577011130986,149.45570119017788,114.42955973237063,25.983382929034345
569,1810.1815880126514,698.4105640770003,0.7039508249203499,-0.17698844177234055,0.022427002803398908,49,0.0,0.028232678223088496,3.2457221553548763,-1.2782783500619628,1810.1815880126514,698.4105640770003,1060.9555834961775,0.0,0.0,311.48923190617285,-0.16037946522484406,94.42295061424312,110.37068834267934,101.54312233739131,94.22130697660248,119.63788563774543,88.43764913995128,112.44151122790674,106.22526748887144,98.09098588323539,110.32739188793508,25.236823959615904
570,2345.5314750911184,699.3368330060584,0.2185797405175974,-0.6650231823696297,0.17898371510723332,49,0.0,0.00902641864939934,1.241950351259811,-0.23526058661251215,2345.5314750911184,699.3368330060584,919.659710643748,0.0,0.0,311.2661763408245,-0.15999137471758182,93.704646336394,91.87926765779513,96.8315513497711,85.15994244872815,81.2046354158154,83.03664973259697,87.05054120275543,93.11014978601108,89.87609333228225,97.08631386176211,20.71991951983645
571,2647.610847717602,699.7186994444603,0.7083479499224817,-0.127112841504809,0.14366276791739063,49,0.0,0.013816492482198212,1.2832159302466097,-0.27074935610500184,2647.610847717602,699.7186994444603,1093.981359788455,0.0,0.0,311.14031753787236,-0.15982998505282886,110.76136236452027,109.78815951632666,104.30916015956012,112.00221751528426,106.13856946464404,113.42921827081189,100.68498029489334,96.95631478129377,113.7185257865853,106.27250843438952,19.92034320014565
572,2683.6734171600983,701.1891381595121,0.49988988516289007,-0.5349886147230425,0.08082932586472202,49,0.0,0.052756039832375375,7.533394484542441,-2.1924767744072513,2683.6734171600983,701.1891381595121,1915.7967629511822,0.0,0.0,311.1252926145802,-0.15921702286019476,159.21147737459478,196.36471149939587,184.82782107706447,200.37990454551283,178.16430758831882,168.81499272858997,212.9480035444244,208.31997064242563,201.14183548306553,165.563800292909,40.05993817488081
573,1420.9688906852334,702.3839583214237,0.6300422870705689,-0.2930282501111193,0.0669853310916709,49,0.0,0.20372558683511596,28.572585081201066,-3.63987383649346,1420.9688906852334,702.3839583214237,3342.5141563931275,0.0,0.0,311.6514009071283,-0.15872400639744877,314.8403039391349,332.17059371288485,283.9256986050334,363.4597663259473,339.3726863227553,334.372967926815,317.32147845569796,326.7522111727516,351.81634124705306,302.7506483150113,75.73146037004244
574,2255.306210567605,702.1587577498843,0.5007521754995193,0.007931991422061494,0.07759641142561906,49,0.0,0.011401936552358539,1.2197408820411875,-0.2156689507607204,2255.306210567605,702.1587577498843,1033.0231294278733,0.0,0.0,311.30376854405745,-0.1588161706974039,108.15422479089086,85.82660144181861,107.10770707435864,123.62726558746192,94.92082123234755,110.11165892522531,125.83011377090874,91.32808718635538,78.55759989085475,80.181742864938,27.377306662713423
575,2421.170035572187,703.1347266000103,0.7262795961066132,0.1662860840079488,-0.06658765228151123,49,0.0,0.012449542518184305,1.1157026944836352,-0.11887120481266113,2421.170035572187,703.1347266000103,927.2766621091964,0.0,0.0,311.23466181448606,-0.15840851392710056,80.33057506766077,108.03978563549106,87.25334929809605,102.20138196697619,79.13838458362359,80.60278316601442,92.09242789021684,104.17464475891546,81.67661400143649,95.28263295508813,16.484082785677476
576,2622.4793168406595,703.55211462896,0.2620950489570039,-0.7872651011525161,-0.20149303342089192,49,0.0,0.009150793283686598,1.4130570809420506,-0.37539926420640807,2622.4793168406595,703.55211462896,1046.717417879236,0.0,0.0,311.1507881878396,-0.1582330608216263,100.64519688295628,74.02544238410314,94.13852094541313,103.69395232173616,126.61981682272666,105.93285523348791,98.23360811778437,111.84416859960565,110.51619223051637,110.66670638265862,10.400957958247734
577,468.977080419476,704.6734234097486,0.5096443068475199,-0.053552850319455364,-0.05328892723928668,49,0.0,0.01923605016345208,2.321626567980768,-0.9144809126366134,468.977080419476,704.6734234097486,1170.9272423014122,0.0012571769990349817,1130.5745984844448,312.0480466551758,-0.15776489756726556,95.97756117428261,113.82409108719581,135.7082395247761,115.87950467730971,111.48724926409437,119.88994209550313,140.47887127400628,103.25994703050839,110.82248943457407,106.85994899458115,16.739397744580575
578,1158.4581838712631,705.3820205928298,0.3933610928367876,0.10256019266027687,-0.12104450631435117,49,0.0,0.01874321307800869,3.099007772838581,-1.2280566638126889,1158.4581838712631,705.3820205928298,1069.852826175225,0.0,0.0,311.76077787833935,-0.1574741885468749,100.18068115719,117.8769590873799,104.11126586696929,113.5906514499753,104.96408977657194,105.28896344849372,107.38646539008103,110.3320694955429,92.01653533003375,97.82706619166999,16.278078981317034
579,2309.435933293101,705.1007000800295,0.5012010328812972,-0.6812039293691211,-0.025693582333785724,49,0.0,0.02165030520290859,2.8826155067356973,-1.1494667963634029,2309.435933293101,705.1007000800295,1101.8461071773372,0.0,0.0,311.2812154186133,-0.15759011984270924,94.68693280870129,115.22354506074433,107.54908092891488,110.07581494186469,123.098709931381,113.03791812330348,108.52331424409732,95.25590469051016,108.85056021875634,96.59271331656396,28.951612912499797
580,442.4544429226075,705.735383425371,0.8486004799077808,-0.2086110736788364,0.031390583948916785,49,0.0,0.027333808476407092,2.5495551043469384,-1.0161610073749132,442.4544429226075,705.735383425371,998.4716065298462,139.84432831730587,1087.705745344203,312.0590968096787,-0.15732219537196065,81.4635532778401,114.02929430596001,81.9752076321052,85.52461982024586,97.27372596630966,120.61443706372863,118.88913242357981,109.83856774440355,67.53109406858732,104.56897978188289,16.762994445203084
581,2272.298644778377,705.748597456509,0.38090806690692125,-0.6142731446607881,-0.415680516407005,49,0.0,0.009069586506367933,1.200219482236393,-0.198151680135954,2272.298644778377,705.748597456509,1038.1054393166353,0.0,0.0,311.2966886242752,-0.15732039092135275,94.4100655520418,92.86960688460101,97.184284352921,107.78036891549297,87.77638799959594,132.4427227886747,103.13503441385916,94.30162441416448,105.1679101652824,96.72824524621922,26.30918858378257
582,2193.4280122804503,709.3951610515438,0.5735867104322858,-0.1244863126400117,-0.004457484221408413,49,0.0,0.2641801004454928,38.87310611384641,-3.9741231096311824,2193.4280122804503,709.3951610515438,4641.020741902059,0.0,0.0,311.3295500955716,-0.15580148253977036,438.8375624079111,438.52510102598717,453.82332823836987,421.787763732276,501.3824989220702,456.5456600729377,449.0691909972825,480.61952157197356,450.9633702188738,446.70451928966696,102.762225424711
583,1241.1651251795108,710.2058221677221,0.20195782115665792,-0.0980699596760681,-0.19290484983864045,49,0.0,0.00731880418050136,1.0359304391315542,-0.038326485734497914,1241.1651251795108,710.2058221677221,1045.8856758424902,0.0,0.0,311.7263175661067,-0.15546463876580804,81.02344087430896,98.34762662824261,108.41154930906673,99.86373997131435,102.78977494900951,109.46535925840922,99.69506728877673,112.7848406320284,105.1960422765898,113.42461351748702,14.883621137256897
584,2668.6034788387187,709.8235337305749,0.3902295029255801,-0.5209370999527501,-0.5368801738070534,49,0.0,0.012562376505773106,1.5623073829780492,-0.48441621277419433,2668.6034788387187,709.8235337305749,1131.4088896509245,0.0,0.0,311.1315711562559,-0.1556197554250223,102.19457869489327,98.81028109316381,111.29196919898763,119.82610063462877,130.42195476463917,121.748439668273,96.85994300165945,103.91226714216171,113.86192343389486,120.23761345863379,12.243818559988975
585,1300.3087995729036,710.8916231688985,0.8949478100470349,-0.1696439436555941,-0.08293937560064754,49,0.0,0.018989862405063923,1.7147281859493637,-0.5854882166349139,1300.3087995729036,710.8916231688985,967.1238054324135,0.0,0.0,311.701674938645,-0.15517906134254802,84.59553146589823,80.04015841934478,94.18053015067528,101.34657700933587,101.85580540819305,102.32060846386769,89.01386756034321,97.95453927881044,112.22350876273077,90.73936433905601,12.853314574158226
586,1936.846188314773,711.8338908697848,0.6114426887084901,-0.35256809022754426,0.011761304273744262,49,0.0,0.10508125258713395,15.013596237983098,-2.941211830415468,1936.846188314773,711.8338908697848,2138.4843633880287,0.0,0.0,311.4364560785495,-0.15478637295929817,204.41256254714733,218.56180027497277,180.14076809808273,228.55390234361676,213.15629685620664,236.54774760895089,206.5874449485359,206.10946405689754,201.68888181822206,204.76307764002206,37.962417195374144
587,2877.963802074118,711.8070048265502,0.7719903289774604,-0.14810350192758537,0.4504387258656598,49,0.0,0.011826289825486567,1.4301734061432914,-0.3884717453504334,2877.963802074118,711.8070048265502,420.0551500059387,30.302460221371927,173.62251104177682,311.04434552876387,-0.15479135889200565,2.401288681005579,21.867480604739782,72.77184854509264,13.165983307954388,66.17930329530961,40.15580138180636,63.37944732816028,59.29256371329584,20.17207286164941,60.66936028692478,0.0
588,1554.810530931917,713.2081479525447,0.5847261432525942,-0.2727121367079038,0.03960568218122936,49,0.0,0.04517139923478076,6.162914032333864,-1.9744652742904145,1554.810530931917,713.2081479525447,1376.3210584896028,0.0,0.0,311.59563457989117,-0.15421424421596866,115.57360520324586,137.6425683985129,146.72551631299137,145.271325989704,114.3597241654563,141.812339507341,148.89803246844224,134.07428379387048,123.5783803304867,143.80048088906693,24.584801430485097
589,2588.636545495169,712.9313191724299,0.41153894144793535,-0.46407069081803276,0.07486637418103148,49,0.0,0.019479135002663562,2.574542596181653,-1.0267502042201404,2588.636545495169,712.9313191724299,1188.654091463292,0.0,0.0,311.1648882374723,-0.15432560895405492,111.14833841947942,125.15035144581692,126.2788909182693,116.48849144018857,137.4782732461682,111.03529243515513,120.02750627892388,106.83089879048975,111.59547706024122,97.98970845323177,24.6308629753278
590,1451.0320465759398,713.8270608901216,0.5076025255203197,-0.45512077174759913,0.08748862142061163,49,0.0,0.044716440521279155,6.944768897997752,-2.1041444955965174,1451.0320465759398,713.8270608901216,1333.9727427869548,0.0,0.0,311.6388748487379,-0.15395629212160666,102.68853300104664,134.19894662246088,138.71714231807852,134.44528284001646,145.26756832306,126.85839727471601,126.2978582437193,129.21717759522758,130.4852059169358,138.31739820532871,27.479232446364676
591,1607.0192549106043,715.2791118964564,0.5599369693200632,-0.4515680309953652,0.05668922943702726,49,0.0,0.06173454313992293,9.04669328977977,-2.3912246666798427,1607.0192549106043,715.2791118964564,1746.2619228390945,0.0,0.0,311.573881319503,-0.15335138675473137,159.15961244519968,170.11017767520102,170.31669088958895,185.14449943102596,152.6117825647448,174.13438230290524,199.95161017808357,172.2120538844027,173.03096724214382,153.48949084375744,36.10065538204132
592,1653.558623122702,715.6674938512965,0.398214313451338,-0.7359384631970253,-0.3217360520953412,49,0.0,0.036512638119636336,6.413988473879452,-2.0178204378838256,1653.558623122702,715.6674938512965,1359.9673551905075,0.0,0.0,311.55449024927884,-0.15318955641244428,119.57211469442336,127.10143716685462,127.70462826080625,135.84409359030798,124.32539347309847,153.67122197600366,124.52289022717308,145.93918185431323,140.20542800940927,141.0552310102964,20.025734927821304
593,1477.9546040253401,716.8932011399016,0.6075375978979064,-0.435810885376766,0.10084527578922946,49,0.0,0.06973064903149179,9.766242487198266,-2.47431875807852,1477.9546040253401,716.8932011399016,1668.8999373071533,0.0,0.0,311.62765732445746,-0.15267881693543622,168.70755443995557,157.29709346688696,178.11754988014195,151.90675929956882,132.06131515097397,172.01105054585196,160.66765241793132,179.98063574655677,174.1371202923293,164.5450583252653,29.468147741691297
594,616.8582036665117,718.6360068313561,0.9063109899471816,-0.7742898137620577,-0.2252214099540814,49,0.0,0.013951138320659346,1.1777255095696653,-0.17761020496865254,616.8582036665117,718.6360068313561,863.4396584868866,0.0,0.0,311.9864344011134,-0.15194885111840548,83.06666348977413,95.85047384661598,74.95552333762546,92.44296331921413,79.96999833656614,83.46106491198168,83.89903695012177,80.36489689001291,83.98041894115943,84.61680027561479,20.831818188200145
595,1173.541886050041,719.0237013078138,0.6834613458267891,-0.36414983186499866,0.08205035588849688,49,0.0,0.02083260138847123,2.3763548615627035,-0.9397782360916818,1173.541886050041,719.0237013078138,1048.3172988851657,0.0,0.0,311.7544932409687,-0.15179047407877855,113.7741927662149,117.30736584804472,77.08153529896592,98.2972959098652,95.3647556490969,96.78655766252771,104.30173712720338,110.8264499459176,106.01532415190475,115.26671670983882,13.295367815585568
596,425.82527466881675,720.1554908263097,0.7460138102188468,0.36974916660106666,-0.21632402268690706,49,0.0,0.012384066833407977,1.1846002195793317,-0.18392952201607524,425.82527466881675,720.1554908263097,811.4379613273591,44.60978199642639,803.5156076056013,312.06602520380414,-0.15131412543233927,85.76742711491836,75.39885524856034,83.88722991209659,89.43105960764686,76.76114026502219,92.22151027108065,93.51396073419943,71.01445980014014,75.87326594178462,60.369926099693906,7.199126332216046
597,1381.6932032353573,719.783006016725,0.5004981647028265,-0.2133763886553071,-0.28678476343341996,49,0.0,0.019478733476852892,2.7881569758643745,-1.1132930532569405,1381.6932032353573,719.783006016725,996.741184144248,0.0,0.0,311.6677654996027,-0.15147464999379115,82.57061893420449,85.37402019303971,104.41159089115872,104.2504183921418,112.03542095156087,102.21093083313896,104.37411483099001,83.94701190225442,93.99605104752109,105.75059302984195,17.820413138395992
598,1873.4939884695486,720.6872856086183,0.9642303732310199,-0.2513086802174117,-0.14181389572604247,49,0.0,0.01342484574025258,1.0423184462730586,-0.04500105923838135,1873.4939884695486,720.6872856086183,1333.5577633274493,0.0,0.0,311.4628522160173,-0.15109777627670595,129.26198113577308,139.03901631082414,134.57730333599145,129.08588969477108,122.16921780070842,134.90957616500552,140.21891401669174,134.57841367346296,106.61277950727973,136.19159967559608,26.913072011344866
599,1681.8741011287152,722.1486377655139,0.6583766926761536,-0.5512832349538768,0.09858131955975646,49,0.0,0.06020936649898153,7.737272640091833,-2.2214697511595265,1681.8741011287152,722.1486377655139,1473.3826503029522,0.0,0.0,311.5426923323689,-0.15048917582784965,139.79964819773335,121.54562594291238,132.5163533664536,148.28528775395733,142.19603901628744,146.15229677968,168.44363205479453,145.19989402678456,136.69041036169756,164.531322210863,28.022140591788315
600,2632.9102782211944,722.3492591754167,0.5569744767209197,-0.33762434021393845,-0.5171959525833001,49,0.0,0.011499278916735557,1.2474065705856097,-0.24002006830645628,2632.9102782211944,722.3492591754167,2031.496844680108,0.0,0.0,311.1464420511769,-0.15040137460127218,191.8656625062223,198.58969645785368,201.83372605564142,214.62771590666,220.44178820918165,211.09477940802304,207.50251490423153,189.07837657570178,184.0264496679382,173.7851779458991,38.65095704275554
601,589.1416863579446,721.5106919477007,0.5865057726335485,0.2808019273766056,0.5595763587675614,49,0.0,0.012986431440631878,1.0812330390443816,-0.0847982697204263,589.1416863579446,721.5106919477007,1503.1157807618392,0.0,0.0,311.99798217858677,-0.15075092499688048,126.42215874529217,138.55786503993824,125.0000158626398,151.725927489689,147.14195254502238,153.4823609273159,157.84999045918278,164.96102631725057,168.49545701791564,138.12747582741852,31.351550530174073
602,1879.0088297882785,723.1489487120608,0.6662547933456971,-0.25027238252579265,-0.02242047461522501,49,0.0,0.0407265011585316,5.244335183446279,-1.7992261028870122,1879.0088297882785,723.1489487120608,1334.2126983040052,0.0,0.0,311.4605544059369,-0.1500721151385718,114.19060200767052,144.79242141339492,134.0353447986024,119.28936646729582,120.9261062050926,127.80363018041992,147.60101986117712,136.34542020805006,118.12885207457245,150.7452661630886,20.354668924640823
603,2693.1939471524984,724.6177568624379,0.742472930462374,0.2865081456171754,0.022009960033391795,49,0.0,0.012761773670810187,1.0258674965575925,-0.02772817477071373,2693.1939471524984,724.6177568624379,1354.944339741256,0.0,0.0,311.1213257531663,-0.14945572607840082,99.24575934605738,130.11558210812257,144.77610827251675,143.06847208276787,149.65290369473294,147.45672867091866,124.9082310677062,112.34960538869686,126.50184147803758,135.85956665830267,41.00954097339671
604,835.4300615537446,726.3370447417099,0.4961130363373607,-0.910767033598829,0.06755700525098475,49,0.0,0.010223054735727639,1.0276641502958725,-0.029628016452514404,835.4300615537446,726.3370447417099,911.0094017263216,0.0,0.0,311.8953681141567,-0.1487418014005605,85.8446438687081,84.23370031973093,109.67727559348153,88.35248625432044,105.63498787988269,92.92758378977425,88.39564859161833,66.31470036832292,88.0891687577263,86.73407229833674,14.805134004419392
605,2622.343660086691,725.6651761860874,0.5796039356755226,-0.6897805857309397,0.024080835321891748,49,0.0,0.5371271150276797,77.30467720238356,-4.720514427607418,2622.343660086691,725.6651761860874,9573.425944741419,0.0,0.0,311.1508444498987,-0.14901992310466827,820.807506489039,868.1582363654268,914.7202387325715,989.4046803082676,1002.864310407577,947.8575018297918,985.586037800794,928.9225014549875,954.7676836580905,961.1716354481068,199.1656122467672
606,1207.977551244792,727.7221548175893,0.4745891543804334,-0.33887557459317363,-0.08261016796665897,49,0.0,0.016679787280778877,2.303778373975067,-0.9061017428791834,1207.977551244792,727.7221548175893,1310.3878628564407,0.0,0.0,311.7401454579416,-0.1481663939330779,128.47094252568502,123.65280881582423,138.1406109904325,143.67487225858594,127.46111680735874,150.08621483481483,101.26206352415099,126.74312003745578,130.33095626489407,116.62708490570608,23.938071891532523
607,1424.197970614265,726.8058704937572,0.4668728804285817,-0.7013926699936919,-0.2769147433908632,49,0.0,0.036979527496964294,5.601122802690811,-1.8706877363256318,1424.197970614265,726.8058704937572,1446.0181456643868,0.0,0.0,311.65005553200837,-0.14854864520547914,112.3623582116672,131.88101086304553,144.5219225977897,138.8229666116129,145.566171076574,143.97171438860556,129.04840278015146,157.36517252957788,156.59208519664705,164.91100132115383,20.975340087561744
608,1372.1417338273711,727.6539564537313,0.7890436852653298,0.7264751808410856,0.21831645421710794,49,0.0,0.012824018676391923,1.052567958188172,-0.055625363201173145,1372.1417338273711,727.6539564537313,989.273189815676,0.0,0.0,311.6717452207659,-0.14819520805331463,95.4550622952416,99.20942801150727,84.24459092796502,91.88753733202782,111.78220400357108,101.49644081976211,92.68520225104501,99.89876118613373,89.66916519339816,102.1478192707401,20.796978524284185
609,2054.606360433015,727.9502713158887,0.35817232704902385,-0.21988067115233206,0.05607501133687322,49,0.0,0.008962024952072755,1.1795948819998805,-0.1793321989414488,2054.606360433015,727.9502713158887,937.0049633995843,0.0,0.0,311.38739051062316,-0.1480711454744233,87.00648522207315,85.64793151660913,91.43569526312517,107.80251103633105,86.99612055357012,112.27243654368974,83.36097478496711,92.62313750764677,82.17338883311763,87.84173156583074,19.84455057262383
610,1906.887879953268,728.8055294662896,0.6662593248325294,-0.5605612478607948,0.06430270947948617,49,0.0,0.013503320802281445,1.4117780081843714,-0.3744160310953597,1906.887879953268,728.8055294662896,946.3569026937829,0.0,0.0,311.44893836444686,-0.14771524295909563,93.25368445948496,90.99338586927354,72.05614185892946,109.62373363968268,98.41668645377487,94.84428329512694,88.20710095238377,91.48679043060702,113.94889623607202,81.57389770561923,11.952301792828411
611,2170.850444833458,729.2504435783852,0.9830113779177295,-0.33452425280312686,-0.15618318742362736,49,0.0,0.015786401655811376,1.3430926002672836,-0.3202648909397004,2170.850444833458,729.2504435783852,894.4337468627391,0.0,0.0,311.3389569552373,-0.14752896722535333,81.62764945845345,99.56199638802417,87.33165295911192,68.8276685527805,88.37679968336815,75.67279551018595,103.79847265970515,101.78952181302213,84.0437057978037,85.09056654781223,18.312917492471648
612,1151.9890671604805,730.273802245751,0.23453270249654018,0.6104128524511163,0.0872571096593731,49,0.0,0.008340509291686725,1.3413258464500009,-0.31883573307973034,1151.9890671604805,730.273802245751,896.596214304926,0.0,0.0,311.7634733956689,-0.1471030713853038,83.02763801943752,92.61554125856564,88.86666933808547,102.81399520334284,92.0156138537522,85.46656859626333,91.12422995496537,85.51998396671019,72.51633529112543,75.404422560969,27.225216261708937
613,1514.4597715910484,730.5802720476526,0.5913776057369257,-0.09604121910205007,0.19018637598225752,49,0.0,0.01952653186657668,2.4975648214519355,-0.9937919216580228,1514.4597715910484,730.5802720476526,1096.0341873466155,0.0,0.0,311.61244712024165,-0.1469761344194806,109.75813242140556,118.43995106594787,104.95051559437509,98.65950433626226,115.92947622156534,102.20174619383867,102.96166458820143,124.12487667888027,105.35371639661717,96.01125395995771,17.64334988956393
614,1765.9026307036477,730.3733493481909,0.8625655509068059,0.16945353440595068,0.3114176600559695,49,0.0,0.016778339001735226,1.6094640211846096,-0.5167031817003414,1765.9026307036477,730.3733493481909,944.2033534354588,0.0,0.0,311.50768105229093,-0.1470622711465669,77.04426222373738,95.55087825938828,74.16216618217733,100.42148462955385,105.72038297268122,113.85348433769178,97.31006459132338,66.33684692309293,98.5859267855488,100.03713302617689,15.180723504086961
615,823.6276732310398,731.5103037122379,0.2960353852037674,0.1505142925353634,-0.12390875338788564,49,0.0,0.008164094829965197,1.1640860043207089,-0.16496266947472982,823.6276732310398,731.5103037122379,915.3690095417669,0.0,0.0,311.9002855843858,-0.14658632624517892,79.34672476337713,100.54176752687368,92.04341966417249,76.49958586435287,92.61999806189351,87.08369958770695,102.93928192651444,98.1598622888842,99.77761471806063,75.1976949053331,11.15936023459783
616,1925.6788857162285,731.4661588126465,0.2517356775203861,-0.6912558568239316,-0.499669890853286,49,0.0,0.00798428624296011,1.202722909363888,-0.20041395863349648,1925.6788857162285,731.4661588126465,1109.9783619325476,0.0,0.0,311.4411089414435,-0.14660664855545297,101.95093619980577,94.12700444985917,121.91911896051523,114.04850944914523,95.97809601523281,104.13639255956765,115.40047365887776,119.6158524405768,122.07391277030042,103.45032298615338,17.277742442513336
617,2812.2145291675934,733.1554698545708,0.5981999399520975,-0.5741235501887687,0.2614100883897499,49,0.0,0.03381213355621393,3.9283823833509035,-1.4855343870035742,2812.2145291675934,733.1554698545708,1319.115569743613,13.198761963434803,1148.6187048951629,311.07173804783105,-0.14589754287987391,142.31706842511494,111.15014818760787,131.49055196181155,125.74149211072859,147.31320940572903,115.14625295989546,139.8084741045223,122.08316068330589,137.95410152851758,111.59896794337199,34.5121424330075
618,1208.102665516916,734.3424207729489,0.6348975709041316,-0.005916530306094306,-0.07647639235690099,49,0.0,0.02512967991841436,3.027488658800405,-1.2027063122960833,1208.102665516916,734.3424207729489,1320.725920111956,0.0,0.0,311.740093357898,-0.14540807167729744,130.85114523597576,115.01295547739349,129.20234571938337,145.3538673064196,137.6030139286719,148.46806354789442,112.08725473935463,124.25288998278405,137.67774646699436,117.27630513480226,22.940332572282106
619,1268.576298990341,733.4283089260367,0.6301542148995408,-0.2600155791686283,-0.14787451502850055,49,0.0,0.02333831555839514,2.825662691976187,-1.1278007938550962,1268.576298990341,733.4283089260367,1273.322275027795,0.0,0.0,311.7148966010397,-0.14578910378733184,136.79539663823584,137.0372176350026,133.37249247123697,107.43112031431727,133.47710270852485,140.25057046064381,117.5263108862875,119.08940983192642,112.73351782267005,108.556282223827,27.05285403512276
620,1685.9941727079324,733.8541026617944,0.7404954270102806,-0.7189588340645892,-0.32031554767946774,49,0.0,0.012182859306923326,1.1415093608437155,-0.1436986930831619,1685.9941727079324,733.8541026617944,882.5094514527016,0.0,0.0,311.54097565420443,-0.14561209334337225,89.33833037202358,69.09519243278092,88.89735842762602,79.8120249342647,86.25910216491715,85.20120009840187,76.76502453185704,88.18459909535657,93.34946595557747,105.3337210862716,20.273432353624674
621,2638.0818943970094,734.2223124572919,0.29190124631126524,-0.42056831540462764,-0.2521951102922826,49,0.0,0.010221804116927009,1.3950405842830276,-0.3614671055362074,2638.0818943970094,734.2223124572919,1143.0973274601074,0.0,0.0,311.14428722930234,-0.1454545663369231,113.88641776504618,111.15178304007208,93.7760438931908,99.9546274804365,109.2052671993882,110.31023108658977,129.57057573777587,106.78141870061343,121.31398748095326,124.22647347488804,22.92050160115334
622,812.84998810779,734.7781811156317,0.9471192054397062,-0.003541191886957863,-0.07780421717909443,49,0.0,0.05460737169615926,5.30287540151815,-1.811278557203893,812.84998810779,734.7781811156317,1341.5683697848033,0.0,0.0,311.9047760955625,-0.14522472181113225,128.41532887640008,137.0954825698393,127.93462141035123,127.1237057090581,138.893684319368,112.26834708488778,137.03761107984195,141.62535247214532,142.51281759185537,129.8130289497052,18.848389721350856
623,1753.5940509879931,735.2356091535834,0.33714333510935235,-0.44544217352875404,-0.07141942679184153,49,0.0,0.011299104522528143,1.8975851533551775,-0.6955031844787275,1753.5940509879931,735.2356091535834,941.7206468846383,0.0,0.0,311.5128095260302,-0.14503642672406714,110.02565649237502,67.22397395700037,72.51896560797397,104.77274661157625,86.39385733512577,101.70944377428883,94.91343834855769,87.35335486645837,101.57546990623226,98.30576805215583,16.92797193289408
624,1831.2157271883289,735.5675598182945,0.9461805128116869,-0.9774820918140849,-0.38194531036774915,49,0.0,0.01356537311017342,1.0462232950736985,-0.04906096436076175,1831.2157271883289,735.5675598182945,903.0101448501916,0.0,0.0,311.4804677605636,-0.1448980053645369,73.8067281694918,73.57113117218779,88.71517904400726,85.21720059694115,93.90081455201928,104.48868312701075,84.68106534672552,86.78346869306904,102.49649110184563,98.38054164560506,10.968841401288454
625,2260.573607489498,735.6191402952555,0.40028526983258333,-0.46912037628659514,0.05105897245098894,49,0.0,0.04201761860184575,7.086291221639499,-2.126047490848157,2260.573607489498,735.6191402952555,1545.9669910959801,0.0,0.0,311.30157363222725,-0.14487504926825615,143.67543414975066,151.07719877927136,159.4603755489848,148.82409798326552,139.04925993882568,147.28316983684007,181.0539206552956,154.6243178521059,137.07791101608206,147.28163029624812,36.55967503931069
626,2326.53488698543,735.9446170907506,0.6089175853705164,-0.4878682382629971,-0.13929477099680748,49,0.0,0.14372861500105633,20.457066635820574,-3.2771083995390375,2326.53488698543,735.9446170907506,2725.1499509448895,0.0,0.0,311.2740909174357,-0.14473909095863255,240.0019915734846,261.6327337061396,274.8798773524589,287.1740097655514,268.6630744903229,239.75315960523193,279.21883501309,276.6010083945304,249.78443766365774,299.3582066640274,48.08261671639432
627,2689.862603429693,735.4580506280372,0.28001321434801224,-0.18209813926260043,-0.6409449124447754,49,0.0,0.01149965765591101,1.361511855586657,-0.3350535684562965,2689.862603429693,735.4580506280372,1509.377739656654,0.0,0.0,311.12271356768434,-0.14493928843550508,136.03243318907408,142.9983385629589,141.5065103476582,157.8433604527434,145.40418535885033,157.41464655484424,138.2587079951034,137.2127845703946,148.0257230990025,174.6782675769087,30.002781949115782
628,678.081427245546,736.9180517612705,0.7500217198970982,-0.22292130189013531,-0.04390849101649874,49,0.0,0.061249154725491604,7.073723388026837,-2.1241201827304925,678.081427245546,736.9180517612705,1523.3345980928623,0.0,0.0,311.96092657725956,-0.14433227941766097,137.89180472037833,142.23667293030843,128.93192718783325,165.16545783373053,152.50453355461752,158.07492332247062,150.81905131884622,154.4066193046192,153.96299500167703,149.66127650651185,29.6793364118692
629,905.4750888539719,737.666354723442,0.6485856340267283,-0.3599369869579083,0.4645197634070021,49,0.0,0.011320612095483578,1.0464376354321414,-0.04928337696924856,905.4750888539719,737.666354723442,925.9844812114809,0.0,0.0,311.86618409039596,-0.14402190638630108,85.99218014548592,105.31099416689581,74.8618294867243,90.29446554382154,105.25159896235702,82.53375982400044,87.00760975737607,95.71732875208113,98.83734693329565,85.3733789639406,14.803988675502465
630,1251.6307958272346,737.9390791116574,0.35062968339033296,-0.080726755592026,-0.10236446137241283,49,0.0,0.013797931616917522,2.111780869227201,-0.8116221281406711,1251.6307958272346,737.9390791116574,1020.1020360889117,0.0,0.0,311.72195708451494,-0.14390965212370657,94.5108162669037,105.66758113163004,111.1962781790392,105.71942066913181,80.62506484685957,75.98523814796317,113.6179689467557,105.30483247997617,99.99091105338712,105.71785890023182,21.766065467033357
631,1932.8386668028763,737.7290248606482,0.38723011409806357,0.0014362370378572474,-0.07383736967004431,49,0.0,0.014689726932062701,2.142425773653334,-0.8272644607924218,1932.8386668028763,737.7290248606482,1089.9321207917733,0.0,0.0,311.4381257424646,-0.14399721387718614,90.8552134717248,95.7734834254741,113.878428596032,102.43004367329702,110.1475327533712,114.07278615092102,111.57040177102013,99.35393459069023,107.81125571884556,125.36219746414775,18.676843176249548
632,1923.173258260537,739.7672871302136,0.6950995304640658,0.0756315876992739,0.09875146548052256,49,0.0,0.033984715841937414,3.989319739387596,-1.5022471147698075,1923.173258260537,739.7672871302136,1296.2623678112768,0.0,0.0,311.44215289913643,-0.14314799772697015,118.73758249403599,107.52456161445073,128.95185808322688,129.85241886369573,140.7166473129409,117.1237653737615,140.0905682970341,132.18314396899544,150.23806087531563,111.53664873549647,19.307112192323345
633,2377.066821883129,741.189086634688,0.49172098300689404,-0.8277314505658915,-0.20174334791289858,49,0.0,0.010182317209862053,1.242408212168087,-0.23566078341003177,2377.066821883129,741.189086634688,1199.7823919233213,0.0,0.0,311.2530368758014,-0.14255372542768655,101.85258729180327,131.85646912957918,133.12386596872466,107.45290974619482,125.06051844409532,131.15205235453186,95.72135883527675,104.97895822341974,141.96679408918874,104.97896145695373,21.637916383553303
634,2542.7065863000366,742.224162822769,0.5726730085806053,-0.8234318853779263,-0.09547094411102836,49,0.0,0.11204263572193428,15.82965217687426,-2.998678430661297,2542.7065863000366,742.224162822769,2776.6748201301193,0.0,0.0,311.184024133858,-0.14212139755346187,257.02737997271714,258.3946988438779,262.47792184179764,280.0904297327778,284.30346767525134,245.2273629417909,294.6128320791147,270.82514140848684,284.96412455592304,277.37979597845515,61.3716650999264
635,1793.5250094211704,742.7493643325955,0.3121967522745915,-0.8549188092773915,-0.14099036296103745,49,0.0,0.007882420333162235,1.1231137253228394,-0.12605933673439537,1793.5250094211704,742.7493643325955,870.6165812353788,0.0,0.0,311.4961719126895,-0.1419057683611233,86.70133561097553,83.23619054987252,79.19935101874097,83.34801514302697,104.68409643080679,94.38634962411983,72.63074445970858,91.10090608044209,81.71225316710195,80.83191971072958,12.785419439853985
636,1814.81952278246,742.8182393314178,0.6693378474461769,-0.5917876933649839,0.3663963029968593,49,0.0,0.017877245630511643,1.8710319801660265,-0.6802030265946791,1814.81952278246,742.8182393314178,986.610494501388,0.0,0.0,311.48729936350037,-0.14187703904900353,91.15095795118978,99.34326700132206,100.01634373455855,100.13568968036435,87.13654572381736,103.54329189664968,92.61990323740065,99.29395981325902,97.0987685172862,88.23200362457727,28.039763320962976
637,517.8864776187128,744.8161335878169,0.5265879104535477,0.12061925204395935,-0.7766116846981047,49,0.0,0.016945279788930675,1.4164700053210457,-0.3780184562101871,517.8864776187128,744.8161335878169,1936.917349458689,0.0,126.015099726198,312.02766991099344,-0.14104041683986276,163.53884387382064,195.99146157922513,183.17799637149258,232.08915860689285,196.85273430004878,200.54937432119243,208.03310925383238,168.63254024615242,180.2715112296388,177.85878813587573,29.921831540517264
638,2032.6061827971423,745.0300628941418,0.33806683817366295,-0.29365351480079693,-0.2632065463868834,49,0.0,0.012518100224826183,1.9874698569347828,-0.7457513765713787,2032.6061827971423,745.0300628941418,1017.3028482705303,0.0,0.0,311.3965569180793,-0.14095495807178726,92.03465517649627,109.45321268988033,94.9429836699108,90.58968431156424,97.66148286897838,87.48488654089633,88.8580876176616,109.68823319567534,119.54341510497804,100.65407418936432,26.392132905124587
639,2383.141257366332,745.1144965258384,0.8446889756951715,-0.2781365491930638,-0.07992810399003406,49,0.0,0.038490230845650446,3.9075265294229076,-1.4797548381566377,2383.141257366332,745.1144965258384,1264.3792242327768,0.0,0.0,311.25050594893963,-0.1409181923391219,121.80884245575274,120.41908478494568,134.02024336206688,126.3252354426557,121.35932496723179,131.9248749218591,107.25312034688113,120.98161879954156,146.32480121224148,109.40109578809418,24.56098215150636
640,960.901774986035,746.3412869142674,0.3428303758499423,-0.39259355803037554,-0.4876466212274486,49,0.0,0.014415862304458526,1.2661003650058176,-0.2561703349784727,960.901774986035,746.3412869142674,1837.1778141395453,0.0,0.0,311.84309062687436,-0.14040781297916216,174.6158656735067,178.61376091802094,192.50829628328157,168.8982368307827,148.14056887877018,198.2776559600776,194.26072106503838,162.90675501298887,194.226559615369,185.78201251994273,38.947381381766576
641,1573.4060522952084,745.5671999534188,0.8083734503386595,0.11507638396501726,0.2856399543472791,49,0.0,0.015310382835085987,1.5696698055714031,-0.4895207604814289,1573.4060522952084,745.5671999534188,857.1722633342036,0.0,0.0,311.5878865897644,-0.14073185278786124,80.33454055484738,68.97382550500097,72.99451177842948,74.72089897482928,83.19810402731167,107.47975291701663,86.11282069373192,95.53836098134984,88.64860565591442,84.23462440021797,14.936217845554062
642,1835.133539294231,746.4803324591096,0.7729812506856804,0.03072923445009216,0.2718770066420885,49,0.0,0.013575208812635221,1.2792096116989917,-0.26735428485856205,1835.133539294231,746.4803324591096,907.2638527619001,0.0,0.0,311.4788353414195,-0.1403511940261034,76.22501356696623,88.8402613970058,83.44839388396753,98.98546306213619,85.63269831571553,83.31338176866575,113.40529206241331,76.22400436056682,92.62474111899328,88.77875155820973,19.785851667259927
643,1977.9196275122224,747.2240973387961,0.6191342393385733,-0.3793585408271576,-0.021912820470456115,49,0.0,0.17347873762764696,24.797819784197486,-3.4860337487071957,1977.9196275122224,747.2240973387961,3127.5272080783775,0.0,0.0,311.41934240365475,-0.14004098078184626,276.4786815982508,313.7888331018705,323.97473344133437,297.883755178019,310.8053477837117,325.3368485834592,299.20867023821,289.16366323223633,321.509887958743,300.5129831833989,68.86380377914395
644,960.2756887338923,748.0592651026433,0.5711366876827854,-0.9274062018063367,0.08303971869159314,49,0.0,0.019389336901632442,1.4835875494415256,-0.4282829499679156,960.2756887338923,748.0592651026433,1804.4037431214856,0.0,0.0,311.84335149878154,-0.13969202107967252,171.54721975790432,174.5557489237684,185.88654929387408,170.27572780643268,149.25786199157852,194.70274061617673,187.77814623113878,155.23035687056327,191.37907870102833,188.72795165932712,35.06236126969311
645,2288.891903523792,748.2736912553279,0.4839532415726785,-0.24658932637758288,0.22063208547157281,49,0.0,0.018257045643325375,2.7203090528311784,-1.0865456169922814,2288.891903523792,748.2736912553279,981.0064467481459,0.0,0.0,311.2897747222896,-0.13960244502598307,90.59596600576143,83.07127547012806,103.87593368403917,84.6854707196112,106.20378766994804,81.35800308397455,106.31162609428011,99.69807644677365,106.35057255770114,93.29443727627307,25.561297739655444
646,2633.472735169988,749.5740910528408,0.6646013189687723,-0.5810779498628136,-0.005871094725260722,49,0.0,0.11248693111900429,13.587209579818213,-2.8328256858857697,2633.472735169988,749.5740910528408,2830.929587887208,0.0,0.0,311.1462073908491,-0.13905845845573658,260.6865436852503,264.24492994071386,270.7374117326532,282.2475239066936,264.927852546076,266.47143358078705,308.68728515021826,259.05249563863833,285.2031325820706,297.07389687910285,71.5970822450042
647,569.8643880398026,752.0604875031622,0.5902129226975931,0.27002910079617837,-0.01161945751757957,49,0.0,0.026855719131074932,3.5091298378163303,-1.3629985935251114,569.8643880398026,752.0604875031622,1158.4337279619044,0.0,0.0,312.00601416593094,-0.1380225463154767,108.27550267521943,106.4254082584174,115.65032054811512,131.87454438845413,99.52192876627333,103.03092627199126,131.91405088581098,116.95356626409065,93.67327610592896,121.72631191696254,29.38789188064068
648,1975.5262961129088,752.1241352794354,0.6640237379557632,0.6060206785538458,0.24646065161047345,49,0.0,0.01923586618387587,1.9631017416415208,-0.7323570208905699,1975.5262961129088,752.1241352794354,3101.4283009084456,0.0,0.0,311.42033958044647,-0.13799939072744424,272.58085181500894,316.45279280086925,313.97269923886853,291.2660130518623,316.2999278286983,325.2697246330357,290.30883444203545,282.6598514962629,310.74462633095374,306.73580940765925,75.13716986319147
649,2106.339868342115,753.4003620128422,0.5053435254093998,-0.1904556666795559,-0.08106527809476861,49,0.0,0.03396363932208363,5.228458960502017,-1.795934258702373,2106.339868342115,753.4003620128422,1239.8599515077406,0.0,0.0,311.36583536044293,-0.13746723293879548,113.95447376089436,117.31034069309916,117.06247673045351,117.97870949668885,110.48499690283846,120.58556580231377,131.2980061479926,130.72132502556863,135.61999459549352,129.30300190333747,15.54106044906025
650,515.8907045005664,753.6974152643122,0.4953845272807647,0.06160399506782937,0.07306265893039383,49,0.0,0.08781183189519326,12.241085209685927,-2.7195498026297726,515.8907045005664,753.6974152643122,2728.7415257495995,0.0,109.27832756280654,312.0285015276758,-0.1373401235766115,245.59959301602214,241.07312276359067,284.8597018124733,297.2034187632054,287.874488495087,281.36692978554015,264.77811983731567,256.1051602784667,269.70294076476745,247.6075223925842,52.570527840546816
651,2581.6286936957495,754.0786738447235,0.7622657848952302,-0.5941781200955879,0.29231201962798886,49,0.0,0.01602964584446856,1.5261189361991627,-0.4589709528580537,2581.6286936957495,754.0786738447235,1010.4426802729799,0.0,0.0,311.1678075157709,-0.13718205213709292,86.11946423642476,84.85846660198068,90.99716158261782,120.23115142145477,100.00767750912465,108.16647926557252,109.3760115704768,87.7424329508638,94.15790047725764,109.28265506525972,19.503279591946754
652,2751.146924479922,755.0794119183811,0.3675079727372349,-0.9752338552439845,0.07368549929046186,49,0.0,0.012591194120701003,1.512082852146493,-0.44893897071095806,2751.146924479922,755.0794119183811,1345.9168084018747,0.0,334.42143571860834,311.09718029440285,-0.13676379758400903,91.75114276609875,136.21333674576852,125.17176127457458,122.29117429716322,147.016590747833,140.8413103961281,130.99397386313723,145.1385258723424,140.43570127722955,145.6122644855529,20.451026676046524
653,747.2227039405359,757.4856252787198,0.2957275449315391,0.33585396141816276,0.088602414556351,49,0.0,0.01308768841712199,2.0670234245090917,-0.7883634957256906,747.2227039405359,757.4856252787198,1043.5988392745357,0.0,0.0,311.93211959011694,-0.13576342061374846,89.54169807569279,99.76192934155951,130.13470115838248,88.95518023503077,96.1334396968899,89.15210928111026,107.56978759197719,93.72279229958906,109.674924487534,116.69776945981974,22.25450764695008
654,1242.8128741110447,757.3755201188967,0.5628449127386376,-0.5215922791141241,-0.08841095410572035,49,0.0,0.032768250162140175,4.580551262009039,-1.6522943694865957,1242.8128741110447,757.3755201188967,1299.035671630225,0.0,0.0,311.7256312128444,-0.13581145023873922,105.09602392573659,135.58535716619136,120.71271567652306,129.5948080182553,114.93480453756769,130.09779537232328,136.19069822140983,128.2038824253434,132.25467040487734,141.95664728741502,24.408268594582267
655,2787.9742217871276,757.1770550039789,0.7718634705057767,-0.4511958196532976,0.06284146026330915,49,0.0,0.03687512454636647,3.7013738402471232,-1.4209073780695236,2787.9742217871276,757.1770550039789,1494.728987298922,0.0,1054.6308989518234,311.08183691413234,-0.13588953380932445,156.90745684592457,111.72211396049593,147.1829440494143,145.42665831597822,137.05390938344203,154.4781364152496,140.87419677146698,153.73808340948023,156.06316233135993,162.04885003892394,29.233475777186364
656,936.3739682417813,759.1732440576981,0.3592149442999576,-0.572986251906004,-0.2788086436808989,49,0.0,0.019368978637835228,3.04229327580293,-1.2080026938548891,936.3739682417813,759.1732440576981,1176.672999784779,0.0,0.0,311.8533102473176,-0.13506131100699645,129.90390078655483,120.780841359954,122.36804386506924,94.15955735886945,119.4869168067282,100.73289936186654,107.53236254762966,116.46262470400615,125.14257473548147,108.25982497074054,31.843453287878987
657,2683.0585172918477,758.7779948554851,0.47714720234071745,-0.2939841445449906,0.0007853735070711816,49,0.0,0.04378827224997304,5.4462976909884855,-1.8402534397464676,2683.0585172918477,758.7779948554851,2283.7582111363454,0.0,0.0,311.125548092091,-0.13522337693795047,208.91707218041512,248.62676498755567,218.24821488726317,233.28247399109722,206.72375650421736,230.49373338922638,231.16235639155445,218.65271890372122,203.89200554934058,243.4682304234648,40.29088392848923
658,2222.763015630764,760.1423000345468,0.5512971365217098,-0.21366253996705692,-0.24388684592995893,49,0.0,0.016994475850392255,2.2041542935336853,-0.8581049809902801,2222.763015630764,760.1423000345468,1023.981575360304,0.0,0.0,311.3173272677806,-0.13465774922794502,91.70426479404543,109.50473657182701,91.96801504007833,101.31149841506274,97.30545226973112,95.30472670252453,116.5773953213571,105.86770131970943,95.57935072441451,96.44757421481721,22.410859986736476
659,1314.9704586667294,761.3850137804498,0.582805980670728,-0.4811025901484863,0.0467563853429857,49,0.0,0.09408881070994178,13.306054035302775,-2.8101232069112125,1314.9704586667294,761.3850137804498,2091.0463695551052,0.0,0.0,311.6955662114608,-0.13414106065640324,178.88170313227883,217.77042351340816,214.38186617953153,206.7628184513359,214.5676687868605,207.84583447075505,197.432728214586,200.11642799547502,193.80406959314098,215.1893006894862,44.29352852824675
660,1717.9919762029829,760.9861213406202,0.5148739161601591,-0.2621316460651044,0.013663952687914966,49,0.0,0.08877479725838881,13.638373618637733,-2.8369064590554762,1717.9919762029829,760.9861213406202,2074.798638948875,0.0,0.0,311.5276434288007,-0.1343074997925634,209.99204500964748,195.83144138891657,215.56110892554327,206.5630805000892,203.80473519657744,198.55895670546784,208.36000698515977,198.5833420724731,210.00575337974368,187.6798666647926,39.85830212046426
661,415.88330595238233,761.7555186347614,0.44001743799252724,0.1708965231583799,-0.04899295803186511,49,0.0,0.03612529075029679,5.230282820139322,-1.7963129334038284,415.88330595238233,761.7555186347614,1585.1603426483289,0.0,1538.4697189191318,312.0701678770369,-0.13398200712121577,138.73253513650963,155.27071119900128,175.0958523490488,163.81554667360572,150.83353676267876,159.937055973432,145.51158928050913,156.18814773264455,144.1934237218723,162.19597356348226,33.38597025554463
662,1177.0070163230907,762.0332782087314,0.21680242686762477,0.46166174591625087,-0.07940200538561097,49,0.0,0.006294531851288651,1.0042082852934344,-0.0045595005782332245,1177.0070163230907,762.0332782087314,911.2785950817029,0.0,0.0,311.7530496826499,-0.1338706148569639,91.03455704408128,91.36974918326091,80.96174720792007,94.2589393829652,100.43768526510524,91.04031136731282,92.9421183224881,80.95310277854207,85.24590626882221,82.54261926061835,20.491859000586658
663,2064.5149287881845,762.6588955849728,0.917271378125682,-0.8618275213273974,0.2730453830508348,49,0.0,0.015875095553806447,1.3714549718264493,-0.3429538830990435,2064.5149287881845,762.6588955849728,992.3949389310076,0.0,0.0,311.38326187228563,-0.13360982481784137,103.95782561130788,80.47448916774363,108.42210569067808,98.52281784023344,102.09829783464187,93.6092726593991,98.07004062772721,78.087017779597,111.64956309395828,98.90656678241052,18.59694184331053
664,2599.6493459360104,761.8087802947858,0.5650535556169451,-0.6246828564319568,-0.03394737021193839,49,0.0,0.07252894656787653,9.99591612792013,-2.4995565086584683,2599.6493459360104,761.8087802947858,2123.3088082851236,0.0,0.0,311.1602993326505,-0.13396125094220998,179.9681102030641,213.02404472632523,219.84876889290234,227.11034533046472,193.52459258308625,238.6225555587671,209.77144668614963,205.55886029656557,179.03077183947568,218.40063731575702,38.448674852565844
665,2265.945625698388,762.6429326133707,0.6585255672287882,-0.14974099335706714,0.07122849056020099,49,0.0,0.08448577674844061,11.082927098662388,-2.6116361913491937,2265.945625698388,762.6429326133707,1912.1804956369044,0.0,0.0,311.29933517549597,-0.13361567199567673,169.61227593231735,184.6447307666937,198.85865889532317,183.71277313521628,185.09187962002304,193.56832560666368,180.77085872754606,209.31918023257754,194.4861803516132,184.1982719622947,27.917360406635744
666,1089.5768379519805,764.2660066811362,0.53895088268708,-0.35770893812784843,-0.12043541469709658,49,0.0,0.02990237507524809,4.0679565931937605,-1.5234407754270365,1089.5768379519805,764.2660066811362,1290.6700268720215,0.0,0.0,311.78947793714264,-0.13294006306251127,117.43455275168716,141.17801505572564,124.8884573306224,120.51959798209244,109.41002353630206,135.84087840717032,125.02862762858703,120.62982925279142,131.3888891878841,140.13258823834042,24.21856750081839
667,1463.5730621916518,763.8541470545239,0.4635564628814708,-0.5058486876806277,-0.16363153525811389,49,0.0,0.06538119286438965,10.924441864286555,-2.595998144666229,1463.5730621916518,763.8541470545239,1817.7218753517877,0.0,0.0,311.6336495990575,-0.13311251649836012,161.97538081515668,184.1474425463842,183.1534364561176,183.25518707515846,195.12403099891569,172.79145446460535,166.14911269733724,162.5825677700687,173.5794729980032,189.12725356687696,45.83653596316354
668,2528.5077961658085,765.914349519381,0.5979090178755642,-0.1302650683457226,0.6508077704413994,49,0.0,0.012498538859453921,1.2351285405521386,-0.2292803930733248,2528.5077961658085,765.914349519381,1035.3071842460868,0.0,0.0,311.18993967529815,-0.13225118497910038,89.39899229001117,92.45447208134384,90.1901080208483,97.32999368061355,133.35618668487166,77.45494269743537,100.22058729568539,109.44197027709623,108.88947353520487,119.02094863656916,17.54950904640711
669,2673.207682812789,764.9638024914052,0.6440098427103355,-0.37002526503415184,-0.08649805432657415,49,0.0,0.0485888637879216,4.748500596354787,-1.6913912422051434,2673.207682812789,764.9638024914052,2411.3674310842252,0.0,0.0,311.1296522133314,-0.13264620727162524,193.7568187702489,244.60704612320941,255.91185805017906,231.96477771919254,225.09464790451145,261.529716185546,244.18466905303603,228.6020812408243,230.37091190526183,241.39334990460134,53.951554227614196
670,2730.087253080951,764.5811159658666,0.39847437737756536,-0.06504312149943876,0.23422238202196016,49,0.0,0.011383655580080056,1.6042263542632604,-0.5131641166531714,2730.087253080951,764.5811159658666,1034.6036204000418,0.0,0.0,311.1059542911892,-0.13280520939789373,86.30729167564344,108.1605875016872,88.44058011357356,103.11268859638481,93.65047950413992,105.0430283980852,102.85814269259102,92.7061887184511,123.9547029875463,105.32429400871975,25.045636203219473
671,570.5153300554397,766.459791665861,0.45215294685026874,0.020482977620396064,0.0032636479263528067,49,0.0,0.029911504543600212,3.8709893916907787,-1.4695549528798793,570.5153300554397,766.459791665861,1484.657053831569,0.0,0.0,312.00574312869026,-0.13202323396439514,140.85754696808758,125.14938787409413,149.15697811518268,154.94177519953467,134.6589862646096,154.295687809664,143.41121747802845,162.40985409290587,136.46006318123455,155.9250374665711,27.390519381656382
672,1954.852065833897,767.306500652375,0.787773053576357,-0.42747874247203055,0.12832081333086812,49,0.0,0.02492258756495686,2.6988690198351732,-1.0779545202620469,1954.852065833897,767.306500652375,1003.2441236148886,0.0,0.0,311.4289535821999,-0.13167371767695832,85.3281554186502,91.7002643948232,92.51886604641217,92.82269666814366,101.66156091473488,97.54023295551382,109.58764873180412,120.59375869304353,95.36816081533179,90.14263813037147,25.98014084605986
673,2177.81830291139,766.9720263962668,0.558361781421423,-0.2855803978738414,0.01941436789551629,49,0.0,0.02482634328576964,3.4208248654440623,-1.3353271008980505,2177.81830291139,766.9720263962668,1105.204287633682,0.0,0.0,311.3360535320812,-0.1318123523660425,86.00613514190525,114.36829919184035,107.94430703458235,121.0086865042632,114.90906340022603,86.66139323495567,109.47766644912775,99.02492380181565,121.53287788387371,116.50661844056219,27.76431655052989
674,2113.8580390550214,768.6174783434535,0.6783000429111611,-0.20048258800425967,0.28052441989764876,49,0.0,0.01931822148625916,2.1806846047672894,-0.8464821438709824,2113.8580390550214,768.6174783434535,992.6265688929675,0.0,0.0,311.3627027937349,-0.13112702043810098,91.29107156922252,118.39156354524951,87.88839335399364,112.51565307453211,91.85044946660743,102.83110646212866,97.587601958222,92.5289221613019,92.84927013951818,85.46939305819049,19.42314410400098
675,1337.4911480810117,770.0365266134143,0.39157206074030776,-0.5360816850248623,-0.41433708330922125,49,0.0,0.011798123071261893,1.8235050543327853,-0.6522674285374374,1337.4911480810117,770.0365266134143,1022.9968790198134,0.0,0.0,311.6861828031378,-0.13053644689979538,82.82416406326439,108.82823008021637,106.2142098243052,89.46365534648638,103.23781651613831,93.64799540812864,89.11398782869874,102.61545540220007,116.21352692123438,110.0298950242862,20.807942604854773
676,1853.3835981804257,770.4087867647705,0.6180913931917861,-0.09244270514606795,0.023927066619753717,49,0.0,0.10955021283069524,15.139985923838552,-2.950313678464612,1853.3835981804257,770.4087867647705,2208.277441208757,0.0,0.0,311.47123122900075,-0.13038136244966983,175.0176012623491,203.3113245659102,193.0873714937307,246.8397771523865,227.47539714226127,211.599193543653,242.40953968695095,213.34816151548316,230.80705466511398,232.85914982053802,31.522870360380324
677,1975.3084451636691,770.2082919738923,0.6381660536627636,-0.7656598171916458,-0.21342237609376002,49,0.0,0.016894253340020503,1.7844728181350382,-0.628774842449751,1975.3084451636691,770.2082919738923,1000.0563297054214,0.0,0.0,311.4204302722968,-0.13046463475187342,93.06458977838972,94.19932723588828,102.25459740718668,113.04456156540367,81.72382549504722,103.50034274790337,103.55100910570093,108.90410482500626,87.81373304103889,100.76053305196959,11.239705451886769
678,1385.3542271176896,771.7920653859694,0.751255653278555,-0.31829669625332135,-0.012944063288487807,49,0.0,0.023899031395996934,2.691271879617085,-1.0748939339793147,1385.3542271176896,771.7920653859694,963.1039724991131,0.0,0.0,311.66624023024883,-0.1298050789209709,92.95790599653222,91.08305057195744,97.19691363702657,92.83503973375511,98.73405810742132,86.49951674069162,81.6316339349077,102.28489891129882,99.31357485449061,95.87785861610763,24.68952139492403
679,790.2417131999401,772.6724233342499,0.6966999993135402,-0.38513381600233226,0.0548324484630088,49,0.0,0.06635731983850165,8.185249273779762,-2.2825797749100865,790.2417131999401,772.6724233342499,1595.561560491818,0.0,0.0,311.91419608556555,-0.12943618837533097,150.51402444016367,138.65145048748838,165.54790780713276,175.3746700102434,137.33525938167185,160.56999114676472,173.67077609424177,154.0771150383193,160.91288355458317,151.81173790224685,27.09574462896186
680,1033.9453547019966,772.8034478870555,0.27130691650096517,-0.7136599621768341,0.5201549049123311,49,0.0,0.008296049521680695,1.0522724234990983,-0.05532047289539088,1033.9453547019966,772.8034478870555,897.0398138665522,0.0,0.0,311.81265705465245,-0.12938274559354404,74.6584755494082,101.73790108313331,81.30455272642564,87.56119442356021,86.41018006341952,85.39352574884572,84.02775109478284,91.81456240311084,81.8575303806931,102.52447205053625,19.749668342636646
681,1783.4184240652726,773.9248451450424,0.5703177650203098,-0.4179167104075148,0.0004365214212010216,49,0.0,0.11877651394318861,17.381450964579997,-3.1002150688903956,1783.4184240652726,773.9248451450424,2386.5551041780914,0.0,0.0,311.50038284805964,-0.12891649769601843,230.0475293553194,258.4509238618126,206.34397815220822,212.47176552456926,251.1116223473307,216.26692897095091,231.76597876047197,219.73452342476952,264.8084610947433,247.31476237996424,48.238630305951276
682,1515.3188914697926,775.3488581427256,0.44228072357111,-0.06742511941146556,0.12318259699329615,49,0.0,0.029347221564232525,4.767986004849745,-1.6958374299463008,1515.3188914697926,775.3488581427256,1207.2766091991368,0.0,0.0,311.61208920320564,-0.12832326978254696,117.85926160918831,122.9694293566989,111.38845875284738,115.31568763693949,128.7195304678326,121.76196408081434,124.6325161448925,106.31609987244943,122.07520655850624,109.0981974642883,27.140257254679355
683,2325.090741099661,775.4258237505026,0.7553439863304963,-0.006834045387587424,-0.05571092336518633,49,0.0,0.02372569987531064,2.607269226183676,-1.0404646966482856,2325.090741099661,775.4258237505026,1058.107255992546,0.0,0.0,311.274692292184,-0.1282894455661057,93.2518679618112,102.39272799310675,93.46182256138216,101.95800295130698,110.74215316808966,107.25370793700883,116.19823099643176,105.41164842581394,102.24112903106018,102.42196371580306,22.77400125073167
684,2533.579626469638,775.8413419473777,0.5074676393336989,-0.20227386564579614,0.3162494457986385,49,0.0,0.01025307125493272,1.186663254050096,-0.18581873576784252,2533.579626469638,775.8413419473777,987.8909329507178,0.0,0.0,311.18782643717975,-0.12811515089205994,87.81321028587965,92.85724105801725,84.23748378414402,98.12515082028615,109.89526444510896,98.89738436127091,107.04174041375799,106.79570117785111,97.42257676719726,90.08931329625224,14.715866540952405
685,468.77608814318876,780.9385039299812,0.4853926945625559,-0.2127388842694583,-0.04119361530659999,49,0.0,0.01792632634940549,1.8724051762795662,-0.6809995826693607,468.77608814318876,780.9385039299812,1346.6944268255463,0.0,652.9227229721646,312.0481313783217,-0.12599009186412521,121.77982358447032,144.4522783305917,120.65928066098547,150.92537766466666,125.50103735470921,119.0747307114384,140.2426746716465,126.11364722336154,144.33441293532513,130.85586714366883,22.75529654468259
686,607.754271066698,780.9199141248062,0.9320107938532072,0.6341215687272033,-0.12994918152655274,49,0.0,0.012865060340300535,1.077513155242486,-0.08105645279965706,607.754271066698,780.9199141248062,1207.1216540713642,0.0,0.0,311.9902281503932,-0.12599882069000326,100.91866513626462,106.05843327969802,132.85427493346793,125.21174843745908,119.504488009121,120.30616982234906,113.35900049335609,121.29584681984345,111.43080621293547,130.8822467088516,25.29997421801786
687,750.0164847328243,780.8743665005791,0.8861006752046572,-0.058918809677149235,-0.4658848272303157,49,0.0,0.01608711573373127,1.3195465698316544,-0.3010618051927721,750.0164847328243,780.8743665005791,948.0407500948545,0.0,0.0,311.9309558047342,-0.12601867141391157,76.19754946958196,93.90480699082204,87.21639937856361,123.33715696784517,87.27555591038208,100.5398771687593,94.79663052076795,92.86561170451029,83.75211387064012,94.22005190781104,13.934996205171032
688,868.6066015301737,782.705907563435,0.2029562081510792,0.3108596190372876,0.3591316364567788,49,0.0,0.008109030430284988,1.056537283881129,-0.05971206842145507,868.6066015301737,782.705907563435,1190.9719924030953,0.0,0.0,311.881545668279,-0.12525619243338468,87.87664784316374,77.21885293037903,69.23474539169621,94.26031202979357,122.72700873665582,152.7074818379727,139.335351415052,137.91739023573388,164.52001127516905,129.87063302536222,15.303557682117034
689,566.2346094385817,783.0376202921848,0.7368604992730968,0.6541987610389407,-0.22060875220707118,49,0.0,0.01381100683093059,1.2314396425425145,-0.22603282575426156,566.2346094385817,783.0376202921848,958.9066997345458,0.0,0.0,312.0075268291095,-0.12511621896322186,87.4969227454055,92.14482640320429,106.94933168816982,88.98491352181526,111.9651436331382,96.41566796893741,82.50987506304293,97.31639401399667,86.87532755511292,86.34096983175104,21.907327309971798
690,1189.5008675661973,782.6427038146677,0.7541893562637284,-0.08947643609251839,-0.21295773837385265,49,0.0,0.026279530243224585,2.8493997790650054,-1.136883465729017,1189.5008675661973,782.6427038146677,1047.7550292838587,0.0,0.0,311.74784413831554,-0.12528374092123964,88.02830376570262,95.83247083439146,100.32072359164815,98.8877515228505,99.14411300503374,109.74228562851941,97.62695010068848,116.6313214229469,107.16230653229546,112.48811645320458,21.89068642657741
691,2507.8268753449292,783.8025422456401,0.65072120678302,0.022549311719555258,0.05695076410133841,49,0.0,0.020685314698972515,2.556915745634092,-1.0192910439521778,2507.8268753449292,783.8025422456401,1091.7862183984562,0.0,0.0,311.19855602120157,-0.12479833500031205,86.29276636320805,103.92187472795048,113.65314831484908,104.16079212078225,112.36103821062073,86.87194932010505,108.70084416651322,129.882299497486,122.66713005807154,107.52426471010864,15.750110908761112
692,600.8567727959929,784.9277822169051,0.5118808672040933,-0.07500875394537937,-0.012269618759792903,49,0.0,0.033788667815852894,4.729202117869779,-1.6869696885064014,600.8567727959929,784.9277822169051,1386.418148484764,0.0,0.0,311.99310195874335,-0.12432893302008301,104.89246460231047,138.85960335415876,141.7020572543131,135.6364457849146,142.200655392879,144.76008166586428,135.75905249192522,152.66076130579324,126.01612984506758,135.29901529826108,28.631881489276665
693,2426.42590662308,784.7787004534003,0.3984812223297994,-0.22168026217962283,0.04882259982436205,49,0.0,0.019369063945072998,3.1589994465446227,-1.2488738745423618,2426.42590662308,784.7787004534003,1053.9455033981599,0.0,0.0,311.23247121657414,-0.12439208963434491,91.2738852739582,96.63098404585593,94.82563979992722,91.65438051841932,109.49007829465201,123.3326904808028,93.97186159159895,109.84362763876635,103.11991690773388,118.96957888558521,20.832859960860212
694,1859.5939152343167,786.1632338440061,0.42305570181062946,-0.2988476192944741,0.1820793766591947,49,0.0,0.014759192356718515,2.0877379001033476,-0.7991899383115696,1859.5939152343167,786.1632338440061,1011.4206565693646,0.0,0.0,311.4686435997937,-0.12381724487811155,99.54643782455722,98.68191996722007,81.23162821186058,107.9137211197093,91.92844273610413,108.4579169686077,106.89553706931105,101.74479417342597,99.26379055055239,96.22184963790043,19.534618310115853
695,2245.028643661243,785.8483418971455,0.3738669357982909,-0.4044973704597582,-0.07695396420873311,49,0.0,0.046652812277332645,8.613942472117948,-2.3380049175433633,2245.028643661243,785.8483418971455,1608.4757439820544,0.0,0.0,311.3080500784263,-0.12394730356416707,139.1497656764231,166.55844524920184,167.77194712785735,147.63645711439705,171.8215078076115,173.9261462628713,153.62016444851955,159.26418431356484,135.52165180861147,156.8456324462847,36.35984172671172
696,2778.274567045355,786.6577475830302,0.40343296097863773,-0.599877029189323,0.20309462913596363,49,0.0,0.011463967682503351,1.28856318874581,-0.2752643010099893,2778.274567045355,786.6577475830302,1150.7471393972987,0.0,382.6812005039709,311.08587767776777,-0.12360689084832316,101.88092191332197,121.65989712214555,106.3142984698643,126.73902502384546,127.88141971907932,106.91492491016533,104.67027431588086,109.38067196792522,112.83389433068743,113.75648752987428,18.71532409450912
697,2086.5705575577176,786.6577301073198,0.5131511530652849,0.01198064291966163,0.19480777451406198,49,0.0,0.014838548991916384,2.0406234270438572,-0.7744071704795752,2086.5705575577176,786.6577301073198,947.9014806687715,0.0,0.0,311.3740721493145,-0.1236106595472158,88.27930727444131,101.87059358401274,107.51101159871328,113.7868379356295,84.43863490972596,85.85025498337569,97.7356452435432,89.72044516564742,77.98682273928108,79.96331135709997,20.75861587730124
698,1416.601603456371,790.54496525456,0.3536063203887527,-0.38062569415377345,-0.2076077766424139,49,0.0,0.008683899056989245,1.2377361993213418,-0.2315702316877549,1416.601603456371,790.54496525456,885.8743879578483,0.0,0.0,311.65322075988604,-0.12199169782977345,91.60160743675463,81.61102248374112,87.55697536039962,81.58177452828787,82.77781340579526,83.51648900097423,86.33072126271112,87.03381398587305,101.7969091112054,88.68783558820982,13.379425793896132
699,1538.6835175058939,790.7465645399715,0.6499890547854263,-0.3841465796503158,0.010334775860021525,49,0.0,0.18389918721218926,25.352389914463362,-3.5100472639801508,1538.6835175058939,790.7465645399715,2992.411003992353,0.0,0.0,311.60235410686136,-0.12190779781052197,263.541950152291,294.04914032906237,291.60679480204544,294.6274038223966,288.05128048822615,287.80327524736373,298.59107369490545,316.4145056905627,279.45306343245727,324.33505872811605,53.937457604925754
700,1812.0594048462178,792.8503512819605,0.7989681341578561,-0.10260942741081043,0.21737280885736188,49,0.0,0.016963168297258118,1.7596414210063094,-0.613560441205273,1812.0594048462178,792.8503512819605,911.9186786746017,0.0,0.0,311.48844927041995,-0.12103111940079965,92.74430489010174,93.91583409710492,91.62297402092958,80.15929384222365,99.90759277058001,91.33080549867853,75.36203133705371,95.28343639264077,94.67671933045725,83.07326753941462,13.842418955416907
701,2025.8704547100942,792.5907374503482,0.5940399752584589,-0.16286775622144126,-0.0700880390160873,49,0.0,0.012528806482667552,1.3856373496437493,-0.354123952931673,2025.8704547100942,792.5907374503482,892.5217869758744,0.0,0.0,311.3993631678105,-0.1211388517643083,84.86773661296618,104.33128509288669,76.21877389412279,97.18733375933672,84.53297278015211,89.81921061223184,89.73226428908222,72.6367897720321,75.98946791251177,96.23696249703569,20.96898975351621
702,1342.8867041305298,793.6952624536748,0.7935341268165261,-0.45598795191617597,-0.04296792233424096,49,0.0,0.04292004658718234,4.726928117714849,-1.6864474951177921,1342.8867041305298,793.6952624536748,1307.310622652975,0.0,0.0,311.68393476745655,-0.12067901667985259,115.38967974404939,129.68892236899606,124.00367447123162,135.84259219983414,146.39461695414923,120.25205946301492,121.07862173339669,133.50918265964853,126.65851959600009,133.83303751810575,20.65971594454864
703,2534.7839995442605,794.3786627283674,0.3520753201206809,-0.4014055247361605,0.12104100675580302,49,0.0,0.05699860842048118,10.26477261498453,-2.528373333328569,2534.7839995442605,794.3786627283674,1948.01379572639,0.0,0.0,311.18732444861575,-0.12039170945251888,188.60549076329326,183.95542823275986,208.612416709039,197.78992756308142,171.49638496469728,187.1146019638918,179.05584824996447,176.75125151146258,185.71295249492502,222.6641823759738,46.25531089730153
704,610.9700786323183,798.5988118919514,0.32318384219912033,0.8461938165658677,0.0761234128221051,49,0.0,0.008931987892086945,1.1590701368609662,-0.1602742912249695,610.9700786323183,798.5988118919514,966.6853495275054,0.0,0.0,311.98888852007883,-0.11863308128275518,93.6805318027593,97.41281207160655,88.62165735947373,99.74635495521117,93.71918233658415,86.77908353255964,90.58861217618396,92.58446782341099,91.10254434281393,111.75877563114543,20.691327495756443
705,2095.9676772380194,797.9127254118733,0.8299595397589885,-0.8489126305717682,-0.12077010042607823,49,0.0,0.01814958867232389,1.6509171314208426,-0.5443131854739316,2095.9676772380194,797.9127254118733,991.5799061733304,0.0,0.0,311.3701567285679,-0.11892124046099226,103.57719326483513,99.70747294403283,109.53406446501336,86.2921714309152,87.33894925075705,89.4988976469536,104.30791891943771,102.13198884506872,88.38047553719719,101.93476900391124,18.876004865208266
706,1066.4374323535662,798.8270488656451,0.5814310397450517,-0.3620462351937153,-0.11994264256546289,49,0.0,0.14137059557876808,20.6980250830521,-3.289822272283574,1066.4374323535662,798.8270488656451,2740.4017228599173,0.0,0.0,311.7991192749419,-0.11854016324845426,279.1666683816684,278.2616671472516,273.20926754424795,276.38140835433114,271.19034857164263,273.83692713408277,266.2421850650601,274.75195381343497,267.2903885546783,240.39176089972713,39.67914739379229
707,1379.0796987132278,799.5727474640491,0.39215488949403254,-0.20229359681374434,-0.16883903043899254,49,0.0,0.008603153127855555,1.156521002523966,-0.15788381001139096,1379.0796987132278,799.5727474640491,866.5946653442378,0.0,0.0,311.66885463982686,-0.11823020677886355,69.91628600658501,83.51712767515536,90.40274669410287,92.72817537290356,75.35091101570305,103.26056874674413,67.34893046228251,85.21130561960821,97.89828320752115,79.84862089867613,21.111709644955774
708,1921.3073891142683,799.7502551263177,0.2117917720817177,0.6465721186810037,0.010781534353355736,49,0.0,0.008072536469302826,1.267839895879944,-0.2576610346411128,1921.3073891142683,799.7502551263177,929.6444241401225,0.0,0.0,311.4429301082713,-0.1181560794912845,85.34236234010983,75.24314302594007,98.73050558548239,99.1443378921503,79.91941460618393,93.8205875426533,86.80842420132589,110.27136889911455,91.75044024832087,91.8953623960822,16.71847740275928
709,1465.034441126037,802.1800461299774,0.7371376031590549,-0.17027922117083855,0.2658808604736166,49,0.0,0.014052650758626915,1.4198760694469084,-0.3806260991545468,1465.034441126037,802.1800461299774,864.5838102757012,0.0,0.0,311.6330407605562,-0.11714396549511533,72.88948481244128,87.38302452064997,102.71142474034097,73.22632101038367,87.65580355687527,96.59711093776595,83.74943506743381,71.69545581654629,82.2830734889447,89.24077622676299,17.151900097556403
710,2183.0890823040904,802.0261328978485,0.6223029777744202,0.06696585026792806,0.11652107447642515,49,0.0,0.020353912518166154,2.3047809584293533,-0.9065741431149209,2183.0890823040904,802.0261328978485,992.6374118883577,0.0,0.0,311.3338572148791,-0.11720709881144233,77.3951358152168,101.80542770098508,83.45719313650349,103.7848629889962,102.68485038763055,98.27263594336229,101.3981292617735,100.28633818422117,87.5853604574479,110.04703997126299,25.920438040957716
711,2463.999403570117,801.6981165214062,0.48003696091822073,-0.46330910550868826,0.009062271083607748,49,0.0,0.08780708357787566,14.410885304609375,-2.8967266541682894,2463.999403570117,801.6981165214062,2148.9346905318553,0.0,0.0,311.21681625573996,-0.11734250610106065,218.34240017416784,183.10245384378243,209.07864510939282,230.40589018484616,208.67441178692454,209.99672986143938,193.9042121827792,213.6871757092352,215.74996061036396,218.64533012725116,47.34748094167304
712,1811.9886284456888,806.2428645093734,0.6298253948534785,-0.25727012238979113,0.05549009838370122,49,0.0,0.052439208800083834,6.958536813058234,-2.1062948228700544,1811.9886284456888,806.2428645093734,1636.884318411731,0.0,0.0,311.4884787277978,-0.11545110156949645,153.22413113280055,171.78250947099002,158.44716010003793,157.41550778289644,175.32276833353944,185.84529173940268,136.14370668308914,166.11498455844827,165.68793340952305,138.2339008684123,28.66642433259121
713,1822.2750764365503,805.8247095252146,0.563524918442102,-0.30844700425349203,-0.006375499149951205,49,0.0,0.14543246524870915,22.08602483787856,-3.360293890592204,1822.2750764365503,805.8247095252146,2827.8183893134465,0.0,0.0,311.4841927822899,-0.1156253131655589,248.81713431401516,262.14533022113824,267.2061532838797,280.3876028135781,317.4040717923159,275.3824777638114,262.1040088902861,281.10308017596077,283.27272567714056,302.233172878182,47.762631503138394
714,2140.8726095341444,806.0895498663066,0.6855476816306174,-0.3180730161000866,-0.09908879794470875,49,0.0,0.03736092170357965,4.647289180057613,-1.6679992438159499,2140.8726095341444,806.0895498663066,1192.3189371909348,0.0,0.0,311.35144683371595,-0.11551422519446149,105.05305205489461,125.35372550050734,109.94925361091143,111.58977633947222,113.57370961722131,105.2621922735599,119.1640710577915,109.74098808759936,127.59081166604564,128.40546504911202,36.63589193381928
715,2481.042237258693,805.804381734079,0.6373032128709507,-0.6167897487958172,-0.21560128374147544,49,0.0,0.016031400017200787,1.8378530203583712,-0.6607769409118234,2481.042237258693,805.804381734079,1041.2033884807831,0.0,0.0,311.20971542431124,-0.1156315625544579,107.19938846182282,103.06839789303787,84.71774070366337,95.74373648775779,92.94188757326393,118.57890944437655,118.6238765292166,100.53443221202957,97.41748556355276,99.11924989771035,23.258283714351425
716,1305.9043433522572,808.3820041399003,0.6121680022255449,-0.5047432333401407,-0.5626813431088772,49,0.0,0.011650923562610679,1.1938955264031967,-0.19241581218495907,1305.9043433522572,808.3820041399003,920.9968588508686,0.0,0.0,311.6993438404941,-0.11455969669616001,85.44357603540851,90.39387463867527,90.35905460489916,91.43426908103494,90.57082141904809,90.30618814365597,93.42662571024366,96.17033456751601,89.58707498891171,78.8963134357194,24.40872622575592
717,1775.9414424807785,808.8380817372138,0.4730158183626392,-0.20296293196780546,0.14690483918119704,49,0.0,0.0504692523423668,8.259411927346967,-2.2923728163033417,1775.9414424807785,808.8380817372138,1467.3468437263919,0.0,0.0,311.5034981335664,-0.11436984047327524,130.02588953126113,120.85409466471424,157.45770178532243,165.75590118994802,142.8377815506587,138.14473581961002,147.0647999775602,144.27488620945132,132.1974997666058,151.39476081619236,37.33879241506736
718,2243.934597194448,808.9568085453693,0.36019650017850585,-0.7752656699787136,0.12916909011561425,49,0.0,0.010329593442031734,1.2571183308865972,-0.2484403979387495,2243.934597194448,808.9568085453693,1084.2158641570347,0.0,0.0,311.30850574475613,-0.11431921423913538,99.19504833625201,107.6437147487112,116.48339437135567,101.06788884507708,110.64228930073884,101.15511568108185,109.65257024796216,107.84253171695907,112.6944489182232,103.9318962814269,13.906965709246748
719,513.0091483720784,811.1097346309989,0.47834104751938183,-0.29061655222734145,-0.008059193482230009,49,0.0,0.09338968885624746,13.983346993642252,-2.864027836767091,513.0091483720784,811.1097346309989,2594.3263577738235,0.0,0.0,312.0297027933034,-0.11341989611539326,229.8673792192572,267.2293322181334,240.0146820939501,249.08429706645586,273.42516085348893,259.5534781137791,257.42499651207936,262.4500711240164,252.54436233532027,250.13440762536143,52.59819061198146
720,612.5587294006532,812.4967190151172,0.74288709479639,-0.5395506313991146,-0.37861497022609264,49,0.0,0.010971275759782295,1.0453713094370438,-0.04817644142231407,612.5587294006532,812.4967190151172,1188.9815508394615,0.0,0.0,311.9882267827708,-0.11284263946603945,109.28829216409473,127.39118176757015,108.73562892106312,129.73852187299588,111.69133074686282,113.99530546125456,105.4870196331141,117.4573435506623,118.82801503197226,117.1562728866936,29.21263880317798
721,833.5112245445912,812.3168749744738,0.8476885880380497,0.0889478067287541,0.756793635685763,49,0.0,0.022320645678132894,1.7777321919381002,-0.624665842198984,833.5112245445912,812.3168749744738,1274.4893959769447,0.0,0.0,311.89616834277075,-0.11291872778004747,123.19641135879262,137.94676648399812,126.73815173774841,114.7283498617488,110.85966454198415,139.4397140358724,110.72098429429931,128.70304845348525,123.22612004208901,132.33049649816638,26.59968866876015
722,2156.0987898413377,812.4148210323052,0.5127075599796722,-0.20263511468895,0.03942230635323582,49,0.0,0.019353503984352007,2.8571452612623887,-1.1398308027077921,2156.0987898413377,812.4148210323052,1017.6514209152605,0.0,0.0,311.34510274559943,-0.11287875334292348,85.98945980632023,102.66818314778803,93.55853474570424,91.0215182068466,94.7633176370156,105.94046794444418,83.86662311877268,118.07110999667518,101.81012895828286,117.07551295065218,22.8865644027587
723,2908.147419740691,810.8376648759638,0.3291605149293159,0.07772752118197072,0.9926515578730569,49,0.0,0.006673567964401794,1.0061234339122922,-0.006628160990997004,2908.147419740691,810.8376648759638,1013.4502793949466,0.0,682.6952169582944,311.03176887366993,-0.11353166838974953,116.1670404667372,182.47806648120365,121.37619160771368,108.9911358036617,84.34725158555258,68.71493087826029,69.38996121473122,65.0593875171931,71.03415191053469,91.10190786019143,34.790254069167155
724,2616.7385401042325,816.2738336979905,0.4570439843461958,-0.9151225373391267,-0.06368332155640513,49,0.0,0.04141914858964252,1.560114154801937,-0.4828909429802769,2616.7385401042325,816.2738336979905,12334.29202869569,0.0,0.0,311.1531786997028,-0.11126876687902344,1010.7312960809463,1168.4880898282347,1193.0983190886125,1259.2324600703346,1190.2378008928606,1247.4577834449333,1267.3806802129834,1184.4430055242688,1312.0929379495435,1241.9090263655185,259.2206292374542
725,1644.1675452210923,814.3465029942066,0.37256908655621407,0.6469348773503887,-0.22789109722288334,49,0.0,0.00888574901152187,1.1443680257582196,-0.14641428721885247,1644.1675452210923,814.3465029942066,883.2814656097596,0.0,0.0,311.55840308179467,-0.11207482792225676,64.3313295874295,97.6565831632597,86.71966230569483,85.19125257930273,93.68557884674324,100.6071490114592,78.96976041812405,88.75800730479651,86.51235773489864,86.00866546747952,14.841119190571742
726,2111.245989894282,814.9557030804166,0.588095960030822,0.6712795519012786,0.32353627387648537,49,0.0,0.04543381791973606,5.270551818450452,-1.804640218848268,2111.245989894282,814.9557030804166,2094.3593482297442,0.0,0.0,311.3637908457003,-0.11182023720406582,199.71145446742867,193.71628705860542,202.2792929742106,197.7297642473486,212.57126800144317,215.33577513866373,183.65033518351663,199.6997875589712,231.8919070820813,209.39883992593536,48.37463659153943
727,2122.671375343312,815.1554253258242,0.5606727961212995,0.33034864983447476,-0.3627737345628622,49,0.0,0.009078596564974539,1.0347948175905934,-0.03713561259328007,2122.671375343312,815.1554253258242,995.6925528340721,0.0,0.0,311.3590304030038,-0.11173698802362177,101.58102760556385,79.84958378364493,95.97386580896521,110.08933570426416,92.38343323608457,96.33341588101379,76.66311348947889,103.69049619408435,112.82706202453322,103.6599196917289,22.641299414710193
728,2266.056121918358,814.5208555064212,0.585325372309293,-0.26844197736561637,0.11278724792572468,49,0.0,3.167153240092352,463.49845284108517,-6.66512072201736,2266.056121918358,814.5208555064212,47576.18317566307,0.0,0.0,311.2992887437586,-0.11200087723896948,4258.125944130997,4470.862539146809,4587.968424903347,4722.568683574249,4770.635705106317,4689.811138664565,4730.078881585929,4796.284315313113,4800.295658782716,4754.403595621572,995.1482888334474
729,619.9043947424093,817.479041569709,0.3687520793473865,-0.12090300855714263,-0.08068074146164625,49,0.0,0.030859351906791746,4.926994797383882,-1.7314552592144372,619.9043947424093,817.479041569709,1475.230395668006,0.0,0.0,311.98516634566573,-0.11076683539609324,113.97447425557111,150.5848255055395,140.65560650773392,146.28640633256543,146.40184896308187,143.12459307690986,135.24357675870402,162.13361436081485,149.78125386892282,155.73555003766927,31.308646000493383
730,1476.9420771129671,817.6223053028008,0.6847042680881517,0.0743242111992871,0.3861319357434055,49,0.0,0.01753569798205222,1.9170663025967334,-0.7065928335174699,1476.9420771129671,817.6223053028008,977.212476615827,0.0,0.0,311.62807934494896,-0.11070991567901559,86.38913608889371,74.72207719273307,86.82629608010745,98.79308234485198,103.28249024236594,105.92324744559552,94.5146879816435,100.00298130916877,101.97956124666007,97.98009790025552,26.798818783551525
731,793.986015064972,819.8939936655405,0.7804990470335712,-0.2192310492976617,-0.009927171896062303,49,0.0,0.05626347454205962,6.6561229780113385,-2.0580533433698034,793.986015064972,819.8939936655405,1321.039882123919,0.0,0.0,311.9126364719749,-0.10976156632823905,111.5303030271063,121.22696574955904,132.04240873808547,144.0817032969461,120.90004882186241,121.89860653930387,132.09126975255725,137.5093089100589,148.29713314938715,119.47719584138734,31.984938297665085
732,2229.5382775212856,819.682722293363,0.5311606742576457,0.20778268467667194,-0.26538190513219523,49,0.0,0.011520051303780346,1.4713872048050756,-0.4193174377365149,2229.5382775212856,819.682722293363,868.030035364698,0.0,0.0,311.314503918556,-0.10985033172016397,69.83286701950699,80.55815159721567,75.54175495333256,94.03570492387655,100.86511528305203,81.46655341934968,99.80684288079843,77.78616422404579,79.94441550196889,87.48697234740419,20.705493214147218
733,752.0549773270907,821.1463244201655,0.6195399555433363,-0.04234916009641185,-0.09211126460221325,49,0.0,0.10227142825289785,14.182059931412631,-2.8793482907761723,752.0549773270907,821.1463244201655,2216.422138306274,0.0,0.0,311.930106867619,-0.10923958717262466,199.1236909461245,219.13664223503042,230.50802485413396,220.9690102122335,230.0038855052005,223.22631129086582,198.2427154881491,221.7459606999991,225.50477479359552,204.06354121508332,43.897581065858205
734,1255.4566083429418,820.9718898060064,0.8361275890215025,-0.2971894625791199,-0.051291488450300016,49,0.0,0.029812876975106414,3.0946367138295416,-1.226524183923873,1255.4566083429418,820.9718898060064,1087.5698483696053,0.0,0.0,311.7203633589269,-0.10931400108171978,107.03895781829289,105.37449047049313,93.84103101322,123.29451879189251,104.38663241583842,103.16218407549975,106.7102201751816,112.00750822900422,106.77562612302953,103.95752037190556,21.021158885247804
735,1674.6484367883754,820.9760511643898,0.3310591169887376,-0.14089209285093313,-0.19400706897604977,49,0.0,0.010199180007301382,1.4588722668679865,-0.4100431710926889,1674.6484367883754,820.9760511643898,969.6449304566991,0.0,0.0,311.54570289034234,-0.10931259546780643,73.58615048570307,93.83344993880748,99.65851669030803,108.62356273859282,96.49100490668692,90.19965759510308,101.3129642500215,98.78831644214978,89.726714070435,93.49537785112403,23.92921548776737
736,2288.8687098198357,820.4237040826856,0.25283847350803695,-0.13297424316557432,-0.4010128111669844,49,0.0,0.009073722681336044,1.1345004192535777,-0.13701165178526856,2288.8687098198357,820.4237040826856,1238.3796702570585,0.0,0.0,311.2897838199777,-0.10954137609412704,102.65111332643559,115.93790009635713,110.5245661048469,138.84026950555247,134.28325778720662,102.74631468251633,132.11010773968442,123.25489286016133,119.63290669982408,133.12046463500485,25.27787681946863
737,1350.5197501114087,822.3456352467774,0.5959223964470638,-0.46699649217127887,-0.05088823203624545,49,0.0,0.33612086477164255,47.72255672221949,-4.19680925705817,1350.5197501114087,822.3456352467774,5718.608835744297,0.0,0.0,311.68075447176744,-0.10874178995223294,495.3468590103628,538.8229474933311,571.9439684081941,515.7081744063889,546.981111303023,512.6097876162105,621.5684579692659,685.5560733544128,595.3391550836259,550.9629982277088,83.76930287177264
738,954.7241135964583,823.0646116969046,0.23926052855310673,-0.07293373735034041,-0.09134277385489709,49,0.0,0.010294568211277834,1.6494274630016816,-0.5433330532487455,954.7241135964583,823.0646116969046,1000.8465427056638,0.0,0.0,311.8456651188955,-0.10844120993273301,92.43430760562094,81.42879861828592,104.14602909291024,109.48176332193603,112.74106377756237,107.18985173618873,86.8124438825807,106.00220752271989,94.30439219871846,88.3457564100351,17.959928539105448
739,2501.4752303211503,824.2749710158312,0.33682289538276916,-0.4454982517957437,-0.23486623691907643,49,0.0,0.018323118774251256,2.83470599212971,-1.1312700543535361,2501.4752303211503,824.2749710158312,1189.6164714577112,0.0,0.0,311.201201969639,-0.10793578867542687,99.11860034083881,113.76406658351027,117.83790436620717,111.95915507952297,123.61695903708096,108.33532809900183,117.44618381324769,122.9906042974614,136.09257688359918,119.95627921938501,18.498813737856214
740,2592.5866317864925,824.1756521363485,0.8267987259529238,-0.23930469345923186,0.8835065300099478,49,0.0,0.024120287730797742,1.0005644703111547,-0.0006126929461065481,2592.5866317864925,824.1756521363485,4339.7744673525885,0.0,0.0,311.16324122422304,-0.10797667691367611,399.41003692502886,386.1020320094428,418.9349303519307,450.1019081236956,443.43634637498826,455.349316431184,431.7609119434503,403.42319630593,448.49687434643863,420.8507536422394,81.9081608982604
741,2259.021699688628,824.4814127193582,0.4596585847890015,-0.25662126998301155,0.08659344136337133,49,0.0,0.07941078267571199,12.641970159046798,-2.754536902137917,2259.021699688628,824.4814127193582,3373.848625728094,0.0,0.0,311.3022195680641,-0.10785085410940996,304.16943313175886,328.60072952985865,330.50003486757635,319.63056572835126,343.23803063218304,377.64784024835046,316.6662960002343,327.61617733641623,327.9573528226236,337.82178869300014,60.000376737740524
742,2645.3751829101952,826.392929155294,0.48289316000819477,-0.8363791140233733,-0.33789319803005463,49,0.0,0.03241836321342896,1.7019454873074935,-0.5773641141941473,2645.3751829101952,826.392929155294,6581.2839820739655,0.0,0.0,311.1412474864056,-0.1070525605330027,603.8136388590536,672.3814034841024,639.8957338488443,657.6030313423386,612.503795308431,636.7764726386728,622.8203681778534,624.6303645680424,668.9535872053924,682.7977972690323,159.1077893722025
743,1095.1028189014885,827.0469312574077,0.7967596328473572,-0.5573540696878072,-0.17856909363412787,49,0.0,0.02698876123047874,2.9362466491881434,-1.1694813354348415,1095.1028189014885,827.0469312574077,1070.4073992609895,0.0,0.0,311.7871758744674,-0.10678243744659686,77.26551268909608,94.52154962282424,114.92521377690997,105.8213542188732,112.22290529744198,120.33255781343402,93.77241437449521,107.67062056197548,108.74540997301274,109.70428091772344,25.425580015203014
744,2634.173268222225,830.2260393753645,0.22228649846110965,0.5101396539648447,-0.5734776636466028,49,0.0,0.09347659495975061,2.8424580890835704,-1.134235174768011,2634.173268222225,830.2260393753645,31742.685914318656,0.0,0.0,311.14591457331676,-0.10545559266018921,2795.741294747596,3068.8307053596527,3080.1847357438382,3169.9280982821506,3113.6472355434926,3119.9444823868394,3311.9604751975144,3225.9952281908545,3002.691677911502,3175.9600829592687,677.8018979959486
745,870.3076097780187,828.3870698303095,0.6213568121683188,0.0295612854447214,-0.00598274326858954,49,0.0,0.16675333427918068,23.435018069770642,-3.4246632318070604,870.3076097780187,828.3870698303095,3058.190512778251,0.0,0.0,311.88083732581316,-0.10622328765834753,262.3863303991577,273.8234468742776,264.26883023869107,311.9651038667413,297.8410521077539,337.54070741210023,320.65764713995753,294.1237963801133,329.803464734808,309.2243243698982,56.55580925475235
746,2854.2411868727045,828.5055271065571,0.6070134866170197,-0.9159222116244107,0.5703054053988427,49,0.0,0.018508092699886427,1.7068677159583594,-0.580499660350546,2854.2411868727045,828.5055271065571,2317.5608710060305,0.0,1961.1302577360893,311.05422727707463,-0.10617101688875942,225.7798497346912,215.54234850019162,247.15467789252523,225.3330448607715,208.01247282702542,236.55565620970702,225.74817441024646,255.83393307843056,225.64241071663503,211.14015383108523,40.818148944721045
747,1085.2508541268107,829.1128312749835,0.4973524899496805,-0.12596069151907646,-0.26756898984888605,49,0.0,0.010369391704448262,1.1222985250835633,-0.1252709804291011,1085.2508541268107,829.1128312749835,929.9196774042462,0.0,0.0,311.7912807575795,-0.10592165058344899,82.50100025716823,90.27848692596098,92.765686919379,116.08384189246279,72.59238502793679,92.22076888453567,81.87194796392323,94.41428062558316,105.8445792799076,88.63317515816247,12.71352446922624
748,1848.5516330864837,828.9181028368604,0.7953824959112887,-0.16425925643418374,-0.514496768908576,49,0.0,0.012410952735506988,1.1939184338883908,-0.19243664419821427,1848.5516330864837,828.9181028368604,860.6268723841508,0.0,0.0,311.4732443442537,-0.1060033559614993,70.97350463008159,73.50978257562096,87.62939925488801,78.26656495094119,78.41559716731335,100.81382960990597,98.51759348597855,77.58383852322193,84.65542498650456,93.15418956627171,17.107147633422983
749,2282.6792293037456,829.2644125658798,0.7349962133357496,-0.44232348363203916,-0.041714957887142606,49,0.0,0.04427475625328645,5.035420429127047,-1.7550893438413104,2282.6792293037456,829.2644125658798,1579.2169933954087,0.0,0.0,311.2923626006414,-0.1058579346563818,125.39886084313089,142.61411494444076,169.07347930250407,160.93458234892015,129.51178440333857,161.04114464922924,159.99019450330587,149.6348282752146,157.71955760564504,177.9640834853085,45.33436303437095
750,987.8419673981895,829.6771590801042,0.6684907243362419,0.49260587099517994,0.425014095446139,49,0.0,0.012382877348358651,1.1394260869024946,-0.14171539577100162,987.8419673981895,829.6771590801042,924.3748905134312,0.0,0.0,311.83186654409917,-0.10568621601802276,84.1652440571367,95.0732240939963,84.80796350543591,107.75001373534312,92.78218225393456,86.43413887769536,86.91803849686006,94.39702614971091,90.84228951336677,87.16081612837085,14.043953701580662
751,2862.4732164425395,829.9512390657517,0.5553505203688578,-0.9098600333253193,-0.029596953964972368,49,0.0,0.10312112300747465,13.27966144529985,-2.8079675079278275,2862.4732164425395,829.9512390657517,3196.7721633856336,0.0,2688.456792655524,311.05079757909886,-0.10556862308556735,292.3445250939469,305.6555135819233,293.8097276943249,316.58277215529574,312.8192567375715,333.6099391264239,311.32737165326057,327.8059422730819,347.2610275913105,303.5865320616417,51.96955541685213
752,1364.4698364332316,830.763165333924,0.5649586308233034,-0.5692592474640612,-0.20563855453927612,49,0.0,0.01628571608169191,2.0909350706782437,-0.8008513674531132,1364.4698364332316,830.763165333924,1009.651902440833,0.0,0.0,311.67494205919417,-0.10523462151049445,104.47961764202401,104.52390703153789,91.48375574261183,89.25544640262554,104.50192572293082,97.47175095116577,91.05832059203284,84.76178963106524,101.19182461054847,118.84362076068804,22.079943353602435
753,2895.3141552228212,830.6825344690527,0.41938206016921903,-0.4066375615740082,-0.47762323424483416,49,0.0,0.010376848195429488,1.0236834370099064,-0.025414191367787838,2895.3141552228212,830.6825344690527,1170.7248261919608,0.0,995.415564534778,311.03711521800875,-0.10526370536543259,77.6488024723116,99.65809591878488,102.78493866299308,118.71197954730215,119.04025324038037,113.8493259681838,122.42670633959318,145.65924537806308,115.32698988631743,125.68749781751772,29.930990960513675
754,2588.528547757328,835.899087657437,0.5020154770408706,0.3970498787335916,0.9999199480532125,49,0.0,0.021735046258831835,1.0426828794454013,-0.04538060652075098,2588.528547757328,835.899087657437,4598.437385074964,0.0,0.0,311.16493184899207,-0.10309221447674079,422.34944509693304,432.4467757358984,453.98518693888093,458.3165237666276,463.3306404782169,476.05804447790285,478.72177038143695,453.6368588844241,437.4207128717072,443.5993215713368,78.57210487159992
755,1885.1151109084333,833.6300768905847,0.7669885355305378,-0.5737207475953013,0.07018318242538057,49,0.0,0.028333569624307654,3.2436518716855853,-1.277585592331938,1885.1151109084333,833.6300768905847,1011.3317118463078,0.0,0.0,311.4580098175335,-0.10404004449011033,87.23811833669258,129.71856515623944,82.09046585668625,98.83223395477884,91.22948759018288,71.21295903019512,115.28854287898585,92.08861451964816,100.50579117629142,113.50627362261767,29.620659723989593
756,2152.238303386857,836.401206264072,0.6085953661712193,-0.3424785413281475,0.25931635666409913,49,0.0,0.013802273566651023,1.5873865593474255,-0.5017067468631271,2152.238303386857,836.401206264072,1046.558568715264,0.0,0.0,311.34671108144255,-0.10288483773432451,113.46989079092002,96.06368160501916,92.84227172440961,107.66202978270094,99.53204573243745,87.57040982072826,120.38647235414594,100.63416363802257,105.16248322003497,106.40581526491592,16.8293047819292
757,1649.7206339326603,837.8893397535433,0.3266634118652978,-0.2810004615457892,-0.7884842045269113,49,0.0,0.00791853697355976,1.256263025603819,-0.24770144446073322,1649.7206339326603,837.8893397535433,811.5552045402634,0.0,0.0,311.55608931527615,-0.10226562281282692,66.03917324149425,59.84207639491324,79.56584940033741,70.7499181035329,90.44668100683317,100.99786518467516,88.39659092581465,85.92156958959235,73.13995758887344,81.50055164661775,14.954971457579047
758,2225.7566921935722,837.4750176406798,0.5241474883589767,-0.167915337574055,0.3304465583206415,49,0.0,0.011408407830370636,1.3927055382020062,-0.3596482565080284,2225.7566921935722,837.4750176406798,888.87392685295,0.0,0.0,311.316079397061,-0.10243719934930257,79.15020621481722,91.4326910323886,85.05317970115533,102.12482127579148,79.14320003287989,74.57718136343489,76.05870215566698,93.23900116460847,93.82124216218452,100.90436011152556,13.369341638497154
759,1065.0213950145765,839.2323079901055,0.7350826320741565,-0.1970199902684248,0.003916158046336217,49,0.0,0.11397734877841542,14.12520576286814,-2.874986957339724,1065.0213950145765,839.2323079901055,2043.1335829717566,0.0,0.0,311.7997095193663,-0.10170530533629676,188.3562321454006,214.11382644324235,201.2761480791831,212.11354365156515,202.72044336669057,184.69781541251015,201.90609220146382,181.0366877061633,190.02442179220503,227.28734152055563,39.60103065277689
760,2432.5996910138924,838.9931835338436,0.5383426973364273,-0.35564377630544736,-0.015982846526800844,49,0.0,0.3494580608335789,54.02203560658012,-4.331427362070678,2432.5996910138924,838.9931835338436,5992.5809043093,0.0,0.0,311.2298984250406,-0.10180384477623784,518.4295114666419,591.9774495389812,574.2998731723587,593.901913631074,617.6952907157082,580.1989931827554,595.1169944795024,606.703701692915,640.6863919401834,559.533353087978,114.0374314012023
761,2591.4583923569758,839.3957643211963,0.6818107270060381,0.7559893823442057,0.04941104959194567,49,0.0,0.03051718887399022,1.6140339847481586,-0.5197816872309404,2591.4583923569758,839.3957643211963,7150.612984088883,0.0,0.0,311.1637111210243,-0.10163533272764311,635.0705188066576,680.641766935888,719.1991588352525,688.7019885026905,753.5622003493528,719.7566504591792,751.4574111829269,719.1063323431749,725.3599675164661,636.4399251643804,121.31706399291389
762,2801.3267329999967,838.4672596548481,0.6524830307013441,-0.6105636870147599,-0.13499767501757665,49,0.0,0.021655788991040294,2.2481685017451065,-0.8795721469529684,2801.3267329999967,838.4672596548481,1198.201324864024,0.0,212.5018887459259,311.0762727639891,-0.10202094697070191,104.26972646501457,127.15002724965983,122.9040442552407,119.84463599395596,107.32718770322589,121.8168565396029,122.1355555252093,115.72968915371527,116.99528634842977,119.19267389982954,20.835641730140246
763,1412.5831258245457,840.534910649302,0.513985862925027,-0.22414657191210283,0.02182262415640716,49,0.0,0.2827975226548543,45.34222017104127,-4.1412569535932295,1412.5831258245457,840.534910649302,4938.558648074206,0.0,0.0,311.6548952043058,-0.10116324748342014,455.03708523053297,466.3819815453123,460.7722274721599,511.2143443194857,498.074902283224,476.2254717993014,490.13646920771873,493.98003503667337,464.9391955831487,525.3569085966722,96.44002699997631
764,1595.5229231061323,841.2941267137696,0.49831079142997525,0.12323055843457152,0.2073460173053902,49,0.0,0.011084750671543898,1.3400936112422024,-0.31783784185594166,1595.5229231061323,841.2941267137696,941.246410267074,0.0,0.0,311.57867138280386,-0.10084701150175994,79.64816008204242,77.33415543808714,83.37020997267908,117.93959031106664,88.71167673672653,83.38964677824289,106.48249972688062,94.05781686726701,92.47266553588338,98.10075979194804,19.73922902625022
765,469.83544048779083,842.4401180257149,0.3968896105315598,-0.46441629639761434,0.06381570484600027,49,0.0,0.015911086849579693,2.162801123468784,-0.8375414662456594,469.83544048779083,842.4401180257149,1142.284977629205,0.0,0.0,312.0476908105198,-0.10036613708736479,93.96967494860218,110.56549375465062,112.65361496024377,105.25059453395562,139.73973516639748,109.86390331547085,114.66418338940562,111.81941663379504,98.18787406618715,118.97979031055492,26.59069654994178
766,1278.3968671402372,842.3302672553714,0.6918409942890668,-0.14556477620278938,0.14220446327112876,49,0.0,0.04819825504452203,5.708490505893294,-1.8913032077298682,1278.3968671402372,842.3302672553714,3556.0067160209014,0.0,0.0,311.7108051886112,-0.10041502401184978,339.847785727161,360.60992825807955,361.37339539757073,361.5482991835661,342.78192213630683,368.0388563312908,316.96447075089037,348.1168680213551,338.8092039929189,341.94052648671544,75.97545973504718
767,2853.725986601178,843.0937175983282,0.48103948527538914,-0.6953998936513823,0.10007024940903182,49,0.0,0.1430517474886364,21.272802109215444,-3.319561750193722,2853.725986601178,843.0937175983282,3829.244441035288,0.0,3184.577636310444,311.05444171468434,-0.10009304818689715,368.69649612378925,371.3728427065467,368.10136656102475,375.64976024998566,342.4800755570356,373.07701576300775,377.3325480079624,381.24395153274156,377.4708558278527,411.9302965726073,81.88923213273446
768,1324.2973217839387,844.1631378101395,0.368917536401776,-0.6692137079774985,-0.21664085706766406,49,0.0,0.023636587072867393,3.603057748604437,-1.3916780572626086,1324.2973217839387,844.1631378101395,1291.519204940584,0.0,0.0,311.6916803569537,-0.09965142556355422,114.77079292481822,121.43801877410554,116.82406389385739,133.45876007246008,122.44133137405774,149.8157003364366,129.01422310884442,121.1610885071128,143.7136649108647,120.17802739022704,18.703533647799286
769,2144.1130269963605,843.822718046724,0.5241366757360421,-0.3163784578677145,0.04417103200653756,49,0.0,0.049945879850730124,7.597272505522113,-2.2016442608317006,2144.1130269963605,843.822718046724,1577.8543565874777,0.0,0.0,311.35009646678844,-0.09979268408419788,141.00787939154242,154.49657807400283,153.36307834122024,142.23446799039596,161.46270933504726,157.90722481324582,152.04632669210764,164.251282362596,151.82121247541696,160.4543682414425,38.80922887046009
770,832.0421148814241,844.6461756621163,0.25161434527117266,-0.6581898931813306,-0.5262220375401009,49,0.0,0.00904003992802527,1.2322563996728946,-0.22675270580783946,832.0421148814241,844.6461756621163,1039.865642703033,0.0,0.0,311.89678072695193,-0.0994488140543856,92.5632828134894,102.53339877560745,115.1575190824207,110.02190128517314,104.8564328247467,90.72372697146983,87.18824544739468,101.82097883049877,100.00042809201665,105.84715748185762,29.152571098358145
771,2639.230710223862,844.9023837573358,0.5872572670450154,-0.41591579775758414,-0.9540666440050873,49,0.0,0.08184140598271682,2.198793677611137,-0.8554611988239369,2639.230710223862,844.9023837573358,17456.940550009786,0.0,0.0,311.1438072812392,-0.09934078263153778,1500.0553386351535,1703.6921160518168,1734.293100317349,1815.7117708100407,1682.3221842380144,1715.4940513429526,1773.930283669661,1715.6591736579721,1709.9278344630093,1729.3978249703014,376.45687185351716
772,2489.3605648515845,846.6495766035595,0.2748448011466503,0.09126130711170098,0.4453126852122353,49,0.0,0.010189320760785074,1.562418782306108,-0.4844936277394186,2489.3605648515845,846.6495766035595,1019.6053166432104,0.0,0.0,311.2062492350485,-0.09861358154909483,86.8131465933669,97.06964303128348,111.4609350271342,102.27843766319309,108.65414042404637,113.56483865112271,103.87770712011394,91.32576460646106,88.62478896379285,92.39766008337511,23.538254479320642
773,2073.3102137224623,848.1388606555032,0.44158351995462874,-0.12571030366999206,0.11642219057756478,49,0.0,0.021666729683883494,3.3453329803098333,-1.3110983802326204,2073.3102137224623,848.1388606555032,1122.991294850301,0.0,0.0,311.3795968102539,-0.09799454599619117,107.06401213300704,129.74614763752027,88.84400003296201,113.29920798571244,109.56006927851851,120.86005507329229,109.6560933946632,100.04428779188054,107.58957935771713,106.74720081322381,29.580641351803923
774,1274.4677007272535,848.9954501868168,0.454376229163079,-0.24231450443923852,0.39681972041940217,49,0.0,0.13921137580314416,18.28136031819312,-3.155021271260451,1274.4677007272535,848.9954501868168,5138.549250292941,0.0,0.0,311.7124423345847,-0.0976379491822169,480.9401637886682,527.7318926218625,500.78353457680925,515.506348997287,481.26939237685167,522.018522684826,477.83987985587976,515.7503328615406,497.69987902700046,501.7460932195021,117.26321028271313
775,2322.3871118382904,848.9699251076452,0.4937419698864483,-0.4394107207717274,0.21426075450988896,49,0.0,0.018342104159286998,2.7842607521473037,-1.1117747636931274,2322.3871118382904,848.9699251076452,1027.437158640094,0.0,0.0,311.2758181507812,-0.0976475132339939,90.46166666402176,101.4860629487213,112.44035754310823,128.41004331331325,91.19197904084757,87.29353981771885,104.49262589461136,90.16792323886185,89.19135066586826,114.68561068129249,17.615998831728923
776,2595.782865935345,848.8917332297967,0.7760881363391394,0.6450862250418365,-0.2542789784961729,49,0.0,0.0503875152789595,1.058167882983159,-0.061386439732529274,2595.782865935345,848.8917332297967,10589.427543058511,0.0,0.0,311.1619092680779,-0.09767887926374814,905.5592061020691,1068.7182794286623,1041.5500956507078,995.8720263457009,1078.1183656941387,1041.5689649996943,1089.0926678422838,1025.2771426356394,1100.5804570547812,1006.9765068539457,236.11383045088894
777,1394.209772924533,849.650851712719,0.5013490446405182,-0.5196254502157513,-0.16216807003625613,49,0.0,0.019381719686480316,2.8910905555734954,-1.1526542374522846,1394.209772924533,849.650851712719,1006.8022947768326,0.0,0.0,311.66255066872566,-0.09736503823092649,90.87980046561538,97.24855877352596,118.81712607523447,106.48180011118114,93.51057210714404,100.64227915890922,91.43935386927282,110.44684392099893,87.32932519437614,92.52231984235448,17.484315258220075
778,1028.5264173663277,850.5439406120599,0.5380717082168706,-0.005455681089876645,0.0002997380360856564,49,0.0,3.290288384585805,501.5075051753347,-6.750693591805072,1028.5264173663277,850.5439406120599,53130.76726710868,0.0,0.0,311.81491537807295,-0.09699219946865346,4711.219860414509,5042.5522313002275,5182.961765181119,5360.1930630157485,5335.0139422547145,5329.661564050868,5328.930138617817,5246.110203750659,5335.776271320842,5190.651853638225,1067.696373563928
779,1184.2194377458466,851.4893935158703,0.42110217283608214,-0.38447561477457554,-0.055646181392144695,49,0.0,0.019085407250199235,3.1713275013930726,-1.2531027342883605,1184.2194377458466,851.4893935158703,1107.1206210209884,0.0,0.0,311.7500450070918,-0.09659866886819077,96.51874433111512,98.69870065156516,105.89887167672292,124.42091681249002,127.79636214427487,106.74468430952197,111.3639907122876,114.43201195556756,99.92704639073102,98.97491532128541,22.34437671542654
780,1251.652992583112,850.7424126503971,0.5850311248443785,-0.11745083376331338,0.07376679191645671,49,0.0,0.04875464838317375,6.795731433353703,-2.080590518150988,1251.652992583112,850.7424126503971,1443.714416432336,0.0,0.0,311.72194828450466,-0.09691003243623734,127.19136680423541,146.30573203146545,131.4709862620181,144.41264610965123,157.8959887917835,144.8385890693425,138.82541404174617,125.22191943250627,158.39088915993386,139.09714238413648,30.063742345517245
781,828.3437630254684,853.070221167115,0.7305294353182114,-0.6618277447996403,-0.41669055738588223,49,0.0,0.019135753843909198,2.0180674540694765,-0.7623391961800754,828.3437630254684,853.070221167115,1048.747178416345,0.0,0.0,311.8983217117033,-0.09593894031497661,86.60354286318918,103.19302944111281,104.15346486700658,117.50277884756976,117.29021374992992,94.20107309260338,104.07077434365908,101.37363718302029,101.19987719943246,99.02921646257803,20.1295703662436
782,1420.2971583854942,853.1123533574593,0.8777982120068182,-0.22609767878292872,-0.2706397493772655,49,0.0,0.015226819638654712,1.204815742767796,-0.20230158404502352,1420.2971583854942,853.1123533574593,957.9428586965889,0.0,0.0,311.65168109973445,-0.09592281587791966,79.19551162936352,74.26397953360923,91.31764208293237,109.94292211953548,100.80350315558553,78.45330293326806,101.26081840521101,91.68400579309942,100.08369299898435,111.15392964724376,19.7835503977562
783,1773.2139474153112,853.328999936561,0.20939322215994707,-0.27072016462887405,0.2385986485060288,49,0.0,0.01691854447160806,3.8990421860383653,-1.4773948352542432,1773.2139474153112,853.328999936561,1082.8959243352542,0.0,0.0,311.5046344838874,-0.09583255591042848,99.76398071175608,117.4996319395291,95.92610838454698,87.2250052600402,105.37596121325299,96.42674503710921,112.99315816786967,116.01982478314784,119.09414309041406,108.66201102029459,23.909354727293398
784,999.6876868736499,854.3885262882886,0.5644880031211454,-0.5983892513381495,0.2574208926546508,49,0.0,0.013318842322699061,1.683070847240066,-0.5652559939173123,999.6876868736499,854.3885262882886,973.4891386831234,0.0,0.0,311.8269311620727,-0.09539026472292396,100.7794141714519,85.76198673867201,83.84067068333536,97.39960508010256,110.06125296668921,90.47395793338117,112.7327222011744,95.56410353337316,86.97143178730505,87.53963563151771,22.364357956120905
785,2187.357393405455,853.6021111572524,0.6309896330103099,-0.48651939261999727,0.013622491698762234,49,0.0,0.07057642577516329,9.55790809726298,-2.4509071257665394,2187.357393405455,853.6021111572524,1673.7856862887772,0.0,0.0,311.3320784654233,-0.09571796685691511,147.96641140109216,166.96145023549286,160.64295401912716,169.85972753994395,171.49123064230676,182.90648813931395,163.4662783355854,144.01845210420606,172.14928747328116,164.748617768568,29.57478862985956
786,2890.263236316951,853.2932383169143,0.26994067391683596,-0.3677100212332856,0.4349826894569596,49,0.0,0.013780610906390035,1.8342251791739594,-0.6586316272302973,2890.263236316951,853.2932383169143,1183.963133849601,0.0,1002.3441527702287,311.03921921998545,-0.09584331610786216,91.5557101045201,106.18197686694607,107.804044962208,105.14151338099319,113.43963198837226,109.58739149547391,113.74417453899366,138.58137151595733,139.13868242283667,133.2766834093037,25.511953163996008
787,516.9097934989601,855.2412943301633,0.8462078068689665,-0.47204322898719775,0.1003711192962653,49,0.0,0.022782867320888606,2.158163339945539,-0.8352107775962696,516.9097934989601,855.2412943301633,1103.3139044966065,0.0,0.0,312.0280781942806,-0.09503291518815855,103.79504074324679,128.6788591975342,110.7619290610979,105.93052856795566,109.4473406989666,112.82511660657626,104.07779724816564,110.77553818479474,99.2462851102316,92.12206750315492,25.653401574882338
788,2441.3132065792747,854.6104619848169,0.28639172682637315,-0.42843088412184316,-0.22847139112360906,49,0.0,0.00803919943969573,1.0182358932411526,-0.019621005083246126,2441.3132065792747,854.6104619848169,1185.9983751778086,0.0,0.0,311.22626782819066,-0.09529692330624193,119.37219568528737,119.2802079343885,103.18771603839967,113.16300027927555,124.99565512436806,109.63033259811255,115.5246391632174,107.03250627578691,122.31707860862826,124.37848550786434,27.116557962479952
789,1918.6320246880941,856.4301950468623,0.6822540298480505,-0.09461889342966141,-0.1106592870840869,49,0.0,0.012541870828580404,1.1291193467440361,-0.13184962206883372,1918.6320246880941,856.4301950468623,1005.8813698310772,0.0,0.0,311.4440446154219,-0.09454025186010724,92.97987730443174,94.81297491893478,94.85166962656943,86.85698298295694,98.72187591532163,102.49456771551588,94.50093648909484,102.91550656041656,112.91901338113271,118.31006403754331,6.517900899159378
790,1036.2415853863859,857.2041284530661,0.6782875254942813,-0.5682610068749165,-0.007911636494975081,49,0.0,0.09824475565390005,12.189131182940915,-2.7149318776838505,1036.2415853863859,857.2041284530661,9250.861736090503,0.0,0.0,311.81170086562605,-0.0942172488541185,728.9268749727745,859.2643085133234,903.6846222752818,903.4020943052421,874.3178509373445,941.1517494209268,952.8017160162115,901.6633861951658,981.6116032828822,982.8349820486249,221.20254812272287
791,1209.9105839871252,857.4180509491148,0.7852326467252484,-0.5507415629702151,0.4858510251925601,49,0.0,0.0169429021975334,1.4966483626857423,-0.4377994372572775,1209.9105839871252,857.4180509491148,1160.3927105175358,0.0,0.0,311.7393406249629,-0.09412853056020881,102.3664473919533,118.03061625656893,108.08164336903292,114.86267660814404,131.21522124302732,107.0822658328044,121.58177535305259,124.37221208728974,111.91325087982491,99.2746662505684,21.611935245269184
792,1218.8672850974917,858.2935848639275,0.6083218143376473,-0.4892596616861553,-0.1697552932168188,49,0.0,0.02854613984332569,3.6727386463542575,-1.4124750621615,1218.8672850974917,858.2935848639275,1252.5697710109314,0.0,0.0,311.7356087488499,-0.09376375402186016,120.1282272195644,116.98545511270353,110.26217407748516,130.45872366003147,127.58870045523284,140.12366148272983,136.21980924066028,124.33218927789623,125.15021125058992,101.31579622502753,20.004823009010124
793,2125.6416300950386,858.5256560099187,0.9247885500981292,-0.4269329491869506,-0.328671103798555,49,0.0,0.016073512235128144,1.3828888546983986,-0.35196819117911776,2125.6416300950386,858.5256560099187,988.0974617439514,0.0,0.0,311.3577925730969,-0.09366673860755728,92.94863951742349,97.97518584562425,90.32426848403817,95.58870655746804,96.25536776678392,92.83032907012108,102.23006218199365,80.88929091504076,110.78994723067196,110.59616096529572,17.669503209490287
794,1519.7520719478503,858.8911274362005,0.9310894432266177,-0.034790862649979805,-0.05519878215880965,49,0.0,0.02663363792270213,2.4697914703325443,-0.9816507160368106,1519.7520719478503,858.8911274362005,1039.5433127986716,0.0,0.0,311.61024215084143,-0.09351513016472153,90.47513148071161,101.52813773549173,111.48926631274186,87.88728263259094,115.22252370709623,120.50664802987444,114.08190153397507,80.33216469916798,96.99408375186856,99.26250925750833,21.763663657644933
795,2962.9812466341964,858.2041764965614,0.7578947289409073,0.3325878688652574,0.42073869379004813,49,0.0,0.021212835788235993,2.931713432928021,-1.1678037923268842,2962.9812466341964,858.2041764965614,530.6332269528148,0.0,268.0159278751293,311.00892319595033,-0.0937967635876519,58.06650950746349,18.47934899552345,31.594181127049204,19.310594038728,36.77862779384617,116.75243050933524,35.860591349348,36.8946328956057,112.03273635176383,48.07648402216865,16.78709036198306
796,2451.5135854673804,860.1774106856359,0.5839785866428067,-0.41311890227282355,0.026092060112565513,49,0.0,0.12072219899519958,16.95153133957211,-3.07302234223064,2451.5135854673804,860.1774106856359,3216.1060222189762,0.0,0.0,311.222017833808,-0.09297743001731493,282.4665550386794,331.6339467777916,310.65681130112324,321.623841020439,303.53777700644605,313.43501917384486,335.79528878668714,341.4938432845524,326.92366760701634,284.1529512283677,64.38632099402862
797,2563.5983150203797,860.3080113060777,0.5853262258776569,-0.6618041045842696,-0.08520121845853941,49,0.0,0.14705082936237507,20.915170571978827,-3.301153526961369,2563.5983150203797,860.3080113060777,3300.847761525005,0.0,0.0,311.17531851152165,-0.09292251613257418,273.50412965537953,300.3678881899849,320.74436460423266,304.48655758115285,357.91551732511675,337.4385096346955,350.2012214424004,318.9531162567311,344.6740342427396,321.37643096209626,71.18599163047526
798,507.07138885944516,860.9454288792205,0.6191764653001982,0.04099158117706235,0.012503024703069639,49,0.0,0.0524865822819165,6.625695305015228,-2.053078650403804,507.07138885944516,860.9454288792205,1616.257190289543,0.0,0.0,312.03217728921015,-0.09265628304734719,154.4221452164145,140.55758744736227,155.60081930425065,148.96449515864498,157.85002403471054,164.12329951050168,176.28765533493976,161.7415050566063,167.16765213654355,157.15034225154625,32.3916648380226
799,2745.219427804205,860.4410548956764,0.48382512882654977,-0.5358469744215741,0.1518371600879096,49,0.0,0.07071232731703396,11.108607241441998,-2.6141490300540453,2745.219427804205,860.4410548956764,2146.3039014907627,0.0,0.0,311.0996484987007,-0.09286614427867075,195.39932724420788,199.88394142972243,201.39917252675798,225.77652395918568,209.4573480770785,207.1554230164569,202.18500581134754,209.14332688131114,217.55543145770923,236.63751773110005,41.710883355884874
800,720.7092209310488,861.9470691133533,0.7210405367905283,0.28435465941123966,-0.2347311650513211,49,0.0,0.014001559034015534,1.4181400563052646,-0.37929781032785237,720.7092209310488,861.9470691133533,918.6672053342646,0.0,0.0,311.94316730669635,-0.09223998630342778,86.8849816566908,94.2655586503312,87.51561141522903,88.96618337028522,99.58502099813867,94.28088806605956,86.05451824777529,80.31153015184358,99.62061332992147,81.76613388358552,19.41616556440418
801,465.42476520235954,862.7423596672821,0.48794537171458546,-0.23308096265408304,0.08818729715596121,49,0.0,0.07146566169435759,9.780513570915906,-2.4759041500464174,465.42476520235954,862.7423596672821,2381.683194703549,0.0,0.0,312.04952870465166,-0.09190738162588911,198.22061116132997,257.28040414166685,241.7981634045682,227.65218220278405,227.19172387686942,249.9076477607536,220.13979379301057,239.55027549320812,226.19220457496127,245.4553876316308,48.294800662765894
802,1091.0772935069856,862.835443319625,0.2037891628823674,-0.6322081971255802,-0.1976155663785734,49,0.0,0.006223211363430293,1.0170122439510465,-0.018315453713860314,1091.0772935069856,862.835443319625,850.9160835141222,0.0,0.0,311.788853338015,-0.09187109847078555,88.97975844709933,85.44692490209792,83.7125004043672,72.82493192231307,83.06599839288442,96.06201765780503,81.73518372223492,78.72393306261563,92.58782545840157,65.40635630612415,22.370653238179116
803,1434.5169431832242,862.944027439216,0.8039223554916823,-0.3536989047172176,-0.13823226673898525,49,0.0,0.026289428202684925,2.7720463050368425,-1.107001201442156,1434.5169431832242,862.944027439216,1055.6347750498055,0.0,0.0,311.6457562965998,-0.09182641990721127,103.7394067598537,92.06145152108283,135.46922632856774,87.87647759648117,116.86481686307864,80.42236668437393,102.76074350293294,110.05074952313636,105.03227877002796,106.3655957815134,14.991661718756848
804,1174.133002470834,865.3376827238719,0.7189693613197008,0.3450129024494829,-0.059012338704795934,49,0.0,0.014650047087801743,1.5136886910550011,-0.45009141568625,1174.133002470834,865.3376827238719,987.1184290223792,0.0,0.0,311.7542476599157,-0.09082872243545763,111.57226250060509,122.04514022978329,80.78921081387313,87.39547946560901,106.0833210049317,90.6229206418187,94.19079430970893,91.67860626772637,92.27524868274958,95.63446207358746,14.830983031986054
805,2627.1098419542272,861.7073122659749,0.3301716272134693,-0.9442063710064609,-0.4340372907686402,49,0.0,0.0375862231187276,1.9088351177922258,-0.701921040830185,2627.1098419542272,861.7073122659749,13140.197382145161,0.0,0.0,311.14885709297937,-0.09233919669669713,1139.0869771378557,1274.8237139229896,1291.3131002738598,1294.5595818357554,1298.3149116348613,1379.1974489230972,1233.605954850385,1335.2916719464015,1302.9187038758382,1313.7281843569915,277.3571333871257
806,2369.0921644124323,865.6742426240212,0.2962365030043119,0.5468850673719258,0.15999784772273107,49,0.0,0.00902534337054949,1.254488378919047,-0.24616660634517018,2369.0921644124323,865.6742426240212,939.3300348733692,0.0,0.0,311.2563584,-0.09068751321430114,87.8528531137861,78.85082481865271,92.52564799377694,90.45831927516052,94.65117985076454,84.76812866880182,94.48344888513698,80.53603174031716,97.80352531919661,117.34096254289618,20.05911266487952
807,618.1661102732804,866.2276453083988,0.7971574831389908,-0.11777051842944292,-0.11188031300772558,49,0.0,0.027915523181593134,2.8644594225842215,-1.1426066862296738,618.1661102732804,866.2276453083988,1108.631207842725,0.0,0.0,311.9858911292573,-0.09045604384827531,100.5763061114453,110.1815327437601,102.98810237654592,111.91755486552428,112.4398225485679,105.03536911598968,120.85809489148868,104.6633151728391,121.53751289165658,97.88554914483248,20.548047980074948
808,1142.7423023123622,867.9563679192473,0.8306199022658285,-0.5941087684694039,-0.22406983043922635,49,0.0,0.029463151089322345,3.064269898942127,-1.2158175375670057,1142.7423023123622,867.9563679192473,1128.7338203934896,0.0,0.0,311.7673268262697,-0.08973757407066268,104.30778713288501,103.69760210486736,124.19561452161349,89.74151857983473,120.68619932714684,113.7102388615962,117.48721471707643,107.3998269483168,111.39456407541871,114.41165188414374,21.701602240590326
809,1977.0952051252796,868.1496988250311,0.4947892857051449,-0.7678123851103114,0.14054419331812062,49,0.0,0.01463189608097061,1.7477356904746146,-0.606189387611462,1977.0952051252796,868.1496988250311,1164.7480877585435,0.0,0.0,311.41968538586246,-0.08965718279565078,99.33101090531585,114.97818289745919,123.78317605905782,116.40022580333338,112.46546327589891,104.4510179228582,116.2577755713369,126.37053373512056,109.81949869161488,112.06480589609127,28.826397000456666
810,2262.653401341168,868.2525933754764,0.4526351984992699,-0.17459964604437384,0.2039948638106988,49,0.0,0.016056731499336955,2.1699008974718135,-0.8410997486029349,2262.653401341168,868.2525933754764,1049.3840925325153,0.0,0.0,311.30070608507555,-0.08961360859009643,83.266338682109,101.95597720844536,119.51628383338526,102.36757460776818,101.21332829926095,116.14488323064248,94.27960847280212,92.02999733446933,116.36504960275742,99.48520174410666,22.759849516768664
811,741.9594519456473,871.2895031873989,0.43489804896247825,-0.33481905214474267,-0.20021361832605647,49,0.0,0.01300957559134014,1.84535887369474,-0.6652020938654969,741.9594519456473,871.2895031873989,909.607645803154,0.0,0.0,311.9343136051377,-0.08834758226773713,82.8489185810345,86.0354349638508,93.19007941940012,88.21468249736336,87.40990389966757,108.21938940601903,95.71508842012565,82.61933132617735,80.43489144782268,87.47020929988419,17.44971654180883
812,1545.2933094180603,870.9735311906294,0.9741154168935383,-0.40209109863055376,-0.19575595495445788,49,0.0,0.01775628950742866,1.3438077954113186,-0.3208428902439796,1545.2933094180603,870.9735311906294,1152.6364235395022,0.0,0.0,311.59960011938506,-0.08848094831029657,114.70575935396403,108.20933736030273,115.20613366105758,107.67436452270584,126.93839781124811,103.01764550775172,102.49717022975885,122.97873753411841,107.57617201222797,122.96093086174079,20.87177468462606
813,401.8509002121002,872.0381793794968,0.8170858723474551,0.1812841006340129,-0.11665609418884756,49,0.0,0.01389163089549266,1.1857786147008007,-0.18500903414619238,401.8509002121002,872.0381793794968,1002.2450659850883,0.0,628.39036717765,312.0760156872344,-0.08803402010657185,92.02527349661835,87.97620263884764,106.88574405015194,89.16166109890054,112.04488420630074,99.01204752987483,89.48448763084326,93.34315519130654,94.9774813994328,118.73081039926083,18.60331834355098
814,1784.2300913022057,871.6508423460646,0.609890245854831,-0.2700592371398606,0.037491338376725844,49,0.0,0.2272093085439211,32.89832077420092,-3.792934327161384,1784.2300913022057,871.6508423460646,3767.105099451588,0.0,0.0,311.50004445462235,-0.08819867166991797,309.5813055056919,324.76333520265223,370.29289267979993,380.1512084162613,363.1456991596215,371.35187579643866,350.91564276064935,412.66190357667415,382.35828293186853,417.2023425541712,84.68061086775941
815,1934.4326290203899,872.9785002481074,0.652056705577462,-0.28067423972013117,0.09798606872602063,49,0.0,0.01594862416288935,1.7914984030660501,-0.6330410634351846,1934.4326290203899,872.9785002481074,909.6474425721133,0.0,0.0,311.4374610917435,-0.08764531668880421,102.93674242412227,84.98935863436509,85.58082802214423,87.96949932973732,91.25093601693305,96.26289143328655,95.62759089640221,85.97258058891993,92.15116278277983,76.01238729011578,10.893465153306966
816,2115.656272072988,872.7465887113821,0.7290029992052531,-0.1485571924831265,0.11293864879675787,49,0.0,0.04549581617287064,5.404821426849542,-1.8319533740235026,2115.656272072988,872.7465887113821,1296.667182490709,0.0,0.0,311.3619529409215,-0.08774158651162989,111.90311823490443,121.16603659007978,115.74063975261078,129.9884809723364,125.10798365621015,110.37721722076401,134.04704528568203,148.77590110757865,140.31477097070282,136.2920296683905,22.953959031449468
817,1917.5082781411143,874.278948716607,0.5642944269066847,0.9072753006022042,-0.22122460195809027,49,0.0,0.014888835990036152,1.525851016952686,-0.4587803286834624,1917.5082781411143,874.278948716607,1081.5390550178613,0.0,0.0,311.4445127699571,-0.08710350527088562,107.15436439816075,135.2315778888765,95.73161140035403,99.90545864619187,98.03769982796918,106.61890699936724,115.10949953596133,101.60790688474842,93.87480428435725,102.81709895251979,25.450126199354827
818,2125.438827931367,874.1802548545936,0.5118525996895728,-0.6928683480223479,-0.1291870645986262,49,0.0,0.016109353094595665,2.2380894795739366,-0.8746936144490649,2125.438827931367,874.1802548545936,996.3475716021001,0.0,0.0,311.3578769780049,-0.08714422306355019,100.14530033033839,83.8241783292928,88.6219772404838,93.98525714841205,104.67339360025395,86.19536906518191,100.69390246060993,86.49814495618472,110.14527278534659,113.91142179575829,27.653353890237653
819,1096.9131883529863,875.3229727826338,0.23658484037394983,-0.14514572486608693,-0.14031155932047334,49,0.0,0.008315896160288801,1.1670306756511584,-0.16770567929709299,1096.9131883529863,875.3229727826338,1036.7744165394438,0.0,0.0,311.7864218516742,-0.08666815765157414,103.81119857788084,109.13275895470451,85.69473225513278,111.68017579490521,108.62609674309522,114.6037139431025,92.59930474703128,97.19972579893039,81.73994488026312,111.832825988445,19.85393885595305
820,598.9013919753421,876.8663436337325,0.4813447176360465,-0.5483966459380347,-0.16550664987184852,49,0.0,0.008965365557349149,1.0383034641319555,-0.04081075742415844,598.9013919753421,876.8663436337325,902.8808981727027,0.0,0.0,311.9939176945181,-0.08602340361263938,74.96790190426066,107.10082990488459,89.93607981786914,79.28572089424651,85.86218452720638,91.03279316743321,81.99170363042671,82.11555863917042,93.1318038607553,99.77293764949167,17.68338417695813
821,867.5516709366788,876.5305836127792,0.7585049431658273,0.08892555111414527,0.018295134817758248,49,0.0,0.02537348033434902,2.6797568379033603,-1.070238469448927,867.5516709366788,876.5305836127792,1070.5814550505356,0.0,0.0,311.8819859871389,-0.08616435765982175,91.22337058275156,114.31790070997664,93.08773881549936,106.10459039582751,99.3421443461722,119.40774948474541,99.74321279709562,111.43158440877708,108.04856208993694,103.26418434353576,24.610417076217775
822,1846.3180935398166,877.5440007454613,0.501555128392034,0.03789603045223501,-0.7888130519377975,49,0.0,0.010208702401171483,1.0810941948033757,-0.08465883826238445,1846.3180935398166,877.5440007454613,981.0389699777222,0.0,0.0,311.47417483346044,-0.08574319915465069,107.63183100235756,121.74612775731258,87.23799527268355,94.90473166564823,84.56033972130295,80.26176411970619,102.56367136116452,76.87870427513428,112.01041367681825,93.73085515435119,19.51253597124294
823,2782.216625437258,878.3537795008212,0.723709370171291,-0.44409775739949287,-0.1010015198466613,49,0.0,0.013695449633906155,1.484413022912572,-0.42888688951229437,2782.216625437258,878.3537795008212,950.6325612404194,0.0,0.0,311.084234064544,-0.08540278423836144,96.36376501217985,67.88362760611301,81.63097475643048,101.29509906908757,107.7963876200354,93.53239269865946,95.09243833759486,88.51322893832656,96.87357058016623,94.2928202911989,27.358256330626965
824,1850.3467362810866,877.0627696749311,0.3511585894766799,0.6855658699599596,0.9340343683830344,49,0.0,0.007952568289229014,1.0494395658037283,-0.05239358468130991,1850.3467362810866,877.0627696749311,997.931830123354,0.0,0.0,311.47249626045993,-0.08594370169656845,112.30499514978426,109.0007525648098,92.01008592669582,93.80691393390597,85.36570661517709,84.94922092100356,107.40178791736884,81.9220323390383,122.89054903971288,94.543668358865,13.736117356992452
825,1089.3359500924755,879.6598551371128,0.8110162714494991,-0.6748246434113612,0.04985615226271397,49,0.0,0.01758767915130826,1.841925877038517,-0.6631803732285325,1089.3359500924755,879.6598551371128,977.3551303284959,0.0,0.0,311.7895789762743,-0.08486116815543743,96.71470765574081,91.30562503159297,81.58284030027339,119.04433939000597,101.79895102689497,100.00003314143822,85.89318981944373,100.18237124678458,88.9348538229598,95.57754029445032,16.320678598911208
826,539.1495809564586,881.5247426985246,0.7742111502137875,0.058995034295510444,0.3395405553509912,49,0.0,0.012990712645422802,1.1599261315251643,-0.1610758314886428,539.1495809564586,881.5247426985246,985.9404662833985,0.0,0.0,312.01881262101887,-0.08408223485314847,80.4243487651518,90.04418737877407,77.77798437065272,101.72092210421444,80.39317522200092,112.56618195146288,106.3679015883787,111.6296473340623,112.73175025944835,93.71961857707534,18.564748732177016
827,2203.8679579129334,880.7534195250797,0.5958767266616173,0.025317098924539254,0.24995098058687637,49,0.0,0.011326310781479085,1.2267530376092275,-0.22189285506786754,2203.8679579129334,880.7534195250797,854.5583448947667,0.0,0.0,311.3251990975896,-0.08440530262841647,66.13574689954267,82.79710842244369,102.5201488594298,87.96509247374004,85.72621961268561,67.35583547807421,109.82574957107315,76.23194776672995,71.62177547976385,87.9295386209719,16.449181710311855
828,2251.3318415865324,882.9778900155288,0.5764242827158836,-0.3562038480008598,-0.12874044711415264,49,0.0,0.012513827208823304,1.4019695863485877,-0.3668464808949822,2251.3318415865324,882.9778900155288,939.5949679838376,0.0,0.0,311.30542312380356,-0.0834783427621169,104.01232691621979,79.19991021648568,89.00127323302166,86.69661620986805,78.20428727312856,95.0689856594999,88.73425217527932,90.66377258085134,96.28976302689682,107.31053999202001,24.413240700566234
829,2889.0236326797017,883.1810978783652,0.5981229138745489,-0.5759611894328867,0.2258322668219593,49,0.0,0.025452560917376615,3.0158869254708787,-1.1985376362928946,2889.0236326797017,883.1810978783652,1262.8192254792666,0.0,1076.0143672842812,311.0397352303887,-0.08339094922320348,125.49019969809103,125.96457853551863,131.4069972807526,106.89975373694898,131.4545372798666,109.54109539336973,135.7389282771077,133.57649786307923,120.06597780964688,117.4506896226965,25.229969982188784
830,890.4511222093098,884.4171870130778,0.6284529514531709,-0.13597164215847263,0.03118608520888706,49,0.0,0.07713435686815545,10.43193483043567,-2.545912163264814,890.4511222093098,884.4171870130778,1740.1360017684842,0.0,0.0,311.87244499704565,-0.08287848209209481,157.18353864968657,187.614657021469,157.23280713249738,151.69954375487157,182.27950583059365,159.43226252993753,176.94411077914714,191.80465297065945,170.34237527231684,164.77132282230275,40.83122500500197
831,1803.3303310252493,885.1534485647047,0.6160995330946266,-0.18941868286660896,-0.004141161070184908,49,0.0,0.34102306118526277,48.8111323772125,-4.221297207600137,1803.3303310252493,885.1534485647047,5436.577720523752,0.0,0.0,311.4920861082891,-0.08257272978908067,487.60236740745177,499.94551187894467,534.3140945346438,543.9322969260609,553.9390576696653,556.4560530332076,571.7574791083915,529.3959978059144,530.1532398010918,534.5699935825342,94.51162877584565
832,2450.5654528615974,885.3481223506204,0.5455001255213745,-0.5191949779599195,0.0304765832826221,49,0.0,13.325663792582747,1923.808095539324,-8.210404369871663,2450.5654528615974,885.3481223506204,250980.40033954513,0.0,0.0,311.2224126249225,-0.08249013159531352,22490.013617123022,24081.887595409127,24330.96581425191,24600.75850920193,25086.53896901993,25109.248969488348,25151.846595655865,25232.410944817988,25075.615223778335,24931.423812507568,4889.690288291152
833,1360.9494948948384,885.5311394432358,0.5492689735034301,-0.20549724292032115,0.11800605099323341,49,0.0,0.29239738369008766,44.986233679896046,-4.132699087131092,1360.9494948948384,885.5311394432358,5003.788252103269,0.0,0.0,311.67640899278297,-0.08241532761771451,433.4936514977758,476.8958460747597,490.8739094560531,479.17656627585575,514.6404363003921,501.54103936142485,509.5403466519359,486.73119387856843,462.12791086350387,542.0410641909492,106.72628755205136
834,2101.7705877539242,886.5682466893137,0.24654869005038502,-0.32544793353491785,0.10635610317902747,49,0.0,0.01938490932353573,4.076539834622263,-1.5257292261632551,2101.7705877539242,886.5682466893137,1136.332033523849,0.0,0.0,311.36773841049944,-0.0819827916169258,92.73469576571408,117.2062879700212,111.87080802376305,123.0235750177999,109.51182653608515,114.97470901238094,102.55560836002515,109.93697840313808,108.64106577809618,109.94414384432378,35.93233481250158
835,1401.8850806979517,888.2786421825025,0.4070288060971835,-0.1227851495703741,0.16556873759943078,49,0.0,0.01969783542609473,3.389066924885214,-1.3252003626521431,1401.8850806979517,888.2786421825025,1002.3442120409044,0.0,0.0,311.6593527612369,-0.08127060591961964,86.09395836881481,84.18373946249653,87.14326357535543,89.14649176694464,106.25667245240898,97.5384984827597,104.07173142364779,116.17953936071181,113.72978091794847,101.5877597947061,16.412776435110104
836,2405.993675800792,887.5968654081381,0.43164598925650177,-0.8828986732623454,-0.42685418708134515,49,0.0,0.011393439403873742,1.485332420363221,-0.42955915125976735,2405.993675800792,887.5968654081381,1109.723635646018,0.0,0.0,311.24098327304637,-0.0815533576044049,92.13764789735096,104.67131198640612,118.87056992765301,114.20290828949543,96.13636186495458,108.22969552570056,119.24819229084454,137.3774227233738,99.44835421003177,98.66324467611355,20.73792625409368
837,1820.4719956341276,888.9501043587098,0.49772849857110213,-0.6909642127421325,-0.5701612535315922,49,0.0,0.015681300727648582,2.0106991695436816,-0.7583677463822129,1820.4719956341276,888.9501043587098,1051.199458348768,0.0,0.0,311.4849438446328,-0.08099081865787315,95.10088588863188,102.5226845043061,90.94712039844828,101.30919321489101,104.74088463288706,121.04034241022934,89.62593632452278,96.96463202123746,116.93942172209606,113.11682918956328,18.891528041955034
838,2228.2151852601737,888.7603014629469,0.9270704558997619,0.5135640759254951,0.3914237012623968,49,0.0,0.01372544970598697,1.2048812689170167,-0.20236063222596912,2228.2151852601737,888.7603014629469,870.7561498951,0.0,0.0,311.31505469349725,-0.0810691600679005,81.9752191948506,75.82541167246876,86.59401321542602,97.29382639772987,80.07768807222507,76.83750138956148,80.19746554319121,89.08859798068931,78.76533183645236,108.30641624866675,15.794678343838505
839,2699.666264403025,889.308581675791,0.8725519104763381,-0.3739900907746106,0.4038740312749191,49,0.0,0.01595539922842754,1.4296963677547156,-0.38810953455393704,2699.666264403025,889.308581675791,1023.9889222660502,0.0,0.0,311.11862710839165,-0.08083897828254039,73.8343840841303,104.30320620941008,122.61375722060417,114.9100945431791,89.27675939415424,98.2790601297034,96.12064532591538,90.40143430538608,94.05545933598499,120.47363730998127,19.72048440760128
840,1797.7681181849919,889.9994435142189,0.675614386541716,0.6791431665985601,-0.22731650031724882,49,0.0,0.01845895255210056,1.9829122734281004,-0.7432587522191849,1797.7681181849919,889.9994435142189,4297.177851621398,0.0,0.0,311.4944036522213,-0.08055362643583354,374.25685488778646,397.5292998309148,433.1946406674608,401.0056706586228,452.55283679401373,449.0819088168619,441.98123333660925,418.0360252699607,426.3422108714504,426.48830920539694,76.7088612823195
841,1928.5469445664132,889.603865175953,0.5347165555651264,-0.04810834698972959,-0.21063491448238794,49,0.0,0.01251021501170523,1.4073197105935142,-0.37098192584304834,1928.5469445664132,889.603865175953,920.3394798519544,0.0,0.0,311.4399133524548,-0.08071829954252356,86.85673784791794,82.32294867166524,100.28624727077975,103.38115277091975,94.0808752887842,80.9286650375397,91.73683252377927,92.01723662358016,80.83891949903688,88.2989151795753,19.590949138376185
842,2401.761893667937,890.0657666568761,0.8085801554748181,-0.42622513542216206,0.040137282179484327,49,0.0,0.017248709937052624,1.7221156080022768,-0.5901557572135898,2401.761893667937,890.0657666568761,1045.991976241186,0.0,0.0,311.2427464109696,-0.08052470842812462,83.18648862141679,113.92449448810724,108.9855276980546,104.82353896376968,85.02429479395559,103.24597924110978,114.34781092129178,124.67898193944734,88.74360317203517,92.85932298346037,26.171933418537634
843,2742.4446954618634,889.8655964689029,0.5038896261386167,-0.5521568246934825,0.04567339169368856,49,0.0,0.1480541152156351,22.17188450960263,-3.36450651936031,2742.4446954618634,889.8655964689029,3666.2812991837563,0.0,0.0,311.10080415915473,-0.0806066980769927,303.8495079361808,329.27545237770335,377.66096567243477,361.9220486584942,381.90680503614976,350.1313787809125,385.0411616965613,370.02277582884926,353.2363484921964,371.05182277994663,82.18303192432731
844,1958.0481921737874,890.9970599931266,0.7224977510217178,-0.21089278366736472,-0.0744595354446046,49,0.0,0.02960720437066178,3.2191992311730533,-1.2693696382980482,1958.0481921737874,890.9970599931266,1146.4558327036837,0.0,0.0,311.4276213887722,-0.08013777597956605,117.0290593600084,120.94421723052055,109.45907525868397,112.80763579194273,114.95787385979274,97.31445990161262,108.47251217076044,116.69678228722131,117.63755087679831,109.19800496547631,21.938661000866247
845,1502.1012311595846,891.6824318906249,0.8508670597006188,-0.39002655828884175,0.29961946694145,49,0.0,0.01657784593248338,1.5284607118451525,-0.46063569982382524,1502.1012311595846,891.6824318906249,954.7698485287349,0.0,0.0,311.6175966043171,-0.07985246239921373,77.92862228137284,97.01291189527527,108.7709320086521,103.64175172343471,88.09934458338466,90.67394370057005,104.34577173757692,99.01588896176767,97.08737644158066,72.96979467551623,15.2235105196039
846,2946.286320240199,893.0588955429844,0.2388821843140226,-0.7056943944032663,0.03947716393405416,49,0.0,0.011857472147792331,1.3576446786892986,-0.3319653043232152,2946.286320240199,893.0588955429844,1318.0788098839294,0.0,1085.8186224723854,311.0158781142815,-0.07927517514658876,131.93858289844752,144.19821460283924,134.92004150026395,125.5709229333942,133.92379987539005,125.91517834341683,131.68535326046748,122.99898835054822,115.87923386958857,127.30102479920401,23.74746945036938
847,1629.6883209708344,893.2171510290062,0.6789553887958439,-0.7356556778518011,-0.09225898826153937,49,0.0,0.015601687448558105,1.7047786468686401,-0.5791699925085619,1629.6883209708344,893.2171510290062,917.1616883549162,0.0,0.0,311.5644359781861,-0.07921303170454377,85.71008896479368,87.39405228419807,99.90989709491316,93.87273790904811,92.05117699240401,94.39668300425416,90.83677973557145,82.43703988596874,86.77715437032478,87.51315957969462,16.26291853374544
848,1763.3784361488465,892.9615209721118,0.49663810929975305,-0.3560441415573075,-0.10739258899325939,49,0.0,0.012369225157678522,1.739584885351568,-0.6011140639397202,1763.3784361488465,892.9615209721118,874.3160159709183,0.0,0.0,311.5087324791537,-0.07931948755250884,75.32493839930547,92.94282360158186,68.12420294543149,101.10280495295218,87.47406630190213,82.22225448979636,96.05255534993064,88.79331055176344,83.40202600935694,85.53693043249524,13.340102936402618
849,2306.711697943883,894.0111384141588,0.3188261599284187,-0.3946954349910444,0.004233369644534464,49,0.0,0.017116237556018894,2.8903181204121404,-1.1523641141025949,2306.711697943883,894.0111384141588,1069.6795079295669,0.0,0.0,311.2823489466004,-0.07888117391925628,87.68267444986785,96.41001298448023,113.77595157889183,109.92753959988636,124.648730827219,97.94525134697972,101.65781627535452,116.2195014611824,107.1352926140832,96.00664774103385,18.2700890505878
850,581.6384976388123,894.8130069995564,0.5341338130806464,-0.08576562288595165,-0.08184321819174416,49,0.0,0.604201734252113,86.72447044035056,-4.845354141549419,581.6384976388123,894.8130069995564,12119.857481863213,0.0,0.0,312.00111029584,-0.07854595509970497,1165.8610668434817,1173.1696709004127,1121.287425609464,1193.5593433337854,1185.5672449506585,1237.5296673730895,1185.9586274689154,1237.245828933319,1196.590246230021,1172.161961044153,250.92639917591254
851,1531.4890578676952,894.7616968707852,0.76329022851833,-0.6469417750292872,-0.07058818781099567,49,0.0,0.013446231009352785,1.327283981743575,-0.3074096329135606,1531.4890578676952,894.7616968707852,970.9572201095013,0.0,0.0,311.6053518343096,-0.07856947981561815,78.282080463977,74.74499480361041,78.1957035421265,83.23066868893497,115.16596435296817,94.83775649071123,103.11914234553609,116.61308924713605,92.79296026036894,118.97571527467917,14.999144639452851
852,278.3113674255601,895.6411977963478,0.3611339605104565,0.31306186556810783,-0.06431901036838654,49,0.0,0.015949969342072302,2.896172269281316,-1.1545609771804812,278.3113674255601,895.6411977963478,926.1753382591662,0.0,567.0422216530355,312.1274858590133,-0.07819942593763207,1.269009063641291,57.030374717423136,57.04550393899367,222.27041308920252,82.10014130105458,138.62685450795328,71.0378603068735,98.7380530797549,85.3850288102932,112.6720994439761,0.0
853,811.2917817137966,895.7529022063777,0.706353940577639,-0.5144487864655766,-0.08079285553766591,49,0.0,0.029198473173406573,3.2860413212148734,-1.2916825507168508,811.2917817137966,895.7529022063777,1062.6327268152374,0.0,0.0,311.90542676378135,-0.07815521120108133,99.70351610494038,96.38351538499916,102.2415760489391,95.12796546147297,108.56139270317294,98.80632772542896,115.39659239259171,106.45870175799284,111.8404156090362,111.51897743485465,16.593746191808588
854,1546.4221603301899,896.1678631900576,0.6676193974689004,-0.26359295674985633,-0.09820456968970022,49,0.0,0.031236692337183965,3.793156112873705,-1.447501792734041,1546.4221603301899,896.1678631900576,1173.0965191660841,0.0,0.0,311.5991297864969,-0.07798359644824064,102.99741399470454,103.23176533978275,115.86000364820417,109.51846060734195,120.89589378359304,107.82962631046715,120.20293420743117,124.50719882204803,120.56419306531548,129.13454114542117,18.35448824177468
855,422.5732718710134,897.2973906527965,0.3058849613289112,0.17450300774090027,-0.33412401484850524,49,0.0,0.00893987223218611,1.2196968112354718,-0.21562972100750682,422.5732718710134,897.2973906527965,998.1869926649113,0.0,60.81421465887791,312.06738246041755,-0.0775101346991117,93.83873914158553,107.38326371806875,85.89776273141966,102.82863598828682,90.95035776912212,100.1669084563373,92.390910657066,105.19770451721016,100.43631262512821,100.73125648307712,18.365140577609584
856,592.8865920890016,897.1187693173084,0.5751985385422597,-0.21215656550282402,-0.10653090779731544,49,0.0,0.15335246137047992,21.71062889225824,-3.341681009635777,592.8865920890016,897.1187693173084,3964.57031183289,0.0,0.0,311.9964239280447,-0.07758531914766839,368.49786646742746,368.51478520029536,350.5423082036511,393.73723054220676,399.85249523614664,388.80689434260427,406.7174149608776,428.9004238438978,380.3656444969919,392.6049434367095,86.03030510208251
857,719.3053681769364,897.0878927833693,0.5079404474299581,0.2066399948117708,-0.24567266735988064,49,0.0,0.016943545211048534,2.235763588791112,-0.873564697598131,719.3053681769364,897.0878927833693,1026.5071049553796,0.0,0.0,311.9437525665463,-0.07759867360561717,96.9410396033968,101.16712157400036,101.73855610703573,102.77878961956522,96.52383079067073,103.87968859816071,92.09029899387258,98.97065167241684,100.84721330104489,112.75884693853675,18.81106775667898
858,908.6180334848485,897.6757793527486,0.3770002477381476,-0.6945953718462525,-0.08358305949956481,49,0.0,0.008062200792390666,1.0146441563028585,-0.015784396139616116,908.6180334848485,897.6757793527486,867.1353703175993,0.0,0.0,311.86487584662353,-0.07735434140253955,79.63151340163452,81.89831770677677,88.68326540339845,86.58164243532696,75.77607119180422,87.86464730134618,77.70822483389671,80.40694634297222,96.27644254657281,98.44374744104263,13.864551712827762
859,1362.3805941041126,896.8078284615272,0.6600279594263154,-0.17048807069865343,-0.2331820144033814,49,0.0,0.016189488809749783,1.750927498238304,-0.6081704083740533,1362.3805941041126,896.8078284615272,1220.2915096022045,0.0,0.0,311.67581274128696,-0.07771684075251434,92.63151747887568,140.60768030090864,121.95518792837777,113.14120729268616,125.13224985656113,112.97303471705459,126.09112927836075,122.66054312409176,118.07393586974143,120.73391749268376,26.291106262862858
860,1460.5082180244358,897.9791732997999,0.23135083039532686,-0.07194758960483533,0.6564264480673413,49,0.0,0.0089630176707979,1.2350108733719882,-0.22917695314845454,1460.5082180244358,897.9791732997999,999.7337532069473,0.0,0.0,311.63492680994443,-0.07722886966161878,89.13058365901908,95.5445757944629,95.29579205944842,109.83349938370439,108.47720783397136,78.54691489296849,113.66874429936085,101.09298971478496,107.10539759317392,83.612159476897,17.425888499155846
861,2117.694481954229,897.5123621008087,0.6474801660290731,-0.43357426486939316,0.1013240408659195,49,0.0,0.04833527252233634,6.121850668557807,-1.9672068289110858,2117.694481954229,897.5123621008087,1437.701305104611,0.0,0.0,311.36110356370614,-0.07742286166381136,103.18138895645629,127.26833102965385,164.10191516190258,156.53576883231503,144.97111846560955,140.98220439544843,159.4663717715045,141.92175928255236,145.07906072442094,130.79458907646483,23.39879740828278
862,2330.507852389415,896.9561731038631,0.4454212188562901,-0.2099232215933023,-0.13487127880188873,49,0.0,0.014851229832531593,2.197723489628198,-0.8549326250380402,2330.507852389415,896.9561731038631,980.3690601596691,0.0,0.0,311.2724342496197,-0.07765405439518053,102.47222641575212,96.48267113795337,87.62890120564327,76.94906092417885,100.6894586957275,109.60296156421171,90.14721251482831,105.26113017622889,95.26359671665396,100.92943516917688,14.942405639314137
863,764.2304429999361,898.0798596580024,0.42918519062938537,-0.21551356298575594,0.11754381416595262,49,0.0,0.010028710109642198,1.3355334523754252,-0.3141369267004832,764.2304429999361,898.0798596580024,884.3823631954872,0.0,0.0,311.9250347526714,-0.0771855308258314,76.84111791975657,80.27559073742046,97.3719965348038,98.37774364464622,73.81740287332637,82.81346845907211,93.6010384604945,109.51241505014399,84.78210323275269,72.74128407600553,14.248202207064917
864,1802.1395193751673,899.1597393390954,0.7320101928533392,-0.3323569748806599,0.028408492354702924,49,0.0,0.03983720839739656,4.783243860855989,-1.699306306938618,1802.1395193751673,899.1597393390954,1289.170575362471,0.0,0.0,311.49258224035464,-0.07673693748355777,97.37384012430256,124.9113521512671,151.74011012488756,111.30739107810363,121.21308152399071,138.09196999246234,126.97771852422554,132.35875993344877,118.79760705928747,134.0730666659125,32.32567818458282
865,2175.0157934773547,900.5855325002889,0.6608957329802108,-0.44656084316416395,0.18598021097188489,49,0.0,0.012710857066835292,1.3372131540652237,-0.31550160015924544,2175.0157934773547,900.5855325002889,1022.4379851428757,0.0,0.0,311.3372203307559,-0.0761422903832387,84.78840941928439,100.5005381602437,97.05063695647695,100.30272524050577,98.56754579982656,113.77656750748903,99.54285019361032,92.25748025399642,100.47509258850428,111.69756357846116,23.478575444477066
866,2472.4706862992093,899.7245757399854,0.6889684735974774,-0.5782777851808026,-0.3034394890928616,49,0.0,0.03213084922784749,2.9176519290852516,-1.1625837001357788,2472.4706862992093,899.7245757399854,2504.4700143558607,0.0,0.0,311.21328577328285,-0.07650013961112274,216.69555714313066,235.79570219799513,245.37186784008145,247.0156528727105,225.45031738934438,264.05719261148323,285.3086258224661,251.52585090579117,230.88527068270741,250.5433855674708,51.820591322679995
867,2138.936980815568,902.3200469740376,0.7272025090085437,-0.14274418282045054,0.13585898595971221,49,0.0,0.032277783947094574,3.792856880154614,-1.4474161383073398,2138.936980815568,902.3200469740376,1107.885149003695,0.0,0.0,311.3522527310094,-0.07541968107827374,95.84064865871987,130.53890944827424,129.67873558707078,108.40614021939834,87.99595156261162,100.89533042711756,117.65537032333904,113.26437571202581,98.19721229084104,110.0391601517436,15.373314622553115
868,404.81029657919976,903.7173842204934,0.7826878150336839,-0.14482932401803725,-0.15148089105498533,49,0.0,0.014004323003219299,1.25401494028734,-0.24575677673454682,404.81029657919976,903.7173842204934,964.4509035621677,0.0,265.14541397723417,312.07478314632965,-0.0748352214032579,73.97435617484398,87.05709575997338,94.28233764274282,98.09615529087603,121.53225519931297,83.43786134215907,92.13098588010428,81.56088177868713,108.80870352642192,105.63559813216148,17.934672834884683
869,460.95814300184367,903.4267840835051,0.4595197603707117,-0.5988335475504253,-0.05056326649903094,49,0.0,0.01686209625254943,2.0827032574067212,-0.7965684906983361,460.95814300184367,903.4267840835051,1756.8398028409772,0.0,0.0,312.0513901738338,-0.07495655696213753,164.08898355181904,170.22776951492966,144.5927106400366,163.524985092902,187.9179513567867,178.6612726896075,167.26607769294367,193.1416911913428,167.3952927308042,180.59524923726497,39.42781914254014
870,1093.795101424154,903.8832238345069,0.5243401327975395,-0.39421145493895277,0.08154944724203174,49,0.0,0.025749113033145407,3.5614650333511104,-1.3790717119392837,1093.795101424154,903.8832238345069,1200.7217762991402,0.0,0.0,311.78772118536125,-0.0747684446973809,114.49940888939852,124.39105265458423,108.27343056456544,120.78589731421579,129.9119895517233,118.01025879429193,115.45173349799398,115.55217364498358,107.30719220432856,116.42503746795649,30.113601715098532
871,2995.3146118487057,904.1774327161148,0.3845623466821663,0.48419394472219274,0.3917486383917055,49,0.0,0.009438114878513862,1.3510881442944092,-0.32670920773631873,2995.3146118487057,904.1774327161148,521.4136494066651,0.0,273.86010275155985,310.9954517620738,-0.0746425286846705,30.42471069477166,27.59269658322176,10.196895925253568,32.597517701515535,17.156384163358062,60.45241991116152,98.3222969767411,73.1640110715279,80.7260043077913,90.7807120713227,0.0
872,1347.1367643443596,904.7764165671492,0.4965272607573024,-0.39053286533115283,-0.0797828511636225,49,0.0,0.08299342715700035,13.449022379769897,-2.8217267906783516,1347.1367643443596,904.7764165671492,2043.5204841796158,0.0,0.0,311.68216426241446,-0.07439667191453965,183.4484274135774,181.0725481379757,211.95567629597164,212.0509323172815,197.8273489112274,210.76460294920258,190.16487493710235,209.47780542222284,188.2942369033622,202.34904832058334,56.11498257110858
873,1872.3076352559576,905.1061517146367,0.7364884044978711,-0.018267538589551508,0.2809918066352716,49,0.0,0.023976184635390987,2.5976709484061575,-1.036460343418621,1872.3076352559576,905.1061517146367,1115.8630900871344,0.0,0.0,311.4633459482997,-0.07425926699829515,88.60688138360571,101.10007368763789,118.41500874139696,101.66593099193115,107.0750089656174,116.36737113983948,128.14596127192343,104.79002029560948,110.7383879368031,117.53194310505154,21.426502567718238
874,2171.460940484553,904.8958033545281,0.8800983669436366,-0.31119735169318885,-0.2566009430109691,49,0.0,0.01269202231859244,1.0673491660909837,-0.0707662877843157,2171.460940484553,904.8958033545281,979.3860271247729,0.0,0.0,311.33870144788614,-0.07434641411329682,99.36893694216921,98.20962890676296,85.18025597483225,97.58929073835705,95.72078923693543,93.97906904502267,90.76554973087747,84.87281602998235,81.40320064447863,126.26648754575396,26.030002329600954
875,2398.386190353698,906.3052112036996,0.3635788905849054,-0.48347256261328625,-0.02509906086631887,49,0.0,0.028548530282907922,4.948748322145671,-1.7362384187859772,2398.386190353698,906.3052112036996,1460.972590370725,0.0,0.0,311.24415274143166,-0.07375857509673875,113.29124518926972,154.2547119704741,145.73981593198897,163.07547817575843,137.0230764607614,141.17837301125974,132.74851557119942,161.62991479074844,137.03653889713692,147.64618265062438,27.348737721503415
876,2185.136589278496,906.8004435485332,0.40678635390455126,-0.5081189651995286,0.5909279305058229,49,0.0,0.009043764048667082,1.1652951383504,-0.16608983641731434,2185.136589278496,906.8004435485332,876.297299980746,0.0,0.0,311.33300341691194,-0.07355281038909892,86.95935031920243,81.40595125212018,102.15032041525855,89.1271248216126,76.57699950212552,84.9504777292709,74.2120097652147,93.98568521034991,82.47006593650224,89.4680361632783,14.991278865810568
877,1641.9473708496835,908.2855026557988,0.5286006519536761,0.49716758742689116,0.20999563880521555,49,0.0,0.008991309314298954,1.0138170484497535,-0.014898975221512737,1641.9473708496835,908.2855026557988,857.6046630561773,0.0,0.0,311.55932809664387,-0.07293471291499663,82.41221968404676,89.4598241428765,90.46622222509143,84.1617385784206,90.70554416275566,93.9751884734832,77.03279054838872,58.61157740831486,89.95649767534186,88.93269137934374,11.89036877811407
878,2555.213026497991,908.4608433047536,0.631856428355674,-0.4167922497796512,0.08633115061714114,49,0.0,0.02148978334925924,2.4681976913396526,-0.9809498543870993,2555.213026497991,908.4608433047536,1176.469951212972,0.0,0.0,311.1788116419768,-0.07285990349112284,109.9279485171503,99.18962152721696,97.48429975041148,138.18349722777756,121.81948395380647,99.8211951237337,110.1691263287424,125.96110970599774,114.37640655681442,133.53902074761334,25.998241773707715
879,2567.0469380259115,908.6929789292029,0.5473237838502419,-0.27709383418703837,0.05892720634955677,49,0.0,0.08657102338409116,12.580567557603796,-2.7492505855981286,2567.0469380259115,908.6929789292029,2153.639997189433,0.0,0.0,311.1738811420239,-0.07276314135234359,170.76865020001748,210.0140750229404,208.8478090107773,220.4356634576916,205.47935416784054,193.6571189853866,237.67004913826912,224.76338082324523,219.75763279829448,208.45635470961412,53.78990887535601
880,469.9526021644084,909.7030461015863,0.5265888987739622,-0.0816119399976996,0.019570333157547512,49,0.0,0.4405371401611297,62.19935437791873,-4.484464691969712,469.9526021644084,909.7030461015863,9407.760928088515,0.0,0.0,312.04764286363104,-0.07234164322360882,811.509163876843,893.3500651520088,936.4709942678301,981.9861286544915,894.4924258639676,942.6410498472817,961.3380521619272,942.4627192470957,908.8057165233671,928.1664660259976,206.538146467707
881,2088.9631628786133,911.4200338415321,0.5520674751814014,-0.37809101992817257,0.00163271464978664,49,0.0,0.04828350375719366,6.884647047743277,-2.094704200935295,2088.9631628786133,911.4200338415321,1440.4428440014349,0.0,0.0,311.373074563627,-0.07162824261713395,149.03789966531303,129.2287508704473,151.70775342727327,118.6613958648464,131.15405351319868,148.3983426831436,145.69309712980993,139.09313916170169,159.3436690536388,134.07705251664217,34.047690115420124
882,1447.6761757526288,911.837423454394,0.6401128245168893,-0.31640780857449846,-0.02422860391598038,49,0.0,0.18687569405904494,26.041076176624305,-3.539147319931621,1447.6761757526288,911.837423454394,3130.3110474275322,0.0,0.0,311.6402734473766,-0.0714547424114793,289.3066182532074,311.642678119982,299.04183243668024,298.56855665606014,334.9610229183339,301.87452348563835,330.63507878245434,303.74022631245225,313.14886455110434,302.4309143829931,44.96073152862639
883,1780.0630904127338,912.3912810046057,0.38853917475133765,-0.4217857351824435,-0.06359498196673122,49,0.0,0.04765849301954558,8.923566335186855,-2.376346141027575,1780.0630904127338,912.3912810046057,1560.834753451869,0.0,0.0,311.50178059626774,-0.07122395761970392,146.58054632103944,159.2993903466645,142.36092364635306,164.76509266858739,174.4067449075299,147.46780206481043,152.91122089888955,144.40975080737832,141.56501129552777,161.62163957954175,25.44663091554675
884,1858.1387622029683,913.9551801528821,0.533071889954278,-0.3935177771907774,-0.2236944250786982,49,0.0,0.01948298060739681,2.6059570592477326,-1.0399181379143565,1858.1387622029683,913.9551801528821,1175.63265068187,0.0,0.0,311.46924952701096,-0.07057228611226775,108.62107183482834,128.62258285177606,105.52900303147678,115.12672371258387,112.94113539036611,108.38235779532732,115.72142496817756,108.81894209389984,119.42064482348948,119.05718865221102,33.39157552773371
885,2395.426950228918,914.0112645541386,0.43918115268342994,-0.165947764086796,0.05271016207376939,49,0.0,0.014811671906565722,2.1610281517676277,-0.8366510612128476,2395.426950228918,914.0112645541386,1371.540098108538,0.0,0.0,311.2453856322994,-0.07054786329641898,101.86880052168252,138.5156720907624,138.48979960302808,148.22747877230128,130.36518714098264,129.33654318480026,134.37270837066626,150.32118262300014,134.3765573927789,144.8155882606666,20.850580147868868
886,2300.8846347221966,914.9782747888033,0.5016837329303624,-0.2445329134993699,-0.1363720997884669,49,0.0,0.009140682650723545,1.0015458040526894,-0.0016770395718674943,2300.8846347221966,914.9782747888033,939.4596790471992,0.0,0.0,311.2847766290178,-0.07014522132561588,87.52761291299578,91.8053894968803,68.10720151810507,92.72443679999252,87.71927476033235,113.06171662083443,91.21008224646542,110.23866958777074,96.30347156270034,81.34273676766146,19.419086773460712
887,2583.7527819559737,914.9173428260008,0.4584852690847106,-0.5926204881469014,-0.22325555742960285,49,0.0,0.013716795141416622,1.6261812683742778,-0.5279223855358137,2583.7527819559737,914.9173428260008,1081.0754534645514,0.0,0.0,311.1669207363068,-0.07016972507426807,104.42449422817799,109.03265417438347,105.30175363447614,113.39505798860597,128.7027563655875,118.6309769641085,97.075579616915,94.59586776789403,87.13502031276727,95.2659294902573,27.51536292137819
888,1129.3157116746343,915.9841415517785,0.6101215794164705,-0.3150606123296785,-0.01843714671649827,49,0.0,0.19641518452776296,28.775944459793593,-3.6475739664579168,1129.3157116746343,915.9841415517785,3195.442464264779,0.0,0.0,311.77292136056775,-0.06972662107749925,305.1657620386346,317.881054046706,283.2318436241638,343.62522889286714,320.0153657393405,297.67954546297483,301.9549228547458,332.93235721530857,332.6471453937629,307.54353480965887,52.76570418661551
889,2655.975699839137,916.8415851732465,0.5978981342075914,-0.5429825090483001,0.04065130075422827,49,0.0,0.030874313238104214,3.7631092967606747,-1.438867080672583,2655.975699839137,916.8415851732465,1272.4446706390038,0.0,0.0,311.1368298363843,-0.06936772773725754,100.53646518487903,133.21327541341242,137.97143639390035,121.68477094520313,144.02106979714372,131.31509432651544,109.17469498791073,117.2545056009515,121.37615672441149,130.4662157857041,25.430985478972012
890,535.7125307861847,918.7156739558524,0.4933577484158248,0.2711403530016933,-0.17678128907752322,49,0.0,0.24765698994039093,34.16980829813241,-3.83410635574019,535.7125307861847,918.7156739558524,6717.398981307268,0.0,0.0,312.0202450728863,-0.06858686385572316,594.2524645955391,640.4755124071712,606.7431928747819,663.1314335176714,631.43698734752,701.7283793983863,677.5956037136907,690.242263535973,682.3633488081549,686.8122899174801,142.61750519089978
891,1055.1595753503464,919.4954100070908,0.6752929745306203,-0.41231292267229047,0.14617706019137588,49,0.0,0.01968405601464915,2.3408806101805615,-0.9234481608306327,1055.1595753503464,919.4954100070908,1034.095245926313,0.0,0.0,311.80381898972524,-0.0682635011469465,91.61422866420997,104.10294696413695,96.65365366109724,104.53997644392723,100.08241599137469,99.95413404847127,118.55467728742315,88.76217479974719,109.3494868231852,103.34830430114806,17.133246941592255
892,2360.652809007765,919.8837812190762,0.3873364790751959,-0.31389009506439347,0.11341855425466352,49,0.0,0.01817683340268985,3.0103000142491716,-1.196524451642372,2360.652809007765,919.8837812190762,1126.3434514287578,0.0,0.0,311.25987417406554,-0.06810118007016322,99.16604667893716,102.67680915950753,135.29993058623705,117.88992253367229,106.12343559621249,138.15551024022886,102.06954627491847,94.4569295612718,105.40053501376272,99.35165818217499,25.75312760183444
893,1083.335954407488,921.1440722687802,0.6922571350011666,-0.695465786583489,-0.45708611169454233,49,0.0,0.011403716280676265,1.0539828754887854,-0.05708388691346807,1083.335954407488,921.1440722687802,932.0528686015293,0.0,0.0,311.7920791523992,-0.0675766342396592,96.2199406624817,103.2143683442387,89.32645884294418,88.58451559875266,95.3439807094627,95.22278400550323,85.56136994960693,96.77550444599476,90.20478252014851,80.53661405607119,11.062549466324878
894,677.8933215772158,922.3746903450484,0.8877709760901848,-0.22488000834088775,0.5001306787569281,49,0.0,0.014964019935490054,1.1942483895404774,-0.19273666076003904,677.8933215772158,922.3746903450484,967.4400236331676,0.0,0.0,311.96100689953704,-0.06706285771458867,100.22671758239295,90.53561209356602,90.44828424837357,80.53433023635488,87.27216151618006,106.97157562351063,94.33721826827988,91.03455705062424,99.24850178785232,110.28673749830557,16.54432772772732
895,976.0038002396618,921.7094957416814,0.6710337946433964,-0.02088552892980875,-0.059567573231616676,49,0.0,0.027680096340477408,2.9381819426167177,-1.1701967133428077,976.0038002396618,921.7094957416814,1376.4502413430223,0.0,0.0,311.83679959977076,-0.0673408303497032,121.33934317963693,131.77927251041865,120.56222573029657,139.91023124187285,132.5891479825196,126.71191308441294,138.55504044267386,138.43293586245954,141.9254831628469,155.1114451969704,29.533202948913903
896,1028.737758121505,921.9877091600856,0.39793185732964076,-0.6608843467907303,-0.5980869516278754,49,0.0,0.012397900537182824,1.7646497625726338,-0.6166463050806543,1028.737758121505,921.9877091600856,1038.8347553305757,0.0,0.0,311.8148277876218,-0.06722502424285645,96.16132522110985,107.28759195050046,100.28233360856899,88.90261153421324,111.83843045195316,112.98689023279405,113.05684330452553,94.82680322358266,93.93099710088103,97.10926370875623,22.45166499369072
897,1405.9409928973134,921.9977042030669,0.4702458923759371,-0.6360428903096423,0.0586654348665468,49,0.0,0.008741756906539888,1.038443705579465,-0.040957395608547,1405.9409928973134,921.9977042030669,889.439900523023,0.0,0.0,311.657662897001,-0.06722137356195997,80.11350471503428,70.65530811629793,79.13931280184644,96.38778584027379,95.06723198784766,83.91427357014982,73.86107587407047,97.98997681866396,98.05472166356859,95.5945406884648,18.66216844680521
898,2274.5398894293517,921.9977629032643,0.6364885223329205,-0.9257473957612894,-0.06331920544332685,49,0.0,0.011390149198941173,1.083950203036156,-0.08752332763836951,2274.5398894293517,921.9977629032643,937.2220518731895,0.0,0.0,311.2957531499592,-0.06722060884868226,76.40067452253975,76.23145865376077,84.89002626957854,106.85911265002545,114.14948384235859,93.53417641642574,79.72363081537294,97.87215877113584,94.14217432411232,102.76463363963268,10.6545219682469
899,1767.2444487236946,924.3321120407859,0.43088567343674705,-0.25673633795702555,-0.12006603582618243,49,0.0,0.018177143258754584,2.748985269629772,-1.0979310317334017,1767.2444487236946,924.3321120407859,1023.6053963121157,0.0,0.0,311.50712160306506,-0.06624874580623527,79.92918298103831,102.02270503620097,86.5973355809854,113.16037505013372,100.54614862046162,104.22410883227312,110.47171375718152,97.27873349581961,105.79160653682825,99.64089387232795,23.9425925488651
900,689.0750767273155,925.6408473572471,0.6442966828598296,-0.14128188995367488,0.043430949709854366,49,0.0,0.05576015189579804,7.389162434419497,-2.1714880341722127,689.0750767273155,925.6408473572471,1479.7690230685992,0.0,0.0,311.95634812945684,-0.06570205815002597,141.69631487893582,144.54112254290936,129.5835020262655,139.46102748784267,148.53325775807627,125.9295242467285,168.24686184701187,132.032766353772,168.70170344265398,144.05351777041915,36.989424713984114
901,1092.923318431417,925.6601518570726,0.6447573547091986,-0.08985465326660508,0.04276464001896683,49,0.0,0.03212106813583192,4.25152569369224,-1.571362020095012,1092.923318431417,925.6601518570726,1151.423396254444,0.0,0.0,311.7880845449424,-0.06569501040639668,111.79258235905264,109.9146766555135,135.91748078101176,107.60568173954246,109.8309720052515,134.73189812051163,103.52705137675602,98.16689538469456,112.30917529619256,102.48568203497751,25.141300500939728
902,2512.1088265458525,925.575611198654,0.6284577006067271,-0.2780576314167278,0.1279513699251857,49,0.0,0.10741353475685535,14.802570314222823,-2.9258428317920266,2512.1088265458525,925.575611198654,2744.175824236745,0.0,0.0,311.19677050741564,-0.0657292380483687,237.3155523603337,253.35491011613365,295.181543000367,253.10814686585945,279.5201255229562,291.121864245703,253.9771336489078,275.0086136126223,283.82633877585124,266.62625476178334,55.13534132622706
903,572.7059192525355,926.7484695763712,0.685223021225767,0.09737053804853876,-0.005168318469417765,49,0.0,0.016903151076235235,1.741240485620564,-0.6021468909830981,572.7059192525355,926.7484695763712,1049.1822300967015,0.0,0.0,312.00483232590227,-0.06524018085519252,96.77033824717836,103.94521119728367,101.01902231334259,109.02961590976726,110.514024815536,109.55849863694115,90.87339528827442,96.24339031105168,106.70306760643055,98.93772683021233,25.587938940683454
904,2521.1033580880458,928.5591884058962,0.700964866398415,-0.598774699119433,0.028834632733836296,49,0.0,0.033156883852203035,3.2513247944257846,-1.280150889890077,2521.1033580880458,928.5591884058962,2451.4937646376907,0.0,0.0,311.1930229636418,-0.06448610990995912,202.30139276257512,231.16727476563196,273.15247584756696,247.21352941843884,233.13630484682358,243.76632736937864,234.9075476284637,233.5998057494392,249.68053372388414,245.66193745032547,56.906635075162995
905,1782.8724202490077,929.5269534827055,0.5309319428292847,-0.27847148877440614,0.09413204588370079,49,0.0,0.05001476861054052,7.391403073320954,-2.1718172154602304,1782.8724202490077,929.5269534827055,1464.43229849712,0.0,0.0,311.5006100223354,-0.06408427281873474,149.78821565704,160.24188450178679,136.2888155895274,137.83820841621622,145.53827438916443,125.13536168953888,141.93612888106503,157.04371007336704,134.16963975679423,142.27731356891974,34.17474597370052
906,2599.95008939203,928.5664893870736,0.48917102239806204,-0.3545390641590368,0.1547208955422448,49,0.0,0.17212837301354542,27.524634344606394,-3.599303895569552,2599.95008939203,928.5664893870736,3698.1290899619407,0.0,0.0,311.1601721323218,-0.06448280986058902,330.47303240687995,343.9137397123467,354.15550082897863,366.6506066171612,362.2428090095152,375.0218961758936,397.5120981777827,368.8484983882645,378.45178460357505,348.89182639230285,71.96729764923987
907,2410.503432602934,931.1412526830436,0.2511904183346575,-0.22187869687711495,-0.26674833873949244,49,0.0,0.009229830199417319,1.369552930762094,-0.3414470540409985,2410.503432602934,931.1412526830436,1059.2294103670001,0.0,0.0,311.2391038939705,-0.06341062040685307,92.14816300643716,105.04198529932012,84.27656233481798,110.56700124188583,107.35207596920083,105.76545113358993,101.12805990056319,119.41330717636305,101.66448006618671,114.7724408733682,17.099883365267196
908,1496.4656346573006,931.6746428341719,0.6802514846055832,-0.6301860796453798,-0.7854170254919572,49,0.0,0.010970874253897733,1.00157010657677,-0.001703384657663536,1496.4656346573006,931.6746428341719,942.5274764460272,0.0,0.0,311.6199447867512,-0.06318946176799985,82.28127882085124,94.92456729346074,85.18153671785211,98.18756924723517,97.47790102435715,91.76343112721312,102.20487313406586,74.49870114622078,93.82476478379127,100.12319624304985,22.059656907929888
909,2879.8761454495802,932.1414184323595,0.6562824571668711,-0.17781977450397682,-0.09738392555912491,49,0.0,0.011288372121905503,1.1519636030758584,-0.1535968938268688,2879.8761454495802,932.1414184323595,1047.1522930584274,0.0,587.1399750461702,311.0435455895837,-0.06299226836169391,78.6923114606916,99.49711081879637,119.82820974688657,102.84650449580528,118.48208909234994,103.74622675616293,100.14344584350744,120.51838531863267,104.1283362437645,84.5935606439985,14.676112637831816
910,1419.9245295263752,933.9977087496068,0.6922311159455659,-0.22980633864071656,0.024372094666089184,49,0.0,0.013025404395449709,1.3707532776561207,-0.342398232533726,1419.9245295263752,933.9977087496068,926.0627670094837,0.0,0.0,311.65183652585966,-0.06222150489140383,112.88730525335697,92.84745770428839,87.55454188712669,92.76460774508129,77.85754702782125,89.7039329970976,104.10113870781389,104.80012117575308,68.83420252498478,82.7778729638309,11.93403902232883
911,1821.198813898802,933.4405786433264,0.6392853559634175,-0.4353314682439902,0.0516244696234821,49,0.0,0.2465038487127964,33.727916734884104,-3.8199737926049804,1821.198813898802,933.4405786433264,4232.894817792093,0.0,0.0,311.48464089632495,-0.062453610189437396,376.47286118028467,389.8946862397064,459.33082914950717,402.7489608119597,413.88790565990746,418.33462756699095,432.2594130502782,405.56411495863887,420.84870528295835,429.861297982988,83.69141590887345
912,307.6156002608396,935.8126396266159,0.43952963096627884,-0.2661893513732166,-0.08638955862744073,49,0.0,0.008976857721154847,1.056782862845087,-0.05996440498665496,307.6156002608396,935.8126396266159,908.1979542083534,0.0,879.1539566062906,312.1152776067145,-0.061462638534992765,86.26305508057777,82.78762095037268,86.1763228023404,89.41386870029976,103.39313839542439,87.7506662145246,97.86185602290114,94.23068598495573,86.3037261795795,78.52789706377271,15.489116813604717
913,474.28193147113313,936.1261771372253,0.23957295051699964,-0.18921679180689163,-0.1586288651642834,49,0.0,0.007986153950042282,1.0942457408053736,-0.0977871621486262,474.28193147113313,936.1261771372253,1010.0248654410207,0.0,0.0,312.04583945828887,-0.061332660537977944,97.34834165347445,101.24240609690781,113.08370454020692,101.608306467002,100.30326925866243,95.85456716580778,105.06443582529997,90.81877408730865,88.33095518567313,95.53092543325101,20.839179727426384
914,2157.8431815947724,935.5447669634755,0.6852213053931286,-0.08343798477063,0.034186290520259184,49,0.0,0.05718165496081731,7.005927315232807,-2.113664068267395,2157.8431815947724,935.5447669634755,1544.7934397475974,0.0,0.0,311.3443751561107,-0.06157646029093007,138.60389004256865,145.50323921682337,155.32420343439358,164.18841699162434,136.04446953323497,148.75522505696136,152.24418766047026,147.84902023781794,182.8656167533071,141.18309334682905,32.23207747356676
915,2513.765648849241,935.7572764339442,0.5855631558178457,0.5210760081759505,0.9390600201061516,49,0.0,0.027467049839608692,2.226580480830465,-0.8690959938386377,2513.765648849241,935.7572764339442,2630.341409390857,0.0,0.0,311.1960800970841,-0.06148706649702721,257.2201258324653,248.56399701599116,263.9661850143161,274.53838989344445,269.10118189512315,240.18269210191193,246.06221776949775,264.35130200438755,264.59082627815314,250.03841305722543,51.72607852834089
916,1678.928143420314,937.7619211642901,0.45590914939389793,-0.1595219999891374,0.33226247971434547,49,0.0,0.01688534785862645,2.534706299661601,-1.0098191105285512,1678.928143420314,937.7619211642901,1043.1020116096597,0.0,0.0,311.54391960082523,-0.06065316347280944,93.33426999573976,80.3013052706321,89.9773778674488,97.12676290045793,118.61714369843145,110.51084680007426,132.65698430943704,97.27380990419715,99.7547695421753,106.4726560364876,17.076085284578323
917,1447.070074545542,939.7284777092846,0.6694550649390021,-0.10931609978559229,0.31063660959818407,49,0.0,0.046117347548412756,5.642812856677125,-1.878739117939777,1447.070074545542,939.7284777092846,1400.6818877987184,0.0,0.0,311.6405260350282,-0.059833756509345665,134.97098967441224,150.5349528728188,143.31566088943725,140.79883123808932,151.3082824216866,158.4527646573018,116.11314080612212,118.77849099536476,136.0995520205138,127.4479888458145,22.86123337715708
918,1544.9980599231953,939.8534446407709,0.3541479928157635,-0.2863468362398299,0.16266336519469804,49,0.0,0.0221990501539715,3.9832097781680558,-1.5005829484873578,1544.9980599231953,939.8534446407709,1152.6731274501938,0.0,0.0,311.59972318196867,-0.059781720531406034,110.08365591170914,115.60039396008345,117.69514304310317,114.38498237145845,99.38292398011959,104.02069450714342,97.71933699372909,118.15772124246035,137.72701458702903,111.90962178079693,25.991639072561185
919,753.347942629581,941.1629620345341,0.8807136577082053,-0.35391671349709536,-0.17265248563693478,49,0.0,0.03406404635738012,3.4587991846468418,-1.347313369815124,753.347942629581,941.1629620345341,1098.8200878704058,0.0,0.0,311.9295693188028,-0.05923498166287284,88.59484541531546,120.2633689522211,101.61326865957838,114.10899334258141,120.3535839683137,113.38520848882996,104.82858735350668,108.71980412993834,98.99919902340582,100.1461791815365,27.807049355178535
920,2283.068081627254,941.9147455760375,0.406428476193264,-0.2807588516165168,-0.1202115939940143,49,0.0,0.014897372454489336,2.140427835057992,-0.8262514752349466,2283.068081627254,941.9147455760375,1051.6343270237248,0.0,0.0,311.292199708895,-0.058922143900947264,97.08678782118307,107.79198767915184,98.5518889521615,94.07917917464857,88.62067393904191,102.58783619192167,116.75266190202761,100.80317354731599,114.33867026006726,110.03932020039062,20.982147355814693
921,352.840325899386,942.7641551852015,0.45981732199970193,-0.4260151154563334,-0.07081618983817041,49,0.0,0.020006407831129218,2.6810117724258036,-1.0707468024770983,352.840325899386,942.7641551852015,1220.314285996596,0.0,962.9765563330294,312.0964358871496,-0.058566546608897416,108.65363575454438,131.1442216829187,97.755745892498,129.69241099102598,126.50918754491443,128.74663207153264,127.44103688041606,123.94888607408427,125.15570036259196,105.394041272734,15.872787469335503
922,879.1759651609964,943.4404790341013,0.5269810129382009,-0.36624751553151225,0.06963174807180657,49,0.0,0.01927947330467501,2.56443973360023,-1.022481243128715,879.1759651609964,943.4404790341013,1049.241305100533,0.0,0.0,311.8771432782674,-0.05828636015273046,91.15181842273307,99.39591240580096,94.9655767220734,113.71491591517763,91.3253643406662,108.17781304017649,126.65375774144262,89.62261089050877,113.82271942101463,103.6970548191342,16.7137613818052
923,1698.7359489006174,942.7483240828949,0.9571742506597132,-0.062137276834417665,-0.11955819193690014,49,0.0,0.04967055000428802,4.880030691654399,-1.7210563834771817,1698.7359489006174,942.7483240828949,1258.49755401871,0.0,0.0,311.53566643760763,-0.05857553840528907,118.77384077771731,129.4065936876134,95.26783301853851,110.6441479809717,128.28077128041522,142.81406271931144,115.82799201220008,143.81119870722262,101.12494116786014,141.85259321516318,30.693579451696174
924,1761.3428499788586,946.4758368048062,0.6292561050099769,-0.1235173360023394,0.06475146166094857,49,0.0,0.01700626313889949,2.120874657216918,-0.816287506643161,1761.3428499788586,946.4758368048062,901.8879581668475,0.0,0.0,311.5095805303815,-0.05702241937825377,70.50115123315489,93.98840128283226,87.99535218174871,78.91992355843715,86.32326222996439,89.51748084212255,81.79447372631508,91.94062956868413,104.60083009671732,99.8453115431424,16.461141903728528
925,2066.661216798475,946.0814534165925,0.6286940459593487,-0.30279745371712474,0.00743335340192702,49,0.0,0.032268633141353795,4.240090963943674,-1.5684379343562591,2066.661216798475,946.0814534165925,1142.7840051755832,0.0,0.0,311.3823666356469,-0.057186452485647674,104.54331344239387,103.89220873285663,94.29779028328846,135.78302486539536,119.13170288683267,113.9769726096057,120.57101882245523,111.48571586836695,108.08137359676255,110.52475081579917,20.49613325182652
926,2389.7816594480864,946.2734171761983,0.7679401091284985,-0.6612639780744515,0.0683908648673245,49,0.0,0.0428676598440593,4.955456975623719,-1.7377092746217087,2389.7816594480864,946.2734171761983,1280.076486008502,0.0,0.0,311.24773744104954,-0.05710585732645659,95.3471597250962,118.16642837089728,130.6647741236475,127.98305388890704,116.87644586912025,130.85059537409967,121.39543405186275,135.9666278577857,160.17831257085714,117.89830247303202,24.749351703196176
927,939.224663050723,948.197458251263,0.6718438174241086,-0.375597864524574,-0.2115286463840102,49,0.0,0.03353967370538703,4.013172015570018,-1.508719437966417,939.224663050723,948.197458251263,1274.4134571689665,0.0,0.0,311.8521239287154,-0.05630448127497969,123.1573301959044,127.00741525445966,126.04553770028821,134.27326704473592,116.39259380352281,129.7323793274297,121.09749964983102,128.8568672105546,127.12352970240305,124.06879647729771,16.658240802539208
928,2483.640983689704,947.0840065855298,0.8955245795554676,0.5005300912572973,0.4217354262545207,49,0.0,0.012597646304091015,1.0594856615433166,-0.06273770900034287,2483.640983689704,947.0840065855298,988.0577383735836,0.0,0.0,311.2086312519306,-0.05676788932241863,87.2167011269361,87.99577804906984,90.21901389462728,97.91613328006434,94.06561271501339,112.74770308502004,93.42353121255803,96.01049848189199,92.26243675877342,107.67964691241983,28.520682857209295
929,1195.689941803942,949.0425758602754,0.6791341492461349,-0.4964746166434069,0.040778209636465924,49,0.0,0.07497107019975725,9.758860106879876,-2.47349773110237,1195.689941803942,949.0425758602754,1632.5024041444367,0.0,0.0,311.7452661871254,-0.05595276542991882,147.46842700937646,172.45597075846428,149.1053101199716,155.9257501682482,175.55930627373087,174.0952994811777,147.42827514444048,171.42187066936242,138.14964324057698,167.22504574450443,33.66750553458357
930,2732.475801667569,948.8998693955292,0.5011048208404683,-0.6551202505763956,0.021225630143398868,49,0.0,0.04930741215740312,7.676454098845765,-2.2129016435294178,2732.475801667569,948.8998693955292,1574.7079881337813,0.0,0.0,311.1049567681477,-0.05601056985978374,125.63976035044954,167.37425788993662,135.36678333506,178.4324930466592,158.71988947304305,156.6113792038356,162.45975669409552,139.31060535990008,181.90648354608098,143.02617392561342,25.860405309107612
931,1574.0312033259008,950.3182095027105,0.7532298474418697,-0.06236348425044847,0.22020854576468255,49,0.0,0.015533013501355135,1.3499316708723594,-0.32577946621140474,1574.0312033259008,950.3182095027105,1130.9427448086717,0.0,0.0,311.5876261761853,-0.05542150473781437,125.19249704638389,90.80038388864106,118.61756477949477,95.54017460173843,119.63541491802093,107.20783120118666,122.67295358785665,101.83054014023493,109.71784635702781,125.28785193779885,14.439686350287548
932,930.7175395954173,951.4486847000296,0.4769783166418274,-0.32913522504258574,-0.4502927542491108,49,0.0,0.011170847215728247,1.447796448709897,-0.40176876753935714,930.7175395954173,951.4486847000296,1106.191383618828,0.0,0.0,311.8556684671069,-0.054949833129760754,115.97841548651627,101.65952123903713,119.16263321043812,114.66912424176323,96.43052617746719,98.33673247652163,97.2337614883547,113.65206451127045,111.99079980887605,117.3912667386526,19.686538239930698
933,2150.9931168647176,950.467533073501,0.4431317693110671,-0.4738705205405465,-0.2660181476775595,49,0.0,0.011388411056770891,1.41172867350763,-0.3743780893082615,2150.9931168647176,950.467533073501,989.6800602365366,0.0,0.0,311.34722917810177,-0.05535884541062232,88.02552443793986,110.53723297602525,83.10549380134172,84.83345685295163,109.01248910521119,99.98449564244028,94.46695271360448,91.99450687629957,106.464376391756,106.920847473131,14.334683965835756
934,2165.480021981968,951.2410254280991,0.625234333115853,0.12281715263176139,-0.11025382817260901,49,0.0,0.0401150180390568,5.049980968340958,-1.7582243535342388,2165.480021981968,951.2410254280991,1421.5495105461498,0.0,0.0,311.3411931265827,-0.05503654318867358,124.45242364999197,135.3304867906753,134.79574549647964,136.76502292685385,121.12904770978581,147.7505816639601,141.544038747253,127.95997116736865,148.01935829491634,163.47224598684036,40.33058811202473
935,2353.917906558978,953.6796191881217,0.5610438275569635,-0.5369517603479199,0.24474130816593573,49,0.0,0.01923419982243035,2.40341403796177,-0.9520714837230502,2353.917906558978,953.6796191881217,1050.669149700499,0.0,0.0,311.26267997588525,-0.05402013873912845,97.76292716803185,111.10052963097357,89.23602029774455,123.90227835912229,116.90652464880137,87.90795582060295,100.1822901076458,105.92550880581521,109.20245651926243,89.31715370454639,19.22550463795254
936,2550.467051583331,953.274056427741,0.8440182148205492,-0.006084126430140172,0.45211057364397517,49,0.0,0.013727177957795574,1.1816385521391664,-0.18121162956680423,2550.467051583331,953.274056427741,975.5068575278829,0.0,0.0,311.1807885281382,-0.05418863724488695,81.20698501911569,98.9319323553847,85.89392281316414,109.1525384657136,90.3694121092116,106.57944980338031,96.01270380794655,100.8628695728344,92.30212585731383,92.28364655629059,21.911271167527445
937,372.58185327638915,954.3037213088023,0.6447691268512763,-0.09182389560626159,-0.11271734262377542,49,0.0,0.014870252145772313,1.5298270412378119,-0.4616058331191235,372.58185327638915,954.3037213088023,1017.8728034209516,0.0,415.2866907394749,312.0882111684302,-0.053758769495752104,82.89352579554132,96.39194573664707,102.61239371413652,98.97884819060874,115.04349964729275,100.47382909289689,89.79625837057333,113.16039084306249,91.6489709266898,111.31803608062515,15.555105022877488
938,2691.837654584878,955.2755073310458,0.7390837266212513,-0.14159016589635023,0.007095968770109009,49,0.0,0.050003482102306956,6.085610460255944,-1.9607603743374724,2691.837654584878,955.2755073310458,1335.686226558466,0.0,0.0,311.12188796150895,-0.05335433057842246,124.73869652780516,115.57102631431225,149.50523666631685,146.50908220748744,122.03386558516715,148.94724041148208,127.6645829357018,130.09175853550812,118.56238552563983,137.49836872146645,14.563983127578938
939,2127.391741802137,955.9148686411868,0.6173076667349963,-0.3592277228108283,0.045755830853983825,49,0.0,0.06105369665150307,8.414642681216128,-2.312589197134069,2127.391741802137,955.9148686411868,1532.56642237183,0.0,0.0,311.3570627954534,-0.053089226433018076,135.42900747093583,138.71063436964948,165.04991181063264,161.89321042415764,171.523262494729,149.53264960362816,126.69437718912542,138.69215469259126,171.52366906610328,150.85845517765176,22.65909007262544
940,2823.4999111023026,955.4894999893833,0.5338926015828089,-0.29718642403926776,0.1342874607282835,49,0.0,0.03186760070700382,4.302918194934799,-1.5844077238944423,2823.4999111023026,955.4894999893833,1388.6236972649403,0.0,0.0,311.06703315374745,-0.053264742608328565,125.44149518732837,126.78382131494219,132.69827269278466,123.5453558503361,135.22490279995148,137.06274990360942,149.34010948008728,132.92073909735558,151.49046257469783,137.64585716630592,36.46993119754161
941,839.7179362121545,957.2219426698296,0.9222549083306321,0.05137585742094151,-0.18944353756176724,49,0.0,0.015177019701994523,1.2038591057495593,-0.20143915506191473,839.7179362121545,957.2219426698296,954.9066188085483,0.0,0.0,311.8935835863989,-0.05254420975972456,86.57164171642573,75.35708626305853,96.73809373824716,85.7419728645466,97.24572872721754,93.05265710596018,103.4646561919896,99.71487033525824,115.64531571142666,81.33387246728867,20.04072368712931
942,1506.515176606032,960.5110811854676,0.49589977491773307,0.03848124050633973,-0.20768348592603803,49,0.0,0.019913239260907087,2.7562824538887964,-1.1008093011221582,1506.515176606032,960.5110811854676,1145.1045802548674,0.0,0.0,311.6157575576449,-0.05117455740960453,98.52751642401576,130.714748299708,119.362612258205,109.95404841747981,126.77151341305044,108.59684636223352,109.02170079285882,89.65917156909791,118.03197649539425,112.06301159752624,22.40143462529751
943,1124.4669733232988,961.8711832812919,0.7401385379173624,-0.287715307480703,-0.06728930508819667,49,0.0,0.04610501814017319,5.434825686535153,-1.8379640483373265,1124.4669733232988,961.8711832812919,1315.4023658976316,0.0,0.0,311.77494186963554,-0.0506075691683157,99.79351792336963,111.75844261085422,124.80683063721608,131.54608365724965,152.50499509721303,132.89688692958566,141.00733492973245,133.4019064343116,139.4477557258674,116.1329318022613,32.10568014997044
944,2907.684446434496,961.6668674303688,0.45866583882769674,-0.4939379774557979,0.3259892544325815,49,0.0,0.02273011873469143,2.7711552506835866,-1.1066521432416394,2907.684446434496,961.6668674303688,1314.8862274328355,0.0,959.8435793358124,311.0319595123976,-0.050690711909730714,118.26891669008326,127.30303832848344,129.29913621372918,143.27098063595287,149.71584728643973,137.62279226233204,116.64422979039256,111.45509313391148,138.0815814057014,124.94029173523988,18.28431995056976
945,2208.928010634064,963.4773809863909,0.2387368483839735,0.5837253028588483,0.314330287302127,49,0.0,0.0068822783133994005,1.081122978095624,-0.08468774475973326,2208.928010634064,963.4773809863909,926.7225642697128,0.0,0.0,311.3230902362621,-0.04993814894747547,75.87522611804931,98.1317024299099,68.21932144066051,95.53333204860115,90.58584822060206,85.05440438250548,103.16465806235651,92.40586885228606,84.13009150371066,107.80898698914581,25.81312422188537
946,1201.8594512750658,964.5027104054479,0.687011340433909,-0.10813622750974507,0.0931298477520363,49,0.0,0.05411970594688353,6.98986766797452,-2.1111723844241244,1201.8594512750658,964.5027104054479,1408.0087153201578,0.0,0.0,311.74269567797137,-0.04951121827587949,125.78163748204969,137.0984661388719,128.12322620203807,155.12712694564436,136.66443402143807,149.48323986177934,117.85898463304787,141.11093937371663,137.4611244213693,144.27549314643306,35.024043093769194
947,1611.6701592282734,963.234561548143,0.39082518182874415,0.06845252419134874,0.2180145664128413,49,0.0,0.008881682831755576,1.18296086107509,-0.18242593997155,1611.6701592282734,963.234561548143,846.1522922871937,0.0,0.0,311.5719434443618,-0.05003981018815508,72.65860008626649,82.38741371210236,76.02618605155794,90.8937835639218,91.89316664161964,68.72970840078088,70.47430078126683,89.18858769723255,81.69240733298798,102.00719183488914,20.200946184568075
948,1996.729859009803,963.7617062719451,0.612844703625601,-0.2541478756489543,0.3319548951468113,49,0.0,0.019500647879967324,2.2848076947921605,-0.8971241317967348,1996.729859009803,963.7617062719451,1036.3831180784073,0.0,0.0,311.41150401898346,-0.04981996461283342,110.46909124046684,98.88091261892095,93.39069332572842,101.31324470315403,97.8312313752148,90.43926998253403,91.82399127132172,104.68982590518593,98.27429854081882,118.66039584467727,30.61016327038429
949,2302.4822247956445,963.8315201751084,0.615040549951828,-0.3484375270215947,-0.05259362575668703,49,0.0,0.5820536522470278,84.31009471900117,-4.814698943035404,2302.4822247956445,963.8315201751084,8481.840171087631,0.0,0.0,311.2841106007729,-0.04979043416249116,747.1381568080201,820.7477628152069,841.045179353885,855.4824212653226,766.7208322089125,843.8309365023107,852.4092914052611,864.5029680557245,857.4503147453344,872.1513345393013,160.3609733883533
950,329.80248593306413,965.185761951093,0.47425825020282036,-0.03750083583414591,-0.23367980351814763,49,0.0,0.012868225955499798,1.5626832056522442,-0.4846773619036634,329.80248593306413,965.185761951093,1073.992678286844,0.0,1033.9127575292523,312.10603440217136,-0.0492247259854274,110.44165537538501,106.1414211063618,106.09364458626689,108.05780925872108,113.13381750688858,117.4954330000379,99.22372335289268,113.71515288023653,89.5571101464848,92.1777342226626,17.955176850906035
951,633.0850059311608,966.0432485740921,0.3052358603750428,-0.809845240001873,-0.1465172236418701,49,0.0,0.01100225395405051,1.401676765048493,-0.3666196857515541,633.0850059311608,966.0432485740921,983.9581676848445,0.0,0.0,311.9796764163615,-0.048868339796265065,88.47078506284255,92.43018366576459,105.29603145862268,91.45497218047925,90.21055740613694,87.60599891700623,100.74962168997934,90.47076931320078,117.98918689518804,99.34016398476247,19.939897110861597
952,1309.1355930048003,966.7718621430147,0.49453632861308067,-0.3277952626090026,0.021930149884148147,49,0.0,0.029037588101883723,4.2997136706684955,-1.583598839304183,1309.1355930048003,966.7718621430147,1169.2190079518168,0.0,0.0,311.6979980381267,-0.04856585756609365,122.87360748401781,101.41520808902509,93.11694276407869,134.8723982125767,99.5993327814638,130.73188847911263,109.30059697450875,118.40003443923958,115.96217081839598,124.31141371917022,18.635414190227632
953,1633.4927522699722,967.9023704520953,0.5736913465740698,-0.5132421756789217,0.376100833807703,49,0.0,0.010089914262767608,1.12118817177884,-0.12419626856820186,1633.4927522699722,967.9023704520953,873.3249728440046,0.0,0.0,311.5628507899327,-0.04809493005720105,77.19078004568411,84.76148276711646,87.87237227970357,93.52831229073908,103.45446407865805,78.60938500454179,77.9472541521271,88.00272145290947,94.77763283121286,71.33178056479014,15.848787376522116
954,796.0331649540402,968.8992793755839,0.6461331245749073,-0.26839941479435386,-0.0003471502739293065,49,0.0,0.3308814395431097,46.448311927249144,-4.167424837589356,796.0331649540402,968.8992793755839,5016.401745574048,0.0,0.0,311.91178490024487,-0.047678745612122125,424.3928162767046,506.12200163292795,481.4988941797061,546.9439720883192,499.02368580979004,500.6112097981443,484.08323023273147,480.29523116995824,509.9254018913697,486.2414523933404,97.26385010105597
955,1115.5880802383035,968.7408215363557,0.5374812104189525,-0.12859716384355716,-0.04806976264146336,49,0.0,0.02524281504079682,3.2993518962457022,-1.2960715955073965,1115.5880802383035,968.7408215363557,1209.6115746536668,0.0,0.0,311.77864136276173,-0.04774528734914035,107.45092996429469,105.94334675328106,108.04630235673028,140.70711437189698,136.52195641623643,112.11896439212511,131.12863571773468,104.8238107063923,125.0274357335557,107.70135005539332,30.1417281860263
956,2934.4229337569727,968.9082473533081,0.40155630756091154,-0.49356808539330577,-0.3616296382599042,49,0.0,0.012495242756026115,1.4601326418088423,-0.4109807747163286,2934.4229337569727,968.9082473533081,1283.37180122353,0.0,1099.9894153755374,311.02081950919256,-0.04767358195796705,135.81409083670638,96.37434244424094,148.26566976586952,137.383858313642,108.20415344523136,119.42978809863934,120.04078951115078,134.54349077720673,144.90789571849234,114.03787213800382,24.36985017434668
957,1782.8766242730062,969.5652312125702,0.5336971574820343,-0.5484291669424339,-0.12441260878281604,49,0.0,0.010185210654341472,1.0661955891152732,-0.06959220375678506,1782.8766242730062,969.5652312125702,941.4447565787741,0.0,0.0,311.50060818747,-0.04740204572611669,85.54883754269117,87.46665439400672,96.13704063212347,80.59799607219723,106.78471654597982,102.05860025901407,94.68363862582967,78.4461510092327,85.86380994553375,103.30361619276466,20.553695359400784
958,1838.1915574742973,970.8148645522188,0.4234702615174473,0.5149342028218016,0.6116640651690853,49,0.0,0.01014951388557167,1.2539228763029224,-0.24567706407148154,1838.1915574742973,970.8148645522188,1012.8945218132055,0.0,0.0,311.47756058404565,-0.04688134776138291,86.79540203165911,113.78756944630882,80.67493435839435,86.19206487539739,99.93405240694108,115.33081089226302,103.68030611180785,105.83030970684885,96.90897591556637,97.51788549070193,26.242210577316825
959,2435.516330438492,970.5976678061917,0.32649268134865045,-0.3644384640982042,-0.10780460960788875,49,0.0,0.012502633950674741,1.6792695499665131,-0.5628010325833767,2435.516330438492,970.5976678061917,1047.0328554779207,0.0,0.0,311.2286819677385,-0.04697104856000338,88.56929881365426,96.2992571578932,82.50759319363317,105.23981760310316,117.95209370441493,113.6157619700397,105.23734648060757,98.4215177815723,106.52372294299323,105.98478007640331,26.681665753606097
960,2703.5981193333123,969.7546293645166,0.5948485395620068,-0.2776128788818557,0.0868610331080103,49,0.0,0.0864770038234515,11.81700379057489,-2.6812684370968465,2703.5981193333123,969.7546293645166,2355.074545793765,0.0,0.0,311.11698794963894,-0.04732165062001962,239.2416374044478,236.03090807020084,247.44543314932463,210.5890184175129,209.05018097322457,274.0970509137522,212.2413612838804,239.63815363044512,230.24155108001278,219.42930552501187,37.06994534595185
961,269.6186084418986,971.1728457764398,0.7607335661625515,-0.06326300939918042,-0.4140509508745104,49,0.0,0.039014263813927225,3.969928710481755,-1.4969567701052842,269.6186084418986,971.1728457764398,1183.947406060505,0.0,1068.7943329850302,312.1311086061171,-0.04673007352070559,98.11969744369439,127.13082057465223,132.88373826243435,116.49104587821344,117.08520596807796,174.21814789742086,104.92677537892605,88.00208588297689,92.78171372649874,124.54901343882759,7.759161608782499
962,1541.7513673465676,973.4767383638051,0.5418574313414714,-0.40111912793413723,-0.16796131708520462,49,0.0,0.03108993733899485,4.365826290150468,-1.6001661294349012,1541.7513673465676,973.4767383638051,1223.4208725559888,0.0,0.0,311.6010759779431,-0.04577232269025641,128.6761085231026,116.78947117101293,127.56448878687547,113.32987324344234,122.19509882634485,126.72934853600492,120.7304334196406,105.23248443345015,113.00195640008963,116.33158842557458,32.84002079045078
963,2279.2021026046787,973.6109669537981,0.731518457306108,0.6850079015276176,0.0791872274500839,49,0.0,0.011447822386938795,1.0715370312233232,-0.07501796102522436,2279.2021026046787,973.6109669537981,896.854526758043,0.0,0.0,311.2938102312615,-0.045715842629703386,91.22566795513141,81.69848006328951,78.46567951229088,96.13146795332548,102.54402934962295,82.00835586233424,74.21797862252637,107.84423687957025,81.52352706482554,82.96738959804404,18.227713897082197
964,2778.3169188375928,974.1992811016737,0.8872970863483093,-0.3388650321409795,-0.11568741597718214,49,0.0,0.02372059929246078,2.1907843637620177,-0.8514990814679291,2778.3169188375928,974.1992811016737,1115.2613656451233,0.0,0.0,311.0858575157582,-0.045469605775957975,104.11135490966456,107.25972635970808,98.92134131448871,116.2001862549952,97.17335210440436,110.65776749797465,120.05451934775907,95.7128490117725,129.36224662190077,108.1019699943032,27.70605222815214
965,691.3242826833781,975.4749042962635,0.9954952107945687,-0.7160635932373237,0.3043389888233048,49,0.0,0.0139691167277466,1.089268459591131,-0.09283732140618,691.3242826833781,975.4749042962635,1022.550722761927,0.0,0.0,311.95541152833636,-0.04493879277142451,96.51583252970593,92.77743520136407,116.143646904647,104.99122162025786,99.74091315091975,103.5622890888338,103.46832686710312,99.00549247137991,93.43338237495149,92.44986539149072,20.462317161273326
966,2668.7139392172767,974.6111842718286,0.5886573925085495,-0.25810848040692846,0.1753733527999555,49,0.0,0.20360995369982846,28.754680651820813,-3.64677137176427,2668.7139392172767,974.6111842718286,3787.6451237035026,0.0,0.0,311.13152191161896,-0.04529828414543483,345.8274441478319,348.20011984774504,387.57716712396734,381.415070470106,370.610739538486,392.4296119711919,381.3543714489557,357.27172276222586,374.7537443690127,391.68825096245826,56.51688106152169
967,2182.8229730268404,976.7994893615604,0.8614102306679386,-0.4066993725663392,0.005065168330715846,49,0.0,0.13980060620450357,15.521609505483873,-2.9773418830122207,2182.8229730268404,976.7994893615604,2228.1308170541497,0.0,0.0,311.3339669303532,-0.044387477921578426,185.54518448882897,211.87644907284124,209.8784504197228,223.34135190516957,224.66628783333493,212.08706522330027,242.6302838040032,234.06900438008546,211.20940278356434,227.39917821030375,45.42815893299513
968,2372.365015324159,976.7402182370909,0.6595433756129575,-0.3473732990662544,-0.0136333033534867,49,0.0,0.4599022271603983,63.82171185235156,-4.512421122099836,2372.365015324159,976.7402182370909,6443.540463995125,0.0,0.0,311.2549937957684,-0.044411872076915354,568.0466618056086,627.8291846584773,614.8398124972766,666.8037918211762,667.944756197342,619.0195961288454,599.728740270946,650.8143336929061,646.0073185390374,640.5140225482139,141.99224583529588
969,2932.97316606095,978.5754086675761,0.40822770773195494,-0.41474378900111697,0.5213792552751646,49,0.0,0.028313865250740745,3.982113071620854,-1.500283969014894,2932.97316606095,978.5754086675761,1564.1802114592751,0.0,1346.7529940614977,311.02142336935185,-0.043645875713420594,155.77211391650474,158.02925644689748,161.80710256476024,139.12831774839515,148.4505231202856,171.09431161649573,134.09803378363085,154.94634690132108,153.78301562066298,151.92642521795088,35.14476452237042
970,2206.3319899199605,978.5853596415158,0.5796430013869391,-0.40720283987057426,0.007007448756392123,49,0.0,0.5153840310113885,76.54631214663728,-4.709810680174001,2206.3319899199605,978.5853596415158,8121.273248308651,0.0,0.0,311.3241717749776,-0.04364335500699913,690.0313527310216,810.8545348826256,780.8506662373404,859.6493601601358,812.0430941214345,827.1100068477662,808.7457431866841,766.2496269803189,803.3954688023313,808.40186436772,153.94152999127274
971,1671.5103770473393,980.5193481792006,0.3781791254549873,-0.16690797952145348,0.2534846244733767,49,0.0,0.03037586398325156,5.032646842338332,-1.7544911389250082,1671.5103770473393,980.5193481792006,1383.2604244313627,0.0,0.0,311.5470102671371,-0.04283796072837949,121.60855391174152,140.61010771536718,148.76658407539972,111.22603295208103,120.23259018204999,146.29270979875827,143.33605834121335,129.42635439889023,161.56850163069544,139.90364288799356,20.289288537172542
972,2702.3168576295398,979.7979937502193,0.6493419858008075,-0.8426641953496548,-0.14799082443130002,49,0.0,0.054354861706561265,6.130191669217498,-1.9686851339233515,2702.3168576295398,979.7979937502193,2312.975967062517,0.0,0.0,311.1175216428406,-0.04313713996551898,223.65809424931268,195.54928428338897,208.16501408609201,218.21498940345685,232.01027513991733,252.3518798773094,237.26155762537604,241.9077416881984,225.18072917118712,214.46099024829323,64.2154112899851
973,2019.9629081261019,980.6959335540521,0.5451000712715031,-0.25953745389642596,0.1007536027926163,49,0.0,0.1514384877164065,23.14635654799592,-3.411206596848133,2019.9629081261019,980.6959335540521,2945.9398043621613,0.0,0.0,311.4018236862024,-0.04276419173843667,279.0901041542957,260.4089661096443,297.13815635704816,341.61114381778395,299.82328904333815,272.78471223805997,280.6942460684718,276.2324744838618,274.3828859218188,303.51518580025004,60.25864036758834
974,557.7835601521307,982.1618336694587,0.31541584327024613,-0.38801146105069273,-0.21994633709546013,49,0.0,0.0209434462500985,3.386984711926635,-1.324533090858043,557.7835601521307,982.1618336694587,1245.8711244175456,0.0,0.0,312.01105021094816,-0.042152399529356996,94.4571220974399,108.33516689674806,134.76477584537804,114.07524225090162,123.42577707419738,134.74614038452262,130.1531716646474,111.31943947569124,124.35862827833387,145.90787194032953,24.327788509356058
975,1463.373983035272,981.961753723093,0.5964289291829717,-0.4201205774894616,-0.03391244119645965,49,0.0,0.3634118391081033,52.486897358364246,-4.300127253030708,1463.373983035272,981.961753723093,5965.960641658943,0.0,0.0,311.6337328881349,-0.04223695531814495,524.3787395606046,600.9053212141226,557.0150513473711,630.4910714219882,562.7842371133394,593.8347780184085,629.1539652768029,575.7348935835256,583.5950659190842,597.9145106418479,110.15300756184821
976,1867.8690817045276,982.750411515666,0.5080128749460686,-0.31161636539824805,0.012016542098774863,49,0.0,0.11058548200948945,17.319564721047158,-3.0963424325949513,1867.8690817045276,982.750411515666,2416.199978622187,0.0,0.0,311.46519507984084,-0.04190829632860409,222.42829660470963,226.19603077888888,227.86125306053833,254.6522526590515,224.57221918932763,273.60448238656363,235.16627170228008,220.1345120029787,243.2231992142092,242.7067212718723,45.6547397517667
977,1963.2332196225736,984.1309752972605,0.39056639430070766,-0.669854105672228,-0.33389233273109103,49,0.0,0.00912338480045794,1.042414007708694,-0.04510059672130644,1963.2332196225736,984.1309752972605,996.3306018211981,0.0,0.0,311.42546061715626,-0.04133300841726744,78.17830216223649,109.5121187465219,94.71233146163995,96.66679833626135,97.44930158904894,106.41146371260209,106.0393443123745,93.3274109249133,100.8033490780075,92.93882422903897,20.29135726855307
978,1004.9454141676681,984.8638898980072,0.5503419933271907,-0.34908262849610544,-0.22275734888457205,49,0.0,0.027631085962759018,3.8981916348347276,-1.4771579629837257,1004.9454141676681,984.8638898980072,1142.6535573623096,0.0,0.0,311.82474139851655,-0.041027392487044456,101.48821678659326,107.12838103193995,98.62043557704303,119.19876817548581,116.37595676089273,112.97077366425643,131.19119209326655,109.96485807025435,117.66421475199525,114.41285230867757,13.637908141904884
979,1284.186017055769,986.3287655990864,0.521726941895213,0.023558136282815348,0.08399943212865293,49,0.0,0.026744898258623678,3.9190867084362884,-1.4829621804985464,1284.186017055769,986.3287655990864,1127.9457689492979,0.0,0.0,311.7083936078246,-0.04041731766345978,108.87386033939048,110.04276333956699,104.27881172091878,110.1001254927065,102.54935736532961,97.61036043672043,113.90641494036284,112.4954284482688,131.1059524966406,111.17741317863798,25.80528119075484
980,1600.1029259751213,986.0412092525034,0.5598302302320151,-0.31149083729099286,-0.07611379630282396,49,0.0,0.03734932685731182,5.332394868224141,-1.8173057544901563,1600.1029259751213,986.0412092525034,1235.3541422498342,0.0,0.0,311.57676307505983,-0.04053723734595442,119.70866033735672,123.03310429465841,125.10861576575161,126.65827308383857,126.60513430146078,108.76450113536498,111.55494297035546,125.21771212864859,117.72855504963849,133.74712824836803,17.227514934392474
981,2066.4063435031126,986.1428128686747,0.5370385002126186,-0.39556904446856933,-0.39445228209882166,49,0.0,0.016073116693245668,2.0934134711157713,-0.8021375363143877,2066.4063435031126,986.1428128686747,977.1621485859067,0.0,0.0,311.3824726177877,-0.04049467092367882,69.67066033478918,92.84796984040045,89.4908541878567,114.7306650715986,121.34569987196691,91.6659907353395,85.46239049376041,82.62259153206261,106.67641487162744,112.47574388367923,10.173167762825724
982,995.1974546645731,990.2502183341531,0.3325706106647131,0.4288683355616959,-0.07601192625409858,49,0.0,0.009212528932713255,1.416555955866233,-0.37808433602917624,995.1974546645731,990.2502183341531,936.103506263971,0.0,0.0,311.82880296836277,-0.03878314260639919,84.85502830244904,94.86317057255985,84.85262499166576,95.9879038012177,99.16746831712842,82.18021615510028,90.90606651013292,87.50596169076286,104.61002602871851,91.79255338051986,19.38248651371581
983,1079.4834010168584,991.2455759261924,0.4486647668754375,-0.34456806886256486,-0.1185431194615799,49,0.0,0.025895218792630122,4.1049080746524504,-1.5332585899247642,1079.4834010168584,991.2455759261924,1245.125994494249,0.0,0.0,311.79368475784213,-0.038368518760091674,112.7229893084556,126.97642456310376,109.3811883221815,129.7221810459085,120.41771819485307,129.797614768176,139.44475418249223,114.71990990348354,115.89197000572764,124.50095152075615,21.550292679110907
984,1458.3704895993565,991.4617388449857,0.46896891125722373,-0.10662562595231177,0.08453257889761441,49,0.0,0.12205647344846551,20.27052059438522,-3.2671622563360625,1458.3704895993565,991.4617388449857,3254.176842862974,0.0,0.0,311.6358176697794,-0.038278707602248774,300.7408524603014,296.65429693661554,282.52056856748356,320.00906972299595,326.4189449592245,334.6361203040361,347.3436530397264,335.31625654281675,313.8098175782008,346.90559426791924,49.821668483653916
985,2526.3697973658846,990.5457668535996,0.45321654598180655,-0.49662194359217604,0.0929082552915403,49,0.0,0.17778383358196131,30.400198736125805,-3.707191056860756,2526.3697973658846,990.5457668535996,3769.953888521327,0.0,0.0,311.1908280836728,-0.038659499263262564,343.53808031162754,368.7343469481915,361.7339457927781,368.54751233067907,377.23567313662426,399.05455538209793,391.852940997192,368.7873590320735,358.39242607856227,368.4623209424208,63.614727569080074
986,2741.4636442353817,990.7245890867297,0.8117378785813872,-0.5939532008668691,-0.43640125460922874,49,0.0,0.013563449742078865,1.1485466617144522,-0.15037160965357682,2741.4636442353817,990.7245890867297,931.1627444262094,0.0,0.0,311.1012115859991,-0.038584539610947925,94.8926512946068,107.40818174752559,82.56502494260207,93.9582459092623,88.25672647745918,101.73625254719433,75.6649100142358,100.10743751809326,89.6901701280709,78.10392477168733,18.779219075471836
987,1059.7901925390365,994.4742998444354,0.2796019252459753,0.1612191850914154,-0.17104843527003608,49,0.0,0.01666192553057432,2.083777302101937,-0.7971282577344707,1059.7901925390365,994.4742998444354,1440.66138925129,0.0,0.0,311.8018900802692,-0.03702323258345953,136.08095575880225,123.61627396224665,136.9935078396697,147.704786848197,158.09385284778762,135.09114417384552,127.09529999747745,142.95299338593165,159.50283479964423,137.85010004673975,35.67963959094813
988,336.7155087948242,994.8072936991338,0.4942255729659189,-0.05677910784952454,-0.03915078953225049,49,0.0,0.08296585093652302,12.240450119214323,-2.719493471136735,336.7155087948242,994.8072936991338,2382.876435299094,0.0,1583.6771358165433,312.10315467682307,-0.03688321644114058,247.92976654676778,216.9112873783588,218.21612361619412,229.34991361154442,234.43601641579787,225.56751164642174,245.45183808085392,211.0927077875042,247.67337220675097,242.2486807690066,63.999217239893376
989,2378.7546829275875,996.8733245903105,0.9874091525701794,-0.6835427815181421,-0.4668640746290601,49,0.0,0.01605950686910077,1.3381439277017633,-0.31625706916432567,2378.7546829275875,996.8733245903105,1004.2627267872839,0.0,0.0,311.2523313668833,-0.03602336757042886,107.52687899394209,105.25387441509446,97.08877764388349,106.28369267603487,97.05347869037124,86.95500302277154,83.63970305095884,91.8063699114391,110.7485197180191,100.78987268380601,17.116555980963156
990,499.15715508159366,997.1979270178078,0.6643090529676349,-0.03586353163144962,0.15649733512038738,49,0.0,0.012874069781145525,1.1084409379039424,-0.11178139286900328,499.15715508159366,997.1979270178078,1092.606973204297,0.0,0.0,312.03547634317755,-0.03588754508599527,100.4844653999848,102.37634023008096,102.00583049853175,88.70719640813373,118.38374778317396,111.37192335691924,108.55125134626972,115.41805865145164,107.82933338184881,113.85749000234657,23.621336145555784
991,1114.3474448589398,998.3273947612151,0.8725451747916533,-0.2066312469327358,0.1074902090601184,49,0.0,0.027404700263940117,2.7029144033190384,-1.0795807313807149,1114.3474448589398,998.3273947612151,1061.7794999650869,0.0,0.0,311.7791584463584,-0.0354178722289146,88.48033788277745,101.35057509952986,108.60011685908268,107.47759485956442,105.64171372156694,101.92288950958607,102.66779359740481,104.93104120513584,119.36265526373066,104.7585248780781,16.586257088630198
992,1536.4981066057176,998.2910099512089,0.3386705887232813,-0.9714954810423707,0.043827005305178225,49,0.0,0.010145238093769425,1.6054927178919052,-0.5140208501432006,1536.4981066057176,998.2910099512089,973.6667489516982,0.0,0.0,311.60326483219023,-0.03543324977796666,83.77572037826036,82.53964672448099,121.89794797738321,88.73968866206582,100.65753712772639,101.81216473161204,95.29458783441586,103.19723229412477,88.744064236149,84.61834841579201,22.389810569687732
993,2490.842588846474,997.8376228030503,0.5147496981131519,-0.45866176169388884,-0.11469153576196522,49,0.0,0.03306662340404979,4.599178823393457,-1.6567007399076872,2490.842588846474,997.8376228030503,1331.6193985248133,0.0,0.0,311.2056302253618,-0.03562141465554855,114.91795046927527,124.26379435842372,138.55329096588866,123.2160016470699,135.89475104000354,121.60551531955869,134.81737376195622,148.92990019572287,123.73729447718534,142.95007346071236,22.73345282901667
994,637.3931207446971,999.7384135913285,0.6220131677514912,0.18912462050472323,-0.10534512412988575,49,0.0,0.01890208178435701,2.3450090054202364,-0.9253612871339452,637.3931207446971,999.7384135913285,986.0095045339923,0.0,0.0,311.97788184521437,-0.03482932605880078,85.58333329579042,96.37934542293598,103.91928602917139,87.59509452899636,113.09367973972206,89.77145853511962,92.14566485456183,102.94662248539596,85.68059866154778,99.59625966746081,29.298161313290084
995,1960.0503809845766,999.7889836155389,0.34146258085228703,-0.04365061139580201,0.2334130233689515,49,0.0,0.009230856998340984,1.2067309742763634,-0.20402615078208397,1960.0503809845766,999.7889836155389,1037.0550781559668,0.0,0.0,311.42678671364223,-0.03480899087481172,85.95218700346581,97.41759122909455,96.12877131400256,88.5516207241172,106.56847420198761,99.38022671677425,120.94385736046429,95.62466381608601,120.43562792541039,104.10098375708785,21.951074107476302
996,2120.6872277005446,1000.9167747818092,0.3987724176722076,-0.7753242912865868,0.027524284042231624,49,0.0,0.022005274662919478,3.648491148258631,-1.4052832423295372,2120.6872277005446,1000.9167747818092,1105.369735457151,0.0,0.0,311.35985600624883,-0.03433896013133004,105.56654041043114,101.76456052507282,102.28556043669113,111.31575365689798,107.11407825732638,109.66720963727555,114.26960777331495,101.13696939307175,113.97469433085442,114.6649930332847,23.609768002930007
997,3006.713397713304,1000.2234609744817,0.33891393929530844,-0.22963944028666883,0.070862921854549,49,0.0,0.011068200207887135,2.46086312427929,-0.977718646179641,3006.713397713304,1000.2234609744817,1299.8606066710415,0.0,573.4305252305257,310.9907012784742,-0.03462627061437399,418.55965218065415,46.57382375843555,103.73634639298123,71.8665668186978,76.1315564449365,75.54860575294906,101.33830312645384,86.91435130075814,207.44504011113338,102.63215716532252,9.114203618719536
998,617.7832805941075,1002.283564693995,0.5706985666943339,-0.31265739203828113,0.3425154542742266,49,0.0,0.014824614072060243,1.781104969000573,-0.626723788150459,617.7832805941075,1002.283564693995,1029.9922454780076,0.0,0.0,311.98605215497867,-0.03376885852717179,89.91231638646127,99.09984271511783,91.02210543020462,115.23774004358373,107.55496706690857,97.29214952098766,94.87169439279158,85.85761833273719,112.68057807327904,114.60462356990816,21.858609946027983
999,2270.3992266872892,1003.7914806759039,0.8276570891392655,-0.023257013649915094,0.14622805853143608,49,0.0,0.014788085838625559,1.4156728485818606,-0.37740725684624,2270.3992266872892,1003.7914806759039,957.2640255346639,0.0,0.0,311.2974777406952,-0.033141041111341925,93.491738424729,88.21165321157889,105.12699313502962,98.8081467513455,103.39449085648718,83.96906177515544,110.92762218643655,95.28259256718809,70.28294966652288,91.14865138587619,16.620125574314514
1000,1634.6630726536666,1004.1548185691202,0.5920464998155202,-0.8516695167736242,-0.22326613995681271,49,0.0,0.012371433005492819,1.3509343668669196,-0.3265856249608307,1634.6630726536666,1004.1548185691202,972.5984859871314,0.0,0.0,311.5623631473432,-0.03299004541050776,101.90575188616,85.47400811672019,123.9558156052283,89.92596364640242,86.2399621764512,102.79748894057035,110.99353442617333,93.20971479674165,77.2505163606402,80.4517572132062,20.39397281883759
1001,1985.5347608702639,1005.3223448800449,0.5783862130206051,-0.5868637745266817,-0.06706581051491228,49,0.0,0.02173814137712131,2.8224257400694728,-1.1265563104142857,1985.5347608702639,1005.3223448800449,1027.9627411473748,0.0,0.0,311.4161683749643,-0.03250345884787054,92.20763055092587,98.96296430438292,89.69855927750618,123.79468221780209,116.73071595668938,102.82006077780363,96.86349898122569,92.2693095734097,93.1471937886302,99.16918525254403,22.298940466455072
1002,2168.159767671911,1004.9374432751265,0.5621030120431898,-0.6711224286416239,-0.711475789274926,49,0.0,0.020775061042419527,2.807550027885535,-1.120818759298166,2168.159767671911,1004.9374432751265,1067.6861836638486,0.0,0.0,311.34007624939665,-0.03266368061280622,78.65964315494737,109.0798995443681,109.73641988193367,115.83890163588131,95.27055536668803,99.61300939452057,111.16652129440746,105.67992442578146,108.54534573311787,103.00299363951109,31.092969592691773
1003,538.8102803827774,1005.9339319534957,0.5717492159882004,-0.23594195576638613,0.050483228983723615,49,0.0,0.033488074640685275,4.280436667980046,-1.5787201893674259,538.8102803827774,1005.9339319534957,1355.2422118328222,0.0,0.0,312.0189554911494,-0.03224780195311626,106.55145479184431,131.54130147202278,140.25714641957208,118.24353640257303,134.90765129115937,146.79473078180644,138.18468792894407,135.01013947777062,157.7851831323281,112.9466960416392,33.01968409316207
1004,1723.3658374378667,1007.5723819935905,0.6238320324353007,-0.45960885221093567,-0.05353207111249901,49,0.0,0.061554832717998685,8.147711476426299,-2.277589103835,1723.3658374378667,1007.5723819935905,1614.5706600221479,0.0,0.0,311.5254040119854,-0.03156607569594796,139.5289623543419,152.16181887328517,171.06301255089036,157.91450794678263,162.04708065688274,161.09760379580325,146.70101396104138,157.8966803516425,174.73527040108604,146.73437329314248,44.69033583724946
1005,2839.206906764756,1007.9119829049404,0.20748697806830857,-0.13201187442982906,0.23974044697954347,49,0.0,0.006767060570835625,1.0086407815944076,-0.009341309179434248,2839.206906764756,1007.9119829049404,995.37328229032,0.0,0.0,311.0604884257628,-0.03142331565027535,80.586783624073,104.94828786808714,98.06024610428462,92.03415865621454,85.38399546833436,92.07316285776551,121.9053746099541,117.65055548434958,99.82586931664362,84.90299252105731,18.001855779556248
1006,451.5189367218591,1008.8303702038211,0.38304725511108345,0.1177244422779243,-0.05046808266369999,49,0.0,0.010894832754378246,1.4766463943036223,-0.423191273167367,451.5189367218591,1008.8303702038211,1033.658819123642,0.0,0.0,312.0553242369702,-0.031040852723656004,108.15518247187174,107.1742249922182,91.51790313154913,100.9027045367963,90.37710063623221,97.18998895408987,114.49979900207995,101.58601249749918,119.06203701206391,82.24068695991556,20.953178929325876
1007,907.79389697502,1008.7678653991926,0.540418900097226,-0.2851515150618875,0.13535099193423536,49,0.0,0.019292063501750226,2.6501395848560136,-1.0581718728950582,907.79389697502,1008.7678653991926,1018.8038346140943,0.0,0.0,311.8652201008833,-0.031067585270610945,114.76469610759744,81.26376117747508,95.73367635057733,106.634214165251,101.62518749712017,107.9088853145558,103.08865844999673,99.19680763689679,100.13793348546693,96.74879817793588,11.701216251221295
1008,850.0603619252292,1010.1723682106496,0.6919025706491168,-0.10069393171414316,0.043296312657349345,49,0.0,0.05838711755521748,7.617259006121022,-2.2044968073951496,850.0603619252292,1010.1723682106496,1415.4222090492808,0.0,0.0,311.88927487061176,-0.03048232684778282,135.68680466719246,139.2536322108992,133.27562204736188,137.28821563433513,128.55989976718902,142.60518220199924,134.41774840190146,135.6834941784857,145.95779235975579,148.25092018213903,34.442897398021785
1009,1937.2097990316306,1010.076046978345,0.9345339009490503,0.1877587652888751,-0.42434135595758843,49,0.0,0.014873250816635535,1.1923917751725475,-0.19104742928395396,1937.2097990316306,1010.076046978345,1007.1628055048761,0.0,0.0,311.43630343324895,-0.030522822363965627,89.70926652825258,119.86863253970594,104.23200873382888,92.03113828525203,92.83197244384338,96.90969598113732,96.377701396398,107.1165041371004,92.4061029839392,99.50848880563969,16.171293669778677
1010,2504.3428978178295,1011.0708388030105,0.4256092360662908,0.25544285990945714,0.41675304568057686,49,0.0,0.011452420648496851,1.1668085729894973,-0.1674990284732995,2504.3428978178295,1011.0708388030105,1050.01006862154,0.0,0.0,311.20000525266,-0.030107774540197318,104.1493451177117,100.16169432100051,91.73645385534212,112.453850316801,103.92099044551624,111.61775000271086,99.61246948830768,95.1987327759073,119.43054876393421,95.29088235964201,16.437351174666194
1011,555.2057876107947,1011.2383185915471,0.8040923127948097,0.3207397889132251,0.13124229125582412,49,0.0,0.011785929509287323,1.061635839232647,-0.06493892808445159,555.2057876107947,1011.2383185915471,915.4608416049809,0.0,0.0,312.0121245567013,-0.030037775110806512,86.77987497250948,97.01252331170306,90.5655094662574,66.81979211634372,101.56605670724586,88.70441294839728,86.57628885674298,97.35694581841716,84.08992878379215,98.93305808097689,17.056450542595
1012,1965.9052732825564,1010.8420426151926,0.8749754281039438,0.2616864810364457,0.28280681355639603,49,0.0,0.01721144023455492,1.520260498075259,-0.454795027729308,1965.9052732825564,1010.8420426151926,964.6388953820098,0.0,0.0,311.42434716893786,-0.030203648257731967,81.76170684445488,85.3922193397386,86.94305996676165,98.96762889409015,103.81816203779817,96.45006315453425,109.85237031597123,102.45405501797751,100.48872011954052,80.38902565247629,18.121884038666508
1013,2307.7671084403146,1012.6439840167174,0.45575767457688465,-0.3033412962355259,0.8051657309249164,49,0.0,0.009339370885029494,1.093909482482153,-0.09745346750515632,2307.7671084403146,1012.6439840167174,1240.939784547935,0.0,0.0,311.28190825309906,-0.02945257017303199,115.82552418762785,135.43282080469487,110.86122616738965,119.17010516723104,103.28117019380134,134.42038371339606,113.8988809173594,122.34170710898812,140.8563190484371,116.3020253674058,28.54962187160387
1014,1888.174845606646,1014.4280639716401,0.37633674328311967,-0.4107741288104579,-0.16623356815907864,49,0.0,0.011416166634000358,1.55908714227472,-0.48217597487297376,1888.174845606646,1014.4280639716401,1182.8796100033067,0.0,0.0,311.4567343586217,-0.02870954381200131,106.02630523097544,122.50364366060327,93.1584806427592,126.15460658435052,125.14665255984697,121.5612388264641,123.75644443997811,108.04573681285349,106.13876945409143,132.97049547763015,17.417236313753833
1015,385.235811390073,1014.9908883390394,0.6482196392691525,-0.1039157511829279,-0.03237580064515061,49,0.0,0.0741323624648298,9.473319174956622,-2.4412554244904827,385.235811390073,1014.9908883390394,1802.5049900009244,88.40713825614831,0.0,312.0829399982142,-0.02847398881297798,143.87021801586184,145.9989497401454,161.66223245387744,149.60162714570453,177.1388881001359,196.80557399380368,184.81483741453798,196.24762653901303,212.4701163671412,194.30921742290167,39.585702807801766
1016,2304.5747304177353,1015.871171116144,0.8103541267043208,-0.4934933756222862,-0.17822839622367137,49,0.0,0.03902696092640819,4.317753003108005,-1.5881444872747374,2304.5747304177353,1015.871171116144,1250.6605800125167,0.0,0.0,311.283238337709,-0.02810795445477994,116.06226387476886,141.53797081602323,116.1376734248338,121.20566353104255,94.96009553709958,131.55253466391736,107.67090635511772,132.66649819904057,137.28531421778092,120.14182680907106,31.43983258382083
1017,2451.03545315745,1016.3087068264373,0.5613139473881167,-0.25919472328675136,0.09795040353599835,49,0.0,0.7756349326347798,120.30073285998435,-5.200670682565692,2451.03545315745,1016.3087068264373,11444.48293138635,0.0,0.0,311.22221553212137,-0.027925485468911423,989.9842469132232,1109.7548649901541,1151.2030203480058,1102.1183986923984,1159.8600713539543,1132.09685519081,1189.7125091040534,1119.656472670878,1134.173580895592,1112.2008987286465,243.72201249863605
1018,2129.4329238244736,1017.6849460463653,0.3082281437689335,-0.3352077928869952,0.4007115115473249,49,0.0,0.010615502044081262,1.7804524083854059,-0.6263259236105736,2129.4329238244736,1017.6849460463653,1052.6867717440712,0.0,0.0,311.35621195214,-0.02735239460765928,101.09624768627089,97.00625894998844,102.92367621377244,87.70959515797475,102.73588209918546,101.6770908012156,105.67203284188399,114.15469126250872,116.95453538473811,104.98123385297471,17.775527493557973
1019,2355.941843841974,1016.9103506248266,0.44774644573329797,-0.13061612427003066,-0.2645341076535263,49,0.0,0.010289276469223707,1.327946301590217,-0.30795128435227537,2355.941843841974,1016.9103506248266,979.4560962660014,0.0,0.0,311.2618361586972,-0.02767492161978327,91.36008103972716,99.84958071887351,90.96389146924994,86.2000122588776,104.37748269025133,110.06996471853468,93.60294796858909,91.17516579682997,94.99314951552783,109.73789118690395,7.125928902636252
1020,321.7077839788376,1017.6071127592355,0.7068977065262788,-0.19895747549191994,-0.12383715800268348,49,0.0,0.02558802583726592,2.712035632371681,-1.083238478143112,321.7077839788376,1017.6071127592355,1273.9532354672883,0.0,949.4548227427115,312.10940763394296,-0.027383842829232386,93.18015735640941,128.9001086954455,132.11554050126063,121.24801671414474,119.6226269304845,149.27664005720817,141.5470536761964,119.36645843926513,124.85527031497429,123.79518010137966,20.046182680520012
1021,2222.914082638861,1018.4789734334964,0.6603630681150108,-0.1662500109616604,0.09147166771163467,49,0.0,0.19829939402363275,26.703639889876044,-3.5664261568147277,2222.914082638861,1018.4789734334964,6922.709104393441,0.0,0.0,311.3172624931904,-0.027021481345283364,570.5992701504576,609.2691206452124,648.3259238063081,761.6801742916984,679.1378017781723,706.4410146039904,720.3646718190683,668.6794142216395,689.7679096835935,713.1547143250266,155.28908906827343
1022,2382.2223880893193,1019.285914236388,0.5463941128129557,-0.820477773997878,0.2643663592162814,49,0.0,0.008093253272428564,1.0251958064153452,-0.027017052563192846,2382.2223880893193,1019.285914236388,877.0629799694124,0.0,0.0,311.25088635020165,-0.026685107635535166,81.51146479127824,91.18141743329574,66.83291240738669,89.45807297226757,98.24031885436526,79.76239574007087,94.98869943880777,96.50523475569216,78.78582621878616,83.88146865167481,15.915168705787114
1023,1575.297112634354,1021.8505978688543,0.20970546714092322,-0.30876012867831376,-0.17449589538130497,49,0.0,0.008858883199861705,1.5462392841255472,-0.47319175716081685,1575.297112634354,1021.8505978688543,940.5627054056577,0.0,0.0,311.5870987401857,-0.025616939217977697,77.57108610873232,103.54320636440579,100.90747071586411,103.46070053346533,86.4897109696558,96.72315265097103,86.04004073009936,77.79931743076531,94.91073022578536,94.86482373361243,18.25246594230085
1024,1888.4339502028095,1020.8104324532804,0.40294137252704626,-0.43449986135132646,-0.44200439817752646,49,0.0,0.018278283115598513,2.7393975907537507,-1.094137673679085,1888.4339502028095,1020.8104324532804,1217.9394620292946,0.0,0.0,311.45662637887136,-0.02605027710910998,110.58717778996223,125.06162294160943,91.49244014348653,115.90805818947655,134.18778695844583,129.13306625372388,129.0164545818519,111.47991165369544,122.68029058666835,136.04509413052514,12.347558799849454
1025,499.83491791838713,1021.4556701491639,0.8631554857869673,-0.16804183652210983,0.09360091521408012,49,0.0,0.01285769465930894,1.0776616704615336,-0.08120609110148737,499.83491791838713,1021.4556701491639,962.3397518393731,0.0,0.0,312.0351942670025,-0.02578066411620562,95.82355839568955,85.111036585034,89.84703848312209,93.02424504227086,90.32228653376418,97.62572811495744,105.1012489040402,91.06911466240645,99.76032936145356,87.65049845740185,27.004667299233013
1026,2123.0214866807273,1023.6685002747664,0.781841938296669,0.26682222668633987,-0.2323900448756897,49,0.0,0.025633426019768094,2.791302679030498,-1.1145173310150105,2123.0214866807273,1023.6685002747664,1208.4959840578563,0.0,0.0,311.35888328591835,-0.024859314213550417,114.02279385619147,104.387220210005,102.37195363673297,110.86881337185542,136.07776288998156,110.20408110581128,135.48797312925558,138.99355996478155,109.28652623151879,125.15316349663067,21.642136165091983
1027,2015.3681699611677,1025.6699613990886,0.649432843698645,-0.5364546492118392,-0.08856672182567514,49,0.0,0.012709194280944051,1.191237553489255,-0.18999593998337672,2015.3681699611677,1025.6699613990886,983.0364739723169,0.0,0.0,311.4037379112823,-0.024025456829708892,87.32997036197222,97.95341120323238,97.67921573487058,99.74840086839248,101.21595508594811,85.9484230584016,81.95452583223117,106.23768532278294,105.72287509393693,100.65288143097618,18.593129979572335
1028,2215.317733756963,1025.83547218718,0.5702441364868286,-0.31833334204667657,0.00014958732497755047,49,0.0,1.9820794118709688,297.71218025209134,-6.184491508081871,2215.317733756963,1025.83547218718,29845.262054184208,0.0,0.0,311.32042749496316,-0.023956365102474488,2577.229611281861,2856.4111275929426,2876.1533141296013,2981.0212023844965,3011.4425215953606,2921.2248624488657,3101.331693198627,2987.032933720283,3039.0160825359726,2922.3452799257147,572.0534253704869
1029,445.3835674096162,1026.8590696497713,0.5973223984285847,0.18614758203312812,0.11749561863395055,49,0.0,0.025531136041299706,3.125017626015167,-1.2371311780878647,445.3835674096162,1026.8590696497713,1176.5751451054002,0.0,0.0,312.0578806754472,-0.023529282908016112,102.1484241704764,115.9621188261401,102.74792905463485,130.17074445129936,114.64552682416058,121.94238551731038,124.9905026446124,115.34187621568358,113.05809873648535,111.04435106504056,24.52318759955673
1030,1075.0412894289439,1027.3156031117587,0.4377660957419584,-0.20773667082350208,-0.12471573529241711,49,0.0,0.02521813752004665,3.915321399506007,-1.4819185451693297,1075.0412894289439,1027.3156031117587,1305.565302971503,0.0,0.0,311.7955358091049,-0.02333972367347664,117.06474105465922,116.86176858881734,113.00758661852518,151.11264418733234,133.49579488388295,118.65543644113329,124.28720767781172,156.13258441292638,115.41218672053874,130.94349238439554,28.591860001480214
1031,1957.6831397014225,1027.7019620342144,0.5056023146791628,0.07589478763779275,0.6135719124560868,49,0.0,0.009129455897176416,1.182429120013889,-0.1819377916864526,1957.6831397014225,1027.7019620342144,881.4256724392849,0.0,0.0,311.4277729346335,-0.023178835789914712,95.39346883002398,66.09864235179828,81.1750689338093,71.09303513484437,105.48589602599061,93.56843719570864,88.26047995640857,88.42985793645167,90.75853607278526,83.35921400896771,17.803035992496458
1032,2377.620841712678,1028.9475586817257,0.6204301059717814,-0.3754814665556238,-0.16042904744865852,49,0.0,0.010399189758027587,1.0287886044131764,-0.030815362638438308,2377.620841712678,1028.9475586817257,988.3644168886547,0.0,0.0,311.25280349711926,-0.022659562522562356,93.73861238705629,84.6637978771277,85.3166325247559,102.86248613971617,101.99649451995518,89.75486680835449,84.00611244167237,111.64537804448982,114.34352817290079,101.84513462647956,18.191373346146403
1033,2119.108367305698,1030.6673075660808,0.6358919751969424,-0.14124305443543497,0.04349365515887356,49,0.0,0.01380752166012491,1.3806494084771188,-0.3502085279201173,2119.108367305698,1030.6673075660808,1196.1143634918192,0.0,0.0,311.36051367340536,-0.021943218618971413,107.17933848817812,93.67549484806425,112.88425183127461,113.82261652660232,129.16085813754748,114.6947827473929,130.72728459312907,134.003949091289,111.92283723096847,120.12571841593879,27.917231581434216
1034,260.78678234922955,1030.4893128944557,0.2987794721585363,-0.0932666858898169,0.007215779489268736,49,0.0,0.01382852128465548,2.3517911951504984,-0.9284969002072435,260.78678234922955,1030.4893128944557,1041.9335907667364,0.0,886.5586635388693,312.13478905488284,-0.022016492988977843,93.93317604626975,102.60601801555113,97.30130639784335,97.41951974636407,88.6691168561656,95.82825774248018,94.03426039546893,91.7778340571789,126.88666373012566,136.38716693541386,17.09027084387494
1035,1524.2102331303552,1031.2107499799718,0.8282540347792001,0.2911563914503807,0.27493879351541556,49,0.0,0.015542799442864247,1.2639810767468376,-0.2543514302655472,1524.2102331303552,1031.2107499799718,988.8626903202753,0.0,0.0,311.60838475863756,-0.02171694087549162,100.19638671529302,88.18122460399002,115.67329762623055,111.88126681407331,94.21313510753757,96.58497078345042,102.44419132785372,87.20465852439114,80.58966423224331,91.00246308446319,20.891431500749135
1036,748.8255407859626,1033.2187984320735,0.5623248345243879,-0.3356290002517637,-0.06824051079880639,49,0.0,0.0861709075859226,13.3097740761858,-2.810426709254199,748.8255407859626,1033.2187984320735,1910.9823250418283,0.0,0.0,311.93145445376274,-0.020879871186106083,171.60795149241096,190.17109373526847,194.96144144100498,200.71582082303445,174.4441101510564,188.05358269698496,199.0067848924714,178.97229846064505,207.25150791990757,165.3143580863165,40.48337534272737
1037,1724.4721674030272,1033.1084615808477,0.30620904180420555,-0.34347204848642987,0.004857301088127774,49,0.0,0.010200576781048415,1.702355209510317,-0.5776254602215782,1724.4721674030272,1033.1084615808477,975.7213969185988,0.0,0.0,311.5249430096771,-0.020926236053458433,95.26730596000567,90.6229772350159,98.09031765533388,90.47961563870118,105.08361420261971,81.32797265738381,110.92103999031775,87.51687593324782,99.67015569457364,103.93250393900425,12.80901801239514
1038,2106.569624843282,1035.4477908909605,0.32962840681107175,0.6659025004663486,-0.06356746068326283,49,0.0,0.00922612619248187,1.3334279475546937,-0.3124238833515244,2106.569624843282,1035.4477908909605,1055.7432262678549,0.0,0.0,311.36573800486224,-0.01995140542822581,109.38647253350896,92.28790151395295,104.33786615258498,109.2393903718386,116.07361813924547,98.9564925793403,89.75000576649936,90.95235501583741,114.27791709257926,107.67306898153717,22.808138120930376
1039,2717.279468117243,1035.2179452080138,0.5563344647873578,-0.3191498986834517,-0.07685195331624253,49,0.0,0.050354199405122375,7.191574157715901,-2.1420599078704985,2717.279468117243,1035.2179452080138,1557.2419604957213,0.0,0.0,311.11128698398034,-0.020046646859337353,133.6635845736068,165.9145204496175,151.97590562485163,148.22571563771015,179.41164614073102,172.7682767624164,157.59684528658417,153.30244727583352,104.84507722538883,145.69428130875397,43.84366021022697
1040,1050.9110085594987,1035.8864755331342,0.6377295465253981,-0.24294972542817553,0.017530478079974408,49,0.0,0.20313260455629942,28.76311419530163,-3.647089763788216,1050.9110085594987,1035.8864755331342,3238.813979989659,0.0,0.0,311.8055899063177,-0.019768600468025012,294.5672146832609,251.15348348431615,313.39412570224516,331.947518093544,338.1237446504462,297.0131112476834,346.9510683205747,342.36843295753124,322.65914527858536,337.6221145206488,63.014021050822784
1041,1094.867699096663,1037.3604842686445,0.5113883393274483,0.2429348582722456,-0.006715745205857533,49,0.0,0.018968285684152875,2.5952284984263474,-1.0354390039553432,1094.867699096663,1037.3604842686445,1151.6891113594806,0.0,0.0,311.78727505016303,-0.0191544688862121,107.95005034920463,117.90511704067549,108.99121153629582,114.5584740674744,102.47484351337707,113.52915124113733,106.33785026040727,124.37155263822578,116.42900846127455,122.75741158062542,16.384440670782766
1042,1317.7545712912815,1038.1674715797426,0.2564940286177723,-0.31543300312254724,0.15402238708212926,49,0.0,0.011848769581711022,1.9874396615977503,-0.7457348810157043,1317.7545712912815,1038.1674715797426,1061.0190295325228,0.0,0.0,311.6944070797129,-0.018818319513262047,106.36474929498661,101.53292511955307,103.54549609004988,100.76933610250506,104.80345245603725,111.04104146720593,92.6237812278489,114.42445845100912,103.29622866255862,101.16241881320244,21.455141847566075
1043,1804.8187927906029,1037.5466541646294,0.5727359462638224,-0.08767289431321577,0.14763428474080753,49,0.0,0.08698626378304844,12.586461958567293,-2.7497591688335348,1804.8187927906029,1037.5466541646294,1941.6513531987148,0.0,0.0,311.4914655701695,-0.019077007827621537,163.35814308190086,206.31242015078874,185.03671085391676,202.79916051905522,194.11769535834082,170.3763316871245,179.45345099200273,204.9687366605413,191.7983250062344,206.2557507421729,37.17462814663649
1044,2794.152318286757,1038.0270832311808,0.2719708310687151,0.24871596000688692,-0.21604566457492788,49,0.0,0.009070866265917051,1.3336536535689176,-0.31260764765161647,2794.152318286757,1038.0270832311808,966.6371073801693,0.0,0.0,311.07925912141155,-0.018876142319136917,77.19565670247516,108.3262835741042,95.59367941629938,89.50085694229338,97.36390040548903,88.59648523724555,88.74126991637777,94.74687730906902,96.25597771959463,104.68346945203464,25.63265070518659
1045,2479.1941937102024,1038.533980206445,0.5722720611048568,-0.09157521200297401,0.16961607670075568,49,0.0,0.023977480213148022,3.331098386222377,-1.3064686501476797,2479.1941937102024,1038.533980206445,1064.7910836805122,0.0,0.0,311.2104830693648,-0.018665268851615412,92.18290932336075,100.1751875277132,114.86676321711094,108.60704832673835,122.32882243565817,122.10554347417556,92.00735323424325,100.21179015216833,91.65978762352913,103.60748493642271,17.038393429391615
1046,2455.8997320503217,1040.8096224886485,0.799077198457866,-0.12504110807389632,0.10894135458934791,49,0.0,0.033011970884038344,3.6331696393460584,-1.4007141908527034,2455.8997320503217,1040.8096224886485,1123.845917347172,0.0,0.0,311.22018860645437,-0.01771713861950128,130.625207832566,112.85055992631722,92.724617417241,103.48402926663225,93.47130171407704,115.19265233837754,94.40079701274027,129.6856273761365,120.8208605562966,110.31233731892557,20.277926587862066
1047,954.57018673792,1042.6716521430703,0.3646947315143352,-0.6077255071827564,-0.3607676101616,49,0.0,0.009191154219661154,1.1218175745988228,-0.12480559865848097,954.57018673792,1042.6716521430703,948.8405588094334,0.0,0.0,311.8457308692095,-0.016941461623743114,85.08273541433248,93.07589159192202,90.92508697860907,106.8739593943822,93.24262761943866,77.56981369870833,100.5645758391143,101.75020284238417,111.27516575988484,75.46191944344122,13.018580227216194
1048,374.1366738010839,1044.6410898999186,0.41559433304247584,0.19674426994667266,-0.6526470261954022,49,0.0,0.008904964970188785,1.0535397930753896,-0.0566273597954646,374.1366738010839,1044.6410898999186,1025.5756392935587,2.4271847858918196,0.0,312.08756464738923,-0.016120421852950095,111.01578988490466,100.23659006057761,97.08312496824166,105.17565680468732,87.79997249895538,112.8036566131626,93.80875297826134,94.34858828358102,97.13546067847147,102.45517218564866,23.71287433706688
1049,272.1322628080239,1045.6042243170127,0.5871656115359705,-0.162783328985279,-0.04928211732388294,49,0.0,0.20414716939724833,27.403923545618987,-3.5945318680202303,272.1322628080239,1045.6042243170127,4442.158986123191,0.0,4409.3033786531905,312.13006248527654,-0.015719030044598993,413.4058374881819,433.2447926799558,421.59729166637845,440.5017084448085,430.5455685515068,461.826417290103,448.589086841174,432.58628220625826,423.49382541541837,460.80022118337905,75.56795435602685
1050,1722.0902960413075,1046.9483606180868,0.7015110413758977,-0.2811297513533347,-0.04887992191175531,49,0.0,0.09074038830312851,11.663452190482472,-2.667067783728128,1722.0902960413075,1046.9483606180868,1823.4684541931872,0.0,0.0,311.52593542772775,-0.015159709834840975,152.73233186719256,187.29254423177917,169.78677985592287,158.39250046972717,185.8634858429293,183.9498404224176,168.43583665834714,187.78430205205723,187.33926842213674,201.96365039650044,39.92791397417669
1051,783.3530779998943,1048.2539180898605,0.5858098457762649,-0.1817490918799702,-0.061533633469881506,49,0.0,0.20738871169952067,30.465511131430183,-3.7095211721119545,783.3530779998943,1048.2539180898605,3671.617329810369,0.0,0.0,311.91706877115155,-0.01461548422491145,323.3139906581647,359.3069288139633,371.5884464078273,370.3735113087629,353.94609918378467,391.0681398228634,384.7018711273283,355.54431191922936,341.3014469248369,346.740579725768,73.73200391784074
1052,1592.777249067469,1047.981565600963,0.6052513481028966,-0.46142276445637237,-0.08265197243487396,49,0.0,0.029236671915647192,3.669334981410591,-1.4114684030866136,1592.777249067469,1047.981565600963,1207.7077798216278,0.0,0.0,311.57981541617653,-0.014729220624874943,122.91432590794234,108.21502459408532,101.21350108989313,123.61020753124575,116.41325919545888,98.3917215284514,120.3820389513961,129.04094004445005,131.58182943447497,132.0085697708506,23.93636177337936
1053,814.0431981630719,1048.5285712177401,0.44303234358030213,-0.18857138420254646,0.05961053423226724,49,0.0,0.032215344385384204,5.26788802520801,-1.8040913374446044,814.0431981630719,1048.5285712177401,1303.318949775845,0.0,0.0,311.90428176104245,-0.014501068157053333,113.61507410377783,146.02555471957191,139.93020080582846,116.20706532657096,131.65955555610887,121.41251306663241,132.45332045358253,107.29199746475646,139.36432013231388,133.53083002015177,21.828518126549987
1054,1838.8261301453053,1049.3925304737645,0.5961342491120147,-0.2925913828795596,0.057001842081206275,49,0.0,0.5085848116262541,73.69008650059843,-4.668522665791662,1838.8261301453053,1049.3925304737645,7891.9069241132975,0.0,0.0,311.47729596883363,-0.01414130684611859,684.252532988258,768.679929177595,789.9306522141537,768.6960272116121,816.2416846958735,780.3053937203346,769.1840427827002,823.4757483795102,790.1922645228665,780.9708936319099,119.9777547884856
1055,2209.936698366307,1049.4821082121002,0.38997047248871863,-0.47810860285900986,-0.025541196510397542,49,0.0,0.030230657898919294,4.913119410724447,-1.7283932988921609,2209.936698366307,1049.4821082121002,1517.139092786395,0.0,0.0,311.3226693650103,-0.014103866114200211,122.7040404453581,174.52549004171271,154.3937276729589,148.51933224368247,128.93942191231451,151.09591162780538,162.51067188070814,155.2260832323431,156.39348678184763,128.63941997011267,34.19150697755129
1056,1334.3307572397887,1051.3385636462463,0.3107383614051186,0.1283568147150286,0.33108865658621556,49,0.0,0.008762760943466803,1.2676605249606197,-0.2575074164441562,1334.3307572397887,1051.3385636462463,873.850673080105,0.0,0.0,311.68750046041777,-0.013330468935292323,85.51740702300276,96.14628552752617,91.9046991013854,78.03380496923356,81.92208173414426,88.28538631605932,90.56389823082178,91.4172227883858,78.43272103041667,80.61492918093127,11.012237178198063
1057,1986.4607407281333,1051.4494980234522,0.6467454457323881,0.5722392419072393,-0.17706099859153326,49,0.0,0.015890473660685866,1.7709134543482268,-0.6204933436620644,1986.4607407281333,1051.4494980234522,993.725374258187,0.0,0.0,311.41578235372793,-0.013284219661411328,90.63319487286864,98.80519704635807,101.97608541018884,103.28382557121184,100.44098090494984,89.07964227457934,82.12831710574804,90.96544933653999,94.35631342355873,115.1161099032278,26.94025840895584
1058,2103.9702280139095,1052.15777110586,0.6060940495040027,-0.8123020655436382,-0.3865971987988219,49,0.0,0.010408342385254026,1.1537384347918342,-0.15526840159356156,2103.9702280139095,1052.15777110586,929.1352890727309,0.0,0.0,311.3668209673317,-0.012989075841479165,76.51264157732133,83.29504425777472,81.17589306024131,85.16182686499934,111.83885817512343,81.1065475646653,97.86065106145492,104.18427364440691,94.48395072226754,94.54303078052713,18.972571363949065
1059,1804.5818381805493,1054.4056901789227,0.9060634149077436,-0.15375056202129342,-0.07419542259688698,49,0.0,0.033071889640004536,3.1182676576519612,-1.2347834756986829,1804.5818381805493,1054.4056901789227,1237.2293751941934,0.0,0.0,311.4915642610091,-0.01205253151375536,103.96022988327434,136.30941742040295,90.98005036100469,115.74667239737848,135.79918212862162,135.53617521606165,116.01627782324333,138.3171803033518,126.55339869174074,123.93222068327385,14.078570285840044
1060,1371.79504216987,1057.9506154656563,0.25788441740761,-0.7921947819936642,-0.3057059976305684,49,0.0,0.009911641334890763,1.2600041970779141,-0.25092997939061834,1371.79504216987,1057.9506154656563,1101.6312130897754,0.0,0.0,311.67189053362716,-0.010575501101422182,121.40616045051163,98.63204338365887,112.73266558707543,114.43221638452935,88.3589302815901,90.59090559984033,118.49261276353525,108.62170614782684,111.81087515834133,113.11963591136303,23.433461421503395
1061,2250.186052739102,1058.4563890269026,0.8032212461728305,-0.5941776386425045,-0.019145052692188518,49,0.0,0.01158378113390571,1.075107473948519,-0.07862970251218601,2250.186052739102,1058.4563890269026,920.0105562050439,0.0,0.0,311.30589922000865,-0.010364664342562432,75.51761297499223,90.99707011514965,89.30614205744598,92.01032406739348,100.51049606841681,85.05981512422994,82.70607164446758,93.71487124901452,115.95810873701576,81.8836019496052,12.346442217312733
1062,616.0192883179785,1058.6382530566755,0.7352089572287164,0.030060140003438037,0.2559297012402514,49,0.0,0.011842065548799529,1.0781715128637714,-0.08171963210218451,616.0192883179785,1058.6382530566755,947.3473225001476,0.0,0.0,311.98678773953395,-0.010288740846185853,87.8757638571919,93.11685830106794,102.79276102245424,93.19707126869247,81.93117546621448,81.46664765152205,96.2675053731863,104.79694622876661,98.73021100370929,83.57512913721659,23.597253190125585
1063,257.372773534823,1059.755079525348,0.6044859194011875,-0.07747372887370309,0.16354282243024507,49,0.0,0.01377265942387066,1.4644720874763166,-0.414202746342209,257.372773534823,1059.755079525348,999.5759326201651,0.0,985.9911459552144,312.13621185898455,-0.009823198800783632,90.45903934306114,100.5569670150239,102.65152448765271,125.4715985762112,93.96341189083998,92.14364275508352,99.4072471248524,95.22162054066234,94.59482873606491,90.67019988689714,14.435852263815862
1064,937.1229541477688,1060.4374023757184,0.5910527759800219,-0.12610642222855964,0.059382350217677064,49,0.0,0.121874844198523,17.696718261182916,-3.1197318420059457,937.1229541477688,1060.4374023757184,2431.28941562784,0.0,0.0,311.8530004594888,-0.009539259570264679,226.1576818045022,250.77538518619048,237.54760995114543,248.59001704566322,235.0265514902072,228.6198753270077,221.24118116922793,249.45188283512095,229.26006463965786,256.7122471029455,47.90691907617138
1065,2112.148031450444,1060.2086919766932,0.5747785024175807,-0.42296266594984516,-0.04535460583729627,49,0.0,0.012773521236667253,1.4347758051874457,-0.3919601112521931,2112.148031450444,1060.2086919766932,941.9845754857356,0.0,0.0,311.3634135757175,-0.009634598409296296,71.78323557608215,87.14351473528302,94.1612439945622,100.32194950633107,102.88172803520325,82.65342927564024,72.33672476839735,103.6832223394956,108.88339007083903,106.89686111753355,11.239276066368182
1066,2336.717045540122,1060.1854098317856,0.7190670828637971,-0.2559944147325583,0.11780608144214628,49,0.0,0.03676228166645114,4.273252978596493,-1.5768965100422525,2336.717045540122,1060.1854098317856,1203.8830228065485,0.0,0.0,311.2698458214172,-0.00964422762446566,121.84203092924196,127.024237609218,114.06593637216551,114.8368623146186,115.67638142110783,122.03422663209398,131.97309124378523,112.529710332496,108.74880658259714,116.35802515716519,18.793714212059104
1067,1394.4359809017408,1061.037613633406,0.7306670020210478,-0.2222484205137058,-0.011773643207480538,49,0.0,0.01640126148214366,1.6575968966742354,-0.5486973124672081,1394.4359809017408,1061.037613633406,1030.9380593231267,0.0,0.0,311.6624569132683,-0.009289275970939237,88.50801747265365,117.85765697636312,100.07104141768983,99.2050481378129,109.87874727424766,97.94445058903815,99.49107281753825,103.20389411520301,98.73875990893424,89.43786763885554,26.601502974790257
1068,928.6138874730876,1061.9575705307047,0.30042392843494914,-0.27698788905798905,-0.19162789384041795,49,0.0,0.007159826446923524,1.1419058995502982,-0.14407579175822166,928.6138874730876,1061.9575705307047,1563.2492579512586,0.0,0.0,311.8565458047089,-0.008905870609573695,143.8407289458814,143.5124492941778,137.71714001081136,184.38995398372356,155.87823781575457,135.01939571434082,148.14860860975594,170.02024891708507,147.71491021117998,168.0220173235017,28.985567125046124
1069,580.6436203850404,1064.074721281412,0.4296056996817216,-0.7937380235018416,0.23061547115825815,49,0.0,0.009827614637957791,1.129292168508893,-0.13201579094122418,580.6436203850404,1064.074721281412,947.9246216364744,0.0,0.0,312.0015267672292,-0.00802362357986128,88.01532874663096,95.72352218180527,92.17043930238367,83.14802301437918,105.56376547934593,81.57535192267713,81.22191190697346,98.50586639972241,102.24687530591257,96.32594178522419,23.42759559141964
1070,1231.147012455424,1063.4767832560374,0.28998061945487985,-0.06467351439181607,0.34088938647705097,49,0.0,0.009597120923620825,1.4427836507168634,-0.3980030308796078,1231.147012455424,1063.4767832560374,965.7348488826611,0.0,0.0,311.73049316523003,-0.008272951452939662,98.95712356308346,95.82086758218688,86.99428669300038,78.10064874073878,112.48503253831744,97.67733509047257,91.10281875688182,84.63338880242134,115.96471733282816,83.3672950615587,20.631334721171662
1071,1753.368649046134,1062.7096385395046,0.3335239338421976,-0.21784152522784908,0.1726700028392823,49,0.0,0.011357169558244829,1.5813057394050554,-0.4975396180616199,1753.368649046134,1062.7096385395046,1095.8270661619194,0.0,0.0,311.5129028713603,-0.00859261473601139,94.70612092399108,98.72206656194957,121.21155896989919,97.17293673573369,101.98705403911855,108.02986010392365,100.34209962821157,100.58862663736542,134.70025635465285,111.10084708707505,27.265639119999044
1072,1789.787073880068,1063.1643220522715,0.9253651574807745,-0.13684407600675247,0.21726899331010005,49,0.0,0.013660835744111687,1.2031877348258855,-0.20083349029023706,1789.787073880068,1063.1643220522715,892.8165254573794,0.0,0.0,311.4977286661501,-0.008403163515898019,92.25128948068075,85.96070819374029,77.65835764034412,92.8429234835059,98.56638195921998,87.06946545628983,71.63747125506913,103.58122043602265,91.23759243439736,77.86671653388848,14.14439858422094
1073,2024.1044878120654,1063.3191311554333,0.6452842012786144,-0.3704478707819001,0.0834891118641642,49,0.0,0.0403828416180628,5.114695684863804,-1.7720494977030266,2024.1044878120654,1063.3191311554333,1226.990245440235,0.0,0.0,311.40009766242275,-0.00833862910385292,105.59700217902125,130.71513456158516,113.82981388598625,121.9274242157691,118.83638136904057,121.75024284906932,115.83029877537237,129.33519077245418,119.81284531531577,130.81526691983754,18.540644596783302
1074,1369.1001219592529,1064.534483018106,0.4165012337054472,-0.3980629847319443,0.28738832742638126,49,0.0,0.010943113675357028,1.2950311278888134,-0.28070051854872397,1369.1001219592529,1064.534483018106,1124.7111839215265,0.0,0.0,311.6730134225461,-0.007832268680263646,115.75267079804443,97.66988166157668,116.01775526634404,118.31769003149293,85.96097956736664,104.67499259696385,110.00672238046181,109.81214533976663,116.3653340618581,125.08362392549738,25.049388292153964
1075,1686.9771860256365,1064.841610184686,0.8201084399957586,0.036666205841486846,0.3823792232430938,49,0.0,0.015922575772092815,1.5329867244275521,-0.4638459847666903,1686.9771860256365,1064.841610184686,921.7255649265478,0.0,0.0,311.540565746118,-0.007704310536420258,83.47574798445649,72.11910566202896,100.60321984152158,79.67627306578139,94.83887682115602,93.10439972568062,80.86279513054214,94.07131727736585,102.65611081533146,99.91541382175657,20.402304780926748
1076,3023.674348115308,1062.8185346762687,0.33336670355344966,0.00033918588559116544,0.44795348525291045,49,0.0,0.017438804350209197,1.98829681173377,-0.7462030402894648,3023.674348115308,1062.8185346762687,1354.3892206374126,0.0,1071.112764372032,310.98363401468515,-0.008546789625576997,141.38644801736478,129.89134945720716,131.18441012911512,155.0141880299374,132.30983361394627,125.98598117618144,125.38631370099752,106.21118165362299,124.5265529141097,152.9255753043942,29.567386640535894
1077,876.2076137085204,1066.1460117185632,0.8729306061605075,0.16256250528184157,0.020822405252684185,49,0.0,0.033524482155468535,3.2123521747507366,-1.2670578788505709,876.2076137085204,1066.1460117185632,1443.8146507839774,0.0,0.0,311.8783810564845,-0.007160720318549647,129.13991336408097,152.4493240237691,155.7528390479057,130.9440377682279,121.67814251164619,158.0121817497604,131.5130602928183,153.4907980164482,131.35228955468398,149.96184971041527,29.52021474422137
1078,2416.346397114135,1066.6214219241417,0.7333119008300414,-0.26832903696184013,0.01802155934946978,49,0.0,0.06451660928454318,8.046776998121768,-2.264054914518099,2416.346397114135,1066.6214219241417,1517.1691378244066,0.0,0.0,311.2366681783211,-0.006962612509804824,150.45389187321808,139.40312955823242,148.91498920065214,166.2469637111751,141.04024178975226,139.72633151613127,151.46637852731413,153.9197370597729,146.7332224658193,156.72636464850035,22.537887473838428
1079,1052.8902565385756,1068.8122009302863,0.4244706891251791,0.20704796505876097,0.5979574792895173,49,0.0,0.013561114896130594,1.8413508906005716,-0.6628413905034338,1052.8902565385756,1068.8122009302863,1003.9250781730059,0.0,0.0,311.8047654451548,-0.00604987619627802,86.38303710776901,110.36500783956745,90.53244315179211,95.18566132807868,112.48483791597505,92.967647917025,91.1992813890466,90.72494996232743,105.38462060941076,100.58231262502778,28.11527832698596
1080,1524.0131826054505,1067.9294606265723,0.7861665432520333,-0.4678590367779704,-0.2140876394025909,49,0.0,0.015631821750582607,1.3523928294548149,-0.3277571485490618,1524.0131826054505,1067.9294606265723,906.967617332894,0.0,0.0,311.6084668943048,-0.006417726126984765,79.00510041211517,97.35783519890632,80.28668704048742,98.36639593512021,88.89892672797527,78.40892960685159,84.94677757109977,96.75531338816589,95.80572082589869,93.76509159198645,13.370839034287238
1081,2888.7028476576165,1067.8532329430514,0.439109390389448,-0.6372560253042402,0.1074846847146714,49,0.0,0.021574379781375528,2.977903568350416,-1.1847765753710089,2888.7028476576165,1067.8532329430514,1222.5620530814963,0.0,0.0,311.03986616666396,-0.006449205194723703,108.96271125829126,130.2155020184366,116.9781265196898,120.85827222940281,125.52809218783922,116.35666971848603,127.05355535620754,113.95477080303687,128.48012408837303,115.25539293817657,18.91883596355648
1082,2510.97470561046,1068.0611158831996,0.7139229598725796,0.04680004822750997,0.5882952421590745,49,0.0,0.018401947435814362,1.9880432308971818,-0.7460645602336657,2510.97470561046,1068.0611158831996,1001.4420451713602,0.0,0.0,311.19724155339014,-0.006362732118810206,77.63423859566592,93.04086477873658,115.83289475475263,79.14593569100046,110.62007753285941,103.20455945169277,89.93096580971005,124.99086080979957,93.43976990333763,95.12034955141598,18.481528292389243
1083,2271.424120125457,1070.511464621129,0.49632961069265313,-0.03369050121006076,0.09346850644061606,49,0.0,0.128282122431685,20.417139801420348,-3.2749872562941307,2271.424120125457,1070.511464621129,2831.545932415808,0.0,0.0,311.2970502057548,-0.0053418445994635935,244.86550679201156,301.27990855444267,275.6951944245876,273.4717864480271,304.9692903086941,286.5397463583524,275.0091307418196,270.7914073090489,277.93382781622074,263.1857497904257,57.80438387217717
1084,313.79063428479617,1070.8917582705465,0.40425136716298643,-0.14873669331283995,-0.3197115661456684,49,0.0,0.02171115311780355,2.637035026651071,-1.052789745966571,313.79063428479617,1070.8917582705465,1370.7976230411286,0.0,746.20401592138,312.11270691127027,-0.0051832279390622285,124.78486701890512,132.48261457546676,127.28503595144424,135.060589082809,126.51041730166187,154.0668760163229,125.72682345720847,137.05450827688526,142.8463924938845,143.96993185847154,21.00956700806895
1085,1397.589543504865,1071.2295475755793,0.6576137742785881,-0.4329042596049578,-0.02792952832000112,49,0.0,0.10854975125822836,14.551016599452023,-2.9072333403682604,1397.589543504865,1071.2295475755793,2181.3667249728587,0.0,0.0,311.661142965417,-0.0050427058985485365,204.9175137237396,251.9923482360079,209.36047866271272,203.3304582334479,201.1515326979408,219.20744407818256,209.0860666274009,208.2431935223574,233.8734587207258,201.5508974560181,38.65333301432478
1086,1675.9682536333708,1070.9286734885388,0.5548428768792124,-0.9490078746855781,-0.37898887249492985,49,0.0,0.010209134059924446,1.0068157344614983,-0.007374985149712815,1675.9682536333708,1070.9286734885388,947.5486733236843,0.0,0.0,311.5451527596927,-0.0051680729548742865,76.38087767315568,85.68833310554024,79.6215253626376,80.83856208835992,110.86026261930303,95.87292637986943,108.43264173406737,82.83617143296078,110.15567124870527,95.55847966603713,21.30322201304792
1087,1506.9287186376494,1072.2516920068247,0.6070369689467467,0.1853852463726965,0.008531660264619986,49,0.0,0.008939341222617171,1.0023285718124477,-0.0025252757189539407,1506.9287186376494,1072.2516920068247,895.9778529298237,0.0,0.0,311.6155853694929,-0.004616823103746687,83.16061863143122,93.53471859346391,77.98258300480066,97.23636213377745,82.92824199707991,77.11846602150348,105.90757936535277,84.45060651595702,80.43265500947166,88.2818417449027,24.94417991208276
1088,876.6262011972198,1074.3214009705036,0.5950222942212551,-0.6502855165547188,-0.03330968410352043,49,0.0,0.038305864321093154,5.13089864395227,-1.7754835891589238,876.6262011972198,1074.3214009705036,1470.241728209448,0.0,0.0,311.87820671861965,-0.0037544060954483446,138.2457185818866,170.8907371384291,141.1112372062321,145.9850576357313,126.88381681362642,143.514734414482,137.08275853410353,149.41226592404306,133.30059214076803,160.39656625800342,23.418243562142315
1089,645.6916219507045,1074.7778498335322,0.9327532626333809,0.22925648678590277,-0.046995192903597,49,0.0,0.03086171195773446,2.96642308080929,-1.180582728967369,645.6916219507045,1074.7778498335322,1410.9668009469706,0.0,0.0,311.9744251533298,-0.0035641879522653984,118.3686465355339,147.87379551628462,124.82923422265335,148.4349594223819,145.47204898066727,127.76472238707076,153.29782777095068,150.83316909829634,138.21057840070492,137.92570995559265,17.956108656834218
1090,2050.6513018427813,1074.9329115206906,0.4480236685218482,-0.20241613731387198,0.028457109737867817,49,0.0,0.01150719606593167,1.5180540298972711,-0.4532180726217465,2050.6513018427813,1074.9329115206906,965.0776833294324,0.0,0.0,311.3890366262957,-0.0034996470264353494,89.2112817163206,100.1363421348542,82.2868578023756,96.59158887442665,92.2776989846185,105.43119986153886,80.61817563484064,91.7330585548344,106.34593462377579,96.87368887470156,23.57185626714561
1091,640.2817552474603,1077.2466214277454,0.942606123682228,0.24269918743014687,0.06427009079759678,49,0.0,0.0434416480047486,4.261536232041203,-1.5739154630322347,640.2817552474603,1077.2466214277454,1425.1384636285484,0.0,0.0,311.97667916571316,-0.0025355721871222884,123.64552455057814,152.67009191690218,129.5803888036308,156.78213061554942,134.54160859190014,131.38158911585418,149.35663342315252,148.95611886633185,131.9671804832642,140.48969674662766,25.76750051475728
1092,940.8112669659291,1077.0959154636578,0.513513848350913,-0.32545053399925483,0.10958566349004388,49,0.0,0.023538304591407908,3.400942190680089,-1.3289981246112692,940.8112669659291,1077.0959154636578,1142.1794071992133,0.0,0.0,311.85146383510795,-0.00259839734573255,112.27804488296195,102.05353666213962,109.5821091173101,110.8915583719302,135.57967513239547,99.2468410846644,114.34370204155402,128.6374063198947,103.8416537512849,104.74469572066542,20.980184114412424
1093,1691.3730067185718,1077.789613326502,0.49590006689572547,-0.2360302046127689,-0.08677920072348438,49,0.0,0.01259084749423252,1.5017094689834407,-0.4414647980119762,1691.3730067185718,1077.789613326502,966.6140665789868,0.0,0.0,311.5387341553957,-0.0023093901476914248,95.13158688094572,79.72952636678886,105.96158166358867,100.35285131281596,83.65975735944335,92.73674442285972,97.3515927325248,88.95926931788824,101.49490205307401,101.11459435452676,20.12166011453082
1094,1488.7454619035373,1079.185201784788,0.47724020634503483,-0.3818562238890901,-0.021216455715333996,49,0.0,0.13320115715895708,22.149352921809783,-3.3634026078207153,1488.7454619035373,1079.185201784788,2829.170302616145,0.0,0.0,311.62316167518327,-0.0017279032702019646,253.8221830591107,248.49940695603817,279.7468028633558,292.92068969398747,255.91553281359762,298.99098561360074,294.4837094704077,282.6255851399335,301.12705880159,249.21815644715824,71.82019175736536
1095,2830.609354870759,1079.5240834378556,0.48807194788346137,-0.49348400669349457,0.15909865614945595,49,0.0,0.15709031771008045,24.17622265900316,-3.4584711169838926,2830.609354870759,1079.5240834378556,3649.8447721414323,211.53135026759145,0.0,311.0640694139016,-0.0015866416976551758,320.22530724009926,320.230193305023,338.6590225958474,362.33118959850424,387.82253098196657,313.0436818306092,357.23475215073046,381.0364267670365,402.7375204315629,381.2908933570376,85.23325388301544
1096,1317.8833198342963,1081.7367569481153,0.8675844759597475,-0.08047518857868621,0.05062287249641371,49,0.0,0.024914343099048174,2.496584365761771,-0.993365616310007,1317.8833198342963,1081.7367569481153,979.6751114367954,0.0,0.0,311.69435357547883,-0.0006647696573250776,90.90560968552924,79.12896846645275,105.03995468280183,92.28105702693111,93.86237328010559,115.23233343517211,89.4659143704906,105.3106951839522,86.67849442508586,93.32528624133501,28.444424638939203
1097,1584.8351972458381,1081.5612862400924,0.8370795113186715,-0.1766757879806628,0.07123988249592843,49,0.0,0.04980131240988605,5.4431659287792185,-1.8396289337418064,1584.8351972458381,1081.5612862400924,1290.6001727589037,0.0,0.0,311.5831245838021,-0.0007378828106415626,89.89783990495852,123.42386681229277,117.0137167306433,120.54279994679459,130.25195472151103,129.27558408440632,142.70083194311667,128.89791916466524,120.22528411554963,153.38005402751003,34.990321307455375
1098,2710.4159712969918,1082.172349283987,0.8192960205784636,-0.37781177067305766,-0.1099263790118224,49,0.0,0.06518433351514266,7.343537575242327,-2.1647633035019136,2710.4159712969918,1082.172349283987,1427.1398738879773,0.0,0.0,311.1141459690261,-0.00048326109390132413,120.27612753698187,128.28256449441503,140.54681220642703,142.8112486183055,144.60006740997778,144.98634736508353,159.55664219698505,113.79901218605315,157.88286143971015,136.04873869066606,38.34945174337206
1099,631.3969065232817,1083.057959967322,0.4421534047548777,-0.6222017500711969,-0.3598435684359536,49,0.0,0.017806268720107307,2.5875912083513897,-1.0322391672596212,631.3969065232817,1083.057959967322,1133.9555305357107,0.0,0.0,311.9803810412157,-0.00011427478028151034,82.23051881358853,111.2741256009171,96.84692821157232,126.31934647613838,108.25950488746795,121.78833684348491,115.98516845252644,110.86780111355704,112.89661764734231,129.09875115922102,18.388431329894754
1100,247.1141152413564,1083.9798565314109,0.340510612083833,-0.06756715150873906,-0.14210340810640631,49,0.0,0.021534591929027562,3.350166945539857,-1.312666123353464,247.1141152413564,1083.9798565314109,1318.0999246602332,0.0,1284.4032768598768,312.14048622966027,0.0002698274527820678,119.7255863366926,132.1181617631258,156.81659517390864,127.37974948422823,131.01828777151132,136.84968003596887,134.7415020801243,130.37402558257315,123.84713265714285,103.8329494316585,21.396254343299113
1101,1058.7292642042519,1084.5183870950568,0.8824816862328091,0.20125067184681095,0.16734526282145998,49,0.0,0.019705920929482753,1.7980694876169463,-0.6370161783170885,1058.7292642042519,1084.5183870950568,1080.5895506528404,0.0,0.0,311.8023326786055,0.0004942212574841154,113.56109879053871,118.95640970239697,90.67593693046925,102.24094771699296,92.3811068169359,115.54544206284203,102.30132074450765,100.28330958911249,112.99076121936457,108.64110711290088,23.012109966778908
1102,1746.687559978021,1085.0794665494266,0.8468257028937564,-0.7102606921383648,-0.15026317766701652,49,0.0,0.019513513682300716,1.7988376218993283,-0.6374799051734032,1746.687559978021,1085.0794665494266,1006.056725392668,0.0,0.0,311.51568659665577,0.0007280044997483986,90.39640702600236,90.99891359764584,119.20416410020945,110.48265884202874,85.13321253866334,122.27762300749168,86.71608088647488,79.62935354250487,86.12662901028088,116.33057287960985,18.761109961756052
1103,2358.5492857647005,1086.2134294859288,0.38987290541258285,-0.32115317622512823,-0.17075076904693237,49,0.0,0.016203346275114654,2.4019283265053475,-0.9514001098033107,2358.5492857647005,1086.2134294859288,1175.4784459511905,0.0,0.0,311.26074916846244,0.0012004646041071626,103.56588166720024,114.5548182727604,116.94866565971111,121.56277022905581,120.15668433188351,122.2464802055064,111.2635350230293,121.03512291745538,116.20952972666123,105.57363675244048,22.36132116548655
1104,2394.138509504774,1085.4896032964575,0.49771547180171843,-0.3811486419427565,0.18068176281328024,49,0.0,0.028959337242051582,3.9859924541985725,-1.501341180527941,2394.138509504774,1085.4896032964575,1263.6179224073694,0.0,0.0,311.2459209075971,0.0008988778528846276,113.49822941986258,126.69317387707919,121.63577522339733,124.29386876550146,129.48477078824598,124.05139081562845,133.62467242933923,115.92091553519236,135.95879614347686,116.94524758719412,21.511081822451754
1105,2422.370354245582,1086.3741537745238,0.6939794734493363,-0.1023087791621124,0.06911393538400072,49,0.0,0.026435217607627327,3.102669180596499,-1.2293386794529368,2422.370354245582,1086.3741537745238,1102.7647216100463,0.0,0.0,311.2341581190888,0.0012674277246124608,119.5381433550728,106.72099872039696,102.38950903901826,118.66122613179499,94.94261299262287,121.30530079912009,113.19516335711357,94.61912743975653,112.29912271015357,102.66400332068548,16.429513744311198
1106,975.7396498513888,1087.5802213304637,0.49451107861530463,0.06742272065702899,0.07106188618768924,49,0.0,0.06157126111151435,9.617481219411685,-2.457653367271974,975.7396498513888,1087.5802213304637,1717.0918056502514,0.0,0.0,311.8369108398035,0.0017699532342411106,150.92878293389845,161.5243148111645,136.39573501409092,179.74240716694143,134.8112893961537,168.31664773908346,207.19522655181163,184.89069050480856,181.54117229056078,175.81205736278804,35.933481878949706
1107,780.8027947301148,1088.88296085881,0.6720132615627962,-0.22374298836283713,0.1089967903206472,49,0.0,0.08840753309172987,11.928894924141478,-2.6915005327767147,780.8027947301148,1088.88296085881,1791.9503781884623,0.0,0.0,311.91813172251193,0.0023127310168174374,175.06008936514348,160.6810892333625,164.5411757288172,155.97266006896416,212.70788796064738,182.90403645774154,170.83699426191043,173.7945701426086,169.66189395739684,184.83122762824456,40.958753383625776
1108,1946.2629889628015,1088.8462996429603,0.30543619702657276,-0.5303250366743992,0.08459763771633214,49,0.0,0.011505945352889665,1.8436062790813297,-0.6641704465127009,1946.2629889628015,1088.8462996429603,1039.7921483254745,0.0,0.0,311.4325310178724,0.0022974895477264968,89.58264327483332,103.5051239134946,116.71391880079842,72.28057817287188,114.65807595361709,99.88989913604239,92.05620100813356,102.76718500238957,102.21852987947133,122.27773556125953,23.842257622562897
1109,898.4068264392126,1090.3194756034482,0.44771148975725666,-0.5677116505731624,-0.03158094457737033,49,0.0,0.020285881659398063,3.068528971778966,-1.2173255701695909,898.4068264392126,1090.3194756034482,1082.5033408806062,0.0,0.0,311.8691318965019,0.0029112737077843934,93.5885749746623,110.61776062814204,95.65922317571798,93.1219374208273,112.61870634099762,112.37932366731651,115.20785854446589,111.24756303417365,120.85614674903522,99.91177806264963,17.294468282617814
1110,1228.7140644633673,1093.7839765593203,0.46041747895707547,-0.5395918474656906,0.3847426403586009,49,0.0,0.012879125289584575,1.6933978139532437,-0.5718974869877897,1228.7140644633673,1093.7839765593203,1028.7974299067025,0.0,0.0,311.73150700688245,0.004354818066456887,92.31391386330577,92.13169012795758,103.33721409410283,102.320293218307,87.6883039038616,126.3134422337927,92.66730191625581,102.94766350164689,106.99768093158926,98.2226535050286,23.85727261085431
1111,2439.8751296703886,1093.6811512362008,0.534304565472329,-0.4207271010056665,-0.7706415785250417,49,0.0,0.010357065256037757,1.1568471869244172,-0.15818998714044413,2439.8751296703886,1093.6811512362008,972.1872400124163,0.0,0.0,311.226864709866,0.004311910351005525,76.63758072349387,104.70767075053342,108.67864048020824,77.16813906697243,101.78110878176598,116.50957962205342,85.96898506326806,96.02322780466261,105.73480887791935,75.23109073256381,23.746408108975032
1112,2718.699086263032,1093.3624385499133,0.2507948147527445,-0.04181728358437542,0.3166302762964909,49,0.0,0.010155925222058678,1.4180303066889974,-0.37921378213726564,2718.699086263032,1093.3624385499133,999.4352868799645,0.0,0.0,311.1106947795723,0.004179057365329429,90.22000036378316,96.60854079444252,81.28039279563907,92.90276012902716,98.35749555479082,97.01113652095142,105.72877898323605,103.67483910128541,115.70970070568131,99.16132425781333,18.78031767331423
1113,430.27445525615747,1096.9600777016253,0.4991524928995368,-0.2012327771752375,-0.06257009884988368,49,0.0,0.17706208407471424,26.43108828536028,-3.555287613334034,430.27445525615747,1096.9600777016253,4202.332602436232,0.0,0.0,312.0641765693425,0.005677986002351826,403.7979462133506,420.66935386199486,396.81443966436393,426.6764237764824,428.40006091314086,422.336309749611,369.4739245135977,393.1569901298369,411.92162654188496,441.63617346651336,87.44935360545519
1114,2042.1363814471665,1098.3518404931233,0.29166429494681034,-0.8227605418523097,0.0019022997285188868,49,0.0,0.012800826513315084,2.0705699621826366,-0.7902247734960546,2042.1363814471665,1098.3518404931233,1083.779048694941,0.0,0.0,311.39258432872134,0.006258052735742294,95.45487587542527,106.52236836361175,106.09448689660667,116.84508213829756,101.35889862233785,121.04863051287037,97.4319262119392,108.73179523950874,106.04425772613129,104.89748590660739,19.34924120160479
1115,1989.348710086788,1099.4501219057752,0.6556678034094685,0.06232866642751757,-0.016027742098831337,49,0.0,0.024018468594054834,2.8688309407217902,-1.1442623904172342,1989.348710086788,1099.4501219057752,1069.327375128081,0.0,0.0,311.41457883957213,0.006715669326788479,95.26283375284908,113.08885187782987,78.11843412288863,112.4049609193358,104.18999815469334,99.08530196381972,99.6482041034445,111.05804895809804,125.68977644757453,106.38747895210405,24.393485875443467
1116,643.7752967709341,1100.2612430855927,0.687142449812832,0.0792617453330501,-0.008118379825186678,49,0.0,0.01761101876619107,1.896696314051641,-0.6949945005352699,643.7752967709341,1100.2612430855927,1037.4261400998284,0.0,0.0,311.9752238555716,0.007053488141337462,105.5451450857497,118.6625853047448,101.91488366846015,94.44790852927459,101.15521529495946,89.63193530580067,90.10588552911308,102.39521186240546,108.8499348678429,100.64898852743822,24.068446124039383
1117,1461.4073674287422,1100.2315797034175,0.42404303572930835,-0.4113792132661261,-0.2796880584290995,49,0.0,0.02100860177088118,3.3058582159001055,-1.2982105582272236,1461.4073674287422,1100.2315797034175,1165.583035588263,0.0,0.0,311.63455248987555,0.007041295674240986,131.05919113319973,111.32265183003756,121.34233003638916,107.31855089677671,101.68616368153484,114.76771832053166,132.95985958197306,123.20944595860809,107.39772463484375,94.59162895775256,19.92777055661604
1118,1701.07341308048,1100.7805982570756,0.26799363068621207,-0.5073063733529328,0.7271950438427138,49,0.0,0.010196849921138609,1.1987258349823755,-0.1967996633986458,1701.07341308048,1100.7805982570756,1098.7253839126865,0.0,0.0,311.53469232421935,0.007270052038221231,92.84180117954116,111.47947981239378,78.3729782662786,115.18223738381784,117.63848301114334,93.3406878470633,121.25027738143379,128.52603453143468,110.42749517184994,111.93039833654075,17.735510991189525
1119,1950.5129874541772,1100.135629823745,0.5895206168477827,-0.6514630104514316,-0.04970213349396586,49,0.0,0.01621605218360443,1.9127977204236764,-0.704172613844149,1950.5129874541772,1100.135629823745,980.5583539382408,0.0,0.0,311.43076016372936,0.007001298009074333,79.0209893418765,114.22305715428857,112.98043483603774,79.9735758391941,96.8534255394369,99.22898805984582,92.50755406675259,98.32960151449304,99.5988962490531,90.38979304070456,17.45203829655781
1120,2594.3184005771154,1101.0725203998502,0.5925200636369293,-0.5295757317598462,-0.059039769672827015,49,0.0,0.1596216658003022,23.142477737118952,-3.411024636534142,2594.3184005771154,1101.0725203998502,3027.889347643719,0.0,0.0,311.16251656597217,0.007391493567985416,305.6923185208808,263.8355288588573,288.22078135806544,317.43137803488645,309.0810827954315,310.87053670935444,316.506116087564,287.8060746014252,276.997608215455,300.2009369480913,51.24698551370745
1121,610.3797716030086,1102.0316726070462,0.4940363119995565,-0.2456423303077065,-0.21815629032685407,49,0.0,0.01975129732909067,2.6542234606681965,-1.0598437089526844,610.3797716030086,1102.0316726070462,1094.5229487926586,0.0,0.0,311.9891378884256,0.007791126134145883,98.26871997944312,90.16746473437539,96.37611800630263,108.97263593004354,106.10024366870363,106.63245250744035,112.07835272999475,134.9281359793316,119.54067425012602,99.05552282631723,22.40262818058038
1122,822.429913475947,1102.2983879200372,0.8972640031701081,-0.12383678874347633,-0.40402124721440813,49,0.0,0.014113324701568302,1.2255172616548995,-0.22079858188879603,822.429913475947,1102.2983879200372,928.8321707386405,0.0,0.0,311.9007879141976,0.007902331517209373,80.72729575233629,106.86945097237268,83.3857505458167,81.95992185172874,90.4565226754227,91.01682092130596,99.31409599428692,93.1697469011882,92.76282814795621,93.80609631208851,15.363640664137565
1123,1040.8745654450493,1102.4245430821527,0.5443475442465211,-0.28391775072914127,0.048728502787900155,49,0.0,0.34798601673740487,55.3679970198563,-4.3581470321427584,1040.8745654450493,1102.4245430821527,5600.269836435151,0.0,0.0,311.8097720789187,0.007954956100870313,522.3910789414405,572.2877634262627,555.1125284798172,534.7462421995239,566.6552837078258,529.4307402958067,529.0118658430483,561.4192497454317,554.054403133996,564.4294688872621,110.73121177473661
1124,250.34364263018162,1102.9250606124256,0.41194276646380873,0.1160595534431272,0.07704328632247495,49,0.0,0.021469346300276904,2.644321523998119,-1.0557856501132774,250.34364263018162,1102.9250606124256,1553.4979539985602,0.0,1535.5960836772008,312.1391410242268,0.008163174743002257,120.52147924269686,135.95250080089892,156.70919134995233,152.82375806445856,140.37053285072014,145.07177240136633,167.26454685902067,163.74407933256856,176.0722778505086,163.01874167731125,31.94907356905795
1125,2758.910529829273,1103.2892225026478,0.5747145597841425,0.18724720795314065,-0.05361923278328722,49,0.0,0.01791016692000581,2.052696546591684,-0.7808118791723491,2758.910529829273,1103.2892225026478,1110.768515292999,0.0,0.0,311.0939411424229,0.00831500531330611,101.46266236536485,103.01709628196076,111.260381473443,118.91179222900476,108.27561650646203,109.747389514475,101.58290105418497,110.18122070782357,102.56405280018012,117.21616845713092,26.549233902968894
1126,811.9979657792792,1105.3603886967458,0.6459531893107594,-0.021681288669200247,-0.5872443247457791,49,0.0,0.012133910489797872,1.1476858941488386,-0.14955760973770846,811.9979657792792,1105.3603886967458,971.2928579853875,0.0,0.0,311.90513441706827,0.009178124141455437,96.93481904154902,103.1327984758737,86.19844128199074,83.33360280496348,101.56217479974104,87.24710505855444,98.94046571845635,98.73591758586993,103.64697384833937,96.57680470385209,14.98375466619737
1127,2394.4081104477473,1105.7550124959034,0.6444134475865125,-0.4058686274182171,-0.04499589520160559,49,0.0,0.013835313439285792,1.5728403906786994,-0.49171163337879253,2394.4081104477473,1105.7550124959034,960.9940992813331,0.0,0.0,311.2458083950627,0.009342543777978173,90.46922453377161,103.96325020718527,90.57254733472288,83.0143986568446,100.78696350459778,91.32001097235232,100.18787640886255,100.55199341737551,83.09206975882981,91.46650718416745,25.56925730262332
1128,412.07762972265436,1106.2823738180261,0.5673917978704744,-0.17798413591477233,0.004996639177509764,49,0.0,0.45645583896109154,63.930391228143414,-4.514268405371536,412.07762972265436,1106.2823738180261,8723.064768034099,0.0,0.0,312.0717580977915,0.009562073430700119,791.2960657607948,810.6312194255878,859.0434621230252,893.1023968698987,850.3556510115695,851.65912357672,807.4810963611881,874.8840357442145,944.6843445771897,858.4418317347167,181.4855408491916
1129,1628.9161818562106,1105.7028341078449,0.7937124428383695,-0.3552385291234329,0.149046771422542,49,0.0,0.018198873834927496,1.8097962920729591,-0.6440742352289996,1628.9161818562106,1105.7028341078449,971.2097896198056,0.0,0.0,311.56475763004727,0.009320958568996583,90.61281032063681,112.88176453036486,89.73226365614154,104.40590262060982,84.27263968325121,94.57875828289161,94.55379118279433,110.37597993888076,82.12826317567132,89.94312234550625,17.724493883057086
1130,2627.323900656915,1105.5472797222203,0.3919001656068729,-0.505907079066605,-0.14342044513677354,49,0.0,0.021381493841974412,3.3404573778918984,-1.3095148370103737,2627.323900656915,1105.5472797222203,1100.3825539954096,0.0,0.0,311.148765054893,0.00925588723206444,99.84049866180483,98.5997895514424,91.60513596633078,101.94399028008222,125.14343100981587,108.28876279030237,106.8090011164089,104.58898835641287,116.38135280128877,133.51317659399686,13.668426867523532
1131,1526.4263980707533,1106.7750245275256,0.573206655684028,0.1970129717756522,0.23093681189220877,49,0.0,0.017910848969999945,2.2649212412883934,-0.887632761933334,1526.4263980707533,1106.7750245275256,969.9409364283634,0.0,0.0,311.6074614284876,0.009767697587410442,73.27577268286618,86.08450996917792,87.4702425390141,109.05996829915816,98.66496192582377,98.95129226655337,103.42335721476209,95.46117063721229,96.6440660822177,91.06141893670157,29.844175874876345
1132,516.4751127492477,1108.7172882019736,0.5684271904181619,-0.39974609272190137,-0.08997179205481677,49,0.0,0.6494115223535556,92.10894363260269,-4.910754503877247,516.4751127492477,1108.7172882019736,11860.735954375457,0.0,0.0,312.0282624286485,0.010576636507246674,1049.3391154581643,1155.1656408440235,1187.9594067216585,1201.798832522026,1190.3148815717586,1139.5102389061856,1213.5894852691408,1124.589333069483,1174.1121613128184,1174.9972730040915,249.35958569610722
1133,388.2602338248202,1111.2116640253787,0.39295740354396363,0.567047342925375,-0.00664161912626996,49,0.0,0.008852417682340867,1.011029307210622,-0.011909362210379693,388.2602338248202,1111.2116640253787,1018.3208199518117,0.0,0.0,312.08168126076407,0.011615823825946111,84.92035883825409,104.74774721343772,84.50724364754271,112.17178730025799,105.20636475404716,111.02670500219256,109.3957961548132,87.26667882653038,94.58874090228545,106.62272761884705,17.866669693603455
1134,1107.9950477226328,1111.4670154611936,0.6296767953647104,0.17194463227782217,0.12376244554522713,49,0.0,0.016693398387117926,1.9176830804113745,-0.7069420912876854,1107.9950477226328,1111.4670154611936,1003.1729698793572,0.0,0.0,311.7818058550934,0.011722595076634342,89.21011714834552,86.60347137642523,95.9531734094054,96.81874479625438,104.26795365689414,91.54136713420431,105.51490904520807,89.21112947055346,101.2612739988497,129.6720111890138,13.11881865420317
1135,1907.9991240759543,1110.781175850434,0.6095778341274243,-0.23805585241981125,0.009870311361268718,49,0.0,3.405044694228139,489.816095270319,-6.725082629657715,1907.9991240759543,1110.781175850434,47853.939717634494,17.131962263469052,0.0,311.44847401763843,0.011436878782929876,4483.065437279457,4668.973175788582,4698.195189357593,4841.216352845155,4754.954459788381,4656.296173833593,4760.227381805449,4610.263211585605,4638.046056944185,4752.292376442111,990.4099019643979
1136,2879.673447336281,1112.2057903439857,0.5148740382243238,-0.5296172956151697,0.10245343175022861,49,0.0,1.1304228220501984,165.34238058533097,-5.545960465678126,2879.673447336281,1112.2057903439857,22811.944376449566,0.0,0.0,311.0436274142857,0.012029968755696065,2047.6014517024287,2185.5527882937654,2233.5290780706073,2258.63752669438,2332.583695381653,2264.9070829260763,2288.427249755238,2213.802452054143,2227.9912467186195,2269.328042287202,489.5837625654559
1137,247.97874934079073,1113.1394227171052,0.456894166934118,0.45488478251147885,-0.07741952209307094,49,0.0,0.014693589133837736,1.20254189342167,-0.20025053748980545,247.97874934079073,1113.1394227171052,1823.6372265476934,0.0,1820.4440801691271,312.1401264522584,0.012418897136884653,188.816713330592,176.75622421805465,182.61999209062594,179.0773615682685,193.97405932882404,167.5082882587913,177.2250220895259,198.42511151613706,148.55522232571542,172.2043017224154,38.47493009874329
1138,1274.359179089943,1112.9072094928297,0.5953529392325753,-0.2539791673780489,-0.003289618705868715,49,0.0,0.7926622494739983,117.48438970253491,-5.174950412978365,1274.359179089943,1112.9072094928297,11393.70600120915,0.0,0.0,311.712488531919,0.01232270888384402,960.6270030542639,1078.006956680602,1112.0281617376986,1145.2556417054661,1110.781110171812,1165.9566841762207,1147.914412545108,1143.0861446172653,1184.479977423383,1144.902506905693,200.66740219163975
1139,2684.4933017480234,1112.82800189053,0.42568752439265223,-0.5319900026881553,0.10667131777140551,49,0.0,0.010160589757638231,1.2380355703430104,-0.23183280674612483,2684.4933017480234,1112.82800189053,943.3443968511616,0.0,0.0,311.12494593861925,0.012289358957817888,95.47460684636951,93.53322710018837,87.78884862667792,81.76782816026343,104.16648149893311,92.21163571168364,76.31284338039751,92.14323738457415,97.01379809801242,100.39938670618253,22.53250333787899
1140,719.7084832900083,1114.20558665847,0.600513991438339,0.1015579476514224,-0.08009733290937036,49,0.0,0.010994224634776457,1.1456369827658404,-0.1476175620600374,719.7084832900083,1114.20558665847,961.3387212103429,0.0,0.0,311.94358679002727,0.012863463370467124,89.77226250440988,99.0950782297655,100.26792770950925,107.62674024189357,73.57279388416595,82.27708621951388,92.81614456471817,109.80248787123827,93.26280900052869,97.56595651169712,15.2794344729026
1141,1888.8532541367967,1113.740825373502,0.6532386656452623,-0.22465704932146532,-0.030547719167141548,49,0.0,0.09037129865597404,11.789393671428371,-2.678728674755498,1888.8532541367967,1113.740825373502,2181.735562732145,3.631873092262358,0.0,311.4564513658323,0.012670051276819751,223.60390976841444,203.95865852704657,200.1028013117133,219.00212662336602,213.47627396535808,235.20950435977295,196.3581773157773,210.0024850813118,215.30683964267124,215.77588835970647,48.938897777006375
1142,753.3884589030347,1115.236865041146,0.7720764783784165,-0.20092151067195851,-0.030583539256307735,49,0.0,0.01702478977151602,1.7754741402458387,-0.6232858779777479,753.3884589030347,1115.236865041146,1000.4288003228024,0.0,0.0,311.9295541181978,0.013293168974702148,80.4121030863006,111.89208703051924,97.4336549923882,108.37649570211528,99.55223452187747,105.74902750925929,99.9176956432618,93.53494190560393,88.7964294036045,99.24429107126404,15.519839456608107
1143,2650.884824448292,1115.574346814482,0.5684933976926588,-0.35257719621177636,0.10865813468731705,49,0.0,0.013515716596848302,1.562340466878508,-0.48443920441373267,2650.884824448292,1115.574346814482,976.0000046416999,0.0,0.0,311.1389485067754,0.013433644958247216,108.02159637759308,104.13140877406033,76.97772461750151,100.06396737429868,103.5481349387034,91.05347888853811,84.73241598645123,108.90580587990587,82.61784459545109,89.09448211991499,26.853145089281675
1144,516.7924504537496,1116.1200312436915,0.49214506795682145,-0.8392687096369854,0.020630940523712317,49,0.0,0.012679076359217785,1.199752360924714,-0.19772903307202822,516.7924504537496,1116.1200312436915,8786.869536332502,0.0,0.0,312.0281303050782,0.013660978326612748,751.3200023801564,831.051321015591,890.4887412025506,869.5373629171202,899.4016746479739,862.0772580224402,912.5668831083038,839.9833273594518,867.6417930790515,875.6744288456657,187.12674375419792
1145,1616.7357724502638,1117.830174055924,0.7365000497582534,-0.14729220356150266,0.018481540152662897,49,0.0,0.07351288595463665,8.71232559435352,-2.3503352434271445,1616.7357724502638,1117.830174055924,1686.2381109174755,0.0,0.0,311.56983276546424,0.01437395314619607,160.29155109961061,160.3092093031823,155.7232232911657,177.60058892771315,188.20240212626965,155.24212654510632,164.39431041159716,163.78421172092658,179.2753967198965,151.5352723611744,29.879818410833245
1146,2482.381844506985,1118.1886175668228,0.6204496831627091,-0.3119268435871067,-0.009736640229741692,49,0.0,0.026568115509994373,3.488579734171778,-1.3566216339071508,2482.381844506985,1118.1886175668228,1130.6967670628724,0.0,0.0,311.20915414650716,0.014523004215577843,117.26839119658149,88.52186521254706,104.1965985726928,121.01410022540952,135.30799058124762,104.21882531173813,103.63304434990425,118.24621415847021,93.55572740741259,121.88334750966462,22.85066253720401
1147,2577.36524265274,1118.5556559401275,0.567491360829659,-0.31944836229276713,0.15035125713187258,49,0.0,0.03302356397000489,4.592085217251148,-1.655024847123821,2577.36524265274,1118.5556559401275,1246.5871173899766,0.0,0.0,311.16957977794766,0.014675863336966664,116.32961533511539,108.55511224861019,108.18682335769981,140.82382317956535,121.19569245021219,126.81549901461352,123.84688612813767,131.04689661913943,138.5570080981052,121.32089052892411,9.908870429853783
1148,2610.5692628987954,1119.3607347381808,0.4316932377397557,-0.68170411073179,0.2314373688413006,49,0.0,0.016895872309184115,2.372089094832981,-0.9378274923668034,2610.5692628987954,1119.3607347381808,1106.0075447787565,0.0,0.0,311.1557455669147,0.015011274072786828,92.21866682865092,82.12739571616507,102.05296539780493,108.93731141857526,120.29460503374605,109.11636747037022,112.66435886742639,116.74636120875813,134.70615660668528,110.78593552246886,16.357420708105423
1149,2458.195538761136,1120.3589374990577,0.5851201197679099,-0.5828634112791317,-0.12998255725802757,49,0.0,0.019436836653833243,2.4206632496479172,-0.9598359420141704,2458.195538761136,1120.3589374990577,1008.4557880740268,0.0,0.0,311.2192312878242,0.01542729167934869,113.70751787567482,84.43216679836137,97.22787724555054,106.33877573068364,100.84502240108876,92.48886017848669,84.6286443792423,103.8903102790367,93.88438494999339,106.83245118243804,24.179777053470545
1150,2492.7809840010377,1122.319605025853,0.7842652743350186,-0.3762580157384311,-0.0744059010040075,49,0.0,0.04733159299965618,5.48970802591704,-1.8488731169972352,2492.7809840010377,1122.319605025853,1304.0834978497392,0.0,0.0,311.20482133654014,0.01624418467647859,110.23842788263558,106.62256048260423,132.9445217485791,143.72084631840366,130.046421273904,138.15187324387975,114.04586530080908,136.07188045386118,124.47771221872333,140.77525460099798,26.988134325341246
1151,281.54445201122627,1124.1362365402306,0.537209796003889,-0.35927740146561415,-0.12538370699231546,49,0.0,0.034873905952740064,4.036734386304998,-1.5150754353556781,281.54445201122627,1124.1362365402306,2217.679184927253,0.0,1625.2437187282462,312.1261423151674,0.01700066531845094,178.5984605726261,197.62480096178336,217.5376547232862,207.58950432325003,238.4027034586922,226.09812027206743,217.9451007835076,240.25292062743253,230.5205811818784,209.9391929123388,53.170145110390344
1152,2357.782976336347,1124.4653850464044,0.6450273470617174,-0.42324808495214844,0.03447607992043817,49,0.0,0.06360172509911277,8.232670670086511,-2.2888518569045937,2357.782976336347,1124.4653850464044,1628.0972898920072,0.0,0.0,311.2610681220339,0.017138331012968265,153.85013057366837,166.3170086039433,153.11267036646746,158.95072460128677,167.33666847695292,163.73273132152244,166.06170086155984,189.05392694077196,127.32024132689693,150.72750955476988,31.633977264167285
1153,1325.1802994034576,1125.8495471798806,0.5383444688269056,-0.3306445166244073,0.10075624618524424,49,0.0,0.039374974795915965,5.616636639254218,-1.8736908217202504,1325.1802994034576,1125.8495471798806,1367.1189994687356,0.0,0.0,311.69131333987656,0.017715282719765354,119.3628096598242,113.03944597122891,164.4562504646243,150.99623325795642,149.1076021934475,146.22713817263525,126.31673247102549,125.15641766242479,119.16784803104787,133.39798333354085,19.890538250980107
1154,1803.9762177466757,1126.563143470109,0.43421290377978516,-0.09641947165390223,0.14371073571529028,49,0.0,0.03677680050323826,6.139175281333414,-1.9702750830553848,1803.9762177466757,1126.563143470109,1384.3038823956604,0.0,0.0,311.49181643300216,0.018012626757825462,124.24570140436981,142.0975342377324,143.9571695662235,136.51644639102128,108.5727425283342,133.57365919905646,144.64606827248653,140.86944042995015,139.03905576581383,135.86946801358354,34.916596587088485
1155,2413.7875188997714,1125.317831473512,0.44385530632134135,-0.33344102241861173,0.277337296825633,49,0.0,0.01715108637097079,2.4580033602885045,-0.9764561806659149,2413.7875188997714,1125.317831473512,1043.4119815602776,0.0,0.0,311.23773378815696,0.017493466703921535,77.85832207712672,106.33224196528563,96.52851257622572,101.84040094410221,111.17524415670141,94.7944385487888,129.80334538457683,86.94132337176812,109.74489669195606,110.15282890220539,18.240426941540697
1156,1060.713626562911,1126.951438920283,0.6430391533954996,-0.20629929226843038,0.3096726147353033,49,0.0,0.02079876265027603,1.8784091266529253,-0.6844754742134329,1060.713626562911,1126.951438920283,1206.021929053058,0.0,0.0,311.8015061405774,0.018174294306014888,114.95352216229276,142.61907597078584,113.48553293066055,128.05568456893238,109.60752154116759,110.14056423428067,139.38779453723828,92.04536435513981,122.52792003339239,100.35206261158106,32.846886107586926
1157,1928.7787927588563,1126.7763419870648,0.3412347460744399,-0.6759645180156627,-0.06042002760532412,49,0.0,0.011415041841547706,1.507505195695915,-0.4456470440838338,1928.7787927588563,1126.7763419870648,1176.0743356444277,1.0139993759844441,0.0,311.43981586353635,0.018101426556619307,101.01182775380744,114.29237163245116,117.9116572317968,125.49743835935436,105.64718241693586,134.35865641527664,119.61804024061608,115.62779324941575,113.09882291333035,107.0255747864764,21.98497064496673
1158,238.76974144468582,1127.8702027236027,0.49364927435706984,-0.3337766023824169,-0.11075325676414276,49,0.0,2.8491076923842797,404.95182951803173,-6.518508413476639,238.76974144468582,1127.8702027236027,66926.61710651014,0.0,65396.438458493736,312.14396336974056,0.018556338216999937,5828.832112062163,6270.8334727527745,6243.540867873933,6601.240131293043,6715.286621173445,6672.8844197006965,6714.8082635370665,7009.513281498326,7022.760889727799,6565.783156061101,1281.1338908297835
1159,1391.3732924468352,1127.4071879510138,0.40819248200262914,0.11057411997724043,0.5678860219249516,49,0.0,0.01864193084140663,2.5516920448167304,-1.0170706491559671,1391.3732924468352,1127.4071879510138,1109.7369662676685,0.0,0.0,311.66373317891504,0.018364306270965417,105.03264580559329,102.32098420860795,116.48784571930247,103.15135411050085,119.36251354482866,112.25044681320921,105.45914705727662,102.04307276521219,108.95403766136626,113.51373257691617,21.16118600485488
1160,642.5921605741125,1128.8019722052488,0.5832747293159088,-0.26893586107175343,-0.09804867827913034,49,0.0,0.009843107458076894,1.0847982771491107,-0.08837246696835595,642.5921605741125,1128.8019722052488,876.0062479596904,0.0,0.0,311.97571711337605,0.01894502109756873,89.2847618757259,103.35457578984453,79.87981768555744,91.51602775010241,76.67015125908425,83.6182176375443,84.53864385330598,85.30365191689387,72.71107484724314,96.00015843330844,13.129166911080118
1161,854.0388407918629,1129.4141665762459,0.726511049667057,-0.28223485282963584,0.040553424561831974,49,0.0,0.0810309336854064,10.285546579720027,-2.53056843824143,854.0388407918629,1129.4141665762459,1601.256338453262,0.0,0.0,311.88761824952996,0.019200275856632525,133.04501156531035,142.95817872207687,159.46238506571035,166.51653869632023,132.6356401691146,181.5374844285027,145.4503343088791,163.91150641959229,171.38595181568914,183.19695675073655,21.15635051132994
1162,1966.2887420067052,1128.7598061244892,0.6610815032126383,-0.800431748202511,-0.20877024052457854,49,0.0,0.013772383190231488,1.4413190211269002,-0.39690029516592706,1966.2887420067052,1128.7598061244892,984.2275984149002,0.0,0.0,311.42418690134963,0.018927844795003042,94.60748704541231,91.2775757493022,107.70492312425759,92.4098369605365,103.42578017108696,88.68574001067702,106.21856274206333,76.97244915836917,96.47306655917386,100.32395854878504,26.128218345236142
1163,2515.7977357496543,1129.6558851580025,0.43090408411713904,-0.2268008491449745,-0.030350216195791778,49,0.0,0.05121364609851214,8.798806670575885,-2.3610594384645123,2515.7977357496543,1129.6558851580025,1575.8842686569346,0.0,0.0,311.19523141867535,0.019300846083346514,141.5007577829459,131.89312890279825,162.80637946203743,140.09800925953706,161.12013194618203,168.9225649976916,172.54321947013875,157.44057021543898,147.80187111334465,152.40375504129364,39.35388046552607
1164,2673.460613195549,1129.8295409335537,0.6540309297752882,0.34167675664549657,0.12274629178263805,49,0.0,0.011199285458102502,1.097442215043741,-0.10095415520492929,2673.460613195549,1129.8295409335537,908.5512514435691,0.0,0.0,311.1295423727674,0.019373039631329227,82.72439642371788,94.43087486557951,76.8275650679991,100.9792374421359,81.66136011823042,81.81285032466526,97.8761928130761,73.0925362936674,111.01111890127157,89.08029068327401,19.05482850995182
1165,2745.7883833780143,1129.6374233215786,0.5059184950473136,-0.23436289056504786,0.08657059328352877,49,0.0,0.2577757002118075,40.585472668072875,-4.020926520573658,2745.7883833780143,1129.6374233215786,4983.52155483352,0.0,0.0,311.0994079402979,0.019292912157929432,493.7582588377667,468.9882281752997,451.17232406798985,546.9081726692452,512.456079175868,443.38561397717115,485.2497189075285,494.5501243418023,503.5392117172662,472.6308773135491,110.88294565003405
1166,927.724315491726,1132.8614609257654,0.7062826744881678,-0.6499693030572694,-0.13053132470170584,49,0.0,0.023494750297373603,2.6609732677924427,-1.0626012790987402,927.724315491726,1132.8614609257654,1093.9929322148432,0.0,0.0,311.85691699159537,0.0206366676692628,93.32078471261508,98.1217825585566,121.02001298439338,117.87862260080296,113.06118315126196,91.87872954416068,116.4898384483723,97.94535785747718,108.15198073138166,114.64618691923457,21.478452706586744
1167,294.24482038383536,1133.7630939265046,0.4950952587615424,-0.3127405510568246,-0.012662350578126324,49,0.0,3.2610372021493146,459.7049524364311,-6.656197956157525,294.24482038383536,1133.7630939265046,78637.56581944067,0.0,38119.16900628556,312.1208511519498,0.021011642747720067,6902.209682567785,7374.086682501795,7567.813431277547,7790.854187658371,7870.2498887140255,7889.595386158513,7799.626513602556,8012.299377317513,7943.402399151646,7902.943378760046,1584.4848917308607
1168,2293.538410716303,1134.7405940614065,0.358657507252161,-0.7602440751318011,0.07089848640244469,49,0.0,0.010530533984822201,1.310049861925379,-0.29321956422899487,2293.538410716303,1134.7405940614065,970.8869107502205,0.0,0.0,311.28783570580623,0.021419605745325015,82.50256471249781,102.03957053989296,91.12844525666154,105.1459139378037,86.70699848058891,94.71078309720275,80.90205660283056,100.37926443499174,110.73274971364854,90.30531988537939,26.33324408872263
1169,2637.7864556450077,1134.7442094180556,0.29198981370258564,0.033453880822825584,0.18034537978268567,49,0.0,0.008019068503907885,1.0945966976645878,-0.09813533391734314,2637.7864556450077,1134.7442094180556,942.1679210687112,0.0,0.0,311.1444055856028,0.021420774729219327,81.88354876886646,84.4766190021355,84.5875896298399,97.76588798912155,103.6359832454117,95.26226237452215,91.29432262573496,88.14966617667108,97.11955966851434,102.01205681639357,15.980424771500005
1170,1651.7384708338318,1137.3604993240374,0.47658885562998304,-0.2255024415879369,-0.33120267073589116,49,0.0,0.010169276429715242,1.2593526442320166,-0.2503683959592631,1651.7384708338318,1137.3604993240374,918.689463163492,0.0,0.0,311.5552483867422,0.022511490954559354,76.46776276409781,85.77108465285019,86.23442996575,96.68764879979034,110.0451618986524,81.220917966528,89.42737472771361,94.29799649976106,90.61105560375378,90.06199609053073,17.86403419406404
1171,1290.2291451500464,1138.347642323847,0.5585501601371199,-0.20030645346599626,0.022646754444128198,49,0.0,0.09224349816557857,13.754470800154905,-2.846109714187249,1290.2291451500464,1138.347642323847,2081.7159618287124,0.0,0.0,311.7058762128442,0.02292273909418723,193.63478156136756,208.99395292679844,187.98185215126227,216.6942782243074,197.8281304844972,206.98712263293106,191.02146653185844,218.4340170325785,219.81546590647764,209.67195075743115,30.652943619202876
1172,1495.8032248080021,1138.8547571447752,0.7215173932229579,-0.07439725229436413,0.004868434247942352,49,0.0,0.017902357696036573,1.9405347166123712,-0.7198035419342413,1495.8032248080021,1138.8547571447752,1011.4990153734782,0.0,0.0,311.62022103478495,0.02313408619752702,84.34385028435045,107.019832293868,91.96640026108642,99.5582411639036,116.82874481172252,107.72863098041313,103.18119412305867,111.75539814029726,70.87969923379177,91.34070928901727,26.89631479196908
1173,1738.050037494448,1139.0287949780027,0.6541169172087341,-0.012433644338895869,-0.3037569190434985,49,0.0,0.010266228138875073,1.0763801700315967,-0.07991422058050347,1738.050037494448,1139.0287949780027,920.0228812514611,0.0,0.0,311.5192854506795,0.023206596239703607,87.88206581823148,92.48316185316634,84.23776349406984,81.79379005303824,87.09429840110447,100.67760693416929,96.4650073245577,93.16022887730925,78.21668694941303,97.58985025218458,20.422421294216846
1174,2669.191053749102,1140.2494497548357,0.32054182340616894,-0.24251424167050623,-0.1365705518287022,49,0.0,0.011315198562682125,1.6474141861267195,-0.542007003594135,2669.191053749102,1140.2494497548357,965.0828177149567,0.0,0.0,311.1313211107869,0.02371449213555519,83.36181554548773,87.69614185074286,102.9838886514217,85.66998922188948,78.277890851058,110.95714299444404,85.1294851774881,90.01692703854414,121.10770583838695,98.51816338399753,21.363667161496153
1175,1216.1593966973878,1140.7698627943983,0.6771792137009944,-0.21548062852831013,-0.06501891974000536,49,0.0,0.10059671082001337,13.677155410915512,-2.839989454388139,1216.1593966973878,1140.7698627943983,1972.4008992412992,0.0,0.0,311.7367382491968,0.02393195115642731,187.2142498181799,185.61645517781935,186.37596506958624,223.58878029029285,177.33579872764847,205.38997675894706,184.24059302422586,206.05962511224624,193.06937195805335,187.62954002509628,35.88054327920348
1176,1463.2172743005913,1140.6647905537209,0.7098649720449123,-0.6580908317091277,0.08645728488621059,49,0.0,0.012400939345079421,1.162879958853941,-0.16383721481331462,1463.2172743005913,1140.6647905537209,1002.6295970460385,0.0,0.0,311.63379843101416,0.02388825311855513,102.97449137115177,93.45265730731668,105.55503401774118,94.75878038864695,93.59893852628736,96.30746203012319,99.02730982177053,101.17961516013831,103.31063404902602,100.0060704471635,12.458603926672943
1177,1948.5234976904217,1140.654783932512,0.26812622750552684,0.0034540989911338096,-0.5693467041161893,49,0.0,0.011542969218996469,1.912207276811786,-0.7038374163676214,1948.5234976904217,1140.654783932512,1169.9985613209387,0.0,0.0,311.43158894627794,0.023884019151311883,110.86010850340581,114.50985612426373,92.13363456006218,106.40777833384747,126.0906284647584,142.4525337303471,99.10752302650089,117.86482659686095,126.55294843457426,110.80410254822195,23.214620998096052
1178,270.14340297665535,1141.6380506040525,0.5423618423341211,-0.028521169406193,0.004384831991277725,49,0.0,0.05430585044575924,7.11904179972042,-2.131053857301988,270.14340297665535,1141.6380506040525,2142.240622953453,0.0,1841.9108507236494,312.1308925484959,0.024292648681731678,199.223671269435,211.29156296294784,196.99818460648777,190.71119770505578,217.9944682180698,227.61628634714668,224.15398873319492,196.97738119265728,206.98290322962885,214.4124928421587,55.87848584667031
1179,1556.2098658887223,1142.1376711897406,0.5749276876460021,-0.2396235272753845,0.18632843766878765,49,0.0,0.017926690504641116,2.1917064417356054,-0.8519559602150795,1556.2098658887223,1142.1376711897406,1024.508476332139,0.0,0.0,311.5950517502346,0.02450195717658915,90.50383672543614,106.89995551410776,79.64854244622694,110.81805226220794,101.24240279812213,107.01385429182649,100.39993510487383,103.2303749783106,96.72835422440009,110.17993904882012,17.84322893780707
1180,1955.999498529091,1142.7489411457643,0.9799720432205989,0.25247984111770033,-0.7755573843322344,49,0.0,0.01714099556585781,1.3066471386316005,-0.29039580438480794,1955.999498529091,1142.7489411457643,1401.5770793941974,0.0,0.0,311.4284739749755,0.02475656870598866,120.81814214013869,134.54086445206562,121.37077870356164,135.30103351717474,156.41842827660588,146.22849194998696,124.80474608232187,148.92703492202764,147.84861457994757,131.85702409490153,33.46192067546515
1181,2052.721654959653,1142.3222712352447,0.6528052311704804,0.5791380704797454,0.17738111083295435,49,0.0,0.012661943717921122,1.3498763117061325,-0.32573494048851337,2052.721654959653,1142.3222712352447,901.6795761450894,0.0,0.0,311.38817364746785,0.024578741368552922,95.7156012459952,104.3791252319962,88.68774841173426,84.45208843303803,92.55992804864074,69.71918014476415,94.49661558514529,83.45262422899157,82.2679878466559,88.61612480821064,17.332552159917434
1182,2708.96602176355,1141.5470304489495,0.6521020177851675,-0.34747075107780134,0.05923889094693115,49,0.0,0.038110875445915064,4.598994108781429,-1.656657133129834,2708.96602176355,1141.5470304489495,1272.6046325203743,0.0,0.0,311.1147493211058,0.02425507285581748,126.56838238552807,133.57069196517057,113.62007806895535,137.008845817865,115.75254579045807,122.81467135274033,113.54972788723546,143.06032562768044,116.14924430101277,125.9971761764386,24.51294314728967
1183,1959.7566460533112,1143.2119669186213,0.6489817977672249,-0.6452062864755798,-0.1747249985484837,49,0.0,0.030036004874664186,3.6433083356483125,-1.403739818582483,1959.7566460533112,1143.2119669186213,1262.3447666227978,0.0,0.0,311.4269085140461,0.024949491559309898,117.10828530925079,118.09714357949906,108.67399906816482,125.04096399651247,125.96105691792266,122.28166079730948,115.74621220041246,137.58881101286764,142.29195406952257,122.15172926106641,27.402950410269412
1184,2772.5149220821772,1144.977700830927,0.5664679308384445,-0.48333088016338493,-0.09739230867459286,49,0.0,0.04509959021385858,6.4650547652633525,-2.026430520315176,2772.5149220821772,1144.977700830927,1398.3425020108953,28.506856652239748,0.0,311.0882725328767,0.02568435818717013,121.56466071976661,132.18854306045944,117.43748475422188,159.03135591880294,128.13934459726767,154.3264786616202,142.19918966425246,138.7201617207293,141.51112281842344,133.71749170887378,29.50666838647758
1185,2498.8662323768162,1147.332694700915,0.2955229518366962,-0.3718531281138501,0.003955001876259987,49,0.0,0.0241061255224612,4.619815307416024,-1.6615615338181282,2498.8662323768162,1147.332694700915,1199.273028398667,0.0,0.0,311.20228568303077,0.02666595873975984,109.47943159152808,109.23703474291612,113.13743085417703,123.70566178037149,117.50394208179029,130.47576197039936,107.27298699968512,118.07454185438954,117.48102381976081,123.43867120070554,29.46654150294363
1186,2111.65412510257,1147.8670934839636,0.38840180358761683,-0.42043091371012925,-0.27057869124638506,49,0.0,0.01042823097440039,1.163607381370088,-0.16451616885189393,2111.65412510257,1147.8670934839636,1068.562878013433,0.0,0.0,311.36361885499457,0.02688900577299145,107.20913764403471,94.4002148603615,83.55690726427383,110.69411957152087,122.55082611731994,87.21362016611897,102.04952855051883,144.5766995738128,107.38452727942823,87.92054318046664,21.006753805576707
1187,1343.712595303096,1148.837892115123,0.45826734639358496,-0.15991854341695702,0.04103783101814124,49,0.0,0.017480166428520683,2.6256486449983703,-1.0480915247305942,1343.712595303096,1148.837892115123,1022.8513884345289,0.0,0.0,311.6835916917375,0.027293639010006924,104.5266944487295,96.17765785092456,101.56951998509588,100.3628470537913,98.42441787957002,95.47154990069353,85.80038564582567,104.33414901892012,121.92230055689947,97.15354179298754,17.108324301091233
1188,2941.671810487441,1148.9720374328358,0.49086937867921715,-0.4855357590200299,0.1502823369119004,49,0.0,1.2040547468039888,178.8312858826968,-5.631108748364851,2941.671810487441,1148.9720374328358,25700.421505821432,0.0,3499.9743085182654,311.01779670866165,0.027348279151615845,2118.8727710231315,2410.7334761874945,2567.242428801331,2565.5820520778225,2620.0419955168613,2517.03420983279,2589.9784350064824,2688.4411177471247,2590.5660183981045,2567.1849052239672,464.7440960063192
1189,190.84165816938363,1149.900088061667,0.6592125345007577,0.13703191095216394,-0.14089349443059265,49,0.0,0.04573106588856511,5.6478571465464515,-1.8797092585073867,190.84165816938363,1149.900088061667,2002.9378979354976,0.0,1399.840664907323,312.16393161352727,0.0277348062129833,112.17318111986431,187.35191865751767,175.05567151375197,140.7890806506113,239.68324602821568,178.31348895814975,188.44656905702408,255.50043417988337,148.3150496162815,376.05252377382504,1.2567343803731341
1190,1093.2550297802543,1151.275264396617,0.3107307068976869,-0.04801142748347126,-0.22324082993609548,49,0.0,0.00931821872609494,1.1004337016176284,-0.10390970629892922,1093.2550297802543,1151.275264396617,1056.301475885563,0.0,0.0,311.78794763946973,0.02830905488524644,99.88636996910675,109.77560247534927,98.94527700225677,116.07848160412775,88.80540466572545,100.55999355618971,93.63951958605718,118.70960459308864,106.64737669725704,101.2005877522871,22.053257984117174
1191,1234.7858457791483,1151.2821975187856,0.606322068052595,-0.3396151678601134,-0.025236218534015302,49,0.0,0.3669477011139732,52.92851285853312,-4.309224229291122,1234.7858457791483,1151.2821975187856,5744.3587489440115,0.0,0.0,311.7289773729906,0.028312036128562448,501.69515411874164,539.3290772991115,539.0701016658634,579.8040191513958,617.942430064565,539.6484902468335,582.8109922761462,553.7401783616219,604.3876480443895,566.1258993513162,119.80475836402655
1192,2123.9138813798036,1150.6606831692197,0.37367369264312256,-0.39500113086627964,-0.2290009228186882,49,0.0,0.011603268584570342,1.8739169478665945,-0.6818758475393123,2123.9138813798036,1150.6606831692197,1035.7295592148923,0.0,0.0,311.3585107059488,0.028052971491275527,88.53155040125003,114.1837203478529,90.83859590613925,107.81296912370604,99.3675275044624,102.95059147336367,104.57847084966298,99.01234685143459,110.26892725862785,101.4655279628746,16.71933153551798
1193,1303.2859729264505,1151.7747307800205,0.5958328563837751,-0.18933252905937326,-0.2636046063384992,49,0.0,0.01744675418752038,2.0789131863688146,-0.7945908848628448,1303.2859729264505,1151.7747307800205,1071.1991663292604,0.0,0.0,311.70043597025216,0.02851728964941528,90.60265873770545,81.2729807126785,113.39382011759349,129.87887792693255,86.6620652306819,128.89634133277957,104.6612236230878,89.50909215972565,107.24974411822896,117.5908408860976,21.481521483748836
1194,1799.3944413027405,1151.9328565346405,0.5887943166665623,-0.22246830510641735,0.0029764600490188795,49,0.0,0.010415443473100633,1.066283255429388,-0.0696814730983958,1799.3944413027405,1151.9328565346405,944.8551368673916,0.0,0.0,311.4937254336877,0.028583211391074278,95.602353982069,85.8945741625983,88.24154346964633,85.81103871208722,99.84616679041237,101.66287777549925,110.40398639039472,95.03010715970836,77.38073063269098,90.39098187084365,14.590775921441224
1195,1124.3089725320888,1153.3051249680825,0.8697461779746585,0.02748939680117283,0.05296504211073931,49,0.0,0.05594727586943549,5.825157104321263,-1.9132691069145513,1124.3089725320888,1153.3051249680825,1513.246993080541,0.0,0.0,311.77500874063855,0.02915483892682298,126.20293469437753,143.16428648762295,160.29302977114162,150.61074939740888,154.41767197465305,140.6756575775708,154.67410933479778,150.7615242344303,149.61479282959527,147.15418465746288,35.678052121480036
1196,1832.5893241089968,1154.4455767386637,0.2718359087601616,-0.7254155573652927,0.3514641358099461,49,0.0,0.010442450097608538,1.3329230112287693,-0.3120126639245384,1832.5893241089968,1154.4455767386637,1040.8144468040734,0.0,0.0,311.47989433177406,0.029630154760225007,114.14171763224937,101.81859532055724,84.96217824194848,109.44148159624834,104.22627520001218,86.13450444517957,88.70506577204078,105.31265719795428,124.68800572307057,93.46201207736235,27.921953597450294
1197,1215.2532311041264,1154.8643127202565,0.6569209475963769,-0.25456986958106875,0.004715371761308049,49,0.0,0.010697480388844,1.041138670329508,-0.04377144372854691,1215.2532311041264,1154.8643127202565,969.2938840322112,0.0,0.0,311.7371158750372,0.02980455148920603,77.40556204094366,104.51593243149023,109.51852347203368,123.37708513785277,91.31824148431498,77.0270425076772,97.75214349143306,104.97976594573558,86.4390134589683,84.63793596792856,12.322638093833193
1198,2574.5229743866444,1154.840095235858,0.606242830578722,-0.3663259435133342,-0.17588078803073134,49,0.0,0.2026434890663018,28.706928244420794,-3.64496680936131,2574.5229743866444,1154.840095235858,3581.2487416714644,0.0,0.0,311.17076358684034,0.02979383053532393,329.08020958471957,325.86791997644247,363.14280202018494,331.81430523774713,410.4415434359411,325.48438717620695,342.88250417256654,348.79663615414273,336.62282560545447,386.2074638047877,80.90814450327056
1199,1117.837454332737,1155.8541329343677,0.35072204668610646,0.07409774943914442,-0.11007551961016193,49,0.0,0.01265860822202536,2.112267774274218,-0.8118724332317269,1117.837454332737,1155.8541329343677,1438.7629520458877,0.0,0.0,311.77770517388853,0.030216903084634535,118.62596965198915,121.71658645310856,147.75479892666522,142.55897403515385,142.71413528082968,133.8612563154349,150.41890037378528,159.67494545646235,144.54143923988528,141.7976428967741,35.098303415799236
1200,2548.3362471797,1155.3182810109395,0.3346421399461688,-0.5494997631670561,0.5113125409680103,49,0.0,0.00912067889893807,1.4337863313636487,-0.3912110895851525,2548.3362471797,1155.3182810109395,905.2430768800557,0.0,0.0,311.18167412935946,0.02999310743141406,87.77825142476584,87.67912870293435,81.75523133753838,97.37435966597582,102.02602470313234,93.12447384043904,93.72656712783717,78.51041477805649,94.72389748738031,75.16386755424618,13.380860257749784
1201,1365.9918972911928,1156.8259622167,0.5331310648156876,-0.49389801299896813,-0.058152649552645284,49,0.0,0.036149900115658405,5.176368058599593,-1.7850628716901897,1365.9918972911928,1156.8259622167,1300.3543998626114,0.0,0.0,311.67430874925503,0.030621969335709615,114.55988426919276,140.9049785453903,116.22483859802533,135.85998406171686,97.23548465098989,142.87307948532288,116.9312432398271,127.05287056266386,145.495946141032,141.33556182793347,21.880528480516887
1202,251.20668368889068,1158.2886082956857,0.6277206745460208,0.2254621709326988,0.05976934885172358,49,0.0,0.02330468449312115,2.584878487992038,-1.0311003306301285,251.20668368889068,1158.2886082956857,1287.1696691450802,0.0,1296.3915045513686,312.1387823119797,0.031229940019312407,116.8111518199706,131.17886394265653,120.58950495796611,120.38188463640442,139.80434170626586,111.17246732330693,128.10415404851776,128.7266007215143,131.71668075029555,138.61313680832652,20.070882429855565
1203,275.73432634182177,1157.6975955354505,0.5623430866189882,-0.1693609280622558,-0.024697516803739435,49,0.0,0.17058137630847756,23.03983057747546,-3.4061982029870883,275.73432634182177,1157.6975955354505,4097.048800032693,0.0,2622.1724990402195,312.1285634693823,0.030983752836582765,366.7805215655684,444.232133709373,396.6133567365,391.63376706496706,379.32929628574936,413.5274372931251,424.5706542211325,419.0244493831177,382.8279300325324,403.50914054781725,75.00011319281114
1204,355.9231981488976,1158.387820697758,0.5384255533725337,-0.09230997655583219,0.0973786608406504,49,0.0,0.18358812777722963,26.560043355410226,-3.5605719490479366,355.9231981488976,1158.387820697758,4052.2937085653507,0.0,0.0,312.0951545344549,0.03127150068214581,358.4282098907069,389.5051324116796,393.85073540237966,428.7764827486726,410.38297593202884,440.4017357089688,401.7425413080182,375.5587563174274,392.6123172909545,377.1604125677443,83.87440898676972
1205,342.2962781347413,1159.5615391455094,0.4290477690318925,-0.4370210386212148,-0.12192796232793016,49,0.0,0.017521455378946116,2.0179362170860045,-0.7622685873521264,342.2962781347413,1159.5615391455094,1261.025266970157,0.0,0.0,312.10083193593937,0.031760496324479914,112.18610413870248,126.30603001060548,111.48767629866195,126.54573042416943,125.55101747942422,132.82634012108554,131.23819311457726,120.74405432925559,141.44799542906634,110.35360780836479,22.338517816243993
1206,639.4198121119633,1160.0515849931596,0.8320474064265656,-0.42389368865342075,0.18519412388208262,49,0.0,0.01577737797267363,1.446576694316339,-0.40085365983281357,639.4198121119633,1160.0515849931596,994.5891479750204,0.0,0.0,311.97703919541703,0.03196522875564486,79.9518435006251,93.85510433842725,111.19049760988865,89.14701396867827,104.48032351910271,102.24578455637877,87.78335506188888,96.86834425846621,101.90656786556535,99.45242299072352,27.707890305275768
1207,2251.4814666793814,1161.1268122009508,0.5784982480275472,-0.36794298433510386,-0.05947715415724615,49,0.0,0.7284244720080976,106.55826656974115,-5.068967867560136,2251.4814666793814,1161.1268122009508,11486.1585213734,0.0,0.0,311.3053587188197,0.03241365300451658,988.2947626947166,1132.221475283346,1086.4165425330125,1149.0199451670046,1160.023473208399,1180.076850654128,1120.9311586868128,1186.6358533717994,1138.7088250649042,1129.9609635727493,213.86867113652715
1208,669.3864611822663,1161.8134577738047,0.5403721759965633,-0.3925486979094105,-0.028276203322827324,49,0.0,0.078244706873875,11.77069111103216,-2.677004907511309,669.3864611822663,1161.8134577738047,1966.0438445117359,0.0,0.0,311.96455376350906,0.032699366008884796,193.7137927751111,187.85871326316595,177.6116743644593,184.1901423871754,201.11337333761458,193.6802976846996,198.71792134382025,183.9921764262363,196.57022275305303,212.65392904744806,35.941601128952364
1209,1030.4683577126384,1162.2119526131892,0.6693855803384992,-0.21202167905459682,-0.03826255157127992,49,0.0,0.42864984664067635,58.4520644184929,-4.416999635610648,1030.4683577126384,1162.2119526131892,5991.525062789815,0.0,0.0,311.8141082856215,0.032865871067343365,551.8570080050176,574.5388846607461,583.6253003464315,625.4772363356501,569.8591516538534,625.9608862705539,591.8609903903275,561.8907816136236,569.2228706260684,608.8694341183864,128.36251876915728
1210,1146.0357290987909,1161.9930249951747,0.8096519171366131,-0.3255972389601912,0.29534657467740333,49,0.0,0.025346889680846117,2.633669811751958,-1.051403314261035,1146.0357290987909,1161.9930249951747,1080.1834613104595,0.0,0.0,311.7659561207772,0.03277475554418043,110.46331236159459,116.88559138430517,104.24747099191416,92.12864719836301,113.08759675555173,102.43374448693983,95.93223528218255,101.56965950869233,116.12157070642775,110.30748431920796,17.006148315280445
1211,2485.0439639785195,1161.5006464119315,0.5822126706058647,-0.15731667273235178,0.053732466476428896,49,0.0,0.08708807474823871,12.251262106314979,-2.720452078399064,2485.0439639785195,1161.5006464119315,2048.6632716724125,0.0,0.0,311.20804454603393,0.03256910507166661,183.16390770626543,207.79204392593397,176.34500296844305,208.12182255315554,207.40048019862206,209.84778621232425,221.40207992287847,200.34924270874558,187.10719045781536,209.35240495823626,37.78131005999252
1212,1862.784051090153,1163.4322134160443,0.8542723450612081,-0.3244037097957218,-0.08296874576613335,49,0.0,0.03461110684743739,3.477273261638082,-1.353097052677612,1862.784051090153,1163.4322134160443,1191.1799050460977,0.0,0.0,311.4673132738832,0.03337452959157256,112.33319791181609,109.19161305216824,119.80487521338418,109.2926238027942,121.48438081695389,123.40875959893535,109.437807336734,107.56033455167697,114.47860524263443,135.38344028798153,28.804267231018592
1213,2016.8155571982209,1165.2256886091336,0.2538526515909217,0.25453409058358084,0.10696329968665544,49,0.0,0.008199969411501118,1.1350461668305598,-0.1375338159197636,2016.8155571982209,1165.2256886091336,969.0410786522327,0.0,0.0,311.4031341819124,0.034121707736036476,98.54393728674096,95.9200844155755,100.26352756962353,95.39896992638062,92.46093898940268,82.20904645014602,89.48984177246452,85.90166257008586,103.40203198420005,107.92888274432354,17.52215494328945
1214,3056.0327541754855,1164.7935354478159,0.36534726247249655,-0.5478002243748064,0.26260893486278314,49,0.0,0.014256211898711972,1.6860818448794996,-0.5671966302248145,3056.0327541754855,1164.7935354478159,1404.3103015220831,6.572086771052189,1083.9673107081153,310.97015123422824,0.03393990084706061,184.69446968798104,158.9508569525035,138.89548835902497,114.02199652629164,113.29419095883571,203.92485525937678,115.92851827197222,124.94910889634156,120.05574916322973,109.64740492236447,19.947662524161515
1215,2148.438533500986,1165.7508736153209,0.25146682054963954,-0.3036966739956638,0.21911753735704934,49,0.0,0.01043700845706674,1.7364573419413636,-0.5991602970941616,2148.438533500986,1165.7508736153209,1024.251423979871,0.0,0.0,311.3482922152184,0.034340416384176196,101.00561502898415,102.10803226652476,104.34195840362051,91.66507422200564,107.06599853788586,116.18443289105568,93.844452346201,108.250643121705,94.739378404442,87.71286214422143,17.332976613225075
1216,335.32687545301326,1166.6725550856252,0.4678531685238714,0.16282862468958445,0.3109808218464129,49,0.0,0.011609884351561784,1.2722581605365582,-0.2614381130304172,335.32687545301326,1166.6725550856252,1130.2216035497354,0.0,0.0,312.1037356973122,0.03472324949093185,97.96738760232302,106.0132996000873,99.29354046251993,125.79705597807666,115.4042086800632,102.5563585336088,114.0116437332824,120.37356252974533,116.21075909023726,103.26226960786519,29.331517731926176
1217,2793.329209666164,1166.8001651930801,0.5558958875328412,-0.3769885262164481,0.018523203097697456,49,0.0,0.0165237622524305,1.6167975654946718,-0.5216391164137365,2793.329209666164,1166.8001651930801,1149.826608633682,4.0,0.0,311.07960030435663,0.0347765810955583,105.93489514586264,119.36729157469367,109.71316188639375,129.32954491900267,117.7886557169949,140.67889801348116,112.03996682419171,103.10564182114693,91.01084628019892,109.40553872342358,11.452167728292135
1218,419.0471456806499,1168.2757490802503,0.44785360154366644,-0.22821598728503292,-0.09799945848841572,49,0.0,0.019400215445212584,2.8151630206002283,-1.1237588726550571,419.0471456806499,1168.2757490802503,1128.1276675556178,0.0,0.0,312.0688552017289,0.03539140376531902,113.93797679520048,118.93164703373847,128.51079458080727,92.63276928364407,98.62480182672638,115.6796323597446,125.06420815604977,91.75162061719804,119.52777675636386,100.79854604090704,22.66789410523791
1219,2555.1347095847827,1168.0589432829945,0.7281219683856388,-0.2366812182136936,-0.0707023793083356,49,0.0,0.0556782295152114,6.907403148211721,-2.0982870104852713,2555.1347095847827,1168.0589432829945,1397.9379151314288,0.0,0.0,311.17884144809506,0.035301524473056844,161.36656104776839,141.38631012931484,136.20578233987317,121.44558092897155,119.20328925352203,154.25004171840098,115.57626164500172,152.28555955517245,133.2791279039954,135.4481902866283,27.49121032278003
1220,2308.520533761888,1169.100208381805,0.705888570290108,-0.388845033484681,-0.06828462613449994,49,0.0,0.06054099171447422,7.6760368024142345,-2.21284262068461,2308.520533761888,1169.100208381805,1531.7671686154733,0.0,0.0,311.28159307469866,0.035735757634386474,132.27335355621568,144.20410525877713,162.34779831797198,140.52671476588142,131.5117205179717,129.89749052342916,172.9116000823579,162.38232841291548,164.56327677197112,155.53012620843725,35.61865419954465
1221,2872.138717290329,1168.6466337435852,0.556566894112782,-0.5105620753696234,0.1618468214035216,49,0.0,0.6981229493057317,99.03944745721887,-4.98952052186604,2872.138717290329,1168.6466337435852,13163.479022502725,0.0,0.0,311.0467657775327,0.035545723889033265,1114.034289792753,1247.295864230327,1293.9806924844775,1300.322761213754,1267.991296721052,1296.3924493774798,1355.1062891402198,1333.00554494196,1353.686705844227,1327.2986474879822,274.36448126849433
1222,1104.581987777876,1169.8545391160415,0.572233059169711,-0.36841198555911114,-0.06322303913832991,49,0.0,0.06536958530811951,9.097044689478532,-2.3972508204985554,1104.581987777876,1169.8545391160415,1783.3857112302594,0.0,0.0,311.7832282660375,0.0360502982677029,137.35904982470828,161.8209210056241,160.69186149092812,183.17416609964258,175.62827217019952,185.69549188368512,187.7994241329473,174.0530369166152,194.82055159743308,192.2102998820696,30.132636226406753
1223,1922.6573351782026,1171.089083217019,0.7656209846529686,-0.33038547394224027,0.2631731071334731,49,0.0,0.010511514499790939,1.0110672614604652,-0.011950120207621267,1922.6573351782026,1171.089083217019,951.8642305171379,0.0,0.0,311.4423662789049,0.03656482070376528,81.38030334204902,90.52201238093511,96.44722331506269,95.3487862272392,94.89836675795735,104.45004944691084,100.03463531879561,98.82192215438883,78.70367832313165,92.69126591728184,18.565987333385834
1224,2515.0613876938305,1170.4619015930807,0.2886866292256708,-0.38949245142596906,0.25532941720775454,49,0.0,0.009096074516505428,1.1771493401514235,-0.17707890878531896,2515.0613876938305,1170.4619015930807,915.0548366854624,0.0,0.0,311.1955377897345,0.036302795028930246,95.10915336885083,99.43012085465108,88.79517081603186,86.22135054867698,89.77332790401591,89.56026750342215,78.01104393706976,82.9183408098845,86.20216769326433,100.56404855101724,18.469844698577823
1225,458.61652362858763,1172.011884789941,0.4182574543935059,-0.778050807679361,-0.09491631820985448,49,0.0,0.009706098275720219,1.242851305436808,-0.23604793204028504,458.61652362858763,1172.011884789941,981.0244200130376,0.0,0.0,312.0523692644859,0.03694814408800128,96.89714662882412,114.03146083677245,89.79346087952138,84.57959739667592,101.24014327472295,80.56610163901246,96.59982238781194,89.70159766756285,95.94257618179016,108.42262898580017,23.249884134543187
1226,1355.1252441426948,1171.673326755401,0.9510317126144079,-0.32240394019616997,0.11311766025500843,49,0.0,0.0483238496091283,4.748322911567165,-1.691350614134754,1355.1252441426948,1171.673326755401,1249.4697191049636,0.0,0.0,311.6788365262085,0.0368082948853067,125.50906192231977,117.31458219445629,116.49654054965619,131.84154810432958,139.73612554737798,115.48767880880428,138.75573230358765,92.17466886362284,123.40157977933978,120.354524149094,28.397676882375258
1227,763.2168534253528,1172.7361458620765,0.7361201676665937,-0.24979594643274705,-0.017260267185177394,49,0.0,0.03194749029280987,3.6020464734833038,-1.3913732794314069,763.2168534253528,1172.7361458620765,1193.288666274956,0.0,0.0,311.92545968141917,0.037250499973077375,95.39251161663806,129.76320638493647,108.90393927652582,116.43450694324808,134.80980120106773,131.95792390837084,115.09176833810886,111.7659361038821,121.30633000459113,105.01865385662467,22.84408864096236
1228,2181.683233661764,1172.6547655083916,0.6008427962990933,-0.09535290240826702,0.33016476814436946,49,0.0,0.012896356035818742,1.47750076002487,-0.42381928238496214,2181.683233661764,1172.6547655083916,973.1782207092701,0.0,0.0,311.3344405113833,0.03721694993042333,65.8289054239568,98.83486166593715,96.40775510182331,102.01527842011771,114.3590747285655,83.26658394407693,99.75342264974132,91.88520960631433,102.03556279567377,102.15700876507594,16.634557607987308
1229,2217.674017047744,1173.4726822550317,0.9693427268640293,0.2641928809534601,-0.08333607773523319,49,0.0,0.015072945363521,1.2930843584389904,-0.2790671459393528,2217.674017047744,1173.4726822550317,903.0699262158738,0.0,0.0,311.3194447001098,0.037557699406408455,70.86270805040378,89.33485644620114,83.7424491490211,97.71506267395603,99.62315800833126,100.83456845275977,80.42557589531302,91.74441790243246,89.91483209436637,79.23038611247489,19.64191143061411
1230,2896.892554425566,1172.520891036389,0.5039389436220444,-0.31054728140918164,0.031165293999167197,49,0.0,0.012282970855527738,1.4567143757632055,-0.4084360153375294,2896.892554425566,1172.520891036389,1030.6920324412608,0.0,0.0,311.03645256960914,0.03715985050608716,106.25624358958234,98.00782434326206,94.92584191521598,94.80938355062588,87.79245203075298,123.96366796374207,102.57632855553894,100.61890740226568,107.51529696840507,95.43136338123264,18.794722740636992
1231,965.4326070190464,1173.648009746761,0.4823198865567582,-0.5505504641763402,-0.2486899044574836,49,0.0,0.011313510799099187,1.2698282754037977,-0.2593624833207181,965.4326070190464,1173.648009746761,1000.4564096484659,0.0,0.0,311.84120594385985,0.03763072879273404,93.29000807691142,96.71769282155981,85.24461016151719,94.36779055106992,103.1358734730963,115.7042198670815,94.60367317383479,90.73622960685177,104.62149248857422,107.18233991951588,14.852479508453134
1232,1342.528520595977,1173.6912503375274,0.6912272055361176,0.10842639911373665,0.03370225232621045,49,0.0,0.020979813535147072,2.2661355868943196,-0.8882147272765223,1342.528520595977,1173.6912503375274,1131.9050492277383,0.0,0.0,311.6840851249286,0.03764908058874693,94.31498494548903,109.46767063173138,103.0596710342009,100.90752928887935,121.20257347523491,127.50586134947523,103.59175628524955,114.25779217611759,103.3550672394272,118.66720500144075,35.57493780049244
1233,599.0145164018148,1176.7792076939836,0.4296896520543813,-0.026511237923635043,0.04992779351752619,49,0.0,0.00985202955197215,1.1431680313513017,-0.14527517731187733,599.0145164018148,1176.7792076939836,988.4882729239785,0.0,0.0,311.9938739850596,0.038934750863784465,80.31867339127193,99.0881541500427,89.17127392091234,99.39403048968649,96.2394391705076,110.17840551693774,101.67547551466357,103.93222341315848,93.02458151166289,100.75530282914033,14.710713015994596
1234,1163.073364954297,1176.015375558655,0.7777391133660374,-0.13960262751942273,0.04132394051747787,49,0.0,0.05209134479498449,6.296201971883804,-1.9976966275816734,1163.073364954297,1176.015375558655,1330.9702411686035,0.0,0.0,311.7588572853378,0.038617327686215945,111.53149811578334,124.81218076231006,143.46320027052496,132.0947641552965,138.68625475348426,123.23321655030018,123.15344431957706,146.52919694861066,153.24989724418833,120.55403605352217,13.662551995006053
1235,1397.5868075171652,1176.818746101293,0.2487167073340902,-0.1730352462843611,-0.5945880626833571,49,0.0,0.00884802035044763,1.183108768487318,-0.18256168274987813,1397.5868075171652,1176.818746101293,1183.2630397338523,0.0,0.0,311.6611443495602,0.03895221520466098,118.61026116511272,113.37485490379854,124.06518329177555,105.43105427952074,115.71374372300426,111.97926825774266,120.37309822715281,124.92956359096814,103.82588329160409,124.15764820765035,20.802480795522477
1236,2850.9957567165125,1177.6680987273317,0.4214660380567852,-0.42381683577578494,0.28586453382862187,49,0.0,0.020919210781004685,2.793744671878984,-1.1154667805182057,2850.9957567165125,1177.6680987273317,1334.043831112669,0.0,0.0,311.0555744332905,0.03930452602715354,124.39875698428895,116.68276967646271,139.8148541888831,128.72920696662877,135.44341145619444,129.9835048589012,126.90375318443367,136.89720374595174,124.58386165566836,143.91101048532892,26.695497909927276
1237,408.16134740275754,1178.4171872411137,0.6116045872408162,-0.20283835791857463,0.05897181229818692,49,0.0,0.05921087243369575,7.805310590365444,-2.2309754731719624,408.16134740275754,1178.4171872411137,1679.8325750495655,0.0,0.0,312.0733907293722,0.039616779202812244,139.51330029069794,168.909493533233,149.05730599785906,185.63874051155807,178.9279474103006,172.26616948888739,160.42815445038195,159.84676042522108,164.50970614396206,163.94531138964413,36.789685407820485
1238,2379.442159571169,1177.675016095262,0.7698835638657627,-0.4748230465156972,0.06072631100448323,49,0.0,0.06362716831160457,7.303602886670152,-2.158842878998934,2379.442159571169,1177.675016095262,1561.463144524786,0.0,0.0,311.252043325308,0.039308402743875724,135.30923656439035,133.40741276025818,136.25431920058531,147.4654371979999,156.64359593855863,155.59439433546987,156.55677385312447,172.93825540225868,162.2260709690368,172.8144607239114,32.25318757919272
1239,1633.4066642998437,1179.18017461006,0.5765014451966756,-0.6392574811921496,-0.5608966864441545,49,0.0,0.01499407889504383,1.499255533125473,-0.4396891507804227,1633.4066642998437,1179.18017461006,1113.5955172965864,0.0,0.0,311.5628865803229,0.03993617572624173,122.7210462482906,83.96025807926216,97.3790132355929,96.390874244749,124.09923154437699,106.63997980244531,133.52559847359615,115.00797325782531,110.39041368606635,103.29028790237713,20.19084082200449
1240,2631.9003050438096,1178.8343516795946,0.220072176978812,-0.47579913343458297,-0.1944866738849793,49,0.0,0.010178863565160136,1.5528047550497404,-0.47779213073293614,2631.9003050438096,1178.8343516795946,1047.7260123957458,0.0,0.0,311.1468574775105,0.039790966075443496,86.37222192719275,104.74648332665839,86.77186254131877,116.88821505388503,110.38550629703698,101.62124107710126,115.54160643089682,106.19838604108705,99.65487697279131,101.34135448937589,18.20425823840167
1241,2460.651012948684,1179.9438096704857,0.5508072594075827,-0.3617958891330611,-0.14248956720843148,49,0.0,0.06161419120542737,9.123807101408508,-2.4004402367549944,2460.651012948684,1179.9438096704857,1621.5382097423935,0.0,0.0,311.2182076356599,0.04025356766836553,148.4178047299894,157.48035369218135,157.98872924104705,148.53168744450352,133.62430479551554,182.17676558046855,160.41340017253688,150.4018478045729,206.57384049075924,148.76530841795818,27.164167372860927
1242,2643.363436260951,1179.988096605832,0.45333811716761385,-0.3101738501974359,0.061270812116652536,49,0.0,0.038374106550087855,6.19971293566247,-1.9809289522359597,2643.363436260951,1179.988096605832,1338.0762461249346,0.0,0.0,311.1420814521152,0.04027164977980931,117.23809186382141,123.8147618807871,132.3868913548945,157.80255647587435,122.5700937817719,129.42082924622923,127.717288665158,138.02078586936668,124.56414230835085,136.41319561055485,28.127609068125835
1243,2057.4124959962205,1181.413707584076,0.4538349416843356,-0.13145669460522783,0.02111031641553415,49,0.0,0.11944325544831857,19.946081350423427,-3.2496439649628073,2057.4124959962205,1181.413707584076,2856.0280137748605,0.0,0.0,311.3862189588544,0.04086658132267186,238.20835841332402,299.4897160526585,265.9553912716418,285.42779602999065,265.6303931862344,303.8030624656478,287.955116886876,287.53698689482167,301.9815605699199,260.0592500779187,59.98038192582724
1244,2790.98501431132,1183.1417846894014,0.30588618032525766,0.3502033029655459,0.5224476806136413,49,0.0,0.007818353412881713,1.2505280105189795,-0.2427335597936274,2790.98501431132,1183.1417846894014,933.5853871045609,0.0,0.0,311.08057675271397,0.04158527399032273,97.81923879213934,90.66676083651623,104.95847843521179,94.30727082807618,95.36623875567712,78.86296123455205,71.98772249226332,83.10699046835381,108.46506845593942,90.1135576935194,17.931099112312257
1245,1295.976436809093,1184.749081142056,0.2481885917891744,-0.335034857640052,-0.3424961395705884,49,0.0,0.007701249353771535,1.106311789052728,-0.10969385083589503,1295.976436809093,1184.749081142056,937.2402764546885,0.0,0.0,311.7034816943119,0.04225642947804861,85.5662122920554,97.56571291935919,102.7192324982276,98.2229299175306,83.30900979175638,85.42065134280399,91.47566199160957,94.85052062674956,86.97199661813241,87.73815479713681,23.400193659327115
1246,1323.592128379938,1185.9426529038778,0.8616770121017043,0.5445000932097648,0.1289343129182466,49,0.0,0.015282356484779451,1.3193890934098618,-0.3009322242748887,1323.592128379938,1185.9426529038778,1020.5713445216159,0.0,0.0,311.6919752608528,0.04275376344504463,84.37673153112642,101.27869417869772,83.56336900448818,94.78394803496869,113.06901052252513,113.54467670621344,111.7150840095794,80.2125830496751,109.69327603387916,98.27197237136016,30.0619990791024
1247,556.3712973408027,1185.9232266316862,0.5545273298059409,-0.4279309390780616,-0.01652268885725072,49,0.0,0.16016861863502527,23.72192114438443,-3.4378746447637774,556.3712973408027,1185.9232266316862,3315.61200412147,0.0,0.0,312.0116410384618,0.042744523724794405,291.0661728407357,331.0062280061479,287.441829290397,325.3858777300758,345.4395376948395,338.29460053605027,334.39434194875844,330.38518151023914,324.03971275146665,346.6495303240489,61.50899148870995
1248,1390.9538614226262,1185.5829797680497,0.5688087483445856,-0.31545853333309226,0.07030599954077696,49,0.0,0.06830007904042343,9.877752692294553,-2.486645371501379,1390.9538614226262,1185.5829797680497,1774.8393134096927,0.0,0.0,311.66390807933186,0.042603938220420065,146.84533869234764,180.10802231557864,166.54184916951738,161.71375373045822,177.7424240502693,174.97060394930745,194.61341473512863,176.20470970479818,185.33929194284536,183.27100408465776,27.488901034783858
1249,1488.621199723703,1186.0238079198068,0.659390200657301,-0.34361559224637,-0.2682340523520057,49,0.0,0.020234587605745945,2.3313949253842656,-0.9190396170785506,1488.621199723703,1186.0238079198068,1115.4166369274653,0.0,0.0,311.6232135868987,0.042787650250939155,98.85984599652811,95.3867814758948,100.23960479580151,105.57928822749523,142.72000718363626,103.87765706308292,128.37410463977056,96.9394764380429,114.97655571919954,99.99300406373104,28.470311324282317
1250,2866.638427292525,1185.7460329188682,0.517379790803563,-0.4290687470601941,0.06710614928715204,49,0.0,0.4494586654959824,66.86577452510501,-4.563009698817299,2866.638427292525,1185.7460329188682,9310.312232800652,0.0,0.0,311.049057112346,0.042670117144115595,834.1858369512669,915.9532587874501,893.4949304087213,947.1113003608451,887.3758338840195,883.6949299449025,926.0101072157038,971.5401596361351,931.7724782767449,915.547323028477,203.62607430638604
1251,619.7616366724138,1187.5333998194271,0.47596727695144486,-0.3953718719963004,0.15677475708943908,49,0.0,0.014745459034127655,1.8576679079012048,-0.6724201962959433,619.7616366724138,1187.5333998194271,1045.0040252669637,0.0,0.0,311.985229959911,0.04341555115181133,103.94447313915228,101.75313017532656,96.50350250423662,111.09045402677026,106.88135900143399,105.40342946124764,100.53793257087973,90.6350874638994,108.69278276551802,103.67688955369202,15.88498460480723
1252,2933.1890592505306,1186.9449987100315,0.8038185640519121,-0.4192324270514541,0.19887015142941633,49,0.0,0.021167975366173857,2.034623922397884,-0.7712103661866867,2933.1890592505306,1186.9449987100315,1074.4739620282444,0.0,0.0,311.0213302589846,0.04316946310805693,107.65857173296877,104.13102256159581,114.54687534753465,102.97367921220005,126.52084899831269,102.33544878711163,103.0878947524967,83.75562857942629,100.78685920460008,107.94906287057829,20.728069981419416
1253,1853.48663981751,1189.0662114214858,0.5086425511172655,-0.01991240961038042,0.19107074027547902,49,0.0,0.018389281816198585,2.576725812008715,-1.0276705199250649,1853.48663981751,1189.0662114214858,1045.3367367007093,0.0,0.0,311.4711870888338,0.0440552465482844,100.31038564678093,111.69074051180907,100.90877198455333,102.44243536770679,94.94405452678579,90.74457049756944,97.57849525669145,92.67554575576672,98.34049738437,130.91941751899702,24.78182224967867
1254,2599.0477358144403,1189.101353633943,0.5667782295046696,-0.33137010804112504,0.0063522791916312505,49,0.0,4.2170719683204405,622.7783008042281,-6.9858336805608605,2599.0477358144403,1189.101353633943,66264.7990045453,0.0,0.0,311.160545124366,0.044068801682218536,5793.530894537512,6353.439076657178,6306.72049676201,6563.398771347809,6643.375641818588,6683.832640924282,6520.981844780466,6719.094521426947,6601.394220708675,6779.800297412989,1299.23059816883
1255,550.0488666077932,1190.0628220665417,0.3501300554861356,0.34314804019949363,-0.5016391531979223,49,0.0,0.01081067185876731,1.4263751593993028,-0.38558441727580967,550.0488666077932,1190.0628220665417,2625.008747611322,0.0,0.0,312.0142752701173,0.044469274343118884,227.73813708897762,243.89262406133957,240.03187199283303,266.59297252298234,272.47836504752127,262.5106942155613,277.6597646557227,266.3467164411561,262.9915601909764,251.4451652756951,53.32087611855633
1256,853.8641871233688,1190.2572263032393,0.554215012419292,0.453494167614804,0.3809139022935352,49,0.0,0.017297153759312532,1.9333539551587502,-0.7157784280097667,853.8641871233688,1190.2572263032393,1165.9047198582584,0.0,0.0,311.88769153699303,0.044550916172898726,98.566886954348,112.65931462138374,116.26725973970757,126.03555187608903,119.94969633069225,112.64385292646267,100.12271830709881,116.03229434682734,126.53635112180841,114.88961424717786,22.201179386662815
1257,887.7567539829909,1190.2781858097558,0.4537277657182757,-0.0364291009687792,0.1351899459204144,49,0.0,0.008148044639977987,1.11451800594988,-0.11771772313868008,887.7567539829909,1190.2781858097558,861.4455598943136,0.0,0.0,311.87357009058746,0.04455970737165667,78.24022628516857,102.91109645442164,78.60986495679664,107.9568078940209,88.54568726721328,74.55616505042707,81.41639514915894,78.93608684760103,76.45852849843237,75.73148541627123,18.08321607480194
1258,2124.2110817133116,1189.5976695266465,0.8640041886607319,-0.13819052280191357,0.06981395358818945,49,0.0,0.02786064615077015,2.624325873911864,-1.0475444056981322,2124.2110817133116,1189.5976695266465,1202.0708746649402,0.0,0.0,311.35838664254237,0.04427643889359142,122.14498860864569,122.5431409797366,117.63994294604232,95.32707436308279,114.92999488694366,125.22860790556199,117.92499859832503,108.15733256751065,127.67531689554451,116.35576419551529,34.14371271803172
1259,1162.9887057430076,1190.4709982777383,0.6446958046643438,0.5216109431778098,0.0850816546849554,49,0.0,0.010633964065443074,1.1117180507373596,-0.11498664317100817,1162.9887057430076,1190.4709982777383,946.7917276193966,0.0,0.0,311.7588926315642,0.044640417794662705,77.44542369368125,71.5491093404826,103.79924230151168,100.34657109362155,91.97560415482971,99.00285690600128,81.31114463805962,103.65505679530693,107.20144217721082,97.5593276835958,12.945948835095246
1260,1602.7763003596451,1190.6710718918557,0.8477697287998713,0.027333180908833316,-0.018144837295879384,49,0.0,0.021561937462063935,2.0777283688689443,-0.7939719239669463,1602.7763003596451,1190.6710718918557,988.9079093676721,0.0,0.0,311.5756491746001,0.04472400699931885,102.80800802047003,96.43226197344205,90.09570613352778,97.42817668007334,118.26010978499257,82.18294194510015,90.63848835528026,98.52783192357333,87.29105329152856,104.41505298942312,20.828278270260903
1261,2856.9229634758235,1190.6731047415178,0.5408589269262192,-0.3855166589386736,0.13494048790708063,49,0.0,0.17346371420234458,24.829345728948784,-3.4874131893363796,2856.9229634758235,1190.6731047415178,4577.180342224144,0.0,0.0,311.05310479389925,0.04472298724369705,439.48386630510606,421.74449711932,422.27945421013646,445.7625218451965,462.39945167048563,419.8519653938088,458.21033556261796,489.5010782248688,496.25343458525003,425.5757155340656,96.11802177328767
1262,1450.9188265730165,1192.3894774993123,0.7289092147606532,-0.200308007832556,0.012461143977172687,49,0.0,0.014529196482572584,1.6052058225375812,-0.5138268159353339,1450.9188265730165,1192.3894774993123,976.0215558028252,0.0,0.0,311.63892283861935,0.04543997612487906,105.25627276549679,92.41623811714567,94.44138933972137,94.23907001918491,104.27421459596414,79.39475976784529,95.37771576063885,93.79980021153105,112.53433199720129,88.18166266671871,16.106100561377197
1263,1555.2769043088238,1192.5868382203403,0.7013313344378067,-0.20409085602912697,0.1346699381435395,49,0.0,0.07565221124859799,9.5232588286005,-2.4469639699887527,1555.2769043088238,1192.5868382203403,1659.9395639535278,0.0,0.0,311.59544050806016,0.0455222334566937,139.27667043393387,163.021448750877,174.42457446728457,169.55351168793567,157.68375700210137,167.75757854525796,168.26934437407579,159.50793164945435,173.4814992713413,155.1936718432856,31.76957592798053
1264,2195.592174094125,1192.7706506018628,0.5057513149131185,-0.22611328481116086,0.002498974350659373,49,0.0,0.36781201683860454,59.168358063236504,-4.4302237941588105,2195.592174094125,1192.7706506018628,6536.006809951137,0.0,0.0,311.3286451159687,0.04559839675019638,605.8678892137622,630.7680071487973,664.1750452684449,618.6742485982434,613.9096417028467,691.5872731885345,694.3106087646561,618.0454969950771,667.1564873503664,626.5433570933685,104.96875462703889
1265,2737.5177337887935,1193.968003851691,0.7837538629225836,-0.395009573581568,0.06651448965247117,49,0.0,0.034163997938340844,3.645228372133893,-1.404311854715016,2737.5177337887935,1193.968003851691,1206.132914603314,0.0,0.0,311.1028529534881,0.046096140790867386,121.3058680057363,104.02043292449234,113.61494887240906,99.8566180779939,142.07573186011604,117.97926975303028,133.94063468558426,133.2330624366032,112.91503064552718,103.51770191271599,23.673615429105517
1266,1439.7714804456966,1194.2510446094948,0.6171163323371716,0.03801369912439097,-0.10311565243965222,49,0.0,0.009986487059333752,1.006689871221177,-0.007239247482375405,1439.7714804456966,1194.2510446094948,921.6187447699615,0.0,0.0,311.6435675446714,0.04621561760040654,86.0450283887516,85.56552963228242,95.89186888391106,89.07723287304812,77.48531339621704,98.02865599573963,85.453384028461,91.24899648188077,102.77259443069387,98.88032320787174,11.169817451104269
1267,2545.498697805777,1196.0971395361337,0.25951313329432896,-0.684677588357442,-0.4446339451040921,49,0.0,0.009123328874656509,1.4230339293865304,-0.3830381377189254,2545.498697805777,1196.0971395361337,951.4235302321813,0.0,0.0,311.1828559404347,0.04698373926748015,79.5613218179268,74.72223825646489,90.23562803872201,87.77701384363122,105.34253318598206,93.88502637025059,96.24773291664594,99.78266786277949,104.86241430268511,104.85315064411758,14.15380299297555
1268,585.7691305608271,1197.2866260126727,0.663103411372422,-0.44660308611429855,0.02343916593389264,49,0.0,0.06570002438525997,8.353487312857423,-2.3046695433661157,585.7691305608271,1197.2866260126727,1666.97142512701,0.0,0.0,311.99939281142497,0.04747917109837215,136.58743562739863,159.51515431378127,153.7797584172992,174.20749415180626,165.28212156971418,163.52676554644813,174.8030678834854,173.85897587659866,171.6630444297966,167.13030841272607,26.617298897955493
1269,1671.5345412796255,1198.1647524139823,0.5974362851233497,-0.7244141899925768,-0.20535711636426596,49,0.0,0.015964469912394988,1.8586893459790286,-0.673017023917281,1671.5345412796255,1198.1647524139823,1064.4000667563319,0.0,0.0,311.5470000226269,0.047846340275464104,82.77252788087799,109.46733127446342,88.13024680129413,106.69907177302933,108.08410645137474,115.56082958967258,105.13129706898809,103.31773328497837,113.28846115477955,115.85734369193523,16.09111778493829
1270,2120.151516191584,1197.5105038853037,0.6892797250364242,-0.7185032162662348,-0.1339103629757288,49,0.0,0.015150709617748847,1.6459551124627565,-0.5410449680236337,2120.151516191584,1197.5105038853037,1093.32371618364,0.0,0.0,311.3600780499272,0.04757340575089409,99.60244037347049,106.8337238397423,96.40390550130576,104.4986345622619,109.22458431391988,115.16862087810964,102.48221005077299,103.89586208542812,115.99356505325372,116.56917852496497,22.650991000410176
1271,973.262743677166,1200.6089163669933,0.43578136146937285,-0.7261280869829023,-0.04566380386616912,49,0.0,0.009292799666204207,1.1041072717019784,-0.10752817543270124,973.262743677166,1200.6089163669933,942.3509022427152,0.0,0.0,311.83794366337366,0.048864231304796,91.75112147119707,98.50153369096647,92.13418710941154,119.51092154375254,101.92427075609496,91.03959180698934,88.4697570790491,73.87569460488663,76.57984877643784,96.72739671575602,11.83657868817356
1272,2036.9445562920846,1200.1502438988525,0.23066828155229196,-0.6475688118682201,-0.009346353658463511,49,0.0,0.006897657124587372,1.0483805891264684,-0.051297428355939964,2036.9445562920846,1200.1502438988525,931.7564047334206,0.0,0.0,311.3947470464373,0.048673382572186126,97.46819167636406,77.66240177814434,69.80382619537667,102.11530607970934,70.51866199931341,97.78580783793483,99.8307489133037,100.07511940426188,99.47033043233515,93.37516557438119,23.650844842295953
1273,2481.8016247915502,1200.3022240788923,0.6486356629468643,-0.504813510595869,-0.0519900866264385,49,0.0,0.14820597092241944,20.21281115720649,-3.264066796301932,2481.8016247915502,1200.3022240788923,2623.138440762432,0.0,0.0,311.2093950686616,0.04873595136443454,224.38208785314617,266.71021327772496,243.805084681388,262.2278023691645,280.5253456212707,274.68593876214584,246.23401827910442,229.00597400912721,275.68106803921137,282.1213025056197,37.75960536452933
1274,984.6290974525142,1200.868487810851,0.6370715938247257,-0.1793491588899782,-0.22775903143240914,49,0.0,0.03886005870577312,5.236482236601409,-1.7975990866043396,984.6290974525142,1200.868487810851,1298.9240326413342,0.0,0.0,311.8332077995198,0.04897240233051683,119.54375037929732,110.83219227320627,115.27984505467293,139.43871942179183,118.20639515158433,119.87333768916581,136.3592293647699,138.76372970319585,138.10525422256683,138.48549300418856,24.0360863768946
1275,2907.6036144269533,1201.936249413247,0.5075314530213388,-0.48388411221646,0.08315974818345015,49,0.0,0.08390510837578688,12.153596533956609,-2.711762037164843,2907.6036144269533,1201.936249413247,2508.4333379319646,0.0,0.0,311.0319896104136,0.049415558012256465,269.1987163988866,241.3305669798276,238.23178937280332,255.26790598986008,216.68981397197155,236.12271913432807,241.43739947518915,235.92930017062503,247.1937944458516,272.85968973895365,54.171642253667855
1276,440.835652933379,1203.6892999833613,0.22551167526403237,-0.5926765652085227,-0.46208245925998515,49,0.0,0.007869233806066035,1.0015893184346627,-0.001724210768071973,440.835652933379,1203.6892999833613,986.6728484451432,0.0,0.0,312.05977782594766,0.050146438861396865,97.20457545985033,92.29180055903194,80.72302371946203,107.9218450880898,106.89611190291909,99.71091755775004,87.06592194712614,104.74388277504598,99.48282844175648,86.12331997656206,24.508621017549327
1277,2099.469090688943,1203.5911884918953,0.3950036273614385,0.19643704343238333,-0.05530013243701607,49,0.0,0.011622749669380867,1.5009331062889981,-0.4409033425053463,2099.469090688943,1203.5911884918953,985.3728031659019,0.0,0.0,311.3686955403766,0.050107012725823886,89.69663574314492,89.12003640229875,93.94212744736777,99.84495692963549,107.0301964166494,90.90036104649597,106.49246925380663,86.29632878450975,101.91593558594954,95.40473123036246,24.729024325681248
1278,551.0285011532964,1205.2245745586904,0.20452184058947456,-0.307475638845061,0.04592259584244954,49,0.0,0.00793624950910006,1.1912826585809706,-0.19003704958727624,551.0285011532964,1205.2245745586904,941.6972257674458,0.0,0.0,312.0138672958657,0.050786435431784835,91.42035197040566,90.96473925101019,79.16935823251853,92.9081264565451,99.92952283667044,96.83697281584169,96.94184335954411,94.5251273421473,96.72809689251856,85.7700886646823,16.50299794556178
1279,1200.1007623987148,1206.661070180858,0.6507553106384683,-0.022901692088578177,0.029648623222852825,49,0.0,0.014966890372002422,1.7408790704699266,-0.6019215101430189,1200.1007623987148,1206.661070180858,934.0888195683963,0.0,0.0,311.7434295561775,0.05138623155525798,78.34752002692576,91.26676139512365,85.09354569198544,102.831835607749,90.1054308417298,99.92418812492713,90.20793571819434,87.31430988634376,81.41937233675102,97.6461184663691,29.93180147229735
1280,2508.57106221829,1207.1289076632308,0.9820196609595561,-0.8234766295435602,0.3788739730576589,49,0.0,0.016156249801464052,1.3001135844615375,-0.2849532402863103,2508.57106221829,1207.1289076632308,940.6103531535719,0.0,0.0,311.1982415811442,0.05158025542960336,84.29091288404499,82.53369827501791,104.5668596584419,104.00428818567929,92.15208938775518,86.14223944987671,104.72706380711986,81.52743246097339,92.28710641475644,91.37190049462332,17.00676213528278
1281,2708.9957294654023,1209.07643358023,0.657746864635641,-0.03741984341264716,-0.13491735830250084,49,0.0,0.03240503386402804,4.0125394087776405,-1.508548277040496,2708.9957294654023,1209.07643358023,1231.7044722024357,0.0,0.0,311.1147360907784,0.052391140375667035,108.27977479002479,110.60808167190008,117.92446416530518,113.89831773308225,110.83999375474329,133.4819666794343,127.17096400306853,131.50795708793765,129.93831605209644,126.81710094727002,21.237535317573233
1282,2392.4651214702853,1211.3189074939048,0.7580721790697944,-0.008222533498967606,0.021088986098579284,49,0.0,0.05005439845531306,5.818342436323812,-1.9119981947481115,2392.4651214702853,1211.3189074939048,1307.4516873532293,0.0,0.0,311.24661698896494,0.053326314806287654,107.80129547288419,124.37538199186324,113.7041600443942,135.05365547717062,125.07613977161682,122.1917302089816,135.1217928893886,147.60253744369322,130.01805518483886,136.15725928338088,30.34967958501727
1283,1020.5652028214834,1214.319413259266,0.8803054569607972,0.3351419231150007,0.040489534331660054,49,0.0,0.014716021370720202,1.3138088708022455,-0.29633047471582136,1020.5652028214834,1214.319413259266,917.0709891175545,0.0,0.0,311.8182348520981,0.05457691464477954,79.19916218287416,82.74681210189274,83.89641298605886,89.39667285824365,92.69847944965024,85.61772097096441,80.26366743046127,113.34576236422747,105.54032830185726,86.18020961023842,18.185760861086067
1284,1050.050256580606,1214.0177886382676,0.9418430156013563,-0.23827082150398124,-0.06323445225441078,49,0.0,0.039637288212595434,3.799909957433468,-1.4494332642702537,1050.050256580606,1214.0177886382676,1201.2589427674957,0.0,0.0,311.80594966160146,0.05445128781646626,116.65445947717785,104.355238570525,108.59380667037901,127.17118248858456,126.01117816404961,119.94459672377147,109.4797228170227,121.99647878785198,114.75610672564325,125.95603862810117,26.340133714389104
1285,1535.7621535420444,1213.8854243575313,0.4293457669257344,-0.372098649982708,0.20323159455415207,49,0.0,0.014624766255990901,2.0630598980972765,-0.7862795932429713,1535.7621535420444,1213.8854243575313,1028.6132415302864,0.0,0.0,311.6035716354031,0.054396566695744816,100.4241730124456,103.00711024496854,83.70698788468079,95.50383256182326,109.712239700993,116.5140142838821,86.14779722788421,98.20798096739185,111.00914770787384,109.6619930748602,14.717964863482973
1286,1633.7899356441299,1213.987625289407,0.5244741883463283,-0.3004998926869355,0.04708345056865285,49,0.0,0.047119986244914314,7.314751916868852,-2.16049900354159,1633.7899356441299,1213.987625289407,1418.5485392358205,0.0,0.0,311.5627268714447,0.054439154513744176,124.30563702815813,135.5386292659942,114.9989576719142,148.05213852604425,149.64123428169577,160.0553647318896,139.849173376425,126.98901167207795,156.19023350247397,135.4746333923175,27.45352578683
1287,1894.539373839389,1214.3398146682011,0.6903074320081736,-0.10124848277748076,-0.13894927370196436,49,0.0,0.16797962133131208,21.531255747678987,-3.332673398802093,1894.539373839389,1214.3398146682011,2983.1379973451985,0.0,0.0,311.4540818376123,0.05458577573258803,259.27215477970105,288.64606747628187,279.80860499510527,281.42451431362474,303.83268449406563,311.8044207960504,285.789839180939,296.9292300489844,257.06688932292525,343.5627604162066,75.00083152131401
1288,1349.978136954836,1215.3849078840658,0.44323598954512367,-0.28968196640881716,0.040514660787893376,49,0.0,0.03415920953309382,5.591120455726706,-1.8687471221213277,1349.978136954836,1215.3849078840658,1332.6113177593436,0.0,0.0,311.6809812620367,0.05502126129661139,130.32985836539694,114.27516882659253,127.03749635352884,141.8542868132503,112.14013414750673,136.69031273005527,142.73374361994223,145.34918372100876,131.20479240300955,122.58755470452972,28.408786074522805
1289,1800.760718855019,1214.681073989781,0.46477491688867145,-0.5588430507183842,-0.09342560973719806,49,0.0,0.04020407403127844,5.8362544424611285,-1.9153355437920558,1800.760718855019,1214.681073989781,1627.5304266337646,0.0,0.0,311.49315601233184,0.05472803275248943,141.0814935702874,163.18303736728728,149.71289449620463,149.18852283769723,157.19662982815527,139.7513369926382,199.59401326101985,164.16086172027894,171.34902807605323,162.10231935798697,30.21028912615556
1290,2974.512971803215,1215.0017690502375,0.31002341683522266,-0.2650930622739788,-0.12240596638051061,49,0.0,0.009965046882993992,1.3577180420716446,-0.3320239729347616,2974.512971803215,1215.0017690502375,1005.1365697766812,0.0,384.5572612003032,311.0041132635422,0.05485897414980252,81.39850501158034,121.39173949232065,97.74130673029512,101.98666767433471,106.71092889128751,95.29780787805186,98.79962674532618,92.25583127793212,79.16106508656641,104.45564158417861,25.937449404807733
1291,2735.7180175622466,1215.7958199603113,0.5068475323645945,-0.4358051639506361,-0.3806294940756825,49,0.0,0.008855662165642597,1.1106151625642071,-0.11390899584923854,2735.7180175622466,1215.7958199603113,823.9445003548904,0.0,0.0,311.1036024986686,0.055190683946289315,82.77015774389676,65.95568849920892,88.5672055493635,78.33591364819173,66.49860730345367,81.6056052213155,81.75704409854045,92.10272648566101,78.46958979628732,89.53127206709132,18.350689941880233
1292,967.1242985400929,1216.555822717988,0.9180630383052538,0.09688170051543331,-0.05719255889502453,49,0.0,0.013506515481668984,1.1169442706542894,-0.12007876190471464,967.1242985400929,1216.555822717988,932.076654478075,0.0,0.0,311.8405014003256,0.055508641156110226,96.51517502194814,92.17738211564219,86.97153602942447,83.52649694417701,90.75006557767928,85.59330926712116,106.02809184817335,81.87505111384958,94.98418207442816,94.96877629043524,18.68658819519647
1293,2602.0849345653473,1216.2950323787516,0.3411787375615578,0.07288379271267265,0.44352812116268364,49,0.0,0.013551704848531581,1.8879954684389537,-0.6900023689274788,2602.0849345653473,1216.2950323787516,1196.8378646753986,0.0,0.0,311.1592793867367,0.05539909867263988,115.1454104173859,107.62322520252536,94.97829441477401,131.4670622366842,108.80303629300494,126.46478422293649,97.59193566858434,140.27110114958236,118.88867757298712,130.0788772244789,25.52546027245488
1294,1035.2015863676788,1219.9817190683616,0.6941716790323946,0.3405686980385905,-0.07348500598057299,49,0.0,0.009529615349295004,1.0028208843052322,-0.003058424514003309,1035.2015863676788,1219.9817190683616,895.896374006998,0.0,0.0,311.81213652246606,0.056936194649663645,78.08968619847151,85.45839852362364,79.73487245798437,76.1495307386644,94.43114171493555,91.76099390703857,99.2630723352829,99.32412644147226,92.1755571651387,81.04564441911876,18.46335010526752
1295,1735.971428981435,1221.2001633000602,0.7310702413170967,-0.0767067483307813,0.11906628158199589,49,0.0,0.032320368955098676,3.694449019910901,-1.4188741951526866,1735.971428981435,1221.2001633000602,1163.600153772964,0.0,0.0,311.5201514050438,0.057444329100884754,101.63942605129725,121.77468176197115,132.97071634133596,105.14783923197881,115.33928811342713,132.47523545706485,111.78562465079011,105.37787403865589,120.94491548656971,90.33517664446846,25.809375995404622
1296,859.6149455503066,1223.2909600149162,0.5512706326799071,-0.17655838237095742,0.4805265434598035,49,0.0,0.010229598856521119,1.129429686556149,-0.1321479969696585,859.6149455503066,1223.2909600149162,898.5145925712695,0.0,0.0,311.88529574657986,0.05831466928409081,102.42055413696706,91.15532352995112,78.6268805278975,87.26099515270654,78.16125980673604,92.7600740075449,79.5523463184121,92.61559426999658,93.03551261709143,86.70319808712475,16.222854116841347
1297,1177.1326766918514,1223.3311037461099,0.4341468463865031,-0.11741619865612231,0.02630587541341022,49,0.0,0.01172893892975521,1.699904322485588,-0.5760611955252538,1177.1326766918514,1223.3311037461099,926.197029418641,0.0,0.0,311.75299955103134,0.058331965648034216,72.75830871338601,83.35789792068945,89.5182145206605,93.09371547007795,83.23172660971238,99.90709793839646,89.60140449560627,94.29741177816732,81.4717611663948,117.06634968913811,21.89314111641181
1298,2875.364789746225,1222.6224353265834,0.216268983363401,-0.5623901186592957,0.2682636393452644,49,0.0,0.009994386751464517,1.4895708666552727,-0.4326529242405516,2875.364789746225,1222.6224353265834,1028.0944396187203,0.0,0.0,311.0454209181795,0.05803447178618051,126.0874793398688,85.73123250965722,134.36051417156077,94.77449714129683,90.29323251400076,67.00285887563305,88.06449306927647,99.58897453182256,115.13668264648335,104.79717014615461,22.257304672965937
1299,1467.4867869049378,1224.4418670070474,0.39416546689091153,-0.20230585325113776,0.010582952168120887,49,0.0,0.013557126653717543,1.9827562801374536,-0.7431733353160048,1467.4867869049378,1224.4418670070474,991.6726683403224,0.0,0.0,311.6320196059281,0.05879502916022046,88.49607465474391,100.75708542611022,90.38365677683589,119.71765703607022,97.91651760205414,90.81494940055981,96.42464844601182,99.01470845352576,102.28419344907098,91.42233769765099,14.440839397688663
1300,1548.121485951354,1224.5237236507476,0.3820914881853754,-0.38156998430958405,-0.022693252969580704,49,0.0,0.007952602296120916,1.0544777226307982,-0.05759352268114449,1548.121485951354,1224.5237236507476,905.3662544143217,0.0,0.0,311.5984219388859,0.05882915907844245,76.05241785764152,75.57260008015339,88.96658078699514,88.87825557722145,81.92073225562594,85.42831936360751,100.77421064966866,83.4975470861927,99.2307736813014,103.6464650253991,21.39835205051491
1301,2723.345517905569,1223.3318561119036,0.7021497967065723,-0.49404513888516993,-0.5311453749939918,49,0.0,0.011057669344722246,1.1182977692519822,-0.12139364645321288,2723.345517905569,1223.3318561119036,857.2266893611911,0.0,0.0,311.1087572451481,0.05833061100415406,75.07621314248578,76.89038597008712,80.83040503107037,89.88304653536099,92.11521042139013,74.24748089457336,75.23124543820563,88.78603926185511,95.22806350515978,90.59843463015966,18.340164530843307
1302,1898.7767638252553,1224.9214477633757,0.5273853293715783,-0.3424000336645612,-0.09947757362223979,49,0.0,0.05606137486193347,8.241471898840208,-2.290011955352619,1898.7767638252553,1224.9214477633757,1712.003265798652,0.0,0.0,311.4523162368338,0.05899474170124288,145.41798420692925,179.9183594872065,163.85546662464583,154.56258782278604,169.70614344697503,170.09486258483662,183.1911079898813,170.25002668458146,159.82452264778317,179.13313259745632,36.04907170557049
1303,2734.021292257499,1226.8089890490796,0.8640056195384167,-0.4199666970410781,0.9071078093641939,49,0.0,0.01333592085053136,1.1427599979226526,-0.1448875739706805,2734.021292257499,1226.8089890490796,921.575026706477,0.0,0.0,311.1043092747478,0.05977931922334968,78.55165710135552,89.3572095788131,83.64260761009712,94.64219259372919,74.39694622788504,99.75290999697702,91.51465388417122,89.7427682521203,101.5204502630669,97.75725427838167,20.69637691987999
1304,1199.9297780757445,1226.6707232225351,0.8560407402661296,-0.19312300720995723,0.11589126371605642,49,0.0,0.018243423141505174,1.7694198356970112,-0.6195772288168889,1199.9297780757445,1226.6707232225351,974.5756469896942,0.0,0.0,311.74350089011756,0.05972348645501121,109.38315546346101,96.62978008552724,90.64500495201447,91.74541179341394,95.62130938138819,101.9591689596968,100.12011530523665,77.3632015963162,96.60685407383156,97.07198033945718,17.42966503935095
1305,2157.449448606984,1226.8645479165252,0.5703729590934159,-0.34351066582793366,-0.15307300671142163,49,0.0,0.07442344451635018,10.522965539224186,-2.555345370415517,2157.449448606984,1226.8645479165252,1897.140772000836,0.0,0.0,311.3445373580701,0.059804009021311375,185.05523972809596,173.54823620272316,182.658281851249,174.20201596844987,221.73361566820915,184.3383835471967,181.2130407511409,165.89557297769102,170.1471526353568,212.06033114536336,46.28890152536033
1306,3041.813973092132,1226.3376528715628,0.5868147595996855,-0.459847102990957,0.36308915529835617,49,0.0,0.04638101922392072,5.367811680717802,-1.8244931776174425,3041.813973092132,1226.3376528715628,1826.690352474461,0.0,1610.2176086507084,310.9760740296578,0.05958168878179271,190.4325904521681,171.9541845798238,174.18253908340336,189.0729776610675,186.93408299929735,160.8032033718731,189.97321927390396,192.30412426323247,175.64137308105208,161.286071929422,34.1059857792172
1307,824.3065457425197,1229.3893821269244,0.38651837369452463,-0.38671235113091945,0.4876645723505342,49,0.0,0.00911869416387413,1.2233616365379774,-0.21888714327944347,824.3065457425197,1229.3893821269244,911.5214733869847,0.0,0.0,311.9000071383127,0.060855536610738344,90.27735192283444,95.23835866037265,89.10181614698637,104.86930633027066,95.8072802834956,77.5078463156411,80.9422371676778,97.55409406562399,73.11240673810241,91.40271778848158,15.708057967498057
1308,179.61237103509663,1232.0350633110297,0.23246551837592996,0.2007625893855506,-0.6247953849317155,49,0.0,0.004771492356520524,1.2260678615391216,-0.22128627145179022,179.61237103509663,1232.0350633110297,592.8441323526977,40.0369805411292,435.55876963042533,312.16861129282984,0.061955557866585256,39.67505146729552,41.157707116127945,49.20324410262194,36.510293521988075,105.18344307823864,35.63488252345493,79.12536468322705,54.103657657230585,112.11910616696794,36.7519707926033,3.379411242941774
1309,219.5639289018127,1233.0190035150263,0.3218959407423637,-0.2798023925835124,-0.05563283632081422,49,0.0,0.030691406746225867,4.880838771270685,-1.7212361546135677,219.5639289018127,1233.0190035150263,1554.9942311185569,2.476858325243705,1590.0829224858144,312.15196660354945,0.06236569270652963,142.9676851451061,159.87759120277474,140.40504980146437,139.63024224108662,168.42049871483516,162.61267707792092,148.2177579462666,175.8650861647666,138.30900811839706,146.87079727795043,31.817837427988454
1310,1109.32988558044,1233.168210282106,0.23861121848706032,-0.3918585934933984,0.5790654436334948,49,0.0,0.007358208083455978,1.0968327826307174,-0.1003510559098201,1109.32988558044,1233.168210282106,888.1554571010922,0.0,0.0,311.7812503644606,0.0624306082105809,92.83871838956156,84.30829406160416,77.24957659183242,73.72166303820745,104.25763623374417,84.52177899497292,106.60922449743126,81.99305178496547,87.21780380004468,73.55482016018917,21.882889548538824
1311,1743.9425275994631,1232.380149795145,0.3255952542066625,0.519834793476497,0.04563218266187375,49,0.0,0.00912101323665381,1.326167638685498,-0.3064960649877207,1743.9425275994631,1232.380149795145,929.834987119265,0.0,0.0,311.51683011006014,0.062102616487596976,80.79860513207524,97.67640873250463,94.99183363418247,90.92490120016492,82.33882828081718,82.34149528305107,82.98051636283006,96.52591481098341,104.28064556124978,100.84933979312707,16.126498328279126
1312,997.304758900916,1234.7686900276988,0.2981762294654765,-0.11692125685451844,0.1679847679153839,49,0.0,0.012437566177003586,2.010313160365546,-0.7581592893534987,997.304758900916,1234.7686900276988,983.2472941485216,0.0,0.0,311.82792663108745,0.06309726123779459,89.43932186882694,103.09405187465646,88.24944448191147,99.31401542378433,103.9291306393576,89.72117746407902,117.74428980966425,102.12021409348566,73.65977634138483,97.76457179877897,18.21130035259215
1313,1230.532915804661,1233.832879491347,0.21340881577781953,0.07109578705084928,-0.34512668257993007,49,0.0,0.008447118030443259,1.1881990855310307,-0.18722303449112496,1230.532915804661,1233.832879491347,981.6793018418448,0.0,0.0,311.73074975326506,0.06270772303692117,80.81854656273343,101.53155306845815,104.1302995758677,109.96422001971108,91.26288771559167,85.58132914459308,95.64689111779609,80.59269341762378,95.39219041605979,117.4127360957184,19.345954707691668
1314,1283.7669601247553,1234.0644303001745,0.44099216962025256,-0.6303017491026676,-0.04699152145324535,49,0.0,0.011948984828579447,1.4593870865766665,-0.41042624767001606,1283.7669601247553,1234.0644303001745,1018.6626130955065,0.0,0.0,311.70856910643295,0.06280426221333678,82.1239719968588,121.160864595395,89.87829789315381,87.74171496319225,99.80435912465164,104.62792038140627,95.61907671831118,104.87355238332728,124.07409981195941,92.1783326125186,16.58042261473223
1315,2023.1849127493058,1233.746618844008,0.49312501439148226,0.044783899080455096,-0.5505296091839711,49,0.0,0.011620458361669483,1.4799380512664648,-0.42560884160189594,2023.1849127493058,1233.746618844008,952.8217772862761,0.0,0.0,311.40047999123846,0.06267171223817071,71.24121556819969,102.4358515472722,91.36104234291547,107.28324292474909,88.20525923859174,84.05178388712824,89.34334022607906,96.45326959591156,105.79418497942987,98.7421895477752,17.910397428223956
1316,1497.836664949951,1234.5439580865566,0.4074968360115394,-0.4182272133822243,-0.36401463963886516,49,0.0,0.01233157530438809,1.4074832509191686,-0.3711080886012439,1497.836664949951,1234.5439580865566,1032.2808175721711,0.0,0.0,311.61937388519624,0.0630042130815751,102.02581649727628,100.45272770947683,93.38136000259372,90.56094927587705,112.64775587439998,99.98026792219243,101.01078826930294,109.75571453655144,98.22461373458592,93.36344083929589,30.877382910618543
1317,1861.1859308926523,1235.0603584863918,0.7381105049732147,0.0785737515976903,-0.5620504617005597,49,0.0,0.01169685136248697,1.1155328851759376,-0.11870594381081186,1861.1859308926523,1235.0603584863918,921.2136433171343,0.0,0.0,311.46797893885315,0.06321928235064114,64.52412209063559,89.8869346923537,82.44708866192168,92.82453989405582,99.24122158124503,97.75206837981047,86.29377191073777,97.66032725299293,87.15178280596496,104.45439889010375,18.977387157312577
1318,2363.8502935705374,1234.716778511078,0.4980104584917793,0.5371527525549487,-0.39544005871475635,49,0.0,0.013994313952531761,1.7192619456656308,-0.5883551264040507,2363.8502935705374,1234.716778511078,1092.1443986558932,0.0,0.0,311.25853920645767,0.06307526678290225,99.81109851141917,100.37246032842685,104.85050720854417,117.1493850836001,107.83349281639212,111.2722955010801,110.70147790788565,113.81655994761182,93.09672483643263,108.73894550437294,24.50145101012764
1319,676.2851672828498,1237.0106095162325,0.5095812123773373,-0.3095370453990769,0.0974930070876165,49,0.0,0.025631167573652157,3.778002015491739,-1.4431554631841683,676.2851672828498,1237.0106095162325,1215.102920751501,0.0,0.0,311.9616802395599,0.06403054864189371,122.90706101125664,120.21238989725012,118.18280692700574,111.71849460067929,126.77863031114981,115.03083713449966,118.67612731125527,121.47418380708108,121.55597524213836,121.9212483057523,16.645166203432687
1320,2461.1640501539846,1237.2883187534565,0.4333089439682373,-0.45453707893897627,-0.08609518870132672,49,0.0,0.013737075159118121,1.9842625935031082,-0.7439978632991051,2461.1640501539846,1237.2883187534565,881.058823270143,0.0,0.0,311.21799331706114,0.06414644979284806,80.72152998878806,96.99809752197932,86.49455314611374,87.83555272757101,93.9750631231314,93.29311096599763,73.05438289899507,72.50153309922865,94.40556097449031,80.58002216228272,21.19941666156492
1321,2130.7574895778766,1238.1016268837004,0.5642906933889892,-0.3298456441484279,-0.0387044145667621,49,0.0,0.10750326878813463,16.167976005295017,-3.021639139940852,2130.7574895778766,1238.1016268837004,2263.9292868314046,0.0,0.0,311.35565873093043,0.06448610279861701,203.95207301372108,218.86401168010013,246.4333334870829,208.64588102931498,193.30601349379754,230.2590542108906,222.7715795930598,244.1588023902273,218.21117525657587,231.717854936854,45.609507739780206
1322,2691.639698537748,1238.913390258772,0.8120042959145009,0.7062534244547568,0.49419338395467594,49,0.0,0.01216279928775036,1.1861854627570128,-0.18538149313323596,2691.639698537748,1238.913390258772,862.441598786126,0.0,0.0,311.12196691049166,0.06482277392965206,70.83289025629006,89.83040690212938,85.94941854824864,84.46673760228057,73.19714338313196,85.91366574959005,84.44716214146558,104.93314542638763,82.40274400232018,83.62379426216637,16.844490512115552
1323,2706.953223627804,1237.771241844277,0.682607352327567,-0.28715262026183863,0.09762084298985256,49,0.0,0.10098660752712815,13.003898579968709,-2.785183934217308,2706.953223627804,1237.771241844277,2056.739320458117,0.0,0.0,311.11558671479935,0.0643468397831458,172.27988537646615,193.68090454660404,190.92462761588723,223.02239018556372,201.66700734228465,197.60379569764626,196.45910810358288,214.38617013653408,214.2671423025464,208.45568380009226,43.992605350909486
1324,1547.2854293860876,1238.8023547840214,0.5653768756529987,-0.3234623566161328,0.053131042172089325,49,0.0,0.03268799618992421,4.519172266182623,-1.6376472412603968,1547.2854293860876,1238.8023547840214,1228.3157601660828,0.0,0.0,311.59877030327715,0.06477854532621737,110.3541664407216,125.53452178284758,121.87057629346067,122.21280212063427,126.28171035083585,117.27494501547511,124.43752241539181,123.32523435221846,110.21942765832866,120.44503852714743,26.359815209021285
1325,3040.947669155654,1238.3111040397666,0.39491241036900326,-0.40338339047964017,0.52577750089656,49,0.0,0.0109984235350852,1.2126929591373474,-0.2093771401881703,3040.947669155654,1238.3111040397666,1154.4911983728484,0.0,1016.7755070718947,310.9764347523387,0.06457032123930181,124.89971202109537,102.67697714277092,95.68433462155865,123.83566741312515,121.18928016743335,108.90032635996019,112.43231281695523,109.14185335290247,131.3268081687542,113.26748728915508,11.136439019137661
1326,663.1449854118291,1239.9883640160342,0.6267447064674566,-0.3040933154543704,-0.02241854269350957,49,0.0,0.17809963822145644,25.265164389433217,-3.506305320871747,663.1449854118291,1239.9883640160342,3121.7959595364755,0.0,0.0,311.9671550805926,0.06527120084582001,268.14128602817823,308.91052778097895,306.20598760307604,306.9134055185251,282.7242292099406,351.1809869079313,293.7136521969558,282.8409114421038,325.7119659872888,323.5729736338768,71.88003322762022
1327,2213.2314493820545,1239.6147870036662,0.5220043610517153,-0.5900927119438679,-0.16486353662401532,49,0.0,0.024410124631426458,3.5251859649185704,-1.3679550809126266,2213.2314493820545,1239.6147870036662,1185.2997179212798,0.0,0.0,311.3212952625898,0.06511641482498384,109.39141350349288,127.40157345989371,107.43676044966895,118.26863460683477,126.38016109554226,102.82570000037978,130.16735676713478,116.32424327324809,121.28104626307687,93.49475184399613,32.328076658011476
1328,1131.289823651248,1240.8317807741666,0.5915065535057952,-0.4349739149585212,0.08586304577240488,49,0.0,0.037031492894039814,4.973027862907206,-1.7415522312662401,1131.289823651248,1240.8317807741666,1418.3649373008457,0.0,0.0,311.7721005700513,0.06562375649466906,133.42792110900416,128.12173658805156,141.67104759919357,148.7778943484607,118.65120267886712,154.4573739982922,139.94467754487607,147.75982121951168,137.04973233590016,131.99735422719044,36.506175651498104
1329,377.65243258615624,1241.8457795362074,0.4342490049695312,-0.744044356248391,-0.5526782320589361,49,0.0,0.01064122615310256,1.1288316866658874,-0.13157297925543518,377.65243258615624,1241.8457795362074,1059.329393959506,0.0,0.0,312.0861026238676,0.06604402374962441,102.69029045129425,117.68806393208177,108.82099365636665,118.52050328330884,94.84354504055153,104.5198940330774,105.45830709224771,101.25595534340448,87.20509918410816,93.32742012122947,24.99932182183585
1330,862.6065250096161,1245.2418090170029,0.2476027256930731,0.17201298337377863,0.5765198889644207,49,0.0,0.015315794433851568,2.514134502691037,-1.0009712703020182,862.6065250096161,1245.2418090170029,1160.0078272125818,0.0,0.0,311.8840494797976,0.06746066661474284,105.93712935116686,101.09879695920867,125.10700006206451,116.56952642631697,98.27439371596898,109.29154684948563,117.02725562004463,118.66184214974611,117.99481714977517,128.73016225325085,21.31535667555338
1331,1801.3115464563175,1244.6122933904383,0.6272511173578216,-0.4325426890350215,-0.1663581442051828,49,0.0,0.03686087451066286,4.698109280434497,-1.6798077861793757,1801.3115464563175,1244.6122933904383,1268.3139356667957,0.0,0.0,311.4929264336231,0.06719926979422239,106.08246555128969,135.77564331830885,153.02706363259028,121.78293081429703,142.07775324145766,114.50929037077532,117.05039070005792,125.9929403849006,120.64605231907217,114.17122455485196,17.19818077919441
1332,1132.0970407981526,1247.6967850049416,0.42037931086008623,-0.13615843725212615,0.11894484928726995,49,0.0,0.013844280969931113,1.826347973138975,-0.6539588174651924,1132.0970407981526,1247.6967850049416,1358.5703477649975,0.0,0.0,311.7717642710565,0.06848414044533215,133.23690927250186,121.37977650884359,136.15161707830507,152.0304597974134,116.23243567881002,145.9029686576525,134.77173235527607,135.0991369718471,132.64791940670085,118.35936610766731,32.75802592997965
1333,1504.4039673147975,1249.7594155198199,0.3362029288081299,-0.29686163771755797,-0.10903217225070072,49,0.0,0.02810363027218166,5.358691980144005,-1.8226469858314978,1504.4039673147975,1249.7594155198199,1270.352010773124,0.0,0.0,311.61663753533884,0.06934394457816688,120.79762296670546,118.17247343616692,110.53839581647817,128.6471561587117,145.85830602872738,114.51453748105985,134.75072988809205,126.49192675374465,117.75070617061542,133.43764277944905,19.392513293373373
1334,1618.3787172638283,1249.9100241515375,0.5744629492243147,-0.7882369130491049,0.25842316719017877,49,0.0,0.011370370506359088,1.2073538583793002,-0.20458643584562974,1618.3787172638283,1249.9100241515375,984.7302796767464,0.0,0.0,311.56914818242103,0.06940671411240487,81.66150865790264,97.55595753281027,110.51401560287985,85.6944076799998,88.74313016990632,101.27622952162292,85.30518799123938,117.3904093281353,100.78805493011342,91.37038856287684,24.43098969925967
1335,1893.919373912246,1249.9660815902675,0.44641264242823936,0.11096208116309937,0.3741812555877607,49,0.0,0.016281823987744175,2.028473395231488,-0.7679232900467241,1893.919373912246,1249.9660815902675,1092.8861225024002,0.0,0.0,311.45434004970997,0.06942991375288356,93.59764246885098,106.64636597764004,97.26782271504311,111.56595658590439,102.9409303039387,104.43300972132056,123.22333823842273,117.0638947483759,113.64921263449625,99.06639762413218,23.431551484275456
1336,808.6064748422999,1251.3331486546897,0.8440214462821084,-0.632068914399279,0.04725140684018187,49,0.0,0.05227282171295216,5.735146642344618,-1.8963613172091178,808.6064748422999,1251.3331486546897,1287.4824411745094,0.0,0.0,311.90654879974215,0.06999851870717437,111.92636554405547,133.90136480876615,111.06755673422691,134.81982744115334,129.91256054278196,128.14103569061484,141.77374148266983,132.55265828042212,133.310683997715,108.46291820689162,21.613728445212285
1337,2107.290164036659,1250.7833455167204,0.64868434820779,-0.46124688419444293,-0.10958256743715894,49,0.0,0.1360220300736566,18.540079738272404,-3.170278994129776,2107.290164036659,1250.7833455167204,2552.3692339697186,0.0,0.0,311.36543654318103,0.06977012241015433,210.8496667161482,255.505470616378,259.4022969409692,251.61935225570704,259.60502218344186,249.2119938861835,234.00871760847485,248.64456781069995,272.01321011795443,257.2005293512925,54.308406482469195
1338,3068.3214368776516,1252.437278534609,0.3841957674068272,-0.618483395848034,-0.24145619436866558,49,0.0,0.028404049651277588,3.711657195608414,-1.4239196461498405,3068.3214368776516,1252.437278534609,1892.4628717077012,0.0,1572.2203165436729,310.9650300871829,0.07045571681583036,172.9274737348706,192.8389571157191,190.8222007828369,188.2925817217407,167.22980749366866,188.16585702405007,169.223228530249,186.82027707577214,199.79920236377,190.6112354073727,45.732050457651255
1339,197.06755338999173,1252.7396692341079,0.23509964731285135,0.3279090708289585,0.5408945216049402,49,0.0,0.005809979452207392,1.2005255601956686,-0.19842852746275547,197.06755338999173,1252.7396692341079,800.7774790362382,1.2885109143857632,734.3586760436197,312.1613394200937,0.07058204996436647,70.3376932130561,80.92958203667067,71.08456705280165,75.80794929137258,85.96022830832095,92.51253710640513,77.22685523771437,67.74367861988068,119.76628733777193,48.60664606284887,10.801454769395248
1340,1196.3981530789554,1254.2533397571449,0.39075652661231813,-0.501088829910555,0.028908677919651946,49,0.0,0.017138616023793584,2.6610210896944575,-1.0626207913217574,1196.3981530789554,1254.2533397571449,1092.6253728045433,0.0,0.0,311.74497251031687,0.07121611040666974,107.10122435954062,99.12385462211765,94.35220547247133,109.45632025357452,110.30405337781364,106.87760303272431,120.1464950921235,98.60626280028167,106.57542598089506,113.6899157359436,26.392012077057405
1341,1356.44690231767,1255.4281778651691,0.5333266264867853,-0.10969661343975233,-0.06105700142227951,49,0.0,0.3986805077964273,61.84567378493237,-4.4782733133872075,1356.44690231767,1255.4281778651691,6749.771660863993,0.0,0.0,311.6782860725478,0.07170581776812922,569.5410250541897,701.196877136317,617.3446742587207,662.1894409280931,688.9731128474309,659.1779499729172,677.472799478681,661.4897718168046,666.463126474828,698.1525967348113,147.77028616120018
1342,486.88199691830454,1256.2336049546566,0.7119912002218433,0.45539942069525857,0.3549114380998578,49,0.0,0.0175759231086293,1.801735083013695,-0.6392273378018412,486.88199691830454,1256.2336049546566,1071.3542628950743,0.0,0.0,312.0405938995517,0.07203916092071705,86.50518906216656,112.41397571173283,113.43712830915703,104.97304182521022,90.91476794717879,100.12185094138323,119.65094204588364,98.33769457534095,112.86684841614169,109.2593710983316,22.873452962547738
1343,1227.4285313732692,1256.809542054456,0.4567956637301426,-0.49595117437429465,0.033470559648564296,49,0.0,0.07960592669503787,13.036184599701542,-2.7878762542265734,1227.4285313732692,1256.809542054456,2151.1062007865803,0.0,0.0,311.73204333119645,0.07228122948726447,175.6102425800751,227.27508565324408,206.04292751958187,227.96814446910008,227.96003220174643,195.18621138026342,233.11078682952956,192.07907459888048,205.82018154538224,218.1888652044829,41.864648804293935
1344,1745.8253799420884,1257.9430767648935,0.9361937215735466,-0.3410919272945528,-0.20928298208194376,49,0.0,0.03897891790972699,3.808418916792189,-1.4518617841844206,1745.8253799420884,1257.9430767648935,1164.0911715909726,0.0,0.0,311.51604554913104,0.07275375806319763,111.21787026373458,128.28095740256856,110.68405033745421,130.87685327378887,109.62954317185068,109.04512541599321,127.2635730714488,106.13464243186263,107.6548069341664,102.44068098851325,20.863068299591383
1345,2776.2269718029256,1257.5731864458214,0.6395453025319299,0.2874045614742155,0.2494929503556769,49,0.0,0.02326737289142887,2.709239597254788,-1.0821185361749321,2776.2269718029256,1257.5731864458214,1116.8603446663333,0.0,0.0,311.0867244580397,0.07259702515579339,78.9707678591657,91.59426831459399,112.15594373626047,108.67675273157717,114.72173543688832,111.07592572503323,133.18142276345088,122.86415555002223,122.64132719817871,101.57859777207241,19.399447579090253
1346,1181.9492190951278,1258.9024953441858,0.6617626700263359,0.19317953524499334,0.13069318081308798,49,0.0,0.010645612018773568,1.1343254444263422,-0.13684418498381085,1181.9492190951278,1258.9024953441858,901.1390760786162,0.0,0.0,311.7509928533448,0.07315321509346934,83.38039258297717,113.4000866808049,80.4171152118066,79.6672173881766,83.7672244944886,86.91305061119655,97.1257145870052,76.02630586728583,85.03950304713207,92.12708686222992,23.27537874551284
1347,2265.9204609576777,1259.3548022784883,0.6113317451383062,-0.3465734086160619,0.4225818850658235,49,0.0,0.0186420484631389,1.971588486112122,-0.7370406831298099,2265.9204609576777,1259.3548022784883,1102.1219880283745,0.0,0.0,311.2993418939443,0.0733411553292284,90.22158171038568,111.69994129391853,111.58681657299071,110.0003232457241,127.58038224758107,97.44712693600476,100.33754498228002,120.22220104619163,98.95213740119044,110.7278498682554,23.34608272385215
1348,2338.178185720171,1259.0817567528998,0.7545898952022956,-0.3449093741496063,-0.25666583550816613,49,0.0,0.012738962657717666,1.266928353761494,-0.25688013932812576,2338.178185720171,1259.0817567528998,902.1111257652403,0.0,0.0,311.26923536322323,0.07322719208686404,92.0652799835835,84.0486012043715,83.78031784022743,73.35082193216537,103.98568414082045,98.76175908021327,85.90602873073782,82.58697428643609,89.09675867310773,86.24166235001543,22.28723754356181
1349,718.8510118296924,1260.0122960336141,0.37822510555062383,0.4704759689735405,0.14560547560191914,49,0.0,0.01294900635780342,2.0758650873878763,-0.7929978121186588,718.8510118296924,1260.0122960336141,977.8625518901538,0.0,0.0,311.9439455177822,0.07361445503127158,103.11608724300983,107.12066067850506,88.21157887143741,104.27722548046839,90.39449066491599,87.06791900269812,103.51267305294559,90.44021047470702,98.98115070246809,85.25237237768098,19.488183341317153
1350,837.4519728881977,1260.0113373243746,0.5682134397073195,-0.36312441206957285,-0.05879420624910241,49,0.0,0.31317276684480344,47.9332790941007,-4.201592849746406,837.4519728881977,1260.0113373243746,5046.772172946301,0.0,0.0,311.8945303316971,0.07361443526190427,465.61730237994595,502.78248259412993,477.67555869536864,491.21926094107545,496.1038061798672,507.07509908946145,508.8807775776929,477.67302349612237,502.92249623960186,507.04182635772327,109.78053939531208
1351,1807.3108440219974,1260.9312254688507,0.7902960672389271,-0.8172427270244286,-0.380349408733293,49,0.0,0.013835955272192642,1.2633753662427103,-0.2538310115186398,1807.3108440219974,1260.9312254688507,913.5377890166221,0.0,0.0,311.490426699988,0.07399876930355265,91.4049535079794,78.00460649713558,90.85320306627969,105.88165031993391,83.29641937794594,86.81566413863457,94.11449107700108,78.92353013974451,84.12709409814283,110.19524113878109,9.920935655043507
1352,606.5022553853926,1261.9975619266006,0.5773290716123769,-0.2607957695363282,-0.15910272074816456,49,0.0,0.049855122355157,7.211706374702771,-2.145095090175034,606.5022553853926,1261.9975619266006,1452.640278042643,0.0,0.0,311.99075523740396,0.07444121233392552,136.12587891722438,139.14463834008677,137.87573841273633,152.36880435282976,165.01835708076135,147.36434591513887,140.8079071885776,142.92527503802972,133.94005030361654,129.82202717148186,27.247255322159873
1353,1073.3722153434271,1263.2359654674935,0.3541566441588928,-0.3128407341422052,-0.0017471529043565806,49,0.0,0.009488846559593648,1.3684508914758946,-0.34057304210062916,1073.3722153434271,1263.2359654674935,940.1734090388285,0.0,0.0,311.7962326576325,0.07495860476317129,88.1078454339013,88.98196577373619,101.72447947239631,90.26630404798647,98.32688398710252,82.00190916135779,88.11539293274237,86.35844601693537,104.60366933022888,98.78693754632579,12.899575336115591
1354,1275.9266077823497,1263.1572744103755,0.6724471164917213,-0.19996357521363675,-0.04824800010402355,49,0.0,0.22910267082243102,31.43913022042456,-3.7436763063879526,1275.9266077823497,1263.1572744103755,3494.549451263576,0.0,0.0,311.71183600011625,0.0749261590489403,295.81881485900396,331.4260350955841,371.33718937042113,368.3864260535506,329.8575309805582,275.3505983832127,336.7391936104302,373.8329023479566,366.6211297570216,361.3950405004553,83.78459030538173
1355,1585.6877235712377,1263.6145826080165,0.9074526687947791,-0.22955732892922087,-0.1941931863671643,49,0.0,0.017044500305142155,1.5750794373669559,-0.4932561545841224,1585.6877235712377,1263.6145826080165,1006.0898231680062,0.0,0.0,311.58276939776385,0.07511691126766691,94.08875380856713,112.84907825955332,101.0110040728255,97.28550536858657,82.87224358734343,97.41894256708085,103.2967665996355,91.37473669558146,104.4839342996778,103.3697233732899,18.03913453586469
1356,793.5067928748105,1264.020949639466,0.26425227848032457,-0.48850859524474954,-0.364075834113322,49,0.0,0.009086618565133115,1.4498522371014604,-0.40330935751595914,793.5067928748105,1264.020949639466,998.8560577916068,0.0,0.0,311.91284022233907,0.07528493387002011,110.9794865507858,87.53997493857493,80.06261263266288,116.96979915398511,109.49742990596368,93.47291690475916,103.82211119447761,102.48219324850564,99.39628244461838,81.27566746276648,13.357583354507074
1357,686.0495159629247,1264.9433432801607,0.804028945828675,-0.42730744094845863,-0.35464116739164664,49,0.0,0.011851034956403229,1.043050407067585,-0.045763242260769985,686.0495159629247,1264.9433432801607,955.6529020516891,0.0,0.0,311.9576122455298,0.07566888553144138,85.57572249208657,105.28270345959132,94.57274070943927,98.64940570792339,84.0403140589382,90.10460361589418,93.75915465613124,98.06745392620803,104.05545084579484,83.49900053824612,18.046352041436126
1358,1294.1030936471532,1266.131582380805,0.5650315995396723,-0.021048599988503572,0.0981184055425221,49,0.0,0.010998273720483799,1.0773974667740038,-0.08093987519542477,1294.1030936471532,1266.131582380805,1027.4898855130623,0.0,0.0,311.70426253091387,0.07616546628955782,108.76561927659918,102.54476727973119,96.48226404009614,95.69336531765062,115.4655906934513,96.50048805455897,90.50975194891484,96.66772992776353,98.37567023132051,109.89582627895119,16.58881246402508
1359,2793.591951516612,1265.783399702337,0.6747964379454585,-0.372740282154294,0.05659530348813485,49,0.0,0.05849345372437981,7.168885570068427,-2.138629120554827,2793.591951516612,1265.783399702337,1609.209919028936,0.0,0.0,311.07948949164563,0.07601771886284853,153.81157778717517,138.83374075594855,167.9342359349576,148.25926169574734,162.57045445497795,131.82580997802884,173.14171009512546,178.02561586010506,145.843276583697,173.62179028894886,35.34244559422432
1360,732.7287253797876,1268.2286044044754,0.7417632832530653,-0.25133526049290694,-0.2635663464170902,49,0.0,0.016878932285587168,1.811856549178589,-0.6453095253410236,732.7287253797876,1268.2286044044754,938.7690532375151,0.0,0.0,311.93816346530514,0.07703787545629086,77.92447659887543,100.67245473216632,102.1622293482788,87.11620495290593,102.2005923400095,102.35344500941588,89.46473362455248,77.62990669916505,82.33448001476813,97.2497680894711,19.66076182790635
1361,2099.5424876129878,1268.6905834905251,0.36558230356469334,-0.3366091277216587,-0.12975152221550942,49,0.0,0.038497744641984785,6.983234060835585,-2.1101414969204395,2099.5424876129878,1268.6905834905251,1523.0999201388581,0.0,0.0,311.3686645886269,0.07723139097772093,147.52748802220097,141.7224139401352,152.86196063419283,142.20391517251775,157.6083312260838,137.00428426550098,155.38790627068485,160.83682478285476,154.4601707115171,148.86542753136848,24.621197581801233
1362,429.101471426173,1272.8015309922105,0.5763832473624705,-0.525946202294916,0.24581348806418443,49,0.0,0.01655910731974928,1.8902902258378464,-0.6913212218131899,429.101471426173,1272.8015309922105,1094.797704359732,0.0,0.0,312.0646676210485,0.07894192027067264,101.83251150445845,114.76148016774974,85.89658105335579,122.10807112926571,99.37500993060172,111.38845227808265,105.44233689036821,99.91429984928394,114.20159868013253,108.98146029245339,30.895902583979936
1363,695.7952178054735,1271.8667435728576,0.8124741354296652,-0.7051836167535172,-0.07884012234463587,49,0.0,0.012799015892862068,1.161275628483303,-0.1623382791534561,695.7952178054735,1271.8667435728576,980.6176779692212,0.0,0.0,311.9535517940166,0.07855359186693694,99.09965125772868,109.85422237151758,73.20045083492377,103.72611594523832,87.78019714444036,91.5017389694553,105.00828815234291,102.86525014828997,92.25526420100864,99.57621403474214,15.750284909533537
1364,1772.317690379849,1272.7723204673932,0.5977544095644162,-0.25513817485587775,-0.11352007782108908,49,0.0,0.015124091116954744,1.5744866351095084,-0.4928474462948137,1772.317690379849,1272.7723204673932,1194.1490691316976,0.0,0.0,311.5050070974777,0.0789325519108069,104.21759720032028,109.53164562320805,106.77979994144852,125.26175440922624,166.97051660686628,110.39737658473268,114.45017727613265,109.25096616089651,98.02524210232636,115.15257977051745,34.11141345602239
1365,2898.4301928790064,1272.7425332488085,0.40291228664510126,-0.009760119838537463,0.05512745159759872,49,0.0,0.023017349261369266,3.0189436386694806,-1.1996375128961652,2898.4301928790064,1272.7425332488085,1396.9315012604598,0.0,0.0,311.0358104646468,0.07891668695995166,106.63114632530994,121.75041453275998,128.61196952422995,147.31813163670802,167.96398435676787,150.32574385743928,137.2209845874979,143.84020054151233,140.71391853792585,127.68886478238933,24.866142577919344
1366,921.0350123902303,1272.3448585614553,0.7489167444699364,-0.2932930590308713,0.30858523584052944,49,0.0,0.02058469005867153,2.2198883783560834,-0.8658278439162828,921.0350123902303,1272.3448585614553,1065.4785735428277,0.0,0.0,311.8597051979072,0.0787535440175009,95.30910135168506,102.66431261062232,111.46271752171498,97.06527911827268,99.5844097816736,106.66213378764826,106.53890080505403,119.3855270345347,94.42820857792464,119.62300847319261,12.754974480504696
1367,1049.0906404006016,1273.0961037437366,0.7079053075405378,0.45098127789309644,-0.25641469182837895,49,0.0,0.011585798646270469,1.0926066965970462,-0.096159644954537,1049.0906404006016,1273.0961037437366,1014.8015702935143,0.0,0.0,311.80634986508915,0.0790668867755836,84.87202731961364,99.83503500049538,101.57250396878474,92.49150107510305,96.95148725740205,112.8240448560309,103.19512788759384,108.1653410026206,90.74942771433496,97.07600207386405,27.069072137671142
1368,2033.2237740070589,1272.4470957722465,0.5370985415482857,-0.48754841598644455,0.6407519179519241,49,0.0,0.009354281988705625,1.0281079174870533,-0.030096759190080785,2033.2237740070589,1272.4470957722465,940.890455920626,0.0,0.0,311.39629699438296,0.07879671386011294,68.3172319068327,98.17779042577213,92.85315283115023,77.30305931707903,100.42690415967849,91.79953662469994,110.88517868223957,98.33491358806386,102.32320632033243,81.64377689207272,18.825705172704847
1369,2976.195844762056,1273.0632412664106,0.7016709745273149,-0.22448079494843826,0.3302538784089031,49,0.0,0.062422399323863426,6.571009561975875,-2.044080247914782,2976.195844762056,1273.0632412664106,1966.5623271567738,0.0,333.2950519265192,311.0034112288447,0.07904987402996135,149.38047788492602,186.94536549570734,188.17397055563305,233.621211068474,208.2280009733248,182.15251451253653,209.26162817865617,189.54659734150349,214.70966173821887,171.91027482675534,32.63262458103802
1370,616.2590900166331,1273.6740096174751,0.3412630157543667,-0.340692371794168,-0.03333627339231604,49,0.0,0.009828007491895161,1.3992278521637165,-0.3647211033846373,616.2590900166331,1273.6740096174751,931.4419510551612,0.0,0.0,311.9866902398188,0.07930628376652965,101.89389050889882,92.01714641025819,84.59020632035667,99.83893288234009,91.14067189270492,92.51919416060281,75.98963926142686,88.83382557859437,90.11411277233401,94.53177615893996,19.972555108704555
1371,767.3129128358883,1273.9937397536203,0.7224249912257907,-0.24546898044505824,-0.02300683531155022,49,0.0,0.02501438373247919,2.8991124420347196,-1.1556626494673554,767.3129128358883,1273.9937397536203,1092.5748208069926,0.0,0.0,311.9237540222505,0.0794400771366804,93.8401261627302,105.8800826789163,106.32016448993829,110.94808279898601,92.47871124512619,121.67607944327621,102.61762202742926,121.18394335609133,117.88971229989691,102.92919649492535,16.811099809676644
1372,1409.85266454131,1272.9746816786742,0.4860280622982998,-0.07141837569005252,0.7747347325992227,49,0.0,0.009005051721605263,1.113388342761582,-0.11661667476782737,1409.85266454131,1272.9746816786742,935.2075913384547,0.0,0.0,311.6560338182536,0.07901685427747152,80.46849551933164,88.89671447821782,96.15994655169766,88.07798252723617,100.6424825573497,89.04075384188425,102.06708285276612,105.02833182638561,82.81222035616378,80.57035818497083,21.44322264245109
1373,705.436464221888,1278.4767891932916,0.42037727608381786,-0.020736761571963774,0.8080030112074217,49,0.0,0.03665187645804758,5.036468429584318,-1.7553152899491615,705.436464221888,1278.4767891932916,4672.979404087996,0.0,0.0,311.9495348551586,0.08130773982388498,427.6092724829567,458.21772107645563,442.8396217460233,458.1460898222182,448.07804436026277,472.7472041996929,490.08931184048924,466.9123396591527,438.75366526699474,475.79650632231557,93.7896273114348
1374,990.1895688877072,1276.0354999245499,0.9028270363404117,-0.20235484824230293,0.17186672017663407,49,0.0,0.031310359973473485,3.0999306977932943,-1.2283799620837585,990.1895688877072,1276.0354999245499,1128.853900942444,0.0,0.0,311.83089151419097,0.08029147318312055,108.21333717311458,105.06414020144177,110.91724584014959,107.3169605746072,116.34217489475353,117.19660699770509,107.51139561969497,116.73639582530298,98.328520292398,124.42979337632146,16.797330146954927
1375,1970.3953897043345,1276.214252281967,0.3825537010475032,-0.5223356226334279,-0.33476657866897475,49,0.0,0.02226544175282443,3.2946449334294283,-1.2945215429538084,1970.3953897043345,1276.214252281967,1330.5136456001956,0.0,0.0,311.42247519880664,0.08036645296365759,122.8547467580468,122.70678967257055,135.86165080889162,141.33980274031725,142.8271229754577,117.13734275685698,139.28836195225455,138.83966496350493,126.24274956269413,118.61422254869166,24.801190860909383
1376,525.4963157048277,1276.1027081793513,0.5923459863577417,-0.3713733799712926,0.36673990076506174,49,0.0,0.012659787230914031,1.173587012927668,-0.17378823725111647,525.4963157048277,1276.1027081793513,1045.9774711746625,0.0,0.0,312.02450590013467,0.08031781298443527,85.73419105955892,93.40362825060873,101.31009719233558,105.08655236077743,99.31170664307949,114.2912358841105,117.86622659322876,88.85632154299347,92.90904658367754,119.63469131948236,27.57377374480965
1377,2880.1054975478737,1277.3694686062668,0.4979875300541017,-0.5395903225167457,-0.10778364720035447,49,0.0,0.024546079081188783,3.2127858219990393,-1.2672044364866961,2880.1054975478737,1277.3694686062668,1259.052850031884,0.0,0.0,311.0434450018415,0.08084458098156208,121.00138579304718,117.16121725884149,121.59963460999644,132.42646066287443,107.51362942483183,134.5737370658438,119.63499069975808,125.4509754389937,119.43675991530961,131.0394392365094,29.21461992587802
1378,239.2746737081105,1278.9422969812779,0.6457587633497196,-0.19407198181713173,-0.059245828270952275,49,0.0,0.023941389561901137,2.701357778439765,-1.0789552691617326,239.2746737081105,1278.9422969812779,1134.491157806755,0.0,900.9756093915755,312.14375534639646,0.08149942970021037,106.17697639970541,125.2219297171566,116.16120512938406,107.12373469742758,111.50450122287604,115.7811570479431,103.11903612502176,120.8904697929261,103.15827751218129,103.95643179178606,21.397438370346833
1379,1792.4514716961792,1280.5014935246454,0.20159056501466505,-0.6104992651243306,0.24609762499766674,49,0.0,0.008084528824234433,1.032405951024866,-0.034626248130304946,1792.4514716961792,1280.5014935246454,993.142648230035,0.0,0.0,311.4966180355787,0.08215300439589211,100.96072525266297,109.18092063014595,89.35626720387313,118.50662231255998,91.74832771873929,96.93214928450536,92.48706903154593,87.50573020074285,89.78885539016494,96.58759990558309,20.088381299511557
1380,2669.4690258189125,1279.9131669763701,0.5538521036889537,-0.3112214241114486,0.017322257849417367,49,0.0,4.214320536802624,618.1593136979363,-6.977751042670839,2669.4690258189125,1279.9131669763701,70850.37157955937,0.0,0.0,311.1312035954746,0.0819054749227186,6162.178635826727,6827.11077959053,6770.022276046087,7069.712574446932,7161.081127663476,7020.712554678204,7119.148091115762,7063.070602777981,7116.207925888357,7105.926722767021,1435.2002887583244
1381,384.7551115728019,1281.0857243659273,0.45867530538474127,-0.48196375060838414,-0.26725384172344013,49,0.0,0.02505379788242882,3.470749089426049,-1.3510580459788257,384.7551115728019,1281.0857243659273,1263.5256489374212,0.0,0.0,312.08314395865773,0.08239329254355762,119.3040713474189,112.06526017463487,123.40301130859874,149.6992811541985,112.49943726132936,125.9021211678389,126.85621076883223,143.24986034211872,115.5099508635302,114.39179701177939,20.644647537141445
1382,1068.8220579433562,1281.2935409382324,0.8417186002383205,0.38819119690412024,-0.05171214633439158,49,0.0,0.019964461731343145,1.8570057839097935,-0.6720331410352282,1068.8220579433562,1281.2935409382324,1157.8790886587342,0.0,0.0,311.7981286337769,0.08248248587383317,90.30271466625496,115.49440250143617,114.85353137056991,112.4896671824564,76.88769589785726,113.48377748531931,122.57244607211184,121.84170677084062,121.73140796584697,145.7215331667113,22.500205579329347
1383,2071.132624979982,1280.713688869761,0.7662293342580984,-0.5138502879666709,0.07091218704610669,49,0.0,0.01749840206902192,1.736152966759896,-0.5989699669817574,2071.132624979982,1280.713688869761,986.7161054487149,0.0,0.0,311.38050179600384,0.08224101701233921,85.29429467885879,84.67342033711532,93.94419847629321,97.44345166228914,105.75223816597861,101.48003884516245,101.42452557347035,100.84889593807368,108.0737644322611,89.38834727579933,18.39293006341283
1384,705.3021090542737,1281.86426530276,0.6769278341500984,-0.2832375389056636,-0.018212012115813723,49,0.0,0.2808401405909425,37.76140440186433,-3.9426203449335855,705.3021090542737,1281.86426530276,4674.693941223413,0.0,0.0,311.94959086856534,0.08271915011813134,421.5549571707087,460.4188047215156,448.7844280452322,458.4362580598387,443.6644999499989,470.1610744727658,500.67577293214896,467.0971426555014,443.5251356970968,467.1794590789342,93.19640843967176
1385,409.49897824130034,1283.1096274013091,0.4685561850303414,-0.473934279156322,-0.13416217746397888,49,0.0,0.17193702038765768,27.336938941862332,-3.59187470689945,409.49897824130034,1283.1096274013091,3894.836313063416,0.0,0.0,312.0728348483636,0.08323667906003687,311.0634693392245,352.14867634196963,399.73509944466207,401.8137405995751,408.94283501388304,400.04510116291794,384.5654482506376,383.0092950193101,390.8999525529679,378.197096241484,84.41559909678514
1386,3029.028830090606,1282.4042469379049,0.6966164429826645,-0.5856990450357594,0.36764805229309644,49,0.0,0.01101441409344889,1.0029149751452526,-0.003160290201989976,3029.028830090606,1282.4042469379049,991.3700722172102,0.0,889.6253105916809,310.9813996630994,0.08294141862680095,82.85428252138135,88.26790000665449,108.32543426391155,94.16531311814238,108.44065793968181,102.28908562798412,93.58927363496915,82.33892004897582,108.6039262902391,105.61524471636588,16.880034048904527
1387,1165.4042694495743,1284.3283025194444,0.32712691743577343,-0.42932900825404147,-0.40755248248240017,49,0.0,0.007518778387716162,1.0568787793178274,-0.06006294487126183,1165.4042694495743,1284.3283025194444,934.1501196820223,0.0,0.0,311.75788662635455,0.08374716043462174,85.59322164686037,88.07160077962845,109.21610547485102,87.74251614886258,92.15464363965685,101.839254225195,83.64303866385083,102.88767837842914,75.44930764572001,84.205262920664,23.347490158303813
1388,254.74238669021338,1285.283753878206,0.842314041123528,-0.04682987025589824,0.10687668379769855,49,0.0,0.030681549979605267,2.970812126324836,-1.182187969899338,254.74238669021338,1285.283753878206,1202.6041383772908,0.0,626.4254892308365,312.1373111986679,0.08414165293968565,102.38172326211966,119.10210919343226,119.38852768980243,119.02909294846347,120.80561821458352,110.88343431200614,132.30348047657677,124.34319343807626,113.24886222211136,121.28356177518194,19.834534844937103
1389,2976.782768057395,1284.7869456599371,0.39951488271610774,-0.23744772272832224,0.1640185285899547,49,0.0,0.028934102632521285,4.243060060502584,-1.5691979481180731,2976.782768057395,1284.7869456599371,1532.811813655355,0.0,203.38449460030716,311.0031665185608,0.08393447612152233,148.12294541566558,151.86462040042284,127.54246935800916,148.7485497327258,147.49363471818663,154.96689217316478,151.43907840943672,167.29221139986697,155.97159611609166,156.0291063022424,23.34070962954248
1390,3078.5668125875845,1288.3827859300293,0.25081098267358864,-0.8266498867250286,0.0065321585155801165,49,0.0,0.04524791255011465,5.928192430807608,-1.9323057313053293,3078.5668125875845,1288.3827859300293,3018.366433562624,0.0,2297.3041418376242,310.96076107543814,0.0854320038160189,246.45559392671396,283.3481695234874,294.7266108104301,286.7059398927465,339.4263429644766,253.11261189753031,364.54465748446245,288.5843586213952,346.7489629863194,259.5377161347965,55.17546932026585
1391,220.80259584171637,1291.5615902710629,0.37418619677483944,0.12866428463958055,-0.2572907980658154,49,0.0,0.010426585045349107,1.1407530043428498,-0.1429790530634298,220.80259584171637,1291.5615902710629,1095.778386594862,0.0,1118.0859818031986,312.15145146622336,0.08675706718964545,108.66530604532196,96.71919739763857,113.23877698108053,100.3325834655858,128.19160593594262,97.3266045409948,105.49219894014142,106.01285091193087,107.80826222859247,107.93771649996279,24.053283647670213
1392,569.4509794869771,1291.376697052253,0.5657697207029992,0.015487114994487473,-0.2008591710359311,49,0.0,0.019594475064613613,2.412964736629722,-0.9563774378023937,569.4509794869771,1291.376697052253,1065.7550149570707,0.0,0.0,312.00619274340113,0.0866819589393137,127.65769058944934,116.2558321510232,99.7499040467431,103.84161900343014,92.03231416453326,113.69546505947025,86.46121179123274,96.53855992098323,94.0256527287348,109.6406615014238,25.85610400004679
1393,936.5832977417236,1291.0998405769483,0.7876761662594512,-0.008908818111973837,-0.13901466421181605,49,0.0,0.0400057528817355,4.427627765231522,-1.6154277555047638,936.5832977417236,1291.0998405769483,1237.1245792916552,0.0,0.0,311.85322705447845,0.08656803026342196,103.42350603457601,129.72077087389843,125.79315052914535,128.5590871758016,127.32692543399943,126.01513898773024,101.16317561703998,130.0088038243182,110.56725193963652,128.7263304021084,25.820438473401026
1394,1103.1814518908614,1291.1269914164864,0.8675436672020839,-0.16191939063948005,0.113544064259364,49,0.0,0.01583715398083424,1.469541634300035,-0.41795473697874425,1103.1814518908614,1291.1269914164864,936.1044463226817,0.0,0.0,311.7838124995864,0.0865797858165557,84.47729456961034,97.23582066404477,86.36035776896014,99.92427612845074,97.03045807702152,81.38519304326559,108.72302900890733,88.31563409445948,97.62188986673706,76.14044048739451,18.89005261383023
1395,3056.2584717298714,1291.84849415535,0.3089043147397435,-0.4442794220330496,0.2672993628393061,49,0.0,0.04654829969336227,7.105976643801004,-2.1290594392493674,3056.2584717298714,1291.84849415535,2215.8984822331176,0.0,1988.2894188787961,310.9700550886852,0.08687610847216484,202.14682324947827,224.22640544362457,223.76106238429657,207.00304262681146,224.99956323232098,193.57585008951162,236.13263119390749,221.79486356409512,214.925267898877,223.96701965838275,43.36595289181198
1396,585.2801367945193,1292.3739429625173,0.5977706345654801,0.1521914610186237,0.13312447760426996,49,0.0,0.011693654715147156,1.2302435801430087,-0.2249777685149595,585.2801367945193,1292.3739429625173,922.3507754946716,0.0,0.0,311.9995976469561,0.08709753888956126,83.47662032804087,102.7838113214284,101.47789447475111,87.16932651796361,90.69370032584808,95.66893767679295,86.7413012668056,87.60757161820666,91.36618856832192,83.7327184011012,11.632704995411157
1397,989.1085514457008,1292.7230723617795,0.6375625850273207,-0.33314359291045026,-0.030181164845450744,49,0.0,0.1895153254116691,26.295579796012834,-3.5497068777323104,989.1085514457008,1292.7230723617795,3247.6477906006417,0.0,0.0,311.83134204469116,0.0872445200810735,282.7523214385242,287.29660664745603,334.4068134690069,345.44765781802954,278.72178562078886,330.25851283959173,338.76078882458125,331.7044696947675,307.2978230368411,348.15550434560924,62.84550686544543
1398,1218.8799792075752,1293.4612654876564,0.8880957215609908,-0.3939048461412827,0.0936357884613204,49,0.0,0.03227196006527589,3.072331009805338,-1.2186700108104602,1218.8799792075752,1293.4612654876564,1485.5681958735781,0.0,0.0,311.7356053522116,0.087552624190191,146.2445814051144,154.34806984638027,126.09773386012877,150.99665399884097,140.32616408195392,157.30180263212839,152.30178511146417,164.76578711776378,138.34875864024474,126.38159388977292,28.455265289785704
1399,1471.086922983716,1295.281111209053,0.641859180652147,-0.16068724677124932,0.03064888506210221,49,0.0,0.0438995060007924,5.5587723829744355,-1.8624472279808924,1471.086922983716,1295.281111209053,1359.0594815279126,0.0,0.0,311.6305196598859,0.08831118753023876,124.28482108595917,138.2248163243553,137.0245556677998,131.20732653118108,134.54206684947803,122.01719328607392,142.19541448340487,137.73935085483322,142.0296354967029,126.15092430534604,23.6433766427782
1400,2374.49557344816,1295.2704531941145,0.4826427225563331,0.04431400253077058,-0.05632707290538808,49,0.0,0.009123358448114897,1.0386821679424851,-0.04120668933257298,2374.49557344816,1295.2704531941145,941.7956830557916,0.0,0.0,311.25410329068814,0.08830538700329757,96.91887844621313,88.56534498355353,82.23113833938851,86.01219827373404,75.36309321278583,85.7481909005514,99.37141351376707,89.0227691867091,98.16242001292535,119.22997828021039,21.170257905953378
1401,634.1229543610124,1298.4347787066079,0.6575344750093771,-0.24430835300917944,0.017740405288318842,49,0.0,0.5381822790484856,74.41101936650578,-4.679093135091234,634.1229543610124,1298.4347787066079,7402.059074471919,0.0,0.0,311.9792476239995,0.08962303522017659,683.7253065612501,720.5838395825187,712.587242108053,756.2190408624361,689.1270997107993,767.6573651730695,734.1760893708808,726.0369175360279,716.0737766088528,730.0860480419412,165.78634891609107
1402,2386.5718459314617,1297.456051933033,0.3193712201985262,-0.7680557337775,-0.35032824395539686,49,0.0,0.010432582755552896,1.4777129681382954,-0.4239752115686213,2386.5718459314617,1297.456051933033,1001.3660225431772,0.0,0.0,311.2490716592383,0.08921598982107737,96.51940974401806,104.88202027212003,105.75138684942365,95.10057330455271,70.89915928137134,83.82672802450787,120.4559364404825,97.04083635408979,106.47169794929916,106.37348831377707,14.044786009534976
1403,1300.4124360130438,1298.776436984127,0.2764060519467859,-0.21521009654360593,0.04317778869688455,49,0.0,0.008758951336666107,1.023235196866049,-0.024938676071442428,1300.4124360130438,1298.776436984127,1016.4649087091727,0.0,0.0,311.70163376813235,0.08976739153102109,74.58102344415036,90.7419339797631,115.30097098896003,101.89291678715955,93.89973109614715,97.76215660888616,109.88110027582498,111.07964148808898,98.80359872814151,100.10271095828644,22.419124353764328
1404,2014.0655722607335,1298.8916095583247,0.24516239993176342,-0.39803621863793126,-0.1298192819302001,49,0.0,0.015245577066126163,3.108844823453726,-1.2314976124417945,2014.0655722607335,1298.8916095583247,1141.8647256108375,0.0,0.0,311.4042793630466,0.08981518742854241,102.19787716649998,92.3508498154184,120.98410288828836,104.28290639329452,112.62236041084115,122.85449946414099,112.3881506875784,108.40479981398141,119.3415120972589,112.66587461261628,33.77179226091912
1405,2811.202778503742,1299.8567409454984,0.24461234237437998,-0.6889237469392389,-0.23973456732251056,49,0.0,0.011055404488454155,1.6648171975558355,-0.5534163837180581,2811.202778503742,1299.8567409454984,989.0086179206951,0.0,0.0,311.0721517528136,0.09021423320610196,97.65023599825145,108.54369090693675,105.99357221429017,84.33886409292438,94.72348732411277,92.2389420628877,92.40290001599072,107.49582742969639,95.68368438456332,89.50027484309629,20.437138647945083
1406,1219.7465248791348,1301.646827120033,0.3962910401539215,-0.34241669334646696,0.11806451946058795,49,0.0,0.023913528686998097,4.000736748374396,-1.5053499385013986,1219.7465248791348,1301.646827120033,1458.6708062624698,0.0,0.0,311.7352443302852,0.09096324677047057,144.53168728974362,134.1944791307132,123.87193912103659,150.01986747862574,156.67241519834522,150.99857911911005,141.48785707337723,163.3567274895542,141.45517613614962,128.29828476632224,23.78379345949233
1407,2693.8932294409115,1300.527108671373,0.7444366690858029,0.12001019732760335,0.13398006555550082,49,0.0,0.018747538607381865,1.8143864156004892,-0.646824464102588,2693.8932294409115,1300.527108671373,1168.522557480826,0.0,0.0,311.12102723349767,0.09049418766412333,121.87684758574724,122.35923302022306,103.50219699008446,111.07855255837917,118.202653338975,97.58370203048781,107.33171516500497,135.4982066690795,101.79969722894816,116.02488124338183,33.26487165051488
1408,1395.5885421773837,1303.428573753003,0.28977370709848266,-0.06151774165799686,-0.2566050171156359,49,0.0,0.0122563258312781,1.976905291292604,-0.7399646595585248,1395.5885421773837,1303.428573753003,1099.1951178768973,0.0,0.0,311.6619772501791,0.09170588459710095,96.7841883219389,123.44663763207414,103.2599949457753,104.05512627779538,103.90868370122377,110.45368570590225,133.97312115962254,102.53728541891559,99.91965558085386,101.1535310112788,19.70320812151657
1409,1806.1580872742827,1302.6202248895938,0.8365789621736067,-0.5248422155216443,0.02083086011486624,49,0.0,0.0927175785880853,10.448802868193692,-2.5476663391512515,1806.1580872742827,1302.6202248895938,1856.0340188894031,0.0,0.0,311.49090691545086,0.09136907378024982,180.63956445203883,179.9484737961003,173.33220836970557,195.00658107757528,180.57804481516087,190.39840300284766,193.40714806831693,163.81215142537073,170.38526484170126,192.44305265320935,36.08312638737629
1410,2293.634727642858,1303.2582699933257,0.554133623508333,-0.520405219087741,0.08501680390588887,49,0.0,0.03509228230795426,4.399804164548571,-1.6085833661309892,2293.634727642858,1303.2582699933257,1347.8071554419312,0.0,0.0,311.2877942439376,0.09163386275094372,123.16055402401227,142.5356250799692,134.07866863785628,152.6420986610342,147.32459453429038,144.57788726537723,101.74113615091696,123.24326426490671,109.20793794401384,138.73863612630052,30.556752753253427
1411,1114.3515859912368,1305.839908933743,0.5040654722534226,-0.7671697107451931,-0.2847163539363882,49,0.0,0.011632204160082689,1.4258718314169883,-0.38520122365989995,1114.3515859912368,1305.839908933743,996.1224193510836,0.0,0.0,311.7791584245381,0.09271012537618722,85.043700039667,101.44207791084634,95.8360889734303,119.20542614019041,86.82722192628631,93.96746503505118,98.54182404002935,94.75734797593387,96.9988042985745,106.38078246067651,17.12168055039769
1412,663.655604203218,1307.031397713825,0.7810510172787973,-0.5396590713663902,0.2347208616528634,49,0.0,0.016763173677942476,1.539168563147767,-0.46821546126838953,663.655604203218,1307.031397713825,1041.5080807345253,0.0,0.0,311.9669430489654,0.09320499307935023,84.01141937634705,108.31434206727451,96.5480911602073,120.76165150279674,93.10204122248278,108.31931667630434,120.93846709808844,96.0737408585465,103.79715441019331,90.17896431826148,19.462892044022762
1413,2614.732602441308,1307.210766151131,0.7102706038300971,-0.1483719543624353,0.012529326611409953,49,0.0,0.013412006983410643,1.4096068404233153,-0.37274499645343695,2614.732602441308,1307.210766151131,858.7914760120847,0.0,0.0,311.154008775583,0.09327935544958585,63.18790856830023,72.21348305459976,82.84401133699939,90.90077953315725,92.78730494459231,86.50220836234202,74.7045248013003,92.65664718020466,89.06609177123303,95.61869971801214,18.309816741343546
1414,1037.9188073565585,1308.4961164904119,0.4782677289336079,-0.338347871335345,0.09614176927514438,49,0.0,0.012558532867065288,1.5428063143769997,-0.470778519180687,1037.9188073565585,1308.4961164904119,949.220331931863,0.0,0.0,311.81100493733663,0.09381666772558094,85.52459303922191,91.13748736793924,91.21165038167095,106.87072247925965,85.01268027632932,106.8898245223891,101.34165229912043,97.52080601660256,93.3924400191508,79.74213649751988,10.576339032659186
1415,1563.5071534796687,1308.4698351558704,0.6538559121499902,-0.11990106822812015,-0.07305496304311215,49,0.0,0.012423506027310226,1.2629267245168394,-0.2534453833931313,1563.5071534796687,1308.4698351558704,940.0291060528793,0.0,0.0,311.59201130073785,0.0938064989684125,87.77145012728616,87.76183216505554,101.81319150609876,88.26216181998095,84.13886525621375,102.28732286452629,105.40791167923224,95.8579546200148,87.74882401269565,88.45102960072575,10.528562401049363
1416,2426.422200977503,1308.3370985453719,0.6322980985391854,-0.14937633677848336,0.03188782320691101,49,0.0,0.20423865895471188,27.619086189906543,-3.603023263335862,2426.422200977503,1308.3370985453719,3674.6239692714416,0.0,0.0,311.23246783296463,0.09374950468973117,329.0973409188903,354.19670776830264,331.53154716159946,358.1765518432611,380.4006609483166,341.2801419873209,364.94740156142154,386.0825972953843,391.2379947211794,366.50162881539865,71.17139625036651
1417,1849.5675072870501,1309.2972993183134,0.6181735494785472,-0.3318985072559068,-0.09045148740660282,49,0.0,0.10306777578254211,13.842603319849701,-2.853044434319985,1849.5675072870501,1309.2972993183134,2607.0621895481972,0.0,0.0,311.4728197071975,0.09415112310657818,229.29736754567062,265.80658114405804,252.48751561021348,265.046914583048,273.8822071925346,249.78917491166186,253.57004948233595,248.89314431558117,253.8289924216392,254.52596635281327,59.93427598864096
1418,2879.8998047181467,1308.1382610343603,0.5670603052354996,0.4183922022249522,0.6936451149676326,49,0.0,0.00989177722210769,1.0787978456508838,-0.08235017624934504,2879.8998047181467,1308.1382610343603,936.7046836482393,0.0,0.0,311.0435302510493,0.09366429315723905,72.66452856515124,105.22409701827229,80.0565149910476,82.89030026513302,95.75784557557347,92.41527780540889,99.0094234694049,100.04175284921102,91.37550127237094,94.29080962763328,22.97863220903264
1419,1452.5120084361458,1309.8352266197112,0.5267512097484439,-0.6056477075593766,0.10864565421780555,49,0.0,0.021464011853558448,2.7235979848954113,-1.0878575104639507,1452.5120084361458,1309.8352266197112,1118.6309835851507,0.0,0.0,311.6382592144013,0.09437535826613969,107.26959096383246,113.72441309232767,105.043670742985,110.81927623284915,127.58515122819679,100.30039849066256,116.84932501563065,103.2710748994615,107.50021981613867,107.55851002341171,18.709353079654598
1420,2341.989685514338,1309.999524593903,0.23103864309832925,-0.24687669029297024,0.340270439183089,49,0.0,0.016077125795767297,3.165828273059961,-1.2512183833237598,2341.989685514338,1309.999524593903,1221.2888757066598,0.0,0.0,311.26764685760645,0.09444249708759117,103.5154390748782,129.0975445748046,110.87161198716197,137.83824579464644,118.43098389367492,114.22722362735345,127.89680484272057,113.11438210607967,115.90685383347606,130.0156656114865,20.374120360377223
1421,2385.5183695305514,1310.122384211116,0.41786107641428893,0.04854418056227619,-0.30532169046089475,49,0.0,0.020805185163300426,3.4333633127491368,-1.3392994054283451,2385.5183695305514,1310.122384211116,1126.1063724951152,0.0,0.0,311.24951047957154,0.09449352160065269,92.31014109340104,112.44107738147353,103.05394257615865,101.00123715136645,113.31639010129419,125.89730725557737,105.5845116162209,112.72053358162557,124.77018877567575,118.09988708781859,16.911155874503372
1422,1913.629485805441,1311.3962652977916,0.49624634828241565,-0.48893480908967085,-0.06772256517329366,49,0.0,0.03039647130648975,4.396579553100129,-1.6077873395671058,1913.629485805441,1311.3962652977916,1317.2090676155904,0.0,0.0,311.4461273444961,0.09502559644037949,109.29917139238339,119.85044976419728,133.993012310474,133.33366976567035,139.49846462124123,128.83595872095307,145.04836439020505,120.7776745687184,128.23545378774213,133.7869748340193,24.549873459986074
1423,1318.8493204135498,1314.3545618660387,0.47100720851196876,0.0453215541834681,0.29189660800717526,49,0.0,0.017788633611505796,2.2925001954437154,-0.9007734534179859,1318.8493204135498,1314.3545618660387,1200.3940059316747,0.0,0.0,311.693951826413,0.0962582590771909,102.19208600961765,116.0158537010362,111.4009205410673,132.2507754258666,116.59926607831909,111.99221796539226,127.42517768807538,96.69983516831057,119.80400894629018,134.5236836928865,31.490180714813036
1424,2786.54424369685,1313.9893216894302,0.2251294576018624,-0.15465563795111362,-0.34959949215425645,49,0.0,0.012039906926718906,2.1554254784808045,-0.833832530461379,2786.54424369685,1313.9893216894302,1020.7817909267043,0.0,0.0,311.08242515920955,0.09610270361936554,91.34434259651607,88.9777560524264,100.64438220291206,116.19414980581698,89.98374077061678,105.08441776072105,84.39625108172055,98.53260138938728,102.83455628570661,114.73996920235079,28.049623778529664
1425,2098.267355220389,1315.7166542814448,0.521682853292233,-0.4416131483711148,-0.2723277672040527,49,0.0,0.023490963178547285,3.264088512814079,-1.2844048176873462,2098.267355220389,1315.7166542814448,1191.5026582376724,0.0,0.0,311.36919561899487,0.09682536268062007,114.87514446514956,120.59114870507342,117.09298178941046,123.82346291436065,102.44572673455461,111.24612951778687,112.97113629999012,112.50843420935863,132.94623832658755,123.83093898257326,19.171316292827306
1426,171.40927422260737,1317.1775902272168,0.33590696979186874,-0.4165384298942587,0.1325032203015565,49,0.0,0.007655077081623892,1.3509486049941022,-0.32659706798062926,171.40927422260737,1317.1775902272168,653.966247143836,0.0,585.9376636317484,312.17203025901716,0.09742945639027971,68.10202814987129,68.46991954398588,92.91529233099837,80.41694456975918,61.967764705074984,44.51887074558758,64.34038950450233,58.37849660549146,37.771068271146106,71.03674013415676,6.048732583261991
1427,2463.387291030029,1318.0318592664362,0.5362692107683906,-0.3538996395030444,-0.1461741717292015,49,0.0,0.056225742577328465,8.296852137914136,-2.2972833759875964,2463.387291030029,1318.0318592664362,1652.9512657045132,0.0,0.0,311.217066211779,0.09778873641006931,151.4963325121554,156.8140486500614,173.96025445372624,156.93200434306743,153.2159891323054,184.67460981933982,160.5765494230035,178.26103000628262,162.02577497732275,143.32958115705665,31.665091230191887
1428,2576.1525573843783,1317.9748731393515,0.44560604555019545,-0.11977597477882786,0.033049865320959576,49,0.0,0.016928306984967764,2.4778942517494382,-0.9852069204939196,2576.1525573843783,1317.9748731393515,1051.3771213249092,0.0,0.0,311.1700828178152,0.09776445682335201,73.68353305654068,95.06188352745667,110.99565276960107,97.7154616948971,129.48405076862426,97.0636835374644,118.44815988755362,110.44878486206093,94.74971431214814,107.02955718728433,16.69663972127808
1429,2344.6064156794346,1319.3193232784397,0.4783994521756483,-0.1461375818989098,-0.043997552102575256,49,0.0,0.030240712032973606,4.510141842961552,-1.635475501394907,2344.6064156794346,1319.3193232784397,1321.126975213265,0.0,0.0,311.26655650710865,0.09832566319734899,107.11096052150947,147.4769838518691,133.84554503438508,130.14321234339855,128.69075137620482,103.98746855703425,144.40383986011315,125.79612148351168,146.44461974617224,132.75034339792762,20.477129041139047
1430,1424.003674310691,1320.8344776303734,0.7566381938194915,-0.2420505262847146,0.06469059765293257,49,0.0,0.1560249322932186,18.927083063984394,-3.1927092202201894,1424.003674310691,1320.8344776303734,2618.632281306025,0.0,0.0,311.65013768207587,0.0989583329489147,238.22102123238142,258.82103653863885,268.1992077519947,245.47298257723384,260.1751010712363,285.33064754078214,262.4502997711661,276.28610487937544,228.08702874421797,243.7553820238284,51.833469175169796
1431,1797.5929958115114,1320.9169027509756,0.8487935391720706,0.24467867810374969,-0.11649212300413395,49,0.0,0.01745705297873073,1.6819847367669494,-0.5645551261458657,1797.5929958115114,1320.9169027509756,986.5739457023833,0.0,0.0,311.4944756509748,0.09899265643722274,95.55836962270868,109.5034633407362,96.56700367726272,80.13728115383508,92.27989069324039,93.54392212020741,104.07945091708015,114.30597037347277,92.65298379540607,90.10728643606186,17.83832357237185
1432,467.838221393159,1322.092318400396,0.517041186479262,-0.11491892978228954,0.22354009956447946,49,0.0,0.011594754265577746,1.2531008295663133,-0.24496504373131683,467.838221393159,1322.092318400396,935.9938678534743,0.0,0.0,312.04852910812906,0.09947913799507235,87.8070860573396,82.62513263545549,97.87539314609326,85.1774186602537,101.88277874163245,89.61702344619559,80.37024813434854,108.45863935483447,88.1027758944229,95.94172128770988,18.135650495188486
1433,1055.8682023208903,1322.3334628929658,0.7445857652262768,-0.3165783927166324,0.024386095923297605,49,0.0,0.04512778111512751,5.163566986250834,-1.7823745385915228,1055.8682023208903,1322.3334628929658,1337.585530258089,0.0,0.0,311.8035262367136,0.09958220801999701,137.42796738181994,131.6220908843186,138.18588148613085,134.88458762766714,139.16402969974908,117.79809515083014,106.13404831682303,128.56436631241507,142.28791794385984,131.2929143901622,30.22363106431311
1434,1713.6497678441729,1322.3542789540306,0.5477045429003568,-0.6045906684068627,-0.3257789986125283,49,0.0,0.014960425494235912,1.5864569242244237,-0.5010707113784871,1713.6497678441729,1322.3542789540306,1042.4665367621396,0.0,0.0,311.52945192842355,0.09959162869227436,105.47277721671028,119.11030403153848,96.35669034224664,103.44198611297304,112.4817165904609,92.06480564761063,77.84880361138141,95.5760284491838,96.46010862441216,120.74430526984854,22.909010865773656
1435,2491.9851577444683,1323.4670384295102,0.8153237732669056,-0.20944899675910028,-0.11894689479015134,49,0.0,0.020585988476929912,2.141676213359818,-0.8268845329760016,2491.9851577444683,1323.4670384295102,1013.354220764194,0.0,0.0,311.20515087145696,0.10005320770493983,101.60969736092427,88.67418453005527,94.76425909573418,112.1514489636318,97.38230706448338,87.21211061171927,106.26219232830113,94.70922555955747,103.00495430300907,95.96615805353585,31.617682893242204
1436,2829.3555313922343,1324.0387434541783,0.6048797489229057,0.08298839607170824,0.16958317425214658,49,0.0,0.019795026313447348,2.2124961389037523,-0.862206303674084,2829.3555313922343,1324.0387434541783,1157.1768395198897,0.0,0.0,311.0645883709733,0.1002895152512704,100.40739468695315,145.00231823544436,96.04773604730454,123.32782911104705,122.91787384268052,107.56999438859387,108.64054788665511,106.1370886178216,136.26573944301617,94.23633167746773,16.62398558290541
1437,2118.4988573101077,1325.9508252792502,0.7690982638421895,-0.37538148499851504,-0.19638199403851048,49,0.0,0.155206366317952,18.3654448782634,-3.160003632524788,2118.4988573101077,1325.9508252792502,2688.5594713885775,0.0,0.0,311.3607658870938,0.1010895000867351,234.1188762900116,266.5839111055416,244.81738898936663,276.7967021080177,266.9582898897229,256.0257799743951,275.06097797387423,257.05430040385306,241.97817328654577,320.9707573564406,48.19431401080851
1438,671.1636822987906,1327.2124141035024,0.3582717053729498,0.10256374966866363,0.41720032770308374,49,0.0,0.011790650233610662,1.6743778601615749,-0.5596336820299501,671.1636822987906,1327.2124141035024,987.4598713586877,0.0,0.0,311.9638150438354,0.10161355668489037,101.43898245437455,87.21870839667827,100.97437926545777,118.54156518632556,93.11751724979675,88.09523214865668,88.5158471040788,95.3846775618671,98.1570028060274,99.19131741585741,16.8246417695674
1439,943.0766336220279,1327.206969108203,0.5033611278038095,-0.3995580457503928,0.01513185514482507,49,0.0,0.04967343104478095,7.884205551620422,-2.241894845960039,943.0766336220279,1327.206969108203,1479.7026160323244,0.0,0.0,311.85052183458043,0.10161244723292463,125.82471394288248,142.78278749706254,143.6684325496084,147.56231435258016,156.55888920101557,151.0481499544394,150.34847758236342,143.2143539582266,155.3657836977348,133.48440044810167,29.844312848309066
1440,2164.942436440613,1327.0890875233924,0.9425549791498633,-0.2372937750397399,-0.07808574881255821,49,0.0,0.01760995056566174,1.4414052095723515,-0.39696521841782173,2164.942436440613,1327.0890875233924,1005.7321590950194,0.0,0.0,311.34141469687216,0.10156363576497324,81.64431089300689,101.3257989224036,88.14354422114152,96.8121119490213,100.85766843611724,118.53924042111935,101.33503339266424,94.70994347599262,96.71648206766336,107.36546155362042,18.28256376226893
1441,3104.0516336257024,1327.468458668273,0.2659175686516796,-0.9279359351234174,-0.2672027291648025,49,0.0,0.018830311865358773,2.7799889229960795,-1.110107663633983,3104.0516336257024,1327.468458668273,1459.2912467256217,0.0,1073.0439553579054,310.9501429938973,0.10171648188848989,129.85844186189405,134.13600561429757,247.62835929017274,113.18954858265124,141.33995469111082,116.18559190015495,152.45091160067687,110.54186707367049,131.9494546752619,147.59519590923563,34.415915526495525
1442,1853.1260507520867,1328.1475517226775,0.5718510897750859,-0.18790914528658997,-0.02368165972852967,49,0.0,4.310407938635906,637.9140436196107,-7.011905408022989,1853.1260507520867,1328.1475517226775,65618.73642860714,0.0,0.0,311.4713369327429,0.10200534425036532,5864.165279281946,6334.379133265767,6438.509308786988,6603.659941434614,6514.91835782541,6364.402916679538,6508.213113380194,6501.812236704554,6648.402822000179,6584.953931394513,1255.319387853436
1443,647.615070416649,1329.0991535937885,0.8126131646688188,-0.40515266221387936,0.09175234250079203,49,0.0,0.01570281555268639,1.5463928632449435,-0.4732995917835037,647.615070416649,1329.0991535937885,982.3435350048371,0.0,0.0,311.9736265224051,0.10239955709325406,96.63896114967687,90.74388558529988,99.83395306913027,95.97547791062729,109.92464402686538,108.48245817694732,88.80028118731002,94.07938206332139,104.13130607123838,79.0755994221224,14.657586342298007
1444,2152.2464188419167,1329.0525046300597,0.5307350656340855,-0.47777715876618065,-0.0234266022515891,49,0.0,0.049255322153265536,7.294237345895837,-2.1574497265970756,2152.2464188419167,1329.0525046300597,1539.2273999992308,0.0,0.0,311.346704602575,0.102381754486983,129.872788991472,161.847957292228,147.43362126251478,173.32032997021292,136.7534560985566,146.97502068348751,172.39290907814862,142.22067708120028,152.67624277988517,152.22019465321614,23.51420210830871
1445,2908.1086022369336,1328.1414187044863,0.46053495045809273,-0.28187029116421686,0.9035771573486567,49,0.0,0.014109748800505018,1.3940929741668626,-0.36072934620762637,2908.1086022369336,1328.1414187044863,1592.4421076227045,0.0,0.0,311.0317773381927,0.10199834950019318,192.8652945813151,161.76290129100028,182.3484234280901,192.37648531726595,171.27682725651277,159.49029208966914,146.9882371021451,129.34031768024295,131.79342680912038,105.38620829968438,18.813693767658343
1446,2521.6983415869295,1330.1380804950165,0.4566925681302641,-0.4049413926100489,-0.02969874848540161,49,0.0,0.043112014338067606,6.9925313344177775,-2.1115860529411408,2521.6983415869295,1330.1380804950165,1507.9768153116174,0.0,0.0,311.1927708522732,0.10283259269323876,149.8542288091295,135.2937560035091,141.30679248436485,147.5736504253377,146.04428968108047,142.78680688203974,130.46439468106655,170.2697693398158,164.2065670001142,155.283736894615,24.89282311054466
1447,3005.427282438875,1330.9402724480967,0.23196395681820545,-0.6832657948790005,0.3184718380618242,49,0.0,0.008827117210120429,1.2173546334941892,-0.21354278274435476,3005.427282438875,1330.9402724480967,1075.8260334225413,0.0,502.15212205391464,310.99123180453097,0.10316376126501431,103.88676762934978,100.81325749561987,104.9567421456957,97.98626582184029,107.19014895355136,115.46660321476176,114.00661524173151,88.69665142496214,104.03913573238385,122.97050564501323,15.8133401176318
1448,324.16788352310607,1331.530153245709,0.5547170629603475,-0.34415136879289504,0.009443251185640775,49,0.0,0.5810322617755481,85.13703893566785,-4.825296353378257,324.16788352310607,1331.530153245709,10410.234577472702,0.0,0.0,312.1083872555955,0.10341047388762596,886.1965090981322,979.1352151552826,1011.6834057639247,1085.612296208227,1045.183137868883,1080.8262754477682,1027.595020804804,1014.5375607760287,1042.9216739833637,1024.1860057879896,212.3574765782962
1449,2532.580069816242,1333.97529319232,0.5284549422414503,-0.3109473181436828,-0.03975417917880174,49,0.0,0.14441066351314286,21.50364603127154,-3.3312802564185673,2532.580069816242,1333.97529319232,3187.639540460478,0.0,0.0,311.18823696543353,0.10443133366161188,275.47681602840896,285.4444425069697,301.0918186085961,338.4839391551862,335.58164351515273,314.97906747817296,333.37709119313706,336.2027342846338,299.52310278296153,317.1479582811684,50.330926626090104
1450,652.3065709128048,1336.9949601911858,0.21261998171945576,-0.11793437434164251,-0.03375687109260531,49,0.0,0.009831432560002544,1.262568592338806,-0.2531374540362316,652.3065709128048,1336.9949601911858,1031.0965411019793,0.0,0.0,311.9716719099325,0.10568941000011728,98.37748901784435,105.86063296939369,109.02746326143465,104.95798629753196,111.68676083724812,106.30313735112661,83.63408518356611,90.76126102542597,114.83688510366798,87.00799034064622,18.642849714093465
1451,2457.01195300674,1335.9774497553824,0.8531130972340574,-0.7236297514983854,0.07360479603650723,49,0.0,0.01738971909972684,1.4812100782860522,-0.42654164591503707,2457.01195300674,1335.9774497553824,1162.8293409430885,0.0,0.0,311.21972232190643,0.10526591948934709,94.76039220497165,110.74277801266057,155.5188933923173,118.81029028941308,98.51416900964004,117.74346410924315,135.33397757905408,114.8530750756225,94.35126288476155,92.9989207533124,29.202117632092214
1452,2481.1614516606865,1338.6626067579905,0.6181805891253472,-0.20300997591502876,-0.2148331744251331,49,0.0,0.04583043505739161,6.048237978749239,-1.9540721773077252,2481.1614516606865,1338.6626067579905,1468.8156129151944,0.0,0.0,311.20966040697004,0.10638459109729322,131.3062930482136,131.24507287091808,135.17087569742844,154.1839760022517,146.70374931592437,146.00693886533492,133.606057252754,143.58560193511545,152.2100798606147,154.77649200503944,40.020476061599965
1453,1877.6213007844644,1341.132536113431,0.29261615637958543,-0.5633976441199237,0.12086671155728618,49,0.0,0.010534927580131382,1.491289740327519,-0.43390507509915904,1877.6213007844644,1341.132536113431,1339.8576412466252,0.0,0.0,311.46113057929483,0.10741568819797637,123.75949559311229,137.85429162615554,116.31521733920533,139.40100556450025,129.8923392748932,119.06718238028586,137.314077603591,135.61315490615192,131.3559655010734,146.59077933005545,22.69413212760092
1454,2368.155792251159,1341.6116222709186,0.38677177813253827,-0.4112268250895744,0.29253094262340357,49,0.0,0.012574222919875325,2.064157156043791,-0.7868568988176138,2368.155792251159,1341.6116222709186,938.3282284520396,0.0,0.0,311.25674437442757,0.10761384797910654,77.17008402185564,88.48469194439153,96.56550699141629,95.49959218945646,87.6432960794194,94.68106059517193,92.34633114352536,94.85616436148234,92.97592275855217,93.29740988085197,24.80816848591657
1455,703.3431313981438,1342.84528793477,0.21853114708805338,-0.12225412470765636,0.712737860700205,49,0.0,0.006918929062255744,1.0631182355661724,-0.06645391906561238,703.3431313981438,1342.84528793477,909.7500200445336,0.0,0.0,311.95040769668566,0.10812724911929303,97.00997705864928,86.19309891589387,113.30826674107459,84.33357596811392,85.85287794903377,75.78468534449607,72.13887563068204,96.290136518533,99.41692214146342,83.69367272899214,15.727931047601537
1456,3050.7167146264906,1344.838392412563,0.30781274076698034,0.569884645147269,0.667236452804429,49,0.0,0.008769386030551654,1.1622188661195205,-0.16321980248821638,3050.7167146264906,1344.838392412563,998.3747576214632,0.0,892.2736300309178,310.97236301756504,0.10895394874178503,95.37600476066152,112.13222652034383,98.76729409299728,94.71662615598959,93.69142329722541,116.17781491255683,88.17873091434868,102.52384070765828,88.6155856703183,84.97037491012235,23.224835679241153
1457,890.6025506572778,1346.90991142671,0.6639462962292197,-0.25826567939997774,-0.1508174425217102,49,0.0,0.015277837812612997,1.758780121748659,-0.6130288711279084,890.6025506572778,1346.90991142671,931.6307845465718,0.0,0.0,311.87238564572016,0.1098216742141438,72.71826449577304,99.63696685968947,81.04409203811827,97.20426005555233,87.51027251619945,84.64425812070566,103.21302324727466,95.10584614699617,93.85030691967715,98.30326102806336,18.400233118522227
1458,1974.578659739925,1347.2300674896549,0.7507560522414558,-0.12515270571212325,-0.4133235011092259,49,0.0,0.016503131536277825,1.7433880175924246,-0.60348514182147,1974.578659739925,1347.2300674896549,928.190219636138,0.0,0.0,311.42073188277703,0.10995612870922282,74.75770152988368,73.32938099471056,92.48847254664747,95.05956520588921,86.21499287172057,98.71482382071801,85.9415689587177,90.6912531830585,113.39927463438971,92.88229595114433,24.710889939258188
1459,2104.3953137486365,1347.4301254398238,0.9217657634010007,-0.35280722322885333,0.033233786770121225,49,0.0,0.015279976942355989,1.287527549965862,-0.27439132665227695,2104.3953137486365,1347.4301254398238,932.4231321576146,0.0,0.0,311.36664215653406,0.11003915396522132,100.40662814037074,92.96328326386242,100.43918473324615,72.67172423834097,107.49438286810629,83.09890481946368,97.43829585358662,97.43312279247714,81.38550036392886,83.51605296847197,15.576052115759769
1460,1805.7285455220583,1347.8488458250479,0.4761970739374728,-0.3594117614840959,-0.10162651355759057,49,0.0,0.10963631031341918,18.113856239308543,-3.1450272916013775,1805.7285455220583,1347.8488458250479,2597.030981552339,0.0,0.0,311.4910857848102,0.11021423625594991,225.4588583423111,265.82380504391574,212.6062472768972,263.1382805346625,270.62264709560645,290.62838640294086,255.93968908406566,243.15880852106744,246.91591564844242,266.07498989574407,56.663353706685186
1461,2464.2461723731276,1348.2036576110713,0.5138292943938079,-0.3261313288873269,-0.015789946131693933,49,0.0,0.9001220160210824,140.7877395392883,-5.371412090099861,2464.2461723731276,1348.2036576110713,15447.395698299199,0.0,0.0,311.21670806191696,0.11036001963613797,1422.3951414149592,1474.3676847678257,1442.2117586955678,1585.9308897436727,1499.9336523187947,1535.4719922782974,1575.280302759025,1551.9146036658108,1490.110202479034,1523.1885982715621,346.5908719046505
1462,1623.4213914574075,1348.781327397844,0.7573575181574148,0.2895742240555023,0.5948693904343195,49,0.0,0.015010232970226575,1.527063044629974,-0.4596424180662572,1623.4213914574075,1348.781327397844,940.3359757685979,0.0,0.0,311.5670470476813,0.11060289014925305,74.23157832715754,98.3126011580864,89.24084497466785,106.23934981440925,94.90763315531755,98.76860630678024,76.61799940126237,96.63677361259138,97.08866246917171,91.07791008723939,17.214016461914234
1463,876.6259410641995,1351.0999200440447,0.4519350600219669,-0.5922653332739759,-0.29101947337243983,49,0.0,0.01541476125733395,2.1393212848092964,-0.8256900303181931,876.6259410641995,1351.0999200440447,1011.9896381700223,0.0,0.0,311.8782091101296,0.11156742291732379,102.27712393618418,90.11052131873825,103.0389412393892,101.15170111303374,105.44506457799942,97.32322198003494,102.99258267935093,100.69038613412613,89.24308341911703,98.70238765303873,21.014624119009763
1464,1257.2647116647165,1351.169033434238,0.9961190179955763,-0.44290050799841507,-0.06725459497029408,49,0.0,0.016318182445047444,1.3517682761768852,-0.3272556250885744,1257.2647116647165,1351.169033434238,960.3257437990367,0.0,0.0,311.7196120718097,0.11159741825157422,92.64604244230631,112.37723859934425,84.19972964819902,82.50797339137185,109.72695888518052,96.75258103785914,97.2915395110755,88.44446284094097,84.16522597478814,92.28287113518888,19.93112033278205
1465,479.83683359639633,1353.7353921119748,0.591496381501119,-0.6991483130143971,-0.2732645013457566,49,0.0,0.01276370918092879,1.3108971707697827,-0.2939215653831987,479.83683359639633,1353.7353921119748,976.1516363529358,0.0,0.0,312.04353042876863,0.11266333719644102,80.2982396649538,101.92044677208466,89.31036995749812,102.65219517950453,96.73373109039284,105.54803218388483,95.03907058867682,100.33355807153563,107.58002558732754,76.44087486836548,20.295092388711595
1466,2434.6541020903396,1353.5318241774128,0.5233444837656255,-0.5676194323025288,-0.13221410536137448,49,0.0,0.021835823579541832,2.937332142835708,-1.1698826443500174,2434.6541020903396,1353.5318241774128,1077.5369974281966,0.0,0.0,311.2290375726843,0.11258018749293264,89.55236915962334,92.65553655683513,110.09696397744978,117.79370944510873,120.04949124623619,109.00383620067774,90.8125380998577,86.86626993771463,98.37012780991984,134.6808848019059,27.655270192867594
1467,1081.2833373978099,1355.0375255347963,0.24993094195576804,0.29763588760505827,0.25651519377754395,49,0.0,0.010521508722303409,1.9725021641800287,-0.7375437209469005,1081.2833373978099,1355.0375255347963,931.6852221244471,0.0,0.0,311.79293695476076,0.1132088253826725,88.00703287727984,84.59490013516441,98.18073016795779,81.61182595653167,102.28890054861701,114.62373806555009,82.05842502641423,93.40681127801665,87.20177539885353,87.84860062715646,11.862482042905413
1468,283.77542472356487,1356.2695165292737,0.5185995702767533,-0.08403398805765969,-0.0819690477496995,49,0.0,0.06992507274604587,10.0957371479782,-2.5103450869538224,283.77542472356487,1356.2695165292737,1993.553255635884,0.0,0.0,312.12521631699633,0.11371774708047719,194.9633445688999,190.35517652940123,199.10622520953106,204.9325464867866,204.52615697639766,211.19748560633593,205.92346183678873,188.16479688426486,168.84777835411154,192.30706451020438,33.22921867316215
1469,733.1905618422265,1356.131618138373,0.5421412732465709,-0.48462939711763925,-0.07253547205749787,49,0.0,0.011827509498548414,1.4277215333965014,-0.3866087743734698,733.1905618422265,1356.131618138373,1060.3419559828594,0.0,0.0,311.9379719102714,0.1136632420453811,96.7964401863196,99.60422307284995,104.61342166641198,94.276975545499,110.89237388740278,122.13382469102115,104.01609284257933,95.72592689715232,110.88384034070958,104.40153759463976,16.997299258273834
1470,2168.5592682043266,1355.8910954321966,0.5000049301034203,-0.45844426020499635,-0.12369729394927143,49,0.0,0.046778954036060076,7.136526744448003,-2.1337172441728662,2168.5592682043266,1355.8910954321966,1587.0653086793886,0.0,0.0,311.33990752335427,0.11356431637329868,121.74483361620811,149.74456848270214,183.02928626210888,150.72400694139196,152.28780420375824,159.74399976362088,154.27180124335717,166.98605981227902,159.9688594741021,155.05666031639734,33.50742856346287
1471,3057.836785725002,1357.0547167788461,0.5707366164567115,0.07310786143219543,0.4794690362949005,49,0.0,0.02509503091047101,2.6360363609944626,-1.0523784913511554,3057.836785725002,1357.0547167788461,1335.7945606906142,0.0,1202.3557742344615,310.96939644972787,0.11404372165495387,113.12018560837903,138.0948352396479,141.6545260388387,140.49320636859494,127.71495226510429,128.5426439707336,142.23626012973273,135.0606345852266,116.61716155460371,120.85058405956057,31.409570870192123
1472,2415.20783560449,1358.1877769992757,0.5352893390947878,-0.11232450563206904,0.11590343695625584,49,0.0,0.017007236114462712,2.1146087017985824,-0.8130750375851579,2415.20783560449,1358.1877769992757,1155.9071298220276,0.0,0.0,311.2371398518148,0.1145202230951462,127.32051545187744,140.99953375830634,98.9208073928173,126.20999450782077,94.6794803143473,110.65086546038293,109.73255238226139,127.67519468693519,98.93522734864516,98.91250576282218,21.87045275581162
1473,1991.383887653054,1359.212832761583,0.35965577481491784,-0.5970358327217009,-0.5419683852556424,49,0.0,0.021209898634693854,3.1511516568172673,-1.2461732628809934,1991.383887653054,1359.212832761583,1228.4829373102903,0.0,0.0,311.4137297042675,0.11494887387543697,114.74952609068697,141.14868949004472,110.41779591666304,114.72197276568141,118.89713004322147,114.62088096251914,117.03208945862085,138.2452733674747,116.78949437495429,108.31458394138679,33.545500899036824
1474,2738.735262890843,1358.9588238560837,0.36435668980068037,-0.5208070129369081,-0.19636177733422358,49,0.0,0.036386569555135376,6.373772727377967,-2.0109914339262702,2738.735262890843,1358.9588238560837,1537.0821241275505,0.0,0.0,311.1023435464862,0.11483956742815019,141.17427332263918,158.84477290661343,167.74738887085084,151.20292139981183,162.92674082472396,153.6969357712387,148.77768754697115,124.037098978803,159.55097898525128,144.20984380259267,24.913481718054403
1475,1312.231783635933,1359.7836641060278,0.43786043596963037,-0.4467082585314161,-0.2721830878620409,49,0.0,0.016513440551302175,2.5410621127817574,-1.0125382022842113,1312.231783635933,1359.7836641060278,1049.6512801117642,0.0,0.0,311.6967092687214,0.11518693084437688,72.85945414183114,110.16349003347796,83.4413616201326,111.03751612594967,123.44767004133624,83.05784805241854,100.65118264319544,116.69491635060747,118.4463462957759,104.71750424469525,25.133990562344188
1476,1327.7225257165824,1360.0669543402983,0.6528801009421692,-0.2043425448476277,0.022113728264593905,49,0.0,0.061979183892715645,8.207355952377997,-2.285508172872511,1327.7225257165824,1360.0669543402983,1473.6872321298347,0.0,0.0,311.6902548174493,0.11530499431964242,138.89022227692388,164.55096425166226,151.00660044132013,130.29642586289827,136.3244102187513,151.31085907522825,133.40637439357823,142.13195444056385,150.38306181097272,141.59369357699083,33.79266578094495
1477,1467.3019351058072,1359.8607014261963,0.42446345480719416,-0.0762656160115156,0.7573086443654894,49,0.0,0.010260448954934543,1.3641153561893786,-0.33712774478603436,1467.3019351058072,1359.8607014261963,956.239685637414,0.0,0.0,311.6320968327449,0.11521922867942183,87.86430643254991,98.85007272964472,95.17451598134078,80.71591752053378,96.67900107088161,97.16591000469316,104.77773830869697,80.23205944725149,98.31457091254413,92.97980149908398,23.485791730193448
1478,632.3440773757184,1361.914093657554,0.38959655774580815,-0.5239787028933984,-0.015746013391303968,49,0.0,0.01071686332995668,1.501932487357098,-0.4416260283627108,632.3440773757184,1361.914093657554,928.2067588041186,39.992128846605894,0.0,311.9799894855237,0.11607198340139921,60.81879670453512,97.35296935131512,86.03356130950135,85.72823018252194,84.83382599574567,95.78172740944026,92.01695444219604,96.05441716734313,93.72998065572463,116.34756035640737,19.508735229388094
1479,721.7387162512969,1361.6552060125737,0.4152680703397433,0.11023479751090853,0.16558180026177252,49,0.0,0.05665451930453867,9.695330405557504,-2.4664065347914117,721.7387162512969,1361.6552060125737,1841.540243671613,0.0,0.0,311.9427433774376,0.11596462279830025,162.3440783341088,157.69153418171504,186.1891602816884,172.7274479459976,200.07247276991717,198.74761324523672,171.12497737269257,195.32577233687812,192.44760014462912,167.86907515741854,37.00051190133112
1480,1818.6785388769083,1361.7570017235716,0.9259120044524359,-0.21000573048547602,0.09573845162649541,49,0.0,0.023213674106976806,2.086927103544599,-0.798768198512651,1818.6785388769083,1361.7570017235716,1158.8317640188436,0.0,0.0,311.4856899315831,0.11600925943405864,92.3332038846486,99.11590408219094,106.86397903498602,126.35541622651424,113.99739880634482,106.11566727793519,126.8075454627494,129.63730492141258,104.08952146552443,128.72941359241364,24.786409264123762
1481,2417.4095820502675,1361.653473179621,0.3063400087932921,0.052533093167317454,0.31092537574247386,49,0.0,0.011594145722331181,1.6718991768981217,-0.5580252099150264,2417.4095820502675,1361.653473179621,1163.22579228518,0.0,0.0,311.23622245708026,0.11596422239082628,112.41306536708527,143.04155665333627,95.40962866030833,127.35140001635197,90.45166038639783,116.60519629488486,111.4722278281602,137.47720784377537,114.40983832431175,97.55241971251263,17.041591198055414
1482,1111.0611988977582,1362.1598790351866,0.621340213321289,0.03161247815594278,0.22107054927136868,49,0.0,0.017922923845815612,1.8606308176364166,-0.6741505247548885,1111.0611988977582,1362.1598790351866,1138.5923803969522,0.0,0.0,311.7805297146822,0.11617653460310892,105.6937240788416,110.48334585569447,102.8484551275377,125.33048082058397,115.1746227062252,115.65386835501532,124.52590997560944,114.80425000983962,95.1728411515698,113.42883807649113,15.476044239544088
1483,2160.7252225930274,1363.697487961474,0.5091638529476975,-0.40537085006535717,-0.03082043551023659,49,0.0,0.012982568547056216,1.5109165071254615,-0.4481011649896136,2160.7252225930274,1363.697487961474,1050.875116301364,0.0,0.0,311.34317160549625,0.11681696950845873,93.25141889653457,95.21231023877917,92.35986105991279,106.17881996756793,111.30231192982659,105.23153393220308,119.07418728625613,105.32821784650257,118.021274012811,90.845707495265,14.06947363570508
1484,232.02194006902877,1364.6074571365186,0.5682711894846234,-0.36296301688181176,-0.08828026200668417,49,0.0,0.09530275634394306,13.205862530728774,-2.8019169301963585,232.02194006902877,1364.6074571365186,2321.801842405702,0.0,1568.7433068695464,312.14677835168123,0.1171912885499792,209.34734637233655,206.08713078657217,254.3504772860043,231.04813113533868,211.13738483094096,249.84929028184638,215.78333681090058,249.1278932065941,214.20681503268202,242.5438928265425,38.32014383594368
1485,434.1398737175892,1365.4872346588052,0.586587089777016,-0.2770280577705212,0.09664641613934831,49,0.0,0.32565271044749605,44.847818259278014,-4.129353301226008,434.1398737175892,1365.4872346588052,6136.310531893365,0.0,0.0,312.0625696742706,0.11755943577195058,570.35636312079,651.1090865225998,594.8839036891771,630.1543424751292,622.3564707231528,592.0334591472242,607.3573002470571,592.3472689876438,590.2956651257555,560.821924548863,124.5947473059733
1486,527.5188329622347,1365.980062520757,0.5725249060349499,-0.8706520199189463,-0.6228515686163312,49,0.0,0.0311380392931478,2.7417149324228363,-1.0950557434644412,527.5188329622347,1365.980062520757,1914.8566587013938,0.0,0.0,312.02366433644727,0.11776542384600473,162.7446053040395,191.7178994953646,176.4802270755155,188.6675310659349,176.9109964129845,188.2867728448491,211.20059498427358,186.35545114807115,183.85632554927383,199.6921382621855,48.94411655890181
1487,1015.8737523980816,1366.8258128323532,0.42331978605824433,0.5717382964307322,-0.04888324469029888,49,0.0,0.010393184662332952,1.4643269534311363,-0.41409514094810485,1015.8737523980816,1366.8258128323532,936.5050689446629,0.0,0.0,311.8201905972669,0.11812033632040604,79.69574303906288,89.74741136961873,88.25746346107766,87.28511304438975,110.67520411514889,96.97263863805466,80.63649075454907,98.44727086256151,94.1503970239248,95.0191110561664,15.618225580108419
1488,2452.674151436332,1366.980658004101,0.7847037362675571,-0.35701835134068516,-0.17168307092416876,49,0.0,0.07330302001393925,8.268047893118828,-2.2935074590925857,2452.674151436332,1366.980658004101,1744.3065764679386,0.0,0.0,311.22152936809823,0.11818365308515934,157.05472489269604,196.58413817524956,162.7544872729013,160.5287143134425,170.82521920021227,190.4335623540016,167.7588240443747,183.84497527340045,189.78965171846926,135.72391836275577,29.008360860435026
1489,407.6655349461576,1368.7927124422738,0.6079932455427087,-0.2351611454454939,-0.0372228584009793,49,0.0,0.23778359252386527,32.78912320397483,-3.789324508983061,407.6655349461576,1368.7927124422738,4402.482074456504,0.0,0.0,312.07359988908956,0.11893646825893293,369.3618892315377,433.5241147095272,436.8147316147673,411.0848522948405,436.0371373102547,423.7515251277974,471.8908956843168,458.73172053221685,443.57038240522934,432.4546099839778,85.2602155620381
1490,2652.6687330725326,1369.2289861182912,0.26454176099376225,-0.16861353524108652,0.08052290647646011,49,0.0,0.01664604362992442,2.8629857663473888,-1.1420479722089456,2652.6687330725326,1369.2289861182912,1179.5177743935546,0.0,0.0,311.1382022183234,0.11911923622495345,111.85215288258557,104.92279198004394,117.26893229759828,127.02659255078123,116.91226656632534,102.7940405186464,128.7652487386411,117.87896199631022,115.56069460382257,121.09431035816044,15.441781900639565
1491,3066.2453939179686,1368.1628386440689,0.3745666305051855,-0.15812671477544193,0.6947604744663308,49,0.0,0.015306652695794789,2.0445580264014933,-0.7764986018362596,3066.2453939179686,1368.1628386440689,1170.2918577843345,0.0,1052.3226004276466,310.96589307175543,0.11867175488460338,109.46326895896505,116.20068039370709,121.44991039808282,125.65606413964645,110.26065931891044,119.06652932713764,106.45104922939281,104.9269438992015,101.20819688645,130.67262588484397,24.93592934799673
1492,171.96356804767754,1369.9662002592977,0.33961086228638854,0.004633039956410812,-0.24389116052102122,49,0.0,0.017374733065081863,3.1116348362879567,-1.232471562463237,171.96356804767754,1369.9662002592977,1051.895316682972,0.0,921.8966206783914,312.1718001876242,0.11942345078674088,119.6661663045968,108.66082313168468,86.70259621829356,127.12890501658994,105.7155335412304,142.73262123121972,114.53114262747334,85.92717109777911,76.01033517602997,71.61994455437593,13.200077783698543
1493,2066.740091926336,1370.8600533784181,0.6140386714208133,-0.19923245959687633,0.004632864855111299,49,0.0,0.12247994786597745,17.39468604151476,-3.1010414863209506,2066.740091926336,1370.8600533784181,2361.483268557311,0.0,0.0,311.382331514844,0.11980164401821035,208.27301617500447,253.65777937767007,232.670151553239,209.3094359221809,242.9766600543989,231.07460462161822,246.6240402327245,235.85883981974638,243.311570621991,204.75658897896346,52.97058119977373
1494,2494.216514528408,1372.1464986367164,0.4524002973293091,-0.26539322252687014,-0.008325126552160854,49,0.0,0.009230159880427776,1.1351481933846983,-0.13763140573470697,2494.216514528408,1372.1464986367164,870.8839310740193,0.0,0.0,311.20422068333977,0.12033580850532076,74.33672382756782,80.0317914713776,79.00677852617451,90.77627812391242,81.49856386319198,95.02788491686563,103.8188090324254,88.29330327213322,76.75705943023775,80.79694838417024,20.539790225962697
1495,3117.2758997841565,1372.0460072158949,0.7133251943491005,0.8010885268658349,0.11165052197066676,49,0.0,0.010311399544699179,1.238764762750992,-0.2324721078717554,3117.2758997841565,1372.0460072158949,681.1197675215342,0.0,448.05372177421305,310.9446327792366,0.12028916128665879,88.39129777748272,60.78552153870422,46.54834159037074,58.44130861427888,49.01265685602605,93.41248870746453,53.62667118732992,57.7351034470753,86.09680914097498,59.39619856141869,27.673370100408114
1496,1494.917772566957,1374.9833200217581,0.6102466520378352,-0.2518366432085907,-5.365002937424912e-06,49,0.0,0.3119458798567345,45.87810653170708,-4.154013713798861,1494.917772566957,1374.9833200217581,4750.8156008915485,0.0,0.0,311.620590255064,0.12152031988436018,397.0522678454526,454.3262510584896,458.94919459235535,514.8823852072156,430.93845113085126,457.5576475673051,461.2748347587631,497.0862402745379,495.760493364084,494.69370070617896,88.29413438631506
1497,716.8649404485792,1378.0404509762554,0.6779084737118253,-0.4670675502196167,0.22790996103885275,49,0.0,0.02980182960506076,3.4651040567443148,-1.3492907024137986,716.8649404485792,1378.0404509762554,1187.9852914830722,0.0,0.0,311.9447742000511,0.12279162169130473,95.43922781415013,117.77577972362232,112.66155778173292,104.86749383269829,131.065808369976,130.52195394980023,124.23200294302768,118.2273127959641,123.28029174952228,108.03260441579843,21.881258106779754
1498,1806.438851052703,1379.2819755648577,0.42764264691818843,-0.780129705681967,-0.2260930138823419,49,0.0,0.009376166685439067,1.0197602443326028,-0.021245192143148912,1806.438851052703,1379.2819755648577,939.9879096397267,0.0,0.0,311.49078975101673,0.12331131916815798,90.7728941740142,81.62927657746673,87.22657357874063,99.35670328285542,83.7167301251744,69.84375810585367,115.00617341051121,89.7823102432526,100.00199503926959,103.6995612349032,18.951933867685092
1499,2623.951028048944,1378.8327824023734,0.316801137393703,-0.4029954658741104,0.02080303448375926,49,0.0,0.0167743380093353,2.5806730546246683,-1.029332468191907,2623.951028048944,1378.8327824023734,1105.0481409987692,0.0,0.0,311.1501671441137,0.12312088406572555,113.94649871442904,112.0505415150952,98.6978861180122,102.44216989916902,120.32999824089052,104.00743359478857,102.41805279372892,114.294171382815,97.21479501724104,118.89410156782856,20.75249215477102
1500,1265.8105990809265,1380.5264440068481,0.52897976481805,-0.31739206942247206,0.12415679468568083,49,0.0,0.049244011323487165,7.241087642260892,-2.1495095099526025,1265.8105990809265,1380.5264440068481,1512.779839685436,0.0,0.0,311.71605141809385,0.12382961785476053,140.82240014798595,141.50194864653068,153.76006203038946,144.3541394811138,147.8593764290285,154.15755364840004,145.84206852832224,172.92620877924293,139.4406224681946,141.27923430668775,30.836225219539806
1501,754.1038474809314,1383.1326944351372,0.676709832793489,-0.42197677909604997,0.04463906939250916,49,0.0,0.03297759617924294,3.9265036016383155,-1.485015000377468,754.1038474809314,1383.1326944351372,1213.0832227900441,0.0,0.0,311.92925863664186,0.12491355335290787,129.99358861306465,120.94252150046427,96.46334342682741,111.90745714769596,113.74274809827116,126.14361551657119,127.02279733019128,122.46101550628924,122.61723347076196,119.59123565185973,22.197666528047375
1502,2969.024323968654,1383.5636746154921,0.8741318957454597,0.012985051322550494,0.02049462905819353,49,0.0,0.011097695355487436,1.000920612563437,-0.0009990825772224115,2969.024323968654,1383.5636746154921,846.7255201967508,0.0,0.0,311.0063973362483,0.12508929955432802,81.59538881901321,88.54059371859444,68.16328465314753,96.95528997000619,67.06549701529207,101.45582964942801,67.86012325915252,90.00645560450556,76.9481159432548,95.83225160679815,12.30268995755829
1503,685.7715093183054,1384.3381806485597,0.6035269307948562,-0.2866711936066171,0.12162955657499133,49,0.0,0.025573788108953922,3.3527300611784336,-1.3134964710609203,685.7715093183054,1384.3381806485597,1131.3806016594294,0.0,0.0,311.9577293208,0.12541542943967135,96.37800420557863,108.11534585668491,127.52991026400267,104.37360413982958,102.29295477595956,119.0867267087329,111.53320892932157,120.0873945730005,116.235759511694,103.55888439238579,22.1888083022394
1504,927.2515451156564,1384.1423837732543,0.8415363010236648,-0.6107507928219835,-0.13270075819647123,49,0.0,0.013309479279241768,1.2250474034472196,-0.22038223533757306,927.2515451156564,1384.1423837732543,1045.6536908973553,0.0,0.0,311.8571159012513,0.12533512023218907,86.3422497165443,94.83660214125356,109.35913139575021,110.48366065792553,106.61327376326936,107.9698508074418,94.9287743812459,106.9396569180745,113.96871411731159,93.0742825947296,21.13749440380886
1505,2699.8770149941674,1385.8849262969743,0.6053233568921056,-0.06164021461349787,-0.03129569590460231,49,0.0,0.026585759822263546,3.41204697780754,-1.3325375049946742,2699.8770149941674,1385.8849262969743,1078.0765553627614,0.0,0.0,311.11853308149745,0.12605865135406008,97.87748432413926,91.33684558419752,103.6758490592976,103.6685837035612,99.19599401867424,124.65984591348865,110.6280970987097,105.93854333490282,120.52115187374656,97.01737712082232,23.55678333122153
1506,1192.906352923659,1387.4507974101257,0.29936152494221674,0.046601177599895266,0.2733549661976315,49,0.0,0.009656025157788692,1.2693744684943433,-0.25897439725867044,1192.906352923659,1387.4507974101257,945.8173442533724,0.0,0.0,311.74642802956987,0.1267145680861992,84.16377638935984,84.356556403821,112.28531030850878,89.60823166088277,107.98466460167049,91.45769136369012,86.02278908627743,86.43985667792165,99.0328639395142,84.31417173864367,20.151432083082554
1507,1790.7527987605072,1386.8523421348827,0.8532688061944301,-0.4044448839885043,-0.15507516050653064,49,0.0,0.011674403343247828,1.0205864230765522,-0.022124466471634928,1790.7527987605072,1386.8523421348827,916.9407737533763,0.0,0.0,311.49732558283335,0.1264656479298045,68.42834393248172,97.16681501508567,91.62609162296047,107.42765950722793,92.56025687737505,112.36317701580369,89.11813376283506,91.01398561062129,67.60511267374359,84.77356675524115,14.857630980000636
1508,768.7994585520876,1387.4658928630379,0.6532601746812012,0.020753314721829293,0.12471229679549692,49,0.0,0.03194101554946298,4.044401246850108,-1.5171355890137947,768.7994585520876,1387.4658928630379,1189.4204901187427,0.0,0.0,311.92313572749913,0.1267190967038105,115.79309882849893,92.2293367988798,125.99683905156004,118.3666575730507,105.96746958476871,118.35651540872365,125.84562379402966,113.56525341805767,119.44822584582167,131.70088154658282,22.150588268769166
1509,182.2547075395031,1389.174924658003,0.4396681667323976,-0.3268084949248295,-0.026511853830622375,49,0.0,0.023018157641868545,3.2848175374409836,-1.2912781267613065,182.2547075395031,1389.174924658003,1227.872957573216,0.0,1241.222999130519,312.1675129793676,0.1274267321269327,127.26219498264481,107.0945760120558,137.42356727837245,144.54871979329977,120.49043518593533,115.3110464112941,127.24700831836262,114.10120879232433,107.48773181745605,98.9507387021601,27.95573027931056
1510,318.15776375645044,1388.5237328336254,0.6225797519714886,-0.03090962590601542,0.15315033503366762,49,0.0,0.027837711075718998,3.12108176098757,-1.2357628643745124,318.15776375645044,1388.5237328336254,1480.3173528403777,0.0,0.0,312.1108920875169,0.1271566511856926,128.70564826014524,134.45476862532445,133.21625088013445,142.58110386563192,159.58945420041138,153.62839150615537,132.90953311898423,146.8674889111501,169.14093480590822,151.97750425572565,27.24627441080668
1511,2261.9517737539036,1388.3728714076112,0.38972561399608324,-0.23508038515458127,0.15929149227469055,49,0.0,0.011732733240108905,1.7113713166861702,-0.5833606218834039,2261.9517737539036,1388.3728714076112,1042.1940210561152,0.0,0.0,311.3009944988924,0.12709785092208684,105.00673310367134,91.33288837552706,94.68853932656182,103.54103764225351,121.86892231099469,109.67440970224294,104.8215231614123,90.3640873733587,97.53947641896795,99.90346266308362,23.45294097804129
1512,276.13599533467243,1390.953231999119,0.6740946009806137,-0.6445728879365323,-0.35489794424596266,49,0.0,0.016270015975615598,1.5722295885411584,-0.49128991303082487,276.13599533467243,1390.953231999119,1023.6668016732734,0.0,0.0,312.1283996437075,0.12816852490970534,84.0721457577962,99.5537436851164,112.93543447452544,79.55776577523878,89.94330416752345,95.45014908514545,114.19701080101994,102.96586198635543,114.94603520543717,109.88162717984454,20.163723555270586
1513,1456.6671744797486,1395.205408202569,0.4439345748919729,-0.27296438405364704,0.05352852361106255,49,0.0,0.03396586946537403,5.509959392894568,-1.8528709955383558,1456.6671744797486,1395.205408202569,1368.5754131128353,0.0,0.0,311.63652803861584,0.12994613400381944,110.27477629216554,124.35042880836036,158.42416302284641,124.15293235802528,147.93698744646915,129.5350584488366,124.48024942471588,123.32901073588852,125.59380677853297,162.06390236106014,38.43409743593449
1514,331.49034122165773,1396.425478409742,0.5245831148221376,-0.19660040758821162,-0.023036641852069883,49,0.0,1.5565670889692538,231.74171913188619,-5.912510560929355,331.49034122165773,1396.425478409742,28763.515190663224,0.0,0.0,312.10533743214893,0.1304490118129542,2639.732122239091,2811.8958480944166,2724.3511674773035,2844.828589123478,2807.445750655811,2836.8044681793763,2836.741538054097,3011.5818787642693,2882.388578179065,2778.076409377013,589.6688405193015
1515,2168.2488235323904,1396.7087644529327,0.7833533364398909,-0.6293287323092723,-0.05191261776435803,49,0.0,0.01993635612212886,1.9651558660509567,-0.7334925052026522,2168.2488235323904,1396.7087644529327,1031.5551859735592,0.0,0.0,311.340036609057,0.13057148922848597,77.73045104962492,112.75248426651734,96.10345841645763,103.62492933539366,116.78316782033977,82.99406187861675,117.1670721971561,86.45908175974066,128.40637764620124,86.13437781173322,23.39972379177775
1516,1041.6935717271494,1397.2136607343944,0.33529273748881794,-0.46732363148698625,0.14860189751098904,49,0.0,0.008336507389356347,1.098940313772065,-0.1024352635806704,1041.6935717271494,1397.2136607343944,936.4384410742238,0.0,0.0,311.80943271139,0.1307818952627252,83.57799541416225,109.49947656187197,82.32751169136557,94.88760235549634,98.14836760242282,93.10950738221075,75.59784099697482,90.3274604925811,98.04907484038429,96.88799264877852,14.02561108797525
1517,1406.3495350636083,1398.722258060326,0.3296891103243456,-0.10103216142445062,-0.2202021959946656,49,0.0,0.007847811125478096,1.1628384172210726,-0.16379842829876612,1406.3495350636083,1398.722258060326,916.1012674491427,0.0,0.0,311.65749372814497,0.13141142500421638,76.25710719018525,96.44452857438485,91.5903925988451,84.52608561547623,84.8390086101714,86.45126722452471,97.14552822388781,96.50623359100516,84.09285746034493,102.65854602435816,15.589712335959181
1518,271.5051153368693,1400.2232214633057,0.6041589622056043,-0.44378774354014067,-0.12443048378171358,49,0.0,0.017213183516100544,2.0083123179440907,-0.7570781300127117,271.5051153368693,1400.2232214633057,1062.7279557701065,0.0,0.0,312.1303291404217,0.1320307899216212,92.89473182373008,98.69458154061044,105.0965808267465,92.59116024929426,105.07413818223857,88.43838069468981,124.79779526318677,92.26857845812444,118.51691853168742,120.67841917992202,23.676671019876316
1519,1675.553864867433,1400.8220972304216,0.3833367603286896,-0.06144956082499512,0.6532518720454374,49,0.0,0.010397773531087916,1.4038393156539097,-0.36829350253563764,1675.553864867433,1400.8220972304216,1017.4306055567704,0.0,0.0,311.5453251381884,0.13228646740509595,84.07577110443994,96.49106851571261,98.15293607376356,98.53477748618681,97.87056855905472,101.63273254641081,90.7020544800434,114.64039966723413,91.72549772945113,126.28813976786121,17.316659626612058
1520,918.1825863256436,1401.3541759705465,0.6036399313822298,-0.23918159798057684,0.05570463454630821,49,0.0,1.691006700583654,247.63380637958184,-5.984524833118678,918.1825863256436,1401.3541759705465,23638.642557397856,0.0,0.0,311.86089468047106,0.1325065549089094,2103.543216867586,2207.6268170197864,2215.4527848428716,2302.2068796289036,2409.2511095762984,2406.5940490893636,2340.0995423530985,2336.3599396333875,2422.8808009586587,2390.067970236966,504.5594471909254
1521,1805.8701470517515,1400.8664237866074,0.7152284787096962,0.055960393260858374,0.13123166868630903,49,0.0,0.02578773896412111,2.701840848394295,-1.0791494084398474,1805.8701470517515,1400.8664237866074,1109.8841371693975,0.0,0.0,311.49102666021344,0.13230480891458496,87.60097189680718,119.41939862375798,110.1200114090389,119.85942422043993,111.51153515874915,130.9707116852576,119.08894872428266,88.0259744406672,106.25651910636665,91.01614337214355,26.01449853188659
1522,2117.775420556259,1401.3895111449879,0.6338054889152679,-0.32812389459385727,0.06620910287538365,49,0.0,0.4310280081411597,59.644480844818645,-4.438925656917158,2117.775420556259,1401.3895111449879,6754.488511182828,0.0,0.0,311.36106686997914,0.13252197144537112,578.0027887937633,630.085449404721,693.5941587146758,678.4097257971832,678.3744210422752,673.5059077080595,669.2631341756496,668.5969899550903,644.2162607385326,684.6277869878537,155.8118878650229
1523,2124.351113012766,1400.0854623748694,0.6268401932028268,0.5896503536890318,-0.351785552545292,49,0.0,0.012964881226352008,1.0024589961545431,-0.002666543983639099,2124.351113012766,1400.0854623748694,5916.508249784591,0.0,0.0,311.35832704071595,0.13197859889067481,505.8903726090476,553.4354196670891,605.5219100132074,596.8384002685176,581.7597664665162,580.930414211912,588.9780348702075,596.1059925955284,552.0909686219171,612.73416659743,142.2228038632169
1524,2849.2840330758445,1400.6276390884955,0.7283689479485604,-0.5794666112412415,0.06335601354371845,49,0.0,0.042507238641521394,4.70269277108505,-1.6808665175749598,2849.2840330758445,1400.6276390884955,1396.533033544953,0.0,0.0,311.0562844166986,0.13220001176424323,124.05994407642024,136.03620380760447,135.65823542179243,136.07376433750582,143.65423499152843,145.1805017806061,149.46704392511668,132.09846918153067,138.81011635414887,130.09534478586352,25.39917488283578
1525,682.4894634899422,1401.4176182039294,0.5208675575880974,-0.38414344216770613,0.12039895446785705,49,0.0,0.02259797177709097,3.2146887002028026,-1.267847309146026,682.4894634899422,1401.4176182039294,1028.0648992150636,0.0,0.0,311.9590969594241,0.13253166699479163,95.34160847299685,106.60240457486019,95.70022999348663,94.0344185945502,104.97231792400311,108.28198923216735,107.46976173546662,86.67641112738494,101.99485895306191,110.46796437691852,16.522934230167305
1526,1156.6076034327475,1402.3621801764368,0.5636768685385838,-0.3904129585398225,0.07484491284942806,49,0.0,0.06253044034963073,9.376243355323522,-2.4300721767465254,1156.6076034327475,1402.3621801764368,1600.6481622181132,0.0,0.0,311.7615524577226,0.13292749441227963,127.05925092769306,177.82354920333523,144.24999686898406,152.89356668876474,158.07800929345856,166.2823876538207,145.67666068951652,164.6970608965263,178.92542520946859,156.72018124284392,28.242073543701363
1527,876.5972647899597,1403.9216979266926,0.522765249488965,-0.23448475430767837,0.3730351034380767,49,0.0,0.017498085558370007,2.4294579438334245,-0.9637734635611943,876.5972647899597,1403.9216979266926,1025.797774767601,0.0,0.0,311.87822149399307,0.13357613379500727,99.2057475725504,89.58363614316133,93.71850824135947,106.25233730577982,95.84472714760503,81.65557658575901,120.60703406633903,105.72005234063114,100.01629862557436,114.52748014392063,18.66637659492079
1528,994.4739247695949,1402.6620281450191,0.9173740465791345,-0.25283666110116076,0.32687542436513534,49,0.0,0.013462954469976923,1.1307417137464415,-0.13340853462795074,994.4739247695949,1402.6620281450191,924.4001889810163,0.0,0.0,311.8291072785352,0.13305183126695322,63.171147141495695,96.20852471579346,98.14668488740794,78.27895407232525,97.03671555654182,77.8640128524332,90.90135161912436,110.9271754630887,103.69088373812944,85.13493121834168,23.039807716334696
1529,1206.644622150034,1403.0035003013231,0.8790301351128059,-0.12620392104330444,-0.12527453049750792,49,0.0,0.015217157220977277,1.305019405817784,-0.28904242435226,1206.644622150034,1403.0035003013231,939.6824198580052,0.0,0.0,311.74070386201896,0.13319485682096055,81.75231228351473,88.70988464518513,90.45838387918741,97.91595866279025,112.24725495699317,95.0475708482516,90.61445312503648,89.75314867354675,92.96620888496503,85.67271287874195,14.54453101979282
1530,960.0171192989731,1402.7736645554046,0.6740023719277511,-0.030366718199975083,0.7049565503180949,49,0.0,0.012443371008545293,1.3195781590207163,-0.3010877967845071,960.0171192989731,1402.7736645554046,937.3514277345269,0.0,0.0,311.84346401047617,0.1330981947302848,79.10238948573871,91.65655208410772,107.05133445981436,89.76034536238676,92.75805245385402,100.32666269459052,94.07203614899784,85.66297128282781,80.59775424543959,102.45347964811005,13.909849868659574
1531,1232.225572870784,1403.6467603470044,0.5987062850948708,-0.36781816479805296,0.06656417542392604,49,0.0,0.19865208685318347,27.85500381068801,-3.6122580555221906,1232.225572870784,1403.6467603470044,3800.8526694708057,0.0,0.0,311.7300451993275,0.1334629489921568,320.41746876096903,375.0619938368412,367.5759785556775,381.7240936960725,377.4350261277325,396.43928595266334,340.97593690981347,400.04222302269454,359.1930940819153,411.68011360102537,70.3074549254014
1532,1180.2833770033162,1404.6336082986334,0.8476435672384591,-0.5082640956293397,0.19540383136089812,49,0.0,0.01634406433632831,1.5798697102788495,-0.4965531818795887,1180.2833770033162,1404.6336082986334,1012.6213379274127,0.0,0.0,311.75168764404805,0.13387398834424868,111.56047067165078,82.61723564709503,95.59101281585697,90.4691720185078,86.09150318554757,110.93507561294189,112.14789128955042,109.30405668561036,111.33771537557888,87.70133638507608,14.865868239996988
1533,1998.150622011804,1404.9315303975368,0.4438445571572207,-0.25317384265836895,-0.001378100935302001,49,0.0,0.01769694819112523,2.4789577637707154,-0.9856728184145348,1998.150622011804,1404.9315303975368,1184.3244698577382,0.0,0.0,311.41091004628566,0.1339981871145387,107.25416287622187,119.13959423387007,117.52951494661063,127.42981057614503,112.57213931784625,133.2518667067696,96.56042750992482,117.83144374568258,113.18482934725822,117.04024123146738,22.53043936594178
1534,2458.961696447906,1404.704987155219,0.2738068343229686,0.10951133308491193,0.16269044476808062,49,0.0,0.008033599179784856,1.2751992228264548,-0.26394509842548763,2458.961696447906,1404.704987155219,954.8073744688065,0.0,0.0,311.2189092881933,0.13390174525395182,96.67362221863836,85.9724917932365,89.39797777620035,89.1442977467953,99.46191259442625,98.99727345425286,88.80058643103592,92.06814825780555,105.02245287551196,98.1807538316036,11.08785748929985
1535,153.68946019618699,1405.9826956789475,0.747077981951406,-0.7153774430871628,-0.5422033849935306,49,0.0,0.009143430324265017,1.0589559664499246,-0.06219475408030719,153.68946019618699,1405.9826956789475,563.3625794037804,0.0,462.31320947865197,312.1794141666185,0.1344292914547509,31.689214692824557,107.91476550337075,44.604696099996424,45.5263403870513,50.95163833789878,52.63634103213465,46.01123519114283,69.3188162025084,49.267180798154186,46.93019490751348,18.51215625118503
1536,255.96283421295564,1406.609245790172,0.5278085489242171,-0.6410026608207634,-0.12047626173192912,49,0.0,0.026813511386159096,3.570417323427491,-1.3817974525138477,255.96283421295564,1406.609245790172,1328.2006932337406,0.0,119.58536950833955,312.13680458711116,0.13469135568265253,135.19835735067971,137.42269622678162,139.7857766731439,117.07827272927409,116.75493207289237,123.36591991943581,134.35094278754636,125.65053917662803,136.07334192365164,140.1206313134517,22.39928306025524
1537,364.66200166091113,1406.5834725831432,0.5376251341241676,0.2268570581176997,0.13958023905487632,49,0.0,0.021178309029139798,2.642036794537482,-1.0548471538939632,364.66200166091113,1406.5834725831432,1156.9177464331528,0.0,0.0,312.091517175931,0.1346816161836746,120.29540336072702,109.13007270900448,118.99365249718564,120.84155168562066,99.08203054675268,112.11212611346679,111.25478392222186,119.70163955516895,123.82936735989396,106.14901158807128,15.52810709503959
1538,1739.5348212905517,1406.7819981568755,0.47870998025335243,-0.0025376458072137722,0.3150179034757469,49,0.0,0.05367132267356456,7.913003113729014,-2.2458533415508795,1739.5348212905517,1406.7819981568755,1799.9831560934076,0.0,0.0,311.518666370589,0.13476970519301437,143.28777701487002,175.96737112234882,181.64578990626845,202.32705039228824,164.15534681428323,154.9835940290497,184.1969147222314,196.75486593132075,180.15360734708196,186.76624645282698,29.744592360837977
1539,1442.0401776983472,1409.0300621023948,0.5573854018670624,-0.39698590758272495,0.03365753579419768,49,0.0,0.01915987074719913,2.421444722369981,-0.9601863981542009,1442.0401776983472,1409.0300621023948,1086.4483258434457,0.0,0.0,311.6426226470861,0.13570637545056113,101.32889483391477,106.06046934396025,110.37094380252526,100.44103651757544,107.78667577712548,101.84885754207346,94.27958145811304,123.88514370446289,108.7439090185266,104.19432886831815,27.50848497685027
1540,1706.0418432295683,1409.2037859299035,0.43294967594756084,-0.5028220301210106,-0.023731554355644533,49,0.0,0.03474177643957138,5.73106807376458,-1.89558891762175,1706.0418432295683,1409.2037859299035,1373.4047547299415,0.0,0.0,311.5326217888537,0.13577881034881192,123.41483608678962,115.23958330161803,137.75479911355885,139.44211828627883,134.9255399664481,128.43059445355334,152.75718572860606,139.0356605729135,137.87732222581639,122.09608616332372,42.43102883103506
1541,2101.3340585102574,1409.2672226833881,0.7341325761013352,0.05047175574731067,-0.10611102926833917,49,0.0,0.01785194507225476,1.7478662062499808,-0.6062704641795951,2101.3340585102574,1409.2672226833881,1117.1705768159386,0.0,0.0,311.3679173097895,0.13580438152537558,97.01916350164535,127.83267988583059,88.5878868745212,97.13279169120166,109.42215805695488,126.10248002591061,123.1397664568691,104.51013258348857,110.41782214954316,110.09055270997587,22.915142879997735
1542,2020.822149184627,1411.0168938386737,0.5616766856133337,-0.12754600241074077,-0.2523233567610966,49,0.0,0.02499157651534605,3.2919729505533426,-1.2936406451220837,2020.822149184627,1411.0168938386737,1196.5067744062985,0.0,0.0,311.40146361478634,0.13653367269129377,114.38335154277607,103.78599267367399,105.08621051700382,131.8815750742845,123.33569156153101,136.05137717248783,114.31357890678993,112.58672255046228,108.8733069703383,117.89757919722223,28.311388239728664
1543,2692.141805344507,1411.3181772878256,0.5923993071898878,-0.30604648098543275,0.2440256831106575,49,0.0,0.015523478046635357,1.6161362777491168,-0.5211949476853068,2692.141805344507,1411.3181772878256,1208.8914734494754,0.0,0.0,311.1217555684658,0.13665553896599514,112.12982766200395,134.50237134817377,99.67737962779385,121.7865043854791,124.23484524423245,121.79650508390286,108.07024878820008,126.52224908526863,114.46714917390257,112.15060200963268,33.55379104088549
1544,246.2456390844235,1415.7801368960156,0.6172075181871753,-0.4377472427495512,0.05031164630558472,49,0.0,0.030637145844796928,3.6217209750818045,-1.397287470791243,246.2456390844235,1415.7801368960156,1312.2712791552276,0.0,402.69454080805565,312.14085317724454,0.13851227437470157,127.3621552550693,158.47723642576105,130.59855194193915,134.76687411661067,126.50685787976019,117.05024645750524,122.81367264619743,131.1028473256977,110.11608987427887,133.27909479906464,20.197652433343507
1545,2636.5091172011043,1415.626803641182,0.5073127155442606,-0.4995313978799634,0.022451375137723665,49,0.0,0.036871898229425645,5.235790034627871,-1.7974555554345408,2636.5091172011043,1415.626803641182,1448.0394336198874,0.0,0.0,311.14493446071606,0.13845117337103918,135.0583035196755,145.1130099708722,136.61819202037827,148.18504933386987,154.51694210433192,135.69199631140697,151.64001697418854,129.96772410895798,137.5359758409864,144.495395622279,29.216827812940767
1546,886.720400440152,1417.8117861116916,0.8212148579468989,0.19907265630202997,-0.048225922642653275,49,0.0,0.01336939152618539,1.1834025161652018,-0.18283122086080822,886.720400440152,1417.8117861116916,966.7549336997117,0.0,0.0,311.8740037418998,0.1393636329627504,92.70779435735245,93.78968446355765,103.96384949821513,93.52403402523616,88.09180442150493,96.70773984735123,104.22654730004488,110.9417758431114,79.24844367094097,87.21696210956176,16.336298162835135
1547,2472.0664663727953,1417.4633285251589,0.5217003867800175,-0.43092539956230397,-0.08993699545946722,49,0.0,0.09772042336997017,14.51138213310808,-2.9042719467035267,2472.0664663727953,1417.4633285251589,2425.3398687878407,0.0,0.0,311.2134490473672,0.13921752368744147,212.60503101150667,225.83000592366704,225.8307058113258,242.1954143739186,250.24583741524873,243.0495366497178,262.31504095323965,254.13803527643626,219.6539910478548,222.73158541729214,66.74468490763329
1548,353.70933036892086,1418.8943375638405,0.6087307832466917,-0.7068723936712576,-0.0987088034719793,49,0.0,0.011589807738907542,1.0622688437098957,-0.06558610957483768,353.70933036892086,1418.8943375638405,1039.4918921006692,0.0,0.0,312.0960806000882,0.13981082602723582,114.64444984331772,103.38332443685793,95.58493890455196,89.97880794642157,94.61256971961762,101.4656576175442,110.40215155681703,107.68955794897971,103.82585035055185,95.30858010732435,22.596003668685455
1549,1344.2477048455248,1419.1652384970466,0.5042333484833421,-0.16572009876220364,-0.16471536943367274,49,0.0,0.02669018787549431,3.984394107025407,-1.500905722748419,1344.2477048455248,1419.1652384970466,1159.4887969736296,0.0,0.0,311.68336952079443,0.13992920499030403,102.42618264471083,106.81639077421784,122.25932194828323,111.3996015625197,119.76370112350347,106.32629061262995,112.03310058836942,109.85736000604712,139.20444976705878,102.47965283833284,26.922745107956416
1550,1688.308319043325,1418.8858222669962,0.5000608509404374,-0.4911590845487355,-0.5536161772501408,49,0.0,0.016188872841072722,2.0134704960792424,-0.7598631753926983,1688.308319043325,1418.8858222669962,1045.651586908311,0.0,0.0,311.5400107575118,0.13981299622508553,85.63846184600686,105.45665757200271,108.17431772304616,105.76955869014998,110.77008514520153,102.64473160746688,104.8099680933027,97.20485586493004,97.06764430351993,116.40567370227181,11.709632360412458
1551,2669.2761449892146,1419.1188137787917,0.4599847680541353,-0.3516635868781784,-0.10096048503992439,49,0.0,0.1267960486120929,21.58760208675965,-3.335511010846612,2669.2761449892146,1419.1188137787917,2845.0553241567213,0.0,0.0,311.13128226211563,0.1399058785932384,281.3289528716613,292.804712098442,253.16653373378034,260.0098576163539,302.8263514202418,292.9743425726491,285.4040296210992,273.99412466201954,276.61124900367594,273.5359084606489,52.39926209614952
1552,1197.0665248251291,1420.079260169475,0.3880344110366972,0.35243303383429764,0.300125790145268,49,0.0,0.009728034913898342,1.2794708533790113,-0.26757599253566045,1197.0665248251291,1420.079260169475,961.4296653804115,0.0,0.0,311.7446947875352,0.1403096858056827,96.79615618586246,89.68658035131176,95.53641947470175,117.73979014128938,76.7408696749209,92.21278494131626,102.15581801732057,86.6209873003764,90.82008976561471,89.19695150338461,23.923218024312835
1553,1887.1605371268226,1420.8243737430332,0.5059500793119033,-0.13515835338302784,0.09547550553084751,49,0.0,0.019953659952566788,2.8831515368418117,-1.1496686731615209,1887.1605371268226,1420.8243737430332,993.1762280757866,0.0,0.0,311.45715565394187,0.14062044756504838,83.89305210475264,78.11362898436522,122.8804999517672,100.89061581122343,110.05772648358197,117.01624171590095,104.32496887939413,80.17120644611609,86.07090675360887,86.5299298255932,23.227451119483057
1554,2025.5026737787055,1423.3598318761094,0.7033186333897646,0.40393281530367653,0.2524242498214808,49,0.0,0.014091063828498746,1.3792088313865463,-0.34907507343869704,2025.5026737787055,1423.3598318761094,1078.6025151043286,0.0,0.0,311.3995133511645,0.1416765155494536,94.94701871548332,85.11435060746796,82.30854249443075,128.09770200484635,111.22381045287074,117.83023212625166,102.74266483225853,111.51000540582535,113.5324710203981,114.73525299114704,16.560464453348718
1555,2126.422518797746,1424.209518713988,0.4572207591191306,-0.867198030962567,-0.06985136488423159,49,0.0,0.009403571866930362,1.0407858183189296,-0.04340341481245149,2126.422518797746,1424.209518713988,961.1209990658488,0.0,0.0,311.3574638215914,0.14203018904251996,85.8527977122783,87.72974743298838,86.85519813682888,103.5205145702657,91.18993741626804,103.20357547735917,95.81614548015892,103.8970020386003,96.32827014624789,92.25471737098765,14.473093283865555
1556,2791.1721149851674,1423.6431265316517,0.6433915017078338,-0.6627076757387326,-0.01040389323306516,49,0.0,0.01753452259830914,1.9418177005701784,-0.7205211389136699,2791.1721149851674,1423.6431265316517,1106.8508880318464,0.0,0.0,311.0804955372178,0.14178991621883685,94.97124527225134,127.95292810544899,93.23504994625776,111.05070758149739,114.31393153572506,107.2352323871657,117.16936342073251,95.3195175915579,107.56936417051539,105.5344531853275,32.499094835366904
1557,953.3950106548143,1426.6678801557503,0.43855370691074363,-0.5213645997737593,0.033861798344948714,49,0.0,0.009322770997806271,1.0085761949874,-0.009271783671361705,953.3950106548143,1426.6678801557503,988.6272136375376,0.0,0.0,311.84622334272564,0.1430539594541747,93.49899552381413,109.57496190818995,95.97852944874668,102.11712023961289,81.6073044381975,96.89672868581503,96.2752838951798,101.85607580814411,96.57253367914619,95.58285635733196,18.666823653359202
1558,2383.608359833999,1426.1886474878818,0.657387039329672,-0.3560906275018174,-0.11290137401778612,49,0.0,0.17843682796679056,23.61293848006832,-3.432875089072316,2383.608359833999,1426.1886474878818,3357.2616401916116,0.0,0.0,311.2503052546091,0.14285354696758068,287.05416401591805,288.49231575438534,315.73859166187174,354.34916712038023,326.2137571296057,333.5089133940816,348.9278679010491,354.5696022522387,331.84295340317004,340.2359671944782,76.32834036443289
1559,2459.896187331475,1426.101863333012,0.7156190226549646,-0.3422767186930955,-0.06129826570125837,49,0.0,0.0693730780458844,8.487706572850046,-2.3219758930688648,2459.896187331475,1426.101863333012,1738.039113519744,0.0,0.0,311.2185197219692,0.14281691436455746,149.78903730959374,195.54225354495017,172.28498662920322,179.0855028273235,166.22354996404488,166.70733874960573,164.70653216552742,183.52740355387562,151.5196358250005,167.17988378954874,41.4729891610706
1560,781.9613298895955,1426.7394328683233,0.5306415664590498,-0.28566418146565786,0.1264501912186298,49,0.0,0.01821762744840967,2.515894081509869,-1.0017308836818144,781.9613298895955,1426.7394328683233,1024.4326688799324,0.0,0.0,311.9176521713966,0.14308282209433643,92.38365617122467,87.6609505370163,108.18014371835521,107.2967927163229,105.2705274246826,123.80532955111909,106.06395635319089,73.61224679288617,102.23203993370612,96.70309605822504,21.223929623203496
1561,2407.803185005444,1425.7463674860894,0.4860882903740762,-0.2251052736979976,0.31115898187542995,49,0.0,0.012558731185880431,1.5097633639126002,-0.44727220631160325,2407.803185005444,1425.7463674860894,1029.2498034959833,0.0,0.0,311.2402243954386,0.1426691217576198,78.52607342759202,101.93318489384387,106.78630893062729,118.1071164795521,103.11474812475232,91.91949818808544,106.72906328069561,107.84929114398592,101.01817981335698,97.30155507525897,15.964784138232726
1562,3022.229446965977,1427.642171005526,0.3283334488817527,-0.6856076652373865,0.0913464167354597,49,0.0,0.015298233503374701,1.9027499472210394,-0.6984542964171512,3022.229446965977,1427.642171005526,1237.0560527279758,0.0,640.9525599678907,310.98423007764296,0.14345383010631566,103.85902742919147,107.01622180610158,126.91162918379916,105.51817952639354,141.06602138105927,126.0286183485884,113.65245724002315,125.1321809049658,133.80330655716082,128.27976523554844,25.788645115144135
1563,539.8754253757301,1428.7677819821063,0.42221960274910936,-0.42601956744703273,-0.024857993227401412,49,0.0,0.04188811469575729,7.048600338692953,-2.1202572160490716,539.8754253757301,1428.7677819821063,1462.9895501983995,0.0,0.0,312.0185168216074,0.1439262200072013,119.95514812401248,126.32893082256514,128.8566792064197,161.2537502398502,137.53080490117935,141.45593863588604,157.5487957217288,141.62219495639573,151.73732292240413,157.2030375382683,39.496947129689545
1564,1980.9492541077277,1429.2143684349903,0.43320949916159646,-0.6167884867753968,-0.29689234228099204,49,0.0,0.02951234965357222,4.510779344359222,-1.6356289576406304,1980.9492541077277,1429.2143684349903,1283.0122099930104,0.0,0.0,311.41807713260476,0.14411602696676434,118.16358247012522,125.07529796725036,127.21374967703666,137.55377137402155,140.86946067801014,121.07971267228298,123.36554085614755,111.93000551063017,140.71193274351012,113.56070421339793,23.488451830597562
1565,2162.6440193457515,1427.6594147624935,0.2105204972251017,-0.33831000011815715,-0.356033927873851,49,0.0,0.0105264531913832,1.0876493327738885,-0.09122224440519974,2162.6440193457515,1427.6594147624935,1228.958356772941,0.0,0.0,311.34237170994453,0.1434674833890943,108.01483532326638,112.06078352927892,136.55713158639134,121.64913360857302,119.44418071827647,121.99615124987523,121.94170795306975,113.03804125644777,123.58807240557078,131.68103073174746,18.987288410443924
1566,2425.7762027101635,1430.2504492160485,0.5959369460923549,-0.98047365855438,-0.1172338838019838,49,0.0,0.012534303647152573,1.418726440475898,-0.3797466566403195,2425.7762027101635,1430.2504492160485,922.4648270729672,0.0,0.0,311.23273584243105,0.14454567503615426,93.45827871674666,87.54987974449668,100.12263181926235,72.29671730672172,93.15994531102515,76.41791322362452,88.51092005988028,93.93709036605,85.24478590889422,112.39021402351975,19.37645059274596
1567,1117.232128832659,1431.0696625586604,0.5607551296056631,-0.3320428073369487,0.1253008047652634,49,0.0,0.015871638542438244,1.9789490281162792,-0.741086520517356,1117.232128832659,1431.0696625586604,997.8107025195638,0.0,0.0,311.777958904119,0.14488872180669318,80.14449273801208,104.85668572090384,95.67656413206825,94.18815103049884,101.46775035707633,87.14530687388577,112.0479793424333,110.02406228756087,100.55139669511368,90.16599731625229,21.542316025758595
1568,2375.2975782879175,1431.928072088328,0.9354149430561214,-0.31525693849806175,-0.008170126411440756,49,0.0,0.06918188179638027,6.711605515199026,-2.0670660556336156,2375.2975782879175,1431.928072088328,1973.6071757582574,0.0,0.0,311.25376792644306,0.1452449811126042,185.64858057145136,169.9310072865033,161.669918397401,208.49606472564244,201.48413864255826,215.2987223161639,222.32221722245708,173.05148689602055,195.2294444625041,201.18042188929027,39.29517334826539
1569,432.5869133971472,1432.7465260680726,0.6325846857028562,0.4222668517794088,0.5783232059261685,49,0.0,0.036669303064027076,3.576948469398572,-1.3837817090409652,432.5869133971472,1432.7465260680726,1699.411051241597,0.0,0.0,312.0632175899983,0.14558305784218536,135.5839830345318,156.80564621276528,177.28105597099363,193.01364857226343,162.05758427712337,162.90943376614595,155.2367498212923,179.8328262801773,162.87504562353,181.40270858895536,32.41236909381868
1570,933.100985502267,1434.1166475514847,0.6026096603217143,-0.3940341107839514,0.03192955544888266,49,0.0,0.2768799149780336,40.923118683632694,-4.029921807925443,933.100985502267,1434.1166475514847,4311.452718398285,0.0,0.0,311.85467906960275,0.14615747032347978,387.5472113315167,400.3511982196686,424.8493679783679,420.71368319209057,446.00947369436403,437.9012026277195,403.3106018235484,429.26270127811193,426.32100040620116,425.9530980023773,109.23317984431858
1571,2767.363040713711,1434.1890860261153,0.5264439354945935,-0.29009277324937616,-0.005741335090781347,49,0.0,0.5921124932357122,91.96948714499376,-4.909109411772611,2767.363040713711,1434.1890860261153,10133.210789429664,0.0,0.0,311.09041513781693,0.14618411140213408,926.8999346742762,997.9750788774543,986.1336764577675,971.1139610308728,990.9372709634515,973.2888707496419,991.7299056552313,998.1503801294656,1062.042877347312,1020.2943149955543,214.644518548638
1572,304.99602317492764,1434.887092012751,0.5762875393194087,0.5296698782022267,0.26594470148905036,49,0.0,0.012421836096464751,1.320484515652478,-0.30183328230470147,304.99602317492764,1434.887092012751,990.4941735317425,0.0,0.0,312.11637635572094,0.14647370957134512,88.66736792615094,90.31997084956643,89.07232952073275,91.6668114560857,111.6766749945219,107.72783356577474,94.60328894884238,104.76792554777438,96.23573341537787,95.50813746017083,20.24809984674463
1573,480.67918751886714,1435.3665776200542,0.7592062294359571,-0.008233904913864798,0.0687077568042597,49,0.0,0.02123090154389848,2.2747859045814693,-0.8923513213463007,480.67918751886714,1435.3665776200542,967.4607579618942,0.0,0.0,312.04318051280757,0.14667513170279828,98.70131813925656,83.86595198084373,88.86683703541877,114.87180348640535,79.67068890139365,86.94925051665682,99.55640500286702,112.65996484218707,93.70805797853396,92.67978265806212,15.930697420269016
1574,1252.9546734191586,1435.0491165413262,0.5581960335848026,0.17658289984784709,0.1649924222756423,49,0.0,0.013159292896841368,1.4272495570641053,-0.3862497922469943,1252.9546734191586,1435.0491165413262,946.0524211910674,0.0,0.0,311.7214082424174,0.14654725188360693,84.43344603056644,99.17285305760345,90.46948009833508,82.34775922647873,84.45686900837676,110.69413844004248,100.80455292993915,94.96438890119981,80.93483112882986,88.67547583147379,29.098626538221914
1575,761.6772985369058,1435.3263470932052,0.2206752256226356,-0.020998088048094093,0.4163115279558477,49,0.0,0.014049616805393104,2.4821609213937936,-0.9870748347358055,761.6772985369058,1435.3263470932052,1171.2429321702207,0.0,0.0,311.9261036458714,0.14666050383105383,114.94815778323203,132.7704597528743,119.01055338048931,117.77544546863632,97.20244267671907,107.07807136626649,119.47104411059985,105.78001216170301,129.40663199142082,116.6010424517747,11.199071026504647
1576,1527.047137487972,1435.953263734181,0.7593641039173028,-0.24108333767912432,-0.14083142613782804,49,0.0,0.0353011395732766,4.071314890030316,-1.52433673391084,1527.047137487972,1435.953263734181,1207.6992090920896,0.0,0.0,311.6072030643433,0.1469244264381399,117.54567666886378,128.5823828985069,118.6366725440002,121.64402813663762,91.11754508211747,132.95640969572736,113.75939827166236,115.92022250287872,125.80751781976494,109.44209296313929,32.287262508791116
1577,2178.651317159933,1437.506784083553,0.38427294647845656,-0.29296062543837176,-0.2759564506980174,49,0.0,0.017583298323382176,2.751422082715392,-1.098893046433368,2178.651317159933,1437.506784083553,1118.4942199107315,0.0,0.0,311.3357020366686,0.14757044230981753,104.88453438329392,114.98344913805566,102.1892801406101,109.68040348370059,100.52434673522924,140.75300814344303,91.21338191183705,92.8791256876004,119.43834734935336,113.27844513370675,28.669897803901307
1578,1741.7138353158223,1438.358931506288,0.5524826309186976,-0.18444296352599765,-0.21630523573042942,49,0.0,0.010690439231612335,1.19770387251719,-0.19587363438794986,1741.7138353158223,1438.358931506288,911.4495015145467,0.0,0.0,311.51775839659484,0.1479267295549301,72.00846302869363,73.55789282557318,105.55452569655979,80.51049760082174,91.75711258468617,92.39751511048568,105.84208036374105,83.20964318524268,104.6297209969803,84.9081347174903,17.073915404272213
1579,2778.3554798124205,1439.0163935469998,0.4429931382041253,-0.8288345783151279,-0.39628957821485633,49,0.0,0.010985765370407368,1.3244806416080805,-0.30511403775672163,2778.3554798124205,1439.0163935469998,1184.279434454859,0.0,0.0,311.08583521140713,0.1481953132724261,106.02969526145733,114.08737910818729,123.97911761516434,127.3544715162864,111.07654648557673,110.46754556491948,123.30684267341609,123.48584208632496,120.64221646928848,99.51160481394443,24.338172860293547
1580,2265.7294617102903,1440.4461091876049,0.5684201617927108,-0.28737625536644673,0.047379171158045,49,0.0,0.04180848517290878,5.848668520039451,-1.917642519814017,2265.7294617102903,1440.4461091876049,1390.1571790415142,0.0,0.0,311.29942010211755,0.14879472260263546,116.30170060921799,121.99042289032116,142.71143699497088,133.56874659686628,133.81790274212355,150.24316776398382,144.5648089302675,137.98529277438263,133.11858133458156,152.79805780294828,23.057060601850296
1581,204.12737791354093,1442.0985164896313,0.49494857186346736,-0.6039864945122894,-0.18226709434541358,49,0.0,0.024893985445842277,3.243976971192459,-1.2776944062957467,204.12737791354093,1442.0985164896313,1233.1263506468686,0.0,1224.0783997912313,312.15840115149894,0.14947725913544047,112.56358880636846,121.40385141162324,115.49766938123172,129.95443569603117,123.64076682271468,110.45112274701286,105.61514227271792,121.23270584697251,129.44391843923282,138.11189504976042,25.211254173202768
1582,356.31032638986267,1442.4230328842768,0.5135808881608934,-0.592694719422404,-0.12261453263761182,49,0.0,0.01634088181096583,1.973379950359345,-0.7380267785867267,356.31032638986267,1442.4230328842768,1009.4273811034928,0.0,0.0,312.0949972719462,0.14961405677590237,90.50091948459246,88.0677254041488,107.06373237824805,93.23759538253475,102.17722315937321,109.06458106932664,104.13242833166895,119.28129907275034,91.83828864058447,81.19806564699138,22.865522533273726
1583,1716.8505358966434,1443.2899145186734,0.6457865817346604,0.380686242708496,0.14073528505710226,49,0.0,0.016451918988634174,1.6636283567271373,-0.5526407858822209,1716.8505358966434,1443.2899145186734,1037.0596592165512,0.0,0.0,311.52811811635934,0.14998132735325168,88.92515346878295,105.38857782757682,107.90765460857682,109.3810102363068,88.90915005313323,91.28867438680103,123.45134114147692,82.27477501822545,92.18602348026904,119.26933017986579,28.077968815536224
1584,2395.959392903445,1446.252743920536,0.582331429043333,-0.5043115071398625,-0.003020288137344312,49,0.0,0.05441048489963851,7.479699657906432,-2.184710398560657,2395.959392903445,1446.252743920536,1576.0363883721848,0.0,0.0,311.2451589666394,0.1512133616808605,139.49100750454426,163.75219498894631,145.7241790098496,164.15187502880013,147.1265472772509,151.39772632040942,190.9565304682029,143.88100746003425,139.1140229653444,157.147726797637,33.29357055116548
1585,493.6005970855005,1447.225062185676,0.8248643771098296,-0.12125423629329297,0.003260222169718655,49,0.0,0.020418705462284782,2.0704426201928507,-0.7901579976502973,493.6005970855005,1447.225062185676,967.2646133336566,0.0,0.0,312.0377970808945,0.15161611182384685,104.26922459802606,82.13581357513569,87.00258769306751,98.89690967425477,88.56108324960681,82.93216104842014,94.16239263311344,106.04715980706112,102.83506938695817,94.12329713024428,26.2989145377686
1586,2620.7577200229075,1447.4424865993067,0.44903961848706536,-0.48568321120080876,0.036316880491081414,49,0.0,0.031027099381627447,4.956799029785256,-1.7380032776821697,2620.7577200229075,1447.4424865993067,1220.2573907661804,0.0,0.0,311.1514968193279,0.15170744156223667,124.33988013080473,106.33054134497635,101.00966047258532,117.39347110911248,117.26274758251384,130.7368522540136,110.4355789848976,122.49811525735213,124.1168021391972,133.7523161772421,32.38142531348501
1587,2868.684173882847,1447.0870243984825,0.33168880288811364,-0.49305769479753936,0.04128937721617697,49,0.0,0.050233804335141914,8.854227260411054,-2.3678766619283484,2868.684173882847,1447.0870243984825,1892.5201260299455,0.0,0.0,311.04820101734396,0.15155706297003355,158.06578760476975,198.11399488502016,211.42086957616664,191.49245761022064,174.6083083863387,195.70219376263552,165.0549705270931,186.26281359875162,187.80726332666285,191.4899644166016,32.50150233568454
1588,716.5230048143424,1450.8882091578275,0.5991660377535027,-0.25886778274684835,-0.07401565806800676,49,0.0,0.15405553372406683,22.70041447812311,-3.390084467202895,716.5230048143424,1450.8882091578275,2726.781914775376,0.0,0.0,311.9449174013089,0.15314416887745627,244.67322539325633,257.4893427915306,264.0166123562342,262.50864074309743,271.77527966083306,281.93277908283153,302.8073282582101,266.3473810972655,255.2283916701429,257.23669148658394,62.76624223539034
1589,2153.1111360817727,1450.4715940433568,0.8482304657173556,-0.2970888453662917,0.07120522419329146,49,0.0,0.01402224757584787,1.222071482841612,-0.21774152478208406,2153.1111360817727,1450.4715940433568,913.3990473577537,0.0,0.0,311.3463435450336,0.1529725085279539,81.42198443522487,80.10356282896987,82.21419371390957,100.47136966801345,93.31196941807318,101.78683462620474,86.21323154011748,89.4763498960366,88.97927981965316,96.8222384922233,12.598032919327537
1590,1150.8842960024176,1453.664377680658,0.3605989914428427,-0.5924491642296106,0.16018822806792507,49,0.0,0.013962609500895881,2.0201685114356223,-0.7634689935846977,1150.8842960024176,1453.664377680658,1052.792813546435,0.0,0.0,311.76393741078266,0.15430324391911007,100.8011705641555,104.11704553722076,99.08403657541123,98.3861893301939,92.4906991642791,98.07073506025114,114.81803974146621,113.03225828220226,108.64351514360197,100.14694404154272,23.2021801061103
1591,2078.3115940657663,1454.5235239504125,0.7501728405782592,-0.5573400011225683,-0.17832368825370384,49,0.0,0.013042794190880485,1.230362930327466,-0.22508309443022462,2078.3115940657663,1454.5235239504125,970.8085514219131,0.0,0.0,311.37750965306475,0.15466111227099977,101.77489085525853,94.32778690220341,92.29221256273723,106.1769444450184,84.3859464720557,87.60262554518644,109.55017217161245,83.73863029554263,99.89071759559874,83.77150875339737,27.29711582330216
1592,453.46017632079094,1455.343255818916,0.5920754661568148,-0.1920212730702855,-0.075600774355881,49,0.0,0.05239315641299057,7.162216335145742,-2.1376185869079083,453.46017632079094,1455.343255818916,1497.040383766609,0.0,0.0,312.0545212870612,0.15499820814820345,141.47400540465247,140.869814918222,126.93164249210297,169.48732737313037,164.8163979472372,135.66719954282763,142.28589829420434,147.91490088439022,145.81477933974642,143.22993212597763,38.54848544411781
1593,2846.560118401756,1454.708226527717,0.4860636165839734,-0.1642660340369135,0.11806381552841723,49,0.0,0.03146002240355448,4.128054039042379,-1.5393634346682241,2846.560118401756,1454.708226527717,1429.4397301438648,0.0,0.0,311.057418521692,0.1547326526326451,129.91031469544959,133.26469702352256,149.314122437947,112.76703858409495,138.60539568344726,140.34736570466663,152.44582423535024,141.32117858123115,152.45714129525288,148.97272642614996,30.03392547675253
1594,2247.6604994177433,1456.501220149005,0.5442648918134663,-0.5215503266943998,0.06540883664795678,49,0.0,0.18900746296944265,28.047126143981497,-3.6197209194392856,2247.6604994177433,1456.501220149005,3781.8399074966537,0.0,0.0,311.30694856683874,0.1554843632003981,339.48451098981366,393.56427034553815,343.2728425101492,393.77268784844074,380.9869139663193,383.50206842010596,387.7786517356707,384.9405469585105,361.84307365538774,344.83648450444855,67.85785656226966
1595,2748.544339215923,1455.773441954875,0.7385868876945142,-0.06304677791941579,0.0060182722587090835,49,0.0,0.040682403852967335,4.660401969282199,-1.6710584427509096,2748.544339215923,1455.773441954875,1275.4219799146506,0.0,0.0,311.0982554453385,0.1551774364774141,119.29199528010116,102.30929279740039,124.18604038464352,127.98206000685924,138.10279917929324,116.11207512401069,115.64374905963479,159.7096936433652,131.90779556348798,122.04931649269886,18.127162383155458
1596,1697.1730792710443,1457.2731034987335,0.7895629000891962,0.04964065773460079,0.1346786812029617,49,0.0,0.02107823210050977,2.0767864119754824,-0.7934795840552946,1697.1730792710443,1457.2731034987335,1112.334848840828,0.0,0.0,311.536317059014,0.1558076643211068,108.65775399531391,106.88725802367259,110.46600984555641,88.96930158758364,124.12794100868152,102.2255596776316,105.9054548204825,124.01210223309836,106.19450192588627,114.51383677133633,20.375128951584966
1597,2208.3821323891725,1456.808125825717,0.5190757069570734,-0.5532284367887513,0.06040243846860207,49,0.0,0.039878713309992396,5.681607573293906,-1.8861780846259513,2208.3821323891725,1456.808125825717,1372.6372635605076,0.0,0.0,311.32331426133186,0.15561244184777817,116.85568399869267,118.75437279382086,127.01556295103853,120.25776135467454,133.0662711377465,141.87924297748054,135.55726621510928,160.1340100123884,148.95462147007237,144.72829275795223,25.43417789153175
1598,2696.93081425302,1458.1096199467008,0.8050592286907635,0.1397064962812669,-0.34105743572251124,49,0.0,0.013220047569529408,1.245411092283898,-0.23828182364218212,2696.93081425302,1458.1096199467008,881.5980650042776,0.0,0.0,311.11975968598307,0.1561512872863466,99.13801769390341,83.5249769797086,84.51042407126833,80.60287207748713,83.51876761389843,92.53676090459766,89.94782734408037,90.85723870644134,73.77415589563743,81.47831347804156,21.70871023921334
1599,1215.1700020066498,1459.035548860493,0.525415776157101,-0.43336940670295104,-0.038211610949016116,49,0.0,0.13501821788426088,20.799399983803774,-3.2951270167961266,1215.1700020066498,1459.035548860493,2829.2969883876094,0.0,0.0,311.7371518890388,0.1565414396656975,238.46978419040153,276.8751332659788,269.9805461855241,281.8115461150487,263.10444868503674,315.55065143033363,291.3729217406836,285.01263551839094,252.97851027713796,293.4796570628934,60.66115391617983
1600,2049.2651184162355,1458.614681565342,0.5043380505065931,-0.5454836427638187,-0.05079847387347006,49,0.0,0.11802889282075835,17.367467781678407,-3.099341254722861,2049.2651184162355,1458.614681565342,2868.5903765489375,0.0,0.0,311.389612230181,0.15636586039802605,283.2114746848102,279.1439606386179,279.82927779054353,298.2645624023547,298.8166374735105,262.57756974357926,266.83261162452897,279.74505887313165,268.213145405643,286.11588317595266,65.84019473626508
1601,2651.1875566713743,1459.4244399208415,0.22722672181113293,-0.472567843729662,-0.13435783298562926,49,0.0,0.014434207345245129,2.5540712395754968,-1.018082516698918,2651.1875566713743,1459.4244399208415,1130.2771518070826,0.0,0.0,311.1388182596374,0.15669951788244713,100.6605386807853,108.5129295938604,119.14517663721267,107.11732098515049,114.6770655496961,120.88424807099024,124.3848999499833,118.54912902211113,97.31146775943498,97.65671817965872,21.377657378199302
1602,800.7638010407608,1461.2642645310477,0.8222901633975519,-0.35475690116076347,-0.1408695933133888,49,0.0,0.09862575790457112,11.436688128885026,-2.645750695848037,800.7638010407608,1461.2642645310477,1689.0099281732378,0.0,0.0,311.9098183761444,0.15746802174844915,165.0836842119645,161.11376949481826,175.10450201815644,166.26842191000702,176.75245474939538,180.35455973825034,149.34111142317818,160.088484951946,140.97409568992407,184.49752355288456,29.431320432713036
1603,2543.99712887229,1459.6840435966799,0.8638371992333873,0.05298256790577923,0.07589183804615801,49,0.0,0.020325197413124996,1.1964627932613472,-0.19474799445569335,2543.99712887229,1459.6840435966799,1670.4280993298153,0.0,0.0,311.1834787282069,0.15680856908755675,152.39218163179845,190.53789962041802,161.7236934235391,158.32960634788532,153.49564268779304,188.77931933400777,151.9318356156826,160.3720062555538,163.22766851593659,161.66099263764752,27.97725325955316
1604,244.4481446521428,1461.9312952382286,0.5431897238813032,-0.4457227290276112,-0.026635415240267142,49,0.0,2.349011915197126,340.7675205408826,-6.331145485761363,244.4481446521428,1461.9312952382286,43863.603074479564,0.0,8873.22552543852,312.1416027751684,0.1577409441172967,3973.541068378411,4282.375638918138,4190.963725541231,4261.180964755955,4381.887117248891,4389.0552295619855,4295.0278699684695,4464.001236062428,4453.064142419971,4308.948626342022,863.5574552820401
1605,338.0094057033073,1462.2396541286337,0.3604040687394133,-0.7142418367830816,-0.14070112021167203,49,0.0,0.017282687466158665,2.4626230628562347,-0.9784948559789162,338.0094057033073,1462.2396541286337,1255.9929158657567,0.0,0.0,312.1026223281687,0.1578704432412731,118.8831387174931,139.92875777424018,118.54418913864224,128.38862054554806,123.02199396520484,117.81117057587056,134.11508065662645,123.60898740035668,109.65083621903365,120.00373418290147,22.036406689839424
1606,2564.69051505462,1462.6425181712823,0.7237888275123038,0.11396208262037537,-0.00379021544450799,49,0.0,0.01339426000043023,1.2713716126156414,-0.26068127551881976,2564.69051505462,1462.6425181712823,1009.9483984068229,0.0,0.0,311.1748568385521,0.1580410715810879,91.29551560511814,83.43685604898394,89.11814388623084,100.6415250562817,107.2064420618037,90.2358070588398,122.15529648050698,114.81576661544855,85.15299026570159,101.8502232851577,24.039832042750007
1607,1250.5659898795495,1464.0073418728682,0.3575735562153058,0.12203644107519998,-0.3063326469178756,49,0.0,0.020670365361824407,3.367029411847108,-1.3181172751899364,1250.5659898795495,1464.0073418728682,1197.5679568269004,0.0,0.0,311.7224036388393,0.1586131189909438,112.19492867187321,140.31320318903266,107.44794583878684,116.0689937056809,110.54709190555346,129.55659277757948,100.5078725857511,129.29938490687908,101.7940642762369,129.88021793929445,19.95766103023243
1608,601.8364159637459,1466.9430051852967,0.7465581836718498,-0.2955942810278234,0.09155650624710825,49,0.0,0.03436962856195697,3.8549333186448096,-1.4650421754258907,601.8364159637459,1466.9430051852967,1199.8973568118795,0.0,0.0,311.99270156315936,0.15983260941109545,121.16459186958323,117.19142809816256,109.83188943636188,112.30825940385435,90.32569566240517,124.4378703565061,115.91183234370646,150.10505731658077,108.55051288280839,128.53407304866468,21.53614639324592
1609,114.65062745367297,1468.4536538880045,0.9238468687846401,0.14390059087324286,-0.07414541984726834,49,0.0,0.07502578781003524,9.123201598389748,-2.4003681792949894,114.65062745367297,1468.4536538880045,616.1198754311549,0.0,6.0,312.19567958358556,0.16045689386591677,122.66853931525158,0.0,200.3798920133862,0.0,0.0,0.0,0.0,169.1673869289911,123.90405717352613,0.0,0.0
1610,293.32199454873313,1469.476146163461,0.6128041770307252,-0.3082244779674173,-0.10315254803478983,49,0.0,0.045161666461726126,4.811417348308898,-1.7056825744463628,293.32199454873313,1469.476146163461,1879.6171851004879,0.0,0.0,312.12124062629243,0.16088502981495634,155.5520976259708,176.6825184372437,207.07610799261033,173.6681825408305,184.9749087814073,197.58030662004325,168.42460205915282,212.2487518906026,187.7597034277075,170.22420653873053,45.425799186188556
1611,723.7821448731993,1468.9869667231721,0.8238659237552514,-0.13559308275449816,-0.11917358561885757,49,0.0,0.0179208360507003,1.7547749705219258,-0.6105535778925945,723.7821448731993,1468.9869667231721,954.9236365390375,0.0,0.0,311.94189305538777,0.16068520845992873,91.61297145173543,98.59246202194734,96.45534419337133,98.35948022588856,115.08108919644383,87.22326258749335,85.11055441712026,93.1620226702911,89.07053673503924,83.01955073487538,17.2363623048316
1612,932.2902311617348,1468.816272943254,0.4932914786226689,-0.4665318394019169,-0.010132763595221332,49,0.0,0.10373394382606159,17.245735268212385,-3.091704287874808,932.2902311617348,1468.816272943254,2222.5906354619256,0.0,0.0,311.85501714102435,0.16061545562360213,192.91553935072267,226.4539628072838,208.40222789029139,222.44357265037337,214.59997871855276,245.35026315587965,214.21071460650688,217.27927878479673,225.04625910230862,204.55436251133779,51.33447588387201
1613,1435.2176344766663,1469.4129520133959,0.5567769717777558,-0.20582911223080955,0.0143997087865695,49,0.0,0.16578172923712978,24.228131283085748,-3.46079979568821,1435.2176344766663,1469.4129520133959,3345.832747040852,0.0,0.0,311.645465488441,0.16086585179999874,289.28706563013554,329.7239755207127,304.9027891888469,330.70345744704935,355.29620652059464,364.0663432239594,316.5170722073449,316.45301564979684,321.21044855792155,338.06614236060136,79.60623073388845
1614,1973.7114862098601,1469.265067172584,0.3752936077516234,-0.152689354170776,0.04342762609752671,49,0.0,0.015382329401385949,2.4791665289340084,-0.9857642497231638,1973.7114862098601,1469.265067172584,1023.0212726363068,0.0,0.0,311.42109268344234,0.16080375712149825,86.59441906275316,87.706777421234,117.81011435117554,99.64932360099027,91.719926364803,117.53297732847821,105.79779764618168,103.36862778845962,93.26989205998814,99.958058046154,19.613358966089308
1615,2028.2186084403377,1469.2901158514403,0.22943890430293298,-0.3033204317925639,-0.23983592123107336,49,0.0,0.013096045277158264,2.5165298440603463,-1.0020052128848242,2028.2186084403377,1469.2901158514403,1013.6529817136475,0.0,0.0,311.3983814962059,0.16081400838318394,109.24198571770694,97.22263115882865,105.27294231699156,91.44841684856353,103.08472535027093,84.68707299619402,105.49311158213595,97.10780118084587,89.1536112454843,117.27843543528077,13.662247881344907
1616,1610.157701253052,1469.7479316859622,0.45950176262296255,-0.04135055732594882,0.2634757520623152,49,0.0,0.0135810180029405,1.8718220551624616,-0.6806614003558508,1610.157701253052,1469.7479316859622,989.8187981037352,0.0,0.0,311.5725735729087,0.16100554234360004,80.08560797485976,110.38769140766941,90.6254239192049,89.21891008889345,78.94251362429145,118.02681631246877,112.7714206731984,106.99799616737496,92.78647038793264,85.7184073206129,24.257540227228493
1617,2310.23479829119,1470.2614577535956,0.6790364364667789,-0.061052972193195235,-0.25398114689647044,49,0.0,0.01403865310774972,1.4428031656689122,-0.3980177163431353,2310.23479829119,1470.2614577535956,978.6892040264437,0.0,0.0,311.28087638442,0.16121736438642179,80.61085813370931,87.63810846768064,91.35676248864546,85.3811745146275,104.24662656409605,114.67552240532652,103.07789704013489,102.08040349999877,94.86795880796396,95.53940320440363,19.21448889985705
1618,2942.2958595977084,1469.7050675909009,0.5086749493956046,-0.3860639738728353,0.15468889679242717,49,0.0,0.5966103077434022,87.32026572856664,-4.852787621654669,2942.2958595977084,1469.7050675909009,12494.949666988454,0.0,0.0,311.01753181046223,0.16098001903414128,1107.5737563384287,1135.3329114908574,1225.6241310059177,1273.6775268742053,1244.30135673607,1233.3723934573034,1246.2322487750937,1248.3834631568411,1239.2196404618921,1305.1270947286307,236.10514396321435
1619,2976.189976285545,1469.9645877900007,0.6509382622716156,0.193182690119908,0.5101014039248265,49,0.0,0.03498827469545229,4.046870254200868,-1.5177982019920857,2976.189976285545,1469.9645877900007,1388.223038547089,0.0,0.0,311.0034105872257,0.16108775490789176,122.291981472812,138.05407738810666,120.40868643318024,110.60662883655202,153.37990123380013,127.3280426185542,146.57978070004444,140.96594128274967,160.2484077454377,135.3235908161323,33.03600001971953
1620,631.9654048725005,1471.5392595304684,0.7380413609251044,-0.27934509885312386,0.06856780097450615,49,0.0,0.26595718086322917,33.12725102349863,-3.800463496522066,631.9654048725005,1471.5392595304684,3966.5106213580766,0.0,0.0,311.98014846791114,0.16174791662439775,335.079349951048,378.35704990184945,362.06916050013194,393.72304678978753,402.5120942293422,414.9183617827017,407.77265842896855,404.04561151782104,390.55439227948364,399.8250643185491,77.65383165839356
1621,1722.7222604213816,1471.6424565335826,0.2644519251412346,-0.1772952469529589,0.0667725909153021,49,0.0,0.010591862084054535,1.702556421753665,-0.5777537827399614,1722.7222604213816,1471.6424565335826,996.513263131329,0.0,0.0,311.5256715200416,0.16179486348054603,102.84158728104214,86.82272446722192,99.7480698655466,118.86217202833208,88.43850424804411,109.9963026573642,85.06938170156558,85.77511129011735,114.23182250062578,89.94947071890427,14.778116372565039
1622,2127.9104922418405,1471.8310859516537,0.5904753771101844,-0.308680055363887,0.05049207499655581,49,0.0,0.05989761435320116,8.142848652581035,-2.276940907085328,2127.9104922418405,1471.8310859516537,1679.5567854165733,0.0,0.0,311.3568435541369,0.16187233229675013,176.59093903965635,152.8748591517471,157.4462412324731,154.4746953786845,159.5058377866275,166.46661554335702,161.63761547218292,162.08136754164298,190.694019684316,156.68308055373024,41.10151403215568
1623,2392.4951969056915,1471.682232532977,0.5516055805928045,-0.2581774986063769,-0.14165979179916655,49,0.0,0.06418219050481916,8.865958844985153,-2.369314277526343,2392.4951969056915,1471.682232532977,1952.9328040395656,0.0,0.0,311.24660210815915,0.1618088169302603,165.36993044537917,180.31990758854295,209.08539146961806,217.1968527487015,158.52977204862952,188.80365335874671,169.2281199056185,213.3603976063787,208.55312588421285,210.78662574086889,31.69902724286873
1624,2574.0442449231577,1472.2365705335114,0.28118515467230015,-0.33233692072216237,-0.08043489580997776,49,0.0,0.02436003785347152,4.812928771316637,-1.7060235860170814,2574.0442449231577,1472.2365705335114,1349.4678765423016,0.0,0.0,311.17095952527535,0.1620384137303894,99.60403136538734,131.7423358672217,137.45090281705313,122.61489450865395,135.3343466161295,135.1097466394489,137.59754108851968,141.21407661395858,143.30683107282488,130.51345383911183,34.979716113992275
1625,234.24383725482522,1472.789202660637,0.8416420850849907,0.12889017096251912,0.232978923770138,49,0.0,0.029575791813995035,2.6450423898152824,-1.0560815912260713,234.24383725482522,1472.789202660637,1764.966704168346,0.0,711.5281326979723,312.1458543363478,0.16226472881611625,156.7713933343415,162.8057310768562,170.87912532566295,186.34172840820216,154.03263094033576,180.57267847198,187.88657684089222,163.10205908670324,182.23922307090837,187.5640754857746,32.77148212668886
1626,2089.8822075042467,1473.5425399961262,0.8682284932286406,-0.6868698694866485,-0.15955719404750854,49,0.0,0.027089806134839682,2.587496136044274,-1.0321992748137367,2089.8822075042467,1473.5425399961262,1093.669907326871,0.0,0.0,311.37268850284613,0.16258559852075477,93.38422850149169,104.83534284798071,103.77213993990682,116.56488264642667,98.82128304430579,110.08848193213632,104.39293086299003,108.20495480366776,113.79526115308857,111.86950787074595,27.940893724130767
1627,2442.33880247979,1472.803332525743,0.7117689468994761,-0.4032228586489872,0.1957249047302127,49,0.0,0.012504828479313331,1.1934674183295326,-0.19202641815408145,2442.33880247979,1472.803332525743,917.4502543338472,0.0,0.0,311.2258345878858,0.16227558434430836,82.98052560305744,87.34406353236335,99.4678075476096,78.49524768316056,80.5506311211998,100.07514215980268,98.66006644533408,90.46739631732112,88.71085134990265,86.66690371751415,24.03161885658169
1628,753.486853657752,1473.5465752137293,0.5804946353647551,-0.5387034749017319,-0.05317857705467216,49,0.0,0.20260202372632202,30.073382796126605,-3.6954557058566118,753.486853657752,1473.5465752137293,3566.279834226634,0.0,0.0,311.9295165806352,0.16258522516115767,292.1849677057529,338.1512467403513,325.0214193977535,377.230134847779,344.15562729745136,392.2819871165457,356.2562950307952,362.8213745774385,355.62986145300425,357.3760895680324,65.17083049173031
1629,3140.691959815755,1474.322233868139,0.4200526370044699,-0.27067971522517614,-0.09469367077168651,49,0.0,0.009605734645097189,1.6566575346099839,-0.5480818501054668,3140.691959815755,1474.322233868139,597.6113927347419,0.0,233.2254391195325,310.9348754899397,0.16290128237258245,37.56441338956687,13.534856466545692,29.621633379520887,22.805057960571364,187.00455657328422,55.33874898786963,55.72261623158918,44.79770494469483,88.12310459333699,52.596035919178036,10.502664288584203
1630,1272.0553235998964,1474.7858329101782,0.6634286516081036,-0.028904553013280026,-0.007505963357377897,49,0.0,0.056153820344244036,7.236513660166552,-2.1488234656250604,1272.0553235998964,1474.7858329101782,1548.7154092947567,0.0,0.0,311.7134498147308,0.16310420116902463,160.28270540917322,142.75613259684508,137.55562603559557,162.70680362717266,143.9069292993779,167.39831145642214,171.590854498238,129.8056910065797,152.52486761510832,148.28664941375084,31.90083833649337
1631,1666.5919001795985,1474.7077237371318,0.5420316346256815,-0.17552148356196806,-0.05605647359999332,49,0.0,0.6923707528312246,106.01519562193351,-5.063420297637718,1666.5919001795985,1474.7077237371318,11446.189349177137,0.0,0.0,311.54905923952344,0.16307210212795606,1074.0565093999812,1127.5203944560749,1110.2480631837661,1143.5022865746669,1138.0980278730672,1082.056644190467,1117.5207259246115,1177.8461190003886,1114.1570670864785,1119.9982795881542,241.18523189947868
1632,2186.5731696289313,1474.627801768019,0.5283228095892973,0.04303485843250314,0.186542439896453,49,0.0,0.019889878421398714,2.4610663984307553,-0.9778083273117434,2186.5731696289313,1474.627801768019,1114.653917022801,0.0,0.0,311.33240106740567,0.16303733938649423,105.24945307685303,113.81588346918244,91.74119435365043,99.9327379197294,107.81730811981,130.49768586716496,127.18528204433372,123.97396551889116,98.88684517032215,99.5722602625967,15.981301220266936
1633,2507.3855129625667,1475.2310527498362,0.7742481168284598,-0.40982958174040107,-0.07599584040184408,49,0.0,0.020304392301293266,2.094986671076337,-0.8029531605035047,2507.3855129625667,1475.2310527498362,1004.5567399453716,0.0,0.0,311.19873276600725,0.16328662351084144,97.18856298852481,78.46960646029979,79.50165323854978,98.2669838091207,101.26888514712644,117.31483962894467,103.54779684212103,99.28346253587833,88.11537424720157,123.27765968138225,18.321915366222374
1634,2355.3445745687814,1476.1155994256578,0.5690048651639626,-0.1722784024460592,0.029114240282381094,49,0.0,0.06539471485828244,9.119315933232091,-2.3999056546025805,2355.3445745687814,1476.1155994256578,1759.419932263922,0.0,0.0,311.26208106116565,0.16365626960690208,180.96213337799426,146.98457071256297,177.47479947510098,177.02335674290828,168.53909295467304,194.96841453178655,161.29683129088224,164.06607562960843,174.41721527008036,177.6613013434656,36.02614093485916
1635,617.6643197000658,1476.444801924622,0.3488881043223968,-0.1818104778304223,0.06603896611140071,49,0.0,0.028478812970748894,5.09857674295331,-1.768622401545766,617.6643197000658,1476.444801924622,1291.1358632004612,0.0,0.0,311.98610702948076,0.16379171933317155,126.9697206884187,135.60333038064792,117.92141573958905,147.0470730661791,119.50223038896691,116.99186121658562,117.05500595809015,139.10358915418027,113.5119972956763,139.9488480621215,17.48079125000574
1636,1122.086619506002,1478.1712264469736,0.7931592477615711,-0.554510059106389,-0.23351496936902724,49,0.0,0.016034472403403163,1.5279036680869131,-0.4602399338041563,1122.086619506002,1478.1712264469736,925.2499413307684,0.0,0.0,311.77593647626657,0.16451425025589217,113.20707632520211,86.81551865289471,90.59186290898606,78.90455838071895,86.40829013956278,82.13643626567129,95.39665469473067,81.80525608576734,95.89627948233242,95.93767252077123,18.150335874130764
1637,2551.6036323805033,1477.8679853031892,0.5713085164226976,-0.4091788529189439,-0.10426602750145934,49,0.0,0.08621660117426828,12.39062193669135,-2.732732764909937,2551.6036323805033,1477.8679853031892,2148.2149115768825,0.0,0.0,311.1803092948612,0.1643849635219571,184.4443604672892,215.27303965679977,198.19088938681705,207.64780284549613,213.35468491954526,219.40076481189357,200.0794264531665,216.53663680816132,226.6454101095099,232.19635759331078,34.445538524893166
1638,2564.8682971813296,1478.3050989270694,0.31065745313307125,-0.1847928136725189,0.02170212453058118,49,0.0,0.01214657213009816,1.875133378770365,-0.6825804116310631,2564.8682971813296,1478.3050989270694,1476.3533960180869,0.0,0.0,311.17478259394153,0.16456697913808505,132.60001146492874,156.1902606234674,142.151351851031,132.76607059326142,143.2535607762094,154.05740167779385,150.16059156668013,137.81454416532634,149.33945640398912,147.75984715643528,30.260299738964147
1639,1458.1185037198832,1479.0017725604166,0.7402368793684044,-0.3595711489006198,-0.06183717313389957,49,0.0,0.022704763447625825,2.451799289229397,-0.9737122870181476,1458.1185037198832,1479.0017725604166,1053.2080312559833,0.0,0.0,311.6359234538386,0.1648612181516852,101.42244727899485,112.70701337028441,104.50690733949426,102.48805035778962,113.47406295609568,102.83445553554753,89.73409715192338,95.91544073955274,106.93498034592868,101.03987560618842,22.150700574183865
1640,2634.355149439246,1479.2283064534695,0.3242169349603624,-0.23501160369280574,-0.32199607884532083,49,0.0,0.009995044829014305,1.537257596510841,-0.4668666195780842,2634.355149439246,1479.2283064534695,1017.0764271880003,0.0,0.0,311.14583114896016,0.16495103358427224,88.72321293906839,82.68269604874068,114.08501574492479,94.92008400732627,107.3750802166058,95.34132951318898,84.87809814304566,88.0012957136927,127.82935358844165,116.57359239387857,16.66666887908675
1641,352.84205384218046,1480.5498746932424,0.2878273302392843,0.7466238644343367,0.6576772340969098,49,0.0,0.00869185686692745,1.0080929986541456,-0.008751496293824483,352.84205384218046,1480.5498746932424,1139.3975500920544,0.0,0.0,312.096442812907,0.16549953646842652,87.51128189139902,108.1149545208612,123.51506429481826,98.39410120287059,120.4126612586999,120.57561746234997,102.9817251547535,122.55560410097954,110.16573761240421,118.55860941967728,26.612193173241007
1642,987.6989214405904,1480.1566455158427,0.6511175164984137,-0.27768513540094747,-0.009347444377720114,49,0.0,0.13003722075813837,17.85004590226316,-3.129098343147696,987.6989214405904,1480.1566455158427,2403.3066078207453,0.0,0.0,311.83193068700575,0.16534086141933707,204.44997443853845,230.00782177286226,220.86426155351126,266.4147907425786,251.04554626463175,217.31584058137986,265.5965324316729,230.6733927390868,246.24965927615426,219.80308366849138,50.88570435183759
1643,2419.976410893815,1479.8636463687058,0.49791682758432476,-0.32417385281661465,-0.3661165784666018,49,0.0,0.01371727105937106,1.8102395683438082,-0.6443401337542818,2419.976410893815,1479.8636463687058,998.7428412319255,0.0,0.0,311.23515187845436,0.16521748655054727,87.37727212974531,97.95531086055634,95.97786516327963,93.18481767261497,97.83242660849655,107.07054677362764,97.44350523429213,105.05876972486004,92.50731694821897,108.40894304177519,15.926067074458707
1644,507.045537404962,1480.5802843183017,0.5864233611275198,-0.28230570170448754,0.05284659891716523,49,0.0,0.04958011961361921,6.954175377951121,-2.105614097488748,507.045537404962,1480.5802843183017,1397.2331994256515,0.0,0.0,312.0321957804864,0.16551378647975218,129.07333762699358,148.7054323178795,129.14671578848925,130.6618671048236,132.11489978564077,124.693181852154,157.40038205619254,152.76175419564535,128.42338651962464,139.52924311839496,24.722999059813233
1645,669.7079626658953,1480.783456107311,0.4941065653681018,0.0036020114251789225,-0.048730432528552664,49,0.0,0.015743129727729926,2.106544682395073,-0.8089266886972941,669.7079626658953,1480.783456107311,1365.5427110089606,0.0,0.0,311.9644231945867,0.16559988039547394,123.42080450040967,134.844561627603,143.10074955321988,132.58435280274,133.55644186572815,129.8676405313351,144.40407960641474,122.95569073706007,128.4951364394202,132.7083200532822,39.6049332917477
1646,2260.8332788846187,1481.2218102220384,0.4426831100657025,0.31442297655919405,-0.3055611584857521,49,0.0,0.01269473581869664,1.160027978575085,-0.16117116012383984,2260.8332788846187,1481.2218102220384,1171.6681852013921,0.0,0.0,311.30145982956304,0.16578441002571295,115.33780980248068,105.57241926932096,118.04111208954191,109.38407383328618,114.11446454315842,111.55708823812606,103.6357674316722,128.2954359724505,134.60434983469668,108.17409751165653,22.951566675002137
1647,2567.8025132137614,1482.4171792783575,0.4973465763702083,-0.4499384099032892,-0.11645530468515922,49,0.0,0.02464359991212578,3.2524127726861134,-1.2805141448295814,2567.8025132137614,1482.4171792783575,1420.1207721489964,0.0,0.0,311.1735600143525,0.16628027758968264,122.82362002273682,152.616678894283,135.126354860547,129.8447159299196,142.5942655036347,140.24711979582153,138.65404981451923,134.65389866242228,146.58187237946504,148.44351720335067,28.534679082296652
1648,1374.9613970035452,1483.0484424631031,0.9147848191809116,-0.2236104228269135,-0.032876110263927345,49,0.0,0.020023195618322946,1.8579827647414033,-0.6726042025449992,1374.9613970035452,1483.0484424631031,1039.6819633404132,0.0,0.0,311.67057232554635,0.16654719369550888,98.79673446904938,84.04935494495258,120.34802984105434,93.37892361429023,111.12338631920838,116.09405278344671,109.42531240242319,84.21386401012441,100.63309242115291,104.94841081281605,16.67080172189496
1649,455.52121831913286,1485.5875053557531,0.7474332025518422,0.1385550847100062,0.09792404618321385,49,0.0,0.012634574710243186,1.1167081789213138,-0.11984924245271669,455.52121831913286,1485.5875053557531,944.7433428941242,0.0,0.0,312.0536629711456,0.16759955000017956,75.24917346462848,89.47945239130816,97.67505574429362,101.79058447897003,90.73182734009922,99.06650487610733,97.2061587179966,97.70261640637685,92.32229514399504,85.9631859180416,17.556488412307363
1650,663.5594821222228,1485.1057700253116,0.7486238352254977,-0.4226637777617384,-0.15913977261857273,49,0.0,0.05121883002552804,6.061397987193043,-1.9564320010526137,663.5594821222228,1485.1057700253116,1466.913909736626,0.0,0.0,311.9669849992058,0.16740075112377484,137.56801868895266,159.39766880944075,141.60314895559108,146.51822448624554,138.90396678596437,126.11564642226111,156.6765729866475,137.60744355954927,143.26739528844664,144.70078733400393,34.55503641952309
1651,1406.4924388059487,1487.129187657296,0.5093619824838832,-0.20973943287065758,-0.1826117296285234,49,0.0,0.040547214694580246,5.9713759356028495,-1.9401860340164272,1406.4924388059487,1487.129187657296,1458.2759203680762,0.0,0.0,311.6574343804042,0.16824755956124,120.14563295198661,122.89870092320626,116.38101004004764,161.01228772139464,164.75312649588454,138.14260064726983,150.5567677832504,163.96534814829494,147.60366348805985,150.89375992653362,21.923022242147688
1652,622.575129375976,1488.1092099734467,0.912754933103861,-0.006823524713386886,0.03398382112345835,49,0.0,0.014677387738278938,1.19060040862961,-0.189415068178246,622.575129375976,1488.1092099734467,888.5351669983783,0.0,0.0,311.9840610852438,0.1686518045591536,79.96594929484436,97.65668584245495,74.69934040998152,84.44634687750481,84.80154905312433,80.13110809869531,72.82808436173266,94.95165785311345,107.56241946891515,91.88596583465193,19.60605990335979
1653,1854.7728754302882,1487.8880701531666,0.5683974520182988,-0.25035640743612514,-0.09958939435176724,49,0.0,0.07447858687272531,10.844682315915149,-2.5880420857888904,1854.7728754302882,1487.8880701531666,1820.307638664788,0.0,0.0,311.47065029550714,0.16856363965722934,168.7842796103849,189.74004466195623,177.85698191812838,183.7665232745436,170.09359829021977,158.74213651107613,192.35328153497994,191.93637993956293,184.28150530489575,155.0091260656182,47.743781553422124
1654,192.35309905119806,1489.2565891641218,0.7054858247772621,-0.38546240797110226,-0.3107472571086502,49,0.0,0.038041483811253864,4.237721231941474,-1.5678309608027234,192.35309905119806,1489.2565891641218,1456.675843072564,0.0,1494.3959760495195,312.1633073610236,0.16912527631607338,113.30063539377673,150.76831834030338,132.45027895857703,152.9766593266624,136.2951438924913,137.68335654013,154.65104823431767,133.95972648186023,159.5603662339886,159.41157399882675,25.61873567163003
1655,516.2599093525135,1489.2336737382361,0.8680619415143809,-0.00211105543641118,0.4691254985486964,49,0.0,0.032329931623705885,2.8875421519901505,-1.1513208318116326,516.2599093525135,1489.2336737382361,1293.8741939941663,0.0,0.0,312.0283567919096,0.169119338595415,134.11882960945036,132.12209957988608,111.25727690719118,131.23542777336053,128.82213711874164,127.60523492601436,141.50605844438866,103.51355288207,131.74241436261593,121.46199687015243,30.48916552029501
1656,1108.7632745778606,1490.3443680816783,0.6502130585078381,-0.3211618484678316,0.005312627218145847,49,0.0,0.023285835488348533,2.7726516706589273,-1.1072382810372954,1108.7632745778606,1490.3443680816783,1081.4380830492182,0.0,0.0,311.7814878898056,0.1695863003167816,110.11419924071998,106.63026322828182,91.76439104860319,118.48206340248129,109.91249689178133,96.83411842235584,109.71574763637058,108.66906890023262,105.365666891454,102.31465927603601,21.635408110901647
1657,1892.6849132704158,1490.058377852114,0.8401344816551253,-0.5780777019339217,-0.07535439339046976,49,0.0,0.013192954809571942,1.1316331528834411,-0.1342641556921207,1892.6849132704158,1490.058377852114,967.3429507187457,0.0,0.0,311.45485360524833,0.1694678395535689,78.38514593063988,75.0996451160826,102.10086743871209,107.6045202465215,79.48035078414499,115.53891724869949,89.38070041434253,111.48824814342785,91.139797212622,100.92281154480685,16.201946638745927
1658,2387.7548476595557,1489.5806857996815,0.5685287684206178,-0.30614106808493435,-0.11271935213236106,49,0.0,0.07359957497116376,10.174948263348153,-2.518830524104438,2387.7548476595557,1489.5806857996815,1899.2100667597615,0.0,0.0,311.24857703498907,0.16926640992657815,161.25018401560544,197.21400188321263,168.54329912199574,209.74047504418482,191.65601183402214,183.0442374284744,187.06933062541185,161.7829763356732,205.727099994701,187.3513987550839,45.831051721396236
1659,2957.7178618917255,1490.305416746679,0.5738423437037278,-0.23485957519940467,0.049623689845116,49,0.0,0.020754020030876646,2.0701561248168443,-0.790007749620059,2957.7178618917255,1490.305416746679,1267.3420657267293,0.0,0.0,311.0111062539642,0.16956289601741248,117.86772349011338,133.17510859051808,115.13879369849718,119.78073538990452,125.59221247696004,129.50952432468034,118.75227155653563,153.00438071412805,120.85681905870398,113.6116593217348,20.052837104953355
1660,1067.8341009106452,1491.5997777196847,0.5894102000867327,-0.20787618796596974,-0.07786667343078964,49,0.0,0.04681680994270548,6.36532180914589,-2.0095509125128075,1067.8341009106452,1491.5997777196847,1522.5912699470744,0.0,0.0,311.79854155228134,0.17010919539504463,133.20926037264394,157.4387473332511,155.20013999985514,150.23354586837544,150.81410244149973,159.7539514100773,141.40217199799562,149.89983785373525,151.44740661613662,143.55726617129795,29.63483988220639
1661,1365.4404111241754,1492.1367094519135,0.2094041308956566,-0.38307541817560925,-0.22797171332224903,49,0.0,0.007800122872823674,1.1482050288517722,-0.15004861159331118,1365.4404111241754,1492.1367094519135,956.3148518635937,0.0,0.0,311.6745394315251,0.17033394420780323,90.15950336085814,88.34415499958072,99.76660234172452,84.93547461004582,102.28306455707782,97.32340806724824,93.21391601845033,100.61054090235133,92.28763961944688,88.96331767161489,18.427229715195004
1662,2282.1693178523483,1492.5647062683472,0.8138973038701783,-0.3213013130036521,-0.03342147188510941,49,0.0,0.0378376291779669,4.133009325885505,-1.5406659631050956,2282.1693178523483,1492.5647062683472,1173.831239794901,0.0,0.0,311.2925699030384,0.17051042989476098,110.34029650425363,104.96216233306896,106.7609538720429,124.6516116931581,117.79543026339744,105.10324783525235,102.73706788968374,136.5207751277427,129.58168291923667,111.40352354762419,23.97448780944037
1663,309.5505539008327,1494.265558549366,0.8586944287619401,-0.036708754874706206,0.14093184772959974,49,0.0,0.013437842106311422,1.0567524452638315,-0.05993315358611682,309.5505539008327,1494.265558549366,1089.200403361412,0.0,0.0,312.114479671072,0.17121366813760877,102.81615307158197,112.90571884986483,108.88554679735984,92.13714194313658,94.31050521462332,98.6651342526043,113.61968367202479,105.17761841858588,115.07326541938586,127.69659160882051,17.913044113424057
1664,2547.644668072859,1493.764894986032,0.5633400427923718,-0.27176150941470695,-0.08170685493391679,49,0.0,0.5591743846821705,82.8561472644501,-4.795811837832594,2547.644668072859,1493.764894986032,9230.870234040158,0.0,0.0,311.1819586192946,0.17100854682190889,813.2096758338356,915.5862766200546,870.4065075118508,886.252243711109,925.6571806479346,945.4389763821873,896.6458687502274,930.0917000053386,894.1099097033559,953.5707533755628,199.90114149870232
1665,2866.782000287531,1494.9583309991583,0.7767021424272655,-0.23007383540450485,0.05733634942762151,49,0.0,0.07031589883385275,7.834865544067879,-2.235078869602324,2866.782000287531,1494.9583309991583,1773.1031147398248,0.0,0.0,311.04899283389875,0.17150259647649022,160.5234340022218,168.86000878566205,180.7913163598015,210.69803755210742,161.63273842577343,177.47136989618775,166.54040515175294,174.17573821295355,165.8364465065436,175.9052915326144,30.668328314206306
1666,2616.1238193819963,1495.9955292391933,0.5790567912643348,0.015384757040053178,-0.1606816923310492,49,0.0,0.02205483199216607,2.7666021631813744,-1.1048667804353434,2616.1238193819963,1495.9955292391933,1135.3945303626933,0.0,0.0,311.1534269491076,0.17193734411175926,108.76157489493892,113.43023517786509,125.70222913051887,110.85971851008678,116.44617652459364,98.35673078030179,103.70682832351619,109.84053566473786,109.58930637367567,113.93703194192727,24.764163040531187
1667,2808.2124849629117,1497.9588398677568,0.771973109305589,-0.13067364082288044,0.5302583280700415,49,0.0,0.01199973595418139,1.0092285380969936,-0.009973806562946115,2808.2124849629117,1497.9588398677568,928.8144316197304,0.0,0.0,311.0733948844071,0.17275341664064708,73.19721652305944,101.78629157746423,94.49903842981118,102.13077832433216,89.56711717195068,96.30059764375216,93.71055767434518,86.96234506648065,95.83535902175257,81.84634418314735,12.978786003634767
1668,1808.9824589761354,1498.7193368395813,0.7736982565899185,-0.2514784791126631,-0.004466721552844381,49,0.0,0.027061286811156157,2.7870075637078418,-1.11284536838545,1808.9824589761354,1498.7193368395813,1079.261617861556,0.0,0.0,311.48972963193944,0.17307675395919386,103.22218385275698,100.61592301716136,95.73980146046813,104.60949894209068,101.74779412450738,82.25551388744425,118.21520842649747,124.19341808114862,117.30333544773484,104.2707023388906,27.08823828285572
1669,2364.2705940894966,1499.38527124616,0.6549402510732347,-0.23153485041208224,-0.027215765396777492,49,0.0,0.05969638912076989,7.59089227006561,-2.2007320699067483,2364.2705940894966,1499.38527124616,1650.1983654263167,0.0,0.0,311.2583617835825,0.17335175144365814,131.43636159732884,187.17654392037994,186.91049690654918,165.43817713778924,173.8317758896551,145.71665915662186,149.1820497383736,168.18056324148222,153.73335385188486,159.8376493677706,28.75473461848129
1670,2663.5967973407414,1500.4243594382235,0.5701134000100977,-0.6080221945012791,0.1444843771383339,49,0.0,0.013161764708550757,1.3950654495790222,-0.3614864575979402,2663.5967973407414,1500.4243594382235,1064.337112484246,0.0,0.0,311.1336475348174,0.1737821852285457,89.89672175150848,101.78246060739266,96.74074211477638,109.03274845640232,112.31199052064784,109.1286313979227,103.45232856076903,92.87365762283386,111.4580437082134,122.05755275713595,15.602234986643408
1671,1847.3994754031514,1501.5486820171534,0.42633271189029864,-0.04267820264090547,-0.004405021333497719,49,0.0,0.017734062058243134,2.723125883840754,-1.08766929559535,1847.3994754031514,1501.5486820171534,1165.1077404647178,0.0,0.0,311.4737225091444,0.1742555651902654,112.65435185867881,104.69938508344968,101.47318357948625,113.8765076202128,104.2100938371542,104.36375853845702,111.63556261812909,122.32196035990059,140.76990097090786,134.47393498285066,14.629101015490747
1672,2260.8498713792073,1500.8470454102062,0.988937999659027,-0.33497308462480424,-0.16015605913447772,49,0.0,0.028830216131565497,2.4943173548597875,-0.9923792711083074,2260.8498713792073,1500.8470454102062,1116.8136643078558,0.0,0.0,311.30145276847327,0.17396149177524237,117.37790831128777,105.5079201445136,106.32952019058445,104.34330738396064,90.2081705174935,101.2596986615223,109.06557034117164,116.57795983519172,125.68206637200248,119.5282898900206,20.933252660107062
1673,763.9114034286149,1502.1243343984781,0.6258093863940091,-0.3033213132479637,-0.02453042413164196,49,0.0,0.8233114131547018,120.87746075949232,-5.205863320796741,763.9114034286149,1502.1243343984781,10639.26094638553,0.0,0.0,311.92517343781344,0.17449247187451555,980.0543189616574,1019.653044364693,1000.5483994278125,1018.7832279243058,1101.8812487582522,1048.153104597771,1073.4892958622595,1078.9056915819835,1053.061536049961,1055.0546496012348,209.67642925560062
1674,1541.5360503337477,1502.2184096457643,0.6059440876212127,-0.1705785039385452,-0.046875611543649304,49,0.0,0.2473309657621059,34.8742573680958,-3.8562624206774663,1541.5360503337477,1502.2184096457643,4439.701702331659,0.0,0.0,311.60116604772963,0.17453488306558387,380.97658004382583,417.7293895327017,403.19593797687224,438.4077828532379,458.086574078262,491.0215115903649,384.9090227055886,460.4848716109097,473.36545661240615,438.51508868337135,93.00948664411894
1675,1586.0426056325796,1501.964381823123,0.5542291340848426,-0.19566578793073847,0.022722194913142667,49,0.0,0.05368916026968975,7.848327136611407,-2.236942742894607,1586.0426056325796,1501.964381823123,1547.8575755353545,0.0,0.0,311.58262156982613,0.17442905327532574,144.4048901339857,129.58434763555096,150.71810792068075,161.63808354904265,145.8812853310359,166.3976777552963,145.16750585587988,150.43682797446044,162.68071763986606,159.08647663315557,31.861655106400423
1676,2707.795481484854,1501.911751069182,0.6493070980546837,-0.7434572950273879,-0.0426315650956025,49,0.0,0.015286034968329002,1.5135347519308775,-0.4499809928623774,2707.795481484854,1501.911751069182,994.4272699553576,0.0,0.0,311.1152324648763,0.17440147053904342,89.66388125799617,92.62223954871517,107.73738382862442,103.96682777596814,91.59429198470286,98.69537364640277,99.7276560232696,115.10161858597512,89.29460713899604,88.37544321769593,17.64794694701138
1677,1359.6427449635567,1505.2369913878958,0.6745040062747947,-0.38284388662390695,0.05413815597488937,49,0.0,0.046639551412071024,5.768800284876652,-1.902713759998326,1359.6427449635567,1505.2369913878958,1462.112613271037,0.0,0.0,311.676955164407,0.17579237121712463,115.66778134640685,125.2361814683484,130.78386129685305,148.57723127857173,163.5254867198365,142.2421720848559,139.82997097227212,167.25922244833967,160.64824665415674,136.5451103687485,31.797348632647612
1678,1050.8193235976942,1506.7649256775392,0.5817440724265146,-0.32890729738699154,0.022065982058392643,49,0.0,0.41040621458299936,60.92603764632625,-4.462007336239612,1050.8193235976942,1506.7649256775392,6566.2111817454415,0.0,0.0,311.8056310570343,0.17642787028724755,541.5021416695406,622.2018818249753,586.868693323661,642.681039746937,637.4266998195944,720.6684852619173,690.465202478123,642.2014154718488,659.6009874291756,699.4594032391409,123.13523148052693
1679,2032.7663015499315,1507.4597142248597,0.6461836197215707,-0.7219331220159131,0.06784626022370958,49,0.0,0.08652373427668868,11.106665265233048,-2.6139592080400615,2032.7663015499315,1507.4597142248597,2135.978801588905,0.0,0.0,311.39648644797836,0.17671790181849445,193.07220382187853,219.4121552861585,214.466449933651,186.0913762920813,207.77074039732173,211.35153667642157,208.42423358512863,205.39271248936342,244.30899013027388,203.59473037896583,42.093672597660586
1680,1505.6345272874821,1507.3535314944254,0.4977247139374001,-0.7491028619309696,-0.16345065950670934,49,0.0,0.010165780569313516,1.1747018294973368,-0.1748191128235051,1505.6345272874821,1507.3535314944254,901.1413453191329,23.120891529480325,0.0,311.61612508203655,0.1766744901350207,84.5934405669675,97.89445962401842,97.08637974844376,96.871941977931,76.1457470071579,83.13369037821741,88.1668641511464,93.69682474640058,87.4752482030122,83.1648091572715,12.91193975856618
1681,2368.6428636397986,1509.3434422032337,0.3382600192252772,0.037350083482403186,0.3527586188629128,49,0.0,0.008021278435230516,1.1929403010836166,-0.1915467764879107,2368.6428636397986,1509.3434422032337,949.0048928919484,0.0,0.0,311.25653996611186,0.1775008918745382,104.94179356019289,103.77043281083091,102.3125076397179,87.26043703329427,77.22975130981806,78.23517421983006,104.37121675646648,96.08578259253238,87.13297612193175,89.36164614727423,18.303174700059493
1682,154.45422188882674,1509.8519736733178,0.45559742617940385,-0.12978603322224208,-0.4350806564019627,49,0.0,0.016264828038629137,2.456447816410198,-0.9757688565670702,154.45422188882674,1509.8519736733178,1262.346835160991,0.0,924.8193482729707,312.1790972620936,0.1777057237356858,101.07310708702194,163.91882528920058,151.02167291841397,127.71927037745081,165.04359637188531,122.41349369696478,96.59343912642701,89.42850391859429,156.55444679710217,68.3535040854903,20.226975492439873
1683,1081.24260837842,1509.6195537777285,0.8024795501605068,-0.04299927678408626,0.1133697397198937,49,0.0,0.0180377061661831,1.8137981129002116,-0.6464723642897869,1081.24260837842,1509.6195537777285,920.7201836473973,0.0,0.0,311.7929548396673,0.177617441359122,93.77735472896259,96.09113452342162,81.56951461047785,80.60867615602827,87.4349178612545,104.63072328866039,84.78209721461795,86.56013151079941,98.64005924503303,88.33476508585696,18.29080942228468
1684,1889.803413140772,1508.447796497262,0.30244846117560614,-0.7578119361243725,0.29881889547890106,49,0.0,0.02977062606165575,2.3517186474008382,-0.9284634070410664,1889.803413140772,1508.447796497262,3723.1339647381046,0.0,0.0,311.4560541691716,0.17713008370768643,303.1823819357533,346.4617036647009,386.2320600017797,357.374242891629,352.94218183985106,399.52514564569105,349.51293280842947,391.49084655421075,346.3028325720903,415.1082614864005,75.00137533756832
1685,321.37482968298593,1510.4881920612368,0.2518443896139652,0.651191355833374,-0.1611889242480086,49,0.0,0.009641872196153279,1.1667692014962092,-0.16746239197789778,321.37482968298593,1510.4881920612368,1471.1823313036346,0.0,0.0,312.1095535356501,0.1779729404622364,136.67056495076858,159.3459132941262,159.31580863925814,160.0411556442038,159.72113187973426,134.25310494705943,120.69843875366112,134.06179185054563,143.81763007090802,127.26446188821465,35.99232938515469
1686,808.1910611485824,1510.809180306456,0.38602773928622364,-0.2817769315496755,0.0416147761463783,49,0.0,0.026266363582295064,4.704762957719032,-1.681344367629257,808.1910611485824,1510.809180306456,1192.3336257695153,0.0,0.0,311.9067242253688,0.17811142869361704,104.01721675199919,116.21681296786105,121.70627570640664,118.03143307001552,119.87434135905596,119.76280225643133,130.24184343987758,108.23398764647816,110.52941641017294,122.61464132035363,21.104854840863233
1687,1597.3779710123554,1511.1121923750527,0.6659592132627344,-0.39217465564268356,-0.0850135673168463,49,0.0,0.015949695125039964,1.4876929071244938,-0.4312832310732837,1597.3779710123554,1511.1121923750527,1133.189956716024,0.0,0.0,311.5778984805908,0.17824064014234442,101.75017917034563,108.99531305531144,102.2373066473366,114.24943637720014,125.16982908842654,105.14475189978882,120.72986453229538,109.59393432915104,97.27908496063549,134.51544634956448,13.524810305968485
1688,2883.1591034316943,1510.7003920167058,0.6465950692915121,0.01872364179166702,0.25661291956058707,49,0.0,0.021503613298286723,2.3179593520887014,-0.9127645396833082,2883.1591034316943,1510.7003920167058,1102.8234461665795,0.0,0.0,311.04216936840163,0.17806131062523875,93.9367172784028,96.42563861802695,128.7141123215671,94.03589550542233,103.90204066378897,114.9786452688414,114.46400908947098,113.72767834448081,105.59391675620127,122.36890349716606,14.67588882321099
1689,1231.288444759327,1512.2029749359622,0.49834829523784724,-0.4302602960457033,-0.10119056991502338,49,0.0,0.04674813126855945,7.203003550401423,-2.1437840721074073,1231.288444759327,1512.2029749359622,1524.8924789317707,0.0,0.0,311.73043612397584,0.17869448861576928,146.42872512543315,153.92921679059242,137.6876469802429,146.34506478480552,162.55345565602508,180.2065620185917,130.857913498809,150.59549547351867,140.05910466199975,154.18709319956673,22.042200742185884
1690,1884.6084483886689,1511.5267553195206,0.5550333310194855,-0.8461322165311466,-0.06303157606531508,49,0.0,0.03215010105031285,2.383856279363847,-0.9432001715455862,1884.6084483886689,1511.5267553195206,3514.880696596919,0.0,0.0,311.4582187282984,0.17841299387507675,289.1724737130744,347.89320504894937,379.61601965067985,360.1997968301083,334.0261384593282,345.48196472851953,323.4045062529185,355.5868232974867,332.49350245830055,385.20455493452255,61.8017112230306
1691,1836.1838321525659,1513.1643221642205,0.5549906856222161,0.6222272393433007,-0.031038382855920504,49,0.0,0.029300635104274705,3.5489065314514776,-1.3752364034060325,1836.1838321525659,1513.1643221642205,1414.5092455669883,0.0,0.0,311.4783956686456,0.1790954308585909,113.27442680993339,132.61379284135285,108.2619099517429,157.7876838273406,157.3645142511926,152.82546119467486,131.3842383842644,135.54541704212517,145.1879498838856,146.73103817169493,33.53281320878083
1692,2064.228685423922,1512.8829047913766,0.6228797706458291,-0.4024840447337108,-0.05558272775029671,49,0.0,0.11374277989613214,15.007164566958956,-2.940746612479106,2064.228685423922,1512.8829047913766,3581.308124224537,0.0,0.0,311.3833771725517,0.1789774190025232,345.4310580814598,335.45505303354486,320.83617936517265,371.0008308502458,377.22428097186275,340.4935884197592,351.8853511130152,322.82570224159844,385.89959860025056,371.32702429017775,58.9294572574502
1693,531.3610460100489,1514.0018118630187,0.3021783209462184,-0.17229882481565498,-0.12528861397138447,49,0.0,0.009758531263433602,1.5055506746755025,-0.44423844455978073,531.3610460100489,1514.0018118630187,883.5040047623614,0.0,0.0,312.0220653137809,0.1794392242784772,79.87721677867208,99.27557189187505,85.34416088502292,104.69994095631398,71.55361073969594,82.6894896713616,97.27115839356652,80.12110524596237,80.93767211013264,82.76964913079163,18.964428958966746
1694,2058.484752780735,1514.108938328505,0.6215674934644295,-0.06373952452001354,-0.028456045647479895,49,0.0,0.09470684840710142,12.445071685186075,-2.7374935063573282,2058.484752780735,1514.108938328505,3557.339979638349,0.0,0.0,311.38577045572947,0.17948828832726718,336.57681881702484,339.18522549163055,318.63807340871796,373.75079811825515,374.4684134950396,333.16117259347993,337.5383061217606,330.5414974206935,380.4803734338105,377.6403617799461,55.358938957990766
1695,3042.940291005749,1513.9513478393046,0.5066183508476981,-0.4178514588465273,0.2982249402941462,49,0.0,0.07041022464536119,9.535326276051066,-2.448338895385898,3042.940291005749,1513.9513478393046,2352.0598073415954,0.0,1849.1570136593778,310.9756000563411,0.17941375056074663,222.48699449662269,204.44880547944,236.82497908806738,225.9349330351198,208.94127581765335,219.27325639655993,236.37273651724811,244.6449626629689,259.92933703629285,245.2266912681282,47.97583554349404
1696,189.29062387336936,1514.9325127115974,0.2539082946555809,-0.11632462190169784,-0.1414575146358722,49,0.0,0.008619319281897804,1.0188316147847227,-0.02025603211470043,189.29062387336936,1514.9325127115974,1490.2969189110754,0.0,1518.7299047480547,312.16458367628184,0.1798229703345618,137.88629779283917,136.31974315354438,140.61426771518995,152.7011905532558,137.2836182239833,150.65264420339648,159.89653465540127,147.85301656498225,148.33631955863586,156.51120496912392,22.242081520722714
1697,1793.0783158117142,1516.001354816892,0.6858652235287235,0.6139926511100102,0.8961522148976394,49,0.0,0.022114153139077827,2.0439691145727266,-0.7761858227467354,1793.0783158117142,1516.001354816892,2446.1170638637486,0.0,0.0,311.49635633464965,0.18027761360022837,215.88736400634093,244.35743164972848,231.6651250220971,256.66124284278504,225.18877761181915,245.00939603355513,243.83923698693943,241.93942983481196,255.16853445716524,234.0228555869944,52.37766983151131
1698,550.325609258439,1516.9277638878473,0.6739402618517791,-0.6103832765165259,-0.1871135628875224,49,0.0,0.04185869142690133,5.211110136105754,-1.7923256300467854,550.325609258439,1516.9277638878473,1256.8836468128193,0.0,0.0,312.01416387948217,0.18065852562931078,85.68527840399562,107.78843113100693,140.9476759387982,117.59009452894526,122.74122134559326,131.00084945876705,121.0523851123036,141.18019906314663,130.90347359058612,139.29605312324696,18.697985116429706
1699,2132.798930503878,1516.7547315639367,0.29581754663719795,0.37063509283044177,-0.07792984114780606,49,0.0,0.01748982262361473,2.3550403828429523,-0.9299958963857385,2132.798930503878,1516.7547315639367,1592.8552014137613,0.0,0.0,311.35480645535876,0.18059034422097467,144.80806867567162,168.00483711643432,157.94066134784714,147.90299057871306,137.54146380588998,149.66256550398828,150.86450831149557,169.99549925730486,179.1659856258549,165.61705570822173,21.35156548233963
1700,2720.9858978386123,1517.2887269424148,0.3986905872885111,-0.3544691142453306,-0.06181058029210603,49,0.0,0.01524310826225459,2.13090155965726,-0.8214084681555968,2720.9858978386123,1517.2887269424148,1048.1816797589365,0.0,0.0,311.10973659829295,0.18080819281226754,101.84200047496168,108.77539855988655,100.84951794136794,108.26527005869136,114.4258538853182,110.70470697709314,89.88978165648996,98.20343872047413,109.51051049492514,83.52465744248032,22.190543547248055
1701,409.62955046564736,1517.6246511797206,0.6707347092495005,0.16617658336670005,0.5760941916142128,49,0.0,0.014466853873910123,1.365224961264287,-0.3380105503940273,409.62955046564736,1517.6246511797206,1058.4024287055017,0.0,0.0,312.0727836298281,0.1809473782051504,89.24498105574433,103.07053393028,108.62607194040189,103.52575873297177,92.43773105505296,95.42910780578833,117.93656121485347,102.5633994525395,118.3254678228173,110.47256217475908,16.77025352029283
1702,573.0534435993183,1519.0518562576963,0.6532879124072597,-0.40111590109617973,-0.04321330210912875,49,0.0,0.2346747357939884,32.43520451448685,-3.777541601606194,573.0534435993183,1519.0518562576963,3580.829062908876,0.0,0.0,312.0046944684909,0.18154376465378483,295.91691796747506,369.452538837459,368.4409583861851,335.7343053973624,330.4448472731839,378.3249094398956,320.6963482196543,357.54089749889954,367.22688081105144,384.88367193500756,72.16678714270296
1703,1357.4609533459206,1519.4030887093375,0.45182457264790865,-0.5351486682427685,-0.21404901549367675,49,0.0,0.011194708807816266,1.1145094284657242,-0.11770936713107785,1357.4609533459206,1519.4030887093375,1045.8799151825815,0.0,0.0,311.6778642847295,0.18169489520838655,93.77076900427699,114.0623203520494,104.48586783205724,115.62780570401299,100.54306697068716,87.17437947392662,108.98419666059833,103.37766934949877,107.67775462195613,95.89499239121629,14.281092822301524
1704,2137.6346747145035,1518.835168475365,0.4604219455653773,0.029010431816255754,0.012002339017038541,49,0.0,0.024541921136795382,3.450996998002452,-1.3448614537549872,2137.6346747145035,1518.835168475365,1501.7808307736718,0.0,0.0,311.3527915700355,0.18145716131228976,133.88047887138575,144.78884011635785,146.66008850059768,150.92154755586188,132.80664023958974,148.88797873146018,153.30073928424628,160.50692355198743,164.43827936180344,141.88585097927802,23.703463581103435
1705,3124.439351100064,1519.1032140029843,0.22502839749041942,-0.4977935180521913,-0.09715904229062043,49,0.0,0.22639121146687372,31.76120570943927,-3.7547424515646877,3124.439351100064,1519.1032140029843,12795.631101036492,0.0,8218.522998648248,310.9416458166217,0.18155908205185528,1025.1507014961728,2029.9057840511255,1123.7639483983928,1090.4044291506843,1888.0475378737851,1033.9677587421745,992.6478531973578,1102.5782584726685,1105.034810781443,1140.5324887512004,263.5975301214882
1706,2274.657439890888,1520.207142579775,0.7476876373163868,-0.7180853298428387,-0.2618536774235838,49,0.0,0.03793692466040297,4.314916390421547,-1.5874309621614704,2274.657439890888,1520.207142579775,1231.9855413458974,0.0,0.0,311.2956995766507,0.18202801376019961,99.01400976268317,99.29701571338607,130.56489944618014,144.26967005186694,134.19218149969143,114.69305222633845,125.9899628407941,138.85729246329842,97.53591694039477,128.49773520175373,19.073805199510375
1707,1792.1669207702291,1521.3232020482951,0.32601793788971584,-0.17368995892697006,0.19729503217449695,49,0.0,0.04582843859944242,6.318312698868044,-2.001502789294905,1792.1669207702291,1521.3232020482951,2677.717220733643,0.0,0.0,311.4967360720262,0.1824950486763302,244.23854628250106,266.71250192979045,235.65529808830874,286.88722484284216,255.21339170155932,282.0082807773254,262.60675949209843,254.88926806013473,267.62983102701287,262.22909859279696,59.64701993927281
1708,775.2698515085382,1524.0316590526459,0.6804254012623948,-0.2560088973232325,-0.020889446943257645,49,0.0,0.13568248131189536,18.053855521688032,-3.1414249065997852,775.2698515085382,1524.0316590526459,2456.8146904647256,0.0,0.0,311.92044110919284,0.18362044282411222,236.76526085856847,248.1183632936412,242.41375010586322,272.21439957433387,230.0067796725931,247.3669168618506,254.9939515917038,234.21129740294433,218.94959570715406,223.39026224004715,48.38411315602526
1709,1851.7379173131787,1524.427833263569,0.4792268317109774,-0.5357322725326861,-0.24679116416210048,49,0.0,0.03176124402351886,3.7054698638101353,-1.4221082138665064,1851.7379173131787,1524.427833263569,1771.7855350420089,0.0,0.0,311.47191475754823,0.18378851512404326,152.99352938144006,156.44693656027397,153.01230836865872,168.08771410020955,181.55512939107663,189.83768602955433,191.95472327205417,181.17264558106774,185.23579220588368,181.60487495892573,29.88419519286436
1710,2047.6238878383308,1525.3477195099429,0.4340777088553196,-0.6472626892206517,-0.14811408196092438,49,0.0,0.020096756001093057,2.841120915728477,-1.1337242933148914,2047.6238878383308,1525.3477195099429,1290.567569926623,0.0,0.0,311.3902957311511,0.18417113410113853,129.8224211549421,125.3203315318676,107.82409764732608,119.04854342116226,127.53906001422584,121.22933415959012,128.05829224661298,128.81523130756844,132.43861643855638,134.5724268968892,35.89921510788197
1711,482.5298402886037,1526.2737350751268,0.2844702163056954,-0.37113767022339345,-0.15298770252530203,49,0.0,0.0165781034512086,2.73759272877529,-1.09342209671027,482.5298402886037,1526.2737350751268,1126.7640938130799,0.0,0.0,312.04241061468304,0.1845518481706353,91.63962956646188,124.3467964171942,118.80269711387078,96.72350452395912,109.05492658670175,105.1571679732862,111.06314175420081,112.95076685961259,112.32374174941175,130.42314766266588,14.278573605714787
1712,2150.101056063308,1526.1797732804066,0.6947749575516357,0.16959363616554926,-0.06833452327516935,49,0.0,0.02811040958418949,2.9921398366781196,-1.1899547156937496,2150.101056063308,1526.1797732804066,1379.0563523653589,0.0,0.0,311.3475972544476,0.18451732288291248,133.4566111374868,123.98894661688527,125.64290000902328,138.45974116240328,144.38579566067824,145.0850272431988,153.87825476607895,141.30345435562253,122.50089519192174,124.70523943397771,25.649486788082182
1713,2409.472668817865,1526.5496438511418,0.44551856791972594,-0.04358008163230342,-0.12207851476632886,49,0.0,0.009079989905573686,1.0463087927764196,-0.04914968744592603,2409.472668817865,1526.5496438511418,907.4054199538692,0.0,0.0,311.23952787033465,0.18466971368126248,65.19422943500426,106.0229276074686,77.98861892646974,96.2548259307494,83.7730369802232,79.721245145854,112.68966953348558,79.6027392004719,97.73596284269497,95.34668883726539,13.075475514182148
1714,2555.6737207571023,1526.552499791566,0.5209060699194501,-0.49882633237089563,0.04171858416565446,49,0.0,0.016634960561951153,2.205514339735508,-0.8587747145104563,2555.6737207571023,1526.552499791566,1080.3645730994658,0.0,0.0,311.178612969959,0.1846696442237172,106.3891130299269,110.81735774511401,110.69569840446573,104.67999387019486,99.19658127508723,116.18310047867988,87.78674484400231,116.86844918004053,101.14404073378196,97.37679824478887,29.226695293383415
1715,1072.5369064890183,1526.9657924026246,0.6478579050529658,-0.5261210027743672,0.03262678717994776,49,0.0,0.022254043295777414,2.6826176761546394,-1.0713969547251494,1072.5369064890183,1526.9657924026246,1019.6862175156317,0.0,0.0,311.79658228386177,0.18484494210296049,83.01351021491705,107.88764773515499,106.97024343603317,106.29354963889577,110.92705011018597,97.48381830469538,92.91734093170555,94.6290691346517,97.87824685440182,93.97716859543381,27.708572559556554
1716,2973.5224454791164,1527.1598520373743,0.5292201723020321,-0.21083897738615923,0.06922217868617532,49,0.0,0.6940764252066652,100.04362014618471,-5.000473496457278,2973.5224454791164,1527.1598520373743,14184.977832577206,0.0,0.0,311.0045210564259,0.18491794490182842,1223.2852965074067,1320.5698452676052,1403.2166116261403,1390.639937742477,1290.4854836682107,1463.9654215006942,1425.6101247704119,1424.194149037448,1524.5456143524711,1444.6587429125566,273.8066051917872
1717,315.19277338997,1528.3313787801233,0.8696837119140663,-0.1456192456288401,-0.5870058279226233,49,0.0,0.07975311132843196,1.6179873628789865,-0.5224378131947192,315.19277338997,1528.3313787801233,16640.802847353738,0.0,0.0,312.11212944170103,0.1854071996443635,1540.3006824620988,1590.1554707751138,1578.9645527083453,1645.2879781657534,1716.635066656753,1614.2946962727399,1642.7180065401346,1644.5691899786646,1671.933100528392,1674.83839673052,321.10570653522234
1718,814.6114971087858,1528.0908891214153,0.5271638393205795,-0.32828216188679277,-0.0731778467224865,49,0.0,0.02733541453048602,3.8614282134143734,-1.4668699135466152,814.6114971087858,1528.0908891214153,1190.2509911510924,0.0,0.0,311.90404927422463,0.18531206831294497,110.38029189698372,105.85483392095392,114.26639341112954,104.28732557625065,119.15253490306989,112.57487535876174,126.41294432287489,131.76144086923028,119.11728454342972,127.56619947190599,18.876866876502266
1719,867.5678264507695,1528.966190240009,0.4096366269872822,-0.4015980510130818,-0.021638396692128498,49,0.0,0.014329936711623062,2.2737207910239947,-0.8918428325388493,867.5678264507695,1528.966190240009,972.7303100989232,0.0,0.0,311.88198470518216,0.18567716594327707,96.18367172594908,115.40132340735535,105.76810441926978,88.57373309827994,98.93062356134391,103.95659126260074,96.04261619115874,92.87420144232203,82.99657617096415,75.0509866944426,16.951882125236832
1720,1481.162832878587,1530.0416940106077,0.6379284056842126,-0.364514630294835,-0.0439658144982747,49,0.0,0.1344935170295892,18.81624172749685,-3.186332209258031,1481.162832878587,1530.0416940106077,2427.585611125435,24.76303812737264,0.0,311.626321692153,0.1861278597678693,223.569959873267,205.54547851476957,220.80105149944407,232.34321317370592,234.45043598316798,238.8451100460244,235.17348228392362,238.25807653479694,269.5988043371508,284.1623268728821,44.83767200630227
1721,1861.8135575767278,1529.8624083757559,0.5336460643219876,-0.39640391688556287,0.2231575958234042,49,0.0,0.015271000437689107,1.9116738357295866,-0.7035344904749169,1861.8135575767278,1529.8624083757559,1139.7593913850092,0.0,0.0,311.46771655154885,0.18605289158990618,111.0003394081065,115.91077788233409,90.88861922504974,117.7111246667908,102.89562202412985,120.69449590632297,111.26216035837999,108.9546512304049,124.76036187192474,109.41347046078278,26.267768350782866
1722,1967.5554941995701,1529.6528283575835,0.6136780122731677,-0.2826537835970945,-0.07009875916754474,49,0.0,0.19945720528660166,27.449399273495004,-3.5963321110307565,1967.5554941995701,1529.6528283575835,3730.1956400392964,0.0,0.0,311.4236574178644,0.18596524002821532,328.30185853332307,359.08818320208934,364.64984465177054,390.65504064311773,332.84272642808196,363.90656395482233,365.48672949184345,395.0000300985589,373.93196819024763,364.18558287511723,92.1471119703241
1723,2443.553288181962,1530.2857725343208,0.6503241146606266,-0.09643436022644354,-0.0946141906485409,49,0.0,0.053309926964758725,6.769560130959457,-2.076401125589025,2443.553288181962,1530.2857725343208,1502.556673047599,0.0,0.0,311.2253280171187,0.18622612936112848,175.36833738524763,142.57457892825687,154.64155606136495,153.2944540089888,129.2209131658721,146.518501697602,131.12117803659305,143.35539713174916,133.55699524489586,151.2675931057421,41.637168281286414
1724,1169.5938214386167,1530.7794703677378,0.595660664239413,-0.5997552260690513,-0.12208125025019834,49,0.0,0.2607845618519771,36.76543069376261,-3.9135991448520095,1169.5938214386167,1530.7794703677378,9493.46191836671,0.0,0.0,311.75614220995936,0.18643442123046655,810.4782513793932,899.8227871373238,947.20932296797,988.3309099588477,937.6934261288895,970.3877002616405,885.7933265646201,954.140434843983,967.6186845284662,923.0828458875329,208.904228708042
1725,2156.6693267498877,1530.93457779184,0.3021351164878599,-0.5680821936754257,-0.0960662277097484,49,0.0,0.017516097137350622,3.3028709072288733,-1.2972289990379693,2156.6693267498877,1530.93457779184,1232.574192073132,0.0,0.0,311.3448604753096,0.18649843924585446,117.99253334795932,109.28883916053802,113.2208758633821,112.00159005370296,126.29055315883943,133.10677235630686,133.6585838086077,124.33956629947737,111.23974932017994,130.20813043638813,21.22699826775006
1726,2363.2322783262816,1530.8118379087412,0.6380557753257863,0.08404076844230984,-0.22256107022968205,49,0.0,0.010269394290179704,1.0023069874542936,-0.0025018949912231706,2363.2322783262816,1530.8118379087412,921.1138733398795,0.0,0.0,311.2587941305303,0.18644595494554125,88.41860868878261,84.40470335079874,101.22269152019257,104.61310848318328,93.74153102771507,85.21690021163981,91.573441868088,93.2037139845294,80.23784007063931,83.50564768381403,14.97568645049681
1727,2598.593761999587,1531.105516768163,0.6086705320655605,-0.09459113283094527,-0.0702969019143288,49,0.0,0.02894289470482674,3.6169541241481142,-1.3958575009919139,2598.593761999587,1531.105516768163,1216.8199029315977,0.0,0.0,311.1607303795408,0.18656627479010832,114.31578907354405,110.93166255655477,112.93047914182256,120.23900835760057,132.37846515346303,114.38734360086983,105.93455145316469,115.64991068535764,135.5374579555431,129.09992261197382,25.41531234170355
1728,2760.2828404010743,1530.9938251301392,0.5034599015874587,-0.5083270282823777,-0.1580732986549263,49,0.0,0.011997093140086509,1.4807446796723176,-0.4262004522304431,2760.2828404010743,1530.9938251301392,912.6231818920584,0.0,0.0,311.09336373823305,0.18651801713852337,79.10611319127982,81.9194896323005,82.04520593726838,90.6251538639176,90.13715641665135,92.89387787837393,92.90659038714774,94.52168858460855,87.68175570560891,103.33922294555619,17.446927349345366
1729,643.9913021502836,1531.553395717103,0.44131992671085296,-0.1933924664955041,0.2476024878918481,49,0.0,0.019662065957665543,2.887659267940945,-1.1513648673417218,643.9913021502836,1531.553395717103,1080.356849310003,0.0,0.0,311.9751385592587,0.1867532874263425,103.79840405040464,127.28643938638136,103.60377988474379,96.23504575955303,119.80705129213362,99.0040022672951,94.31359847887332,105.97702020247856,109.42290413979727,102.30483304578014,18.603770802562373
1730,1175.4170312259032,1532.5418658420706,0.5650601937993786,-0.5880048217292394,-0.0857680254292833,49,0.0,0.37161476864542775,55.132514003897406,-4.353519491134989,1175.4170312259032,1532.5418658420706,9665.14977108512,0.0,0.0,311.75371589205776,0.18716877355826805,838.1836346585143,892.5098021311144,965.9783865505635,1001.0173210913382,952.4610046953569,994.9406734764767,923.7186448879554,947.1236581269461,989.1114807155352,943.2518041505479,216.8533606007722
1731,1659.9614123059603,1533.124509178463,0.766824251442842,0.02384921115537866,0.14029134885129874,49,0.0,0.02306809223414947,2.3958424668116653,-0.9486456465181179,1659.9614123059603,1533.124509178463,1164.8074389121527,0.0,0.0,311.551821912677,0.18741241833522843,104.21828702977388,117.8534384788263,104.32323694867534,114.1725978124273,115.01159726132752,99.81661260087913,122.79830962381925,119.53791091243102,126.78881421883999,108.0858471023601,32.20078692279289
1732,294.80928789422785,1534.2060839643664,0.20293792871767038,-0.8099721162387458,-0.028807729776244156,49,0.0,0.05690889966529163,1.6779139018533753,-0.5619241806993673,294.80928789422785,1534.2060839643664,12690.018219025078,0.0,0.0,312.12062193757527,0.18785462360710173,1086.6973989817643,1228.998697738672,1222.4109854692563,1278.8506583477333,1243.5979480960013,1224.271792394275,1334.394662907612,1249.514176746543,1273.3609876826763,1304.4947132293569,243.42619743118854
1733,592.7614851149635,1533.8619878341635,0.6637465728508233,-0.29690558193058714,-0.07851285327766169,49,0.0,0.11067567470285558,15.110342101559736,-2.948185742438856,592.7614851149635,1533.8619878341635,1993.971361501131,0.0,0.0,311.99648336450167,0.1877146778457394,187.4472296495137,187.1575281634806,181.29398318941702,206.351216603889,184.57935448496687,205.5456072764907,199.55588560983404,214.2918511912175,197.9303167330997,197.48777638215722,32.33061221706481
1734,668.7721807541757,1533.352313285233,0.550512691685526,-0.29075791174795845,0.16036946546194658,49,0.0,0.02752224271852497,3.8559945914210814,-1.465341040179144,668.7721807541757,1533.352313285233,1159.4090179730533,0.0,0.0,311.96481364546526,0.18750305008387824,89.77728632978562,107.69807982208326,116.68393317759619,114.67988515802682,131.28969104484452,113.69459563398345,124.34197957717049,96.33031944465972,126.09225304377341,113.7583874367441,25.062607304385608
1735,1533.2039122074887,1533.609270373548,0.21637660643135542,-0.7296572044939716,-0.5139403930203371,49,0.0,0.012575230654099536,2.348048545984784,-0.9267676793045301,1533.2039122074887,1533.609270373548,1116.8681806628294,5.011242620434659,0.0,311.60463781051106,0.18761439717271614,87.33396221880281,107.0614929790274,105.09740315012101,130.11114954892332,93.88567538932318,108.01211931554855,114.89380281143679,98.71040468583324,145.10075463525902,103.14491210730387,23.516503821250367
1736,2650.9947355542968,1535.1653680129302,0.3990553360475548,-0.07447863076611912,-0.014710543942729274,49,0.0,0.037227141829821724,6.021521013607152,-1.949265515678193,2650.9947355542968,1535.1653680129302,1466.7260227789077,0.0,0.0,311.138897690662,0.18825730016023978,131.96621031614296,157.0768017188259,162.06832570543816,153.1668976814119,134.00733818006523,120.66829182083774,160.28706612519818,147.2791913011,145.79796230276216,131.85800698818448,22.549930638941003
1737,995.9913322713827,1536.37844752539,0.6496827191072233,-0.2973976739917331,0.018504274188317692,49,0.0,0.13675920973501227,18.68590434467414,-3.178785303282916,995.9913322713827,1536.37844752539,2452.376347700765,0.0,0.0,311.82847595776036,0.18876641916358955,221.75884833500896,244.6555637547975,236.9631811339092,242.84444408636705,233.7101944389828,243.00771963607338,265.03464660998253,231.14509696876604,254.11979484060282,247.0756952846408,32.06116261163406
1738,2474.6752510829083,1535.8154970115093,0.5419869394960094,-0.5235939389776472,-0.23129663674311862,49,0.0,0.049586169546554586,7.023103221753219,-2.11632262871849,2474.6752510829083,1535.8154970115093,1476.7513244285929,0.0,0.0,311.21236091630004,0.18852987095369317,129.04075983522876,139.70791005794663,136.29257356896733,154.71819780575086,142.6377991883343,129.81325208067838,164.03332110629628,159.45691128861498,144.54388182710716,145.16004299874575,31.346674670922532
1739,2568.625992747476,1535.843029294668,0.7131969245713766,0.2200751984153194,0.0626322209155753,49,0.0,0.01121801577995262,1.0653497444910405,-0.06873051513505626,2568.625992747476,1535.843029294668,960.4338736985287,0.0,0.0,311.17321632414706,0.18854047962351297,99.25443645815241,92.32943273040634,97.21635039999833,89.17344452673885,91.55297958865401,97.52955444220285,90.23448246826803,84.06208453559451,90.8774124618343,108.55645278500873,19.647243301670265
1740,303.86527999633205,1537.2328351978056,0.28241685964500984,0.1476382744876084,0.8106494452955467,49,0.0,0.1283414542888152,2.2879139112977382,-0.8985991974268709,303.86527999633205,1537.2328351978056,33403.01628445739,0.0,0.0,312.1168489702325,0.18911583066448803,2911.574580368206,3198.9879987391614,3244.9917822652355,3262.1772776314615,3322.2927502395737,3326.8647047574923,3410.4301477928675,3382.2418712104086,3330.318849776196,3325.9237900978237,687.2125315789677
1741,2128.7966578232736,1536.9630408527628,0.783736241172483,-0.29038174592190696,-0.2460618672124559,49,0.0,0.023393217908198274,2.443063040610064,-0.9698366840482575,2128.7966578232736,1536.9630408527628,1058.7926282418823,0.0,0.0,311.3564739304869,0.1890104287901243,92.83340167994987,117.31378264659784,108.9241040653205,99.42597723154614,112.09357667571041,126.60534562305091,98.0844238995459,83.07905650430823,109.84910666519767,88.98541388304838,21.598439367606378
1742,2289.357610992765,1537.2302183504185,0.8818909938030628,0.07610545848593889,-0.10382959354704745,49,0.0,0.018617631947702915,1.780236468712476,-0.6261942336318514,2289.357610992765,1537.2302183504185,957.2723437563386,0.0,0.0,311.2895744923104,0.18912077461773805,80.1123951356313,80.2064427735393,129.89265245788087,90.20205381758302,99.57787503460213,102.08397605450796,104.63066296855183,68.93766373877452,86.63318061631685,93.32347061740451,21.671970541546237
1743,330.231955400032,1538.2006296756133,0.5385732493088479,-0.06987855552237435,-0.6139212524367481,49,0.0,0.10547235166713745,1.6974331413442607,-0.5744816931441012,330.231955400032,1538.2006296756133,23317.56243195766,0.0,0.0,312.1058637678192,0.18951939949727287,2035.3093237821583,2237.824598420942,2226.3452057339596,2313.4959577134373,2380.6156183955463,2347.3562829434013,2337.739947710149,2344.8570079443657,2275.8311472434925,2313.634511901419,504.5528301687856
1744,516.5558812680424,1538.1150278560722,0.48589937177310916,-0.31033415041708495,-0.019353308758000936,49,0.0,0.01943569610687446,2.562384883463562,-1.0216109089648453,516.5558812680424,1538.1150278560722,1112.3434258883526,0.0,0.0,312.0282340812227,0.18948593126104943,118.70221877785902,110.21002588221833,98.80013879795916,108.57841558105628,127.54719522416221,99.9418749031874,105.56414743815222,101.4445812921997,114.50180883972993,113.65679959420218,13.396219557626004
1745,795.1004876644547,1538.5484175991442,0.4602959733994925,-0.007417758844185852,0.34225553380562485,49,0.0,0.013146798128334775,1.8375972689234537,-0.6606258418241461,795.1004876644547,1538.5484175991442,965.1266164366826,0.0,0.0,311.9121787266905,0.18966914393371576,71.81818970900997,101.29134183088127,83.78897202296244,94.42988669858273,96.53067935726489,90.23847565466963,109.33673498040565,95.41096083609011,88.90706543359852,112.4521256229581,20.92218429025934
1746,1346.8936879862124,1539.3127823334587,0.20064654496491915,-0.3461364472610111,-0.043481908777300696,49,0.0,0.009018041141669588,1.598645056713207,-0.5093801227452897,1346.8936879862124,1539.3127823334587,972.5233581014816,0.0,0.0,311.68226737651617,0.18999055932699205,94.0697386283295,75.65346710904745,97.54106872726402,92.2518071676273,102.89897991580708,93.58606336636637,102.97332626620417,96.24891624748523,90.8968272851232,105.9636289438429,20.439534444384275
1747,1588.0621199474485,1538.7687510586181,0.5622820474768034,-0.35270692337919146,0.03493937301447922,49,0.0,0.025510166473659165,3.4303264565433835,-1.338338632125,1588.0621199474485,1538.7687510586181,1149.6367654371297,0.0,0.0,311.5817801070697,0.18976420201196786,108.35527233671039,105.81667582364256,114.63492703828305,121.61762838026021,111.41491590196208,114.45550016164219,106.2110919533428,101.40410618335497,108.3585733364403,126.06408528086166,31.303989040629673
1748,2278.5579248329623,1540.3585354540123,0.7020820678527,-0.7438848726529219,-0.05753202083924629,49,0.0,0.019669295242115237,2.203346420317865,-0.8577069607670108,2278.5579248329623,1540.3585354540123,1029.8809468947195,0.0,0.0,311.2940742502458,0.19042429779042994,92.13165172233651,101.0601913362471,115.76005453145326,111.41269257422034,94.51609925921656,89.28330104725563,105.93354913122698,77.1480401728306,108.8159453019473,113.86507605164013,19.95434576634501
1749,290.73625018718195,1542.793994181638,0.5708575326391905,0.7808766546345783,-0.485363460685496,49,0.0,0.07518949830517153,2.099401146117173,-0.8052385748979031,290.73625018718195,1542.793994181638,16766.425336692584,0.0,0.0,312.1223190202413,0.1914327035823401,1513.3167225100465,1601.5669512413033,1573.6750892053153,1648.6060941972141,1628.9750474195237,1708.1557643022627,1707.4764516507455,1666.2240126690776,1680.2316564458251,1729.692268185495,308.50527886577265
1750,680.0599280206665,1540.9366286049906,0.814103697364848,-0.3804134789644297,-0.25786317319416846,49,0.0,0.011949078113017191,1.092345744737065,-0.09590030303196895,680.0599280206665,1540.9366286049906,880.2547383838123,0.0,0.0,311.9601106856785,0.1906632136551612,86.51987544373202,97.76017279861571,103.88626858437334,78.48859915940989,77.36961148174964,89.13938684193627,80.01733389343785,81.55993787836056,84.06886475281857,86.20034664577534,15.244340903603144
1751,723.858692490789,1540.882226082688,0.5595293149901991,-0.36588014567210464,0.033450822285442466,49,0.0,0.04167345063540058,6.06067504341069,-1.9563024974211054,723.858692490789,1540.882226082688,1393.6259744917265,0.0,0.0,311.94186187995314,0.19064094321203218,139.6966194163226,136.62619200987297,132.84875340867117,139.21375938717645,120.5696096518906,141.67803428694535,134.67383294228455,135.63594456079693,140.91811339289922,140.0892128920833,31.67590254278354
1752,2418.084754136542,1541.5846175365114,0.8267997343605031,-0.29562115451612014,0.17574635354332122,49,0.0,0.040984640666599396,4.280936763223937,-1.5788470315188865,2418.084754136542,1541.5846175365114,1223.1807568125355,0.0,0.0,311.23593946876946,0.19093410545388093,106.64220141741444,118.68462901204116,112.17729813638702,111.76314839087094,115.04877506895949,135.21022847203378,114.13806565242689,117.2649383492034,138.60357589349,131.57131706060943,22.07657935909889
1753,468.5301984738043,1541.8772033085663,0.5488895596683808,-0.6456790178783082,-0.1509086546749442,49,0.0,0.024243860611119907,3.0079500359820326,-1.1956765451601203,468.5301984738043,1541.8772033085663,1243.2484113051528,0.0,0.0,312.0482436390616,0.1910529177662853,111.78164536504161,115.46132882465103,117.26917268508072,101.34931063427722,133.88569112054748,126.89610448911904,114.48966077649328,137.76960417502647,130.68789911282897,127.82515506265274,25.832839059434193
1754,628.4419031202476,1542.986680683115,0.5695723786049711,-0.3455162671134906,-0.0442429128627532,49,0.0,0.2929714584567643,44.767531329803674,-4.127407865542919,628.4419031202476,1542.986680683115,4692.666422895249,0.0,0.0,311.9816173171772,0.19151688804698036,431.4868628079044,483.0820508227855,389.16317863619156,452.81125237891445,473.0482299707818,481.79722167243506,462.66775638385354,469.5610087534673,458.95801045693713,512.2444293977051,77.846421614272
1755,3040.906164681357,1543.2495869787915,0.42077821944173766,-0.8377787650219684,0.6112761211656254,49,0.0,0.014295806421753708,1.5906823323935866,-0.5039586435485337,3040.906164681357,1543.2495869787915,1253.1997769980064,0.0,937.9312501858034,310.9764470389691,0.19162070494760847,114.72151286140355,137.374412216902,117.12632240532852,123.97967322235007,117.13273653312166,137.020147267792,126.16556795921863,109.08518706630252,121.24775789612251,118.65858179160647,30.687877777858382
1756,1421.558337683677,1544.5602430790043,0.30402129379652626,-0.19713563874922346,-0.1651770873655797,49,0.0,0.01124139074375121,1.8852507867286954,-0.6884228267362552,1421.558337683677,1544.5602430790043,1014.8240311349423,0.0,0.0,311.6511570262719,0.19217716130599966,109.7525405622188,111.95703197124712,86.9779987274503,120.04549670325116,89.76360445183612,108.78127730049212,85.35199989169189,94.70076883735327,101.7547417601239,82.19755026196916,23.54102066730844
1757,1034.8171456058276,1545.2436316441144,0.5009912217913313,-0.5893132847228731,0.09594444815086041,49,0.0,0.01149624843424915,1.4220232601095997,-0.38226675057408366,1034.8171456058276,1545.2436316441144,974.9857440558158,0.0,0.0,311.8122987996362,0.1924604407037229,85.22094747068567,90.99804798440155,84.58131844122298,91.17667612604689,111.07954242655998,95.28585017004008,101.6105194023858,88.10542871610001,105.650472505959,102.76777053352399,18.50917027888983
1758,993.9410127410478,1546.400917113389,0.4117083344958795,-0.26125903291417424,-0.07652836613830144,49,0.0,0.011449429021298476,1.3756961451323504,-0.3463063008374707,993.9410127410478,1546.400917113389,1191.80030416271,0.0,0.0,311.82933031482,0.19294239436444163,93.26739071813148,117.64509784836557,115.82508334877961,103.2974315325956,113.32272018872838,111.99771257080708,122.64941114720136,110.64984952732479,134.7351335220955,143.13606126355998,25.27441249512065
1759,2291.4952274162592,1547.1481231812008,0.6286772851351207,-0.06102489004332102,0.5973993305352039,49,0.0,0.011438374139938924,1.0880034885281964,-0.0915757196694578,2291.4952274162592,1547.1481231812008,939.2665568553971,0.0,0.0,311.2886837583659,0.19325316729438038,87.15784377168711,96.29569575375915,99.98512197222064,99.65585727327596,85.98621398580917,93.03095238332591,77.06656544679107,81.1458848751966,96.29046100612094,106.65251084723168,15.999449539978889
1760,2325.499198509972,1547.2859355843184,0.4984170826019756,-0.03520325617438725,0.29454633530402186,49,0.0,0.0276288926357356,3.931153556335477,-1.486300020747543,2325.499198509972,1547.2859355843184,1178.2724954242626,0.0,0.0,311.27451573206775,0.19331034227996302,117.39630334738247,116.64670933917108,119.13722184692368,115.58078800305836,125.11426187328439,113.8855512013215,118.52525379938137,104.86265546408384,94.7449888501628,123.93158477523255,28.44717692426064
1761,831.5972737625327,1547.6783384859727,0.4822940808744488,-0.41178778203351857,-0.1554427734300717,49,0.0,0.04260774804565954,6.702924832136611,-2.0656608729019905,831.5972737625327,1547.6783384859727,1436.8972451936097,0.0,0.0,311.8969722290808,0.193473505659877,146.57856527777977,139.411969166958,141.96639664485096,153.65084792333158,144.1494683666385,128.56140731073108,137.11285290300077,133.89920903580554,139.93967341274953,152.26231591281254,19.364539238951473
1762,2854.2087737394554,1548.1970059669784,0.5790295343050466,-0.6377338044862279,-0.03540486438561097,49,0.0,0.01609874472037366,1.8011380536745503,-0.6388675047740587,2854.2087737394554,1548.1970059669784,1151.8053691347577,0.0,0.0,311.0542304998249,0.19368459189100556,101.82663402844116,114.8003510980529,117.09137092216183,119.90636174149986,110.4486240219388,126.79652888234247,109.57529142892055,102.18920280760616,110.07513045623193,113.63028653349384,25.4655872140682
1763,732.2049201525512,1549.3208767751782,0.6271232861443472,-0.1937569957018365,0.01566685375495721,49,0.0,0.30497294288294546,43.8870720620575,-4.105841519342555,732.2049201525512,1549.3208767751782,4623.557789939385,0.0,0.0,311.93838448966005,0.19415705041261458,412.38423871387056,433.0053571570311,440.2162275126851,471.9133080831083,461.26794928830407,461.7455903910267,465.3254731547134,445.67135338980836,457.3027129362863,484.74757174967834,89.97800756287398
1764,1508.265711238823,1548.4824707141936,0.2916465661929394,0.4976199896921304,0.21628507337222547,49,0.0,0.014679077051195474,1.8799326035083628,-0.6853556996896758,1508.265711238823,1548.4824707141936,1309.4300213891215,61.12078191021324,0.0,311.61502879416787,0.1938115416858369,116.68830666318289,111.84830023213337,124.31638476416882,136.15303100768097,145.57812223043882,128.98810003387285,126.69802509617207,131.67158045096426,126.99882618304034,137.08718655890442,23.402158168562757
1765,2005.7171006636588,1548.9589937296105,0.32691357114023994,-0.4224377407793979,-0.23994390361363366,49,0.0,0.016459283092947582,2.360147859150584,-0.9323480290372316,2005.7171006636588,1548.9589937296105,1166.0379200013558,0.0,0.0,311.40775670319067,0.19400929414599333,111.0590364026568,113.87078680862656,123.32382948960093,115.6728822060375,110.59327311408141,117.54086695821141,119.59067475244836,102.55300329181102,108.57510371822202,124.43824048800886,18.820222771650865
1766,2958.8528549403386,1549.8813758960391,0.40223255277789033,-0.3661262782601114,0.4446161775934613,49,0.0,0.023738838574284115,2.9235064029299513,-1.1647601233656157,2958.8528549403386,1549.8813758960391,1423.3416628394666,0.0,0.0,311.01063246224294,0.19438497858849085,112.80548169187847,129.47475750856307,124.51513982516505,144.1367631787757,144.22075596254933,152.75005169524724,154.13192662677466,128.65874862903328,146.62215031048117,153.51293279928166,32.51295461171705
1767,3103.1275664483405,1550.710503937209,0.43850927778172727,-0.37724709710568827,0.06867881418465037,49,0.0,0.05451403344246798,6.495769398513765,-2.0315764973521064,3103.1275664483405,1550.710503937209,2942.742664285145,0.0,2183.4929284487916,310.95052415341615,0.19472830653702494,209.37403704508637,271.73618323721354,278.3845728006163,367.01302152446794,335.08415657061823,254.58351896262363,300.8622228702576,308.7375377735906,244.69629008887193,318.1435014821292,54.12762192966932
1768,2128.749556146874,1551.1298880103425,0.45999089212043415,-0.36999907330130233,-0.054902462231319275,49,0.0,0.1111365005813012,18.43143546952106,-3.163897900203812,2128.749556146874,1551.1298880103425,2589.2064543073275,0.0,0.0,311.3564934707179,0.19491323746549102,207.87893722621124,226.53853451745562,271.21692809014337,241.07488301509298,264.04115538018635,258.06704089632035,278.936254072653,261.2351996531882,264.86074036510445,260.41288973394035,54.943891357031234
1769,3032.5733806892144,1551.1552662232311,0.27923287431928956,0.16746537124166266,0.20896198424256401,49,0.0,0.016393285057844466,2.480796379592203,-0.9864777985799913,3032.5733806892144,1551.1552662232311,1296.3789696271147,0.0,747.7265416257716,310.9799185436845,0.19491468011779578,116.07245158881074,121.42969858119497,129.89654350144775,139.20983046241417,113.93162868183737,122.89244699056208,129.9415680967514,116.06432297383859,135.28504757336063,146.21969022325948,25.43574095363745
1770,456.1612189191019,1551.4643769630757,0.5346066818817703,0.06568127098649794,0.7984014292964422,49,0.0,0.011720902226405457,1.1933610637430252,-0.1919296596093792,456.1612189191019,1551.4643769630757,1025.9010929138167,0.0,0.0,312.0533971806934,0.1950472922948948,92.00369594671666,100.78084917513019,98.82398206589848,88.8675786146693,89.43801282894026,101.78128086063563,114.09336139056538,104.08071811544033,107.68240546602851,106.09984104410125,22.24936740569065
1771,337.3996382998408,1552.3311130601826,0.8346838342433255,0.6639527725175249,-0.6523661815490567,49,0.0,0.09606857417104328,2.230630016054323,-0.8710688547649054,337.3996382998408,1552.3311130601826,17881.570429900108,0.0,0.0,312.1028776740273,0.19540694257151212,1574.4058900864843,1715.2532544573796,1707.7955198386733,1769.196585112943,1806.415646386523,1779.1344339821494,1785.029706209248,1727.1835448552672,1838.9084731309772,1786.03403539249,392.2133404479733
1772,898.6373833848658,1553.2847207737082,0.29030550625331925,0.23631364171633615,0.28002046390631447,49,0.0,0.009254643971833296,1.3039656975361547,-0.2881654172038849,898.6373833848658,1553.2847207737082,932.071148427669,0.0,0.0,311.8690395371392,0.1958099719613753,70.48274523391844,90.32152684031038,93.23531373332256,91.2815767373271,93.02820090487572,96.8341521690678,83.71760170595036,107.45570848328398,87.60955387402264,101.75164519687604,16.353123548713967
1773,3049.595971657143,1554.328370101585,0.6276461761228788,-0.14263915722118453,-0.019511806144011646,49,0.0,0.015423943029337334,1.4752742583004423,-0.42218191145401146,3049.595971657143,1554.328370101585,1120.9380862075673,0.0,952.0634585704233,310.9728264828385,0.19623648041471964,105.43090884531762,101.57443822670453,104.90652744575594,100.29581877895015,109.34615835109716,124.19634620672079,120.74769157905043,108.99375697234186,106.42146440219614,113.30577707740304,25.719198322029534
1774,1725.824863555332,1555.364554393361,0.5267915575708568,-0.5589521083808516,-0.0437637119408166,49,0.0,0.03142819084352226,4.364690541642897,-1.5998836436886654,1725.824863555332,1555.364554393361,1263.3116185767067,37.22900074636799,0.0,311.5243786456242,0.19667903810800197,123.15618808633279,118.24222382453874,123.89463295697328,121.00746071378182,126.18095892101573,134.31010379679435,119.10361299069865,128.82357541855626,133.02894118834593,117.36067403701703,18.203246642652026
1775,922.5710374287196,1556.0508139891936,0.28231620117381834,-0.36899669703424043,0.045473746965979,49,0.0,0.011349626473076075,2.0711318386796185,-0.7905193623817109,922.5710374287196,1556.0508139891936,945.5115585985392,0.0,0.0,311.85906739604377,0.19696266764878337,88.08793390666484,82.8870371844935,83.76640934634473,97.36403756332541,104.32365931553022,117.18277534000026,83.11306480047092,115.24959231047674,86.75584608289834,72.92408634204268,13.857116406291517
1776,1453.9856512407503,1557.1125752669925,0.4770719269570066,-0.2477465786098698,0.38969446715801914,49,0.0,0.012438847400252941,1.303163957475666,-0.28749764969470565,1453.9856512407503,1557.1125752669925,1250.339640945936,0.0,0.0,311.637645610681,0.19740734969307405,117.12963337757928,114.51520560788917,127.97203111465103,128.6603319610566,134.8114822548908,108.17882729085886,129.60322721394016,107.14897411756482,128.35033132052686,125.51910433987922,28.450492347099363
1777,2681.5046380316094,1556.589930128946,0.4989301111160028,-0.22888897419394902,-0.10668425470823005,49,0.0,0.07372031702011966,11.493981756861833,-2.6511762587254206,2681.5046380316094,1556.589930128946,2002.619812924792,0.0,0.0,311.1261856638187,0.19718360007453176,195.5270389752246,182.42313097890943,208.29257969805678,179.25323611974562,179.83556092822596,216.76492822015436,204.79563046826325,193.82486241442777,192.13523001868214,207.84724251830207,41.92037258480008
1778,288.69592241499333,1557.5230845773995,0.9596717165680428,0.17281935141834853,-0.03986121071789049,49,0.0,0.09106567506883133,1.4092949477321832,-0.37250473750609353,288.69592241499333,1557.5230845773995,19530.779327532793,0.0,0.0,312.12316930441307,0.19756951743655504,1788.8954086087263,1839.4073967383363,1866.2233246345631,1966.0365051905014,1976.6833281663942,1935.1333601735882,1974.5884094482078,1950.7326527512791,1928.052483669318,1929.9070182423557,375.1194399095215
1779,519.9491021539706,1558.5654068294725,0.7345167088918698,-0.39493775060230263,-0.03142000074397479,49,0.0,0.07099713603498391,8.59597912729033,-2.33573838067298,519.9491021539706,1558.5654068294725,1641.6848642745217,0.0,0.0,312.0268205709831,0.19800669498771967,162.92005375950401,151.93561474477198,148.20075015774043,168.45075444993688,173.12969759170792,147.75862134504223,154.21311738795498,162.1690051204971,180.73495178131478,158.98812237171217,33.184175564339355
1780,283.5341082472379,1559.1915429678445,0.3323498176605101,0.9014677046188069,0.331619024409317,49,0.0,0.04451349479973821,1.9019050001457671,-0.6979720505060234,283.5341082472379,1559.1915429678445,9273.517613003078,0.0,0.0,312.12531990154883,0.1982646056037894,829.9367753334748,875.9060136275505,854.8542920096044,942.097950572241,979.935035009271,913.5547185582762,966.0341184337218,883.9735544097032,906.5909032727059,941.8143878544709,178.8198639220574
1781,2724.7959552535585,1559.1554908037815,0.5076419013342065,-0.27000565753516065,0.018102762950622058,49,0.0,0.09255759873386647,14.00864546996036,-2.8659903608123565,2724.7959552535585,1559.1554908037815,2310.7281316960225,0.0,0.0,311.1081486361318,0.1982520501033748,221.3787436303404,216.8211906877098,240.87197329008274,218.83881863699395,229.86674909305077,229.1072807932535,244.84838885266547,213.85101518825817,226.8940093448106,229.1840965996679,39.06586557918912
1782,2370.9777501954154,1559.7511553955653,0.6619721524313379,-0.526817102449405,-0.012459953269173067,49,0.0,0.030824751785284737,3.7231803842191273,-1.427285194610724,2370.9777501954154,1559.7511553955653,1215.3520471283866,0.0,0.0,311.2555666801227,0.198503754088285,124.89498765738104,118.73373683941685,97.49218721816138,121.73207788565344,118.11586792201095,105.62477778512888,117.15323999184966,137.97537913678883,115.82662622879434,126.7673338237548,31.03583263944631
1783,1074.6497006886311,1561.0470130898364,0.625618744449763,-0.30576794288010534,6.581887707181693e-06,49,0.0,0.044604544673663434,5.795609414205512,-1.9077477730144605,1074.6497006886311,1561.0470130898364,1520.6274204493604,0.0,0.0,311.79570216564787,0.19904535530347006,132.6013776980766,165.4117432247412,145.36936691027944,125.8196391567088,169.22816647093424,133.732969672743,160.26865952551938,178.00262312220252,136.98581166345542,141.9939480670851,31.213114937614765
1784,1658.7592609938297,1561.2473239001201,0.32705805823077305,-0.6677238999587336,0.3596499131609103,49,0.0,0.018571583407408297,2.9698920716103245,-1.1818516674380113,1658.7592609938297,1561.2473239001201,1128.830546846827,555.6941063435203,0.0,311.5523227929133,0.1991302556499712,95.05025941954153,114.29783391506226,104.88541891402458,114.28760563918168,108.70845448647573,115.68121074313558,117.50610480649331,115.72181107614772,94.31420036744889,117.44340157443881,30.934245904876896
1785,855.9173467457523,1563.2984107602422,0.5374853511350774,0.4737892314059582,0.25158383478493646,49,0.0,0.010134209712487581,1.149574828261982,-0.15134311418414637,855.9173467457523,1563.2984107602422,935.5912230832173,0.0,0.0,311.88683924776,0.19998196129484774,95.4827499195928,80.47392419477363,83.23741202078972,107.51130110029587,96.36376446452205,113.59520393350648,83.57949044997414,89.35090609421641,90.3944089440688,78.64399295351927,16.958069007958187
1786,2799.3002772504506,1561.5411862399096,0.5589993790330702,-0.0729290986713883,0.34982588090152533,49,0.0,0.022611908408087807,2.8538526746827655,-1.1385788740981233,2799.3002772504506,1561.5411862399096,1159.6761615822352,0.0,0.0,311.0771071672534,0.19924514473705976,97.98396213300322,126.0907722098553,114.35788878238131,112.59231650963241,138.856349449086,120.63175998495487,95.58843181586097,110.65357635588657,105.29481085908262,106.17737726757474,31.44891621491718
1787,2311.42779610219,1562.770546362052,0.3751084740650098,-0.21394877546350322,-0.004866719390978284,49,0.0,0.007944133343088092,1.01771160665431,-0.019061818815804408,2311.42779610219,1562.770546362052,839.4451252442841,0.0,0.0,311.2803785640521,0.19976227977892427,84.06865703227557,86.56981968499119,89.43317091598931,70.41008131545678,81.5947675414476,79.37839947376267,74.11262476248098,80.87202139049253,91.21738339831559,91.7731955971397,10.015004131932265
1788,1325.1418809543409,1564.1404231983051,0.5923093068947887,-0.16250574201329546,-0.09620309872310912,49,0.0,0.050240697506229184,6.940294210104031,-2.1034447031963572,1325.1418809543409,1564.1404231983051,1569.9072074832593,0.0,0.0,311.6913307227385,0.2003353298132042,130.4975483286554,149.8371049185506,151.8070251039654,156.79202122339896,140.23020764174868,154.38231054184527,171.74992351042914,163.1387483453292,173.0246105369186,143.22507561299463,35.222631719423305
1789,1762.1542476500442,1564.0493601098187,0.5245740025642571,-0.2994431021813092,-0.08606640801138882,49,0.0,0.0233319023419575,3.5353869967955194,-1.3710924006177647,1762.1542476500442,1564.0493601098187,1090.4711198031155,0.0,0.0,311.50924131445356,0.2002976501150643,102.55686407420731,131.4176784326926,109.42944521560372,108.57595816069582,85.01119523883786,107.89417952180159,122.1892249479578,105.06586914145682,90.92365729748407,106.10575025559129,21.301297516786676
1790,3027.614391858631,1564.492093237249,0.43571614779138723,-0.7547914830000839,0.11258955350985615,49,0.0,0.04495432297280735,6.4414197167597695,-2.0224539957293928,3027.614391858631,1564.492093237249,1884.6882997688067,0.0,903.4632624758849,310.98198436066934,0.20047146465521193,167.54157711754357,160.6652449356763,161.1976626987016,183.87918300154223,201.02041780207213,197.84844593574456,197.90502518821987,208.5224444679086,189.01511557647,183.68315254266747,33.41003050226011
1791,274.9899712877378,1565.0122706008265,0.7255291598864742,0.1584120317409529,-0.20169983652085044,49,0.0,0.024141600211153788,2.109204508810203,-0.8102967276106587,274.9899712877378,1565.0122706008265,2067.437791187364,0.0,0.0,312.1288797390484,0.20068967756883252,192.47424067062963,229.5858993224698,174.3443170387916,199.046279192941,207.78423381336935,213.84234432559896,185.7980207510763,208.21342377715322,214.69033749029867,202.5431578040942,39.11553700094114
1792,335.4300892307099,1564.7609213102132,0.8864058027064364,-0.9936490305418401,0.17841296589856911,49,0.0,0.08725188958072493,2.519315823158264,-1.0032065359120952,335.4300892307099,1564.7609213102132,15719.044314435298,0.0,0.0,312.1036984340341,0.20058578396942667,1351.5625690359634,1520.320065534797,1536.5913543288493,1555.2198143516202,1584.6712825963089,1536.0319856771605,1553.3803177381967,1584.1344090188543,1599.5062990916235,1558.730105555217,338.89611150670765
1793,667.8691569001966,1564.9286830138076,0.6712864676160658,-0.3298304273357263,-0.026449122932587964,49,0.0,0.10169279843912027,13.857492278431316,-2.8542116131755706,667.8691569001966,1564.9286830138076,1878.923706398206,0.0,0.0,311.9651902256719,0.20065955796773052,155.91229704944487,177.25459450200796,168.92124204635837,196.94883851165486,192.39265787593393,168.66386756990528,190.06618964854263,205.39777483780972,193.24617562093476,195.62533071020732,34.494738025406356
1794,1877.9081805256365,1563.9542511011825,0.451660377244353,0.7459162300217466,0.1204430698492446,49,0.0,0.01296606936733968,1.7060116963238534,-0.5799550108529328,1877.9081805256365,1563.9542511011825,948.7972366673448,0.0,0.0,311.4610103421454,0.2002577522663741,104.93275226880478,90.19107423082926,103.57377500684223,95.46629221644395,75.28435544699262,84.8520985197501,100.26370456934748,98.3654882409385,95.936823100223,73.50491942621852,26.425953640954376
1795,323.17074730179434,1565.840109853075,0.4287194375477951,-0.08988088463014901,0.834776795448463,49,0.0,0.20798447800773856,2.168985494191252,-0.8406416188393551,323.17074730179434,1565.840109853075,47946.81745895161,0.0,0.0,312.1088061035063,0.2010352611322823,4175.832036226806,4565.2557267903585,4617.430121577349,4696.9173559455185,4815.776078385897,4750.455048633075,4851.272409162964,4854.332183948408,4800.601977614633,4885.879652054804,933.0648686117988
1796,1746.9055824736374,1565.513466907071,0.7019478131576401,0.10331105099642895,-0.4722677934252337,49,0.0,0.012822099991092966,1.2178324764469421,-0.21396887846285892,1746.9055824736374,1565.513466907071,1021.8716375184973,3.0,0.0,311.5155949531231,0.2009077191067444,93.88945364726244,119.33772068525346,95.70643822067231,114.03778471854267,84.16975178895078,109.73508068000828,109.2506514720852,93.6586166315989,105.608513717063,83.06031641350866,13.41730954355166
1797,3097.1936888593873,1566.4720512971185,0.41104735428092615,0.4122949996515606,0.6744444109679224,49,0.0,0.02093112937840148,2.109773459300484,-0.810589561635594,3097.1936888593873,1566.4720512971185,1690.1275887699499,0.0,1407.7914655027816,310.95299605369024,0.20129531997460154,161.8721245165165,137.0595117347173,175.24798275380357,146.80773376089238,168.36278311541975,188.6501593879243,169.33869926859836,171.53472708792617,144.24178401699285,199.51054123170155,27.501541895457013
1798,320.1074345700204,1568.7684399366985,0.37492268123400374,-0.17874036096842355,0.5003906555317871,49,0.0,0.19501559590808232,2.942632952633823,-1.1718402351105162,320.1074345700204,1568.7684399366985,44650.584835250294,0.0,0.0,312.1100824239631,0.20225530405882075,3950.8890779939325,4306.347586344676,4396.060851606957,4263.212000123212,4435.878625524883,4459.55962912941,4447.689805420306,4527.986203452715,4442.614613888847,4575.460429790958,844.8860119744039
1799,1048.5573433160487,1568.6451414570201,0.5103664462466327,-0.29151801115947645,-0.1577193436716112,49,0.0,0.030807202756793748,4.5281797692768,-1.639809150162971,1048.5573433160487,1568.6451414570201,1203.2541051140258,0.0,0.0,311.80657392716336,0.20221106839446726,108.82400183925652,131.81033457247275,102.03993759856874,122.33298089469386,103.04332160169992,115.09396677778004,131.4363612127006,119.80218520941112,134.88865372347195,110.37842472760198,23.603936956368315
1800,1363.758351021649,1568.855541915007,0.3306743038076594,0.053635377867283465,0.15147469303012392,49,0.0,0.007894832440291644,1.077032074446749,-0.08057159238565563,1363.758351021649,1568.855541915007,872.5258662963884,0.0,0.0,311.6752404976984,0.2023000643378959,83.74741729698722,82.56630159012012,89.35503852518792,87.25883749044056,93.12557917968438,83.57738209683274,93.4117730746918,98.25395090858214,72.91142008383544,74.61323515661374,13.70493089341215
1801,2237.833584901464,1568.532959898804,0.5013674554473331,-0.15356379141524545,-0.011256105842867084,49,0.0,0.033654754567275263,4.669222822177938,-1.6731114989913287,2237.833584901464,1568.532959898804,1317.5206201636001,0.0,0.0,311.31104222438955,0.20216378358953396,114.22023470030774,118.36597512692177,134.96676650044816,122.47463984906696,143.95490599041068,133.23090783919747,127.47231141003213,112.32176416044878,146.42720607495312,134.40112512865517,29.684783383158297
1802,2671.0029368655382,1568.8776315174957,0.6408083780134357,-0.4450752532696032,-0.046576082078398535,49,0.0,0.016459895952717855,1.7157037103724473,-0.5861057261761785,2671.0029368655382,1568.8776315174957,1037.114446490512,0.0,0.0,311.1305609806466,0.20230343792502864,91.06068151411219,96.76156374754888,97.99901593349728,94.26877688055083,110.42470779417849,105.54241880482486,105.46750687453641,104.29541545486235,103.3339432212099,101.41622506261542,26.544191202575455
1803,3130.3250991522036,1568.853282455476,0.4148698572925064,-0.7622863946054149,-0.5893113644202438,49,0.0,0.006364201848024589,1.0284035553640716,-0.030408923506229923,3130.3250991522036,1568.853282455476,559.2079192449871,0.0,359.0698436824298,310.93919284481626,0.20228690450716724,89.65826228521432,66.09704877618702,41.73383767804193,43.01076455295076,45.3854283396353,47.760967944580344,40.98861576992057,52.97449117686093,45.65124458110738,65.88237403779156,20.064884102697047
1804,633.0402859553348,1570.1723556078562,0.6374239228246047,-0.33053006564143944,0.026863259610304183,49,0.0,0.10814055188330338,15.024329469254406,-2.9419877467283877,633.0402859553348,1570.1723556078562,2065.189713818325,0.0,0.0,311.97970170879427,0.20284401622894582,173.4285766500028,196.33821565466462,225.8686542982544,214.83847848657558,196.44795993711531,204.56877459671009,173.21842542408427,213.07991580469718,214.49870345130563,204.85925776802395,48.04275174689061
1805,1466.6898927901614,1571.0754571693446,0.7318668915317251,0.20453687887357375,0.46033945445567387,49,0.0,0.020661255062958475,1.5138405797169057,-0.4502003566772108,1466.6898927901614,1571.0754571693446,2846.696022170236,0.0,0.0,311.63235217234217,0.20322523257493064,277.9900898476721,267.6713300921274,266.9470761117746,252.32298255789848,300.0225590528553,298.67487139574666,283.101828403832,268.5831831062142,300.73101605937563,275.627631536326,55.02345400641351
1806,1541.5612974476348,1569.6906523510447,0.511307611300459,-0.15843409932410749,-0.05468204442606642,49,0.0,0.035439144967461964,5.278062787214407,-1.8061863805771485,1541.5612974476348,1569.6906523510447,1415.8467840239675,0.0,0.0,311.6011555733736,0.2026483081993147,148.05563114408835,138.06587178576223,160.6802154274414,147.223463509652,131.59878383027558,119.93449389690619,144.17292076450502,145.91570558993538,100.75798300231949,136.32855991378142,43.113155159300376
1807,2845.9539194800086,1569.7035097310631,0.358356798001837,-0.36173125488753005,0.09792588106675544,49,0.0,0.014991982551739617,2.3765715126409774,-0.9398772176037546,2845.9539194800086,1569.7035097310631,1038.133051599832,0.0,0.0,311.0576694526065,0.202645372406801,100.40199060314367,85.76414772803392,100.93241392491063,100.07369387604314,105.49565276082018,110.20203950018742,111.77811585772174,103.17458624709246,98.51461734232967,101.15121647584536,20.64457728370371
1808,154.50321627602716,1571.0496534351273,0.5042422980802836,0.158406662005235,-0.8715802797777994,49,0.0,0.015531594810173847,1.8491628558189195,-0.6674379029235273,154.50321627602716,1571.0496534351273,1176.9913219344132,46.39982865544094,747.4088596849501,312.17907785827225,0.20320334263975778,65.01332653531317,86.04548553464053,78.73560031567838,203.05882247504766,80.24078816536888,124.0794644273631,71.287661521789,255.6393388947854,147.5791456120039,58.739191164254045,6.57249728816922
1809,726.9130751965404,1570.61909322829,0.618550438330742,-0.2897761228936056,0.03048164094150938,49,0.0,0.021039537906988138,2.3787968437812452,-0.9408933840000631,726.9130751965404,1570.61909322829,1122.1452309475503,0.0,0.0,311.9405895611409,0.20303108008032758,100.8008386924775,103.45308561035432,102.13093239214567,103.12951314809428,96.32355180278164,119.78638944684042,113.75418275439125,114.54379394517662,117.92863913130569,126.61176371337397,23.68254031060908
1810,1218.8053423271142,1571.200936410535,0.4731123167616352,0.1582289059018798,-0.18664605631716988,49,0.0,0.014141837637797507,1.8552361772876782,-0.6709980112438914,1218.8053423271142,1571.200936410535,1063.9622176598962,0.0,0.0,311.7356376587291,0.2032768286975099,111.49695727394635,89.60753527479893,103.67602401202126,129.2607530254652,102.88485020164728,110.65097500874148,106.28003757511888,89.33751881239417,106.75513890107169,93.78636781103526,20.22605976365575
1811,1803.2222571213547,1571.3762446033554,0.5575074246672725,-0.17700262293995314,0.03147222091644675,49,0.0,0.3832466847819709,58.254851659717495,-4.413330251768742,1803.2222571213547,1571.3762446033554,6330.144783592964,0.0,0.0,311.49212955311873,0.20335043590603735,526.3376776770037,628.8263276422106,600.8697664648366,598.5533456319932,642.5100365129347,657.2233098620261,676.4073344305773,596.0627904495157,634.8437874975406,643.4076094657781,125.10279795854694
1812,2015.4883669180072,1571.2496174183736,0.38766522701765543,-0.6951562735575965,-0.19048846039094525,49,0.0,0.009337091870255212,1.2698398668785598,-0.25937239428790804,2015.4883669180072,1571.2496174183736,961.885860095493,0.0,0.0,311.40368524999445,0.20329696978495063,85.72460970535985,91.82313465398312,93.25634814777823,83.47012431308988,95.0449030243783,102.37084545668813,103.38162486165353,123.02113490126669,94.36668247118476,70.75678113755271,18.66967142255767
1813,2548.398668769166,1571.2327540398487,0.5475390021365566,-0.21636528320507037,-0.003673724429947411,49,0.0,0.20146900694580094,30.000437761921955,-3.692818979815823,2548.398668769166,1571.2327540398487,3883.7039535103545,0.0,0.0,311.18164362915866,0.20328603934073414,332.853722876986,378.3113362722703,326.0350204556889,380.97646542270786,400.11590618033404,377.8812087236243,435.5246358482145,411.43688053077403,378.533349688594,376.00512483221576,86.03030267894529
1814,2592.594175837278,1571.7657210733807,0.8111908644263396,0.022308391706212648,-0.2982937539606853,49,0.0,0.017430922619151825,1.5059613457313314,-0.4445345618811144,2592.594175837278,1571.7657210733807,1044.4784236955484,0.0,0.0,311.16322962946003,0.20350764229005772,84.11575633138501,108.98145173238326,103.3297981398412,104.89581141036416,113.2275786426103,99.40161434028468,108.04938685309489,102.86650324808312,95.17108538626702,110.98599794950728,13.453439661727408
1815,1918.2881332373308,1571.5251731564172,0.4365762619406616,-0.5501714092362068,0.009146323241353824,49,0.0,0.009387008163740716,1.1476286209265945,-0.14950342665250763,1918.2881332373308,1571.5251731564172,960.5399097626022,0.0,0.0,311.44418531118174,0.20341216725145445,84.59245157141272,83.36537946710145,111.60575940350441,95.47693134447476,92.39557712894486,98.76255748990317,100.6943462653825,82.96509354256177,106.76182103740845,89.25930014764313,14.66069236426493
1816,291.683640485478,1572.7033698318135,0.44165743283256786,0.5505292537453237,0.8987471514079315,49,0.0,0.05435247547203748,1.520325113590294,-0.4548411737110583,291.683640485478,1572.7033698318135,12250.046251355474,0.0,0.0,312.12192475396716,0.20389439028072387,1086.651123446982,1195.1506888268864,1162.0625671423495,1131.0168480256518,1250.7732069985707,1200.7299956865356,1285.0823439917365,1219.6756525731603,1241.3325057064003,1239.9627903133437,237.608528643857
1817,324.15302867969353,1572.790228856174,0.4585185955861883,-0.0582961118246631,0.02216510677961341,49,0.0,0.1135625753508519,2.496621835420429,-0.9933819113170012,324.15302867969353,1572.790228856174,24284.505987228513,0.0,0.0,312.108396953461,0.2039310324960776,2113.104592453472,2352.634648273212,2424.4110325958845,2365.524160909859,2435.0953835642263,2424.4977491800937,2411.5408886232676,2446.2341541505184,2380.858772042417,2470.733179590477,459.871425845084
1818,576.4587792158969,1572.8657309193902,0.4209823738896909,-0.47630800038531446,-0.20652574374481214,49,0.0,0.0330579493545931,5.473639238917945,-1.8456904254554982,576.4587792158969,1572.8657309193902,1345.942573867203,0.0,0.0,312.0032762786989,0.20396562041131086,120.7318933476887,148.26471912557093,115.48869475286719,152.21369076293584,133.85180248295364,119.80425649296626,130.41748428358437,141.5410842148736,136.84642134598124,123.40561331286331,23.376913744917935
1819,465.54359023089796,1574.0934713084143,0.526765267653781,-0.21576092846559194,0.06768241046912836,49,0.0,0.02125507542515929,2.70938063960153,-1.0821750578633331,465.54359023089796,1574.0934713084143,1183.0846316731704,0.0,0.0,312.0494883980804,0.20447587001798148,111.37006250981071,105.96234170554766,113.28277956998932,113.89377449312455,112.95774098381406,132.97344334118668,108.19074738893357,124.11615698061019,116.12688956972461,122.35998465541283,21.85071047501641
1820,540.6037464621755,1573.817386448798,0.6353259290600248,-0.08010595460639218,-0.1263986268200819,49,0.0,0.01662789223357785,2.1143925189742347,-0.8129640338246045,540.6037464621755,1573.817386448798,945.1469442063566,0.0,0.0,312.0182151236994,0.20436172878682474,85.63427293389947,94.04839773364037,102.27198482280996,78.89272592316168,100.82540202190731,95.94222336519834,95.59254492207566,86.3748282891856,80.88955265675841,97.73376536541264,26.941246172307213
1821,874.4870668698273,1574.152013557329,0.3717690608659636,0.050139817484737365,0.2349470326116703,49,0.0,0.014284312709744977,1.7922885825839154,-0.6335198455325262,874.4870668698273,1574.152013557329,1157.6671243011488,0.0,0.0,311.87910212856696,0.20450437692397852,90.6849812027192,123.9636856212017,102.32298708080663,118.55211645893885,112.91847871534546,118.70968095810231,125.3680436074163,110.29818282399799,101.31893527104235,130.23358522514428,23.296447336433705
1822,298.83479641331184,1574.7568963666706,0.45693669449310936,-0.31494082221962516,-0.5372004418102301,49,0.0,0.0899580753612023,2.292149894696206,-0.9006075370678229,298.83479641331184,1574.7568963666706,19057.945249225653,0.0,0.0,312.118945385756,0.2047500886112055,1741.297009622276,1901.9360588370305,1851.8390549445073,1795.7538817617651,1935.4427681202058,1850.3805197449044,1937.3566079856662,1902.9401325213314,1834.1167322961087,1926.7741881563497,380.1082952355059
1823,1702.9782541292257,1575.302543885108,0.33369050535493017,-0.25332778815348655,0.3939557415157368,49,0.0,0.011569662389268688,1.6298025327198722,-0.5303374709099038,1702.9782541292257,1575.302543885108,1079.143022268072,0.0,0.0,311.5338980919537,0.20498655793190904,101.81747451337885,114.5441384620897,104.18965365125327,116.1466135005067,97.41399857143806,117.84717825613656,101.84791630585926,101.91295841925474,98.70807285304377,104.65644913043367,20.058568604677262
1824,2485.087351836031,1575.4668705425977,0.5578547764254836,-0.2001136989872407,0.029407113498058166,49,0.0,1.5271988889642507,228.55759169468638,-5.8974891281232455,2485.087351836031,1575.4668705425977,24107.28840554795,0.0,0.0,311.2080222957,0.2050508415911159,2124.692820573751,2285.8189158145724,2221.205875448448,2455.2591490823816,2426.8846234657026,2392.5347983017864,2445.7126525083677,2333.3697452374536,2519.0306072855947,2420.1188627875467,482.6603550423437
1825,314.5938669364222,1575.7224250282432,0.45620497572756097,0.4315590023408456,0.8201684891662705,49,0.0,0.11195948519438283,2.0845420792908027,-0.7975266659253346,314.5938669364222,1575.7224250282432,25582.29250066934,0.0,0.0,312.11237965993814,0.2051525953733627,2279.1958724712454,2424.3567363853745,2521.2730615251367,2527.8016736085524,2551.3237433984605,2586.592081304586,2479.6456009457697,2614.7611573317613,2555.6862329928854,2553.5540031948362,488.10233751073446
1826,1512.8420425763975,1576.0549360778446,0.8494306086294264,0.5424521211723796,-0.06430430073159066,49,0.0,0.013700947568523842,1.1728724987234203,-0.17312700788790647,1512.8420425763975,1576.0549360778446,948.9935075318883,0.0,0.0,311.61312200703077,0.2053000698789026,77.94501909234698,91.52689987201408,99.93667819584472,93.42210204132253,81.76594039960804,96.93318997292388,100.21933392909746,96.71674831125085,90.62059030590783,104.28190318203315,15.625102229538715
1827,1931.4403358103814,1576.7085445323605,0.6619839686491817,-0.780417978421453,-0.17693024794595127,49,0.0,0.01881458214031804,2.0159274976537223,-0.7611872718951224,1931.4403358103814,1576.7085445323605,1085.089356954429,0.0,0.0,311.43870520331006,0.20557185309798107,102.98940447555694,105.88915765098182,116.42112190812288,111.35545454093412,102.12815497052226,93.48417189850312,102.79192715540054,109.27807972074035,113.074151745442,108.20476427799643,19.472968610228403
1828,956.2669211240556,1577.374268076321,0.5514992560817874,-0.251911039141992,-0.05370004596563139,49,0.0,0.03637093823509116,5.252849416693498,-1.8009873776805079,956.2669211240556,1577.374268076321,1318.2291908544735,0.0,0.0,311.84502784338736,0.20584757415195995,114.55445316395786,121.28069304772065,147.73027604449766,126.59153582074602,120.93210634068461,121.49281859784554,136.32482605992652,152.37432754356848,123.7545529236817,125.75254375772327,27.44105755412128
1829,1341.4106460870398,1576.6473332484466,0.4968148201242433,-0.47163911381427837,-0.11529133324686364,49,0.0,0.041568172493578005,5.955703837338778,-1.937332733022926,1341.4106460870398,1576.6473332484466,1489.0741418189145,0.0,0.0,311.6845520919351,0.20554657889017627,136.4800597817224,146.80687727082847,140.53113131982911,137.90689508598277,138.4088664135773,157.6619146087712,140.63282004691945,170.15275055245849,156.2172344437718,137.44840058567584,26.827191709377615
1830,1286.6936837559006,1577.522435413543,0.7906468790998268,-0.3517623350910416,0.03013599568227505,49,0.0,0.06967781432219429,7.800974390660207,-2.2303721304625457,1286.6936837559006,1577.522435413543,1631.4291387785997,0.0,0.0,311.7073508765026,0.20591103345572387,140.50124646805233,189.3797060301248,156.08055013066405,183.68676551736246,169.56879757647582,155.88473277074894,142.19868109029147,150.26100838332854,167.66490447050813,142.46612346602146,33.73662287502211
1831,1379.4074715355646,1578.455188382585,0.5750281791218291,-0.2872358237079367,-0.009979142181388024,49,0.0,0.11776133563267362,16.904798602566302,-3.0700250027773714,1379.4074715355646,1578.455188382585,2505.309613936831,0.0,0.0,311.6687200326108,0.2062999500348642,214.1363483611145,267.2209530194533,247.38759491349657,229.75380308927595,249.4447255661235,267.3224329418507,233.75084130044542,244.38365103263186,226.4287314697163,267.7183471190269,57.76218512369612
1832,1476.7544577162737,1577.7185191825768,0.6403970708852819,-0.2949950468480271,-0.03589801619889343,49,0.0,0.5519331335876844,74.94864165059447,-4.686909415542564,1476.7544577162737,1577.7185191825768,9534.336709860723,0.0,0.0,311.62815859038744,0.20599318778925696,825.9488378748367,870.3272991753296,897.8469625576872,927.8502917098701,958.711634324879,933.1055874787678,993.4683186761556,949.3658696156933,1024.19997890994,954.9366458016112,198.57528373595292
1833,1591.132200829236,1577.7613838917857,0.31504510842835315,-0.2692609442170949,-0.3116281854252856,49,0.0,0.011589922987515964,1.6398036254041222,-0.536979605622619,1591.132200829236,1577.7613838917857,1101.9339181201249,0.0,0.0,311.58050090398586,0.20601113101581736,90.63734750027439,95.05792226196266,106.61831627412636,119.44324744227953,118.06682253674835,110.55262992421328,112.86313946426131,101.20476955998251,93.54257828911904,129.3255732175196,24.621571649637634
1834,2003.661654978121,1578.2865790019869,0.33681855283821033,-0.0997944654253333,0.1541290540008517,49,0.0,0.01642181455132468,2.443380199916937,-0.9699776255575236,2003.661654978121,1578.2865790019869,1162.5254310687214,0.0,0.0,311.40861300160014,0.20622907642113406,122.0431728881655,107.62495188898475,88.65322531200243,100.82231163741426,97.29395936287324,110.22357108768844,130.91154302156946,121.92682250065779,150.9313964358594,109.95957535757145,22.134901575934528
1835,476.46431801135435,1579.2894987956358,0.5147803163186031,-0.3046636932947089,-0.08856442315630063,49,0.0,0.07654872619971162,11.801682937289652,-2.679859856880311,476.46431801135435,1579.2894987956358,2052.495088849313,0.0,0.0,312.0449384394882,0.20664094245545991,230.97245205656077,187.41453275862406,216.24685577096594,165.11665259643343,222.2437726390748,196.34180839674747,220.6091885909082,206.7342036828628,165.222079734644,194.26571652925827,47.32782609323352
1836,1058.8870939411177,1579.0816057729005,0.543978454456778,-0.3088931913422679,-0.053299928268721895,49,0.0,0.03692952011097881,5.41772386977136,-1.834542165414608,1058.8870939411177,1579.0816057729005,1319.4976716558303,0.0,0.0,311.80226997018144,0.2065596216963746,102.53844612785109,115.69905920389355,118.9209322726044,147.02987457797582,143.69707724318943,141.51487950625352,140.83859658325213,132.67089775869908,114.64830296364403,137.59532638820684,24.344279030260296
1837,1649.8928717602678,1579.3367727786008,0.5440316811423409,-0.14890118543500844,0.1862775007637135,49,0.0,0.014913217915554647,1.8489977043501338,-0.667340929887267,1649.8928717602678,1579.3367727786008,931.3133588287294,2017.1200230806094,0.0,311.5560171331724,0.20666753018101253,77.37933107694323,93.46674748616174,84.28565681273514,89.38102813054732,89.39047962027936,78.94929035138176,92.57916380192606,105.04437110329337,115.51541684475757,77.96495284971923,27.356920750984592
1838,3106.8059832911576,1580.2402434816947,0.5523858603184554,0.23419538732987713,0.604053961463091,49,0.0,0.013394180342767846,1.9077146841998376,-0.7012835564978197,3106.8059832911576,1580.2402434816947,1026.3730501628156,0.0,618.8665427427204,310.9489911475776,0.20703156870190167,81.09003622295933,82.65015214885861,152.12947042948625,134.16303622533903,52.95537498157806,71.50811626415239,101.52317666840693,75.99976005523818,131.5993707335458,126.03718019523873,16.7173762380121
1839,310.05334327731646,1579.5378025299651,0.5826764426795985,-0.3617552756523247,-0.3801638106570351,49,0.0,0.06826069027703964,1.9555316078886924,-0.7281620999669923,310.05334327731646,1579.5378025299651,15498.700576989893,0.0,0.0,312.11427144698274,0.20674220250363567,1446.5945879305,1442.6520962958593,1510.6089959426477,1513.3810741924885,1567.6346837192225,1565.13243252917,1520.3719744346258,1563.1459581592608,1538.8091714980017,1539.217837867277,291.15176442084004
1840,895.065662872911,1580.5282604112926,0.49279371951862716,0.2589956895611234,-0.21149375976799992,49,0.0,0.009157043758743743,1.0277521253482256,-0.02972095889015622,895.065662872911,1580.5282604112926,880.0270029062026,0.0,0.0,311.87052794266435,0.20716127070014018,79.7591582502891,97.6486585058174,84.7141553966366,89.36873291040536,75.46826539385958,81.3489727371861,89.0185874445661,91.7835158346064,84.97988449607283,88.31606741159038,17.621004525172793
1841,491.43975890613393,1581.1063117478225,0.5333469694200444,-0.5402884996219098,-0.06448790247040531,49,0.0,0.08639691323691417,13.095426997049714,-2.792799159621555,491.43975890613393,1581.1063117478225,2067.1396314502895,0.0,0.0,312.0386990662784,0.2073981059322596,196.5742434415338,224.41286618375017,208.68816800184223,204.17392238323248,204.47591801302985,206.1484134740325,191.4520472506881,195.58998518923005,204.27018383688176,190.80375732821733,40.550126347850984
1842,635.921427270137,1582.2525885048653,0.22953417534165627,-0.4561920899688118,-0.10605095518734378,49,0.0,0.01865094485732187,4.064911831731427,-1.5226278253739354,635.921427270137,1582.2525885048653,1167.3888421283032,0.0,0.0,311.9785014177802,0.207877352466356,100.77170724950618,108.1278464415165,100.95865680100474,154.66890950272278,126.53761679777178,112.4615729632482,108.16361250606883,89.660913542386,117.7640935863933,125.74035622396596,22.533556513719
1843,2347.9552143373135,1581.675970859275,0.3376752837465496,0.09283297611212073,-0.34246394583084894,49,0.0,0.01598815605041568,2.5450555572083577,-1.0142431679841688,2347.9552143373135,1581.675970859275,1062.7692957413933,0.0,0.0,311.2651589815527,0.20763914188825028,104.90609894542133,113.15955971198926,91.48610044028578,120.19060080237591,98.71867275390233,91.82806021004905,108.11699376293862,110.35853100642291,94.779037397938,103.1910316623079,26.03460904776217
1844,3135.2031340838716,1581.7605349757473,0.799205827178348,0.4284857463389268,0.27985644346478455,49,0.0,0.010550656142430517,1.0610840731347666,-0.06437448956476863,3135.2031340838716,1581.7605349757473,628.9313504830546,0.0,357.2709787068908,310.9371603442727,0.207664511336222,54.3697655742114,52.60879040995551,89.86930588858132,39.67112039137012,80.80076945461232,85.51999132895062,40.24835237337912,46.11497062602879,61.63556948772005,68.9658379048817,9.126877043363661
1845,258.05794163774556,1583.6097430078928,0.4802666788465771,-0.3355464590254953,-0.004412782260236942,49,0.0,0.0289615051225873,4.06833713983676,-1.5235423384437519,258.05794163774556,1583.6097430078928,1472.7896994537807,0.0,6.508275373793467,312.1359344150434,0.20843801516641525,125.27548243588569,147.41438714637457,137.28352198429744,164.10568006868368,149.2921228156699,123.19834112654345,128.14054636539927,148.6397597175189,160.09324234722104,156.64099108356316,32.70562436262348
1846,2722.8412372841813,1583.7597370495125,0.6292293265178847,-0.294246553234871,-0.06721257120292165,49,0.0,0.07573928701344902,9.83227490927511,-2.4816350321797467,2722.8412372841813,1583.7597370495125,2033.0689534121261,0.0,0.0,311.1089627377687,0.2085035004515821,167.60014425912664,225.28024956704016,205.39373759680697,200.59695290792507,193.58817374222266,187.77067039352067,210.80873396672877,205.57937036394154,191.18992737134232,208.7444946859922,36.51649855747908
1847,1459.6243320698682,1584.9800376171077,0.35046327775074415,-0.5357156581762923,0.09734039673297316,49,0.0,0.04427780594939776,5.234540980705845,-1.7971965105066803,1459.6243320698682,1584.9800376171077,3790.3307424198615,0.0,0.0,311.6352961938125,0.20901879413194874,325.9061079971727,353.41027755699906,369.91866300072496,375.41662430924487,431.91394877959715,347.50195022405956,370.1513835806421,369.7123807013762,422.8573127910155,340.59377047233704,82.94832300669245
1848,2304.759614326569,1585.8518757258034,0.7680919594466037,-0.11572460044181326,-0.466758116196225,49,0.0,0.013738000027361285,1.3291952174694612,-0.30897192497447934,2304.759614326569,1585.8518757258034,894.9982771259729,0.0,0.0,311.2831567310979,0.20937942369241336,77.22060654339745,101.80430728622672,76.78151061453815,96.64752172986256,82.8345532116332,79.54567034076409,95.12834563522433,76.5617745568574,96.08509441551902,91.85986312894805,20.529029663001925
1849,1266.6744175264732,1587.0781681795502,0.8792426923413137,-0.9308502585644177,-0.3258151328990156,49,0.0,0.020895256582060404,1.9346277750935161,-0.7164935464192977,1266.6744175264732,1587.0781681795502,1017.6707245513398,0.0,0.0,311.71569228126396,0.2098925063784842,87.64138316965631,98.63266598642915,77.18973202602089,82.43663028135575,111.91164799943985,122.33137482197,99.03567823336655,120.4940445305493,92.7772127240822,106.29802076626294,18.92233401220703
1850,158.9838666045351,1587.795409367616,0.9289391865153422,0.25310503280039964,-0.6866511323850369,49,0.0,0.010967427238170532,1.0010089766945236,-0.0010949302402970115,158.9838666045351,1587.795409367616,1013.6127166296287,54.04333306870542,826.3502757230499,312.17721138978163,0.21018042692467045,200.8878113497203,80.96940692692091,87.05750720644964,96.7831738782034,82.6583294672881,110.1055943307629,86.07249187038113,65.84390057694165,81.92321620691345,107.15311645968495,14.15816835636243
1851,2087.700273103434,1588.5098932477042,0.7362226087782818,-0.04038864097188596,0.0661921747114283,49,0.0,0.015241276505372464,1.4949775588138194,-0.43658668373059484,2087.700273103434,1588.5098932477042,1030.0119276654002,0.0,0.0,311.3735969956808,0.21048835585388725,94.28462610694815,102.05020717496578,79.17826821205844,108.16535698973442,95.2678982114932,120.80413119277617,90.95659542313207,103.37403958415507,119.02258292983453,101.96598423927666,14.942237601025631
1852,937.2973890717166,1589.2971580897972,0.6020403998520499,-0.3284280720704979,-0.004419439602799925,49,0.0,0.02371871203901127,3.07201028896282,-1.2185566648181962,937.2973890717166,1589.2971580897972,1123.5056976039295,0.0,0.0,311.8529317774426,0.21081525213750985,106.55473979331815,99.16179052321215,98.17208763611542,129.77767640420058,116.5754880629222,95.3744727496438,103.24267406059673,121.04631092122011,111.80374671046192,115.68467626697222,26.11203447526625
1853,1213.7236943155217,1588.8969116262283,0.49992866169613687,-0.01748860830116961,0.7643328732738254,49,0.0,0.01627655554188841,1.5857238529327062,-0.5005688975714138,1213.7236943155217,1588.8969116262283,1356.6100509829926,0.0,0.0,311.7377550868114,0.21065010137359078,114.41348698225946,138.60402253165344,153.24160727178753,119.35095254241934,154.09969881910047,117.48001567755608,132.49163728534353,120.20938339582347,148.5232289236539,128.32339303339728,29.87262451999794
1854,1466.8534573624866,1589.1017229418956,0.2771803546601478,0.17664496053233963,-0.3868194888757611,49,0.0,0.017039287783481072,1.5649308186264583,-0.48623785829582317,1466.8534573624866,1589.1017229418956,3167.409688838653,0.0,0.0,311.63228404752914,0.21073617315820076,308.63917322741327,300.3961456778353,288.5268959218497,304.76812375033603,357.8489277248745,290.9774516091092,316.7471434083896,323.91357285350455,321.8295067656472,285.5440789100352,68.21866898965845
1855,2791.2060000696374,1589.4774580531978,0.26787719427736534,-0.43887180766276335,0.11009105661389466,49,0.0,0.009703168056254218,1.4972227805097045,-0.4382160659002332,2791.2060000696374,1589.4774580531978,1007.0384812627169,0.0,0.0,311.08047916937045,0.21088492309601534,103.4325280836275,117.24004389728213,114.79795445897398,87.52957499990586,104.74672515291813,96.22998711617248,82.52896006589097,87.27518668980746,99.80829329288899,98.32325001205022,15.125977493199166
1856,784.2886088805619,1591.0452361897778,0.4114029893433303,-0.1321758009287361,-0.1711936262570056,49,0.0,0.011045055411348457,1.5804095049627136,-0.49692408242171815,784.2886088805619,1591.0452361897778,899.5224232823476,0.0,0.0,311.91668403207564,0.21154234335499228,82.38709184973368,97.5612654788318,82.73348972116428,80.33683968686152,102.19214486867307,85.38199522879252,75.59633386026027,96.43785373724887,95.51444713369881,81.57528180884549,19.805679908237344
1857,1941.8574570597323,1590.9305230639761,0.24873047072276394,-0.0749530160481597,0.480271775884351,49,0.0,0.010539795111291949,1.8636351424175897,-0.6759022282735507,1941.8574570597323,1590.9305230639761,1115.6373527334222,0.0,0.0,311.43436467886505,0.21149762106553646,106.55043216910789,121.33551996830168,101.23045050914071,110.85946557794838,112.71524811312298,111.5224100202172,83.46866602649025,119.94498211171265,119.17646300087549,102.74790545956719,26.085809776937882
1858,2430.626630563221,1591.2025533197195,0.8413828787635266,-0.4634191105163971,-0.25090475793084904,49,0.0,0.022595210239795552,2.2328788330962452,-0.8721628919313595,2430.626630563221,1591.2025533197195,988.7604173752252,0.0,0.0,311.2307133765896,0.21160776282123847,93.33865103002823,91.69864545363535,95.02261792806647,94.87026081011194,92.51688491740539,111.08023790148431,96.18988497333385,119.0339846879249,76.5588887891933,93.9682691136975,24.482091770343917
1859,949.8519192892935,1592.5015278390033,0.5959527939799381,-0.3032127335210308,0.0884631270916234,49,0.0,0.2868291094447767,40.296503198170804,-4.013168402720748,949.8519192892935,1592.5015278390033,5113.086756437588,0.0,0.0,311.847700830941,0.21215048319524746,458.3867600295407,475.59376229763654,473.7772833287818,489.07094495344705,507.08792653893715,478.24748086654506,536.3569258144935,552.3769717215989,534.9595331770813,507.0566514056702,100.1725163038542
1860,1542.5580468202202,1593.6211933271784,0.6960221303794781,-0.13585007181417358,-0.03968058301176039,49,0.0,0.021777594788640286,2.3818800552942334,-0.9422997196559277,1542.5580468202202,1593.6211933271784,1833.1652998824384,0.0,0.0,311.60074027442437,0.21261936646603954,165.71224808428022,163.13679938387745,157.20985332117027,157.96365343555416,172.39407862677282,172.40237751374272,214.01972732970833,200.25079693820283,199.54535681546105,189.28077520933113,41.24963322433749
1861,647.2740930606566,1594.4131488947867,0.39803845280024075,-0.7464904107377439,0.24208490274492198,49,0.0,0.012819657333474227,1.7212148059592567,-0.5895876831131356,647.2740930606566,1594.4131488947867,976.6405570359016,0.0,0.0,311.97377147138536,0.21294425051967697,91.64698151180195,91.52719095768354,77.98390526439559,88.2705218552627,103.36602057662624,99.11209783713666,95.48949646438467,100.05041342176523,97.63792453289847,106.48585002665115,25.070154587295423
1862,625.4796667896399,1594.3629261015042,0.2834123203114645,-0.5229067439383185,-0.28067560205151787,49,0.0,0.008781691884956271,1.3470034915386584,-0.32342180362447853,625.4796667896399,1594.3629261015042,891.8946955113988,0.0,0.0,311.9828520980721,0.2129230882591192,74.40013647330441,95.02137111676205,74.54545060888073,85.74504665424354,89.66220606136692,90.45455443906816,77.75890972782273,95.95821806580199,94.66112881124158,96.75135564476267,16.936317908144048
1863,2459.8662350649497,1595.0941616142861,0.5803289393837664,-0.30711075216084477,-0.021702425734289987,49,0.0,0.8181626808088195,121.92516445741535,-5.21523337514332,2459.8662350649497,1595.0941616142861,12199.373781157497,0.0,0.0,311.2185305466839,0.21322895820254253,1058.0264072350756,1141.501407611153,1170.755239090592,1286.3898958487769,1287.507973223595,1199.6432121361622,1176.7473480978447,1216.2856463530816,1160.3347234255752,1236.9960579629587,265.18587017267873
1864,2968.666630678439,1594.7515464386015,0.5346129177723853,-0.08675503346957907,0.24810696369191204,49,0.0,0.009683014080798915,1.0556035973610913,-0.05875215392547092,2968.666630678439,1594.7515464386015,917.0976670850494,0.0,0.0,311.0065430680926,0.2130798191708161,79.36671750145567,102.7274623553316,83.28178980401437,103.5430124850715,83.47017452279694,99.47863956965816,88.86835174983324,91.9238396159754,92.28992746438743,77.1494252762447,14.998326740280358
1865,3078.961665484514,1595.696626721602,0.3491227884663853,-0.29018154991081246,0.17437034636957324,49,0.0,0.020555049194689323,2.5656443695504927,-1.0229911438876478,3078.961665484514,1595.696626721602,1447.3255490327701,0.0,1297.3621230073636,310.96059139546395,0.21347181103759524,120.7755406759407,128.36036941127145,135.2658826303728,136.7588602608563,122.78885511159312,165.00022214593878,145.77047315516876,145.40818519221546,145.15063117210673,167.36144615501885,34.685083122287125
1866,499.7345030134886,1597.7797750086372,0.35242594455596926,-0.48527730933173396,-0.14994535945502804,49,0.0,0.010664398661506853,1.4498815014337938,-0.403331272179848,499.7345030134886,1597.7797750086372,919.7435126764321,0.0,0.0,312.0352433325682,0.2143452601722259,79.4083362232276,98.83404670586648,82.39553690955496,87.59961156304392,96.3368514163219,94.07226732376677,91.64218658362286,85.12459188913958,93.18255748136184,93.84861048027678,17.29891610024953
1867,1544.7038397238384,1597.7444240740138,0.7000579806097682,-0.281839617352007,0.008751200998723903,49,0.0,0.06300531338824752,7.948664983941005,-2.2507354823977166,1544.7038397238384,1597.7444240740138,1815.2180298064188,0.0,0.0,311.59984619066756,0.21433738050570134,173.37694896019457,169.3394728108399,160.45451521282368,148.31072279692918,161.8683644534172,175.4213682439862,224.53024675161586,176.03969359152399,200.0912330602091,185.68421529567235,40.10124862920682
1868,1817.2805228813252,1598.0084610057797,0.5410864339833801,-0.19340002323886618,-0.016905814234098027,49,0.0,1.0980245143915641,169.37326439114327,-5.5721121448013875,1817.2805228813252,1598.0084610057797,17575.087346636476,0.0,0.0,311.4862718534652,0.21444714705834114,1526.4486246191773,1720.7711374894548,1664.317063291344,1732.8570878811345,1777.9717847355337,1732.8688851935187,1746.025390511279,1784.698697740158,1740.5740852885783,1821.0413379904126,327.5132518958821
1869,513.9793864987716,1598.7984183065882,0.3938521940662086,-0.25189047237455586,-0.18114424494437925,49,0.0,0.014562318593959117,2.223163720240365,-0.8674286164627193,513.9793864987716,1598.7984183065882,995.4998065252489,0.0,0.0,312.02930831094733,0.21476985821647898,87.21781790861392,93.67538321087002,98.94952331502924,112.34871902907732,83.87602084258,100.66814607951824,90.89093824639062,104.68742600902189,106.05480759642714,100.6215557174078,16.509468570312688
1870,365.629004676319,1599.9183960776236,0.7060799114636717,-0.45442874090391866,-0.08174703237981981,49,0.0,0.0697945605984504,8.366850122823573,-2.3064049736135352,365.629004676319,1599.9183960776236,1775.457440856052,0.0,0.0,312.0911170103201,0.2152345411978876,177.9056045011763,165.8473452781795,164.3926238664527,192.31752253068572,175.61317807770558,182.9805269439056,171.21572610003778,171.34177681546873,176.7248696783887,175.8065826872095,21.31168437684179
1871,568.4763191924325,1600.0333174155992,0.6328454566941473,-0.4217172521617454,-0.254087548590755,49,0.0,0.04009718649065936,5.3246848815545,-1.8157347775766994,568.4763191924325,1600.0333174155992,1244.6300387213118,0.0,0.0,312.0066024583274,0.21528504065611753,116.2517673972502,129.01028226246163,113.06347213221872,124.8688618962657,106.83736635717138,132.84645311854337,122.0705582234221,146.5273778563796,110.52160695673378,117.83569870654897,24.796593814316505
1872,1131.5012515988276,1600.1129031318505,0.5475953544117305,-0.2773626604765102,0.09184931883144687,49,0.0,0.05039805154680738,7.3785302774728745,-2.169924659317201,1131.5012515988276,1600.1129031318505,1548.0436132800903,0.0,0.0,311.77201439656767,0.21532301204210594,139.23737368182026,137.00594054026487,145.48504264189154,173.9907838275572,164.4197511929117,165.46319894012856,143.74384366916112,167.58319346657385,151.93915277299294,123.33240507880852,35.84292746797959
1873,315.6745417228598,1601.7098552278153,0.4118311421166184,-0.34585368740899175,-0.15286138513657546,49,0.0,0.0203045486855184,2.8525352480585777,-1.1380775489769532,315.6745417228598,1601.7098552278153,1509.9731547775752,0.0,0.0,312.11192979571206,0.21598023361853033,139.44070784806502,141.5182997181417,144.0247240408419,158.2828195276702,167.31297894750873,126.46780498615009,164.45816771757967,147.74030991272656,156.32783976716144,134.52731658452598,29.872185727204176
1874,2376.200821995874,1601.9730668194286,0.436809574313539,0.01604312008336098,-0.02652778057195625,49,0.0,0.012475831598487844,1.5737386840084415,-0.49233155081543717,2376.200821995874,1601.9730668194286,1131.9253201006595,0.0,0.0,311.25339008279894,0.21609589438978502,88.76205199531825,129.38245000781546,108.50535988364004,121.68380739909233,102.32979837970477,120.04416036277756,126.53013170541234,98.2716122773825,95.32105954231058,112.84120608314011,28.253682464065477
1875,1277.7314096238158,1603.1961136189627,0.9218154501690904,-0.2267433593060735,0.07455195415374277,49,0.0,0.017498749164720193,1.6011402964010875,-0.5110734692162984,1277.7314096238158,1603.1961136189627,927.126023356969,0.0,0.0,311.71108525588073,0.21660833875294974,63.826850867500596,84.65718264124538,95.09899792892564,88.75857282054886,103.34248856109406,90.63041616482707,93.96189989593026,79.86793671161924,100.6527200403877,110.38920613059508,15.939751594294949
1876,1783.7263622395012,1603.1916140776464,0.20316678539755345,-0.8260487214667135,-0.2677693198066227,49,0.0,0.00700201738364684,1.0808109536758144,-0.08437434368236489,1783.7263622395012,1603.1916140776464,931.8917989642505,0.0,0.0,311.5002528111889,0.21660686836343568,72.96282361580194,91.57926122092466,114.34690202210382,90.47379170333213,86.90774636510727,84.5579193495459,80.84587632794188,109.94401619829777,92.44916908833426,87.87211014468082,19.95218292818017
1877,2281.060984434509,1602.696088453514,0.7226113586708317,-0.14152854264821838,0.1437598455694032,49,0.0,0.02982191681431397,3.497718802655283,-1.3594622291488174,2281.060984434509,1602.696088453514,1135.3128330485115,0.0,0.0,311.29303084507626,0.21639794137904123,110.82241060192113,102.71327540024163,115.67893624746301,110.9162030713657,115.9199378031392,117.27002151730683,113.09919424528763,112.84820045614471,109.43655987049983,108.21025180589984,18.397842029241914
1878,2741.512530539438,1603.1806176613554,0.4816439631049345,-0.532164656561005,-0.06293988642558046,49,0.0,0.057977199740481766,8.983425894687617,-2.3836049740239638,2741.512530539438,1603.1806176613554,1771.2066529028452,0.0,0.0,311.1011832551747,0.21659502246369794,146.25147091963942,184.82534769629433,167.8328841732109,180.0691182674928,177.89207270744765,180.65462443524257,175.3654717873186,187.25386142951902,161.60608677281232,172.77683020835963,36.67888450550791
1879,454.76224839767906,1603.9877129574406,0.46980461398326817,0.14618990913830335,0.2378501144418678,49,0.0,0.010760778651775382,1.2998368798153144,-0.28472213722670103,454.76224839767906,1603.9877129574406,951.0409218592472,0.0,0.0,312.05398073374727,0.21693123861567887,78.41107881668532,89.96810870612013,79.7871832506943,89.96988472557072,93.26072615084324,92.09941044664416,103.71416175379849,107.67908295052004,108.51678368174717,93.21422244063768,14.420278935985822
1880,2013.9432733013632,1603.8091871232018,0.6558339882351674,-0.33967094417248467,-0.04054571013286344,49,0.0,0.07635148149142476,10.074215750021846,-2.5080281187463145,2013.9432733013632,1603.8091871232018,1769.4449240829315,0.0,0.0,311.4043288837906,0.21686340253836944,154.99178700031698,176.75757894516494,172.61219870630202,201.08215317138922,163.5591328373942,195.47588721537986,177.55387095414594,179.79753380137043,150.14077287412783,170.25586094579273,27.218147631547488
1881,1728.2704609050852,1606.6058994011762,0.5077214924874603,-0.3446572707662849,0.02973419485300652,49,0.0,0.28617742587088973,44.23790207079632,-4.114486307231172,1728.2704609050852,1606.6058994011762,5593.252009366095,0.0,0.0,311.52335956703126,0.218029585415035,481.5773456897219,504.9862382533177,597.7310909034227,541.4815008938281,528.1885756418442,543.8080859916023,603.5782300767213,550.2390986779404,551.6444300878254,582.1621883571657,107.85522479270455
1882,2485.7461984576066,1606.9378509975925,0.42191302268343467,-0.3392145347522169,-0.06020467097888188,49,0.0,0.015777757764332316,2.1128950275612346,-0.8121948026362736,2485.7461984576066,1606.9378509975925,1085.6399953185505,0.0,0.0,311.20774746841266,0.21816347195441654,94.86208546302656,102.66221973361186,103.20628225428058,118.47464012489624,109.58613338555438,104.73679365281133,110.10023171444885,105.7054609654486,99.17081525600521,112.10712416349647,25.028208604970324
1883,2673.493392751865,1607.1999308236698,0.9642972417330163,-0.005882092275598724,0.05379329589930816,49,0.0,0.013031152302308661,1.0973632028858853,-0.10087598302644245,2673.493392751865,1607.1999308236698,872.7115316865151,0.0,0.0,311.12952287871224,0.21827054774941784,68.34121870677421,95.06286644691583,92.06795184692317,83.66983486494846,78.78561987903213,78.62309632288228,86.50350022434138,107.2033719473017,84.7489633919312,83.82001390118234,13.885094154282374
1884,910.1806304341076,1608.2336350873413,0.8628480598164844,-0.16310150370563478,-0.3745588746693579,49,0.0,0.013363854973254928,1.164834954692218,-0.16566098648613337,910.1806304341076,1608.2336350873413,916.1581649879167,0.0,0.0,311.86423037858225,0.21870514685275827,95.72831072459512,118.9424276122239,86.42784796372652,96.12246492830258,74.93313613869596,71.52273027465638,88.91186025446996,83.43214790822927,104.1352446987328,75.14675108812725,20.85524339615706
1885,2761.899635076766,1610.5279070091765,0.8138327265350304,-0.25127786262891383,-0.016479825164074303,49,0.0,0.04824984491270032,4.952961368923521,-1.7371623516900527,2761.899635076766,1610.5279070091765,1535.977419996574,0.0,0.0,311.0926890656977,0.21965601501319623,161.42119908000473,142.3645679927381,149.45105462745724,148.44813497265136,150.98838196411577,151.31120834272053,156.57048257234288,139.6552305146514,138.16665160998218,148.04212415374434,49.55838416616548
1886,2831.0329551477384,1609.6347638335726,0.504861320598411,-0.23612343974277156,0.13575682581803353,49,0.0,0.2903308874721769,44.42319269405154,-4.119024420176649,2831.0329551477384,1609.6347638335726,5849.126505728025,0.0,0.0,311.0638854960034,0.2192829265296547,481.11489366631577,527.103704687562,528.1049584242626,601.2844955197351,566.8802927299312,626.7156804768285,571.6545278990197,617.9568440337567,585.344876082361,634.8098032204357,108.1564289878177
1887,217.04948774982003,1611.4746946922392,0.48843809121129617,-0.48647007882718873,0.09234666776609254,49,0.0,0.16290085590463593,24.134017741328968,-3.4565740691358293,217.04948774982003,1611.4746946922392,4125.426630497583,0.0,2700.7784782558197,312.1530201444397,0.22004720804421962,345.19152039652516,365.25047067989294,361.95951664432897,407.5925874322764,449.58646114043404,432.6975725953897,438.5900541690737,421.5736915998814,430.5081049066317,393.4843864572632,78.99226447588508
1888,2239.1768089401808,1612.5407479024836,0.8016287421818363,0.057257977006034064,0.6778709854548133,49,0.0,0.015010192283368941,1.2928870727662938,-0.27890148270320286,2239.1768089401808,1612.5407479024836,1046.2702288535327,0.0,0.0,311.31048223598617,0.22050015472960974,104.840515029462,84.02350330903597,77.71158762736876,97.47251231928595,126.88018009353816,92.84391785916524,117.21065283929684,95.87914663004528,109.93140008415173,120.57250282852269,18.904310233660162
1889,1610.9666171764054,1612.7592495642668,0.40804143892586237,-0.0847172566958214,0.09884955412070126,49,0.0,0.047027359538854195,8.29547194491673,-2.2971027472218113,1610.9666171764054,1612.7592495642668,1630.5097305789543,10.268560975591937,0.0,311.57223650637263,0.2205935747851606,167.8021990617554,148.65247523816714,155.12335253622285,186.83836505196174,146.35706411430544,156.18684602342648,157.73852617857403,149.67592657093994,187.19024872739112,149.49659207497825,25.44813500123186
1890,3052.0128854788154,1613.4051012723587,0.7646821890470081,-0.23188889194483236,-0.25168028317984176,49,0.0,0.01860428749522649,1.7379684388164833,-0.6001047136931557,3052.0128854788154,1613.4051012723587,1057.1639607503594,0.0,927.9572844437035,310.9718185644617,0.22085037669921223,91.97066274928086,103.48546259092436,87.47974015767136,104.20144365645025,116.82642170510059,97.41370698454973,111.52203537983682,107.78008661202215,108.21032649438713,98.36866882840948,29.905405591726666
1891,1521.5858256638605,1613.7870941396768,0.5577207562602792,-0.4304903391772339,-0.004052344794637742,49,0.0,0.09408009755268257,13.909352971541068,-2.8582673204105657,1521.5858256638605,1613.7870941396768,2235.7050140021083,0.0,0.0,311.6094787760179,0.22102180759791493,204.16171214077667,205.3025164907545,227.1533950162317,203.19608581927324,216.07771893763584,237.54562621471808,212.06092418456393,243.08109915031895,222.50791188304663,221.19801837066268,43.420005794126396
1892,2862.0364037425984,1613.9265917623627,0.6541901425531337,-0.320632284830077,0.040346450889999955,49,0.0,0.23957326293240708,31.608216577600942,-3.7494999811082055,2862.0364037425984,1613.9265917623627,4178.761052895228,0.0,0.0,311.0509682968246,0.22107066493948063,360.49163695908874,408.84729649452197,443.4888942842813,374.07100387141077,418.167710494026,388.10814269711534,438.17563997975776,404.94576365498745,426.53680736649187,424.40896286103515,91.51919423251165
1893,1873.9616387409478,1614.9347684023576,0.7167479152294918,-0.03866732871539571,0.13577046305349427,49,0.0,0.02430468039309861,2.730415940893456,-1.0905720270112926,1873.9616387409478,1614.9347684023576,976.7081546470787,598.7949755134041,0.0,311.46265457906964,0.2214996036025422,76.7967853317023,79.82074760561525,90.49468046547514,93.32855918264696,110.08031981057735,98.90405486236227,100.46423899055361,105.26588348495909,100.32696068108834,106.82227422850866,14.403650003589668
1894,1999.7204021901644,1616.0631350083252,0.434785258158256,-0.5850380934269217,-0.16728110755863154,49,0.0,0.03863380492006533,6.157673204071178,-1.9735415914785923,1999.7204021901644,1616.0631350083252,1467.4243292656834,0.0,0.0,311.4102550150348,0.22196925889242755,155.0711905230582,159.76167742916257,152.3711134229395,136.67766459475,128.23701984391772,126.6034577394758,139.9537567513131,124.92127487108543,154.2466473484369,158.0709205518196,31.509606189724412
1895,1924.8583650924058,1617.7347432236586,0.6709325487258663,-0.21061856290980233,0.04837688012462402,49,0.0,0.03049625215969991,3.7212825857618133,-1.4267316265300218,1924.8583650924058,1617.7347432236586,1162.6972837371763,0.0,0.0,311.44144754150057,0.22266607830556556,107.75867004600158,107.8832113705403,106.51470539043254,114.7321751760802,115.72745532731075,95.5235652239786,139.50912366556307,121.8918753129146,119.37284554375108,109.43445014133418,24.349206539269325
1896,1963.7865998065254,1618.1246534659253,0.5337307697849518,-0.46095572485489056,-0.11336599429328756,49,0.0,0.0587892745554801,8.963062643274442,-2.3811410793464787,1963.7865998065254,1618.1246534659253,1647.9902784608657,0.0,0.0,311.42522742124254,0.22282838272663097,156.73858812299227,171.48744737955826,179.9752917109505,153.8710687316971,169.8142695370829,134.8055933133752,144.57988944218957,163.75001594386288,181.59703238046941,150.86582076375936,40.50526113492824
1897,2796.6545501106316,1618.2483670871711,0.4845816644329877,0.04874810873317731,0.1553375162497199,49,0.0,0.019364605343990208,2.477018113864611,-0.9848229562331456,2796.6545501106316,1618.2483670871711,2084.1184264176636,0.0,0.0,311.0782087036458,0.22287227577032676,188.73745269301872,215.19671695834845,202.1412214128307,181.01603921939952,208.8147274779693,221.8482565162717,210.78209316224184,198.3474784773446,225.28801526465358,193.02345844837822,38.92296678720729
1898,1944.972352621761,1620.6307587949168,0.8971483668161695,-0.5052917586982812,-0.19606036933815904,49,0.0,0.017615336973499218,1.455177210426134,-0.40728971152450083,1944.972352621761,1620.6307587949168,1080.9420781326064,0.0,0.0,311.43306668835464,0.22387266844351036,98.26307872799688,125.29275181793345,95.41886538178099,117.42255575966928,104.82968827414474,114.87508177235006,103.38858049156335,100.8950866854144,104.1473072931607,99.88658571489464,16.52249621369787
1899,2351.352769505484,1620.996791494376,0.5627086860406875,-0.15902565244597114,-0.04025545019440311,49,0.0,4.78406704040235,696.7877763441588,-7.107751308239384,2351.352769505484,1620.996791494376,78468.71984409,0.0,0.0,311.26374302985045,0.22402254484994694,7054.03914891083,7506.162117828347,7467.800081356927,7859.64998295089,7791.509889675199,7805.394029191403,7877.156985220779,7848.904040147643,7840.165566095287,7867.753092941286,1550.1849097714405
1900,660.0595300181599,1622.3448919648558,0.5714000497286741,-0.23343739555754509,0.20522065693476443,49,0.0,0.013818630978982156,1.443773237029474,-0.3987474677787992,660.0595300181599,1622.3448919648558,1178.9201013511115,0.0,0.0,311.9684447211052,0.22458234087207857,94.51771144074723,115.31952253096881,133.48824144068857,113.47156678559963,137.61831061319114,106.6781692963126,115.54409091746922,110.107456348083,106.76390965749833,115.63929181235503,29.77183050819806
1901,2296.26188171123,1621.67101531096,0.6690204920799856,0.04167410557639897,0.10580290330801802,49,0.0,0.013633346960266187,1.4191146621484216,-0.3800437179011282,2296.26188171123,1621.67101531096,970.2693571182921,0.0,0.0,311.286697100886,0.2243039399195688,82.101692755133,91.2076472131425,110.4146687189218,102.81034074207992,93.00166717321106,98.30556097445219,101.9476220416784,91.7380050013285,92.63997346637015,97.85558101988795,8.24659801208665
1902,332.3666398870498,1622.893650615219,0.5910645670966542,-0.46142760246670833,-0.020864299081002825,49,0.0,0.1187207819588475,16.54533537930726,-3.0466889371872856,332.3666398870498,1622.893650615219,2755.3985677983164,0.0,0.0,312.10497561079956,0.22480668297883602,245.7161000789733,301.9488141977185,231.0718681912321,282.14567176718964,301.20509915277637,267.4631068263716,259.13071877631523,269.9752592785212,259.85091957015914,269.7150922211441,67.17591773791585
1903,1242.8503304498986,1622.6272980179642,0.5775101319903561,-0.3553163300697288,0.027789697924187853,49,0.0,0.25029949755040476,36.63691262284435,-3.9097971718129294,1242.8503304498986,1622.6272980179642,4399.330532895185,0.0,0.0,311.7256191328858,0.2247045021830871,404.56395076800203,392.2231147457811,413.719261975453,431.6055854025386,481.3897891287067,400.22243053377656,463.2322632609864,436.49060329553527,474.1038556959894,406.3583289544705,95.4213491339452
1904,404.80800838799433,1624.8100372690735,0.7439888490040083,-0.2574215170745932,0.11628605695817229,49,0.0,0.01559955502950933,1.4607640012036363,-0.4114501441241491,404.80800838799433,1624.8100372690735,1075.4811654710988,0.0,0.0,312.07479392449045,0.22560620811444337,97.58777630060149,108.4090377964346,99.4448546752235,102.83517256821906,123.75437107327929,95.16292545171567,103.80993861791069,110.56800502812234,104.10468760600244,109.67730197960717,20.12709437398274
1905,551.9872575909502,1624.392822035297,0.6931643853654239,-0.554838556476784,0.34109091067691855,49,0.0,0.011728304956979336,1.1176837294474036,-0.12079732196292461,551.9872575909502,1624.392822035297,913.9399997500702,0.0,0.0,312.01347284702854,0.22543434381554833,79.97031010095316,87.51753622461183,88.28636598000816,83.42427109160403,88.14357923944145,95.48937760470203,93.1202278431011,87.66916457870101,88.77477980233712,100.11394838089662,21.43043890371374
1906,653.6199002773192,1623.9358634237778,0.8876561163288861,-0.27793400250526606,-0.1796166742103147,49,0.0,0.02559564246980393,2.2786360048384604,-0.8941873885152618,653.6199002773192,1623.9358634237778,1174.8296714998805,0.0,0.0,311.97112781155175,0.22524515774137566,97.02632549249056,125.059678472135,130.25958661964756,103.72576231842987,121.65646478091539,112.5949095827336,107.24221949823482,108.16919864517692,118.1525201199037,116.70402256607407,34.23898340413898
1907,2503.2311323619447,1624.5806053082513,0.658336111858022,-0.5883361415094915,0.08820546425805745,49,0.0,0.04698326404976505,5.9209873949387894,-1.9309853413072828,2503.2311323619447,1624.5806053082513,1368.6057143032017,0.0,0.0,311.2004621529158,0.22551428073844065,137.24603540185785,134.74143524256397,154.0389354746217,129.82567730192042,133.8022067864211,129.64017650338488,129.68899401663055,136.63078280198485,123.25937903031591,133.43576709919887,26.29632464430167
1908,127.03602661627299,1626.6184435222744,0.39933849127739335,0.25972613908489856,-0.4659243483866157,49,0.0,0.005323750648899394,1.2271148517087722,-0.22221303095983347,127.03602661627299,1626.6184435222744,335.49051301501186,0.0,90.14610555455874,312.190522235748,0.22635524489418538,0.4806786349809712,6.141015571844316,9.837573181784398,30.660704947736768,25.276669749493628,19.220349309477555,41.52069334708164,84.15575925683851,91.27336656507642,16.89089999027371,10.032802460423955
1909,2222.4439964686976,1626.0126900480868,0.30906930943370137,-0.3641158814662245,-0.12778485921951002,49,0.0,0.020616948031942157,3.561503908201743,-1.379083563130306,2222.4439964686976,1626.0126900480868,1162.1764512825966,0.0,0.0,311.31745405080784,0.22611352941964832,115.71520883405216,112.85900744763902,117.40043223019339,129.65227088248878,115.60963603188526,96.95116701992427,128.41974229801352,85.81208942949121,127.12150159607864,117.23118532293641,15.404210189893863
1910,2451.9036724134517,1626.2087502484087,0.725359213709362,0.09492473125343429,0.4022339016052132,49,0.0,0.01241113778400008,1.1517303475853382,-0.15337702613844673,2451.9036724134517,1626.2087502484087,1065.439788198976,0.0,0.0,311.22184787383407,0.22619319831425425,90.85905549799114,108.31594431231119,95.84212511138384,114.45576302261235,108.82497384574464,94.71592539372534,103.88791039322626,106.1439737324641,101.65184941388077,109.08213348055219,31.660133995084102
1911,163.21570967505352,1627.1208241243853,0.6385871242724105,-0.45313353018848396,0.3437252804359639,49,0.0,0.010114725381924136,1.255619616163373,-0.24714522982901632,163.21570967505352,1627.1208241243853,813.8223064549105,3.88431356835618,657.1111387372465,312.17544894722056,0.22656518895902486,97.09395746003051,76.00013529473864,121.21617463989726,94.66707784223946,57.080023092155045,102.4062118884567,101.82008023239987,55.77095913253281,40.13797047028716,51.90975017683631,15.719966225336776
1912,2794.8481929024406,1628.4849749321907,0.5576478784807822,-0.4226242169300057,0.07081880174061138,49,0.0,0.46198959618151897,66.96886551639528,-4.56468235462197,2794.8481929024406,1628.4849749321907,8540.99978645343,0.0,0.0,311.07896116199015,0.2271373934895022,775.6743650327971,810.8372211684862,840.4312130269358,829.9675181630083,885.7307779888254,854.953956227554,838.7428052977716,832.3666275417871,858.5383805111751,843.805954871797,169.95096662329303
1913,736.5451342894804,1631.3033089166258,0.6980537848815426,-0.4395599804147801,0.02804397841877167,49,0.0,0.11611859395829721,15.431023203954835,-2.9709868107992126,736.5451342894804,1631.3033089166258,2168.232174707162,0.0,0.0,311.9365769357305,0.22831576033906942,182.6013101609939,234.84564138112574,210.7695842045215,205.7769786985736,219.88474168586956,231.2099882707063,216.77584121161317,201.7030705266702,227.66998280565656,199.40642251484033,37.588613246591144
1914,2096.986888017113,1631.8443970127473,0.8344676272977909,-0.42422899161983124,-0.06081596334857814,49,0.0,0.034730658437017475,3.724343104933413,-1.4276242087776798,2096.986888017113,1631.8443970127473,1110.6666073230854,0.0,0.0,311.3697273510243,0.22854423031556473,115.5977699389056,125.28556604725036,93.72477720027928,96.69373968092395,93.305329306093,108.98027037017862,108.1005885532009,120.15042847018893,120.86280800067277,102.67716502341798,25.28816473197411
1915,2609.0876586518793,1632.5862055778828,0.704272119408069,-0.15262570162452777,0.033707832846190035,49,0.0,0.020846401564407077,2.1883622584945868,-0.8502980403174065,2609.0876586518793,1632.5862055778828,1125.1154337751098,0.0,0.0,311.15635696640607,0.22884865121119125,101.92975906931288,119.28988665067416,110.721321315349,111.68648279667087,96.53281698436481,113.73592154425094,109.58569545056146,136.0528601512926,92.10830539091342,109.94964417337044,23.52274024834911
1916,2125.5928655763323,1633.5625115104783,0.4063540908674626,-0.8847023741307091,-0.22641310330272263,49,0.0,0.009364565998488828,1.2978031987509413,-0.28302210062050465,2125.5928655763323,1633.5625115104783,899.5030423232135,0.0,0.0,311.3578082534178,0.22925992949481278,97.10764693331325,85.91703956679294,65.96162336173157,103.91411245170433,87.49615184052104,86.08617949399621,80.79163716386356,95.12911850941026,94.85322904134775,82.37039125189307,19.875912708639532
1917,880.9502920955598,1633.5861580624753,0.629742631609467,-0.17766650445964785,-0.027646229080908483,49,0.0,0.04693158437759537,6.391840821575481,-2.014064877602999,880.9502920955598,1633.5861580624753,1258.958371881139,0.0,0.0,311.8764096627023,0.22926831488676983,107.5678622395928,123.77429028801873,120.79054117217377,109.46785863116936,136.8742024240313,114.45227210921615,126.49352153913284,124.76871804059684,128.88397290189678,126.8513046801635,39.03382785514723
1918,2728.707815924752,1634.6117675888165,0.2746308383557689,-0.15007022853614288,0.027012916962951068,49,0.0,0.03653240995971988,6.817654337625981,-2.08408744563964,2728.707815924752,1634.6117675888165,1674.2520865358322,0.0,0.0,311.1065178237479,0.22969106027676503,123.64335359387539,156.43027033044615,158.47352134706895,190.03179378226392,174.27111726394872,181.35271339456796,177.72074729128548,169.44170948470133,148.3545645542306,160.7437643214397,33.788531172004085
1919,2866.9904701461337,1635.080946293578,0.6020809218032916,-0.5893193547318175,-0.04679872837125809,49,0.0,0.03252361488962563,4.1273922221471935,-1.5391893535724654,2866.9904701461337,1635.080946293578,1314.9405948449075,0.0,0.0,311.0489039562425,0.22988453200715367,130.1718478319809,104.5517520665126,141.44274798694371,125.98738570949136,149.7084716882126,139.2773086223788,119.8452711819022,132.75187377535877,138.2877239110905,111.81372591009546,21.102486160940813
1920,2978.2806225703116,1635.5514657330075,0.4010714894799965,-0.4628639738526179,0.20370859563380378,49,0.0,0.029091225619166546,3.9746843291267493,-1.49825660634145,2978.2806225703116,1635.5514657330075,1767.3904134364923,0.0,0.0,311.0025369692048,0.23007878323070036,167.1552144112202,171.3676092302254,175.59215046146466,169.0052479631707,172.91946881326362,190.19905495993447,156.8882372830326,176.14458427578842,176.6815215283467,184.75604630587895,26.681278204166595
1921,1429.709792300958,1636.851981895808,0.5822516650473326,-0.1477983295276059,-0.10885532378846595,49,0.0,0.05315618678832759,7.0866239897071726,-2.126098475184624,1429.709792300958,1636.851981895808,1703.611924669347,0.0,0.0,311.6477607531479,0.23063203566698293,157.06273205811956,166.52157070706608,141.4130248567914,175.6889841576525,166.32347816467785,175.43084427576406,184.6877015938727,176.03907211862912,158.63091713305727,168.83166953170326,32.98193007201341
1922,445.8226361876415,1638.3387671066332,0.20303817482552972,-0.8410946383781674,-0.2001624119635801,49,0.0,0.00881095741836981,1.3697903075108901,-0.34163522215909337,445.8226361876415,1638.3387671066332,985.60146656538,0.0,0.0,312.05770579025466,0.23124355490429052,93.03482135248376,89.16644658047264,103.47711392600164,99.61191825017765,104.37466553506694,106.2930116603246,86.81223749719761,92.14898116570109,95.07961082016931,99.4054941264999,16.197165651284813
1923,1934.9890714357955,1637.6085367018925,0.5100808499844157,-0.3426782970701222,-0.1282400626842116,49,0.0,0.03746804941628504,5.345105871056262,-1.819890779362538,1934.9890714357955,1637.6085367018925,1419.0907681058566,0.0,0.0,311.4372263304863,0.23094676145299498,139.49819736400428,151.54262528265156,141.45684304549724,169.38925906990923,125.67101576500718,118.36067575343552,143.628851785487,147.3510128900034,133.73589812593855,125.04084788091383,23.41554114300896
1924,727.8212045838411,1638.7523657446527,0.42478860983491784,-0.7527460347557122,-0.03489947762572661,49,0.0,0.016914347272905493,1.9038559858881834,-0.6990852344652057,727.8212045838411,1638.7523657446527,1343.1278314447113,0.0,0.0,311.94021186435094,0.23141937985637456,120.71024378134125,128.64147405256486,133.02303733409323,133.2513519588197,134.1018274343703,130.50506524464788,129.2992123447373,129.14045890478678,124.02525990813677,160.09782260928458,20.332077871928533
1925,2856.3039130219013,1638.9174226123087,0.5593491072295541,-0.05662789271066084,0.2287948513312601,49,0.0,0.010795545213669032,1.1871054583550786,-0.18622325473118062,2856.3039130219013,1638.9174226123087,1042.1285793640545,0.0,0.0,311.053356294667,0.23148316087367343,76.42931459064496,104.40389394684331,99.83958897622784,94.35426309389148,128.60708610567582,112.62796872618648,98.58668652305829,95.40149300405287,98.7726073068188,115.51249213787149,17.59318495278317
1926,405.57612293813384,1640.4889529838533,0.4800834906644987,-0.6174638434979498,-0.03216960765619376,49,0.0,0.05627184872176378,8.352464650495847,-2.3045366157059584,405.57612293813384,1640.4889529838533,1860.8431187436995,0.0,0.0,312.0744741119576,0.23213885360862313,157.78047669255506,179.2969355160327,174.5546500200714,184.86038512962014,180.46994005643353,196.30849500380663,179.1188530385012,204.28754712415756,178.6560889337967,196.2956143905352,29.21413283818926
1927,2610.492110099598,1641.638101025498,0.5543953072650897,-0.09796541495039682,0.3375441371596617,49,0.0,0.01857156851332451,2.3375493892680455,-0.92190198924639,2610.492110099598,1641.638101025498,1141.2838805916954,0.0,0.0,311.15577170099357,0.23262015515958126,94.02012600480572,98.19625420180097,117.12893798586529,119.31983805010819,107.52196616835838,120.07203476537006,109.83857913924754,119.41521948368825,122.4861616037139,111.94047030170515,21.34429288703199
1928,2982.855314878781,1641.0137121390028,0.6235597887488573,-0.5732614722962983,0.36812752125884673,49,0.0,0.025676842251480075,2.770022446904287,-1.1062082209708404,2982.855314878781,1641.0137121390028,1686.536116765644,0.0,0.0,311.0006309380386,0.2323545272550712,145.5327480286733,172.30663133966016,164.8319750996203,183.67533700948758,157.80807836795492,157.10175261981232,166.20046199866943,167.06429955883596,164.62355121190998,180.51772418262152,26.87355734839867
1929,830.2180301992555,1644.5504051072407,0.6755578811073373,-0.32330175974286457,-0.1397199773441477,49,0.0,0.01612225200439106,1.8055763580419568,-0.6415396487930884,830.2180301992555,1644.5504051072407,883.7899641023414,0.0,0.0,311.89754774946783,0.23383622091720774,77.72615461774717,112.41413362834939,77.09911811166923,75.33919055620022,102.78564923841631,91.63505181681211,79.39236078989268,81.3474420827503,75.86528719524276,93.03856066732669,17.147015397934517
1930,1294.6885742867623,1644.8809969126282,0.8769502414487135,0.14022462509599085,0.3496595221227885,49,0.0,0.013341869381662591,1.111525925838461,-0.11479899218777223,1294.6885742867623,1644.8809969126282,934.530976859045,0.0,0.0,311.7040199023062,0.2339770575823218,92.14169355228964,81.75999243322607,75.98372381613055,92.52421421159372,87.41284305168428,104.9701979792408,95.07814533146049,102.76365990324443,92.75716205976839,97.90567962926667,11.233664891140112
1931,1741.4461945437915,1645.1784893201989,0.38367581009262824,-0.3821794237259286,0.11736825234602835,49,0.0,0.023031240757183956,3.8903475417466393,-1.4749710012067716,1741.4461945437915,1645.1784893201989,1243.8683429432174,0.0,0.0,311.5178695815607,0.23410146837301826,116.3509213727817,121.1545408477663,133.37866427145957,118.34704715382288,121.73877656269559,123.83403907443925,120.27410313141456,110.01209825823415,123.00290581027227,134.79971697950958,20.97552948082143
1932,748.9962516739073,1647.9223979907017,0.8954587379121118,-0.41700217128778544,0.018077306913864714,49,0.0,0.02010776737096595,1.8731638499312597,-0.6814394194240649,748.9962516739073,1647.9223979907017,950.5922319565772,0.0,0.0,311.9313892922053,0.2352403764059466,91.06757689503232,82.75663601367171,99.16670963686892,97.81584224957567,99.24251649001062,90.21325460085417,106.98605420617444,82.9641772146096,80.09242904958171,107.00583510766236,13.281200492535568
1933,500.36350036049197,1648.8496587290113,0.5058981814598872,-0.6915648556299032,-0.1279905005407619,49,0.0,0.056537394599166686,8.765675219461976,-2.356963438493768,500.36350036049197,1648.8496587290113,1624.7712029017298,0.0,0.0,312.03498190552557,0.23562370442468292,148.69255278080078,144.7113177178593,142.64199404718127,166.25303548129315,170.58029067332996,162.89863872455834,152.82017103515585,159.23454348478612,166.29279550030188,166.93680936377103,43.70905409269206
1934,1248.8061891196164,1649.5911901158163,0.506950739191272,-0.05547591075530467,0.06100902370533349,49,0.0,0.022780200646007134,3.0498252303527558,-1.210687382245554,1248.8061891196164,1649.5911901158163,1113.384922450758,0.0,0.0,311.7231376306326,0.23593944479106152,109.26424533042837,104.98791598473959,102.65982117764311,132.2549376149244,105.21617897356353,125.53215910717267,106.88709292892163,92.35126652170375,106.9423494186796,104.98189314893983,22.307062244041557
1935,782.5944273641364,1649.76342613184,0.8916997764285538,-0.37964214838913013,-0.17290457412484453,49,0.0,0.01512299666341162,1.2912369079330905,-0.277514827914081,782.5944273641364,1649.76342613184,924.9001224529858,0.0,0.0,311.9173904682175,0.2360078066834331,96.3932635877164,95.12944044449013,74.06683651234285,96.75690355469304,93.81517611736795,96.76572903226872,83.73166296201596,94.12390140589223,84.79991585459922,90.90201755222796,18.415275429371295
1936,654.5967954158027,1651.0567134750856,0.22431990785843994,0.2008617574572327,0.11117320737317693,49,0.0,0.007932531178210253,1.3853822000865204,-0.353924008393049,654.5967954158027,1651.0567134750856,910.3890516176909,0.0,0.0,311.9707210803892,0.2365452547385112,95.16632009029875,98.71157398750677,79.2545220927943,93.24311244088412,90.65803891278497,88.43285485493507,82.88266131217972,84.48450699614858,95.27624911573398,84.89706431058872,17.382147503835842
1937,1164.2324876375492,1650.9963655507133,0.510113331687607,-0.5035323272672876,0.09391534825585171,49,0.0,0.040943833593002445,5.575192628390134,-1.8656496932025823,1164.2324876375492,1650.9963655507133,1460.0810283989267,0.0,0.0,311.7583766860527,0.23652451577335915,126.73167483028573,158.05012337839224,163.44020666260818,168.13545156262688,133.88916680628722,138.80981892613335,133.12036200494936,139.84068844354596,137.55832491752264,128.4866688536233,32.01854201295191
1938,2714.481223454814,1651.0598430484845,0.6115964753196154,-0.11092585006361366,-0.3560249458929895,49,0.0,0.029299254659738937,3.7683336149656923,-1.4403733610485017,2714.481223454814,1651.0598430484845,1173.8287039560535,0.0,0.0,311.1124450152707,0.2365443932444032,121.97902999761462,99.17484984007845,118.6890555432102,110.16082161480975,117.59086258222382,129.71303911243132,118.48153183055263,128.18872992731843,105.80032012175735,99.18615473454426,24.86430865151263
1939,1808.2670934042728,1651.695115766476,0.7152472278396527,0.388394012525791,-0.054236162680989,49,0.0,0.012812146580063818,1.233963385906822,-0.22825568381652558,1808.2670934042728,1651.695115766476,926.2683005962658,0.0,0.0,311.49002733931906,0.23681658172145878,71.82343740118526,73.14714697527992,82.69994738375256,78.62413895866223,84.41932191038373,96.34099609731611,100.94654354160757,95.7584209637604,122.71823501855326,89.16898933033767,30.621123015427035
1940,2398.445736808963,1652.862121893085,0.849970900627651,-0.40057919301559125,-0.004562166553903587,49,0.0,0.04035057271567944,3.9647989154473464,-1.495552914741779,2398.445736808963,1652.862121893085,1303.1978749026573,0.0,0.0,311.2441211431061,0.23729910927125747,111.9985678492637,121.66271675576749,139.08359033649572,139.39555986160627,133.6843523974734,137.78523205181745,128.61773511821195,125.04431471654833,122.57251780990254,118.09203119555583,25.26125681001472
1941,1005.2194997950261,1653.9382854716505,0.6279607552323908,-0.3682858702599624,-0.061576930923945214,49,0.0,0.9647204093712133,136.6511288630678,-5.339033059280922,1005.2194997950261,1653.9382854716505,13413.192586646146,0.0,0.0,311.8246317381836,0.23774927820149774,1143.466111794545,1316.9650562280792,1264.6952917643853,1358.535954214496,1345.5879868225911,1352.835942039451,1312.5483622240054,1349.1479986254303,1340.5947049483575,1346.3116019505328,282.50357603427165
1942,1318.531625194069,1653.9109930284676,0.38887355793575024,-0.2759704923498638,-0.13221682536186768,49,0.0,0.010083776134105691,1.3120637542868565,-0.29488734572081404,1318.531625194069,1653.9109930284676,982.0945606820112,0.0,0.0,311.69408528986224,0.2377396342833725,91.13629798484448,84.63733997832828,95.10561281884159,104.53341222043794,106.30011692150899,94.22252446405487,107.02307346028428,97.22055174548315,96.5991465903405,88.72773289296089,16.588751604926316
1943,1355.3077300328978,1654.353044371588,0.5347200120956872,0.1651190044698885,0.21259531607003693,49,0.0,0.01462372872433816,1.7081553715786084,-0.5813184275193662,1355.3077300328978,1654.353044371588,1019.3376788291494,0.0,0.0,311.67876183971737,0.23792394389686367,88.0004839597706,92.53735840520395,100.22271185733098,86.59514876116612,124.76291128743283,112.24984775942254,93.52206985727473,107.45951924532307,92.78339192172663,107.31208946070765,13.89214631379038
1944,1478.6235142075616,1655.232536815851,0.36577122245805416,-0.0984981324768843,0.13570208470098438,49,0.0,0.018687690675390695,3.1811623850192885,-1.2564645964699488,1478.6235142075616,1655.232536815851,1118.280093400205,0.0,0.0,311.6273799201084,0.23829068366014428,107.22585986652055,112.4318511786556,92.10923394910377,121.04984965250785,118.57297222412612,104.87603380392946,115.94196592314498,103.95110953122457,95.02834010553437,117.17979637459688,29.91308079086094
1945,2868.314468021214,1654.6910963529258,0.25370936208320183,-0.2084152059558241,0.18396585559202439,49,0.0,0.021421518166860953,3.77813440284575,-1.4431935084854597,2868.314468021214,1654.6910963529258,1258.2263798958302,0.0,0.0,311.04835204957396,0.2380550593395374,110.97946381233388,111.3353517498412,125.57354002169765,129.23528552591443,145.80759863111416,111.03964357557487,113.23985241363599,139.1146971570903,126.58228970202009,129.7709016115911,15.547755695016402
1946,1385.6882639086846,1656.5218931134632,0.5309183937269938,-0.5174247505935584,0.08058439988638202,49,0.0,0.25645710290489165,39.37971285565154,-3.988181362690831,1385.6882639086846,1656.5218931134632,4887.197160054714,0.0,0.0,311.66610321654116,0.238827717547957,529.4855122787014,445.7983376733823,462.86211477610425,464.28098224272696,485.327528212602,497.3945132204651,439.2777656480622,504.503237485784,459.4827810892499,502.19232523405515,96.59206219358092
1947,2084.1438470817584,1655.6385284915793,0.7029408496986244,-0.3654835156524658,-0.16817294673281052,49,0.0,0.09356062122490458,11.617363891684969,-2.6627689825337253,2084.1438470817584,1655.6385284915793,1986.0307302790293,0.0,0.0,311.3750784613994,0.23845846550963662,195.84025516176467,203.94603210662376,181.05286723434568,203.42493786859256,193.60955689079788,177.55994307437032,172.1197028583021,199.4718825197695,232.3411342763834,201.03364536232797,25.630772925751465
1948,2323.5180365273845,1656.3411136280595,0.5797979422754724,-0.39831845235965346,-0.05898227033749913,49,0.0,0.018100942286871972,2.259020824736302,-0.884800586183573,2323.5180365273845,1656.3411136280595,1105.6305569327785,0.0,0.0,311.275340299437,0.23874938397042952,96.52790165563107,115.37608325966845,119.76588109506513,113.69161140822109,126.68928414973958,121.47243252675429,77.1306002988324,99.73808775927779,119.32484798272976,102.66660181666839,13.247224980190666
1949,889.520565030635,1656.900562866706,0.562482621959155,0.05665881746214245,0.04742159323159145,49,0.0,0.017425254579261418,2.2102535657039413,-0.8611052496754878,889.520565030635,1656.900562866706,982.6285169671802,0.0,0.0,311.872838972674,0.23898259364851615,84.4767186531669,102.50259956022367,93.85468393474844,97.76249034516401,100.69977043389211,88.78956517857463,93.32790764957896,110.29037722208477,85.54870410918215,109.31378052848042,16.061919352084097
1950,1827.191506074887,1657.3888521022213,0.7734179319697078,-0.33477340564764,0.2157297067363465,49,0.0,0.03714529120043709,4.062514097929847,-1.5219872027473365,1827.191506074887,1657.3888521022213,1317.4816948658486,0.0,0.0,311.48214210554704,0.23918891678514181,102.72099914235137,114.62082433298238,168.82807160021494,131.57013320038465,118.41833617683258,114.93759499567683,121.93152129839342,155.12278464536746,122.7743632096407,145.17704424156713,21.380022022437075
1951,1038.4411232560012,1657.7676384628978,0.2566361338967295,0.5161272349110932,-0.20329495086357127,49,0.0,0.012696666582334514,2.3321302590646225,-0.9193820097426324,1038.4411232560012,1657.7676384628978,1084.1814402826196,0.0,0.0,311.81078954667623,0.2393450700726117,119.46192919438653,93.55677765324899,112.40213340604521,106.02645106291206,95.34348135931674,105.40713665692593,92.50520318337693,113.63409036151488,115.26138904098237,112.54724471415238,18.035603649757697
1952,2180.797696153392,1660.6828417804961,0.4383296069394772,-0.04937710420302794,0.026658688545741754,49,0.0,0.011520886938114955,1.5032810315908929,-0.44260044391581105,2180.797696153392,1660.6828417804961,958.5916329584886,0.0,0.0,311.3348062497582,0.24055959522205528,77.78443744895029,91.51842558626728,100.28125879577885,89.54274299810342,107.59403239383334,91.88078765475058,89.67841989613646,105.64769215375094,81.52269235093077,99.51263233152726,23.628511348459366
1953,706.6761372372379,1661.4334106973454,0.8011986000533696,-0.2490067476777661,-0.00430305490433892,49,0.0,0.02797387002019739,2.9560162871852294,-1.176767056559325,706.6761372372379,1661.4334106973454,1033.2682915658752,0.0,0.0,311.94902224812256,0.2408693857965998,86.00754081047789,120.24609490963073,117.48619095179316,98.965413998908,90.63340911491517,94.88402682343077,100.46749657159779,81.68900796648097,115.11568450596818,103.43039635547723,24.343029557195287
1954,2376.0080693961672,1661.5255372650563,0.5653015215768538,-0.1950458817148366,0.03085006924252038,49,0.0,0.05314718219197956,7.579088863843708,-2.19904249785684,2376.0080693961672,1661.5255372650563,1550.2783091351016,0.0,0.0,311.25346986810416,0.2409090291794574,136.5091266343797,134.13266135895117,139.11443986494464,160.768612274558,142.63206658682168,165.20655496941424,165.07097041904353,169.3828598819036,134.92272084183085,166.49302362336982,36.04527267988438
1955,2501.9029937973437,1661.4631782901258,0.5835404242792445,-0.6756465974770065,-0.1290557149918223,49,0.0,0.03316109540951786,4.470959181736936,-1.6260017623309326,2501.9029937973437,1661.4631782901258,1219.2902191915246,0.0,0.0,311.20101514558917,0.24088170203377146,92.23731189062,119.52851202683804,119.62292740231898,142.91286939575434,131.43851893344322,110.73225096493522,105.97014584035622,136.18388849218434,118.5670990709682,125.02988564032854,17.066809533777324
1956,310.44881510974625,1662.8831656060586,0.8114995867553056,-0.48716655070028564,0.09517884205423222,49,0.0,0.02739181561644525,2.805765348233147,-1.1201283682376437,310.44881510974625,1662.8831656060586,1247.8990463014175,0.0,0.0,312.1141079056856,0.24146791270414167,106.68714167248774,118.43934952971908,115.99433224193149,117.41152684955486,114.32729547526999,135.60991854894465,137.5386551953933,146.16752485112113,123.40391707340098,110.8183147449088,21.50107011868542
1957,436.8442784456676,1663.3174085842002,0.8854549180227169,-0.4351558871133041,-0.12362840724292845,49,0.0,0.02645215493741232,2.5289746948626326,-1.007361209445922,436.8442784456676,1663.3174085842002,1121.5127732444591,0.0,0.0,312.06144686837575,0.2416508208550576,90.11004058944857,105.48733227192115,118.04880389732999,130.61641954144812,111.06070377507088,95.51649167575512,101.78837154795713,123.24727141625326,118.88197927695572,103.00939629081671,23.74596296150252
1958,1688.053956619935,1662.773264480022,0.5919258534254889,-0.7607317293512806,-0.3602204434696311,49,0.0,0.014916637732597042,1.5029085128859379,-0.44233136105127074,1688.053956619935,1662.773264480022,1114.9791874283433,0.0,0.0,311.5401164986917,0.24143269760678623,93.2514825701476,112.72030141730286,89.0953824260906,110.46658780660869,98.59310833499356,122.30834344941464,111.64340843150006,121.68143093030692,105.9712785384896,125.34031818264496,23.90754534084385
1959,174.97385205203955,1664.8364019232695,0.24855046391593372,-0.09643610033438489,0.4099384118385831,49,0.0,0.010597153226468587,1.427729035242395,-0.3866144792704684,174.97385205203955,1664.8364019232695,1048.4746167482,21.44211808003627,1021.7864470841653,312.17055082647863,0.24227936849630213,104.37639056818438,104.93412403757625,108.13153952879901,94.82255900319589,95.02184138339084,103.81706226552024,98.82497855667697,90.18059628320465,112.17087519435155,114.0286730308012,22.16597689649919
1960,689.5892820204664,1663.9812558777576,0.6003601716669532,-0.5287673303380058,-0.12778850291427415,49,0.0,0.04562374358190925,6.2553140935512115,-1.9906228037272058,689.5892820204664,1663.9812558777576,1330.4773545750343,0.0,0.0,311.95614155320584,0.24193076804513547,121.27452376192315,131.74141418550525,123.18698614982043,116.36551728188829,129.36129277159384,128.6094395270555,144.791946831029,136.20181663714044,141.2826800359215,121.31479399593726,36.34694339721959
1961,202.06733378376012,1665.6728260071875,0.6429244922385289,-0.573021858405206,0.7949258602760747,49,0.0,0.022375633453198655,1.380354229077224,-0.3499763754099022,202.06733378376012,1665.6728260071875,3369.7731514723364,0.0,3290.2968500974575,312.1592629795862,0.24262835054937848,297.70093515201864,343.4932410648305,327.996942069052,313.61606309974354,323.3630395623057,336.5279771656976,361.6881545849121,342.77074109400286,336.3462625008167,303.5301166221764,82.7396785567802
1962,669.6270364508383,1665.7398234382997,0.6037885174055209,-0.38469275271911924,0.5474263462427539,49,0.0,0.01102751567302205,1.2313010521447822,-0.22591062643954427,669.6270364508383,1665.7398234382997,879.8092103476995,0.0,0.0,311.9644588744065,0.24266325238640093,95.18056310953065,73.55895366293404,93.00848585226746,96.1768932404054,79.5078640273055,83.46505063337366,98.9017123264386,79.08760661236295,77.00055831274014,87.8959689546796,16.025553615661494
1963,811.9277674175617,1665.0599288182154,0.43758486112217015,-0.4498389076606277,0.006626780622687633,49,0.0,0.03246385213913004,5.5171517393305045,-1.854287321525532,811.9277674175617,1665.0599288182154,1293.5942409775298,0.0,0.0,311.90516869482445,0.24238153764246093,132.867874429249,129.91061543035207,116.70959092900969,120.34922860624287,132.32180355251202,138.15336785820597,111.41169163174372,114.13824170247312,137.7272190230508,129.89485597171281,30.109751842977545
1964,2814.7310564465865,1665.3531193469619,0.6791464471814642,-0.08683244121912703,0.05979702883307129,49,0.0,0.0642173683509192,7.560732709829164,-2.1964097124356243,2814.7310564465865,1665.3531193469619,1769.8871689092502,0.0,0.0,311.0706766958598,0.24249823201911996,162.57306211612925,151.98037635837343,195.7389695703955,178.65669187398237,175.600077747283,176.3548679931428,174.47299481198533,173.72278295241546,170.36933695683942,176.45884593808958,33.95916259061409
1965,2188.2617352918314,1667.3811027637614,0.4806658968939618,0.1885261213127872,0.6616451744509317,49,0.0,0.01023217695929427,1.2001507034467542,-0.1980894600479892,2188.2617352918314,1667.3811027637614,958.1656054775176,0.0,0.0,311.33169621757213,0.24335045574981823,85.657432516927,101.52030950235634,104.0043373972635,81.45587010167387,101.0806032845867,103.32551599450787,92.44387114623893,99.07168659760671,79.53125365714371,92.93827656599146,17.136448713221412
1966,210.72212434474085,1668.757614687421,0.43512795068709403,-0.5756376688399752,0.8369767525320572,49,0.0,0.053652932788173915,5.485864105769265,-1.8481126129627847,210.72212434474085,1668.757614687421,4135.396726132598,0.0,3539.6849163688967,312.15565720439946,0.2439137680264683,380.49239988821523,392.2241706494209,395.46544988489825,426.61477441820375,397.0447979366186,394.5930314268717,426.62174146284497,416.67743641073724,417.71330316423166,410.42106704726064,77.52855384329469
1967,302.05088514803657,1670.597784111339,0.6701662952121185,-0.6705005823262156,0.14682870771052534,49,0.0,0.015663281009202216,1.497207541298706,-0.4382050148746057,302.05088514803657,1670.597784111339,1093.416213585296,0.0,0.0,312.1176068780734,0.24468205425311332,98.78064371603794,105.43181418130402,98.70398269150827,115.75474940165738,114.66870288915248,116.8494565127096,114.1279916830476,112.41997308690247,101.08900972790421,97.26880919411607,18.321080500955954
1968,1471.0805896590548,1672.1985612504611,0.6016427694626966,-0.21431902661553145,-0.3513466236489418,49,0.0,0.02206007921365861,2.6269614737606983,-1.048634258996173,1471.0805896590548,1672.1985612504611,1148.847379889944,0.0,0.0,311.6305228546673,0.24535984393035504,120.83116856727679,126.16681353986698,98.16362580280841,107.41778101493745,104.00032720722595,99.61307926228044,123.07876401465498,111.28322581470417,116.49530304858034,113.5959463653513,28.20134525225712
1969,522.1671971298666,1672.8022483832415,0.6006491038933744,-0.41957937751431945,0.012581363848659273,49,0.0,0.15238829368396972,22.60695487021118,-3.3856051683436728,522.1671971298666,1672.8022483832415,2708.067656746362,0.0,0.0,312.02589781996,0.24560393723432192,221.57116445324888,268.40456965052704,270.9246343673484,239.16472644351427,250.87833334469212,274.3576462636221,305.4566690273903,251.83563383537535,286.34274002953055,285.6820911961718,53.449448134941285
1970,1177.022219671398,1672.9264038862466,0.4468859810143149,-0.18706955443942194,0.09593643111908914,49,0.0,0.02376419546410492,3.767719664044278,-1.4401964544582428,1177.022219671398,1672.9264038862466,1173.7772746980081,0.0,0.0,311.7530477439067,0.24566205534252905,106.92497050345483,100.73377529423055,121.73519923319084,120.97651192739632,126.47346510964233,92.1627801959764,121.90238644459805,131.92798175269306,117.2086282701691,110.13475094647015,23.59682502018648
1971,1505.800975340241,1672.3006493817886,0.43214580449064216,0.3416909247494605,-0.018785501747420445,49,0.0,0.010389599006015418,1.2900421497731396,-0.2765097507768758,1505.800975340241,1672.3006493817886,945.8645460555233,0.0,0.0,311.61605590641074,0.24540243111598686,84.39853325956062,85.9090865841654,90.75797124457716,97.69988097343612,98.7775892884754,107.88424424875649,85.65557609760685,102.27577594001075,83.13072880132196,91.73035769660846,17.64480192100418
1972,2655.196531438962,1673.4862838123158,0.27938795877868344,-0.48942595055188554,-0.17395620640294004,49,0.0,0.01078739062901829,1.7215613702378532,-0.5898062726272728,2655.196531438962,1673.4862838123158,989.0842151468773,0.0,0.0,311.13714537326496,0.24588927094226384,84.47399614839254,105.02812768544902,97.1716194533074,98.10039071437099,82.13319755256938,108.32367839252579,79.00600668949318,128.2232551497123,101.06072506934507,91.62046960762297,13.942748684088702
1973,2634.447384170084,1675.2489056134639,0.3830191038833257,-0.3105864900944897,-0.1545184803730463,49,0.0,0.021587662809944723,3.5065231981847607,-1.362191791040308,2634.447384170084,1675.2489056134639,1179.474603806579,0.0,0.0,311.1457904102834,0.24662395748364446,98.55500648019503,115.29726110533004,119.8203183067663,122.26736198159271,123.25883808522657,104.70793565695102,111.04518859454402,118.9968307467093,115.32557925211304,123.86856361212857,26.331719985022385
1974,798.6745629475238,1676.0959689493384,0.655517942523775,-0.41586548478916896,-0.07196847526960287,49,0.0,0.11090870958425106,15.1267905358757,-2.949366982910571,798.6745629475238,1676.0959689493384,2108.7561500442366,0.0,0.0,311.91069082832803,0.2469796732391855,195.47563226334867,190.67763302711387,190.38779555456372,216.8870419205476,218.64002942849254,209.72091045385247,212.95551436229883,217.65964601877573,207.80177534060354,208.21658508682435,40.33358658781526
1975,1002.3141145445144,1676.1718805504652,0.2084446765441928,-0.7876532498261314,0.043711608896959825,49,0.0,0.011590597487888583,1.7880723641788276,-0.630962727323689,1002.3141145445144,1676.1718805504652,1109.429082184506,0.0,0.0,311.8258424544682,0.2470131646362756,110.5604354202516,110.62212285270863,100.61481216384526,104.50221605294844,92.91977883659848,128.1232008721562,113.40817267713655,113.9391820132343,106.74728046785515,105.04701232714277,22.944868500628502
1976,1059.6046397965358,1676.0200273433752,0.6281602240490793,-0.434121725315362,-0.020237235846478213,49,0.0,0.019016621570693205,2.2547052366782956,-0.8827244337705119,1059.6046397965358,1676.0200273433752,1048.8980042680348,0.0,0.0,311.80197159296296,0.24695031921636884,86.95091722718144,101.37401422205325,90.26804644163927,118.03045226298933,100.60504221206114,86.00112709109983,109.12967151669748,111.26295833231752,117.28831559134503,106.41287988798715,21.574579482663438
1977,2309.5119404712336,1676.427953514203,0.7156908072400983,-0.9279810327412179,0.03547844317178006,49,0.0,0.013586725272805139,1.3994644388170692,-0.3649046681849173,2309.5119404712336,1676.427953514203,927.32869107309,0.0,0.0,311.28117590245057,0.24711891402232936,82.34389067649006,100.97773387183139,88.57831626067278,98.00743540492206,84.54234586732952,88.31249630552784,83.51435540056305,104.8498517021074,93.79775771388552,85.89504152632716,16.509466343433253
1978,1490.711914661985,1677.3320306329451,0.37760645771425344,-0.33298419109815164,0.38236427409018703,49,0.0,0.008180889595229017,1.0953029984116915,-0.09883569139996447,1490.711914661985,1677.3320306329451,897.0703545253651,0.0,0.0,311.62234307465076,0.24749881866770387,76.50975300784079,79.0632557254226,87.87092920026396,113.16234002971073,62.89475327535601,92.01445178452826,95.19549615125312,93.19306807045767,103.36994908635698,75.65175853710063,18.14459965707437
1979,1640.9583036237927,1678.6724584539957,0.3240704568487958,0.5436616717382011,0.24820989780428385,49,0.0,0.009108111123714178,1.44913836964069,-0.40277463914783435,1640.9583036237927,1678.6724584539957,918.4460996704595,0.0,0.0,311.55973984787056,0.24805739822953812,92.22960679148977,68.7617558461843,101.36866832772057,103.32022224841376,96.89529119853631,72.29468874522742,101.1729803466879,89.1996201337833,80.52862137626481,95.30259739556726,17.372047260584065
1980,1943.2749176148855,1677.8120837663153,0.3214544094403115,-0.6582077853143372,-0.1965392769974527,49,0.0,0.010443235572366694,1.8148227638013843,-0.6470855452464165,1943.2749176148855,1677.8120837663153,975.0896074114756,0.0,0.0,311.4337737305496,0.24769815006323917,83.0735028569525,91.07343957059621,99.05398950713615,96.08298029809725,101.50073187653513,89.1307313261336,108.11965915081632,102.96026061396108,89.3859086044643,100.0414645196843,14.666939087098797
1981,2214.988380225496,1678.1615532166568,0.5266410668588835,0.9402824479762992,0.7883354953693767,49,0.0,0.010299935779248688,1.0646242185862906,-0.06799085372473126,2214.988380225496,1678.1615532166568,920.6484128775852,0.0,0.0,311.3205601537439,0.2478420572523758,79.60003368906025,92.65470006697178,90.5527923122668,102.5076479426662,86.9762004938952,114.37157375687015,93.69469981873705,81.34655237902341,67.45291968412255,92.36350381794267,19.127788916029132
1982,3114.6989396986646,1678.3484605824092,0.46425970820816953,-0.7465313039995731,-0.3799465574012675,49,0.0,0.01234704236287288,1.2875381273827597,-0.27440024625738035,3114.6989396986646,1678.3484605824092,984.1913378952303,0.0,744.5271037975511,310.9457010982168,0.24790738031137433,122.26365015806607,110.75138660463968,94.32067850673397,85.53895916027054,90.96770348392866,93.79105442429281,101.816674990971,101.89998695584089,73.312409017286,83.42496790462287,26.103866688577703
1983,1070.6415862384115,1678.5524364627063,0.7818209857231707,-0.831801747631408,0.2251845665930182,49,0.0,0.01276128343511925,1.2446141710396725,-0.23758685376417885,1070.6415862384115,1678.5524364627063,924.1609473441315,0.0,0.0,311.79737290825994,0.24800555869002877,95.23477825632017,75.37518456118121,104.45511549807455,81.00090393079519,89.53630235381235,81.20790906383618,98.64626812538566,96.34387356592846,81.63332203331991,104.44244664540687,16.284843310071036
1984,2023.1099986719814,1679.6674229963348,0.518311318378264,-0.2100229147748888,-0.11641599820479018,49,0.0,0.039486621633047884,5.891347364054418,-1.925536575616305,2023.1099986719814,1679.6674229963348,1328.4882364426644,0.0,0.0,311.40050905748905,0.24847080395578122,124.6753682460955,128.19096325424738,148.86385456430355,117.18987210670751,104.57209094298062,123.17036731509984,142.4750671093446,134.59391635596407,137.96105025225083,142.20804578531323,24.587640510357247
1985,1454.4389080088056,1681.089662138605,0.6699511409881554,-0.53764607386099,-0.4211226423727633,49,0.0,0.011642881744744317,1.191461591463392,-0.1902001169488096,1454.4389080088056,1681.089662138605,995.2727966177515,0.0,0.0,311.6374569591593,0.24906443632956088,89.36789147419364,103.63635446956692,96.63227877010576,111.81257556343658,96.15086090465851,95.33288565876242,94.7960336354111,88.12235918556961,103.8511443878082,93.56050045573218,22.009912112506644
1986,1768.9478118513719,1681.058000805329,0.7273712040919842,0.980427810955622,-0.2431309621339041,49,0.0,0.012707528209991683,1.1937912677441977,-0.1923209945555412,1768.9478118513719,1681.058000805329,1720.3871455141507,0.0,0.0,311.50641042496943,0.24905119775154225,131.97461738524282,149.27184309785045,158.3064844897101,195.5258665306519,165.5655663305002,193.8299751676299,175.4588793856368,148.71087560505265,181.37267191833837,183.40255645053767,36.96780915299995
1987,1978.1157018622446,1681.3223272389196,0.724110127415128,0.24667085731344415,0.09717062381706112,49,0.0,0.01384785238360786,1.2610704027043205,-0.2518483323179161,1978.1157018622446,1681.3223272389196,964.3993050106341,0.0,0.0,311.41925668832715,0.24916058111978978,74.20797557446588,99.78805410228202,81.2801500385541,102.2352961974128,120.19264972725077,109.44043205493236,99.02124506772381,79.52579613420963,89.89147909715666,89.1442025809054,19.672024435740596
1988,2774.571487895784,1681.5756170079712,0.5800373114860006,-0.35431417812299587,0.3721654229495361,49,0.0,0.01503645294334989,1.819930772968351,-0.6501371712131742,2774.571487895784,1681.5756170079712,919.5256175946162,0.0,0.0,311.08740851843885,0.24925797274601816,79.51937793313958,92.30716838317394,85.8698734871908,82.8146247328003,84.55168822164988,80.2474434406885,104.1137324273302,93.79810320899352,102.09010878541355,97.51329026134106,16.700206712894865
1989,967.6900369902792,1682.7134073634836,0.7836217835920106,-0.46083483067183656,-0.05260863175842464,49,0.0,0.014517137089469292,1.3651173970919728,-0.337925003381273,967.6900369902792,1682.7134073634836,926.2207259537824,0.0,0.0,311.8402690433975,0.2497384926601089,83.07946996100583,87.95173814982704,88.81428363177025,115.37536282750818,83.56151717173174,89.23754187354415,81.98540030079465,104.115363223668,91.28655951805567,79.63013765866106,21.183351637215836
1990,1538.7345154709642,1682.8455646283992,0.6255900857410507,-0.3209486843405078,-0.3589193974916851,49,0.0,0.014750295421752484,1.7402621532220404,-0.601536688410523,1538.7345154709642,1682.8455646283992,1012.0893245356099,0.0,0.0,311.6023334859559,0.24979617741421617,91.23474591612063,103.57315774600816,108.83589292999397,97.74818196715563,101.60734380186076,94.74287688757175,100.02964647727228,98.77151600280044,103.70912377622324,91.26004816099527,20.576790869607745
1991,2828.6884084588514,1682.4913001579066,0.6335665721335706,-0.04129580015005474,-0.3205793923643698,49,0.0,0.012817619587499164,1.2466478258326756,-0.23935945988105217,2828.6884084588514,1682.4913001579066,998.6515333749768,0.0,0.0,311.0648612998746,0.24963863525269397,80.75752379925086,89.70464810774301,109.92177316830829,95.14421934824574,106.01086163293245,95.69322200371182,108.2358079470805,95.62160130866553,112.97344639041167,81.58708243593435,23.00134723269257
1992,543.9431711062465,1684.2368258229321,0.980399374019206,-0.22353072005136604,-0.02366807075929642,49,0.0,0.04302218058129948,4.115303688619248,-1.5360047236732841,543.9431711062465,1684.2368258229321,1378.005801439008,0.0,0.0,312.01682509978093,0.2503685042355122,147.75096106316025,119.65266660367114,136.4036187103566,113.2542844450091,151.56476526551808,148.55828916837078,137.03880401842122,140.43396499643785,139.7108003582316,120.63232091290297,23.005325896928472
1993,1762.8077405516162,1685.3725901723296,0.6761933576955976,-0.3383719444676295,0.10217097835963304,49,0.0,0.09377296571079677,12.476153504461333,-2.740201774007727,1762.8077405516162,1685.3725901723296,2047.3715288680899,0.0,0.0,311.50896880005996,0.25084895479255936,173.23209271954795,187.65484067263702,187.980822126271,216.6391184013868,184.39619817605472,241.70365432964886,197.024307591432,191.2037850822665,224.72729961473982,193.2265019783655,49.58290817573975
1994,874.7541962137897,1686.0480937769144,0.6582029675833808,-0.3483903942277332,0.015244689031036191,49,0.0,0.9124240625029186,127.6030150170298,-5.264652340151522,874.7541962137897,1686.0480937769144,11800.90806964909,0.0,0.0,311.8789917524981,0.25112709170658915,1052.6031417227555,1119.129301014247,1138.9581692723523,1146.1770755588363,1142.6206533698983,1262.5982427072086,1194.2828917995278,1147.7856077236565,1150.677028002231,1219.7235271862364,226.35243129214186
1995,979.7725308868845,1686.6740952665036,0.5198452311579088,-0.01586259935963005,0.6917654728899081,49,0.0,0.01239763306632933,1.2500501698816298,-0.24231860865116223,979.7725308868845,1686.6740952665036,1096.1488918462499,0.0,0.0,311.83523475662685,0.25138886187126064,106.12326054974845,105.23288508287467,117.8930995877647,110.90590530864864,111.97990228987516,114.36717268141228,103.04036507382105,101.1491550239572,119.01837638860272,93.44789029649495,12.990879563050054
1996,2363.1863558014024,1686.4637022688894,0.8367882739386462,0.06823606514804821,0.1257735551809884,49,0.0,0.015650874536756686,1.4603382787783685,-0.4111336730051946,2363.1863558014024,1686.4637022688894,1260.7955559867846,0.0,0.0,311.2588119115976,0.25129989407563497,128.24947348711441,126.94457268156455,114.68573641624357,120.67125936285413,122.75256385395255,130.56790192545952,126.94067398300466,116.95952202879977,128.86923543647453,124.6443646907654,19.510252120551645
1997,383.16795720616005,1687.1220586251134,0.4773394072617222,-0.42479909021701895,0.012367091271605781,49,0.0,0.01593345542097227,1.8646175819671196,-0.6764744374511227,383.16795720616005,1687.1220586251134,1071.3704399471349,0.0,0.0,312.0838108525111,0.2515682168605173,93.51024591694225,98.8772474298294,101.754575153404,124.75775912216912,109.40014125642374,98.78130359532688,115.07432153868758,107.20384497761555,107.12205921218069,99.94836276861312,14.940578975942428
1998,550.821248359101,1686.7770808487749,0.6264735680832816,-0.9878871059006099,-0.052485568253471726,49,0.0,0.02162254164211953,2.5635854233263506,-1.0221194837478056,550.821248359101,1686.7770808487749,1399.1091275041763,0.0,0.0,312.01395940589794,0.25142700849161204,126.17381370884893,144.8893744946804,140.494802481254,119.21856837873372,152.65786066239923,143.8933421480112,162.26265423612102,133.71265940996562,128.589221901133,131.52492171162913,15.691908371400135
1999,846.7551994248585,1686.7914812333095,0.5989067620289994,-0.006085546217823896,-0.1042684696004472,49,0.0,0.009128056161462022,1.1009187534218652,-0.10438817426289417,846.7551994248585,1686.7914812333095,865.0368319939812,0.0,0.0,311.89065777969006,0.25143655663781855,77.31290432954978,72.93271176853729,90.42360410910061,90.72790859353364,90.04588121008038,71.24427394422736,75.1686830919073,85.76621454877423,81.83623484974498,109.8444441961866,19.73397135233899
2000,2005.8814474804165,1687.3289016890258,0.42489750815800575,-0.278566381248567,0.03379071971774928,49,0.0,0.01159508090486042,1.6310291709826805,-0.5311543211836421,2005.8814474804165,1687.3289016890258,937.9591221006647,0.0,0.0,311.4076875863267,0.25166316543278666,98.90554660131377,90.61123515854283,89.5303126119148,102.75595705902431,82.21861968777762,88.76110294774438,106.92035951567595,88.99129428882398,75.11362409255938,97.48065793040047,16.670412206887093
2001,466.60031323782874,1687.7631870836651,0.5352102905357669,-0.5255751836510794,-0.10049947564692167,49,0.0,0.029412147320515367,4.010426130773031,-1.5079763033776215,466.60031323782874,1687.7631870836651,1264.4892887852798,0.0,0.0,312.0490495927407,0.2518366493777449,120.70380973515991,118.5093081198464,127.2538398798737,120.83967511742415,138.1954079096431,125.9641460070109,123.53005513533012,130.0073160488464,116.23537278960197,121.27219724495819,21.978160797584916
2002,593.6740592688388,1687.3268436155681,0.7252748156665122,-0.03598115835353029,-0.2772736669132856,49,0.0,0.011855160120571097,1.1634816585560461,-0.1643988533484816,593.6740592688388,1687.3268436155681,866.2423597929453,0.0,0.0,311.9961049044192,0.2516566559514746,68.75319100323605,78.50054310098074,101.51867903664996,86.19735193400867,87.08147027632317,72.38377268823707,85.68486302571932,74.66299639615332,96.68723752168711,93.975048610826,20.79720619912386
2003,742.416973414135,1687.8485756442801,0.4504764324640777,-0.30298947046851527,-0.05568447031016574,49,0.0,0.011019104536908653,1.4946268738876305,-0.4363319668734697,742.416973414135,1687.8485756442801,921.3890989125298,0.0,0.0,311.9341309655764,0.2518758857944628,67.04167257054199,106.53973314799066,90.44907923200373,98.83497711113168,83.32464617178793,93.69937017191384,86.17767492929086,100.7664178019835,71.54216349558425,100.4395242516519,22.573840028649414
2004,2370.921555938722,1687.7719047789055,0.5254201158883004,-0.17538312976443815,-0.09151690066076569,49,0.0,0.03830198024471248,5.6018772309487845,-1.870833966812529,2370.921555938722,1687.7719047789055,1420.6357350364024,0.0,0.0,311.2555889698398,0.2518448908832574,145.89357277982072,143.20176670520073,120.17447961360405,154.77313385082232,121.11782764614895,153.3066723386956,140.57422023569424,136.76079753833545,153.33782339852996,126.99366456222043,24.501776367329818
2005,707.1104205483645,1688.896485483294,0.8477043310346032,-0.08003737672444028,0.25017253142910967,49,0.0,0.014016406695555648,1.1826289298647923,-0.1821212466250917,707.1104205483645,1688.896485483294,1014.9670161039529,0.0,0.0,311.9488415823979,0.2523120936574472,89.22467532587731,100.55577363196747,97.3708797915501,119.80158096203292,93.29158835547129,107.31016748524988,90.68284024332654,84.15150073666172,112.4638058936392,109.08666130912735,11.027542369049165
2006,899.332430300947,1689.2649475285455,0.525084716524235,-0.32364183127391444,-0.1380419573175258,49,0.0,0.07524151282653477,11.422817535200943,-2.644433098887383,899.332430300947,1689.2649475285455,1945.1205152398434,0.0,0.0,311.86875102665186,0.2524676623549288,173.6239822035095,190.59846349255756,170.28328224530964,222.2001017020194,182.1029172829639,206.09916081340822,183.10052600198654,182.5030418384701,198.26643769040427,198.2089657135397,38.13363625567471
2007,2107.26320733953,1690.003670861224,0.40195465206993947,-0.48475510346268313,-0.30171901416604524,49,0.0,0.009107525597253495,1.099362689763484,-0.10285248441948099,2107.26320733953,1690.003670861224,949.5763488170602,0.0,0.0,311.3654452384624,0.2527770291824993,102.50601943382541,76.66951463539101,97.00928248055871,86.61748548279289,105.58133284284092,95.50252909017068,85.10291306146756,99.78763798580121,79.93345225503012,105.00744166367235,15.858739885509406
2008,2173.8871589526016,1689.221965859657,0.23442630774118556,0.5936987318509032,0.7148334201766761,49,0.0,0.006824448175235735,1.043815280289267,-0.046559125379695844,2173.8871589526016,1689.221965859657,898.1613645675287,0.0,0.0,311.3376854282089,0.2524508407281384,102.40961503465789,78.88755310711126,105.91712518292364,75.85602654640579,85.64247751520686,89.20675980144384,94.04791051686578,85.66498046674137,74.55784770485307,91.31816980067816,14.652898890641008
2009,2186.587357333782,1690.216719328581,0.4523557394557943,-0.7754336392124571,0.083193579661256,49,0.0,0.011425864646705752,1.4474715801981382,-0.4015251137546566,2186.587357333782,1690.216719328581,967.7580086232825,0.0,0.0,311.3323937160357,0.25286521910279164,91.55719948846263,94.94536400497243,96.7172229062335,103.96596286154181,81.68698075265186,94.67787083749994,100.94252525450908,87.75411906760182,89.30381802611512,100.94034794371709,25.266597479977236
2010,3042.187384856025,1690.4864972916596,0.5676445039652327,-0.13911513982776366,0.21905674274132728,49,0.0,0.0853555223987701,10.525087134553004,-2.555564249843828,3042.187384856025,1690.4864972916596,2680.177250692639,0.0,2237.060621784097,310.97591083413425,0.25296602066312435,234.7527144979154,266.2564861159516,251.4739918926225,259.6303376615518,266.9322808201803,265.72503494616114,260.2012448950549,262.0827867391825,285.26896593660626,256.86371341369477,70.98969377371814
2011,2841.359999013014,1691.0630893428051,0.6021018369776244,-0.23111607761855668,0.213665089338803,49,0.0,0.01695587935953835,1.8242325613431243,-0.6527005083222436,2841.359999013014,1691.0630893428051,1057.518019723818,0.0,0.0,311.0595817256244,0.25320986075442864,96.23484645371167,99.40828248103307,96.09812373181242,89.80192380026426,94.05910359830989,118.78822526772808,91.33745313511182,115.3981302547267,124.29402195298607,105.34706301513418,26.750846032999856
2012,765.8198116732304,1692.1390935994884,0.2076708458843053,-0.8791235455941958,-0.3443567656753115,49,0.0,0.014092874273043964,2.2590755564575673,-0.8848268911608537,765.8198116732304,1692.1390935994884,1139.8407677408518,0.0,0.0,311.9243801009605,0.25366383175813356,101.91041837030065,100.65176886302024,134.86088654664803,96.90184548648529,121.73832676043808,121.22421148384822,98.88629130571061,115.82127909305684,127.25955219789836,98.61443993824426,21.971747695201273
2013,1014.786876409514,1692.4949566751136,0.5495900412754842,0.37395725195474355,-0.06043266956816404,49,0.0,0.00944277839562738,1.1553127289969407,-0.1567488958390564,1014.786876409514,1692.4949566751136,830.6795438535354,0.0,0.0,311.8206456281095,0.2538144785704288,64.07443412927003,77.90618601330164,90.28186051403091,72.36282037442352,82.51317673423486,79.35426690045877,101.25373037787207,74.4850630681774,95.25401718091686,75.03694322227241,18.15704533857694
2014,1460.9558182618957,1693.3916866171921,0.6923317195349098,-0.43972475727113775,0.01120517622497759,49,0.0,0.3574032743506874,46.451055940901036,-4.167488977422327,1460.9558182618957,1693.3916866171921,5511.971055806882,0.0,0.0,311.63474157719037,0.2541902874380755,478.7944608718587,537.7684005614832,517.7343716107621,548.299809125222,560.8772565764174,561.8514080479308,535.6675781235792,514.3450154975932,566.5266324717493,576.4846882867475,113.62143463353831
2015,2252.436781880868,1691.9320657760584,0.36467428406116814,0.5581821219197931,-0.1964236148333288,49,0.0,0.010157642328312944,1.2687275122244093,-0.2584208939985875,2252.436781880868,1691.9320657760584,986.7683286050724,0.0,0.0,311.3049567382164,0.2535793933596632,67.03449194526718,103.00398027725453,101.0913642319699,101.01049571774007,114.12397574295278,98.55318310457045,87.93288620740277,91.25055419796064,105.02111240832677,94.64021369405145,23.10607107757589
2016,2730.529622952867,1695.9315807239877,0.9572965733077353,-0.419007407985758,-0.10715484081695535,49,0.0,0.018177306781702596,1.6059312157923402,-0.514317349801298,2730.529622952867,1695.9315807239877,951.553478270901,0.0,0.0,311.105757992967,0.2552400886474047,97.86554209197062,88.80336390235665,102.52016321989052,81.7177207831883,91.7863891064351,86.23208745558914,83.9301981713139,95.87932977586661,104.39198293320896,99.32417161963357,19.102529211447653
2017,1070.1728272728985,1696.772490538645,0.5665543228960198,-0.5076233219264704,-0.048737676051878474,49,0.0,0.11893975062935169,17.340034899754723,-3.097624918080531,1070.1728272728985,1696.772490538645,2553.680899357708,0.0,0.0,311.79756833350586,0.25559718510948687,192.94191988294153,245.75651806158788,247.9010909849195,264.5714241109556,241.81025984480684,248.4781023922061,265.15494165167365,263.70619876071856,269.47692256659275,266.1489465705149,47.7345745307899
2018,2220.170080169287,1696.9569341140116,0.7486062997565726,-0.23494517424225572,-0.1049078068510691,49,0.0,0.037733605627110485,4.3299331193545205,-1.5912029706065085,2220.170080169287,1696.9569341140116,1179.5562198762036,0.0,0.0,311.31840100299695,0.2556733413812641,121.8936565444013,116.02519814396673,89.63674392729482,125.33374287760252,108.86762195284851,118.02756802911043,128.3177924893189,116.91421075225966,105.68843941124669,123.87131073347857,24.97993501467547
2019,2425.222816498137,1696.8612427717724,0.6002200450584265,0.11725278666009879,0.0775595850908707,49,0.0,0.020122176964489397,2.5390667443518016,-1.011685293266125,2425.222816498137,1696.8612427717724,993.7456905799606,0.0,0.0,311.2329639066019,0.2556314684335717,86.68327977546164,91.09870691345999,98.76461208347645,85.65041119680322,108.78044086779786,111.60766251764281,85.67843426568768,93.92850974779068,112.50474752271138,101.99605486957688,17.052830819551946
2020,2630.38183682619,1696.9473103098062,0.8180778988444437,-0.4626182432620087,-0.13888244010013542,49,0.0,0.03004451280944037,3.16709797598368,-1.2516537468185576,2630.38183682619,1696.9473103098062,1136.1473068385922,0.0,0.0,311.14748405374144,0.2556647570735152,101.32963027803912,116.1337593577759,113.15952805979016,101.97208977336709,125.60135314178481,124.27309851697291,105.59885756146704,105.74901889193973,109.3789601542662,101.3549680512265,31.596043051962788
2021,435.7271571218442,1697.3900492669397,0.51566793843092,-0.24028563269095018,0.1636071912199814,49,0.0,0.013745133489203093,1.6617580330563306,-0.551419467154042,435.7271571218442,1697.3900492669397,1022.5484985248811,0.0,0.0,312.061912758567,0.2558472237070172,96.49031662475585,99.20212289006882,102.68593833680652,91.67240710781915,110.19051024629582,98.45500958024826,97.72359397481854,96.69174229807672,99.69027025236505,105.26780974184877,24.478777471777647
2022,977.1731607087169,1698.4817070774975,0.5806957195427532,-0.28351459715906696,0.04354714532272285,49,0.0,0.26842077553582205,38.75997557269985,-3.97095873669469,977.1731607087169,1698.4817070774975,4691.891951637298,0.0,0.0,311.8363178994587,0.2563086258756568,418.4846812779018,453.0837181622456,466.69695000298856,513.6180720591894,509.2686036131625,469.6512319662672,433.17431497699863,454.325293517955,453.04050672432766,434.45736173152926,86.09121760473255
2023,1979.0840415926725,1697.8654115546844,0.37026677525575646,0.3465846243621415,-0.5175732702130379,49,0.0,0.008085830225554659,1.0397772385452473,-0.04235076547520782,1979.0840415926725,1697.8654115546844,884.6512167014639,0.0,0.0,311.4188531413717,0.2560534990679977,80.2982028232392,96.69980690568062,90.07726801142117,98.73189274628187,74.13889374191535,89.81712241096722,96.980237167743,74.37801791109024,88.92512613295058,80.94864503578233,13.656003814392287
2024,2498.1533163059203,1698.004930137707,0.7428310611678551,-0.8554362671855134,-0.18336755351829437,49,0.0,0.011071517462049606,1.0990725936448007,-0.10256594620467019,2498.1533163059203,1698.004930137707,859.9043818699829,0.0,0.0,311.20257708421167,0.2561071453854361,76.96681571558769,99.38215604502938,72.88107523733497,97.38405134730627,75.17357684915743,85.47383188444526,92.15674689208754,83.19876595698263,87.24338680850386,76.12250942542597,13.921465708121952
2025,2316.0324762612763,1698.7327333771407,0.443074736983555,-0.2697895731678891,0.18624096354713715,49,0.0,0.030530778707230578,4.806454906001547,-1.7045621803274216,2316.0324762612763,1698.7327333771407,1258.3113408450977,0.0,0.0,311.27845887870143,0.2564123820369292,117.72755517003853,123.83915247303051,112.86573837567522,117.12565485893501,117.43201464142336,128.7329403025142,121.08576400858396,125.62054620516686,140.61256077095072,120.73949147919103,32.52992255958829
2026,2814.7045693930854,1698.5943198739667,0.6456597086207458,-0.21622602481650194,0.05082106773012321,49,0.0,0.014014356587005007,1.556228393330061,-0.48018333684624714,2814.7045693930854,1698.5943198739667,1157.7065385670767,0.0,0.0,311.0706872714388,0.25634818779860824,112.35641177832096,117.64354987961681,100.322895475287,105.83721442627697,127.4732953318852,106.92207902873082,115.15376821192001,107.06099132029229,120.47482232768674,119.88364746122883,24.57786332583092
2027,1801.5103662967497,1699.8019364357488,0.40640997743016655,-0.7213908592769038,-0.24415686481993,49,0.0,0.012663948487617975,1.707730055813173,-0.5810480550275542,1801.5103662967497,1699.8019364357488,1088.403036387363,0.0,0.0,311.492842549713,0.25686108000651414,97.21199979546253,83.27117221175683,118.30854214765604,123.89338452312617,132.86611079896238,85.53308995192549,110.99157544560279,112.77498213417192,94.98043735063209,99.36737264873291,29.204369379334135
2028,472.48718501183345,1701.139444034713,0.4770251177552402,-0.18847337683784007,0.05840349172844474,49,0.0,0.028502493454189596,4.179542301850097,-1.5528218128919138,472.48718501183345,1701.139444034713,1274.9594134640424,0.0,0.0,312.04659704415315,0.25740998831788653,108.64681134842839,136.55310788936129,115.68345897186424,115.61087702909956,110.88851174524676,132.81582814922942,130.858912859635,134.8675826275143,113.41878921175578,142.64182652349734,32.973707108410366
2029,1177.7527278928435,1700.704689108335,0.5467918580301667,-0.13202773931585957,0.062218897179043324,49,0.0,0.025774075260060203,3.5698024453006267,-1.3816104567442151,1177.7527278928435,1700.704689108335,1173.845494482534,0.0,0.0,311.75274349943305,0.25723628557091477,95.01933017567613,128.25975608854117,111.42754624503522,108.73848960032451,113.72294519314275,124.35559606954783,122.34568723160739,117.30183817170582,116.70286837080972,107.59147497247147,28.379962363671996
2030,2628.091692501982,1700.6280819041538,0.47519932808313253,-0.37906946973613587,0.6451562381415406,49,0.0,0.010804201285462648,1.1516081601653607,-0.15326183394649268,2628.091692501982,1700.6280819041538,1160.66486455798,0.0,0.0,311.1484381933025,0.25719840015258894,99.36044043970301,120.15542172150253,123.07063395418288,110.42096529817309,126.07477067653525,130.07436334003503,106.23653696526314,107.62764574230742,111.23190253169444,97.39939403764296,29.01278985094038
2031,2802.9196927298385,1700.7591391544233,0.5010840840551962,-0.2506843428023842,-0.006579468167550952,49,0.0,0.24556617630558275,38.13253435197801,-3.953239175425374,2802.9196927298385,1700.7591391544233,4920.425606599558,0.0,0.0,311.0755972758261,0.25725035391485035,443.9591280945203,481.5659879540643,475.11593921107186,522.1415435110246,501.53729331364957,472.8666659875747,474.85134905537393,470.4320057525355,471.08981441644903,504.20947075106255,102.65640855223148
2032,1501.9590271911834,1701.8719179651741,0.4177806504528825,-0.43539507423598495,-0.6684362943984543,49,0.0,0.010457395258977216,1.4641259444815566,-0.4139460911241946,1501.9590271911834,1701.8719179651741,1008.5318129376747,0.0,0.0,311.61765676502233,0.2577237801116194,103.57191154071621,110.57020465842845,95.1888346758175,90.60044523955112,102.05269010118695,98.34146921722865,107.26668922609795,109.1577549690498,88.59796723505269,82.47410761910847,20.70973845543684
2033,759.4392124263936,1703.0342454446902,0.5097687664670658,-0.42153543345474526,0.1884081947740836,49,0.0,0.012131854632978051,1.3117836036534698,-0.29465549558236054,759.4392124263936,1703.0342454446902,981.8990478544899,0.0,0.0,311.92703871516636,0.2582033194664093,87.24233011386136,107.4672046001467,93.57111028627075,98.40872213102634,99.0664030420723,99.65215072043488,100.81020550922626,75.19212385572763,100.76876661663613,102.80089552306976,16.919135456017777
2034,1677.4680184319566,1705.1712136772392,0.6610290343212338,-0.5324251455931178,0.09882853520600501,49,0.0,0.017187462883132904,1.5913790031206585,-0.504434059050316,1677.4680184319566,1705.1712136772392,3799.4824756563066,0.0,0.0,311.54452730620784,0.2590985114741758,334.5284709003203,372.10455062789634,363.40250914742194,346.15555680716284,361.50564960048996,384.4342266783218,406.9112115090196,383.67232563163344,400.12404184285583,368.11624702810195,78.527685883083
2035,1256.1105638178462,1705.4759417608088,0.6165064756124428,-0.6595414000890976,-0.20616780986437858,49,0.0,0.017487737345250973,1.8583283095574121,-0.6728061073428957,1256.1105638178462,1705.4759417608088,1110.7442972128788,0.0,0.0,311.7200943543919,0.25922470904167394,114.36636924229838,106.2604099620581,93.55755635247667,103.72228178600369,122.08016547437458,114.46372296101,94.57085027236059,122.09023776453643,110.72551838534432,112.3911861639714,16.515998848444635
2036,2825.6401632372804,1704.4038813516872,0.4803626896004991,-0.0891552433808742,0.16667639066269366,49,0.0,0.05758644516890361,8.321366114141318,-2.300486575080786,2825.6401632372804,1704.4038813516872,1909.3108716765444,0.0,0.0,311.0661310069,0.2587685602311126,169.20669948596768,196.85584136623785,204.19122458124858,189.667746450604,173.50397261324113,168.90232510035827,197.55854448232463,209.77968236496758,183.05904948604814,185.95787484869038,30.627910896856065
2037,2273.1568762264246,1705.3408414880394,0.373535753617038,-0.4394369223221263,0.7224087543888006,49,0.0,0.012414095420445286,1.6275873455348417,-0.52886076140459,2273.1568762264246,1705.3408414880394,1009.3293063455814,0.0,0.0,311.29632338042785,0.2591661295176262,82.60962354925657,110.04370247003571,93.76800845404016,112.8188860132546,107.94263203901971,110.5239822612992,96.0216922770986,98.372093378285,72.65761420909476,101.05628508814827,23.514786606048805
2038,2522.7476179848727,1707.4334605519741,0.5079352781049074,-0.07229089980935802,0.15535610625578145,49,0.0,0.018371430803059065,2.600150142423974,-1.0374960662189439,2522.7476179848727,1707.4334605519741,1042.767124449243,0.0,0.0,311.19232970837555,0.26003530609686126,87.57090828021637,101.84944054698259,94.57025399769117,97.94238909861264,93.61107331060421,110.69818641361397,103.61546030890612,111.11519758816809,108.19522914105222,108.14280845336503,25.456177310030913
2039,126.5882588954296,1710.0405392354846,0.2344135569111341,0.7282398008772405,0.8519822972680492,49,0.0,0.004243921382303828,1.2121773191464316,-0.20891538434068369,126.5882588954296,1710.0405392354846,270.15700801442233,0.0,18.74780718184276,312.1907101867282,0.26111243745464674,0.0,0.0,39.38725340927042,28.74730140309803,133.49701709606637,2.5237613842000295,20.781286978019157,7.154838449007893,11.292424052290187,26.773125242470282,0.0
2040,559.5473369967397,1711.1697082525518,0.5989352893892347,-0.6216163143724949,-0.10007875755523975,49,0.0,3.3424838855339027,477.027678096005,-6.696358946005069,559.5473369967397,1711.1697082525518,51351.93692889871,0.0,0.0,312.0103240007874,0.26159042807961325,4576.991332730961,4988.392130862854,5023.9640603942735,5003.839341868797,5248.611664830196,5122.662040689074,5055.954037759009,5153.43578326977,5050.942748041238,5130.733776721721,996.4100117308302
2041,1676.8413214374655,1712.3087860372489,0.5190593521428363,-0.27825155399269635,0.09481640487400632,49,0.0,0.21883129158982273,33.87128696150817,-3.8245792456463423,1676.8413214374655,1712.3087860372489,4417.905290351865,0.0,0.0,311.54478842625906,0.2620724983141151,417.1912904684466,437.55670331944526,425.21766744824345,422.22719667793217,399.8837190190361,437.8308660050593,456.85357369889283,455.66986568353866,460.4986101701311,406.0596485928415,98.91614926829814
2042,2373.1767065986573,1711.8598930116816,0.6407216449434951,-0.4429866527761711,-0.05021358703487214,49,0.0,0.03784446722735949,4.579205113410233,-1.6519752425968997,2373.1767065986573,1711.8598930116816,1354.468121343071,0.0,0.0,311.2546491323239,0.26188136576574794,123.30600240192717,135.61556309550912,133.68301982024516,117.41454106194006,133.53088119739544,111.14884751912935,143.6457265129963,139.47867334184062,135.4943671586434,147.16462988965796,33.98586934378645
2043,3097.1693736944444,1711.6615849945551,0.8036411950546113,-0.20492417864007895,0.5078979543467051,49,0.0,0.014548447310458524,1.426445532956662,-0.3856379832915799,3097.1693736944444,1711.6615849945551,1302.894916321716,0.0,688.6048064225704,310.95300370778244,0.2617873660353887,69.73042114692433,86.516542012374,96.16231676558667,77.26476566118134,111.76602351723918,110.42258532181829,106.82426893862046,461.4459460576124,86.98490548254581,85.0967876916743,10.680353726139252
2044,1180.4222610728382,1712.9649554927614,0.3117302946891655,-0.36688958871119065,-0.26495827157699897,49,0.0,0.017288562083189556,3.2805330107668556,-1.2898610306423475,1180.4222610728382,1712.9649554927614,1130.3599599289773,0.0,0.0,311.7516312521657,0.2623447183066294,88.81395607680537,112.91992958065421,119.06955270898314,126.44793259548263,103.87745148294613,102.52982320991671,126.98292651563543,102.90029424126284,126.18174125205843,102.68500869472001,17.95134357051235
2045,3136.0670246028467,1714.168177245682,0.65590603842248,0.07614720757239368,-0.1802881634952661,49,0.0,0.010784071483318483,1.6757095296026123,-0.5604968486479158,3136.0670246028467,1714.168177245682,464.2697028030201,0.0,143.77447125847038,310.93679811560764,0.26283089729171427,13.753836158662766,31.462053566545194,39.86548373575461,27.039344540958794,20.202122170277278,96.04607417033213,30.40427371431198,71.7557246097484,42.150255588604224,81.76846162713984,9.822072920684956
2046,1554.0612706192562,1715.2451152111673,0.823552564099269,-0.3702103753644316,-0.16451638145150466,49,0.0,0.019378725746344763,1.8874125040802503,-0.6896670697916157,1554.0612706192562,1715.2451152111673,1072.9178632521132,0.0,0.0,311.5959472965712,0.2632959933458596,132.59193567671068,88.42057805427766,111.91666882878155,100.67480768313617,98.37868739223049,109.16114129150702,104.73087543244975,99.82978347796308,107.05131273441617,100.13486873045025,20.027203950190348
2047,498.9392516525518,1715.652864281913,0.5177014913885589,-0.3568723939559647,0.037990182886501286,49,0.0,0.40738456990330374,65.19725599190305,-4.535573294059378,498.9392516525518,1715.652864281913,7018.512205591089,0.0,0.0,312.0355761479997,0.2634574504042557,631.6927990069253,655.2771868924075,662.6045935120367,692.2240837173381,688.5292377041708,668.4978876172768,732.4520831869204,711.3409797418202,734.6274510316135,688.128662731167,153.1372404494129
2048,606.6035758315792,1715.9503462540492,0.32118670078199074,-0.6771679467513705,-0.43213982941782686,49,0.0,0.007936083436145365,1.0054991914025373,-0.005954314210178008,606.6035758315792,1715.9503462540492,885.7468578534952,0.0,0.0,311.9907181642565,0.2635829695016074,88.76510365221647,84.72426481590466,84.6482496763922,101.51490553927513,87.25707196035462,88.44376373878968,77.65204133891909,78.26420528795998,91.45228782358893,91.91099880243394,11.113965217660475
2049,395.1300908332521,1716.6347418869107,0.5591647348528618,-0.5562464285893263,0.2628339569588959,49,0.0,0.028620138995430377,3.7360040312016802,-1.4310183404206351,395.1300908332521,1716.6347418869107,1215.8674248430716,0.0,0.0,312.0788273752488,0.2638648818451294,118.64432706492606,119.57610251280971,104.959107171836,117.88139117679482,110.0981386778025,127.2447931643569,111.69160432238276,137.69029183736177,116.19886497400162,129.32369491014987,22.55910903064962
2050,1109.5684355871629,1717.0797921002447,0.5525657732233077,-0.4070749831373838,-0.08446288984675213,49,0.0,2.7598815930685867,409.2142426001372,-6.529876852037038,1109.5684355871629,1717.0797921002447,45447.635968268514,0.0,0.0,311.78115367747273,0.26405877367040237,3899.766045780899,4443.222442651347,4314.382070879437,4542.074704718824,4621.283871970918,4609.429757966682,4570.676169510885,4581.181922425419,4501.064877719848,4449.868287746211,914.6858168980549
2051,895.0639816937498,1718.3913640712144,0.6294595440697782,-0.41846597971614646,-0.01897966979432684,49,0.0,0.13811746498898844,18.952708776331963,-3.1941782234306695,895.0639816937498,1718.3913640712144,2650.5566468589905,0.0,0.0,311.8705297514255,0.26460346257409406,241.14383505006765,242.06360306524977,282.2406232451915,278.9713044017597,280.1913958250037,252.87469581709178,256.67440744748217,253.50362464630598,265.6712735281671,251.72012650136472,45.50175733130621
2052,1703.1907468970976,1717.5342071170537,0.37307085486971736,0.0548795132109348,-0.7689745107476136,49,0.0,0.010376429932779777,1.3705177570366016,-0.3422116670602854,1703.1907468970976,1717.5342071170537,1045.2580056680945,0.0,0.0,311.53380938633444,0.2642497222914693,103.44290096419883,103.22746092171676,88.96427105581141,94.4497786692259,130.40926140860748,86.14129934217354,117.9244472993484,105.39717591364797,105.71550614727616,89.49182784426611,20.094076101822054
2053,2757.5017479005496,1717.925675512956,0.5112572347877188,-0.3461475444833713,0.04091300786038206,49,0.0,0.027611696536987338,3.952973895301994,-1.4923098658828948,2757.5017479005496,1717.925675512956,1231.5148867398657,0.0,0.0,311.09451998596,0.26440354862114057,119.55077378479245,114.92651762045656,117.56227109056867,122.47403643351687,121.17532499204955,139.71090194277116,113.14744394065406,112.13598752765728,117.01085853286664,135.17321679866254,18.647554075869802
2054,1490.628815230524,1718.7338716967256,0.3680578145076406,-0.5157884250280365,-0.22808091953280674,49,0.0,0.01046798043297315,1.359438790701538,-0.33339914518392344,1490.628815230524,1718.7338716967256,1056.3397814529299,0.0,0.0,311.6223777515489,0.26474957134276916,99.68302605747114,82.87271397135135,104.2372803796489,108.2140064152727,113.26518393767473,95.06074630298787,90.03310981297648,123.35300140116985,108.59649579092559,104.63360875022354,26.390608633227686
2055,2085.2772049538908,1718.5534601211352,0.5513255600540823,-0.3070063401057522,0.12379343977249033,49,0.0,0.11863204690923321,17.241924028890622,-3.0914643179483,2085.2772049538908,1718.5534601211352,2636.3708682689476,0.0,0.0,311.3746058831815,0.2646728396777021,204.76316334162178,267.2561425357976,290.8942484560161,276.4807072977673,233.9124374940141,261.2337279278374,273.5980740009811,254.3486025142869,265.9478804965654,264.4008287618582,43.53505544220218
2056,807.1309589249656,1721.7087843595816,0.6300934300598533,-0.38587201619090516,0.006186074454342985,49,0.0,0.17490722129288613,24.781461416251815,-3.4853172851948644,807.1309589249656,1721.7087843595816,2974.5313364244894,0.0,0.0,311.9071678287298,0.26598477486430305,266.7632856238298,306.38374647618815,296.8363730534246,289.97521124777387,288.41084942405524,252.88896727959082,279.9987857729839,313.83316953120163,304.21714226630615,303.5264459732774,71.69735977585796
2057,1896.31335047085,1722.7676501243009,0.4304630948532944,-0.17977033949569232,-0.12431004815241249,49,0.0,0.015109640087243527,2.0993712607592663,-0.8052231191351575,1896.31335047085,1722.7676501243009,1017.8709023554511,0.0,0.0,311.4533409727144,0.2664297790933058,82.7318721928336,97.45906274096512,124.5096637920515,89.20676832051655,108.32615235630752,118.29935615780784,100.54231076360969,85.32362197308022,101.60890467339637,90.30492905779445,19.55826032708827
2058,2472.399986117068,1722.8203506212633,0.3624937452702656,-0.5640996146462242,-0.48698095223771537,49,0.0,0.01325273828194727,2.032188385055203,-0.7699099120780559,2472.399986117068,1722.8203506212633,1004.8922514628257,0.0,0.0,311.21330705213,0.2664469980489882,92.63947867202216,99.0944428224497,96.03893547798275,121.04030240582813,96.29637042768613,93.95434614624011,92.26996757763123,106.41781097669683,93.01653964074276,90.6567888364163,23.46726847912963
2059,624.8847232925917,1724.0001318174707,0.9286667905455321,-0.284118339496134,0.19409767276506282,49,0.0,0.02169237572573455,1.959931850468782,-0.7306024265035498,624.8847232925917,1724.0001318174707,973.8939856248447,0.0,0.0,311.98310142170044,0.2669372108070553,106.26999391327503,105.60957661716387,77.4901928560985,94.33475279820331,94.417289391284,96.27842630993898,96.88941470097522,111.91037257566205,83.58048776326743,93.01819815402663,14.095280544949636
2060,2614.2357052792645,1725.0429423875462,0.24722248525853383,-0.4903324932845043,-0.1466527898246058,49,0.0,0.012907495005163732,2.0194691718605444,-0.7630930696216119,2614.2357052792645,1725.0429423875462,1011.3464486795366,0.0,0.0,311.15421097784423,0.2673711677966519,99.27765528755955,87.96221146459686,103.63669418484507,126.12391179287243,105.27246192240901,102.46818732970891,96.21069630015887,88.46878592850742,83.37003457698808,96.2320801229472,22.323729768943235
2061,2653.0290749440824,1725.3956948076047,0.4064922561181524,-0.2445010499896564,-0.005485842850550538,49,0.0,0.02476883862811255,3.8830605898678394,-1.4729354179308962,2653.0290749440824,1725.3956948076047,1224.6224866510397,0.0,0.0,311.1380478127051,0.2675175768650444,109.16019687218255,126.43139119272989,126.6952338646577,135.45339340167436,107.78841683402241,105.94196901522184,120.30845233870659,139.12464916883226,115.55026817311008,107.3904704585437,30.778045331358264
2062,1240.6840568916484,1726.4425141178522,0.41372837723033895,-0.2613220294174958,-0.2877035371950071,49,0.0,0.009801467719660154,1.5177183496698379,-0.45297796227613285,1240.6840568916484,1726.4425141178522,908.6794753438401,0.0,0.0,311.72652217334746,0.26796067030977005,85.64971696516045,79.53822320156243,98.946870475299,111.54551756115043,67.84084523556518,88.031454236075,64.60636061613772,77.45289228108027,97.65011716298577,124.82732688361192,12.59015072521172
2063,2342.4785758127227,1725.5505697820954,0.6696184450556286,-0.2864328802877007,-0.22884283914190473,49,0.0,0.020023314822483426,2.098170713068708,-0.8046020517881969,2342.4785758127227,1725.5505697820954,1075.894592376703,0.0,0.0,311.26743964578486,0.26758604913402145,107.55271417820786,91.83603817966878,115.66364709695834,99.03187178786371,100.89210153552662,129.4926279823119,104.88080423896334,99.51528161556172,95.20945526751458,107.23895627683504,24.581094217291156
2064,1005.753977572713,1727.0980703827865,0.49628878232525975,-0.5049190260601221,-0.09420652668995781,49,0.0,0.08977459113580155,14.01758433006041,-2.8666829437561376,1005.753977572713,1727.0980703827865,2229.6046629561642,0.0,0.0,311.82440953723244,0.2682322270117615,204.15352423630003,223.3541693444759,246.13791091022773,227.53027506079468,195.60320092936934,212.03264672107963,225.4940637014344,211.34483320310585,224.72859305366916,225.284772105937,33.94067368977076
2065,2803.379283122824,1726.499870164441,0.348414431987743,0.058114582286127835,0.4590730316691478,49,0.0,0.009649097164342405,1.2800803620225822,-0.26809308757166883,2803.379283122824,1726.499870164441,959.6867798751348,0.0,0.0,311.0754054397647,0.2679752333597526,91.64470638656972,85.03026842556633,99.45502715041229,99.95384857614346,113.67803233734097,100.08385228149129,94.53640968730582,81.45549156126708,87.41661363362995,83.37047960438582,23.062050231022035
2066,363.2222702559313,1728.0684025496923,0.270405138772235,-0.6480378626109768,-0.43215602649253115,49,0.0,0.007875220795977404,1.0880558192232515,-0.09162794005706396,363.2222702559313,1728.0684025496923,922.2351713940654,0.0,0.0,312.0921215491711,0.26862816677785184,70.90482609404634,85.52991786309543,92.22427230695189,101.72816959269903,90.21600780734116,99.03242047676345,91.34552093368414,81.41092410892333,97.29629395952034,100.1558620210801,12.390956229960281
2067,565.1628557082935,1728.333781591578,0.6375695805207292,-0.10341181367728745,0.14443399108059235,49,0.0,0.028594314340362356,3.370210962152852,-1.3191427171867258,565.1628557082935,1728.333781591578,1539.3202638445982,0.0,0.0,312.0079845135563,0.26874199785808733,127.91899760163858,166.01114695750834,150.1977690967339,171.19197606058486,140.61197925145433,140.89121869514932,161.4891509066465,147.13780149826005,137.58754915040012,159.34073700919583,36.941937617026255
2068,2768.80190857462,1729.4027097815438,0.6847723611233008,-0.17317330613983742,0.15109188359781148,49,0.0,0.053245741249689955,6.508515587920353,-2.0337048733078147,2768.80190857462,1729.4027097815438,1529.7998921596532,0.0,0.0,311.0898117210438,0.26918528610676984,127.39963879726203,155.7785054966358,146.1264500697389,162.30977517388624,146.98172327869818,158.64122571961988,138.8876270610999,181.721556760716,137.22334992989946,145.08278894442554,29.64725092767128
2069,161.98248552917767,1730.8318584775648,0.39946534164493175,-0.141219314569265,0.40926608556317756,49,0.0,0.007037610101775919,1.3260661423939448,-0.30641296658272504,161.98248552917767,1730.8318584775648,647.0996412518518,28.068845097014187,461.5595126382262,312.1759644384468,0.26977571819752405,33.209376827749246,42.12102534577858,57.35306943781026,50.722272074899685,82.77539557335732,110.23962722444503,106.85974385549572,43.19238393745947,34.88556125653011,66.12716024084992,19.61402547747646
2070,2392.4254257427165,1729.9345508321755,0.6624012131253906,-0.22350984695421716,-0.26031577505607795,49,0.0,0.024364007013242508,2.9295593788269105,-1.1670057627162564,2392.4254257427165,1729.9345508321755,1070.5871419798013,0.0,0.0,311.24662884800574,0.2694121339722298,94.11081479001874,86.28921692717546,104.19993469459729,94.22590981578148,113.67342855790017,113.64374476499917,103.83993229114951,117.66423491859406,96.64038613615804,113.61974935597213,32.679789727455386
2071,1953.3460900001483,1732.9325781982277,0.394577298693504,-0.5800533788528567,0.2667633180340594,49,0.0,0.008034949668996464,1.0196100761570626,-0.021085296685572522,1953.3460900001483,1732.9325781982277,860.6702827771014,0.0,0.0,311.42957717537735,0.27066488758174884,83.451007043055,74.79237559563744,84.99435205219447,98.50403682182531,64.40934144608698,72.03422553851607,96.76755201321551,81.8208435352968,108.16484296449639,81.96116841979277,13.770537346984707
2072,410.07618054467076,1734.4757896703159,0.44590798544474436,0.08263207152283347,0.432594309456915,49,0.0,0.01287759508453892,1.2198298108396655,-0.21574810666833785,410.07618054467076,1734.4757896703159,1078.4466245719777,0.0,0.0,312.0726004886409,0.27129861687348267,112.30830794630612,103.29257948846954,118.30573948347737,97.5925794107334,95.64977860755255,100.0196446632498,113.26032177201424,112.44345375292383,90.75142097590086,111.32826729290854,23.494531178441317
2073,1723.1031877737553,1733.8601632442467,0.5747861440298838,-0.5470448558661893,0.0016941015540891725,49,0.0,0.042715680616556506,6.016094477158582,-1.9482866195683646,1723.1031877737553,1733.8601632442467,1453.523803567129,0.0,0.0,311.52551243350484,0.2710521643136936,113.41979558107258,154.40711547853192,123.78757712555424,136.1568715130823,130.35918768324683,157.84973718694863,158.86182114012604,162.72834665960806,150.75704351273268,141.651897445326,23.54441024089977
2074,2411.784837892803,1733.8278012607211,0.5168954446813071,-0.4008668913820316,-0.15797125041969043,49,0.0,0.016773131145935316,2.190238208907834,-0.851228377497873,2411.784837892803,1733.8278012607211,1056.1550773307006,0.0,0.0,311.2385625788065,0.2710340708371277,108.9954191940817,95.3318284782932,88.78212011255044,100.62762884354078,106.85202448921777,105.26270974467639,103.72616959221196,101.44872074331029,113.49826991050426,110.59873428748115,21.031451934832674
2075,2795.597254747364,1735.174438827228,0.5449462874491148,0.002706157078042226,0.16999458201011547,49,0.0,0.01597624699375221,2.0355866656696513,-0.7717239932941409,2795.597254747364,1735.174438827228,997.3987015882826,0.0,0.0,311.07864762105464,0.2715896294452927,91.54058171850579,76.49002458526239,118.28509109209583,103.73350204659224,94.44405289371983,96.13845335249928,98.61156063071363,100.38466470712652,110.16841474914797,88.78305761796672,18.819298194652283
2076,2241.454952020924,1735.5544190717262,0.9031384372239758,-0.030120425470371182,-0.03352158833707359,49,0.0,0.012367643065427045,1.0803068365116926,-0.08386781111950348,2241.454952020924,1735.5544190717262,895.6990396118184,0.0,0.0,311.3095321247047,0.27175525917395865,74.91687314983338,84.23871184499389,89.69204046580056,95.60770857551198,79.28792278520102,102.44982093410104,81.78518530107021,85.14710186610648,84.22020256258853,99.65188978203065,18.701582344580807
2077,1982.7172225165273,1738.4977140459036,0.63066898300237,-0.4910271666279678,0.002129302407806781,49,0.0,0.026596279373810545,3.408492980178171,-1.3314060097550495,1982.7172225165273,1738.4977140459036,1074.0990171537464,0.0,0.0,311.4173391358492,0.27298352846696544,90.57953927022922,110.66207120114511,102.39813383548037,109.40310293544545,109.0634311425091,97.75411022850605,122.28771875847737,107.34438800217069,106.78591024073438,93.83141569216215,23.98919584688647
2078,1107.7952757845076,1739.440471313182,0.37714419480844924,-0.1937787559825085,0.151716537565138,49,0.0,0.019070661978394104,2.2228628650487052,-0.8672816765521241,1107.7952757845076,1739.440471313182,1524.5828629367834,0.0,0.0,311.7818926177392,0.273375643294386,140.42765616330954,164.88510590790233,136.55581643763549,154.5616192288718,164.66749171885544,154.66405914858456,153.96214419723745,141.27995255840972,139.35329656261015,145.32313591428283,28.90258509908415
2079,2887.3035981622966,1738.973328368645,0.29012575866724744,-0.2876730722146292,0.11797448578011874,49,0.0,0.03193185794875882,5.82647793608455,-1.913515265478043,2887.3035981622966,1738.973328368645,1522.6520708041253,0.0,0.0,311.0404392911267,0.2731707947972551,149.8121688852039,150.6649127721471,128.1255585102791,146.03528244807552,147.4140540096758,162.57089749956435,161.41943794573388,148.32484951355588,140.0876372616612,168.270785815411,19.926486142817648
2080,2625.08350582893,1741.2532795784819,0.5639671005931034,0.11443747035852213,0.19169054776670752,49,0.0,0.00972465657432385,1.1070839720674865,-0.11045140816437865,2625.08350582893,1741.2532795784819,928.3040631056778,0.0,0.0,311.1496910725987,0.27412512486420787,95.72993024208148,93.35273946725457,74.57725168508205,95.46296377648277,102.3908092611675,93.20031469337763,87.14416935528013,96.90657285172108,88.46726810162897,88.8233531801714,12.24869049143026
2081,432.15912481596,1742.3093347216663,0.4636919755914623,0.016070295333792613,0.21527103805829303,49,0.0,0.0118177451311376,1.4120668109811982,-0.3746381138752033,432.15912481596,1742.3093347216663,903.5096928588814,0.0,0.0,312.06339994419733,0.27456284653646823,77.88043978828546,90.58399448432937,86.05739155125582,90.64266137727391,77.21659354856752,105.46342988371624,79.06059833088881,93.12342268982108,83.58176355245891,101.80816781629392,18.091229835990283
2082,2532.2118087019403,1741.5655814858978,0.6586843176741868,-0.6274724460573028,0.12197668078103983,49,0.0,0.021767564044752327,2.5442816967827016,-1.0139129842112695,2532.2118087019403,1741.5655814858978,1039.287572425117,0.0,0.0,311.1883860729599,0.2742565644293009,99.72177021161234,111.58737446485833,71.28016034339576,99.50200105631659,99.84472911059589,89.47987013454753,104.42647186474917,117.089437229147,125.38725531868901,105.21722631150986,15.751276379695717
2083,2647.4203498598226,1741.4601813814545,0.33896163335319623,-0.23095651939825065,-0.07457123945726513,49,0.0,0.019296341175839248,3.241099771896441,-1.2767310006884696,2647.4203498598226,1741.4601813814545,1145.4206684495018,0.0,0.0,311.140384478165,0.27421099598031135,101.13477191226221,107.90577075295273,130.09389710094507,97.08862804602947,122.39366351400034,100.49951339133987,119.08211825489855,120.62188525163751,114.46196207267653,104.54441649152685,27.59404166123267
2084,3003.6158595757715,1743.3481616862898,0.5224893147617085,-0.3706426732563864,-0.1238391086631225,49,0.0,0.0355277652291944,4.538639340998769,-1.6423141832080597,3003.6158595757715,1743.3481616862898,1616.9931380227085,0.0,497.9478875751188,310.9919798914527,0.2749912854658828,128.50575163685528,164.19370954344444,155.35529838599177,176.64804841426488,179.2440265291698,168.9047391796396,152.81123569915752,163.4535559514571,133.4514971205013,161.0379195072403,33.38735605498661
2085,586.3701125172756,1743.5795379078313,0.20684977145051572,-0.5350508938425508,-0.348527343316133,49,0.0,0.00797661518824059,1.2063954631116809,-0.2037242381965686,586.3701125172756,1743.5795379078313,943.4729031599921,0.0,0.0,311.999148730071,0.2750945262502019,87.56133049868251,93.4802781977095,94.02321465886105,101.39416644877656,102.26932384504033,80.76488286157195,100.41247146280307,94.58898324016621,77.60842525915538,93.2640836350395,18.105743052186092
2086,2945.482383274884,1744.9821980777117,0.3943635216045044,-0.03899913813669588,0.29906705052828136,49,0.0,0.01504992219964647,1.9453059729653053,-0.7224698006832437,2945.482383274884,1744.9821980777117,1097.5594929130052,0.0,0.0,311.01619999541526,0.27567326220946825,105.78753100286758,122.77783054209274,102.0023106955654,103.05651614358189,111.679636398926,127.42650761378204,110.93589932330056,94.10748878425807,101.47973406439323,96.36776751895073,21.938270825287155
2087,1167.6205685840955,1747.9240379731427,0.6338713086249219,0.09441030818663983,0.39730891965782755,49,0.0,0.010686152236691684,1.1640842263198734,-0.16496101114248785,1167.6205685840955,1747.9240379731427,908.247221509286,0.0,0.0,311.75696546597885,0.27691084166505114,85.075325789141,84.52266082051587,86.93963375563298,95.20638780818113,80.09445354314303,93.47989145830437,94.84404086150437,84.57314293208017,99.06576385050028,85.57814653529961,18.867774154983127
2088,2619.263189699835,1748.8620860323103,0.487321585899358,-0.048159511143215136,0.06134959867529934,49,0.0,0.021505773313364084,2.8518256680391656,-1.1378074339780764,2619.263189699835,1748.8620860323103,1134.7347394599362,0.0,0.0,311.15211600860323,0.27729545658012345,113.70942191624484,94.96314923310257,105.80745131087357,130.6335125504129,113.44747662999973,112.29128344957047,104.78560531233285,112.51209611496992,110.43162963646371,113.42741830680191,22.725694999163778
2089,547.2159743827011,1750.0309677947314,0.49814425182574534,-0.5142017546026426,-0.04885499742552931,49,0.0,0.01669685220259774,2.378374042692952,-0.9407003909539291,547.2159743827011,1750.0309677947314,1036.75147551821,0.0,0.0,312.01546228894193,0.27778195133985356,89.39206000554522,105.5190910072678,81.27572145807403,97.78142827820389,105.85902805631574,115.30324198320434,102.01999022862442,99.7752814674244,107.57722183556629,114.70955383851413,17.538857359469883
2090,2773.5298751405667,1751.1097250146436,0.5944010576074445,-0.2553383294737541,-0.05861306633277941,49,0.0,0.017931523940110935,1.9918249807942456,-0.7481279371084626,2773.5298751405667,1751.1097250146436,1367.524623505156,0.0,0.0,311.08784156671004,0.278229458565992,133.76035673471347,140.45232887583228,126.92563602473454,114.21445306767207,134.44986863737472,141.80724227272552,141.76059845650917,135.85162550795738,125.52553853373831,146.1624577328415,26.614517661056873
2091,380.47478151579554,1752.4830098179677,0.6967704175156114,-0.7766921661675098,0.15433181229836873,49,0.0,0.013870674930799404,1.2869923008133202,-0.2739398720700348,380.47478151579554,1752.4830098179677,1022.1347785107898,0.0,0.0,312.0849338401906,0.27880081001808227,98.33659627508541,95.67921696237646,103.90590580628997,96.95477106782252,80.69684840895647,98.94442617739742,98.19356668442072,109.61765723000683,111.74832698270089,108.42431924359435,19.63314367213879
2092,2022.4017948659655,1751.7798985609847,0.6629051572147505,-0.21790640060551003,-0.05851219671580907,49,0.0,0.028881625751778415,3.548095486045949,-1.3749882475334125,2022.4017948659655,1751.7798985609847,1069.4816669829634,0.0,0.0,311.4008037956339,0.27851750949357745,78.49696002117905,108.51289259289578,106.60990865392212,114.1506161008428,114.0020996343368,95.4382338381274,109.59747677655221,114.06835397903612,95.98564175795588,111.24049904717197,21.378984580943193
2093,2449.6511745888874,1751.9723487077385,0.2472046100527973,0.03233898479520389,-0.7049553535101409,49,0.0,0.010983678110132017,1.608340220475072,-0.5159448066872881,2449.6511745888874,1751.9723487077385,1148.4038339952135,0.0,0.0,311.2227851690347,0.27859369607969314,104.47880107811449,104.60366525205961,119.49044677990294,120.6093117532451,145.88622455636016,122.77263639208078,95.92422597408142,100.67378185445844,99.24704025787983,116.21034458300056,18.507355514030273
2094,1375.3897008119907,1752.6869655975092,0.5790673309412339,-0.42594332740175306,-0.015061149700120381,49,0.0,2.5034941275715754,360.95966254994187,-6.393646679897249,1375.3897008119907,1752.6869655975092,40259.84544253649,0.0,0.0,311.6703945571393,0.2788963908483404,3498.852089432694,3839.4189593553638,3944.2385994025,3971.0778577215797,4076.5213968307708,4085.5388949331646,3987.7200867315005,4013.544672222719,4022.858189072467,3987.2177831773474,832.8569136563931
2095,568.995064999136,1753.9696263720791,0.7500637126913822,-0.36808916876295794,0.05057267201309613,49,0.0,0.022623377956262163,2.3598811500252275,-0.9322253282007391,568.995064999136,1753.9696263720791,1040.301286941538,0.0,0.0,312.00638813432806,0.2794233444100758,91.97678812966768,99.7746029630205,95.62091142798562,96.12975021947588,115.84844842629738,101.57618496086373,100.1920674977658,102.20910343187003,102.49682242122967,105.05912237471517,29.417485088646302
2096,2608.0319084608695,1753.6874812600195,0.9421829725891283,0.17423147293375435,0.03705764406483998,49,0.0,0.01729450741227075,1.4829899474649846,-0.4278455178688595,2608.0319084608695,1753.6874812600195,999.561412980817,0.0,0.0,311.1567954517694,0.2793061484021818,92.68126679151459,99.88355571218962,98.14686001847139,100.05511389058148,103.16559508684992,103.51412757433988,101.29817316056742,94.4414768339724,90.99205326774879,94.35405359918649,21.02913704539499
2097,2853.3451178844716,1753.6830768327948,0.3506748997699496,-0.42794482631517383,0.06603489660791699,49,0.0,0.029614748726022665,4.917191367591808,-1.7292927763039467,2853.3451178844716,1753.6830768327948,1427.5048982854685,0.0,0.0,311.0545873949743,0.2793002182960031,126.45775755258305,160.0955310679751,119.02910946954118,141.48631212315905,141.7217356581233,131.8899730575468,154.99196175614685,127.93562366915658,148.80257222715304,145.92013347560248,29.174188228480915
2098,610.7513046734418,1755.1037745214833,0.6768781426541707,-0.38365606610737074,1.312029335876843e-05,49,0.0,0.31143534867754097,41.869135640546084,-4.054734988183654,610.7513046734418,1755.1037745214833,4753.73338235849,0.0,0.0,311.9889904577344,0.2798965168781823,418.931299309981,481.3255262847955,448.7125499697278,496.82268193690345,461.0827498082123,506.7470654349745,466.8050623479678,451.0159207858343,468.7646132088741,469.6513248861917,83.874588385028
2099,620.2669075240024,1754.7292162456456,0.2424421383926696,0.14761888778070018,0.2757247097665229,49,0.0,0.01878081376679635,2.0886530943699517,-0.7996657843551318,620.2669075240024,1754.7292162456456,2417.6727826353476,0.0,0.0,311.9850257776545,0.2797405938245947,204.07375511560156,229.33850505529702,226.1944271873581,261.0583107048374,244.0854283405994,250.71525588738825,233.97840166690236,215.60904844320515,250.02751680752314,245.68029615103572,56.91183727559932
2100,792.7677458645743,1756.8274079396385,0.43352758187105184,0.26551376400576887,0.08985617506129705,49,0.0,0.008975262891970948,1.2260796610027658,-0.22129672033772185,792.7677458645743,1756.8274079396385,868.901406892463,0.0,0.0,311.91315268341833,0.2806171055287911,78.22710569594246,94.36457975229305,74.58593336274517,80.99958184253603,76.74538047321676,87.81370215839851,80.48069246520038,96.93860636216883,92.96113896993901,83.85208553889979,21.93260027112309
2101,2444.633677941627,1756.9202720186574,0.9306230150224322,-0.2008371502631846,-0.1874268472754438,49,0.0,0.015393954649556011,1.194463594414966,-0.19293229399324102,2444.633677941627,1756.9202720186574,1137.6241834405482,0.0,0.0,311.2248756892363,0.2806553519499857,109.15343842526217,102.56629749517414,112.4817225372407,120.69354396326025,131.8052542192422,111.38193531861859,101.14150420957817,105.69459868025608,112.73521402622873,110.33980446597477,19.630870099712407
2102,846.9505297799353,1757.9580334148552,0.6774918967830952,-0.3460328172934962,0.03349660502717285,49,0.0,0.33674618500424774,46.08554238172713,-4.158911757692453,846.9505297799353,1757.9580334148552,4814.193708177778,0.0,0.0,311.89057700484835,0.28108881948470754,464.7759782079138,461.72950571744053,456.8434695575305,458.05819668176173,454.9725426856593,511.63740041866305,475.452423323016,470.98819459026765,485.97647194059124,485.1789453949121,88.58057966002225
2103,2774.645411387222,1758.4485708411669,0.4400233179205235,-0.5393943796936639,0.036419610029693184,49,0.0,0.028648660905851508,4.175484065208337,-1.5517670765925005,2774.645411387222,1758.4485708411669,1471.2638711826964,0.0,0.0,311.0873766904011,0.2812871764154292,129.20652043194215,167.62772735719267,147.6612482622606,130.01813730142374,153.16672539467353,134.2401612599178,134.30340526249637,138.21983356173263,152.47997751891768,151.12801326403775,33.212121568101544
2104,372.39133971161675,1759.0815124308726,0.5857953740772721,-0.5652915668991061,-0.35732364602802147,49,0.0,0.015853805981532642,1.8906218944834376,-0.6915117074134711,372.39133971161675,1759.0815124308726,1035.6941393939915,0.0,0.0,312.08830180423104,0.28154992707524124,92.50048484305796,93.10252354218937,113.81650771885745,93.25084404041783,85.6221574550607,110.37024749888887,110.2084228598944,110.71428749201789,115.034725037189,96.83300812360523,14.240930782812622
2105,1049.142175107995,1759.270052467929,0.471725319178823,-0.42931438552586815,-0.29704214474319196,49,0.0,0.01053187420791709,1.2519023342114297,-0.2439261229697503,1049.142175107995,1759.270052467929,1463.721422825048,0.0,0.0,311.80633144740267,0.2816374499979172,121.26939622236783,134.10935599183208,152.3058291504329,129.11363581308655,140.11975534513508,178.3964811885774,146.4138284555902,136.0399541161024,145.4109671024268,153.1282668520614,27.413952587435325
2106,2736.83205727186,1758.8727736123976,0.8269376200629331,0.13386133456538132,-0.008914740108477663,49,0.0,0.02127484914847464,1.9248602901892748,-0.7109980327908183,2736.83205727186,1758.8727736123976,1047.0209495252702,0.0,0.0,311.1031313165444,0.2814645710898635,96.90300744021441,110.68198858358049,100.18777275677868,111.73871089061215,100.839898275595,96.94250245711049,106.85301034385772,94.33240478826072,97.5386737790441,106.59612649310876,24.406853717107634
2107,1029.135037971252,1760.0714021287497,0.6094440459405043,-0.31023619841377537,0.03004954596153046,49,0.0,0.08734716592333037,12.208408301044804,-2.7166476137660087,1029.135037971252,1760.0714021287497,1964.817187028723,0.0,0.0,311.8146677159727,0.28197117507960706,202.68062310308886,173.50178295345546,196.19380633724,180.75101772736542,188.2639733786503,192.871377922144,199.60410499405165,187.83855670752777,204.95777703717192,193.3277610249638,44.82640584306391
2108,2917.917773606254,1760.5690248538062,0.47361707100157363,-0.14884909578862593,0.2701115497673101,49,0.0,0.2522685514802041,36.681778003823844,-3.9111259455303378,2917.917773606254,1760.5690248538062,6447.8702415582775,0.0,0.0,311.02768406572795,0.2821680022727929,532.2144700709744,637.6453819892886,645.099305912067,682.8654215573432,642.4865041221287,656.4601165338911,694.1444658990293,606.8839452878428,586.4049620125857,635.2393412091915,128.42632696393434
2109,228.80677880697303,1761.6664032728304,0.9451065686864148,-0.035710415973769796,-0.10653972824030965,49,0.0,0.015990510827258806,1.1700209015891674,-0.1704840504418077,228.80677880697303,1761.6664032728304,1146.4865955620112,0.0,740.070119232224,312.1481240762276,0.2826241310226678,109.60099500719025,112.0159314262549,134.79904279046954,100.05736788124355,127.17426109395649,103.44852295951537,106.39871907896344,126.34811667745306,101.90257366317246,107.33382309057168,17.407241893220558
2110,2139.4372112434494,1763.660353337322,0.29747100864751086,-0.284254321240307,0.08580383596085107,49,0.0,0.01826194973070077,3.118795639446919,-1.2349672958474618,2139.4372112434494,1763.660353337322,1177.5355866470522,0.0,0.0,311.3520390173716,0.28346682632060666,105.6508609078831,121.8057847709402,120.73401442668985,123.72254715004726,117.75789438726332,108.96835350618562,119.75757455581055,108.5963842144132,109.16916872979365,118.95949593238261,22.413508065642752
2111,483.0164050878405,1767.050938938542,0.5373909447791402,-0.1898255923670114,0.21266065295056705,49,0.0,0.016704799259245357,2.061329824689959,-0.7853687174181145,483.0164050878405,1767.050938938542,998.6351219660581,0.0,0.0,312.0422109578088,0.28487233885374214,77.38359853352988,61.07550853940022,103.68878396510719,98.65327821297151,105.63958435486475,109.76050561157112,100.09461456628743,101.55493813997046,110.88744330253087,105.74428931990434,24.15257741992032
2112,1044.0706528735454,1767.4828033339008,0.503559083268014,-0.3334523476987548,0.011156651484021328,49,0.0,0.13075900763580578,20.209142955593396,-3.263869740053859,1044.0706528735454,1767.4828033339008,2987.9171061873603,0.0,0.0,311.8084446235792,0.28505935486875505,247.05518098340264,297.0803461713719,300.83427105243175,285.44671818738937,274.4149912351861,327.92293241998834,290.5120181038301,308.96975398503326,283.10424404147386,309.74717124756523,62.82947875968773
2113,1896.1970928767382,1768.417561925295,0.5128086214303622,-0.20004767980961524,0.12536481085850112,49,0.0,0.19334531878161954,29.96255039530301,-3.6914469437522612,1896.1970928767382,1768.417561925295,3876.752487355081,0.0,0.0,311.45338925982804,0.285450510833223,358.3750066654037,375.61138938588897,388.1742045609477,401.52812295670276,364.36911540927963,396.49013390943605,398.2535380674283,371.4193705682036,351.4651309084627,396.1223120765234,74.94416284680423
2114,2343.3869091199576,1767.7790453765126,0.7109863956856541,-0.2807494537982341,-0.017460162300042367,49,0.0,0.026640508811944897,2.9276721810624187,-1.1663061151136644,2343.3869091199576,1767.7790453765126,1407.0263886486462,0.0,0.0,311.2670608231364,0.2851809609715491,145.46280017336628,152.8190817647216,137.32107767952346,156.2329100454358,127.79833627401126,127.31561250306814,126.31482134439895,154.82890443535825,130.42867864644768,129.27949093866673,19.22467484364799
2115,1468.5095258759081,1768.5887496286523,0.5886261593366129,-0.04217463836573503,0.024673278650748212,49,0.0,0.01280706773178659,1.3453558909045864,-0.3220929617957379,1468.5095258759081,1768.5887496286523,1067.015257448672,0.0,0.0,311.6315942849413,0.2855223673830596,99.66363267758169,106.5873825210532,114.4343876013879,101.09091418260948,124.3607669472737,97.58711605169114,106.58687860397137,109.58809420993154,110.39656814880945,83.70557988135286,13.01393662300967
2116,572.0346343814779,1770.4083164996707,0.7293481364607071,-0.49060258355524133,0.002424497386557448,49,0.0,0.07716887641284152,9.34914523562828,-2.4269297661066447,572.0346343814779,1770.4083164996707,1779.8467913169366,0.0,0.0,312.005121896526,0.2862726438446267,159.6162492714535,182.90634413470488,161.09757353089208,172.5084037007855,155.1079957020417,183.53004354179245,183.2844450785637,182.75484289474193,205.9983579195229,156.46411681577615,36.57841872666157
2117,2467.8061737074745,1770.7789988082136,0.32221839286149434,-0.3905054682158566,0.05254679625541649,49,0.0,0.02209184303741299,3.920299932498125,-1.4832982377334476,2467.8061737074745,1770.7789988082136,1249.690394194034,0.0,0.0,311.21522061002383,0.2864294041332063,140.00236639769787,120.54015012700188,112.02440109330057,123.37863280893714,109.43301615878048,125.57274145097728,136.21572314251637,107.5996548995692,110.63041469317625,143.3760071436215,20.917286278455542
2118,2765.0290768998084,1770.524839156256,0.44602857970674226,-0.4621557373837989,-0.14576610773949117,49,0.0,0.029628487569210854,4.098765768644841,-1.5316327512123213,2765.0290768998084,1770.524839156256,1337.9171800488677,0.0,0.0,311.09138309209783,0.2863189345564831,140.90639160561878,123.03927866604994,123.75168627654891,125.30220355737497,111.16810613379081,142.98992465281108,132.7957752598158,137.75264932670603,120.26039249719413,155.87442632070832,24.076345752248947
2119,1720.4800090627582,1773.5825038829194,0.3883219609047776,-0.7488726178059729,0.059547568095161554,49,0.0,0.012626903153043855,1.8824791604743116,-0.6868254428709458,1720.4800090627582,1773.5825038829194,1002.9147367838775,0.0,0.0,311.52660538118784,0.2876031171763172,89.94357285895578,83.84645687938944,87.91231560809554,120.96665634658227,99.66551105719523,102.50391085377252,95.26167439833131,90.11104631825577,110.24548466890755,100.87191856778844,21.58618922660365
2120,1777.597986439879,1773.159238604392,0.5574782161774411,-0.36310270812270085,-0.09426497386506211,49,0.0,0.1432127869316315,21.03805365156671,-3.3075138957997363,1777.597986439879,1773.159238604392,2924.5006962306747,0.0,0.0,311.5028059719352,0.28742662802351104,259.71699480764534,291.91082840890596,268.5338673276599,317.2975939501171,290.8650415955767,269.0611071936179,284.31896671863467,266.23273803981175,325.07237802237876,301.63932432216905,49.85185584415781
2121,536.170843099701,1773.9868101837558,0.527227000828949,-0.5708317354654245,-0.017453408805596222,49,0.0,0.6286015759060529,98.22144704673926,-4.980515820207366,536.170843099701,1773.9868101837558,10446.821170182284,0.0,0.0,312.0200644960499,0.28776306777118793,913.2980388630081,985.9136695820587,967.5883526891931,1043.278756364244,1109.5640892373913,1043.3473508684467,1040.62636901826,1058.879272398372,1018.4857665252155,1035.8855582283943,229.95394640770212
2122,1111.8115970829087,1773.851682806503,0.5759825387128708,-0.37366154037704946,-0.02059301004795693,49,0.0,2.135229561225206,314.57781067822157,-6.2443202140281775,1111.8115970829087,1773.851682806503,32739.526228436676,0.0,0.0,311.7802193452868,0.2877135674701763,2880.682874148728,3122.506116512008,2998.55265048409,3317.1256331854274,3231.1780216686047,3326.2612626392174,3360.466648253193,3249.697571905852,3240.465913699789,3283.014591537596,729.5749444021741
2123,502.47036776880685,1775.2939716716764,0.7312315294656148,-0.6195339419035594,-0.09001532317566115,49,0.0,0.06324597535314486,7.425851092130308,-2.1768655905735472,502.47036776880685,1775.2939716716764,1535.738317286563,0.0,0.0,312.0341056749515,0.28830714568603005,129.2106746694608,139.04874528459874,150.54673025410335,145.5301705722747,161.25976093275906,158.53037729836888,171.04113937818144,147.7006427572365,148.14085044215355,158.22607661104314,26.503149086382983
2124,1305.0272621498214,1776.2467738492255,0.5618189072461345,-0.2900979896357062,-0.10275977757571078,49,0.0,0.012132790449014202,1.2856033661699908,-0.2727675022381314,1305.0272621498214,1776.2467738492255,1017.0414991212685,0.0,0.0,311.69971254293483,0.28871267084366686,102.78085402135363,92.36254724483607,96.26196966233452,98.6196340148998,102.75182936730266,114.52342988774458,100.26098685383141,87.3133144759487,111.81609912054549,95.69294931560529,14.657885156866463
2125,1644.7293642058964,1776.0248063364493,0.49401110288185596,-0.14101880723674454,-0.011094108172705631,49,0.0,0.04590696467272,7.026975443375568,-2.1169210896118247,1644.7293642058964,1776.0248063364493,1534.4848796354986,0.0,0.0,311.5581685092351,0.28862083610912403,133.32391340632495,168.08690425448654,139.59545274230476,147.77114533798354,165.92456139309144,172.14974254265724,152.66141506872788,152.26398657322247,141.6621222015138,136.15371135491623,24.8919247602696
2126,1502.267087104527,1777.0767197791938,0.47474403216833494,0.154188297355989,-0.13345477403885503,49,0.0,0.009172363498155565,1.1747980667612181,-0.17490805794911896,1502.267087104527,1777.0767197791938,917.1010095787799,0.0,0.0,311.6175284897173,0.2890590738308883,84.33433331294276,99.2621820695027,86.01528013777573,107.3558001524334,79.22517765710967,102.74809841225255,87.59149648760533,82.11247792386888,86.98264508958367,87.74021769646606,13.733300639239005
2127,3014.2616630212638,1777.7958318912547,0.44934746193375796,-0.1495064777337021,0.26148545588033917,49,0.0,0.09670466091143626,13.458576797113823,-2.822497842543177,3014.2616630212638,1777.7958318912547,3152.7925483146637,0.0,1691.2791193707162,310.987544001685,0.2893434852949007,298.26986451310916,279.8936273070659,303.01116304026175,325.58136321970255,336.0649981820121,327.73003100987535,351.805165920547,293.0222834895991,281.3177756284116,314.8799333300624,41.216342674016694
2128,2346.976738036796,1779.9880346078178,0.5236865462399755,-0.3238920397864797,-0.06079775972174353,49,0.0,0.8500225687083296,133.1818487030335,-5.311112597647391,2346.976738036796,1779.9880346078178,14061.926630753956,0.0,0.0,311.2655649836742,0.2902679164556172,1271.9916634771826,1259.8529219021766,1383.8550088226098,1362.0709511659159,1475.381569957427,1430.9665217516012,1356.4712116198803,1442.4116951450865,1374.7268134108458,1405.4609623987708,298.7373111024607
2129,2566.33322119237,1779.8153134424651,0.65696760884973,-0.5782199450760288,0.11250245442851192,49,0.0,0.01957081324231572,2.2183754311348043,-0.8650876167877619,2566.33322119237,1779.8153134424651,1025.1641514082346,0.0,0.0,311.1741689182472,0.2901930683788135,93.24300207430116,99.43408749523081,92.12962228942318,105.34708739857548,98.0114719460995,104.09930147316187,113.9746787886201,92.4980866392997,120.7174120890264,86.57776414147614,19.131637073020393
2130,2385.6151523227127,1781.0787637517362,0.2263002752657885,-0.4652692250577451,-0.07083848452298531,49,0.0,0.023240006004929013,3.5391221445126533,-1.372238878882879,2385.6151523227127,1781.0787637517362,2479.3584838118413,0.0,0.0,311.2494659411497,0.2907219245398691,195.67289700954774,203.7878606619559,229.65036141256203,263.0407623968455,249.21532687391306,260.9704958416646,261.29697727517976,239.93877784088747,270.6898979968862,252.35307738747605,52.74204911492319
2131,2411.5804989027206,1781.4120300525913,0.5090716514973952,-0.403921924242783,-0.06035311587924315,49,0.0,19.288897789880423,2627.049407646175,-8.548670601898863,2411.5804989027206,1781.4120300525913,471942.1902757783,0.0,0.0,311.2386472781861,0.2908604642412478,41608.79188512226,45231.11251716048,45147.61431292817,47170.372332073865,47487.46580725336,47021.09144653445,47165.863917700204,47184.92326371036,47515.442513618895,47015.6853111063,9393.826968569745
2132,2967.7612529308763,1782.3558071161058,0.2574418138750654,-0.38477616232078576,0.20890718024237404,49,0.0,0.022497253626078066,3.558864656976323,-1.3782786804296725,2967.7612529308763,1782.3558071161058,1404.1499969885526,0.0,0.0,311.0069173512464,0.2912443671375448,122.11709376262394,141.04955199945954,132.37288219691152,153.49161069846292,139.1028074754188,148.8758488109312,144.61448654988817,138.6398428335439,145.38974395513353,114.21632346190289,24.27980524427623
2133,1524.6813734320638,1783.5529571830903,0.46840921392805956,-0.09184504653068876,0.08477067911883018,49,0.0,0.012568540725641534,1.605067441840958,-0.5137332133538194,1524.6813734320638,1783.5529571830903,981.7620554362134,0.0,0.0,311.60818910194985,0.2917575308767706,84.62371664934784,96.55455018028712,73.3616080420957,90.46071220076374,106.11272216076773,103.17416349137709,103.61216401027325,107.93446199970172,98.36444430394857,90.73744415038976,26.82606824726085
2134,1929.0534479017604,1782.4547578645625,0.3033982284784178,-0.09996108193668586,0.03853381602140387,49,0.0,0.009130573730623514,1.1565667721212218,-0.1579267774330072,1929.0534479017604,1782.4547578645625,1018.4466949310797,0.0,0.0,311.43969897024783,0.29129916149406054,83.36645951956865,86.41689199694932,96.52492000244759,111.2237479557323,100.1670698202037,110.9158380425987,100.4516546416267,91.96522707620085,103.1095553285003,108.789114073375,25.516216473876568
2135,2433.7174698295817,1783.0881977431156,0.33289456324447814,-0.24235451615008155,-0.7867050978831348,49,0.0,0.02088343323638665,1.1121849324149602,-0.11544251768711478,2433.7174698295817,1783.0881977431156,5288.519019383504,0.0,0.0,311.22942374324737,0.2915585734595639,471.3318845075038,497.9221299169911,531.9772570768972,488.61902881202724,515.729768296826,567.2606417859809,538.8171809110793,557.8227995776563,516.2019798709749,526.2976347981875,76.53871382937922
2136,994.6049664616677,1783.7157626774429,0.24271640478957593,-0.44840365367145774,0.5290004202087031,49,0.0,0.00935987614711027,1.3270656717654201,-0.3072310377180377,994.6049664616677,1783.7157626774429,1050.7134752959641,0.0,0.0,311.82905530985846,0.29182257792178373,84.84668482482806,106.38954184770265,82.63661587046231,110.0319073951161,127.12147059334174,93.90265022123448,117.35527483628897,95.18596140461938,99.94269033606496,108.11908598572529,25.181591980580183
2137,2397.09723413695,1784.7038887177487,0.4443271352688204,0.6518523929619464,-0.04222086000802886,49,0.0,0.02413263723185894,1.4090379791669692,-0.37230674806854486,2397.09723413695,1784.7038887177487,7623.041630899708,0.0,0.0,311.2446818082715,0.2922322256636526,682.5425812138833,750.8517035123655,726.8747498293185,766.7980269687362,766.1938795597797,787.7851356052977,768.1251393577613,764.7200132414782,770.8747784975527,694.4711658164143,143.8044572971222
2138,1690.735744726846,1787.2130734252526,0.853176286614037,-0.0662549498333986,0.12082193532165279,49,0.0,0.03093333151737836,3.0553921007132216,-1.2126673787124684,1690.735744726846,1787.2130734252526,1179.3663936226212,0.0,0.0,311.53899894967515,0.2932825577561951,87.82552882068603,102.3267093539955,123.45731775379645,124.01550975690556,127.73128995806387,134.80359163492963,118.68030068129363,107.56640511406121,115.0508440628811,114.78843833348725,23.120458152520882
2139,1223.1290566839625,1788.4181055323047,0.5295883103739081,-0.3027623810981211,0.05278753591360154,49,0.0,0.2568314427359397,37.432862676264946,-3.9331326025820474,1223.1290566839625,1788.4181055323047,5349.290357334865,0.0,0.0,311.73383704765735,0.2937836103923851,452.8587477766433,521.2396154463072,492.6066969147096,526.8520576506281,550.1417422753088,607.7914672270676,525.9160620491848,535.1819664688537,514.3639445362857,511.2105008880884,111.12755610178823
2140,2161.871152257503,1787.487036361953,0.5915692523008024,-0.2172083365476124,-0.7322686067938258,49,0.0,0.012435636621724226,1.3688506043732176,-0.34089013012902136,2161.871152257503,1787.487036361953,909.8964530110023,0.0,0.0,311.3426914313439,0.2933943270479207,86.17949745321944,86.94402029811361,91.81812220276115,77.18413690798346,100.94435439986565,100.01251934755405,91.50872606232306,95.94690789075088,92.2170699472413,69.00866039804731,18.13243810314243
2141,1105.2558703688676,1788.5766905423516,0.6781480463352837,0.21514953989155736,-0.38516932904927315,49,0.0,0.015895093820564882,1.2522943991486057,-0.2442660955403679,1105.2558703688676,1788.5766905423516,1388.2931108958728,0.0,0.0,311.7829509784946,0.29384888789340347,122.43782476987406,142.88726100932212,121.8755807226565,135.54866363877133,140.610704795944,141.75198202002082,154.46035194749868,136.3944918237866,133.56566417053193,134.4673851333684,24.293200864098406
2142,918.6220589996495,1790.4998422721656,0.7165158940276486,-0.48230892439555795,0.028262206659026633,49,0.0,0.20668887798818072,26.339839358249456,-3.5515328048826955,918.6220589996495,1790.4998422721656,3374.520835623135,0.0,0.0,311.8607145949379,0.2946484827551229,299.74008709154475,353.63392681116215,311.94679075452507,340.82483864621656,306.4742830882056,326.5731964959037,339.625805864565,345.8817536181614,361.2027944673141,329.4146770602581,59.20268172527857
2143,1831.7063476389974,1790.4137821256595,0.39231091577295246,-0.491979790571318,0.04030807836393225,49,0.0,0.02192046407938069,3.3578763490088814,-1.3151617489125655,1831.7063476389974,1790.4137821256595,1263.1178153545527,0.0,0.0,311.4802605600441,0.29461583057886864,92.04792129534641,123.8590721282332,115.4055170690438,133.42994599658056,140.48195878585528,152.83430935555612,112.32658335544906,130.1378938659931,121.06452227151982,114.62207819868776,26.90801303228752
2144,1189.6121361303972,1791.2687838672516,0.38721941126933923,-0.35821537798321706,-0.06216883181389564,49,0.0,0.009780218125277351,1.1447210407130102,-0.14674916376506436,1189.6121361303972,1791.2687838672516,1041.148065818339,0.0,0.0,311.74780250031694,0.29497118023731395,105.3311133476177,109.50602307892183,102.56560693303514,115.39980719665346,85.96009900244638,102.97115800942694,124.11841032857805,75.64887933370345,94.40431333889799,108.4441676570861,16.79848759197211
2145,234.44183626563304,1792.327324979318,0.20851682311861172,-0.42289380855950204,-0.03810612578909313,49,0.0,0.009163675007291077,1.375733253986436,-0.3463355877429703,234.44183626563304,1792.327324979318,1059.063314126779,0.0,663.1760898983098,312.1457768186015,0.2953989788934353,82.75679542366292,113.53488832758461,99.592355658403,107.62270822410386,109.49640979137305,124.21135740498141,112.48354999339611,101.49592305372255,98.77537660789665,86.13398997469461,22.959959666960323
2146,2432.244341122522,1792.048745022398,0.6383733536862475,0.9197785100144774,0.4990519486684585,49,0.0,0.026281431418594885,1.3022610370512628,-0.28674511723946683,2432.244341122522,1792.048745022398,5120.399853699782,0.0,0.0,311.2300374468539,0.2952920785273116,441.575983308856,460.8886491225072,483.5497020823538,510.30371106263874,501.6012192268148,550.248769653183,520.547890535024,511.9586354881982,544.4591003020389,507.8159210148191,87.4502719033482
2147,2856.6009642686436,1792.4262342535937,0.6017127642139674,-0.018631790053578037,-0.3177111697347524,49,0.0,0.012647950645313384,1.2226956278507721,-0.21829589811705172,2856.6009642686436,1792.4262342535937,1073.999900877886,0.0,0.0,311.0532303353813,0.29544244124319646,102.80221153101166,98.84088552796032,103.63546671841493,121.28061904255514,90.80786049248057,107.61949129252693,108.62646109057273,122.34706148045152,98.971946886762,99.77308462948528,19.294812185664803
2148,2885.0582213591647,1794.6431637799597,0.8393445547987882,0.5380000459395555,0.5017791641269377,49,0.0,0.014960008835156255,1.2285340607301238,-0.2234680041608909,2885.0582213591647,1794.6431637799597,1105.0076311018142,0.0,0.0,311.0413739782905,0.2963655549759126,125.63294762096234,107.70978672773418,114.15380969039917,122.51646157952001,101.68031634033335,106.67829311381803,100.8159968535515,100.32692616316666,102.42509838438079,109.70044805258337,13.367546575365079
2149,1065.4197791798451,1796.310913643174,0.6494890054832356,-0.23638660276528795,-0.024908256222682574,49,0.0,0.2256703178696448,30.44755395252921,-3.708881021766342,1065.4197791798451,1796.310913643174,3890.2141378407073,0.0,0.0,311.7995493666735,0.2970711312608321,359.37334598741126,370.8629716057023,358.6633229956459,397.60463704791584,354.43781816216347,393.91409292369656,369.6588491233128,403.03955267213155,416.2162225888442,386.50283659882206,79.94048813506109
2150,2706.5820211497667,1796.3985874085097,0.45234851162396744,-0.048542615226111786,-0.1340905138268397,49,0.0,0.06693381711997151,10.92981937645188,-2.596532462408928,2706.5820211497667,1796.3985874085097,1932.7187397855796,0.0,0.0,311.115734331038,0.2971002998223143,173.96399433788025,167.11617046942098,196.66093576269725,188.7276208500969,178.18559872360805,205.9077729724102,197.5765222223164,192.32052280172906,212.77035857563394,182.5617349629233,36.92750810686323
2151,150.79929423869825,1797.3308591158236,0.34272490429984603,0.03651464366433426,0.35068376558960446,49,0.0,0.010216948996657873,2.4250675969336104,-0.9618096218468453,150.79929423869825,1797.3308591158236,410.0023963471064,0.0,168.7435935790895,312.180624735689,0.2974818253122793,7.632906470612509,58.05399618207308,54.790366822063476,9.495034019270499,32.62510560924986,73.38031168578746,26.478959371884145,61.96168029850753,55.406685412943375,24.939893026481577,5.237457448232901
2152,1498.29299327573,1796.768177826237,0.8222133408221756,-0.34251808079034435,-0.09802778989851296,49,0.0,0.01722661988198984,1.6074142395870727,-0.515319528224465,1498.29299327573,1796.768177826237,1059.1313956010354,0.0,0.0,311.6191844039102,0.2972638245684424,85.37673496077875,98.62074088859784,116.74320739618938,119.32817296447813,85.66001188108942,106.88180183806313,111.65739506086331,105.01664505245137,103.78845522911206,103.71272182206823,22.345508507343798
2153,1162.3442256389928,1797.5599626579342,0.5151839649382559,-0.5599508138684951,0.00672016634661074,49,0.0,0.07647143047576871,11.001068904757611,-2.6035872121875023,1162.3442256389928,1797.5599626579342,2101.226046537122,0.0,0.0,311.75916419241014,0.297592305636153,169.42161924760978,217.4533418847686,167.85488116649327,198.1789035911906,235.60282112654244,204.65536775365058,213.05779951044997,217.28672452979922,240.06471170001743,194.01479543244784,43.635080594152484
2154,1816.3529779634268,1797.661562619856,0.622530872995897,-0.5841282109550547,-0.008217311392476577,49,0.0,0.016060422118351046,1.7956522940858248,-0.6355556117591633,1816.3529779634268,1797.661562619856,1103.1676015274534,0.0,0.0,311.4866578411412,0.2976357828869877,100.06096615753067,122.6358721906629,107.02472345549506,117.74378398410447,109.36125842025855,113.04235127313328,102.19981737952259,110.26436145743061,102.13229177147718,95.42587840788362,23.27629702995437
2155,1215.3475131118496,1799.0289862196898,0.5899588369778219,-0.42713269102146895,-0.027997412470923376,49,0.0,0.16962674578286274,23.982633708451807,-3.4497421860897752,1215.3475131118496,1799.0289862196898,3392.303301439855,0.0,0.0,311.7370794187215,0.29820473851024054,321.9271125727989,338.086092202112,339.2108755986744,332.3096862544145,318.6547356876632,342.6343402986719,312.2382238967949,350.93330761888797,338.93003901821396,319.16203072954977,78.21685756207415
2156,2417.7558467008002,1796.0294826564245,0.6373171820488581,-0.7382815034563314,0.06878114643135103,49,0.0,0.03504113683998562,1.3343809309978296,-0.31319956760617673,2417.7558467008002,1796.0294826564245,10879.407782777344,0.0,0.0,311.2360741397392,0.29695087317529295,967.4260298324738,1015.4971044640256,1071.7179600184984,1102.1069229347997,1106.040594642432,1105.8402036249563,1103.2930547682704,1052.6175791016317,1067.8364924037708,1047.8301549199055,239.20168606657953
2157,2636.7136502177354,1799.0236365879305,0.6149178211341731,-0.023232164606863517,-0.08099257281182666,49,0.0,0.015957653051264935,1.8251181414741622,-0.653227454898583,2636.7136502177354,1799.0236365879305,948.2535242142775,0.0,0.0,311.14484471610064,0.29819521283589084,75.23242656139738,90.0902663826128,108.43398669176001,82.85155891926857,85.40822487235059,106.52090361004504,95.37589770107436,91.05459888023802,83.74590829002237,108.62704612559673,20.912706179911638
2158,2299.2940380068117,1800.3325195128552,0.4096466776984629,-0.3755483913914611,-0.3461916699863679,49,0.0,0.01764974966491862,2.696576406935192,-1.0770318261072824,2299.2940380068117,1800.3325195128552,1063.9054351285108,0.0,0.0,311.28543230250267,0.298745188506422,91.93156114406017,119.07378449415124,113.24317022989979,124.67924455777661,116.879592924018,95.96972542481961,89.39482833599611,96.82178292498867,106.24964576134751,82.81127357435967,26.85082575709324
2159,2552.871350638567,1800.5470805013804,0.385592278783721,0.04277528883953206,-0.31730677153200715,49,0.0,0.010818785666484249,1.2325248341725417,-0.2269891966184828,2552.871350638567,1800.5470805013804,1004.2269902965461,0.0,0.0,311.1797776002859,0.29883127916986524,92.1401433627776,96.14971014129105,108.73112568741368,93.04955906800237,118.30753009393545,88.10875725143445,100.30870152440485,98.24812048288665,85.88056956934696,99.50808829192604,23.794684823126808
2160,2885.24951281825,1800.1863399942113,0.8028848451687274,-0.5366257967535047,0.64925212853236,49,0.0,0.012647650162561955,1.0160653733429164,-0.017304128060521905,2885.24951281825,1800.1863399942113,1103.1215681545702,0.0,0.0,311.041294198333,0.29867510234372174,117.98274682820133,111.05023143464847,112.38682429067674,115.01212887698416,94.66387087348627,101.44591465345867,107.51225087199842,106.37954953563806,96.88686112202315,121.1684800820207,18.63270958543423
2161,1458.2210482134124,1801.3564304363188,0.5222567101531285,-0.2878821318335077,0.0385244386851393,49,0.0,0.05023034636033289,7.487106549232477,-2.1857850340737546,1458.2210482134124,1801.3564304363188,1488.8366327103242,0.0,0.0,311.63588124952554,0.2991755144706185,141.44409107307155,120.50205162804178,158.6975443995923,158.34943849394773,144.79057518549658,146.93434677914155,155.80754927700684,144.34133748078267,144.6207046147959,147.66718814193854,25.681805636508734
2162,3056.3596297622917,1802.1153518093663,0.3293040856015201,0.7736023524185784,0.8866133235714392,49,0.0,0.008587953113298161,1.0595790578112894,-0.06283341509998845,3056.3596297622917,1802.1153518093663,989.8131820537944,0.0,907.7172359022273,310.97000447937444,0.29947510727835236,80.15724681555386,100.74917434992612,104.03956473460332,94.02187549799447,71.42118647477034,103.74776558990007,112.98582969451202,93.20637015243105,98.27459792001794,107.56103282693147,23.648537997153774
2163,2746.5273056489496,1803.2577883286829,0.25417221922342614,0.2595267443766655,-0.3060382774430879,49,0.0,0.007487621806458644,1.1405354233523057,-0.14277194592454356,2746.5273056489496,1803.2577883286829,899.0348905809005,0.0,0.0,311.0990912822205,0.29995748825106205,92.1066760594946,90.0028870364402,86.15473781320185,82.8821522655412,92.53783690942458,85.7839115834347,72.4186642458622,83.8630698558076,93.42948642559335,93.15504375118363,26.70042463491665
2164,940.7809592577092,1804.3407959859603,0.5507032233312396,-0.2770426897985685,0.16741877381569428,49,0.0,0.030092709579066675,2.698602047736935,-1.0778471139344072,940.7809592577092,1804.3407959859603,2412.430560090861,0.0,0.0,311.85148193034496,0.3004157002175321,208.11012274701199,254.9786537198417,235.84516041414088,264.89440696695857,242.63093092761656,231.125833870147,216.43650400365587,256.38565131538775,210.04156045075698,247.56458368691256,44.41715198843121
2165,1109.0310300037283,1803.8439284826525,0.29451821060666544,-0.9299606635546449,0.047783111551982914,49,0.0,0.05521418700570457,7.0322974086845855,-2.1177430738998115,1109.0310300037283,1803.8439284826525,3002.93692067718,0.0,0.0,311.78137808185454,0.30021021245673823,262.52704310563854,281.6747106421926,306.00860682773873,278.9347075552822,294.29669714827673,310.9697922815527,338.27887914488946,279.0911700251179,265.0366980476698,318.75625383717403,67.36236206164719
2166,1663.618554769762,1804.4426859840403,0.6281131533746558,-0.48176353189456195,0.03322137882410763,49,0.0,0.286726581683902,39.41423683959781,-3.989132804821773,1663.618554769762,1804.4426859840403,4915.722919717315,0.0,0.0,311.55029790049,0.3004615799883216,440.8685339939007,424.3335365365426,464.14681378532134,473.1832534757523,525.6424354710203,483.7505082238006,525.3764053752029,509.1022865388153,480.16203637180706,497.64658106466413,91.51052888048835
2167,2042.4816868971902,1803.2355447755458,0.44836838397487805,-0.3475099910079306,-0.09415163097331941,49,0.0,0.013757122885991003,1.8727102462048877,-0.6811764666509056,2042.4816868971902,1803.2355447755458,971.120478651839,0.0,0.0,311.3924369035599,0.29995708780757463,85.9578660236455,86.61318860526785,92.83650749962129,96.71428593835246,104.94306250504182,98.78846502135613,98.08130640372858,102.13193390822798,88.50739221880029,95.24375112233454,21.302719405462405
2168,637.9886255624231,1805.2173062960187,0.6923516628120848,0.13412684020659227,-0.028401848742820066,49,0.0,0.015839094822485668,1.7637637674426994,-0.616101041889793,637.9886255624231,1805.2173062960187,956.7276370280447,0.0,0.0,311.9776425673473,0.3007770012776477,90.38512090298595,97.18296777832441,98.52198705357313,87.47030163613411,94.10267998489958,90.85423850941585,86.6618465119071,104.34812779904124,98.02716241234859,92.43013758715735,16.743066852257336
2169,768.097012555376,1805.5792931681767,0.2020916277618689,0.03520253041562891,-0.03660846101563971,49,0.0,0.008103845140287825,1.2358451901798821,-0.22991017918485396,768.097012555376,1805.5792931681767,947.3447812701497,0.0,0.0,311.9234323691127,0.3009296833411466,81.08722594212122,110.22013927470337,103.35950463577967,80.90833123446329,81.41987973221536,104.69259271431433,90.14414984558019,80.66209452444346,101.01967132825199,95.31105666081311,18.52013537746378
2170,2309.62429855273,1806.1718931525627,0.4964787706135985,-0.31560003491727107,-0.03301770597460106,49,0.0,0.02321436834548271,3.285319371484763,-1.291443986133409,2309.62429855273,1806.1718931525627,1166.2543963925307,0.0,0.0,311.28112803892793,0.30117810832440883,105.05466293456081,125.89231263592656,108.33531525569225,110.22193267454176,126.30042726764653,121.95962396418658,106.80920538911855,111.25157599425981,107.34497494894137,117.28842481693442,25.795940510722144
2171,2084.6828249151195,1808.9411628291784,0.20160300395005876,-0.6463548579145117,-0.1402051707352303,49,0.0,0.007941939498952624,1.0048123591792784,-0.0052124206064862715,2084.6828249151195,1808.9411628291784,957.5622891924111,0.0,0.0,311.3748530422696,0.30233409860480726,103.33534835473375,106.90563897652146,84.77946493853284,83.86378288661075,89.93792713389904,103.29305263176707,87.50816736468047,86.51629016658234,93.4651231207782,101.53163884432762,16.42585477397752
2172,2391.83248472833,1808.1365412851655,0.6527752851312096,-0.20608782029861947,0.003684420367312978,49,0.0,0.024222049150726357,2.6616972705734936,-1.0628966481361115,2391.83248472833,1808.1365412851655,1729.9154366453777,0.0,0.0,311.24687519598,0.30199571398825925,134.84653171615102,180.74967499791958,161.43741416732678,174.6490579582096,176.47403943113972,183.38647616405825,137.41730064894648,199.3382291751484,176.8387787170766,169.08262817502782,35.69530549437347
2173,2707.6595034027855,1809.2024947859875,0.6457678030203838,-0.6648358891782388,-0.3610006146157841,49,0.0,0.019053887251379034,2.025793543952122,-0.7664879568411056,2707.6595034027855,1809.2024947859875,1035.9200969052179,0.0,0.0,311.1152852420517,0.30243505802918724,90.39932191835898,100.79579825182145,98.65903449110314,106.5701592406629,93.9680425046553,109.41090038117004,98.74261889863818,103.84820637063689,107.52722555602352,96.45254285666545,29.546246435482026
2174,1624.5092878006812,1810.1443146364886,0.3258136859530254,-0.2810987813705601,-0.04024360782516218,49,0.0,0.0331964955324536,6.177601938084002,-1.9770498013253617,1624.5092878006812,1810.1443146364886,1449.7770758713657,0.0,0.0,311.56659363123214,0.3028372802569185,127.13016349433983,137.00137139620267,146.6778430171588,158.1669088935268,152.30228973486544,167.61582076733202,114.053090936319,134.1461110773082,146.9775357572614,139.8849391300777,25.821001666973842
2175,1990.2026987150612,1811.5563479882871,0.4517914048345779,0.2720772057580523,0.22798793313393625,49,0.0,0.019496838521856654,2.796397751349098,-1.1164973605760984,1990.2026987150612,1811.5563479882871,1108.8069738321678,0.0,0.0,311.41421985371545,0.30342441223674377,89.73762315774121,123.46488497097702,109.79769201542672,94.84998460084702,104.87951129065362,110.77448934263174,115.45536994592268,111.9127223105366,121.67432270932967,116.34596671429603,9.914406773805425
2176,1853.3970403484127,1814.437433266061,0.5427783533161396,-0.153372288461918,0.03138601638591408,49,0.0,0.164422582540421,24.389348965466503,-3.468000519185408,1853.3970403484127,1814.437433266061,3418.9245061317824,0.0,0.0,311.47122261933754,0.3046255648787695,333.68109120866006,325.5419079994484,329.0622770612851,327.73558004914173,319.34081974654896,312.1641985668745,354.93707718000564,345.2730195595276,350.32162089956915,348.16388069011464,72.70303317060666
2177,1954.1221513062742,1813.7685879198712,0.6218665245618965,-0.3013192989708103,-0.06024405644028672,49,0.0,0.296695274621545,42.40342859438021,-4.068502433900457,1954.1221513062742,1813.7685879198712,4633.834567883216,0.0,0.0,311.42925348941293,0.304346388814008,419.3956337468087,419.33905029299933,439.3487894605821,451.38841052272494,433.6193125336574,508.2778702869796,461.7253810219287,493.04329536817556,455.80940805679495,455.05007727424936,96.83733931831446
2178,2674.339234055875,1813.99119117955,0.6209717476522371,-0.3569625129452267,-0.044984605295589064,49,0.0,0.10543005230025067,14.257053835495688,-2.8850744738211658,2674.339234055875,1813.99119117955,2270.6554926620374,0.0,0.0,311.12916793327213,0.3044308637849823,194.04736566870616,227.42902798268807,217.87699907262115,223.29563622809832,237.1168281700902,232.9147124748299,212.91041053395998,219.99509947208304,215.71724835233738,250.90959879666667,38.44256590995636
2179,2552.126963943601,1815.2162041123383,0.5409107688575708,-0.2688936416623471,-0.01541927618206408,49,0.0,0.13609601862797055,20.32000677853646,-3.269809621219725,2552.126963943601,1815.2162041123383,2837.342454287338,0.0,0.0,311.18008759135546,0.30494326494135215,254.11503534109698,294.5138777410445,274.50320573353827,271.5429222667474,274.23809930991877,286.6902802229605,276.5009032057968,301.50948583541947,260.4959483659975,281.9830238787507,61.24967238606731
2180,1001.9928812043748,1816.4622225654336,0.4482003745879781,-0.35263467574712437,0.5068101194258818,49,0.0,0.01461705176321436,1.2457900773314188,-0.23861216853391426,1001.9928812043748,1816.4622225654336,1786.0985324478456,0.0,0.0,311.82597725724145,0.30546684682184,147.75867065208843,177.64381986975022,185.1287017346311,165.2893216999671,177.3576128159808,185.24442822855357,174.63164466857404,181.75530525208447,183.79157789149014,169.8087249693276,37.68872466539803
2181,1376.0979194722645,1816.9348376732516,0.6098038205832925,-0.06573275733849225,0.15147314613033794,49,0.0,0.02581509247523162,3.2332735903924625,-1.2741061373180584,1376.0979194722645,1816.9348376732516,1219.0714817858964,0.0,0.0,311.6700996278065,0.3056662556688024,102.0063591597744,119.22173725517221,110.50254016386405,119.91764956404901,128.7818031952124,123.30607335230647,126.50064425882034,139.5821707695619,104.56260559873455,117.43205051878277,27.25784794961809
2182,1017.42645992087,1818.1450508667144,0.3289607452393079,0.48513921792068965,-0.17112161230751613,49,0.0,0.014713641170960703,1.1945075525361066,-0.192972250041837,1017.42645992087,1818.1450508667144,2351.1553708194533,0.0,0.0,311.819546645871,0.30616816453049756,228.83427427703282,209.2882501454926,212.94994882138155,246.6589752154706,240.44081007373956,237.6101289765195,220.06932035832602,257.8202800811017,210.90989046958202,231.3514265619565,55.22206583885057
2183,1869.6451029682157,1818.326878456557,0.39107561603603874,0.38749106149997187,0.04653442663902432,49,0.0,0.01603023890675492,2.327655380305486,-0.9172967037864171,1869.6451029682157,1818.326878456557,1151.8028548751122,0.0,0.0,311.46445251822456,0.3062460916182264,103.82055266708258,120.86226336516177,109.14272776290605,101.78791569188017,127.17858395294961,125.02457275765937,98.49421701723739,103.9718678571021,110.42692991837367,131.4160498273066,19.677174057452966
2184,639.3476110399322,1820.4856839917184,0.7188062215863191,-0.3399041943101292,-0.11789439502905799,49,0.0,0.01087442130651546,1.1302207505997182,-0.13290819146111635,639.3476110399322,1820.4856839917184,846.5387411947296,0.0,0.0,311.97707651116025,0.3071386755289116,69.34613315392512,72.31418860918794,78.86627818249887,90.50294213509574,81.70538349436272,94.63998918433415,89.67273429748445,75.99304215674024,100.80722125245165,84.828735982508,7.862092746140704
2185,1025.110381935065,1822.414583881238,0.3698374002688186,0.14974216524575623,0.574963729066452,49,0.0,0.02713845550729697,2.26370357687492,-0.8870488926909483,1025.110381935065,1822.414583881238,2861.027884578792,0.0,0.0,311.8163450548027,0.3079471885663667,290.9343529733419,230.7704451359705,294.9560262643649,291.1072371189596,286.9683805590606,291.71307507229943,288.74891492980066,292.23673799242306,267.2182693733309,262.5884485297787,63.78599662946169
2186,1539.3015269504822,1821.9656139253802,0.4841339249590491,-0.5661747216035488,-0.37349125537085165,49,0.0,0.01937883029915343,2.8355333910507476,-1.1315869146869426,1539.3015269504822,1821.9656139253802,1070.9183611440055,0.0,0.0,311.6020973260433,0.3077627836579785,94.33781785575945,94.4066265283626,119.97063388702975,104.42681648055004,105.66080948144361,105.12580549151326,93.32114185770386,122.42644318715973,110.82806847998097,95.16198592395394,25.252211970548302
2187,473.3351458485095,1823.4476172963737,0.6110757323709858,-0.414725527853721,0.16604752206012563,49,0.0,0.04259427542349422,5.316253967629257,-1.8140142996126762,473.3351458485095,1823.4476172963737,1459.9054795138898,0.0,0.0,312.0462453184119,0.3083699542824877,142.92416265257813,142.58516329078162,129.10732085529528,154.46552516678963,145.8673150040725,143.5724575922088,159.72746655833518,136.7668982182685,155.93875081111497,121.47243295216822,27.477986412277097
2188,703.9688774383457,1822.879012278256,0.796639801243863,-0.09596228846800423,0.09796953900414829,49,0.0,0.01500642513332843,1.5130632968068762,-0.44964274120626435,703.9688774383457,1822.879012278256,868.4923964065232,0.0,0.0,311.95015188451555,0.3081368467917286,85.81969244886623,87.51096039472138,79.91547548247652,84.52130176722369,90.68156879779619,85.05011101638453,65.89134637939694,92.84750950254296,91.79984354777038,85.49995780505265,18.954629264291682
2189,2686.586558597673,1823.0690202754324,0.9939085847566668,-0.02250548501634724,0.26229242598755076,49,0.0,0.013830417099924863,1.0135064491406158,-0.014566291347288445,2686.586558597673,1823.0690202754324,940.790976009504,0.0,0.0,311.12406501789627,0.3082129521560448,84.96129471457148,92.89740247014072,89.4919139277482,82.02979824097342,102.13787467662712,92.47755646996633,104.05413431508181,97.95227931324422,93.13986761643915,80.16334849109117,21.485505773620325
2190,1355.1868305920736,1824.1932489826056,0.6446658674878399,-0.7864236863615077,-0.21347283926167074,49,0.0,0.012278090224600937,1.2486445323302895,-0.24109704945875998,1355.1868305920736,1824.1932489826056,927.6582811962267,0.0,0.0,311.6788126895635,0.3086905017659733,62.576516029108866,95.98536526119707,102.6943676606268,91.26131943893358,83.99975822853571,99.98951093202244,98.0065209820323,98.62504927860499,77.15831762680787,101.86494260118113,15.496613157175876
2191,1983.978037895209,1824.3665901469412,0.5083926272005341,-0.3230951559934315,-0.037824977210567566,49,0.0,0.04133028816019963,5.926534182169951,-1.9320019840063969,1983.978037895209,1824.3665901469412,1496.4665603048315,0.0,0.0,311.4168134192218,0.3087620176425792,132.06755051055796,150.26951426129955,158.27822370323972,148.23194708191755,138.07702931732013,155.70185535136926,138.78037221414297,135.31851567251908,142.5187199724387,168.84175142764667,28.381080792380054
2192,567.2089427070018,1825.3897893400474,0.683703212418048,-0.4143956389596739,0.023168214723304454,49,0.0,0.013923349645633012,1.4288090949665975,-0.3874355150475494,567.2089427070018,1825.3897893400474,914.0203042758757,0.0,0.0,312.0071331593556,0.30918082128421825,84.56893433289974,86.73520758087398,86.77743461582756,102.16590817456654,104.56564135689055,81.64216953432401,87.81520634680024,79.95951699087158,80.99467884447672,93.29818615080254,25.497420347542274
2193,2143.5016383606803,1825.3782961386644,0.6547016988703175,-0.48866551191344165,-0.17316105684931535,49,0.0,0.0499265815041388,6.317805459687142,-2.0014156220277797,2143.5016383606803,1825.3782961386644,1815.3156801228688,0.0,0.0,311.3503451308345,0.30918235073917494,160.97318807142867,160.82097469596968,159.5503578035705,187.6563371799478,194.14271765128504,197.8162258652165,205.52698450316186,177.88512301567542,184.29000039642966,156.45978221435988,30.193988725823647
2194,2278.886137648455,1824.8320047810769,0.8309207030285927,-0.11676554034631387,0.014989095862435794,49,0.0,0.017634081827970778,1.7382057402681563,-0.6002529495206199,2278.886137648455,1824.8320047810769,965.2312896457353,0.0,0.0,311.2939352982859,0.30895338085367957,75.97601808463408,80.2650889337575,88.56570377205347,111.27021607651791,102.84479502570917,92.98102410326469,90.06072466056696,85.86768004341886,109.8053683160092,108.92905590040432,18.665614729399184
2195,668.3502397270163,1825.8779128083254,0.5330687077486916,-0.4105709484038307,-0.05020088481214961,49,0.0,0.045878122271101135,6.615876624210302,-2.0514684942616683,668.3502397270163,1825.8779128083254,1422.0677840424282,0.0,0.0,311.9649925543997,0.30938582596397174,127.26620259520953,146.0779423715887,134.00129420299402,135.21322456884715,153.6646429548556,140.56097304100078,118.49715200450255,147.20941900457387,142.4296120897812,148.71052789984986,28.436793309224793
2196,1814.8706789202145,1825.5416394103183,0.30420861903180807,-0.408716321597981,-0.04571394040265157,49,0.0,0.011541058447923616,1.7773424306576098,-0.6244277724085795,1814.8706789202145,1825.5416394103183,1190.84717804422,0.0,0.0,311.48727540381844,0.3092524450349952,69.39290571601111,111.18117419965012,111.70110763048893,134.46289709127723,121.58880084819361,119.27528943782464,129.0882250257861,133.02908827992422,112.95578578631566,119.01200591094856,29.15989811779977
2197,2138.395760044402,1825.7361913729444,0.6107778235590529,-0.262976686415077,-0.24728030369992693,49,0.0,0.033995676273019346,4.229552294520462,-1.5657359974508365,2138.395760044402,1825.7361913729444,1793.7628758576484,0.0,0.0,311.3524725732067,0.30933151733304154,166.1803077522418,163.1451047912568,153.73303011376504,182.70999911264335,177.02821480940517,205.1546351408473,200.1583014223965,189.6200033313126,174.30814709209014,151.4539405995323,30.271191692157135
2198,2159.647041923998,1826.2033988411556,0.4378573891671581,-0.3249120468932994,-0.062442048912956905,49,0.0,0.04375501355565192,7.4494126387957955,-2.1803050785868354,2159.647041923998,1826.2033988411556,1500.686165653084,0.0,0.0,311.34361789318984,0.30952599428732586,125.51714137940073,150.05758177921817,166.53741681741346,139.71940180124628,144.4487579327225,151.36243983888934,158.7325775109294,140.81276888521822,154.25676722243236,145.5104664267389,23.730846058874516
2199,1029.8805952947698,1826.5440513061994,0.38541540475855673,0.5362347675459352,0.5124309506480634,49,0.0,0.016796985064763174,1.1709910911047614,-0.1713839774359037,1029.8805952947698,1826.5440513061994,2783.8937714188764,0.0,0.0,311.81435750114855,0.30966782512865465,278.71984961404405,241.34056537249234,268.31902779115177,276.4004210848224,276.27280602968585,293.2207460184476,285.65469026722025,283.77010301288857,274.433231823003,239.85308377284485,65.909246632276
2200,2114.032528434302,1826.2670553433416,0.29664775572628427,-0.5463354648339475,-0.8315367609202113,49,0.0,0.006822873888157595,1.0180781642213825,-0.019452806953865965,2114.032528434302,1826.2670553433416,854.723819837779,0.0,0.0,311.36262390253074,0.30955291804271834,50.80016290322416,75.5047552415035,77.4988313498103,97.09022739505713,74.51488281312889,84.78840613530585,84.03401921265291,93.77803026546826,97.60472258693366,100.04961803162672,19.060163903067604
2201,2785.841592221969,1828.3442738053036,0.6414560627699338,-0.33362233654932993,-0.05247376595417205,49,0.0,0.07357978984222455,9.199495747729593,-2.4094100574996826,2785.841592221969,1828.3442738053036,1883.2106395398898,0.0,0.0,311.0827109611607,0.3104090496201276,174.94468178096056,180.6494174545089,192.11945250030655,180.21741279108392,183.36795593691986,189.47378985831716,180.883346014569,175.6016224218714,190.3820797496033,195.9014521137837,39.669428917965675
2202,763.6405582620711,1828.5014812811062,0.6439233363268202,0.004498915834999974,0.42401378396379175,49,0.0,0.011032823245324536,1.267890563583144,-0.2577044239213717,763.6405582620711,1828.5014812811062,854.9294932987495,0.0,0.0,311.92528939881026,0.3104803352906591,68.1050275231074,76.49275273679712,87.92298736998237,92.42212838555434,100.85811991326624,78.8611090873097,80.75843693746907,79.16761551445208,96.82345080224633,80.38512775559428,13.132737272970555
2203,1510.7351768978149,1828.7331190853783,0.6483670092539991,-0.18115564257761757,0.010900766184235137,49,0.0,0.02836958199607348,3.27743350732871,-1.2888347236794016,1510.7351768978149,1828.7331190853783,1246.8425206100187,0.0,0.0,311.61400013146925,0.31058253423878973,98.73964391595017,135.47059058475418,122.74703568836135,114.8854639656665,139.59572482005115,121.63294990038408,136.96482468676768,110.06784845759002,120.66425284447203,124.25065275070351,21.823532995317883
2204,1719.3887256263945,1829.4304115252567,0.4466833097881089,-0.26118998223982787,0.028666055334193686,49,0.0,0.028640219702040594,4.558317532426724,-1.647011437135844,1719.3887256263945,1829.4304115252567,1279.9162255050435,0.0,0.0,311.52706001197777,0.3108730219374559,103.96788562069821,114.73402132627294,137.5546897885332,124.64363247375564,125.33950943459502,124.52249566731315,128.89146547535074,138.69255541610502,131.05804660938418,128.77585196449525,21.736071728540132
2205,1806.0140304700822,1828.698031067387,0.3575860860866918,-0.24418144221709018,0.21029984684339345,49,0.0,0.01843984423508433,2.868490374941121,-1.1441334924252045,1806.0140304700822,1828.698031067387,1348.420913576404,0.0,0.0,311.4909657068228,0.3105676335946464,121.57297865964193,107.84249648143273,125.24245381246234,139.26004433257978,127.52551633137307,138.71654436784303,140.0856447930489,137.30024302128115,129.34842982101102,150.97808895591766,30.548472999812354
2206,2311.8566689919753,1830.6229015225204,0.6021564293021442,-0.10414770118431196,0.12692499481300826,49,0.0,0.03993518415230541,5.4506801314036615,-1.8411267414192864,2311.8566689919753,1830.6229015225204,1285.6771724743744,0.0,0.0,311.28019769936833,0.31136584129806866,126.59690988031045,131.71570514572485,119.89283627108995,130.43140333751106,110.08434401930535,126.50955400942381,115.71803342630503,139.87237774026448,119.40461711580411,140.3008163778119,25.150575150823627
2207,2068.9749730061653,1831.0626469089166,0.4941713105657382,-0.1170880986946793,-0.06217873158663832,49,0.0,0.1396245940305289,22.527766247586946,-3.3817953279068873,2068.9749730061653,1831.0626469089166,3026.7636408063095,0.0,0.0,311.381397867522,0.3115514262717678,251.2995399229842,317.4207483866678,302.2090001476068,288.34438261592925,311.9899067354962,294.38125629614046,293.5816893834336,320.4211712715339,298.4404619552976,282.34304028739444,66.33244380382507
2208,958.4305543122,1832.6515252549632,0.578478355035297,-0.9314818028947284,-0.5729913857192527,49,0.0,0.046523650300082646,4.682521278636771,-1.6761993990068875,958.4305543122,1832.6515252549632,2681.949601406761,0.0,0.0,311.8441282113273,0.31221186164955617,227.10150993300036,250.86994178768748,272.97348793194635,262.29864475227794,267.86994409070076,247.80633212998993,254.26812680276768,284.6337040928787,274.67385915915247,288.1838085042092,51.27024222214979
2209,2721.3372886424704,1832.8907642886575,0.502433294221984,-0.32111189080216673,-0.48042155899664374,49,0.0,0.013809989787644248,1.5977203106954596,-0.5087518902722912,2721.3372886424704,1832.8907642886575,1048.4213547372633,0.0,0.0,311.10958616349797,0.3123045733556223,94.2511256185735,90.91240252433948,97.67130528168778,102.86805241297301,102.30496517705754,85.6073929585776,113.69311437624044,119.99595869496444,116.01875766833057,108.33210736636441,16.766172658154396
2210,683.0037360656288,1833.5858341225985,0.9618760570700673,0.18645534240611905,0.22444298690399975,49,0.0,0.019886158971263713,1.6867945774151047,-0.5676554905166522,683.0037360656288,1833.5858341225985,1080.9203682905982,0.0,0.0,311.9588872068741,0.3125976011582014,78.74632335717573,104.13151726844248,108.75681620220742,107.72851683417072,116.98947984608284,128.8493956791572,98.44100338033601,94.78578804075141,116.15619054271593,106.58132192707504,19.754015212483367
2211,855.5230202039517,1834.8094182548025,0.43240110035733625,-0.7129311594691659,-0.1854875389794622,49,0.0,0.028558444066330027,4.506992194724339,-1.634717014885074,855.5230202039517,1834.8094182548025,1284.134105920099,0.0,0.0,311.88700585168465,0.3131097895835153,125.6993225292957,120.66214245029721,119.51892359795286,132.80565613655193,134.62850429945934,150.3672836865623,139.08903300638573,107.34666966839822,120.08820806822268,111.01699855763785,22.911363919335106
2212,3086.903021710223,1833.5801081394145,0.4600125436579524,0.8781882566542878,0.7292024699980062,49,0.0,0.009759119589877904,1.6262224692499094,-0.527949893364455,3086.903021710223,1833.5801081394145,904.3196016736415,4.301486805372447,565.2379288163368,310.95727882949205,0.31258391217353876,82.8616646046079,81.27228487169513,71.6320301983095,145.57376506049098,78.07564258016254,51.15666743186002,151.40807928490744,76.40253877912826,69.36708221641972,69.46634546908626,27.103501176973683
2213,1046.1704931097747,1836.7462479242167,0.5146434447482372,0.41679444014443384,-0.22912254148732666,49,0.0,0.013734847350612263,1.0758721410822358,-0.0794016548085609,1046.1704931097747,1836.7462479242167,1841.6714261633767,0.0,0.0,311.8075701317837,0.3139188438867086,159.36771758419582,185.65674936164385,150.99572726768167,196.46395879173963,197.50133240666213,174.820203371189,171.87465265561963,186.38434450399302,188.81175677989478,199.91737112036714,29.87761232039019
2214,466.3101132120738,1839.4778342003751,0.2676275059039909,-0.7943909229061697,-0.36465795436712034,49,0.0,0.007960176185469287,1.0653580567655763,-0.06873898643966417,466.3101132120738,1839.4778342003751,976.8273367262012,0.0,0.0,312.0491724631827,0.31504883576081655,82.00470893568557,73.86054706293925,94.14737437595568,114.3563641775695,101.16689484918527,95.38330149076843,113.01260030672378,99.32635808849997,92.18539537947086,92.73322667044383,18.65056538895915
2215,675.0152974485054,1838.5967533481423,0.5523637479383813,-0.3691608991973571,0.08886321404461538,49,0.0,0.03507829697843638,5.0580189393517365,-1.7599511279818936,675.0152974485054,1838.5967533481423,1290.1904575652857,0.0,0.0,311.9622156710986,0.31468530906409936,112.7406131924462,111.72330158193904,128.903866405617,124.4887467799997,140.60851613389048,132.79381324118862,131.78461527038323,113.30860540934336,124.82047994255231,142.87385238396874,26.144047223957283
2216,1397.3790730411908,1838.613984710709,0.2555451562075276,-0.24754233712928242,-0.11414376996639286,49,0.0,0.012304451395407114,2.1443139084109295,-0.8282209062733226,1397.3790730411908,1838.613984710709,1031.4938639614843,0.0,0.0,311.6612324369133,0.3146992725893971,101.69678472038993,89.34767739423432,95.85030971956547,107.52317323308448,100.29089141977448,87.90756096176028,110.65785883921933,102.53750312248548,111.25176077277413,102.55531931944591,21.875024458750495
2217,2046.5981618818744,1839.35261204631,0.5079393575904094,-0.895611116248407,-0.4321916420910923,49,0.0,0.01136035315875251,1.2276149379486208,-0.2226554110098937,2046.5981618818744,1839.35261204631,1119.3646156479845,0.0,0.0,311.39072151828293,0.3150057187679942,102.1950584793535,97.18108755580138,110.3702831580959,108.18229398026884,97.55522660781476,123.79360783332291,104.7354276092043,116.32943828625642,120.86629741393983,117.56055444894275,20.595340274983933
2218,2891.575730038818,1839.2927661511171,0.2167188987882209,0.09700083040147447,-0.08083093373810742,49,0.0,0.007247225612964002,1.1935355715344382,-0.19208841757542333,2891.575730038818,1839.2927661511171,863.881526765356,0.0,0.0,311.0386578973312,0.3149685582092284,95.17761211464698,84.15473360591184,86.5688949463802,88.35358970970667,76.27932761660699,72.3567292865339,93.65832089271457,90.23090830232051,78.67247802240738,82.25154865190996,16.177383616216943
2219,742.8374169878674,1840.2113773485423,0.6422266320563632,0.5015260400518954,0.46652670308361693,49,0.0,0.04328351756155206,5.136306740595815,-1.7766273798298697,742.8374169878674,1840.2113773485423,1767.3833768605996,0.0,0.0,311.93395727506294,0.3153590602373733,155.26177815334873,170.30494898426485,164.7090931802682,183.352930101475,180.58633251921697,187.50692271673273,178.36226805194678,171.58833972546643,170.72531141935522,163.60969666814063,41.375755340384025
2220,968.2284882594059,1840.212507904244,0.458555100528814,-0.49323403872042254,-0.05045312984702774,49,0.0,0.023933675882181586,2.4399355566692065,-0.9684458898708442,968.2284882594059,1840.212507904244,2420.035335577775,0.0,0.0,311.8400458261909,0.3153623315876555,212.54743508265938,250.22045200779564,231.8604947159167,232.6915203882064,245.85370790743607,213.70860437173855,256.5971274498843,241.96743843388003,240.37720467621133,247.57988753821883,46.631463005827975
2221,192.5409862999599,1840.3812738711256,0.5554444202588087,-0.9436946943875614,-0.23975150258831646,49,0.0,0.05726673010881373,6.755978154043284,-2.074220591444514,192.5409862999599,1840.3812738711256,2248.3193274076557,0.0,1854.8518019923695,312.1632347158624,0.3154194507672071,236.1706623450187,267.432022300377,260.6419594962925,236.4210304174727,215.51316924680037,202.38148593630686,217.7733910337491,196.06586986105012,182.78926314024602,184.65945230519318,48.471021325148754
2222,503.1553210035283,1840.806417489365,0.32928583070485695,0.5631449964207235,0.07035643150973607,49,0.0,0.00784849764531718,1.0540595044948695,-0.057162821651276716,503.1553210035283,1840.806417489365,824.4142479287784,0.0,0.0,312.03382111179144,0.31560307774399227,81.5342296184748,83.48642484225556,78.70741043134528,79.81940288725843,76.36033822161971,103.95646571892993,67.23211469786139,78.44579704833998,72.57790223961082,81.01754567553996,21.276616547542538
2223,651.8136325351411,1840.8119571963573,0.39705776832046547,-0.5431110748232644,0.03474961626158981,49,0.0,0.027906135776122228,5.012688369005132,-1.7501767651091855,651.8136325351411,1840.8119571963573,1240.3853648368831,0.0,0.0,311.9718827377826,0.3156079240915683,100.78716516890947,121.65955329904838,121.16117386964527,111.3498276820436,105.83690525606175,135.98953790187323,119.11755930712245,118.07688381510502,147.49931543577097,138.0877274719165,20.81971562938644
2224,1777.2902197123353,1841.2690699079155,0.6011067375167056,-0.33871667147594975,-0.21089846972766238,49,0.0,0.019541812512690694,2.2412285623216888,-0.8762153712500016,1777.2902197123353,1841.2690699079155,1121.908813552765,0.0,0.0,311.50293407214855,0.31580563706209225,110.14299003431594,110.34065130793125,121.47993432414337,120.73029574402878,123.70299132426027,105.70575699233811,97.04055033476075,107.93119040438097,117.05352015593519,90.98824745924745,16.792685471422747
2225,1803.314314019883,1841.1178671343112,0.6407630404162968,-0.8706042607572431,-0.49844667180620855,49,0.0,0.02390184549044763,2.5761046034589814,-1.0274087342414553,1803.314314019883,1841.1178671343112,1342.9568656934614,0.0,0.0,311.4920905724674,0.3157425536722777,120.00580947249799,122.38897751940496,131.74987897861104,122.97261028259153,134.9202218247402,139.1007276580031,130.70705301132256,141.3602393334989,131.43121731554186,139.69356105286798,28.62656924438129
2226,2295.3046278776837,1840.7385312199283,0.6212291005880223,-0.13621451780816082,0.11537838622145195,49,0.0,0.01651618921456948,2.155985784670996,-0.8341147325909068,2295.3046278776837,1840.7385312199283,935.371378980728,0.0,0.0,311.28709421494915,0.3155808124969623,70.59089146816858,87.74770452803831,98.42210118386666,94.12493075298563,92.3933987841973,91.9588812822629,92.27796090338511,106.35426584258158,86.13211897077429,101.57874840740513,13.79037685706249
2227,2279.809245497937,1843.0690942495125,0.7328314032579906,-0.4741744880542396,0.013493742008605078,49,0.0,0.02321960004087284,2.4450471456380756,-0.9707180941225735,2279.809245497937,1843.0690942495125,1099.506106436374,0.0,0.0,311.29355053312895,0.31655204326080116,103.16552142338413,98.4994175297016,104.3756700116706,130.35263251298437,110.97351042301673,110.76926333193586,98.77126634038476,118.50865860454067,98.89790594908308,97.01347688681363,28.178783422858675
2228,271.0948236401699,1843.6700148741745,0.5059168303505246,-0.6192682565015922,0.12376889486162039,49,0.0,0.1408899663066763,20.264913263716743,-3.266861873121764,271.0948236401699,1843.6700148741745,3714.143719908372,0.0,476.5384240824055,312.13050679719913,0.3167914845534072,341.0537693040151,348.2300479400395,359.0287600363262,387.7072760090342,372.58062890990095,363.7774995531796,395.1351943566485,360.94620617171245,347.7019098434906,365.5283488641633,72.45407891986152
2229,743.6591632767545,1843.3181862920758,0.24753522282480236,-0.1652039652235475,0.5602882556892653,49,0.0,0.0172119881882034,2.385534823269022,-0.9439644015804699,743.6591632767545,1843.3181862920758,1705.1432201775344,0.0,0.0,311.93361491975253,0.31665354659684475,149.8271528453466,158.19052536309843,157.54864010620147,173.56688143241402,170.6384870390312,173.42179610566717,182.15501620963937,168.58857100171753,172.434018783841,156.98153029408257,41.790600996495016
2230,1380.0738579638012,1844.890927657742,0.6065861219901413,-0.7184810810658692,0.0036444035715880625,49,0.0,0.01781203114556945,2.1635509303498313,-0.8379178075490733,1380.0738579638012,1844.890927657742,1104.868560862313,0.0,0.0,311.66844303980577,0.3173145930802342,91.15919662137267,113.37419611112662,110.17585561751625,130.96769219428833,127.71373035409162,116.61290978100983,100.5226190893288,121.1684273195998,80.99218628690605,89.41084984478405,22.770897642288876
2231,2440.42699385184,1844.559947345296,0.5644346385782264,-0.43353251451063823,0.018228513554801394,49,0.0,0.05741171784074648,8.326480396402568,-2.3011536597494913,2440.42699385184,1844.559947345296,1600.4760360118403,0.0,0.0,311.226627589592,0.3171711760537317,128.02967609291846,158.03072389902883,137.2167637731482,165.2515236282872,156.23278175063405,186.45442998356953,156.00693885567858,154.48065389524706,162.82273000329786,163.54514073236214,32.40467339766852
2232,2054.044570001926,1845.8541251898318,0.624531536678492,-0.34082979646319794,0.12162056389609853,49,0.0,0.022705827299779262,2.5732638978217723,-1.0262108175378872,2054.044570001926,1845.8541251898318,1144.8856679549078,0.0,0.0,311.3876188056191,0.3177146036450563,108.99429572789822,101.41760452213043,114.61781748207545,107.75840597795803,106.93951869031007,103.44009295718314,113.81584138648296,123.15763097027703,108.32795246215676,133.51598815922415,22.900519619211487
2233,2494.193154974884,1846.0097211190819,0.7026810982722993,-0.7853192557554582,-0.5647736693768696,49,0.0,0.020360506275755447,2.110849753128442,-0.8111433050722794,2494.193154974884,1846.0097211190819,1155.9326122723498,0.0,0.0,311.20422559017834,0.31777445208066724,108.93633882038365,107.78132247323296,111.43558584212455,97.32947264764098,137.69416941663928,114.15149063446162,130.16147279415512,105.10497748674261,103.67212690084686,111.50835015030287,28.15730510581931
2234,203.30602058447093,1850.096267366413,0.4684414625097174,-0.47956645645363977,0.1756225010613326,49,0.0,0.011642137302909843,1.309463180365142,-0.2927332284780516,203.30602058447093,1850.096267366413,1052.2738312868012,5.799327739157174,977.0673873625457,312.15874984505376,0.3194673948002601,91.38970379995783,108.1325265804129,102.30667209961194,106.09032359484618,108.26398264784893,113.52128331536716,123.02707943603042,111.91100193642286,78.70757664439532,91.0357726679174,17.88790856399016
2235,2421.483030085899,1850.367956280242,0.9397616963240496,-0.2256458124892769,-0.21813166566936396,49,0.0,0.02941224427146108,2.794104328765357,-1.115606545391351,2421.483030085899,1850.367956280242,1046.3982766360768,0.0,0.0,311.23452067410113,0.3195913927170446,93.09235527697169,110.6109275398447,106.68694021796112,97.55306671096378,100.33858510662186,107.4301828412323,95.18560886965545,108.90724582297484,126.15194161851844,81.84718666420343,18.59423596712911
2236,642.6674916439451,1851.1346419832887,0.2984757968575851,-0.35835364719141577,0.5103996763795693,49,0.0,0.014921117220131048,2.225758263163331,-0.868694985941046,642.6674916439451,1851.1346419832887,1091.6080064189716,0.0,0.0,311.9756936113549,0.3199087791887225,96.07483252678153,108.89484701667445,91.94042165522583,116.1029986255593,107.26367652847108,108.90406045381698,116.83021493444025,115.01903953585693,98.64854206969375,113.7899946106098,18.139378461841737
2237,800.7916937244343,1851.0833949905837,0.7762881996357507,-0.24468650576306444,-0.059923433547440716,49,0.0,0.025061378231020327,2.788587714043143,-1.113460774055505,800.7916937244343,1851.0833949905837,1054.9074873025424,0.0,0.0,311.9098103070712,0.31988977752488734,116.58705650869524,107.25667117736282,94.22055174547583,97.07211502093867,100.54402306010321,115.27212830194806,115.84109099596446,104.86103109635837,79.17649424477995,100.7594478875492,23.31687726336668
2238,1245.0924176886335,1850.9528810655347,0.39583095336068186,0.24431089717183682,0.03346025708707065,49,0.0,0.011957135849393072,1.4281486813663495,-0.3869335580535642,1245.0924176886335,1850.9528810655347,1017.200867477552,0.0,0.0,311.7246858537547,0.31983973821119055,95.25512170729914,103.95287345584,96.2775215694582,96.71567415062921,97.6025584356409,128.6536140345453,105.64933419514512,97.56025689079414,97.3648424912867,83.76705241354216,14.402018133371314
2239,1765.9652776552111,1851.1303589713566,0.5548863589647329,-0.3595604864515246,0.010985034401723071,49,0.0,0.21104780217688407,32.3268833125744,-3.7739095889803185,1765.9652776552111,1851.1303589713566,3873.1539838213575,0.0,0.0,311.50765283654584,0.3199145237785265,313.969039141188,404.4987215463245,386.32368584707757,400.25244555515474,381.44236536245563,367.2891512454124,381.8949995014992,370.5299032593608,386.1740728104719,399.2800825130038,81.49951703940917
2240,369.7438991491003,1851.8650662971536,0.5174293542117903,0.06416843266218415,0.5900340384416665,49,0.0,0.016121324612059187,1.575780516086407,-0.49373931573498275,369.7438991491003,1851.8650662971536,1126.486389588382,0.0,0.0,312.08940613015176,0.3202080569607623,104.49004509621344,121.21097649233974,95.91659999201732,111.76203919879538,99.61501601145761,112.0310193838981,108.39858377044825,107.96166732388505,118.21823123269081,120.63579696291349,26.246414123722843
2241,992.2663944647372,1852.4202854969487,0.5874387160377913,-0.6613425072492984,-0.2855042087284548,49,0.0,0.052288576684455725,4.817087144280969,-1.7069612576472126,992.2663944647372,1852.4202854969487,3854.200576912167,0.0,0.0,311.83003018386063,0.3204490882260431,300.28202584568834,374.92656291549156,383.61242723021485,414.58002260264686,375.4305589643848,357.035586160247,408.3463187263391,386.9344641710853,408.4264211406155,379.0127153858868,65.6134737695671
2242,2540.1700544358982,1852.3724352807974,0.3605449700157403,-0.5324784428209789,-0.05929477995966856,49,0.0,0.007520322548786932,1.0700721396113988,-0.07353264229496984,2540.1700544358982,1852.3724352807974,850.432678717926,0.0,0.0,311.18506906798586,0.3204248041524868,72.60546182439808,82.65855677899665,93.52394999536325,83.04425054181819,81.0574211811193,86.98007115442826,80.20212468340439,93.06965489925199,77.63727353825608,86.11291915669759,13.540994964192341
2243,1734.8620496979638,1853.5831585170035,0.8431225603437286,-0.60159538256995,0.015008950488832213,49,0.0,0.048542289764542036,5.0579381059856745,-1.7599337764427965,1734.8620496979638,1853.5831585170035,1373.5327537812318,0.0,0.0,311.5206126761397,0.32093659856177187,103.91938402333336,143.0862394569804,128.53745620446793,120.83230760843745,147.82939006162925,145.2814997303096,120.95161551973453,126.88406654699594,146.45176190177983,162.5127962899287,27.246236437634767
2244,2836.0000669359983,1854.861606041496,0.3434196457519617,-0.005093088248300386,0.05384567831459139,49,0.0,0.008392268502462337,1.0802430688046318,-0.08380372103938083,2836.0000669359983,1854.861606041496,919.9560165825802,0.0,0.0,311.061812564826,0.32145646151601553,95.70861017293029,88.14195127420334,92.0907598122382,90.98036588273924,91.24433857855142,83.46539395305703,90.16656626653723,99.79962738519139,85.30825397542955,85.46226970459789,17.587879577104637
2245,2924.6151449202403,1854.3050928221141,0.8108016930660924,-0.11730177027961547,-0.5890419468569769,49,0.0,0.01682178874131945,1.4970331447097773,-0.43807853961048604,2924.6151449202403,1854.3050928221141,995.0664925828798,0.0,0.0,311.02489230548434,0.3212226647098485,103.04436974158416,98.34676996507378,91.65730497745552,94.56895365946882,98.32915389549578,84.36151701695603,111.58163830667115,98.8874903968372,102.38845368666135,91.43729135845854,20.463549578217524
2246,2649.735164189383,1854.642736924658,0.5914818216022413,-0.037824093367567375,-0.1333440832150974,49,0.0,0.019041880576379223,2.014409381861257,-0.7603693386026347,2649.735164189383,1854.642736924658,1181.4259115209659,0.0,0.0,311.13941866440484,0.32136888616830883,113.13490044493234,107.9289552842171,131.1725036021574,137.4898003873406,117.80262621250009,124.6860682757266,104.63194088727117,131.50164063350132,99.73171981845933,90.14960174284866,23.196154232011274
2247,2588.4884132554257,1855.7336569717254,0.4582548781912522,-0.3697765588427421,-0.041302999657418994,49,0.0,0.08277153297016246,13.784630132899839,-2.8484877941865205,2588.4884132554257,1855.7336569717254,2125.17714075286,0.0,0.0,311.16493708884184,0.3218244831453499,190.65137646054552,207.81617333721738,198.70541549796337,212.00306876614226,231.23877111431977,213.9790118328519,227.35287765942613,212.41693301207562,206.87343589560697,185.37131744577778,38.76875973093327
2248,850.1996171374232,1857.0873700412858,0.9021958197279755,0.9437910930953075,0.003633919751230057,49,0.0,0.013123602465574803,1.0900781522670995,-0.09364408861676718,850.1996171374232,1857.0873700412858,890.2004892998725,0.0,0.0,311.88922409111234,0.3223920358228319,78.52408302863202,88.52655037135963,62.32847474158062,92.8473759364241,96.33835476577516,102.06517540130015,88.86320951622562,80.13639105664413,100.09374945212578,81.5892991270319,18.887825902773386
2249,160.25282507675206,1857.8438632561092,0.6429660698790556,0.7944771050210993,0.44623565709666185,49,0.0,0.012587646157569852,1.859079307094476,-0.6732447922065704,160.25282507675206,1857.8438632561092,510.36748273811133,2.2054863117903354,193.19344710777685,312.1766871434727,0.3226943398828203,35.63348855568665,64.4963726960442,23.19240074319346,64.17557209869594,29.002009315537343,97.5812747104742,39.95951209090421,72.44336068270658,47.6336968943632,31.223415197538856,5.026379752966612
2250,951.6713244572891,1858.7086039677502,0.33432031910018667,-0.4842625315488136,-0.2618661420473962,49,0.0,0.019589452856091788,1.8285125112868192,-0.6552448406764593,951.6713244572891,1858.7086039677502,2577.913844223422,0.0,0.0,311.8469447255161,0.3230687503413839,217.5237085922892,247.07448662894038,255.13647471265352,257.68982762550667,244.88772942220373,264.9909318693338,260.5036564286919,236.0947512148569,246.26388141315925,292.057214607183,55.691181708603835
2251,985.7370290127064,1857.9380540117527,0.7167209543286841,0.38314492069918177,0.053008283694194566,49,0.0,0.031174033694835904,2.3514323737854115,-0.9283312328337234,985.7370290127064,1857.9380540117527,3279.1174288230613,0.0,0.0,311.83275077564,0.32274805991538325,265.7739536370633,319.0169960106015,290.19706888118844,336.45856289836365,336.7814466029613,311.36213576717284,375.4519829414747,309.99187365056304,342.271533926551,324.755785855381,67.05608865174072
2252,1831.691005954137,1857.7079728129547,0.8171916734808241,-0.11398606381285402,-0.1108176678737442,49,0.0,0.020741173169117652,1.8936179663595583,-0.6932309136515842,1831.691005954137,1857.7079728129547,1332.7731252649787,0.0,0.0,311.4802667751734,0.32265496245324327,130.8715714457473,118.86079903853944,127.34662292490792,131.304998645701,143.10331282458327,120.1822245680933,129.43731757749433,134.70851470176643,154.31613102221925,120.42055765323238,22.221074862694117
2253,924.9851887908454,1858.9055622173516,0.7843232721952997,-0.26703865378602065,0.08461473101872996,49,0.0,0.11618692745012048,13.939124699158743,-2.860588758246365,924.9851887908454,1858.9055622173516,2155.61193118332,0.0,0.0,311.8580638495135,0.32315051308974213,187.6123241585407,190.68567468994428,206.58356984768898,216.63036436323233,215.27772710630782,236.935359829661,203.38354968717172,223.40538785590525,212.46170825919205,210.39462012835992,52.24164525731566
2254,1037.9733933336556,1859.7072486962722,0.5096046371064895,-0.349482900605023,-0.019073303504983277,49,0.0,0.019966412083865168,1.7162449932734185,-0.5864482082458258,1037.9733933336556,1859.7072486962722,2110.4485369674935,0.0,0.0,311.8109857271121,0.3234857404264315,171.9701951732194,208.80369807230903,193.98960792864412,206.50296120799067,202.9232198896976,222.53070052348687,202.33594416669644,232.02064175450778,213.33530177596575,213.31050992565318,42.72575654932277
2255,2221.465332263155,1859.3065883951797,0.6320515860253169,-0.25058535930400727,-0.4652531241689089,49,0.0,0.011096334931433301,1.1690905447059312,-0.16962037017010337,2221.465332263155,1859.3065883951797,893.8606801459181,0.0,0.0,311.31786017149983,0.3233182093425043,70.6383828820352,84.24309059304979,80.85385520904879,75.47228275384441,92.52169516429126,104.6208660666136,98.48235918830787,80.51898268384797,96.56321549422682,93.11544961651184,16.830500494140555
2256,1835.544294429795,1859.4844408864112,0.6450463783031853,-0.24784976423301047,0.07293155562526586,49,0.0,0.02072644600199817,2.221440850563055,-0.8665868848536966,1835.544294429795,1859.4844408864112,1337.1727317144555,0.0,0.0,311.478661215515,0.3233951384671637,136.78040561270421,122.18727752408736,126.19895417440584,134.2627287632581,137.80171829079848,113.05153446543355,141.06421792202826,139.6078677351909,155.0495155207346,115.55714849280274,15.61136321301145
2257,989.3395318166407,1859.1841669547898,0.7555498299723439,0.6304488778707886,0.020970005258544245,49,0.0,0.02079035228019269,1.213908924004415,-0.21046526032815932,989.3395318166407,1859.1841669547898,3412.541731823456,0.0,0.0,311.8312497501256,0.3232673043751265,275.89856142675626,330.51417486255,317.0357192660836,352.8701007068556,344.508303206297,317.1251333730331,373.1757835163869,322.1179108059167,381.78037798762284,328.96872120099687,68.54694547095727
2258,1749.3118637130908,1861.0959822181294,0.4305790137552716,-0.6436637860712264,-0.5282220623177861,49,0.0,0.026418885702490815,3.8373743951885575,-1.4600854335132663,1749.3118637130908,1861.0959822181294,1285.835990465997,0.0,0.0,311.5145918296913,0.3240668942913587,111.34494983058573,114.36919844963543,125.52188491013327,125.49912175035277,131.15368949860243,120.20352915508394,128.7186912279298,124.19685983475546,149.87111829399345,130.5172233355607,24.439724179363736
2259,752.5914844762906,1862.4085180805355,0.9627496225175509,-0.4298391472170262,-0.18940773235463226,49,0.0,0.018007418073536518,1.6299195641700897,-0.5304154317169139,752.5914844762906,1862.4085180805355,897.6244966470343,0.0,0.0,311.9298933956807,0.32460780098759,78.3852229549716,82.82837021321022,70.81270143585657,88.48496692920233,94.67421025310402,91.8848282368788,96.57843119312008,98.09735301113386,101.59771269741239,81.22839499388317,13.052304728261358
2260,979.4554720540038,1861.9813699238161,0.7567459664445697,0.6405952951094585,0.22982817898550398,49,0.0,0.019658237957640372,1.488463465848047,-0.43184544852284096,979.4554720540038,1861.9813699238161,1983.1703551064384,0.0,0.0,311.8353681037454,0.3244326854500938,166.712905999738,184.09131484377463,179.34967879865874,196.38907112139313,195.71127612711487,189.4429415669482,221.08009661266027,182.27057849965263,216.59151734121258,209.71307846548524,41.817895729800085
2261,1166.0622781355341,1861.3818380846526,0.6424386318730677,-0.7264305573425014,-0.010468802626025451,49,0.0,0.012872365534974416,1.3530576716844458,-0.3282907700611825,1166.0622781355341,1861.3818380846526,1000.7971096118579,0.0,0.0,311.75761531613557,0.32418457233881665,104.40856395638622,70.884135496058,99.618936615159,105.24025505538765,105.95291121950177,92.83714441376114,104.48978566295767,87.65639282547026,109.61820689422765,103.86596700054194,16.22481047240658
2262,2712.826308011683,1861.6056001407214,0.27033387821616406,-0.367660033443279,0.016699557966154282,49,0.0,0.012689029259975285,2.053978764856891,-0.7814898732832032,2712.826308011683,1861.6056001407214,1031.0621872718666,0.0,0.0,311.11313185525773,0.3242688152546507,107.2617797994271,78.93933468968929,103.074161683136,108.27108044817021,105.48869669001193,104.77831190116777,82.57028362200312,111.25067246156395,114.18572569630479,102.28297519767955,12.959165082712993
2263,2559.9352996982584,1863.514037986285,0.5478702288636926,-0.19859147447828468,-0.0776737296736738,49,0.0,0.020190126749737827,2.691138605724094,-1.0748401661400935,2559.9352996982584,1863.514037986285,991.9362104248055,0.0,0.0,311.17683370504477,0.3250666913194791,89.12490971195376,90.15302326031536,95.73212547922219,92.8480918989392,77.01519551826094,106.15645760298085,108.27321571577481,101.52712859971123,108.37961683718589,103.86461982206086,18.861825978400383
2264,793.4393802293815,1865.293504335714,0.6745178598845419,-0.37712763121054543,-0.08501883066508896,49,0.0,0.05973388144165491,7.765822091211136,-2.2254685924596855,793.4393802293815,1865.293504335714,1442.152505269683,0.0,0.0,311.9128738398138,0.32581043372289176,128.65159786506607,142.69263294113307,155.34113870519198,156.70526671467405,155.9106903319047,144.65497224902526,139.4007606201539,138.49568947840092,138.67502167821783,118.6655209117956,22.95921377411966
2265,1550.8896465611142,1866.5899230403056,0.39993619279805137,-0.4346388382812383,-0.06279713657404767,49,0.0,0.01140627385026776,1.4393932504871976,-0.3954486547243189,1550.8896465611142,1866.5899230403056,1150.6064957030335,0.0,0.0,311.5972689054935,0.3263561964299321,114.05683493878577,124.88697808952021,109.09246246516234,124.34392557589578,111.37867878776012,115.74543351616327,112.85571307651016,100.1552544294198,101.35168034047604,111.37536585994816,25.364168623391997
2266,1564.5677525067301,1866.3368459245314,0.5874821587022819,-0.44676040109358883,0.024336230567138042,49,0.0,0.2572663720432074,36.6570807962565,-3.9103946918985075,1564.5677525067301,1866.3368459245314,4591.006203750525,0.0,0.0,311.5915696133509,0.32625075812707116,442.75504632497325,409.9882057447013,431.76832183984976,447.93619141238827,454.8673666058062,448.83116393435927,487.8973161694957,477.871358753502,432.61236982534746,468.64942912104254,87.82943401905874
2267,700.7909177555124,1867.007044626938,0.6028589393528981,-0.38995877939446943,-0.021585496193476827,49,0.0,0.49074975443555025,73.02988294581684,-4.65875151135898,700.7909177555124,1867.007044626938,7056.724224073188,0.0,0.0,311.9514764477549,0.32652302861964166,616.9039572062113,696.4097803467511,671.5727272808753,742.989360614188,687.6631347589279,683.8140417691138,721.053386064494,712.2232663417708,704.9170122840346,695.7894321896397,123.38812521718327
2268,1239.4700832184794,1868.9567400344986,0.3871761012982142,0.30685818234306245,-0.1895162458055094,49,0.0,0.0097535081412112,1.0401287349733421,-0.04271773629631012,1239.4700832184794,1868.9567400344986,1040.9614693162587,0.0,0.0,311.7270285839082,0.32734125947668713,92.42607919735669,120.62236599319269,100.95239178162623,82.70834520933394,108.38710500657032,97.14202705364208,100.9227786326444,93.32582368136846,122.55000494477582,101.99172282194641,19.932824993801617
2269,1447.103565574378,1870.058943669274,0.6557613751404641,-0.4062198603525675,-0.025467627673769474,49,0.0,0.019221622167626285,2.0137057706126162,-0.7599900365292942,1447.103565574378,1870.058943669274,1061.6831192921445,0.0,0.0,311.6405137069119,0.3278014334874595,94.55112445679023,109.80271146887353,104.10888449818695,102.2707219617204,98.74204775079619,106.38107635946868,99.4326818624159,101.92989329208505,113.29393974112125,113.03287511121525,18.137162789471013
2270,2431.6578819688234,1871.0294958233565,0.5303234439019708,-0.2568853645767995,-0.04297370818058415,49,0.0,0.010913166202902601,1.3467481289107646,-0.32321595209074966,2431.6578819688234,1871.0294958233565,841.0277871192106,0.0,0.0,311.230281050826,0.32820003737303555,78.9502142341174,77.85707582715878,62.58685818474529,94.92224810702379,95.07940899881703,96.42762779490627,71.60609661568435,83.94315389685136,74.95902521788194,90.28862345182029,14.407454790204225
2271,2783.3516789763007,1871.8476836606608,0.400731695206538,-0.5131586342539781,0.06252316500100077,49,0.0,0.011687324917357376,1.635525209967257,-0.5341431068071752,2783.3516789763007,1871.8476836606608,979.8296197488205,0.0,0.0,311.08374777550597,0.32853478833503813,75.72175433551641,111.93231888853128,80.77918851857979,109.64120453242069,102.82922440531775,76.73921053714844,106.83029163237234,96.38976927262419,92.71977416550857,101.71418842170843,24.53269503909263
2272,848.0679139342462,1873.82037871388,0.22833223444382086,-0.08657817437355014,0.13985965722222146,49,0.0,0.012164302951960238,2.3745598488025514,-0.9389578002163821,848.0679139342462,1873.82037871388,1020.418101885303,0.0,0.0,311.890112430256,0.3293639651955551,84.4493128575026,109.34279466684083,99.12954104989754,95.92424068560726,94.86494666411562,87.72366711774217,115.33668511041057,92.25341512103222,116.09151893746876,99.25519221212295,26.046787462562683
2273,1543.3183115780112,1873.6340635946442,0.5807580718569129,-0.44727082029058274,0.052499335800316536,49,0.0,0.05081580654052067,6.968256049890835,-2.1078102513148913,1543.3183115780112,1873.6340635946442,1565.7140350570576,0.0,0.0,311.6004236777876,0.32929123647917125,150.93245076317788,159.09655725631077,188.46028292511608,159.56760752274903,151.01144465848142,163.0377709129688,166.48049916119368,121.2256262708111,132.91342399330267,145.46710606317347,27.52126552977264
2274,1649.7993284002368,1874.52056792829,0.6116363861879366,-0.27688868595278004,0.2612180058219229,49,0.0,0.021678711330237334,2.60085372067623,-1.0377898173508875,1649.7993284002368,1874.52056792829,1071.673414995892,0.0,0.0,311.55605594397946,0.3296606191073149,87.40432686094148,94.35466065051216,122.75858824337294,89.69488784058888,98.44527582710217,105.53188766690847,98.33125571642663,109.33218145306135,134.1052765858187,110.84645748096085,20.86861667019835
2275,2896.551928496594,1874.690094136893,0.6448487313926375,0.18876276555699173,0.03997067764405507,49,0.0,0.03848712567323893,4.705913628607563,-1.6816098798989019,2896.551928496594,1874.690094136893,1379.0815486423287,0.0,0.0,311.03658411379894,0.3297166312042065,97.28156098843087,135.81924247168106,128.89934245276942,154.73824399206785,128.9617030208584,150.84727576423919,129.7801165378573,157.49511978434754,131.94296586125125,135.48116388576028,27.834813883065337
2276,1000.06619088715,1876.4103519598098,0.6312455631047971,-0.6557014839210572,0.40583001488161374,49,0.0,0.023087059466065152,2.1974029835093867,-0.8547742746015814,1000.06619088715,1876.4103519598098,1805.5281630308507,0.0,0.0,311.8267804502341,0.33044489699855994,141.39767905586962,170.61423820965024,176.06810489748642,176.74464156636077,182.1293863073941,205.68025515506292,180.30384846849853,186.3018980373774,192.8438009923264,165.70690218740208,27.73740815342234
2277,1508.020831369235,1876.2187073688926,0.4607624870715051,-0.2943708922409641,0.15411739704416075,49,0.0,0.0259520957230422,3.788965236071807,-1.446301551554173,1508.020831369235,1876.2187073688926,1187.8894585527837,0.0,0.0,311.61513117338046,0.3303681208545527,123.13491365769076,111.13367054146788,114.5193854892151,129.72155009312314,100.56052075024544,122.3765488172755,121.44218060511653,117.4127577400641,104.88292959454924,119.01044631591364,23.694554948122565
2278,1849.157360945721,1875.7761739268913,0.7945050439967022,-0.23863894540811809,0.25374288418070184,49,0.0,0.0160370916271296,1.553528049796683,-0.4782977477141135,1849.157360945721,1875.7761739268913,997.7546149668021,0.0,0.0,311.4729889955579,0.3301832675356217,99.268307882366,89.62614076546701,98.61580338658456,92.44221736228792,89.22464625738752,118.30750684930115,111.75096726308674,89.59956051042178,97.95063748734052,93.70166234707705,17.267164855481816
2279,967.8042150804946,1876.978468257273,0.7563205552365161,-0.4291333985566669,0.12559918617421495,49,0.0,0.03958628419566308,4.427396975685169,-1.6153711601651588,967.8042150804946,1876.978468257273,1761.3925991504134,0.0,0.0,311.8402228704413,0.3306812610496742,140.61350961339002,185.48051495466297,179.2534640143772,149.52386553562408,155.80959027808646,169.12716967010954,181.0674240335918,199.71111538454664,189.62424416755238,176.48964563204532,34.692055866427225
2280,1359.9588550015023,1877.6009910841474,0.8983740131563167,-0.10243011962133027,0.07031378366754,49,0.0,0.012119412187560245,1.0311269746133078,-0.033280370722077304,1359.9588550015023,1877.6009910841474,910.1087353859743,0.0,0.0,311.67682447244243,0.3309436384527804,80.04159349188174,82.15749485874427,85.74349374897763,93.82594748847643,82.59286849146203,101.77345596987288,88.1898693292183,92.76869045347479,81.43109773289319,100.50664461151437,21.07757920945872
2281,955.5005029989882,1878.542811971162,0.5797581347658406,0.8671847225779687,-0.25012697263958933,49,0.0,0.01643697512326024,1.3943785253633165,-0.360951714105909,955.5005029989882,1878.542811971162,1876.6555700947795,0.0,0.0,311.8453493930078,0.3313329236526534,162.3490912908138,212.79158666922694,169.42987030744183,187.3130470773676,186.72395078381558,162.22093888965372,160.7600184818412,208.49427032154261,188.61123386810732,191.56230595857306,46.39925644639572
2282,1022.1737630424192,1878.2307755012441,0.8379482615798776,0.3435785686639709,-0.5481433504294353,49,0.0,0.016769487257743278,1.1346144884505323,-0.1371208124599132,1022.1737630424192,1878.2307755012441,1840.3021343623336,0.0,0.0,311.8175690084183,0.3312036247253919,154.70587343650186,167.87821597647155,175.78671149347883,191.9451044170823,179.3779885951114,171.55768096282685,209.92344354594758,193.61566220735256,179.18307643089577,186.9748327748411,29.353544521823675
2283,2987.1283198536153,1879.0188966700084,0.43073462412967767,-0.5496674172942145,0.2623916041107168,49,0.0,0.011700406252692737,1.1921323616185524,-0.1908111937312557,2987.1283198536153,1879.0188966700084,1202.2094271739281,0.0,526.280297292988,310.99884692456436,0.33151808164675023,101.60115859456855,127.43965101661014,127.00049618969923,107.15254343777787,129.2932447739128,130.86032827911328,105.72737182575122,101.78147866888325,127.9018765912054,114.81868036843244,28.63259742797407
2284,816.3825853798975,1880.290680847355,0.5829208998687659,-0.25705357892747277,-0.15795074285055846,49,0.0,0.03540773986837934,4.895904925049663,-1.7245824388327264,816.3825853798975,1880.290680847355,1541.9964530032917,0.0,0.0,311.90331448819524,0.3320594456767908,141.54814956181218,144.31527889939616,133.7811587358821,148.35664135001633,164.46245723785273,176.50520853762862,145.31205252119412,121.92066671760061,166.5186656173957,157.78102290211868,41.49515092239423
2285,178.04366721435522,1880.877166124618,0.6255778565760779,-0.4393171332258219,-0.03774323283580419,49,0.0,0.022996679842325802,3.4487134542743463,-1.3441427783240611,178.04366721435522,1880.877166124618,662.5736904551952,26.466427412736756,333.86641497810456,312.1692753644577,0.3322914337914387,18.016665308355073,69.11846855602278,40.32802895534776,180.85895630057342,26.748210169510457,51.165307342408575,47.12349980600356,111.45647124517518,77.85580569745835,34.55429257895888,5.347984495381189
2286,1453.9616990905472,1880.5211705242157,0.5726914762914829,-0.3326953870494613,-0.0015881903013895162,49,0.0,0.07203945020291946,10.376155392114297,-2.5400911676728164,1453.9616990905472,1880.5211705242157,1851.4177629776516,0.0,0.0,311.63765613087406,0.3321606926216832,180.45969447213773,154.23378849640235,178.79641541740222,183.17249325712118,212.34671507709396,197.69875547496054,173.29791747318222,175.9502834604701,181.10587468586886,179.3530224659164,35.00280269709591
2287,2595.2111936121614,1881.5943970597946,0.4366300362022911,0.08248858478324025,0.29570024008463985,49,0.0,0.009533232364454513,1.1897255990533033,-0.18861701575268508,2595.2111936121614,1881.5943970597946,886.2724306504806,0.0,0.0,311.16213574343976,0.3325993551701715,87.62999000595148,88.14627486555169,75.10744089076131,95.90744532654551,92.90420264114445,102.80610132548014,77.76432245038146,72.58439579271831,90.65045535766956,90.17027142509133,12.601530569185382
2288,2747.098648489265,1880.6555856058944,0.4773561434309801,-0.4411007458874711,-0.13787077763892114,49,0.0,0.019896645787069515,2.6294436410011,-1.0496596666581197,2747.098648489265,1880.6555856058944,1557.5854061437126,0.0,0.0,311.09885222496354,0.3322053387355435,148.5437044674017,137.86464518497053,170.94203603737606,152.51478695626565,153.57127479781377,139.21788692993323,134.68278258404416,161.05455020608002,151.38784674914982,172.83736878859764,34.96852344207987
2289,446.3273001653327,1883.5763018030423,0.46876805961544926,-0.6224330954490248,0.01578764911775113,49,0.0,0.07025503895134767,10.541442852970349,-2.5572501467826276,446.3273001653327,1883.5763018030423,2257.022909791065,0.0,0.0,312.05749875213365,0.3334221027812508,212.16346359082607,238.5694172553723,219.30516389738463,194.77589733265336,217.99421067901608,228.48051280439358,249.7845607547183,209.40567455732395,218.90245644836,224.59793686554355,43.04361560547363
2290,951.7689069449173,1883.106150567651,0.20936371441143822,-0.1227641546390694,0.16268439891010694,49,0.0,0.011297997827610179,1.4122498250814353,-0.3747788240437088,951.7689069449173,1883.106150567651,1671.7159279066295,0.0,0.0,311.84690424684624,0.3332342433775684,142.923079667296,182.21957067929839,140.69326090840832,166.22785401000772,172.9322989660311,153.81483986533135,155.16009334171852,177.4558951225407,179.68711711246817,168.61908291420625,31.982835319322938
2291,2294.969059500998,1883.594521733774,0.7818542690238154,0.3378003366661938,0.042662225412946696,49,0.0,0.010944199111556335,1.0086680720479355,-0.009370685180424691,2294.969059500998,1883.594521733774,875.2727934349044,0.0,0.0,311.2872336942775,0.33343718657784793,81.96200949481224,84.64976838476665,81.29194227001139,106.07629246047051,88.33129024045184,71.45984636493853,91.2731554180109,86.58920798546112,86.06116929314538,80.3247988388323,17.253312684003575
2292,2737.5464770633453,1884.3318919179237,0.615811023071513,-0.4277796245271728,-0.018885336983882367,49,0.0,0.17739705236569436,24.03282560523894,-3.4520120874988356,2737.5464770633453,1884.3318919179237,3551.2416533083906,0.0,0.0,311.10283203298434,0.33373726583336794,330.49021535843065,349.7468745473373,346.5439428633821,355.4485215603585,326.2722772174793,330.4816288394126,337.8613447196581,358.4208113294321,358.8093181099038,379.09668106499316,78.07003769800313
2293,966.6793260617135,1885.5055675499332,0.4633126709339306,-0.19883019518388553,0.37826476691417626,49,0.0,0.02497145235833048,2.9575198074237408,-1.1773191547850217,966.6793260617135,1885.5055675499332,2126.0827136435732,0.0,0.0,311.8406916327094,0.3342341540789707,183.59024407170847,238.05994127717784,196.23435261788802,198.17130089077165,198.7982944472401,220.93580230833834,209.842254269405,223.81664515903196,215.1344259371252,201.0756469234565,40.42380574143033
2294,1483.2222802036742,1885.023427382854,0.5315858629921686,-0.4855434046243717,-0.0053526866897024555,49,0.0,0.016927830878051258,2.130135770518866,-0.8210182134184097,1483.2222802036742,1885.023427382854,1087.2693785870379,0.0,0.0,311.6254640597587,0.3340366921934983,95.16102369264604,106.26034383927785,113.55920404604177,101.84164442497638,106.32522753004824,92.42047558070102,116.08577842396409,113.15962858831097,102.0541780110375,111.83976312760215,28.562111322431974
2295,1209.0229394364208,1886.496552148749,0.5300826484484142,-0.28085468425531435,0.06811903631700048,49,0.0,5.871650029051926,853.6387813083669,-7.328185342791374,1209.0229394364208,1886.496552148749,110274.80912065748,0.0,0.0,311.7397150599052,0.334649256877485,9684.83380903074,10536.503735946073,10702.990037569822,11050.157691289362,11005.976915181378,11047.339512629513,10944.651877746011,11062.672579897193,10857.350764878774,11104.933674822892,2277.3985216656474
2296,1328.4124558234507,1885.7402753544768,0.8363371385468167,-0.2322459381333514,-0.17963211592311187,49,0.0,0.026315958240068146,2.4060650818412608,-0.9532684260696868,1328.4124558234507,1885.7402753544768,1339.1946081695824,0.0,0.0,311.68996897752464,0.3343348445622903,108.11108005636834,147.85465064871198,151.6262684559572,107.96365363895951,108.85410472963707,133.39424285526704,126.60330706622928,147.9323138452994,133.1053416191101,140.3219049640275,33.427740290014825
2297,2798.9024049353907,1886.416573534141,0.8665508516647705,-0.44040604675308886,0.08685504580795429,49,0.0,0.013636293237115663,1.2043409452239375,-0.20187362940633943,2798.9024049353907,1886.416573534141,919.2473021011685,0.0,0.0,311.07726849924,0.33460458200187415,77.01605693197685,77.96833008350457,99.66334982813964,86.88344013893791,105.80359208579696,76.34381824254233,99.78213462610059,92.55389234340662,89.50236475238106,97.57918937251534,16.15113369586655
2298,894.5206995038864,1888.0651970345168,0.6229196834653725,-0.4437893827881198,-0.09755051087471973,49,0.0,0.22303383306602573,31.21534211238587,-3.735920247632245,894.5206995038864,1888.0651970345168,3790.73252549777,0.0,0.0,311.87075748044595,0.33529979326200127,332.6252253203412,346.88866222619527,385.1868641233057,391.08319394274565,382.1275546731296,420.1792426069694,361.6444542873711,376.91402413986134,364.144451280049,369.4897212278138,60.44913166998796
2299,976.0158713690124,1888.2741748790575,0.7275083076987923,-0.9995592795104488,0.010839194650230446,49,0.0,0.02492438088928158,1.82859309345689,-0.6552926877932637,976.0158713690124,1888.2741748790575,2012.5100692391663,0.0,0.0,311.8368014488032,0.335387827395766,185.55299671476874,186.69938091747707,197.10965864718742,187.9636130905485,190.04284545117264,213.0225829633779,207.2402219696644,201.1320586039376,190.10361408905828,200.48831411875426,53.154782673219756
2300,1168.8634235662212,1887.5473930649648,0.545172130565038,-0.37134068892213457,0.21411870753477377,49,0.0,0.029910415702813192,3.73534790072927,-1.430827642775212,1168.8634235662212,1887.5473930649648,1369.6740644668034,0.0,0.0,311.75644829590686,0.3350868106921435,112.77264545867777,133.1244016992895,132.3798695362495,139.4562774115807,134.31545873782127,142.62988873618806,124.08160722067699,139.81470073783143,127.08087929537768,159.0618990399692,24.95643659314136
2301,811.778711284325,1889.2306885809971,0.7081523465962788,-0.7566026320836765,-0.027564662630454626,49,0.0,0.1497191370533709,18.81324616958143,-3.186159345588029,811.778711284325,1889.2306885809971,5670.03461525306,0.0,0.0,311.9052328149271,0.3357843081280872,490.2325020460877,553.3975126123505,510.92364524335323,552.8579078440478,606.6815432782196,579.9584617300153,529.0003413093391,527.1833435674781,624.3309619646683,575.9991827674471,119.46921289005265
2302,866.5241168120814,1890.352024151522,0.44865571324815473,-0.4010246959973937,-0.0791406372264202,49,0.0,0.019399372439383614,2.7766174268629125,-1.1087901127280106,866.5241168120814,1890.352024151522,1138.9375301494817,0.0,0.0,311.8824225967763,0.33625226269942515,98.38921607791096,113.56042586701481,104.73864251837178,121.49394439587815,119.42711787323425,104.99354146716884,122.48166024276642,106.8405786573834,109.86815980214251,111.93957327259469,25.204669975015925
2303,1004.086345411021,1890.520720900182,0.7863036480796819,0.06976419474590469,-0.3334437520412704,49,0.0,0.016712953610084878,1.0653760366207854,-0.06875731005856896,1004.086345411021,1890.520720900182,1859.3741953238564,0.0,0.0,311.825105488991,0.3363241792317371,149.4298778863435,180.4870781548076,199.45911439387658,175.92112014559177,182.92863806206486,179.58227760330945,195.026017696167,187.623145644621,187.5409796539833,191.76513244495595,29.610813638135525
2304,290.4174275858199,1890.9860700844263,0.3231981809488953,-0.49483285617171524,0.029974770952773747,49,0.0,0.02271875594218577,3.4136364102288708,-1.33304315527405,290.4174275858199,1890.9860700844263,1382.7154664159386,0.0,58.73011070401267,312.12245704966966,0.3365059656428241,123.542765961755,114.88848152770876,136.5994448086421,145.21844594513175,137.83700379442212,136.0553054194437,132.66906992178082,137.37331785664927,154.1438659532692,141.05783593426997,23.329929292865877
2305,560.2726919068791,1890.9537002351453,0.6425976582402175,-0.49196252754985265,-0.08020769186238812,49,0.0,0.020839291081694418,2.5061119382791692,-0.9975011633444876,560.2726919068791,1890.9537002351453,1063.3353051747722,0.0,0.0,312.01002391498287,0.3364981218538434,96.75705588275429,100.43789482593394,94.38622221842462,112.69875924622022,101.50177050364914,109.26947595678875,119.55914014622876,101.68444444171891,94.74660798897484,108.7297594922253,23.564174471853512
2306,1522.7446955814694,1890.5883173680168,0.4309447939436004,-0.026884882409322866,0.2628322192485529,49,0.0,0.018023561743715066,2.739793193941076,-1.0942944562116965,1522.7446955814694,1890.5883173680168,1091.9963548738756,0.0,0.0,311.60899615539563,0.3363554539459456,103.07730028540325,94.51610757264018,104.23854116796232,116.35081378317159,116.34051114904977,121.13534475904967,108.42365028046457,103.63184376569788,90.1372762753737,109.02651325906425,25.118452575998255
2307,571.5047624239992,1893.0838315322721,0.5961158089315824,-0.3294922820709598,0.027399092289498543,49,0.0,0.018880926521466487,2.3327498509645976,-0.9196704258845554,571.5047624239992,1893.0838315322721,990.7130659625541,0.0,0.0,312.0053441052332,0.33738585451364356,98.79894073416276,114.46959567466365,84.08478519367634,108.30539111775376,93.92031068891085,93.49849864925231,106.65942396957708,101.8718413670968,76.51404469945541,84.33462615391039,28.255607714094815
2308,1513.1633822278552,1891.7347332128602,0.934263860260143,0.014507541474786506,0.1650132216060489,49,0.0,0.012325700085805925,1.0135235352046101,-0.014584594932750074,1513.1633822278552,1891.7347332128602,996.9075468745189,0.0,0.0,311.61298842890284,0.3368331109153407,107.02351887404285,99.58518419119528,78.6129125223672,105.05941101263987,105.48575851142145,106.31950402634303,86.37132260410756,102.86298603275972,81.56987770748358,108.32535958350309,15.691711808655462
2309,3022.20556091179,1893.6778296146285,0.21845189558715986,0.3692455052660402,0.05169209071648794,49,0.0,0.01594438346692417,2.126166619031665,-0.8189932385333537,3022.20556091179,1893.6778296146285,1425.3746520171155,0.0,1307.4608536567362,310.98423247925723,0.3376247540961352,121.93470953227688,149.66710090075418,136.56882332223498,142.7942985015298,130.88516621497206,140.30165232545005,133.09349790026914,132.3250047939676,147.1154311169662,163.05603380094357,27.63293360775092
2310,3064.7703897981887,1893.064050772205,0.22605670886245732,0.22710031611775805,-0.43420811990127844,49,0.0,0.0094798905755548,1.2131294753523572,-0.20976788722470288,3064.7703897981887,1893.064050772205,1266.3149345629586,0.0,929.331145418517,310.9664988294777,0.3373679320041951,109.73096649208877,104.56085334645131,102.45030592027635,130.59643861474748,169.95447775558918,138.9938109306123,130.46384135349223,149.70099050087353,105.70752087728104,105.32918399376163,18.82654477778482
2311,813.5300439304712,1894.695422626761,0.587180371858971,-0.5709300133993633,-0.06509448215639303,49,0.0,0.23029548786598067,33.3694191711875,-3.8083716184542182,813.5300439304712,1894.695422626761,5704.180467735232,0.0,0.0,311.9045031550306,0.33806125763102984,498.8494542095031,564.1610425778214,510.5571255829075,570.1620578235746,602.8259185549766,577.4442623626932,521.7546395962928,542.2122284171221,622.4621397180842,573.7642528008096,119.98734609144657
2312,469.24637198837434,1896.5077743635727,0.7020642619939069,-0.40320858749494276,-0.07580258316581033,49,0.0,0.029064687057286404,3.01977441526299,-1.1999362531994129,469.24637198837434,1896.5077743635727,1258.5287627421512,0.0,0.0,312.04794982357333,0.33881047191343366,126.266364085876,134.1280954925708,121.84253337424525,135.6603719354557,102.84013763383956,120.51853025376961,119.31822743543599,122.59884168440536,124.99056707947649,114.39320488952261,35.97188887755388
2313,1024.6856602462378,1895.4545344815274,0.5576588674120033,0.05795919957434758,0.12768727277900435,49,0.0,0.018855265009707023,2.2806607937535537,-0.8951517419556059,1024.6856602462378,1895.4545344815274,1196.1627615919253,0.0,0.0,311.81652250068635,0.3383801223101707,85.32329486912681,109.89917352932582,117.26318924542274,100.65195444082994,127.60661893694999,122.35668703745787,125.11723648725855,118.70864208275506,113.40499323222697,152.47915044557402,23.351821284997563
2314,2017.933664978758,1896.265610789991,0.6015480863306869,-0.7384237430292254,0.13936354085195124,49,0.0,0.019227164257073732,2.261241072674675,-0.8858671632177348,2017.933664978758,1896.265610789991,1263.818896763652,0.0,0.0,311.40266483261297,0.3387194752099922,113.02797945897223,135.55835585083486,143.62269473629766,114.15329066327166,124.78130906366228,131.88645143411546,116.56354014282071,136.23631701237395,121.15052968110868,107.67482103654713,19.16360768364733
2315,1401.905276438787,1897.2272374303354,0.9521295001887188,0.31356877184916004,-0.08642852932772362,49,0.0,0.01765556350766709,1.0352007136139834,-0.03756140676236556,1401.905276438787,1897.2272374303354,1511.1362434226965,0.0,0.0,311.6593466298902,0.3391213581491982,133.32492303697023,160.4811879424533,126.9901568786242,135.28852530753647,131.3046780294089,171.70276400304473,159.81158367172583,157.0969015593392,131.6743134594472,171.9096820256275,31.551527508518763
2316,888.8374014168853,1898.5694780407878,0.6690000139331541,-0.5702703194332139,0.21233887505337393,49,0.0,0.028750801193024762,3.523144168276743,-1.367326037562811,888.8374014168853,1898.5694780407878,1188.6435270912048,0.0,0.0,311.8731255789564,0.33967642712059193,99.67273728998774,110.29533426503119,104.13878061652888,113.31847708715381,114.65376067277012,121.58756157211414,117.7623437927307,130.63324938797467,134.23886738702197,117.55771641906789,24.78469860082357
2317,2588.775952442476,1898.0278112616543,0.47971692610619066,-0.2845860793966442,-0.1613773989536003,49,0.0,0.011734641265104892,1.5726800717090954,-0.49160095909652946,2588.775952442476,1898.0278112616543,932.0222547368688,0.0,0.0,311.16481680903064,0.3394465161637373,87.76150240336582,94.5918476278424,95.39592913941883,86.96167550756198,95.45482651741241,105.20299285067568,97.06663479303353,91.01193719821877,88.07665769953252,72.87630645916309,17.621944540643785
2318,1731.31109313292,1899.9847463892215,0.45464674940175187,-0.17362898054610432,0.14306043553432576,49,0.0,0.012585048140619849,1.058725706711757,-0.061958645567512016,1731.31109313292,1899.9847463892215,2268.521982150699,0.0,0.0,311.52209219153167,0.340270514519648,182.81072582281178,218.43565246043664,240.93379792161176,236.68424718286929,214.57540491104413,232.81082950908362,218.60444990012462,210.52485522312065,226.32981009296276,227.26581714695342,59.546391979680166
2319,1893.3305800254557,1898.8090015217308,0.20990546410665828,-0.2928733468561194,0.07854509987551726,49,0.0,0.017012486070033715,3.2073455032605334,-1.2653643643341586,1893.3305800254557,1898.8090015217308,1244.8020036541975,0.0,0.0,311.4545832135099,0.33978000666918934,119.30016075400675,115.66825918000121,108.52909697230862,123.50291083065261,129.88209845315072,119.32190697057155,129.5796072481948,122.68680162262277,120.55290163890837,134.79041102321855,20.987848960561536
2320,2036.2485864652726,1898.856938111325,0.5806424970461828,-0.2496887141912077,-0.02124544887812035,49,0.0,1.204936463616023,177.41599583643912,-5.622481933191396,2036.2485864652726,1898.856938111325,18964.083006174747,0.0,0.0,311.3950335602127,0.33979904451237575,1692.8004340011819,1785.8691478598375,1819.4406238875763,1869.4244496471824,1928.8988143750298,1981.703141173126,1879.9036320387686,1816.4986796028052,1915.3671842388098,1904.5970274395086,369.5798719109197
2321,2257.355874807973,1898.698460214662,0.6717814401777766,-0.41987899333847484,-0.08203195950479576,49,0.0,0.1827809438128028,23.62526323827873,-3.433441640550603,2257.355874807973,1898.698460214662,3242.488748469549,0.0,0.0,311.30290559521274,0.3397308424936756,252.39212011825387,305.08699451190364,341.8972339101575,335.20770839090324,307.88251978705046,314.52542138992476,317.20854411181966,334.5791554403327,352.71772547942646,311.36245942024954,69.62886590952716
2322,2480.8834882113356,1903.5827757837537,0.9400541116057419,-0.30068623740731265,0.4694694890824739,49,0.0,0.015935883084934516,1.3944696834582762,-0.3610226922565136,2480.8834882113356,1903.5827757837537,873.1556955964276,0.0,0.0,311.20977055274113,0.3417628358249093,85.15349847311731,90.02393564887231,90.55857687698685,94.02408968921407,79.16934078376747,83.52068319369434,79.55581585483779,82.26640594639684,83.74081672686643,90.12123189278398,15.021300509890125
2323,2506.157302942542,1903.3492118201307,0.4265717261229392,0.057634969975901396,0.1266437765963443,49,0.0,0.009540636354210597,1.1574124205884715,-0.1587203465378276,2506.157302942542,1903.3492118201307,941.0657720732577,0.0,0.0,311.199240081407,0.3416651121709579,97.60683098255598,84.68557947438693,82.28719211169302,90.6309533393243,78.49030426095592,105.10544009720073,93.31995756873673,100.98692538142788,85.24612230612841,101.4325475011091,21.273919049738602
2324,2926.3683882918235,1905.1985552461142,0.2681252495509625,-0.32256224364779207,0.38053737156600237,49,0.0,0.00841317222957373,1.0053349684206518,-0.005776972049352104,2926.3683882918235,1905.1985552461142,1125.3032646277006,0.0,0.0,311.02416107607144,0.342427161244852,92.63050320171415,108.01258508955554,117.1763646012318,105.8345363479944,126.36183854524626,114.02620169353021,108.23455190824764,118.00854595670462,115.59367149072713,99.03080481203494,20.39366098071386
2325,616.8632334836028,1905.2011833661697,0.4054655854375802,-0.41923788409335605,-0.005805849480843128,49,0.0,0.016931483563906512,2.4852847755401135,-0.9884403985281753,616.8632334836028,1905.2011833661697,1079.803775768019,0.0,0.0,311.986445605535,0.34243541251656284,108.20122927208996,124.54642295296102,109.18593573208014,89.74436869836913,107.42105898047078,89.02884253195953,125.08528863808417,100.73682167740921,98.64209449510129,103.52624785101091,23.685464938482745
2326,1261.880883896546,1905.2801972947593,0.4884978903700974,-0.3692167896791205,-0.020386831345098826,49,0.0,0.02922957823078198,4.243985122699949,-1.5694346320290524,1261.880883896546,1905.2801972947593,1347.168235510972,0.0,0.0,311.71769081631646,0.3424760573253109,138.39713780672167,121.28644675059859,119.70197279927217,116.58174777847772,151.46666193511982,118.90878146518486,123.08569451316619,143.4158743147175,147.57814476813792,141.01177747007594,25.733995909499377
2327,1461.056250525511,1906.2814942541106,0.512839984063694,-0.2383129765568756,0.45836804375346335,49,0.0,0.011220137091487847,1.086546670456902,-0.09012096328791344,1461.056250525511,1906.2814942541106,1026.1700650482023,0.0,0.0,311.6347000683638,0.34289412441449313,87.04904304584088,109.43041509435007,101.83555870214167,109.10087443483181,72.186358198658,96.90498242425221,112.25797826983151,85.2902863730352,111.81650936413287,115.97661337527242,24.32144576585568
2328,846.4202491948563,1907.3736854963909,0.24257480281931518,-0.6228435187719559,-0.047765884322998914,49,0.0,0.016333526932787584,2.910641966942518,-1.1599719672691333,846.4202491948563,1907.3736854963909,1163.8676575629772,0.0,0.0,311.89079923495564,0.3433442155705493,110.71287366012544,93.26420543550742,109.48652351183463,105.79607318271854,113.20579906827098,121.75425955853855,137.21486995972734,97.13695585460955,122.56077337682437,119.85762749439232,32.87769646042794
2329,1354.8712949413211,1906.7459545227111,0.3914553019305161,-0.5512914464411705,-0.5075038065721003,49,0.0,0.010945711216905135,1.483199770064533,-0.4279991236830391,1354.8712949413211,1906.7459545227111,1016.4704996903254,0.0,0.0,311.678944395151,0.3430872775191096,114.37594032720035,100.78100236716278,93.25300751237407,88.49562686931291,107.2231637640962,89.27916946195525,94.460897254911,106.85326528406404,82.62269138967032,125.61481870345267,13.510916756125626
2330,1240.9306762224408,1907.1256966116484,0.40782116557414816,-0.6641920085791063,-0.07763955863681092,49,0.0,0.015111247992475927,2.1043561115099365,-0.8077980889145243,1240.9306762224408,1907.1256966116484,1108.9223265027408,0.0,0.0,311.7264201553011,0.3432448764820189,99.21113347455142,128.9119849257088,111.60599153267628,106.04537107206107,112.46466985935612,112.17833933527783,105.63611874358548,101.48953820754588,97.43668041279662,110.65358904610352,23.288909893077875
2331,1670.4607512778593,1908.222276600395,0.39228454259653395,-0.05998488651117963,0.04268709414391723,49,0.0,0.00908415035721903,1.199974406678012,-0.19792995854188683,1670.4607512778593,1908.222276600395,928.4640568368588,0.0,0.0,311.54744686713906,0.34370291152244103,64.21567560299066,104.33823273274137,102.98176634693527,94.13189641292243,96.3527880685538,89.56833048399047,105.8846371954602,87.28372624557323,73.87471616657493,92.64615198850734,17.186135592609176
2332,1969.4966121335767,1907.8788785597592,0.5379653344592649,-0.3890117247281918,-0.027682334694191308,49,0.0,0.05281081925346379,7.893989534940267,-2.2432413657895105,1969.4966121335767,1907.8788785597592,1611.3904062622275,0.0,0.0,311.42284702988275,0.343558637260307,146.23118830255447,160.01121776882553,163.29443520941192,156.032843369543,182.07791635889512,157.88137453562535,168.64762934629687,169.106468495526,143.87184582742276,141.51637542179594,22.71911162633043
2333,1625.4429118761007,1909.1690942502162,0.7221162719204262,-0.39608389795721705,-0.14012164605743077,49,0.0,0.05900746771328224,7.053077232307902,-2.120946598659251,1625.4429118761007,1909.1690942502162,1561.912773272484,0.0,0.0,311.56620458808294,0.34409745571734723,115.09801367335744,139.42495050136947,163.52800151796419,141.83505359507882,135.9622099442122,173.22397737542508,175.03268638894514,176.9756537543454,155.84496600780085,158.79255011006984,26.19471040391558
2334,2701.5166699140673,1909.2543897372946,0.7330675270115463,-0.6279164917855382,-0.28031532982332596,49,0.0,0.0157841854384117,1.6926978153123724,-0.5714485842031587,2701.5166699140673,1909.2543897372946,954.8812698893694,0.0,0.0,311.11784336840014,0.34412197040103537,82.43089805109011,92.05335010932131,92.95725763812317,92.94378245631718,97.60863543480679,81.85162057098124,84.88368875677207,96.97367516898225,94.99484184863559,115.14219570183448,23.041324152505148
2335,3051.393054866164,1909.0210171862416,0.2730487461790301,-0.6180358864887612,-0.34979847299038574,49,0.0,0.012636368872339739,1.2514011524603572,-0.24349137649776145,3051.393054866164,1909.0210171862416,1494.9643738701875,0.0,1267.9090472523046,310.9720719130144,0.34401661403024775,142.62381042083206,139.1418367861997,130.28990914152791,164.8845600327122,158.02849334728057,174.61973227366275,132.11550694299353,147.067137964121,129.25551756639894,156.44044268323552,20.497426711223063
2336,968.2831864441913,1909.7203596250615,0.4130797737014335,-0.3607720137525937,0.026324011529045833,49,0.0,0.01650895127684266,2.247185454198661,-0.8790972876472726,968.2831864441913,1909.7203596250615,1196.7136749252256,0.0,0.0,311.84002353623845,0.3443235149598474,114.26481089969673,118.1866901460418,129.90272271861588,123.80113074520132,129.2213334823224,113.38217473660566,110.5157400588859,92.35430114210283,112.21179016313563,124.93131267010344,27.941668162513928
2337,1805.4506799648507,1911.049159891455,0.5284849949125989,-0.5032359474928454,-0.059059280026029864,49,0.0,0.12200871484151919,18.171509285358724,-3.1484775008624135,1805.4506799648507,1911.049159891455,2862.8126593905117,0.0,0.0,311.49120024645765,0.3448804350259765,261.9046254678271,277.1119270507986,274.613076362889,290.45323992192357,274.95496859960235,305.8819161831941,290.8516173264834,292.4275106656005,282.3230461717535,260.1384229971515,52.15230864328814
2338,1288.713408591584,1913.2262351060374,0.34061622669306585,-0.17455210084090617,-0.14750486327856716,49,0.0,0.013134757197359445,2.0300389305056754,-0.7687609163860789,1288.713408591584,1913.2262351060374,1047.9349672471997,0.0,0.0,311.7065105162271,0.3457870392549198,86.46672516763999,112.63485068896827,115.45183158300449,90.46668536127895,105.86996409150518,109.47975744891123,106.84102924230791,109.34984322743082,82.53400157656674,106.8018155955643,22.03846326402184
2339,183.39535306266595,1913.223551137211,0.6369418655174375,0.12139367893571429,-0.350526816370676,49,0.0,0.008593725491091338,1.029816747170501,-0.031899875420106985,183.39535306266595,1913.223551137211,751.5224863912956,0.0,367.9585156967978,312.16704622251206,0.345768449355334,58.76879667584622,86.0345064888618,121.13403978108211,69.97026604425196,61.45743680608534,105.43605780751659,49.61597731991525,57.53283676401192,89.34264774138668,43.99964979898021,8.230271163357585
2340,1587.5791609045514,1913.928653528649,0.6172755022392705,-0.3014648702353582,-0.13164470235452944,49,0.0,0.013590870176846964,1.3538785942437261,-0.32894930449544807,1587.5791609045514,1913.928653528649,1019.2123179627548,0.0,0.0,311.5819813963275,0.34608059940241387,102.76952029173765,111.72507138526835,106.86898930626171,73.38966663215446,108.06704027902643,106.23092691465266,99.07305826235987,94.5034808555655,90.70174104965777,101.38865535275437,24.494167633316046
2341,2628.5566326785806,1915.1873328242973,0.5781036336249801,0.08607824667990553,0.04050691997178852,49,0.0,0.01579938943326916,1.9247470721803572,-0.7109341691913513,2628.5566326785806,1915.1873328242973,995.6386848505111,0.0,0.0,311.14824196352635,0.34659536164304783,94.9622637257309,99.13877800829212,91.8752529465345,97.02488254813473,100.88235608776498,100.65826486798622,94.5443887406439,100.21292352343741,108.53026642443294,87.28804622450693,20.52126175304651
2342,1725.438896720759,1915.6368416043767,0.5383142470217731,-0.3745417505831753,-0.03685623659574943,49,0.0,7.453268477783605,1071.7989502815024,-7.575283318400877,1725.438896720759,1915.6368416043767,141703.37168567907,0.0,0.0,311.52453895298027,0.3467921991009728,12419.491130613245,13596.197675815882,13561.333411302829,14040.944313902812,14318.780567204016,14136.194319285212,14226.929789076628,14273.214940219019,14128.539168107167,14113.738448168671,2888.0079219836216
2343,676.8625515469006,1916.6119168277678,0.6506638471464173,-0.3310836365384727,0.045567585636510165,49,0.0,0.06939859601427736,9.395313663853727,-2.432278209150679,676.8625515469006,1916.6119168277678,1622.7211645104303,0.0,0.0,311.9614468273813,0.3471907894652881,158.28352559180678,150.82882070554462,152.10129976027224,160.2092390859455,165.46472445894304,155.17937235525733,180.24031199547971,160.5092248449132,148.70777359420998,151.90304496539386,39.293827152663965
2344,2271.932204811925,1917.52114283711,0.6169894475742036,-0.13323321368616256,0.0683922143470454,49,0.0,0.6613740189697699,94.35433130423104,-4.936904602756126,2271.932204811925,1917.52114283711,9690.671748261935,0.0,0.0,311.2968320295486,0.347573320241797,807.9862786570898,873.1424358766856,976.5867188817218,954.1201124837294,1038.5090442932824,1002.822602762571,949.1813569268533,996.4944647623145,929.4645484882531,958.3735965483638,203.99058858106952
2345,2343.987817417839,1917.5053198450944,0.5931397993024442,-0.11445590302855752,-0.21743778858564208,49,0.0,0.016169853120100545,1.8699137780170703,-0.67955395404886,2343.987817417839,1917.5053198450944,973.3715259270855,0.0,0.0,311.26680918048856,0.34756579046047287,96.23250612141854,111.75964741048355,93.68464725050367,98.71981593849041,103.42281852590014,101.92681272980408,93.11434775632785,81.11951677075575,91.86753464603557,84.2035463512226,17.320332426143395
2346,866.5768043786416,1920.1481602139056,0.6631920186443367,0.11295506424362828,0.06703590650242033,49,0.0,0.02128491309136695,2.4655969479912807,-0.9798052094715454,866.5768043786416,1920.1481602139056,1079.7950466104812,0.0,0.0,311.88240089312706,0.34866708222949927,117.21670478933491,84.23512798606,110.88629766545981,118.47935166254491,95.5803005963667,105.2822384484591,110.6891841955949,103.50437435878541,111.99654957586142,106.54237290304583,15.38254442896822
2347,984.0279767913477,1919.9904618238506,0.6088967902537998,0.4807138619481688,0.4767652100775607,49,0.0,0.011366591289005112,1.17810904053211,-0.17796372169183058,984.0279767913477,1919.9904618238506,948.0225909225958,0.0,0.0,311.8334633124487,0.348602837842902,108.484931763395,104.42836055869984,97.09909822995716,86.73724328617689,96.5330483895242,81.77979313789606,70.86317144427038,84.81437206123061,109.51441999868894,87.0986377292424,20.669514323514292
2348,2301.247275736345,1920.4500232899538,0.4124644132537314,-0.126756413818151,-0.12052260039871636,49,0.0,0.01193023666080626,1.4740580683725177,-0.4212864806478506,2301.247275736345,1920.4500232899538,960.1942711347842,0.0,0.0,311.2846175051011,0.3487932950111205,109.56808986346941,101.76016012664954,80.01352428440708,95.09231117520133,91.43517999201205,102.02907902376626,86.4623674956295,88.50287432227415,106.36594072422679,80.67872643254805,18.28601769460002
2349,2989.738009972932,1922.113931932588,0.24009110382128832,0.2660446171123919,-0.3365866363310929,49,0.0,0.008543558958301719,1.0954016779912552,-0.09893350466838818,2989.738009972932,1922.113931932588,981.0623855826925,0.0,624.2398102098362,310.99775896626124,0.34947328089103236,74.74939271393657,89.99154493564004,95.56803225972375,94.20848895927588,95.68430094692403,112.18541477021567,98.54295344058991,103.37991347154517,100.03239175357709,92.02007298168806,24.699879349576367
2350,1579.8923742790814,1921.9940343392966,0.43921342171531597,-0.0631822118239074,0.4170158160842121,49,0.0,0.00903471167096272,1.0552396978426875,-0.058377802227420186,1579.8923742790814,1921.9940343392966,939.4191954020866,0.0,0.0,311.5851842760416,0.3494411544317374,81.76394964663797,101.00955867991684,100.42621631182585,91.59315452400328,79.12310707996829,97.62417333384991,101.85547377150797,79.09065905965636,78.300087506528,111.37857640781294,17.254239080379293
2351,2037.3815340677727,1923.0822278919586,0.5713500682322507,-0.2292864763329575,-0.069475226388278,49,0.0,0.5669657202955146,84.46520200691377,-4.816694562640723,2037.3815340677727,1923.0822278919586,9136.598579268068,0.0,0.0,311.3945613756615,0.3498928039474426,835.3367738116592,886.8993430479336,876.4764958805015,844.1833136144642,958.9856252331737,925.8213001908548,903.5960886705125,877.5623733041868,917.5517034598693,924.7672626048939,185.41829945001865
2352,1063.6679848400752,1923.867671508414,0.5015382053788084,-0.21700844793569837,0.018033924314839613,49,0.0,0.015843359073280792,2.15314175785897,-0.8326815592652154,1063.6679848400752,1923.867671508414,1091.9129083774799,0.0,0.0,311.8002800593281,0.35021916739094405,92.7251870736878,102.32623733621998,119.13291583180478,121.07245766183436,105.95036893499653,124.6981577385865,90.08944643328942,115.84477079967994,113.45235445446113,88.77672686934942,17.844285243570035
2353,1712.1522390662965,1922.5955075633099,0.47377216133097233,0.44634247647578595,-0.24621747579971956,49,0.0,0.013580184774340566,1.2249721831173408,-0.2203155669436085,1712.1522390662965,1922.5955075633099,2584.583265648195,0.0,0.0,311.5300751342508,0.3496916555543079,225.97588741188133,268.5518153724072,247.8411026121494,263.79155939138036,267.39252007630444,249.03663004517338,265.55727090518724,253.21537682635795,233.9923132482028,242.67611979122768,66.55266996792275
2354,1544.8612886313317,1925.395134138516,0.5247831808072843,-0.5999450571374068,-0.35754789625484024,49,0.0,0.011279186495239237,1.3209447617049912,-0.302211642468762,1544.8612886313317,1925.395134138516,1025.7956266230408,0.0,0.0,311.59978079426094,0.35085824672334814,79.59996260977431,94.98372962951257,97.21118859725651,99.42459120656117,114.715447442681,94.82331872647876,116.65924631995135,101.26976308897022,106.52270914615963,100.58580271727071,19.999867138424502
2355,2075.744417505045,1924.7088769760983,0.7259426004713241,-0.38911506815678454,-0.24984894681102096,49,0.0,0.02442780023076013,2.7408201108096533,-1.0947013306888917,2075.744417505045,1924.7088769760983,1049.9990349096295,0.0,0.0,311.3785767539437,0.3505702428589967,97.41335424329165,112.08120418807614,101.16323740527669,86.21094430344226,109.35294728567337,102.48509932556141,103.98837894446393,100.18215366390794,101.61107732818786,119.14803009369697,16.362608128051278
2356,1866.1147660746897,1926.040028246581,0.4829674711188755,-0.2297271489345228,-0.030476580406761395,49,0.0,0.012396467897725956,1.5586785445801634,-0.481891393312165,1866.1147660746897,1926.040028246581,994.6582606011441,0.0,0.0,311.4659231794875,0.3511263247718357,80.14554399609949,96.9370230239151,81.82471633939168,101.7932727129832,116.95422749335296,99.22800716252377,93.91402425411724,89.783364462988,109.32704266761719,104.57138083278586,20.179657655369557
2357,3093.9373000424603,1925.2012524828442,0.38455542193737413,0.6257982656747682,0.4813820725283724,49,0.0,0.006784084690525228,1.4864923112628596,-0.4304066680018219,3093.9373000424603,1925.2012524828442,463.96381232233614,0.0,167.56707039969464,310.9543466256629,0.35075680606042464,5.05347345429456,17.176701681266454,23.251422796300318,52.765250410886864,66.97448838262008,55.260900599862424,16.79625049528336,117.5434919713079,34.30954414639979,61.13534470931461,13.696943674799705
2358,552.3167319643461,1927.485604225181,0.2581890271962561,0.19953456204146677,0.04915150056404012,49,0.0,0.008049997097426776,1.2777376170843702,-0.26610420194338325,552.3167319643461,1927.485604225181,923.3977392893098,0.0,0.0,312.01333919328056,0.35171908167224347,76.96780095155182,101.3632189797514,74.35921586116173,84.10149082626116,95.98397850956658,76.97620530299892,100.60044710043485,103.16390865275051,92.10882698585374,103.14316298174948,14.629483137229741
2359,568.1745166035063,1929.4902754179484,0.5314087299385429,-0.6553087520687045,0.044329366296393065,49,0.0,0.20050476625562788,29.116742236469385,-3.6603569544294485,568.1745166035063,1929.4902754179484,4283.662584718356,0.0,0.0,312.00673207891015,0.3525546398705176,392.3814553096633,418.75134464231104,385.9034093378085,415.7719728958931,409.7292006827985,461.4095393800319,421.6276641824634,439.135983649859,447.2562903823292,400.8360218616583,90.85970239353975
2360,1762.7124359671757,1930.2221416970415,0.20678304724682228,-0.10349220485728378,0.01632294917773164,49,0.0,0.010141851044974094,1.6046653862666942,-0.5134612117144534,1762.7124359671757,1930.2221416970415,1303.8371826223254,0.0,0.0,311.50900805799125,0.35286927167783133,136.2369630941242,128.52813283988553,115.79778050927337,128.46788190324446,130.3259905871592,165.80740493103102,119.53916843867665,112.2115320503353,124.76747476466687,122.45031461938362,19.704538884545144
2361,2032.6883460347087,1929.4663707940679,0.5180396898411258,0.8402521555125352,-0.30052008546724546,49,0.0,0.014530245800631066,1.7013757205397746,-0.577000577298286,2032.6883460347087,1929.4663707940679,5966.235473560522,0.0,0.0,311.39651685078655,0.35255287315774375,545.5518968541004,602.8890544252379,547.9074409860009,562.5498366169162,636.079618720235,568.695074194848,589.6826220469386,590.5567813286344,587.3502671445151,616.0970243043985,118.87585693869796
2362,2203.279469340652,1930.373524770187,0.4336040166468152,-0.14663463212692746,-0.002114747247646336,49,0.0,0.05941723230041938,9.627411406973602,-2.458773827159402,2203.279469340652,1930.373524770187,2095.2440893499115,0.0,0.0,311.3254370833878,0.3529292022728582,190.39831060136942,235.63260604780544,212.93575613864536,237.28407637482812,219.04049437136214,203.85145414030498,204.18388535535635,182.6300237775797,192.6488804345389,188.267190939648,28.37141116847313
2363,2329.5394822885655,1931.3122413157357,0.3837069374306404,-0.31603488755029546,0.24715929962715316,49,0.0,0.02165200329180211,2.876477489311484,-1.1471524492011533,2329.5394822885655,1931.3122413157357,1368.117832760004,0.0,0.0,311.27282912759495,0.35331875716092614,132.7509668313114,150.151005750024,133.4449859006661,122.00402016213752,126.16788966776573,139.05459010956935,139.17238798530147,121.85803327089485,134.9303265941877,140.30356425652027,28.280062231625422
2364,2147.0958211671705,1932.3556358675125,0.5494410793885202,-0.07339318891921728,0.12646916274897002,49,0.0,0.10776898992325404,16.383222914127206,-3.035998351030154,2147.0958211671705,1932.3556358675125,2373.0590803263767,0.0,0.0,311.34884689200334,0.35375567323019236,220.12647012060415,231.38321077706206,247.59152066854392,268.4874332342519,212.69233832077913,217.5609635729856,238.12341813532746,225.65160152717246,240.07505388240648,220.30373378673846,51.06333630050456
2365,221.09458284771569,1933.3245191221974,0.7833537827055287,-0.5477579209158885,0.0003810116723296497,49,0.0,0.01379740332807128,1.3043572861987147,-0.2884914213024262,221.09458284771569,1933.3245191221974,1028.6408315136027,0.0,899.4162474483797,312.15133990476886,0.35414434897543184,105.18624774292282,106.46850697166272,86.53384539006383,99.83959248657561,88.52283800606025,115.19958826856897,89.65468633480015,102.33994353545373,129.29916858722987,85.14743964100326,20.44897454926158
2366,1238.2269346740077,1932.7980448128087,0.5107385402751017,-0.1784993423019948,0.009157776073109556,49,0.0,0.026943145309920164,3.7687489628453323,-1.4404930249174577,1238.2269346740077,1932.7980448128087,1210.5747687862981,0.0,0.0,311.72754682992297,0.3539415756332879,120.30281604709518,102.58526740193611,121.56669637583677,128.1077969919463,121.64566273630244,125.76205910440629,108.92701948709959,131.59530651276373,121.03564192248436,107.06255420440472,21.98394800202267
2367,2277.123896612274,1933.0218135127016,0.3298512744386633,-0.3096792597799572,0.004123960240865583,49,0.0,0.026170046639029543,4.9672150565698745,-1.7402824081719341,2277.123896612274,1933.0218135127016,1271.9313593011175,0.0,0.0,311.29466872302885,0.35403175448226304,118.67971478927461,122.97281581709173,109.91759232226931,125.44781201391869,129.87011854881513,122.62289872423216,124.14365436067501,133.90729799780905,127.0211697854904,137.10755750591372,20.240727435627836
2368,2583.9933030286916,1933.0177350948309,0.57205812485641,-0.1873598082988847,-0.03797661775272091,49,0.0,1.002564815359619,150.87671226845163,-5.446555529627979,2583.9933030286916,1933.0177350948309,14954.292441945316,0.0,0.0,311.16680911534394,0.3540252862696626,1316.4852333201611,1470.2033571665384,1475.151338161926,1460.862651320006,1503.4907624070943,1509.457892580072,1471.3000880680838,1430.7553181026901,1537.7015095793486,1490.8189078408395,288.06538339855615
2369,2832.1999631776316,1932.8906311805601,0.4454704229345417,-0.2780675049940497,0.0481339818658147,49,0.0,0.0784035390638956,12.320136184469472,-2.7265387711612616,2832.1999631776316,1932.8906311805601,2260.253782092922,0.0,0.0,311.06339474099417,0.3539671819914386,202.43745426954018,203.94145202104136,255.87755369438443,208.0283455276612,241.16032089970395,208.26561748505583,257.677065965926,218.92935260376856,203.6394380292683,218.47919479324008,41.81798680333199
2370,1188.2942146105881,1934.585741234603,0.5426764326867358,-0.5486633434758088,0.05270330990213368,49,0.0,0.012823191106390212,1.4213739240247294,-0.3817708594530056,1188.2942146105881,1934.585741234603,1141.6435343131072,0.0,0.0,311.748352309353,0.35468607948970815,114.55238853574932,113.10880077643161,105.19567686774654,98.08001319091235,113.98681826990594,127.87173053858567,119.4325129741987,120.71164560235643,101.34611546798754,107.99668262044688,19.361149468786362
2371,1808.7791225223918,1934.2843027151466,0.5421000960265091,-0.5513145268517964,0.1809592958055496,49,0.0,0.01237561893834813,1.4454227305656921,-0.39998720026247603,1808.7791225223918,1934.2843027151466,975.1612827349682,0.0,0.0,311.48981332178437,0.35456166772403686,82.08925347686682,94.91947397330132,112.31562662306797,92.86685141195052,99.6133143680814,95.57537252364979,103.68705906238915,89.01170091279766,92.93197703188264,97.51291830774899,14.637735043231901
2372,1916.2512515891617,1936.0701087296175,0.42808580589713363,0.2121049940973339,-0.31894782691575385,49,0.0,0.028244168506699793,2.4473694104533275,-0.9717488187746587,1916.2512515891617,1936.0701087296175,4589.471938926745,0.0,0.0,311.44503270093844,0.35530521917780666,427.0912440590142,409.0566092123214,448.773571343757,459.83954636859374,484.98144022168674,445.23763350999,445.172717516426,455.88389161010457,481.0380944953067,438.4023067412994,93.99488384824386
2373,2505.164278056076,1935.059148481048,0.46857213807790693,-0.07268474594598348,0.07977142913882503,49,0.0,0.010599882811585675,1.1985222565199423,-0.19661525819795955,2505.164278056076,1935.059148481048,876.3708727875566,0.0,0.0,311.1996535032926,0.3548772450681769,75.23422042399588,83.15822501498556,83.59735311818741,78.77949764881373,81.08498472480338,85.69790677270261,97.91016657578007,85.91642948710383,99.20508082748361,81.7982732322121,23.988734961488376
2374,732.5294748784555,1935.5808259806524,0.7674461631148415,-0.23510921120136205,-0.23765159732289698,49,0.0,0.019049818199921353,2.098308519627331,-0.8046733599309075,732.5294748784555,1935.5808259806524,905.1659046819639,0.0,0.0,311.9382530837002,0.35509521542175976,76.02987519555016,76.90920044187055,95.32141903654517,88.286183221625,96.91078931724982,80.49308472131975,104.72325441101415,92.32323376968779,82.74869476422407,84.18454093399882,27.235628868878614
2375,2202.236239247302,1935.8002222982402,0.25873861453062486,-0.16666197851384243,-0.4023741641504578,49,0.0,0.013123622737498276,2.0173318362861123,-0.7619433558621083,2202.236239247302,1935.8002222982402,2007.3933621852339,0.0,0.0,311.3258717240378,0.3551903030935607,180.54727322514373,224.38811772175006,198.4484263394432,221.4811455196989,198.68980176194478,195.1875619844464,214.55604136675728,183.88437630147155,178.73326928368638,184.07543367875428,27.401915002137258
2376,2300.473666769196,1936.0078571210715,0.67565661643183,-0.29684489592334845,-0.04000961914706945,49,0.0,0.018441778499029202,2.031356511885618,-0.7694653766522102,2300.473666769196,1936.0078571210715,924.5017427488881,0.0,0.0,311.2849397148063,0.3552756149564644,99.02185988297035,86.58642508167321,83.44243333299467,84.73103625721913,104.7191596550793,101.33306499915028,79.93372109133865,74.11711617795294,96.02412701212862,101.3398459360674,13.252953322313465
2377,2417.9001014060386,1935.8871164125092,0.5314932408133369,-0.5326201698902107,0.18208278788709922,49,0.0,0.012829075881255377,1.6464363017690058,-0.5413623328743612,2417.9001014060386,1935.8871164125092,910.2743813582126,0.0,0.0,311.2360127322201,0.3552236336729093,88.222769943503,81.90431474251551,85.64234102617039,91.57431794918702,94.06607562419046,83.18002624025887,98.09725574643502,88.03315092398314,89.42125839919584,98.61367447037847,11.519196292394891
2378,2896.811412830743,1936.219719907764,0.9967155816711214,0.2345626608394652,0.2000104040218308,49,0.0,0.04783373368352986,4.110823354685619,-1.534822038014155,2896.811412830743,1936.219719907764,1440.902297516207,0.0,0.0,311.03647509445335,0.3553527037876096,133.20359996661318,149.86489361248383,145.1870565102114,141.82706017903155,130.71763206395642,138.82634089068807,146.92411052687348,151.2437884606458,144.75194802609494,133.04970648296023,25.30616079664818
2379,1197.529935270369,1936.5891781085934,0.7116243797320734,-0.16228850854359733,-0.8492740825162296,49,0.0,0.011739878544144362,1.0382996096476005,-0.04080672684819737,1197.529935270369,1936.5891781085934,1037.8200100596655,0.0,0.0,311.7445040730447,0.35552090692286503,107.75181926843382,113.05745934800572,91.52927196043376,95.9603310188611,101.09521719198962,102.64349105304552,115.07832747404098,111.51904077667676,94.1596950849306,83.1894739422685,21.83588294097892
2380,1743.2949178779425,1936.1010332562048,0.3574420835752141,-0.430910253312818,-0.13089631207468894,49,0.0,0.011410363710572198,1.1222988945429142,-0.1252713378521204,1743.2949178779425,1936.1010332562048,1634.7698346338407,0.0,0.0,311.5170988011789,0.3553188494321941,109.36816848501311,171.25832322425924,204.8261083190294,172.8719585647806,155.00553568453668,163.34919999858766,166.0640675606337,148.48442658471453,173.55532218867307,137.81842201228017,32.16830201133238
2381,1916.8612775926933,1938.2885491915147,0.5899043229085776,-0.19782477610831256,-0.0022897736879935633,49,0.0,0.22446919076273533,32.27608288320296,-3.772202055100617,1916.8612775926933,1938.2885491915147,4568.970452004545,0.0,0.0,311.44477851265106,0.3562295577600243,425.94962263717514,403.56311240515265,446.3136318145565,454.251589039284,495.60995869815133,446.0526125227685,439.4383465350696,450.3223550541137,474.63149838311745,441.5699638773444,91.26776103781188
2382,541.159474361353,1939.9543549142852,0.6656188993248058,-0.5975730422006087,0.04094483400173129,49,0.0,0.04203038419559936,5.471199422383914,-1.8452063621869896,541.159474361353,1939.9543549142852,1273.8854336831962,0.0,0.0,312.01798800259024,0.3569139911129547,114.94491847478906,141.80531378417584,124.71038730296138,121.5160386362662,123.48704442867133,116.27222238086632,125.01843612608096,132.72770783225064,116.1638974941679,129.14351421677435,28.095953006192108
2383,1041.9246402046144,1939.9374045681284,0.9255665903799883,-0.656259923583759,-0.15822898485107006,49,0.0,0.024202474993454386,2.2122100783897145,-0.8620659163841613,1041.9246402046144,1939.9374045681284,1109.6982901082242,0.0,0.0,311.8093398890033,0.356914574794307,113.1247023805175,124.76786364539052,99.57842934922525,92.36808663275966,109.30823236522016,100.77461865442946,113.43376136673726,86.57569826569497,123.30569150170723,121.30016294836147,25.161042998180804
2384,1168.1537910492198,1940.16694466862,0.5913468012872559,-0.3726217778276334,-0.15608407105410332,49,0.0,0.017140217115808962,2.0079344501149623,-0.7568738274349064,1168.1537910492198,1940.16694466862,1015.0816918469116,0.0,0.0,311.7567442368778,0.35701139594002107,83.04519397180627,115.05478308519787,107.797464088738,96.8376107558054,92.52430034626101,97.32989678516208,104.21747180660051,107.86248404074215,95.8362615592618,88.12136621414204,26.45485919319433
2385,1069.4228875037832,1940.5470532370236,0.5439676920580103,-0.5157795539265064,0.013754594261714477,49,0.0,0.6698638658068368,97.71816593864591,-4.974938267883041,1069.4228875037832,1940.5470532370236,12345.11509978986,0.0,0.0,311.79788228215557,0.35716887441267114,1096.1315937707882,1152.2255368663336,1207.075893327997,1228.4930655631513,1240.436756092462,1257.3658665960845,1222.0774122455937,1231.564736806406,1219.7973009354841,1204.482857207063,285.4640803784987
2386,298.8014020297465,1942.0595323135187,0.5678283143309619,-0.7971454600236799,0.1869021728451728,49,0.0,0.011526526766151022,1.0211606764249674,-0.022735205840551383,298.8014020297465,1942.0595323135187,1129.0634446233328,0.0,94.91713527776281,312.11896474714706,0.3577857036851948,82.71563018622643,108.99258377127428,126.17537167354496,118.14021139906669,123.67890871992469,97.85089480107803,116.42742734095935,114.06738646584365,108.32400473667926,106.94279981590732,25.748225712828194
2387,576.6121082384705,1941.5722106337685,0.4604984783861745,-0.316667841703046,0.08391535996818403,49,0.0,0.02497460715239262,3.459576307457101,-1.3475572855653326,576.6121082384705,1941.5722106337685,1354.7402896459912,0.0,0.0,312.00321669672473,0.3575887718443054,147.01483677355554,114.79051328548566,132.06748779108236,143.22357498135653,137.7210224787985,128.37233285418216,131.41601924314293,117.17679843745458,135.6710542648022,133.1291117615529,34.157537774577875
2388,1734.801778338214,1941.71582522083,0.5377257132217954,-0.5372009994398661,-0.07569309078099212,49,0.0,0.03622396682014383,4.743291488637185,-1.690199535231235,1734.801778338214,1941.71582522083,1794.34535017311,0.0,0.0,311.5206376546434,0.3576583529108738,159.95267798765735,190.43764387645786,169.94389941563537,162.28733053454226,167.8505025482208,173.25328536252798,169.69894596943544,170.47159455076124,201.28833606101225,193.33136449615114,35.82976937070835
2389,2771.3368813686875,1941.987262330945,0.34660623802765833,-0.2878370940682049,-0.03803618479434559,49,0.0,0.014691322808878972,2.106708543594153,-0.8090111412696621,2771.3368813686875,1941.987262330945,1051.7231700018997,0.0,0.0,311.08875271125555,0.35775865337578705,73.20908547824845,100.14860726710512,130.4499292558056,122.29228865174443,118.21009599687358,92.8859701545659,95.32246103521615,92.32202716840024,113.09489614077614,91.81566638029042,21.972142472873735
2390,963.5028507715875,1942.7627170400622,0.6688095706897267,-0.3845518375158587,-0.047430759633924575,49,0.0,0.09008914646605365,11.585292002103808,-2.6597674611553437,963.5028507715875,1942.7627170400622,2087.502782841987,0.0,0.0,311.8420155711405,0.3580908836031364,186.2607063095303,187.31965107579316,202.66894444865238,215.61152076130764,190.07182839128063,188.2327843530645,223.82921810225207,220.72327384677556,218.27299500209625,211.67828348348485,42.833577067749616
2391,2942.303783667785,1942.8668780899468,0.3752955405654243,0.24433471642356955,0.2956596997908334,49,0.0,0.10415621790689245,15.70150533295577,-2.9898532275926097,2942.303783667785,1942.8668780899468,3601.186575927676,0.0,14.104639736786744,311.0175212744547,0.35812107674124394,327.7999234473019,351.1868532209965,311.1343077483944,372.5429818509447,371.79078840417196,359.98973256704255,363.448717618749,337.1222804408225,384.3750050345776,356.26307037667175,65.53291521800341
2392,1872.4317932066158,1944.4551866729219,0.575903189491808,-0.4154099654605498,-0.005255243206125779,49,0.0,0.01920014181125221,2.1310301891464953,-0.821474005429179,1872.4317932066158,1944.4551866729219,1148.2607636648604,0.0,0.0,311.46329099578634,0.3587992154364624,98.74647484801021,99.45517527815403,97.38328582015076,120.0438105933697,94.06962202214618,136.7966293348728,112.44851940706639,104.23917393459412,140.07862452016013,118.49365787678464,26.50579002955149
2393,3024.7902515320407,1944.1215529100916,0.431771417628652,0.21156641479796087,0.2924246645078357,49,0.0,0.017786229979177705,2.1479924634109238,-0.8300818830892904,3024.7902515320407,1944.1215529100916,1384.2609925808056,0.0,1288.4383037964246,310.9831548052066,0.35864166619712273,135.1648904360448,151.94472675081556,136.4405410763953,125.01915510662761,132.8945556532945,133.45757166204555,134.23865233705513,132.29307811693369,136.90673918730567,144.80369689031335,21.097385363974603
2394,2011.1399907241457,1946.1998205798982,0.6712368234488726,-0.8600153938667091,0.33140380543028436,49,0.0,0.012427023291738016,1.1057183065184915,-0.10911124982059811,2011.1399907241457,1946.1998205798982,1051.726083607971,0.0,0.0,311.4054953137947,0.35952524015495607,108.27617245933499,100.96157321550683,109.79744048246664,100.04400389653294,70.09589477196985,114.70838342459021,98.96018166807798,96.01630760513626,105.03841615573239,123.0812056655655,24.746504263057446
2395,2186.495049194265,1946.8119399042935,0.5106204956988767,-0.3683031020948089,-0.1592840314214168,49,0.0,0.2527078525779388,40.20342761635665,-4.01065770307259,2186.495049194265,1946.8119399042935,4741.981128991731,0.0,0.0,311.33243046388407,0.35977862451236636,434.60090499565234,469.66526554295353,449.2180093540628,461.6409360240635,485.0272099602086,478.5700198924754,473.09818243885616,464.419065482011,472.28503245351345,471.50976540713555,81.94673744079863
2396,2720.3283367744466,1947.5836987267587,0.7979971546796205,-0.2858760775138046,0.21582504753712714,49,0.0,0.011500822802603039,1.0181487292640063,-0.019528058903285513,2720.3283367744466,1947.5836987267587,894.2724061608916,0.0,0.0,311.1100050742526,0.36009151521345845,77.54283406160923,88.85897212728447,87.50722279106499,88.00714123263228,91.84441945426963,78.48820817714702,97.8301460104188,89.8937235027365,79.65650236815108,102.94727385123556,11.695962584342041
2397,1477.3828183927837,1947.7020187031414,0.7638172775831588,-0.07347329206450653,-0.26236585794624034,49,0.0,0.013283549110708824,1.2310865139107234,-0.22572143450905946,1477.3828183927837,1947.7020187031414,905.9649955121233,0.0,0.0,311.6278972910721,0.36015261079586314,83.41970762086217,72.9983132057699,84.6184953703316,95.63476744305676,109.5309737648614,80.41166260717753,105.20122872862788,82.81151368268095,105.27217243558653,77.77636063798849,8.289800015180159
2398,413.8613554912618,1949.179624818082,0.9930658155863044,-0.9426134219671289,0.14962208112027925,49,0.0,0.022566077306413773,1.9760826047468274,-0.739512737820182,413.8613554912618,1949.179624818082,1104.4865469290717,0.0,0.0,312.0710263365659,0.36075498824473556,102.6558516932953,109.98119078905764,120.32725758994246,108.65018340851219,116.60170096553533,104.73362446900015,102.39008860113441,98.43420231666389,112.97101254224903,113.98672246913668,13.754712084544586
2399,1589.9610934300163,1949.759816814478,0.6102122191397691,-0.2283125759984969,-0.02186671618379418,49,0.0,0.021389590799468467,2.6977259345242466,-1.0774945675932779,1589.9610934300163,1949.759816814478,1044.311983216307,0.0,0.0,311.58098891322544,0.361010164470724,106.24977506320724,104.84216149792809,98.09885667631991,94.16622236521088,103.35073569699145,103.77336828355155,109.72736927908421,96.23728095780751,121.53578889514336,90.32652488322404,16.003899617838723
2400,983.2248373603285,1951.639193014678,0.5811807125244703,-0.5531480917288468,0.3217740186283623,49,0.0,0.016598529875405207,1.9665694058981715,-0.7342731962982705,983.2248373603285,1951.639193014678,1061.7830643550847,0.0,0.0,311.8337981750677,0.36178958870820654,98.28440799289213,105.65297363563826,102.797741036026,95.45929720575923,103.41631438430778,102.89874054282248,96.96037771729742,103.87457047780678,121.76263890988488,107.25732211333914,23.418680339310484
2401,1188.471591277341,1951.8236392974688,0.6780872612737229,-0.43817565102648115,-0.48308382194846616,49,0.0,0.020302391646139516,2.156545158428455,-0.834396391946809,1188.471591277341,1951.8236392974688,1127.0306561978068,0.0,0.0,311.74827848281586,0.36186846152438185,108.46171037319955,100.67114486770114,127.89939929470854,115.02453671856941,101.07505769654631,104.13004704425485,120.359154548545,101.58771579675546,107.49212393199616,117.31795324758167,23.011812677948733
2402,1513.150279218635,1952.562074663911,0.5682039961598693,0.3035869081405383,0.16501320462146818,49,0.0,0.017889731161581397,2.132594371241277,-0.8222706464951437,1513.150279218635,1952.562074663911,1073.238705895836,0.0,0.0,311.61299394912123,0.36217769230360386,109.75621174647796,97.93132364609141,106.69887822836479,91.5302467581854,98.01357534417873,111.2337707585032,112.52042322588039,100.80039277015578,117.65352098498201,103.48846770720452,23.611894725811634
2403,1078.524312124835,1954.4187928574754,0.7562689508240696,-0.6077473537223123,0.036812393018872264,49,0.0,0.028601122553470405,2.05760418036152,-0.7834045839643444,1078.524312124835,1954.4187928574754,2098.5439560144273,0.0,0.0,311.7940900979253,0.362948777991725,185.40388525614185,222.2812704603468,219.20609476183947,213.3741910282494,198.6188497123045,208.37923710071084,184.37469480990046,224.1562301854417,210.26522281246247,196.98652623083382,35.49775365619583
2404,1441.2545154211364,1952.994133238928,0.4034544508355864,0.11202582564426414,-0.0011080026598523163,49,0.0,0.008878027278675848,1.1865668618723397,-0.18573053827144217,1441.2545154211364,1952.994133238928,881.6950427331667,0.0,0.0,311.6429509937074,0.3623575456167881,84.64499753893764,94.24285734646993,92.84131736487907,79.3992455122305,99.7384657704298,72.98341444262428,102.11584313068917,74.18025991143239,88.02784164219216,79.72992611457293,13.790873958708849
2405,894.2089493344101,1955.3921834335913,0.6371610951861145,-0.2426109017042683,-0.03931891846828446,49,0.0,0.046109590255758004,5.715754134882009,-1.8926838479877857,894.2089493344101,1955.3921834335913,1457.9858764747569,0.0,0.0,311.8708879167716,0.36335217668047576,133.18311021245538,144.15154860408487,155.76931057704113,114.1037664580768,151.85782278599174,135.20445774027775,152.056304461739,151.00572058154012,128.01364853238937,161.27313389449475,31.36705262666593
2406,2205.5285049518875,1955.3615186497298,0.33534807544242473,-0.10511264342053728,-0.28989959065670934,49,0.0,0.02410027781506632,3.3705800908225596,-1.3192616279668303,2205.5285049518875,1955.3615186497298,1453.7172448536112,0.0,0.0,311.32449981591765,0.36334067569175044,134.71362837604656,146.2906591494116,153.8721682260056,153.9945772254046,134.20398442730482,123.13294352336594,137.47622496411088,143.79317817067204,145.94522447742187,151.65277004402122,28.641886269846225
2407,1226.1634385076936,1959.3262122110768,0.858466128228657,-0.24952492132295104,0.10060933874094831,49,0.0,0.014934412886810203,1.3280469874064305,-0.30803360250908224,1226.1634385076936,1959.3262122110768,967.5960228184364,0.0,0.0,311.7325734449977,0.3649947847562511,80.92565464874406,107.49144326815684,104.17262310910372,91.03948887253547,78.90146333579233,101.25053725218521,85.63316489135039,108.96995973547014,99.82926764238334,90.40390689751365,18.97851316520117
2408,2387.8232570739824,1959.2761256886747,0.2804579477276964,-0.8990995190230539,-0.1686980831991521,49,0.0,0.007490684807007219,1.0666850828193943,-0.07009055422982301,2387.8232570739824,1959.2761256886747,891.8691156764594,0.0,0.0,311.24854431769995,0.3649692857026697,87.15845569554698,97.00376189759054,86.42456867711581,75.90026904183122,78.62143251926759,85.77320081916449,83.3190350527142,100.87343131034288,87.43524889331067,87.52020918765055,21.83950258192448
2409,368.8443713471999,1960.6880043505555,0.7090278520691242,-0.8051023857363673,0.056952020524986866,49,0.0,0.012472449992572455,1.1368254650988148,-0.1392344832609491,368.8443713471999,1960.6880043505555,1036.7173940250827,0.0,0.0,312.08978243593145,0.3655488837800058,101.55280220841604,97.65111897872094,89.84788553270853,119.9460088729846,102.9933734866664,123.85546857936362,91.87322935590629,102.54081033296207,89.34639611676769,97.09724658673478,20.01305397385181
2410,1278.31466985836,1960.1968857435222,0.6494476888610192,-0.5071173463470418,0.09614317181639148,49,0.0,0.041020277054756714,5.283610116444028,-1.8073269076116627,1278.31466985836,1960.1968857435222,1351.3318269597962,0.0,0.0,311.7108435411706,0.3653579125039252,118.06975741563758,124.22070612123497,129.4628341663445,106.01024513787249,139.73275531249627,151.83567891875643,134.15362146000334,133.75064080097147,145.05872026099192,140.860423476066,28.176443889421357
2411,2021.5125848032756,1959.8414883969606,0.8081460503469589,-0.30882257038890265,-0.26932974114374936,49,0.0,0.054590325087188196,6.216279407044499,-1.983826316851235,2021.5125848032756,1959.8414883969606,1379.3638130004717,0.0,0.0,311.4011733022376,0.3652091224026401,134.55878215382592,147.07869998266864,128.51467570173781,137.95094294478935,116.4765760301375,147.55335354510675,122.84536052353214,143.97188786547446,154.52539174508308,116.37584090833852,29.512301599777697
2412,2325.8951057029903,1960.833525944949,0.5612471933433869,-0.2528188229442067,-0.025068548127001364,49,0.0,0.3818746181625478,57.62519045566503,-4.40153093444145,2325.8951057029903,1960.833525944949,6250.2388542437,0.0,0.0,311.2743473558072,0.36561909306619644,570.1399987728095,608.8182561403397,614.4293514507278,624.8606013285643,582.5047892038749,642.8612770530701,634.9763485051478,644.4297265244303,587.3162282086204,603.3375688508659,136.56470820524902
2413,1814.2819989906832,1961.696270300934,0.7408079652984209,-0.5826985164880651,0.18051153778932458,49,0.0,0.019325672554195098,1.8894915664080503,-0.6908623945481425,1814.2819989906832,1961.696270300934,1170.9184783563105,0.0,0.0,311.48752035805745,0.36598321233259845,93.6206708039962,100.71889766790078,102.07233468198096,118.09720650084464,129.16710464362984,117.64962407295542,131.77146072313033,121.23063485672968,114.14342747786768,120.43146207688669,22.015654850388277
2414,346.5380873481856,1962.797597759335,0.7809082672591297,-0.2890208385471118,0.008987028786144569,49,0.0,0.014524742141875905,1.1171033476703074,-0.12023338320688462,346.5380873481856,1962.797597759335,1136.0559146711232,0.0,0.0,312.09907614917233,0.36642730253153605,93.1262635590541,121.60277295165433,115.95512596639034,119.31991543258414,120.68216066053873,96.75185474289984,111.88397146752766,101.87722244820192,116.25956584447106,116.67279912361147,21.924262474189447
2415,1036.0990363970811,1964.074437968548,0.5368642426813915,-0.21419312486368355,-0.06010776630558061,49,0.0,0.01564576807264327,1.965511904682491,-0.7336891964806508,1036.0990363970811,1964.074437968548,1144.2952145936963,0.0,0.0,311.8117673784014,0.36697145985068064,103.3978480053317,93.88899808252481,110.22765878680066,140.39353981502762,98.92381475290625,112.16797629632276,120.74673686672367,115.90780935695689,125.7465573793887,105.28079030468555,17.613484947027644
2416,1243.1642680348734,1964.2063912935525,0.7942974944264826,-0.1941946834915323,-0.1332952517819775,49,0.0,0.015000954228841288,1.3667523706835014,-0.33922458966099,1243.1642680348734,1964.2063912935525,970.7131804741176,0.0,0.0,311.72548971643147,0.3670282918603517,79.12803304343183,91.83068606287056,102.98070617256562,103.37130788625288,94.46302066661028,108.1346299287239,84.01128076658148,90.09532654426954,100.03414772417014,100.00187861980389,16.66216305883755
2417,1353.7462658958798,1964.484288743925,0.6176592199490439,-0.49796692606586807,0.08457772429575146,49,0.0,0.19762659117506126,27.451616993538206,-3.596419827401344,1353.7462658958798,1964.484288743925,3610.4025600225086,0.0,0.0,311.67941332535645,0.36714472978639195,333.9920298737859,340.0012809854476,364.0140997672693,404.25916058991663,354.9029539323983,369.74908222624947,340.8516306712007,326.5202947224767,325.0779019928648,364.6670866047495,86.36703865614928
2418,1405.9509781844183,1963.9274692268862,0.375014713130871,-0.33212945169369285,0.08434856874932083,49,0.0,0.017529473367217868,2.920977190592309,-1.1638204141399915,1405.9509781844183,1963.9274692268862,1030.351166367601,0.0,0.0,311.65766104655506,0.36691294716927403,100.13109721697512,94.23298500241717,98.10204082739372,116.8208426684127,100.21538027966452,97.80634159748612,97.95556443577557,118.7506218432957,89.23257181382755,99.88754747138638,17.216173210966637
2419,2004.8945601075434,1964.2302502597327,0.8385802648633516,-0.15170050496145493,-0.40800681488008783,49,0.0,0.020131559420878676,1.7997750694067611,-0.6380455791201233,2004.8945601075434,1964.2302502597327,1071.1456956712611,0.0,0.0,311.4080975136102,0.36703788509248664,93.98449033446494,103.98122281099909,112.13576019647186,109.53646441463137,98.45620975165916,116.2070145680417,96.84587314170561,91.83847013513656,99.79494526972395,120.36038517124169,28.004859877185176
2420,2546.959586095424,1964.3037905969204,0.9375507082647074,-0.23556552845290094,-0.41026894513661216,49,0.0,0.014677864192726769,1.201284531281585,-0.19911471195061034,2546.959586095424,1964.3037905969204,888.5868502968257,0.0,0.0,311.18223898277694,0.36706141939775155,77.69002683722728,94.42657209206725,87.17897228383552,96.87151992630226,82.04128173069674,82.35010622670845,82.80677114225885,84.23303064764413,80.30755249983798,98.98402009292158,21.69699681732567
2421,2630.418747787545,1964.6637595673367,0.6526817441139008,0.29620850571324325,-0.1383690347062668,49,0.0,0.015448490674189113,1.654927499802317,-0.546947431645703,2630.418747787545,1964.6637595673367,963.6868369612062,0.0,0.0,311.1474655328262,0.36720980030979067,104.72045500315662,94.89034789251647,80.1695844245744,83.34211044609803,95.82132067537621,93.02723230681843,83.20405036489319,96.78597784069777,102.91055013534492,100.82511442119304,27.990093450537103
2422,914.762395301854,1964.772006471853,0.6666625742464064,0.011439944033455293,-0.28704795424799084,49,0.0,0.031717916014691545,3.579851812500388,-1.384662623631072,914.762395301854,1964.772006471853,1268.7520803316347,0.0,0.0,311.86232412998237,0.36726063584626845,118.84443732396008,129.53512852538415,135.80153890712558,131.90236048065572,126.43588272113419,111.5589376164356,109.06545005680913,125.29908385686417,121.93036693619473,132.50284540916772,25.87604849790377
2423,1046.6954566764066,1964.7021750039219,0.6456669574012516,-0.35879831844860627,-0.04615805136242825,49,0.0,0.13343220554259405,17.58031167047594,-3.1125664253608845,1046.6954566764066,1964.7021750039219,2648.7446490259226,0.0,0.0,311.807352205111,0.3672331279730227,278.50180689705337,247.987671580189,242.06333281084986,259.76544858536363,226.1095783227467,276.0138999179284,250.20951512383266,277.7137963795353,277.5227131640386,262.9488913820011,49.907994862383845
2424,2497.6649146346635,1964.667383160432,0.6831536199450254,0.08350729520562991,-0.1189693477661777,49,0.0,0.05073036347451852,6.205052207675476,-1.981863599723853,2497.6649146346635,1964.667383160432,1812.1743824466007,0.0,0.0,311.20277785190376,0.36721379407186683,162.5512583312709,173.37914009992377,198.2947368773789,174.96838118931834,174.08620503459176,196.03401732885513,186.63622412859448,179.5008583018803,169.22521109745188,162.60916071259578,34.88918934473948
2425,212.89526567935175,1966.5178949044318,0.5165098769956135,0.31354410162410035,-0.37783450788635065,49,0.0,0.01318027243925961,1.9846710119384432,-0.7442213161091451,212.89526567935175,1966.5178949044318,1057.614862826938,0.0,646.1687184938633,312.1547565212247,0.3679739163037617,85.55039304013671,84.11528455443813,69.59278153905575,218.08407228619996,118.74059310155786,74.52823197716546,56.17544294804153,96.3690957222463,72.23425610957581,132.95978324883941,49.26492829968084
2426,624.3100482061952,1965.6017229374397,0.31795288181138587,-0.056742253194304954,0.15819900307370058,49,0.0,0.009984359784208245,1.4442712926540513,-0.39912194748185775,624.3100482061952,1965.6017229374397,964.4579769252581,0.0,0.0,311.9833435477507,0.36760165233156733,96.84780726743493,110.02930567881168,93.04570765655339,88.8248623340516,83.73503317523658,84.59909825130069,109.34415502569594,105.63534238354461,78.5623513673272,92.79815190961266,21.036161875688883
2427,2213.3686938997516,1966.462397919269,0.5481939828152396,-0.13824035821480962,-0.3051977964282059,49,0.0,0.010989391528775459,1.3441606464323694,-0.3211279405627836,2213.3686938997516,1966.462397919269,907.5967546912875,0.0,0.0,311.3212330022471,0.36796587260152414,113.39166313004127,90.7866624858506,98.17201747762905,81.18147664751686,81.8292583048326,84.11815647713783,88.07819136453475,88.47165138721914,90.87481312375454,73.72049806498535,16.972366227785425
2428,1009.0592670241277,1967.5257754507493,0.8719034732598757,-0.3665542470583517,0.03492555740587439,49,0.0,0.02188665851096904,2.0503663170053534,-0.7795786468367039,1009.0592670241277,1967.5257754507493,1144.8326488904445,0.0,0.0,311.82303396490613,0.3684091904140116,97.02477913936448,98.78473526358133,140.40980971139828,114.85596210972213,115.68855266022135,93.37266001590282,114.81730521517281,112.14114563599907,112.4926492445461,125.11181602813673,20.13323386639957
2429,1016.2973981448871,1966.815583012069,0.48797366234463196,-0.3232858576541114,0.14820819555014025,49,0.0,0.015637261333096914,2.172503488451734,-0.8424012062012103,1016.2973981448871,1966.815583012069,1120.0100336614157,0.0,0.0,311.8200180757202,0.3681133645676287,89.3273321517768,100.80851958122183,127.14655044597873,121.15036624544695,116.21506045995116,112.08846893071504,105.17611755537679,101.0682975344443,118.21076311831592,109.27494827162809,19.54360936656012
2430,2466.7414443255034,1966.8939823059702,0.4244254217748066,-0.3730082397996825,-0.1628856620052672,49,0.0,0.022364058826335742,3.3938077633826182,-1.3267180969675454,2466.7414443255034,1966.8939823059702,1178.4025444074118,0.0,0.0,311.21566229889214,0.3681420482389044,114.2769443993717,126.28151120319876,90.01152891087759,125.10549788846285,112.17954563141865,116.05002763821881,120.91184538182401,104.6861605403771,114.83977781812862,137.1735378131492,16.88616718238434
2431,1376.3711959820837,1968.4257879479605,0.6376839162721717,-0.41342964989528375,-0.0786728178265629,49,0.0,0.02286434870362592,2.5584680302654372,-1.019949986369759,1376.3711959820837,1968.4257879479605,1175.521213057089,0.0,0.0,311.66998614835944,0.3687871107370754,110.54858756873475,111.942803534191,130.17075094935933,94.20167226115193,120.8201627278695,144.95688069793118,114.1619329905445,110.52685921260641,99.32083933783613,104.52166582417345,34.34905795269078
2432,1432.56816468799,1967.6679813188546,0.8224941441972025,-0.0864112799055704,-0.09595552855529188,49,0.0,0.0520922369993144,5.54432258698271,-1.8596212275622126,1432.56816468799,1967.6679813188546,1456.6655556172827,0.0,0.0,311.64657038996285,0.36847157532159786,130.06878400344254,143.6719126325322,136.39289200807036,151.2997432318,152.2081324251718,146.7888999132208,149.2653108192775,135.08719689516846,129.65791522999393,139.77117082271218,42.453597635893196
2433,2948.6094948704667,1969.407404476437,0.4284435598527012,0.1864248066714822,0.23013569831768524,49,0.0,0.23584068559562268,31.34107906358112,-3.740284862533997,2948.6094948704667,1969.407404476437,7552.394648638272,0.0,1502.902444543721,311.0148936952217,0.36917886339837086,661.5453635920821,746.2707404163999,681.3658586825977,768.1509728124537,756.3564611652967,706.4833471528751,706.5211299243418,820.1961197473934,767.9468975250556,776.1558777221685,161.40187989760784
2434,1068.4102660700873,1970.8293734239344,0.47316674143527315,-0.11973902529070093,-0.15156615240293253,49,0.0,0.03373733045591314,5.126559992205232,-1.7745651098884512,1068.4102660700873,1970.8293734239344,1428.1329718543561,0.0,0.0,311.79830439198037,0.3697863189634335,126.25466592602064,136.20704369003587,145.33425364155949,146.03984926499226,135.64334228711206,148.8393124251411,116.69496929584618,143.9418205603797,156.4025176132021,140.16294045015735,32.612256699909565
2435,1451.1117668129086,1970.9272592465682,0.6447885561241128,-0.23539852247758172,0.24327393146102377,49,0.0,0.013246065895653436,1.4451169548354608,-0.39975749106058284,1451.1117668129086,1970.9272592465682,1000.0942459713484,0.0,0.0,311.6388437726878,0.36982965455421635,80.71603706808641,112.40949090258462,96.10117185941849,96.42673905110053,91.750334889138,94.35390705873061,102.12027384682628,96.56161564057402,115.34657089947925,91.38831984035993,22.919784915050368
2436,1750.261442324011,1970.6391426056796,0.5049738728641957,-0.3753351549905206,0.09533865486966898,49,0.0,0.040477433364308854,5.605668014946035,-1.8715684347976025,1750.261442324011,1970.6391426056796,2432.1681871789033,0.0,0.0,311.51419597982516,0.369709605803703,225.00802070239033,217.38342649688002,225.77675634494756,232.03616321057783,248.78104035716467,262.5303371611482,235.58815264751416,227.05824409096846,253.13002694369328,252.40308664698563,52.47293257663285
2437,2361.1407977314616,1971.0623435933305,0.9516926100301129,-0.25068810552337006,0.009586005125658532,49,0.0,0.025665808481287238,2.3277240969416826,-0.9173287562281818,2361.1407977314616,1971.0623435933305,1062.7312654308503,0.0,0.0,311.2596617423941,0.36988049875702506,92.15788268086018,104.38118894315787,114.51455470258725,103.95848037845845,102.51474335308325,112.03962988912438,105.46857688330275,94.93124027793655,115.72246601398608,100.02095997425513,17.021542334098378
2438,2382.7225205886825,1971.2755093127444,0.9252384430121346,0.2355242680552054,-0.5736761403927818,49,0.0,0.013040746050343499,1.0677694528786146,-0.07119373062852295,2382.7225205886825,1971.2755093127444,950.466863990418,0.0,0.0,311.25066948426746,0.36996899006302997,85.87501076660314,87.78307881501212,101.7173168934211,91.87846339282626,85.27855895689186,95.33617051528503,88.48360614777079,95.39312375312375,88.21011086023654,112.42330583744477,18.08811805180271
2439,714.8328570505116,1972.1094556977664,0.6703227690116802,-0.6555953372480535,-0.13941689122928627,49,0.0,0.04093180529100283,4.997822149902955,-1.74695199367674,714.8328570505116,1972.1094556977664,1266.7355832202657,0.0,0.0,311.94562686305557,0.37031477015465,107.62303427537981,117.62653928136191,134.6189951612674,143.83235007080538,109.678695634695,127.06537769089185,115.9022800351787,124.84087987334178,131.89650305076634,129.22001899771846,24.430909148859094
2440,2495.180362866158,1972.6954560140039,0.5776728005524223,-0.31822385484951166,-0.09665227857437196,49,0.0,0.06470344494226052,8.86349304613739,-2.3690122707732444,2495.180362866158,1972.6954560140039,2156.6063341252093,0.0,0.0,311.2038129736433,0.3705587728752577,197.91566069412474,208.59071570556614,243.9219159362791,206.96734707126984,214.5154179414822,222.61738129957786,227.75668368939301,216.07291834749407,188.14108467986176,192.38314680453823,37.72406195562209
2441,406.26361385265204,1974.211659038159,0.6232553007526015,-0.9372543095636154,-0.20644856381607996,49,0.0,0.014328109205617095,1.5179352460429854,-0.453133113210179,406.26361385265204,1974.211659038159,1188.5353173175936,0.0,0.0,312.074192218234,0.37118436465167376,102.55548782914559,114.16849845909607,116.78371770913304,138.86631086118138,118.06424709659441,96.73924742671032,114.69361106148466,110.30949101058758,135.52285743823572,116.25998396744836,24.57186445797646
2442,2451.6919745048276,1974.4045141093895,0.4679132377114477,0.30319465723091654,-0.005188360058089467,49,0.0,0.010650797423838912,1.1942275490428038,-0.19271771371310886,2451.6919745048276,1974.4045141093895,892.5474537821399,0.0,0.0,311.2219327011068,0.3712716054598552,83.6059462465039,89.37199726013033,75.15770099151456,89.0277413338113,87.98983686389599,68.33951162619748,91.11995212649184,91.59999656969515,100.39307248706814,91.67483386585334,24.26686441097779
2443,2595.2458197468914,1974.4811478299812,0.4179495260016724,-0.31326034377412576,0.12709926840108615,49,0.0,0.04078745972621026,6.59863475726596,-2.048635225703815,2595.2458197468914,1974.4811478299812,1500.705776180115,0.0,0.0,311.1621202634787,0.37130093370273776,139.49494853325137,130.68976141449684,143.5287651463235,160.4476204600332,162.94945180025508,150.25329900725134,156.74302953341794,139.216135399001,139.17489204731368,153.56132116541662,24.646551673354427
2444,1340.557638522147,1976.9882923361288,0.7776845344130555,-0.8344807041446562,-0.007635889273992328,49,0.0,0.06003116796076399,6.585387759021677,-2.046453380152417,1340.557638522147,1976.9882923361288,1606.06718377167,0.0,0.0,311.6849086987166,0.3723546193261541,156.11753724991132,190.9581007294547,154.62619264395926,142.044367194293,153.59171418437336,137.7432075364614,137.7945981137293,160.0368093470944,176.14296081691643,163.61522286013638,33.39647309534038
2445,1456.4035750254172,1977.4960656582978,0.30177288518558615,-0.4598990470343098,0.39410638723771996,49,0.0,0.00883070969536927,1.2803669931977524,-0.26833617465952486,1456.4035750254172,1977.4960656582978,990.1715642736252,0.0,0.0,311.63663882796453,0.37256665069517936,74.16299237381014,111.36159790207466,95.72423171758794,99.66511761460042,90.5468546964695,101.9264200414612,101.5028491051683,107.50921480381749,101.49283764502337,86.9992234245124,19.280224949099726
2446,2141.1389119894334,1976.6131794535634,0.7167590103668195,-0.16289180714743823,0.1452828185083465,49,0.0,0.029670875924155495,3.3786290035886513,-1.3218512647730951,2141.1389119894334,1976.6131794535634,1275.298537845129,0.0,0.0,311.3513286661048,0.3721961120903922,88.98080508950812,143.61775981700117,147.7000509118356,131.2313707453141,97.84686575514392,133.34958367065008,115.42039655947045,121.9290528805345,131.29105891136913,131.24306968842052,32.688523815881524
2447,2516.8440838170873,1976.7671017748585,0.9123456360891355,-0.25460520751599963,-0.06520818310839681,49,0.0,0.016902262925096858,1.510400589784887,-0.44773036634597463,2516.8440838170873,1976.7671017748585,887.2301006117427,0.0,0.0,311.1947866164427,0.3722548572948866,81.82779944400566,99.77036705931656,90.7230817099665,81.33526675645896,90.09636275225134,85.5403700874042,86.9271280307619,94.32612755690934,84.57804468518391,78.42048693115515,13.685065598329158
2448,1095.54219102146,1978.8175878986456,0.6891632451053895,-0.2142628597864976,0.11324096421623857,49,0.0,0.015806421895070446,1.3723873876363355,-0.34369179549270523,1095.54219102146,1978.8175878986456,1125.6257674661683,0.0,0.0,311.78699943554886,0.37311496967983254,98.05871415136646,113.62332266379511,110.1262726436064,116.51541381981997,111.40056809151025,104.33035247291201,109.35455687655221,118.7535072038457,117.15542324721456,106.35869647302506,19.94893982252068
2449,1747.6181331943696,1979.7881480960664,0.5765675099003101,-0.3962359453856257,-0.023334068265522933,49,0.0,0.1913681300359577,26.733122191579817,-3.5676242086562118,1747.6181331943696,1979.7881480960664,4137.368162739591,0.0903971710564299,0.0,311.51529736094574,0.3735216686065439,372.61661727733133,399.2956893218386,415.66471537081406,425.01489019478163,445.41236151582194,416.9592409433718,400.5138562286142,381.2407860710332,383.07899021968143,423.3201939817569,74.25082161454532
2450,2269.671132130555,1980.7592592740307,0.6424771523280227,-0.10359027791756457,-0.01764672507742687,49,0.0,0.2941230740558576,40.33564781493134,-4.014222590918463,2269.671132130555,1980.7592592740307,4663.254211264691,0.0,0.0,311.297773653364,0.37392208145634037,380.66395225624814,427.77705013160517,458.02818377743495,488.6397097622775,442.63741357688735,475.5402772731277,469.4306827613854,506.71203381867235,447.01683078564713,465.83217290850484,100.97590421289999
2451,2691.5266139630853,1981.1588702669872,0.2734031879437116,-0.10884096182756771,-0.21886334483089384,49,0.0,0.020856232439642162,3.882473055820062,-1.4727711260695708,2691.5266139630853,1981.1588702669872,1203.4123825025563,0.0,0.0,311.12200479788595,0.3740812379625788,106.2873959941902,118.69401695032714,116.01949941593017,127.33728174443281,103.45018790488108,134.60552838270615,118.35120628997609,129.9016575468571,115.67923708641977,110.53163936116385,22.554731825671936
2452,1489.2970605731202,1982.3719059701107,0.6041606043831761,-0.7230371745762469,0.10083770216992936,49,0.0,0.014399316381955407,1.580827307790522,-0.497211073676162,1489.2970605731202,1982.3719059701107,1040.6313037447853,0.0,0.0,311.62293298879007,0.3745983174234068,81.16292574025302,103.22998811352986,101.73579741087323,86.81458539083118,128.3003285950607,102.89036858906135,101.27593892146655,103.71837707216608,93.46120292750851,112.30646946841216,25.735321515622644
2453,1622.8078201625383,1981.981429851277,0.4811591062559069,-0.19212805689818727,0.10947018138879189,49,0.0,0.013495545200842266,1.6117076073150376,-0.5182156395046152,1622.8078201625383,1981.981429851277,1016.832948396052,0.0,0.0,311.56730254145475,0.37443573785760376,90.63508065960826,101.35994352849619,117.02991465231693,89.45491269520312,94.53447459280908,86.48861573712499,85.18930550667658,119.18287617333633,103.92416390966306,103.91505091631834,25.11861002449905
2454,1929.4628662040984,1981.8240627060775,0.9050004743769411,-0.3844929597383098,-0.18404150329947835,49,0.0,0.013393106412818089,1.0186267509369011,-0.020037693324453033,1929.4628662040984,1981.8240627060775,1059.6717664500109,0.0,0.0,311.43952763078784,0.37436910237714294,93.5531824272556,110.39821508278804,82.32340564871723,111.18133209499842,115.7252403871165,111.40152245181443,93.50806994038132,103.11683540181838,102.72765142859214,115.75266202894969,19.98364955757914
2455,2707.1354771745378,1982.2214207485924,0.6619887704697848,-0.3188646361448672,0.03170187840712625,49,0.0,0.026159369594748936,2.9689819596430884,-1.1815188967761832,2707.1354771745378,1982.2214207485924,1117.0494106360834,0.0,0.0,311.11550139306775,0.3745236102985846,88.46407721403381,103.31888529779314,100.19657554572004,124.34553846192809,117.87024783248555,97.56229555447352,124.52532409431268,100.80949784417365,110.9902122257067,118.17699214433262,30.789764421123675
2456,1866.6251690299473,1982.9049626280926,0.44103417038233517,-0.3605202009534003,-0.38382323403163915,49,0.0,0.025878501262111088,3.5552307630619073,-1.3771694879611078,1866.6251690299473,1982.9049626280926,1295.086308107038,0.0,0.0,311.4657103365251,0.37481984320108463,96.61390840008164,128.70417447175055,118.79311179620139,153.5516401960376,141.3164042614621,117.4438271357993,117.66669509516004,123.01355264356123,134.5538934820457,132.3091815733508,31.119919051587495
2457,2367.162422192285,1983.086083413914,0.7784322224961762,-0.3117529766326729,-0.30003965420909734,49,0.0,0.021544233390512115,2.1894951607176907,-0.8508599740990479,2367.162422192285,1983.086083413914,1053.7208371221332,0.0,0.0,311.25715266135984,0.37489018496419535,81.14093890539104,109.60103224132014,107.87244179234692,100.26082508352273,95.77939519008555,104.86562485818007,111.0240134771912,92.21828958298158,105.77828902717386,119.26052186515494,25.91946509878514
2458,189.04533375173892,1985.2416648854858,0.6082648084424408,-0.07125657822747537,-0.37825953254604344,49,0.0,0.011907306327344266,1.8120274599763904,-0.6454119370300433,189.04533375173892,1985.2416648854858,516.2911087845065,0.0,79.16465938412568,312.16469343442975,0.37577436854295126,52.534816184158984,92.87403851024297,38.676397292484374,35.87845469539056,21.86162964444705,28.665705875213092,12.364985676967095,73.2644304426403,42.76022067067541,94.73496458722218,22.67546520506444
2459,212.46883290259834,1984.1463083466665,0.6670228007167863,0.2302595319597186,0.7216860727488871,49,0.0,0.016867119586446953,2.1965473114418024,-0.8543514049318958,212.46883290259834,1984.1463083466665,1018.051054104031,0.0,500.6584519584052,312.154934465312,0.37531864830181755,125.12037634624795,80.20245166818668,83.75642914784677,129.10051321343624,84.36593030849743,112.5635439608364,60.30592918524502,135.8320120610056,57.24287132853406,113.46572107937294,36.09527580482186
2460,2349.075979379664,1985.390296023656,0.5750087674229007,-0.07364900599506209,0.07699233101976875,49,0.0,0.5471128452126252,81.86503810767772,-4.7827461708022945,2349.075979379664,1985.390296023656,8380.738501591564,0.0,0.0,311.26468856292263,0.3758505235120773,797.5776813745289,839.7990797064763,800.2733853071077,798.0471373571705,843.7776021280099,822.187810588311,833.2513162976506,850.843851620225,805.8213273632296,820.9553216179318,168.2039882309249
2461,2667.972576489538,1985.58650266495,0.5321010651945081,-0.3539494399490086,0.27123611822204563,49,0.0,0.07257014778419923,10.673111749452037,-2.5707276414838764,2667.972576489538,1985.58650266495,1929.6019875752831,0.0,0.0,311.1318184933292,0.37592651778557584,157.00198784461952,197.5538314872532,187.7481521572554,170.08380169884398,189.06011989915885,177.09266472428055,197.01916517750652,214.29631266925406,186.622117545429,208.02444710995493,45.09938726172739
2462,2430.481520055562,1985.658995631755,0.8395829803204508,-0.1787214058362475,0.1031371567946223,49,0.0,0.019106077306260856,1.92675702031366,-0.7120673751304916,2430.481520055562,1985.658995631755,956.6768488860889,0.0,0.0,311.2307701066271,0.37596120168090685,88.68336161458073,93.49541553043474,81.89544772104422,104.48395250752621,102.68489457312828,102.0219587527381,77.6563668925561,110.30784058603767,98.25082296096079,82.89470721234068,14.302080534741568
2463,199.0979405518296,1986.7653805337068,0.7475374790971043,-0.678731490901469,0.17809366134722818,49,0.0,0.015436246334043915,1.9208813048176128,-0.7087513243674628,199.0979405518296,1986.7653805337068,669.5530339077786,0.0,249.27222119804506,312.16050523703717,0.37640949304586335,66.18042188441751,101.04820480419812,32.55900190871873,44.29349405808509,80.20592626746857,31.653089958003182,37.079128926860946,89.9587496396795,33.662747601619856,139.6409223760411,13.271346482686075
2464,209.1713000646906,1985.2221436896768,0.2316563008005499,-0.2764300524496842,0.2631249753196059,49,0.0,0.006388584611299752,1.4004388191159909,-0.365660351444653,209.1713000646906,1985.2221436896768,964.237663436621,0.0,461.7215926666838,312.15630833819927,0.3757667956372885,123.86230340232544,81.03893154957154,82.19064493368448,121.37197721013845,67.96686895616324,120.5799722917121,55.091400175000075,129.8478858440926,41.98691488488817,103.92963036187064,36.37113382717432
2465,1426.051363499789,1987.0554737384264,0.6355449172318948,-0.42673098150464683,0.015774857581730837,49,0.0,0.1345182735789697,18.537467962396416,-3.1701260336559685,1426.051363499789,1987.0554737384264,2564.241763835963,0.0,0.0,311.64928580459804,0.37654960823551825,213.33316675208164,262.4132769341122,241.93970817494767,282.1862597802369,243.09077336650614,253.89759709778252,252.4648098903599,231.9365233414482,285.3867352395379,236.55586827543388,61.03704498351576
2466,2109.8641188033835,1990.0031113726004,0.5267857585128217,-0.8382539337363324,0.14239845185387545,49,0.0,0.017476348401727782,1.0496719036828372,-0.05263393175366154,2109.8641188033835,1990.0031113726004,4504.557658441548,0.0,0.0,311.36435978840717,0.37777549206151534,397.3961348470498,418.07620357329324,418.22686518172225,448.735163371558,459.8116912679982,433.6928541345208,433.38699653329286,467.5605421414808,429.5704206420893,511.23939529928987,86.86139144925284
2467,705.3629642878058,1988.1018678290413,0.7319721893550513,0.02064177152305705,0.09712931790246544,49,0.0,0.019038323787597778,2.12396336219807,-0.8178675525249418,705.3629642878058,1988.1018678290413,952.0548343223235,0.0,0.0,311.9495727174106,0.3769779181161435,84.33788247175465,86.90750283647631,87.10585194902136,100.2421559764822,88.89152285168794,100.75401991275716,101.4114898747004,92.31989621175171,91.24734461807375,101.54355705132025,17.29361056829778
2468,1647.9631709741454,1987.8668005663262,0.6205045998124855,-0.3145057624587966,0.04013030304400267,49,0.0,0.10834793063969016,14.350023108804363,-2.892131501110243,1647.9631709741454,1987.8668005663262,2419.6538985976335,0.0,0.0,311.5568209593143,0.37688793896642525,214.64012392373905,248.30498523562125,214.36169574664936,288.1406295519721,234.0950883267366,226.00138318749777,244.61631864187686,231.96351073083792,245.61555604405956,223.34577757712424,48.56882963151883
2469,1682.8156910668768,1987.4939987143355,0.4210077207169597,-0.6073723802616406,-0.613390749953543,49,0.0,0.011267431003980668,1.3602065274080313,-0.3340121365578742,1682.8156910668768,1987.4939987143355,1029.4818479823894,0.0,0.0,311.54229882304304,0.37673256104369995,114.27677730269558,82.39738249649508,101.91184179158368,126.92824644974532,98.89844125703677,93.34423550733563,101.87060422140681,112.56152959723602,83.41655513653919,93.59081617355018,20.285418048765045
2470,267.0250024237443,1988.824140645622,0.9467175527942772,-0.5598653494572924,0.17157456693073622,49,0.0,0.02132312404166441,1.7389868708880056,-0.600740757878524,267.0250024237443,1988.824140645622,1218.8701655481182,0.0,1042.9293660063902,312.1322046259892,0.37726911148566067,114.75764556791297,137.98391557323464,102.72205508387003,114.2358185627267,122.64869335720053,125.8538094214615,119.70221962257217,122.64925100474827,117.11598475709953,115.16073264726177,26.040039950030256
2471,1072.005966861342,1988.7111019086565,0.7729216659621516,-0.06337929386757837,0.2525455716214631,49,0.0,0.012662248329551824,1.0203870431324935,-0.021912338261210036,1072.005966861342,1988.7111019086565,945.4505897841889,0.0,0.0,311.7968062875263,0.37723696473782015,80.12644874404293,85.96766008504713,102.06827362299754,84.67463087206343,90.29910314477867,85.71841133973439,103.60775249296714,108.61819900438171,87.50724329476586,93.33283955461803,23.53002762879215
2472,2303.629502962129,1988.961638198431,0.7840589665479752,0.397410624946312,0.18359566620962703,49,0.0,0.030005683255279917,3.076797756632326,-1.2202473755997687,2303.629502962129,1988.961638198431,1151.7717495757204,0.0,0.0,311.28362437160814,0.37733920720528286,111.17023249613086,105.26308180202196,123.90213462427934,124.54479723227573,116.66281433096441,120.08448541684298,103.28497712243689,107.01347879814429,110.72767138732483,97.72306010025791,31.39501626504115
2473,1510.491542561452,1991.7535843923856,0.6220985608405003,-0.49598571620465587,-0.03663958412295834,49,0.0,0.07241086709501933,9.931039383980671,-2.492486760489418,1510.491542561452,1991.7535843923856,1772.416466543295,0.0,0.0,311.61410181430426,0.378507360611146,153.99304761164245,174.38144315965013,162.69324479577938,189.32666927034157,153.8396216803486,178.89812993318088,196.10433856532416,162.16342700135922,196.53366052785958,174.08905883406797,30.393825163741074
2474,2101.9242095426075,1992.5293358626711,0.4458011630855868,-0.8001977089961041,-0.5488033754901349,49,0.0,0.01758359864902025,1.1462375551263884,-0.14818658375783836,2101.9242095426075,1992.5293358626711,3746.940493043508,0.0,0.0,311.3676680834471,0.3788281502704878,323.15262433324295,327.2214967062698,342.36984621171257,387.98777179269837,392.10110239201435,377.7589987615707,371.73669518431996,364.923884772089,381.8644659485418,405.0855145165881,72.73809242446036
2475,2133.9913985226926,1994.782755854684,0.5083367126710375,-0.33187710844273366,-0.1984438759089129,49,0.0,0.019712780584292516,1.2692691662476465,-0.25888432517436366,2133.9913985226926,1994.782755854684,5081.011144213866,0.0,0.0,311.35430669251696,0.3797667280908446,493.35694569608677,465.51076914644204,467.06923205875916,529.3417350695877,500.68085347068205,553.887630790054,482.47206719267353,511.89275838321356,506.0500116469937,481.8196417373291,88.92949902204435
2476,1165.273507705554,1994.3209577253058,0.8447969743476464,-0.34827450378610586,0.2705291866700973,49,0.0,0.0319808966842687,3.239290505488343,-1.2761247451975866,1165.273507705554,1994.3209577253058,1126.8091098842688,0.0,0.0,311.75794463123117,0.37957527064820906,102.55679936522351,89.8817356812456,120.89574411329905,118.49564930720521,110.0002761476957,115.05790377316107,113.48568389120183,110.69806767347902,106.15128170047944,117.87295642761231,21.71301180366602
2477,2381.500197724835,1995.9874228526576,0.6319644292937986,-0.2774238001210623,-0.10068947927873556,49,0.0,0.18929551382287532,26.439898880347137,-3.5556494746331717,2381.500197724835,1995.9874228526576,3215.941349330482,0.0,0.0,311.25117855783054,0.3802653933697451,268.11273655142065,313.08100679900474,306.0293589017695,328.5828223102219,309.80182529227886,343.96183445016175,329.15196780196493,319.4567801006714,330.70451039675385,313.03808989664265,54.020416829591774
2478,3027.719169731884,1996.1677218685197,0.6044006371505428,0.2743129720314993,-0.07396237630994103,49,0.0,0.06521361944038905,6.536173787712534,-2.0383089774007,3027.719169731884,1996.1677218685197,2749.8953770959447,0.0,2430.7542600023053,310.98193368726885,0.38032616582699036,244.82377827206997,246.45279547556592,251.36580758153593,290.1754489533133,263.21543229400027,298.02024026745653,243.4427075081318,326.04575873156546,284.28202549583716,254.98611362338212,47.08526889308621
2479,2144.017106601385,1996.8021011124993,0.7109584826722332,-0.4469352999494313,-0.2042191001992332,49,0.0,0.04583406344798784,5.069472113788353,-1.7624068460627558,2144.017106601385,1996.8021011124993,2639.819053766327,0.0,0.0,311.35012929111866,0.3806079999930509,264.7592106127838,215.0927856930242,225.66568848394508,277.61914287061353,266.5702933847428,260.0659008276028,243.96073095225123,260.9500340315873,298.62830621774725,271.3517855015625,55.15517519046657
2480,523.8346150524275,1997.8753338601762,0.8459384807990235,-0.43463994798500366,0.07407684781073337,49,0.0,0.023206298914392295,2.2645105086530606,-0.8874358510100665,523.8346150524275,1997.8753338601762,994.4039236072124,0.0,0.0,312.0252070872387,0.3810464698028784,93.51543052757688,92.46723113425494,93.13986475601098,100.84011880692617,97.61303067144331,105.91397113180383,82.62722386038763,112.0697773319853,97.70726033094707,97.9759565793118,20.534058476564432
2481,291.5368412375366,1999.0702366944229,0.7886887828892595,-0.9808929946202464,0.11306849590344022,49,0.0,0.05925985822470461,6.01633238279694,-1.9483295540100898,291.5368412375366,1999.0702366944229,1943.8603184144108,0.0,957.6091292261326,312.1219922747894,0.3815387359108241,178.2127720110997,170.5777947202327,182.44744861287913,194.2125226719867,181.2499357039219,206.09242365049482,206.47687934074924,186.89576360803994,204.8431756330738,194.9756109156478,37.87599154628526
2482,562.3899501375207,2001.5742288457316,0.26579459843659925,-0.4677857209642426,-0.09125081913418938,49,0.0,0.01302335366741938,2.1865204241271377,-0.8493838460319243,562.3899501375207,2001.5742288457316,1004.8276462922549,0.0,0.0,312.0091430698202,0.38258844063792147,86.24736436193704,101.69642216127318,98.21845018833771,97.94077761015735,104.96194251939228,110.40516811210802,87.43638073022157,88.6114601078115,108.20695301258525,101.60929949691527,19.493427991515897
2483,1285.766000188597,2002.3620270969777,0.6278454837282502,-0.6673495991410296,0.11482113112729064,49,0.0,0.031390729059717064,3.826509868042692,-1.4570070941316398,1285.766000188597,2002.3620270969777,1246.3900944465709,0.0,0.0,311.7077389355886,0.38292658638000904,118.2425645000711,113.3263652247391,131.2904605333635,150.03137454969155,112.19881024580336,136.07019846865722,120.16150865125537,111.09590759457625,112.51619870639851,126.60027244800511,14.856433524009606
2484,1685.6118468722955,2003.8417440317014,0.29844049849679916,0.19533616476668,-0.5177637780931565,49,0.0,0.010183137527599941,1.009032018624985,-0.009762368742726745,1685.6118468722955,2003.8417440317014,1336.4501647394288,0.0,0.0,311.54113372212777,0.383544059364098,126.55812073310425,137.0057140949991,117.41192855084134,146.23270304374176,144.0340052601566,128.0908187501525,126.29802914076228,108.01294886940164,134.2783215303954,139.7141437501645,28.813431015709348
2485,2628.183959183132,2002.8919399307686,0.309960801672466,-0.14084765185931755,-0.1573352455537365,49,0.0,0.013460087881242602,2.2156423268459764,-0.8637491329044998,2628.183959183132,2002.8919399307686,965.7111520202886,0.0,0.0,311.1483962107867,0.38313768478675464,85.49590377696117,109.96925448659115,115.53006485493864,90.63054231977424,80.03832762931916,91.28916794892449,83.89460218055848,98.06369955629063,96.70400167802256,98.66928697674342,15.426300612164642
2486,346.98548949092697,2004.4096957683494,0.3113489206263576,0.5998381340507107,0.4566090610185992,49,0.0,0.02737971932397658,2.2025428649209164,-0.8573109230365156,346.98548949092697,2004.4096957683494,3714.5593333585944,0.0,0.0,312.0988903383414,0.3837648325207301,345.6341821609971,354.4696173577792,349.3334110328392,355.71312254222335,394.32266225978344,348.66592488385885,366.77856067724406,360.0491250540553,387.532881795819,374.1332091709121,77.92663642308311
2487,1007.521634776043,2003.6904338356007,0.5231201298060113,-0.08551078160454258,-0.26235070839733615,49,0.0,0.01660883330380749,2.0087169303031285,-0.757296849997774,1007.521634776043,2003.6904338356007,1474.7436784549586,0.0,0.0,311.8236748884767,0.38347752195833024,117.81325116222354,148.16432414420603,159.75844339880433,180.63918735590678,138.97391402900436,134.92861398205088,135.08708418368178,152.65505670973312,136.8130037419794,141.71273897623206,28.1980607711365
2488,1013.5182569398748,2003.6345195364975,0.3842363229126811,-0.19402635972291132,0.080351738245279,49,0.0,0.02803765056617692,4.801898273484531,-1.7035323886089095,1013.5182569398748,2003.6345195364975,1396.5719589427395,0.0,0.0,311.82117629630613,0.38345429649441115,116.19399588749249,132.4611749772147,148.03202504268927,170.85294370728855,138.96901104189388,127.82460169103825,120.34745074855742,155.429468868838,119.19372322560343,134.40583266362273,32.86173108850076
2489,1728.383366705428,2004.4550331839605,0.31870689763632426,-0.15232342056758646,0.07702614079954405,49,0.0,0.02775418300115634,5.097089378033118,-1.768305622644646,1728.383366705428,2004.4550331839605,1277.1452739413178,10.486378838943896,0.0,311.5233119428288,0.38379950180436984,114.40234858338111,105.4869290322687,142.9697310602786,134.64097074703568,120.45781028309361,115.43001998042041,120.92861946093387,144.38014257680516,103.39451820623742,146.81382565164427,28.240358359219044
2490,1339.0165533804848,2005.6576424531866,0.39910852346328196,0.04557928797074009,0.8486664322073081,49,0.0,0.008650597463706661,1.1721067821081186,-0.1724179472252714,1339.0165533804848,2005.6576424531866,892.2079015365938,0.0,0.0,311.6855509118036,0.3843000558299332,86.3004430847098,77.14915729955035,75.7583855883199,90.17531728839349,92.02228225773133,93.67502453668642,85.55750380350625,92.66123695322469,97.53041202527709,82.50368863733095,18.874450061863485
2491,1838.7749915412774,2005.4023217933984,0.6654295029301392,-0.7108844840959289,0.1726563121061852,49,0.0,0.012271487555618377,1.1319157017503536,-0.1345352110619976,1838.7749915412774,2005.4023217933984,963.9814435699479,0.0,0.0,311.47731468041894,0.3841937911681409,83.62126867748455,88.74649536235157,92.08461929019848,93.15849382542672,96.09663356559464,87.5983154903417,104.62774684719443,106.26147053742908,91.70311571497842,100.55398907075691,19.529295188191472
2492,261.5868662897085,2005.925461821942,0.8263804962694943,-0.695243351723438,0.4437706594814084,49,0.0,0.021304450755797476,1.7655679679672849,-0.6172111024608463,261.5868662897085,2005.925461821942,1320.1868035751709,0.0,1208.470902101487,312.13447060311495,0.3843941199007439,139.55690109774866,133.99860207185463,113.74583029674793,128.12707907684813,123.89096236716634,122.15567780083099,120.00011173963823,123.14385597636026,133.69411872697358,151.57454967155167,30.299114749450304
2493,941.5854454028402,2006.078400864461,0.6354812573413874,-0.6274824421821367,-0.3280671165576262,49,0.0,0.012371981058796154,1.3353274402937851,-0.3139694340566606,941.5854454028402,2006.078400864461,984.8698473218926,0.0,0.0,311.85114824609803,0.3844716511911484,94.12947065601726,100.13988948268977,90.33084109117996,103.52049987587525,95.25014765343597,108.23646450974718,100.50173376776377,94.25858369226376,95.42908503452185,79.77260611140476,23.300525446992978
2494,1803.3157870565929,2006.1175277986488,0.5176232171360021,-0.4041449254758233,-0.04986395705442607,49,0.0,0.016728639962267113,2.077259546587899,-0.7937269088975186,1803.3157870565929,2006.1175277986488,1038.823361731466,0.0,0.0,311.49208957732463,0.384491949653281,82.04504740018082,113.07494090731328,93.69338777107285,116.29884393857984,87.26919935997374,123.15659348988062,113.5849938945465,102.20712237282282,88.60439191152116,105.34221576121851,13.546624924355786
2495,627.3393753225915,2007.1454033320776,0.6870228368325786,-0.3105917966390598,-0.05970139773063713,49,0.0,0.07881492822754146,10.155199778367432,-2.5167211787290094,627.3393753225915,2007.1454033320776,1766.5606694532387,0.0,0.0,311.98208183071716,0.3849110066681943,159.37181299508808,170.66061284351596,156.02617096990622,190.6116688759372,155.7747590988689,171.3570503703128,171.0934974953409,179.41126228993912,175.3716200436043,202.4601504780835,34.422063992641625
2496,1357.3264531193752,2007.8254227496786,0.5196854836431731,0.12659788475988773,0.0018150029794961372,49,0.0,0.014140708123510051,1.8254834404374942,-0.6534447441877451,1357.3264531193752,2007.8254227496786,952.2046058610482,0.0,0.0,311.67792168012363,0.3852033822226314,65.6172978480829,96.89346196159681,94.14770818514586,89.62432090744532,107.37922357769328,85.67515665634696,93.46489247748896,101.71106173639865,109.06429444312442,84.90560593905099,23.721582128674076
2497,2260.6030539801222,2007.5394226140718,0.7361881392748908,0.41011839526682375,-0.06966456909170497,49,0.0,0.018402280333901382,1.9224594764252712,-0.7096429851623749,2260.6030539801222,2007.5394226140718,972.8581932232078,0.0,0.0,311.3015517955504,0.3850803819877182,86.902482726741,104.47208352122789,88.58381630482538,93.36492130593936,94.30090509902044,93.37940189109241,105.59783866137946,92.95657459551765,84.64576078916501,106.97473474193802,21.679673586361133
2498,2137.1814340296155,2008.076594655074,0.4247821620694914,-0.12128660263656159,-0.21220458577139475,49,0.0,0.04033568337004748,1.6512671097800045,-0.544543326586051,2137.1814340296155,2008.076594655074,8359.77829822318,0.0,0.0,311.35297742614205,0.38530570403181097,774.4480966232895,780.6669212099141,825.3333744176128,818.2113388166716,871.0934699079949,793.6415052172003,793.025845806979,832.4116912900704,849.8869723644995,856.021058733907,165.0380238350424
2499,297.1413415366763,2010.0925858275104,0.5045852373152567,-0.9865406863972784,0.16835196270990296,49,0.0,0.05274047965787928,6.774938755985999,-2.0772634340847245,297.1413415366763,2010.0925858275104,2108.8463966175113,0.0,953.1919296459258,312.11965739875143,0.3861312831376835,172.48208676225516,192.4590960282063,218.98367375750635,217.99161598661442,200.3291245886216,197.80223209501617,233.0624551308485,227.85842412620207,211.64526098020386,206.91159579696927,29.320831365068052
2500,922.7318957154162,2010.1929889783446,0.38072866789826204,-0.28299341698125513,0.20156092148733104,49,0.0,0.009234111542878733,1.1106864553000262,-0.11397868931528483,922.7318957154162,2010.1929889783446,984.4984329984,0.0,0.0,311.85900388069246,0.38618577081464583,85.50803345467901,87.4444413175508,90.17935180794444,97.72655259389009,112.64421311892386,106.55848733961008,108.4059074077806,99.03006312625641,71.1729956062163,106.5214446498851,19.30694257566327
2501,349.4811183225195,2009.1378693813112,0.2428698302286039,-0.05185356003692628,0.6898747878035554,49,0.0,0.03153085555463473,4.080757731029235,-1.5268520301821698,349.4811183225195,2009.1378693813112,3355.0210970293488,0.0,0.0,312.0978506277922,0.385734869561643,323.89687767823267,303.046861084941,313.5703356948985,329.50606584932643,353.6645108989346,321.94352871689375,313.7707429385257,329.43234125751815,343.6087701571662,346.77513913840096,75.80592361451126
2502,523.5815344709366,2011.401366524921,0.7845306182297879,-0.34796744240105065,0.12210169330602412,49,0.0,0.012069837726644493,1.0838184538495612,-0.08739135335084094,523.5815344709366,2011.401366524921,909.0599245637623,0.0,0.0,312.02531269890056,0.3866820897477861,96.6846479446264,98.77453364698299,77.53853307436924,87.61278289671877,91.26791766920155,76.7963354473938,84.01177000030879,97.72521280521329,71.98194403084716,110.7196789315957,15.946568116504576
2503,2114.731204081613,2010.7272442534268,0.48369772255189836,-0.16318017509112623,-0.08091628731027876,49,0.0,24.14991966020643,3155.670898300796,-8.747729261926038,2114.731204081613,2010.7272442534268,693585.3279633535,0.0,0.0,311.3623317069059,0.3864103642525483,63210.784891537274,67524.58127090719,67535.60545291744,69773.42773340351,68772.5202728263,68892.84769865981,68260.39809756899,68643.6562392338,68801.14548402057,68337.13999061308,13833.2208316654
2504,227.6330539509106,2011.7555926313478,0.3069485944769257,-0.4852487810468646,0.5301020846935218,49,0.0,0.006986459312040569,1.099184660510607,-0.1026766475827142,227.6330539509106,2011.7555926313478,856.4877066197864,0.0,538.0689060636464,312.1486169975562,0.3868222627956203,69.47016841740137,72.13211513628661,81.36333047036257,74.8912569693515,82.60297017241511,110.29332026314071,55.57027370878204,136.3032540644515,71.90580476448514,88.6002562987554,13.354956354354478
2505,1055.4306978473282,2012.5022385053605,0.5725886003397366,-0.171832340770329,0.17842406223756202,49,0.0,0.014658178944703015,1.685002353290056,-0.5665012793687971,1055.4306978473282,2012.5022385053605,1031.1037237025146,0.0,0.0,311.8037128143227,0.3871495989951387,95.47034688684418,101.0282511413038,91.10195205822805,100.2920331430683,95.20755850404032,111.94937635162619,87.53576787919113,112.59510405254011,115.57507396686317,101.77222029542813,18.57603942338117
2506,2573.7897787958414,2013.9142810633919,0.6438065029185365,-0.006379703403847436,0.0047359576835058256,49,0.0,0.026055789189074367,2.95469265458467,-1.1762807812666634,2573.7897787958414,2013.9142810633919,1191.7509490381478,0.0,0.0,311.17105954002665,0.3877312741108974,117.07644429580469,110.39501169794568,109.03112424668845,123.29723930569338,113.19105924415683,108.61682834700062,125.97655928252696,122.85968645884743,123.0396119999748,109.24860986931317,29.01877429019578
2507,443.27133241593407,2015.0312664940113,0.38879501055994986,-0.3343318195968817,0.3058864931764992,49,0.0,0.012322842909664681,1.7642241991824832,-0.6163844370811998,443.27133241593407,2015.0312664940113,1039.561428676353,0.0,0.0,312.0587737344753,0.3881926464144207,95.98080010510276,98.04326788035408,77.87731794281757,104.102929891262,109.13580961816945,108.8969189801815,114.86931375664551,91.36528990486673,109.43451159162242,105.62231989562406,24.232949109706844
2508,718.1720403014003,2014.9785653931144,0.5097246945321423,-0.46933924647643743,0.011999750031031837,49,0.0,0.07470712584525349,11.781149418478066,-2.6779691602852376,718.1720403014003,2014.9785653931144,2252.713249663261,0.0,0.0,311.9442360012638,0.3881764432402282,205.87911288282,226.00060437525167,183.61361474608034,235.37866592761927,226.99620394107342,199.59323959812852,230.22749531176913,221.42880819529893,243.7063577479762,235.72580834155596,44.16333859568735
2509,381.7266741650564,2016.7770458400955,0.540587666665638,-0.8937938715246356,-0.017731929505352198,49,0.0,1.0804598909670748,152.5686267864704,-5.458663093314531,381.7266741650564,2016.7770458400955,22908.50706654734,0.0,0.0,312.0844159240246,0.3889185183529438,2086.5192497896996,2159.131998600558,2139.499458667994,2248.1792809090903,2344.599503631613,2267.4504821807313,2296.471232151396,2254.387167936745,2343.7893435468886,2278.647189586539,489.83215954608477
2510,1290.8720152770925,2016.8917258872257,0.2966782331393931,-0.7677283987568687,-0.3972413008309304,49,0.0,0.011776067269750317,1.9652824912263762,-0.7335624625585181,1290.8720152770925,2016.8917258872257,976.2845516565577,0.0,0.0,311.7056114531068,0.38898059087956566,81.92467687070791,89.65457609273764,108.60093227758398,92.15381342363354,104.96059610486188,104.5853187936827,111.47755618774042,91.95504242955903,91.1124496843106,89.17624436049799,10.683345431242081
2511,1885.1062206591832,2017.270268454103,0.6995638613582031,-0.29360433396675534,-0.048799608644817534,49,0.0,0.011255134803872639,1.0446512470999154,-0.047428317649592024,1885.1062206591832,2017.270268454103,929.3049284433544,0.0,0.0,311.4580096827765,0.38913846809861125,86.51858306474948,89.09390589317508,79.54328125448511,91.42069372550299,92.88215971643598,85.50799839405084,98.78646517994818,92.23803059890874,104.35044758410609,91.36503405100314,17.598328980988647
2512,2140.2230999958597,2017.4252321318152,0.90125075265454,0.11162718319055938,0.5936132231293296,49,0.0,0.03570941843419479,1.1613700141320906,-0.1624265215562355,2140.2230999958597,2017.4252321318152,6102.722658771101,0.0,0.0,311.3517100041454,0.38920087127518077,524.3099296998568,611.1802514629424,594.9778535233128,629.829059530463,617.444353218643,605.8216182391233,566.2629733534206,615.1487119829011,612.5863022105643,612.5444991126699,112.61710643720322
2513,2615.96561283764,2016.8623613659179,0.5334768801667737,-0.03872259543332625,0.10941781154508134,49,0.0,0.0416211602438292,5.788482190159976,-1.906411753510061,2615.96561283764,2016.8623613659179,1413.4505794941156,0.0,0.0,311.15348683781883,0.3889587363106898,124.00054390808035,140.42234620314252,133.03839633094483,167.50351495170526,136.4623936546207,125.37414739927047,138.50782477238016,148.52434541806628,134.53995681828846,134.68643790744642,30.390672130169833
2514,1688.5264481858856,2017.9073036741106,0.5473055884180672,-0.3559174743850906,-0.07758642436398566,49,0.0,1.8533083575742515,275.65679937862643,-6.100921773248077,1688.5264481858856,2017.9073036741106,30999.459079596858,0.0,0.0,311.53991926929893,0.38940465069555663,2830.030408297429,3031.100841258843,3042.6334882087804,3194.6972501680743,3025.559850477459,3093.437223442213,3038.721268827885,3030.2630948402893,3021.1231451005387,3030.296608196064,661.595900779284
2515,2769.2406345704003,2019.2954206579413,0.581594371531871,-0.1603780106820826,0.04425972313264083,49,0.0,0.11256110925721995,15.645425498497264,-2.9859684471709453,2769.2406345704003,2019.2954206579413,2550.5245166199866,0.0,0.0,311.0896250689299,0.38996902199700195,208.92221425706424,234.18176736070862,261.7775155876469,267.5196203174528,253.3027531281251,271.02899364347786,232.23552991894343,273.3634335142484,250.14899963755215,263.85904492168754,34.184644333080016
2516,1213.576340334865,2021.3114182945496,0.5055711965762718,-0.1884486177348067,0.015759072985699955,49,0.0,0.01486493509310567,1.9358142900584705,-0.7171592286714067,1213.576340334865,2021.3114182945496,976.6389273107623,0.0,0.0,311.7378183909327,0.3908215512460581,82.3131283456947,100.82818395333334,99.90754238941557,85.98850545667312,93.206594616933,100.88975067192644,93.2827295174357,105.54669683496712,93.18663162049918,103.56361801958249,17.925545884301524
2517,2200.650299653386,2020.842157396352,0.5379922845581487,-0.11141696213965117,-0.08247249669551465,49,0.0,1.10841666326062,171.95578570021615,-5.588541982168936,2200.650299653386,2020.842157396352,17588.98588083306,0.0,0.0,311.32653194868124,0.3906238545216129,1509.5202606810276,1680.3790109163838,1731.642369498557,1655.7069036639393,1825.3604037184327,1788.0132594765823,1788.5813330673682,1728.0797951750412,1724.2242524134253,1827.3924456256095,330.08584659670055
2518,1423.718212581905,2022.109638469233,0.6413186664903112,-0.5691886110450356,0.03046288904174708,49,0.0,0.033960442760082005,4.129731593774578,-1.5398045655026285,1423.718212581905,2022.109638469233,1218.66833523423,0.0,0.0,311.6502580370039,0.3911553637745063,116.92950554729433,116.43127405330438,120.44649572539103,134.38717227988633,110.1311613180116,114.02778539431296,105.56318343081068,140.68702544755317,116.90338267335522,123.79159087646875,19.369758487841633
2519,2529.0733095105943,2022.4187090181406,0.48172992113859464,-0.15376575786376953,-0.03832892377277266,49,0.0,0.04087035438920791,6.307706716282876,-1.9996787303243637,2529.0733095105943,2022.4187090181406,1375.466759497176,0.0,0.0,311.18969076349265,0.3912755441700447,124.02694650148231,154.85903680375344,125.3758675530884,128.51892358883612,133.68738257449738,140.72705748666291,149.81514488165035,122.36562578475169,132.8492667150336,132.0569451908118,31.184562416607882
2520,2103.8048517788106,2021.6835376406457,0.4255051396788654,0.8805670948186272,-0.9198045602099078,49,0.0,0.0557856531155859,2.5687177790691242,-1.0242909791109507,2103.8048517788106,2021.6835376406457,13637.26568221325,0.0,0.0,311.3668843118089,0.39097552779480815,1157.1823941400337,1381.1553938526376,1330.3323268990575,1385.582075068179,1383.3595541443642,1370.4597988942958,1402.459327250347,1327.6390034899869,1313.9177053494027,1338.999701567067,246.17840155787903
2521,2226.3017731344135,2023.2378595726873,0.8042114152048369,-0.42106138166848867,-0.2879294767217387,49,0.0,0.020538688483537064,2.0464510084960166,-0.7775033805224636,2226.3017731344135,2023.2378595726873,1026.43669595262,0.0,0.0,311.31584383159867,0.3916217192259877,107.76518678216881,87.22321015994063,109.81751926910464,104.44861345005748,72.41561694668765,103.88941182254565,105.31787441561698,115.27115215780688,103.44804069410131,106.3033485926666,10.536721661923464
2522,1802.3445764078872,2025.5571023972036,0.5529829404334747,-0.30981230539365057,0.11260963124449484,49,0.0,0.04905376935008046,6.7884924358558,-2.0794333460535173,1802.3445764078872,2025.5571023972036,1587.4009336079603,0.0,0.0,311.492494210187,0.39259169376570463,126.44941012747728,166.1942265505204,144.91719503637898,149.61829433821913,161.62493625724824,152.31253708976135,166.94284398150893,148.56753222071663,182.06926477937787,163.65244296167475,25.052250265076744
2523,2385.93862221009,2025.267604666683,0.30250105168675906,0.15477854659980717,0.2021623178444442,49,0.0,0.018025098830276764,3.5282073853711697,-1.3688852617810165,2385.93862221009,2025.267604666683,1047.656118811482,0.0,0.0,311.2493289791263,0.3924650916386458,109.42672681210738,102.28902236129197,101.53104781727983,107.37026852796811,90.43476425860338,109.49142113731696,92.3255690632611,103.53247134196491,90.86890240869937,105.35217180822298,35.033753274765836
2524,711.9392249479719,2027.3252844333317,0.6349917152665735,-0.5199369023864343,0.004289959239379098,49,0.0,1.5762684514143763,219.9470069559159,-5.855795141158721,711.9392249479719,2027.3252844333317,22496.735071980576,0.0,0.0,311.9468330728104,0.3933206406743821,1947.650354341461,2163.382392407611,2181.642279796497,2303.3029914175995,2257.6853182466357,2284.0421111401783,2217.8309485720583,2241.4425882320993,2238.2674681956332,2203.2926525293824,458.19596710141707
2525,1522.724397928265,2027.5329807227038,0.2839875992970577,-0.2767161727202191,0.17443040997841963,49,0.0,0.01973517404982287,3.8553592499032496,-1.4651621317010608,1522.724397928265,2027.5329807227038,1212.9865318027576,0.0,0.0,311.6090047342568,0.3934153285116763,115.53987418854993,130.80914222296963,125.32391254770103,107.60586975862445,118.78915934095211,111.1254738115916,115.01858861246053,136.5516936134173,114.66733754208315,110.22069168017703,27.334788484230923
2526,1847.3009078955786,2027.2901664793792,0.5308193945266921,-0.1612773977839957,0.15774956697965126,49,0.0,0.024592940240362727,3.2241450066188584,-1.2710364151513502,1847.3009078955786,2027.2901664793792,1146.2926265326753,0.0,0.0,311.47376210029654,0.3933135863273197,109.00712518115871,104.63539962980094,126.94109217734594,134.34415121291238,108.27334940461509,106.63776116986446,97.11275078327957,95.99201783456805,110.38188288194306,118.10414999435976,34.86294626282729
2527,1970.8655860214892,2026.654247807696,0.24235927332716273,0.37432034033727557,0.3482827305286647,49,0.0,0.00890163736253337,1.317253683687346,-0.2991735543672374,1970.8655860214892,2026.654247807696,1006.2134746307174,0.0,0.0,311.4222761180658,0.3930478306057481,109.08673740724245,111.75611878555475,88.21298620350211,103.82732321202653,102.48222692987223,99.98731967904675,89.89567834727451,108.0131015450078,90.66601634566197,87.50317156388337,14.782794611644832
2528,596.3030048493001,2027.592767367654,0.8595055184219166,-0.06335258749022286,0.0814442545796375,49,0.0,0.017992971046111486,1.6045829879611129,-0.513405458582774,596.3030048493001,2027.592767367654,971.2750519137223,0.0,0.0,311.9950134524676,0.3934298116077303,105.26511244677494,83.97228415267679,86.26418833832923,97.73101283871439,107.43001109233907,85.0141392637365,91.27702166966564,95.22466724338355,88.83753780604357,107.44211266410355,22.81696439795499
2529,957.1254396354918,2028.1859197223932,0.6312798155713216,-0.44699674705653686,0.045886483858883234,49,0.0,0.057873060408725065,7.86078452692334,-2.2386647298284768,957.1254396354918,2028.1859197223932,1511.0775579794147,0.0,0.0,311.8446734381705,0.39368313772240093,153.7280356558639,140.43489549076355,147.16670126822606,160.5389832851727,143.86515877485624,140.944308637575,161.2343487870628,173.3838674436187,131.14756066683165,132.33667230362698,26.29702566581717
2530,2459.90817241403,2027.7328104206633,0.43077828517209604,-0.6512307256560953,-0.24432718046288168,49,0.0,0.014680755829577072,2.0753510039520204,-0.7927288986296248,2459.90817241403,2027.7328104206633,988.7822508038297,0.0,0.0,311.21850883625325,0.3934909681783323,107.67881679539887,101.37460967951907,82.95018192719411,82.52791829530439,93.1409058205272,106.89381229255801,111.83369508030752,84.87908735300246,88.44627654484017,104.31725948310813,24.739687532069823
2531,851.1948628195049,2028.4647040058305,0.4782177268398442,-0.4036858451879952,-0.017885379161499817,49,0.0,0.028582193373060814,4.37032198018496,-1.6012835861711312,851.1948628195049,2028.4647040058305,1167.607835112446,0.0,0.0,311.88881087529745,0.3937977592709256,99.50263221291817,101.00731596826068,118.47289819449469,120.83616410168968,112.8554076851301,109.37729947854464,104.99281381613314,120.07150855634289,127.67562382538803,117.41626123955537,35.399910033988775
2532,1911.9984465634861,2029.6883844139256,0.7602529989867055,-0.3274423450546188,0.146906508003961,49,0.0,0.01662372943227003,1.7461245483035588,-0.6051880450330127,1911.9984465634861,2029.6883844139256,942.0106842490861,0.0,0.0,311.44680439027303,0.3943124558948044,70.71189471897272,88.53539686370975,101.25353582095288,99.44849067956355,92.69441648290442,92.34976978854678,95.00187268664064,99.30514439092849,87.13281058349529,92.3921651916049,23.185187041766657
2533,1181.8573874005137,2030.9725625887013,0.3590576397026419,0.042478086145190476,0.1580267144892155,49,0.0,0.011695143888894819,1.603914848699678,-0.5129532700301389,1181.8573874005137,2030.9725625887013,947.3880470405596,0.0,0.0,311.7510347995419,0.3948467067517019,95.06498158514029,95.7911294156032,79.60155503983896,99.69543014174778,95.81467841323177,102.14782783976057,86.2819986856504,90.86104215325818,100.40491246403056,75.44262456039013,26.281866741907855
2534,1799.249048309774,2030.5983192160288,0.8347090947264728,0.2934831488385703,0.36535738294452064,49,0.0,0.014637191417230896,1.3634021810955625,-0.33655996105834096,1799.249048309774,2030.5983192160288,1598.429572521786,0.0,0.0,311.49378402352284,0.3946921911437539,122.16502083037597,165.7475824949409,153.6960581656997,151.07031061752554,175.5512393460432,160.8798697763694,169.87004650807572,141.80683645506295,170.87360927681374,162.13668966296657,24.63230938791225
2535,2373.9024838641826,2030.920124962735,0.7598279123237829,0.24962367832418575,-0.2654021010732119,49,0.0,0.041207632992090786,4.625470449786896,-1.6628897769340523,2373.9024838641826,2030.920124962735,1270.8425334541062,0.0,0.0,311.254343919555,0.3948204431119419,140.21090186755174,112.91223937394884,127.83988515430835,101.69597293335048,111.22783761161045,120.12009496847736,129.82474481570904,133.17303602504757,125.24742838992503,143.09855119597373,25.491841118203624
2536,1692.2078296488364,2032.0436977098127,0.23971703194003627,-0.4917310179352436,-0.3830835858746721,49,0.0,0.012225773638308164,1.5535206876839933,-0.478292602437701,1692.2078296488364,2032.0436977098127,1485.0799993549094,0.0,0.0,311.5383853178767,0.3952947506233106,141.9219021327076,140.20731003979714,140.82993193298,148.0670313003572,134.40761366212104,141.16698574623393,168.6974694724982,150.2221592347882,154.62693171994272,132.91017472325788,32.0224893902255
2537,2498.1700513320948,2032.2110582185776,0.44788202696693286,0.21940498595660365,0.17310616706946574,49,0.0,0.014657576032235366,1.8092121093186633,-0.6437237146986802,2498.1700513320948,2032.2110582185776,1085.4284396188377,0.0,0.0,311.2025666927073,0.39535614731694674,94.96092868882079,135.0557223183651,121.2407438385271,95.63756367585162,113.13027503846521,108.32445491459373,87.12904751491402,105.30428437958591,109.44277734903204,100.3643166747841,14.83832522589793
2538,2478.3572523632474,2032.8897127916684,0.7011935945244423,-0.5890824057913447,0.20096033670918756,49,0.0,0.010577023760755932,1.0039357514352305,-0.00426480072276558,2478.3572523632474,2032.8897127916684,884.7994048425135,0.0,0.0,311.21082183058166,0.39563927924892606,83.75563341159516,79.34884009455838,85.56393904247926,88.95012001538012,81.88726481884757,76.92108633091478,84.712056616561,87.9327808801595,91.92850785148241,100.37082697731927,23.428348803216046
2539,1132.8071023489845,2034.1058422101162,0.576825438463044,-0.4327022883982169,-0.02327985566053573,49,0.0,1.1824956368730881,175.58769303866598,-5.61123518221817,1132.8071023489845,2034.1058422101162,18097.97065219695,0.0,0.0,311.7714726076828,0.3961517655805049,1559.2591024446438,1764.2395951106814,1725.8805139088547,1816.2087858591349,1858.9711471539945,1756.8953122845116,1774.6152036743474,1753.9579157448538,1913.5244513186792,1843.4341899772348,330.9844347200158
2540,1499.5773964317566,2033.890403314475,0.5063756302014124,-0.004671567303865704,0.1357840847654867,49,0.0,0.017572070509216126,2.3241261771706427,-0.9156492556828112,1499.5773964317566,2033.890403314475,1093.8653917122247,0.0,0.0,311.61864950228687,0.3960641849201535,99.29947623781723,126.83742197582872,119.7054962448504,105.417010896362,95.3641407631758,72.8364682958089,98.45436855695237,112.78010286140974,110.16670785782671,125.80511879214248,27.199079230050376
2541,2115.8523696727807,2033.7799659333966,0.6824416087012526,-0.601083919932785,0.772235400057766,49,0.0,0.038389016161007504,1.2032621592938162,-0.2009006475907697,2115.8523696727807,2033.7799659333966,7788.934415049303,0.0,0.0,311.36186441718854,0.39601549532508196,747.6812040095616,741.4649373908142,737.2042800579268,796.4439598379497,743.7788635735106,802.4222017575938,806.9530292692261,767.3226594459768,742.7537093960592,772.5323932159147,130.37717709476982
2542,235.23027710759203,2035.2883135550658,0.9170380477815544,-0.980180830779197,-0.2699493390332864,49,0.0,0.018996161925857027,1.8662465369168835,-0.6774225370982325,235.23027710759203,2035.2883135550658,938.6616416738315,0.0,587.8680874631634,312.14545210979276,0.39662719988169814,76.43200196348528,183.79334803704393,148.11021871401272,76.41268483976674,99.52369839712372,81.18485706090924,72.28615097498108,68.53783592930634,53.30592001489355,60.07418090522336,19.0007448370855
2543,517.7684574654252,2034.6808874198646,0.43603405246358595,-0.5521738161626522,0.04282848432927878,49,0.0,0.021144542769262514,3.2463350443082946,-1.2784833500204453,517.7684574654252,2034.6808874198646,1122.8675919230284,0.0,0.0,312.02773499654376,0.3963813694907348,107.48973171710708,99.61832063679458,109.66275105199942,129.42398070875728,121.62665646992156,110.950212560143,101.01794196520977,113.93790490536887,114.17038739494788,95.25432101482735,19.71538349795174
2544,790.8139459405661,2035.5301288224653,0.5523180485861641,-0.8925807496218153,0.0904227886078426,49,0.0,0.019086053167415507,2.408505675235776,-0.9543691849826581,790.8139459405661,2035.5301288224653,1093.2669650384892,0.0,0.0,311.91396931941284,0.3967406260748514,105.92544039407521,130.3521115566872,101.36151030929624,102.52547061136576,89.36748038464438,116.59468687180261,97.086342677302,100.16768383041148,101.41954965406494,120.19929399413513,28.267394754704192
2545,547.5119957902214,2036.1809332922746,0.6890584712139458,-0.6890404128001487,-0.10668965492419945,49,0.0,0.07616721179961876,9.569434836061331,-2.4522157235362125,547.5119957902214,2036.1809332922746,1782.1994405489074,0.0,0.0,312.01534238618154,0.3970070298052783,162.91728394596515,162.75166481068345,169.16122507613227,184.4453649143396,171.34697534187814,187.71894102556342,187.79979334633254,193.10714018671797,174.7051375804003,157.87447608113806,30.371438239756653
2546,2110.5854976854534,2035.1104790772374,0.4075025524926434,-0.8157043067561344,-0.09338670705999884,49,0.0,0.026228422676220997,1.2717180455279442,-0.26097708479674214,2110.5854976854534,2035.1104790772374,6171.935203285282,0.0,0.0,311.364058950465,0.39656992302207833,588.1315848930478,590.5515939939219,596.7357427381777,608.7046376328881,602.8626925372023,598.6135674545935,653.732505743832,590.679755871332,616.9085211852729,618.8852741900598,106.12932704495358
2547,2120.596653713958,2034.7948317581274,0.7081131468202714,-0.6609045234904045,0.008986126317522918,49,0.0,0.03191492542337942,1.6230932728643872,-0.5258586943998016,2120.596653713958,2034.7948317581274,6897.169804228381,0.0,0.0,311.35988761677226,0.39643829741173175,649.9136738152056,630.9340645489383,688.1378706088996,672.2888244047788,666.1057416781181,743.4333088209095,678.5666769052269,716.9958296802283,652.0264327282798,674.6958440846537,124.0715369531423
2548,2116.226569248998,2036.0257756707115,0.21695605339417678,0.4931961385382976,-0.5153730044515794,49,0.0,0.020737352263194647,1.19626859184682,-0.1945717510975441,2116.226569248998,2036.0257756707115,6171.306749517154,0.0,0.0,311.3617084867403,0.3969512294225922,591.1791358518776,603.8753011194079,592.2511388615216,617.2225549018481,586.3526310861782,639.3262278503555,612.3393278505118,620.3292558786443,591.7195842001357,609.129663015888,107.58192890078494
2549,1052.1022468142173,2040.1451831702584,0.5771555219676603,-0.35351838589774814,-0.016148821073178127,49,0.0,0.4951392235373469,73.89310559692245,-4.671509798933908,1052.1022468142173,2040.1451831702584,7755.50006099424,0.0,0.0,311.80509984518966,0.3986672532680387,677.3011852198706,763.0356066477366,730.5507598137231,791.51778020135,767.8161623069175,784.210845046681,791.3639391199713,771.4334934065598,777.8221640028662,753.0555876239744,147.3925376045883
2550,2794.0462369010206,2040.2812180656115,0.6839732109813065,-0.43711824422869994,-0.1255265134693388,49,0.0,0.019532649857613986,2.06378052272019,-0.7866587735219776,2794.0462369010206,2040.2812180656115,1110.7946344729648,0.0,0.0,311.0792896869544,0.3987120854526742,94.23916779042395,116.78470056436885,115.31999501438212,137.60779499300838,105.46414192084912,97.67887996896516,109.43858150600434,107.63008408205374,102.68864588739673,100.91726070486186,23.025382040650463
2551,1148.4152917073502,2041.7373648982566,0.564088268421104,-0.588923888720744,0.022510477312860596,49,0.0,0.07695952458558476,11.131319930572582,-2.6163666629877276,1148.4152917073502,2041.7373648982566,2067.1392754049684,0.0,0.0,311.7649691843978,0.39933166772215406,186.00436478264942,227.74557123903452,201.33352389741992,193.27085661002266,238.51516127647045,185.60005440931639,206.02370697233948,185.23163850757436,207.22755155092392,194.65658891566022,41.53025724355685
2552,1654.0002946803493,2042.159585992025,0.8914620237626749,-0.6562291613762202,-0.4835746277675293,49,0.0,0.016501778346747424,1.5023335086090257,-0.4419158850500121,1654.0002946803493,2042.159585992025,1008.5468760007674,0.0,0.0,311.5543054138989,0.39950971925456175,93.99841202263232,89.26858669306563,93.55514294299905,102.95863439073283,107.61662934227715,105.98798145707411,96.76796347942266,125.60728848818383,80.81468101055908,97.93612341206934,14.035432761751423
2553,2325.1649969507976,2043.1843920798688,0.7719954314469639,0.021565912060366017,0.448620565366467,49,0.0,0.011705881960645436,1.0622487923708268,-0.06556561507348649,2325.1649969507976,2043.1843920798688,882.4876450398094,0.0,0.0,311.27465088440204,0.3999311941791243,73.11397913660855,68.93436053880083,94.47598051215157,82.32843680744742,84.15458863457037,87.2006827312182,97.13012807425844,81.03316355886986,95.24837431964202,92.46586473601391,26.402085990228308
2554,2086.009969845194,2043.8156578390585,0.895822956101896,-0.20195087453272967,0.4031328328044182,49,0.0,0.013104034685511537,1.007952920846379,-0.008600619226840175,2086.009969845194,2043.8156578390585,1111.2042884028658,0.0,0.0,311.37429876548015,0.40019727783855735,113.55087019606572,101.3372592246896,114.84304493763292,115.25903165557207,100.10561671356132,114.30432199990582,97.94477988267323,114.1768060992596,115.7618631995356,101.11310556983575,22.80758892413425
2555,2300.771625412812,2044.4347425057163,0.9822575752062072,-0.22629245623644828,0.1458410058701626,49,0.0,0.012905132981347912,1.007301422028384,-0.007898617634636361,2300.771625412812,2044.4347425057163,862.6528359036615,0.0,0.0,311.2848147012918,0.4004525289284604,73.72237841415767,85.48550203044178,107.580053115492,74.15734733339826,77.48769103510043,98.34650611914527,85.20487652239446,67.68472667128293,90.99747498670041,78.72401222435727,23.262267451191192
2556,2464.141944574197,2043.7566764964533,0.6802368615168395,-0.17070289688421367,-0.06580175873054034,49,0.0,0.042861117422854686,5.380474427904833,-1.827051429099488,2464.141944574197,2043.7566764964533,1272.5276532056814,0.0,0.0,311.2167446429693,0.4001673045703561,99.60264413060257,146.08315624125532,127.95444830070352,112.76830964202176,123.06841802408024,143.74296624547685,118.67497422446012,121.75361243285661,131.44935046463252,121.86433500566862,25.565438493923246
2557,430.74031667555596,2045.1755002535083,0.5795859037138216,-0.8246794711759763,0.04028638346837515,49,0.0,0.07592139637064457,10.142521321548598,-2.5153648233715646,430.74031667555596,2045.1755002535083,2178.1904082763654,0.0,0.0,312.06399511518697,0.4007518674561196,204.2210823200304,202.5261606392787,211.0788431763852,244.28070197390244,216.278965678458,196.3186342348634,224.81638983665778,241.20265903094258,200.24724948611015,199.56914569014305,37.650576209594156
2558,580.5687202533958,2044.7636508010007,0.6991280784940227,-0.34750231627138595,-0.09223871087736274,49,0.0,0.020897870885054706,2.3114427595333917,-0.9097078576446465,580.5687202533958,2044.7636508010007,1102.7371167554497,0.0,0.0,312.00156937177064,0.40058374644496003,118.70261312984212,120.81466249568483,94.91282691974324,108.06501939145956,103.43579848622454,114.75368916779884,97.39841858734577,102.28623883769241,125.35361629130588,95.76979786004966,21.244435588302903
2559,876.8470505991955,2045.5514956171717,0.40595043846574635,-0.20880153450692163,0.29878529246698177,49,0.0,0.009126174698223407,1.2456774749423307,-0.23851402839113223,876.8470505991955,2045.5514956171717,851.9728754493801,0.0,0.0,311.8781227105664,0.4009174788867249,89.41435868723093,81.28379672391453,88.77593473863917,89.1309207246366,72.73037520466363,102.42734003821137,81.21945624808801,67.63768765733846,70.16382813286528,82.54435848577992,26.644818808012285
2560,2270.135202395263,2045.330247819949,0.6726624085631357,-0.08690916042066957,0.034579067908996466,49,0.0,0.1672217371559473,22.372720497086988,-3.3742969925432806,2270.135202395263,2045.330247819949,2822.557165098072,0.0,0.0,311.2975797992029,0.4008260922223145,245.7434902848641,269.801908562495,261.8175525579278,270.0648569640157,274.6504556233324,290.48330000409373,296.77463634633347,289.6601651713128,250.0148712137792,293.3211649756422,80.22476339427581
2561,667.2302897070234,2046.1542145052497,0.5830458142935697,-0.5013057142296481,0.033602259199720354,49,0.0,0.054485938314154325,7.562971149033436,-2.1967311091684163,667.2302897070234,2046.1542145052497,1510.2915802060375,0.0,0.0,311.9654615276588,0.4011649214557139,156.9402522348969,143.57774403053622,135.64000842946237,145.3161026716762,166.2140417833458,148.96808020304013,126.48169425750966,164.14348758140488,142.08507689627325,145.08828978880095,35.83680232909123
2562,1022.0671561382898,2046.150214248821,0.7075001409143894,-0.6014230134281836,-0.19575617257784367,49,0.0,0.02383950217125217,2.6739154455892455,-1.0678691747657292,1022.0671561382898,2046.150214248821,1029.2336060896682,0.0,0.0,311.8176145347324,0.4011689447117466,82.38931446149147,107.8572533864878,109.03880996549194,110.03333265606173,94.05802644523189,99.64511138479226,103.36200067695202,101.43612560212344,118.4318950606373,91.33346180234932,11.648274648049117
2563,1161.053604042432,2045.8870776614717,0.6860527505061228,-0.5676833996496913,-0.003979515481657959,49,0.0,0.24773524218037934,32.57291301891984,-3.7821414989199447,1161.053604042432,2045.8870776614717,4016.8660386220886,0.0,0.0,311.75970319625736,0.40106080688356255,385.72133278314334,378.76398944037334,369.91076572529994,393.13578547840996,400.4967953630343,382.74331494258223,421.7919248124638,378.86089416183023,411.83397877776304,404.42343560844995,89.18382152873849
2564,1920.6338044087604,2047.2677191169657,0.9496328136611134,-0.6078198405642813,-0.3301999393959832,49,0.0,0.014400284790299641,1.2350222846561378,-0.2291869851144659,1920.6338044087604,2047.2677191169657,895.7791834822044,0.0,0.0,311.44320621166645,0.4016370276517904,74.80540601191902,81.49203224810842,97.05076422829475,98.37450697594022,85.02831947116371,79.99549599102349,78.99314328536235,102.3656445174809,99.77650069747364,84.11746693500079,13.779903120437186
2565,254.76340739075118,2047.760912037242,0.2815228208097598,-0.8141466544187105,-0.013779963121264968,49,0.0,0.008631295450580922,1.0497026268957756,-0.05266571008013947,254.76340739075118,2047.760912037242,1076.524082995691,16.386169685478425,934.703576707393,312.13731413326116,0.4018243689364023,117.6154518397365,137.16695789094211,129.9016710393276,113.86111005593972,92.69674562153136,96.39856671132597,90.24804729518075,93.61082451550682,97.2376057855754,80.96875602798437,26.818346212640588
2566,527.4802966766919,2048.8850831416235,0.6044999755069502,-0.8649702251357578,0.12340907615936406,49,0.0,0.03948447412637825,5.0328643828307555,-1.7545380697928752,527.4802966766919,2048.8850831416235,1845.6276873082227,0.0,0.0,312.02368874251886,0.40229976267262013,160.8407436776494,164.19247397093176,181.10785499055774,179.8804252083973,156.63422485458108,185.0093702547062,195.8187629894785,183.20941087626775,208.29136690451008,191.00742389461624,39.635629686526826
2567,690.4292734700311,2048.739942912425,0.8095799558145719,0.042865660556912884,-0.15793096876766627,49,0.0,0.03194564395237196,3.4676786227487337,-1.3500971028969133,690.4292734700311,2048.739942912425,1164.9107386221185,0.0,0.0,311.9557955593353,0.40224272692653235,102.1248438250093,104.32014396062158,103.23265862456051,127.73982383770058,109.75111873978591,128.51965825977135,115.47882077147784,116.20144075637285,120.2457085115266,118.49521685077133,18.801304484520692
2568,1684.0930902289467,2048.4899169227083,0.711564670390695,-0.4321384529429012,0.1081014428918626,49,0.0,0.06793100104470629,8.259698690281386,-2.292410511904191,1684.0930902289467,2048.4899169227083,1667.29510976205,0.0,0.0,311.5417665060799,0.4021472854713677,131.05509762731603,173.17908517841744,150.80694520541192,139.2451552032568,175.3329650957866,168.04641025287026,160.78500346475676,157.85017408178823,180.80177207974856,192.08559002397357,38.10691154872395
2569,2591.2359129932283,2048.687426886325,0.2825866748165173,-0.5532401673966538,-0.20168471652856326,49,0.0,0.01036549781508315,1.6570492522371534,-0.5483385427093683,2591.2359129932283,2048.687426886325,921.0052009196056,0.0,0.0,311.1637901619822,0.40221921526930027,85.83431794441711,81.52136669735489,71.99455856905429,98.66140426724488,85.11405155422622,103.92471915511257,100.37151249412115,93.43100627231941,95.83148698521586,89.46999154517631,14.850785435362894
2570,946.3774529097249,2049.524684378268,0.6451864040696389,-0.7346227654010986,-0.05749704695966624,49,0.0,0.045172082279609026,5.8359832564893885,-1.9152850930669443,946.3774529097249,2049.524684378268,1342.384511359753,0.0,0.0,311.84915190941547,0.4025739535307078,103.88878940981681,126.30596620085221,126.75803489967484,143.79811960680033,148.7049832130002,135.4660876631599,126.8344993608641,132.86244263286085,136.97560648416453,134.144866975367,26.64511491319216
2571,2527.8399106720294,2050.8906862071954,0.6093357008408273,-0.03854959898066381,0.002738635815907413,49,0.0,0.08919911215729572,12.639254481009734,-2.754303645243235,2527.8399106720294,2050.8906862071954,1879.031369696781,0.0,0.0,311.19020436495026,0.40313850253890154,182.45232744260517,172.7928718619925,187.7096702159523,224.25038910794513,170.54014061111434,169.5334646544544,203.31133810476484,165.69574187459347,175.83976072114342,197.4784530277141,29.42721207450107
2572,531.8468716857134,2051.9580095516085,0.7875986984412162,-0.6685667467969667,-0.03238706118771238,49,0.0,0.04136713652384881,4.441231034301639,-1.6187584147583889,531.8468716857134,2051.9580095516085,1862.419393978053,0.0,0.0,312.0218694488406,0.40358019578422005,161.46424886267303,174.3502156352228,190.35941509606442,184.0858215206693,150.8135799385702,196.0627578179936,200.36079909797718,181.01207780618955,203.17438370215308,179.26988613896893,41.466208361570914
2573,1168.320440648704,2051.858830643748,0.29820141112515913,-0.4155430265079373,0.23960894251817838,49,0.0,0.016882542161558628,2.4103764849214695,-0.9552122045222561,1168.320440648704,2051.858830643748,1958.9221936875506,0.0,0.0,311.7566753492008,0.4035490657209553,179.63952915342736,179.42314895576433,171.79498819232148,205.20472548140873,191.5228598678234,191.42495708160948,200.6013061532105,212.78254453449483,182.97519457793754,206.90163154432992,36.65130814522312
2574,1771.440958232901,2053.2825400130287,0.47252334902747606,-0.17706840516238312,0.09250208172460908,49,0.0,0.06269405718118086,9.750047519204895,-2.4725168308561316,1771.440958232901,2053.2825400130287,1858.9181517107231,0.0,0.0,311.50537088079943,0.40414395237206024,167.48012473187637,192.12461638049768,193.5883232196865,179.3335046189734,194.01668711934383,180.07198738912237,182.09131694630517,185.58533482484262,177.80804478221978,182.39956750395493,24.418644193900562
2575,744.3837569117144,2054.06094117953,0.49606304477691493,0.24600421402707476,0.10023921820782243,49,0.0,0.011021501569591759,1.235284257619096,-0.22941726708696622,744.3837569117144,2054.06094117953,929.8041149637086,0.0,0.0,311.9333150693539,0.4044607562705577,77.23245981420405,98.8251678366203,89.98155665727745,108.00687344387478,81.90833850291015,93.17742659397184,96.8082904788431,79.19959977895758,93.06398919419311,92.45619726388303,19.144215398973124
2576,2827.4445339961117,2054.633476565774,0.22391543181895246,0.4995172640157144,0.2877388162491409,49,0.0,0.01038822070413802,1.2013413090827367,-0.19916602723517346,2827.4445339961117,2054.633476565774,1438.4059392422487,0.0,0.0,311.0653743413393,0.40469103971741127,122.6292870058671,123.24496251259148,141.33178022238184,155.737907576457,154.4156446380284,142.0603703084841,140.32821889835486,132.5016686241388,150.30930665336535,152.74413619261293,23.102656609966814
2577,1537.2973629163703,2056.0277039530934,0.9496101697887342,-0.1248868642539539,-0.005561269806092042,49,0.0,0.016406039144552756,1.4360794886295067,-0.3929461981601151,1537.2973629163703,2056.0277039530934,947.8875694835285,0.0,0.0,311.6029325737733,0.4052880276664243,94.25889323394037,100.03902919228177,108.25879457489077,70.78859924398594,112.94795317829033,81.39056454277079,96.55517989460452,72.59112929816459,96.56680995676368,95.20537990329268,19.285236464543104
2578,1614.2720255613551,2055.741231730603,0.6470517093351161,-0.21768650975660622,-0.09495543128034388,49,0.0,0.02991241485137885,3.729254725075671,-1.4290551216618903,1614.2720255613551,2055.741231730603,1098.9343150546877,0.0,0.0,311.5708591731618,0.405168706326747,89.78279171046373,99.66113334266495,103.41493464500024,107.08587042244599,108.8798352262173,124.19533232417643,118.87720212557471,111.20865942291728,116.7021816358426,101.21210682534706,17.914267374037415
2579,224.68296139727423,2058.071348613408,0.8914828281699599,0.6880002564849729,-0.24369036787846152,49,0.0,0.015856693149568935,1.5747112643662877,-0.4930023353331859,224.68296139727423,2058.071348613408,679.84250575644,11.801422584035048,308.0996345910129,312.14984682865247,0.40611925290795775,16.124641063453126,134.04257311635513,46.05509075912594,42.37183066251545,36.16886178087935,43.724058485239716,53.01123971615152,94.8320569375816,169.94335022294092,37.75461930859219,5.814183703605133
2580,330.894362215566,2058.6422685958787,0.6971567345107349,-0.9294851102332089,-0.002338828306656131,49,0.0,0.03607719544506399,3.903699688492195,-1.4786910000434323,330.894362215566,2058.6422685958787,1447.7403219024095,0.0,269.9575249473823,312.1055953165008,0.40636014053177744,129.1861299649414,168.34430633416954,149.68561202774973,149.6823816092598,127.03531779230592,116.49072578831579,135.88365213910413,150.65211766753984,145.17032285367617,151.79757701835052,23.81217870699671
2581,1494.0924089225987,2058.945527700191,0.6563503076999513,-0.389983289238896,-0.05348991190350446,49,0.0,0.08118394280203621,10.646167855400286,-2.5679832732512926,1494.0924089225987,2058.945527700191,1859.8615655032543,0.0,0.0,311.62093498608675,0.4065036952366109,158.73236865896877,171.6298231982882,184.40111263219944,163.49845249802877,197.10291162846113,175.98508806748504,183.47423780062186,210.0545169874594,177.82641152438322,199.77552260280922,37.38111990454931
2582,1552.4946869443202,2059.2763913579715,0.6316154411860901,-0.6170669727524242,-0.12897941210482827,49,0.0,0.009920205179528706,1.0270396419531913,-0.0289680173409541,1552.4946869443202,2059.2763913579715,864.0883316504771,0.0,0.0,311.59660023457,0.40664165048764334,70.9441459275901,89.77040906934505,102.10821335458029,76.98666526491499,89.71433526055408,61.464597900684495,105.3345917257308,83.94920792650986,81.96500586941276,83.73196772237424,18.119191628780477
2583,1708.2806466844556,2058.8250676957646,0.46783762241451987,-0.46697647943640597,-0.1301432420971947,49,0.0,0.02135778537018515,3.0712860126037023,-1.2183006546795392,1708.2806466844556,2058.8250676957646,1106.4122568714765,0.0,0.0,311.53168815500516,0.40645350098004007,101.11493985411815,120.05255938153539,126.73093940995328,93.44036773644042,113.53855539316464,99.56206106612677,106.01782970800785,96.91742382884422,115.75071761443228,111.62473427805477,21.662128600798724
2584,2859.917091150527,2059.036130766524,0.4404335023810007,0.14823128974332883,0.2058262303759509,49,0.0,0.06903634164550126,9.908868492038488,-2.490060161510837,2859.917091150527,2059.036130766524,2451.232313711202,0.0,0.0,311.05184488816974,0.4065245179137563,240.46439774663523,238.85039927668203,246.09714277198822,265.0328128764804,248.0174931167317,222.76809112872036,225.4403211384013,238.87013011302543,230.33183790550507,250.38084827209673,44.978839364935794
2585,2829.0247414523774,2060.978960272826,0.35880690447008795,0.17782074973038867,0.17385763047223945,49,0.0,0.0238410712414228,3.7155521325570398,-1.4250583980716418,2829.0247414523774,2060.978960272826,1475.2571032080964,0.0,0.0,311.06471587238184,0.4073348149928388,119.76456398703252,122.85639389823928,146.36147943193907,147.4033910545828,152.08010666781934,153.0658942139533,161.26274324557488,143.91869406978748,144.62574775718474,161.54604875597101,22.37204012601196
2586,1181.7315000737901,2062.245770642249,0.49922298015141864,-0.49594516216693096,-0.11958317314805211,49,0.0,0.013801798771335949,1.8924502135458519,-0.6925611573302464,1181.7315000737901,2062.245770642249,931.0933327682396,0.0,0.0,311.7510874023449,0.40787701138551896,97.37657037603688,86.18541748723618,82.48994831757204,101.07469039135633,91.55377650318886,92.15043655568266,95.63688731034532,81.27519084935145,94.4805764353502,90.41289780411549,18.45694073800426
2587,1669.4227878712866,2061.789482388968,0.3716090787685922,-0.8127039154472784,-0.11118238073238763,49,0.0,0.008831353403795246,1.0745626298090636,-0.07807933246257702,1669.4227878712866,2061.789482388968,895.2470442727566,0.0,0.0,311.54787923785835,0.40768873360035035,84.80893964500467,67.6580241437205,93.33044138102761,93.74705044664232,76.22947166053704,84.68001869121265,80.92834811934532,98.04978290284163,94.9179919950522,97.95987348528071,22.937101802092002
2588,2495.0244584742422,2061.889524614063,0.47044559571696365,-0.24595645654487247,-0.05177852362778111,49,0.0,0.041606708637024564,6.469271113646396,-2.0271383797423086,2495.0244584742422,2061.889524614063,1443.9489897173394,0.0,0.0,311.20387702294477,0.4077218418261569,137.41135481639054,130.04090525741057,150.90884294015007,130.79993018330364,156.99662172930954,141.08219304180102,137.0433089791232,131.3774561489303,149.9415083634738,156.62761154565692,21.719256711789612
2589,2971.1622627513298,2062.1194520101403,0.7173058184465245,0.42814209107661444,0.4171911445894288,49,0.0,0.0440432647210709,4.420451168620279,-1.6136664935325995,2971.1622627513298,2062.1194520101403,1757.5952668490095,0.0,1635.380823844467,311.0054960175878,0.40780601205065714,157.07894607100306,161.91656030423064,159.82503822326169,178.95794836095672,176.4315030532071,179.68311177746477,183.02757299455982,182.0185525720383,179.23354994558102,178.5395231310838,20.882960415622545
2590,736.2575169560506,2063.0113516786537,0.39729289940510054,-0.7016894977539955,-0.06702888727839756,49,0.0,0.009968551081738188,1.1514087151733923,-0.15307378091787788,736.2575169560506,2063.0113516786537,915.0955715569677,0.0,0.0,311.93670102427467,0.408189829437481,80.81607444213509,93.73201279203484,97.31737667968818,89.01352861435095,89.12574928539433,74.61938695209882,90.23928849308587,94.38113548681957,103.10214689478897,78.15025212821726,24.598619788353876
2591,2892.0529502254494,2063.2646093260523,0.4279891835327318,0.46348728964723795,0.12626470860836528,49,0.0,0.13136876364435685,18.53473148508707,-3.169965746835228,2892.0529502254494,2063.2646093260523,4166.849919595065,0.0,0.0,311.038455774082,0.4082854053529673,344.9615583188522,378.29322640584064,414.666704160517,399.930435810412,434.25950649556876,404.7621167902421,435.02103469844167,414.4398713460878,433.02738068967074,403.4553546567946,104.03273022263788
2592,987.4825416835967,2067.7799309275697,0.3387386772770167,-0.5688713026837845,0.14567961399548035,49,0.0,0.011315622577395058,1.4083175636592455,-0.3717514889226098,987.4825416835967,2067.7799309275697,999.1868920875695,0.0,0.0,311.8320249488793,0.4101807006818445,80.58295075127562,102.75086318558235,113.01401028731935,96.73871973337873,85.29297962087942,102.76943752786872,99.76946167383232,87.51374469961627,107.43596388360393,107.95421415964624,15.364546564566549
2593,950.9140469340863,2067.6558414840865,0.8715615148461942,-0.21117556526017128,0.11715452044247072,49,0.0,0.028679453050201444,2.676123635940743,-1.0687654345168176,950.9140469340863,2067.6558414840865,1125.7603339648997,0.0,0.0,311.84726180202125,0.4101284971436728,84.2946966503165,119.72610654745657,128.29229182159838,100.92937027863971,110.56736585171333,109.66269697966102,106.58220726094103,128.7674363403239,112.30017579848584,106.64722652209394,17.990759913669372
2594,2250.5017213025258,2067.900244070285,0.5406445334934205,-0.46989307463039165,-0.4470527474370013,49,0.0,0.009709673160956906,1.154603631977771,-0.15608229825691913,2250.5017213025258,2067.900244070285,849.961767886882,0.0,0.0,311.30576021815244,0.41023032338138476,81.12560643677939,83.1548255629774,94.35012088989345,93.37345128225076,67.81934953872653,88.04528436108097,77.8458773815466,90.53734160877431,84.38850096829374,79.21967243471538,10.10173742184341
2595,2690.7433967585025,2067.5652223513416,0.6358914387345935,0.1215180976061792,0.34764201682447116,49,0.0,0.016666181448939228,2.0004537067375465,-0.7528212641425027,2690.7433967585025,2067.5652223513416,974.431301988746,0.0,0.0,311.12233005005163,0.41008242680450513,80.13641235019222,87.15660683703899,76.19542272328289,104.32031140783722,98.11967132947422,94.43448090709938,111.69665170811595,97.35851761817781,96.54503663827572,110.05747869291244,18.41071177633903
2596,1527.950352393928,2070.564231050342,0.44272507560244706,-0.671792404346399,0.006255106767711401,49,0.0,0.015396608682313436,2.212025517885617,-0.8619753316867496,1527.950352393928,2070.564231050342,972.8468926881678,0.0,0.0,311.6068272486263,0.41134483090489526,86.99909277784818,93.80083514772471,112.19292281868138,72.90189950780037,98.1381057444339,106.71529910211243,96.96717851345531,115.08884617343139,81.2548698970125,87.72303499907464,21.064808006592955
2597,1825.75965398127,2069.73985258133,0.4564667173165224,-0.19769612619573854,-0.15797819809588445,49,0.0,0.028914027820430028,4.695760624130468,-1.6792648744165222,1825.75965398127,2069.73985258133,1202.5432628013414,0.0,0.0,311.48273765557326,0.4110008496738229,126.68263446630534,112.41994752127496,127.45428559492147,121.10877912945827,122.59347666606826,119.49111925221655,101.89748602605931,98.47987146968637,112.79884518382886,139.92131048601186,19.695507005509896
2598,2005.5396612672291,2069.497811032083,0.5652377756328194,-0.0014558404925714581,-0.0016887241315182368,49,0.0,0.3886303136098052,56.067450761542695,-4.371777025819466,2005.5396612672291,2069.497811032083,7071.4424820875465,0.0,0.0,311.407828233306,0.4108987691450286,649.4909110750357,730.2445784063152,689.8054625107188,708.7450015457466,657.0617964190451,666.800807452058,692.3390755068135,732.0125422629403,678.6359611342288,729.5809000902576,136.7254456843882
2599,3023.902962047177,2070.389121616606,0.7638042953129913,-0.14342864330233235,-0.13987098533356643,49,0.0,0.013397281613504617,1.4020624486060134,-0.3669183944207355,3023.902962047177,2070.389121616606,889.7403159319658,0.0,583.2164286306763,310.9835224275725,0.4112498947125153,131.04584792682527,82.79167529528968,82.60521259564972,89.19777879418484,71.90883474778917,70.36297849581598,86.92223052883767,101.34295782478364,90.69868523388692,67.03311763652673,15.830996852376183
2600,842.736070127467,2070.8656314049913,0.5561118331236043,0.42097340659127586,-0.4339224887407416,49,0.0,0.05773052026965237,5.108914041286154,-1.7708214890852103,842.736070127467,2070.8656314049913,4449.522055400312,0.0,0.0,311.89233569874625,0.4114642227400378,386.5428316824138,421.5761816933162,441.15499082872225,450.4201302861047,424.91433436165994,435.2388746719231,453.13110644318465,417.34715396487934,485.23023848250153,445.2631090860155,88.70310389959042
2601,1046.1985685588256,2071.150653547624,0.3584461950912485,-0.22625118736547659,-0.22861689698825377,49,0.0,0.01988205741015979,3.174998813693494,-1.2543589183956039,1046.1985685588256,2071.150653547624,1168.9328271229915,0.0,0.0,311.807559914417,0.41158588408816205,123.39388557055656,122.14537415865628,103.18119659087347,132.40208479419678,105.52043116620388,124.7175626377059,103.10511170289072,112.4981107960212,119.2460509430289,103.654738099572,19.068280663285698
2602,811.6699616556292,2071.681408582387,0.5670964329851789,-0.4571845709676391,-0.016371805851040262,49,0.0,5.029058644930251,740.3900814114584,-7.173651480303716,811.6699616556292,2071.681408582387,79691.85139804144,0.0,0.0,311.90527976659354,0.4118035975806511,7140.114064934953,7655.108450978893,7747.0587865619855,7993.341523829428,8006.6088087884655,7954.830474000839,8042.940149452732,7844.471887943325,7927.251091847735,7863.440359280701,1516.6858004223413
2603,844.9105917312049,2071.3249348933787,0.7836128426102537,-0.008850329696675261,-0.6255848875730488,49,0.0,0.049533854717869474,3.363701487268772,-1.317043618093849,844.9105917312049,2071.3249348933787,4356.014773150002,0.0,0.0,311.89142966140463,0.4116556298668869,379.6869802592823,408.37879220062393,434.77066212527416,444.1189879438068,414.24923766285997,426.7073734398683,441.46526472892515,405.54819110550864,477.2631081396738,447.94737486235215,75.87880068182687
2604,1271.5510346622866,2072.447425719331,0.6985131148955958,-0.8403349136278977,-0.05463633731608829,49,0.0,0.01605808901411859,1.6648888570533336,-0.5534631165584858,1271.5510346622866,2072.447425719331,1005.7119253434598,0.0,0.0,311.71366217516425,0.4121283641786728,81.65393429632596,105.05997123762893,103.97735623837349,99.12153624234179,105.66018536785126,104.8621959164625,101.87010049655004,100.90677582730464,92.48995030328057,92.57650118751579,17.533418229824772
2605,1569.4811448824248,2071.73976869597,0.33232452326963197,-0.2517351143830088,-0.22908287622253035,49,0.0,0.009999350832607995,1.4420803873103645,-0.39747367591037674,1569.4811448824248,2071.73976869597,938.9400426221146,0.0,0.0,311.5895224098952,0.4118346792920973,97.2370532647355,98.22075972733809,82.27923291437236,81.1193160609281,93.38702274153235,90.76807586950747,91.21168675785472,105.06108220963651,93.82805165283526,87.4485720152364,18.379189408137837
2606,523.5320322930213,2074.1481966603196,0.4326876496627477,-0.6103550073692887,0.2991103473413348,49,0.0,0.013143764241183563,1.5387354469108683,-0.4679098961949911,523.5320322930213,2074.1481966603196,1095.281768119547,0.0,0.0,312.0253340939973,0.41282552851616566,80.1344034865176,104.32560982404172,105.75949624528586,122.1663304755719,104.1378602800855,113.79562091574957,111.17742535764637,107.15246327683661,122.88928352205585,97.745128548402,25.998146187354045
2607,1027.5916456965786,2073.6819267889655,0.6649024382023444,-0.37769098396478135,-0.026146124302744378,49,0.0,0.051937169426570604,6.660751001326235,-2.0588079968537274,1027.5916456965786,2073.6819267889655,1400.5443119274066,0.0,0.0,311.8153128398439,0.4126403314329789,129.11555197304008,149.71051614332163,150.25015544980153,154.34952953334732,135.98482990839054,127.60181174793799,133.2247147575162,134.522176694201,120.96421481686173,131.4456181958101,33.37519270717851
2608,976.5873239661383,2075.439162264423,0.4862813732790491,-0.4942891865911662,0.05691552978063134,49,0.0,0.0154446106288742,2.035995184815647,-0.7719418663689901,976.5873239661383,2075.439162264423,1012.3213893840525,0.0,0.0,311.83656467567596,0.41337183059749044,98.17839838508903,103.44358684871263,108.71876187858007,99.5017458877819,89.46198134169356,88.42934672565949,96.11043613846817,119.66651840038989,93.42729967785542,99.54619106391186,15.837123035910551
2609,367.60175014673825,2077.4187885058755,0.6619123167357583,-0.23682361114959713,-0.05206831813481973,49,0.0,0.014805261143579837,1.3541767767108,-0.32918840411276523,367.60175014673825,2077.4187885058755,1242.5495870570962,0.0,0.0,312.09030180194696,0.4141842725936177,112.12430777785856,117.57386774735247,136.48244590060912,130.47590636489144,100.53570554797633,123.07033047112758,130.70238187139137,139.68441216177652,128.77058231734148,101.49661268447582,21.633034212295488
2610,2078.094120132396,2077.5553520896315,0.2511345101595001,-0.1564276968925309,0.15859362122649004,49,0.0,0.007583958319266331,1.0379236669537686,-0.04041353734621219,2078.094120132396,2077.5553520896315,964.62927493251,37.07249498952511,0.0,311.3775968754232,0.41425532215021166,76.29973361404393,94.57259856359283,80.84699352614462,101.56883844978005,97.0314241736119,109.94194187780553,102.87778074840594,77.58988128901707,91.46063500571182,101.23999810295457,31.199449581441776
2611,2375.511077174702,2077.0251481155465,0.5194668961664269,0.2492498681650646,-0.10544129825826173,49,0.0,0.010404616128107648,1.138382362410545,-0.14072039590755478,2375.511077174702,2077.0251481155465,977.4418852865638,0.0,0.0,311.25367327375756,0.4140303292329064,92.27632834776196,91.94630808787144,109.35600262840902,93.55580640709736,84.80691975619767,95.36036366176799,100.37776661671026,94.21526697910734,97.62206217029623,92.70263806341535,25.222422567929094
2612,2030.8413937559883,2078.1450482589917,0.8500613933790517,-0.5588478955808052,0.08658656870510983,49,0.0,0.011996051525150408,1.016894312241989,-0.01818954554372687,2030.8413937559883,2078.1450482589917,943.0077002937228,0.0,0.0,311.3972856898733,0.4145014946716697,95.54009345915621,91.16328464512182,110.41028161637067,85.61177083661543,77.22022897469117,95.59956120061631,91.41325054376298,88.79979511582475,108.22607840762954,83.67874738938002,15.344608104554046
2613,2853.900232246545,2078.633284536794,0.5477300287132896,0.25633201455979,0.2635285095196185,49,0.0,0.10427921346016768,13.458509529705664,-2.8224924159037883,2853.900232246545,2078.633284536794,3007.513760524763,0.0,0.0,311.05435147269117,0.41468972725626013,261.24239134334675,319.9556553070971,271.86423531467227,299.36316450247733,314.6842911646353,292.2432619834775,298.83374254049767,290.6394551240252,289.08899977758335,314.06705101194564,55.53151245500487
2614,947.6619428044996,2082.1882246022524,0.6334747575117412,-0.2854429886527243,-0.0757188247260987,49,0.0,0.01725537276245505,1.820035938942063,-0.6501999094271398,947.6619428044996,2082.1882246022524,994.8256532556563,0.0,0.0,311.8486169500327,0.4161834705249353,93.80610575895265,79.06189118955373,93.29749424482458,125.98617890509308,108.45036731337207,94.83150127300148,93.10467487201446,107.05857477354931,86.17491771821702,96.05423050825839,16.99971669881948
2615,362.99203359970994,2082.9331896257495,0.2678023416009161,-0.6689305268818834,-0.08428203775520084,49,0.0,0.009511097962671588,1.5254886433977872,-0.45852244714037327,362.99203359970994,2082.9331896257495,1199.26241658326,0.0,1.0,312.09222247860123,0.4164816940214481,108.61914757599828,117.64009957708475,122.98455853141716,133.80712313577598,107.5050825258084,110.85774117016308,129.23811126307334,123.4403152921862,132.42835108161074,93.75057316579945,18.991313264342406
2616,753.555250227358,2083.7818264623475,0.4905359748070781,-0.5072812917335032,0.05386397210301264,49,0.0,0.04115953381283499,6.406254786671232,-2.0165105180880603,753.555250227358,2083.7818264623475,1437.2380749841263,0.0,0.0,311.92949397277687,0.41684424689331495,131.36673728554513,138.01467015006642,145.05970975729667,143.5425307104682,148.2708988649303,156.00019880739737,137.85692655731523,128.19233708359445,126.44708938375393,155.0104167088438,27.476559674914668
2617,1440.8350915877968,2084.6628738063064,0.5322456049943532,-0.4570910996442306,0.37896291882988625,49,0.0,0.01088304807218809,1.0924478002690519,-0.09600173631046596,1440.8350915877968,2084.6628738063064,1030.1545155925596,0.0,0.0,311.6431259959074,0.4172189706664045,98.67675990978637,112.96432042016659,111.46457019101318,86.3851977123372,113.45860695098457,90.01746519045827,95.69834084771915,95.90728199831699,120.83279524269733,81.18737399122571,23.561803137854227
2618,2588.3760076731282,2084.4625583407237,0.6658772449514021,-0.22274435575185253,0.057885402496166416,49,0.0,0.04422330314709457,5.52530123725102,-1.855889901417538,2588.3760076731282,2084.4625583407237,1320.1884491010267,0.0,0.0,311.1649813478121,0.41712502425979414,107.93561663893061,126.29344541567878,127.54220445104673,128.8303821584597,154.36328878245695,128.30979204824507,130.40461814025872,123.50797848962002,122.5130933458034,149.19966533098113,21.288364299545712
2619,3006.3948492721674,2084.838886558965,0.4481082108312178,0.5024652197158045,0.03408867440001323,49,0.0,0.13660158206918233,16.12508782507928,-3.0187552217323614,3006.3948492721674,2084.838886558965,7518.962225978128,0.0,5895.6462042244875,310.9908166163729,0.4172707815995661,814.671519320144,792.0051888134115,741.5339928220573,681.0853859520699,756.9577227735001,673.5978305377575,734.3162753273242,740.1843426414462,650.6950919745127,783.0999004255748,150.81497539032924
2620,1844.016198888166,2085.552111977432,0.8150334418262879,-0.38375131376896704,0.27789106341531167,49,0.0,0.01441511230528684,1.3178882527645492,-0.2996964670994335,1844.016198888166,2085.552111977432,943.3716208906017,0.0,0.0,311.4751305886667,0.4175891084154531,79.73307400301715,94.05095937668173,107.19991314999125,101.23501736328652,96.05410795188438,129.13764627267517,87.55892243971323,93.37326455702484,65.38710857611126,73.3200822681859,16.321524932030236
2621,2326.008177069869,2086.575841829956,0.8142098213651242,-0.08248405146230194,0.21100006175954122,49,0.0,0.015847859049565125,1.5770740522402575,-0.494630215763997,2326.008177069869,2086.575841829956,920.2634734794863,0.0,0.0,311.27429920362516,0.41801049400803114,82.17706160064687,80.85785731243436,86.61514451993226,101.31251412696844,91.23335495653677,81.15335033269633,92.67938954275422,94.92341332724337,80.08954472392233,106.83528135995357,22.386561676397665
2622,1694.7185294812114,2087.13359136934,0.9702268219280263,-0.4578802156825436,-0.1949749000896155,49,0.0,0.033226348106521836,3.2721027017408413,-1.287067316119352,1694.7185294812114,2087.13359136934,988.0860901390316,0.0,0.0,311.537339114526,0.4182486065596166,87.84865091033268,84.52755040256514,98.12099402141601,90.48770226105874,116.76053726383208,98.89755096690506,113.40822670012656,86.74229317807146,83.2193544777191,104.47701501025088,23.596214946753886
2623,2295.7834185902107,2086.889225623181,0.362481384362812,-0.37912401834943726,-0.0994410871924883,49,0.0,0.02756957827644557,4.984657762823195,-1.7440883645832495,2295.7834185902107,2086.889225623181,1192.0985474484028,0.0,0.0,311.28689277082856,0.4181415419369903,112.94693786377636,107.17238959024345,133.91497391171907,140.67195333105502,104.49714504398568,113.21980196151722,116.88706861528837,114.92666511421965,120.32612793294433,109.72334820854793,17.812135875105618
2624,1320.5216801671106,2087.619410388039,0.47855830545396094,-0.2664226633801187,0.00010794853833858483,49,0.0,0.09989285131967365,15.576543958222715,-2.9811777626142915,1320.5216801671106,2087.619410388039,2461.231177282834,0.0,0.0,311.69325748050545,0.4184502594358369,242.3066200248029,242.07535258000362,227.29770147688254,239.89603407364655,233.02443975035192,223.61542215350482,251.35871380521826,237.57270810366776,261.35279512689874,256.9508244070618,45.78056578079504
2625,3013.899839351101,2086.770778252093,0.7134947899417077,0.2816964568273315,-0.1052710454017176,49,0.0,0.017594822957860745,1.8016617748962749,-0.6391831609984887,3013.899839351101,2086.770778252093,3998.00658118314,0.0,3182.254120995541,310.98768977112263,0.41807545049325867,406.7183388019547,319.26308635721125,358.03293919008337,302.16752040671224,409.11790332080955,419.86043446437975,389.6315438746948,448.31409410240735,374.262175120567,437.4584730950967,133.1800724492227
2626,1046.2347797496707,2089.23827453714,0.5435764953087419,-0.5030606562395776,0.0036991730773807347,49,0.0,0.009402693936629652,1.0916053442808415,-0.09516413305437078,1046.2347797496707,2089.23827453714,952.634853634252,0.0,0.0,311.8075449406158,0.4191222403278199,73.92906051048833,103.5304132463052,84.36436195733872,89.51008899507518,78.6015147748202,94.9831408399105,109.65548209589815,110.66828018768689,100.58373568945544,86.9095616030018,19.89921373427157
2627,1858.3837706344507,2090.3927353198064,0.4082531787240207,-0.2484752734758851,-0.046557961309864254,49,0.0,0.011175392517880502,1.4300610200985653,-0.38838642255548206,1858.3837706344507,2090.3927353198064,1034.709343099491,0.0,0.0,311.4691439843584,0.419605926368438,91.66624081985725,88.17840392786135,103.01891711831283,92.0334334962908,105.23164211795907,106.13520916346727,109.83760859006749,100.67833005390955,105.81766029795698,113.67157191402032,18.440325599788096
2628,2489.6181518023914,2089.726261816706,0.5871801890614484,-0.17395303798736206,-0.17917863390913533,49,0.0,0.024918369850663074,3.2235272078728032,-1.2708283504589823,2489.6181518023914,2089.726261816706,1097.7331733137305,0.0,0.0,311.2061293182812,0.4193202052305872,101.80551276153945,102.21419186845112,111.01868756454729,110.03163605208462,112.02645180965408,116.23894218889325,99.2733812555984,113.65519829211372,94.1650687537821,114.08566486018738,23.218437906879135
2629,483.2124934568645,2092.200785447192,0.2930912664573335,-0.726654304437811,0.234737126689692,49,0.0,0.009284150775504285,1.260624393038757,-0.25146426613556816,483.2124934568645,2092.200785447192,1038.1816660522056,0.0,0.0,312.04213339860274,0.4203461338441029,93.43081612637346,116.93583275464601,93.06488295099277,91.67845076574467,112.75845202119993,88.64663202304557,103.16026498473508,102.37987736401166,115.2806938902288,103.77368760743663,17.07207556379099
2630,2376.176065616273,2091.5650304265446,0.2904624633331651,-0.2166219046526125,0.20641087123174767,49,0.0,0.008479357628980702,1.2242723991422217,-0.21969514640784504,2376.176065616273,2091.5650304265446,890.5730800617655,0.0,0.0,311.2533960699515,0.42008843086383646,82.64557331261727,95.36879253610371,77.55375800135923,79.78624556463649,88.60729989054009,87.56696026444286,83.93594023261176,85.37341393744451,109.78921025321344,80.4892883597652,19.45659770903088
2631,817.7166069453377,2092.2895147795693,0.770535002539787,-0.7457439125993119,0.2677939286383463,49,0.0,0.029067998221199657,2.7586691269510806,-1.1017490364857163,817.7166069453377,2092.2895147795693,1681.289366389473,0.0,0.0,311.90276054688354,0.4203901675618566,130.3006870472136,167.0982621259763,176.19400004553512,166.55821625691942,180.41259577134946,163.53112207469385,161.20025707768804,175.85355352436255,163.70544285752192,165.93221480406703,30.503014804145522
2632,2357.9406771864424,2091.520963092844,0.29365309665094064,0.9644441598152753,0.13759869958543838,49,0.0,0.009430540016684077,1.333001314842606,-0.3120764444810223,2357.9406771864424,2091.520963092844,952.4592388060694,0.0,0.0,311.26099406849625,0.42007038053074996,89.58865544406692,80.76688755148491,78.96036872602616,108.06745237183617,106.89017202325788,91.14356134680692,96.19381122342236,80.95637044974706,100.08057284818774,98.70040123402632,21.11098558720696
2633,1734.674599575095,2093.28533456134,0.47988830102728747,0.17419141632268245,0.08033119482827306,49,0.0,0.013199701747219272,1.6979017883028915,-0.5747814143698475,1734.674599575095,2093.28533456134,1090.6831875940256,0.0,0.0,311.52069041484884,0.4208116982346516,99.44867658904664,107.78157639326275,106.2047928998809,115.94889370134307,93.09429493457472,114.98850510151071,103.79133868853168,120.77957684056109,98.91855340915716,112.3920345540924,17.33494448206472
2634,1914.7871435498905,2092.7849349515527,0.6231336200496362,-0.506111859516934,-0.10201919857823548,49,0.0,0.013938874370643667,1.6480989067903045,-0.542458178269724,1914.7871435498905,2092.7849349515527,963.966552534563,0.0,0.0,311.44564219136043,0.4206023028233621,96.48990543051922,97.54563120178082,79.5223503299527,90.01881162600637,100.41246622587377,98.6048413230452,100.71193411748536,91.88796856717627,105.6144445793017,83.05124260335998,20.10695653006156
2635,388.2499519730479,2094.807694834709,0.5118944288255697,-0.06782325670690727,0.17314525065924402,49,0.0,0.010700688143494614,1.15649606938125,-0.15786040264784396,388.2499519730479,2094.807694834709,1013.5434327010759,0.0,0.0,312.08169913173566,0.4214298312469272,86.54254068694988,119.0209936529867,90.96015464856126,96.65417802117526,110.17036764123034,101.35093318721141,87.44468176271529,109.07289692797077,100.69302847578456,93.5673921043408,18.066265592149605
2636,1062.49775716553,2093.7410563715457,0.5170653084768889,-0.5767480362935189,-0.1088263691393319,49,0.0,0.02815608233215602,3.909509072800113,-1.4803055633363145,1062.49775716553,2093.7410563715457,1236.470772388942,0.0,0.0,311.8007686960265,0.4209985580119554,124.96916420397056,117.93350767036492,113.17463163495337,132.75595739755818,110.63771632865564,147.42097895386382,99.65101813448477,124.21659317014769,132.82640052201117,108.13322696392383,24.75157740900797
2637,1169.2429650088068,2094.4083879238938,0.8110060537523136,-0.25848991456199916,0.007893151306667767,49,0.0,0.068642982260759,7.8939202883989745,-2.2432318416057804,1169.2429650088068,2094.4083879238938,1495.7603159396804,0.0,0.0,311.75629116949506,0.4212777596532283,143.8233937020794,141.73989529617717,142.71405676057898,164.15326938695074,154.52914753120245,147.77608462659973,151.27034699076265,150.39615267965019,122.06685554762528,142.33778386867252,34.953329549381166
2638,2480.7621120512026,2095.470610258115,0.39438748863453343,-0.4964542805280132,-0.06983077644669188,49,0.0,0.013423027871925335,1.7686972168107138,-0.6191337310544573,2480.7621120512026,2095.470610258115,1051.6857977618595,0.0,0.0,311.20981919995205,0.4217137777948159,91.90929012697568,108.65174666695967,101.24915535075664,112.24059278656021,102.16139741921249,111.27306870868924,88.77658959427117,98.53222134343696,117.0461136337176,98.51381542613318,21.331806705146626
2639,2532.7387485262966,2094.8459611316553,0.5252815267200914,-0.24471612298034232,-0.09789132013757722,49,0.0,0.015403616948807786,1.9515984533348056,-0.7259761631419409,2532.7387485262966,2094.8459611316553,957.8827918530683,0.0,0.0,311.18816276928806,0.4214524661906322,81.86717953117213,88.72437489693513,97.11717269385487,99.10883513416549,112.09084842998172,94.32486369393737,93.4762546809232,92.7184213019465,95.5208431666988,84.11277421345396,18.82122410999906
2640,2616.569829992924,2094.7260572476484,0.6421305411695499,-0.31620246599044405,-0.34953518065066863,49,0.0,0.012274934576153272,1.2712644027155242,-0.26058971568136535,2616.569829992924,2094.7260572476484,896.7285663211696,0.0,0.0,311.153234188187,0.4214006881572025,81.90535541486138,78.65959634948621,102.66082364004109,76.0266978871638,85.84623867690485,84.28482186333096,99.20172688477763,97.81835912928422,79.90889356891512,87.56655054471825,22.849502361686078
2641,2907.538580507594,2094.477743096596,0.3603843487131753,0.5129040001474525,-0.27850451379058894,49,0.0,0.011698483623805267,1.2125037594173775,-0.20920773456037403,2907.538580507594,2094.477743096596,1089.1199643154864,0.0,293.76777840511613,311.0320034119839,0.4212896984591632,97.25277352916143,112.87189940233971,104.01419836139331,110.90469039143093,98.87072088481389,109.90126351055427,120.86212844997232,109.96904889106219,105.00578555820452,104.75589467429164,14.711560662262219
2642,1501.2282309589898,2096.4193837041385,0.9788723345863242,-0.3468550559466998,0.017252155288345228,49,0.0,0.016313120561169524,1.2744575161385627,-0.2633134072532879,1501.2282309589898,2096.4193837041385,926.957850064771,0.0,0.0,311.61796171265485,0.42211762549186554,73.59143272291458,84.6382731140374,98.16151201318016,89.900006519119,95.50658874638025,114.54391220602926,85.90973726811865,92.55865154975794,81.97274051141156,94.80378720152879,15.371208212293421
2643,2109.413828518252,2096.3497397038605,0.6463715945628127,-0.1593468565506751,-0.10953975801781839,49,0.0,0.14911863650301527,20.452060274113332,-3.2768426599059834,2109.413828518252,2096.3497397038605,2694.199061661421,61.27031594187043,0.0,311.364546793336,0.422085826906652,258.541180347326,233.71595477953167,282.04798175757537,251.80097978473668,265.53897356057485,292.9218679165007,254.14201519881567,267.813119106311,258.67444869792774,260.05070803783957,68.95183247428196
2644,2745.694195672581,2095.595611516455,0.6118166351479808,0.19220265733313752,0.1761439611318527,49,0.0,0.04174245464171166,4.967846875759712,-1.7404205027253177,2745.694195672581,2095.595611516455,1409.7871450700945,0.0,0.0,311.09943457663576,0.4217598757077621,111.95643639893399,147.79689131112477,140.28347563880587,132.68211033827694,135.03807497619908,153.43476625713743,147.52310110553742,142.44290716251993,133.0051294940977,143.57704061677643,22.04721177068516
2645,978.4131426328903,2096.7308844723357,0.5050123377642693,-0.326716497552109,0.3265480648801125,49,0.0,0.01441729655360077,1.8685736397544286,-0.6787755447453863,978.4131426328903,2096.7308844723357,954.1550026878425,0.0,0.0,311.8358040691971,0.42224320496079487,83.64490042789072,96.4302347470232,119.0672371766192,89.80232727260297,86.76292588611682,103.29766462876393,88.19429317252914,95.43230260146328,93.6532375757655,77.73488956416038,20.134989634907367
2646,1598.6758511089236,2097.589810625193,0.6171194740298884,0.5597465892184826,-0.2670871822558948,49,0.0,0.010905936507734033,1.1460563389802132,-0.14801491909328132,1598.6758511089236,2097.589810625193,944.7910968225849,0.0,0.0,311.5773577069068,0.4226054069798366,82.33343334294287,91.24823190988889,104.72833472903008,72.604766036986,104.36754743834794,86.06312313959329,75.34801905656644,85.3491988774509,101.56348624072118,128.1575062412681,13.027449809789285
2647,1662.5951385220162,2098.1644182193572,0.5440639754377978,-0.14500946171406798,-0.24223118103409355,49,0.0,0.016392959763351013,2.0682959925406643,-0.7890317262003734,1662.5951385220162,2098.1644182193572,1018.5954777799839,0.0,0.0,311.550724121379,0.4228447806034173,89.24988588775855,95.67218099803091,96.1579925732177,103.157340609383,107.05776930277331,70.61252455068855,111.5691693521423,117.40709958822623,98.20966069748445,105.63021732123812,23.871636899040823
2648,2643.7133127870884,2097.653114658892,0.8506131674602201,0.05171033530882061,-0.10806195752689444,49,0.0,0.03469519026613359,3.566736418452583,-1.3806775404882967,2643.7133127870884,2097.653114658892,1136.5803916150119,0.0,0.0,311.1419247701664,0.42261962165806816,115.61922195949525,102.44152498263354,99.99964197287765,116.72797637961186,117.27844976113688,106.81129606678851,120.37348116420839,103.41398291237418,108.45840463021585,123.93788237739446,21.518529408275228
2649,2999.415132516039,2099.258693840521,0.20717406413331999,0.9802439940816926,-0.26603754329224055,49,0.0,0.008172326082562709,1.7079197163838127,-0.5811686302399466,2999.415132516039,2099.258693840521,1475.0336072185978,0.0,785.9132246813465,310.99372435844236,0.4232788629603824,463.9652319253034,103.62548574000023,173.04306025168643,117.70823581067263,80.08580894391457,85.22867169107519,89.85995318194183,141.22701861207338,119.90046311048542,73.10695668091816,27.282721270526608
2650,476.03519660983636,2101.771964136367,0.6339785460582393,-0.46726375425692174,-0.01782114165448074,49,0.0,0.015573977686674912,1.8428428345814285,-0.663720745827755,476.03519660983636,2101.771964136367,1051.905536127678,0.0,0.0,312.0451239242696,0.42433376082349034,88.1414998378257,121.98150653095496,109.48973612850206,97.90103898591379,99.90482125751213,108.0611564176657,105.91751846223082,108.69545450975339,106.18483152395454,81.1097959974917,24.51817647587315
2651,2351.4600189593853,2102.3205394238935,0.4480484920820569,-0.21356341582588326,-0.1966095728360007,49,0.0,0.01984057727523241,2.852288461670525,-1.1379836127117324,2351.4600189593853,2102.3205394238935,1095.491221831592,0.0,0.0,311.26369422446413,0.42457018683763675,92.06458019320735,96.57603036075761,108.48456763129279,112.41875420943792,113.6197401261174,115.496141800614,123.93626656114738,103.46253493609868,110.49759263239898,104.58648632809293,14.348527052426803
2652,1688.7160607776384,2103.047088770835,0.7034283870761026,-0.35549724481063577,-0.10129864203540237,49,0.0,0.056043329246928564,7.003529982495451,-2.113292480572327,1688.7160607776384,2103.047088770835,1594.4566581778206,0.0,0.0,311.5398401770295,0.42487915543869864,140.14578345194474,165.2115481565889,157.9596178010276,152.03861182588722,152.5334043368599,161.22371758418132,148.95611858909436,163.2722402322663,161.98327721810415,163.89955061050054,27.232788371365565
2653,582.1503979329316,2104.676793418096,0.6150346605566266,-0.7021285654006226,0.3202765924636059,49,0.0,0.015173064564617793,1.691221893310405,-0.5705014801389189,582.1503979329316,2104.676793418096,969.6118668722785,0.0,0.0,312.0009110582189,0.42554660821962914,113.61408778204188,88.35662717644024,88.34601033984526,92.60427687216097,99.72362843329839,102.1259473964879,90.40525812274034,110.74220970434646,93.95485978685511,79.30656289007321,10.432398367988736
2654,854.9065268063401,2103.3402402252996,0.22965948714916345,-0.11288545637496132,0.04313713154397565,49,0.0,0.019275990134150617,3.04499387157615,-1.2089660572470802,854.9065268063401,2103.3402402252996,1334.7908328660887,0.0,0.0,311.88726500149414,0.42499514041950764,122.24951461360342,113.02523044654062,123.68043528376225,136.931259981283,130.40190092453525,171.57213032456224,122.51762731957703,129.18271237786684,144.03187725522105,116.88435235532165,24.313791983815413
2655,2468.8702105392604,2104.672742191093,0.3863719047552017,-0.26609055654501634,-0.21807799778227888,49,0.0,0.022666109652241716,3.8090310373930665,-1.452036278668396,2468.8702105392604,2104.672742191093,1124.5948540400987,0.0,0.0,311.2147739696546,0.4255481042539702,119.06292479428953,108.83352389006976,90.04740502391459,114.10238593626883,92.94503644314136,111.56786675540488,113.14560599379219,103.1436180802634,125.36333384754019,120.9377036547682,25.445449620645654
2656,1734.5763355786787,2106.28111226898,0.5713663883012964,-0.4274124252597156,-0.03653227908535886,49,0.0,0.40864865584356364,59.033345915692145,-4.427743497589713,1734.5763355786787,2106.28111226898,7092.291259531975,0.0,0.0,311.5207313391258,0.42622653194249976,623.6280511541856,648.2945851851496,676.0976069636813,640.4713768820565,721.7081958340536,731.0718271226373,734.4748497380263,700.0051511828656,745.4511848993391,736.4393156230217,134.6491149469581
2657,1850.7262449695866,2108.482941977893,0.5709929618202102,-0.1481317634168684,0.270109503299662,49,0.0,0.011067801943472145,1.1071397872386732,-0.11050614567849873,1850.7262449695866,2108.482941977893,1088.949763579497,0.0,0.0,311.4723346228892,0.4271434439247595,84.72759984673996,107.74208718609236,95.82047734161037,112.2530820068967,104.78991231546749,111.61975139354723,112.64620237380993,115.2149662678657,113.83522629971772,107.88492910966262,22.41552943808683
2658,1033.5655541643791,2107.7422931400065,0.5517486322699336,-0.36740437471629966,-0.07517127908895285,49,0.0,1.0784817433014677,162.2213246313212,-5.525269858365034,1033.5655541643791,2107.7422931400065,17428.63047753072,0.0,0.0,311.8128239243173,0.4268319240017299,1573.0902050788409,1659.3223048707948,1673.5717320331319,1736.077319483797,1770.8244315184797,1725.225190275702,1761.667826776898,1785.3578547194716,1672.623477864313,1728.2600916962092,342.6100432130868
2659,1433.5501033559249,2107.485738818005,0.4841767560610955,-0.07904386467149391,0.052229905318518954,49,0.0,0.020582657535654855,2.9797379976842784,-1.1854451978061495,1433.5501033559249,2107.485738818005,1094.9897848051573,0.0,0.0,311.64616150847525,0.42672834096385454,92.84432264030764,118.82702403050351,117.87430667045855,98.84338932295867,97.21242067924246,108.39129887186506,102.41389847382763,98.76804741955453,116.09183514615549,122.47443574453771,21.24880580574601
2660,1843.4450665481434,2107.5219770717267,0.41937944479499795,0.044196365043362745,-0.19215659461223636,49,0.0,0.011357749335497444,1.2091284633250348,-0.20618111184867077,1843.4450665481434,2107.5219770717267,1142.2555663570831,0.0,0.0,311.4753685037428,0.4267430885171619,86.36525573756857,97.58311046086203,112.39663786426445,136.59293323934597,110.2353462062313,124.53897936934659,109.01980725635397,129.80189108641446,103.69577402165145,108.15264463943696,23.873186475607465
2661,2227.4610332126817,2108.4956392803574,0.6088040678217284,0.06202341570218935,-0.05201438500850419,49,0.0,0.11468084674516407,15.955562699086457,-3.0072803122669427,2227.4610332126817,2108.4956392803574,2440.0244673726884,0.0,0.0,311.31536019842696,0.427145001846939,198.5794716767444,230.98812910254202,226.65679743934163,282.54479945829394,248.8190962305435,244.75404226302368,239.94188347733143,255.51763983014894,227.56977905718117,224.5128170005455,60.14001183699238
2662,2648.609558322352,2107.7838591436603,0.37247556717385577,-0.24982405593579712,-0.17870076100551213,49,0.0,0.009218885065034398,1.14061912837872,-0.14285162625805709,2648.609558322352,2107.7838591436603,987.3751974408478,0.0,0.0,311.1398846226591,0.4268404718570645,103.97563255466346,86.23463444332106,111.35044848590377,89.05928447625632,91.21544541065252,84.71013538008336,103.91277013603869,101.05988584702041,105.58482459488152,92.68753430488658,17.58460180714006
2663,1157.2397351448792,2109.702862972206,0.8728700045890153,-0.18901896391750442,0.1085122696969522,49,0.0,0.012808181753158471,1.0933439643556213,-0.09689202958035444,1157.2397351448792,2109.702862972206,930.8033738430711,0.0,0.0,311.76129264488964,0.42765022276437087,77.66421978031048,110.02488125112714,89.03020391565926,80.18190822555654,93.13929056862109,73.7131610682892,84.7767609361876,102.63818762261394,104.13273568906897,93.16807192544013,22.33395286019671
2664,1523.5355122125611,2111.3009478130975,0.7153273387133094,-0.05609579243677599,-0.18767472720213446,49,0.0,0.011975908174292752,1.1410169866714612,-0.14323027485528195,1523.5355122125611,2111.3009478130975,886.2546535493751,0.0,0.0,311.6086668372153,0.4283182370232247,77.81119037654719,76.58826360627603,88.04328345228065,107.62349445268765,83.7004932819894,94.5320940810457,84.12744792481455,85.21818708401796,73.22313660461799,89.83686055475572,25.550202130342317
2665,842.4208904934096,2112.3495961409008,0.7129780310267142,-0.71246355220881,0.017528758544810657,49,0.0,0.027391721276416953,3.1154642842448004,-1.233806942143128,842.4208904934096,2112.3495961409008,1108.3000801584858,0.0,0.0,311.8924673806065,0.4287487195962828,104.63496972200244,97.06487900772652,94.19656829670046,124.40540279151216,120.2499747177801,99.04975077787631,103.00339466196195,121.44371983231261,102.93508967451972,121.28361178977936,20.032718886314154
2666,623.8619441288063,2113.083669345272,0.4552494865055432,-0.35106969369003554,0.0849575778675363,49,0.0,0.010036564576768256,1.1709012506275147,-0.17130067466650722,623.8619441288063,2113.083669345272,909.9665068443396,0.0,0.0,311.98353189296205,0.4290502732925844,78.37875469379038,92.4840261349044,95.5578024169946,96.80864112461262,89.06240240587564,97.6360008758762,83.15503887232803,87.62190665431329,81.62632034142881,88.88899338240641,18.746619941809076
2667,996.3760474991174,2112.4987976778625,0.6429485228217755,-0.4738248539054434,0.1492909516450336,49,0.0,0.0247485595009009,3.180234881150919,-1.2561479916440144,996.3760474991174,2112.4987976778625,1069.5377151146383,0.0,0.0,311.82831962834865,0.42881326301390416,94.15499824992223,109.09380580044615,91.99860580141743,107.49911414362111,123.64745964617607,80.77575483551871,104.05041750758505,128.61840623901116,104.52531065708904,106.49452367177501,18.679318562076375
2668,1110.9088668521006,2114.8751248265703,0.39891749663148457,-0.7658216721504603,0.09896575303501923,49,0.0,0.027230115792851634,3.112289708810417,-1.232700041714426,1110.9088668521006,2114.8751248265703,2069.1762518530554,0.0,0.0,311.78059738529186,0.42980479962677337,178.4188992735825,178.07661807611038,196.2875144361044,207.3086810893243,216.90346135615601,208.32993052782956,219.09258930077314,214.61853383348102,203.1197517402082,204.28036126500115,42.7399109544847
2669,1975.447147023675,2113.939517966132,0.5474677560734359,-0.27832323409550924,-0.09789588790333888,49,0.0,1.6883747107908937,254.72739005823007,-6.0151891145840475,1975.447147023675,2113.939517966132,27492.715408016287,0.0,0.0,311.42036673961377,0.4294160967668309,2461.256070446099,2673.842833578562,2730.281751771058,2724.69141575883,2780.208011799282,2759.032436151538,2669.8030604669293,2673.1157152542255,2758.764416175328,2720.1919509213467,541.5277456930794
2670,1254.6892764000304,2115.4610368581375,0.804187728624835,-0.4832254607009847,-0.07249259016134234,49,0.0,0.035095054985519306,3.7717480669567545,-1.4413566910854687,1254.6892764000304,2115.4610368581375,1138.2107954608196,0.0,0.0,311.7206881753634,0.4300502905570878,116.17300017651796,112.11498646997183,94.71824723754818,124.60759151913832,105.17930793460991,107.53516625740582,110.06643394124495,117.9931451442493,117.16507309179991,116.12003913611576,16.53780455221784
2671,2553.685477419818,2114.723825935509,0.6153877273379855,-0.039465347773013124,0.30622251635751463,49,0.0,0.013260429065345018,1.3768062852269105,-0.3471820997796105,2553.685477419818,2114.723825935509,905.4824363807088,0.0,0.0,311.17943498015137,0.4297341593800066,81.49079711510304,81.25154987543284,81.57219736412192,81.66552980744919,96.70567023869515,77.53571689773918,86.7445867974055,97.82909456774577,99.88967325752697,102.89132523087028,17.906295228618923
2672,1106.4502952909556,2117.351775665151,0.7166878522029797,-0.6083017481100333,-0.029050547552164626,49,0.0,0.016784127680230673,1.319125242890695,-0.3007150777858079,1106.4502952909556,2117.351775665151,1903.1210746824609,0.0,0.0,311.7824551528952,0.4308366664645864,166.806731797936,164.5160083487078,192.5562474950171,181.57796144475276,192.43621090562564,201.33083481517735,199.6041794455832,193.40816365599795,180.88255787296754,187.60755309742683,42.39462580326878
2673,1383.2815226039017,2119.067560627594,0.6384967165607558,0.04036915100951223,0.039818705245153234,49,0.0,0.01820693143455476,2.1248895652206374,-0.8183409095404304,1383.2815226039017,2119.067560627594,979.0747110362231,0.0,0.0,311.66710717659106,0.4315538090156401,86.89974133879369,106.39850583292548,95.2327856701213,109.09411250820702,85.00428332747872,98.2747985822077,94.26830329426855,99.95244328265002,107.62773719602826,81.21048749839626,15.111512505145956
2674,2686.025827151534,2119.474798243038,0.7062314856961515,0.2597625805379361,0.13085257255351826,49,0.0,0.03776186321115816,4.410201253785078,-1.6111460209564563,2686.025827151534,2119.474798243038,1283.909118273286,0.0,0.0,311.1242949779016,0.43171057588012757,104.9855112437741,136.3594874606288,99.31403965824416,121.22804890033098,127.88108329750489,126.9902270682199,141.3440702104084,145.92470646935288,118.86198058163531,136.2046175387682,24.81534584441836
2675,1862.2013042952317,2120.611230863135,0.38289875555979436,0.15164319848400085,0.32673941831965125,49,0.0,0.011084099679826497,1.479178192436698,-0.4250512384581384,1862.2013042952317,2120.611230863135,1029.2908344195325,0.0,0.0,311.46755322832354,0.43219675150357323,73.06169981016107,105.02456603047307,107.2102550783975,91.34537216460927,98.01016691049128,88.67955858305345,104.06372217393687,106.8177694664967,118.16111332690082,108.95530594385846,27.96130493115392
2676,774.7257118160268,2120.960417350027,0.8727438805691635,-0.6565342858467969,-0.1352453293084344,49,0.0,0.01900856047224294,1.7909844556034473,-0.6327295412907203,774.7257118160268,2120.960417350027,986.1883234249058,0.0,0.0,311.9206734443412,0.43233523099847476,75.43936570242995,89.98194125878877,92.728087097225,94.52568588977353,99.22019937220654,105.5493162710844,94.84385841895258,108.39139205839746,98.13521087181041,100.77987549594435,26.593390988292803
2677,1483.113667855025,2122.164521070758,0.5872141602068912,0.1092187800408532,0.2633660185665719,49,0.0,0.010864427132967513,1.1355554928609342,-0.1380209059543522,1483.113667855025,2122.164521070758,968.7077896811003,0.0,0.0,311.62550963278414,0.43284457145910626,103.05607149950384,101.57602746551758,70.75665897942596,91.03095393888626,97.0468942574405,94.90190100102086,88.47457469827604,103.53213939474394,91.59284299994682,109.56542624844916,17.174299197889276
2678,2490.187540536239,2121.5113287612776,0.5250389479739626,-0.2748783172356332,0.0348493223193259,49,0.0,0.0636273474136471,9.6078494549169,-2.4565654737548464,2490.187540536239,2121.5113287612776,1697.4390145991438,0.0,0.0,311.2058917557855,0.43256351595373677,149.48706060218365,195.82797260990748,154.14782189049316,181.26794161212143,176.11527343596404,186.09164123479263,156.15013161925447,183.41910232173365,155.04898426694865,135.10574022853518,24.777344777209144
2679,2918.6988196776138,2122.291791585155,0.555226548944466,0.2856244356375808,0.10738931893619327,49,0.0,0.04864266510653513,5.798343625038574,-1.9082598730269207,2918.6988196776138,2122.291791585155,2011.4269769738016,0.0,1207.6262565169902,311.027353222515,0.4328778683990178,177.68914987597088,223.44111722428622,207.272196583621,198.07623118717842,218.3764894387349,196.99202079014515,199.63310944488316,169.38252782475053,200.06428498934218,180.84414779393927,39.65570182094969
2680,2993.235475508684,2122.984082807694,0.5334935099566389,-0.023763496221603703,-0.24603295748126355,49,0.0,0.010954412998292454,1.5941433694408271,-0.5063184428338228,2993.235475508684,2122.984082807694,1157.723794972213,0.0,645.7323830264809,310.9962986270334,0.43316399144477674,109.49952261377734,67.63803581449193,123.01663243527972,149.1936734326736,70.34899635572076,101.05866680104174,96.50150272105938,221.60857607008313,84.50873284848059,112.03505647446553,22.314399405139397
2681,3019.453395530226,2122.931505633876,0.36898186264636196,-0.17829893759307452,-0.6278868184205374,49,0.0,0.007242319095738448,1.069851184065135,-0.07330842918002412,3019.453395530226,2122.931505633876,576.2939971492267,0.0,340.7036273231333,310.98537540296786,0.43314124151133243,29.404830165264578,39.610247276371695,78.17751563146797,31.66688093414711,43.21712593915765,30.57592509731965,64.34925966130157,51.672611713683935,75.25759765296752,56.955394140926444,75.40660893661855
2682,1593.0987455938352,2123.591547872384,0.4058006273499444,-0.2226613529057642,-0.016767048163539678,49,0.0,0.030284634832724155,4.886966315541356,-1.7225983639276365,1593.0987455938352,2123.591547872384,1281.968369560699,0.0,0.0,311.5796815510904,0.4334393144657136,94.90345130921048,129.44480456224466,144.50751940807692,133.548907061994,121.63352073962847,134.560596727972,126.2579509684731,135.58706022057692,115.70825080834922,117.7909683247171,28.025339429456253
2683,234.93497089197223,2124.34706608175,0.2968696466252144,0.6330760922836481,0.5336427086311756,49,0.0,0.004916893306299749,1.4941970876702986,-0.43601971398358297,234.93497089197223,2124.34706608175,322.741034535969,0.0,44.297832542383766,312.1455765300914,0.43373272324673984,31.94266537280673,29.844689441754998,51.2906849719277,3.1447038344743437,25.03434559660477,46.78999839338637,10.613654919691722,75.95772562361711,27.670625632731713,20.45194074897349,0.0
2684,793.4909461222173,2125.667768958371,0.24559021879260692,-0.3828023571059241,0.11632263940358031,49,0.0,0.013007079793388839,1.6802259721283683,-0.5634192338516232,793.4909461222173,2125.667768958371,1204.397212820691,0.0,0.0,311.9128547490215,0.4342969156356404,122.66541820647817,110.21078814173615,131.84730729831438,109.65666271604287,122.85032263186258,115.02664357645749,112.8383033682192,113.8678961479649,117.81485473336785,128.10089390819968,19.518122092047825
2685,2477.80928855864,2125.070489268093,0.4946593959898225,0.032958764908399885,0.08911439179345397,49,0.0,0.024792045841186945,3.634083116574626,-1.400987140022854,2477.80928855864,2125.070489268093,1146.5995767779018,0.0,0.0,311.2110492222494,0.43404669805130613,103.19380898233382,128.29714870198137,114.73339326928507,121.23611059638527,109.31721236031231,113.97002186096931,111.5613544233616,125.43692362049688,96.06627323642756,90.4617562721489,32.325573454199954
2686,428.7846118231119,2125.5828346565627,0.7398132845307868,-0.7526211865514625,0.23258487314115417,49,0.0,0.014883090495743389,1.4354730718666828,-0.39248762487581196,428.7846118231119,2125.5828346565627,1038.413028720221,0.0,0.0,312.06481102244345,0.43425324124160886,81.68361678221859,117.10612254758263,107.85560004926162,106.78253849552465,86.24180967435447,108.53928545701109,107.66012389731668,103.9403295739007,106.4451624068771,95.85131941015705,16.307120426016468
2687,729.4921355890996,2125.7973308329156,0.58782534188269,-0.7276236800873421,-0.7933544604409272,49,0.0,0.01410514690701422,1.5064523347257115,-0.44488848706444173,729.4921355890996,2125.7973308329156,970.3620029439717,0.0,0.0,311.93952049975906,0.4343496646542961,87.96023258793281,94.24717004276363,97.59105180042963,107.23741751357777,96.98337501712356,96.9344405913096,92.76632587511907,84.41064502141583,93.01398301070617,97.20948508095485,22.007876402638836
2688,1563.474969612105,2125.9943022498755,0.4745996127495162,-0.4654146282635272,-0.3523211851504057,49,0.0,0.011903285414059505,1.423670397129108,-0.3835236367406223,1563.474969612105,2125.9943022498755,972.4603202322585,0.0,0.0,311.5920250556181,0.43444043244916475,92.10748290982737,102.48512615161098,99.3832761706829,100.0763832648334,100.28936385225126,84.10137003910117,93.94296185613106,87.21061025746502,101.33578874169427,95.20732088386586,16.320636104795287
2689,2150.9999139465012,2125.9579313442214,0.868137810443878,-0.36800253300012764,-0.20419793728074792,49,0.0,0.036283726726564415,3.8487516218413513,-1.4632997123010987,2150.9999139465012,2125.9579313442214,1151.047566849166,0.0,0.0,311.34721897171534,0.4344218126771859,81.37681586277547,134.9793255579517,97.54824179878563,122.60480238936225,109.38154915009292,117.43823128083338,107.97821576634159,116.24476475661325,117.87181172689179,123.5716810865592,22.052127472958873
2690,679.1414465809156,2126.816884777395,0.435464426479549,-0.3208338908821107,0.1093708107601759,49,0.0,0.017070655266951257,2.4352470887238327,-0.9663575820749175,679.1414465809156,2126.816884777395,1074.3783221860874,0.0,0.0,311.96049952267106,0.4347734265808204,101.84907263249568,112.28373192655212,111.10559116066571,100.55184330765437,102.52487999505375,98.86160357938016,118.82702877157965,96.97183036259273,118.09128113041461,97.99845593454704,15.313003385151646
2691,2510.8958640785027,2126.895876541893,0.6545742827857167,-0.22736179897192613,0.06275356030624597,49,0.0,0.2039815678510907,28.059892165820248,-3.6202149942540873,2510.8958640785027,2126.895876541893,3320.5017960583036,0.0,0.0,311.1972634174732,0.4348065694638646,278.9516175401456,299.29443511785996,302.0242958617928,325.63824074112904,340.7765760163825,348.6261041297968,310.9473760510514,378.86621575465824,336.39483749078613,335.9536639642082,63.02843339049349
2692,2851.2942264796447,2127.1679303328774,0.4355382859644185,0.6279043362792727,0.15882640980968085,49,0.0,0.04891519046659951,6.4156650802381625,-2.01810421050909,2851.2942264796447,2127.1679303328774,1975.616741278423,0.0,0.0,311.05543654849976,0.43491146122203267,163.96737841953444,170.6416028413887,189.41855086310062,206.29076570246679,188.57123528335444,211.45471028789962,191.11025815483782,193.74698479050605,219.27519161815354,187.56684994127892,53.57321337590187
2693,2872.0016939611655,2128.304257676152,0.4849664552274776,0.39584969571067835,0.0703673152060128,49,0.0,0.032228438620696014,4.252900781099629,-1.571713127180327,2872.0016939611655,2128.304257676152,1594.8886687812007,0.0,1.0552203110413318,311.0468089610169,0.4353843031409377,142.92699933104007,146.02685524608734,162.1551575474627,163.20086543467016,167.4630987154939,174.25122408337535,155.4348555730005,154.72711920115302,131.2142786445785,165.8847845402517,31.6034304640876
2694,885.4487722190311,2129.335989988264,0.8136568644292853,-0.1850251093655321,0.04309745744290801,49,0.0,0.03376014570160336,3.743125153039285,-1.4330858704615035,885.4487722190311,2129.335989988264,1038.1341504881261,0.0,0.0,311.8745393717441,0.43582690526009943,115.52235439930207,93.62061155053001,100.19407435831921,95.76212801660199,116.02760549930045,114.05707366994486,86.81096488175336,100.83641821217267,96.53490843535016,103.06054172123679,15.707469743614524
2695,2812.0458706890045,2128.555117381151,0.453285286734352,0.1139439546699755,0.17505531784070974,49,0.0,0.04006577024543669,5.404306714137184,-1.8318499721172636,2812.0458706890045,2128.555117381151,1698.313645318547,0.0,0.0,311.07178905113744,0.435490536215612,141.60314655004987,180.57117589758022,177.91328946044047,171.4345664097569,159.26573603295122,163.9811480582983,160.07842592707692,165.85471737712453,169.9983056471981,172.97225487426473,34.64087908380564
2696,803.6541050954393,2130.228561419992,0.5311120993508118,-0.6385397329854272,-0.1761106817306547,49,0.0,0.018034086056247057,2.3865782840956786,-0.944439211456227,803.6541050954393,2130.228561419992,1091.0340116004945,0.0,0.0,311.9086201941158,0.43619737314908047,96.04858556888574,115.56814806206278,95.72393646638525,120.48924109078123,121.3431734123237,115.9955955256618,82.28676345674374,106.48725634583337,108.49102346205686,112.06160533952767,16.538682870232293
2697,1028.6960321121967,2130.784453881454,0.9149271195494849,-0.44716308524906406,-0.06892124513258509,49,0.0,0.01661882691842394,1.3667342197559444,-0.33921017062614434,1028.6960321121967,2130.784453881454,998.3764969554745,0.0,0.0,311.81485304970244,0.4364325420620943,80.57391784133573,103.4759004956407,101.19084851175907,92.06525691576628,93.45048803185031,102.42579232537432,110.45808899153408,99.03872203358426,99.53054041263901,100.16194107909209,16.005000316898748
2698,1150.3443490892078,2130.5319734630157,0.6634091893488233,-0.47512677612171117,0.02085775546133331,49,0.0,0.07361662510389856,8.897379512521937,-2.373155288851506,1150.3443490892078,2130.5319734630157,2179.5075546087446,0.0,0.0,311.76416585927956,0.43632877869760045,182.7684887335855,209.11837031934016,202.09975740625393,212.5392847430236,214.4619091734666,215.47084243939804,226.06208301098556,236.28561427580738,248.61947257270012,190.5359015017496,41.5458304324339
2699,2115.6170370229074,2130.941284425386,0.9223657017002956,-0.5894508170004973,-0.16512333847964314,49,0.0,0.030991276578838167,3.017191844191332,-1.1990073127467413,2115.6170370229074,2130.941284425386,1106.5904926360954,0.0,0.0,311.3619619025635,0.4364985977344185,96.44801317091282,117.84172774739874,111.85188926491605,116.42341169960406,107.76406518928849,103.6759985215349,107.31299233114333,109.86183898418489,94.05357175204557,117.66672739977422,23.690256575292338
2700,241.38671780575947,2132.4454933242673,0.9158344256104234,0.01908244153048999,-0.06675999406166024,49,0.0,0.011076157186194967,1.272610422640265,-0.2617386894330887,241.38671780575947,2132.4454933242673,401.5283897200417,0.0,74.65563549091674,312.1428886339554,0.4371070549939519,16.536741172748478,24.239790978511795,49.99006117571744,42.52605904122649,43.090743085559836,74.3916850861228,11.507254550920951,74.44438479680879,46.39838587334152,18.403283959083566,0.0
2701,1464.2820887857058,2131.8811496886783,0.7080189164732316,-0.46046267720317813,-0.07495619613473899,49,0.0,0.06304804337534795,7.891127860577116,-2.242847700868498,1464.2820887857058,2131.8811496886783,1574.1236182955286,0.0,0.0,311.63335629990945,0.4368930507113013,155.1665857469325,152.61951896262406,165.04490702089151,170.42683051869736,131.86941347707122,155.73697317102653,154.5690613253658,145.03163053351898,157.67131064004417,150.30618430835565,35.68120259100067
2702,1988.395799494491,2131.628588964288,0.5087810287544072,-0.32901887226039556,0.0785886269721105,49,0.0,0.09150487028201212,14.345499849634756,-2.891789213130914,1988.395799494491,2131.628588964288,2446.418103491444,0.0,0.0,311.4149713171481,0.4367862951979803,232.8212150893356,227.68260655865768,232.71562782649715,266.7354928829477,231.37555858797242,253.1398049764787,238.57439145547386,254.37747775350024,239.83032509908247,211.98137331251564,57.18422994898242
2703,505.0258546680245,2132.548638395254,0.869003594434137,-0.06993725688972297,0.20154359895833637,49,0.0,0.018658702144412644,1.5324438885985432,-0.46346145378663745,505.0258546680245,2132.548638395254,1065.003873099589,0.0,0.0,312.0330454036659,0.4371575091959494,102.421335541883,128.91987735139213,98.03394157661775,104.25117001989895,112.74014675261878,87.58323444111547,113.97521188415874,88.13708852117136,91.25994499701173,121.02698732669597,16.654934687025243
2704,627.1334831871878,2132.651312688742,0.6017327420062061,-0.2245165670311086,0.008664971430192028,49,0.0,0.01711164328477197,2.0104260523383686,-0.7582202586905623,627.1334831871878,2132.651312688742,1028.629138343923,0.0,0.0,311.98216900851855,0.4372032084790024,102.37060709375102,103.30683384802501,99.91522091361031,117.5258022544595,94.68332497512934,105.47083483961211,102.61215706033698,85.30059743994076,95.78066983897494,104.77027823323515,16.892811846847916
2705,834.6990072695136,2133.0558432353914,0.566409615770274,-0.46686582351506367,-0.047120541529147554,49,0.0,0.41009301585100283,62.13183781220719,-4.483285499753691,834.6990072695136,2133.0558432353914,6588.373007680707,0.0,0.0,311.8956849816655,0.4373759309279615,568.8269009377207,662.9258456720181,632.4234053569428,652.0962413931269,639.9248338598151,656.3264684220419,652.7355642662246,688.7935067243527,682.3459046461167,610.5271546364429,141.44718176590456
2706,1730.3007717043179,2133.668038078693,0.6802195444626417,-0.4432401162178532,0.005622355699688031,49,0.0,0.435899547105474,57.03061001309054,-4.390270042319868,1730.3007717043179,2133.668038078693,6640.131506979937,0.0,0.0,311.5225128191644,0.43763759577459543,624.0260087867816,602.0461342902818,683.5402293065613,657.348864241596,666.4174058990776,641.1099505110144,582.462960652257,691.903030909089,657.6176587571969,678.1786146356885,155.48064899039176
2707,1482.1961900142082,2135.807588900948,0.3962241952377989,-0.08519092185500565,-0.18550137361605804,49,0.0,0.009757161648433597,1.2711657472277416,-0.26050545469591424,1482.1961900142082,2135.807588900948,939.1738821936294,0.0,0.0,311.6258919414892,0.43852909450754446,88.06564916364533,103.77788807163864,100.4484404749952,92.30686039679634,61.86001741710779,92.29993200092076,106.13732786350096,85.0119754306559,112.41950312942029,84.33264395009991,12.513644294848408
2708,2614.6869437953355,2135.4702191621805,0.45467942500224007,0.0026065529675650956,0.04034271549560705,49,0.0,0.041690809761062333,6.426806138845537,-2.0199879996206236,2614.6869437953355,2135.4702191621805,1522.6126663551208,0.0,0.0,311.1540182266021,0.438376765307499,163.18669478048383,132.12318759708455,151.34409427923654,160.16045727866305,138.9656663153085,141.08883372576452,147.82868619953587,171.61569479164268,158.46788730536537,126.04400909019033,31.78745499184557
2709,724.1684931770926,2138.6040290277533,0.35252862913281874,-0.5979578343538323,0.27363891712390875,49,0.0,0.009964396567256955,1.5248732020238258,-0.4580843305990942,724.1684931770926,2138.6040290277533,885.0747244726756,0.0,0.0,311.9417387700065,0.4396854939326628,88.30538000675887,81.59172326720687,79.67523030122064,114.78528952787022,87.51631996872362,86.32002721651455,71.24258947520525,84.70601913717667,86.98234310470673,85.1491469008009,18.80065556649133
2710,1363.7920161556583,2138.478323007886,0.3915011178979676,-0.650926048567057,-0.3186869126604879,49,0.0,0.011820360202881717,1.3900091260570633,-0.357544129022312,1363.7920161556583,2138.478323007886,1120.9475927282974,0.0,0.0,311.67522800711265,0.4396413943598668,104.41648387306249,123.31682141114429,87.69559886864945,115.61503689023101,112.85664287238615,112.35249696458311,113.89241245687518,124.99650691433085,108.31815843880862,100.9699085104159,16.517525527810186
2711,2265.347997272294,2139.0336978626756,0.38664812947116817,-0.35596453529781985,-0.18680974645948745,49,0.0,0.014721527593958336,2.481414649489927,-0.9867483545929506,2265.347997272294,2139.0336978626756,945.903979173326,0.0,0.0,311.29957374945116,0.43986830712136604,75.20698136504537,92.01732625751839,108.08159780518136,96.57666045286808,103.81124006600511,98.05767911556654,80.24767258137392,75.67324430019346,97.15117498849989,95.46756062379596,23.612841617277876
2712,1769.3181067227213,2140.389310124833,0.5441431183756816,-0.38258661226797325,0.0981044627947352,49,0.0,0.08414484602060049,12.066646231908349,-2.703966450850687,1769.3181067227213,2140.389310124833,2160.6968873357837,0.0,0.0,311.50625525053556,0.44043794621723203,195.53833290624928,205.04632166602414,207.73434389466536,229.3142822325424,200.56744126766648,214.2985258965762,221.496351127088,221.64089088698836,208.45052848628495,214.37016895645831,42.23970001523976
2713,2319.129579264801,2141.31854963071,0.4606806128715461,0.537602117929991,-0.15977338511618847,49,0.0,0.008236866316332714,1.079499137703136,-0.08305574939697793,2319.129579264801,2141.31854963071,779.0238682609279,1.0,0.0,311.27716481706756,0.44081943561970904,75.81587547135204,69.72637905590233,86.36360714755864,79.61438992268472,83.23838096485221,74.60752217011469,68.60122078125299,78.06028123838641,73.31239374647595,74.75972573336558,14.92409202898242
2714,773.0200319059979,2142.2535112040196,0.7682805650434309,-0.4971180834278581,0.30845680680805904,49,0.0,0.020163658376978626,2.1340772424589853,-0.8230253364167744,773.0200319059979,2142.2535112040196,983.1117508361622,0.0,0.0,311.92138433455676,0.4412070282081359,96.25226567778512,83.8754245426124,116.2701950573104,86.19878960389792,96.43017839825961,104.18205712114516,97.22719128357386,98.93178141949349,94.80643638790295,91.13116864647111,17.806262697710103
2715,810.9528515742089,2142.005222693734,0.5249149409614389,-0.5405897413152858,0.019525077482613933,49,0.0,0.06363675539495445,9.918818128054191,-2.4911498177233984,810.9528515742089,2142.005222693734,1642.402414484221,0.0,0.0,311.90557919133505,0.4411042935624282,155.52439225523227,149.39046026442455,182.38986947798247,154.69007718633245,170.4280374668523,171.7626844890171,137.00677180577463,186.24519615190192,154.002624445565,151.99098138477842,28.971319556360065
2716,649.0561218433394,2143.099322828359,0.2680153300254732,-0.4216629390738022,-0.10133065671050706,49,0.0,0.009103092699335395,1.5402202734394002,-0.4689570889390323,649.0561218433394,2143.099322828359,997.4951539064677,0.0,0.0,311.9730349389369,0.4415568631607974,90.50418990678554,96.29740210146488,95.79296331209054,94.17023241387857,107.50975479223817,104.57962231437511,100.7382511925451,93.7387888386342,96.60336011954337,100.95494413548889,16.605644779423393
2717,1372.1292591273848,2142.824868723285,0.42430677556867924,-0.07852748892596532,0.09871066775426127,49,0.0,0.025686425204817488,3.9850375354119887,-1.5010810410213753,1372.1292591273848,2142.824868723285,1277.5352699490795,0.0,0.0,311.6717541014393,0.4414524697094574,122.61024134139802,114.81455775755813,132.2474943261356,111.59539083578352,123.88701022562745,126.51354525360985,151.3687748315241,146.5123915699312,121.51851225003385,109.32652474390905,17.140826813568637
2718,1899.9571978214142,2143.966320709582,0.7244113628192291,-0.1364122920319393,0.8798806838261128,49,0.0,0.01196850986932346,1.0062087338561718,-0.006720206667026837,1899.9571978214142,2143.966320709582,1032.1062750415326,0.0,0.0,311.45182125686506,0.4419276281715581,79.91111125014987,94.3312695177058,115.76741013342135,93.92614785810312,105.55610306514319,115.60941739328479,107.36068287329402,116.87383246009124,102.94177486033453,87.20092482509607,12.62760080490849
2719,2579.13778696529,2144.6834633162193,0.5740298000055097,-0.2659692914333747,0.01984222116731276,49,0.0,0.020304201363482578,2.5740315530347635,-1.026534665691409,2579.13778696529,2144.6834633162193,1021.2017423007726,0.0,0.0,311.1688298161974,0.442216281879078,97.51332511233112,110.96756164886145,102.83391936095634,97.84481747588454,92.09301541875362,107.05442604414958,105.66300876551999,93.21095987521724,101.84972857324277,91.63398594332894,20.53699408252696
2720,2607.7613981146596,2145.3879889596465,0.48775845067350976,0.0209772199707508,0.01695555625811466,49,0.0,0.09098274476341764,14.38710944329552,-2.894933868280314,2607.7613981146596,2145.3879889596465,2518.298773180638,0.0,0.0,311.1569036635247,0.4425091570956491,196.4493183861207,232.3827333208661,245.0534119353558,252.89652454362434,261.72343274663336,287.4786727128213,260.6679932551998,246.86760542929082,235.00962460786468,246.7763230009124,52.99313324194888
2721,2745.73007036226,2147.8219646476573,0.40369278486208676,0.6137010892223251,-0.01930463805910119,49,0.0,0.010226399730114686,1.100006420575593,-0.10348805019650098,2745.73007036226,2147.8219646476573,1004.5135494082093,0.0,0.0,311.0994189479917,0.44351978774847767,108.46790443002588,80.26324095942664,95.31040664143835,120.49072070645552,109.43226230328668,90.32367913172715,87.6950563495065,93.53557487597926,100.98400218673738,97.86070207797817,20.14999974564772
2722,3013.559856459489,2146.3492660745587,0.9458827254292641,-0.15209267633020873,0.38659784600226677,49,0.0,0.01050927010775484,1.1297835493458215,-0.13248811683023695,3013.559856459489,2146.3492660745587,389.3531356605123,0.0,193.8288048084769,310.9878304592462,0.44289817047207725,11.611113435501052,46.771190622465426,6.189969895462317,61.27366129532079,64.03664250182725,30.110549556284777,32.61048481689454,25.870305481283147,49.48424119707717,52.817244078331946,8.57773278006391
2723,1705.7660439502522,2148.3565266660353,0.5877206024831804,-0.4727599617403422,0.03169223282864635,49,0.0,0.21957139267703424,31.189178572566647,-3.7350098423033047,1705.7660439502522,2148.3565266660353,4123.634604212537,0.0,0.0,311.5327358186532,0.44375776973544506,367.6503330324215,428.542497956332,379.62347754773117,388.0567732786853,429.41922777439777,391.71132565238634,403.96242391099065,416.6306706891658,401.37397694563947,435.7249269294897,80.93897049529761
2724,1838.0128957926204,2147.7613506927296,0.46509024755243933,-0.8008352198025476,-0.34402116449186904,49,0.0,0.00996596798455521,1.1899885244737454,-0.18885693335158021,1838.0128957926204,2147.7613506927296,945.1785812410096,0.0,0.0,311.47763183979174,0.4435092521259283,93.27259585857345,88.94803451906388,88.97403828434304,88.65025151614141,98.85810991262267,94.60930102084711,88.49985652440435,88.65512697500606,86.97826115518913,100.54363429109404,27.189371183724514
2725,1895.7236183076247,2147.5377186498176,0.4395148082053417,-0.8980620271309178,0.00182221164061284,49,0.0,0.009727160349341927,1.2510108379410447,-0.24315268038383422,1895.7236183076247,2147.5377186498176,1010.6787608843633,0.0,0.0,311.45358526676097,0.4434157132410688,90.44362653756511,93.94250298700462,115.00025943497616,93.78610461030593,88.52748944103661,112.09988473837934,108.36847925172589,111.32916958182479,102.57547093962148,82.89317833450158,11.712595027421678
2726,1328.3560868939537,2149.43704431099,0.9708930727728841,-0.10627596421565695,-0.13096707899889667,49,0.0,0.01913697221395688,1.5987321913803112,-0.5094392995364203,1328.3560868939537,2149.43704431099,925.722248650958,0.0,0.0,311.68999328267375,0.44420723835100245,84.10396143042897,86.13326683850985,104.45924747255755,96.6653792383863,76.11506191389596,97.31495424996469,95.70851106310755,96.57227241649028,67.77166832224425,102.14755092966737,18.730374775705315
2727,918.6870065763512,2152.504078862357,0.28810167981459317,-0.36353894739220355,0.06731063205079482,49,0.0,0.016311215799645302,2.97647387107138,-1.184255186143229,918.6870065763512,2152.504078862357,1043.73674620389,0.0,0.0,311.8606903465404,0.44548054290522093,94.62703043841663,100.46831568287288,95.5940254006421,99.77232087693011,101.10506765442508,109.85655267645599,104.98683240771592,113.24722968888426,98.35605086157943,109.74888490684094,15.974435609126598
2728,2606.861090096431,2151.7261232066785,0.4286406045796661,0.14213852920842174,0.29799302491900337,49,0.0,0.023203586671973624,3.283897106089725,-1.2909738524236838,2606.861090096431,2151.7261232066785,2431.426479253306,0.0,0.0,311.1572787073116,0.4451499549090836,199.11636847178661,238.31846095893007,241.03764509974803,233.61992059977277,249.11077143042934,269.9828781942736,243.51085544851912,246.5687661124118,218.63749061047372,252.51616559394884,39.00715673301229
2729,2280.897775569713,2153.3736615642474,0.28161042939222075,-0.19888417919118967,0.16821470354911092,49,0.0,0.0084923545128675,1.2562084568735405,-0.24765428193846503,2280.897775569713,2153.3736615642474,900.52983354655,0.0,0.0,311.29309457774804,0.44584288145664697,88.29679863447228,96.58275814773882,85.28642782923464,80.8103856720901,81.7823109304381,83.39519705108606,95.66396313856139,91.70468799337479,82.2858501450552,92.16843608540424,22.553017919094422
2730,1418.5706342111714,2153.8264227337013,0.8507806375355795,-0.2990979745801521,0.00031573005743455794,49,0.0,0.05169169298790885,5.516966340522267,-1.8542508357462455,1418.5706342111714,2153.8264227337013,1304.403077969052,0.0,0.0,311.6524031706703,0.4460365962098424,107.55503282611609,114.87471227097296,115.5553081599636,130.1770400133525,127.88173529322225,143.06485442266361,143.84067719852044,117.30223716631853,125.98513709218611,152.93573177079068,25.23061175494507
2731,1444.7384594643631,2154.3721794842027,0.36791467259072613,0.05433322584302808,0.303994767612571,49,0.0,0.016147019864118775,2.2014583310647886,-0.8567761740006795,1444.7384594643631,2154.3721794842027,1105.19619471645,0.0,0.0,311.64149968546764,0.4462640952467927,108.97432307383977,117.68879912606404,115.63620050435814,122.32770407685899,107.78171241512996,82.96101347614976,110.0288415984696,102.80548626432534,98.13667393535371,113.07779000547656,25.777650240424084
2732,2237.0285103545552,2155.1640383243953,0.49396196616606547,-0.2090532188966048,-0.30166908944370824,49,0.0,0.022300627390402412,3.1115315848383713,-1.2324355345541524,2237.0285103545552,2155.1640383243953,1114.5341143160651,0.0,0.0,311.31137341164896,0.4465895327632672,102.83401597685472,111.77618147644479,122.88952204841726,95.18835482714417,125.2428394038831,127.33686348795324,108.34791888715395,83.85864644532579,103.94127473264727,114.26050035204798,18.857996678192894
2733,2710.7692375729357,2155.7706317297925,0.5390950448059127,-0.4572771756838858,0.2593360672810948,49,0.0,0.01325782062315753,1.451610792440779,-0.40462547108647484,2710.7692375729357,2155.7706317297925,1045.6118301079766,0.0,0.0,311.1139852023171,0.4468324959119072,77.73822699797037,105.17801330340328,100.54098115459234,90.86691499400415,105.33470063627584,109.91996513961698,104.55111997184521,111.33746624963017,108.09251399903084,108.68834437218405,23.36358328942342
2734,1186.849507753233,2156.278881909805,0.5132653026187163,0.050148811607858355,0.5469827623050272,49,0.0,0.013714758625546044,1.8597197503993033,-0.6736187583603044,1186.849507753233,2156.278881909805,975.2174546660226,0.0,0.0,311.7489553199492,0.44705680524797353,99.32436786074527,90.24555142914222,92.52623330857105,109.73365170459223,83.88691197506134,108.90866870593857,87.50493491062608,89.46998977933976,91.83008926647574,99.99093211121459,21.79612361431569
2735,975.7207367548835,2158.107127717609,0.7226363352549207,-0.11902437768954685,0.07282114421511675,49,0.0,0.011157491848162757,1.033491904356925,-0.035767697553682795,975.7207367548835,2158.107127717609,871.5249404842644,25.239599095734178,0.0,311.83692634208415,0.44781596229455367,83.3900202732822,69.60239423857948,82.52248421714827,89.20943604258423,76.60194623743098,98.2016606354456,95.78385103613589,87.63023551243276,83.71880112295142,85.38029965012721,19.483811518146368
2736,2494.7988184337005,2158.0296063636365,0.9036172615775919,-0.22572862921915718,0.060718893959378975,49,0.0,0.027575365812737986,2.681418279264841,-1.0709114141136942,2494.7988184337005,2158.0296063636365,972.3010156984185,0.0,0.0,311.2039700577044,0.4477788149972015,98.32780481739213,83.72795470799028,97.5846020425387,92.80886727900254,82.68618914107576,93.79367360653441,120.33044173004033,97.23910687535508,104.05446264704969,83.86886024002962,17.87905261140987
2737,946.3499404653394,2159.8078664816962,0.7488308977118112,-0.609304415474021,-0.11323724243736144,49,0.0,0.02127115889721109,2.3755146613458495,-0.9393942879214754,946.3499404653394,2159.8078664816962,906.0810859041117,19.344306854608966,0.0,311.84916419503367,0.44852413894937154,72.31910015237162,95.50538363469725,90.55038337833038,68.75197596910002,95.96313233073312,96.53397722317804,92.06939350023052,77.49032852174227,87.97414642270806,109.51173227499326,19.411532496027124
2738,1169.2418574823848,2159.690008479459,0.7870699876648064,-0.295708767969471,0.48395348440905356,49,0.0,0.012635061207979664,1.0241806764239771,-0.025941443973424495,1169.2418574823848,2159.690008479459,947.8416352139589,0.0,0.0,311.756291951812,0.4484779017728761,89.45155580547029,99.12244056936795,89.72796451003444,110.17274364547592,92.0776849865243,92.53034472162214,101.84785380357378,83.50722374721468,89.47980483860033,89.47599015386402,10.448028432210846
2739,2813.9119975979243,2162.1593560456135,0.24449494598766236,0.3331775601973795,0.8356229080092488,49,0.0,0.009312489217227313,1.101556803416479,-0.10501724276431458,2813.9119975979243,2162.1593560456135,1060.204326768192,0.0,0.0,311.07101107731893,0.4494914852438692,104.07043696617457,96.731583359251,109.36247954885235,101.40342050685416,110.93789081101593,107.42750470266077,103.18102950212615,95.66683024156643,116.82747648175837,94.12483026432483,20.470844383607364
2740,2358.2063942198947,2163.6892260552986,0.45732716336752877,-0.10465706558868677,-0.08674815405254478,49,0.0,0.02895016428638765,4.850013386721009,-1.7143573432948558,2358.2063942198947,2163.6892260552986,1196.6581936236717,52.07201029555378,0.0,311.26088273099265,0.4501395866321109,102.08362133933421,113.52592899375952,129.29005584014254,121.19968932625711,96.04804619936829,127.4182096524995,111.9354024866445,122.12817552498807,138.28520667072826,113.44383551140265,21.300022078547148
2741,1095.472419974951,2165.782631127466,0.3485026140587029,-0.2862219909808585,-0.26008673241813707,49,0.0,0.01766115863910453,2.741275920931479,-1.0948818782568426,1095.472419974951,2165.782631127466,1149.2555819739705,0.0,0.0,311.7870295829924,0.4510156159079183,102.04662146580662,120.64652911631788,125.60352253456762,106.23869495140073,87.94036027443761,110.13241554236005,105.03992672171876,113.3467642026171,119.59414266221614,120.66019620094764,38.00640830158032
2742,1108.8126856465274,2165.903280858548,0.42577383103554,-0.38313107028750254,-0.03548679854620457,49,0.0,0.031344417666469525,4.999632121634597,-1.7473451241290985,1108.8126856465274,2165.903280858548,1347.7486845108238,0.0,0.0,311.78147108740376,0.4510660440297028,117.57553017742273,126.4410718865023,129.58054983881885,133.78961665785204,142.6054526766718,128.49914443872186,147.3308561034376,123.9068303648827,131.9156606414395,133.70455753046005,32.39941419461409
2743,1542.9546236454555,2166.3648898849037,0.6774357726394747,-0.6852088812165666,-0.3046780261004887,49,0.0,0.01178258551994265,1.1720189798884604,-0.17233661195706088,1542.9546236454555,2166.3648898849037,909.2848198355236,0.0,0.0,311.6005754085784,0.4512612218600901,76.64253278770798,93.03135757867071,87.70733677778932,93.33686696811291,100.16613046412948,106.52234393205615,71.10500830500192,81.07061190450223,103.43801966235812,79.73606924278299,16.528542212412
2744,2468.2487603141444,2165.615681141015,0.4403587770904402,0.005662655666585687,0.4864040222451762,49,0.0,0.01749730033834755,2.556429740075887,-1.0190846531134128,2468.2487603141444,2165.615681141015,1093.278264501618,0.0,0.0,311.215032299677,0.45094011778857307,83.75011373745399,132.07660965149472,104.00408526632991,109.39622073089191,98.26883367731861,108.66383902112993,116.27482252752678,120.4783467942479,96.01654566146831,102.01268450654061,22.336162927215394
2745,1818.549771538156,2166.949966634538,0.5584638341014647,-0.2853990229403573,-0.1574038390028403,49,0.0,1.0381763701357298,155.40233148332666,-5.478643825459983,1818.549771538156,2166.949966634538,16552.756896637675,0.0,0.0,311.4857415836878,0.4515044715757286,1474.3482894880776,1560.8178082473191,1546.836513335963,1721.5179712386325,1628.487094084867,1633.982467979647,1651.018487626681,1721.9071146208998,1584.838840349354,1709.335563584474,319.66674608176027
2746,1982.3226545371244,2167.1742657423974,0.529281350024963,-0.3284480186603451,-0.0705110631667723,49,0.0,0.06876498701777382,10.377795812284704,-2.540262803768151,1982.3226545371244,2167.1742657423974,1791.6513785005238,0.0,0.0,311.4175016743742,0.45159675468232136,161.87290253057844,161.76392276849248,188.15977683946193,176.64266079243976,165.33224343021615,173.71733345730763,170.62930828841363,181.57444455762425,195.7103163908035,178.08621656146536,38.16225288372064
2747,2449.005006865895,2166.670640127573,0.595225751705366,-0.09034114288869652,-0.04702074312749287,49,0.0,0.07476345974276649,10.403978983199965,-2.5429986655450976,2449.005006865895,2166.670640127573,1780.4208760222828,0.0,0.0,311.22305038844064,0.451380062029088,156.2378224263275,179.36674880672888,167.62741575682247,160.74166234097095,174.1504118664633,173.21430295705906,166.28317095903668,201.0079935049789,177.22230829157917,187.30034826103486,37.268690851280795
2748,2341.5133495444074,2167.751254127894,0.7578705553970757,0.13760493391670467,0.06043005473881109,49,0.0,0.01769118853178012,1.7555037027999842,-0.6110043745972797,2341.5133495444074,2167.751254127894,923.910935664128,25.185255742052313,0.0,311.2678380817309,0.4518323429398263,79.16999355409752,94.3913233430725,74.55761551526821,80.33721746306776,110.78880174908791,108.80072916714339,74.75326444453022,102.46113187458621,76.7881437772395,101.1474928791503,20.715221896884547
2749,2655.487754112316,2168.606257667619,0.3169204831195039,-0.25148799388500115,-0.19034695485959358,49,0.0,0.021269545723127854,3.4867476025086166,-1.3560512773838478,2655.487754112316,2168.606257667619,1222.045596328666,0.0,0.0,311.13701808407836,0.4521818409656988,112.69840178551897,113.45228521223999,110.52511408012538,118.44999217102205,119.52171211349622,119.07336992904884,134.91596134537573,148.31565272356346,119.45164823366851,105.55693208065865,20.084526653948323
2750,769.0757388016688,2170.396838507532,0.36075528121348716,-0.45420502369683713,0.37693902737504403,49,0.0,0.014122071509293023,1.9763850862998429,-0.73967892016483,769.0757388016688,2170.396838507532,1083.5932283940178,0.0,0.0,311.9230280328497,0.45293293229132187,85.46161195076994,96.1775320631285,112.12495752823338,96.1608520056198,128.29422715980985,105.17893116230903,138.68587223206197,119.63513404541618,88.00598009600628,93.15295175743528,20.7151783932277
2751,1440.0111102119633,2171.1790278423105,0.46112841768817675,-0.2324578943434304,0.1810303473433337,49,0.0,0.021547921113833576,3.2123914175163484,-1.2670711423499736,1440.0111102119633,2171.1790278423105,1072.6898852637785,0.0,0.0,311.6434694862275,0.453266809225256,83.79901783713262,105.2134106429738,104.40444484100142,92.22892542098815,108.33277076754743,106.96219620385287,120.9285305776402,119.02093566502859,98.23555177397155,107.85116977789446,25.712931755747434
2752,2351.950138213356,2171.6541564923336,0.449449127195723,0.09485836808598118,0.1743485755173944,49,0.0,0.045448648615434795,7.450630898057839,-2.1804826227916236,2351.950138213356,2171.6541564923336,1475.7220681862398,35.04145706859699,0.0,311.2634894162117,0.45345831401771725,134.68884921578461,138.67518791063267,155.51657002614036,128.33594752214685,142.87277600773842,170.21301348809965,125.29877808023517,149.22151936470001,149.07550767116294,154.94346505377308,26.880453845825944
2753,2310.8536291580763,2172.1208179482883,0.6776839484132777,0.07238590730325686,0.021034206321600756,49,0.0,0.047665475012274194,5.892666104830594,-1.9257795835889524,2310.8536291580763,2172.1208179482883,1358.4817174392574,0.0,0.0,311.28061286255286,0.453653470655914,113.28143567513767,126.9073544775768,131.83557081771937,137.88266846289144,137.76251138574648,118.02426745428068,142.86062313965323,141.9042570412671,128.03623166605755,144.9064079965018,35.08038932242535
2754,922.7638022535255,2173.2280310090187,0.8225331776313898,-0.911659981070236,-0.37397567061033743,49,0.0,0.022488123324686565,2.141398084640748,-0.8267435247191786,922.7638022535255,2173.2280310090187,1050.1442827240476,0.0,0.0,311.8589918455919,0.4541153389468785,92.60305346210919,95.02968973102847,97.66523693207763,108.34481464202052,105.58718397556225,115.92337652406223,93.45155819580046,93.94171120918816,100.62410260083365,122.91400508816105,24.059550363204007
2755,754.594615927823,2173.921557931057,0.5704700443408963,-0.4061717608052408,-0.020891929137349236,49,0.0,0.03707121146983242,5.089592858641995,-1.7667076059807652,754.594615927823,2173.921557931057,1314.4800240011868,0.0,0.0,311.92906178029637,0.4544012213179634,106.00963172193214,146.48074202688088,130.20100322717727,127.98257760533373,134.80526390952357,137.653544322091,114.61108572231008,129.9851927497087,134.8589542375634,125.82901023242225,26.063018246243885
2756,890.6522995620378,2174.4313760544105,0.6589143687335357,-0.6881963348213481,-0.19757893105427202,49,0.0,0.023497002798166005,2.7887624116603194,-1.113528790415834,890.6522995620378,2174.4313760544105,1193.2326169639487,0.0,0.0,311.8723716116597,0.45461618228921313,104.32327118754891,121.170100234152,117.32439932395445,112.67760944559745,102.95265903383842,122.51070487228466,118.95424465298282,117.21126889085978,130.87878139301472,111.57388937438597,33.65568855532932
2757,2467.66973558808,2176.0042548228694,0.609914505832768,-0.21525829952412473,-0.14655808879761045,49,0.0,0.0472196357356535,6.480915478371833,-2.0290908939676737,2467.66973558808,2176.0042548228694,1346.4852266133337,0.0,0.0,311.21527345315104,0.4552685416124285,121.22278866165378,159.62250219811546,129.7995509679036,143.9891244818158,132.01857675140542,133.0918005514331,158.52763037364085,134.55895714019735,110.46939228410966,106.60587848611786,16.579024716940715
2758,796.6023961528597,2177.2888055437343,0.42671988732270927,-0.3855241209799377,0.08705326461085397,49,0.0,0.03732167798082948,6.281259262167512,-1.9951167987485818,796.6023961528597,2177.2888055437343,1412.698613944846,0.0,0.0,311.9115588011124,0.455805025344598,143.5217525126136,116.1953872772016,143.88643860990263,136.1740383778739,137.14175888279829,147.46652683776796,126.63317295126689,138.0271730150901,143.96728120105797,149.95178397910252,29.733300300170495
2759,896.1291701201909,2177.8687699085203,0.22253431082848774,-0.3942844135868518,0.3357613714293989,49,0.0,0.008098806313265936,1.0281873611222925,-0.03018065261915873,896.1291701201909,2177.8687699085203,1248.7338803920804,0.0,0.0,311.8700896182368,0.4560484789482485,108.28289586114127,130.76247730729696,130.3826637517414,111.2441145612573,109.61192075738813,122.70930567949466,126.78976151934054,124.53116756238548,143.041922412683,108.38438248776183,32.99326849158993
2760,2520.2212209610284,2177.492451553399,0.8210656402275316,0.1159751581411892,0.3193065825093381,49,0.0,0.021370388905725277,2.2221743736573387,-0.8669453373962944,2520.2212209610284,2177.492451553399,953.9511186447482,0.0,0.0,311.1933774104439,0.45588746841679434,77.90564793833315,76.78953816978019,75.93807300698509,115.51727981546979,81.9983352663805,103.27234324326429,91.79501040469196,99.57428284944022,114.34166086107112,101.50975800038728,15.30918908894476
2761,2565.515339861159,2177.6582864902884,0.601965851217741,-0.22886451096779126,0.009283968313453964,49,0.0,0.22892431507729785,32.12898903995419,-3.767242651003226,2565.515339861159,2177.6582864902884,4088.8516744078793,0.0,0.0,311.17450531430865,0.4559555343471184,361.89454232138996,398.9729625996936,391.5901712112689,411.7767573542794,407.4434730354498,399.0980243776422,431.8586224207554,403.8309319414666,407.247395979771,406.69116402985674,68.44762913630551
2762,684.266510862008,2178.742229848156,0.7653335908792047,-0.4217570227927778,0.2398253252289986,49,0.0,0.01506722629550696,1.4371431086612945,-0.39375004178187767,684.266510862008,2178.742229848156,935.9967244564587,0.0,0.0,311.95836467088543,0.45640826581375127,85.69052174577273,83.98257069360693,103.1436693933105,90.88353812103895,80.38838785739497,87.54790141528191,89.40882464037175,87.2707850255992,89.91199656543155,121.73514778967518,16.033381208975
2763,2448.9777148220223,2179.4196004046526,0.629340764413186,-0.15154612693722552,0.043172643066235195,49,0.0,0.04405510205967493,5.875269188773473,-1.9225694239639812,2448.9777148220223,2179.4196004046526,1355.267611077346,0.0,0.0,311.22306163667616,0.4566919361556604,114.23216982736311,125.70987170515612,128.16541816448512,140.83330569237148,135.5977260799449,135.8134096445996,134.3332061183901,143.18081348001118,135.80806982572048,131.42412983868832,30.169490700615334
2764,297.9725037904088,2179.1758936432434,0.9650489500541638,-0.14466332766082585,0.23333215407883315,49,0.0,0.012164347767306141,1.082917316334577,-0.08648824583274062,297.9725037904088,2179.1758936432434,810.4889901649947,0.0,578.0825910538074,312.11931361557436,0.45657860463531624,56.4199834162944,87.47328016460474,84.55247245047414,65.72657804305157,57.09404076087591,84.47793737253429,103.53310193676657,67.97331245189392,116.82928302392634,66.18552414912617,20.223476395446504
2765,807.7567048536343,2181.3042583916554,0.3127096875091494,0.28041341892432164,-0.3743362234236691,49,0.0,0.009042884299012476,1.27646469429809,-0.2650220179181115,807.7567048536343,2181.3042583916554,935.8589660878788,0.0,0.0,311.90691125922734,0.4574782878989058,85.6830415306563,98.54109743684563,104.88713115431482,93.44344756826135,94.62720366163147,84.28343669511287,91.14632008650545,66.03732424982974,95.4873413195394,100.8672925277455,20.855329857436228
2766,1647.1459182884103,2180.641251973154,0.5567953358896106,0.0610777560581398,0.003180001178822297,49,0.0,0.011853228470744307,1.2803489053462016,-0.2683208362650497,1647.1459182884103,2180.641251973154,942.7432531180829,0.0,0.0,311.557161384765,0.4572096159800416,67.63739371449432,106.34777032857275,79.85947233498524,102.37750518805029,101.20073114985631,85.61521064205621,90.37348251002985,100.90960452618337,113.48816391322761,78.43989794603421,16.494020864592677
2767,1965.6154944930877,2180.834934860043,0.46960393066410755,-0.17089891817603953,-0.04714435477550671,49,0.0,0.07035565152364404,11.071727525752017,-2.6105384732372605,1965.6154944930877,2180.834934860043,1990.0218430077907,0.0,0.0,311.4244630399837,0.4572887300924846,180.81094074998668,169.37215012133552,195.75524823667766,227.38483796984804,202.23788467603487,191.4969274986508,184.18912096809825,180.6807725514948,219.3546870062069,193.34748378375338,45.39178944570396
2768,1277.648273771729,2181.3766601099674,0.4236343989774899,-0.45857705911825275,0.09618349400026131,49,0.0,0.00962502657411475,1.0719477857290207,-0.07543407877892634,1277.648273771729,2181.3766601099674,926.4554296294327,0.0,0.0,311.71112202316556,0.4575147958833797,85.77562555782055,94.11364640311186,84.89069830150711,81.02996666833559,87.31626728453216,78.92636781787402,95.5918554481987,107.19295760437976,94.51674617445889,97.6064549766189,19.494843392595236
2769,2721.09925576783,2182.195821816371,0.47962950544240374,0.2974024748587536,0.11043637189351745,49,0.0,1.374483564941399,203.61744855347433,-5.772037477946182,2721.09925576783,2182.195821816371,29565.917839498525,0.0,0.0,311.10968087802405,0.45784216573193354,2591.2183759231193,2781.5214609496343,2827.710250325231,2999.65700356709,3028.291068358005,2939.572568831929,2904.698175293861,3056.700349957693,2922.11588408055,2913.596707103524,600.8359951078852
2770,724.441631225099,2183.199745610012,0.7253066346622424,-0.3522859830081708,-0.1307630378172528,49,0.0,0.024101361519928404,2.6165994129519747,-1.0443430990519977,724.441631225099,2183.199745610012,1096.3591647642615,0.0,0.0,311.94162540985025,0.45826636223361517,89.55961009878666,100.91787039404802,109.38269750073849,135.2153218603889,97.72233732423587,120.71029693655744,114.76605265967764,103.54694375297878,80.47849269885229,118.32292734592801,25.736614192069332
2771,1593.5869199832273,2182.9773346926413,0.5575495351114182,-0.516508713944701,-0.10280235741648874,49,0.0,0.06439807232392983,9.162780092514256,-2.4050681589658334,1593.5869199832273,2182.9773346926413,1723.0496756740604,0.0,0.0,311.57947814542536,0.4581829921116136,168.20896504456914,157.0770663008883,155.26339507948222,191.2362371931912,188.21161729270221,158.0402675053221,155.43587838058602,175.0069891147562,181.07392797362456,159.68424316190792,33.81108862703079
2772,2419.5576579156827,2184.367073290727,0.481473398569571,-0.4672809817612292,-0.18419215388033117,49,0.0,0.06584487481829043,10.729234060324961,-2.5764217990324347,2419.5576579156827,2184.367073290727,1686.2487854119418,0.0,0.0,311.2353197776085,0.458753902195955,152.41533636123305,156.57050300645312,138.55518124503936,190.99048833092434,189.0656042229722,180.50608393032803,139.85372273472353,165.182038592801,182.638610882014,159.83005102219917,30.641165083254034
2773,2304.826736600854,2185.168681396825,0.4401814740097931,-0.001764824379834032,0.12059623588809439,49,0.0,0.03531999136452974,5.759954345319413,-1.901047602805239,2304.826736600854,2185.168681396825,1314.167988980988,0.0,0.0,311.2831239536268,0.4590900152857615,113.2107530353517,133.88523802101454,132.34060406919974,118.21096649374957,124.52992529323112,136.579042813099,140.16841684364547,117.80346485102473,132.94042134364852,137.0545181238695,27.44463809315409
2774,2408.6452964041027,2186.1457742148823,0.24192282410611468,-0.4898664127541232,-0.3357551786524909,49,0.0,0.008235509434102898,1.4584827746591784,-0.4097532606847562,2408.6452964041027,2186.1457742148823,881.6845303682715,0.0,0.0,311.2398665241116,0.4594952167726984,76.0874570443727,82.61206702242663,81.6383310978776,87.04083339501791,80.17243481691568,98.25945849332541,91.77708847971553,93.54503732958224,88.37632114584876,84.83360207872815,17.34189946446085
2775,832.4469595494155,2186.6503772018186,0.509043589754188,-0.5820644770153408,-0.1259980367092379,49,0.0,0.03332308819611619,5.226274970051163,-1.7954806388295799,832.4469595494155,2186.6503772018186,1160.9514467874715,0.0,0.0,311.89662379509906,0.4597062287104081,112.32006916404788,111.09605896367503,122.57435930678443,118.41730326034192,121.64797226512681,103.4753647629934,105.71992293355058,115.02340346643034,127.23012244873183,109.87380333058232,13.573066885207066
2776,2377.9846235854234,2187.873590538967,0.6779762976724529,-0.04134996790608336,-0.11906526268688594,49,0.0,0.03929218893263469,5.061985424854871,-1.7608022258632658,2377.9846235854234,2187.873590538967,1139.0121908358344,0.0,0.0,311.2526416593966,0.4602157063202604,101.71973250545021,106.45531700869216,99.58437246245562,123.29471085682849,104.10425552508218,114.41862702656327,126.10931094974411,124.40161210007491,122.4842053899671,102.70173242240767,13.738314588568667
2777,657.7801841363533,2189.033833906497,0.7172398779421246,-0.4936551917959507,-0.0578788216274815,49,0.0,0.01508752577597825,1.5166930782343995,-0.4522442619286555,657.7801841363533,2189.033833906497,952.7003197356441,0.0,0.0,311.9694004992432,0.46069566203117596,79.74336008966787,92.93975064235337,81.12238749469515,82.84949026176534,91.57980247783664,102.22431581348238,99.72329021073779,111.37323297586404,106.87616289420376,84.97739116127468,19.291135713763175
2778,1725.7742734460946,2188.774796949619,0.6298890779632613,-0.5394429385560923,-0.010945825447379704,49,0.0,0.1743090276304582,23.051605860823702,-3.406752963381581,1725.7742734460946,2188.774796949619,3402.2719793181286,0.0,0.0,311.52439882065016,0.4605983670503439,324.25319282846056,312.96485672230756,324.75926761083167,333.6586111587084,357.17130849289344,352.3357272574729,322.1161172411395,332.98375876014046,322.28201107842375,351.6206801194408,68.12644804830926
2779,1878.8601006655008,2189.197506848642,0.4011827403214565,-0.2692664475615372,-0.290997220693756,49,0.0,0.010644579322445422,1.3647753366824837,-0.33765291402908315,1878.8601006655008,2189.197506848642,947.4988922507574,0.0,0.0,311.4606117245375,0.4607737400168534,99.6634470227352,75.95004171825374,100.62155359067245,76.2191860347468,100.83815708476979,87.20882427572252,90.43504783335541,109.6983716561391,111.30323858751034,86.26479771782947,9.296226729022637
2780,1978.6908037253982,2188.84570793246,0.8342822821000015,0.17545492630077664,-0.12321724523652361,49,0.0,0.012712922550926207,1.135843036840222,-0.13829579995147193,1978.6908037253982,2188.84570793246,945.4369397572223,0.0,0.0,311.41901487474126,0.4606263617896601,78.08844899278176,87.4770949841778,81.84600730494515,117.90908992648748,91.71856866092747,94.21419012587921,88.44551152563166,100.31725456057386,74.72944977391819,100.06334255387198,30.627981348027763
2781,964.3931265910807,2189.619679318368,0.5921752829809536,-0.5306685306312016,-0.06251343490121149,49,0.0,0.09293227548445412,13.577997778819595,-2.832089333233898,964.3931265910807,2189.619679318368,1897.582248593345,27.222476047251092,0.0,311.84164641424,0.46094565419225336,168.25737125157715,206.43015695373936,189.2608049991585,194.80170264472545,166.51577909480577,180.44542612779355,204.9412827000508,182.80231004167098,186.5453640738695,185.4436591972385,32.13839150871512
2782,1236.7530389607157,2189.414248997171,0.4724656038606515,0.5583077597554138,0.922768552686659,49,0.0,0.009495961037167216,1.1799914457447875,-0.1796971473345898,1236.7530389607157,2189.414248997171,1226.5720272945102,0.0,0.0,311.72816202254955,0.4608633792572699,104.84990416035768,123.35557725836124,122.04489723704123,121.13940082060239,117.77760297682556,130.6685082452929,112.31841653101093,116.46769836831837,113.83966189766046,139.0232050617655,25.087154737273863
2783,1191.5217577799067,2190.591858979333,0.32341818462133193,-0.17954708366217742,0.07231808366773454,49,0.0,0.010515503247206516,1.7040475675271927,-0.5787042842137958,1191.5217577799067,2190.591858979333,887.4458442911498,0.0,0.0,311.7470086830902,0.46135361296759203,73.67828201108361,89.93656985147379,89.69309931266538,71.59033485620245,81.59305074531355,111.62088180732314,93.9373190074662,81.43976568288052,88.58669521382453,88.301684021515,17.068161781401646
2784,2070.2903748679882,2190.663319589603,0.7122196335612652,-0.22426291422459854,-0.20991286880136575,49,0.0,0.0136124824802227,1.3822620402160553,-0.35147595389105113,2070.2903748679882,2190.663319589603,1015.1263578557764,0.0,0.0,311.38084785722015,0.46138273557482773,103.23634805700542,112.5020410663875,72.3361585506739,99.96391086024671,115.84083233934643,94.2349919745795,101.02849506846968,99.5969791639528,101.71245825255922,93.6974070113209,20.976735511234303
2785,345.6600998912784,2192.210985238435,0.8085829584269171,-0.9376338196486684,-0.35734503038616205,49,0.0,0.014214521211815384,1.2232810906269596,-0.21881565624882976,345.6600998912784,2192.210985238435,1098.213235852898,0.0,932.7758732582106,312.0994452335329,0.462011040563243,85.93085728741576,104.10731676401714,114.942374895516,107.45666026918946,119.7721707675834,89.11867140922925,119.47425089802756,92.82474833009549,123.89075753507143,116.10679757309805,24.588630123654205
2786,668.8952971713528,2192.1588376839454,0.45159725122176897,-0.2173034035479438,0.04257607679389897,49,0.0,0.027103203213708314,4.2444148038811305,-1.5695445515472999,668.8952971713528,2192.1588376839454,1166.923486514914,0.0,0.0,311.96476934313716,0.4619979468605984,100.31607799342397,132.87928321520127,93.05129933660075,110.88183622972794,114.52793164916523,123.34198433778948,112.76226504360491,104.66468310615218,128.38931041229637,128.42137374795132,17.687441443000623
2787,1229.2043112305964,2192.2689056619984,0.6295927164691032,-0.253008039480658,-0.06472743076876783,49,0.0,0.04755960669294668,6.341954433591219,-2.005557793332458,1229.2043112305964,2192.2689056619984,1417.483689749955,0.0,0.0,311.7313073882871,0.4620527256593198,105.84635793508926,147.4460721849398,148.03658035613364,147.41333574131022,137.84816804613666,129.4778350248996,137.5169756766465,137.9004505150013,138.15556654529945,166.1178140919016,21.724533632596938
2788,1663.9840315970798,2191.9453160070425,0.7881222221627041,-0.526138371676698,-0.3843327078984647,49,0.0,0.012863339512312872,1.0354630068349204,-0.037836469530834235,1663.9840315970798,2191.9453160070425,917.8796371290819,0.0,0.0,311.5501453362322,0.4619195342626691,93.78331916655404,88.62176102386016,93.55410378625099,71.90409552649925,95.03092620770767,97.5687930848579,78.28800967344951,103.52077478766041,97.57875390849847,83.2777627712882,14.751337192455232
2789,785.0007305184671,2193.5326722266454,0.5506642588285214,-0.06396726319022956,-0.07808046050424704,49,0.0,0.011099248147380128,1.3974671292122334,-0.36335400334671636,785.0007305184671,2193.5326722266454,830.7353556863649,0.0,0.0,311.91639292225636,0.4625728352167553,79.16359052950999,85.38670097005479,81.04031206045406,76.82200265565058,76.37959594847271,76.75424963346028,83.59192724915893,72.11604950004399,90.8604295238955,86.37594842443188,22.244549191232153
2790,901.2468605988146,2192.990287736853,0.7267430991129796,-0.43662385950215704,-0.06759243799547379,49,0.0,0.012148697547867612,1.2333367027592752,-0.2277041395597399,901.2468605988146,2192.990287736853,867.323953099946,0.0,0.0,311.86795737449637,0.462349002532377,79.44769373384995,86.83722721232954,83.04700702189578,81.25093220372207,97.26942934457205,82.55258241214068,71.35989629996384,80.29690784623088,97.42564159677762,91.02928782029079,16.807347608172925
2791,2473.1409910554626,2193.098207030607,0.7253482816296332,-0.9471377410213591,-0.595710346313029,49,0.0,0.012159256397260367,1.067595448995394,-0.07101678446252258,2473.1409910554626,2193.098207030607,890.4677441930041,0.0,0.0,311.21299363260977,0.4623906352060004,86.05990557582729,86.38478629385142,88.64958555854892,80.58893941224423,87.47503958123659,87.70534701725727,73.76983286438072,85.7735529109938,93.82389687303626,102.11324349755739,18.12361460807029
2792,555.888451334846,2193.973155514488,0.7608789781555002,-0.732508585269168,-0.10330963310926293,49,0.0,0.02470333516964766,2.4381611155026186,-0.967656001833675,555.888451334846,2193.973155514488,1403.3003076720597,0.0,0.0,312.0118542115096,0.4627511486817593,140.88602836804813,122.85815817707095,131.43483934802532,147.11754390313723,121.9590624141946,173.0873653364492,152.60023534617028,131.92740709093772,119.60005906590226,128.27786651544653,33.55174210667758
2793,2539.7690415802854,2194.4468922475903,0.626298839322827,0.06811241291410126,-0.0634563468071766,49,0.0,0.019273424951311718,2.2354096037342566,-0.8733927810221342,2539.7690415802854,2194.4468922475903,998.1718190642828,0.0,0.0,311.18523248973526,0.4629510878098146,84.99067586855548,96.25323103507006,113.92839596691675,109.08050930160222,92.24764991967913,94.282494888158,95.21514916206087,91.87572663948625,98.3988274503692,101.36723653641482,20.531922295970013
2794,1954.113443387607,2196.6000562118593,0.5388011070441,-0.3662664796317834,-0.13441784831403203,49,0.0,0.009522060655281776,1.051444164655657,-0.05446553771565804,1954.113443387607,2196.6000562118593,901.300989019023,0.0,0.0,311.42925557497415,0.4638574886965417,71.33782111138025,86.28208842620045,91.88984265601701,99.12072491652192,87.43704290382105,105.2334806158893,89.05783555330194,69.70507434992547,87.89408456824431,95.40502576592263,17.937968151798714
2795,2666.097682746339,2196.9985742521562,0.39049711828380407,0.15875519331028645,-0.23281463691872498,49,0.0,0.01428821484405233,1.8784187910991537,-0.6844810603299114,2666.097682746339,2196.9985742521562,1153.6504706426122,0.0,0.0,311.1325970985879,0.4640111365207579,93.16343395810742,121.83557141470104,118.80012474222507,109.28767605441936,121.18057403159368,120.73271868347348,96.16211075245117,121.59866810498613,127.84001454692412,107.23452678589041,15.81505156784019
2796,1114.6472920465299,2199.030227288147,0.7252069285489613,-0.2946570891477949,0.011275607379455741,49,0.0,0.03101336159873794,3.7547274118207614,-1.436446033217835,1114.6472920465299,2199.030227288147,1046.6845665730207,0.0,0.0,311.7790401607529,0.46486867296093254,102.99503631313614,109.25023908219899,97.14848919277564,94.54336572827368,105.4763410050551,108.00191571971652,114.01317083641928,95.05729472581505,109.86532634950865,91.03444359938246,19.298944020739153
2797,2042.126635039015,2198.6240033837216,0.5919566269212653,-0.2531025357697079,0.05518383858966425,49,0.0,0.22736738558243877,33.41253507298165,-3.8097735691042933,2042.126635039015,2198.6240033837216,3853.95718327141,0.0,0.0,311.39258285223434,0.4646999212884218,359.2569544265316,383.76920917265466,394.78103932256414,393.7459068689146,363.64036317717284,370.1969555040352,380.8937961977198,377.69709904277437,383.03707154432806,371.9380308051549,75.00075720956008
2798,1730.2883336133043,2199.93940931303,0.4054006452628972,-0.07598316640675076,0.43701884441426236,49,0.0,0.009767638215434206,1.2379151840318754,-0.23172722485890143,1730.2883336133043,2199.93940931303,966.8341663831193,0.0,0.0,311.5225179037864,0.4652501860107289,76.52913601115546,82.87657747285016,108.4462082265635,110.31897994062925,95.08493802716542,94.88180694400249,88.34125205632358,93.92223650927036,101.3977830375446,97.41959259231406,17.615655565300365
2799,1849.3263146561087,2200.042564258487,0.9799818054064404,0.001691618042844487,0.024099846828462997,49,0.0,0.01811831701021779,1.6214255563225435,-0.5247425348189529,1849.3263146561087,2200.042564258487,967.6439133575557,0.0,0.0,311.4729176778577,0.46529261188860294,90.64989035779577,84.02773063417214,99.19857941407095,86.23527914553523,82.8612553846548,100.62341056781494,98.66891052782259,113.53877273495786,93.66076152712301,94.26720245433049,23.91212060927791
2800,750.8084226927931,2201.572013906286,0.7682217224784929,-0.5800116751822512,-0.01556276974798659,49,0.0,0.040191257919326435,4.298639052004672,-1.5833274495546976,750.8084226927931,2201.572013906286,1311.6803745787101,0.0,0.0,311.930639604484,0.46592173742151305,115.34481940284229,124.05399799377804,140.51178224839623,142.28367727030462,119.36192308644627,123.9570934783784,121.69989573185147,125.88003552333473,144.52829091472873,121.82586496440439,32.232993964244955
2801,1655.649697473966,2202.0413369510075,0.3521253563043039,-0.35049739648872624,0.22649099715670123,49,0.0,0.010760100757865071,1.3482585926219501,-0.3244329919562327,1655.649697473966,2202.0413369510075,1079.3005953275183,0.0,0.0,311.5536180491928,0.46612614223827864,90.78241540011274,113.557953480066,119.84981628189686,111.57578533887349,102.53381428138132,99.38810405229363,103.21109478441521,115.31679241439949,102.16390542574527,96.89926689862803,24.021646969706424
2802,2638.905886430149,2200.5611060362803,0.44555581424762875,-0.11931229925095953,0.04958506763059433,49,0.0,0.02838266336694973,3.940125477520789,-1.4887751315481734,2638.905886430149,2200.5611060362803,1405.1812178786463,0.0,0.0,311.14392657337334,0.4654961562715043,154.26954296199992,121.89266335613132,129.15504523506107,129.69155011257297,135.67164556670417,131.75765665892067,143.33243577453294,137.21087043369823,151.32106346023562,136.49605299058823,34.38269132820129
2803,1030.3439388351758,2201.72972147079,0.4772487960388081,-0.5619536892694169,-0.47058155980065774,49,0.0,0.012305445939185042,1.584569242285108,-0.4997780542012451,1030.3439388351758,2201.72972147079,963.3309911108848,0.0,0.0,311.8141668799018,0.4659923368230322,92.24550661449453,99.60945559136705,112.47361145906339,94.9726615073285,103.79989088773087,83.62305566195425,85.20526088566092,85.5807919528908,88.64147603397197,94.03624497529529,23.143035541127297
2804,1652.4004496565442,2203.2997424621417,0.3362381853297707,-0.26174806331268835,-0.42154786048081805,49,0.0,0.00955876067983299,1.3297801218627647,-0.3094495915981451,1652.4004496565442,2203.2997424621417,1088.8364872182551,0.0,0.0,311.5549719333501,0.4666504720630104,88.57994145714181,120.07254247994246,127.23416520382395,110.86380701766855,97.4480762132604,105.42987397958325,102.10083743025824,105.99391663208178,108.98214886524241,98.64518972141951,23.48598821783297
2805,2146.8398105246965,2204.812263594681,0.5598778145545329,-0.4529307354416968,-0.04440495781082579,49,0.0,0.029436731408531577,4.239240656553144,-1.568220179098301,2146.8398105246965,2204.812263594681,1069.767165281784,0.0,0.0,311.3489518667745,0.4672770222055478,107.5460634603354,98.1065576372954,102.25568505145361,94.02929803583152,114.52830527816994,85.04708015773794,138.92445657893967,103.68374051501664,105.92879206289282,105.40675527847831,14.310431225632716
2806,2804.0994138568226,2204.766368960068,0.6743846801940786,0.5787123200402389,0.8089893062511676,49,0.0,0.013527167712736933,1.0602907660785599,-0.06356244803713011,2804.0994138568226,2204.766368960068,1362.6534995475809,0.0,0.0,311.0750988454258,0.46724368998385435,121.39661832425207,114.32918937899062,134.83591593553376,149.4577537580471,120.84220812056797,137.61295383448999,133.98308103917236,144.6853133383645,131.22157609503276,149.99608569239177,24.292804030737972
2807,2479.9645009257615,2205.524160875095,0.9316792907859339,-0.23726314238889853,0.2689484625290781,49,0.0,0.026351346293146637,2.3344112505822183,-0.920443419039224,2479.9645009257615,2205.524160875095,1186.8990908111914,0.0,0.0,311.21015042816975,0.4675677657367377,87.24018169877469,118.14645964884605,123.1355402782093,126.74867338377538,120.39561790170222,123.34966296122494,126.29496694151399,108.68027595764123,114.78224841115866,110.52242314355921,27.60304048478556
2808,1504.7180673825317,2206.797451242701,0.8241352840011984,-0.4816647116522042,-0.12862704920373302,49,0.0,0.020372992409176085,2.0140355582224507,-0.7601678346148438,1504.7180673825317,2206.797451242701,979.6994506793916,0.0,0.0,311.61650770535505,0.46810774223385865,82.27065348107969,93.37027941245327,97.59415141818485,100.47536357326153,95.26247375026233,111.86717932542494,98.68394894411098,104.49699902291519,90.74644207081903,87.51246715516069,17.41949252571903
2809,1454.2626716229943,2208.8184962571167,0.6990098999973499,-0.6364739768337564,-0.09364566305803368,49,0.0,0.07013335521290304,8.794951371739018,-2.360583606344475,1454.2626716229943,2208.8184962571167,1601.8930660789824,0.0,0.0,311.63753127107776,0.4689496762725798,125.50052432966257,157.2962042828805,151.50113704230762,148.59353334152757,156.41780085252964,153.39003574751212,160.15316981306006,178.54277675459446,163.30907629759366,179.20373758731304,27.98507003000121
2810,1550.802549971099,2209.0631440885613,0.8903329993919031,0.30527406425402553,-0.20150673362841917,49,0.0,0.02263145486397394,2.336258105204864,-0.9213020527298119,1550.802549971099,2209.0631440885613,955.2722761400701,0.0,0.0,311.5973053902218,0.4690518454233554,95.84913433800347,98.52289413914113,98.80976478749821,88.48205450468105,99.84105301982824,69.7049644283241,89.72116636132215,90.9479971662324,106.7344998328528,93.57251521125016,23.08623235093627
2811,1490.5635557011547,2210.016987950422,0.43244710481781484,-0.5754251624994575,0.002421204232614868,49,0.0,0.09027188744206853,15.159740196313452,-2.9517293963346978,1490.5635557011547,2210.016987950422,2392.5429066968927,0.0,0.0,311.62240555879566,0.4694491531738078,247.83277755404202,250.93855828545463,214.57394336234572,222.7450546479629,241.01065027481826,237.8408903548098,245.31882088037133,228.68669727987324,232.33293955809688,222.84749887352174,48.41507562559627
2812,2479.5797807419012,2210.93144905183,0.7012852392794295,-0.17121265685645914,0.04736075736840924,49,0.0,0.01730807683315348,1.8087803768276696,-0.6434645944267271,2479.5797807419012,2210.93144905183,1170.055427675874,0.0,0.0,311.21031067130826,0.4698207207995352,92.15425316532857,108.70953828350639,124.75388752922612,124.18051281919887,122.73729256840657,119.26626451102368,121.19489302305503,100.43449094356005,115.37054470237246,107.39931375553155,33.854436374664715
2813,2666.615723119352,2212.55121748149,0.4669599674128879,0.22761814340704373,0.11438722182347517,49,0.0,0.3087244409071045,46.61552592648589,-4.171326470972883,2666.615723119352,2212.55121748149,7619.15158052235,0.0,0.0,311.1323810674004,0.47049107109573707,674.6831213797625,727.1556785206353,749.1188905402528,780.6846449461761,729.0445966967163,767.5238558545079,742.1747799362072,768.6806100235142,764.5970334584795,770.5425413215214,144.9458278445777
2814,2807.5879132505447,2212.944541916609,0.522991461566934,0.48300669749892067,0.597486079237998,49,0.0,0.029160815721406417,3.188973453864031,-1.2591272600952061,2807.5879132505447,2212.944541916609,1616.8450952037051,0.0,0.0,311.07364526889506,0.4706509601853538,142.0394689407767,149.22648964982156,148.6087246588901,169.5084117404815,146.04952348596004,168.85270737592194,175.18568553873922,151.4576260392347,147.75323383759962,179.21541527028796,38.947808665991744
2815,1649.1693301551156,2214.4049446202143,0.7062930935817648,0.05643785769038844,-0.049235483982585065,49,0.0,0.02147569186723151,2.3830435204384592,-0.9428299343530102,1649.1693301551156,2214.4049446202143,1026.8761513178704,0.0,0.0,311.5563182585209,0.4712775527835951,113.46059714347732,111.23448879931698,112.28001899015032,106.3237163510405,91.34765998436053,97.09126715287323,92.79015850404356,80.34228683780648,101.8385628310981,100.21070868232866,19.956686041374773
2816,1935.4193360913755,2215.191648375372,0.7756035158553878,0.128485257402865,-0.05386206905087407,49,0.0,0.024435888917746014,2.571888200613962,-1.0256302149542036,1935.4193360913755,2215.191648375372,1121.2636115195667,0.0,0.0,311.4370448486318,0.4716039701754662,102.19083416773887,117.16673765324018,107.97170089119552,116.10022272635291,122.7962553926383,121.46300712869801,105.56348717222382,99.26892639803505,93.45607134640622,115.28761833448101,19.998750308556982
2817,1065.6355134722792,2215.7805813224813,0.44319501883114043,-0.7502357145489619,-0.31403390748704046,49,0.0,0.01127154755944149,1.5560669163829366,-0.48007067313638846,1065.6355134722792,2215.7805813224813,943.623344710873,0.0,0.0,311.7994620344646,0.4718471834492272,71.80069698940946,108.60254251033803,113.0861402092441,88.80952596267619,85.41742281480998,93.52043181235328,96.88930715169116,85.80169466882164,84.85357583934601,98.2091391562347,16.63286759594847
2818,601.2363435203466,2217.71822684782,0.7082228041993529,-0.6659506284503105,0.4358543894806115,49,0.0,0.020327220257341055,2.03741018121878,-0.7726961801424679,601.2363435203466,2217.71822684782,1088.9058762897803,0.0,0.0,311.9929601302611,0.47264560950706813,91.13051944186243,99.54541328056526,119.92761719412607,102.83067670620026,102.89290199258708,106.2218796831041,119.64581709710907,114.47247716190068,104.30745682736926,107.76887343097812,20.162243473977856
2819,1946.9979918510303,2216.6345930071557,0.6343150467322124,-0.2907727015946109,-0.03782213235877279,49,0.0,0.18808374078291706,25.945320558381617,-3.535147602096178,1946.9979918510303,2216.6345930071557,3309.76431178966,0.0,0.0,311.4322203174253,0.4722050847651645,312.71225613217223,357.8782174787451,287.7977683046728,337.5439220392784,329.86953948551604,351.29537147152274,322.1865766015204,310.93519976583826,303.14894548233224,328.8894420757284,67.50707295233394
2820,2522.838724970208,2216.887136976626,0.4073892199627993,0.09404023244230579,-0.13562381645157467,49,0.0,0.022411492079348606,3.522422122298761,-1.3671035000320553,2522.838724970208,2216.887136976626,1139.6217173495738,0.0,0.0,311.1922863937033,0.4723011841671668,117.18070512209115,117.1177750778757,86.72860929587739,115.70656486661326,131.6086154844185,107.06652003731418,112.41464847242872,113.63892016822605,109.5157952975174,105.27203760809874,23.371525919112734
2821,1236.718331691682,2220.0171640487974,0.8405138720891107,-0.003091619732258179,0.44916502003851566,49,0.0,0.012682780548478772,1.0700119083899895,-0.07347152766929033,1236.718331691682,2220.0171640487974,918.3808248854386,0.0,0.0,311.728176611019,0.47361430269956467,84.5273302209983,82.45931647856163,98.57898306866326,99.34290820276101,86.79333621820327,87.93981651121365,81.04189329055596,79.60541546734072,101.26523368110895,92.81746665082696,24.009125095204844
2822,1681.5121700600137,2219.6222118268015,0.47120769728192613,-0.7188536022060524,-0.1467750657913757,49,0.0,0.013816177549174975,1.7589856976444744,-0.6131557705320335,1681.5121700600137,2219.6222118268015,955.3625084871699,0.0,0.0,311.5428417518829,0.4734513177782332,90.07328224134395,96.08543576312576,84.36050577924205,98.48555577057476,100.48913358816272,98.28521570947409,84.98054473538969,93.66757986661817,90.56533741486916,101.2142611107171,17.155656507652445
2823,2422.854712283071,2218.6482934243254,0.5690376770992055,-0.33392909731457354,0.623040337125485,49,0.0,0.011275297287646688,1.3437939735588984,-0.3208317227520075,2422.854712283071,2218.6482934243254,921.2003153025798,0.0,0.0,311.23394570096866,0.47303714993614826,77.49766546522014,80.83542909903747,109.00149145976386,95.17568478996611,90.1806111296238,76.54593362700835,88.39352693730488,85.20787903886512,93.77985520463822,104.32889194464212,20.253346606509684
2824,1195.8707667695485,2221.3648051868377,0.6720580037129221,-0.6967889058166135,-0.07536328574762687,49,0.0,0.02400911561628761,2.825369591049623,-1.1276881665431413,1195.8707667695485,2221.3648051868377,1029.6329365169631,0.0,0.0,311.7451967117127,0.47417541290471227,87.4810147579528,119.98238614642062,111.80982708537455,114.44105938315339,96.15828985006345,93.02541443336625,92.17209975196076,96.12592211528114,98.58575166105939,106.51275619829738,13.338415134033553
2825,1777.1154278079857,2220.624281558283,0.7054299859626333,-0.3589268272363698,0.12386198567833334,49,0.0,0.013867154032713398,1.4706737426373182,-0.41879084652356413,1777.1154278079857,2220.624281558283,1025.3788707516892,0.0,0.0,311.50300613942915,0.473868529661747,85.94235027544659,89.57536956003413,104.79702403588654,103.45794842938558,96.17104290387914,118.25133312636149,89.48712097931791,97.55106965607155,106.78723641048953,108.4774545599578,24.880920814858975
2826,2467.820356832614,2221.1661322821924,0.5480839761464218,-0.2543640110079051,-0.1410716381491834,49,0.0,0.01218980978244468,1.5836976603187545,-0.4991806877865795,2467.820356832614,2221.1661322821924,833.0394492958757,0.0,0.0,311.21521024898453,0.47408525699698995,69.9293414124023,89.1122191067488,87.07104355336588,76.61634917737103,83.90430562158636,82.64984633410481,77.23606607099757,92.14542500162207,77.1130324929951,85.66868603205452,11.59313449262725
2827,2660.0129655950313,2221.5499293508815,0.5088348143790202,0.19839233642618512,0.1663763971497774,49,0.0,0.40007030061957627,58.69122397152056,-4.421432916420439,2660.0129655950313,2221.5499293508815,8764.798445840186,0.0,0.0,311.13513200888127,0.4742405223097923,774.992598637957,844.5754946899586,846.895097975029,931.9759161370032,815.6991817481703,839.2605288664099,872.7729420149809,900.1761850586034,936.613777714332,846.6321554422466,155.20456755549503
2828,2816.2677708598753,2222.1575560702104,0.5333278561083301,0.5646726258399245,0.2978660830669504,49,0.0,0.03346103889426904,4.21416886148194,-1.5617798344334761,2816.2677708598753,2222.1575560702104,1524.6516554190175,0.0,0.0,311.0700287284482,0.4744892270626641,147.89448843759362,157.79567377642013,145.98095463149664,141.6366734780565,158.67712896460296,139.61636002907977,154.79994659330274,122.9835475843113,151.48210450893373,166.7466500993715,37.0381273158488
2829,759.4897376140506,2223.3990515527753,0.6099028023106055,-0.6086956821368098,0.15043599782805514,49,0.0,0.011971150198428478,1.343095475557922,-0.3202672152796626,759.4897376140506,2223.3990515527753,899.0405282185102,0.0,0.0,311.9270226507882,0.47501616703165267,99.65794827230472,85.20396600451198,82.26756888234075,106.00836928755321,79.68779675341915,101.4830640304093,81.66114243832118,83.59017652979762,75.27008114438536,87.22408812652245,16.986326748944478
2830,1639.8410510242197,2223.52274389547,0.8997874684785537,-0.33432947116097106,0.1397948560025394,49,0.0,0.025586737496109655,2.3136030799768568,-0.9107221344199774,1639.8410510242197,2223.52274389547,1037.627218650984,0.0,0.0,311.560205129756,0.4750765690413092,100.40102106582118,111.27126880939682,92.86915457687701,84.59596974445883,94.33877976398267,100.27055936373853,96.08141718370786,117.3008897945493,113.58549290214864,101.49747078177481,25.415194664528606
2831,1835.0066525643495,2224.4822429246474,0.7543394296099729,0.05200456224438642,-0.1502591152415608,49,0.0,0.013971677314769724,1.3960906321884496,-0.3622840324328758,1835.0066525643495,2224.4822429246474,934.977877558902,0.0,0.0,311.47888426001543,0.4754756801075499,75.21116755485775,80.56094014805606,79.49871176331527,95.92112999169035,91.215993156107,100.48446060712806,102.2369490970037,88.94350324868878,94.0628537971162,104.06571285345385,22.77645534148493
2832,951.7885480687531,2225.9774428975807,0.6323811182004719,-0.5474439027649416,0.09612911248593461,49,0.0,0.029380624270945576,3.7792243002033246,-1.4435066710797706,951.7885480687531,2225.9774428975807,1051.5957887287861,0.0,0.0,311.8468985978802,0.4760940608426148,92.98259668777669,115.50400972676522,95.51394177402176,114.91910734150551,101.75011521328818,108.27725123944128,115.23578764910116,93.61201530145321,91.9139343156701,104.19097612053308,17.696053359229904
2833,2381.36967558422,2227.45632805191,0.9625943944004698,-0.21088600858354142,0.1531974901010639,49,0.0,0.016327758183202853,1.3856168652475152,-0.35410790196781344,2381.36967558422,2227.45632805191,908.3961445792954,0.0,0.0,311.25123088147546,0.4767078618699991,72.60352114165171,78.17908401114437,104.21803600630743,110.22983289459611,97.60156090792105,66.60102864429555,96.19793169187022,91.96925168998918,85.2022589636602,90.80217114526741,14.791467482592136
2834,1422.8025624493187,2228.8303409591376,0.5812160558618474,-0.34270851392790236,-0.015955058944860358,49,0.0,0.2624823715216511,39.12283770905452,-3.9810758701896938,1422.8025624493187,2228.8303409591376,4388.548041882684,0.0,0.0,311.6506399829883,0.47728764296096954,377.36919801644126,416.6046172105564,402.3402363327215,447.54419924987593,453.97222662748106,420.5711954556149,446.2502861738593,441.6138758143927,468.79208454413526,428.96516699524284,84.52495546236204
2835,2096.189777143986,2229.185935699675,0.4644867601615541,-0.10175921092260419,0.21790889314075315,49,0.0,0.0608797023741781,9.929247097215141,-2.492290796484793,2096.189777143986,2229.185935699675,1713.822066354598,0.0,0.0,311.37005610451354,0.4774331009105633,143.0475955602019,151.26486496965626,175.06020288414177,167.44757172694307,157.68240856828587,168.97469064277414,189.75478713859354,181.56690373979393,171.65887196976996,170.51599813481363,36.84817101962399
2836,2230.889228023164,2229.54823974301,0.6876610604123365,0.5630277546269856,0.931670491532384,49,0.0,0.01554687884806909,1.3384106784640855,-0.31647348242979145,2230.889228023164,2229.54823974301,1148.8846081874306,0.0,0.0,311.31393091418494,0.4775821413024724,105.82806659837945,107.10812869103492,106.39795601446161,115.104049470909,133.58509768964814,102.51285940253166,95.19841462699245,133.58225482896404,137.364990341102,92.035123589382,20.167666934025384
2837,874.0254277559062,2230.951816546293,0.7594704781534874,-0.4414932480413675,-0.2527705559963396,49,0.0,0.016196451276490186,1.765839142836158,-0.6173778486695369,874.0254277559062,2230.951816546293,895.8398395818388,0.0,0.0,311.87929991161377,0.47816529815178943,88.17160084277985,95.07910161430748,94.00448858808477,86.61132070843976,85.93360885612498,87.49146761001852,80.35265849753492,76.33575144290086,85.58253830493463,100.24008337182639,16.03721974488662
2838,2273.2087213698105,2233.6242098573452,0.430198904482512,-0.2785060769193804,-0.07620589693386204,49,0.0,0.015451097827839093,2.4339391801766155,-0.9657743044519402,2273.2087213698105,2233.6242098573452,986.2701600038533,0.0,0.0,311.2962977286534,0.47927970969214545,97.9004900446881,105.18384939210078,106.55031338550617,95.82115957653761,97.81757065859068,87.26253276898593,89.24312718786504,88.3733762597638,95.93885657392343,103.75336995670432,18.425514199187543
2839,2696.6592209141663,2234.1977189944496,0.6966247157397429,-0.21384343372234324,-0.28691384224416094,49,0.0,0.0122537660314959,1.134710915605866,-0.1372130816898292,2696.6592209141663,2234.1977189944496,970.7851787366455,0.0,0.0,311.1198631486973,0.4795091669684091,88.50944769278783,103.02887997668617,97.5569701436458,85.10251292859282,96.65509808559659,128.45522566916463,86.86287123725604,93.41890464907146,75.79280790425123,91.0385563183197,24.3639041312734
2840,2912.454022205831,2234.33061533604,0.2389064640740517,0.3849721801888381,-0.24354840596016722,49,0.0,0.037921787127175456,4.799189462362742,-1.7029197383622439,2912.454022205831,2234.33061533604,3856.1994617394284,0.0,3271.8699442000398,311.0299533640159,0.479557948325697,335.0282717760124,372.152851313945,354.59847506098913,416.2312502818894,377.0479973661856,398.955398527852,378.0919076808478,414.3244078999767,343.8223490451615,408.9191320080172,57.02742077855195
2841,415.5123950588051,2234.6155078237894,0.6057329194464576,-0.9161536832564554,-0.0073298117451894625,49,0.0,0.014144560415747489,1.4793722898707415,-0.425193699175273,415.5123950588051,2234.6155078237894,1098.2337543485992,0.0,116.30615331970671,312.0703422975482,0.4796806664265233,98.13660067105307,111.98556015699316,115.32885965481387,125.93684263011733,93.11651934499702,96.40625680497888,114.22289552923432,114.06035222398053,94.63232333886747,107.12894871447996,27.27859527908366
2842,977.8025746104449,2235.3405331372546,0.5997205015216496,-0.42505737419642625,0.016224696312398822,49,0.0,0.014259916825834,1.5884465938929364,-0.5024315443392934,977.8025746104449,2235.3405331372546,1315.213377960681,0.0,0.0,311.83605945620724,0.479995642885633,126.97346019293867,134.08847132428656,120.83900249467197,128.0764875876121,130.3173558554581,129.06670188969156,140.4592104427095,134.14668556859664,134.6982801684205,113.87556856476412,22.67215387153142
2843,2833.459837920127,2236.517300943211,0.4634539366967913,0.3787688657552231,0.5716832046991702,49,0.0,0.010531090364960586,1.2912900251392487,-0.2775594905838802,2833.459837920127,2236.517300943211,931.9990549024863,0.0,136.38697000349418,311.0628655608575,0.48047156032231725,82.83770476847178,103.22035276279455,86.67967554536183,104.57214671797016,97.9849564656462,91.25740062818026,79.66157123650255,84.87276239902164,89.82019769422512,97.1885236698729,13.903763014439253
2844,2758.3701222397,2237.5713654935357,0.4037781781087743,0.12381276035950571,-0.28001509104084404,49,0.0,0.00933450610172973,1.1588522027018568,-0.16007012648359134,2758.3701222397,2237.5713654935357,970.2839849418216,0.0,0.0,311.09415132875625,0.48091300960592814,92.43429709936129,92.32967909685053,76.26378879782212,110.441370124444,97.89125909936762,97.56316657330143,80.60659111931314,108.10872198227986,95.91302128628942,101.2820777340776,17.450012028714596
2845,1228.9499433761182,2239.381191715614,0.5662962817969867,-0.44206118297454855,0.700222430057716,49,0.0,0.00947180552059327,1.0407493556172045,-0.043365376660720045,1228.9499433761182,2239.381191715614,935.908291031209,0.0,0.0,311.73141357607363,0.4816823776370383,88.68473690118782,79.93983497831448,92.91378460714134,101.2381344955586,97.1916409152356,91.98146973837333,91.34246115564375,104.29658780989092,90.71076032191961,77.03741169703221,20.571468410911297
2846,1739.4940508938055,2239.125538574551,0.5700308280181993,-0.9352672153554324,-0.4570134927384739,49,0.0,0.015052134657145621,1.9377377832274758,-0.7182375187293881,1739.4940508938055,2239.125538574551,931.4067344393718,0.0,0.0,311.51868203983065,0.4815773700977091,82.33765305166241,93.34666369988572,108.05487511695665,96.88450963770853,94.9300688437172,101.60858190784361,84.96582837892223,95.79315303662884,79.18502995698202,73.92042959391512,20.379941215149408
2847,1658.4727185344823,2240.13990384147,0.7541263034525489,-0.47615684874934633,-0.06748036356352564,49,0.0,0.01604896398548915,1.6029612042411863,-0.5123075286117122,1658.4727185344823,2240.13990384147,959.0615248226468,0.0,0.0,311.5524417377739,0.482000216341956,77.04373434425129,94.60107525896376,108.08121357563135,75.82523871510668,112.94861002489078,93.37265366387513,100.24180760464772,85.3129454675164,95.41221703339409,94.37780518812013,21.844223946249524
2848,1360.2273881006256,2241.6829119703216,0.5146835299220497,-0.25517042383371497,0.23555943096000329,49,0.0,0.010638139011715543,1.2920675510458468,-0.278213049394479,1360.2273881006256,2241.6829119703216,917.2782654099753,0.0,0.0,311.6767135792926,0.48264242850793965,82.81553080888114,94.3742462627255,91.71837830362693,95.83674288314745,72.37741698287256,101.86783437976018,85.68954085750713,105.80757411831867,86.37289723027857,78.44126561761706,21.976837965240172
2849,2575.7269944652867,2242.3952783129234,0.5587832761915481,-0.4015208290384305,-0.10492052365041069,49,0.0,0.01928475211472156,2.351045847540271,-0.9281527458659454,2575.7269944652867,2242.3952783129234,994.5412672290845,0.0,0.0,311.1702498532838,0.4829278333096006,78.69662483638866,99.6167887060598,93.61346206659837,106.17530162794102,100.12192989068902,84.92670123987648,101.84982088329971,99.75639108417334,93.240973095917,111.2692370141668,25.2740367839743
2850,487.6128941346257,2242.843611322468,0.5931220165827227,-0.800174452720874,0.29012861901591674,49,0.0,0.0296556253400046,3.318660205462622,-1.3024069691902884,487.6128941346257,2242.843611322468,1423.3765175578321,0.0,0.0,312.04030189173227,0.4831109580766953,122.87767514685473,117.48003045172355,138.42242155044056,107.0260570136966,152.9825041694965,162.962390000014,144.44466827719543,148.29915273478713,148.4535454382663,154.06762102568433,26.36045174967299
2851,1595.7572832349358,2243.2931450959545,0.3981606257533472,-0.21024927396771662,-0.18121222997478834,49,0.0,0.009636576242864871,1.4016237692122682,-0.36657863449972133,1595.7572832349358,2243.2931450959545,870.3326410314446,0.0,0.0,311.57857380986286,0.48331408084414024,60.92002082862655,82.62829468205054,81.13750995246531,79.61609075666726,108.43863560846373,93.69740067828337,96.48689592707002,93.98787256729966,83.6658753108249,83.63327017132659,6.120774548366642
2852,1940.4308394727107,2243.0429837149527,0.2611444881595456,0.2048352636264277,0.28147042227839675,49,0.0,0.00851579578323067,1.2278794507979247,-0.22288932820354734,1940.4308394727107,2243.0429837149527,882.7968974830316,0.0,0.0,311.4349565770268,0.48320837305209846,94.76687266722435,76.20746573092987,88.09168769018731,87.5905925197502,100.20544403897698,76.80605577299508,77.47528173067761,95.4715662140207,93.00167402870369,72.82299501230285,20.35726207726293
2853,979.7302404966373,2244.2263348103234,0.5890285280854284,-0.7339475599096466,-0.14420157926340266,49,0.0,0.047838597142815194,5.685030129178754,-1.8868319266936864,979.7302404966373,2244.2263348103234,1974.5115845663136,0.0,0.0,311.83525632174377,0.48369797292724437,177.0149103240802,177.67257920342928,198.47202514924382,199.78274269271287,212.55052228547646,189.09904406557268,185.04683480787583,200.02614082520043,205.60154107489547,192.94640077595,36.29884336187651
2854,2393.0458360517077,2243.3384603121963,0.509208621426145,-0.3158761120702956,-0.24064679515520912,49,0.0,0.010188017771344758,1.1927496277891876,-0.19137322426138087,2393.0458360517077,2243.3384603121963,823.077078706955,0.0,0.0,311.2463657125822,0.4833249344274117,83.90806978037472,74.69293393119807,77.09290097980407,99.6878169654643,74.50477278939863,86.7597639803233,81.04289346520227,85.97038773226511,69.54011328985028,73.84923692359575,16.02818886947845
2855,2350.685834090992,2245.0810570826543,0.7622595226241192,-0.2992248932482526,-0.003870271370471215,49,0.0,0.01328195434805321,1.4038983786657329,-0.3683391811974568,2350.685834090992,2245.0810570826543,821.5870299455728,0.0,0.0,311.26401557810345,0.4840518248710601,75.85155390716164,79.489967929512,79.04521242165943,63.1047409427603,83.27247591850912,95.7335747765112,91.08456633753147,69.63113511210587,77.50335744827935,93.98551275065597,12.884932400886488
2856,442.5147064522618,2246.1242082408,0.8802113627910901,-0.6672037651033376,-0.17407881062491895,49,0.0,0.03345829313471394,2.9783302052107454,-1.1849321149632903,442.5147064522618,2246.1242082408,1372.545624188229,0.0,0.0,312.0590920282446,0.48447648682585726,109.91702805537872,141.58366615944882,124.920258419532,122.26317250027388,132.86284344541298,156.9410171328336,144.28035378538112,140.71560166906863,149.9176908894892,125.82655096931478,23.317441162095463
2857,520.9511996169646,2246.936909020886,0.41987310105454995,-0.3777745593919611,0.22906785572130814,49,0.0,0.011551015645238642,1.2833404185215347,-0.27085468122465084,520.9511996169646,2246.936909020886,1105.9311163430525,0.0,0.0,312.02641152205166,0.48481734244707725,97.5673773819417,116.92563896155175,101.30009812088107,96.25171912563022,120.66730584410101,123.29787140273227,110.56160406154294,116.58158276000061,99.54043293892127,99.11211213633624,24.125373609413526
2858,589.9281358859316,2247.006227003137,0.6032932102047426,-0.7938671406827045,0.041166166972947615,49,0.0,0.014365293980745344,1.4633135635880046,-0.41334349532783843,589.9281358859316,2247.006227003137,1247.9230024186406,0.0,0.0,311.99767208195243,0.4848480716498816,117.57219509208508,121.08026383325438,121.61369121532553,118.54584730933965,128.04454902880963,122.25135141819445,108.30591713782545,112.68538755620372,127.04693401845026,143.41032349923137,27.36654230992114
2859,828.3387895835895,2247.300104167654,0.5874759816267121,-0.4365373379686342,-0.039264849524713354,49,0.0,0.03225740781161319,4.598815413461508,-1.6566149456985737,828.3387895835895,2247.300104167654,1147.6057404610822,0.0,0.0,311.89833605213886,0.484975964676341,114.02410436978462,100.07102890573717,94.77221622009543,129.68675551303937,115.4902955688581,107.8604315246939,131.6392323378103,107.61998728360625,117.16570791611504,107.05839349180805,22.217587329533735
2860,1470.1562949010738,2246.6321053400484,0.579531132041495,-0.40199581281286506,0.01384446250088553,49,0.0,0.908503245838327,132.84478976344056,-5.30836131460454,1470.1562949010738,2246.6321053400484,14390.847172807655,0.0,0.0,311.6309088339023,0.48470506625782034,1276.5522041104937,1350.0617822938352,1385.6151912163123,1393.5914147487067,1476.0184436113475,1512.7611935754453,1415.5461967915398,1481.9125398770348,1443.0594354431978,1364.9258974595618,290.8028736801791
2861,2661.3071538997574,2246.575313503441,0.5901461041482317,0.38032997637850646,0.15214438522630894,49,0.0,0.016279498421841673,1.5294620148987934,-0.4613467387304788,2661.3071538997574,2246.575313503441,1266.6274084394151,0.0,0.0,311.1345924803082,0.4846671996784434,101.48212922246768,113.33802018537318,120.53205083575794,125.57968920770972,132.9698495143194,120.23642480631416,126.87049326694049,139.90991735507376,126.82450489077347,128.43449295465132,30.44983620003392
2862,926.8900945174618,2247.5133361050307,0.7301765001328572,-0.2518673194085419,0.13509397911774243,49,0.0,0.067956392414919,8.492217260270438,-2.3225527409751336,926.8900945174618,2247.5133361050307,1468.0422397009588,0.0,0.0,311.85727312982664,0.4850666354335122,125.91106831584516,143.5611600536203,137.55716018450056,164.83728469723053,145.7752390195334,137.04533204667956,151.0440484672279,146.29178540733403,153.93600556898292,131.56646141111804,30.51669452888657
2863,1091.1221914980983,2248.3485085065868,0.7376670320529358,-0.42697724017857835,0.02316276017036692,49,0.0,0.03494888002385632,4.079776816074677,-1.5265910142207928,1091.1221914980983,2248.3485085065868,1168.2124213759125,0.0,0.0,311.7888426736702,0.48541710576161295,110.74164590828491,113.53026834449092,93.03488598167792,120.42248533464178,113.89757934923438,124.8724963707513,131.3017749750569,108.56345384438464,121.67454501027603,111.79829330561063,18.374992951503053
2864,535.5476057474118,2250.6987163222816,0.518549439563549,-0.8677952849677469,-0.5799703149085982,49,0.0,0.01339768403407521,1.4979978435006365,-0.4387779703971907,535.5476057474118,2250.6987163222816,1109.4797774673943,0.0,0.0,312.0203299510774,0.48638508157580335,107.95058843274045,119.0471525661697,109.49065142614991,110.20564336073335,96.54436383902463,108.8135207096405,113.99677259118636,118.55097434160922,96.42830853046839,107.93464018825583,20.517161481416117
2865,1754.3431765980233,2251.8128796463507,0.5457382725316731,-0.24824810187835802,0.010489439910007245,49,0.0,0.04154055546165042,5.957908515563132,-1.9377345757091646,1754.3431765980233,2251.8128796463507,1404.0124356982515,0.0,0.0,311.5124947370687,0.4868635872315514,135.99128624431634,137.93646712974765,149.19550716580582,138.46530817973758,135.7595894980607,126.72222878311408,152.61305687791344,138.8168308768308,134.01395362652406,124.68705152418156,29.81115579201945
2866,2019.7107813099208,2251.9944616807634,0.34630623252246245,-0.2783913965320433,-0.05874020989323153,49,0.0,0.0242905090506102,4.588464162413924,-1.654168360136501,2019.7107813099208,2251.9944616807634,1142.1115284736784,0.0,0.0,311.40192266362806,0.48693728664345587,119.76336472045777,102.37515724507848,110.59123503799154,119.75477997868865,110.52936287400132,99.58086158963934,118.27337798033199,93.39402030431437,138.52353126117106,105.2249117850101,24.100925696993755
2867,1054.7698871711452,2252.896957991377,0.5534647323492201,-0.3901894991602527,-0.28435173187477336,49,0.0,0.027710473163993738,3.81283704259366,-1.4531206107355183,1054.7698871711452,2252.896957991377,1136.2805141320473,37.435745166726,0.0,311.8039896479019,0.48731174345010075,77.53967263725204,117.06910517346535,75.12939862908593,114.72954263918952,129.23400755928571,128.80282137803653,115.87249954320973,130.79964368954595,114.3295287282658,115.06887326720317,17.70542088750738
2868,2280.8395986378114,2253.660424464564,0.7202049601376483,-0.10401291171388127,-0.1444659251565432,49,0.0,0.043227046145506653,5.117247456114458,-1.7725910469380766,2280.8395986378114,2253.660424464564,1248.154542827081,0.0,0.0,311.29311804053043,0.487627716793561,121.98492411010824,125.8472168308885,123.77629238448114,132.270834176802,130.62081317816674,102.18408752554052,133.57011875566536,111.68801265019228,119.16814862698145,119.88208757366588,27.162007014588998
2869,2133.026870688148,2255.8033121006856,0.726401151569639,-0.2761378487845868,0.02657804510439889,49,0.0,0.07428136751509593,9.09453791821601,-2.3969515950388813,2133.026870688148,2255.8033121006856,1646.5076555054616,0.0,0.0,311.35470699617025,0.4885228713149467,161.4503510669859,168.8654982490441,174.9574977728139,125.13062824645536,170.643936533866,154.3518797179205,160.26442880975236,144.43448377408043,183.60082721386516,173.93132524535585,28.876798875321896
2870,2638.9840808890867,2256.2687650192574,0.44040813186580274,0.7227919771097786,0.26324160812517877,49,0.0,0.02324193570733983,3.0668973611368506,-1.2167481045814312,2638.9840808890867,2256.2687650192574,1371.2829733031665,0.0,0.0,311.14389333417614,0.48870653269047865,113.87808429186367,142.6908258732158,129.10976955530487,139.18719273180668,145.6787128342737,123.77665209715829,140.46983153194122,144.00767308297966,124.3401569024158,142.86212721016187,25.281947192044857
2871,1231.6152573258482,2257.230156027846,0.45078109905447933,-0.4392213642715941,-0.4394331308033429,49,0.0,0.013631048323970246,1.8618840082231298,-0.6748815544520205,1231.6152573258482,2257.230156027846,981.580460664412,0.0,0.0,311.7303030844213,0.48911927941824734,111.26739086987644,109.30405581498542,107.32571935433094,90.89740493264819,89.71357990890648,93.98452293371881,100.33139709428214,89.91057525567714,85.98766287858221,84.91793395799772,17.940217663406543
2872,315.50615173342123,2258.2452362895165,0.9640026421364772,-0.08220713573164684,-0.22024841746403545,49,0.0,0.01444649783405356,1.5772916666433876,-0.4947800220056231,315.50615173342123,2258.2452362895165,537.5358914554816,0.0,306.896250666111,312.1120095661489,0.48952260667083375,43.8246619673922,53.30872832034184,57.89810527887905,45.38476062521096,51.28890833852225,40.85786243023726,52.5159413169328,48.89077202019846,62.35838987576932,63.06469811513368,18.143063166863833
2873,570.7898453599059,2257.7826882454847,0.5345413643021354,-0.779457009860193,0.050781416021306015,49,0.0,0.028154208061158113,3.651015654764924,-1.4060342377861552,570.7898453599059,2257.7826882454847,1271.0819386116607,0.0,0.0,312.0056462546305,0.48933753645526246,117.08079254336289,126.16242561783952,105.73543074206015,155.03024684727382,115.01417203814196,126.92931602461734,136.14054011013343,126.75846526810142,116.67314383568403,124.97236535701859,20.58504022742747
2874,661.7913347964329,2257.887580245658,0.8788886207674238,-0.35446816380664825,-0.28775147746830904,49,0.0,0.01214829270500914,1.003285867447368,-0.0035617367536123832,661.7913347964329,2257.887580245658,885.1334061858308,0.0,0.0,311.96772996252525,0.4893835571327787,88.03651480918549,77.06414693947451,97.87368661573647,97.88329764091955,97.1958921399886,73.00720631483304,98.00505199058564,84.83919204688286,84.1671860068739,76.4232922681519,10.637939413198701
2875,2319.974618459564,2258.5146829819755,0.5881792510524004,-0.3059599352912971,0.5186404907114881,49,0.0,0.009139470539699664,1.0861117765255912,-0.08968630675603587,2319.974618459564,2258.5146829819755,851.6355595144175,0.0,0.0,311.27681175841394,0.48964954451067666,71.07491470278018,83.78532934599966,89.90881173368479,81.99154764065626,92.84455386865307,72.07167988746421,84.19334034723184,88.98787452201753,89.02223831594898,82.51246575497086,15.24280339501024
2876,2590.7077733361502,2257.69571748553,0.7694771125281221,-0.21213622453381947,-0.005638978752762468,49,0.0,0.02019105464655122,2.061169611885535,-0.7852843274285014,2590.7077733361502,2257.69571748553,1190.137313612196,0.0,0.0,311.1640078545089,0.4893023327998221,121.76553120959147,107.99613983492452,110.97066170417506,113.24473802311911,115.69363891981898,121.5981178827049,114.95458581957257,114.38803797808858,115.14851720295857,125.86345762143733,28.513887415805215
2877,1477.3406471380915,2259.831699599485,0.5288874113481348,-0.4581245555157564,0.08788802206651085,49,0.0,0.0499045157032341,6.916583991809867,-2.0997291379481027,1477.3406471380915,2259.831699599485,1725.805066078457,0.0,0.0,311.6279153008016,0.49020479441191145,148.5107989484813,146.96980146050186,178.0070620953789,179.51219641898354,173.98763596023804,179.75092390362516,181.25400749360062,171.447502118868,167.52396278740753,166.06144234735962,32.7797325440126
2878,1551.43705945589,2260.0413955682366,0.6421858083655049,-0.4230443938303287,-0.06268546770959486,49,0.0,0.20975950364224694,29.102204514195872,-3.659814720925887,1551.43705945589,2260.0413955682366,3496.517415692613,0.0,0.0,311.5970410335378,0.4902923311292975,318.3311360272835,307.05938643414663,347.58713001086346,358.88287381893616,358.4365521301535,343.037083287329,307.4679434966183,379.72713407032427,350.86750582890295,358.58213826690763,66.53853232114805
2879,1955.473352363776,2261.204034386056,0.4975254344605488,-0.19247378802551562,-0.10153045761819232,49,0.0,0.08353181766348203,13.20671853122161,-2.801987305047231,1955.473352363776,2261.204034386056,2010.1501610083474,0.0,0.0,311.42868867540005,0.4907751487943393,164.3814117319423,192.20254494210752,225.3214000268623,195.88835293084307,187.80273465776375,189.66826693838104,195.23033268055255,200.87847345718802,187.22024716551186,223.09329352669488,48.46310295049999
2880,2597.16846987358,2261.2040311105393,0.5327170775571842,-0.3700562035236312,0.1789620398057385,49,0.0,0.013212144641124409,1.5248955174709538,-0.45810021946877644,2597.16846987358,2261.2040311105393,1175.9153550492902,0.0,0.0,311.1613159308502,0.4907638921072763,124.4236008669392,103.33148263220562,118.3154004251029,109.85242659369571,111.68430279169002,110.52983231457576,115.83763749925008,108.19056061439196,129.38136525512618,122.1704115929427,22.19833446337001
2881,1559.9118693639487,2262.1268182877297,0.6204777059226195,-0.32478261488583743,0.31687669930425516,49,0.0,0.013772109505999578,1.4197980497129015,-0.3805664381889827,1559.9118693639487,2262.1268182877297,2039.3960802186664,0.0,0.0,311.59350977541067,0.49116124702254643,192.3834955630515,193.58656757371978,201.9457768034372,223.3314523718542,198.46427111703673,206.431797538101,186.89598373491867,203.40219701426514,192.6003212959593,206.98182175342504,33.37239545289806
2882,1749.3213696834205,2261.5151394175955,0.6972667199064144,-0.44060364170128724,-0.07381703705316212,49,0.0,0.0934801993991089,11.805106511419584,-2.6801747746218085,1749.3213696834205,2261.5151394175955,1945.0396269636976,0.0,0.0,311.51458718969934,0.4909061206209677,199.92358221651205,169.2438456079194,178.0455681368644,216.7850199403711,191.51659347088474,193.29951555981734,202.88567986879417,192.24076553440534,190.19786037854567,174.46674200497574,36.434454244607856
2883,1489.538531237341,2262.440843775558,0.32940451406965676,-0.46201488782778694,-0.0971721547318088,49,0.0,0.03211884664487551,5.81801699670273,-1.9119374641422553,1489.538531237341,2262.440843775558,1562.0792910401433,0.0,0.0,311.6228327284809,0.4912919493900465,140.4456410243547,167.8161523217479,142.0173080119895,142.5907388012733,158.78198251663758,160.1070312587244,161.52842743348845,167.45555069463668,152.43005738681296,140.45382627421418,28.452575316263395
2884,2444.1984505012565,2263.138310335586,0.7988959575773111,0.043613129716707014,-0.026338177654752586,49,0.0,0.10461962099002865,12.379148161608335,-2.731726902210813,2444.1984505012565,2263.138310335586,1859.5712287854162,0.0,0.0,311.2250521620919,0.49157346111163275,149.31520579095923,179.22854399125004,190.61078259100634,200.4672357363089,169.4648303746025,189.22557201321368,183.15760493123744,183.81778508111933,198.28398518256137,185.60653159406934,30.393151499088056
2885,2778.23732788267,2263.238110008427,0.4303445194925767,0.5472164894530034,-0.0674553862687844,49,0.0,0.056055562391383464,7.721069445862289,-2.2191936466519677,2778.23732788267,2263.238110008427,2321.654848910627,0.0,0.0,311.08587337619093,0.4916062653404819,204.3099535690472,220.87510766475793,216.73187634282652,247.334174854586,243.9882260395272,216.24049796735204,204.19592797428805,247.95608149446974,242.1620634690702,236.18505230093547,41.67588723376669
2886,1345.0489473262717,2264.3619179825628,0.24847270319089268,-0.021938675245185193,0.11825251181698683,49,0.0,0.009509904908479779,1.7547255407767524,-0.610522993674836,1345.0489473262717,2264.3619179825628,930.6571012865068,0.0,0.0,311.6830381307218,0.4920916892156842,76.55515474140762,70.46747993536164,87.66937100871189,96.59561019435768,112.6863417612193,97.13906684300139,96.16739853065181,86.86028001601318,93.27760915863853,96.09783622383134,17.14095287331239
2887,2230.6688534143,2263.5605731165597,0.5072069773237509,-0.004486120889548289,-0.05540559449196276,49,0.0,0.1500168113877843,24.517004438449653,-3.473668514195304,2230.6688534143,2263.5605731165597,2910.7084947996905,0.0,0.0,311.31402249297713,0.49175348869365304,270.159234590361,270.37733854997805,280.02061862998175,270.22463999756224,300.38141649510067,265.159900076278,296.375815468011,300.42435597207003,290.5775171059814,293.7154887855267,73.2921691288403
2888,2468.8042758633687,2264.5429964026584,0.6226039461585728,0.046074485374723126,0.04907811702119947,49,0.0,0.09411616945942868,12.603758748443106,-2.7512502041177544,2468.8042758633687,2264.5429964026584,2021.85424150605,0.0,0.0,311.2147998599677,0.49215817414495366,167.03095830105582,179.7116333214247,181.24953357464153,208.72587404886207,206.82225708694924,223.28059078364873,196.74290925440295,204.43793652420834,205.05754645312322,210.79194625090386,38.00305590682936
2889,2643.3846732066118,2265.0741874521655,0.21962842645319106,0.5750250676906539,0.006374379484593808,49,0.0,0.01329444006947783,2.0074938588201117,-0.7566355634762767,2643.3846732066118,2265.0741874521655,1267.3497098204293,0.0,0.0,311.1420597085622,0.49237515028158463,107.21496636450513,130.15681949277118,135.66065853924863,132.07781965627612,126.0004419031129,141.89080731509114,112.49402338537564,124.06077179328368,105.74473481036311,130.95633190801493,21.092334652386796
2890,1698.573990446156,2265.90442270072,0.8043819664994727,-0.26690487721592965,-0.018400935910023855,49,0.0,0.03299226312870636,3.4570822341102065,-1.3467742757257875,1698.573990446156,2265.90442270072,1198.567090188908,0.0,0.0,311.5357324406888,0.49273510828951167,100.91590969115484,104.89134453252655,116.01062152877253,122.01975013308507,120.38519021110022,135.76104746652112,110.15750089972072,107.98776736929986,128.43203399631457,128.01728663695548,23.988637723456932
2891,1811.4911498924791,2265.9444751718083,0.35416351053997946,-0.044553451108837655,-0.5365441818081149,49,0.0,0.013866255948125935,1.7082002594158325,-0.5813469587118382,1811.4911498924791,2265.9444751718083,1042.3445876432743,0.0,0.0,311.48868249721096,0.4927513417082045,97.46100625788841,95.54754482955374,83.85367322326536,111.49439135993154,103.41741367702303,104.97625487291185,107.74664257652154,113.6278424466336,91.2703054546385,112.05284287440253,20.896670070504108
2892,1579.6518067351572,2267.7499830370853,0.4971128860452215,-0.3214038506746744,0.014862841166342856,49,0.0,0.009584657909120314,1.1133120408937898,-0.11654226538523305,1579.6518067351572,2267.7499830370853,903.1042526986946,0.0,0.0,311.58528459625586,0.4935041933563914,88.9877835073853,96.41423554729909,82.24639005426138,95.06552886611377,92.41190883913788,105.10918734535532,77.6051045203287,79.04505512439343,80.90400145230245,86.46788853260779,18.847168909509563
2893,1836.539257723048,2268.862259482535,0.6565256442390848,0.06254202052746828,-0.0525981301685359,49,0.0,0.024443837795568114,2.8476401122785577,-1.1362127546104177,1836.539257723048,2268.862259482535,1045.689134183704,0.0,0.0,311.47824554160474,0.49396690888969447,101.88930461546276,78.20836710268154,96.89646320193444,126.42304659767352,99.0920067745358,102.52408021639579,117.30306634783526,93.29450563926599,112.61046998053065,93.08852828887744,24.359295418510918
2894,1442.8164112938337,2269.8938472392724,0.5324149554265155,-0.06273011796441656,-0.4405662669430765,49,0.0,0.010633402659442619,1.292976945137441,-0.2789769527871097,1442.8164112938337,2269.8938472392724,872.314204058568,0.0,0.0,311.6423007632239,0.4943971296283546,90.05719889462583,87.69061932918915,102.38554737729902,84.68323016063636,119.6782098708197,83.02040917409275,64.61516674568396,66.89067574076486,76.5662925841121,81.60147417166648,15.12538000967775
2895,723.4148646056216,2272.6092910175967,0.7011525416593642,-0.8866773847225031,0.08302193053620734,49,0.0,0.012002160515646088,1.1471065896315156,-0.14900943650998175,723.4148646056216,2272.6092910175967,930.6116388269212,0.0,0.0,311.94205411540634,0.4955187830990612,77.43029567198508,102.00243768315892,96.66818132421196,95.39112665577426,98.04448738071045,89.56956328125227,91.49058414135155,93.47098147411634,86.142581593214,86.021216484972,14.380183136174438
2896,2772.9985539797294,2273.358391142626,0.40462164579322824,0.598077900499443,-0.004478040653615194,49,0.0,0.05604621887774853,7.724707851837379,-2.219705158515915,2772.9985539797294,2273.358391142626,2525.8673028166268,0.0,0.0,311.0880559590242,0.4958229564664286,219.91450583219373,216.69380550975552,227.73750532858605,298.93681432106894,257.7169752077509,235.07010620507924,239.50494576228948,284.16165371379213,264.50435922077276,233.2103161760416,48.416315539296455
2897,2019.5286634144938,2275.3829775958716,0.4253167913690032,-0.2617942239761893,-0.015051277071209054,49,0.0,0.022966308866688132,3.548505056785409,-1.3751135711381584,2019.5286634144938,2275.3829775958716,1276.8626117535014,0.0,0.0,311.4019984355785,0.4966822316401514,117.76200663246954,125.12149480801799,133.03680143651263,120.8364247206519,114.42558926642715,137.34281795268805,128.21227353307793,139.94127384617335,106.8312989853117,128.14118373813804,25.21144683403316
2898,496.56946378476954,2275.7474948709264,0.6416924305834986,-0.8817759995027993,-0.1436466248751046,49,0.0,0.029840257473481083,3.3287693829048086,-1.3057092707084392,496.56946378476954,2275.7474948709264,1372.2470564371683,0.0,0.0,312.03657055216405,0.4968204066922902,139.94513635520164,129.86594021112043,144.04532943041824,133.14151517468832,132.03261559062554,117.34092911466277,165.78556598760332,139.57299186029704,132.78189647156722,120.21973540714518,17.515400833838694
2899,1042.13333321582,2277.20264328429,0.6707854710548573,-0.48285460927388413,-0.20916012314616714,49,0.0,0.011180420933194503,1.2046018003319598,-0.20210876976955927,1042.13333321582,2277.20264328429,796.3860650442982,16.437019869225644,0.0,311.8092550797017,0.49743861250877364,67.8726366911367,63.945629571092454,77.9972028806968,58.468550693278054,102.7336192148674,79.65918997516366,82.54495546101352,76.36348113433324,80.2063997801987,89.97967819782863,16.614721444689067
2900,318.03766678471834,2278.9063030923558,0.9710335310092906,-0.7895245644070764,-0.07851643146760151,49,0.0,0.010413811369820107,1.055389239171008,-0.058531654410236056,318.03766678471834,2278.9063030923558,465.38950787884954,0.0,188.6124938036986,312.1109551356492,0.4981308910656359,50.09043072947751,48.85862833667686,83.8663321318399,18.235622007010562,28.633730753834,81.31889626468634,45.0077886744337,51.6966785758882,27.475673983377835,26.983141871826774,3.222584549797835
2901,1364.292285157945,2279.3918130351003,0.200034883151513,-0.9661098251660691,-0.4824266881331711,49,0.0,0.009435458864389009,1.3436386736451147,-0.3207062388710597,1364.292285157945,2279.3918130351003,1143.1279281701022,0.0,0.0,311.6750199370985,0.4983541100729837,103.29828338077013,109.96570998304131,110.6303102029483,120.83345135634181,115.79348118284709,96.58361091741023,114.64508497645875,114.59226384290798,110.45327126075094,121.14368142494118,25.188779641684395
2902,2399.3648241922137,2279.332937117663,0.6779488322907499,0.27442647518931373,0.03892210732377007,49,0.0,0.030564094843687325,3.5682301275399944,-1.3811321394128517,2399.3648241922137,2279.332937117663,1244.1583055389817,0.0,0.0,311.24373249641576,0.4983219050610436,112.52442681024982,134.79968785054433,118.47884324910416,128.21385076167547,121.19752073404115,121.9964147310219,124.96835550663721,114.15307927868942,137.77486247745702,111.27698201645876,18.774282123102445
2903,2017.5564990245311,2280.947733890436,0.33446747582632824,-0.17532545114297196,0.4591976059579693,49,0.0,0.010465028831996499,1.1657760898014995,-0.1665378591154567,2017.5564990245311,2280.947733890436,1292.3427426201656,0.0,0.0,311.40282015767673,0.49900083477786544,123.97443047112189,120.43608043542292,131.89855427089992,123.92788651777131,130.85723610158368,123.99088077387111,131.03295980688904,144.39700681746837,112.946139049571,123.25207338360671,25.629494991959753
2904,601.0247483161279,2283.1535943879303,0.7128854883532333,-0.8903382003724436,-0.00346789509804619,49,0.0,0.012335735340140909,1.1416925142091672,-0.1438728837602926,601.0247483161279,2283.1535943879303,959.9764066895914,0.0,0.0,311.9930490376872,0.4999090109912121,85.30192047623902,108.04580817466069,80.53906237438983,113.92971528237706,82.74328080242823,88.8400928023826,113.84008394795094,91.89868902593113,77.146265072288,94.00965067463542,23.681838056308422
2905,1653.3642389735967,2283.796997934372,0.4158747483819971,0.07400828218379972,-0.0793388044502005,49,0.0,0.011674381080456611,1.6717198344454667,-0.5579087381558792,1653.3642389735967,2283.796997934372,985.6595216055551,0.0,0.0,311.5545702965684,0.5001902570286113,78.66695854218773,100.18365787872062,90.08466452583767,92.0863211585637,102.96297490195357,99.38671971334719,108.51983673592639,82.18362368671103,108.25032433262467,104.43424333920842,18.90019679047415
2906,465.5243168389576,2284.7746177035833,0.25042041518221403,-0.9703876633940058,0.26583302008553045,49,0.0,0.010946899492589755,1.4134662935388247,-0.3757136411819365,465.5243168389576,2284.7746177035833,1324.0283889684665,0.0,0.0,312.0495056198489,0.500580574787577,117.42396649347023,140.04748700032837,125.69396778802358,129.687630430659,134.52415616995535,128.09073205945032,118.52197954348249,135.53184200886557,138.03077299587582,130.55081265170665,25.925041826649043
2907,2552.658847145294,2286.149349636926,0.7244416379166975,-0.0006989662706189597,-0.29371110624443947,49,0.0,0.030264869520710336,3.64988397492402,-1.4056976475445064,2552.658847145294,2286.149349636926,1174.400873777834,0.0,0.0,311.1798608711859,0.5011584021518473,105.32689058355864,122.91571976980663,115.91398718406997,96.57125368886042,122.8151665645276,112.84113370157185,114.03379304775666,111.15043589872093,108.21007767782669,139.65054752138175,24.971868139752715
2908,2005.734084100531,2288.575823092855,0.5710726895370544,-0.1832686284395007,0.7500829842064806,49,0.0,0.015756833037189267,1.6736238310805578,-0.5591446281034338,2005.734084100531,2288.575823092855,1108.2971049992325,0.0,0.0,311.4077462111402,0.5021792410503719,106.162388819364,92.94266996535404,118.60687686326432,107.2045509418983,124.6706744071541,108.10716271487026,122.0346612329023,98.09119317435857,100.96220956308629,109.35253585670543,20.16218146027503
2909,1754.5846005482092,2289.613170641744,0.5577205856929242,0.1845942794603682,-0.29849623283310994,49,0.0,0.009446258574214854,1.0197381360096374,-0.02122165321131903,1754.5846005482092,2289.613170641744,911.6838597775634,0.0,0.0,311.51239407500066,0.5026133233982886,77.08544080788792,85.11947487320865,86.99303796436531,102.0376180034325,79.1356470704716,93.53181882658336,99.68817755298156,82.756667154524,90.0962339801681,96.19652963044328,19.043213913497127
2910,2196.931533657934,2289.01750236948,0.48990002870584276,-0.4363171878620378,-0.21245396615205567,49,0.0,0.039234223843822,5.880035913472012,-1.9234499465573063,2196.931533657934,2289.01750236948,1361.697015300616,0.0,0.0,311.3280796111478,0.5023607246663201,134.15591753454214,139.2036508452497,144.47965852623906,139.71840441085405,120.40801861613959,122.62166335511631,138.07445669013165,150.50788206018723,129.50577504590638,114.66587055134875,28.355717664901093
2911,1183.4807556492128,2289.8511771647354,0.3514064278311129,-0.4506662450123224,-0.32788065520630094,49,0.0,0.014367681409693552,2.213138855916901,-0.8625216578035195,1183.4807556492128,2289.8511771647354,1102.663130052962,0.0,0.0,311.75035961992,0.5027104941309776,91.91251403001553,115.59497905900429,86.96357767611946,108.04473821911103,122.3996718796753,103.79264657675255,115.03743457280206,110.45314274180365,122.26381477436342,106.69418488308261,19.506425640232074
2912,727.6662433459418,2292.091802497278,0.28077519948703455,-0.09659776636285398,0.21245651966824405,49,0.0,0.010127727753038532,1.5111947108465718,-0.4483010622345362,727.6662433459418,2292.091802497278,972.5626110942851,0.0,0.0,311.9402829280164,0.503636230573421,82.87528487691243,105.15582958953985,107.53177739389096,92.03703405397425,95.67217115629252,88.25095245796743,86.36831131492542,101.08689429709582,88.98358093807175,109.45013081709915,15.150644198515582
2913,2231.5201939221006,2291.268808220067,0.6632252666413258,-0.39275122566597925,-0.0785437298386917,49,0.0,0.058556120561561203,7.639985034330091,-2.2077312696348317,2231.5201939221006,2291.268808220067,1459.3043291451336,0.0,0.0,311.3136675670264,0.5032981713423316,127.60975625478225,140.3752763641329,137.348642248654,154.5986591268936,142.55836359296427,156.87758990544023,177.25399194372505,128.19288826422007,122.9838457634792,141.2295720106771,30.275743670164957
2914,1736.1252897139302,2292.453420452612,0.37728051027988585,-0.24993935888024776,-0.05233402733138612,49,0.0,0.05873630243901325,10.901091009050983,-2.593674913544045,1736.1252897139302,2292.453420452612,1910.458402675411,0.0,0.0,311.52008564094103,0.5037968014759573,185.02630217720366,179.2413063307152,176.05697439662785,201.66655927699685,190.32695633007793,193.05205681064115,172.64792387564356,197.56397272964665,191.4450648995887,184.9306949080181,38.50059094025141
2915,2005.001597682785,2291.387474882028,0.40088234966650454,-0.38513449442201436,0.031033907924291938,49,0.0,0.014731450341269632,1.873386411298213,-0.6815684143219403,2005.001597682785,2291.387474882028,1114.125792204411,0.0,0.0,311.4080514061093,0.503350735984595,108.76229211646603,102.35962802748782,126.1933966812221,111.59963186723908,114.63326316095609,101.43104776400135,122.24247110758034,85.56897512707984,109.78898126324057,111.38866524665774,20.157439842480052
2916,2583.929335124961,2293.367579984241,0.5372014656645964,0.06537714310876211,0.06823166465785266,49,0.0,7.26595265941571,1028.6109276107902,-7.530627834514149,2583.929335124961,2293.367579984241,147453.68718465813,0.0,0.0,311.1668317292707,0.5041650436066792,13255.70317492651,14159.465948338737,14146.624194497977,14501.516016701313,14686.366499101452,14770.258107512656,14548.14834631794,14762.237724167,14718.233355632976,14866.773676580055,3038.360140881523
2917,1110.2311219630449,2294.170663190653,0.5335126903974937,-0.36960323862488026,0.0069945450951217035,49,0.0,0.04003298044336222,5.9511190155721785,-1.9364965893611146,1110.2311219630449,2294.170663190653,1289.0429766178677,5.25786025977736,0.0,311.78088078315113,0.5045093396057123,113.97063352591502,119.02548317803702,128.03373994878888,135.70455625878103,118.290085744041,133.58395257262382,133.23848432531537,116.91764871035342,131.80136125264545,128.51457586978722,29.962455231579497
2918,2442.6951207156376,2293.7001753350755,0.9051470976620796,-0.2090240848314272,-0.16987705490706154,49,0.0,0.04683566953325877,4.733183295077665,-1.6878833077046433,2442.6951207156376,2293.7001753350755,1239.5658211458258,0.0,0.0,311.22567824842173,0.5043070561153371,128.0027198488514,106.94858382406596,115.40345143005584,132.03317109378418,124.78168445989702,123.82990588647124,125.86790496553641,116.2309590382958,126.73800229624723,118.1834980822553,21.54594022036538
2919,2906.0963437416217,2294.3011138677416,0.591820959186863,-0.6475350592061425,-0.5345241760107897,49,0.0,0.010016789314610648,1.1033531259097569,-0.10678632436889761,2906.0963437416217,2294.3011138677416,1034.7412905534395,0.0,736.2401650651809,311.0326013291714,0.5045441582217068,117.68060817701264,74.44941256078954,122.23620356193162,106.53420070534365,82.87114443932077,113.43006114883786,75.69119402783993,119.55193981338883,98.94329171109652,87.55971492415674,35.793519483721404
2920,1101.0939586881227,2295.060661662182,0.6847917876719534,-0.8394472907326125,0.09834182464489875,49,0.0,0.014273049444190297,1.3503814205897435,-0.3261411350544014,1101.0939586881227,2295.060661662182,1125.8324903274938,0.0,0.0,311.78468798943254,0.5048800397741892,115.31367736023222,108.6058792817463,114.63405731585725,119.29084786217909,112.49698213450169,103.63160971132322,106.98693735873695,91.63473844734905,108.29552411777895,126.84140782794476,18.100828909844104
2921,2551.8374072655633,2296.137410175584,0.8514819547422706,0.08861730573664814,0.04202308657302463,49,0.0,0.035481499202991734,3.604588540840159,-1.3921392443160605,2551.8374072655633,2296.137410175584,1315.71403698113,0.0,0.0,311.18020302196044,0.505319910196563,121.05925382339134,135.2940664597512,116.31134745793427,132.5194442497666,128.11542517794663,117.08599809745834,119.91565895351081,160.88786470770205,112.07956496846914,137.54393976332145,34.90147332187825
2922,1087.7117544707912,2296.8646750047833,0.456242558740079,-0.575682352763177,-0.24914470126906157,49,0.0,0.009283600791319017,1.131255173152216,-0.1339014455416013,1087.7117544707912,2296.8646750047833,909.4605142814978,0.0,0.0,311.7902639882208,0.5056315067154485,84.0610989085553,84.21775468177611,94.18678819513697,95.96832101997998,87.8042832520891,90.23312136507144,78.45836837669971,92.05927536750605,96.16038007314462,93.46595883808303,12.845164203455518
2923,2115.2364978407095,2298.4629386267775,0.5710805362826685,-0.5427618855776195,-0.0022671532652351954,49,0.0,0.01956583535268904,2.368000553394546,-0.9359544988604926,2115.2364978407095,2298.4629386267775,991.2595643651283,0.0,0.0,311.3621194790566,0.5062974013439366,90.16279182262367,104.63650415092518,99.47003719771774,84.49868677795695,102.4796775723193,100.87855161759015,99.95840173035626,88.79783783587538,98.49388585769678,102.10691776824092,19.77627203382586
2924,2063.268967770909,2300.87039499736,0.49880321603440886,0.45876299811102367,0.3782441417533279,49,0.0,0.010521287672071607,1.12984341562984,-0.13254564755811898,2063.268967770909,2300.87039499736,967.0317086835084,0.0,0.0,311.38377289656495,0.5073011566242067,80.66560374535096,82.37318071886683,95.59478230101055,109.84184291857827,84.98826469187907,100.69679414084605,97.90190026562706,95.98364923683502,105.5473739462748,86.72063187695613,26.717684841283702
2925,2804.1135207195407,2301.2949759178127,0.5358360487645346,0.8633589177614257,0.2891111922315406,49,0.0,0.012503883928419945,1.3349325161312076,-0.31364827920914184,2804.1135207195407,2301.2949759178127,1085.5665950312064,0.0,310.00223562122926,311.0750916438997,0.5074614946038275,92.60841953153647,119.25337459730456,105.20064016878709,105.43912915865016,124.0704343613478,103.53504185497647,102.63695151438773,102.11579814664725,107.59356443948602,103.28497265787271,19.82826860020997
2926,2872.053328439466,2301.0411963957263,0.39561750296907594,0.9768716179126733,-0.07570698799111109,49,0.0,0.08785162408630866,10.558632780437012,-2.559019214444858,2872.053328439466,2301.0411963957263,5038.5205090642885,0.0,4473.75017044745,311.0467849450742,0.507353504095548,452.1997931272532,534.5008851114104,468.6895159324072,516.3941561323413,482.5685888757717,493.23103469512625,476.79152337060333,519.6949406424676,507.1485912677084,490.4803258585215,96.82115405067651
2927,2270.481851695902,2301.379094456513,0.5017733440737862,-0.2997186993194347,0.2279785515557159,49,0.0,0.009233873989634614,1.0733299774575802,-0.07683314778063866,2270.481851695902,2301.379094456513,862.893095152798,0.0,0.0,311.29743340765185,0.5075099581659225,89.9411609791189,72.22824700716143,98.54949601422419,97.28858105412266,93.74876833084869,75.95164440599882,100.70173160773643,76.2181140453577,71.4159176536108,74.49226809690298,12.357165957715495
2928,1329.493058526006,2302.6620802715765,0.611550198547956,-0.6053997559958826,-0.027779630692465883,49,0.0,0.2804265522735451,39.689898138074426,-3.996699960789642,1329.493058526006,2302.6620802715765,4684.806671825147,0.0,0.0,311.68952000911565,0.5080495588112435,438.71619098675455,478.0321119270013,452.42995550169996,469.80725119867066,464.6582148749163,476.58281491165724,410.61436541576205,463.8811686497808,470.5090796869376,461.25228689461244,98.32323177735276
2929,1405.076594948367,2303.0156069696764,0.3479797636988474,0.22024790260363766,-0.21695316403325252,49,0.0,0.013734819124943565,2.2206225499787386,-0.8661868641873061,1405.076594948367,2303.0156069696764,1370.6609457109644,0.0,0.0,311.65802613355936,0.5081973312212643,112.8010226713992,121.74409785564168,135.92705346788992,142.34042932247357,129.42174927392392,134.82821456677286,143.8059446055537,132.98921998639446,147.51512843676784,138.12781468541039,31.16027083873682
2930,1411.7147139128506,2302.6727626689026,0.467829070142836,-0.3025835882283728,0.059426045726106345,49,0.0,0.0316247373037136,4.704117749368849,-1.6811954602111885,1411.7147139128506,2302.6727626689026,1375.165998475496,0.0,0.0,311.6552601826123,0.5080545175629754,103.81379229979741,124.6855994888688,137.79083144323604,138.98420600916518,140.39986390183816,133.56109360561862,150.56269573166753,150.83052921156946,133.62731150598057,133.4358130926184,27.474262185135906
2931,2759.4688764429925,2303.3168463942707,0.4984627515973398,0.6054103262669972,0.03389095870247551,49,0.0,3.8073727361504037,495.2203779179937,-6.736996268116025,2759.4688764429925,2303.3168463942707,109424.04500781289,0.0,0.0,311.09369266746324,0.5083053040149919,9635.020495655926,10343.954792638993,10529.360604479234,10803.419390788455,10743.35916133712,11160.484337874854,11038.267495949196,10974.371934305389,10785.918188235557,11168.701273320214,2241.187333227933
2932,990.6598735246497,2304.6061303268893,0.46940794700440125,-0.48380010149143243,-0.02619933916390057,49,0.0,0.013232042962385766,1.8397034044241178,-0.6618695300717825,990.6598735246497,2304.6061303268893,987.0278546105537,0.0,0.0,311.83070270641673,0.508855541044335,87.1958493458441,109.41169687057244,98.8542086963383,110.15415556911174,102.80620491275795,88.40432212726421,99.20663835645135,78.33509252874163,96.854498767269,93.91871196155796,21.886475474644918
2933,2198.974538517654,2305.8956387307976,0.821518320002607,0.14569207307975282,-0.08460145410430893,49,0.0,0.02571988497243754,2.8123306410893605,-1.1226659465941455,2198.974538517654,2305.8956387307976,1012.3263777007683,0.0,0.0,311.32722823802675,0.509393001794109,100.36159423051916,107.33757418869699,95.66862994347798,108.45991517845522,110.80339395720196,89.43949052957916,108.94679629670868,105.39319684908818,94.46776431209656,78.42023793402979,13.02778428091451
2934,2020.259616505477,2308.464473021893,0.6688911750822516,0.9008349672255872,0.94977005921162,49,0.0,0.025095125828693818,1.9473051605808405,-0.7235850369555906,2020.259616505477,2308.464473021893,2014.2635949906705,0.0,0.0,311.40169370859434,0.5104657672475598,177.06587648383132,190.20112325531318,174.938604171108,221.30723918462684,204.09353525549034,185.4678187779969,216.93885758143855,190.71875820258253,203.33237043543704,202.29191601867956,47.90749562416616
2935,924.8042494183921,2309.6786326686306,0.3043608490661913,-0.6244357864551048,0.08768251965771588,49,0.0,0.02128546696782394,3.817518858597457,-1.4544529778866888,924.8042494183921,2309.6786326686306,1181.4712875618798,0.0,0.0,311.8581427112534,0.5109678632546717,104.30820545207956,124.31184508783679,106.74265371094475,122.67374695417168,103.07026995770987,106.28038720118492,120.80857605178346,128.10295200485726,128.35067010702912,114.56484152186243,22.25713951242004
2936,1030.6005876608808,2310.221244029697,0.6619500654810638,-0.9091222390532756,-0.116068339213537,49,0.0,0.021357774983108972,2.6217378154586144,-1.0464731457374967,1030.6005876608808,2310.221244029697,996.4381399181495,0.0,0.0,311.81406064683836,0.5111957238343584,76.87906336672327,99.85064913562334,100.45512819927211,96.75592089787006,111.11690965735997,97.9295729187819,109.25244732243704,89.78504017766853,89.77564788274358,103.11865570749403,21.51910465217567
2937,2046.9214484487281,2309.758116270615,0.6059223160025301,-0.623942548416519,-0.08649574004257851,49,0.0,0.02801442698893087,3.649880353600233,-1.4056965703036073,2046.9214484487281,2309.758116270615,1102.3786865852699,0.0,0.0,311.39058442192913,0.5110044563953893,87.59963543774636,111.45408650931748,97.10958333905482,101.14572840949576,100.8616953719849,122.5551369027371,122.48951880778864,112.06742587107503,103.83162314830275,118.39299736826734,24.87125541949969
2938,2361.28599622528,2309.4587625755685,0.23988976426938943,-0.07565076483822748,0.17988912497771742,49,0.0,0.023372693400155464,4.927432096739564,-1.7315516203216217,2361.28599622528,2309.4587625755685,1280.4594654915022,0.0,0.0,311.2595983099455,0.5108746031125818,114.25173251521312,123.91993287032476,113.95983097791557,143.64146632756712,120.14558304858991,137.93259392129056,118.60013782080482,125.66708933961729,132.89825500381863,130.77856278849603,18.66428087786415
2939,2812.9100105472385,2310.0641380496036,0.3200912704861205,-0.07622268703815431,0.048750876298614285,49,0.0,0.013697356527274305,1.510225820514537,-0.4476047279526514,2812.9100105472385,2310.0641380496036,1245.795278845237,0.0,594.3149067621276,311.0714265053365,0.5111147889119749,122.60889610321222,108.30875977834805,122.16324975650231,123.08076842221604,120.77740590820736,134.1124885282414,124.04593525203495,132.07335109086353,109.61108392168643,129.76158142595233,19.251758657972285
2940,2435.6599622820395,2311.9802152393077,0.7174672409858417,-0.17624274413872504,-0.1496503604528048,49,0.0,0.03365462317920811,4.063176554883713,-1.5221642347145206,2435.6599622820395,2311.9802152393077,1096.6373789176478,0.0,0.0,311.2286093577178,0.511923557594937,82.81636244404659,106.69237289936628,119.74319666958223,106.21115924224108,116.06288879718866,99.26487389396755,115.69816978718384,101.36481788879863,110.35707797607562,119.91437082256664,18.51208849663066
2941,941.8688616800414,2313.6516260767644,0.45759431976688475,0.07848615106615757,-0.49235079208319377,49,0.0,0.021411548533125983,2.535248939613311,-1.0100515243531962,941.8688616800414,2313.6516260767644,1916.6278270481894,0.0,0.0,311.85103246515285,0.5126235215527103,164.16426802740446,176.9545396671698,201.22410285067846,182.7133763562942,167.9374656565401,175.44330383085236,202.89909262574213,203.0290106918271,186.15299140898526,217.69376568829938,38.41591024439607
2942,912.1521696192324,2313.9993546712462,0.820440339336487,-0.5929599780832555,0.011308599816735586,49,0.0,0.013117227012080164,1.207222908817746,-0.20446867054444107,912.1521696192324,2313.9993546712462,911.7512805358147,0.0,0.0,311.86341445490876,0.5127678601887629,71.02470519828222,90.7817476916673,70.07427002773892,97.318319885595,99.28922042262458,99.82793265671611,96.87956397453789,87.75328785124353,89.4521220753183,88.3384160335236,21.0116947185672
2943,944.9929370843847,2314.4387696981607,0.42467543573613453,-0.336835738991903,-0.10688386794351987,49,0.0,0.05089330657286325,8.32344871583311,-2.300758270031047,944.9929370843847,2314.4387696981607,1933.2853664637921,0.0,0.0,311.84973076807444,0.5129515411530048,164.0693140980884,173.348863828017,208.66036994476815,183.42248973283472,178.08352306302373,178.09830058604163,203.49447195739077,213.00003667310884,188.38238737328345,205.1113050189719,37.61430418826341
2944,1652.7633874010003,2313.93701649891,0.5691468908353747,-0.3843130326214076,0.003319086355970004,49,0.0,0.11433719168430799,16.69374832469509,-3.0563846544543214,1652.7633874010003,2313.93701649891,2363.216804199723,0.0,0.0,311.5548206398512,0.5127482740680411,213.01952820787002,212.56627372887,233.3993633366414,235.05764676949065,243.21157787759086,244.18970692539483,253.93917424999773,239.63638884475228,228.8218612703669,215.44292444150403,43.93235854724422
2945,2706.754706194714,2313.1404136065503,0.2940672965578543,0.6456621463895139,0.68338513111867,49,0.0,0.01234696080290835,1.3443931946709846,-0.32131576350222923,2706.754706194714,2313.1404136065503,1272.3278516537125,0.0,0.0,311.1156558684094,0.5123998210150515,116.21486974893838,126.33444242053191,131.3720755475622,122.60204650726942,122.46648950938166,116.10331191185149,115.77077914815666,108.53010733028889,132.9717678400129,151.54233168581584,28.419630003903222
2946,1069.923468652821,2316.7890450554737,0.5161588638700702,0.06485002070001596,0.38241984497815845,49,0.0,0.01222761768653109,1.4463477564709897,-0.4006818156577704,1069.923468652821,2316.7890450554737,971.7597093344168,0.0,0.0,311.7976759813466,0.5139327985893933,84.85170588479195,93.87092868437915,96.67905963126745,106.21815977970586,96.3122076962836,85.79983009376295,103.29912518483005,98.68120513852313,98.05798851877148,82.40556602846895,25.583932693632285
2947,763.4191873878989,2318.2080747042182,0.6963100991796748,-0.25786782728090896,-0.06360164905923692,49,0.0,0.03404321781778323,4.118345843124924,-1.5368070355581531,763.4191873878989,2318.2080747042182,1230.2389242675968,0.0,0.0,311.9253863059597,0.5145183374077181,101.43249496456893,123.55415319149185,138.147084034021,111.7458129320072,123.903531352722,124.93086510257785,98.96379350781909,133.0590104768246,120.22883250165856,131.10679523037888,23.16655097352698
2948,378.0821721192325,2319.065137909694,0.7109387174721762,-0.4480116882576275,0.5882712234257098,49,0.0,0.016405017669630532,1.5953766580170743,-0.50715808397942,378.0821721192325,2319.065137909694,1147.3207870561591,0.0,851.8572988747192,312.0859385858329,0.514864626916262,126.60253723088002,126.22346794311439,131.23732876407377,131.6830008809929,101.73001731209533,92.3013737326404,82.58236187592424,115.44059220742523,110.91666107928468,93.79721954374438,34.80622648598397
2949,1228.1061697245914,2319.0145822910767,0.5861366117693187,-0.7065037593545784,-0.044500429533359406,49,0.0,0.019590203525989374,2.4499809740677,-0.9729067793914388,1228.1061697245914,2319.0145822910767,1231.9702077876314,0.0,0.0,311.73176549244624,0.5148620181828317,111.06686823203687,95.63651915331889,112.60115459732154,117.4077202370057,119.83648606127583,143.8772763215029,135.48476722868133,123.77419317187545,125.98857559294143,113.96130077561288,32.335346416058336
2950,1480.4677967454613,2319.016077959471,0.548684978730619,-0.3506550930220327,-0.07694915632627825,49,0.0,1.1084070009834026,166.9430317871925,-5.5564207407232304,1480.4677967454613,2319.016077959471,18207.28361149177,0.0,0.0,311.6266123710663,0.5148643331888023,1579.5728261692248,1728.8013615321154,1821.451450098598,1872.8547922312841,1806.5533629546817,1799.4693143478758,1791.2966695496439,1803.643606288103,1790.926951472009,1855.3762327865074,357.3370440617283
2951,2078.806220619599,2320.8025899004315,0.46585476724434544,-0.377682139646868,-0.21573500614488766,49,0.0,0.02075503626752429,3.0868116878498104,-1.2237753399651576,2078.806220619599,2320.8025899004315,1088.1864036715886,0.0,0.0,311.3772988385782,0.5156057698323535,97.94989117349219,114.47496662223912,106.54681148481517,129.35884203637968,94.76577871335012,115.56909584814498,97.28656658542334,116.0975158717878,91.40196045802763,101.94726911391413,22.787705764014426
2952,2622.0504222776076,2321.3447896056614,0.6035028023051847,0.3303755376585898,-0.06896729369008545,49,0.0,0.06887505017236221,8.989606014702023,-2.3843516460765897,2622.0504222776076,2321.3447896056614,1894.34644800857,0.0,0.0,311.15094804824105,0.5158205656959485,169.5000669478448,193.69656419269705,192.9993602067286,193.46650732248742,170.98483246648536,177.7281994054855,191.8350396910539,197.51552756051086,201.1085907812578,171.50800296867618,34.00375646534266
2953,1424.7802224825705,2321.8718907798666,0.6373199494498384,0.305518654373505,-0.03216967602989431,49,0.0,0.017894459088269903,2.097888689571331,-0.8044561038438168,1424.7802224825705,2321.8718907798666,1073.5020715323608,0.0,0.0,311.6498161256701,0.5160539973863169,106.5376863496395,117.02560006216908,99.03104762707737,103.01824533363991,94.1710639349298,105.96490181469319,109.62521125484989,95.86527108218411,101.056377937153,119.0514541162325,22.155212019792522
2954,1722.6536067827576,2322.394869836909,0.40063431648176,-0.42455345266540484,-0.0809430924480634,49,0.0,0.029604506581504177,4.9946455746428295,-1.7462616891437033,1722.6536067827576,2322.394869836909,1274.5751455980185,0.0,0.0,311.525698941476,0.5162721169701281,109.31906178526089,136.79864242094195,113.66557260173295,129.59736681478356,124.18994336462578,130.46615715290545,107.49304079809335,142.49345936733488,115.87738844780736,133.2055027536466,31.469010090885693
2955,356.38025478430467,2322.7742340790232,0.20872797014850838,-0.27581230780625704,0.9158629961762793,49,0.0,0.006828422393068474,1.171178061476446,-0.17155732145075636,356.38025478430467,2322.7742340790232,927.1982229662678,0.0,424.46543391190943,312.09498061828924,0.5164092492955011,124.56845053237609,78.31773576053345,75.03941201520357,148.64443142627147,73.94551777016092,129.28760699614875,68.00288727511074,63.05827905194256,89.83948850731772,49.222453844458244,27.27195978674441
2956,363.4010441934206,2323.9008453155193,0.8600958141786418,0.447160330674744,-0.25311074257718086,49,0.0,0.025202780135376402,2.8763188732406917,-1.1470925773753817,363.4010441934206,2323.9008453155193,984.1942196604712,0.0,479.6901747817197,312.0920554648824,0.5168788765339775,135.38293888845624,100.60380392717262,102.1013254945531,126.19915657571792,51.932833503485085,125.71416760655623,52.08556836474108,58.639890230846476,118.0351555431946,90.99342162090876,22.505957904839107
2957,510.26970063097434,2323.860400700647,0.9282181937979287,-0.526279961408368,0.011791385191672176,49,0.0,0.023146259315126715,2.0571700398443618,-0.7831754768231237,510.26970063097434,2323.860400700647,1160.50198171316,0.0,0.0,312.03086293546227,0.5168666970225029,113.88373583103831,118.7142154113207,103.96378763984436,116.25558426077544,115.33003895657585,112.25263386355203,135.6648707093238,115.00878799974855,102.59474793869347,98.98862584355352,27.84495325873388
2958,1069.2871882148445,2325.2607569090214,0.208164448555954,-0.803395686151105,0.2230181993016046,49,0.0,0.007168418914543551,1.0459413850322783,-0.048768367947852526,1069.2871882148445,2325.2607569090214,992.8686840632209,0.0,0.0,311.79794115259955,0.5174625460972042,84.0976293265896,98.38897033760662,103.97847027866243,98.16088543657273,96.13628244683576,88.84246848191648,100.78056815622972,101.72388806369861,104.20106949586159,94.90135058148377,21.657101457763588
2959,1083.6864779527407,2324.850379177813,0.4747087068513474,-0.11815486015695219,0.05283100712496884,49,0.0,0.023462764352215126,3.401376721011069,-1.3291368376940216,1083.6864779527407,2324.850379177813,1125.0742271473046,0.0,0.0,311.79194137189774,0.5172917678153574,93.14156344827325,111.26538010642369,111.63685904353184,114.3699830057134,133.8246321326954,114.99486496483341,104.50624515835881,99.60683481143053,107.595430955783,113.84030080575934,20.292132714501932
2960,2723.6549577799033,2324.5703773064965,0.30929813717136834,0.291585827431288,-0.36304700485722174,49,0.0,0.009252164789503614,1.1184770982072023,-0.12156773991473524,2723.6549577799033,2324.5703773064965,989.2760420005654,0.0,0.0,311.1086142263164,0.5171615066144907,94.1577106094727,106.29027775466031,101.18596935406148,74.24144233552619,97.90038144122445,115.10696018598,89.04566309496758,92.26435538806712,98.4501365173309,104.95329936386827,15.679845955406321
2961,576.9835919095835,2326.1082361645717,0.6782300759431528,-0.34816665858989515,-0.5267715076324437,49,0.0,0.01260450130430169,1.2698706904878407,-0.25939874871515745,576.9835919095835,2326.1082361645717,995.466955945461,0.0,0.0,312.0030664030413,0.517805170385043,105.82335194542901,94.51950389918935,97.10316217342145,92.02286288702618,89.28509457120074,103.6524251160561,100.86305239512174,83.69402641472134,103.33567806764958,102.78947457297932,22.378323902666157
2962,654.5054789479996,2325.8491896110095,0.9037562884608044,-0.6299504199072737,0.11517708820616128,49,0.0,0.043060502064684134,4.032819712574773,-1.5140220182077022,654.5054789479996,2325.8491896110095,1345.4569893843488,0.0,0.0,311.97076640193694,0.5176993302805113,122.40418755341355,131.64189630134973,136.5816891285669,136.31315543768014,158.07472867268405,99.78218368010623,143.3594239524768,117.67237154369782,135.2174309235049,137.01687851387672,27.393043676991887
2963,1232.4550162840399,2326.140586422205,0.7337835716465693,-0.5491080471160705,-0.15135841583322168,49,0.0,0.03838494913052796,4.4423851141525885,-1.619040513008351,1232.4550162840399,2326.140586422205,1316.69540333064,0.0,0.0,311.72995346764606,0.5178311379044874,108.40935257823809,127.39697857593472,131.4930295100604,128.0930734622437,142.69959627117885,149.2429917279812,121.34161796298231,131.9565319970406,129.51945787388053,105.87008010992253,40.67269326117713
2964,2492.829696418053,2326.482375981316,0.7334188749637662,0.033183609505256714,-0.28895659602562085,49,0.0,0.013289774819038808,1.2914518396946921,-0.2776955381881133,2492.829696418053,2326.482375981316,905.8019879733993,0.0,0.0,311.2047887959034,0.5179644954649548,90.27901399169747,96.2398962050708,78.25603548832666,76.190223897861,81.70794815623353,109.8165231109665,96.68308955229976,83.46020983736187,95.02662599270467,84.25901018558937,13.883411555287669
2965,1832.4558036617766,2326.9145577073114,0.6451107641494893,-0.30105405686435116,-0.07664385507902591,49,0.0,0.08811854468428108,11.866955359878128,-2.6858482716885708,1832.4558036617766,2326.9145577073114,1896.722970593406,0.0,0.0,311.4799468655457,0.5181547345483788,181.32603448045967,179.13095327071392,182.21263310779608,188.29183653003074,198.98676633116173,175.5370163173216,176.71054642806456,213.12382199317284,183.25034348047808,187.6304088130937,30.522609841112896
2966,2211.4639779387744,2326.688618969125,0.6439358926876462,0.00808972147829616,0.05009940358571147,49,0.0,0.029869940220869598,3.753960704453334,-1.4362243055505586,2211.4639779387744,2326.688618969125,1119.955867818401,0.0,0.0,311.3220241236031,0.5180562198319612,113.01999862906612,96.79040047046024,97.51183721012433,114.0238516779674,112.95397070465712,107.23334267007999,105.92158546713443,108.3646556573366,108.282016128669,123.92570587954697,31.92850332335879
2967,2053.1953992132694,2327.600506909032,0.8468398043810883,-0.31129640065532516,-0.03895430209120096,49,0.0,0.04370085827186414,4.684367913945485,-1.6766274939264298,2053.1953992132694,2327.600506909032,1268.1199872174664,0.0,0.0,311.38797014246944,0.518438466531299,136.6961031441383,133.04316265758476,124.07520861921016,135.64782730775647,101.5349378097031,128.74221262133105,103.33657323694167,112.07703828536926,121.14873041723689,148.9666203711393,22.851572747055418
2968,2463.6127289363712,2327.4989342750932,0.765184862103724,-0.14984881039663986,-0.059798316569310284,49,0.0,0.04050190657107998,4.587054054745867,-1.6538346449340162,2463.6127289363712,2327.4989342750932,1270.5297841382428,0.0,0.0,311.21696235412765,0.5183887436907962,130.1349061323869,127.7967298146814,115.8788718900442,124.9558904907589,129.15557951324516,102.47359111984287,126.88901923779136,115.82067325038955,141.82351175166474,127.84803603102941,27.752974906408394
2969,1716.019242263756,2329.17620933744,0.5645068762323983,-0.21909053592946284,-0.31653258203431545,49,0.0,0.011619994998463092,1.2187855780501236,-0.21481826638252433,1716.019242263756,2329.17620933744,1035.5174069742188,0.0,0.0,311.5284633231633,0.5190976170200008,95.03113049956666,98.60001539148828,90.32441504062187,114.90189762896162,105.0595104453569,89.44970021241349,97.52984357574782,102.11870889319057,112.70131408846126,106.47922074652173,23.32165045188851
2970,2478.789681754522,2328.887983722546,0.780104315521278,-0.12129125374460546,0.30203843671141434,49,0.0,0.01206631441275097,1.1132456746528685,-0.11647754105308558,2478.789681754522,2328.887983722546,1103.5626648396897,0.0,0.0,311.2106386929727,0.5189671240190399,104.95138224968032,98.36452256606968,119.42751079327252,102.73528460215935,101.2826423286859,105.58955509608757,115.59528227850195,119.31445451328187,109.09593071490076,103.18095661547387,24.025143081575873
2971,1675.1679775946684,2332.524989598884,0.4273866119446903,-0.12465925483026842,-0.06210632626457696,49,0.0,0.01265549343077796,1.6699562508106436,-0.5567627343354213,1675.1679775946684,2332.524989598884,935.8952243241897,0.0,0.0,311.5454851319453,0.5204930092071933,93.72151316242297,87.73952587286144,86.6486586532945,88.57912397559238,88.00070953974739,86.76706035948818,95.48342441120334,106.73985831541486,96.75877778577481,88.42179472279486,17.03477752559491
2972,1768.031748594352,2332.167450534777,0.5097318350263819,0.0291427035092142,0.3681389685202239,49,0.0,0.009410907087216463,1.0496992185940726,-0.05266218477452565,1768.031748594352,2332.167450534777,960.6902143588799,0.0,0.0,311.5067908778365,0.5203437293734209,99.39477857111288,101.79177697269401,90.1297892658741,90.99220742408767,94.95269538869923,82.28103221039164,104.50717081821315,84.0432463899661,88.62119584011998,100.52222648326811,23.454094994453015
2973,2140.215613168955,2333.5963281253466,0.553185594961153,-0.34146232593056736,0.08673897886553006,49,0.0,0.017374180751435618,2.3570298142595347,-0.9309126899621739,2140.215613168955,2333.5963281253466,959.7847354194108,0.0,0.0,311.3517111789795,0.5209354518339305,91.23320638665649,96.60021005893343,107.57757072053462,89.45295032772805,82.73535949940913,99.28935745324797,99.9926863394117,92.65965578605301,84.69073965743053,97.75455963460438,17.79843955540165
2974,794.7624737360618,2333.6433793033034,0.5818907662134143,0.4864435468179222,-0.10850948248711391,49,0.0,0.010069059793573991,1.1334452828588049,-0.13600139843894746,794.7624737360618,2333.6433793033034,840.9122664025767,0.0,0.0,311.9123268623957,0.5209501254613517,77.56939236149283,79.41339890008737,95.66892090048765,83.50956673299814,78.54514866729099,92.20571612190142,80.09030058477657,76.51514879226981,81.67764746777598,76.27542543237841,19.44160044111753
2975,1012.1340774607776,2334.2709438270267,0.4873078038134218,-0.4533424961165708,0.014177047281613123,49,0.0,0.11107126647711155,18.04910339705978,-3.141139082171941,1012.1340774607776,2334.2709438270267,2470.9596203562705,0.0,0.0,311.821755254627,0.5212157751711018,204.4040125764787,246.7731649901968,245.41032448759944,271.0052914047806,280.0711108183852,228.12466894818434,233.0603498555023,230.91987965679021,244.35406661424148,239.854941015237,46.98180998887453
2976,1070.4704360667681,2334.017071219653,0.49918823691565634,-0.7689143018125832,0.0673678293680688,49,0.0,0.011162945519519848,1.3212663498995547,-0.3024759362233761,1070.4704360667681,2334.017071219653,1003.8891573312706,0.0,0.0,311.7974481796347,0.5211108978960597,92.65701159334247,101.42052806482056,113.50974326068348,105.9192464546464,100.58624470645017,90.4163822951252,95.8498448048382,100.65481960140738,86.58213761621602,96.6553358788183,19.63786305492233
2977,2476.6491285946854,2334.159699713281,0.6384825813639642,-0.23959861384239664,-0.12438321391812705,49,0.0,0.014119662614083166,1.4644656015548365,-0.4141979377730144,2476.6491285946854,2334.159699713281,1052.378341233142,0.0,0.0,311.2115305252648,0.5211636172240414,93.27618146881477,91.00840946574314,100.17784833509057,100.71417368626788,110.88802464238456,99.31819309409892,115.22404430547421,90.22360401481797,117.68825352617884,109.28908641916368,24.570522275107415
2978,1780.5460538698517,2335.7099442140247,0.6075510661751359,-0.22472575737105294,-0.129652253021207,49,0.0,0.4782555960555871,67.83702230590065,-4.578666940968857,1780.5460538698517,2335.7099442140247,7455.088361090968,0.0,0.0,311.5015764438103,0.5218196653032049,647.0818925046909,677.9829324928215,735.4763997667102,756.1098383185914,747.7318766230158,737.5951005898003,723.6714715791079,743.8924866815545,784.5674611775919,752.0378875681621,148.94101378892097
2979,1860.2389059555983,2337.4384884585625,0.5035967231485066,-0.19762326660045823,-0.03602091090717401,49,0.0,0.6614339568535811,107.24780710863746,-5.07597105236674,1860.2389059555983,2337.4384884585625,11113.664756174185,0.0,0.0,311.46837026694374,0.5225393865569211,1014.6033727209388,1075.2067589010348,1101.8024191797394,1116.3440867458196,1091.9530266066877,1096.433403128377,1133.3845830256337,1116.7719956936367,1064.0207224895873,1077.1772709545262,225.9671167282032
2980,1326.8052821697156,2337.2004681526355,0.4289635341568355,0.1148697725688782,0.5231745936617598,49,0.0,0.01050573954440621,1.2012416947832798,-0.19907599508950358,1326.8052821697156,2337.2004681526355,919.9920852023386,0.0,0.0,311.6906400486961,0.5224401116113387,84.0522227462936,92.06625965514145,78.66332041446714,81.62953084050754,96.96125143461944,83.12889605599301,99.47456805074867,97.87078552653006,92.82662239100225,91.01446042134356,22.304167665691878
2981,973.7804416071283,2341.0607458178465,0.47486566095574856,-0.25764777052129434,0.09880227832183948,49,0.0,0.012142486377126492,1.4793153019849408,-0.42515187400182475,973.7804416071283,2341.0607458178465,966.359318864284,0.0,0.0,311.837736106402,0.5240441063725491,91.36378296221059,89.94585050475814,99.15422503686068,83.4165522702302,95.38660444836471,107.13440607930822,90.85687469361484,99.458340014752,87.48689133866489,98.43801113759022,23.717780377929454
2982,1654.8246497551313,2340.7327981540184,0.3404008948863537,-0.0675712390875999,0.16961875369144952,49,0.0,0.008539019961427504,1.1794479795119273,-0.17919697685409441,1654.8246497551313,2340.7327981540184,942.7021493606485,0.0,0.0,311.55396174124303,0.5239128672830373,69.47052506534425,106.44143510654769,79.92776847833602,98.00491487143313,101.83511034743606,83.52930854073796,105.21627874699563,107.47182664849348,89.98107664125612,86.02642106778244,14.79748384628579
2983,2289.748358164848,2341.8224517049803,0.5634628728016894,-0.009841901224478826,-0.3060004373214072,49,0.0,0.026512249751639717,3.646099334285078,-1.4045712409840438,2289.748358164848,2341.8224517049803,1051.2700479632647,0.0,0.0,311.28940536439364,0.5243603304154408,87.48026114521947,106.20142109440995,91.37292996252549,112.30125248267926,105.47673682691368,111.12807779958757,100.53198847949822,97.36862738434786,116.63447180955181,110.07643541605545,12.697845562476033
2984,2404.065262156096,2341.7966869572524,0.5201817767758589,0.17771137794505998,0.06630180069107469,49,0.0,0.030420454023147504,4.412955098600128,-1.6118237714112051,2404.065262156096,2341.7966869572524,1143.960443400431,0.0,0.0,311.24177342486183,0.5243472294954155,104.98017923822853,101.99101350239482,118.23307398732203,123.59288672043928,122.09710156685193,129.90568465012,115.9184896326879,84.72410744319426,120.16258424610689,107.75215493945393,14.603167473631412
2985,2461.2446717695393,2344.235256600057,0.4470023672294431,-0.2974598706535884,-0.1953509336337536,49,0.0,0.015083131439932581,2.211019539539532,-0.8614814515131587,2461.2446717695393,2344.235256600057,981.0109821146135,0.0,0.0,311.21794886827485,0.5253619312465336,104.41999841036305,89.54438277028711,103.82123991194277,100.6734450783819,97.67023679592886,71.65294472329069,103.15543259452477,99.32624387628246,88.34087683658959,98.59545060801442,23.810730509007893
2986,1073.6279325255975,2344.5350644692976,0.6418388295048811,-0.3007374711429975,0.05638194946407271,49,0.0,0.1068456355818405,14.33282094543627,-2.890829188566002,1073.6279325255975,2344.5350644692976,2208.771638935219,0.0,0.0,311.79613260299686,0.5254932824056695,190.47183264412251,244.35695387916917,207.1524033935372,208.7930576111849,223.3193000885177,194.6349999316738,190.3001233862122,238.95686597721422,214.71714311568917,255.67900313375182,40.3899557741464
2987,2274.872204489321,2345.161945850843,0.4323126576780086,0.21465349677401543,0.20386764655858247,49,0.0,0.00918421149218582,1.1082326125221875,-0.11157731553884001,2274.872204489321,2345.161945850843,865.2734789392202,0.0,0.0,311.29560375321086,0.5257520102146831,85.98553647119536,86.94335472567721,74.30760641493826,86.60796482650753,101.01249007375337,77.60817190472795,78.12077992699513,88.1936680972482,67.32564473656032,102.49430405887051,16.673957702746478
2988,931.4496912944131,2346.6400850024493,0.9522492084277971,-0.9601809823883392,-0.2979433546016668,49,0.0,0.022210940597699427,2.0921796586310433,-0.8014974383011184,931.4496912944131,2346.6400850024493,934.4399771529245,0.0,0.0,311.8553740518713,0.5263679755336891,81.44478046808219,83.08698792026232,96.78361439596787,91.50653198861326,103.45415923980241,90.0078727227633,92.0890359982597,100.44118423861744,82.79062518944146,99.27271515018688,13.562469840927685
2989,1188.0261818767538,2347.8150120725845,0.25761548338767265,0.4423851794411674,0.448733702731751,49,0.0,0.009246587650876782,1.2169401349825422,-0.21317303619509484,1188.0261818767538,2347.8150120725845,939.3193273475277,0.0,0.0,311.74846593292415,0.5268613740766703,87.40943974676735,81.01383963224103,101.80299371386059,99.37177472075955,88.2963314654103,84.91893037876284,95.32731478804209,90.13869744834264,88.71501100823782,99.01448117630628,23.310513268797287
2990,1745.87199583592,2347.2707713147906,0.9057984048599326,0.09995268961654309,0.4444113148141859,49,0.0,0.01588496010748214,1.3378707608986342,-0.3160354058899132,1745.87199583592,2347.2707713147906,910.206910022922,0.0,0.0,311.51602432123263,0.5266366897240843,90.24198270651621,103.64584877223922,98.43275843299539,97.15775442702707,83.5279691546699,91.83557631059682,73.33355352561168,92.19453253499276,76.86454057941354,81.79141469985831,21.18097887900105
2991,2237.1429487720975,2347.608140181801,0.37425146596731945,0.03763541024798427,-0.08133862646940189,49,0.0,0.008112419502701364,1.085966287939572,-0.08954085873734755,2237.1429487720975,2347.608140181801,830.7067884838029,0.0,0.0,311.3113243326894,0.5267719045786977,59.02689327375614,95.9610335700176,71.78967941693561,84.77794081718663,80.08235014653003,81.30546086161019,85.44639982609351,105.7594638359617,74.93328266578868,69.69693956058455,21.927344509338223
2992,2351.7757447562894,2348.7023327076154,0.6706537828622089,0.09912735386596343,0.13589893002742845,49,0.0,0.09438990847062764,12.163140800063388,-2.7126143353699654,2351.7757447562894,2348.7023327076154,1936.2039795768671,0.0,0.0,311.2635605638066,0.5272255817716319,187.4793706663028,167.9287971090243,169.36744811973722,184.55656978430983,182.867280691522,182.66200404015615,206.38907041930685,220.28306837086757,187.24136713926464,196.22839246735018,51.20061076902537
2993,1770.7882039769277,2351.2664586434335,0.3769456524438447,-0.27715320977019925,0.04252865290577105,49,0.0,0.010568456457771916,1.4199120691654301,-0.38065362669945824,1770.7882039769277,2351.2664586434335,1004.587885514559,0.0,0.0,311.50564228832127,0.5283013992803148,91.5246906361123,108.06575701192511,87.36191465414886,113.18582062311926,78.69180311574542,87.44853038113101,107.2222097908971,102.31595727360894,82.5688042926459,127.48565116701097,18.716746568214198
2994,2852.634822880376,2350.9470112936037,0.37383652323892763,0.9578332487449112,-0.32443069873737973,49,0.0,0.058128547739721266,6.339266784384788,-2.005097572973134,2852.634822880376,2350.9470112936037,6397.986042810679,0.0,4599.5932201876685,311.0548748078871,0.5281468100465768,617.8995414198222,659.9738726776914,678.5486425722677,690.3467320658942,625.874594089189,530.6070697732961,579.3870590261938,588.6955115964427,533.3682237439435,807.9590055187572,85.3257903271811
2995,1019.9419983286633,2352.050529630444,0.9587171886672794,-0.5594369085898531,-0.06927601371997337,49,0.0,0.0810175948416277,8.26562583908661,-2.2931893553469735,1019.9419983286633,2352.050529630444,1513.632867252102,0.0,0.0,311.8185020423752,0.5286237796017227,127.35921315857463,153.28983280225282,133.61296495759905,159.95546108882576,156.66010481786236,159.13452118813785,159.31433419783866,157.44481424866788,132.217016421816,152.33813862173915,22.306465748787748
2996,2120.209556809803,2352.0078424744797,0.37842481463471245,-0.2278919189309232,-0.06516199649409837,49,0.0,0.010248503983140445,1.49112490910499,-0.4337850627955778,2120.209556809803,2352.0078424744797,917.8538946110425,0.0,0.0,311.3600470291234,0.5286069297589463,100.23611905225388,88.3293774391434,90.10070083961342,97.81704255359594,95.91271243442887,91.9580403432703,74.82187143524322,81.05441458136175,94.55280290640293,88.64522466241374,14.425588363315157
2997,2392.5360366757295,2352.106972428359,0.7979718812332556,0.19198502474534962,-0.23642327324775722,49,0.0,0.032374843078673235,3.532271819471943,-1.3701352913086136,2392.5360366757295,2352.106972428359,1098.0046614618307,0.0,0.0,311.24657714541286,0.5286432389872643,91.18463151602856,106.20929324958603,123.91172516110245,104.81420163772802,110.011413917178,106.49576929915366,101.26174136111891,102.13282460630782,118.89458800228775,119.54674407268247,13.54172863865709
2998,2844.956878946929,2351.268250962164,0.49333048979660143,0.9129039448863931,-0.011498159908406585,49,0.0,0.02134232490911474,1.7081770162268626,-0.5813321851843598,2844.956878946929,2351.268250962164,4043.694477710699,0.0,2980.162986160686,311.0580737712922,0.5282809181181293,340.0670040893472,410.88429505565125,430.1616131124572,493.70267615371574,445.52120913365343,318.4623322160912,428.1583384247305,410.99630037165605,339.99909313494226,405.1640188418239,20.57759717663049
2999,390.9895389200698,2352.7494573218587,0.23978134687237893,-0.9291134361724473,0.23074007179020967,49,0.0,0.006950600635586313,1.3734899517232206,-0.3445637163133288,390.9895389200698,2352.7494573218587,859.7981107977105,0.0,549.5479502725284,312.0805612574132,0.5288992429850123,76.84885987674512,78.68771308055105,107.7603003611274,100.4292687493224,74.6768767310277,64.32246740506119,133.23560276793282,55.2748985367779,54.067137426376604,95.4205161882494,19.074469674538896
3000,2142.531535361821,2352.9707973922914,0.4513646659444616,-0.2617313942423006,-0.16726223426785447,49,0.0,0.025540831927190186,3.8335626884044536,-1.4590064236470812,2142.531535361821,2352.9707973922914,1155.9837329568786,0.0,0.0,311.35074608047637,0.5290078145913683,99.26885892352135,108.17922014911032,123.86978732621644,110.93521653012314,123.68509181281357,105.6291628343657,111.76052885051595,124.23260602889256,130.09790512518381,101.09150551272832,17.233849863407347
3001,1837.8985684934667,2353.5671295998122,0.24781347383002952,0.5091028247605393,-0.13835125338212131,49,0.0,0.00723545302365834,1.1769404131124868,-0.17688618915718451,1837.8985684934667,2353.5671295998122,913.817829968357,0.0,0.0,311.4776789202664,0.5292595998817685,56.51769554562584,103.62021661959167,98.27188402466945,87.73660366841898,93.05001713515549,96.91147793819367,89.3214163701802,85.27610750081001,86.62351547530638,102.17627733009962,14.31261836030574
3002,2644.7103218333154,2356.9815479721765,0.31589362719152697,0.22038556403173074,-0.4691924441667402,49,0.0,0.009167146792664503,1.0761941492709999,-0.079726566687852,2644.7103218333154,2356.9815479721765,955.6132850820441,0.0,0.0,311.1415062791642,0.5306677199817352,95.19596903422278,96.00074458700774,95.02342886471331,94.70357859569576,99.54257755298255,105.61163113430192,86.53596276584679,104.03519295279864,85.44034979795701,73.52350755140135,20.000342245116258
3003,646.9797887247948,2357.7345307239543,0.7210979199464183,-0.5798365545259517,-0.25919337508354434,49,0.0,0.014397880634048366,1.3522494522480417,-0.32764203548917237,646.9797887247948,2357.7345307239543,1014.277153122301,0.0,0.0,311.9739023874668,0.5309839878866176,96.77551489297723,90.66013716808104,101.87430634825154,96.29209429784383,89.26546961294767,107.55507439928564,89.10458918671947,104.0792631931942,112.40253968241655,109.40511782384755,16.863046516736233
3004,1294.924250146632,2357.950317676102,0.44448657319310164,-0.08421501054322307,0.07611975949950399,49,0.0,0.01656983200115953,2.4609947516017106,-0.9777767187827615,1294.924250146632,2357.950317676102,997.142180588392,0.0,0.0,311.7039241869134,0.5310853505776267,80.7131993640057,102.88795453883665,99.14155875981928,106.75461300165723,93.62642551521267,107.39032752579932,99.68532828226336,97.4655333356223,87.99053068082631,101.53929868849912,19.94741089584996
3005,1246.435015080711,2358.7394156045584,0.9811129763699636,-0.15879420973733463,-0.30504303479221906,49,0.0,0.020791305680431825,1.8375978016698071,-0.660626156594923,1246.435015080711,2358.7394156045584,1003.3857406551178,0.0,0.0,311.72412848304714,0.531413681129776,95.79231721573073,88.1233832208749,100.88923897386135,99.41845764272543,117.35421466257081,93.792360089889,90.31213694560316,101.90963719917251,96.44184385296643,98.41656424222089,20.935586609502714
3006,2854.368551689958,2359.362493330705,0.6169442279084331,0.451885483114871,0.23987180872906344,49,0.0,0.02508465335844969,1.9996920161164713,-0.7524077816589041,2854.368551689958,2359.362493330705,5340.914487989594,0.0,3847.039739969262,311.05415234068124,0.5316529488664568,456.77504921574405,482.02602980661356,467.13562278428617,767.4387943208534,452.83005100892774,493.0676680985813,436.5677003050042,486.0945327010384,469.8964175081531,717.2578823538348,111.82473988655701
3007,374.04382586086416,2361.9576616969994,0.5805033676731977,-0.7256706726699804,-0.5996319438827357,49,0.0,0.009552352421024387,1.3275956737308936,-0.3076645712315531,374.04382586086416,2361.9576616969994,722.940254123641,0.0,278.23482863294055,312.08762174114094,0.5327351487351223,106.24986270725125,60.506004233099134,65.77474226448764,95.80557775413288,96.50714331530415,74.90385495014374,42.70617535027712,93.06452138389159,32.01193536991112,34.26478156395847,21.14565523118394
3008,2442.135295948745,2361.7657565658074,0.4296737208711201,-0.1586192566472423,-0.17669411964258216,49,0.0,0.015114719237120919,1.9509648012833356,-0.7256235851388902,2442.135295948745,2361.7657565658074,1070.9561349240646,0.0,0.0,311.2259108532273,0.5326664025926446,112.25966996394297,102.10143024433398,111.7675296023513,113.22643512375814,100.54555983662095,103.94364514205819,103.10513900604651,86.29538349630833,97.41415314758595,121.24791484119987,19.049274519858404
3009,1504.998053618395,2364.413206393513,0.7466653397881697,-0.12684824900045974,-0.42533722503500077,49,0.0,0.017842427379085073,1.917146424315937,-0.7066382097433267,1504.998053618395,2364.413206393513,949.7507900190716,0.0,0.0,311.6163912132673,0.5337793210442902,88.94777153986499,98.88551198613106,92.10198603816315,102.24041671101199,81.52677943464776,79.8660156398366,102.94908709772108,97.1904554551044,92.05816998281276,97.46826521210826,16.51633092166955
3010,1722.921887816558,2364.6431983040275,0.5377140571377662,0.25522412088425117,0.022630420380707165,49,0.0,0.009418338533787098,1.1025651630299038,-0.10601066566264536,1722.921887816558,2364.6431983040275,837.4854593932647,0.0,0.0,311.5255870958584,0.5338750652085997,70.63391284461404,80.83256846519842,83.14041666536744,88.98489415821386,80.29758590198196,89.85123941118682,86.88170144211118,93.73609846579562,82.73783557379838,67.2478149991166,13.14139146588033
3011,2309.66857576507,2364.9110654888796,0.43611312431861504,-0.6876781109029374,0.3394109008521767,49,0.0,0.009177428112065018,1.0459077771537082,-0.04873348083343583,2309.66857576507,2364.9110654888796,898.7589160364925,0.0,0.0,311.28110507476,0.5339797836147289,85.43612745625578,93.26809229097691,87.42029171491578,112.47223505169316,81.5640408029139,82.61970911542284,85.87436880014597,80.93909782508055,95.30864292671387,82.22052498335609,11.635785069017647
3012,2685.7575352885947,2366.707306640648,0.5735039433759672,-0.3637981746592848,-0.07579073947038566,49,0.0,0.014328403301503874,1.3714296925152456,-0.3429338701077845,2685.7575352885947,2366.707306640648,1065.3199735848739,0.0,0.0,311.12440370398025,0.5347186425570728,74.19742605393603,93.11258852537087,104.31315340706476,104.27640515840531,89.75097650752048,108.06083590947688,107.40867617184627,115.13645019318331,126.86487920069237,122.96781245225108,19.23077000512649
3013,2243.1916814979168,2368.978337600273,0.7068243021445246,-0.16041161202720428,0.11655297482836317,49,0.0,0.01124038459886667,1.0844501709603884,-0.0880240038904915,2243.1916814979168,2368.978337600273,885.9635486107155,0.0,0.0,311.308803856081,0.5356756780476174,82.37169405785414,88.73125979363809,77.03934646763057,89.88627057006426,89.27175950209262,83.09949682937835,78.62329447259637,94.06106339715262,93.2214273013424,87.71128629812378,21.946649920842297
3014,909.8060931066518,2369.8930915909023,0.3866653279060826,-0.0867385010149032,0.26944807081783334,49,0.0,0.010080627951864058,1.2039179582428232,-0.20149223163918192,909.8060931066518,2369.8930915909023,1007.0159200830747,0.0,0.0,311.8643924281567,0.5360559022307809,95.463532593,98.17006190338255,95.42784874361655,111.59954557323648,96.63382329561838,102.18301776875725,97.73725636507768,101.0875492645917,91.58505057416798,92.74827981035428,24.379954191271768
3015,1992.5015472335647,2369.3601879850557,0.9906915022257655,-0.5520377770969945,0.03383403440777606,49,0.0,0.022753073352343695,2.076009790457804,-0.7930734932827816,1992.5015472335647,2369.3601879850557,986.9300717752064,0.0,0.0,311.413259503688,0.5358384508240599,88.90394455238786,118.42514865274737,100.46758958590829,103.9418929666266,67.88205711361283,92.54486447549105,97.8555231514782,97.60035366339181,89.79961395119835,115.33044290784267,14.178640754521481
3016,605.6822976133753,2371.995580213781,0.5204408325186367,-0.9510126009892673,-0.05073681152285856,49,0.0,0.1382316171277549,20.429866481939793,-3.275663820846138,605.6822976133753,2371.995580213781,3374.6007084942357,0.0,0.0,311.9911094514271,0.5369246230967848,312.76996782369423,302.2503643062169,335.3197399323725,322.1865381310637,332.10295589456985,309.84844987174233,374.2740166945371,369.0302375139794,335.8620229763729,319.46177430901906,61.49464104066789
3017,1307.3981872683871,2372.102577066942,0.6028207816652394,-0.4195506633092421,-0.0640439033920377,49,0.0,0.2967615489625281,43.2659903547862,-4.090366622820117,1307.3981872683871,2372.102577066942,4759.8389464409465,0.0,0.0,311.69872664058556,0.5369820345252092,443.4784045449894,463.42523897651495,454.99294101357214,452.28259985825423,479.80293134767055,495.73850511901617,454.90468860378814,474.8661106987115,452.3035465234674,488.10686100510765,99.93711874985458
3018,1867.9344962679104,2371.669330296509,0.4027671449523512,-0.9516225689263232,-0.34481292670261376,49,0.0,0.010507103766627605,1.3589995018082945,-0.3330482438144067,1867.9344962679104,2371.669330296509,989.7029620059657,0.0,0.0,311.4651635911264,0.5368017253477193,79.19583066459089,111.7149477847483,85.14771648509775,115.84504415919487,91.84063426232035,96.03499095474172,94.43479692954332,98.14819310568438,109.37722415448866,96.08280513850318,11.880778367052237
3019,2851.040944036277,2372.659814782187,0.4668716467307441,0.6499669509245841,-0.9333256698049325,49,0.0,0.01625391194005256,1.4437164570177266,-0.39870476763368995,2851.040944036277,2372.659814782187,1727.2733107624447,0.0,1235.719053509005,311.0555385779829,0.5371932158307547,189.45462284190256,175.55476458104823,160.76423340648375,175.99157409641433,173.86950558929985,141.2770314121562,162.36164255173577,190.08199658483232,158.9257531745978,168.50049758056548,30.49168894340853
3020,2796.397424873327,2376.2264413623534,0.3958456878999423,0.7752911568883895,0.07634751350424372,49,0.0,0.04752445152304276,6.165885761922738,-1.9749886852503982,2796.397424873327,2376.2264413623534,2513.1211792495815,0.0,2213.867795249642,311.07830550228607,0.538681105737225,228.07811937380671,236.76186928894936,232.25072447450748,239.45923827952066,241.27088113024942,274.04284859409876,225.84050645298797,267.4837678540978,268.8836423900625,245.12178217518058,53.92779923612021
3021,2856.8823389311447,2375.939661511383,0.7757810278560454,0.9219581065360749,0.05991861399592634,49,0.0,0.0268417480726578,2.2545626466935,-0.8826557684736237,2856.8823389311447,2375.939661511383,1734.997414696811,0.0,1209.0376503533648,311.0531047501057,0.5385595103333032,173.09972183270293,157.7516342954675,186.4126931144396,168.31194716969225,174.63752905849736,160.552422999501,154.70521284195786,163.35015697473358,188.5086395414088,156.09198500296256,51.575471865447454
3022,1503.0021127670027,2377.9540431038126,0.4959986256255114,-0.2805333749112945,-0.2598338468619165,49,0.0,0.019884564657776313,2.6924103877818477,-1.0753531436766652,1503.0021127670027,2377.9540431038126,1109.0837372256808,0.0,0.0,311.6172228931828,0.5394211522636472,102.85983383181195,101.6315628576867,101.84904296212468,104.93292937698659,101.06002358653393,114.74348713154325,107.22017033090268,127.1228236228713,107.2735330025975,114.68573203026168,25.704598492360496
3023,454.19263602956454,2378.849582147156,0.2912824306588063,-0.7644997758509566,-0.1195964087227467,49,0.0,0.009172804177083693,1.4513254816759675,-0.40441205115664547,454.19263602956454,2378.849582147156,1139.773806341385,0.0,920.7261072494464,312.0542281793037,0.5397756625218261,100.39729203587063,113.46054379440497,120.66713933486616,114.77957802358904,111.68138857163063,104.51720792259763,108.65986378273861,127.76966142017949,104.869721179088,117.95150166116687,15.01990861525275
3024,2253.7758894187223,2378.988755844141,0.368078809388716,-0.4308873910622171,-0.08269458945960088,49,0.0,0.009176791688153793,1.1500865282503387,-0.15182629072744822,2253.7758894187223,2378.988755844141,916.6738067207866,0.0,0.0,311.3043936689726,0.5398463123289097,98.70345263282749,81.89963860147158,84.88367470902088,90.0381979985517,88.93857744932916,102.71403015357637,89.36202422231338,98.14565411076688,91.43325353619528,77.0077069195757,13.5475963871583
3025,2479.2344565342646,2378.633460723168,0.7261901933700312,0.5392885164689634,0.22004073538140695,49,0.0,0.012154080346275437,1.164534567546434,-0.165380961184595,2479.2344565342646,2378.633460723168,948.9114064929895,0.0,0.0,311.2104528745516,0.5396933500388288,74.02299546087474,84.2399264533611,86.88700036384903,103.41741310123058,93.23199841525002,97.16233179525075,114.46176492690681,92.97354424288793,93.52154048808868,82.35459640999998,26.638294835289784
3026,2574.233621032926,2380.355607247751,0.5439439454411483,0.6175585934691663,0.13548322679879216,49,0.0,0.07377911786461783,10.318537517504344,-2.5340453689337714,2574.233621032926,2380.355607247751,2088.8273412288563,0.0,0.0,311.1708705453956,0.5404083587783639,186.27073520239014,206.51481689519022,206.11043300687197,204.14846533039912,185.88714306669698,219.73470917146517,207.96299234999265,234.94289753853104,203.67371719623426,200.33456853440424,33.24686293668056
3027,2088.8590134175583,2380.6437374707534,0.3721476888515947,0.26079225241590287,0.2485896188413471,49,0.0,0.01540947146179137,2.454074138494091,-0.974719196968213,2088.8590134175583,2380.6437374707534,1022.4730465625145,0.0,0.0,311.3731097814735,0.540538549064102,100.74160325435616,89.97271432294795,97.24652969195456,97.28526280595554,103.42334030309482,98.38682751671607,91.60123776166625,108.7498761138418,111.07466101787651,102.29696807240208,21.694025701702735
3028,2549.979308131542,2383.205048693245,0.5910185815680414,0.5314571693826932,0.07053813712002971,49,0.0,0.1340098669799125,17.9165571054296,-3.1331363953230436,2549.979308131542,2383.205048693245,3041.8089181029495,0.0,0.0,311.1809762710591,0.5415962259517889,292.59580540206684,268.2517703705156,279.97206635765315,315.9206371609109,314.51772625170923,288.70547673979604,295.7237561602232,313.8200294653367,294.0830660915805,320.9626784403921,57.25590566276496
3029,2810.2941700768642,2383.735042863562,0.47811001828707933,0.2317032133222059,-0.08489585142215679,49,0.0,0.017416898251797177,1.5648385738808785,-0.486173857759398,2810.2941700768642,2383.735042863562,2010.053588118473,0.0,1730.0314932764118,311.07251536752347,0.5418089919467783,172.80583495126666,185.79325829630756,214.43023476027128,193.68710350363642,190.409810143174,216.53172675899265,226.1621574472598,185.9437249076365,185.91053543895922,194.580034659715,43.79916725125386
3030,680.2065259817211,2385.3465315259336,0.6383978168997914,-0.8276504652294425,0.11197903284026114,49,0.0,0.09284818347728668,12.118165813970151,-2.708592226730619,680.2065259817211,2385.3465315259336,2173.160388185769,0.0,0.0,311.9600584613283,0.5424892429778231,195.05996961876872,211.59537941654744,208.1644821018607,232.11600723699888,225.4109825985516,191.60458822388458,194.46815094173618,235.36109048278757,200.42056464043338,240.41797054978065,38.541202374419925
3031,1696.5802750272665,2384.984803986365,0.6986898191067457,-0.026451509047050813,-0.6071432980135293,49,0.0,0.01044247590561777,1.0066067424034941,-0.007149587601702633,1696.5802750272665,2384.984803986365,1021.5718490250331,0.0,0.0,311.53656304563555,0.5423505446750709,86.59606953245805,111.19734024087168,87.51218791199062,105.14294332624178,105.51300178629734,100.64766693703146,104.56070520956334,88.93114552709963,109.42672919198858,104.04486477751851,17.999194583972066
3032,1610.981374242783,2386.071176153055,0.9423085355613973,-0.24633896060421537,0.011843557062354364,49,0.0,0.028041447306515064,2.6218995305389887,-1.0465401144868927,1610.981374242783,2386.071176153055,1111.3454441968975,0.0,0.0,311.57223026517795,0.5428033158038492,92.82324903950996,122.47218378834502,101.57284773454937,109.20114634978611,117.41201368396634,95.90844913932096,84.75323459622882,122.12608467353135,119.68460702194545,128.7435565177412,16.648071651972796
3033,2398.5978667667496,2385.7922446237517,0.4311022768598232,-0.2219342509662081,-0.29368268223551647,49,0.0,0.01213181501487985,1.7184113272724661,-0.5878178169325481,2398.5978667667496,2385.7922446237517,919.1044349281967,0.0,0.0,311.24405109115395,0.5426779595815242,78.38376037866931,101.45366480898346,92.93767329969688,89.97496893768434,93.63071741979456,78.63257697240228,85.88145332354443,84.80874027103553,93.11305378516596,95.32386366395875,24.963962067261185
3034,2318.0807175622404,2386.7982817453512,0.6631430013333542,-0.12547034174126054,0.025027618824943337,49,0.0,0.4247097544148653,57.6076558661516,-4.40120050888268,2318.0807175622404,2386.7982817453512,6144.744705911757,0.0,0.0,311.2775998329582,0.5430988734822852,547.8444409928733,587.657330353643,591.749586565677,634.4135981853633,584.2528255333842,588.229123894658,597.3439926520145,598.1687793790171,647.0398043166077,641.6415074866222,126.4037165518972
3035,2814.97245646509,2387.8578019189995,0.5928027561352105,0.706938831986727,-0.4577793050891464,49,0.0,0.026832536606858602,2.6075252454529565,-1.0405713046427172,2814.97245646509,2387.8578019189995,2158.5450412220935,0.0,1780.1710041127803,311.07056612039105,0.5435265227371829,199.24047302749455,217.7993239057918,267.91033033455005,205.33592831700787,222.87547419612946,221.32352357416957,205.98205443314376,200.9390145256317,193.88462225393727,185.4034225085862,37.85087414565109
3036,1126.1247907261234,2388.685728373278,0.7607268834744954,-0.4012739826822989,0.24360796272997853,49,0.0,0.02371843465743885,2.4264177465579015,-0.9624139342431486,1126.1247907261234,2388.685728373278,1027.2472862498598,0.0,0.0,311.77425884113865,0.5438894421262357,83.94949548808098,99.7187778826743,104.26137756133164,85.15052862270373,118.09833330991654,105.24076721959253,100.96326153574279,91.94896555809777,116.35311846430852,102.53850303449491,19.02415757291612
3037,1677.012553247047,2392.383807833665,0.7077172451773613,-0.09396341624897762,0.159568751451912,49,0.0,0.09761458950536356,12.481047274093436,-2.7406275703927117,1677.012553247047,2392.383807833665,1956.49448507094,0.0,0.0,311.5447164859697,0.5454334096173842,173.05477607316809,212.8862606852092,186.618428356986,199.49523530203035,185.6376301188718,197.56389961425748,210.96965915887603,174.0398461307015,187.72892841129868,194.73324650594532,33.7665747135958
3038,2282.2883576645686,2392.1599328097727,0.5141803945119253,0.041177916221348726,0.07602161945108506,49,0.0,0.019176756429500386,2.590447362352266,-1.0334369297240258,2282.2883576645686,2392.1599328097727,1000.1920869191338,0.0,0.0,311.2925133145735,0.5453335130297104,94.42328210726814,107.47111408571898,99.38105949698675,99.0928856666553,97.15949602507226,90.40275942212041,91.77465853050043,96.62950399754891,86.49119819975846,113.57422221343872,23.791907174065514
3039,2335.079712661771,2393.0030558698804,0.5410753267207126,-0.1498608745325856,0.12889980658190808,49,0.0,0.046609509807320884,7.024115064182991,-2.1164790431685327,2335.079712661771,2393.0030558698804,1441.7996911892462,0.0,0.0,311.2705168614671,0.545683719459874,125.39914994217689,139.11797322623931,131.3750745939235,146.51778669708733,127.3866217298727,123.0469023041941,136.8042027760565,170.4904652635512,163.3165813665601,146.07177085277308,32.27316243681153
3040,1292.9783465642147,2393.950689309204,0.49074819365117617,-0.24639150842303342,0.14405038737336404,49,0.0,0.03113342681101561,4.710732473654563,-1.6827211025003541,1292.9783465642147,2393.950689309204,1232.6859117747535,0.0,0.0,311.7047351247441,0.5460849740738783,99.63829745971167,121.08860547271973,118.78795772228138,125.02876330529183,127.73749900373062,127.46840257150194,145.2435159471973,127.37228063539612,112.06820252336846,107.44947583422706,20.80291129932769
3041,1334.4388829095017,2394.651719060192,0.5094055863940228,-0.44699900620927185,-0.01581516360668845,49,0.0,0.028995152226134458,4.318260271628884,-1.5882720368237633,1334.4388829095017,2394.651719060192,1180.3515902406762,0.0,0.0,311.6874594815923,0.5463774029155147,108.02709662518134,105.87015321966956,119.24353710467263,123.93005028928181,113.16779112135723,112.69732140254054,114.71768902241865,120.32744549012905,117.76927812662892,122.91938432639704,21.68184351239948
3042,2647.1071485055227,2394.9314388924986,0.5072145771979442,0.7323205718515731,0.15624334521512587,49,0.0,0.029514065379859573,4.114796050105899,-1.5358707856819915,2647.1071485055227,2394.9314388924986,1392.5655909772704,0.0,0.0,311.14050717875017,0.5464791433261349,126.48789932005658,150.1389904353984,159.65016355906,136.53877746803389,119.62002795359942,128.83249520919594,143.4122661739686,129.06861259667494,135.85398081394095,142.03611350254218,20.926263944799818
3043,1268.308877129576,2395.93364009248,0.8325683248066408,-0.5684612479740283,-0.004101521140942362,49,0.0,0.06822396565866087,7.456985214892914,-2.1814082050188417,1268.308877129576,2395.93364009248,1554.6226074515957,0.0,0.0,311.7150143179701,0.5469109457008384,137.56666550718006,156.2919040626433,155.47556626585532,146.68901361052363,165.9567053623274,151.44825113858414,159.296221488487,179.6482160997649,138.0277438100936,137.9153389364424,26.306981169693927
3044,1583.3318011049444,2396.9386734633676,0.9983392018109044,-0.3962929577856777,0.11412606783053207,49,0.0,0.030191826992537144,2.633045968784511,-1.0511461031536837,1583.3318011049444,2396.9386734633676,1113.3645908616354,0.0,0.0,311.5837512517471,0.5473312871632405,99.96237490380739,98.15171424854479,117.65680898759899,96.6784739071661,105.06601556663409,102.55403124203637,107.5824353139297,123.21005451799772,117.39346895406311,126.20355422204716,18.905658997809894
3045,2616.5365485081597,2395.959694814309,0.21587839453605517,0.5091110096606217,0.41358963013035793,49,0.0,0.010183501322733646,1.5178147834314764,-0.45304694628771575,2616.5365485081597,2395.959694814309,1124.6389595511855,0.0,0.0,311.1532445671336,0.5469084684081535,112.03363556345323,112.41878566409135,105.11027417324394,119.86112514238691,102.46754168615402,114.14193513300128,111.79394582369923,116.33308117921118,104.73234108902815,105.97750327034268,19.768790826573806
3046,717.0827429433425,2398.047183973809,0.6646263153458696,-0.9048515799685664,0.006754846557854023,49,0.0,0.061811869488764624,7.720021361552101,-2.2190462551111563,717.0827429433425,2398.047183973809,1773.5794996775962,0.0,0.0,311.9446937213184,0.5477818511983661,128.90316962151647,161.73423221599427,169.54350442078828,170.96190244341102,183.0221216187117,166.1457213331804,183.46116586985372,196.49050474844265,193.94757957186312,184.38243424418104,34.98716358965365
3047,2065.2013436760712,2397.833686765225,0.9202046431286428,-0.6463481212158687,-0.0928241477943546,49,0.0,0.01646068018502801,1.384221322008109,-0.35301383664983854,2065.2013436760712,2397.833686765225,1050.5248537850473,0.0,0.0,311.3829672144667,0.5477010736594173,107.58863262335099,110.6408148632956,103.1009169322231,80.84780768850159,103.36465210891504,93.45465721387208,106.44908602337289,110.29065943801137,119.62267295289936,98.17341248666419,16.991541453941068
3048,2393.0948863523927,2398.1681833616954,0.5089643314686948,0.593659644134272,0.2600657584274161,49,0.0,0.016127627969186563,2.1472157922515858,-0.8296892315781729,2393.0948863523927,2398.1681833616954,1136.9662028661253,0.0,0.0,311.24634387662763,0.5478344698460227,102.19002553457297,114.8652687087104,101.07600851327075,126.9839055648149,101.52935578126954,103.82247114766373,104.22827603813869,134.8177378847859,111.81591430649559,120.67021815949813,14.967021226904654
3049,2340.7284317960202,2398.885792090866,0.5884045880885082,0.2648673459591469,0.07554542245944247,49,0.0,0.01411431442710331,1.6280486670255456,-0.529168457624874,2340.7284317960202,2398.885792090866,1306.3019659701831,0.0,0.0,311.2681631788936,0.5481346218210159,112.35752261494197,132.40826281775645,128.12372474960927,134.9503558941402,116.7307218158065,107.0236653360286,115.71987382382301,136.64945666791758,161.93797798945903,132.7310296604095,27.66937460029094
3050,434.4163684688075,2399.835899467546,0.28458866246830533,-0.23213704962559178,-0.05708631453029815,49,0.0,0.00838465456251342,1.3539253671690001,-0.32898681316232437,434.4163684688075,2399.835899467546,1168.262336912907,0.0,741.360300139507,312.0624682207953,0.5485187066100974,131.2554543926782,116.38842472043791,121.35305310537976,109.96456708483365,76.57298973440334,110.48163266155414,138.66098271821375,80.92792170643096,138.03485221027273,128.0448038873975,16.577654691305003
3051,1034.751021520009,2399.9695703215048,0.6234884547722817,-0.487343659080696,0.10298713060857471,49,0.0,0.029326022180108758,3.8106054663540543,-1.4524849653080412,1034.751021520009,2399.9695703215048,1201.5681110421144,0.0,0.0,311.81233186173716,0.548589479645588,104.43563802145445,111.37308477994127,136.96691796475523,136.26090643600463,83.92916917928065,118.54183693879929,118.41430303845068,115.55320967964157,118.88491923530316,136.6335505546018,20.5745752138816
3052,710.8630498521862,2403.7909977770564,0.5767533091947181,-0.4315427982292454,-0.1485057717661715,49,0.0,0.020371506376367435,2.3239647823831397,-0.9155738560550299,710.8630498521862,2403.7909977770564,1553.626717461704,0.0,0.0,311.94728528547944,0.550174816055945,133.87423534421472,144.06154267651607,144.4278935966556,157.78387931339728,157.45200405949524,134.29548329105683,159.6158634293501,173.09552575671833,171.62938949834606,149.4914752503827,27.899425245571063
3053,1435.6814656272138,2404.061424161185,0.3105752508493791,0.31883753009512955,-0.657259841234777,49,0.0,0.008274441039823568,1.166722612543147,-0.16741903779702264,1435.6814656272138,2404.061424161185,992.3784923336577,0.0,0.0,311.64527398063245,0.5502986084870737,74.9103942455919,93.81690601077142,103.36187469190152,100.13148223561353,95.50828178752688,110.13318993904021,100.9832777841021,75.79717838667605,109.60330171897009,108.57096226895992,19.561643264504035
3054,2065.136003602983,2402.841201494888,0.45672172345368517,-0.5500816106604066,0.29820489104831005,49,0.0,0.010322960141455232,1.1377418209312686,-0.14010930526658838,2065.136003602983,2402.841201494888,1056.4077115986067,0.0,0.0,311.3829944134567,0.5497874565114963,107.18077700931116,101.65483032931994,101.83057612165794,81.10650292065725,101.99801404385978,94.39708037136637,116.12486969873659,108.51520334098817,127.38445263112315,98.72770839784968,17.487696733736747
3055,1798.5730458297076,2403.9296142830635,0.7247014474737049,-0.42844210412026407,-0.13862222992378834,49,0.0,0.0412336663529698,4.939013701206686,-1.734100577324404,1798.5730458297076,2403.9296142830635,1264.1912811098082,0.0,0.0,311.4940648532107,0.5502435140360686,104.61841048249774,116.01522057174212,130.4119752798386,123.01915515654363,128.403220170598,132.1623196208995,117.6049792806432,123.32862062888226,127.7520794053728,143.63682006542496,17.238480447365305
3056,809.3285375473462,2406.664190515726,0.40391866476782956,-0.46476512312493423,0.19952139508778188,49,0.0,0.01606246968542828,2.52957121298367,-1.0076172756497699,809.3285375473462,2406.664190515726,1101.052621891572,0.0,0.0,311.906258367539,0.5513743265081734,104.7741728820858,111.10227991575329,98.34011594720317,113.56120057446235,99.65349595063142,111.57810933656991,105.97251076513314,129.88209001679604,93.67716885964921,104.86901629974797,27.642461343539843
3057,2392.697248398048,2405.5882043864426,0.272424065166894,-0.5071348104202489,-0.4329860232224192,49,0.0,0.009108571370837771,1.2064649560072327,-0.20378677886580668,2392.697248398048,2405.5882043864426,1111.7295922696876,0.0,0.0,311.2465094914049,0.5509259981017783,101.63368749653868,104.26251927521136,94.6875783769005,114.4011303133546,105.03387400608004,94.51925254713896,116.76734629256453,111.86369344093671,105.71877182041692,145.5351909401653,17.30654776038007
3058,2615.9399534800655,2406.5072400009603,0.7398507671884998,0.21485521184988574,0.044478550056850474,49,0.0,0.02456560675209271,2.55096694312826,-1.0167620770321144,2615.9399534800655,2406.5072400009603,1238.5069343518546,0.0,0.0,311.1534930199427,0.5513030275996427,110.78857409887948,123.26432205455657,125.63291081343391,113.2997650701783,125.24418990229859,118.47656944741445,108.98804232219106,132.18343241394962,117.90097026550691,141.40142457077792,21.326733392667677
3059,964.0749885667008,2407.378693337251,0.6826317486047287,-0.3967038802004744,0.11745404783180582,49,0.0,0.053127339788017335,6.7196360010327485,-2.0683643704974926,964.0749885667008,2407.378693337251,1391.9516943787685,0.0,0.0,311.84178055136385,0.5516752433813888,108.3721246044877,136.24535887156424,124.6773760173216,144.41612334613808,149.33759513639382,140.6479595569105,151.80307210741648,137.7280326262092,140.86493718753098,130.82305945738005,27.0360554674159
3060,1083.094719289026,2406.346435742838,0.5125383920203893,-0.21976982284954763,0.20227610106986932,49,0.0,0.023303877884288483,3.2722438544934347,-1.2871141518584435,1083.094719289026,2406.346435742838,1095.2415774544816,0.0,0.0,311.7921884216953,0.5512471571482692,101.46195223746243,112.100912400385,119.00637415153024,87.53974988642702,117.025278523465,118.98901550219793,97.80453250770893,119.40808120427711,98.94182436079485,92.99742663388417,29.966430046348822
3061,1159.3470409259862,2408.339383648604,0.42849682279748513,-0.5486648553198208,-0.642262750102213,49,0.0,0.008123015792419723,1.0444553983731057,-0.04722474732977446,1159.3470409259862,2408.339383648604,870.3389219646983,0.0,0.0,311.7604160928648,0.5520785846510476,90.16284726510558,73.2695819506001,83.46492248960033,75.97458588287245,98.75413600350583,74.54109148314537,103.16900296555971,80.3076502458979,81.33158380756254,89.88831137033809,19.475208500510426
3062,1965.6671959859293,2408.423288882943,0.7680401839125385,-0.15192975719240082,-0.060499481115992904,49,0.0,0.04206900776073217,4.654867583140305,-1.66976832783184,1965.6671959859293,2408.423288882943,1269.1176460167503,0.0,0.0,311.4244405502201,0.5521144382480848,115.76519519226756,132.2818401297641,139.52008157217267,150.98565353319432,125.36313353473327,131.22166169826525,105.01432229777532,101.95895180808444,121.96317456508949,117.32196676758934,27.721664917814472
3063,2434.63394413963,2410.200216477255,0.5303414336029884,-0.6635488905562908,0.021003085031155676,49,0.0,0.018160099554030328,2.198832621174804,-0.8554804284874615,2434.63394413963,2410.200216477255,1021.8383757752586,0.0,0.0,311.2290359271992,0.552846574676347,96.88040479794003,112.72550792141476,85.00217863572254,106.56782719493225,92.48980871651634,115.0057357036124,96.47283529822047,102.00073658202473,93.48893314204057,101.35277782144308,19.85162996139135
3064,1747.1424378179474,2411.9998059705213,0.6869506259997382,-0.31219931735624395,-0.04828726638235781,49,0.0,0.1269484089556519,16.37215485364156,-3.0352646092593663,1747.1424378179474,2411.9998059705213,2406.1768701590254,0.0,0.0,311.51549484827154,0.5536062340032541,208.1935130131084,233.0484713670107,246.94571983907707,239.56076589740417,248.04734320318283,225.27034393019125,231.2896888630363,246.41279603131773,238.72625931357993,237.98866650411043,50.69330219700667
3065,1462.7150159841135,2412.821925912518,0.5458285820049369,-0.7689738906452928,0.19877007478306508,49,0.0,0.06224495557685878,7.1814830264227725,-2.1405353458720637,1462.7150159841135,2412.821925912518,2737.955480156581,0.0,0.0,311.6340097015211,0.553948808744857,243.28130052279164,270.52463592727065,247.57506250693385,285.7539188371643,247.1406131898138,296.0137734330014,283.1268343886367,302.7409378380518,258.308291063002,251.01262716462705,52.47748528528783
3066,2406.840207317964,2413.7252009111107,0.24249513319329832,0.036104096773287665,0.16371412414453865,49,0.0,0.009214018415614506,1.5257347248964692,-0.4586975766282998,2406.840207317964,2413.7252009111107,926.0874478312327,0.0,0.0,311.24061654474804,0.5543159083069344,87.87213402158201,91.34403520474675,98.52870050300535,86.85345495287888,103.64368880034353,84.8223448965187,100.91479680116349,82.60010370452983,91.45037446871527,74.74960259785462,23.308211879894216
3067,2494.585597838959,2414.072128895271,0.5098254818776614,0.5908254514633622,-0.006669360834347381,49,0.0,0.013219716725601406,1.5748341744050558,-0.49308707637387306,2494.585597838959,2414.072128895271,1032.6069760632545,0.0,0.0,311.2040562890219,0.5544582666533793,88.10083043651133,102.01755653755389,97.56873794562627,107.9379580982143,97.15113412149753,110.45157281817959,107.56931545083448,115.92446370669006,87.966594089784,95.69685584058416,22.221957017778887
3068,1213.8808988744763,2418.0544368012565,0.8817368393537479,0.24657836778380113,0.3215747654232983,49,0.0,0.025586517675643107,2.4422803807831044,-0.96948880180371,1213.8808988744763,2418.0544368012565,1188.148268428949,0.0,0.0,311.7376932382595,0.5561270250626013,113.89356660226642,116.03684501191825,100.03553854100306,118.78891600565899,112.353546983324,117.68176304298817,110.87514517358031,122.0248937113973,124.45369423988599,132.68116791443884,19.323191202487795
3069,754.8518717308345,2420.087889176683,0.2940875239693791,-0.4568618237503841,0.6560001422139154,49,0.0,0.009110784213055242,1.1590407529635594,-0.1602467660868122,754.8518717308345,2420.087889176683,953.6188400601498,0.0,0.0,311.9289569643184,0.5569659330825678,85.53729563714424,108.56796197595875,86.32681948467318,95.75902269893888,97.01608814608649,82.45914480478778,107.64152467490942,94.27856316717921,80.14436598911723,95.36958670583816,20.518466775516323
3070,829.8196183454236,2418.7465602080415,0.7650029981051185,-0.7747356003778073,-0.1247160884675682,49,0.0,0.013073807428271906,1.2438184396707996,-0.2368924774068074,829.8196183454236,2418.7465602080415,929.5536738150832,0.0,0.0,311.8977205500767,0.5564088591192908,64.0689940006752,102.5293614275717,92.3442207251783,99.35335146887415,95.99098600111648,82.4219218537292,83.24015560345663,101.62737698643932,97.84843892771374,93.45008151522059,16.67878530510791
3071,2166.4430470295697,2422.3953094254202,0.4207792808081748,-0.2671083797663327,0.19773826642537273,49,0.0,0.011243948685800564,1.3031161932981274,-0.28745785405198904,2166.4430470295697,2422.3953094254202,1005.1258563563188,0.0,0.0,311.34078238907654,0.5579331305156884,98.27705709544624,118.31690528488909,89.67950511343572,83.42926357013869,102.07795845806612,111.09941892813976,100.11892171760013,76.84741212040976,92.22218351258122,113.08109803825516,19.976132517356902
3072,956.7380238463141,2422.555680382847,0.6664118900086903,-0.07490160861717046,0.1694356467517849,49,0.0,0.021119387273127833,2.5386757602238212,-1.0115180907647419,956.7380238463141,2422.555680382847,1051.7415234906225,0.0,0.0,311.84483775418545,0.5579985598325017,100.38971499330273,91.00404354219926,115.40888278865339,101.4482730372186,111.40427367605162,119.75391831748098,116.04893734448459,101.02264067098899,90.78665438479173,85.18652724633898,19.28765748911174
3073,1027.4759993494113,2423.149581183111,0.5366904274139244,-0.5428566244394227,-0.038098586174595564,49,0.0,0.3720331604889482,56.703181227473536,-4.3840185621696985,1027.4759993494113,2423.149581183111,6729.606712225335,0.0,0.0,311.8153633080944,0.5582472774677764,640.5653113591443,659.4213868477078,692.5021656974242,706.7261713868875,690.3592036686473,662.8094931825831,652.8721561975153,669.3806181626026,590.9432006829243,633.7706083749583,130.256396664941
3074,2788.7788153351453,2423.914893681248,0.3583911971732936,0.854383593779809,0.0303210029669487,49,0.0,0.04091059388511397,4.440731760040396,-1.618636351616568,2788.7788153351453,2423.914893681248,3793.4725970547292,0.0,2735.0892177159067,311.08147912839377,0.5585501391393872,310.79111215800515,374.19329180437,325.3122744631131,393.2479192307378,380.92804281287926,464.42009395249136,413.23712493754374,383.36825368822156,407.0723288576032,315.54997918606307,25.3521759637012
3075,1321.5776314390766,2424.118161842029,0.7211946253443984,-0.8830665029953276,0.06470392986482978,49,0.0,0.012350535516206214,1.1224081290650967,-0.12537700854712805,1321.5776314390766,2424.118161842029,939.54505160883,0.0,0.0,311.69281856328865,0.5586545360191046,83.08466891647214,94.27193818603885,103.10100845400773,99.97861406659813,76.23920369160287,102.71859040452881,99.36924515903203,94.11024851929508,86.60733528016576,83.19392311095982,16.870275820128747
3076,1664.110721233982,2424.7867402138313,0.5541331983400655,-0.3255760119076169,0.04454258288917438,49,0.0,0.0477043267627034,7.077079131759585,-2.1246351291482295,1664.110721233982,2424.7867402138313,1366.012174547739,0.0,0.0,311.5500923788713,0.558934189774517,113.91040356795114,125.26104066232637,145.3945918691374,156.16717369223093,136.53689694851101,151.41139977815936,117.06769490429704,135.82840733555668,111.17405441803113,142.40946597298478,30.85104539855336
3077,2652.1567247391245,2424.4625085972298,0.21216788091754799,0.6558014666122899,-0.4181059373462328,49,0.0,0.008147024397712822,1.0702529775549785,-0.07371611190099459,2652.1567247391245,2424.4625085972298,1067.8747102122736,0.0,0.0,311.1384028966134,0.5587828166780664,90.96758286264121,109.64359105472077,114.78062104382533,106.37152460050999,100.963603620324,87.68531106180444,116.42190638768952,109.81198172284878,105.0745195480973,104.13818130926514,22.015887000547156
3078,2700.5771107636033,2424.40773103715,0.8917573459379471,0.39159336114317356,-0.2571736508445111,49,0.0,0.01975987495870581,1.4339782396600353,-0.39135640261942084,2700.5771107636033,2424.40773103715,1224.5711514574268,0.0,58.21757134302296,311.1182283743367,0.5587584549095869,130.5050625347516,125.35022733121426,116.70311341855424,112.28383799543872,111.46663679044366,125.82261778311499,100.64707653672549,109.60605721192942,131.17855818147493,140.81849069690932,20.18947297687005
3079,567.1074461434339,2425.9231549382785,0.6190129412694229,-0.8132235432234217,0.02229687816744017,49,0.0,0.014267731900616592,1.4997076043562148,-0.4400164839843085,567.1074461434339,2425.9231549382785,1109.6014703194169,0.0,0.0,312.00718251982175,0.5593919428930978,121.98735533145665,113.69241174965656,115.70310154043997,127.15238398262302,101.72832495373517,95.58891522973174,98.4012034553974,103.57806466125496,102.90448669815703,105.30364990925659,23.56157280770785
3080,2681.0337372793997,2426.2265686708874,0.6823054566122454,0.9318163832034027,0.32308680243760085,49,0.0,0.015544408439160044,1.6349649559538924,-0.5337711209327276,2681.0337372793997,2426.2265686708874,1075.1435215333677,0.0,0.0,311.12637115335457,0.5595168828794388,104.0296235080408,107.62869225040029,104.26562239371943,111.78848690732455,116.20304207375206,108.20069355405303,104.07969116662358,87.72704550051783,113.153015335817,95.8098779438748,22.257730899244287
3081,789.7701919222488,2426.776482982349,0.5195482221673953,-0.7982400261435172,0.0035938138776917565,49,0.0,0.06151380461387171,8.841105445275046,-2.3662664257588877,789.7701919222488,2426.776482982349,1854.7483745979075,0.0,0.0,311.9144078248527,0.5597535507058548,152.99657620510186,181.05817298510573,186.5032938434397,188.90340646241808,190.50313913322225,185.90456397410148,171.66382732381567,155.42408480030363,209.86106046114458,198.7398167744261,33.19043263482831
3082,1102.7788135538858,2426.671777552872,0.8196039807401709,0.04738890644632487,-0.471567117288032,49,0.0,0.01424567540023106,1.335794891128061,-0.31434944533052,1102.7788135538858,2426.671777552872,906.7767756814179,0.0,0.0,311.7839867040284,0.5597159871233807,72.15231156692985,87.42266725281887,97.71343749149784,89.63678278838555,92.17588555572755,98.99186585664738,95.55959678027597,89.57662693653616,74.23963533246385,94.82865111646755,14.479315003667406
3083,2728.2266040844747,2427.431351977317,0.45477864084096,0.9864279813752262,0.12519110330176741,49,0.0,0.08415957746929335,11.373043438847406,-2.6396917447956265,2728.2266040844747,2427.431351977317,3024.122065767584,0.0,1400.1598286087387,311.1067081281903,0.5600172991763794,246.006111493596,284.5380809653263,278.709793120411,317.0128265900188,308.98835110004075,295.0696302310191,288.35163445940884,292.92105037763065,304.66756441972746,328.6293687273899,79.22765428301554
3084,1501.5753827196943,2428.0374055777797,0.4091225341900366,-0.6450178795630643,-0.2317508111893999,49,0.0,0.013386370802120223,1.8428063413702618,-0.6636992451375366,1501.5753827196943,2428.0374055777797,967.1620503264412,0.0,0.0,311.617817437042,0.5602884996356206,94.36257536706432,92.74545127412344,92.70699622161676,95.21102542151914,96.87968363769,103.0638300870259,98.96746969236577,102.57548685413892,84.18735489841217,82.99857853840055,23.463598334084242
3085,2305.326021187899,2427.8096089341707,0.8093639316402763,-0.09014783964803758,-0.03210918764333294,49,0.0,0.052313605334584214,5.85480513353844,-1.9187811123820497,2305.326021187899,2427.8096089341707,1428.6443307100053,0.0,0.0,311.2829139700683,0.5601863742097086,110.04481838093076,144.89935394760045,146.23374923776527,130.1142911484169,143.33727022910642,151.50656828525356,133.25682298153367,124.81077086850277,173.08904854936281,134.82261508510015,36.5290219964328
3086,2797.8072491593216,2430.6640092526077,0.3661440420301165,0.7831984041950364,-0.0680556513404906,49,0.0,0.05251280710307576,6.033316007381327,-1.951390182455509,2797.8072491593216,2430.6640092526077,3646.0911293798654,0.0,2873.2727077556337,311.07771736060914,0.561361744306176,434.78755339051713,386.21050261809313,334.38426060769757,369.42502539298073,369.81115591448,302.83651992806045,341.4378031190946,333.5109037191866,382.2326540914814,318.74853208174255,72.70621851653146
3087,1085.6129758777918,2437.2723521219805,0.6940178871518434,-0.081814994139988,0.39758357880751233,49,0.0,0.021282206595882015,2.373368837198331,-0.9384130892353914,1085.6129758777918,2437.2723521219805,1063.7362895555302,0.0,0.0,311.7911393138226,0.5641324434898979,106.34675025948482,93.62526846077017,92.14918817844145,114.12271416747475,94.23449333633016,110.31453051448975,110.6967982193336,120.83171354292112,89.952064731849,107.6871520104574,23.775616133978197
3088,2306.0871743644575,2438.441052554869,0.4696180517815016,-0.024619022752908046,0.05752962403376496,49,0.0,0.07240014545816828,11.777750841994292,-2.6776559064815473,2306.0871743644575,2438.441052554869,1934.07718385167,0.0,0.0,311.28259673634534,0.5646159057684563,159.32881884280044,180.24165665631915,183.1440435707456,189.77400432565656,191.36278732029302,201.53353830810408,209.83447793912723,198.87386532049777,191.3791889232139,178.91110447497897,49.6936981699335
3089,991.979670070532,2438.9606703421805,0.8026786045679337,-0.7072952492470821,-0.0021722720066063707,49,0.0,0.02597607644576884,2.726714953889686,-1.0890993497833232,991.979670070532,2438.9606703421805,1072.3011268531504,0.0,0.0,311.83015371923864,0.5648343073619005,94.51401461599087,101.83306851343298,119.78849020369262,93.27953181614481,115.51847651269294,97.29931815551623,102.97291752828751,110.9343943552035,108.7312377917678,105.819365846044,21.610311514377113
3090,2787.955439358711,2437.311275830225,0.34581785373474805,-0.02139428193618573,0.7363730824501711,49,0.0,0.03491804929765563,7.837857437822741,-2.2354933996637123,2787.955439358711,2437.311275830225,1862.0089421848265,0.0,957.668036650289,311.0818220049898,0.5641315824230811,176.95679690859333,177.58557342959995,116.20405637062169,149.13212636932894,145.61424616391645,103.67316814540274,476.2396688812597,144.90203490227213,140.34102538349646,215.43900864155705,15.921236988778055
3091,789.8084355978788,2440.517329832323,0.5617168067597805,-0.7721568321904569,0.39498052111837856,49,0.0,0.03149812306764501,4.1115236995209585,-1.535006994873886,789.8084355978788,2440.517329832323,1326.2425206398577,0.0,0.0,311.9143920170179,0.5654785948211828,123.44389343145056,130.38918755705402,118.1902310032678,126.64266135676657,141.65192356956794,130.5843918657799,146.62245196962593,122.50444993984087,131.55134013233675,132.06326062712978,22.598729187037684
3092,885.0439722961663,2439.9256515800225,0.4761428146850702,-0.41188164126414223,0.01842351234211198,49,0.0,0.041771564424365776,6.73481351277016,-2.0708139364889484,885.0439722961663,2439.9256515800225,1418.9938325071219,0.0,0.0,311.87471056983406,0.5652342479436526,106.6806781778375,124.93556684974438,139.39627656931404,148.3441996740043,123.95472627583516,136.99710505298228,145.30914155565893,144.4420332548233,143.55352998452489,168.11408908014596,37.26648603225104
3093,1608.846706402208,2441.2652901762162,0.7918490819246577,-0.032496280800141185,-0.32504296535168253,49,0.0,0.012395957692204336,1.121999427078553,-0.12498158789597469,1608.846706402208,2441.2652901762162,884.7202038642629,0.0,0.0,311.5731197302584,0.5658000593479537,88.68156007717971,95.06234068338503,72.32551149510101,84.20469286431329,86.5753637049859,82.2405341592295,92.30426018737313,95.76514913441568,92.25939412094672,77.45442701591699,17.846970421415836
3094,1591.3232630460845,2442.6605411722094,0.49690912249822505,-0.7190554903486172,-0.3203660351307176,49,0.0,0.009221800587360697,1.0120162221873206,-0.012968685286060455,1591.3232630460845,2442.6605411722094,909.0403548575545,0.0,0.0,311.5804213846679,0.5663813919422912,78.31429375622193,88.20882655493871,97.66188718487471,73.1184305397368,109.00524060506228,89.79615650968788,86.40655524996794,99.14637024971401,70.54803599137885,94.87941247729228,21.955145738679118
3095,1671.1925208901657,2442.172707442864,0.7801999478460563,-0.10215709039293157,0.18375610792089,49,0.0,0.013519437041912363,1.2450396754366546,-0.23795797807468433,1671.1925208901657,2442.172707442864,1037.939929580005,0.0,0.0,311.54714152831775,0.566178061951941,81.10657205878131,86.8793747573163,91.56393305974638,107.72199258280565,115.3751988387612,124.51291451377008,92.07432394464385,98.88962851566218,103.0684325887719,110.43845361862398,26.309105101121943
3096,1123.2166430974514,2444.067244055265,0.6100667558102357,-0.42418339320182324,-0.15804663308339398,49,0.0,0.01932232013275863,1.9667887388580647,-0.7343942825187139,1123.2166430974514,2444.067244055265,1209.3238160536964,0.0,0.0,311.7754708907378,0.5669640822571366,112.73388935316774,109.21773401900191,134.83104548307801,100.81114425695934,128.4600918583809,91.62060468239056,106.82942401315749,132.9222612898212,139.845499478955,133.513741134338,18.53838048444633
3097,2684.0682463120493,2444.004029925569,0.656570601403804,0.9703629280405786,0.196287291598941,49,0.0,0.017630461486775568,1.854975934969232,-0.6708456994627525,2684.0682463120493,2444.004029925569,1036.763619027426,0.0,82.81177077110571,311.12510659586513,0.5669235584366645,96.0620264779846,107.00459527646905,107.55964497593544,91.047506705773,108.76549885972352,102.14261565853081,104.73768063847685,90.82877180077408,105.73478097138472,105.14704911413921,17.73344854823489
3098,2592.7316210461436,2447.5797495858606,0.4116267670555876,0.31368198897714644,0.19318639649296612,49,0.0,0.028485833226299256,3.920337299850304,-1.4833085866594176,2592.7316210461436,2447.5797495858606,1507.5277914315993,0.0,0.0,311.1631624602255,0.568416188598244,134.9080462661655,149.18020897982268,138.42736663404324,156.77507372631413,145.4835859165911,157.6864947687131,146.7199626662777,149.26328656783227,149.85646802717235,147.98051040206204,31.246787476605284
3099,1464.8172726027271,2447.334674694691,0.42806527115689247,-0.4928481650174365,0.02881131602001913,49,0.0,0.02451545845102404,3.883945720498294,-1.4731828796522295,1464.8172726027271,2447.334674694691,1193.092766913247,0.0,0.0,311.63313378984066,0.5683285987244513,85.56535692693916,112.84365676330185,105.65030801725841,131.7195267128407,137.02904270246663,134.5449162147389,113.66437013198505,102.78239886643183,132.85912259460972,112.72476918975178,23.70929879292291
3100,1528.3508564843032,2448.1590055237634,0.4210991358707613,0.7874366812927898,0.0495473263934617,49,0.0,0.008267555459857202,1.1538186950222757,-0.15534392859733692,1528.3508564843032,2448.1590055237634,856.2027997569796,0.0,0.0,311.6066606791186,0.5686722552509422,76.9394638812065,80.67807005103705,84.30386703697405,85.12180905113826,98.2056287824351,95.07822874291404,73.70155306090632,75.0265017122241,73.34343983886231,92.93278717698024,20.871450422301674
3101,1963.3127686395908,2448.0720177307344,0.44730867648959755,-0.2606076680272839,-0.0718681533193586,49,0.0,0.04178592513354501,6.243710698244355,-1.9886069296551434,1963.3127686395908,2448.0720177307344,1553.4330974458926,0.0,0.0,311.4254214194167,0.5686341107548168,140.58469564284152,138.95796908920227,132.4454168890878,158.63634015870463,159.9863491005002,151.57657197550463,169.34444465748834,160.6117483929532,164.6290220578694,149.26441682416348,27.39612265757709
3102,2755.5583715233533,2447.736370484609,0.563119214401746,0.9622678672162476,-0.30642283442631874,49,0.0,0.03374892262250496,3.365736756544666,-1.3177003640291218,2755.5583715233533,2447.736370484609,2098.4526366744167,0.0,1842.76712324401,311.0953200710426,0.5684761877504853,176.8072005795786,190.75734822073633,198.8700722734405,216.70555433620456,208.8672699785165,222.10684443051696,193.27487348001628,231.24468562829603,214.68187972860935,210.76008699026994,34.37682102823199
3103,1019.7566396196605,2449.10218295554,0.8250507746230094,-0.06876447967531965,-0.49629477483135187,49,0.0,0.018015940694905336,1.754152877547093,-0.6101686005423478,1019.7566396196605,2449.10218295554,961.8918215442812,0.0,0.0,311.81857991825103,0.5690602343047227,71.4190524987449,95.96506267398509,102.01582313348715,107.48058116452277,83.13077219560068,107.93765578107114,95.15396326176841,97.98855515939749,93.33626687650855,90.41386183198294,17.050226967212097
3104,1335.9022177858724,2448.345527910251,0.38879659885113943,-0.38763850637269387,-0.3148710098154556,49,0.0,0.009232821292426705,1.0903318553926995,-0.09389675180304835,1335.9022177858724,2448.345527910251,894.4320969882917,0.0,0.0,311.68684990535525,0.5687489953200899,87.73452036205677,80.58011439746795,86.25601500923939,80.9931657310774,85.49673694176421,94.32767138409014,89.79453637026819,79.58455028474592,76.15564353146598,115.68323373576169,17.825909240354136
3105,1190.183661039077,2449.8207490722966,0.7011802036446556,0.19445748316223127,0.3870787563020486,49,0.0,0.023327107666929907,2.639280759366102,-1.0537139792994648,1190.183661039077,2449.8207490722966,1034.8046649568034,0.0,0.0,311.747567443583,0.5693621656181076,93.63598391282403,109.28048426206311,96.72701752257717,92.72491528559709,102.36089420196242,99.74896753702352,90.75262639173204,114.02053276755512,104.75666672054435,106.44245565949625,24.35412069542823
3106,704.1096446878137,2451.4855225850915,0.763955669610225,-0.9992187686373432,-0.16727965735612724,49,0.0,0.026922189454174957,2.794000626334613,-1.1155662478362773,704.1096446878137,2451.4855225850915,1499.6914506834903,0.0,0.0,311.9500996545593,0.5700462178770962,129.31499739719433,138.2582552229756,144.45125657932658,161.51090217151807,147.7300827107955,134.13719420368272,149.77009222405434,152.81597618152972,164.3226086615004,140.26129787066483,37.1187874602482
3107,1157.036748166216,2453.119487637478,0.5379077480415146,-0.5038015631240469,-0.04440410095816395,49,0.0,0.2629879954749212,41.087156137212055,-4.034265206120232,1157.036748166216,2453.119487637478,4628.203998859202,0.0,0.0,311.76137895928025,0.5707361541754421,412.89205081241187,433.71013338503246,438.45478935622475,458.3220662769597,512.8285920295887,418.0998406078527,469.19040849500567,448.89443911855346,479.55299959671055,460.6797528574572,95.57892632340513
3108,1944.8114661668378,2452.7373360240445,0.6962792059966255,-0.16514474934330425,0.08211688365172,49,0.0,0.09350282305450441,11.986419046870253,-2.696723641552796,1944.8114661668378,2452.7373360240445,1831.879768071361,0.0,0.0,311.43313045938964,0.5705781097395664,164.52002660305826,172.96286887605544,196.80914784647206,171.3707166783176,193.48302988784994,161.23351294060333,180.5502251011308,195.36832971965916,175.7743869504124,183.28678452837613,36.52073893942594
3109,2342.826376328452,2452.7106903840204,0.5702862009094629,-0.011535768975439094,0.0975328255381389,49,0.0,0.11684775359409003,16.918505111479025,-3.070904967307614,2342.826376328452,2452.7106903840204,2475.172894090417,0.0,0.0,311.2672885801266,0.5705604828497784,212.99898988500038,228.93852797170806,266.4542419624572,230.48059526126795,271.4477657090679,238.22346551789434,250.1877714024046,235.64034639896894,230.66151097368805,246.92806259235203,63.21161641560717
3110,1262.966092529224,2455.101460040488,0.6319104374433243,-0.5928929487337228,-0.0894873867308152,49,0.0,0.06028075029632974,8.174855418962155,-2.281200201097726,1262.966092529224,2455.101460040488,1538.9116189210615,0.0,0.0,311.7172407567958,0.571563190227924,137.4099870911608,131.97432154851924,167.06937135893614,130.06823045107905,177.90381514212822,166.65231871902648,154.55829836575612,154.14158454319409,129.77792134667038,159.83485742658644,29.520912928004485
3111,431.689949943527,2455.7665956152673,0.4871595817737652,-0.5042679673069969,-0.27497031885558254,49,0.0,0.04074904007771991,7.905479565252418,-2.244820551017045,431.689949943527,2455.7665956152673,3950.5627272359325,0.0,86.65465312051413,312.06360492447027,0.5718213854821252,0.0,3287.9760973117413,150.92878070694508,19.247945367994834,33.10475552754349,49.35740433689956,220.6363459624153,86.83918751450209,19.65017231216633,78.98244301268835,3.8395951830363417
3112,1204.1962892044764,2456.1636280622647,0.8664244445260341,-0.7316888625931677,-0.029561332319848404,49,0.0,0.012260642442084042,1.017757798263937,-0.019111096788556606,1204.1962892044764,2456.1636280622647,911.5367666317493,0.0,0.0,311.74172875047265,0.5720050894837608,66.6174702148242,82.98646690281426,95.53875409709619,88.22825330743008,100.67620478098169,97.47227734113747,88.53347061847596,89.00163396539054,95.62344394805741,85.88307895855758,20.975712496983864
3113,755.6979840752914,2456.795259156227,0.5385242434987323,-0.8348385943175958,0.014892081855516652,49,0.0,1.814007835096528,263.9935418126917,-6.053983256668728,755.6979840752914,2456.795259156227,34830.15431628826,0.0,0.0,311.9286047738329,0.572259835027174,2933.415901301336,3324.771370218934,3335.781045262993,3450.5105882992802,3546.9127129095314,3534.353995540299,3546.585975814764,3483.6667765975517,3517.0469842459506,3486.1264423737916,670.9825237238273
3114,808.3641490248104,2456.7305881656957,0.5549619700047911,-0.506080493274841,0.28421497949451,49,0.0,0.014138871241370154,1.6572218680924902,-0.5484516386372629,808.3641490248104,2456.7305881656957,1119.9386005947144,0.0,0.0,311.9066606464404,0.5722341947670165,105.2158148951745,132.63096432773855,119.66478506684437,109.91389407503627,106.20135142839922,99.93999016821135,111.13757188568687,106.48126967716938,106.88518595369595,106.48814670048742,15.379626416270549
3115,887.5740124024339,2456.552632305906,0.7397832241766018,0.05620023914966431,0.052126474513404956,49,0.0,0.02017535352560394,2.1137378565748066,-0.8126278139772962,887.5740124024339,2456.552632305906,1084.092037679076,0.0,0.0,311.8736565183255,0.5721618541897939,92.70865305431045,119.46908064930716,113.4376452088143,105.19063378137167,103.32939695060577,95.44451819983684,114.29391940543253,110.70190016939054,92.84022450548956,113.32442390294429,23.35164185157302
3116,2034.3523908639575,2456.4768270474033,0.5749405281000332,0.3684783908950131,0.006291683528707689,49,0.0,0.012175464491620318,1.4005171826996494,-0.36572110368772975,2034.3523908639575,2456.4768270474033,945.1597123292845,0.0,0.0,311.3958208887954,0.5721351118911615,79.11767791001894,92.29640398441909,85.38813511496039,122.8731837490393,101.28394751969341,94.40274329878727,90.0750191228796,71.25366070115875,88.93539988174496,103.82916137739844,15.704379669184302
3117,1223.598157193673,2458.711983513488,0.2382289762113605,-0.8620923313245386,0.26006193439627817,49,0.0,0.007094714175862713,1.1625209459281702,-0.16350196652663793,1223.598157193673,2458.711983513488,1351.4290880842636,0.0,0.0,311.73364446730466,0.5730670859325363,130.91647852050968,133.41170743480458,120.90556147262924,132.09463042959678,131.02807041009947,139.11767285966414,138.33224356515154,124.4346195627217,138.56784736114253,136.01966817830214,26.60058828964161
3118,1299.8246651138852,2458.3918277864304,0.8963827043206702,-0.35264423294186836,0.08081087150512814,49,0.0,0.05906307138720348,6.018127580929733,-1.9486534757527887,1299.8246651138852,2458.3918277864304,1427.6406028143747,0.0,0.0,311.70188264470346,0.5729344758759083,133.97269411526878,142.0177571519994,130.60291607106785,141.12535059400545,150.08773462118256,126.6421850002909,133.65178726692454,135.1964670568435,140.3046362554216,162.76918915532212,31.269885526047883
3119,703.7401587294618,2458.8710729360623,0.5797319569677669,-0.7132055642381431,0.024245386016244447,49,0.0,0.03526445111548303,4.620841933443986,-1.6618027818209136,703.7401587294618,2458.8710729360623,1557.8228103335782,0.0,0.0,311.95025368064637,0.5731233362320581,132.8460739596597,152.17678779409607,143.8111776547359,174.99585474121642,160.327410978312,150.46901851317256,144.44934334755956,160.17708267348894,161.89698743576946,150.68251442258622,25.990558812981355
3120,2152.7126181978538,2459.186951404002,0.7107292354680591,-0.016146944912656374,0.1924307921898497,49,0.0,0.022351614923291355,2.4712728318276143,-0.9823017368523129,2152.7126181978538,2459.186951404002,1043.591843763149,0.0,0.0,311.34650324403844,0.5732625117308852,96.17140096108228,108.92697826374246,108.43682801618306,102.6940074951141,110.63955128436265,99.96404377152886,96.79932286808273,105.06893524277352,96.95142292949063,95.8212643373038,22.118088593484888
3121,902.3405311666085,2461.4157417232173,0.7391460429389569,-0.007910914733495632,0.2526821831706671,49,0.0,0.03297752888128443,3.808513588063294,-1.4518887735338808,902.3405311666085,2461.4157417232173,1192.0586307079398,0.0,0.0,311.86750381528304,0.5741883599313289,84.34189088797473,124.08875469873419,133.1325220754066,126.29148328428839,133.7181785465555,108.88397878137312,118.48562715634856,124.4890303003861,113.16770300269158,105.67472043479135,19.78474153938962
3122,2421.951906728311,2460.4063349067765,0.5578168729569223,0.03745834220796401,0.09574479802814176,49,0.0,0.02396299434159968,3.196752376272914,-1.2617724916932203,2421.951906728311,2460.4063349067765,1068.2555766679432,0.0,0.0,311.2343196023428,0.5737649532089508,107.20181292081023,93.45163385117873,110.09493799468943,107.36961430817793,113.28733055013006,107.09132877543661,100.92773860286547,119.77679319142055,100.45252236014237,88.76002054661934,19.841843566472466
3123,2283.4316098507647,2461.7734748184844,0.551996654878245,-0.11333129654706915,-0.060342487661706586,49,0.0,0.0249872370615542,3.0827187817624186,-1.2223347710286514,2283.4316098507647,2461.7734748184844,1165.4629686548888,0.0,0.0,311.29203641574753,0.5743377270090226,90.20806568957002,110.37947070161977,108.22834213586721,125.3551974661398,135.3162810277401,121.11911188293914,98.85667286323897,127.56186818260538,120.02989402390075,110.69876208121772,17.70930260004981
3124,1626.0785156543775,2463.319980162068,0.5970777323896957,-0.2705490724214495,0.030164800166457614,49,0.0,1.4019652853770717,204.98219969473314,-5.7792903732491565,1626.0785156543775,2463.319980162068,20123.786627545254,0.0,0.0,311.56593958753814,0.5749891519914417,1791.2528768528248,1958.358973285369,1945.736604140895,1989.6504832085552,1988.5637979961798,2097.483707921878,1989.005805134484,1980.6461613813012,1930.9512646426565,2028.5536541829138,423.5832987981921
3125,1403.203337065516,2464.266208308654,0.8856644685103829,-0.4953390097000142,-0.1622186078507622,49,0.0,0.016341487774823416,1.4132995644115036,-0.37558556276354116,1403.203337065516,2464.266208308654,941.2558682280328,0.0,0.0,311.65880703917514,0.5753828158903844,74.13489793342681,104.69119032249087,89.26916493138843,92.88644442333239,103.61908350889715,96.74027754672663,108.95923644264023,87.30544592583111,69.17473052411205,97.04973984599309,17.425656823194153
3126,942.1600175484577,2464.628501444553,0.6234915481379714,-0.5328445734302643,0.03135841032344015,49,0.0,0.2077287227897803,29.10171580518298,-3.659796488165413,942.1600175484577,2464.628501444553,3617.686317479356,0.0,0.0,311.8509122824917,0.5755277618959623,314.57207091924715,353.8039293103824,358.0622009782569,362.37189178180154,360.84846193958606,360.6664909888816,335.292648257858,364.74410399483793,391.5569004111316,350.8336503347843,64.93396856258829
3127,1227.1652040461397,2464.7059289297154,0.6469666603707905,-0.6308305924651922,0.12939474198251308,49,0.0,0.04375698560639324,5.6832364722121484,-1.886489317148713,1227.1652040461397,2464.7059289297154,1397.050436969812,0.0,0.0,311.7321581889478,0.5755644965804866,135.1170406576918,151.30069371159522,112.13534553199673,142.51776401719286,132.03219071635166,158.41414539366747,123.87973018162214,131.24488994511074,134.51541636445256,147.42141038085427,28.47181006927673
3128,808.2150551250074,2466.79302189087,0.4731499779644431,-0.8552518520575985,0.15279828615293775,49,0.0,0.021301602088232983,2.801545834246981,-1.1184943301695196,808.2150551250074,2466.79302189087,1286.1870765277065,0.0,0.0,311.9067228595853,0.5764266378605409,123.80441395142088,142.61696133328698,142.22661000366335,133.11214963280247,110.71596210141823,99.70186290387804,152.63832701982642,128.5500734722807,108.85198415022242,118.75339311410707,25.215338844800016
3129,1327.472058648466,2465.8124593094553,0.8719540461600142,-0.6330035261055331,-0.06638063208115204,49,0.0,0.024616333747344593,2.4095551324217976,-0.9548421693328832,1327.472058648466,2465.8124593094553,1013.1942377380507,0.0,0.0,311.69036261888397,0.5760265184941937,98.61791702276332,95.45456122305472,120.68804502042065,102.89633687020347,88.24797121444635,102.24406947215488,102.76281938435721,104.63140241450863,93.94289311570104,80.08894598175668,23.61927601868381
3130,833.1356760506748,2468.22606825981,0.5017738528832448,-0.5695544566514026,-0.0012292547270417956,49,0.0,0.017258421198809968,2.3805965247360716,-0.9417144881667088,833.1356760506748,2468.22606825981,1042.5661418305249,0.0,0.0,311.8963392945904,0.5770242998829462,96.58738840256638,109.53553148818801,91.9809714850701,105.87885263843341,103.49477530099132,112.34905986591745,101.33878563801039,94.35930130444362,114.54332603477567,87.4052041586639,25.092945513464525
3131,1103.3501973953164,2468.10990769743,0.3759197683729592,-0.48868855835540387,-0.012905125929068775,49,0.0,0.017295055579352524,2.7095580964119037,-1.0822461682018178,1103.3501973953164,2468.10990769743,1094.1093698992265,0.0,0.0,311.7837488582579,0.5769811152610489,105.98759411879374,107.3488940880053,96.4159064176221,121.09036439625913,103.63851042805445,100.51710175950683,113.60097435647077,105.35609878954763,98.61642733843378,121.4491306428166,20.088367563716222
3132,1879.1841331991227,2467.528039599467,0.2028246800969505,0.49370564607950923,0.4443119932145964,49,0.0,0.008189681539647064,1.4750924817012667,-0.42204812372350553,1879.1841331991227,2467.528039599467,968.6877477153091,0.0,0.0,311.46047582442355,0.5767412662551776,89.56960464447678,94.5211407422868,98.06261981648346,111.90959942529255,80.95918205423422,101.14645989951134,102.20964312689316,98.252092833752,89.8540741075065,90.23546529378626,11.967865771085922
3133,1010.7698064852304,2469.828430398449,0.5927279002618269,-0.11391813932085336,0.3422256531563605,49,0.0,0.01708794867402241,2.168943436169175,-0.8406205655127543,1010.7698064852304,2469.828430398449,996.869518259715,0.0,0.0,311.8223246169165,0.5776955960788346,87.19644895291873,95.62080363734387,88.85536987699491,81.77003633897235,109.9794192158225,98.0465230747505,102.1033498938847,106.29166701742551,97.68025378275463,105.68489301451129,23.640753454336
3134,1533.3446941824668,2470.1169199395194,0.49322732004066083,-0.2809813441949035,-0.04186785173766972,49,0.0,0.05520814164590292,8.832037269465955,-2.365152232566426,1533.3446941824668,2470.1169199395194,1571.8339140113787,0.0,0.0,311.60457986779306,0.5778210388978119,137.78832591963615,177.92671192949106,128.0519940535084,144.21765099952626,159.0031689157588,169.71900827729314,150.52676964007787,148.80245170917829,152.3642782593344,167.38473335221028,36.04882095536404
3135,2542.7463797868186,2470.413406302166,0.24288781494227402,0.5821660714222686,0.06512180918424508,49,0.0,0.05041445965678165,9.94956822652939,-2.4945105860591834,2542.7463797868186,2470.413406302166,2201.634548208275,0.0,0.0,311.1839889980029,0.577931071355686,204.70753029356877,203.4791615979714,203.92272656481055,218.00141439286045,209.15843421818096,249.6878283025539,212.3699527165527,217.3742556290618,214.91639615192128,227.0520735863417,40.964774754452286
3136,1023.8308645052754,2471.5970081409487,0.740582423617669,-0.6498284492286384,-0.14375396340544436,49,0.0,0.016036897899016307,1.5628351412291717,-0.4847829200469745,1023.8308645052754,2471.5970081409487,1011.1607377527368,0.0,0.0,311.81688245104493,0.5784327001925742,89.18405171368622,96.27188991615185,90.29320319488122,124.92830464673925,73.95642394735134,116.23426230156615,102.17831716975712,87.08477999373473,96.747890267679,116.106017245654,18.17559735553608
3137,1888.677053807594,2472.562982727236,0.6065292472310675,-0.09519086225633475,0.0919136068604717,49,0.0,0.07100522768026969,9.75213261333546,-2.472748995894207,1888.677053807594,2472.562982727236,1834.9128067147556,0.0,0.0,311.45652031933486,0.5788389886692749,174.16625958514246,172.72723646427033,158.70120982433855,180.0875311028626,177.23016718790208,187.06751875788086,188.72352096166853,196.3216877465211,176.36280207524578,188.83502664455312,34.68984636436998
3138,1184.024573959715,2476.085346660146,0.5229672039654825,0.22257735797222336,0.1117907593399121,49,0.0,0.011142989047244062,1.257696668672203,-0.24893977644857376,1184.024573959715,2476.085346660146,941.7274004926862,0.0,0.0,311.7501339090959,0.5803051905882775,89.76670688864544,91.69529850690643,92.8111894208926,89.42431057044791,107.82466658933356,104.09141685714461,68.75533032436107,92.43130681490791,89.28204699210856,94.67694164185076,20.968185886087394
3139,1721.1079324666528,2475.8456081118434,0.2906497672778952,-0.1259370868714647,0.2023362855932035,49,0.0,0.010244473474737696,1.5216748050905673,-0.4558046247711722,1721.1079324666528,2475.8456081118434,985.8438711883997,0.0,0.0,311.5263427782896,0.5802077419502627,80.45968973697838,83.98346566017827,98.77016884866336,106.95005102346886,108.63774666266785,90.81027335342941,105.22815562058764,103.99146465380336,87.00576098241336,105.63906601312425,14.368028633084933
3140,2034.7984376871634,2476.696487584254,0.5945070114970371,-0.04247247060362739,0.06277784000665142,49,0.0,0.33068596507397435,48.65135360817302,-4.2177373199581085,2034.7984376871634,2476.696487584254,5193.411648855642,4.1002314066042045,0.0,311.395634932062,0.5805595883655599,496.00898145206804,547.1739978039802,519.4976198411454,482.85148879407495,540.9245404378572,505.1243653249551,496.23749124040023,486.9866021838502,495.24657319044934,519.7027950700158,103.65719351684685
3141,2116.817470826009,2476.5772353044867,0.4550379776388515,-0.13530138067539776,0.010123306238638913,49,0.0,0.13676593519671246,23.061852254774934,-3.407235463784664,2116.817470826009,2476.5772353044867,3070.3203694454596,0.0,0.0,311.3614596842837,0.5805087053761175,292.48492995194977,295.12685496390077,258.08690257544947,317.5328198162398,323.6034893932725,304.5386305229593,289.95778444854136,319.77621019445075,318.40908417946474,305.18612948364535,45.617533915585994
3142,2245.9529176784254,2477.4608770636764,0.6434559194741528,-0.03357312501861345,0.12791565423782034,49,0.0,0.08024096461703173,10.527473158843634,-2.5558103570092037,2245.9529176784254,2477.4608770636764,1897.299897636653,0.0,0.0,311.30765253595223,0.5808745675798709,154.08076698348287,188.48830157129177,196.21708662551316,175.29518338977573,196.69674152790708,174.86429442508066,205.640785397087,200.6638167583012,176.1717648776405,186.14704560190643,43.034110478666655
3143,2335.3186127499243,2477.2004465195373,0.32170449134468637,-0.24542658064008596,0.01751071616498371,49,0.0,0.019084321139623456,3.1827063915505738,-1.256991440716161,2335.3186127499243,2477.2004465195373,1122.3686771724574,0.0,0.0,311.27041661465836,0.5807641662666356,96.79827358285154,117.13683037693144,96.14500569398945,127.5338158986745,116.74318178247051,108.71225093101819,102.63276435134497,109.69581818381873,119.51219860021817,108.3870543588585,19.071483412281246
3144,2437.7028555721026,2479.1972762153014,0.3363434874891323,0.9689625102891912,0.2612905706977594,49,0.0,0.008015141317799266,1.06073658772038,-0.0640188728009601,2437.7028555721026,2479.1972762153014,911.9862710092161,0.0,0.0,311.2277565656724,0.581593657740721,78.74380017265719,87.52665178839817,98.9718872729774,84.91830800394874,86.10630573163644,96.8628226944504,103.06857569837054,86.14009572572505,92.18674185192168,79.41425938650232,18.04682268262826
3145,2050.342385615246,2479.5354810846543,0.2448287674314977,-0.11488659968156019,0.0016855927346663658,49,0.0,0.009096949471520623,1.1440421008957207,-0.1461050171089915,2050.342385615246,2479.5354810846543,1073.246211762191,0.0,0.0,311.3891581384685,0.5817422368422088,110.66521699846122,73.05711092526582,112.86026236310167,114.20627088535849,110.4549029314932,107.17276777597397,97.64069055720007,107.75599013052933,97.90550205432784,114.07971842797359,27.44777871250593
3146,1881.177821989443,2480.472961306984,0.5829485097815428,-0.12374440236894925,0.1469077505518881,49,0.0,0.03736734677384668,5.032245391265982,-1.7544045269765034,1881.177821989443,2480.472961306984,1325.4971610402977,0.0,0.0,311.45964505721525,0.5821347377523944,121.40165923976005,123.52086642634478,112.16906958506407,144.96561012308553,121.63485402711571,129.24712258813625,144.1543534558998,143.58596206650864,132.47800952260118,130.80648013467254,21.533173871109113
3147,2227.9716973429054,2480.7684851495683,0.442473565277788,-0.07824101826397951,0.10912832599260464,49,0.0,0.013999258314498346,1.8304585979800325,-0.6563997757205248,2227.9716973429054,2480.7684851495683,988.3394917797332,0.0,0.0,311.31514475960796,0.5822530185634236,89.73896139146414,97.47727728081294,96.5414970326379,104.6020742151342,95.90090976479667,113.43899328523102,87.05495712410816,79.17521740246352,102.32639520566173,105.10589061952763,16.977318457895336
3148,2012.4958817271408,2481.9511707056545,0.9878268606056665,0.6772175337523427,-0.1002583558617752,49,0.0,0.012135432160514402,1.0241338551007741,-0.025891807450339158,2012.4958817271408,2481.9511707056545,840.4588017970133,31.524760484255943,0.0,311.40492783943915,0.5827492301626984,75.18083722804613,63.83093655574219,81.94174982246513,89.8728080795849,87.27252024060088,76.39190331160549,89.10237253371895,86.10435364943585,79.33235148836498,94.6516195519159,16.777349335532872
3149,2269.443626902031,2485.4464392450795,0.8558964525197205,-0.5891362160569197,-0.08290466537620994,49,0.0,0.022147589382258203,2.1404388719137737,-0.8262570736871897,2269.443626902031,2485.4464392450795,1018.4391450855244,0.0,0.0,311.29786459917943,0.5842012349955995,88.51914505299372,108.02510385844712,94.74287263784632,105.59378817572993,94.30929663215571,110.71343467856533,108.11143713864058,97.11867769377379,88.19986038396823,102.60458496612932,20.50094386727418
3150,2214.7115625651904,2486.2224464396313,0.3450595278237879,-0.16258322328464106,-0.0024180242536765814,49,0.0,0.01605879727935549,2.7821925708304795,-1.1109679665076602,2214.7115625651904,2486.2224464396313,1065.0182288211167,0.0,0.0,311.32066983705107,0.5845256395592616,98.28305992519239,109.4744127091928,116.71183765411325,102.61754066549318,107.61036504974356,111.44664967366532,94.08499294352748,97.36356324829801,104.09679656212151,100.6360381912116,22.692972198557737
3151,774.8272068637696,2487.3141899464254,0.6421870521831287,-0.7298952643973337,-0.03596544022449339,49,0.0,0.024638502047258166,2.7185545441961585,-1.0858451274217318,774.8272068637696,2487.3141899464254,1265.374778843904,0.0,0.0,311.92063460255196,0.5849757996424098,131.328011506974,146.36613424496653,132.65249435915825,116.34473222092942,126.74244144843081,121.82307838303504,121.38958849886534,117.74307450575554,116.55368336778294,115.61443776228684,18.81710254571935
3152,2087.650057030273,2486.847241316189,0.49965119543014935,0.397698041538042,-0.02815123247086332,49,0.0,0.011119368291322542,1.3193268038998263,-0.300880964511529,2087.650057030273,2486.847241316189,921.3193922188515,0.0,0.0,311.37361293165543,0.5847881212369459,91.205874670322,90.10415627060837,102.60313701574242,97.65245529058265,97.51963468918248,76.44520518688012,89.99085561330533,93.56709182257936,91.24728636430578,79.15819995134247,11.825495344000503
3153,2249.5033043686894,2488.4395500728892,0.8096967273831683,0.02028923316837932,0.252662882155275,49,0.0,0.02307628290276038,2.124279806028407,-0.8180293015164187,2249.5033043686894,2488.4395500728892,1379.9429073608094,0.0,0.0,311.3061731137928,0.5854487047540459,132.9079966599828,105.24747757620152,142.77471401414078,134.45665933995164,129.99336926550944,132.79328058552318,131.145814374629,141.39828187303686,146.71867068728386,153.3203697158993,29.18627326865097
3154,920.1064905549132,2488.9841025628652,0.35578110285006687,-0.15467019006797078,-0.21699470744394914,49,0.0,0.010021888971324734,1.3264716835253634,-0.3067449586003528,920.1064905549132,2488.9841025628652,1147.2788603323156,0.0,0.0,311.86010150532536,0.5856749433904895,96.2324475445327,120.11358880156577,112.98072312764191,114.18938223999567,124.80958726670144,121.6965264241512,122.66775714469912,100.56144590885995,105.82039486840236,107.49738041234033,20.70962659342503
3155,2343.389496490635,2489.2175861572764,0.7039091278507996,0.09370983346476348,0.2699282418533047,49,0.0,0.02109665558269879,2.124177473319495,-0.8179769971999516,2343.389496490635,2489.2175861572764,1113.4850483845921,0.0,0.0,311.2670536373664,0.5857708452538838,122.58074487009532,109.76145891905784,110.3118040313035,103.74277688770098,101.81100373129505,118.79505006749997,114.57791218092551,122.69381890405408,97.54618150247435,86.60327218577987,25.0610251044057
3156,2356.538818179291,2489.6642245525477,0.41622979061278814,0.2180315593167549,-0.01981800227394422,49,0.0,0.013041403700020921,1.6491024465776456,-0.5431190899926694,2356.538818179291,2489.6642245525477,959.1780412791129,0.0,0.0,311.261574740321,0.5859566287160942,83.81007713346898,92.45799961768941,92.93378257743512,103.2663597725359,87.16431531227084,95.52942771263025,104.44444715621208,95.22827673346121,90.96339898261708,95.59932454886827,17.78063173192367
3157,1726.6223924425176,2490.8139283076225,0.5238093718631739,0.019526530520739528,-0.02291027498742424,49,0.0,0.018244570589820156,2.3517803402621977,-0.9284918888897211,1726.6223924425176,2490.8139283076225,1053.3062959656736,0.0,0.0,311.5240449957068,0.5864442614711418,81.25957066685301,101.36719042237958,105.85624602969929,115.3546238503993,95.80865212445963,127.66663697272159,98.20620371636774,93.7175895486443,106.07983681808895,108.8361537196771,19.153592096383065
3158,922.6572203658046,2493.629893795648,0.6246605066618076,-0.05902245595802892,0.263229979413381,49,0.0,0.011951739831727636,1.2004359688768427,-0.1983474994768018,922.6572203658046,2493.629893795648,1140.9730153266855,0.0,0.0,311.85903872970636,0.5876106386413317,99.01326697528887,134.95964067325949,106.49895865395797,101.82206442662628,117.7394954667115,109.55393243201053,120.89050927916871,106.42279626945796,110.210908107881,111.5912842350989,22.270158807224348
3159,2249.5253481341797,2492.1862097665216,0.2703329018098275,0.7090579047710429,0.5810575875223607,49,0.0,0.012043941326102172,1.3683185599290528,-0.34046804447178175,2249.5253481341797,2492.1862097665216,1693.1825479606484,0.0,0.0,311.3061639010948,0.5870097297656792,156.34940324833224,144.8090889323821,163.13599427372841,156.89947719713732,161.0796783787211,158.7373656442195,170.3764679900863,167.98299094953938,177.83789832661688,199.69678716638623,36.27739585349906
3160,1499.1931572771887,2493.6613086094017,0.6207422902548628,-0.38084633868449025,-0.010563519203579766,49,0.0,1.2369346803971382,175.0916685141664,-5.6081637032381915,1499.1931572771887,2493.6613086094017,17730.11474942204,0.0,0.0,311.61881013570303,0.5876307072349184,1507.9736819430627,1729.4267364856746,1661.1441773895526,1840.9977611268398,1745.6034848415538,1835.1521446890226,1757.600202708956,1773.5260950741135,1750.2568762626606,1782.2256463094664,346.2079425911395
3161,1649.4650747432574,2497.219625688117,0.5506308250741168,0.007840687375172784,0.178188388072004,49,0.0,0.019491607519898486,2.502805867902311,-0.9960679113073069,1649.4650747432574,2497.219625688117,1060.9643028168543,0.0,0.0,311.5561948708642,0.5891133986769306,104.31315591414227,124.65845216072384,94.44019039254145,113.50218440102361,93.53857077127083,123.78233843324016,97.55532285213023,105.47917729647597,98.41925823004483,84.82839743820927,20.44725492705201
3162,2241.5997168234394,2496.66717992782,0.587513528372054,-0.028248597157636727,-0.04329701067629884,49,0.0,0.0862684864964566,12.151119036906003,-2.711540688493101,2241.5997168234394,2496.66717992782,2109.440403902662,0.0,0.0,311.309466245954,0.5888768601855711,188.92357433057703,214.31717121647543,193.54360876802707,191.96208868221817,224.27300494455758,213.77925950995657,229.73586968293606,192.6173525303999,215.84662240277993,201.6759249751011,42.76592685963347
3163,1677.2695720663094,2499.722241906499,0.6733304480068861,-0.15823708903665162,-0.029312686375128478,49,0.0,0.034808286956058684,4.323862767713329,-1.5896797542701215,1677.2695720663094,2499.722241906499,1253.765181874527,0.0,0.0,311.54460929783966,0.5901560563479731,125.30811013240802,148.75763940307016,117.49965424327326,116.47974192025379,120.53556927898867,119.72925311378417,129.419310894188,112.72824164264999,104.96385220386462,133.87765175520025,24.466157286845863
3164,1602.38419149502,2501.870319929556,0.6686373518919068,-0.3837967775045802,-0.07422881162596562,49,0.0,0.023420660532637805,2.7863355108112864,-1.1125835247648141,1602.38419149502,2501.870319929556,1022.5431481972561,0.0,0.0,311.57581252446283,0.5910511424076977,88.30405116629294,101.54988730039295,108.0920628649024,91.32504301167677,104.77497296524137,102.0756823941208,116.28876896619539,92.81354358235083,111.8253607974796,90.76995728164465,14.723817866958385
3165,735.9775849217502,2503.3926198128843,0.42231399058756447,-0.638529643838156,0.24029623754697726,49,0.0,0.013379270315300468,1.6953937866290718,-0.5731764679956982,735.9775849217502,2503.3926198128843,1069.0423863486897,0.0,0.0,311.93682199901446,0.5916737136876935,91.19550332693129,96.02045470191231,104.77016349029985,108.03421427396322,98.74643867470544,114.95326771475573,101.7706882700128,109.54426635727043,110.88490410559412,104.84364322815861,28.27884220508595
3166,914.7543173894852,2503.4891184589897,0.4472175427447608,-0.16287479924247522,0.396356264780187,49,0.0,0.009017121044086097,1.0714892548130017,-0.07496955043990768,914.7543173894852,2503.4891184589897,939.6502524842347,0.0,0.0,311.86233170576776,0.5917182551973318,66.02708026949173,108.99221999789354,75.97111922491533,95.35509560956856,83.44908227475486,105.91816985018919,94.7132400019766,90.04798240943697,89.24406857898813,108.08440086227527,21.84779340474443
3167,1486.0260474372728,2503.706428515952,0.4751777891529993,-0.6400099185072432,-0.09006329854941314,49,0.0,0.01423120474136956,1.7140100783518601,-0.5850334280982449,1486.0260474372728,2503.706428515952,1139.5716636643206,0.0,0.0,311.62429661401904,0.591815949701468,119.92772837816506,99.01185207477657,111.71711572158799,113.28310183366237,113.38877013513698,115.19701728171218,113.46453155247238,110.9017027511888,119.40716534879992,93.66819987577603,29.604478711042255
3168,1543.6131871306138,2503.7846316738064,0.7756473559243704,-0.15024287906192305,0.014333864989881373,49,0.0,0.015259054325090653,1.499898605146519,-0.44015475311629926,1543.6131871306138,2503.7846316738064,979.6712524685297,0.0,0.0,311.60030121973966,0.5918486873686345,87.01914358905395,86.57211734640856,103.08960996930074,88.87151773684928,92.30206464320142,100.3646637428936,106.28242547744347,94.77574469461703,90.25610322164013,107.2266462620448,22.91121578507678
3169,2291.319075931295,2503.327136690279,0.4316295569693962,-0.14714631168541167,-0.008739394526674871,49,0.0,0.029083423153751505,4.6199069643990365,-1.6615830745748634,2291.319075931295,2503.327136690279,1260.0923025167235,0.0,0.0,311.2887496257484,0.5916506572857321,116.11987742943188,131.41381644560636,130.12776272321355,114.4562239292071,129.07007658596171,119.99600274943808,130.84242712942114,119.34990521282427,114.90220245345029,128.8784756570287,24.93553220114058
3170,1962.6191527645599,2504.717744174711,0.4229648936011637,-0.6185269106672928,-0.3597958343164698,49,0.0,0.011092142962828637,1.6118401500223656,-0.5183049239991764,1962.6191527645599,2504.717744174711,914.9438574649304,0.0,0.0,311.4257101989951,0.5922354645911669,74.81230703364014,73.15669587756149,94.11887789587857,94.11678567852198,91.11391328420981,103.84739725437612,111.42130330835406,68.03373972227996,97.5621940584075,93.23455535049726,13.52608800120354
3171,2118.7127689849817,2505.556292492178,0.46358645315338487,-0.5218641133786437,-0.2147248009510637,49,0.0,0.013168955158850618,1.6973184773877328,-0.5744083476843961,2118.7127689849817,2505.556292492178,997.1527853715224,0.0,0.0,311.3606697922404,0.592582690234225,96.39104414666338,97.09499812771828,91.30380350840679,94.43891277019016,95.6499218774303,106.54855604692011,114.14239898787957,98.9342054046838,94.31221306249509,94.2719542306678,14.064777208467067
3172,788.3893357411367,2506.263610385893,0.5118557016365151,-0.8200596280111928,-0.13576268594308544,49,0.0,0.05302165361002027,7.03498095586424,-2.1181573152747197,788.3893357411367,2506.263610385893,2009.8394646052343,0.0,0.0,311.91498391428496,0.5928712619427561,187.15083316061245,198.14408087775746,161.18060286195868,181.63948008280283,193.5496218251687,220.29037085810342,191.27332355003733,206.7388090672405,190.78117113295986,240.09028992812398,39.00088126046904
3173,2375.6922340887872,2506.519658930533,0.4254608041330703,0.3169121349727099,0.15601379042579283,49,0.0,0.01296712468946072,1.6532240231061688,-0.5458292685424514,2375.6922340887872,2506.519658930533,1029.681102615443,0.0,0.0,311.25359399834736,0.5929788611574275,104.61688111541842,94.27700889415334,109.08652827121047,107.61295306048379,103.77536399305595,108.03862198630478,110.4560400776561,97.28827380495342,91.39112792906334,92.11845206413477,11.019851419008635
3174,477.2961471679551,2508.43418549166,0.8520092966947902,-0.3499692790267713,0.326625518861658,49,0.0,0.016540111849363853,2.145041812809194,-0.8285894055155165,477.2961471679551,2508.43418549166,617.2182884965843,0.0,77.46602049187403,312.0446037575572,0.5937661608287369,0.0,161.50979499819798,44.50879002695655,98.7824295857584,70.87965795104793,53.90165365115237,100.58178365590223,19.74312591214405,21.607112480521774,41.871287024515,3.832653210387921
3175,2491.94468821193,2507.0551191567333,0.6140298056757673,0.5607197646218336,0.35362542989440443,49,0.0,0.012173893330468585,1.0862703917493337,-0.08984485555455213,2491.94468821193,2507.0551191567333,1062.6886233985574,0.0,0.0,311.2051557093004,0.5931989173721486,95.3908170590687,94.06500646622408,118.9289504776425,120.88040252984604,114.04845242563184,100.48864989357351,96.31128768393961,108.42371205909168,95.24893455883745,105.69887091074361,13.203539333958323
3176,1046.426554268754,2510.6978582130864,0.5531358148777763,-0.5482851367480062,0.18060294172014715,49,0.0,0.018304480204829558,2.257474288779154,-0.8840570316776742,1046.426554268754,2510.6978582130864,1129.3652361165352,0.0,0.0,311.8074676954972,0.5947242960493102,99.35974585581411,125.1419155814685,103.15660880990083,96.18423859520809,87.86470685604779,130.62428037409978,123.03346572066908,115.66830621350931,115.82352228653448,99.28557605054462,33.222869772738576
3177,1845.4214396140887,2512.3107018690766,0.6844797523620615,-0.1502207152045062,-0.009064460315119418,49,0.0,0.4136682396623172,55.27962977707358,-4.3564128144649015,1845.4214396140887,2512.3107018690766,5816.592172587261,0.0,0.0,311.474543870449,0.5954001681136786,500.4200873684101,536.5037615732181,613.1322898027621,588.3146948552325,586.3733170961713,594.9336605755561,595.7839166294543,541.191687710108,561.7639415488238,566.9741693537308,131.20064607379436
3178,2012.8149023573787,2512.298557302506,0.8627360044384941,-0.19243482817922974,0.02400324337327456,49,0.0,0.028144179852537792,3.0153506009960465,-1.1983445393044896,2012.8149023573787,2512.298557302506,927.6203104056362,55.09278977578874,0.0,311.4047947686248,0.5953933760564247,85.64733159188592,72.70027937816366,86.60526678869633,100.12667062514214,82.51031184716112,89.03180322573975,82.49119854832284,101.1850819216547,109.37956470533882,94.05703089592652,23.88577087760445
3179,1724.0972516962074,2513.290721691294,0.5966721280620567,-0.2993363194446796,0.08309096161207846,49,0.0,0.1800704524915934,26.2937728646836,-3.549632267543549,1724.0972516962074,2513.290721691294,3185.8057190549134,0.0,0.0,311.52509713821826,0.5958091954736703,269.1038004358827,317.429227032417,334.10073670018215,324.9558530098608,316.2518734046779,301.08468073002416,295.6440770853793,328.6140854159462,300.8405119939624,334.91433118163707,62.866542064943616
3180,2096.408082139566,2514.47249542582,0.5985892949225191,0.034753477233915,-0.017488746189637163,49,0.0,0.11405595995038419,16.130344826835188,-3.019109129072375,2096.408082139566,2514.47249542582,2429.188097562347,0.0,0.0,311.36996353075585,0.596297942543062,223.11721440712586,214.82001145273597,255.65955056021554,245.55343269650126,248.85376167836802,253.51526430939913,231.54525613846852,244.05483071888665,260.3328292852323,207.88115237232282,43.85479394309125
3181,1778.798319026097,2514.688548752068,0.504073259677859,-0.032900388056750926,0.16472582822893428,49,0.0,0.04577470017284696,6.884110772537835,-2.0946196249097513,1778.798319026097,2514.688548752068,1487.0960497204164,0.0,0.0,311.5023043215366,0.5963913370539686,123.0041175204981,136.2482511450029,150.15243269733395,139.15079033071157,162.87536251131075,146.06387618686844,121.68692470090178,166.42927562824872,154.4592083005869,157.59797319083674,29.427837508116397
3182,1751.2691927021244,2515.9633370125835,0.5039950028701778,-0.05347220380055143,0.13611742149271638,49,0.0,0.023233011123898088,3.539745262265838,-1.3724300228801687,1751.2691927021244,2515.9633370125835,1403.3320513851224,0.0,0.0,311.5137751401194,0.596922617860675,141.55872838195182,122.71371674927803,137.30426721515232,149.65342235296984,134.2772222094298,127.69098909536831,139.08928417654053,156.42564824774053,144.8030900597908,120.19228763767791,29.623395259222544
3183,1758.558535071644,2517.4420642811997,0.6003476530293685,-0.10941858080648569,-0.12360736521728491,49,0.0,0.03636675933443115,4.809418948956598,-1.7052315253914734,1758.558535071644,2517.4420642811997,1470.0498090547667,0.0,0.0,311.5107378177696,0.5975386909325465,145.13964590730228,141.56809117397393,148.01576916863098,150.69072001336352,151.5260678730449,136.94105684991197,142.37064013599152,142.46519066614405,152.41609792574295,128.745837948719,30.170691391941624
3184,861.6546004404528,2519.0712046831363,0.3199238572620338,-0.03301738647810981,0.5713142327978943,49,0.0,0.008969262746064084,1.259645695614667,-0.2506210174020012,861.6546004404528,2519.0712046831363,1010.6152848846182,0.0,0.0,311.88445682797595,0.5982092290587607,90.65587226508808,102.0610339763669,95.46532066440426,96.11876992773773,109.32858533057117,94.82714368038125,101.14365817611471,89.49210861526446,117.25618624621744,94.8690659356409,19.397540066831333
3185,1279.3321409512407,2519.649931555271,0.822038211507259,-0.3577929318179908,0.26214740480239457,49,0.0,0.02439610525787784,2.3373077526146284,-0.9217897489552827,1279.3321409512407,2519.649931555271,1282.8009457742305,0.0,0.0,311.7104216377222,0.5984573570756598,119.94243138333245,110.83570580299886,145.0620464661449,131.09127403912893,120.50197300506505,132.88462042321717,143.45591012738277,105.13701687375811,127.03756661710932,128.87796836933728,17.974432666755867
3186,1568.7561649575366,2520.058478484976,0.8657592110937721,0.32869704398491245,-0.03902853876306109,49,0.0,0.016208931589832904,1.5126979647127712,-0.44938055642103236,1568.7561649575366,2520.058478484976,951.3501944930747,0.0,0.0,311.5898246530658,0.5986291936866632,57.033231901258524,95.63785798862227,103.36655296288106,99.78235446531482,108.86642759072254,101.58280046906836,87.79806684070391,84.05051569064435,86.33044111307875,109.34306831633396,17.558877154446208
3187,2115.2051481641697,2521.4826038709025,0.745080471580095,-0.6729507338746084,-0.15437146124925494,49,0.0,0.01615037468106886,1.470032337767397,-0.41831722115524506,2115.2051481641697,2521.4826038709025,1074.0711733131836,0.0,0.0,311.36213123339195,0.5992183710568022,110.68012897003075,101.39355698491056,105.85894061592364,104.82735782613582,102.62212286504518,107.33691636944675,111.4398886385581,107.64617960183008,106.38697596075994,93.89824674948548,21.98085873105724
3188,1266.8839440630645,2522.441124570088,0.5951737392787185,-0.48263797460308594,-0.00110841404122834,49,0.0,0.032295490280995494,4.114821993968677,-1.5358776312466238,1266.8839440630645,2522.441124570088,1245.7592071661338,0.0,0.0,311.7156085347077,0.5996201696421061,110.28060692532459,105.60751554164952,112.15166979351973,111.3557805893156,114.42992628979412,157.32812419715304,117.52010477796269,146.09195194181336,124.10281174335506,116.7008393680503,30.189875998195575
3189,1283.7761468101817,2521.680907034653,0.5196321338485242,-0.4150931173614821,-0.16558086741038283,49,0.0,0.01829699375357528,2.2859042269856396,-0.8976450767809552,1283.7761468101817,2521.680907034653,1328.6167359451572,0.0,0.0,311.70856992626153,0.599303601582297,120.15160499394207,110.28026223446207,149.83553763249392,130.38581310299435,145.2439843210371,137.6448870020701,137.2012603430516,112.55634533525165,121.5144945473929,143.48141433124897,20.32113210121242
3190,964.3422995261092,2523.0721101090594,0.7135234441542012,-0.5172978279651733,0.010044025591447273,49,0.0,0.0855787613031018,10.832468627406952,-2.58681859980174,964.3422995261092,2523.0721101090594,1740.5417267676787,0.0,0.0,311.84167000970143,0.5998784138256886,157.84142380774813,161.73692848032564,183.859900863141,151.4307863045925,192.51994227025276,169.76649615107306,159.8158143294612,183.36651531930883,165.63134887941476,182.66595237032558,31.906617992035255
3191,1377.4611173800986,2523.7824323535647,0.5214182435290328,-0.17179124453229566,0.2101436496625704,49,0.0,0.019323513826666923,2.390061390824451,-0.9460226408158265,1377.4611173800986,2523.7824323535647,1085.4986793606788,0.0,0.0,311.66953341949704,0.6001799979365902,97.45991900174317,101.02100803316276,101.51956742940493,97.5046492944843,116.62818007231515,88.89034503181993,136.61265115721218,111.6423635245095,111.92739757574562,98.21799550129919,24.074602738981973
3192,1444.4902739002437,2525.36054136113,0.5206313649726778,-0.3153293855862575,-0.17400370633074969,49,0.0,0.022480303696451858,3.011387706032273,-1.1969166826633855,1444.4902739002437,2525.36054136113,1154.1984965326842,0.0,0.0,311.6416037578902,0.6008379164568489,97.12384932534893,114.7860054130422,111.4568952343426,115.31282400425934,115.34423870551277,122.82842803439713,108.39897783825351,104.31128208044163,127.8407075708846,109.5604415798748,27.234846746326664
3193,2445.944570821404,2524.7115209548224,0.5671286165508939,0.3411150173084659,0.06338111291016502,49,0.0,0.8456643345603656,113.58924565639238,-5.138343038534852,2445.944570821404,2524.7115209548224,17113.90661924946,0.0,0.0,311.22432210086544,0.60055653960314,1478.774445643433,1666.6778435780943,1698.1530961114186,1724.081442164015,1658.3755552095347,1686.9782677864605,1734.7931550541778,1688.0964885332219,1702.628766075287,1737.3373105874657,338.0102485063569
3194,847.3283433749049,2528.3053698298877,0.41881942272410444,-0.12466748547179664,0.009039693875106461,49,0.0,0.012215891826643939,1.6689165518990303,-0.5560865547661032,847.3283433749049,2528.3053698298877,1013.2478900229273,0.0,0.0,311.89042619749813,0.6020562286509796,93.9035098287576,95.82900075515104,105.5388294750879,98.56007102924113,94.13988823138408,94.0688816023898,100.32865873633415,95.68832488985052,94.67965266092554,113.50169372589528,27.00937908791022
3195,1155.1680199315608,2529.522049001092,0.5725454418810932,-0.3494819061530922,0.19420117177325208,49,0.0,0.04747997719060657,6.63976944906457,-2.0553824993472363,1155.1680199315608,2529.522049001092,1484.2518520159188,0.0,0.0,311.7621579993374,0.6025690259831951,135.79210951717667,166.73213750501645,148.49588835177215,139.4116847290037,133.44554179174344,148.16646923949685,143.26016127093442,133.23587991513128,165.71625466866539,146.57610767682453,23.419617350154002
3196,1583.1027391763002,2528.815449412356,0.5945236192970024,-0.3372569966298502,0.015031101330606405,49,0.0,0.18782224026572425,27.609618379728865,-3.6026510096510975,1583.1027391763002,2528.815449412356,3275.708799773506,0.0,0.0,311.5838467231171,0.6022777779846814,274.3155667915322,336.46396082824975,313.8572644784701,342.18385697735835,309.9001008027827,325.1307252784525,332.40518361703016,315.4806710717978,341.9528021641194,318.7369170596496,65.28175070406402
3197,1930.0860662231933,2529.6282142466334,0.5034554043130786,-0.14172907606363713,0.021345423780079108,49,0.0,0.03517334813176311,5.012951074611535,-1.7502336650186092,1930.0860662231933,2529.6282142466334,1418.6954063696285,0.0,0.0,311.4392659034489,0.6026146884593895,138.76331344264744,155.92967866714687,135.84909870863964,153.25091958492928,134.65667173174324,121.16809571666474,139.48266625526628,133.0662522870884,136.0721611298976,143.78534701110152,26.67120183450338
3198,2551.0601927541734,2531.4728517337135,0.5260240436461858,0.6478724082932585,0.12820623751629398,49,0.0,0.20777256668750507,27.25181717939782,-3.588488666960321,2551.0601927541734,2531.4728517337135,5608.078579241685,0.0,0.0,311.18052430500353,0.6033705674389848,482.5292174400324,544.8593365101231,492.9252919155881,544.8337931975168,609.2327546424639,546.8763750465339,533.0319847839496,601.9591696538439,582.5277031475817,556.3597047637268,112.94324814032396
3199,1218.5848578398632,2532.1709248526104,0.3286758434206714,-0.2534551088164163,0.0875639248974956,49,0.0,0.009172501305483728,1.2057548573361165,-0.203147550339296,1218.5848578398632,2532.1709248526104,935.6118729850268,0.0,0.0,311.73573370966847,0.6036735053548606,81.86339378569794,100.98310552905923,93.33110771950786,95.16478272602356,74.44411881909923,84.8538160657879,95.61115753642015,109.33692637387509,91.1454179316539,94.12631097540512,14.751735522496828
3200,1356.5487578124068,2533.6426228062987,0.5684411747447381,-0.37167335283249764,-0.012577573173178274,49,0.0,0.01836968141194417,2.4591197999629353,-0.9769492165148383,1356.5487578124068,2533.6426228062987,1030.6919307367805,0.0,0.0,311.67824718658716,0.6042880619846706,93.04373877726101,105.7232865979422,93.10353385990946,96.77000159695173,111.24425301563215,117.32298912891613,108.64847755136518,103.25344932938813,82.825657107892,100.9490026938151,17.807541077707313
3201,2660.9505299421103,2536.58916661788,0.597563536806206,0.8807041774911553,0.12024111550092156,49,0.0,0.03684584307259303,3.7223417653563375,-1.4270406130093582,2660.9505299421103,2536.58916661788,1926.599757627981,0.0,1631.3407022742927,311.13473756370536,0.6054986780899547,184.3732949478586,200.27594515416735,174.20363849904845,186.28173025925204,176.9368484240925,223.81506878321693,190.65692779226927,178.40104240616978,182.4213115664635,197.054588864989,32.179360930453626
3202,1814.8944768509414,2537.824461983866,0.48371865563993677,0.17624661664258048,0.055331132572790334,49,0.0,0.01205350827604282,1.4705410068651767,-0.41869284889615344,1814.8944768509414,2537.824461983866,954.5984136220202,0.0,0.0,311.4872637475659,0.6060306287294075,84.26178461820166,104.3673043452786,92.90913800326813,98.56351614525911,90.65625295777816,94.99199156403144,94.91868475957085,95.4035189710705,94.33987442776842,82.32621611298052,21.8601317168128
3203,1723.6271245570865,2539.9202584561945,0.5049958951741393,-0.12386991940416123,0.030225730749550567,49,0.0,0.04547211631956703,7.170302453798422,-2.1388436880695334,1723.6271245570865,2539.9202584561945,1384.1230294803752,0.0,0.0,311.5252929932769,0.6069043298852947,126.06203499414517,117.69370072697335,149.89677888239424,154.87163491079554,128.35089275031416,122.14111323786213,135.57298200774875,127.32523346434687,148.6369787349746,147.53332611880845,26.0383536520119
3204,1891.5128621590438,2540.393261147381,0.3940495774542683,-0.4701391090403226,0.05289901054787482,49,0.0,0.016165259207011708,2.4927374070590944,-0.9916913273546792,1891.5128621590438,2540.393261147381,1026.8560305326619,0.0,0.0,311.4553384762602,0.607100288917984,84.70134118002267,96.77479439159507,101.47381115152973,103.29989747690095,96.45509742620962,105.9074320441122,100.70364408009078,108.76247932969163,110.69522377983179,96.73569474986981,21.346614922807547
3205,1251.818311458244,2540.8234053784845,0.7839916938661577,-0.5535225097398062,-0.08915804849561897,49,0.0,0.013235796696847562,1.2169186971651778,-0.21315390951925262,1251.818311458244,2540.8234053784845,879.7401250904506,0.0,0.0,311.7218861187143,0.6072789145262167,82.98714102973057,76.55410506660789,82.06842310815196,83.31088950557633,98.12194730288914,70.74688002771639,89.60809220281158,90.77945295949404,101.61292765928806,83.13423570066209,20.816030527522592
3206,2440.55029882718,2544.2308407415035,0.7239024592298183,0.5958655099152707,-0.2580557136560115,49,0.0,0.012064219935906251,1.0628443985838367,-0.06617422014448188,2440.55029882718,2544.2308407415035,1075.9381465125964,0.0,0.0,311.2265695156158,0.6086892069631881,87.64182657793361,119.92786453233495,99.93370193184836,103.77903982408174,97.55163356135796,104.92704215127031,104.57253731788876,124.37727326044258,105.53927270354211,110.26619376815859,17.421760883737342
3207,531.1622628739847,2545.459543871584,0.7360859630531226,0.2486646889784692,0.22591176562197515,49,0.0,0.047925881022277565,6.649620741314902,-2.0569921904565778,531.1622628739847,2545.459543871584,1090.1436742882197,0.0,424.23873869509544,312.02216070461657,0.6091940809500813,191.91601701503765,199.8182141742551,62.286934042382526,87.45673829587614,134.1365392958163,62.76235721494182,58.97890646521567,69.79951613499189,132.2965291228677,63.399732277962485,27.29219024887246
3208,1507.4806174553828,2545.011891535448,0.554065876303789,-0.5697920061485963,-0.11659261791221241,49,0.0,0.015147377250987002,1.8362839172652983,-0.6598495763798841,1507.4806174553828,2545.011891535448,1024.7647520757846,0.0,0.0,311.61535697468,0.6090258480703948,89.30962519748938,94.69254141409849,109.3975249544609,97.05389905424178,109.6505554236538,111.31459588923369,102.30512551681159,100.87598194877174,81.9588223828628,102.142200136987,26.06388015717363
3209,2195.1752352105173,2546.426854050333,0.6208897192405347,-0.06347436847152868,0.2050298589395135,49,0.0,0.0591910888612204,6.512246884435681,-2.034327141602298,2195.1752352105173,2546.426854050333,2153.5627422426187,0.0,0.0,311.32880966289645,0.6096098268395186,184.46325394705053,239.7282195864616,201.0179408103695,226.70032475899774,198.78092181617862,201.66040896994645,229.85579619358646,220.1743986530484,220.129109764426,200.6313960209823,30.420971721571206
3210,2584.5799964484936,2546.916885463061,0.6151444841584448,0.753317682988423,-0.022887531797463587,49,0.0,0.15240025047197073,18.46028532123639,-3.1655960229382933,2584.5799964484936,2546.916885463061,4103.46840428253,0.0,52.20649775302872,311.16655778375673,0.609804082299861,376.6080544903715,387.7565707138399,417.7883507599207,415.2643768035639,417.3228695686364,400.13514234699835,397.28188509188,428.76837689326146,410.1047128880708,387.47168482706877,64.96637989891894
3211,2243.142662457888,2547.4655148081774,0.2236415802451067,-0.10568258145432827,-0.025030787199623483,49,0.0,0.0100374502090255,1.8907575716542622,-0.6915896205760647,2243.142662457888,2547.4655148081774,979.0930907425443,0.0,0.0,311.30882297360574,0.6100416202450414,76.97015899287544,93.28144100726249,100.02917834168915,100.02527673241848,88.10721903037084,96.75099936687906,108.75463860662603,83.09902855171367,107.40566919705671,107.83970011967489,16.82978079597747
3212,1781.6437175902174,2548.9663646659633,0.4220999183271082,0.08518990700953138,-0.2721034128389375,49,0.0,0.00904252968134552,1.3000697238019365,-0.28491661124869866,1781.6437175902174,2548.9663646659633,891.3234131165445,0.0,0.0,311.50111863203335,0.6106730766407503,86.92760517496998,76.04268531318877,92.9487572177363,74.24505977747964,114.20359844047707,93.56854136868918,85.41385401314686,83.44946945241281,82.95673565380159,79.96968871499928,21.59741798964305
3213,1384.7746209289419,2551.085554201838,0.6560655698419833,-0.33124594460209744,0.014326046712723705,49,0.0,0.21810419431777306,29.742755745463512,-3.683453011473836,1384.7746209289419,2551.085554201838,3530.692965243197,0.0,0.0,311.6664861027306,0.6115558074791628,340.4571539784335,360.4746125115754,356.6081257390943,339.10137385226653,319.16699858184546,357.4247745896603,358.173410893877,344.33736265147706,349.64942606927974,327.9946611439099,77.30506523177782
3214,1981.8654584035453,2551.4037759702946,0.27010555948212867,0.037303096604220154,0.2593857036303521,49,0.0,0.018598872684438723,3.6185334551096293,-1.396331480613235,1981.8654584035453,2551.4037759702946,1195.2390382971785,0.0,0.0,311.41769050565046,0.6116867937081637,100.14445760507792,125.8648981876601,97.99554694857157,122.31318686877968,119.86623364059517,116.46510771302505,122.88174212205294,123.32058167942023,114.90836561712938,125.00955668704972,26.469361227816755
3215,918.8953253959626,2551.9652880910335,0.558170841992251,-0.7681200668862307,-0.06161852625556278,49,0.0,0.027292617473116194,3.732605305051667,-1.430030172444586,918.8953253959626,2551.9652880910335,1157.1166787573252,0.0,0.0,311.8606066501564,0.6119155811578532,115.67584470541337,107.09392383699176,126.44912592110026,111.94284367418429,117.55825445899116,103.07539388970991,115.9209587535908,112.41957621884389,118.28892348981174,113.00792307607122,15.683910732616813
3216,1903.6808601444693,2552.826997354609,0.5182619855322985,-0.2910371055936612,-0.03204216848362995,49,0.0,0.054461860167605944,7.981286373220659,-2.2551822345697916,1903.6808601444693,2552.826997354609,1787.6022613349453,0.0,0.0,311.4502682916174,0.6122806384413638,184.80513688696828,169.69242870785573,202.3189779881638,158.5276623538989,178.95419542191763,163.59838681479545,176.89728000078617,178.8935518306689,178.15864911718378,162.77420935143223,32.981782861274354
3217,978.8504696499488,2554.647675592082,0.5310184749926384,-0.48150814477687637,0.18400153218168547,49,0.0,0.04139232492745574,6.074755826807816,-1.9588220656754003,978.8504696499488,2554.647675592082,1406.8686968080626,0.0,0.0,311.8356250936853,0.6130344417977852,123.59280212974707,141.31471980489664,137.9810714188572,128.11529145411055,132.2502276773274,143.56338924431896,134.27418289288534,155.32559112705536,139.78180648736128,145.38858524570148,25.281029325801402
3218,1232.3640861391602,2557.1978837875504,0.3208817733125295,-0.5811206216925175,-0.14825135434736447,49,0.0,0.015271664688343208,2.4666753722870625,-0.9802799944163529,1232.3640861391602,2557.1978837875504,1069.1503376448077,0.0,0.0,311.72999232534875,0.614101040879232,98.53853940718218,104.21981064656697,103.0251954690948,103.08712514386073,127.31495117133038,98.6464257884515,109.28346769799252,97.15482788069734,104.51973902444094,96.0397391705452,27.320516244645113
3219,1290.0147490500547,2559.170392135295,0.6711643786284033,-0.27712657298472104,0.08560272120437933,49,0.0,0.03424348375708506,4.130313395022396,-1.5399575144709767,1290.0147490500547,2559.170392135295,1202.9835538700117,0.0,0.0,311.7059705709613,0.6149235126829053,99.85135555708395,128.97862683311996,118.678752975299,132.78833903682278,110.54941280203064,115.16135356533215,116.13396053939202,126.6364176476445,107.85286061744355,129.738355136945,16.614119158898262
3220,1530.5665405605587,2558.6773085087525,0.5467455268146784,-0.16089827151417513,-0.0041668692579832365,49,0.0,0.13533288737728996,20.290828878746236,-3.2682494707269125,1530.5665405605587,2558.6773085087525,2873.8862558969613,0.0,0.0,311.6057375378172,0.6147195591299356,274.2206619715805,284.79551085679213,265.2195426828524,286.35923186553526,290.82864067629055,304.4275951102144,252.460867895692,292.97522885460006,290.61244049071604,274.3975229689057,57.589012523782046
3221,2121.3896977300055,2558.812791934323,0.6468628389519357,-0.24354223483144063,0.11920764412956579,49,0.0,0.046130565432898056,5.9823457686061525,-1.9421787771118448,2121.3896977300055,2558.812791934323,1342.0072866788178,0.0,0.0,311.3595540695405,0.6147716766715079,130.32116399414082,148.64342624818892,147.57240570322767,125.67307323006749,133.74490216959288,129.04881508111754,126.64918512122463,130.91540452950164,122.22049160703172,122.4206165184468,24.797802476277695
3222,1755.0935945474034,2560.829404952442,0.5163451568279139,0.23972284783593034,0.3461214580058809,49,0.0,0.01515403597973882,2.0188288991000296,-0.762748782344833,1755.0935945474034,2560.829404952442,995.247104531805,0.0,0.0,311.5121815110985,0.6156159128064487,105.21382398016756,97.97325760520148,93.18080613857448,107.0170718294765,86.55883208940807,89.21547887197906,97.15092000561913,99.18104980911184,89.50836360270753,108.17010331537486,22.077397284184425
3223,2403.291794019369,2562.622668155948,0.7159531074544487,-0.25156071091801924,-0.12337252286126983,49,0.0,0.01612125480378618,1.3721750538297057,-0.3435237989491915,2403.291794019369,2562.622668155948,1187.4264648740964,0.0,0.0,311.2420936807788,0.6163529549486204,91.02277641059565,113.79707810494446,120.72097545956035,142.09946980222793,117.86254573942509,112.70992237557668,124.21183768555203,141.4505932656342,105.71373756669806,97.63200572027208,20.20552274360972
3224,863.2773610811754,2564.8176389674786,0.6708968673713771,-0.5469877765753319,0.15775688955931352,49,0.0,0.01423124489376053,1.4570844203443216,-0.4087117864729894,863.2773610811754,2564.8176389674786,999.0944421308052,0.0,0.0,311.883781059763,0.6172691137600567,63.93749341066135,103.43146855770199,85.6351529118922,111.37605021607672,112.81955958742033,97.38757973634814,102.17299697343074,93.47539103530238,103.23791575313629,108.28388027966751,17.336953669167464
3225,950.3424538839364,2566.629180152062,0.5363743316638443,-0.5558704196799958,0.1605353786723408,49,0.0,0.013173563281155131,1.4100070123716,-0.3730531813312122,950.3424538839364,2566.629180152062,1023.0450693246128,0.0,0.0,311.8475036622795,0.6180258484843534,106.25523963863938,116.28587345017345,83.67299027777219,90.98267025434575,91.56764416725683,98.08240603715595,119.27361687002275,81.72697378786796,111.08514153689978,103.79511848974931,20.317394814729337
3226,2592.3494055347983,2567.7841739230644,0.23222852030847935,0.9271209097417019,0.5274432552895317,49,0.0,0.008395971910323085,1.1376570879506254,-0.14002844237744405,2592.3494055347983,2567.7841739230644,1027.7415276369616,0.0,397.0099368390347,311.16332035452467,0.6184978911680948,99.99128100600059,99.58635217853443,88.28887155305303,105.88548330639526,102.38898565994597,117.20695540848439,103.6904034360336,90.25071552895521,115.73639068752296,96.99685935823314,7.719229513803078
3227,1456.4712241403436,2569.2177659702843,0.6379802510082939,-0.5100088268269023,-0.28738840272733757,49,0.0,0.013215643262832465,1.4046679222006742,-0.3689341618448245,1456.4712241403436,2569.2177659702843,941.7755399259388,0.0,0.0,311.6366116116394,0.6191109407184445,79.93069279895101,97.03665160665237,91.99396921198449,105.41822932596853,91.49166716885442,86.52030255677084,89.45855168962396,94.49441087479448,102.55307023564538,93.68543152948547,9.192562927207783
3228,2451.357824295387,2569.653200075291,0.4260218089181393,0.37240176878234343,0.15602436572568865,49,0.0,0.029272598390041767,4.121733624695866,-1.537699802994922,2451.357824295387,2569.653200075291,1432.025398892764,0.0,0.0,311.22206615564943,0.6192808473621596,156.4181567995144,139.70208645740533,144.4610949263215,140.93937295123155,141.56788577583143,124.28772805742963,122.76106303594392,129.09741660358472,164.06700853731414,140.91753974005593,27.80604600813132
3229,1500.9578397322903,2570.5893634954173,0.5983112170209179,-0.25348868237603683,0.10433680780402772,49,0.0,0.0904137962693533,12.827267388116642,-2.7703353695691235,1500.9578397322903,2570.5893634954173,1972.199183178798,0.0,0.0,311.6180749158473,0.6196825885229436,160.69639573102523,218.24519041589804,198.0779760312368,191.82750971815454,197.930722755563,181.52017295147948,203.69008349847633,190.6768128745827,187.03083426042838,200.3695443000721,42.133940641881324
3230,2145.971765544574,2571.19458954316,0.3784225205596303,-0.3489348958433349,-0.18271852634504954,49,0.0,0.02812049730089384,4.768254975368022,-1.6958986765172273,2145.971765544574,2571.19458954316,1292.3843200667206,0.0,0.0,311.34931127743545,0.6199300385051835,131.56164188135216,128.71837947814794,119.81507804234715,139.6449905272188,130.7200802619121,128.12455633597847,101.27009922856698,130.26007738215185,127.93929403602881,132.6537779038229,21.676344989193574
3231,2466.670676518744,2571.1518624316154,0.49286210480456627,0.3259289431106688,-0.027854363942679074,49,0.0,0.034407420314057344,4.43362617376612,-1.6168976807222428,2466.670676518744,2571.1518624316154,1458.5116419211158,0.0,0.0,311.2156858202307,0.6199048160321464,126.16272203455863,149.75599572309747,157.34104157700872,140.74788598194831,171.90271311260534,148.34665648262444,146.06749694679257,127.94500173932246,120.67501929163666,148.61761266271,20.949496368811182
3232,2506.803648346827,2570.9640535638973,0.36272532448800004,0.44872743191978726,-0.14489258032063707,49,0.0,0.033598382422218596,5.405322381402655,-1.8320540025637497,2506.803648346827,2570.9640535638973,1529.6968253677792,0.0,0.0,311.1989638831032,0.6198254019700827,127.71368281446108,168.89628271062793,140.30810930027275,117.46968198004086,159.25644933827357,147.53359342167664,147.53487833552924,153.44376019279017,156.31336389554798,168.19377141328138,43.0332519652776
3233,832.5407283325546,2572.068187534466,0.5231735090153954,-0.8738005478434705,-0.2049641294924169,49,0.0,0.05298700894633391,7.616281531821164,-2.2043574728477555,832.5407283325546,2572.068187534466,1679.020754507989,0.0,0.0,311.8965880981985,0.6202892237752673,128.1417118736104,158.23278579855094,181.66357962303115,171.1613992451136,183.23114957403635,162.74294148030708,159.64558629816366,161.91094899781757,174.0628777897448,162.3103768548155,35.917396972797995
3234,2011.081266988443,2573.963364692049,0.5441642911626416,-0.14704237011860474,0.038469923246187664,49,0.0,0.17040298469714285,26.609432360968043,-3.5625890254306416,2011.081266988443,2573.963364692049,3221.6048893988163,0.0,0.0,311.4055168448078,0.621085745997363,302.16835270403635,298.2099812022378,310.7336541855175,300.729450543114,327.7093214375153,330.09137669373587,305.13132216464726,314.00912532373223,334.406180615849,329.762413608932,68.65371091949838
3235,1063.1612248057702,2576.799671099313,0.6626890035343797,-0.5796764126670366,0.0162872139574241,49,0.0,0.12909549328843484,17.240323207882223,-3.091363508432292,1063.1612248057702,2576.799671099313,2474.3214793694356,0.0,0.0,311.8004952078289,0.6222654986372803,216.49911473856508,240.51301178930663,252.74229894849753,250.49526708060347,233.7120361159731,246.83441392339415,270.6000656313244,225.21308933522008,249.91637330154418,243.44957062150462,44.34623788350254
3236,1284.427203379159,2577.941684231617,0.31946472356416533,-0.18323617985921942,0.004675368835854488,49,0.0,0.009109695379962136,1.1244075837582728,-0.12730941529578016,1284.427203379159,2577.941684231617,1046.4405797160198,0.0,0.0,311.7082988480343,0.6227444191848631,97.42809098838984,97.41007833612579,74.65841101869347,121.43169398821956,116.05352039857041,85.13362288628537,117.25600429424154,104.79373123856223,106.85109807653942,102.20159559152097,23.22273289887123
3237,1761.5240308927544,2576.636533763452,0.5392761956079619,0.3782430739220005,0.30104278217445657,49,0.0,0.010152453364982016,1.1039910565794167,-0.10741388798036626,1761.5240308927544,2576.636533763452,978.0659250858702,0.0,0.0,311.50950204781685,0.6222018523959163,90.0166809329742,104.39744225011954,91.89711430862346,99.5354858676565,97.49247970061418,91.31456838937281,90.84466492236652,105.76216243999194,101.393819969605,90.11616716459932,15.295339139946716
3238,2671.705593336122,2577.9182734566825,0.6367900676206486,-0.21920031307228086,0.8070647974805033,49,0.0,0.011338522855695383,1.1703534073248345,-0.17079255965467807,2671.705593336122,2577.9182734566825,3063.4851218488693,0.0,844.6032291756426,311.13025590557316,0.6227174160887354,123.49872373745912,110.95249637315423,86.27124306185605,125.85086652173196,122.55110645694587,108.82891178075059,704.0119997050704,407.320920842048,842.602755774399,405.49747835126004,26.09861924419399
3239,1018.5609360991676,2579.116457804703,0.7210924755877536,-0.6861044199973498,-0.1870984948902247,49,0.0,0.08601683659817039,10.441672464561737,-2.5469251652377745,1018.5609360991676,2579.116457804703,1904.8150335456944,0.0,0.0,311.81907899649275,0.6232299476403385,177.75152050904813,169.12197971699078,180.95266036490875,195.65234270823143,176.55126445545451,201.5931658413312,197.93896822225886,196.60032138665017,195.7457424932041,183.6853453071825,29.22172254043386
3240,1315.091762288431,2579.492473523037,0.43367453990930993,-0.3278073716325926,0.08582472956332907,49,0.0,0.18112435506794045,31.677353883492454,-3.7518722408641585,1315.091762288431,2579.492473523037,3924.5379136371057,0.0,0.0,311.6955215827615,0.6233908510133068,341.1298366214953,361.42097404694766,385.5934486575188,369.39161471017223,388.9615488605133,396.5015136176133,358.6488928607467,419.4943569102858,404.18616140729694,426.7776523164264,72.43191362808889
3241,1985.8394046351339,2578.469621108858,0.8080741726806767,0.2209661858318886,0.19506690357521003,49,0.0,0.024163154958071253,2.548677638989055,-1.0157872716257452,1985.8394046351339,2578.469621108858,1049.7245535389188,0.0,0.0,311.416034533954,0.6229635808793661,98.10393137712555,118.84228021003995,91.13087042514597,96.26123859911527,107.95076298282312,103.22512563256775,110.87313020051505,96.36983732314084,100.29081466228246,108.40327376937711,18.273288356785816
3242,961.117393599517,2582.0701563207945,0.3561879547192092,-0.7088915820821646,-0.127475792248079,49,0.0,0.015289725802579753,2.300651692480174,-0.9046271839120346,961.117393599517,2582.0701563207945,1112.6909171306404,0.0,0.0,311.8430141649069,0.624459423402704,101.2418523451349,108.3996025225191,108.38285027379808,115.09271903816187,105.08002626827167,100.37865327118683,118.75520096745811,102.19812309739835,125.64015606152293,97.60197551033215,29.9197577748565
3243,1142.4425562515157,2582.0622257147816,0.3671841254441045,-0.675794203099098,-0.0837291573695044,49,0.0,0.0322551433129582,5.5843712443933295,-1.867435705284244,1142.4425562515157,2582.0622257147816,1436.8558979380887,0.0,0.0,311.7674606651546,0.6244594049198477,135.8760509010649,145.6865705346151,153.07688921428368,118.00167717242337,149.0341976695454,151.67486293542737,150.04894952762874,148.77331943044624,118.04901371971823,131.70524735440648,34.92911947852902
3244,1090.832370287024,2583.2373904909377,0.7870320627558526,-0.6846655595692719,-0.054917867852355716,49,0.0,0.02526019851099727,2.5659132866850443,-1.023104938991937,1090.832370287024,2583.2373904909377,1084.86233765283,0.0,0.0,311.7889653790101,0.6249482038935494,97.21700264628652,110.00834991985171,108.25048997057284,121.66931581419638,103.31840706827096,105.9989138809466,112.69919133212389,112.5336472308735,91.35884847520488,106.28044564207804,15.527725672424747
3245,1399.3020430209751,2584.198889783868,0.9897478171277254,0.1382776582318474,0.049481066120649765,49,0.0,0.014173249310143776,1.1149709627708455,-0.11815889296134399,1399.3020430209751,2584.198889783868,976.2238371499402,0.0,0.0,311.66043289985015,0.6253524312797087,97.28931249220028,87.7290730793583,86.36565315797301,93.41892955894501,105.19143702045825,98.694045841081,100.46649131488101,88.13731257841798,104.33456919896545,93.2308197386074,21.366193169052636
3246,831.7989790207246,2584.9471747479056,0.516995693665797,-0.9504958158043125,0.11199628103021447,49,0.0,0.03176183105313443,4.078449780809555,-1.5262377976907218,831.7989790207246,2584.9471747479056,1333.362352861458,0.0,0.0,311.89689727398576,0.6256550944809824,122.72842236839327,106.56486754665855,122.79989374232565,155.81378019075797,122.76225170200803,123.22866128226745,155.38624772357352,130.28157213357133,117.85751857369948,150.51582975238182,25.423307845821007
3247,1533.7076314072524,2586.6699653466776,0.6600995965565057,-0.2745175657828242,0.023081336986554093,49,0.0,0.045346605865752294,5.850098393969471,-1.9179079265723884,1533.7076314072524,2586.6699653466776,1350.8671331619853,0.0,0.0,311.6044287280402,0.6263825887608377,127.88466604503135,127.92949444143109,121.4565795927615,131.85896159089378,142.4852681480476,149.55340310096392,126.76308846201329,125.85708478636576,145.00562838994418,128.55103908490938,23.521919519623566
3248,1420.6674295445905,2587.942062108956,0.6046691923343653,-0.37041104313704265,0.007507767997110326,49,0.0,1.1529550915569837,167.1843375212412,-5.557988971532721,1420.6674295445905,2587.942062108956,16714.24085487805,0.0,0.0,311.65153037776565,0.6269121395810149,1539.5165585400728,1623.9542041068755,1537.9568183160989,1647.5622049156111,1634.8431421058426,1733.874951657046,1642.9313312666932,1723.237371753821,1706.2950874204837,1583.2622148455082,340.8069699499939
3249,2164.936111498649,2588.0489968588977,0.5185763587067571,-0.0344202784226237,0.2712942358815581,49,0.0,0.012986225315981455,1.6072856089854457,-0.5152326405473073,2164.936111498649,2588.0489968588977,925.4578211707003,0.0,0.0,311.34140922124965,0.6269519479991638,83.27862256488669,88.22341910576587,85.65411980242854,88.7241361770935,104.2432974489586,82.85322255441014,91.49841659857881,95.57124201156175,101.0165507892765,88.8635629367522,15.531231180987561
3250,1276.4438501826326,2589.2455482006344,0.6758904504865746,-0.9937160225802509,-0.21851000281419752,49,0.0,0.011162655651670279,1.0697538105303686,-0.07320960535747625,1276.4438501826326,2589.2455482006344,890.6792783567888,0.0,0.0,311.711625381377,0.627454024553456,72.53089296611203,91.84572038799698,93.94012420063383,93.39146782225433,93.53971227120488,72.29258531852261,88.9109309188315,100.81414263524559,87.33764825895008,76.08178448518872,19.994269091848224
3251,1779.0524370586613,2589.349430699673,0.3931855637858824,-0.5022436940193663,-0.1760214977982161,49,0.0,0.01713908456973618,2.613294886755757,-1.0429710467684652,1779.0524370586613,2589.349430699673,1091.2946794354393,0.0,0.0,311.5021982838775,0.6274985199918635,100.14136873013055,97.64833935737218,113.3963959643103,115.10647844700645,107.99622089551119,105.30131661086571,105.33140996098017,116.7426053025576,97.43379221149578,110.68175824271282,21.51499371249655
3252,961.3969377075157,2591.4245548287945,0.8096286029452154,-0.8151906571498181,0.054415103102511395,49,0.0,0.013170289966298761,1.0645972009632134,-0.06796329998018062,961.3969377075157,2591.4245548287945,1079.0282941951002,0.0,0.0,311.8428977548945,0.6283568527701687,106.77845402360748,109.10564681069884,93.1454842702596,100.39935683155274,106.14479187566792,110.11179098223062,119.46487856287678,106.62982820401858,107.52919628098216,94.58704592341968,25.13182042978584
3253,1755.8344356921937,2591.284550163048,0.6323263252093348,-0.2548296765377489,0.050542647513077,49,0.0,0.012075383296208062,1.2960414215005491,-0.2815472045340659,1755.8344356921937,2591.284550163048,928.7701896109506,0.0,0.0,311.5118727634745,0.6283049061063194,81.07167501848565,87.29206392037972,86.62425689339273,107.39706126380611,99.7170244005905,98.47886458031755,87.71671190987566,100.46838133246077,79.43652133103902,84.39579204571478,16.17183691488829
3254,2129.0830525959536,2590.4186607745573,0.8743390808812757,-0.42546157684001806,0.26010157352169067,49,0.0,0.014064675953174685,1.2189881729838365,-0.21499872993443997,2129.0830525959536,2590.4186607745573,889.9197343329544,0.0,0.0,311.35634825461034,0.6279398992755619,100.25832655013437,83.76985999051134,77.98813048483461,82.87712724658908,98.32888018787767,88.90654277479717,81.34013277659656,74.4877157463788,102.07276666833036,85.01377950038656,14.876472406517932
3255,2468.1671039348203,2591.6818284881465,0.6644904226849144,0.4138980966262547,-0.08351203004244505,49,0.0,0.017255689207017942,1.6160231297499037,-0.5211189310884727,2468.1671039348203,2591.6818284881465,1155.8236232700526,0.0,0.0,311.2150621096244,0.6284583204896794,109.75340084453902,97.94751482080014,105.36384330377562,110.05100832166298,120.5571581333596,103.26830100812585,130.11744488087956,109.27268644223858,109.07095293558982,136.34922784169277,24.072084737388654
3256,1546.080038958908,2592.315523376891,0.6057438275365973,-0.4223375420330115,0.03275947175604028,49,0.0,0.07294183640795972,9.87960714740882,-2.486849189124777,1546.080038958908,2592.315523376891,1807.123062529854,0.0,0.0,311.59927338722355,0.6287348075891791,141.3659798350846,181.83979248057466,179.65607387504954,191.6769511574756,161.2395696421097,183.34242414147022,170.4792961679703,165.76354532876547,208.500529751028,178.9924277028931,44.26647244743263
3257,933.774966078828,2593.507718694394,0.6504588272571811,-0.8433745104026928,0.2529084607972048,49,0.0,0.04448659657482918,5.618433532506814,-1.8740381185412291,933.774966078828,2593.507718694394,1469.928340577499,0.0,0.0,311.8544070593691,0.629224183060824,141.95838422431012,151.22929998484668,149.88313655073966,145.01917029774762,150.50428454136497,145.57220197310892,128.39859094007957,143.0799768351382,152.68864913665004,131.47925621392977,30.115389879583276
3258,1105.5466070145346,2592.744675068164,0.3778468475977658,-0.5835423541872968,0.12061416908879179,49,0.0,0.030400941824295306,5.192979047770968,-1.7885414258522618,1105.5466070145346,2592.744675068164,1441.6614819070487,0.0,0.0,311.78283437433663,0.6289095868036805,144.08634285382752,119.98785422363734,143.26899574907253,139.71013098701135,147.89581359224965,144.8879174685883,133.9135915208215,142.20814454650835,163.89010998327092,129.0717476243573,32.740833357703856
3259,1198.999586518365,2593.493818159277,0.5463031805211366,-0.2203392065363331,0.04607866285636136,49,0.0,0.02020987220248786,2.7907226026874423,-1.1142916746062126,1198.999586518365,2593.493818159277,1082.6270679627205,0.0,0.0,311.7438947194094,0.6292231053277325,105.10024181503172,110.1812285113981,95.59685867153104,118.07552382303423,103.12304679687848,103.2036499714084,104.67090680873868,112.90334107756799,99.7637893699293,113.25502003175434,16.75346108544813
3260,1944.3381950597704,2594.8007891723623,0.6684510463807158,-0.5098200416754329,0.1399502776006985,49,0.0,0.014028144239447881,1.377442562130602,-0.3476837457245958,1944.3381950597704,2594.8007891723623,979.8641646370386,0.0,0.0,311.4333271037536,0.629768361509676,91.25352636447093,99.46017743770726,105.11327820929525,98.72722749385875,82.1863424946946,97.32095029737556,88.11380197331798,105.399008508031,105.44680872277101,88.7962458018789,18.04679733363729
3261,2338.504457309355,2597.382058470623,0.4416498418248883,0.3353443619554171,-0.07670765427334651,49,0.0,0.03427570701319109,4.91337804204084,-1.7284504515826908,2338.504457309355,2597.382058470623,1501.8037201022557,0.0,0.0,311.26908816548655,0.6308367176540275,137.89608881623292,150.88658734417334,130.726903815328,159.67930892828588,142.99721306858282,176.94969290836366,136.75905761723712,145.9186370536156,140.41186784690547,155.08694658386258,24.49141611966828
3262,2368.507335462173,2596.643031917088,0.5034271810164941,0.4553856153347645,0.07090313386836496,49,0.0,0.012078579506836502,1.3907865351136637,-0.3581511935344106,2368.507335462173,2596.643031917088,1065.8817724238752,0.0,0.0,311.25658691840016,0.63052805720715,95.216831588399,107.2543898732702,113.62867554415098,101.35628426792721,102.45701707440676,126.2781175007858,111.677686228217,103.74321683861011,81.7027945010673,102.03855629411319,20.528202712927666
3263,994.8913016883289,2603.44966186459,0.7563830265258038,-0.6743666815889742,-0.08468389136053071,49,0.0,0.015208375453602797,1.3785680775556568,-0.3485705441253961,994.8913016883289,2603.44966186459,980.3971867151982,0.0,0.0,311.8289416619089,0.6333676947883939,88.46843755633995,103.60582154122791,81.29491017508722,111.97899606740816,97.01736738040358,90.81806735052575,95.54475158937886,88.55354938694481,100.94699709922031,106.67312009591363,15.495168472747885
3264,1726.4427037144849,2604.2600275793584,0.5159380482923974,0.3036110295999503,0.2892648259097628,49,0.0,0.010076510009444904,1.1651311511031361,-0.16593703442347088,1726.4427037144849,2604.2600275793584,874.6632166575857,0.0,0.0,311.52411970546774,0.6337112057606988,91.00736171594656,94.83638054960876,82.21339425212253,80.47295237511679,77.31510138023295,82.23948440425616,92.43944871827897,86.70213336460635,88.42087273948314,81.21718872905176,17.79889842888179
3265,1708.2556472935566,2605.0359772530933,0.5857060668413945,-0.28823125489372414,-0.021322688195043515,49,0.0,0.08927637582726633,13.070679018139908,-2.7907453741103727,1708.2556472935566,2605.0359772530933,1996.3647875221636,0.0,0.0,311.5316979008468,0.6340345720065687,173.61047934178066,202.66473438337795,192.16038155142664,210.97883165732617,197.31118695992654,189.53919469098463,196.2645560905821,202.26309247454225,213.39685851494286,181.65161814288246,36.52385371439141
3266,1126.2951103983783,2606.617943834765,0.6570049154015768,-0.7296238960453225,0.18601973528509091,49,0.0,0.01213055795884574,1.2896513136736187,-0.27618076214885795,1126.2951103983783,2606.617943834765,973.5963290175301,0.0,0.0,311.7741890511874,0.6346901102947622,93.97090821152952,101.26399001199006,100.84533505010825,86.35159350080819,110.12828079615464,101.94823603212163,89.06710953622726,78.16184216621545,96.47249147453721,92.87338330809462,22.513158929743383
3267,1936.1798834562576,2607.1578538747895,0.5353472430805031,-0.11610761889020779,-0.3659536166431493,49,0.0,0.00996554903086643,1.1116069869552443,-0.11487816963040032,1936.1798834562576,2607.1578538747895,928.7564364878305,0.0,0.0,311.4367264487129,0.6349169429030562,89.1875007211377,104.31081457702079,88.6492498234355,83.04341644313122,97.13624878088753,94.63696365074551,75.54712738070198,91.52822968911323,87.28377551612954,104.23085730297308,13.202252602554367
3268,1526.5820758554298,2610.230662035702,0.2806633646570216,0.49615773618049075,0.4911597165410898,49,0.0,0.01312848807394761,1.1063345242807312,-0.10971616299669411,1526.5820758554298,2610.230662035702,1475.8727980969634,0.0,0.0,311.6073978296704,0.6361990106496977,124.35840098238974,134.4237936690965,161.74233991532677,159.62876621987556,142.23475625777186,133.9105316718181,156.88640697790518,136.13515441988613,143.50884770420288,148.91450375522194,34.12929652346872
3269,1369.3012068149228,2610.5458723238016,0.5765349331828219,-0.4470755397147402,0.11879601493839533,49,0.0,0.1200204210973681,16.87203548297591,-3.0679187002040544,1369.3012068149228,2610.5458723238016,2716.972837843219,0.0,0.0,311.6729337114728,0.6363295337087124,254.2944166984903,265.5447466401731,249.35397372706993,273.5594883383817,287.3466636778245,263.6876923548134,256.38773045690925,284.06341451003374,265.9334649131116,262.3556119725279,54.44563455388375
3270,1497.122979135043,2610.26806724147,0.43885365610434574,-0.6070376084848179,0.18029182059476243,49,0.0,0.023227273944367577,3.02757193905841,-1.2027361783526824,1497.122979135043,2610.26806724147,1421.0286423925813,0.0,0.0,311.61967287400404,0.636214507444515,121.64841834926142,126.37117893229693,157.13239636091538,146.20730323429154,122.18054978611207,142.1740034681384,151.40870898437396,133.13799964102353,158.82759462693917,133.9920388082753,27.948450200953594
3271,1395.980844853046,2613.435729225581,0.7852191429880335,-0.16074202831363887,0.14600730806403941,49,0.0,0.02924898573164406,3.106763562885962,-1.2307705074203854,1395.980844853046,2613.435729225581,1182.245136350495,0.0,0.0,311.6618168445741,0.6375337698694029,107.66194595657984,107.58012798070828,114.04445478640933,115.43269260652073,132.2366169267281,123.91549251726873,113.44219772196915,119.91838838348801,120.90861756572502,108.17990357969141,18.924698325406204
3272,1743.4772538347102,2612.7076890361914,0.668685700422333,0.09082274621536812,0.03408950710514552,49,0.0,0.045188136524223044,5.596340107961645,-1.869760250308313,1743.4772538347102,2612.7076890361914,1337.6401556814242,0.0,0.0,311.51702172422193,0.637230796914711,118.53098883947175,126.66987878141973,116.09132014831401,100.33774371174711,145.98501734100358,153.09721523972956,129.9149132203721,139.74881106784818,132.98469451169802,150.37937285341746,23.90019996640278
3273,2266.2377005515127,2612.795218065587,0.5903510980452547,-0.01871478892844873,0.305300851204095,49,0.0,0.01297150550225436,1.3876779319637653,-0.3557217045599472,2266.2377005515127,2612.795218065587,973.0412459595054,0.0,0.0,311.2991994459447,0.637260141597534,101.36502447527302,87.67230660514315,101.64898986777547,86.86147398591899,112.4463534744211,95.50944067286557,93.65453736528363,100.21367282804766,92.53280760835699,86.05796548208738,15.078673594332553
3274,2370.084961364753,2613.4597032950483,0.46433721084075386,0.686913396781861,0.24606110649969234,49,0.0,0.06362948012106202,9.160463500855004,-2.4047936216071313,2370.084961364753,2613.4597032950483,2104.0313373500558,0.0,0.0,311.25592942477374,0.637534479524721,214.89451007824434,195.6661795101461,188.5019740169638,201.02516664062324,229.72530504634102,206.80313238206884,200.90891001593445,193.58199875682857,213.4883341841645,217.54685066317518,41.888976055565806
3275,643.2441233090645,2614.6872984903166,0.3721448875245875,0.8246716304408138,0.4108510272087021,49,0.0,0.008222562674549166,1.0895229246097906,-0.09309093162959353,643.2441233090645,2614.6872984903166,1125.7026665039957,20.014622868218986,740.6262619858724,311.9754616859193,0.6380404743531153,90.20609552881989,92.31389826183205,97.25880940063317,104.89048018767795,104.4060437759127,134.07420152861852,95.3648842685497,182.15515815780367,112.35030812761451,84.11635290690091,28.5664343596327
3276,1945.9324374494324,2614.8572356123427,0.4767338026773483,-0.3229045690767673,-0.12770536641582791,49,0.0,0.01892964100779983,2.4967581300576036,-0.993441181800383,1945.9324374494324,2614.8572356123427,1128.9572899311288,0.0,0.0,311.43266273854357,0.6381247237530476,97.36457986066327,112.3163711457803,107.39576243142048,125.85668323228418,100.05354143278569,116.3929746276494,124.58752156761224,110.13805048145277,111.38428843091137,99.33127378323904,24.136242937329968
3277,812.292332690013,2616.025786911464,0.30705690633203647,-0.8865655233796121,0.06644048602647061,49,0.0,0.023071319187040442,3.013582835657451,-1.1977078340216065,812.292332690013,2616.025786911464,1496.5536525314747,0.0,0.0,311.9050253382803,0.6386031162725806,143.3645849467952,134.97750861550446,153.97361570489312,152.2389008337001,144.98807974212747,137.4915976750359,155.77826726904712,149.41695446375945,143.44534018762528,152.84324116511857,28.03556192786801
3278,2093.178844118258,2616.6743145634623,0.5716773390923829,0.3363325656517739,0.3003403888897866,49,0.0,0.02001445617450387,2.530155026864075,-1.0078678298653783,2093.178844118258,2616.6743145634623,1046.138180361221,0.0,0.0,311.3713084985164,0.638879711552471,105.41461046442956,99.41971788106417,96.0962696806247,80.18970021173939,111.07423267181827,112.586999159612,93.15177540993552,103.46946496840906,111.24454782372248,107.16233896450326,26.328523125362643
3279,1202.3997185094647,2618.990565147446,0.38633888316348025,-0.5165522021329009,-0.0973689292643689,49,0.0,0.02516180863617787,3.9955544797071108,-1.503942641707895,1202.3997185094647,2618.990565147446,1304.0927136278344,0.0,0.0,311.7424780769047,0.6398461823246245,102.18679699004163,125.42514657700912,124.24947138433257,125.79731708027778,133.90478745817316,125.7977251984644,152.32816071863482,120.79708027759114,120.48493372102236,147.38540854468167,25.735885677605733
3280,2343.2110586400313,2622.17225059333,0.4328954683577006,0.4785536383600684,0.07313099115466218,49,0.0,0.04989529867357494,7.468992189383226,-2.1831550132006665,2343.2110586400313,2622.17225059333,1862.601518933599,0.0,0.0,311.26712686128064,0.6411651410439002,175.41211668093337,154.73850089009383,176.46116536793494,192.3995557919931,191.9457664005963,182.5348054762941,200.26166622748576,185.30149489759742,182.23229061622595,185.9612559906381,35.35290059380635
3281,2444.0909773102308,2621.5862957543454,0.3689633321190138,-0.15688617690897344,-0.05669568298083203,49,0.0,0.009199601044060176,1.011344385342814,-0.01224766935853507,2444.0909773102308,2621.5862957543454,918.3549054908942,0.0,0.0,311.2250934960151,0.6409182983086233,71.99294158136456,94.7101606581609,87.36078998041063,87.42348548611918,72.97162416808803,89.21537763609307,79.93677688792118,107.11639513852847,101.23388297342858,106.16201295921648,20.231458021563135
3282,1387.4168381045245,2623.2532471111485,0.5441605128075837,-0.4135369541293662,0.04942959383662608,49,0.0,0.032470550583293574,4.446848284394708,-1.6201307815860344,1387.4168381045245,2623.2532471111485,1260.2499042484224,0.0,0.0,311.66538532042904,0.6416241130101255,112.75918621898532,110.44699893598491,115.47209708124151,118.07587610930618,125.09898332617675,138.46025197370102,131.39102318778066,122.83606346435293,128.13735180192353,134.70565987086076,22.866412278108793
3283,1221.9057550807631,2623.528920532359,0.7318917612874065,-0.3194179856758375,0.0160860499719831,49,0.0,0.11015863300606757,13.472384757341873,-2.8236111933321424,1221.9057550807631,2623.528920532359,2175.5138481573613,0.0,0.0,311.73435036220184,0.6417373086981988,189.66497673116262,187.54115152677394,221.02536222528974,244.88632182664972,229.44709604707458,198.40380460847953,227.2934482672797,241.8173360824867,195.1285819002577,206.6748059521599,33.630962989746976
3284,1638.5519006954198,2624.400837378504,0.4863650793488776,-0.37402613452872985,0.07817044056463152,49,0.0,0.1785423259436309,29.105782232566895,-3.6599481891520824,1638.5519006954198,2624.400837378504,3683.66578902974,0.0,0.0,311.56074211479023,0.642102994884703,331.1567092567382,344.45775949898575,393.04691658422547,402.34937706000056,350.2896723464848,366.3286627377423,363.8347829475142,374.68087869562197,345.7937834382021,337.99653848143237,73.7307079827924
3285,1411.332366758509,2625.8401979720884,0.3350942865991605,-0.35557143698533394,-0.06094261919440291,49,0.0,0.009124227638924011,1.184213091323979,-0.18357464460591494,1411.332366758509,2625.8401979720884,1007.0646425967492,0.0,0.0,311.65542019451823,0.6427021116190736,89.52598552326958,100.65811121823259,96.34312932327785,94.46325777828707,92.14019234727553,117.74369228843722,88.19973559134075,103.79942696814274,105.39253316444196,97.35237065640543,21.44620773763843
3286,1001.4111455861014,2626.6023693993134,0.7222964842093584,-0.9520405016989252,-0.09327926374598416,49,0.0,0.015246133099789262,1.614566847046478,-0.5201400764681553,1001.4111455861014,2626.6023693993134,957.2435371460845,0.0,0.0,311.82622517675657,0.6430141711603089,85.72847449458693,103.1493366865418,98.46228351870329,91.92278209787247,91.20060087199964,98.10553610927067,91.13846221534487,90.43250664419838,87.21199316066367,97.55112095469332,22.340440392209384
3287,1454.1585575081408,2631.3062051994852,0.6524089196715187,-0.21305497871054208,0.005661553198354173,49,0.0,0.03839724227052199,4.737391188034683,-1.6888481197206338,1454.1585575081408,2631.3062051994852,1282.3630061852718,0.0,0.0,311.63757535756,0.6449797302297008,101.74244383802613,142.3054468972755,132.15398175495062,111.40796772576701,113.3089586203743,128.11090262243897,133.59193413917495,135.5052401143274,130.7903504467755,135.1603141521659,18.285465873995513
3288,1631.4606599233884,2634.564705637756,0.6445690543852373,-0.2937246326765173,0.23874266272104291,49,0.0,0.01893650901594021,2.2190981620096335,-0.8654412842823693,1631.4606599233884,2634.564705637756,1090.736123177514,0.0,0.0,311.5636968983149,0.646337711070473,91.58792309423981,102.83185334325441,103.8983429805879,100.04607916067258,101.55792708575959,120.48656877907099,111.12640928301406,106.1563349180129,110.4017032478795,123.49685065875218,19.146130626270143
3289,1678.3085943978529,2635.1335366941835,0.27136628339683055,-0.4079433335767197,-0.23105005714044538,49,0.0,0.011002864047504179,1.9871258685936197,-0.7455634426919409,1678.3085943978529,2635.1335366941835,1040.7376963707266,0.0,0.0,311.54417623821814,0.6465746234764119,92.82791682673144,117.79261977569212,91.76783867923238,91.61597671263507,115.22266316728557,113.90485118122939,93.00207870801668,99.12656572354285,95.69215434522188,101.39859226372221,28.386438987417094
3290,2149.9311641419467,2638.0448131234084,0.563440679210135,-0.1906384524966979,0.0446532199086638,49,0.0,0.22321559087412415,32.12033044548969,-3.7669500113418373,2149.9311641419467,2638.0448131234084,4246.3336527851725,0.0,0.0,311.3476610801125,0.6477825192586786,356.6316249667826,424.81337167036304,407.25290579480907,435.0319289424351,467.8906772045374,414.2372235904545,463.1031447988591,390.2084225670276,406.0882115843233,391.9575514316896,89.11859023389093
3291,1507.046759724388,2639.7949133158313,0.5417601962276486,-0.5245144961582102,0.028987586416366395,49,0.0,0.031222033106768996,4.477681143080918,-1.6276329102832332,1507.046759724388,2639.7949133158313,1397.988796078981,0.0,0.0,311.61553785554946,0.6485167070358709,115.25652403464598,152.54427959286176,144.1799408625438,136.30369164972137,141.55160296200955,142.55776527228548,122.13223132782323,139.97956098689997,139.92173123231896,133.64112866839037,29.92033948948043
3292,1669.392880802408,2640.8189539823893,0.65007436613283,-0.32988481202632686,-0.06534410181134358,49,0.0,0.03618312656061873,4.516478509850432,-1.6369998703214796,1669.392880802408,2640.8189539823893,1294.2753511081992,0.0,0.0,311.5478912447595,0.6489434345718031,117.58157605589955,124.40886237687216,122.04001717696298,121.7422777935802,129.4043500655148,122.72755914327908,133.6172726107111,112.95017082445403,143.79655179156848,136.60258525845313,29.404128010903552
3293,2556.8274610209664,2641.7290037361972,0.3712046541339346,0.35939822160973095,-0.3407503627021759,49,0.0,0.01164336360010211,1.350971571826088,-0.3266155259063741,2556.8274610209664,2641.7290037361972,1170.4971148039103,0.0,1014.8736098790412,311.1781201122867,0.6493069797254248,123.04607154649091,112.23781808001294,103.62127931889599,108.41276540714179,118.0803434191076,116.11195894398367,122.78343813960663,96.59339282037656,113.26529118279997,127.09775512512974,29.247000820364683
3294,1821.4662945302173,2642.0498017037503,0.3588527720909952,-0.4129148283947595,-0.08624138662979283,49,0.0,0.007954756118790665,1.0475291214036275,-0.05041526307936818,1821.4662945302173,2642.0498017037503,889.4785606185087,0.0,0.0,311.48452514502736,0.6494555013566324,69.26986789165394,99.85420713936387,94.59688826251553,86.59492728777725,87.64255293098488,89.05455610678086,71.88209744352685,91.8473032004502,80.47751660863844,98.51720860249604,19.741435144320874
3295,1433.0161654704552,2643.924559017652,0.9815542319526888,-0.4458410485790858,-0.05412535763968913,49,0.0,0.08483725420165218,8.101473372887039,-2.27141002235881,1433.0161654704552,2643.924559017652,1923.1146536444357,0.0,0.0,311.6463850108444,0.6502369615370449,177.52647803126098,168.62986088760925,192.59407527937094,198.08332415534284,189.05410569417705,196.8777146385321,196.75737447982334,190.73215191210764,197.9869049908507,177.22830963904562,37.64435393631531
3296,1174.0583402433206,2646.5089783516514,0.76411217034588,-0.784689267261167,-0.3237425584134918,49,0.0,0.011105880102701537,1.0528966909704534,-0.05596440198432885,1174.0583402433206,2646.5089783516514,919.3593591117492,0.0,0.0,311.7542874245346,0.6513110912082691,90.34037123507262,100.66466823356711,78.73183114843143,101.55964806873081,92.49452739760783,91.35189907850994,87.0355082645014,93.01009300497816,74.2752525425345,91.41117692468565,18.48438321312977
3297,1438.6312427604403,2645.032541756023,0.22109445024236277,-0.8243507424353078,-0.32921432739710993,49,0.0,0.013162487651535387,1.9804126265818522,-0.7418892165346778,1438.6312427604403,2645.032541756023,1985.5589112930202,0.0,0.0,311.64404531738984,0.6506986258804052,175.7432146295011,167.48944906848806,201.06939836023355,204.7876418920256,195.01971236201268,197.78305991534688,204.6133610585759,205.33976903531217,202.83520867395714,189.46292316297428,41.415173134592784
3298,2062.887556038109,2649.2547626727865,0.6388209485317885,-0.23382670277531012,0.07292214300209267,49,0.0,0.07996530927945385,10.274314632748347,-2.5293821527345157,2062.887556038109,2649.2547626727865,1926.2711256224009,0.0,0.0,311.3839299846442,0.6524545449379743,166.0289674730492,194.73811104268742,170.92608143563348,206.6554474753463,195.76879996951268,213.7212946642569,168.80976186309175,183.4409114786514,188.60931855844788,191.69302122783668,45.87941043388729
3299,1591.814414981763,2652.2195424509614,0.5192150916031137,-0.24301754217627033,0.37336455404645796,49,0.0,0.017948243822756466,2.0971886693107717,-0.804093756605381,1591.814414981763,2652.2195424509614,1074.897631576847,0.0,0.0,311.58021675261125,0.6536934850486464,105.77781725603549,96.54031551479392,103.73568326685242,119.7494262471092,113.5006411305973,104.79371858219287,93.40564080123035,108.55061752906988,115.1095302856193,95.28976152230013,18.444479441046013
3300,2247.8756382903425,2652.028649958373,0.4415061926536816,0.045495509329166954,-0.0829574625659918,49,0.0,0.017037466947843288,2.1901524488417343,-0.8511858640254575,2247.8756382903425,2652.028649958373,1150.8550536511311,0.0,0.0,311.3068501072658,0.6536067093987162,90.63086473837716,119.29034388091688,137.90755658235005,109.31480116113894,112.76762001962919,115.67542348490139,133.3134481774391,109.44349746384205,97.90126962573763,109.93179204163125,14.678436475167308
3301,1503.7083255809357,2652.9927367751225,0.6177053040530978,-0.27245262970204626,0.06194246270940872,49,0.0,0.08998938688829669,12.633570442192028,-2.753815265581963,1503.7083255809357,2652.9927367751225,1905.4114664763301,0.0,0.0,311.61692893304763,0.6540154697793573,192.98116094995947,180.06916763313092,186.92520135403032,187.15232383015075,191.68452874952905,206.13108121451927,188.75152085023547,173.52356992548346,177.81760719881555,182.37224684684787,38.00305792362788
3302,1121.7823549099871,2654.826561802656,0.6379385893826819,0.11950615682257015,0.17901050566333573,49,0.0,0.019387505534918213,2.083372736727093,-0.7969174415786104,1121.7823549099871,2654.826561802656,1142.215813462644,0.0,0.0,311.77606967145357,0.6547757129560421,128.12166712160422,109.3292217949784,111.63880497352396,105.24410751855689,96.79277833869915,92.73648576096502,121.75864664131143,103.76940569915867,122.26441610169393,124.62072030328663,25.93955920886573
3303,1605.8604351846122,2655.696556400521,0.3797446181283047,-0.7783686538141414,-0.1767284295788193,49,0.0,0.011990485734389277,1.544873166391202,-0.4722320744547013,1605.8604351846122,2655.696556400521,1047.687228194237,0.0,0.0,311.5743640342428,0.6551421566440752,106.76340891221969,93.20814122642977,98.59977521436485,105.70455108258238,100.91666424616375,92.84865347221022,98.72396043342084,109.99473538931088,106.6067531512668,112.48743458528656,21.83315048098112
3304,2378.2032723060697,2656.6018689825673,0.6893817698268754,0.24898793724846152,0.13729012485539133,49,0.0,0.06505545640163342,7.066309074798606,-2.122981573032922,2378.2032723060697,2656.6018689825673,1986.8230541455814,0.0,0.0,311.2525464022838,0.6555088651753547,180.8033721958647,177.52653373372624,182.48196289122723,205.11283661700293,216.57180066085868,207.0077452915345,187.83700484475762,195.97742262987504,197.9007705626789,207.4374389130714,28.166165804984256
3305,1686.0864600819,2659.4202358801253,0.4227844936247556,0.14430130830171378,0.1655114552904642,49,0.0,0.010085306901719823,1.2944149459249654,-0.28018379716474795,1686.0864600819,2659.4202358801253,899.7687825429175,1.1892016339741625,0.0,311.5409353236758,0.6566934713856608,63.48273315832411,87.76338870907568,77.69742640518025,108.97303589346024,97.11221946389438,84.52736511369038,98.14578391900584,86.65569791100143,85.28224945909632,81.11770605439338,29.01117645579542
3306,820.0716779642419,2660.3399268698295,0.41733575260443834,-0.7804109355509606,0.08751598841220687,49,0.0,0.015945530344082626,2.2881787395739055,-0.8987248651830709,820.0716779642419,2660.3399268698295,1056.5284162465268,29.04399554768437,0.0,311.9017843310496,0.6570661984308589,101.78292263503704,112.23615477144295,108.69631963169795,98.49026116813195,105.6601053469806,114.84705132680449,89.05010699565231,90.90378149656993,90.70743046810662,110.77033388629445,33.38394851980846
3307,986.6523783133022,2661.486531129416,0.95042806190824,-0.714788371278659,0.012855508129479163,49,0.0,0.013395710272219216,1.0025787901271506,-0.0027962818411661054,986.6523783133022,2661.486531129416,1059.3054314115298,0.0,0.0,311.83237500360684,0.6575479522649169,98.38046033938363,110.85328582235516,108.51603276742424,96.93203510582397,101.69361672679992,100.3024449306368,104.36575047318544,104.77343725128192,101.56160778484157,108.0434600618089,23.883300147988095
3308,2191.3697810653803,2664.6948440982383,0.5462857350604754,-0.24913721128839417,0.010602851239609206,49,0.0,0.5048195029620087,74.04688233358668,-4.673766944319862,2191.3697810653803,2664.6948440982383,9380.236506624877,0.0,0.0,311.33039449516184,0.658885138470346,871.8579746246743,888.5115824606238,928.0777966352053,907.865496291144,961.8981489863506,924.94787513619,930.4576856545734,923.7908005108111,933.1286809903295,910.4525026648274,199.24796267014798
3309,2040.2985905775552,2665.745029259275,0.36782478407668723,-0.47223605123194273,-0.08504345134455579,49,0.0,0.01802535418412659,2.9831495929045646,-1.1866875800562053,2040.2985905775552,2665.745029259275,1081.2794256519792,0.0,0.0,311.39334220616587,0.659325399842378,95.80503507902638,86.77937307131114,114.85999380748873,126.9014267613565,103.32422813632817,115.37776226255109,97.18821365323642,118.30421343835914,105.26386002601284,104.9335460918291,12.541773324479667
3310,2147.8473967215227,2665.9774476974444,0.45184457055436483,-0.3493542600691883,-0.040749439640988365,49,0.0,0.03942802283480965,5.724764095333814,-1.8943939877020144,2147.8473967215227,2665.9774476974444,1630.8478175132886,0.0,0.0,311.3485291592671,0.6594203834089774,151.3925194560189,150.26142879869394,162.83686822533573,149.9659802608219,166.3945231718209,167.72426756802486,169.87325537043745,173.08761517098912,153.23320861764006,159.02943134484016,27.048719528665742
3311,1091.6706835113116,2668.234187947955,0.5860141099724328,-0.7615643775250281,-0.01545804479761781,49,0.0,1.3617710054825718,196.07738042295694,-5.731068740364053,1091.6706835113116,2668.234187947955,22458.31666365894,0.0,0.0,311.7886165676536,0.660361338177796,1978.9486463884273,2154.675309568681,2205.9823853163794,2227.1415559908896,2282.9490321285703,2191.764459876579,2245.8027852986233,2289.6385801777897,2235.12739042417,2202.944761626939,443.34175686188775
3312,1419.6104384250577,2667.7547633977956,0.5235440144915993,-0.37512659515013913,0.0008211881278675268,49,0.0,0.05731911435062862,8.275749357275942,-2.2945183224321792,1419.6104384250577,2667.7547633977956,1758.509026336006,0.0,0.0,311.6519709695212,0.6601655396496234,123.63699220888286,169.23291530057128,170.63303125742036,157.73512888492493,191.2491874232067,199.16361333275762,170.63126036637027,187.20602469999363,166.98676261244876,191.22092395113563,30.8131862982938
3313,1130.3404715037505,2669.543890110071,0.3350288013374392,-0.13945963559021105,0.18930351352523403,49,0.0,0.014214645201763538,2.3183845542881483,-0.9129636868703586,1130.3404715037505,2669.543890110071,1051.9496400899454,0.0,0.0,311.7725037828021,0.6609076723126524,84.41477005505175,102.18127580537296,125.89906518150961,103.86704365270771,110.82677737970528,98.02513193989648,104.33796530232397,105.26804163391846,98.54981416418198,101.74007606365168,16.83967891162559
3314,2516.4676841986425,2669.4919609832323,0.6427973029286264,0.7947222124935439,0.5353486268557223,49,0.0,0.012713951586272063,1.134559253173442,-0.1370679553877301,2516.4676841986425,2669.4919609832323,1090.5222881358059,0.0,865.4944233428931,311.19493621444525,0.6608752382648425,110.96010658386231,98.84142452322544,113.72088633841088,104.91016633920685,115.01382121864349,103.05560064749471,106.55795297858911,109.9541895676399,101.64794956191804,103.60821206651894,22.251978310296305
3315,1355.8170676766865,2670.032943298841,0.432372752429796,-0.3526906397474231,0.008463528242427429,49,0.0,0.05331998247751777,9.251523379989651,-2.41553312672605,1355.8170676766865,2670.032943298841,1640.9108489471218,0.0,0.0,311.67855244678583,0.6611142485635702,136.75838046226963,187.22945549766825,135.8872482433872,175.03196216593273,162.23515669576852,163.59570097890725,170.1213718529932,148.7014289526583,146.6397050122139,179.79646443504518,34.913974650277694
3316,1665.607875957458,2670.0064210376504,0.593036048586813,-0.26734892477167777,0.039659559710926176,49,0.0,0.04536110947233376,6.032410134565413,-1.951227152248554,1665.607875957458,2670.0064210376504,1421.923249899954,9.129720382552797,0.0,311.5494683641078,0.6611041707827879,147.4394116272816,135.3641430784802,149.28385585090692,130.35420623774837,129.29654491950046,129.70898210681435,152.53145284703254,128.10947741007874,146.22757209076178,143.53030085819202,30.077302873156885
3317,2024.536268275833,2671.2093559643317,0.5250511480946255,-0.3020607991258759,0.0416383314109473,49,0.0,0.016081557644454396,1.9906408911326092,-0.7474823024215393,2024.536268275833,2671.2093559643317,1044.8540783250473,0.0,0.0,311.3999099870454,0.6616022918645289,99.15074353859471,111.2266365527808,94.5078684508029,109.18170162478773,107.45579596290737,107.14576694640257,87.21848643630092,94.68358329345014,118.71699462505251,96.84157515334272,18.724925740624837
3318,717.791930472326,2670.495308577647,0.659733544796851,-0.9440046062759699,0.5812423465863459,49,0.0,0.024486363348222105,1.9399918211170026,-0.7194997474399446,717.791930472326,2670.495308577647,2729.3795610431343,0.0,1876.74649747681,311.9444009708608,0.6612943112252394,129.77139706953264,161.62613931204223,216.6988418849059,297.59564008613177,289.69126917556355,302.97255166395814,369.7682363965525,364.9422769928361,273.2454859597186,308.7806276286987,14.287094873194276
3319,1261.3122572109507,2672.084975584968,0.6965294981004018,0.7471216183455768,-0.09801956782468739,49,0.0,0.012153718728302143,1.087042800726065,-0.09061661033810677,1261.3122572109507,2672.084975584968,1060.3789740470488,0.0,0.0,311.7179307104228,0.661968243011196,99.80226041148232,104.56117194170795,103.9018822489493,101.53056837407487,110.63488799584255,109.56202377233026,103.51339973796874,129.18141703617755,102.32574762095115,74.52769373070073,20.837921176863397
3320,2422.057918999862,2671.946682808924,0.49910428070510143,0.4784015005534533,0.1980907960658605,49,0.0,0.02295661668941984,2.880347518120578,-1.1486122229545785,2422.057918999862,2671.946682808924,1315.0563916991987,0.0,0.0,311.2342734501992,0.6619008252880503,107.26863355136325,144.31658115601647,112.70370010436484,168.1332396047896,136.07361280002974,125.81746743523848,128.64579783004385,129.31187644164754,107.65070942244327,139.37567295888374,15.7591003943779
3321,1567.428390488122,2673.0385806401337,0.5607022645392298,-0.29364867491913277,-0.04455154297933764,49,0.0,0.37999045888760385,57.119829054768466,-4.391967247590732,1567.428390488122,2673.0385806401337,6374.375432479865,0.0,0.0,311.5903779678839,0.6623675489255522,538.4619313413722,594.1659962419722,636.0099154699388,680.6219382518395,651.7585495424219,632.9930250250165,584.3760045128067,645.6746527063676,628.4572187258452,664.2547398926728,117.60146076961055
3322,2081.1318543122497,2672.470353977268,0.7610397379370514,-0.5344289590174629,0.052224701282882126,49,0.0,0.01299410799445466,1.0662047598221547,-0.06960154249891144,2081.1318543122497,2672.470353977268,1091.5196529017758,0.0,0.0,311.37632788411,0.66212677691093,113.62904555290311,131.3306926222223,107.54513990071399,96.3373409473238,126.08702005046923,106.1974624210857,108.1282248511472,88.94171293134012,85.3009753083467,107.4584290278957,20.56360928832799
3323,743.1827283297595,2673.7837688540053,0.6141650967341696,-0.7424403263751124,-0.020245802152953372,49,0.0,0.01949588253035292,2.213828143633578,-0.862859760452857,743.1827283297595,2673.7837688540053,1361.381399500397,0.0,878.3186517805207,311.933821542997,0.6626651656820131,108.81272157179893,147.7352447774416,123.95454775976356,135.7276345337637,120.80446048950523,132.15481105808834,150.145414906011,148.36587539185888,119.520266400153,144.18220416383576,29.978218448177046
3324,1314.2143319416355,2674.2111728225236,0.6668603440515413,-0.7098647142818241,-0.23144953993512543,49,0.0,0.013030194542172928,1.2851204442430422,-0.2723595814617309,1314.2143319416355,2674.2111728225236,1044.0485972438676,0.0,0.0,311.69588749857354,0.662854681881946,98.73611573748921,113.0865735737094,105.44998569376993,106.83486357535396,92.89721145259895,91.76881329094296,100.78034756277867,109.63958692718369,96.86621800213842,109.47946426424957,18.50941716365275
3325,1430.4552748330793,2673.9454719830815,0.5052212461974275,-0.43968091937044645,0.004342830733178475,49,0.0,0.16126490253534317,25.75579939548358,-3.5271875845960112,1430.4552748330793,2673.9454719830815,3361.1249894984608,0.0,0.0,311.64745214318043,0.6627449097487255,284.51955968628755,299.88083727618596,311.3858193961265,384.3704050710755,328.5803980249812,341.3890845542958,325.67495719717857,328.1667066778266,370.39821191046576,321.2253645953484,65.53364510868883
3326,1704.384640741738,2675.059409197886,0.6995928824668535,-0.17821822471090898,-0.006496135898764049,49,0.0,0.1193153788088734,15.14468625618563,-2.950650701828396,1704.384640741738,2675.059409197886,2248.6223942023958,37.082835555131695,0.0,311.5333107921069,0.6632093394073847,213.64745338416606,239.56622037147227,206.2049800422293,236.74992733997342,214.5134478051415,221.14360557753818,224.5803571771359,214.00110143854664,214.2000708937806,215.5253334877973,48.48989668461449
3327,754.8493791585856,2675.4282033698078,0.7793980398686946,-0.5963581695998538,0.04738093763225419,49,0.0,0.015717365160477538,1.4105545900765475,-0.37347474627496874,754.8493791585856,2675.4282033698078,1210.7178281904553,0.0,699.2187021011541,311.9289604636569,0.663350640090604,90.77356581595518,117.3366749210895,125.59712396798399,108.10452621684719,108.62242968508156,129.34909158870354,134.3326676580163,108.21893636424643,142.38360108838123,133.67898164472686,12.320229239423462
3328,1101.1071964975408,2675.872220235887,0.3833712066248275,-0.7389151624938043,-0.3461739017288907,49,0.0,0.013284904305108137,1.519310929808681,-0.4541166553311503,1101.1071964975408,2675.872220235887,1623.255785075838,0.0,0.0,311.78468464092856,0.6635438035302658,137.69595285912757,177.15954472460575,154.20090853612476,169.25251060054504,153.61063861375862,159.36739783129124,170.9547591072698,166.173799630244,174.9598393932716,144.04973574251562,15.83069803708411
3329,2443.90694556563,2675.608681015644,0.2520697110329987,0.11489653961065838,0.14752502072204363,49,0.0,0.008263537646737693,1.1909647752265844,-0.18974729171922483,2443.90694556563,2675.608681015644,1004.6631276728039,0.0,119.69954662452015,311.22516965645883,0.663425899569958,102.40608772778094,103.33999269348433,107.7113138258548,98.4483394690952,85.0044998383491,91.10684861246715,73.86609253662715,96.02728891317471,110.13362544704718,113.04038572686665,23.578652882056623
3330,1439.2949375099824,2677.390210071248,0.6429657760823172,-0.6147778840356385,0.0712233834128971,49,0.0,0.012022503585449621,1.208455440816214,-0.20557660342017825,1439.2949375099824,2677.390210071248,1523.340756896522,0.0,0.0,311.643768827884,0.664180179871702,113.86512364387988,143.6936213805034,140.8921489830784,161.64322005518582,154.11749040418832,161.70056734473786,137.60071222499423,165.83711899577207,157.55211211693768,148.517741127282,37.92090061996249
3331,1727.4858172821066,2677.865546737543,0.4181553926753767,-0.3367371381332192,0.2852316572046443,49,0.0,0.00993225208902911,1.038921888214793,-0.041457240421980845,1727.4858172821066,2677.865546737543,997.214168885754,0.0,0.0,311.52368495365243,0.6643783977734047,91.35426771390314,96.97744566701525,103.91302470128811,89.78207200791888,102.59002792408333,104.62116337106761,103.72378921273638,99.91032303213562,89.65855930651314,90.95426830063616,23.729227648456323
3332,2263.8300878745617,2683.13381247234,0.25613928384560763,0.18136326272383546,0.09739041006660284,49,0.0,0.008131079007931332,1.1892308961126343,-0.18816545902845053,2263.8300878745617,2683.13381247234,958.5600598537492,0.0,0.0,311.3002020976003,0.6665659011484731,77.43218378216494,88.88325674832558,95.40529127561072,89.15211359207836,103.3544652642693,108.52933636597393,88.67392138607386,100.32122396598393,91.21788399562985,94.17817380754644,21.41220967009221
3333,2544.5063511320573,2682.843774627734,0.6024725440583029,0.36208062766601384,0.43338495478006267,49,0.0,0.015671986451479433,1.0220416982921645,-0.023671537365534363,2544.5063511320573,2682.843774627734,2253.2580747271813,154.2531880340373,2042.2056146489977,311.1832534031376,0.6664371111831634,258.2769136996652,262.3672236110109,244.52245887041926,224.4380527439007,233.7898715952204,200.1055621558204,214.23348966165577,224.70675542875773,170.31036626965403,206.41975345625056,14.087627234826522
3334,1617.3334122840245,2682.3897418599727,0.21904653625383227,-0.10932180566127266,-0.031103676299340126,49,0.0,0.007019429431134847,1.1209195959672456,-0.12393615396714669,1617.3334122840245,2682.3897418599727,893.8501583721844,0.0,0.0,311.5695834502545,0.6662636411714246,83.54053851192822,84.45471622445712,93.16299746378786,102.68864451821996,82.75490121004073,77.2146604994181,101.62591854980221,94.72327042694414,84.24313870741025,71.31265367142977,18.128718588746015
3335,2046.3403917571113,2682.865920179718,0.4785146313669866,-0.1970787371854642,-0.2778414958308224,49,0.0,0.013050979671781234,1.6782518715802917,-0.5621428504520777,2046.3403917571113,2682.865920179718,1037.7884619771598,0.0,0.0,311.3908246369728,0.666458538626477,82.52308912327902,105.6341830304739,95.87373253293504,104.57136386067695,113.59819161438021,96.94115487888668,105.25947130010078,101.38382195648407,97.35964151580481,118.33815880833603,16.305653355802523
3336,881.0268768718543,2685.226781804958,0.9684839365924608,-0.9129670400808026,-0.3617245500075007,49,0.0,0.019050312880125826,1.5034446330876594,-0.4427185977403877,881.0268768718543,2685.226781804958,1218.9972022173852,0.0,0.0,311.8763863756101,0.667436537306983,97.84491405796342,117.29626649006038,123.07275242010127,127.97863001060928,131.33766110530388,120.48260043172048,129.6948895955732,115.54633651165051,118.28601034775731,118.90912121579615,18.548020030849187
3337,2231.252915401716,2685.6545692704076,0.5358153670557415,-0.3210028222353166,-0.020698675838504713,49,0.0,0.015135891262308191,1.6259942403440626,-0.527797507217661,2231.252915401716,2685.6545692704076,1109.1235504176439,0.0,0.0,311.3137760986571,0.6676168832071289,113.78912273554039,104.96302781068636,116.16554869393764,92.73995684823711,113.44901742325237,102.9371715894382,115.7893585648647,127.3430465757484,112.07144433307596,90.87403660965181,19.001819233210778
3338,1663.1852932045006,2686.487701058893,0.7719642901070946,-0.49046897744725987,0.12869623537621486,49,0.0,0.013098588913096778,1.1801833654394347,-0.17987372252754277,1663.1852932045006,2686.487701058893,892.0888545572625,30.66021283716397,0.0,311.5504777982624,0.6679709536699097,102.83167912054711,79.62567939118969,69.13036656978032,86.19325095836862,87.11365874696884,80.86717133424042,92.76932513949548,93.6579196917647,76.98230213840026,100.71059755483611,22.206903911670935
3339,2005.2410771021562,2688.4771970847737,0.4501066346031556,-0.22008089198284,-0.013905319576508462,49,0.0,0.014191662782317285,1.8609026543148484,-0.6743091383620502,2005.2410771021562,2688.4771970847737,1036.455548998082,0.0,0.0,311.4079497896561,0.6687970309951882,114.99685503700702,103.5905513032209,96.780115636247,101.4429364711026,88.25374972218228,101.59391965187476,109.78731806878235,93.67228955150048,88.36681223827912,115.07352787584878,22.897473442036624
3340,2293.724674660593,2687.3272626160824,0.49177970122590214,0.3630643383040578,0.0980127530567891,49,0.0,0.025465489153562094,3.3547872957314993,-1.314162474288979,2293.724674660593,2687.3272626160824,1365.05696132809,0.0,0.0,311.2877458328404,0.6683123263680859,118.68884854763036,123.83129612604068,122.0500820855402,139.5109701313371,116.58233809167885,145.31599045864874,153.64115760469338,153.02000019848418,118.9237002418331,141.8206462236101,31.67193161859326
3341,2438.5689155838254,2688.213963417339,0.7441681676950141,0.725032565797081,0.3289149940254014,49,0.0,0.0145062298175331,1.3067980380488433,-0.290521184448045,2438.5689155838254,2688.213963417339,1098.350602761637,0.0,279.1499928937419,311.227393713211,0.6686778356826156,108.54836035637157,111.54896243120004,105.45063604143674,87.15230226197801,118.34856851182593,103.68321487599216,111.73503588955029,117.08984092615103,108.59861265227357,107.70665601337976,18.488412801477928
3342,1258.527484990786,2691.22856037963,0.7925724333150904,-0.4371895172237942,-0.03064688628579287,49,0.0,0.048439553291713934,5.393292161366353,-1.829634867998561,1258.527484990786,2691.22856037963,1356.6327311462292,0.0,0.0,311.71909114188634,0.6699441857445644,112.52766839775717,114.05480352145311,144.0923891826068,122.07309753274488,144.61134861181444,140.10276125104355,145.5205874107025,133.33537584113972,133.146392614387,141.97349661571417,25.194810166865864
3343,2425.3187789513195,2691.9415875535065,0.7698002386877046,0.6311864699064761,0.12653320161473564,49,0.0,0.06867569449281453,6.8921811719191854,-2.095891712614175,2425.3187789513195,2691.9415875535065,2169.9899070016254,0.0,376.3923559594912,311.2329145698709,0.6702312765265768,179.1599856994887,198.40700418501257,210.79600130230727,248.3400429990111,237.86776440880863,205.04967193038883,210.01095529613264,234.11622644667284,188.1202639218597,223.8661113697559,34.25587944218715
3344,2555.591301405493,2694.4319973863076,0.2814862437905762,-0.2428307861174382,-0.12158395825208466,49,0.0,0.01060585767565404,1.0557846259245194,-0.0589383340544715,2555.591301405493,2694.4319973863076,2550.364284590404,138.4762618602082,1958.9606768364697,311.1786345985823,0.6712647476113629,233.11147155263228,224.85696431816928,263.6584362849972,238.40252778341107,269.82392073623123,233.58118547504847,294.33635580499634,288.6934426155659,249.54992993378607,228.4950704781013,25.854979607465175
3345,2108.0486779938924,2694.7376979998076,0.5701636219945324,-0.2055708490325734,0.0734821032017182,49,0.0,0.15249683578368825,21.779660102159127,-3.345127744459795,2108.0486779938924,2694.7376979998076,3181.292095280686,0.0,0.0,311.3651121488023,0.6714037324523899,305.9364626374286,337.3250942009129,280.3316538417663,294.39558623122934,337.9142270588411,315.4480455151687,276.4213868626772,323.94119491711945,329.31882692159195,316.005453221035,64.25416387291621
3346,1015.2008685582753,2695.913975681572,0.3960012122904839,-0.6061400234679484,-0.06790586450205033,49,0.0,0.009490098727119107,1.1320172080819082,-0.13463257180866656,1015.2008685582753,2695.913975681572,947.520854109622,0.0,0.0,311.82047982587204,0.6718923041882484,86.0215806588141,87.28060834390874,108.40792259410182,89.84288240797639,91.70468511129357,103.44110085476784,92.09344249384985,78.08701045722263,88.95149348331876,103.13113953061591,18.558988173752304
3347,1888.8012185538726,2696.2919627368515,0.2219406171639251,-0.4389343211145291,-0.6983840767591422,49,0.0,0.00806273702928463,1.0131287493696737,-0.014161598563022206,1888.8012185538726,2696.2919627368515,1250.6532200937363,0.0,0.0,311.4564678475526,0.6720543979858808,114.61101536875826,116.90026351309072,101.39373018421554,138.30945561415535,135.05964719343115,119.06712141164581,107.54913545929784,140.07703743077275,124.84361009597697,132.22726501891202,20.61493880347995
3348,2224.6709418135483,2696.1195124857227,0.5402825200254661,0.5595498891335687,-0.2980877240134316,49,0.0,0.020374853868737716,2.186745211523295,-0.8494954604797671,2224.6709418135483,2696.1195124857227,1235.768934037922,0.0,0.0,311.3165185568977,0.6719771029578838,119.98332799712794,124.56592753634567,116.37896894056418,111.15741939192401,132.51890494934037,112.34719176955001,129.72996988771052,144.88534997588533,109.7025559856768,123.3359145164951,11.163403087301969
3349,1351.4472153846716,2698.0182547245454,0.5603440087014286,-0.4165496839935568,0.17278805084777757,49,0.0,0.03302268900145778,4.3390816482750765,-1.59349455575729,1351.4472153846716,2698.0182547245454,1301.7101070067315,0.0,0.0,311.6803733582787,0.6727740141724604,112.41570078537364,122.64606137022992,131.51615838733744,116.36049284646617,137.4074975474419,137.66126955287726,116.46186736852297,127.38489504234617,125.67855845618236,149.21102000550783,24.96658564444588
3350,1682.1620270503217,2700.501442374068,0.6586143819698084,-0.1917953702989923,0.13028569981569824,49,0.0,0.16228910430999657,21.69100358413415,-3.340699115278522,1682.1620270503217,2700.501442374068,2882.812274267574,94.46692858160728,0.0,311.5425705241914,0.6738095942560802,207.22878951939472,262.69069117512447,295.0461666412896,307.9278613132472,284.3304084465468,298.20166209184634,294.2737203407306,294.0011387482143,265.60498505097746,291.8312991588878,81.67555178131497
3351,2388.246767388498,2700.258467866306,0.7739000705933736,0.1606176956793646,0.28250704674563015,49,0.0,0.017678582076640702,1.482096416385809,-0.4271911429515337,2388.246767388498,2700.258467866306,1098.7581691861003,0.0,0.140705093612156,311.2483612058643,0.6736974259247801,88.75113845960732,105.21726218067575,104.16307763612646,110.31384873922329,121.37212310378726,119.16641979459575,120.66297251477474,94.77836580699321,110.1451809037584,103.35240864447589,20.835371402082252
3352,2552.4051923294764,2700.056709379085,0.5123244682579648,-0.5322554059254645,-0.41949370059307073,49,0.0,0.01707884728445131,1.5554161609605244,-0.47961651753579887,2552.4051923294764,2700.056709379085,2475.547489148875,77.13340278056525,1654.511339523457,311.1799620682893,0.6736082802309145,195.04215219678434,228.0770472536294,282.8201486475763,228.66793961138202,293.56260267862,209.93148806543974,225.84183047030655,256.57293249585746,213.39505734658673,313.4419045228229,28.19438585986918
3353,755.9164850791084,2702.3660142397553,0.8012523121426174,-0.6620496813802199,0.751059702733417,49,0.0,0.014590161680545152,1.012723483989694,-0.013727202318120375,755.9164850791084,2702.3660142397553,1617.767748552617,0.0,1208.8114729823214,311.9285160960491,0.67457384476471,125.73252810696118,138.916225174346,150.89563095494717,145.79669938669798,151.39634074216292,182.41495024961506,155.66029111168035,170.01522063032195,175.54444853971174,195.39877223808384,25.996641418088814
3354,1941.7165522181451,2703.3160458532147,0.7125563733324356,-0.2321920524590008,0.040015557370822706,49,0.0,0.0740923256504778,8.570111953624261,-2.332466238157958,1941.7165522181451,2703.3160458532147,1921.2371869536237,0.0,0.0,311.43441906360505,0.6749803112904689,193.63879028727212,209.46097239890526,183.46940414302495,189.08263966249052,177.88033767860244,208.83605984850945,169.08681587338242,177.39332898279156,183.52670291926393,196.9637163784538,31.898418780927162
3355,1918.6208644855387,2705.048682688283,0.5582888767191165,-0.26372177595609797,-0.03298777889312964,49,0.0,0.3618959805358616,52.68145837682554,-4.30414447249359,1918.6208644855387,2705.048682688283,6696.029076427656,0.0,0.0,311.4440425635352,0.6757024666523611,600.7882375971903,663.2549148184619,723.4187955286451,639.5318164177041,632.5827430613592,640.1030378410927,684.4087692015663,689.2110649928559,644.1629401930509,662.423923904794,116.14283287093545
3356,2077.465164718565,2704.7631034863534,0.34255450771997675,0.09157432274676337,0.18576192000141387,49,0.0,0.013067019390039594,1.945848895038786,-0.7227727802229236,2077.465164718565,2704.7631034863534,1019.0274910591968,0.0,0.0,311.3778555329792,0.6755812272307106,90.96817360401255,101.59585283735751,94.67161560565752,108.36434692287091,92.75107775524825,114.73642035842612,98.3123838369702,113.87844178133967,99.5578530364596,88.24075843064671,15.950566890207735
3357,736.5864055730464,2706.4103972012836,0.5695235667127703,-0.23773770021806798,-0.7271952543197803,49,0.0,0.010848197810743502,1.2025575360905543,-0.20026466065805243,736.5864055730464,2706.4103972012836,1327.9249758060257,0.0,717.0845979465647,311.9365703244922,0.6762582734366722,125.1043259664928,171.5807972918293,223.5546421709302,101.54713747287708,187.46046618958803,104.72880990441334,158.3840790813546,78.57836071798172,76.18920048754366,81.95104873272109,18.84610779029385
3358,1891.8304112604862,2706.4476198646894,0.7329237999098427,-0.6790500344902587,-0.07719075580478643,49,0.0,0.037148900605742975,3.7804163282244128,-1.443849075713515,1891.8304112604862,2706.4476198646894,1674.0497803013427,0.0,0.0,311.4552056090577,0.6762856099010913,119.60449434772947,167.87456857708526,147.55066559980978,173.38897723773334,182.7738340758126,148.25336387843413,188.38536798747583,170.9951106882726,183.58769412350603,158.39967443903865,33.23602934644505
3359,1535.6795369423712,2707.788377329143,0.2254828114106913,-0.5898824688552734,-0.1691455382667531,49,0.0,0.007063005974130887,1.018190667456177,-0.01957278014541389,1535.6795369423712,2707.788377329143,886.7325977409778,0.0,0.0,311.6036071624246,0.6768456652026875,97.67829151816885,83.11084694128056,83.71950876564938,97.68222778450078,84.19756200871095,89.56013744379062,85.3609099611069,91.41526140197911,85.94134895426079,70.54739504542596,17.519107916103827
3360,2353.3437893708383,2709.502530930281,0.6465892835660828,0.15358421852683218,-0.03591742955017723,49,0.0,0.026759718264066302,2.9099276919559838,-1.1597054936205478,2353.3437893708383,2709.502530930281,1328.7953049614655,0.0,0.0,311.262904117898,0.6775497705756292,109.67093441791468,106.68273153082579,133.36866802512176,159.38915033884473,119.0356843150531,134.67338919177035,154.0027904767128,138.2442583060982,124.22028236325019,129.57664202619628,19.930773969677638
3361,1598.643533603723,2711.309926496811,0.604251685500843,-0.5403185225945657,-0.04207199371653069,49,0.0,0.05301928632361029,6.9901685195148415,-2.1112191146908064,1598.643533603723,2711.309926496811,1587.8400261446418,0.0,0.0,311.577371185797,0.6783129570528414,158.09721190109954,158.61673605372863,144.85720716118655,138.99547237177586,165.72991957435755,160.3246793887724,155.02083014391914,176.81002490516192,145.08332232221335,155.3460380146479,28.958584307778764
3362,2583.39765254979,2712.1046765875462,0.3943263891615441,-0.10964188861339512,-0.6930319696375051,49,0.0,0.007346425360303003,1.6336124816912545,-0.5328726075061571,2583.39765254979,2712.1046765875462,552.8696879417919,1.0613814102039494,128.24711599204971,311.16704856777505,0.6786267458694819,0.0,118.08440080046438,28.62086403335927,29.549510932372414,109.92175332077258,70.75292932079721,47.92070476556495,30.603906993831416,51.06940567691836,42.085332937308166,24.260879160403086
3363,2002.2729889151528,2713.1938218283713,0.6319300626311243,-0.36827683151055773,-0.1279223132227868,49,0.0,0.011085141696240445,1.0422487380217842,-0.04492844486281466,2002.2729889151528,2713.1938218283713,973.7668910488072,0.0,0.0,311.40918641480414,0.6790949636176674,96.33897605170439,75.45236509570634,109.72260525532324,116.56187159296384,92.68547623082543,76.18372618947453,99.3882882373417,100.72001877950109,83.01553410531974,99.54644582227883,24.15158368836818
3364,1331.9643523130092,2714.012509653999,0.5766919501020654,-0.43107339729547356,0.014484428873769228,49,0.0,0.028963175213575425,3.799124969428745,-1.4492089489701492,1331.9643523130092,2714.012509653999,1193.9947336507735,0.0,0.0,311.6884915391712,0.6794376642450054,114.82139711244571,135.09674539279735,117.64372120692974,129.34194406740679,105.74972287503498,110.22397356404012,118.81091052814817,113.79997542608425,126.78346733480282,96.62262834975839,25.100247793325202
3365,2045.567833159171,2713.984200677023,0.3590189268399841,0.04455544662632207,0.07508870498256667,49,0.0,0.014065935398177161,1.92294937705825,-0.7099196282331657,2045.567833159171,2713.984200677023,1318.1154650026883,0.0,0.0,311.3911463869758,0.6794236064842618,135.53055951452885,144.89999082472906,127.28286038539946,128.91395270406434,126.75556681986087,135.28561922094946,128.55896911625226,124.07410791839607,122.48658565360316,117.61042058248056,26.716832262424305
3366,2234.2967130537504,2712.4767301106203,0.6146407913682852,0.2478246662882265,0.3495954642313412,49,0.0,0.014324631625467859,1.2307149385561014,-0.225393680361406,2234.2967130537504,2712.4767301106203,1147.1011922296918,0.0,0.0,311.31250763610075,0.6787918836437393,114.99087703115742,124.90154196247505,98.31831023894088,135.72677176031118,111.62707578748768,108.0665502463583,98.23205478238367,103.79543471637757,105.13823243836713,115.80149235368106,30.50285091215197
3367,1258.8876135379521,2715.210147217354,0.7073500569672225,-0.7014174600590884,-0.16913761324373466,49,0.0,0.0455809366020393,5.546579660008786,-1.8600631367740064,1258.8876135379521,2715.210147217354,1294.277425002035,0.0,0.0,311.7189411770808,0.679935844559223,111.49887383739724,127.794747844661,115.64154406667916,125.10332973202227,116.84625171345192,120.62967700485686,112.80651889398177,153.70128813253388,139.02856314271278,141.98092532421506,29.245705309522997
3368,706.1535606457701,2717.0943786412904,0.29470687005473734,-0.21206764945967133,0.4702333090518627,49,0.0,0.00882877072995829,1.8676074159146197,-0.6782139744079013,706.1535606457701,2717.0943786412904,1346.505998624258,0.0,244.6307261548426,311.9492507403019,0.6807085907450623,140.25150169416136,29.45793250497143,137.05523804078877,90.20043451910612,417.51908113732367,57.55295908836012,55.246041315502,34.73232511055585,126.38707087978068,228.32616772771212,29.77724660599589
3369,756.6809115253519,2718.057231306337,0.5246339848523341,0.35832062523186,0.6880348535040414,49,0.0,0.021621284785869353,3.0444669006612437,-1.2087781419540857,756.6809115253519,2718.057231306337,1660.2108022576213,0.0,861.2192092348661,311.92819773607744,0.6811113260538629,158.45003092657947,159.7208008764121,185.64373848953704,179.79618807422068,201.91357187608,196.84010653283264,125.81820804779946,149.0156518845758,103.02980489916189,176.52826321313265,23.454437437289386
3370,1515.9420717232315,2718.4095458166726,0.39843537849451033,0.20388819450785728,0.6101780361540907,49,0.0,0.012025980693224823,1.5446432992663985,-0.47207051191705657,1515.9420717232315,2718.4095458166726,1119.7461487829548,0.0,0.0,311.61183142129306,0.6812708087708832,119.74056987449418,110.9299250040587,114.4636253193928,95.7230050675366,105.57684239283535,93.43958073735084,116.73165290260454,105.53959002463185,124.26990281454324,115.27416947457574,18.057285170931028
3371,2120.706059435994,2720.24775713559,0.5781069035769772,0.07009334011563939,0.25392478236641663,49,0.0,0.04539602238055062,5.405557256866809,-1.832101179630485,2120.706059435994,2720.24775713559,1695.3947027850909,0.0,0.0,311.35983796715084,0.6820319279389584,138.9464315882941,175.06671638529642,161.00198449515477,169.08942085224166,174.35348223463444,166.07578567748618,160.87224255072658,177.09686801198416,176.27202685178298,167.1347685907044,29.484975546785165
3372,1687.2560584609257,2720.0483144918603,0.5779651109791318,-0.9907286159485701,0.015603658649792128,49,0.0,0.010074173566120132,1.0862487976413053,-0.08982327185116196,1687.2560584609257,2720.0483144918603,867.4873587244058,16.399935042063618,0.0,311.54044791370285,0.6819535769409428,83.69174562992191,96.22316485746967,78.67796585420277,85.07947712764401,79.85281505622872,96.80392941107979,100.10481604086559,58.66552425932839,89.44543953551818,81.6654272723025,17.2770536798443
3373,1616.228225948538,2722.2357776170206,0.47925001214139107,-0.23639864062566532,0.02024415946642808,49,0.0,0.013004705459601749,1.7001147268340182,-0.5761955733717936,1616.228225948538,2722.2357776170206,1026.378904547734,0.0,0.0,311.57004395429544,0.682865090634996,83.99372201083413,106.58497303116056,110.72410973723603,96.95144575287489,118.66443601368826,90.89526737138999,94.10964833596552,92.39302103394266,92.54269020812531,110.45204990733103,29.06754114518559
3374,1846.1937337043735,2722.8755421486035,0.48458501113968516,-0.35732388119452074,-0.03457265862967427,49,0.0,0.029039845978078235,4.099163599329975,-1.5317381288410281,1846.1937337043735,2722.8755421486035,1273.307687979658,0.0,0.0,311.47422148236683,0.6831305555099155,137.86632199226653,123.50965803573635,120.55464338126693,122.02478820615946,126.01575867622945,124.84280303496925,125.49019192141692,118.40962287506389,125.19252802382246,132.1000949115882,17.301276921138808
3375,779.9174183232406,2726.1335672737837,0.5646387786621556,0.03067603815715914,0.530689373268577,49,0.0,0.011357746123900801,1.127160844990433,-0.129964734896737,779.9174183232406,2726.1335672737837,1359.2178543964023,0.0,945.8909069505272,311.9185159240124,0.6844768787807082,109.95516295499914,130.98594781391944,144.1992953379368,147.28986113755118,138.4951219870186,142.76764312850784,149.6602845868228,131.971220116648,110.12435841176674,139.3192374423504,14.44972147888117
3376,1507.586588147608,2727.1247935277975,0.43458551597732137,-0.35813505627491565,-0.00447774107548231,49,0.0,0.04307089362221088,6.815692206451954,-2.0837749241524253,1507.586588147608,2727.1247935277975,1709.6319954880737,0.0,0.0,311.615313011633,0.6849018925812537,155.94961240784534,139.6764488656308,181.38121665022635,151.87716471317447,171.9447625643212,145.06454280293357,180.5411240961674,187.19360395645435,188.32043938618432,162.88621710212453,44.79686294301126
3377,840.3829276181322,2731.5238800325137,0.7645452956982977,-0.9981484199912024,0.3157452998653411,49,0.0,0.018042405492844804,1.4184215347440814,-0.3795132904597484,840.3829276181322,2731.5238800325137,1466.7090665404216,0.0,771.5969755968633,311.8933218874051,0.6867243867146196,149.9822442690147,170.25154914656432,143.9701211115633,159.42854773177004,129.02179221010454,167.9063239814932,134.6801233183749,143.22068524600883,125.47073565137669,125.80388358250197,16.973060291649116
3378,786.058979651395,2730.590119131501,0.36624944103306206,0.33951860578289617,0.9327140141649969,49,0.0,0.009007908274118565,1.192026503375911,-0.19071477890892916,786.058979651395,2730.590119131501,1365.7713984929935,0.0,909.0325265089879,311.91595697505994,0.686333799649637,111.5476371938052,135.14928272796215,129.8833414870071,151.12612203692893,168.9741636991413,126.8114323617636,145.44151590381915,163.91970131051193,92.55516378920126,126.92126918218824,13.441768800664649
3379,1488.232303995668,2731.9949842739056,0.7851278421779695,-0.08111983594842935,0.20207565510363643,49,0.0,0.017899697718716297,1.7881535408649374,-0.6310120175360229,1488.232303995668,2731.9949842739056,1015.7585334509874,0.0,0.0,311.6233776039581,0.6869309293358243,95.61185337702133,88.13468616521067,91.34437077508662,111.21442144467781,102.04838991160437,95.47457714637343,91.62055244757296,104.39988887952578,104.97510799497165,111.82559063585023,19.109094673092542
3380,2308.1157196699087,2732.225641991426,0.4177483993822995,-0.1443956064097163,-0.019935523453909483,49,0.0,0.01857050592218362,2.149759350871434,-0.8309746167214721,2308.1157196699087,2732.225641991426,1388.6669377399235,0.0,0.0,311.28174913694755,0.6870181630740734,131.54172750290803,148.52719672739394,125.68342463797998,140.8234368620952,137.062984503289,144.0675236004128,133.04873137617233,127.08933776154736,124.44842439429935,152.4987986749134,23.87535169891209
3381,2413.084544884392,2734.3732030948786,0.33501209934747456,0.577643685015769,0.07929340026992363,49,0.0,0.08486007491098894,12.122357762273962,-2.708967742554192,2413.084544884392,2734.3732030948786,3634.261309581446,0.0,2184.318427024021,311.2380117819746,0.6879100051222465,333.949509468726,393.8117995999959,357.40786900827766,347.70315696239265,335.64675110262874,378.81947133489206,343.98164380275284,336.0097348010039,383.17839325567,341.5683840287511,82.18459621635492
3382,1281.4706082455832,2734.6152209525917,0.6125829889526139,-0.678909527308291,-0.2365999031001473,49,0.0,0.016267760017855126,1.8455148375584858,-0.6652938529593329,1281.4706082455832,2734.6152209525917,1074.6960422008103,0.0,0.0,311.70953136739536,0.688020997830628,100.02969647482908,113.18465843925893,105.64947038642566,93.97763060729707,121.02384869433085,108.9398120128188,115.2125843387682,107.90353426284192,92.07434436712477,96.09786401372364,20.60259860339133
3383,948.3856731124592,2738.5894021886675,0.8798841239594763,-0.35091126695159874,-0.22614003771328414,49,0.0,0.014005206573937628,1.0729953858303112,-0.07649463596626846,948.3856731124592,2738.5894021886675,1211.4181456236556,0.0,0.0,311.8483202746048,0.6896708903167145,119.39924042913273,128.10360892452604,115.80599270950336,110.0970161503704,124.51015772666952,118.1110455840246,94.94958190196837,129.49567537141138,130.7814365479997,111.8989758331637,28.265414444885693
3384,2298.211020034185,2736.679596152771,0.689817861210617,0.4497884039871959,0.3677224962720393,49,0.0,0.012385429626512418,1.002512561469696,-0.002724557576673199,2298.211020034185,2736.679596152771,1167.0439535732219,0.0,0.0,311.28587610887706,0.6888740800873882,96.66872980520452,106.14381694356001,117.59311034996466,112.14969371879874,144.9588383219746,133.145961465048,115.39195035795655,95.88326591555534,117.4079329538254,112.06723585886566,15.633417882468299
3385,1941.5369387894054,2738.7266276932837,0.5680335068326773,-0.308933729163388,0.11227252320222512,49,0.0,0.0189762127843402,2.3831600426981088,-0.9428830216516584,1941.5369387894054,2738.7266276932837,1081.1285150400001,0.0,0.0,311.43449376722947,0.6897336974909258,116.60314610550594,90.09447743058388,104.46621192114736,106.48737365149985,115.18846383582104,119.31990677910926,100.1675632666491,96.70429694243403,102.66248126272379,114.62571119226753,14.808882652258566
3386,1973.3294975537565,2740.3642760685652,0.38920599318937066,0.1764341350869986,0.06355753984080062,49,0.0,0.018975080870293773,2.5849245058453256,-1.0311196595095617,1973.3294975537565,2740.3642760685652,1245.6973060757798,0.0,0.0,311.421246444016,0.6904155877391369,103.44287088704044,104.23989313874183,124.09141474694042,113.5619557150324,139.74259916093743,144.7074272275741,122.7984810750147,137.39642483528883,128.11646438256798,109.58940304539819,18.01037186124359
3387,2048.7289570737576,2739.6056952693975,0.5048115052533941,-0.19746552359293607,0.026014488483916385,49,0.0,3.234316156209365,466.1269751668771,-6.671260591632758,2048.7289570737576,2739.6056952693975,67966.59012823724,0.0,0.0,311.3898290855972,0.6900984056219144,6027.17351948597,6601.705012182536,6555.575618268038,6774.7379150758825,6793.21860531102,6802.277122455558,6818.997062507493,6765.59892585554,6698.341872358396,6748.040122942708,1380.9243517941086
3388,989.1957382991,2741.270843292894,0.5430695411853712,-0.8880626637810721,0.12198420155154156,49,0.0,0.13007525229596348,18.366201921859457,-3.16004838682864,989.1957382991,2741.270843292894,3369.7238026102273,0.0,0.0,311.8313158089018,0.6907890099436708,322.2128302313291,345.20982822784094,349.57416959369897,319.97927461934705,323.24749732125383,326.0584773316707,348.81396203760573,339.5759308252718,297.7029280856986,344.1883666425181,53.16053769399272
3389,1397.47120330496,2741.2773311506126,0.5075592127590758,-0.6975876458346748,-0.7422431786371064,49,0.0,0.015143887732497821,1.5163117570845261,-0.451971255980615,1397.47120330496,2741.2773311506126,1496.3459710502457,0.0,0.0,311.66119613746145,0.6907977858615306,150.27017722477146,163.7288122201627,140.83097499453442,153.0095257848318,142.75015972127213,163.75874442773187,146.31448202681727,147.29336102564264,152.05325084389804,121.31533642795985,15.021146352623333
3390,1403.8608616273661,2743.432086713817,0.9062224316306331,-0.7588274081729096,0.06574912999629247,49,0.0,0.03452961300235475,3.2663323793011743,-1.285150940248145,1403.8608616273661,2743.432086713817,1491.3651355929,0.0,0.0,311.65853368838,0.6916955845054826,137.84663334683177,155.54524688117468,141.96623620999674,160.28970790617882,147.13412019964483,154.55505890853595,141.77658481338895,151.71483571915465,147.28006250947374,135.1687948394653,18.087854259054595
3391,2227.418772313313,2744.171270789952,0.9116016011260498,0.052141935423006346,-0.28436594719222835,49,0.0,0.018499507152079174,1.5607404754329068,-0.48332673322015046,2227.418772313313,2744.171270789952,1159.1411604013206,0.0,0.0,311.3153732654955,0.6919970723170316,109.83324036197047,117.46962822374438,122.86780335908158,127.89509523453974,121.05379774655395,89.07277121777089,112.69068901801808,116.37542542760458,118.90227204038372,109.23831980332577,13.742117968327513
3392,1131.179319276246,2745.2433257533253,0.5637837265802044,-0.7883197968146427,0.011078011618612178,49,0.0,1.0286138732552996,146.54892501049835,-5.41495659269661,1131.179319276246,2745.2433257533253,19568.252879854557,0.0,0.0,311.77215465917607,0.6924468895289495,1704.5182923524408,1869.9856530151997,1933.9580073402221,1992.2103768499842,2025.8259113348695,1918.0416626456627,1896.6799401380013,1884.8181525698392,1967.5434936032964,1968.548704149869,406.12268585517234
3393,1940.051378301944,2746.980771520762,0.2968148010474997,0.49032138819024296,-0.04464807380496461,49,0.0,0.009024813299475192,1.3224154307672422,-0.30341977052895197,1940.051378301944,2746.980771520762,1043.166054692101,0.0,0.0,311.4351127386811,0.6931726947046581,98.7019306346955,86.48919090171721,109.99038542135112,95.70709274502708,100.91663271779703,97.30771621154014,114.34713882193928,108.2792374691273,94.86670817592473,119.50349929475327,17.056522298228323
3394,778.7559462222773,2749.5003856770077,0.8118181992733096,0.19616363108116805,0.5401932649779525,49,0.0,0.013492875813100321,1.2452018909638527,-0.2380994288266743,778.7559462222773,2749.5003856770077,1351.3832350141815,0.0,661.7561415499421,311.91900009061226,0.6942121787925954,64.03333291292967,167.54273499818106,104.72733540301542,172.79139911433725,209.02338798893706,123.9219904129151,106.40881022374741,96.19638270970816,209.80978359735465,79.16198720145195,17.76609045160386
3395,1427.7257307279606,2750.7820157111105,0.6267226115799976,-0.3217692798789448,0.06976571669930735,49,0.0,0.14038682367473931,19.089883421836856,-3.20200819062697,1427.7257307279606,2750.7820157111105,2727.326146958714,0.0,0.0,311.64858964418823,0.6947580008323891,241.14263694354452,261.5352959473445,228.6931192687041,268.9326231051763,270.899466200648,292.22771367212977,296.11009923840123,272.161396968517,243.30616676591814,303.8484255425992,48.469203305731206
3396,2512.0390120051543,2752.9368013607573,0.4726780832189351,0.13121711635468306,-0.3364947367075926,49,0.0,0.008225113540031751,1.1661311231673592,-0.1668684662511486,2512.0390120051543,2752.9368013607573,976.1112983516916,0.0,619.2354942319812,311.19678061320644,0.6956410300890646,136.5378538579344,81.05868775351561,86.0205392472202,84.33869933129165,114.36037701798497,77.26352117006269,77.34291728561485,91.87754423629431,105.83909123949587,98.52653983006033,22.94552738221656
3397,2325.8685862910243,2756.00100379494,0.3664652545826141,0.6094731844265447,0.08070415723872469,49,0.0,0.058063690485354286,8.423229001715935,-2.313696519961552,2325.8685862910243,2756.00100379494,2520.9098837563415,0.0,385.07240556894544,311.2743518322121,0.6969232787419555,236.99148884475358,239.30916421234906,220.3886146671038,268.2957878532068,245.4410469973938,234.8078329834144,256.1733867865401,260.1640518269322,256.78872380659004,261.3042032668796,41.24558251117831
3398,1351.8005330086646,2757.0986273526505,0.8316927098651414,-0.8729484493885965,-0.21302773300606614,49,0.0,0.014149402200764018,1.2657830028299384,-0.255898148976104,1351.8005330086646,2757.0986273526505,926.41593892277,0.0,0.0,311.68022630507926,0.6973891450071802,98.91700294680398,85.8951134762507,91.50868501274678,91.90813716321384,83.09238022640218,97.02051531681121,86.68364913829555,96.7985799936002,84.34781745426889,93.43340932389175,16.810648870484997
3399,2475.9094275315133,2758.7843482233575,0.21347674015513404,-0.5835925557649491,-0.47544181504091954,49,0.0,0.010358838609846452,2.6811594271428154,-1.0708065969395042,2475.9094275315133,2758.7843482233575,1097.2662465492383,0.0,647.6147714751235,311.2118344936998,0.6980784741028371,137.74658085205766,215.0803972669149,88.50852410773737,80.73583782033484,57.26684037434836,105.75789543091804,113.67510750032672,124.3134106883015,81.52310371129481,76.37184235041465,16.286706446589378
3400,1601.2329251898343,2761.3309896353535,0.6253659670227316,-0.06086100677094136,-0.1492932911944385,49,0.0,0.012122050671340541,1.234516348194349,-0.22874211372492823,1601.2329251898343,2761.3309896353535,981.4261576185523,0.0,0.0,311.5762922318081,0.6991536446336715,99.56739101986894,96.47480476623304,92.00807395512066,96.52176179836586,94.42412980314396,103.20885739602635,95.4691849203333,104.19943507072811,91.95248469888881,88.07470711994239,19.525327069900918
3401,2213.5164315200927,2762.608959227115,0.3362541336687769,0.9720847705473553,-0.07925166965844688,49,0.0,0.00827435349715097,1.098219741208673,-0.10172311541785872,2213.5164315200927,2762.608959227115,990.6181404565913,0.0,0.0,311.321165883087,0.6996791416019971,96.09084315705937,103.60622827982971,85.15142540470364,100.32287248593275,91.1960778436138,89.9648263064085,111.36398251012815,86.68236643894741,100.17035869270049,102.92078899788879,23.148370339378673
3402,2456.6451103802906,2763.1461223796523,0.38025242760249833,0.9399014130042457,0.7008941037595693,49,0.0,0.023053082671708053,2.009433090667731,-0.7576838744943394,2456.6451103802906,2763.1461223796523,2610.2359302937584,0.0,1738.6081706936611,311.2198612427909,0.6998963310606862,264.4414829587616,322.3868269692025,260.4735407690353,280.34187665175534,200.53568029445316,243.29221177557474,210.7655158665056,271.6232870939866,294.1654276570832,228.12604519419762,34.08403506320231
3403,1493.6600814091112,2763.1132647902737,0.4576950751997889,0.669339100896252,0.008561094353594118,49,0.0,0.010086444383519437,1.1463222842431442,-0.14826683768894292,1493.6600814091112,2763.1132647902737,1055.7152457634566,0.0,0.0,311.6211159833765,0.699895995043909,98.27968121287755,116.33400776759188,100.56783355650913,101.12387892706593,119.67487782070953,101.532636911841,113.5998430328704,97.98896066892732,92.16411027885559,106.18904724245613,8.2603683437522
3404,2460.81557106262,2765.824077771236,0.8026764006247977,0.7201692116353546,-0.1344914088237618,49,0.0,0.03815971687897281,3.4339023757003178,-1.3394698605091575,2460.81557106262,2765.824077771236,2461.0101431150842,0.0,1668.450964770192,311.21812352472926,0.7010119115568879,260.60341070191987,296.70025676217426,238.7105720303674,262.4869544775156,192.6913370995213,190.86618509153965,188.24695569873143,284.1012488860358,246.68234298693295,262.05399080239454,37.86688857795144
3405,1113.2981569129195,2767.918506589423,0.574770240361127,-0.9019064546190737,-0.016422096974093747,49,0.0,0.7510629442457321,105.45823088506124,-5.057701203869701,1113.2981569129195,2767.918506589423,14449.869480795776,0.0,0.0,311.77960546522223,0.7018938413192651,1254.686425638074,1417.046677064538,1379.014447082281,1448.8144626918813,1411.631651841858,1428.6806619924828,1444.434696868017,1462.6253334537216,1463.8236788521917,1449.8521536628882,289.2592916478415
3406,1526.0112080490107,2767.5576539981507,0.5463566520901262,-0.6592342464562285,0.017641206586516748,49,0.0,5.271246592350462,759.7490868351915,-7.201675466902406,1526.0112080490107,2767.5576539981507,101705.61873851038,0.0,0.0,311.6076358329982,0.7017477993005373,9253.098891684696,9696.397257988483,9809.37752992924,10078.753775049146,10294.91603947549,10079.536520069647,10044.782252976554,10015.027796441027,10173.524359099902,10192.449334194396,2067.7549816017827
3407,1983.5607332774125,2768.605275009893,0.33618138355722177,0.030721055628934953,0.1083335994715128,49,0.0,0.011271116172774799,1.8092168034534732,-0.6437265317180199,1983.5607332774125,2768.605275009893,1030.906859481757,0.0,0.0,311.4169831749932,0.7021816551086604,84.22186595391315,105.45532765854554,98.8909317687196,104.49611015258631,106.84054468861521,111.64643684364187,116.10894854590245,104.18787776711333,85.94717150446948,91.41092697626434,21.70071762198575
3408,1080.3319754112456,2771.1876830312685,0.5235047102689958,-0.32600844207619384,-0.10073463151693159,49,0.0,0.014862254808345946,1.6739262110159767,-0.5593407744434382,1080.3319754112456,2771.1876830312685,1201.23870441681,0.0,0.0,311.79334174492527,0.7032552736472619,121.07474800110273,119.31774945953708,119.66522964422273,104.75270952009512,104.47911085780962,119.79729792516272,133.14958906236095,132.62482695296023,114.95208021705749,103.24429337671893,28.181069399782412
3409,2106.4821349659287,2771.0507216989613,0.8355938830495736,-0.577153044367376,-0.36595066102959056,49,0.0,0.01129137365412048,1.126931601129764,-0.12974389359048694,2106.4821349659287,2771.0507216989613,892.9765004373241,0.0,0.0,311.36576445029135,0.7031984816339584,74.08227277889014,87.1426996849552,91.48500966132453,79.70340887608252,87.10339373228614,86.22288460434532,83.4564655814268,86.45557937268318,99.89466487561043,101.8488244365224,15.581296833197518
3410,1079.6793203957589,2775.673631358145,0.5483148736978486,-0.1708740012773671,0.7344310944210781,49,0.0,0.012576992507621208,1.073103627969966,-0.07660415785621633,1079.6793203957589,2775.673631358145,1223.1346719800422,0.0,0.0,311.7936137178761,0.7051242567616554,117.99218318063473,131.88265828251934,118.94168123976851,121.87541633538189,102.2984354118086,111.05258403888487,139.4751097123742,132.20533786177393,111.65320071816407,111.78076021119143,23.977304987540442
3411,1814.4900238520374,2775.8144866522507,0.9946016764268604,-0.17546323114333104,-0.2300716863250537,49,0.0,0.016143803376303206,1.2462827788935917,-0.2390414849801215,1814.4900238520374,2775.8144866522507,1098.2803269872495,0.0,0.0,311.4874316943462,0.7051871457931824,96.0046410300471,83.8863671776599,108.68046592279717,103.68885758045474,128.07236915295215,110.2132865446232,111.50857139133831,117.10214620874757,116.18781992142522,99.01541813188106,23.920383925323158
3412,2325.762172814724,2775.6067408685594,0.5683032233556949,0.6395587462836089,0.18501313855718024,49,0.0,0.021138185905671535,2.257714535949744,-0.8841725728262605,2325.762172814724,2775.6067408685594,1277.7727389756365,0.0,578.5314023602496,311.2743960095916,0.7050916384768988,96.91588376835658,138.66883681326956,132.11150721453492,126.38584533131514,150.53739276051542,127.37737505134243,138.59162219452304,116.73224782991741,100.7559584927306,123.33936839330312,26.35670112582837
3413,2106.121540828832,2780.7606705504522,0.5762052178146205,-0.340638338393266,-0.5256629791645563,49,0.0,0.01840246682893804,2.209198539812569,-0.8605868687533141,2106.121540828832,2780.7606705504522,1180.1846482582575,0.0,0.0,311.3659146457358,0.7072439775074584,104.28475409990183,120.74743441052271,117.27860764699379,122.12092737659134,119.93473434225092,110.23674674856835,114.93254747931687,102.58941585909713,121.48796625477372,125.60067057143607,20.970843468804695
3414,1500.9753038606987,2781.8211027465977,0.8456080643443342,-0.41050608822939183,0.01912494254463684,49,0.0,0.03121806297980449,3.0348369828405746,-1.2053384194555279,1500.9753038606987,2781.8211027465977,1362.9486057874317,0.0,0.0,311.6180678784776,0.7076903872438236,147.95514776298802,129.62896109429622,135.9220056336498,143.76132673977588,133.80876442740862,119.90874458448326,129.12436188806072,125.80107796332966,133.8902624491981,141.4619619519972,21.685991292244374
3415,1401.051501447042,2783.687319403474,0.6205810579725151,-0.8337991316655442,-0.3795022734180883,49,0.0,0.020304859815711635,2.067751069885195,-0.7887456355199098,1401.051501447042,2783.687319403474,1138.9032184704945,0.0,0.0,311.65970438906805,0.7084673601943838,111.30402143978469,128.62819688604088,110.22401009580517,78.94430462851592,122.80218009007645,118.64406673436798,118.86160911889675,108.7054157779853,106.2337640995971,115.22332815587657,19.332321443547766
3416,868.3698966906297,2787.812916903343,0.6061579299331338,0.06314197934248938,-0.5045862774854143,49,0.0,0.011378151985160153,1.1907763845134296,-0.18957553282132572,868.3698966906297,2787.812916903343,1281.9207926933173,0.0,939.0492253235457,311.88166102012525,0.7101769112269966,104.33966941272757,124.61277608348229,123.42529594815946,140.44904640358803,149.27142616521354,122.0792930916963,108.70883271142527,115.11674522230314,154.37631080025693,118.59157218179573,20.94982467266896
3417,918.7478337242567,2790.4229626372485,0.5721810248870309,-0.6971083511303514,0.342266498782574,49,0.0,0.015127021707847058,1.37968295605982,-0.3494482481538146,918.7478337242567,2790.4229626372485,1710.9488451450352,0.0,1046.3300294811102,311.86066995825604,0.7112656731933686,146.6514444611634,153.30556571230068,169.13783193110584,187.07517454144636,159.26371532200557,187.19073051848306,172.24698893830202,168.4058434197397,158.32606284975344,189.004415854637,20.34107159609803
3418,1567.9585550162062,2793.012141748029,0.9855354104357446,-0.4308443351124876,0.4096898501817325,49,0.0,0.014006675386136258,1.1282826720578778,-0.1310447959613022,1567.9585550162062,2793.012141748029,934.1851035438979,0.0,0.0,311.5901571024616,0.7123531381885337,99.64912455027107,71.39051628780791,88.04604216343321,90.21090558062204,90.76995280386022,87.54547310654877,95.8632815059697,102.10261394007361,88.22903422227446,104.09591076450351,16.282248618533412
3419,2263.712672173737,2793.0538657194106,0.41808604404738775,0.37990819448237606,0.33078515908865924,49,0.0,0.020127582252905483,2.296440082712078,-0.9026377963998962,2263.712672173737,2793.0538657194106,1456.3882425061092,0.0,266.18578444610387,311.30025019065437,0.7123622567492853,109.88368915363061,149.36045223870826,134.41356584835552,148.67700034035286,150.40065715139735,149.6108083949366,166.9723492244014,130.7818923057447,144.56229298731105,146.71513417568272,25.010400685588092
3420,1492.204225461992,2794.982850932495,0.9903592802863433,-0.4730853567485669,0.5002308333699191,49,0.0,0.015057670637964003,1.184913010086524,-0.18421616990297796,1492.204225461992,2794.982850932495,971.6618139943646,0.0,0.0,311.6217226525639,0.7131740039476641,97.0458217481944,87.6641700429212,92.8895166417896,93.37443895885811,98.8617611966891,99.7130920256925,98.45628676698523,91.60281430811787,93.28450893599808,99.59998487927373,19.169418489844787
3421,2200.0700179375367,2795.15164241146,0.6062272440532118,0.5521597021611704,0.057993216097250125,49,0.0,0.07723080589612454,8.864649464460584,-2.3691539173380063,2200.0700179375367,2795.15164241146,2757.2486460072205,0.0,0.0,311.3267684418228,0.7132377699865415,245.6864525769003,296.1608925724323,294.889283133926,266.0901552338701,268.4522625947252,286.76296614508016,263.92975031633443,257.1798147905419,276.78905240770234,246.74168917195266,54.566327063754784
3422,895.5611072297011,2795.504421675516,0.629277512141446,-0.856466021825497,-0.21456846480574313,49,0.0,0.012911969051185433,1.0110104861061255,-0.011889150190187525,895.5611072297011,2795.504421675516,1436.0190369566442,0.0,1180.1486383663266,311.87033127221525,0.713382156079729,125.57135609206038,120.87623855174292,166.44443355695017,153.5933771184163,135.85189520156894,139.15955118895386,136.3695145313742,139.7687378791398,139.45488664677157,155.94226816203513,22.986778027630834
3423,2429.8100259514385,2795.917954743645,0.20997401574315,-0.37268321499449014,-0.35454324280042676,49,0.0,0.006518943176371206,1.2213812548503191,-0.21712812594030825,2429.8100259514385,2795.917954743645,1148.7393796003294,0.0,676.9694740037202,311.23104223286225,0.7135508461020938,205.78570087717137,125.5725641017547,95.63847256852314,114.04911165048729,81.74989765948382,135.74225290261126,113.46113662545758,74.92822112033537,75.57817491951421,106.79479009495114,19.439057080039465
3424,1295.1793031975405,2798.0187646725035,0.7317175872712338,-0.2542846810336499,0.36842974466291567,49,0.0,0.012169779269615445,1.023575225375928,-0.0252994141869124,1295.1793031975405,2798.0187646725035,994.3426577039244,0.0,0.0,311.70381944365465,0.71443733244888,97.13323195345876,83.9138100471318,96.15224301260045,101.60877718427092,104.47540961448182,85.97709233947634,96.03984508871567,100.073131704112,105.83197509526254,96.13053834863982,27.006603315774214
3425,2071.9437592338654,2798.358816393815,0.24234482826893042,0.20139063177183614,0.3725147778235405,49,0.0,0.013298295892129858,2.218042873224843,-0.8649248412607811,2071.9437592338654,2798.358816393815,1155.375927412284,0.0,0.0,311.3801556741121,0.7145765714383582,92.901333892155,123.16891703085636,107.07265669335443,117.32330711310075,117.75043609701216,117.81063877510655,126.07713024269955,118.81857328478492,105.07503511024561,100.43615423136337,28.941744941605357
3426,2465.727080865403,2798.884772481364,0.9638459900797474,-0.19175118545817366,-0.27118748897637385,49,0.0,0.021115404004306063,2.2106052680585413,-0.8612780016202354,2465.727080865403,2798.884772481364,1343.6783249221617,0.0,235.48072138713826,311.21607673718535,0.7147857537570064,81.46852244880205,76.68142229443362,89.49802689653055,20.970540837351308,53.560128571514056,44.26669251686546,747.5062413667125,43.97775722460521,48.88659263782924,97.63195613463016,39.23044399288716
3427,1362.4092685114429,2799.5769785086127,0.5519070543599739,-0.7267792844104729,-0.028591302467266756,49,0.0,0.9828804128051526,142.17454281643705,-5.3820546009685435,1362.4092685114429,2799.5769785086127,18335.200830981797,0.0,0.0,311.675805956639,0.7150872280953398,1589.6032377586384,1705.8772168236826,1768.7191274495,1820.14463667168,1891.0824944886767,1853.6509468429476,1844.4832344070483,1891.8113874973315,1776.298300428101,1824.2920611137679,369.23818750042574
3428,1552.412319217368,2801.7969832810604,0.23560544734945502,-0.24488109440536165,0.2678999442421228,49,0.0,0.00901879794748452,1.4245179695153578,-0.3841698299937413,1552.412319217368,2801.7969832810604,969.3286834848325,0.0,0.0,311.59663496205343,0.7160131876974268,88.39978182941698,83.96897723726985,95.68935161833667,101.53644958979854,95.3009949089058,94.2535971949575,127.28778129235118,92.17123631916917,83.76439337170157,83.99293097488437,22.963189148040925
3429,1678.830768896425,2804.497200982817,0.5923430894429471,-0.26279899109677035,0.08265896684653257,49,0.0,0.0638763867447514,9.049551938566777,-2.3915676923706854,1678.830768896425,2804.497200982817,1662.9746501160257,0.0,0.0,311.54395850669073,0.717138119786448,151.42930839129735,142.67621969285034,147.27464889559565,156.36293412186836,164.8136378446307,185.90518783017274,179.08431672581037,163.4476352702344,156.44415124765376,183.07206304024675,32.464547055665406
3430,2207.18114963842,2805.02754707447,0.534824532317825,0.4397783981594697,0.05832117750563422,49,0.0,0.15862970639817142,20.256606674361528,-3.2664167385393927,2207.18114963842,2805.02754707447,4986.092847660435,0.0,7.564084038517314,311.3238053412324,0.7173522153187862,454.2157774640734,485.74416577631337,462.0918791436201,472.13996299876897,499.4172336557095,516.22524502729,506.15996561158835,480.97926359574126,485.6345385032728,505.2552062883518,118.22960959570543
3431,2393.626023633924,2805.6410376932126,0.26506788007293525,0.01790861173350446,-0.5794366098103865,49,0.0,0.0074259276012903315,1.2501529111818113,-0.2424078413620877,2393.626023633924,2805.6410376932126,2565.6091685627575,0.0,1687.9110271626664,311.24611888735706,0.7176028622565109,237.18377376963582,318.0188081813392,264.54637567358253,239.92657108607514,239.70103004010446,268.9828244134614,205.28981773297744,256.1105671238188,241.98470923927556,264.9497330271406,28.9149582753465
3432,832.1848654487912,2807.520020866801,0.5204984093703567,-0.07834493426806774,0.46837264853579047,49,0.0,0.011398985444241295,1.7957817962620957,-0.6356339120692324,832.1848654487912,2807.520020866801,956.679728790156,0.0,320.34398963922933,311.89673843638514,0.7183864345434907,131.87222736586406,29.754746923705763,72.40719998839367,58.97651900428734,60.39046287373088,170.15143980760323,185.03247475802868,80.27844344770706,85.77733282818068,57.09315616246114,24.94572563019346
3433,1125.9219132970518,2808.338580608373,0.7986949040602153,-0.9684126824262321,0.02480757582040968,49,0.0,0.05075268817739837,5.132361337390134,-1.7757930618285414,1125.9219132970518,2808.338580608373,1641.7651974572204,0.0,0.0,311.77434564453256,0.7187344075936313,153.92104022538962,158.82345936022747,168.87043859322796,170.04551708878066,163.82265362669742,158.96145567123332,167.1889734483934,143.82049663271846,166.36377064852437,159.73534049542133,30.212051666606367
3434,1590.1731869098237,2808.425107309017,0.5278947219166829,-0.6662100622313614,-0.43721830987518473,49,0.0,0.013079454848427232,1.4399575383241636,-0.39587421436416753,1590.1731869098237,2808.425107309017,963.5269179881432,0.0,0.0,311.58090064053005,0.7187747358754868,95.17610043448342,84.87706037882569,84.45003905228081,95.68698576455546,82.23751667081994,92.5261610407337,84.29403858177079,96.00058963219051,114.09998124544397,107.70703414393569,26.471411043103263
3435,1623.3409165450653,2807.940532757963,0.5565479632830737,-0.6510057187417603,-0.2940114319758246,49,0.0,0.02031905843406088,2.235962199359738,-0.8736611429954397,1623.3409165450653,2807.940532757963,1351.981498126076,0.0,0.0,311.5670801990755,0.7185728374990797,141.66399894832972,137.0934408706417,131.78497136333723,117.17683517844412,119.67403953900623,140.78405984608412,131.42366081389386,144.90518605229488,129.4655797369301,128.41399977215906,29.59572600495521
3436,2404.15412652927,2807.629075429797,0.44717455211656265,0.7932259849082355,0.15948069897866582,49,0.0,0.2118165419208509,25.625164591301495,-3.521666658902399,2404.15412652927,2807.629075429797,9190.533656685462,0.0,6220.083754576262,311.2417321318806,0.7184308144712838,1046.619350479886,1097.1273988565183,911.6014608825773,867.758847646304,866.6302924171375,798.2510883542154,795.7924050491408,817.6375435159455,802.2146030837271,1021.3428230810426,165.55784331896677
3437,804.2890385253419,2810.632396250257,0.956886183802409,0.8190404112481984,0.33784217451235876,49,0.0,0.03631394917655258,4.271935119614116,-1.5765616204635018,804.2890385253419,2810.632396250257,934.5208097930366,0.0,14.010012213094551,311.9083618155496,0.7196823067129795,121.52305641903743,0.0,112.9894671509902,0.0,188.3258943320991,0.0,143.8939223329551,11.712918532983489,111.00819779448686,178.4614037064648,66.60594952401969
3438,1944.0304374316295,2811.482341342112,0.6697174885487691,-0.18170991968618233,-0.002992157617558255,49,0.0,0.06321760788680501,7.43534097872848,-2.178252224271577,1944.0304374316295,2811.482341342112,1974.6881721095572,0.0,0.0,311.4334544913591,0.7200462399912587,147.15003137144913,187.53601643995825,204.29878008537466,192.39947596596681,194.99703937701193,212.700560339346,212.27230563502962,201.62639199149044,204.17028265879492,181.4113389034766,36.12594934165876
3439,1649.7216273681147,2812.329923841183,0.863120106962552,-0.8029292824988536,-0.5067502633630837,49,0.0,0.0130672493714298,1.0259193080254059,-0.027783008524701218,1649.7216273681147,2812.329923841183,1019.9068043904499,0.0,0.0,311.55608779380685,0.7204015726978689,91.18699360443209,111.17382021231342,105.20999148099034,120.89177234076556,93.47549393863926,96.76013801680733,102.2134367782949,98.14870047521461,85.53185485941255,103.49490854114912,11.819694142430686
3440,1002.9381751539124,2813.188272168849,0.6512205895935236,-0.8151127723508806,0.046093996056582605,49,0.0,0.01234841312448457,1.108270649902447,-0.11161458014529119,1002.9381751539124,2813.188272168849,1137.1092077839812,0.0,370.51620535900406,311.8255901748052,0.7207524309877033,99.77342436563109,112.45203530729238,114.01999195166348,105.1742917226811,103.70095081488353,138.0630193475281,103.97885677922251,111.09849006487333,112.64266203722931,122.20199779867347,14.003487594302825
3441,1692.5961365889946,2815.0075743152474,0.6025007655794389,-0.3665197218242954,-0.24649594495378985,49,0.0,0.028313237060486583,3.386913944009185,-1.3245104051657952,1692.5961365889946,2815.0075743152474,1345.01714180912,0.0,0.0,311.538222698552,0.7215170578975645,131.82856531983668,125.27230437957908,136.81667422920904,110.97878924061128,124.46672099086987,147.90551394500264,128.78561599770546,133.83475563933982,135.4748178929089,147.12032561108396,22.533058562973267
3442,1898.7903869604838,2814.948600828506,0.5399151261544245,-0.21406283750248528,0.018499834890354495,49,0.0,0.3199240279975779,45.997440581543785,-4.156834167669349,1898.7903869604838,2814.948600828506,6648.62143174442,0.0,0.0,311.4523051554285,0.7214909518810355,593.4197883345455,655.9960856228951,630.2687649285019,681.233482926915,644.9955070435658,685.1029741393289,634.335651585993,715.3735364303469,615.9948930401797,651.0805161239106,140.82023156823908
3443,2393.267559046797,2820.6706000746703,0.7232451282511163,0.21660143713897465,-0.06119977667739624,49,0.0,0.040061809198330994,4.9568621226632725,-1.7380170974447926,2393.267559046797,2820.6706000746703,1401.1736447011622,0.0,683.5127650910824,311.24626811282604,0.7238645996730395,214.81136805895164,111.71358810712823,90.09708547361771,80.42679737099596,110.90293677065263,177.1759308910469,111.05828235211789,266.10326071473247,106.00430250351494,109.53174329215948,23.348349166244397
3444,2436.731784988895,2821.242547467083,0.9928619714488928,-0.18680381676829635,-0.4212958133628807,49,0.0,0.010006770045453158,1.0127459224518691,-0.013751258224061218,2436.731784988895,2821.242547467083,381.90398903142045,0.0,197.61673481744842,311.228157916342,0.724101532765232,17.584671690810367,15.230532853801083,19.009811783458765,48.57567354240521,27.29641036054012,37.55622143291019,25.103984756090178,53.03189724875241,65.67821045824004,48.37714053090183,24.459434373510263
3445,1045.5212088805972,2822.7502771498916,0.6492221888013223,-0.9974997288630645,0.1379266687323863,49,0.0,0.12045343990730645,13.834500288959084,-2.852408691911247,1045.5212088805972,2822.7502771498916,3457.851581873966,0.0,584.8018514255244,311.8078469023508,0.7247371903277802,290.4525500401518,355.39603270328155,334.7713987489266,346.36202656177267,332.7391054113155,362.79069033878477,309.017619087893,337.3139246566385,339.68463090743876,392.1191239233742,57.20447949438875
3446,1373.7833131941793,2823.3242477279373,0.43752426261735794,-0.20692674626069615,0.3147082711126361,49,0.0,0.019507863777789722,2.8374027815375227,-1.1323024753574806,1373.7833131941793,2823.3242477279373,1230.7194454442501,0.0,0.0,311.671066657309,0.7249812428159731,114.53998064420537,113.31734637925027,110.57877326169879,123.4440784451252,120.12465047635197,124.81209959701094,123.01817768656701,116.00088459988592,130.18727670937466,132.8386452946948,21.857532350085133
3447,1303.156472985262,2828.485622996471,0.6589216266320523,-0.5824286791892757,0.11966766814146973,49,0.0,0.027812053265905325,3.147732083889882,-1.2449944017844388,1303.156472985262,2828.485622996471,1314.8982232394337,0.0,0.0,311.70049560974303,0.7271309305239552,123.89429536467081,145.00017550497898,135.74034890923144,108.4151288763045,146.30905299119303,122.14950044951163,123.32852076083425,133.46094890455393,130.138383528029,122.9268344173586,23.535033532767436
3448,1441.7057319919093,2832.921432481407,0.38973273238195977,-0.198295084742378,0.1385785045001926,49,0.0,0.016337424317191596,2.4829006412563595,-0.9873983516275799,1441.7057319919093,2832.921432481407,1125.5117314822378,0.0,0.0,311.642764576324,0.7289802504029063,102.87629349763769,113.1068698029279,117.38821385866416,99.9111825515686,110.155378372514,113.90635337972779,105.00535074518783,109.65831612490567,111.52255060201506,107.06760778708262,34.91361476000643
3449,1736.189975140148,2834.5061834606736,0.48885400236212145,-0.41164326740339596,0.04664891743563293,49,0.0,0.01724977440385069,1.96700127607026,-0.7345116041578902,1736.189975140148,2834.5061834606736,1159.6470426853161,0.0,0.0,311.5200578497677,0.7296406410336903,101.0358135978856,116.76796750588545,119.13898770766937,112.79313778578825,103.52579316741912,127.19051065737519,110.09706966232412,119.52546714386449,104.68628342417841,118.51259581885299,26.37341621407311
3450,2416.5505861175725,2840.3728369529517,0.663621386073371,-0.1470609676923184,0.1829494156808054,49,0.0,0.007760005758711559,1.1530456156999953,-0.15461622195514718,2416.5505861175725,2840.3728369529517,517.6050981230347,0.0,136.19241620809623,311.2365666079724,0.7320723467775687,63.31980498356426,54.957691594446146,15.178789426388946,22.671703479277227,13.096220916408358,23.72327244422045,42.83542585927411,46.97112680330224,44.21973227510852,157.46783301859637,33.163497322448166
3451,884.1924667532568,2842.4887010763405,0.9989964096987509,-0.08369172692823493,0.33037796408925374,49,0.0,0.31890611600027174,36.00594860701886,-3.890935643153189,884.1924667532568,2842.4887010763405,2193.2583951702136,0.0,357.48917092091676,311.8750686511086,0.7329568316022906,47.485589302164996,61.41751406308407,479.3185559810438,427.4970171189035,91.6465585682964,55.326952370835855,773.3948714955895,51.38320986799461,132.04822379835588,52.223602416420036,21.516300187524553
3452,1711.4684140971447,2842.3725427564586,0.7132787293951158,-0.3515846700257735,-0.8840633373476066,49,0.0,0.012203019019740063,1.0272130873260792,-0.029151359846630812,1711.4684140971447,2842.3725427564586,997.8843098723175,0.0,0.0,311.5303589024561,0.7329181416982429,94.92203739056481,95.99865094505708,82.54100947875233,98.84018507513025,108.7793825439719,86.450379435999,100.12003506031088,104.86039700571898,114.46095026490335,88.20375065694883,22.707532014960094
3453,1990.8798568715094,2842.511260311984,0.9145870250717539,-0.22825944392380393,0.5389559000350785,49,0.0,0.01338830961551817,1.0796383346407967,-0.08319574155306332,1990.8798568715094,2842.511260311984,1064.5558818487684,0.0,0.0,311.4139331164714,0.7329732210002491,95.70550281722764,103.83108407975809,114.68263262788969,99.32437826362288,106.06614894244774,104.56393184931048,104.04159557484388,104.96296913698264,108.90902050305007,104.50875011476039,17.95986793887503
3454,924.9361206544696,2845.6387978828984,0.569381409766965,0.48168518038376545,0.5035383769592293,49,0.0,0.009217830450488566,1.0768893834878712,-0.08042773872766715,924.9361206544696,2845.6387978828984,1396.78309292124,0.0,586.6771759886597,311.8580918911379,0.7342703478158328,86.70919274356366,91.76045783622158,78.76874971875998,186.21489643100887,70.22428759854165,97.3181842082374,148.55305581029165,111.75474323325182,114.88850093051863,386.50509465475227,24.085929756092508
3455,939.7849244632906,2845.599091618128,0.27215543559083555,0.27558399925369215,0.1085391491937689,49,0.0,0.008204699424411224,1.2314157734423117,-0.22601178063232888,939.7849244632906,2845.599091618128,1019.2289860384326,0.0,715.6591269779885,311.8519047808738,0.7342541903203463,93.64176208091034,100.94664902205585,74.28385002418108,129.88973553264807,134.6717543847802,85.43310207452038,97.84530585731225,81.47992143365616,108.15183827125112,88.36908904610934,24.51597831100775
3456,937.4269510510092,2850.50099233149,0.3752900001181101,-0.03056445222729148,-0.13785642652151883,49,0.0,0.008063767955515356,1.2931239809560329,-0.2791004144124489,937.4269510510092,2850.50099233149,2280.7919886286036,0.0,655.9288479458257,311.85288732448,0.7362963965104732,107.53164993325206,94.32364778221623,94.64731407197168,125.9090381991902,141.36041238927172,85.083619992262,92.15476935228253,176.52242761248385,1247.1736948438381,96.15760792744075,19.92780652439405
3457,1081.6358699860837,2851.0180747026975,0.5782593268442314,-0.5380148468278809,0.07354357559083129,49,0.0,0.013217091111870862,1.2673874121641466,-0.25727347337119244,1081.6358699860837,2851.0180747026975,1149.3961666079426,0.0,414.1103289936501,311.7927989140991,0.7365151465067364,106.78276248778272,116.93918795329677,115.91563668129643,113.57067262644009,108.3205589701333,109.0185322150768,120.06692670331933,130.05456466446395,99.72323301538901,108.57606897006262,20.4280223206816
3458,2322.0153152668754,2851.8897650413064,0.2708439120083867,0.031068786578911028,0.07231958848154688,49,0.0,0.007498283146990696,1.1056461793028811,-0.10904042374930464,2322.0153152668754,2851.8897650413064,1248.2316107842094,0.0,797.5726133312971,311.27595659098967,0.7368734206198858,116.30168213376842,145.9527487385201,108.36797075889004,105.91489151304509,140.40889816982485,114.43320009828909,168.6023825981638,147.8298677461458,77.00585961209667,104.54553641053371,18.86857300493167
3459,2305.3922316215508,2857.2942190294348,0.6255924360650217,0.8516032256719653,0.0551473608621823,49,0.0,0.011257845857760428,1.2951830673246665,-0.28082789500039373,2305.3922316215508,2857.2942190294348,1055.7650877248402,0.0,788.0465322832838,311.28288293213336,0.7391255215714627,94.38943215778053,108.4437838461715,98.21436333852185,123.47521673937513,107.84791529435037,68.90095207809368,104.43106685292572,110.10711704048006,115.55641962104875,94.45003410986018,29.948786646232364
3460,2370.3313659928867,2857.8319118845725,0.8248055139855841,-0.5459796595612451,-0.5354565384212484,49,0.0,0.014580034825139424,1.7462742588752158,-0.6052811307296682,2370.3313659928867,2857.8319118845725,758.6866253800293,0.0,337.0319837948281,311.2558246118669,0.7393476664329827,54.42571324966465,108.3494960714801,57.00503826136568,76.79286186561856,89.3417802334644,47.014152103625044,102.0783329063105,78.4416513467431,59.97170894407543,54.18892969648827,31.07696070119359
3461,1983.9898927800086,2859.141378242852,0.5063402992764225,-0.1364877839873818,-0.0005810846083406483,49,0.0,0.043510172660985606,5.804903935815156,-1.9094875927056059,1983.9898927800086,2859.141378242852,1754.8240759381865,0.0,0.0,311.41680395725393,0.7399019403629102,152.99306210780165,196.25718507715905,173.1981637063353,171.91875543495098,194.50842626740354,174.65963632021123,155.3275876303108,173.44943990934075,145.40529081793812,177.83553263430287,39.2709960324322
3462,1570.7715981987803,2860.2652057349787,0.471975238407944,-0.6741043263642095,-0.5247293220801642,49,0.0,0.020382392122784785,2.615357523707333,-1.043827665092256,1570.7715981987803,2860.2652057349787,1177.0389240053719,0.0,0.0,311.58898497746173,0.740373022461631,109.01432328431545,92.19715291224843,114.49546296834001,120.99875917836451,110.31340613075945,107.63810472471003,117.34760454034748,138.11242457003618,126.32490860711326,114.8037331589264,25.79304393021075
3463,2213.5597161738833,2866.55070874762,0.29113832443262105,0.38617067141248435,-0.38281539291184846,49,0.0,0.010582492311459172,1.1192226614282896,-0.12229123734421729,2213.5597161738833,2866.55070874762,1216.3676250599133,0.0,1084.0261970498623,311.3211471212517,0.7429843947852158,98.00170212227465,116.12865270770024,109.90547679473708,115.9608581672208,135.18064660922397,121.99523992262908,120.47499257416439,141.72580175110915,115.8730870282617,116.15156520075297,24.9696021818394
3464,1287.931164096483,2869.4398038971144,0.31667791223328184,-0.7443925138882871,0.016813200049741166,49,0.0,0.018956631476499026,3.090129403452972,-1.2249416662229593,1287.931164096483,2869.4398038971144,1262.1988859114563,0.0,0.0,311.70683986106616,0.7441935433431509,116.35354624641198,126.86946513399559,115.87121598666135,127.71111969218732,136.78323892795447,120.73839125414563,102.82006199112791,133.98986751601043,123.04406168991275,136.81832046627295,21.199597006775914
3465,2186.4162736051017,2869.0121730108526,0.4679217009117586,0.17643800535748227,-0.08066014670403099,49,0.0,0.19707851051033878,25.785505034906667,-3.5284391047946064,2186.4162736051017,2869.0121730108526,6345.90186230241,0.0,4880.451406855314,311.3324571291643,0.7440105478332483,526.765528143193,608.4725646286577,606.6510804360078,616.3274497779983,665.752800320385,666.0419343185133,653.9891231588318,644.4877058741138,594.13387794275,639.815823058254,123.46397464370588
3466,1601.1302258382148,2869.720449277217,0.7596770323150408,-0.26051765455197673,0.19299473125104524,49,0.0,0.02851087948638057,2.8936794621631923,-1.1536260547567638,1601.1302258382148,2869.720449277217,1225.7637311322424,0.0,0.0,311.57633502408737,0.7443123914514413,117.06052640925016,126.49273608559767,109.77404607996756,125.6767888796054,116.53443657568224,107.92041331314181,127.64874804568596,136.91777084360547,116.94801806154572,113.29514167331897,27.495105164841497
3467,1728.943666985221,2870.2706424601465,0.5603819876325612,-0.21700412990870532,0.10755807270246612,49,0.0,0.021555987158865114,2.615900982223817,-1.0440532523342492,1728.943666985221,2870.2706424601465,1166.5540085954945,0.0,0.0,311.52307721295284,0.7445412942908184,95.34448117866822,134.75862866401843,119.6024615312787,113.91058084500706,109.55844792669347,115.09524690691289,119.17862099250559,118.42867996475536,103.62179786953008,117.20145637522413,19.85360634090049
3468,2080.0993526540174,2870.489565092998,0.45725260410580304,0.11693646031174135,0.02873373664876083,49,0.0,0.20292928751298506,28.303759281403032,-3.6296103049539985,2080.0993526540174,2870.489565092998,6085.55627191569,0.0,955.3017751495934,311.37675702120487,0.7446283002467531,562.7508831116136,585.2510671698566,524.7568371093688,615.6483556853436,619.7626469993861,579.1646569560705,577.1724731272541,655.3780981853022,609.7842988804405,629.982708310167,125.90424638088626
3469,2299.927503817259,2869.960759689285,0.9033456374243417,-0.4875104000297102,-0.8881394882989568,49,0.0,0.015588995390116907,1.3915693919920458,-0.35876216934103033,2299.927503817259,2869.960759689285,1013.3918317074456,0.0,640.3612329002799,311.2851598360854,0.7444028832852885,115.63791443664306,104.06988821218718,112.4967358042403,85.84759606768657,91.126425542655,105.42346654594132,110.10890552244075,109.79216736600084,94.2604773729559,65.98657511168102,18.641679725013628
3470,2023.1604803143143,2870.873999741135,0.47443754948864936,0.09523518025690801,0.18911539320063314,49,0.0,0.038778841935436056,4.961217445578702,-1.7389706554484594,2023.1604803143143,2870.873999741135,1689.8365484222963,0.0,0.0,311.40048228566553,0.7447894784263989,151.2367552194535,170.00071484104643,165.34272688835205,168.6992346927271,171.75547324393654,169.6427176753898,170.48893132115523,149.25613275143257,173.25135995055228,164.01974479142893,36.14275704682177
3471,1162.2721726765267,2874.680627857717,0.6916378969336408,-0.6700335729605618,0.12900101312339335,49,0.0,0.014162828820730652,1.4226404190340431,-0.38273785849716346,1162.2721726765267,2874.680627857717,1031.4431007728917,0.0,233.75032902520377,311.75919959393553,0.7463751657326573,107.58605442011523,86.99312393405317,105.9472839183637,105.10704672708921,91.49163616195277,98.00130763410965,106.05114320302408,95.37498703919292,99.8526024846285,112.60418780440602,22.43372744595655
3472,911.229597448127,2876.6675074472573,0.8664446349787525,-0.49852487487898656,-0.23217803164680434,49,0.0,3.0469832014506157,383.0188464820316,-6.458050359998426,911.229597448127,2876.6675074472573,53917.24824548374,0.0,103.15048143094688,311.8638032804318,0.7471973646481265,9598.039670278873,12965.42573311739,2560.4462342986094,42.905786939691396,7832.128992645654,8182.8209811366005,10202.14249117606,23.536305440903252,2243.4517247805857,237.8423726423525,28.507953027014757
3473,1572.183940113679,2877.2293152727652,0.5435844206793602,-0.6487431853831289,-0.2501403734866513,49,0.0,0.023902434902146427,2.967604181521397,-1.1810149358868332,1572.183940113679,2877.2293152727652,1287.804619039378,0.0,0.0,311.58839648272595,0.7474408016762283,134.67582872651167,104.40938383835261,113.84332025359674,153.21601537860107,142.60197520487566,133.90821799703448,131.07868863138165,128.2155776723436,99.66815832947394,122.3915847187825,23.79586828842408
3474,1545.2879232705802,2880.249392201755,0.9620223119640526,-0.6564954350601695,-0.0022272354097293287,49,0.0,0.023816595805660777,1.9173796496415796,-0.7067702840468233,1545.2879232705802,2880.249392201755,1111.3990213739892,0.0,0.0,311.59960362784176,0.7486990138373215,101.45448480224853,104.67270404495758,91.07927258495994,115.00495829237794,116.4615006869827,107.8604962813327,120.52323364708369,108.47592521711387,111.65691429173657,117.26948989040929,16.940041634786386
3475,1903.7508375529058,2879.7031765192805,0.8444851415197663,-0.09939761407499657,-0.04502653875823976,49,0.0,0.034612428638575575,3.401570162563094,-1.3291985834345628,1903.7508375529058,2879.7031765192805,1303.9654781632935,0.0,0.0,311.4502380038346,0.7484696840380113,114.56250717154288,139.1116649955364,103.0604569899134,130.79524353715303,119.8804869137177,133.24664682999574,126.95413382010257,140.72926484654457,124.99362505795047,143.13845034302307,27.49299765781369
3476,2293.318727031899,2880.6922806904545,0.37913899997333245,0.27129675613339665,-0.38856861410555915,49,0.0,0.011950889792169374,1.5125533940592648,-0.44927678613938504,2293.318727031899,2880.6922806904545,1231.5488588469152,0.0,635.1681978626151,311.2879134528556,0.7488740904511983,169.81201314735074,95.37145647130191,230.67186186020763,147.902770134847,101.45374424642074,144.58531227891257,63.412359975579456,92.69312066167495,91.43307904476316,72.6921442006703,21.520996825186963
3477,1619.3985500394933,2882.16206463614,0.5852076126108823,-0.5106334818044557,-0.05787370673326765,49,0.0,0.3713775858574359,49.98211222484634,-4.247036513240188,1619.3985500394933,2882.16206463614,7567.224710171249,0.0,0.0,311.56872290162863,0.7494959448321523,709.1745437075294,693.101966402384,762.9252203247046,767.5713278443643,818.1434232832428,710.0991082997168,768.1486329035396,738.6671940200828,771.3732860089472,696.2746636480863,131.74534372865045
3478,1744.880858628119,2881.8994810289637,0.8406542078924016,-0.4051192746991887,0.24442829438130156,49,0.0,0.024967439534730775,2.282321972636265,-0.8959422784215794,1744.880858628119,2881.8994810289637,1246.0991019720693,0.0,0.0,311.51643642625345,0.7493861385148658,125.08429531392945,113.0242942720748,112.80486694178751,124.45715045238745,130.87930735397975,145.83120674589583,108.0114285182077,111.41922210688736,109.34102454664142,136.39578110229536,28.850524617982643
3479,1219.1357233488816,2883.6971456768283,0.30677660328885453,-0.7890305436060318,0.2424164649883954,49,0.0,0.01177129192968661,1.8065271349671823,-0.6421112231990845,1219.1357233488816,2883.6971456768283,1087.7112410365912,0.0,89.95585784772885,311.7355057045032,0.7501326286452177,97.71982182953178,120.48334908670206,96.76433756537216,106.82547746210408,110.27028573873342,107.29453490587966,118.33840298415709,94.5957511994608,115.71956041061017,105.52021495373083,14.179504900309222
3480,1940.9237691455994,2884.5530611689014,0.7877961012715626,-0.25159911489912556,-0.0004863756096867166,49,0.0,0.018078548549683823,1.6637105400455103,-0.5526944199765954,1940.9237691455994,2884.5530611689014,1123.6979096069126,0.0,0.0,311.43474869700583,0.7504898140553105,90.48898198549594,113.24984309413631,116.77683203847212,109.90078919726456,126.59780412555463,133.30450617163888,101.69170562437132,106.97754324050382,105.48412846324946,98.40098812240532,20.824787543820342
3481,2236.1941542876107,2886.49534976663,0.7838305575881239,-0.6276394861054876,-0.42602687825660834,49,0.0,0.011698659634311142,1.023024780822855,-0.024715384486351796,2236.1941542876107,2886.49534976663,1156.7693452028382,0.0,916.3802551747341,311.3117157620769,0.7512933022830166,90.40892158621068,101.96204723222678,104.81831875701562,93.46184398525085,116.1359398560332,126.71268772680826,112.08121262686751,160.7932866458172,112.09595403274281,120.15910140283731,18.140031351028043
3482,1500.3568612540612,2886.646335049195,0.5053906912046674,-0.8457403920343407,-0.07039230421390191,49,0.0,0.049705593025499414,6.505351772642427,-2.033176964306606,1500.3568612540612,2886.646335049195,1928.9252240628762,0.0,0.0,311.61832569254835,0.7513640358033767,166.8672165766701,199.7129106327638,176.1547936158551,188.6536677148269,169.80652918867042,201.86136011037587,182.7282530761422,187.30425137813768,188.1967229592952,222.47439302722006,45.165125782918906
3483,2316.85809576545,2886.882751752495,0.24415854420589028,0.11288799355613632,-0.5389698772483812,49,0.0,0.005099734112805565,1.032259742740001,-0.03447247638017789,2316.85809576545,2886.882751752495,739.674651136044,0.0,316.5291284407078,311.27810517676807,0.7514525369580185,86.02918577366785,115.25364775059886,61.55750870623176,65.0442379145758,65.04209111970842,62.93057542259695,59.50505165109413,74.52590307756235,33.40698551873426,96.04715189739055,20.332312303883022
3484,1857.2316220749574,2888.734881594605,0.20425677723166885,-0.16067471459387317,0.5142732572256173,49,0.0,0.006336971171103146,1.1207642396196706,-0.1237856635110053,1857.2316220749574,2888.734881594605,910.948897460588,0.0,0.0,311.4696217185622,0.7522330755363319,64.57019771510747,86.76266558484897,89.53873496734805,104.66784593425417,92.25750162300537,80.69829072722395,92.56053248398065,101.34306071056955,91.36373264610813,88.34132946135489,18.84500560678684
3485,1314.929309069204,2892.2604369965647,0.500837539031335,-0.6336209772764673,0.1619271548288281,49,0.0,0.040263643855425656,5.291631759266888,-1.808974035839489,1314.929309069204,2892.2604369965647,1765.323493036035,0.0,0.0,311.695590291529,0.7537016134465979,199.02447586992747,165.831956953896,168.73601992542993,187.30895095376172,162.86794469106923,161.35095898239388,156.0617911360448,169.72395576657095,188.20687497123154,162.24552885305224,43.96503493265733
3486,1062.503443841218,2899.980740736282,0.39367996383126075,-0.6338554543212147,-0.12931983722407187,49,0.0,0.012437552519155405,1.3908517735245507,-0.35820212158241316,1062.503443841218,2899.980740736282,1378.4425184666425,0.0,997.2390292530963,311.8007712698303,0.7569139535044778,144.63221769688417,122.04135057260157,122.87194403794118,150.6231763906543,147.43429328761258,131.70090507409617,116.28559041162869,134.4091828692651,112.90092328151812,172.82316386908735,22.719770975353136
3487,1021.7882866009675,2902.7109838775314,0.4403610529257842,0.01827028809866775,-0.4729760633562983,49,0.0,0.01988452155312599,3.5971924071767085,-1.3899091701233641,1021.7882866009675,2902.7109838775314,1149.46828538286,0.0,551.29140400231,311.8177363797813,0.7580505329817416,116.23723018934687,90.3277681826211,179.23336779637987,117.19561016663687,113.59662541401443,128.1165202429917,92.10100661893311,49.48826144163474,171.98406451202152,69.62318995566258,21.564640862617132
3488,2222.425575890634,2903.352708763736,0.8804713698261746,0.9364088147470128,0.4142281757682214,49,0.0,0.012303682480637936,1.0722454180692207,-0.07573549770793425,2222.425575890634,2903.352708763736,1098.8388844683607,0.0,677.007509869985,311.3174526726419,0.7583168516766194,159.03599149789443,92.37589250165306,104.90277178537903,147.29920185485403,86.58087742632596,86.0521997345387,62.841666096775704,116.72629734342794,147.16304761332935,74.71288447751127,21.148054136671274
3489,2278.971722447646,2904.6218776963888,0.6872960105804063,0.8039933566925778,0.9661396258994929,49,0.0,0.009810526871602977,1.1951210427074226,-0.19352973291279102,2278.971722447646,2904.6218776963888,2884.552844010037,0.0,518.7020341444808,311.29389128935645,0.758844143740806,380.855623167988,169.8592730085758,124.37546600637482,89.92229140631235,56.96475408863723,205.05733028722693,1580.2537598770298,92.55565020275046,65.88168114786743,82.39427215872584,36.43274265854832
3490,1588.795224630363,2907.2312992530624,0.3334263072042873,-0.6553925554692019,-0.18890940973325293,49,0.0,0.02199371911695574,2.7433458497787506,-1.0957014048865403,1588.795224630363,2907.2312992530624,1567.0576123563342,0.0,0.0,311.58147482768635,0.7599405383764796,154.3649857448895,150.36869216688024,155.51551248363617,152.79000753760607,149.55504105199037,177.2230938393638,146.48556623216476,163.447790189598,151.07921274846336,140.2269187711922,26.000791590549813
3491,2213.6497881144232,2910.5944706950872,0.47851200771377683,0.27964124003670304,0.03182741235251577,49,0.0,0.010317594102057124,1.489481137409727,-0.43258751934636963,2213.6497881144232,2910.5944706950872,1232.484574503363,0.0,647.5719550985561,311.32110928268605,0.7613341674677598,154.10525611744777,85.187755304562,136.64391508984,92.61851530507666,78.1451021415867,115.10924545186387,69.75520810204475,291.61878168740805,91.80707645744695,95.74860332999415,21.745115516092124
3492,1616.4001475747214,2914.2378802082853,0.503080432859676,-0.5883325719395683,-0.2296817856708946,49,0.0,0.02938954859043748,3.7687977043656478,-1.440507066736532,1616.4001475747214,2914.2378802082853,1381.6117652170901,0.0,0.0,311.56997228278806,0.7628596797361424,143.1585889648324,127.55693915116426,140.9886037267193,145.79932069992955,142.123154964429,135.03524377694606,136.20549685918604,126.00402440252866,130.793950827988,124.85067684816133,29.095764995205748
3493,1971.7181131519608,2915.1035542724903,0.7497430933200745,-0.3269433294961773,-0.07216293754667985,49,0.0,0.04324973739665774,4.244764041449902,-1.5696338840680535,1971.7181131519608,2915.1035542724903,1743.2591695133922,0.0,625.9734079650364,311.4219171356827,0.7632175684651524,148.15348045129562,178.68459744647208,155.9204031717893,168.58318172770572,187.2112900487348,159.77598763213038,161.19870819806152,179.83654308688983,170.63655852911344,190.512347505827,42.74607171537261
3494,2281.2587174154514,2917.15005653074,0.480420152524403,0.3492383918854125,-0.13677037138336598,49,0.0,0.013113661700946782,1.3131769392244645,-0.29580811863491513,2281.2587174154514,2917.15005653074,2063.3561713433364,0.0,724.2637877780176,311.29293826013765,0.7640636179402599,17.286897682802802,107.39297220442737,168.99584126768428,165.51211989452025,213.35772703178387,319.39133802208704,211.00294927764207,220.3318576475907,234.15836516009114,252.8415622306303,153.08454092407638
3495,1023.3136509698305,2917.1818362111453,0.6350431157922732,-0.016433433643214573,0.6131557015312946,49,0.0,0.013362142708205321,1.8578495680934657,-0.6725263645748613,1023.3136509698305,2917.1818362111453,2344.3957989381747,0.0,398.8758585999162,311.81710089058,0.7640794903190378,53.844157075864686,1373.9014478730915,107.06838554630357,103.87618427003736,122.19888801909562,141.45071060937772,97.75405740303182,84.76611087340663,104.18169223246127,130.3395966818441,25.01456835366075
3496,1547.7868339205488,2921.694130567675,0.5885573306368107,-0.8325842000940016,-0.12457332056806289,49,0.0,0.012572945085301853,1.2378197832120372,-0.23164354859671377,1547.7868339205488,2921.694130567675,1073.8739252238072,0.0,0.0,311.5985623963204,0.765966114385768,105.65886182837319,104.65547082142115,110.09597232356407,99.40030035639941,86.77985161121897,118.76269136119853,98.51952210957393,117.80281462922443,103.67142474618501,105.12715994671652,23.399855489932065
3497,2285.2882444609945,2923.0483426499327,0.521002110179695,0.9257200231239266,-0.32135371062068,49,0.0,0.009243591090947304,1.6924180637938908,-0.5712691301676158,2285.2882444609945,2923.0483426499327,773.358103444354,0.0,88.3906048707458,311.291259213563,0.7665208692225223,0.0,42.636182653607115,20.02675069681095,94.95836861875574,141.6114426108752,138.03825600828142,25.666698485998285,102.74743603548632,95.3394067227395,67.65286514549138,44.680696466308135
3498,1471.1969943926752,2924.2482438710067,0.354448793252373,-0.7097150896672137,0.06104288334183105,49,0.0,0.03607922784088198,5.791461384207286,-1.9069704123478624,1471.1969943926752,2924.2482438710067,1897.6162118175466,0.0,0.9977613556251568,311.6304761973232,0.7670299470255592,155.3546018473192,186.2446175226305,175.97871642953405,181.50838578365835,199.42408128287826,177.0543815958616,203.04377562602423,198.83505450731607,189.39686453483807,197.59489728191232,33.180835405574044
3499,2135.7881067782723,2924.9020361129574,0.2460481255616668,0.2104839012125186,-0.045432368022588945,49,0.0,0.06331740594845207,9.225044934268558,-2.4124212256027735,2135.7881067782723,2924.9020361129574,3570.720304056292,0.0,2999.231506987707,311.353552387934,0.7672968609677211,278.21024973158984,333.6204213891871,329.8110419893275,345.55500095133806,371.4618912359175,372.88122639651783,396.0678423862762,352.32647207080873,372.18099532431194,351.7925137496505,66.81264883136693
3500,1359.0569744647773,2929.7126612653738,0.5009554545309224,-0.939984367086177,-0.05217933986049076,49,0.0,0.4054236935148548,56.537216960527985,-4.380836066431099,1359.0569744647773,2929.7126612653738,10436.155967793098,0.0,2908.8886781324522,311.67720315535894,0.7693057290375429,907.8508370746139,959.5497199306537,1037.620932137897,1053.606997092915,1074.337435666982,1003.374205203663,1009.9952164852842,1027.2675119104333,1066.2535577786357,1078.2242175821043,218.0753369299154
3501,1348.767377447986,2930.608326813577,0.6612268702285813,-0.8987648890501871,-0.05597280406051858,49,0.0,0.028164150638458573,2.946412987525608,-1.1732340504560244,1348.767377447986,2930.608326813577,2974.441981479913,0.0,1066.7120884936808,311.68149066242046,0.7696787842751389,250.31128589501628,284.0236968935797,288.8442371929598,325.8513906466293,308.5081757879605,298.9516576748377,294.7143427567499,292.84620847635813,289.438890700065,291.8797157078627,49.07237974789399
3502,2139.404679240734,2933.646786405435,0.376946667509045,-0.3140871346554305,-0.36579939777508913,49,0.0,0.012427063517742493,1.332973887245875,-0.3120541043371543,2139.404679240734,2933.646786405435,2337.21853241419,0.0,1572.7324506541718,311.3520453867808,0.7709400599338461,179.30688060817664,198.88897930326044,205.75235136811432,230.02408142132467,222.2837906850528,215.47337563084722,282.76743932184326,253.14727571279866,265.52838517202315,248.50143075383892,35.54454243691001
3503,2175.398085515524,2933.869650406644,0.2564052163545754,-0.13175858417877523,-0.4348700086398158,49,0.0,0.007620091073060095,1.295238758205595,-0.2808745789845329,2175.398085515524,2933.869650406644,1060.6886131285967,0.0,592.9312939598567,311.3370477258793,0.7710320931872324,83.83874466527315,113.60003662196004,137.69550342775435,90.21834201793286,115.99434004067416,120.74411404644226,63.23142535479172,110.00640925866303,122.17262670521632,80.88685191466448,22.30021907522429
3504,1070.3377083520918,2939.6413805290235,0.5352792891843018,0.22694278880607438,-0.034234743953759084,49,0.0,0.007707096607478009,1.0389796071493418,-0.041517558523773035,1070.3377083520918,2939.6413805290235,628.0024101371771,0.0,297.2569260168015,311.79750714272524,0.7734377436431725,46.856658051950554,60.007586684772804,59.970855694603294,42.05760758341026,67.69191086062736,39.34658615123317,44.880328916469324,153.79847101375861,54.38608741421876,28.564390545356467,30.44192722077639
3505,2126.7558894244553,2938.8887929804055,0.5347441277430898,0.30589563110940254,0.771743752323769,49,0.0,0.009304803737891755,1.1680186999987079,-0.16862448973469946,2126.7558894244553,2938.8887929804055,1211.093800665239,0.0,761.6684589017689,311.35731583481083,0.7731242819089241,91.49931078410148,105.77938368682999,86.25925705013327,128.76140687357122,126.2736106647751,161.49378611455646,101.4013252462028,108.01115182203888,201.96890358928093,87.64270304041061,12.002961793338269
3506,1370.289939297092,2941.9346514208924,0.32694895577632616,-0.2546742471720869,-0.25231339868643954,49,0.0,0.009813516469503158,1.2221816722749956,-0.21783941698039183,1370.289939297092,2941.9346514208924,1193.8813442049182,0.0,516.7491559567881,311.67252259591965,0.7743978453989318,99.83943000253409,105.59538152611074,117.5603695699094,120.92165405868505,106.66319940164036,123.69515144029339,112.32201170482827,122.1862369896372,128.21915913871746,127.21548083193946,29.66326954062273
3507,1730.2568047157195,2942.907166942296,0.4828254501812335,-0.575005060008563,-0.10969088536446778,49,0.0,1.0603870821992143,151.1233629412132,-5.4483290233908725,1730.2568047157195,2942.907166942296,26859.669662929686,0.0,3961.52041613471,311.5225299424257,0.7748037618519638,2358.3415898464655,2644.6210620573193,2615.576064114936,2637.81304016138,2649.757438509046,2673.3725600868784,2625.257711229621,2729.5151259899485,2693.6440350442344,2696.8279271857837,534.9431087040741
3508,2141.973024250381,2945.1159294693557,0.26835390245071167,-0.6664036554407479,-0.013653903022617578,49,0.0,0.008971862453327584,1.7326012913718511,-0.5967465843971345,2141.973024250381,2945.1159294693557,1195.816679156759,0.0,682.338121556967,311.350975142177,0.7757183229431271,111.04466805092008,138.5877379771053,87.32444077260615,173.97657522196283,121.58624313295755,66.7984071976677,131.31818618795546,79.3684514268674,127.3211703648682,133.95963717311378,24.531161650734475
3509,1619.357400760112,2946.075719636499,0.5211782089778061,-0.750432903560333,-0.009499884014290604,49,0.0,0.11759029297020611,15.950919354355262,-3.0069642982662153,1619.357400760112,2946.075719636499,3362.4365094301174,0.0,334.94811320986594,311.5687400341476,0.7761242036747863,325.0670665451398,344.3320107841273,303.63240198816806,299.08642828083805,334.5839544334241,356.9375447982586,317.23578508882605,323.0310561724258,325.929271149549,353.24311747966766,79.35787270969323
3510,2118.1924522003865,2946.4973569599706,0.5769544368872028,-0.1753401983858216,-0.2595836293200645,49,0.0,0.014445111179689085,1.7151671052099144,-0.5857660971497946,2118.1924522003865,2946.4973569599706,1215.6428410841709,0.0,692.4466541495049,311.3608839931966,0.7762943751857283,94.85110119066877,109.13762413065405,131.17781684283693,112.10940449702476,88.32816107164092,170.08583428619448,117.73904808652784,81.05259182571186,184.58290376706427,103.33656568766389,23.241789698183155
3511,1124.828102630667,2947.7542896181185,0.835055852251808,0.3837783254712033,-0.039591983371818545,49,0.0,0.010290129519434874,1.0740953945749991,-0.0776071361316566,1124.828102630667,2947.7542896181185,1047.9365278496914,0.0,493.16318613822614,311.7748021676028,0.7768189005713687,133.10101592712127,105.35378079126667,60.39870916901291,186.78224718550481,136.95846436923387,77.41118607536174,52.0756326316558,137.8635920346158,67.98176479960972,58.19095806159941,31.819176804709443
3512,1909.4741108578787,2950.6918554536396,0.7644251993476209,-0.4564387759137221,-0.01893626966459769,49,0.0,0.022908985426460072,2.112823481099618,-0.8121580370147361,1909.4741108578787,2950.6918554536396,1291.3369114747795,0.0,834.7941374939135,311.44785296816735,0.7780454521389387,125.03252855207211,134.89495518425207,104.35694261296618,142.56410364402694,128.50487730529773,120.64205151812266,123.59843565424427,128.66907604253197,129.88889308419223,120.9201368406627,32.26491103641072
3513,2092.2122017515626,2950.4797953072143,0.34867708854730706,0.8216141287860899,0.6283367669747265,49,0.0,0.0074472061187417045,1.0469324345790005,-0.04979663677507934,2092.2122017515626,2950.4797953072143,1318.3857165452036,0.0,794.1499253529774,311.3717094044446,0.7779540927403527,123.4733456414779,124.6000985446965,120.36773206803235,124.60526507371105,119.74023620167114,109.15911278955232,112.56778116828761,233.50128147644858,150.71296243417044,70.12053926200166,29.537361885154098
3514,1718.664072159477,2951.6407443427543,0.2775758042386079,0.005807985628930323,-0.3831562057203343,49,0.0,0.008576992340284062,1.0039645652313924,-0.004295961813216138,1718.664072159477,2951.6407443427543,1403.6040375936836,0.0,391.2080544236604,311.5273604434831,0.7784424609438799,150.9411342037854,149.59079920551397,132.62429607597727,138.11914934757613,112.67108610622843,141.9852304157211,137.90305866239953,133.17539522262427,139.7104982281213,138.68142568272378,28.20196444301243
3515,1080.0157345944174,2958.5090954699954,0.715799809152373,0.06986922849157975,-0.7590893869775708,49,0.0,0.01601302052422259,2.3267223001542185,-0.9168613807484965,1080.0157345944174,2958.5090954699954,691.9148798245049,0.0,58.12456832133946,311.7934746263508,0.7812986871222831,0.0,40.56979382592764,242.97597205979375,21.889112576095414,40.913464760086825,64.58171788742546,41.14269021259358,57.84046306097156,20.886353760510545,110.07839777754678,51.036913903553355
3516,1153.7879969629205,2958.7646415516533,0.5597731194003471,-0.2283885462158258,-0.15737341238545907,49,0.0,0.014410221306664939,2.219154699664287,-0.8654689460585258,1153.7879969629205,2958.7646415516533,1358.4394077790944,0.0,771.3759136322028,311.7627352068226,0.7814066277400435,135.4205981851414,136.1189198538865,101.74405919135215,246.13978837064693,116.0509294523213,150.92119965483602,97.33547397921093,88.54903245456488,135.76887637921385,113.10385609206621,37.28667416585422
3517,1291.1080750247927,2958.117642815547,0.206491441321683,-0.5479624447606585,0.7820805337836856,49,0.0,0.010959991002067522,1.2267708916866125,-0.2219086566812028,1291.1080750247927,2958.117642815547,1234.3254577332632,0.0,1090.213561908852,311.7055164123319,0.7811392171464018,97.87149633741049,137.73129349342497,109.32229149180807,117.95891326004546,124.79204929341492,116.96295604302566,110.65982558755344,125.97691573679508,118.63254051473913,147.68812819085943,26.72904778418659
3518,1776.0864246039184,2959.110836266105,0.45319141385315026,-0.26819806303947946,-0.20264392093446526,49,0.0,0.020581802902404807,2.504918550671308,-0.9969840225449983,1776.0864246039184,2959.110836266105,1335.4704934462734,0.0,628.833411407815,311.5034334225782,0.7815543473766048,120.42184865350747,131.8628905143083,99.85377226187855,137.1484696141007,110.01636976231056,147.20678776623893,130.33330836013536,156.1842437007075,130.35304078686903,137.6527269427699,34.43703508344724
3519,2058.6191290136753,2960.379032310548,0.4533992847530733,0.48212868550645355,0.7192157645926747,49,0.0,0.008697560150344999,1.0577936588752548,-0.061002398095813884,2058.6191290136753,2960.379032310548,1009.0012290219287,0.0,708.0184145580984,311.3857069151777,0.7820790078665011,99.04524441844922,107.44117248433706,105.16483712540874,142.68202963816907,78.43842082579016,81.84390168707564,120.02123660740716,104.17915569672019,65.99503944916532,81.28538638347396,22.904804705932186
3520,1130.0063781071824,2962.227230682241,0.5843299016297855,0.42792125684059207,0.4410780544626362,49,0.0,0.01801121143907683,2.642357940723753,-1.0549791198273772,1130.0063781071824,2962.227230682241,3190.4240280339404,0.0,1468.2407085311334,311.7726445612009,0.7828487729807331,303.2072729947807,315.1010107365874,443.72729034368217,331.9724322954323,256.5614855478965,262.25109284446626,286.3044136115219,404.8339929024721,248.1585802735107,261.5059538749255,76.8005026086648
3521,1161.8940858222493,2961.7208609973586,0.8081935548497183,0.4534570589780847,0.1928144710958913,49,0.0,0.021320154742472973,2.205419291109844,-0.8587279227231619,1161.8940858222493,2961.7208609973586,1283.0441853537031,0.0,704.5194931849024,311.75935757021557,0.7826384074257245,135.6597017263997,166.49633732610351,143.98882929618065,160.8895936187654,85.48246779806232,94.87001079344572,95.89955645493056,85.46989575137412,126.37841339911492,148.78498205114846,39.12439713817788
3522,1106.0922537237363,2963.09653347272,0.582360022842885,-0.4527578806497839,-0.561455233026304,49,0.0,0.012358352697878397,1.9647134297994195,-0.7332480344467786,1106.0922537237363,2963.09653347272,773.5042922830575,0.0,194.7815608413208,311.7826091034905,0.7832104669617459,35.63824006325036,143.45051810592435,143.1278874465732,69.6720509821355,71.90626716257988,53.90649702762086,37.57962725247176,58.70450507109035,27.612860183959643,97.52693644438259,34.378902543068946
3523,2053.5279183520115,2965.0174459660325,0.9397611336105189,0.013657517072184691,0.25334341789447645,49,0.0,0.012264549380737547,1.04499689430905,-0.04778749935584861,2053.5279183520115,2965.0174459660325,1123.3178589019674,0.0,688.542613432162,311.38782829962355,0.7840115760252767,85.05158726694165,93.16773379024815,119.8501461775869,114.8626276753021,105.05589190839454,92.90764116162828,119.05799224734147,100.27453010253916,121.36613926476909,146.75300942731369,24.970559879902332
3524,1159.7492909055718,2965.3388219781127,0.40753136216554814,-0.1889806386172441,-0.370926095861926,49,0.0,0.01233196514734776,1.7573129454642054,-0.6121227708212339,1159.7492909055718,2965.3388219781127,1108.9265318921853,0.0,628.9361755310244,311.760251283393,0.7841456962974078,105.59786788914289,156.3715440603912,102.41680436018697,132.11712245344984,81.71367274377621,116.78981861561071,71.45286608867136,79.98114749616195,118.87827310708161,105.01304541471262,38.59436966299976
3525,1412.7911473215952,2967.497754667903,0.38732632187821736,-0.8580301848335725,0.1839622159236545,49,0.0,0.019593374257171392,2.6426936028682406,-1.0551170335413007,1412.7911473215952,2967.497754667903,1326.0216219107392,0.0,940.9358125229217,311.6548130799819,0.7850484592431509,101.67075029646283,135.84192748175087,142.29169844001296,132.21195808116477,128.37511335497967,124.61833102773085,131.10989010333304,145.52823068928095,122.6158424245185,135.40549326518402,26.352386746320825
3526,1615.1109289777892,2966.835635147619,0.8018606581239033,-0.4229339889127561,0.3563693219067605,49,0.0,0.01429609746660267,1.1271136458952917,-0.12991926947835847,1615.1109289777892,2966.835635147619,1137.4539924150235,0.0,538.0815106178909,311.57050947153954,0.7847733303236989,106.12942796065435,107.77634861987886,108.69777218877249,108.2067636988219,141.35714768484326,106.69561092843824,97.86425326460326,120.86928944354048,120.99273633723192,101.84441945649604,17.020222831742664
3527,2150.172445226052,2968.0046871483614,0.3380851709683317,0.1691304980330683,0.7333844451893083,49,0.0,0.0096555130687309,1.9203722894492703,-0.7084635764206741,2150.172445226052,2968.0046871483614,2184.8823418990855,0.0,176.94486849259692,311.34755847736085,0.7852541182266374,1383.9642498731532,54.84705515845519,60.61851466014646,174.5014688751753,57.67181207098706,55.310559608016675,48.67220544727121,95.92427372499861,171.77103853615915,65.41407320117669,16.18709074354647
3528,1310.5728995147592,2969.359757178893,0.9285218514028729,-0.8658587139714923,-0.2510854627077161,49,0.0,0.013109630245386012,1.0600460123451803,-0.06331179163814259,1310.5728995147592,2969.359757178893,1042.5914815289843,0.0,927.4951027127554,311.69740578595383,0.7858232016694965,99.93398195741842,94.49674751196406,104.62010599680191,110.29396694612268,89.81788537187855,117.5073258448585,102.84144802874516,90.96492964277616,107.26625804305684,99.5621848887703,25.286647296591713
3529,1354.1909240164807,2970.782126045989,0.4649618709169875,-0.6472060756235887,-0.06013517245435341,49,0.0,0.01636911128338327,1.7633219386737868,-0.6158290272390635,1354.1909240164807,2970.782126045989,1277.2044469119437,0.0,1130.4723441118563,311.67923087334117,0.7864162816247208,123.48222069243835,125.2779460280278,120.9402643908441,121.62120923894317,153.3836384225604,124.82386926518606,125.65215646923131,119.67686250720718,118.66255068862915,129.69385608157535,13.989873127300697
3530,1724.628736983868,2970.9572768166972,0.41185197716751565,-0.5372829266979798,-0.01473989241088127,49,0.0,0.058064055097962704,8.481378523391587,-2.321166115443015,1724.628736983868,2970.9572768166972,2317.0679193773976,0.0,1350.3522503132297,311.5248750316534,0.7864901949771637,209.33014354908784,241.76686031728372,214.8768442455513,227.07337380615274,218.87472901266497,227.38683812688956,235.11282438797292,228.932171888269,226.64849036328133,229.36308544252324,57.70255823772081
3531,2172.358119603185,2971.6515483606554,0.8955865758293128,-0.6134250811927939,0.3056635314284866,49,0.0,0.01431132952089768,1.783868893243255,-0.6284073310513144,2172.358119603185,2971.6515483606554,290.50774906859493,0.0,36.166612301796086,311.33831416523384,0.7867729633086211,27.510261586715735,0.0,26.429000331092674,18.04362779573988,0.0,15.783092924039432,86.17716133258432,10.362891956385372,15.608754638443514,60.81829419311899,29.77466431047501
3532,1259.4212298604132,2972.214654165608,0.9490634568906945,-0.4525764329007422,0.005504220696819153,49,0.0,0.02297077294560227,2.197902105466137,-0.8550208626178366,1259.4212298604132,2972.214654165608,1110.6600313220524,0.0,786.3315384029469,311.71871982899364,0.7870119496516668,81.97005928366968,99.41685621086899,108.69066968445718,114.1007731815649,101.64622071872068,136.07036559089147,112.66041270446685,98.5634294965397,151.54953621815022,83.94495829253816,22.046749940184455
3533,2044.8100851014099,2975.545802180783,0.7858754343380646,0.2536978912558636,0.26945131760085017,49,0.0,0.01592359230795355,1.7923349649758513,-0.6335479427882198,2044.8100851014099,2975.545802180783,1006.3098019692202,0.0,539.1615844320004,311.39146079941384,0.7883980951369746,127.56528735992063,164.46960195347623,109.34600977899015,123.73774970335921,60.75739413836702,93.4580031193904,77.17000600973213,58.704859169937635,60.49476195143534,116.21529144783756,14.390837336773918
3534,1562.8495414638555,2981.428917525532,0.44322695944786866,-0.8814702446129336,-0.234987089984638,49,0.0,0.01968034834382034,2.632327488468575,-1.0508497974490296,1562.8495414638555,2981.428917525532,1317.29761893918,0.0,923.6624091745289,311.59228602330757,0.7908532327322352,124.16954085713482,139.16974034729287,129.6148834557876,122.54982962613383,134.04626449974936,125.0100266804333,116.20291273751701,123.93747256806088,143.49799349949916,129.1191551151548,29.979799552416488
3535,1787.9408747598404,2980.9297841917464,0.4224225184192705,-0.9307059838435402,-0.18208721133154407,49,0.0,0.022735849638677683,2.543952607611671,-1.0137725409821632,1787.9408747598404,2980.9297841917464,1510.3664166622584,0.0,1274.6633513467164,311.4984938118663,0.7906445766103993,142.62164226158396,139.23834669421262,141.91485359777732,156.12209620073241,163.16161886589504,161.6678187959499,155.5719582248605,144.1471328247744,142.90030937558714,132.4870257181209,30.533614102764425
3536,1825.9641361064369,2982.5809506223345,0.44197203909376437,-0.3737232629964357,0.03321111802921117,49,0.0,0.2637359096426143,37.23939634159523,-3.9275065809049075,1825.9641361064369,2982.5809506223345,7900.606948508969,0.0,7046.324175014306,311.48265010764726,0.791332164069032,686.499261961201,803.462980416902,733.4608635166172,772.3805390771404,797.2529822549269,795.3957554651872,829.6591652606687,789.1630138761293,779.289851401059,757.4479220432265,156.5946132359113
3537,1201.0729190942875,2984.2842708238204,0.3320506102501583,0.23976607713943626,0.4776933707137896,49,0.0,0.014517779537410867,3.798839881311307,-1.44912747175964,1201.0729190942875,2984.2842708238204,2021.8655967334194,0.0,332.62169638897893,311.743032587532,0.792039531461999,17.25591581967346,30.834109138079427,59.42585639640395,358.50498784154945,83.81450323747762,43.261279308109806,42.235941342374176,232.16115664512967,42.637611962116644,1092.5378667763528,19.196368266152728
3538,1975.5301170864461,2985.1075917990656,0.4846693044087616,0.4552959253712895,0.18566238406672395,49,0.0,0.01570899653121527,2.5018032831012316,-0.9956328952656581,1975.5301170864461,2985.1075917990656,1116.0642480103634,0.0,673.0393326044878,311.42032844485357,0.7923829415328998,88.43281360749265,144.72472336397183,78.86675704633427,120.2037860733328,125.11764499613017,94.47161666688618,127.49224222355276,73.59546857775646,106.50416217775467,129.53220307125576,27.122830205895724
3539,1910.0577090301,2991.360667529517,0.2906188202423302,0.8237294620677286,0.26385884301663076,49,0.0,0.00977179872925173,1.462445839516025,-0.4126994782789233,1910.0577090301,2991.360667529517,1189.8848574890944,0.0,893.6685672593242,311.44760964931334,0.7949890569130751,105.43515180698658,110.80442051799426,112.45064180421218,118.26006791466767,127.47658741225828,124.19450024861563,142.78562102775828,95.27547935129786,119.1645459433075,113.0026610320183,21.035180429977814
3540,2005.4813655006103,2995.0403218016986,0.6679011181233611,-0.3601600389008528,0.15454850348577076,49,0.0,0.012718297243191998,1.6375239546933071,-0.5354691545832541,2005.4813655006103,2995.0403218016986,782.4243116377056,0.0,425.3612394878878,311.40784825173654,0.7965206490311215,59.4167613057198,51.96819178716697,125.34013942335662,125.44988455747307,68.70359106036535,101.31679895302881,48.392512044076,55.647206556196195,74.80937604470691,56.365430525389826,15.014419380226068
3541,1956.743330886185,2996.070755388355,0.4909248523013692,-0.05153320448984585,-0.36065821866431225,49,0.0,0.009531610639395657,1.3829614172792275,-0.3520251601495156,1956.743330886185,2996.070755388355,952.9999803997782,0.0,576.7470739798744,311.42815652437326,0.7969507321096059,106.19327146669048,104.53261737255191,75.78138879335567,79.63223424484711,70.49466550625519,61.62724784457035,64.89228114225185,74.35018000834046,191.2388052757401,111.21775879327473,13.039529951900363
3542,1368.9131675371436,3001.0385569295554,0.6932366898673076,0.4851600647792196,-0.20174861972864844,49,0.0,0.01152787851947827,1.20840369445694,-0.20553011093336612,1368.9131675371436,3001.0385569295554,1023.9236232905847,0.0,745.4038736860975,311.67309643030393,0.7990219766691465,101.79460281829435,82.58138612867106,112.58370575055551,83.03491785884259,115.18820379792079,114.43329455421092,99.51483362961974,85.47829268385294,102.35260554487051,114.42374107229467,12.538039451451617
3543,1349.3156036621035,3001.729833209324,0.20764522202632366,0.12914721728570203,-0.03997665341850868,49,0.0,0.006441703333628003,1.3919667645615967,-0.35907216480306475,1349.3156036621035,3001.729833209324,1073.5715506174356,0.0,661.0561176942471,311.6812624292704,0.7993097781938154,94.80037311644288,103.57887563374764,83.69841799763051,148.3602023773616,107.91946171939026,165.45931113642945,103.53955057357769,101.65408884602242,73.21822568331208,62.33821445585045,29.00482907767051
3544,1448.2632353070871,3010.7617556237915,0.6988016951351698,-0.2003272030426194,-0.5524207957683807,49,0.0,0.011613081218478904,1.2849556294430216,-0.2722203284664287,1448.2632353070871,3010.7617556237915,965.6235325343555,0.0,666.1236756148173,311.64003248390367,0.8030735272951677,91.77498063575771,87.45977159277828,80.9022171236938,116.27033555031986,86.12115903534996,85.61082664974539,123.63079835319797,101.011805248588,72.72534037966318,108.82503717507605,11.291260790185351
3545,1409.8626080661975,3014.940177426224,0.372247597785616,-0.19738714062219187,0.4878889306944173,49,0.0,0.007119607102356908,1.2068897941518872,-0.20416903693171926,1409.8626080661975,3014.940177426224,903.8361681522849,11.0,567.3866855604626,311.6560334596927,0.8048140714802575,122.00640731268919,92.36594069467857,78.72081537321036,109.39637857153888,122.76121964617938,94.33695454173447,66.50086640823585,79.63208200816342,58.467817382969784,60.01068415085153,19.637002062033485
3546,1344.2691071642894,3014.978560139703,0.4775015770716618,-0.9072317859667134,0.1958835631195323,49,0.0,0.08750969824709567,12.602705730855636,-2.7511594893472986,1344.2691071642894,3014.978560139703,3017.9899940180294,0.0,1860.1031521417576,311.68336526313436,0.8048294387950626,246.95841298870857,275.44004749868213,330.3257667374513,279.08582401092974,311.59673922020426,376.9367763304183,295.79670334867785,249.98346919043095,307.08620377427945,262.94754475022256,81.83250616802366
3547,1768.2254281912408,3015.064324680162,0.7316520372025325,-0.11151157377959901,-0.2732460181651532,49,0.0,0.011826244155969511,1.1045939945728127,-0.10800669433353387,1768.2254281912408,3015.064324680162,1111.328403189858,0.0,760.5873928684513,311.50670887056634,0.8048659687203437,83.37896827508885,113.10821370288474,120.80799966311592,125.2096653490401,97.42486290923253,111.01636125689114,141.74286876635128,120.3357204753101,106.32341633842177,77.90633713595918,14.073989317562352
3548,1333.695778967805,3018.785590325249,0.850477635161684,0.5440232680776407,-0.7695391878787073,49,0.0,0.02554512575864744,3.140347412706634,-1.24244424046594,1333.695778967805,3018.785590325249,889.7000664101545,0.0,382.89123711561984,311.6877710137882,0.8064154124240835,123.55497458972663,64.57748751022007,51.325735001043455,53.046630828582636,102.26416175040112,75.5173463925347,111.14168219561734,62.55030107186454,66.5916289382477,162.86318707376017,16.26693105815601
3549,1973.2056386882898,3019.8604448004326,0.40750030586956143,0.5010474157464238,-0.2448416890334123,49,0.0,0.009326752186670688,1.8951224478135669,-0.6940931897071041,1973.2056386882898,3019.8604448004326,853.2825410047366,0.0,190.5641381728576,311.4212968662694,0.806861775061878,7.593777051068884,173.39969663918697,96.2572851826923,165.922517937431,78.57383115972945,114.15022485183258,33.44388075397137,42.54852287254415,40.65530664180024,77.76854002251213,22.96895789196746
3550,1575.6198180387792,3021.260295805423,0.7509058233058443,0.33475458850746975,0.30874627488344375,49,0.0,0.013720070271653074,1.3114070027153573,-0.2943437460090957,1575.6198180387792,3021.260295805423,1075.0508281237526,0.0,672.1547055114567,311.58696484770087,0.8074479344691807,90.28790167611724,78.19980435978358,92.603509722356,114.73663592001117,131.41620060356937,80.59608938626508,147.29341040515052,97.79144950305222,109.38735216827575,120.07883220793528,12.659642171236397
3551,1634.3308513967295,3020.9986203487297,0.23679796288626606,-0.43452404414418877,-0.6470626656878817,49,0.0,0.008721414422612737,1.6467998937417943,-0.5416020757575215,1634.3308513967295,3020.9986203487297,1062.4308868467897,0.0,695.921269991565,311.56250079399,0.8073389034485488,82.00402376729312,89.52640968050258,113.93322226431778,95.27571945816553,134.96129259369883,75.844768630458,82.0615130952956,109.41400352368827,165.1631692096716,94.50972089412409,19.737043729574136
3552,1785.6674868965888,3020.5286179094974,0.597603473864064,-0.461414348797466,0.49736262737135406,49,0.0,0.013410281707328775,1.704741274278884,-0.5791461904632864,1785.6674868965888,3020.5286179094974,1126.7677125122761,0.0,674.4090781224829,311.4994410139676,0.8071423826677443,161.964107058463,146.02563508724108,101.62747860660441,91.08632649375065,107.22748410095515,123.50847402446738,79.15955448494225,85.35525867686924,123.17793333905475,89.55987261335139,18.07558802657699
3553,1316.8398544191537,3023.9680982818018,0.7254283115185778,-0.9813724488866624,0.24025249694151712,49,0.0,0.03231543410122127,3.5568465771139546,-1.3776628312594827,1316.8398544191537,3023.9680982818018,1279.2605218813273,0.0,496.45665006184447,311.69479462641095,0.8085743577717684,18.60498778960956,104.69771492088412,95.66348844651358,58.051723178252686,176.33361216515237,143.17462048253245,153.89787422477673,134.0758268163911,182.4906802267559,144.52469378908626,67.74529984137267
3554,1334.473460745594,3030.9186317045715,0.5637392647375633,-0.3538453357473158,-0.1713025892617679,49,0.0,0.015091210979864678,2.3692983355178923,-0.9365493733260879,1334.473460745594,3030.9186317045715,636.8859539773305,0.0,137.67486111780673,311.6874470028548,0.8114703033579447,35.70625056456088,84.26256049634648,58.650814479101925,61.63894474683684,88.53057261343496,72.16176054394863,53.057452917196294,50.91789602269807,16.09323617941544,96.25668259937446,19.609782814416537
3555,1316.3538383864447,3031.6419950781474,0.9607883608415079,-0.5004512925468558,0.1502351582324735,49,0.0,0.03225799985727829,3.560393605033301,-1.3787450307782858,1316.3538383864447,3031.6419950781474,1163.9780598397363,0.0,202.1582340612091,311.6949971663957,0.8117714575970544,0.0,256.361873639784,82.91769781393472,50.027130046936236,171.69756523967087,98.69007142560986,134.1712788282421,90.94032553781109,127.38668864789726,100.43320242219318,51.3522262376569
3556,1389.8489445519194,3032.9225497727944,0.5868122565491216,0.1511382828523761,-0.6519905570855274,49,0.0,0.013142512361876085,2.0831142493176986,-0.7967827241823224,1389.8489445519194,3032.9225497727944,893.9455107398578,7.265378488070613,263.8520029673568,311.6643728931481,0.8123057441407882,419.62522630421427,33.93677459910697,42.927075895034314,23.74266989108062,35.36282103674644,51.91605931117077,122.21547291200274,44.002325737497756,60.62144862029308,40.73572971075603,18.85990672195487
3557,1679.5238399593159,3034.6333047342173,0.405571836585546,-0.6735785927138866,0.08119437934461674,49,0.0,0.014621512594934083,2.671007474293756,-1.066687758278809,1679.5238399593159,3034.6333047342173,1092.8998550138735,0.0,499.92897047020983,311.5436695083568,0.8130193001128089,137.9049765320443,66.29365586710233,67.71833808972639,135.12735547720405,53.033600742951975,154.89528078365902,62.337475709383604,137.8632889327931,110.56142593194346,151.7668061115299,15.397650835535611
3558,1622.8962313510156,3038.0291841553485,0.6646682144356802,0.094724337857565,0.6801059808418706,49,0.0,0.011476956871394191,1.507809563139962,-0.44586623364187616,1622.8962313510156,3038.0291841553485,1061.7477485957027,0.0,468.61110501635346,311.56726543326795,0.8144342190632001,101.0217167953117,152.52500623889142,93.68408128915682,137.56046513986098,177.28572433304072,83.6791626460602,47.832338020763466,71.5998761727164,99.33065040534925,73.26771191263796,23.96101564191381
3559,1637.3335359358705,3049.4713933122084,0.29798676803671564,-0.3143873403260661,0.2170933951941874,49,0.0,0.012716296623728682,2.9182168966098607,-1.1627939192877912,1637.3335359358705,3049.4713933122084,1891.214299806902,0.0,314.3355134253661,311.56124960610407,0.8192012624939499,52.91837257809418,91.24469564556917,69.96167676996953,43.58021774062783,55.553948347924276,89.95906938522972,60.754268263224645,44.40029300900166,1244.8385145246984,127.37155554206683,10.631688000495732
3560,1763.3951668109357,3051.011560737247,0.5191290995832956,0.3050467362847284,0.0030444573785737014,49,0.0,0.006718437987291711,1.0429190071366539,-0.045626456302613666,1763.3951668109357,3051.011560737247,1947.655847552648,0.0,204.40841651453732,311.5087215019322,0.8198423817717553,90.6491180919456,1425.5972738226344,45.21432022967481,54.633448751493816,125.33259257573175,65.28642111251705,23.542706805311212,47.0647078956093,25.968393193310604,26.7459386133566,17.620926461062606
3561,1506.8301954062417,3061.76004608919,0.6980527519337625,0.04301294165200839,0.23374178567518816,49,0.0,0.011463324548265907,1.7075306607752985,-0.5809212767638252,1506.8301954062417,3061.76004608919,535.1347964691198,0.0,41.00856658983847,311.6156285443086,0.8243207993419066,28.837988496800232,41.65331743995994,32.572569612786715,89.22562843042817,0.0,12.129167252690879,37.88653190982261,37.852164944510136,196.93030278350847,15.326572772380723,42.72055282623195
3562,1690.9151336321245,3061.2416712313775,0.9625220707823609,0.2429037645716759,0.5600047545423915,49,0.0,0.0146482220792807,1.5818783300764991,-0.49793269188573375,1690.9151336321245,3061.2416712313775,547.7424465959868,0.0,86.99069067720703,311.53892289063,0.8241048473023902,0.0,33.17617590513443,28.58150017961765,92.33327374363205,96.43114428536121,28.514879828457413,24.774274670121876,23.99390261356935,56.054031545083845,151.61299661933725,12.27026720567174
