id,xcentroid,ycentroid,sharpness,roundness1,roundness2,npix,sky,peak,flux,mag,xcenter,ycenter,aperture_sum,aperture_sum_mask,aperture_sum_edge,ra,dec,aperture_sum_0,aperture_sum_1,aperture_sum_2,aperture_sum_3,aperture_sum_4,aperture_sum_5,aperture_sum_6,aperture_sum_7,aperture_sum_8,aperture_sum_9,aperture_sum_10,aperture_sum_11,aperture_sum_12,aperture_sum_13,aperture_sum_14
1,1775.7516681319757,270.24640284107653,0.7631368266341373,0.5769376532395946,0.9732627677019287,49,0.0,0.03707328221034891,4.746441174887709,-1.6909202570139548,1775.7516681319757,270.24640284107653,1447.2452606063016,0.0,55.242750232366845,157.2681923569341,56.79959495081822,0.0,90.43786980917655,305.64087653918705,37.65919691161039,1.8515707283128469,1.7046553256113341,231.33323386862068,280.22081458422724,5.66539840683282,3.5491707729286883,127.2375471912513,71.63050082790303,253.15038950947616,37.16403613116363,0.0
2,1871.8183015991463,288.9844625742492,0.506870460126266,0.8132607941049195,0.4354766199435083,49,0.0,0.059710703488599,8.566835311176245,-2.3320510452622525,1871.8183015991463,288.9844625742492,2562.8776454191066,0.0,1722.4643543425086,157.19505218517816,56.80730239113527,11.453282260746784,38.38445084737343,127.67950699778157,163.4240326715909,189.9073192269334,196.45675373071003,197.73529627252228,191.09712194777256,196.2268429398303,161.03415155700594,457.7328463596014,196.2972940004234,215.5972875341143,219.85145907270018,0.0
3,1361.167254526153,294.13387659353214,0.8412200838102192,0.9239025007242062,-0.03339801878679249,49,0.0,0.03226290269067569,4.113817640158745,-1.5356125902805027,1361.167254526153,294.13387659353214,1266.6153579309964,0.0,23.765549348090094,157.5836994113914,56.8094855976365,32.817211222927604,114.50053522456648,70.0153980523268,256.7486913780414,190.45939462110215,157.91319042828502,107.3545468713561,180.21830245190057,2.071707162373551,2.4133598578082616,9.648783851609634,2.892931938230562,25.04819348472333,3.897074620045151,110.61603676569997
4,1447.1826399536096,316.6523573722821,0.20323345345616486,-0.16772859691177777,0.2124063952090953,49,0.0,0.004578526233342328,1.1002501830562736,-0.103728623728954,1447.1826399536096,316.6523573722821,616.2965665077511,0.0,478.49938314037706,157.51826225954693,56.81894566164659,44.308226150668446,45.40721870071984,58.120353160563674,25.596148978708882,41.76334904166748,31.163378161132744,46.769887742420366,29.799598909845063,39.553214563467904,60.43686627738139,30.928639084123056,49.587670400009486,63.62505052429191,41.71837969494774,7.5185851178031875
5,1644.3084082200485,316.21261148859094,0.2325899120651429,0.8784890483165043,0.32853884062444727,49,0.0,0.012923101164956595,1.4684272746715084,-0.4171311063078148,1644.3084082200485,316.21261148859094,1784.432582762177,1.0,1664.013003880588,157.3681907787019,56.81881246085511,135.71913838284652,131.92409254580332,128.571505175688,129.4619684628618,129.23066461164126,133.407455621074,143.1968223382539,112.00315769216503,119.14689099794381,99.07598503966005,96.32721494337893,120.00464899608701,157.01042396419896,114.59561927735223,34.756994713221914
6,2034.5595998733825,318.8618440459743,0.44861027034811174,0.4652968687109683,0.023823504061538398,49,0.0,0.008241091287671183,1.3636246782141335,-0.3367371306940548,2034.5595998733825,318.8618440459743,771.1410392410435,0.0,321.466934867356,157.0710879476026,56.81948416347699,61.175993137031384,16.224095112370122,17.487010249493757,65.53538846903498,42.20347768452886,32.98119983599325,33.88831980457759,47.86992968156083,39.14946730235242,43.8076813487405,241.98427869875667,30.86218774160719,43.39621245391668,54.57579772107927,0.0
7,1633.547268017136,332.8510230155649,0.337059249462964,0.16226580299381632,0.19055539810555983,49,0.0,0.009762790130038132,1.2761958256415649,-0.26479329934506723,1633.547268017136,332.8510230155649,1053.8181540951566,0.9436045560540615,1045.2476407443578,157.3763785060604,56.82574645080428,65.70486717252412,101.50833101932156,82.44930154532852,75.56369703441874,64.83211916029813,68.4065884617057,65.90552942831538,63.29710762454645,85.36879653098336,67.28885867953201,64.96502595686286,68.41597145634935,79.79312081129257,76.3913151595788,23.927524054098843
8,1860.088687222153,332.7491049891279,0.25120508271734504,0.5603787193586572,0.5391291108263478,49,0.0,0.00996922645831496,1.070127294653878,-0.07358860327276392,1860.088687222153,332.7491049891279,1205.7585210770299,0.0,1153.9230273840494,157.20388231237757,56.8255503658657,77.64166335689617,89.24991478533195,101.41068005225071,75.66773442485204,90.0900368572554,83.22721299389326,93.77987861721707,70.64016459109556,79.49726480960908,77.62495370371944,81.45438852223836,87.247227270472,83.47316909585403,100.21747200544453,14.536759990900226
9,1914.9355643731858,343.99999547920396,0.4014996526472452,0.06435790673109062,-0.16553587316898088,49,0.0,0.027627322886016537,3.9380687440480533,-1.4882082325906674,1914.9355643731858,343.99999547920396,1750.4544835657748,0.0,1672.720298808173,157.16209033732025,56.830164845030836,118.11517552786692,138.79910306692528,126.88132964275694,118.66997413951034,105.41774748634575,129.8807945742764,129.72453997800068,129.06522939992246,100.63326900803736,137.66450019547125,114.46806210251538,118.15151041681486,131.83169017473745,126.18940308281572,24.96215476977803
10,1135.3396226559992,348.1413977269801,0.9937664059751911,-0.8740657383394368,-0.7432746890899085,49,0.0,0.03729452788743474,4.080888148700749,-1.5268867288666756,1135.3396226559992,348.1413977269801,1243.4114431093737,0.0,15.728352539182735,157.755788740452,56.83161791642868,244.01616970074878,0.0,0.0,36.62909848910166,72.82158644175821,0.0,81.71523528716307,281.7186854960181,77.3515284879661,0.0,164.02404861468403,23.782093950822723,0.0,49.405236519374114,211.94776012173708
11,1959.360306704798,348.502832829863,0.4894042048157656,-0.6463933026070331,0.22564561042721684,49,0.0,0.012238861012728865,1.4045956695813508,-0.36887831284230677,1959.360306704798,348.502832829863,1307.675867979634,0.0,1226.0865019735716,157.12824634442651,56.831971525549775,91.12653131032549,84.56480720274332,103.45670014997654,93.20911594514997,104.73870852677481,93.46926627788011,72.2334674961298,102.34283969995997,91.70316767775257,81.41987338042631,84.956584369076,101.17458990845478,89.62861521926777,92.85270281317851,20.798898002538067
12,2072.0694635139744,350.616458407931,0.24940808429821656,0.8632110930937921,0.5794511663901252,49,0.0,0.004042898013562846,1.1060125047782507,-0.10940009302181404,2072.0694635139744,350.616458407931,1215.1436701969749,13.960749122846208,339.5928763076821,157.04240443239618,56.83263517082628,24.427189288911862,27.420664421771264,40.939375676937,29.189804344754283,18.436667713461002,87.21351800855174,56.39581383660671,27.149345033089045,76.98559634519552,20.252056381965467,199.71657422743996,21.62505766442298,498.36832861764304,68.52630078184072,18.49737785438431
13,1909.1414882755296,353.8195498400115,0.8178028372807974,-0.001981596179221329,0.014031184317457443,49,0.0,0.011376836212110615,1.0107487454262716,-0.01160802736455045,1909.1414882755296,353.8195498400115,1076.5638641731266,0.0,1037.5160961655274,157.1664768084572,56.834264319581465,60.86433616995022,73.21323335440484,64.00991215742249,73.83597740535849,76.12202549390588,78.01196582662737,89.93784085609498,87.52591852947216,63.742000240254995,72.13174693167169,71.10998045458791,85.53869573244408,80.83815261844387,80.46256371745308,19.219514685034685
14,1348.1537010190696,354.7517725428205,0.7233393814858542,0.007962405120084585,-0.2980398997593289,49,0.0,0.011083291998860562,1.1336994352169878,-0.13624482570299434,1348.1537010190696,354.7517725428205,929.3242693687662,6.0,882.6446424663567,157.59373433665033,56.83472591791823,70.22921219104799,80.44839451961712,64.10744116211075,51.4611720060396,61.177687081030484,50.723362752053035,65.30601869169959,61.883338860165665,66.43737856019023,83.03258338179722,73.69921147789614,63.88360214548294,53.551815807838025,71.99763850862692,11.385412223170396
15,1958.4527729065296,354.8408982758724,0.42417546285790897,0.10635865863646804,-0.21885196658897954,49,0.0,0.009603114728131948,1.0170085913408309,-0.018311554273811162,1958.4527729065296,354.8408982758724,1323.708229506823,0.0,1254.1501925110517,157.12891814180207,56.834613646049,87.49688792584143,83.36398163840494,98.90340464601988,87.67283483992186,101.38027088230228,85.66691233922232,75.9231509023974,102.44902773062101,93.34941218441507,87.16100488675823,91.15417717150919,100.66669982659889,100.13676822891628,104.81436316652125,23.569333137373082
16,2002.1751715793005,357.1975398353938,0.49809200528131564,0.5383684950998125,0.1973550957016278,49,0.0,0.01240389971745509,1.5145854453736767,-0.4507344477336507,2002.1751715793005,357.1975398353938,1192.1846983345904,0.0,1028.683439406906,157.0956108404971,56.83551849593768,76.6754925989473,92.42131752484671,69.8909889097344,92.64075211142398,88.89152075999371,83.23510566770526,79.34270271124642,92.50677221133978,79.2089855405462,71.61524794774728,75.98614797332354,80.70988893819806,70.73238372939433,62.18490804148027,76.14248366866326
17,1101.0,360.18967334232656,0.9313515141545791,0.2069023743037602,0.4355546546269758,49,0.0,0.03242249963156562,3.9590273159204825,-1.4939712456110037,1101.0,360.18967334232656,998.7202904701387,0.0,13.329763671921434,157.78199092665997,56.83656072790271,0.0,57.552725026104845,2.318327164233685,138.18915932075467,115.01787415202918,83.17684125388392,133.8697432851871,194.11268733994785,0.0,0.0,0.0,0.0,133.3593689207777,141.12356400721987,0.0
18,1866.6098963759598,364.22659912520993,0.4055351889950603,0.9117528587013572,0.18350067137218945,49,0.0,0.013288712613870417,1.5477953147253625,-0.4742838192217842,1866.6098963759598,364.22659912520993,1390.4117508910863,0.0,1273.0410549086305,157.19884548711457,56.83865687439354,92.96955932033958,102.67889142217336,96.64768544506296,91.59409542807953,94.89511536080103,100.17605927804885,105.5002976602888,93.65809109944016,96.93677840673811,96.76662904139488,95.5660496515574,94.64840199498491,92.492153869325,105.08105303917323,30.800889873678507
19,1723.0827025589872,365.62318918304067,0.37878269759064176,0.3148637086136604,-0.07872568239335044,49,0.0,0.014412754412424242,1.843193326673678,-0.6639272234305433,1723.0827025589872,365.62318918304067,1304.3751875714304,0.0,860.6612845970014,157.30816867990077,56.83936808096637,99.55075502136981,84.26641995289857,90.17707177259538,91.94198024270929,77.66933000202354,81.95166561471957,88.71145048332335,94.34789549340925,87.90141906125052,82.2581737211517,102.88701989116761,75.85563032488099,106.7505034373748,111.0016497519327,29.104222800623315
20,1508.9363756176056,372.5940647264587,0.5310037998542411,0.41378070011739715,0.023839404314295737,49,0.0,0.07157552643592036,10.517507096155404,-2.5547820342683645,1508.9363756176056,372.5940647264587,2597.627765693859,0.0,1627.7854740669118,157.47129293497736,56.842287778398564,173.5077059057167,183.16215364007945,164.46317339360354,209.89955075449157,164.96971402704077,211.5934116756648,157.2846847929674,176.35811344247713,179.98931882459325,166.61915853423787,188.33618089194437,180.65653458588986,172.4495055793103,207.71734826373904,60.62121138210252
21,1295.912105008989,374.9920911007217,0.5407717595415512,0.5341578642713881,0.07757807273099013,49,0.0,0.010431331097382012,1.2251249174567214,-0.2204509323559844,1295.912105008989,374.9920911007217,915.5445589511812,14.890007101640695,914.5585898803224,157.63357483290682,56.843091188222076,66.29365992578899,59.541936280353326,64.02676297236003,77.32364776156815,67.15529168324201,63.19146000390522,65.6898777016195,40.90352161663614,62.71171593922151,47.23747525488352,69.76159944596016,71.71417489741476,70.95098732187103,67.28498833660258,21.757459809754238
22,1879.827558144778,375.35664000158914,0.4580849815526008,0.5746328474398579,0.13470991615723776,49,0.0,0.08031288563164499,6.889852019741533,-2.0955247355746374,1879.827558144778,375.35664000158914,7527.477600739186,0.0,5828.9183598983245,157.18875114592015,56.84327727313577,486.37477046730027,514.9375934794543,526.7881750303881,550.7419569098191,505.4783140641382,532.9107880384929,525.1374069874628,536.7192968082644,511.0113557163021,551.1215759565454,534.0074555839199,498.04968599891833,549.3623048875066,548.0253209356287,156.81159987504452
23,1106.6742775568616,377.2434000084679,0.9670881210283979,-0.6640462969726603,-0.3080224934491509,49,0.0,0.042043278067810136,4.687577857856799,-1.6773712354163823,1106.6742775568616,377.2434000084679,1938.6940834511781,13.40210130047958,102.72077671509936,157.77774099442502,56.84367878935148,13.904539434443128,1.5145423638109468,157.111307950655,516.858380963698,462.7674759321514,150.36433408896056,36.241467725542364,206.23641439139652,8.84304921977696,0.337525023419205,258.0145427357136,24.475050051390916,4.312848407098452,29.41070965783762,68.30189550528351
24,1935.9814391094017,377.6544234436182,0.914493156035218,0.3153176882498002,0.31330262936411785,49,0.0,0.012116821854883964,1.0040205886024376,-0.004356546526361024,1935.9814391094017,377.6544234436182,1098.1625471083614,0.0,983.5833531436459,157.14596725299907,56.84415454168472,86.93720765722529,72.24024791262943,76.23933344529169,68.38770852484485,74.58449265073745,75.10345842608731,84.41988168954956,82.05071864406634,82.93123267604366,83.66102004144153,82.86070424467644,67.55261735871082,73.14948445158154,67.66407616659325,20.38036321888233
25,2114.9191475530374,380.02064103722483,0.463622540629735,-0.47862524608583246,0.11778815182443117,49,0.0,0.037272908758886884,5.031051172621714,-1.7541468367819766,2114.9191475530374,380.02064103722483,2207.4071345648763,13.0,1796.5424257047323,157.00964300731496,56.84478770731637,182.48652333362287,192.30738855102078,170.01482506852614,178.53310362261186,134.34808624307013,152.53784465704513,148.47446354262956,132.792397477458,134.43568113158256,124.44010675373269,179.48287249835658,97.6197773975923,229.87351878631657,130.56719244498674,19.493353056324672
26,1146.95702842411,382.2939916243029,0.727553380951344,0.16711402228332708,0.39979229110941306,49,0.0,0.009191253717586128,1.2589562584908898,-0.25002660281920774,1146.95702842411,382.2939916243029,680.1021813668857,4.0,323.7056406386789,157.74707369597863,56.84587149255287,89.83326223835027,59.77593621266025,43.46905155967379,26.63893706163863,23.629154561717264,121.07031549639062,36.69742216176855,21.97566080397515,39.81738669659149,29.878796212232324,9.727835236430934,27.436250202229783,27.4521382831194,55.392936112647874,67.30709852745939
27,2144.324077227371,391.4284633028781,0.30159740692296705,0.5428617009240962,-0.8433707306674119,49,0.0,0.010288292916688565,1.160959330123938,-0.16204251529793495,2144.324077227371,391.4284633028781,2000.4900027666615,106.61581581515188,1899.5855570981012,156.98718934670538,56.849468309923616,155.44747083103,195.43103375929147,146.5411067356256,181.02397054535555,144.23483796289077,139.81794394698923,135.78486300253144,141.33988593211689,118.63986161144373,99.04020712850246,117.86622039940215,146.26235200030467,118.39744588632112,149.6916416677354,10.971161357120934
28,1120.0820148914368,393.51171467850725,0.48265994483653707,0.46795506254366775,-0.17315533019050536,49,0.0,0.19170488195414254,27.12429284832658,-3.583396061512624,1120.0820148914368,393.51171467850725,7548.613354939938,596.0575618796679,6777.606230183119,157.76759385965744,56.850486875168386,413.4798472837006,520.0274873743411,533.591170060527,449.67632816587746,573.4402923745513,508.07924439006035,501.2929477125083,465.6424358005879,445.2965197072866,490.2768303664525,571.2491140606924,599.2554857496991,794.4497563035077,525.4788040484725,157.37709154167334
29,1952.2622701502685,394.05545286406056,0.3982489813665978,0.11295974420136992,-0.1255779417180141,49,0.0,0.08966379711903999,14.195642348845004,-2.880387622525793,1952.2622701502685,394.05545286406056,3946.5900710985693,0.0,2691.4854384871087,157.13351523869883,56.85096174917149,241.4765573844814,229.33300929230546,270.88883411776635,264.0836550611914,299.07337819957314,278.2819536608505,262.1175545493584,300.53991990860004,290.09194465205957,261.6439497563425,272.532612125951,301.3377060307768,301.5718078230086,276.8778541541438,96.73933438216052
30,1124.914080969214,412.9419348148442,0.5720592625957311,0.2187974703763746,-0.018267699741486367,49,0.0,0.03621077571074054,3.973746173258678,-1.4980003067371206,1124.914080969214,412.9419348148442,2258.3375718964744,133.47538165055423,2087.0418969662974,157.76399104867437,56.85859273806447,152.3151122064491,158.2370340140821,183.22015660263887,169.38407819774596,158.89578186157496,150.15968222528562,172.64692734700918,134.72059672162544,138.77816791311426,124.80382571811901,149.82880923678846,146.90193665008354,203.13138321081942,146.73282702040507,68.58125297073357
31,995.0985455852514,417.6451052040638,0.8472170365478938,-0.15606408754486867,-0.0483966455184446,49,0.0,0.025728178147204652,3.0217555306248274,-1.2006483141410988,995.0985455852514,417.6451052040638,1101.306370354262,0.41100811846195046,42.813750049547124,157.86294533933895,56.86022659439039,76.44756598411463,293.3969373388944,282.3680480524607,34.06912825377989,14.960303619470613,76.71940136552533,23.900235255066317,180.56272325261307,43.46545366741529,0.0,9.305888211493293,55.533014335120185,6.954408725029842,3.6232622932785157,0.0
32,1628.0150408038307,419.27476516700494,0.8915128458225514,-0.4976321821310742,0.09923814193321157,49,0.0,0.013659114108963788,1.1561068925567268,-0.15749497600143658,1628.0150408038307,419.27476516700494,1022.8519780598806,0.0,0.0,157.38057067124208,56.86175426124176,74.94810977523122,80.62054199888618,80.43312037125744,83.65357158955085,58.68977609719676,69.16108356063538,56.36411742801579,72.57868974015028,67.50734671407466,74.47902266247988,69.46311831732655,55.03327412457744,75.77704569404642,75.36757021629856,28.77558977015324
33,2043.7817560496967,427.532475759929,0.22366173476241547,0.23216654221542213,-0.255229973939935,49,0.0,0.015515790385679315,2.461434231063875,-0.9779705900468337,2043.7817560496967,427.532475759929,1448.577472076227,0.0,780.1013054241446,157.06365638023624,56.86474044707298,95.69655261247416,94.55334022935705,94.17368271382487,95.71303490907403,106.02601234118396,92.10168904214727,109.32114944139344,104.30556031229091,115.1055816595053,106.07762393169197,92.16523462826713,102.18985958144249,103.4128994003022,111.69508792300024,26.040163350271985
34,990.3149335207877,429.26990158406784,0.4294012129313611,-0.44853852028758956,0.5203757100067846,49,0.0,0.013610153564753237,2.6160970421931995,-1.044134624462514,990.3149335207877,429.26990158406784,1156.742327135783,2.115151735391161,117.14001479571786,157.86665154095846,56.86505625139937,163.0379084221297,166.12102221145682,269.92614711922465,18.32499759802061,147.30806448245787,64.1376135778806,29.281977176188256,12.33192233772195,82.8141455816795,17.55525670025206,22.27593022590603,12.164418514281872,34.27428863187438,15.293160321675535,101.89547423503318
35,1088.889850800404,431.51098981299225,0.9679209599192508,0.3731597525352109,-0.2314100320476077,49,0.0,0.01844676794115562,1.4839246912973862,-0.42852965299113954,1088.889850800404,431.51098981299225,1087.5432212626822,98.60820767285125,1099.120399550377,157.79152578593002,56.86624658258042,71.28054293594442,84.70433028761447,76.80269822422551,66.6009759051123,71.11026709114341,79.23827841836268,80.61651094066393,101.76595754526448,69.27985412910242,71.39577489933225,82.09718501856753,63.63286687242204,60.37118291350464,78.19379051292118,30.453005568500874
36,2260.9219766005344,437.8903387645744,0.25851499707612996,-0.16359456995994298,-0.03606690486559959,49,0.0,0.035352358913116326,3.133300708164711,-1.2400051921433328,2260.9219766005344,437.8903387645744,13966.117360728438,0.0,7749.297959945319,156.89809286991033,56.868499565149854,577.8851901454252,625.7759615002794,620.0413128792641,684.2497704964039,825.5306152831071,963.8067982296075,981.9903750260539,1048.938805633272,1102.4079691273068,1471.6701683010756,1197.3648283347654,1217.9927632888227,1156.9014518649046,1033.9832681432383,457.5780824749107
37,1114.6922373405628,436.5675120034877,0.3077346882370173,0.5969763786850649,-0.06756542214228961,49,0.0,0.010032083067881364,1.5863150293622965,-0.5009735973145474,1114.6922373405628,436.5675120034877,999.0288339443352,5.854059796640168,965.323397316283,157.77187900220517,56.86841300063573,62.04126315134603,66.9185404306487,94.61797232556398,78.3773301840026,63.34224501975773,77.79858488188526,61.91160471240152,69.2268684836321,56.80224432837214,67.24640146622869,77.74305034100448,65.50658177823968,74.29487559998435,65.95507370540028,17.2461975358677
38,2264.877817498902,439.13576867562716,0.454653806816864,-0.4324382707617356,0.1410942465050507,49,0.0,0.050318269094541755,3.0717210440163356,-1.218454432577347,2264.877817498902,439.13576867562716,18173.13475038301,0.0,10047.31884707155,156.8950703663311,56.869006272826056,759.1588688793807,816.5369648228677,882.5067646104919,1056.3162426880222,1076.3649278472458,1315.8621944068707,1271.217811468946,1362.9997923904484,1432.1626120302997,1691.0456746857867,1622.6950215187217,1568.4189450565536,1487.9022894336201,1261.8926055505453,568.0540349932128
39,1001.5429264418012,437.5105933997142,0.7127907615452572,-0.2164797003897169,-0.027160033416004533,49,0.0,0.02657009677396756,3.9777176205209885,-1.499084872937348,1001.5429264418012,437.5105933997142,1146.593405541182,0.7283743991529473,287.7760477054474,157.85813559012723,56.868521023044885,329.7316171748254,128.2477118224449,36.43816797756886,51.49292944939295,25.354527275338132,47.006602728114224,26.437398902661243,63.582879977000744,87.32678730046572,71.83328387763693,144.96551655037732,84.61314888439367,22.66197027142878,22.32319406894149,4.57766928059168
40,2287.780538314751,439.88002784844434,0.2135324793360744,0.14229292868230278,-0.42200450704671355,49,0.0,0.013561601935738143,2.1124974098119376,-0.8119904628057186,2287.780538314751,439.88002784844434,7215.196070550977,0.28033100422487167,3770.33918137182,156.87760764663582,56.869244492148155,522.5155840335526,393.4439134215097,566.1423437188946,582.733856707924,813.2851855177103,603.8314071961781,523.8755906877851,536.8706428628818,484.9430480784317,517.4798534651261,384.4218895111784,393.312318511658,356.1756203813336,466.7137957612078,69.45102069560544
41,2270.1242195604077,452.33707979593896,0.9762721961026402,0.39304784975962087,-0.047851876283276036,49,0.0,0.19852417039437653,6.48703445929406,-2.030115512299558,2270.1242195604077,452.33707979593896,105857.40214261512,0.0,90408.31929102613,156.89099560991477,56.87448996650471,6793.316090905065,7004.545371291792,6776.476229333295,6804.107706505721,6776.376004029229,6973.907233316108,6915.436758433932,6806.6949899253505,7009.329211493336,7643.806390072134,7863.93878995687,7868.711229628223,8727.507956422165,8154.439961217615,3738.808220084286
42,1866.802611530754,454.858125703054,0.6387694781294394,-0.2513037724225783,-0.2574180967117468,49,0.0,0.017995638489536375,1.9110866745013884,-0.7032009607092975,1866.802611530754,454.858125703054,1191.4300226872506,86.00163789424904,0.0,157.19849269873717,56.87641670002734,63.52809673601884,77.09865349897152,70.29196897665807,64.33230186648706,89.32296953185515,86.83205925825834,78.56238961548496,80.14366625814083,80.55573804249624,87.39879101075692,107.51117213098945,95.30089930429352,88.6673233387765,85.76703010181222,36.116963016250835
43,1321.1022947690376,456.93908828844053,0.44450756661736485,0.22877699234495574,0.179082149398726,49,0.0,0.011121177168021511,1.5836980905651667,-0.4991809827507352,1321.1022947690376,456.93908828844053,974.757351474627,0.0,0.0,157.61458075600254,56.87726711001378,57.39226788913187,63.874674475037594,81.91606029707977,77.30835320342953,52.98333610822333,59.23177096639345,81.73302550461055,68.86904558066242,69.33518291302639,64.48541928477358,70.16360543884755,52.69288991020925,77.76846112465097,78.25753606386608,18.745722714684582
44,923.4665944493199,457.9862557215327,0.7764879315586575,-0.29311193223008025,-0.4515028462844776,49,0.0,0.020899706159891313,2.9836932469826745,-1.186885428376646,923.4665944493199,457.9862557215327,694.8338828911199,0.0,59.611418754629774,157.91776968687094,56.87682036626659,33.38521957913468,50.94909257342405,53.26845148899786,44.089045786743064,2.909679198394151,10.002070703724366,34.15143256481184,17.933311167848732,53.81910585389107,168.06990246313717,91.50890650459782,6.111626149872397,29.69985022839024,87.61367581013235,11.322512818020087
45,1084.643704446826,457.87940163318734,0.833086405689877,0.3510998136366043,-0.15588656270128365,49,0.0,0.012998070793879187,1.0943812086547453,-0.09792156819609599,1084.643704446826,457.87940163318734,934.6078497284283,0.0,870.0566674303979,157.79487856898365,56.87722225839405,63.17568248557055,72.40079858806891,63.29800274598147,65.00773252244306,83.00205111188541,54.690136387091435,67.37636606744704,65.32130459523924,61.90523663914656,45.796889118631,75.32152365241586,69.86966368207844,78.95948482122427,50.57010999769453,17.912867313510596
46,2054.37065209092,459.4558742243096,0.45983425572082515,0.11600000637610489,-0.046864418294939064,49,0.0,0.12617583469482213,18.324653367137902,-3.1575894204707615,2054.37065209092,459.4558742243096,5050.491465932782,0.0,553.9454794470822,157.05546157344074,56.87801863020647,342.1939508442514,364.1041087948572,369.2750869029476,325.14281876096453,342.5639970752507,367.4684827647241,348.1811750571235,369.23551403718864,348.2296922556142,350.90767207699,347.53144765376106,351.1422208204101,391.4634616551517,326.5951033099639,106.45673392358401
47,1615.3950763170878,460.73161276699517,0.2914907477535373,-0.33518103621174716,-0.16880731002667246,49,0.0,0.007170903672455943,1.0457775965653833,-0.048598334525239144,1615.3950763170878,460.73161276699517,903.0838999159232,0.0,0.0,157.39018401650495,56.87902795904421,77.11666959706895,66.57090854833532,61.99789407058435,68.10669376003845,52.32720996653093,67.40428587514396,45.519921515537305,43.334989143122776,61.69513918028787,65.05102971285663,64.39011029855365,65.50739481010146,68.21895444828587,73.91240306559956,21.930295923876177
48,2273.505725063953,462.9240719172273,0.4288204717539584,0.677267163995433,0.35790201543299316,49,0.0,2.0692067880345584,176.07113650606132,-5.614220418828647,2273.505725063953,462.9240719172273,230754.48313565896,0.0,215290.0845887409,156.88835668735024,56.878890189987416,16019.977463422245,16269.130959119768,15929.071999896114,15619.746782286937,15914.946260213466,16134.36889065864,16278.263267525617,15884.74528566887,15874.16108006412,16305.750415322469,15899.112708172335,16472.718780922372,16784.981970717054,16275.086258991283,5092.421012677698
49,2250.7759995904853,466.2921779276157,0.5336976449332794,-0.009361534531054691,-0.5456561859267217,49,0.0,0.060264951622255744,1.0967553027986943,-0.1002743572266354,2250.7759995904853,466.2921779276157,22412.62456283655,0.0,21110.210953770402,156.90566912817204,56.880363259230066,1446.5002895075381,1626.6919767639217,1592.838609310491,1612.2851528520937,1523.2243611444956,1569.0119053295653,1626.0863263414049,1477.809281932076,1641.5688329443428,1543.0221770562837,1545.8799351302077,1658.7848304452862,1564.644705688143,1570.1990145479217,414.0771638427816
50,1116.0981507737097,470.0739899721434,0.559484414458029,0.7133916652408963,-0.2849576353641173,49,0.0,0.008732847233876387,1.0037219985471555,-0.0040336066855014,1116.0981507737097,470.0739899721434,819.7669809470001,0.0,465.76261854575995,157.7709459489552,56.88237593523685,48.23313418850232,65.72111527921425,78.10097630615984,61.458728070436514,48.18012663953175,56.531606945013955,58.22556932203809,37.901298454715466,49.41792188177851,53.58476764472781,57.3364858709023,60.38773140206342,55.29302055134718,57.45997974970418,31.934518640864447
51,1657.112436586045,470.5671588088954,0.5241003983182457,0.22405715127270337,0.19971922413075766,49,0.0,0.028288647289792964,3.4839233081898136,-1.355171465726721,1657.112436586045,470.5671588088954,1709.6029670680584,0.0,0.0,157.35836856971514,56.88311889602443,90.90991795563504,115.13415261678604,123.00475998438421,101.11215406037623,102.34513477025263,125.77035370219235,127.31254646154537,111.4801970832751,126.24248568985709,132.3168715679398,128.15558542462247,123.5008519495902,132.34535451305277,125.20389128027401,44.76871000827511
52,907.0266394004425,479.95957135284544,0.2583490479690503,-0.33193324384283046,-0.5100657063149511,49,0.0,0.006563145657722183,1.8764738685487985,-0.6833563022030475,907.0266394004425,479.95957135284544,1012.7814384876467,0.0,218.81551881542399,157.9304344217758,56.88592258908828,43.576043710748706,79.54498583341893,122.77427002720391,116.48699459805896,92.74013539883148,68.78159950926762,59.94920784454469,14.232586108373702,22.872504598782918,63.31325856154024,46.588981543475015,19.816823834150107,149.03984013318072,82.9293197978932,30.13488698817649
53,2260.511105533443,482.72415865749093,0.7839236596225918,0.45482759070672946,0.2816062716209678,49,0.0,0.04837509102839636,1.4630187908914114,-0.41312476050815333,2260.511105533443,482.72415865749093,15181.554269413,0.0,14320.64418712251,156.89815323512207,56.887179572214635,998.1795251426813,1059.752432842809,1075.9937447230782,1021.5266887213565,1071.8519551350757,1063.1310241796095,1074.2704295447672,1077.1051962472745,1007.50262815637,1087.4643663965462,1090.48832566412,1094.2990396254595,1101.0311860474274,1066.9443321752433,292.0133948111798
54,2264.9219924990102,483.7073994151195,0.270213839930842,0.1482416298789781,0.391931565796275,49,0.0,0.04764120016092211,1.170727233782055,-0.17113930287678117,2264.9219924990102,483.7073994151195,16202.93159066474,0.0,15302.51092104763,156.89478365355262,56.88757564348324,1062.8060356697076,1136.9244463412997,1145.6456107587683,1129.111929378836,1151.1075986226567,1164.7496201277313,1118.8207364967993,1089.2945134447264,1107.6407196866653,1157.5283609835658,1165.0856132308922,1147.6943867054931,1189.7096110023367,1118.8528516623087,317.9595565529521
55,2275.754013067358,486.5016585856558,0.5843924839649377,0.31064042406191167,0.30384099448483287,49,0.0,0.03201773426652703,1.258337697530198,-0.24949301869663545,2275.754013067358,486.5016585856558,10952.949475480284,0.0,10364.435742156476,156.88650632311732,56.888706087664445,689.9894232415336,734.6571749519044,716.5832512098007,811.4300474042243,798.3494927774439,767.7759753035564,778.8427779554669,768.5539987077289,770.0414313506293,798.3375035411757,773.5615813713648,758.8346290359829,823.4467621837065,744.6274809498057,217.9179454959591
56,831.5655532215023,489.23179769581,0.8148716892448303,-0.24386197027572065,-0.4412178061367975,49,0.0,0.0217240001181629,2.954997719685328,-1.1763928752018478,831.5655532215023,489.23179769581,934.4359959712546,0.0,22.233190871293754,157.98804358107407,56.88952924910562,79.84214160015847,47.81475880832244,25.14238219708643,0.0,99.76662111867029,74.41118724802006,0.0,158.85055199153302,163.25031319604662,55.37064453047537,44.84010349337386,51.801624140468064,74.26132623465472,59.08434141244521,0.0
57,1377.2587705532617,489.6379241633882,0.8919738690320353,0.1547831767328723,-0.06193663640885651,49,0.0,0.01695602674001411,1.5265351241414469,-0.45926700364585316,1377.2587705532617,489.6379241633882,1024.1760701548242,0.0,0.0,157.5718245095405,56.890956187546365,66.64922452092154,53.22751382449749,67.42624223697673,69.84346134419738,60.18962593115517,71.06496737150903,74.31731671654859,74.73911114976754,71.26431227319505,74.05111819828332,79.65122306873343,80.27602312250067,82.94655317812,76.44736955007622,22.082007668341998
58,971.3770004667234,492.7935878866444,0.48363461711665895,0.4651242827151906,-0.3340793086784249,49,0.0,0.240181539366167,33.10871729610158,-3.799855888907056,971.3770004667234,492.7935878866444,10072.556617561499,197.37707952450958,8894.32755318474,157.88142766569152,56.89146723352639,741.9669066041124,746.4019121146159,724.808509255536,721.356866722883,709.1480167313687,723.4460328770372,742.8815644925171,671.4939139741014,695.0588145569077,719.9843192076617,670.8357250757314,701.7298476148205,665.68115211037,647.5349500869363,190.22808613690015
59,2234.962662589674,494.88676002975836,0.6161184870150911,0.0029461764975703755,0.0024853136849635874,49,0.0,0.03230738224043289,4.078784002800693,-1.5263267682721797,2234.962662589674,494.88676002975836,1617.5020335425756,0.0,995.6571225022078,156.91757204299665,56.89232362642884,110.17590745166254,113.86347964168979,119.21829942190128,97.99571348195728,105.51117205905896,116.36043435033028,116.83263463421235,121.77375818678138,107.85068561178045,127.10607306133497,98.93298043202708,115.00757927867683,134.785446877876,96.38567588620859,35.70219316707784
60,2096.2114607719714,498.0127839691755,0.7814050451626158,0.12001797169395124,-0.05991236625037222,49,0.0,0.012837541265857556,1.1135008143796379,-0.11672634749890443,2096.2114607719714,498.0127839691755,1161.7635703330357,0.0,0.0,157.0233950946455,56.893990334468114,80.01711762011058,82.44281868427714,85.3397479308576,85.97726814466714,83.4812296832619,63.477629424711594,79.17709631724685,94.10962031360567,85.39307704697512,80.91711289072816,65.64597176266356,91.39559524065729,82.1288357568632,74.084705036911,28.175744479498974
61,1435.9363480383636,498.7988388118994,0.7665011958361522,-0.06816428963105371,-0.2703962660690311,49,0.0,0.01553586331648927,1.5737934343270887,-0.4923693228863475,1435.9363480383636,498.7988388118994,940.7912930164867,0.0,0.0,157.52707984990437,56.89482584258385,65.56269863378637,67.27156390159271,59.03597297787759,49.06701993898799,57.73884872950175,71.06516898150879,69.85579518432968,58.89640193246812,68.88308872098129,81.90530416516395,62.9211582412041,70.88480690694158,72.84951056351485,63.53882045598053,21.315133682647442
62,876.9304924497959,505.003561964587,0.36545659775185724,-0.25691460594544063,0.42972080882086106,49,0.0,0.014623008591953857,3.5280298184878003,-1.368830617701315,876.9304924497959,505.003561964587,1096.648442687455,0.0,285.87820888287024,157.9535414504246,56.89625736672456,97.9345761324547,33.02911004372596,27.714557090774086,60.7152272290171,55.494248718049505,27.399479075374494,95.32954179586385,30.4599269675993,57.578108649620845,160.47114572171824,87.47459563103351,103.2473524962891,136.24407356770698,116.5431819361514,7.013317632075799
63,2272.378968763231,503.30608014060715,0.49729180641037557,-0.21125981684728987,0.24212836067323176,49,0.0,0.033883691221638604,3.834104721998841,-1.4591599267835904,2272.378968763231,503.30608014060715,2337.8987284037676,0.0,1789.6729857636576,156.88898388485626,56.895717756419174,144.37666993335256,166.16505925712477,134.6665907764156,162.1870818340839,146.94586843836498,173.22673330847704,182.9181329695587,175.43650534034515,163.0003355969843,155.2156548959121,171.385741784481,171.1955636731791,152.53413325124376,183.38238763048668,55.2622697137576
64,2115.7427444151135,508.55396110788575,0.6443355466650307,0.7047045354175652,0.13071244090802617,49,0.0,0.010102069479423444,1.0506261854977692,-0.053620552074508596,2115.7427444151135,508.55396110788575,998.8290785211948,0.0,0.0,157.00844992280344,56.8983362326899,82.77213881517908,68.50485458168095,58.74543550409088,74.54928625355458,89.72522397622532,59.58565758648517,62.64505519334612,69.1499424644507,74.92267124817054,59.81069257424785,58.41985198150903,57.828739894209505,71.62680799961446,72.56447474474027,37.9782457036904
65,2100.028433842204,509.76537975622176,0.6213943487609759,0.02817107113374273,-0.11962526445578457,49,0.0,0.026851495344325224,2.784649874552096,-1.1119264932905204,2100.028433842204,509.76537975622176,1767.9935843576782,0.0,0.0,157.0204332414658,56.89887800288752,110.26127246179021,106.84479580959228,120.767667933099,138.57995536704178,118.884581807906,119.40985143500986,118.19870180019538,120.77509132735776,133.78083808702155,130.8854144901474,121.54871255675084,133.77617158626467,114.84946185369131,139.045971422987,40.385096418823
66,1942.70922135667,514.3679384781424,0.7241033873323784,-0.2419066083000378,-0.032695578487948886,49,0.0,0.06112606452321416,7.100283137705837,-2.128189168520045,1942.70922135667,514.3679384781424,2172.3627969360505,0.0,0.0,157.14044236510912,56.90110331874518,167.90867398568798,184.84253700550192,132.65783000289545,148.95538109808348,145.17024758391403,134.27076014262485,152.54171316600596,153.55793877686722,152.99699858185886,148.3228660995606,157.34438891032212,137.2682439127326,148.7799441258042,158.39569739859823,49.34957614559329
67,2221.9575060869784,513.7737024799071,0.522302046052779,-0.002315193348381705,0.06569420070809429,49,0.0,0.13926026230966138,20.400220853212723,-3.274087172830973,2221.9575060869784,513.7737024799071,4629.3635182709795,0.0,1283.1958228299927,156.92739156791973,56.9002303601034,305.3238710643035,348.4507100320894,285.78120110389943,305.3000714765053,298.1769719296225,327.5942147729199,350.11449568161777,336.5640429681272,309.51533712901926,351.52218164691635,314.3687672785838,332.5963376603637,318.5726697730119,362.402685132948,83.0799606210522
68,2241.4282857681146,527.360836880361,0.5359255177825907,0.0387343095647042,-0.021893008824885055,49,0.0,0.025541003019433586,3.0305590400691655,-1.20380687292454,2241.4282857681146,527.360836880361,1633.1211863741028,0.0,372.8776556210077,156.9124622458503,56.90583398877262,96.68946508482281,115.55639767192659,121.22223087011685,102.81659467084566,122.31418227653106,112.23063876967757,132.2497586283454,113.37145071834465,111.43956746391845,99.33777231277732,113.6436929758016,111.93719443296186,122.12991001441213,119.77188564461636,38.41044483900437
69,1393.4801956279057,530.9524073896584,0.6096671332776394,0.33969240163433473,-0.18019499530967353,49,0.0,0.057428701599419395,7.90930549123443,-2.2453458754424602,1393.4801956279057,530.9524073896584,1961.0601479640804,0.0,0.0,157.55952446158943,56.90818562162843,118.14560398717683,131.54037638485514,132.42265898749048,146.8751562171483,134.03890252850783,141.58987428164022,135.10346483357623,136.6720776918367,144.21673723728543,135.00780864913264,138.21987821802335,131.1850111026259,140.44036967300562,155.37841768895026,40.223810482825485
70,1419.2963229105897,535.1259549636643,0.5210964467080774,0.3420156342172637,-0.15186372060798084,49,0.0,0.10035748802570231,15.424924036448353,-2.9705575848211336,1419.2963229105897,535.1259549636643,3070.5252477144336,0.0,0.0,157.53983001806913,56.90994778855775,190.6049272166518,204.02944029982552,223.86488048803253,212.5621734842163,242.94568825516245,228.30947074917174,230.70152073932064,217.75649604578243,209.19931985485925,227.79713598471443,183.18490232052756,216.05500874425007,234.01627767439845,199.41719397847572,50.080811879044695
71,2324.838659277301,536.3727948658935,0.5640606089657625,-0.20606134080516847,-0.24251328199647246,49,0.0,0.020974320822606623,2.530573520349515,-1.0080473982913052,2324.838659277301,536.3727948658935,1376.1031471391773,0.0,937.8755094453047,156.84876129796098,56.90932387441111,93.0191242917622,87.52756155200285,115.75085777316698,90.00999839292965,81.50423135239839,87.45497311192696,109.96182783178178,94.68980953280624,114.23767473771827,88.8875909702586,101.87072500628281,92.44436057573303,92.38914410643716,97.46918903501034,28.886078868962134
72,1463.3398003428604,539.6065424947637,0.7472058529123862,0.08924863351215412,0.6633687197782363,49,0.0,0.012990695946210207,1.0709765239443108,-0.07444987774913958,1463.3398003428604,539.6065424947637,1143.6790470649976,0.0,0.0,157.50622298070942,56.91184718347481,75.82372752259707,85.90822777694598,81.00588726177999,79.0727202651062,64.64852447041923,83.8523658921169,65.83426159341522,70.49546305826814,83.60100080134912,88.87321234192999,80.7196208312911,74.5962456952452,91.43350781938761,96.79656821046754,21.017713524678282
73,2157.5796033373977,540.491298826614,0.6551208497202899,0.2818317215937559,-0.008512784270482306,49,0.0,0.113585638695802,13.953654143502444,-2.8617198857883555,2157.5796033373977,540.491298826614,3674.652854531407,0.0,0.0,156.97638038882383,56.91153802426595,240.0036550372817,289.1057773463285,258.77840458176706,243.18267414307329,230.1291450661864,267.233286614706,253.48051989522043,261.24678253046875,274.29755206248507,255.03907654554894,256.87640114241185,259.4728752500296,267.20644232519015,257.99438414969825,60.60587784101079
74,2348.136766997923,540.9766258199459,0.5243165517534393,-0.11680040384248933,0.003735858015831123,49,0.0,0.053540134713773835,7.228405284938957,-2.1476062368936915,2348.136766997923,540.9766258199459,2438.091936759778,0.0,1974.650390802281,156.8309529924065,56.91116220372593,154.93200076533242,182.85724056239408,142.84480675372842,171.1118693308564,157.60841578671128,153.10747013191235,174.21793778281307,186.4174607905365,177.33689994107914,179.8742186780268,175.11714566524898,184.20748264527742,174.73623595564297,176.3170398740852,47.40571209613304
75,1462.07180182288,551.5312625621368,0.27910677514548565,0.5064810088958569,-0.2202232750109683,49,0.0,0.0065237018844290255,1.113884266672013,-0.11710017422898694,1462.07180182288,551.5312625621368,850.170093941789,0.0,0.0,157.507204850626,56.91681470346216,76.04918324425432,55.57799959208165,71.64432603588054,61.29416263462866,61.590865109624616,54.04382675867793,49.725391648935286,43.1328382396986,53.45554356681224,65.93387136942806,57.928928826189114,61.91989389853108,61.54241483251981,54.39024130364271,21.940606880884445
76,1886.3449803826538,552.9774883435122,0.3886593824939458,0.19768146515249202,0.13214524333801217,49,0.0,0.04872628462852312,7.294269150219048,-2.157454460612197,1886.3449803826538,552.9774883435122,2682.2151718118166,0.0,0.0,157.18335236841156,56.91727181510555,152.32987381468888,176.08425397368694,196.65811911994228,186.06578389525367,172.99720430885642,197.09211189394094,183.93883836680956,188.5675362212406,206.25009683816052,191.5585544080448,206.55088236352066,182.3987169755626,188.93984938903986,194.9154729437814,57.86787729928696
77,804.094476336362,554.7142162722884,0.9000675105926027,0.6380720934410883,-0.6785338407738131,49,0.0,0.020227102126512454,2.344977697947692,-0.9253467917169766,804.094476336362,554.7142162722884,1036.041787949613,12.79048342342441,235.0298852254367,158.0094416792259,56.91671047701397,168.57914560674607,20.51685475862392,42.344511029493155,25.11070037950932,88.62908304832169,112.30804439075786,73.03921329977634,28.37685935976097,70.4210108607753,35.92145755810037,58.58503644658945,110.85281500656653,83.95819353674749,90.98031921832822,26.418543449516545
78,2082.8564442680126,554.5479930971286,0.5049543676143924,-0.13747513423259747,0.017218879169389,49,0.0,0.008054873060424484,1.017464972251984,-0.018798667299586617,2082.8564442680126,554.5479930971286,879.8222060541307,0.0,0.0,157.0333491499376,56.917575092278284,68.99610610301127,71.41500352584637,55.962862868701386,69.80882607194192,62.14790433754088,75.862063634848,51.99306734805242,58.68979377586125,58.878735342573265,55.11414251646667,53.914061371682635,52.099406823464975,61.857914433254905,64.472426070084,18.60989183080067
79,828.2595567407974,556.3147432387661,0.2855204226596515,0.48454172831200465,0.203835141813731,49,0.0,0.007592726263753005,1.4807394341618494,-0.42619660602333276,828.2595567407974,556.3147432387661,1078.7950838968063,3.6136678054039595,550.5500556801867,157.99100827496258,56.917465434865136,61.01965271555499,91.10404620715266,46.843208304786955,66.23808775466584,40.39330028366541,65.5293998672928,132.55049582155874,114.77540858024085,90.8451570645241,63.73233276776039,127.73609708785895,43.12048335920301,38.34717709955132,87.2835355288866,9.276701454103783
80,942.4440262728267,557.9665669106204,0.518768027011435,0.8853279927749443,0.10298636827841567,49,0.0,0.013620891210731777,1.4341772193991376,-0.39150704961899047,942.4440262728267,557.9665669106204,1773.7120049541445,0.0,898.5702631522922,157.9038631828942,56.9185334137873,121.01837588401945,125.24772392395178,118.1165032608331,92.37051362911562,135.18029894191693,113.3173221837094,147.6011010461946,117.72185881975862,128.35418268755666,126.54602877191944,121.7182543447189,144.37819949327599,126.74947517192224,119.78642898519398,35.605737810058045
81,754.8839022245536,560.9196916293274,0.3840471224130492,-0.5274208865685709,0.11293131424039696,49,0.0,0.01548151571882023,3.5446267938832827,-1.3739262899899547,754.8839022245536,560.9196916293274,1048.9397260812539,0.0,46.10668471742017,158.04704616646492,56.919107880207335,57.99640434553519,40.10745145406953,24.97395337049249,174.59129971907186,42.25413292883107,68.37615306317777,277.5368402711374,37.73414428147329,35.90992634555416,2.9410665798287905,68.69288072811345,81.89504729565974,42.11000662210482,87.61725282602893,6.203166250175307
82,2376.254743811101,560.9401980206663,0.5455430066928826,-0.06312881383292121,0.061244620823650994,49,0.0,0.4038136336092366,55.97479092868195,-4.369981200304341,2376.254743811101,560.9401980206663,12615.113656571737,0.0,9339.440648145774,156.80936254292732,56.91937984289974,798.2820296394518,844.6599620466388,896.7668599235735,907.0574315984434,899.2108155918168,859.8260925604127,878.6760038761112,907.8481678831786,890.5390233853179,932.81213286302,875.8433349025045,908.0305207924465,886.7119503490202,865.6687632076791,263.18056795212317
83,2076.837944064003,564.8692537285019,0.3503343834135319,-0.36811838959726184,-0.16267987022394748,49,0.0,0.010779010939724325,1.352204917562197,-0.32760627750313775,2076.837944064003,564.8692537285019,1112.8261303759357,0.0,0.0,157.03790097095322,56.92188870171,75.50855371625565,75.53384932903859,87.15485157946303,71.86264607716461,84.45360740848494,81.32468908441138,85.59382289836536,85.36246338614993,82.87870777347646,67.69002476131914,62.15259585267452,85.23055168155346,78.3839283683799,68.19416572644609,21.501672732752667
84,857.29216774632,565.3558598886796,0.25026119633514005,0.6735156184014359,-0.20843320265307824,49,0.0,0.014480218708475875,2.18920711686342,-0.8507171282868573,857.29216774632,565.3558598886796,1449.397742958492,0.0,1262.1889219145548,157.96890612905807,56.92133447800978,94.9389256071174,102.25089186368521,100.46484181233916,80.62024083063028,110.16160611975079,101.46655643658572,90.44963454341763,109.40311839710117,106.07417333027746,107.20538101843297,105.55667069043088,93.89675766677483,113.43196225297784,102.3273120341145,31.149670354856134
85,717.5556220127987,578.0692617877421,0.8813257185546157,0.6507958553886058,-0.7674690642463975,49,0.0,0.01173467034149097,1.3832579291315878,-0.35225792090646585,717.5556220127987,578.0692617877421,964.4577421977026,0.0,19.536503624777524,158.07566796357918,56.926102581673845,99.99604535789965,80.00409261910477,29.140414332770927,0.0,30.06185408127609,36.40964246503197,30.061857338013766,0.0,0.0,0.0,482.20033539903733,31.971565416538276,70.44473580655963,74.1671993814702,0.0
86,1836.8059625761489,590.4497166299,0.6221973904523471,0.41939616862757617,0.10973961042658296,49,0.0,0.019878582328595462,2.2515325417707572,-0.8811955706850201,1836.8059625761489,590.4497166299,1192.4392067638223,0.0,0.0,157.22109008255347,56.93294444401461,83.66250369306101,74.24892894929098,82.39573703485502,87.98256486923435,71.77197713854014,83.78521996050034,81.863610661547,83.80853966717062,88.33779933067683,72.0911476370483,81.11784110392205,81.83742849420098,110.45894379791396,81.80449502471285,27.27246940114776
87,756.1529380167353,593.2668707397112,0.9145509759097016,-0.019143538382189046,-0.7075134651134076,49,0.0,0.01605546135792175,1.8114209047049596,-0.6450484385290299,756.1529380167353,593.2668707397112,1268.5786100991318,0.0,279.43609485303165,158.04631148827937,56.932589253508255,23.66696405471106,86.03312419339682,116.0591432035622,103.76809289615342,26.31612606244396,109.87575029899727,138.77331278556676,52.06798200693808,251.02717863541744,125.9646448962982,19.23771062824361,57.308960671454344,77.47084783233831,74.84399049681709,6.164781436793015
88,1013.2364558543687,593.5034470785828,0.4935388810884314,0.41455495912952506,-0.3280884672757445,49,0.0,0.031055561931524738,3.5738836563210055,-1.3828510261038245,1013.2364558543687,593.5034470785828,2050.4229623411493,0.0,0.0,157.8500055222254,56.93354418632351,130.34852502695452,150.0668304769364,116.24161228753243,126.98272474133819,145.43787825484367,140.16079905921254,142.46794996572586,145.49887881466324,169.67142733064514,136.07502817223667,162.3329261460207,139.5647027542642,149.67487661142854,142.71297415287628,53.18582854647096
89,2095.246318581694,593.1920062138355,0.5322091030601209,-0.34406326210501437,0.014949036016898723,49,0.0,0.012784605373663787,1.3022542791822393,-0.28673948297575563,2095.246318581694,593.1920062138355,1365.7753638901986,0.0,0.0,157.02372818983636,56.93364736208138,85.40428860565574,110.74451188303209,90.40128372259433,81.40602089785763,77.93759363879755,94.29883039202555,101.44730274574104,86.50947672139458,91.93035391320083,105.69994559609702,98.38177270752885,106.3644528784278,92.82330954018082,108.32587350366555,34.10034714399912
90,1650.649357601068,601.8933289233868,0.5944613553323688,0.7304061729212428,-0.3711882312598546,49,0.0,0.014596802976865289,1.5995645871302793,-0.5100044517317421,1650.649357601068,601.8933289233868,1094.2797269322964,0.0,0.0,157.36324102347825,56.937836442059194,69.9245789373782,78.13875098016665,68.00769988918977,69.43982225489745,72.96336597575728,80.73620789453528,75.2687798394073,76.36258528284037,60.78860504748117,78.74212552253346,84.82576595376152,78.22776686860718,81.0909211496481,99.39929048325206,20.363460852840696
91,1534.4079293692682,606.1796458680788,0.5760061548037111,-0.28030017566634546,-0.23475035544217632,49,0.0,0.020479618571025385,2.625982106252244,-1.0482294060759707,1534.4079293692682,606.1796458680788,1084.2743168065706,0.0,0.0,157.4520213269446,56.93961800000442,51.229115447307294,78.9931170789323,89.12168076650805,84.08601083411611,75.28829337872126,79.41399177592605,88.05877090683246,69.49683849674807,58.26053903469153,72.45362922013881,63.29748946802225,80.3074711729594,86.59283360141221,90.34326880465329,17.331266819601474
92,2332.6859798322234,606.0521119404915,0.5372673944683495,0.17694069673444035,-0.053139153208029984,49,0.0,0.11115376222372253,15.791585532501665,-2.996064342349239,2332.6859798322234,606.0521119404915,3817.1296911981867,0.0,0.0,156.84233598520083,56.938327334098304,261.1615401460343,250.93702095300875,237.255222243719,239.41500257509549,274.9582422159475,250.7639467814335,239.87117211635723,284.2051501068252,292.0002114716019,291.5578884864626,265.06105009009013,281.47439899948625,278.7289544821122,288.65022474253624,81.08966578747652
93,1975.079364790209,608.9235901985339,0.30670714633289325,0.4505591763668385,0.13023839553067187,49,0.0,0.01694021251675949,2.963082262213571,-1.1793592717388544,1975.079364790209,608.9235901985339,1255.6643120751926,0.0,0.0,157.11544158062694,56.94044484003991,108.80792371417766,107.20019736247528,84.97972031906944,84.47450729746865,87.62194859926322,72.13863639734495,73.71647698704393,73.61227748191266,95.90607565890238,90.0782052655828,89.16093636773937,82.7740047525319,90.60276021766634,86.09041906887028,28.50022258514364
94,747.4967486889536,612.4425866078668,0.6922882032039146,0.3916386310754838,0.996846306271285,49,0.0,0.013726706203508559,1.680209019904095,-0.563408279529526,747.4967486889536,612.4425866078668,1253.4148408900164,0.0,443.8319841862801,158.05306125386645,56.94054400878746,62.87446219360189,39.1734261959505,123.59110708748074,64.18362066301398,139.10180430147096,63.59232391727545,77.31617384290203,72.36398747286106,65.19603762453946,54.53915065042953,112.77674736846708,92.83727257582038,123.00620816567911,153.09657577582902,9.765943054695212
95,1684.7228357065453,617.9551747137031,0.4819928946289346,0.18880093249283764,-0.009295884147973582,49,0.0,0.010025145656526341,1.460252713390938,-0.41107005475855674,1684.7228357065453,617.9551747137031,805.7604026341373,0.0,0.0,157.3372062665491,56.94451787064773,50.75883854449174,62.40919251835426,50.79167705105971,57.90121521617513,57.98521390646841,66.67596792579178,50.4360925200732,64.26192123646273,61.89152855371023,41.62268048002288,54.94830224887655,64.6548778762243,61.56452633135355,47.3577091985194,12.5006590265535
96,1432.0294414517602,619.7570852279911,0.5823579841603671,0.2582134961055137,-0.13950119314881032,49,0.0,0.057576150903328446,8.515177288490015,-2.3254842363282817,1432.0294414517602,619.7570852279911,1761.7011791577984,0.0,0.0,157.5302347496977,56.945219068241194,135.4585359162491,123.82580583762751,129.8327681311316,106.4366968040884,115.55633455517705,119.84370860337235,116.8803928972727,122.22158127894592,129.18901928358835,139.5325887302165,134.92605461904742,126.10330624057869,106.97676104324623,120.56552991237518,34.352095304881416
97,1728.1590824874434,628.9572225212711,0.4283762898890351,-0.29490142065232633,-0.1572296346721983,49,0.0,0.01592326751923939,2.1286342470377457,-0.8202526128029376,1728.1590824874434,628.9572225212711,1118.8373470751326,0.0,0.0,157.30401443267422,56.94908039462367,85.45626803773386,84.8250877649103,72.9397514464854,70.49674686598861,70.90852544460095,74.51816762646254,68.59643174371354,72.84274113625963,76.92640368389227,73.302285283003,75.46429662226328,77.90265062898064,92.96740271891116,96.16059901800469,25.529989053922606
98,2114.787874408188,628.9138362654056,0.5429871682872658,0.09069054262923343,0.01917771467669353,49,0.0,0.0339463697469346,4.763020963500798,-1.6947062324440414,2114.787874408188,628.9138362654056,1484.7765737993118,0.0,0.0,157.00864820498475,56.948484453171766,94.50185567847925,112.48567787572131,92.52420374954357,103.88505996918863,96.13600386982773,92.1274244067051,93.89290799465648,107.53555651087999,93.55658932125615,102.31924591541376,113.32889909919064,96.83105308223563,137.98246023886855,120.43641437782779,27.233221709517235
99,658.8313690494718,629.9048172954418,0.9041868370391252,-0.14951382921802966,-0.5968577052458903,49,0.0,0.012949544160981727,1.5835449556247094,-0.4990759929240798,658.8313690494718,629.9048172954418,465.1748383813124,0.0,23.561382099066527,158.12091761141664,56.947448638636224,69.97839109064597,17.932379677081894,34.99905229778991,36.05225412940571,33.25167004258324,24.876862743705587,36.55198756341959,34.445980791605564,15.568834669856116,16.144789976775474,39.94246219887725,0.0,44.54538674119481,60.8847864583713,0.0
100,1474.677276141071,630.6278956423837,0.3721139620980025,0.20757851095916896,-0.18263233054670502,49,0.0,0.020982992022426077,2.4190754515296167,-0.9591235357992163,1474.677276141071,630.6278956423837,1704.4792009673608,0.0,0.0,157.49766834049205,56.94977755654109,114.05811243560467,123.94316343259595,124.71303922686809,122.51099656398172,96.5373179119118,100.11735624423767,110.2781013188247,121.78558142646442,102.66770068026176,144.4200200537699,126.46467029999557,124.13971624557293,129.04947872524428,121.94546612890692,41.84848027312046
101,1900.6052059582319,634.6177537780543,0.30206782969362495,-0.2706388383232772,-0.4326999088223237,49,0.0,0.006653693159260582,1.0333755119713566,-0.0356454145024284,1900.6052059582319,634.6177537780543,911.8390924960086,0.0,0.0,157.17225746625982,56.95126706335627,69.47874860676939,72.1083818343505,59.002332613165606,47.442455998939224,63.42301437648584,52.382821538375694,71.19624205877199,68.25335862229767,70.17996246380955,65.28119380777923,66.86719574176354,53.13524260995652,64.33508154197263,63.867935276145886,24.88512540542532
102,687.5602005746919,636.8259405089145,0.9745315193837174,0.050408363902955756,-0.011500654665836692,49,0.0,0.01560892423676681,1.6361076188366805,-0.5345296675462764,687.5602005746919,636.8259405089145,1245.1950789313637,0.0,226.47334628301243,158.09902698478123,56.9504561234228,66.66683654516616,110.26405870647186,260.9956387347933,57.07248911420461,74.58400943845743,136.88048861017688,34.635847262024726,16.107075961631153,148.00176577469048,60.17414671842883,54.75818287035339,50.235634658113135,56.79614167757265,96.3524817423477,21.67028111693128
103,1960.511256373034,636.1405419912668,0.28212621980186037,0.3758809776738392,0.18180554210406685,49,0.0,0.006801834732830199,1.10369486365888,-0.10712255362306367,1960.511256373034,636.1405419912668,821.3838104954132,0.0,0.0,157.12648436713263,56.951809439755905,66.18756275360226,67.17715344167397,53.20820656950865,48.01611214291283,51.09741536912322,51.55497917385005,48.509639793406116,60.911553237863224,62.15777645523629,58.68739864151384,56.77689734035442,41.8091273688076,70.83774462207684,61.837494005434394,22.614749580049455
104,2571.0929722552137,639.8612955467859,0.5120085785021988,0.020782423888208966,-0.36515401240063966,49,0.0,0.01173859329176295,1.4172662011431243,-0.3786285755648991,2571.0929722552137,639.8612955467859,976.3495391231529,0.0,908.0620158605047,156.65998944133057,56.95146785055061,62.37876462706102,71.42458181974291,68.9957785713255,63.10198553691225,70.31630722914602,73.42031151152133,82.57645934249229,56.6721589821031,80.5409574821516,67.79743828601276,58.66569542564358,58.41328634576146,82.68187042933872,70.79033987955003,8.573603654390386
105,1442.5441324950996,643.4199309696731,0.8130344170934167,-0.1687275332783434,-0.141070670996006,49,0.0,0.011175764562192231,1.0868190237349529,-0.09039307931220011,1442.5441324950996,643.4199309696731,836.1023178153076,0.0,0.0,157.52223477846402,56.955086065994784,78.77304175226661,50.4697402551632,48.24535253216679,62.884616908500924,59.82612516898124,52.476670858951266,50.163921316030496,44.28546479310909,59.25286688484231,62.26156811401506,65.68068847315962,60.00038449000742,72.12927448787079,53.97677053690249,15.675831243340268
106,1537.3882628631768,648.2298594159186,0.6228617317913305,0.1070726142567584,0.2253418805378528,49,0.0,0.010506677384694626,1.1403240483986161,-0.14257070823892612,1537.3882628631768,648.2298594159186,925.9999834314956,0.0,0.0,157.4497677898741,56.95713893445286,59.31458820540316,66.20895966397782,56.16328531724433,53.42814238740688,66.27286016451251,86.61756357626643,61.42184342350275,71.54764981649673,53.12916525953277,69.05278668201342,69.3477494718821,69.7966296190214,64.70629172522081,59.27598202192969,19.71648609708483
107,887.0130170560769,650.9586628268403,0.4853402643222212,0.5399345093061507,-0.7952194006937904,49,0.0,0.010015846953601934,1.063676368908962,-0.06702377718918075,887.0130170560769,650.9586628268403,1112.6151659850339,0.0,0.0,157.9467422348504,56.95709952263021,82.16042224249396,82.46475445316156,88.24743313231167,75.99390682437291,82.31166407646103,53.59673872743837,74.03497003149107,66.6566342837604,72.81887428787067,69.36841417749764,69.94566270732346,86.51824541899032,91.25561151818447,96.21823443463144,21.023599669044835
108,673.356276605359,653.6656697031849,0.25137779266790194,-0.27748702432725153,0.2652950927959453,49,0.0,0.013369625327978338,3.745476154313333,-1.4337675911673502,673.356276605359,653.6656697031849,1303.7207192268347,0.0,256.51810563367025,158.1100116151435,56.95741094481863,93.67155412956501,127.37804060634231,16.164673945355176,12.56687363320112,185.19538329292266,199.1094021215058,77.69573984908384,142.56700037497654,59.21099295091082,108.85167344382103,86.08523606105396,19.50878587127601,80.0149313499035,85.92990139064823,9.77053020626871
109,655.5707127451258,657.5466344432454,0.3518471084588629,-0.24754816335850804,0.23343459017968393,49,0.0,0.0072386511642854225,1.7602096271465155,-0.6139109798929089,655.5707127451258,657.5466344432454,1021.419931684238,0.0,125.82589605467732,158.1236323590191,56.95895026356003,41.06280931148525,127.4098276778909,61.395357191121576,219.00122003752378,69.06688799780248,90.29117622191097,91.56037342208703,48.28593997377958,57.51934149858058,67.05642440127713,31.870968113437524,14.581969950153752,63.25030921189914,9.264073075789357,29.803253599498895
110,692.5071624898735,660.0213463387752,0.9862892063227956,0.611300953218888,0.24631704733521786,49,0.0,0.01445971806209942,1.3395101699589769,-0.317365038123537,692.5071624898735,660.0213463387752,1139.476991396207,0.0,424.2693529985071,158.095428582828,56.9601406733801,73.11695490270372,46.13774318642504,59.570811348928,113.84934718135385,102.14449369721524,112.21294228880626,121.3720410491265,68.77504882205062,32.99586945037602,70.57679660632488,51.644350629501346,64.69002478713429,94.42493744828874,112.8271644453701,15.138465552602362
111,1387.0038990308212,666.5256291190069,0.3968558281396447,0.1085952260000245,-0.3728850204242538,49,0.0,0.013843966221150136,2.136571194394206,-0.8242934221685481,1387.0038990308212,666.5256291190069,1455.3572883180868,0.0,0.0,157.56471477007943,56.964664900498185,100.52468165507656,100.4057404382413,103.91505044082055,93.19662116084174,91.77832551761327,108.24437111363179,99.11266509861355,83.28584250886986,99.30063054724961,112.38964214297415,109.46422353255205,111.80017648195245,109.1247148021402,102.90377033073676,29.910832546773012
112,1463.2539312678034,667.7563905983947,0.4241276776455011,0.14248255401909765,-0.20849352146910707,49,0.0,0.012638891288431632,2.0837412233144006,-0.7971094589957901,1463.2539312678034,667.7563905983947,929.8125330930097,0.0,0.0,157.506439288244,56.96523999917818,73.96816473922692,56.72385921736363,63.79005748053568,77.19515976618518,71.04875432496078,55.81967356762689,48.565902211004115,68.01465354428618,69.81071919929595,61.39374173967802,66.82980761056231,72.6601798068001,61.69683291203482,70.76345087269013,11.531576100759104
113,1382.5307013001814,670.1246933983931,0.3850588022742162,0.2736537009793467,-0.5715921938126582,49,0.0,0.012505789058290178,1.5039025663525463,-0.4430492511009216,1382.5307013001814,670.1246933983931,1497.7542410383035,0.0,0.0,157.56814030369185,56.966159938933075,113.5848431329512,110.40621667250312,103.98789193575332,97.80809855363998,93.36868373527474,114.27774634421138,101.11827227704066,91.00170889411699,95.35987402371175,123.33366411478225,108.79768674611103,108.0865762492875,101.02304784333226,101.85042851034856,33.7495020052387
114,2607.115470550867,669.7979624989525,0.4471754915776875,-0.08576933177937937,0.06126537905978025,49,0.0,0.050489960963047135,7.011045038900552,-2.1144568925633327,2607.115470550867,669.7979624989525,2518.712475004706,0.0,2322.032694821021,156.6322121982553,56.963773902874266,177.74919029535207,196.71921144544797,171.34053431154462,192.1212989592333,183.37874753586823,165.58193620400658,206.68054491229887,153.17952745916287,153.6754915410591,182.05120873186792,185.48519116656988,164.57158124546737,189.41048542715777,166.89916569923395,29.868360070435113
115,644.8234180601779,671.6998002427181,0.7183616545676957,-0.6665472746397114,0.2074900027389796,49,0.0,0.01406696199162992,1.9533527721778876,-0.7269517080339349,644.8234180601779,671.6998002427181,981.3681430374172,0.0,189.7422555583038,158.1319603673766,56.96479908604152,19.567689005167818,35.484763464889326,123.02431264345991,100.28332317151899,256.35739566534096,28.389336429623853,86.7126833515452,78.78088637282754,23.873813196354895,43.90851392375239,21.235287101681408,43.23364138161975,19.133054709538257,30.166685186151767,71.2167574339452
116,603.6143030415237,676.635523455015,0.8673124318739045,0.021774845686798407,0.09095377051090645,49,0.0,0.020568581542115803,2.586002849585977,-1.0315724977634744,603.6143030415237,676.635523455015,492.9799896122886,0.0,18.442137243346203,158.16349487289634,56.96666791411876,21.123609053366007,16.591056581155158,57.36742638422069,37.90503244036204,134.94285381322004,23.866704092331183,18.472755984849154,37.605363727867484,0.0,23.145658624983195,31.933485583096758,28.198556846137507,0.0,28.197649130848124,33.62983734985129
117,721.7451339182743,675.7657791838457,0.35557777242725785,0.39895609838893975,-0.607735595158168,49,0.0,0.008789467681424613,1.15395179116235,-0.15546916401309213,721.7451339182743,675.7657791838457,1107.4642635518994,0.0,970.4914842407425,158.07320581200827,56.96682177852057,69.42835068378729,73.7203046388561,58.190043736457696,92.25552371274796,76.47975839635316,66.04861600789393,81.53024669865229,76.37339238196122,76.7002843787841,80.8834042204067,74.78977495606031,74.3282206702795,82.18565429596728,92.91867064639665,31.632018127295296
118,1107.1381344345793,676.9199503464941,0.3081172728431861,0.3241600487037329,-0.35636543590492487,49,0.0,0.011400499114393822,1.4330826248048185,-0.3906780762416939,1107.1381344345793,676.9199503464941,1208.1352385480627,0.0,0.0,157.77865283469575,56.96853470823471,76.27659360117138,98.52403774202955,98.55428483926116,94.68353166379748,84.50089796183138,69.98433739518484,83.65978563066122,80.5902762715474,94.67060572245035,73.61542639503381,76.24323834334061,72.12668301037515,89.97268902235695,89.26474076959789,25.468110179423658
119,2336.1501084140314,678.7175666031851,0.8684172114400702,0.7551524290526268,0.15933961658403142,49,0.0,0.012865727824800981,1.0481357449984225,-0.051043830393240265,2336.1501084140314,678.7175666031851,1019.2167232123797,7.746113955738799,0.0,156.83923182569873,56.96858983651326,65.40079492716676,75.16276443820813,72.51746375476773,59.18904975738073,61.656089225461194,69.535930635373,77.41704331391534,69.78563625773361,68.35526937249583,73.88987618839296,71.1553862318857,69.32018263732823,78.91213593663177,79.19018047764315,27.728920057995584
120,1348.9875488583918,681.391310135642,0.2815410092995998,0.6146558178301457,0.06790807685106783,49,0.0,0.0065994581887640884,1.0896030365345666,-0.09317076218436847,1348.9875488583918,681.391310135642,789.4398733195034,0.0,0.0,157.59380216723125,56.97081743372944,60.83456491844583,57.037082820665916,56.69953476499778,66.85701472421674,46.493970670981085,57.15220228729683,49.07264757096118,48.03126828882798,50.81753036628572,52.7523631836648,59.82536196431766,52.86591692892277,49.890804635686834,68.7266800273809,12.382930166851384
121,1308.2917044260496,703.3937052920544,0.7121647588322932,0.2880804538546601,-0.08442632344441264,49,0.0,0.0270930926289095,3.113188981074788,-1.2330137115575948,1308.2917044260496,703.3937052920544,1254.0598770094484,0.0,0.0,157.62496566551656,56.97993306668512,87.85566625224881,68.82184587661513,100.88180645659304,101.3389402900944,92.41292056994118,87.92739228281835,83.78333977995169,84.09087663012029,76.66818831428765,92.03702818942364,92.78763417882931,92.048520187332,89.00538130917559,75.71306478865267,28.687271903364547
122,1405.4914786894121,703.5013451583567,0.5073538609908189,0.4184491129047354,0.16987718815394698,49,0.0,0.008551005846282529,1.1225833209073532,-0.12554646320256085,1405.4914786894121,703.5013451583567,786.0330920115072,0.0,0.0,157.55064689884415,56.980088307970846,66.64631607395272,67.24281127467536,47.627980563384355,60.706725282914924,35.07325876277224,60.7986891454236,51.06900206160696,39.94836042627353,46.4292160911426,53.26002866047591,56.08174526687388,72.99815729863657,50.966703328748245,58.166487664806276,19.017610109820005
123,2190.398027558953,704.2323051612357,0.279800628838606,0.13513977746901554,-0.1790777822522695,49,0.0,0.008864726295269729,1.3274451276326877,-0.3075414444235595,2190.398027558953,704.2323051612357,1003.3323359383221,0.0,0.0,156.9505061509616,56.97967034563632,65.24637382466427,78.12992840009159,62.317668705950304,66.15709687026379,72.16383645125185,66.62697810699572,79.20155423718515,58.786412584971515,66.98367677454866,71.55877984392856,72.8647817669252,73.85667524826164,85.23766421581365,62.05588416932292,22.14502473814735
124,643.8993735613138,707.5012717323639,0.8667935616136916,-0.056249006980488285,-0.1949688975611829,49,0.0,0.018858405809848502,2.107563498877932,-0.8094516709309786,643.8993735613138,707.5012717323639,989.9899577407282,0.0,453.9556332144738,158.13296063851678,56.97971037243647,49.952239985060544,48.37195975465799,28.924365391278677,48.45608206125086,98.61757716652973,85.7179093981797,81.46865454094811,109.07410876380328,94.9380567745274,70.0141591354935,31.989845215764298,66.36459524315686,60.29935910447783,79.65165517888295,36.14939002671653
125,686.2675426006148,711.853702844983,0.7609724016845206,0.899379996113131,-0.1807584798974305,49,0.0,0.014836176052477066,1.2881003383072096,-0.27487423573471714,686.2675426006148,711.853702844983,1395.799052691133,0.0,1191.3585818851411,158.10060333035236,56.98170843385928,112.16579959193038,90.98264236480563,114.63337090673772,93.29948126080012,88.2378031753365,95.09700977312451,81.42597300838973,85.85223295770882,74.44543521819918,116.5688314938152,98.13979921170804,108.50081064550062,95.55868565091025,108.61089893774496,32.28027849442139
126,2160.8992983721655,716.2200720272259,0.4251207342678969,0.19494349440509795,-0.02762484009338089,49,0.0,0.01629992385046041,2.3206992638623976,-0.9140471612352702,2160.8992983721655,716.2200720272259,1117.0868090176773,0.0,0.0,156.97300228042405,56.984743995301265,78.71933803663323,83.76982802341254,83.82244514107519,67.6092172630958,80.09850193296978,71.46804309176196,69.56806823705688,83.47416708515809,89.33827828296236,78.06151138292708,72.28455052308223,73.84721028578338,91.88116210732751,74.38511220907263,18.75937541535871
127,2176.32052106161,715.2572004687876,0.3422347272258846,0.443350119392682,-0.059922952957461105,49,0.0,0.00824193504552,1.0222592957753298,-0.023902671104758327,2176.32052106161,715.2572004687876,970.6527241349022,0.0,0.0,156.96121483032215,56.98430197567049,66.87094361915288,76.15514960347625,61.05251124163998,73.7368189132283,62.327168900296805,58.78503310848421,61.0852889704377,66.20706798206967,61.26422074824086,63.29913962840329,85.03300412202495,70.44422694459158,69.00228759056057,73.58508178480031,21.804780977494886
128,2490.959053831949,717.1210595822554,0.5874063382423885,0.5374811398921214,0.10715518088162662,49,0.0,0.01783181578537249,2.166444481697852,-0.8393689102074191,2490.959053831949,717.1210595822554,1102.45307314338,0.0,0.0,156.72061668555384,56.984002933195285,70.57156471683562,69.24942849146198,77.27542693675258,69.00059010172673,89.78007272416241,67.67137860951635,82.08267564413441,69.0320760281077,82.65123251004044,74.01200884945399,62.838789995986076,84.8809944913575,89.06519235975628,94.44285259179878,19.898789092289093
129,1117.2451995885497,719.736344407081,0.6875900359652448,0.2271797464101422,-0.4919935444997649,49,0.0,0.010653107945681332,1.0049334482200503,-0.005343253824538563,1117.2451995885497,719.736344407081,1038.711418097041,0.0,0.0,157.77110526039874,56.98639673031603,76.25005548255952,71.58085245153785,75.03058521584208,77.89575493762712,72.48036113514098,63.29553653672484,79.00665997621068,71.76891073296719,72.64901972865908,63.349254185539806,65.36426676638611,65.72602245494164,70.30784485528487,86.37789954353909,27.62839409408007
130,2326.271878964422,720.5671460006891,0.7657331915884981,0.12485369485948747,0.05097214569761538,49,0.0,0.02737177578813664,3.0031547907983644,-1.1939442937484306,2326.271878964422,720.5671460006891,1178.722617354218,57.39321245835654,0.0,156.84652107940087,56.986059226587216,62.83943004540966,94.74759336899317,74.93758665947567,100.62754458981635,75.32692562523329,67.52138445555116,80.2451898774934,85.93597631561425,72.49015987661355,74.07333284655002,93.17284240423623,86.68097606969724,97.10025401417107,85.98073907537733,27.042682129985465
131,604.58009650027,724.0448314394288,0.7542614195937466,-0.24036124017772922,0.3193029162236301,49,0.0,0.010696709658922549,1.2084796383836318,-0.2055983434952341,604.58009650027,724.0448314394288,1250.1498516261204,0.0,334.51897316609177,158.16316233497014,56.98642367510802,55.26881568318691,55.81271194458131,38.930734693297026,87.9323136666251,64.59855010496543,190.48405384013853,47.261347422158224,209.35221603263358,66.00281468054982,18.22963350512476,153.29373489329657,79.95053185583922,80.27505705082243,58.70327846665937,44.05405778624218
132,1140.0661676551433,726.3560719112913,0.6632416552314596,0.3808451409376198,-0.027984351361049035,49,0.0,0.03197565187471518,4.085908998766354,-1.5282217245285632,1140.0661676551433,726.3560719112913,1239.2339859331692,0.0,0.0,157.75367984638217,56.98920499909898,84.1511764761735,117.88726162797258,73.5872892428853,82.67001845645092,74.6362526671295,80.90325847546615,88.20719431813652,92.9190328704329,79.8828865449854,76.00742993233473,97.32072792130056,83.5809759042669,79.24346578099623,98.76350075290273,29.473514961735322
133,939.5406203312481,726.5690537713397,0.48951137414521334,0.43023092218229597,-0.2406726000566084,49,0.0,0.06015821999319936,8.620121440152618,-2.3387834605062876,939.5406203312481,726.5690537713397,2571.7190115254807,0.0,0.0,157.90703541997507,56.98876937794438,176.25007458203027,176.68455506207522,174.0675361539994,186.09211177387198,175.28283576007124,172.187324143097,178.2636596215466,168.39607922765404,172.4038648527255,188.5618408353306,179.25104470985605,167.21223102990555,206.271171155479,192.5716501405137,58.223032477324026
134,1097.8300929634197,727.5124673426973,0.5290913310380615,0.5370678758793525,-0.17854293110953476,49,0.0,0.5692016495062928,86.13367240180968,-4.837932410558724,1097.8300929634197,727.5124673426973,15525.235517798941,0.0,0.0,157.78598589057955,56.98959194493027,1022.2883981623452,1047.8614123715379,1105.9566421223042,1077.8560164425041,1109.871075035716,1053.6003153401443,1142.37030018074,1057.6508169208191,1156.6576627796962,1114.5174287249943,1078.290461450721,1116.8477637119122,1048.9308030723323,1080.8664307184608,311.66999076471154
135,2246.4983813706453,728.6636833823188,0.35511147642861524,-0.3178358125269276,-0.1559997090265946,49,0.0,0.006872173325121279,1.083019591037787,-0.08659078192029752,2246.4983813706453,728.6636833823188,801.8456824868476,0.0,0.0,156.9074782473286,56.98968766738907,56.372305168856535,47.69067845628323,51.870480443170074,62.244495055977254,61.408194294709745,50.771578952608316,56.150451608882214,52.341438933326536,53.78454612409916,50.58014500820114,58.413789357410124,62.82866161759259,54.4001371694087,66.79042234214714,16.19835795417486
136,550.6809837528896,728.3472198138977,0.8949994733157833,-0.022416799992783124,0.05707255666009249,49,0.0,0.012369203134831464,1.3660725846145818,-0.33868443917655583,550.6809837528896,728.3472198138977,636.6842738691513,0.0,15.990198435297248,158.20441473706063,56.987959006291824,0.0,0.0,0.0,0.0,0.0,27.162641365587234,45.934550018541685,52.2972950958134,101.94211161423084,66.02789372104795,37.294930834233966,266.67336451332386,7.776909852676286,31.574576853696016,0.0
137,1509.9996939008397,729.1560310070274,0.6440177471101786,0.14856549886094877,-0.1922609772406778,49,0.0,0.02320432797730929,2.820052616783994,-1.1256430287467742,1509.9996939008397,729.1560310070274,1184.9534481604915,0.0,0.0,157.4707592220205,56.99084686566846,89.14825361410627,81.68361244912143,82.91144063955372,78.69621148217925,84.1537906028298,75.17962652611952,64.67575951548854,78.61321280335676,76.03444751091631,83.452875812744,93.03718983720263,87.74360711241975,87.73487183068958,96.00765577147402,25.880892652289706
138,1769.609874242572,729.8418494451228,0.4275305324899215,0.4020596732199232,0.02837872959380603,49,0.0,0.010816967881197051,1.6311944732851331,-0.5312643533054261,1769.609874242572,729.8418494451228,919.2630199226597,0.0,0.0,157.27220093078182,56.99108501909244,53.67303751876044,75.79838051981818,69.74193877167727,51.68748950774552,67.5331567663639,70.35468138652803,61.062199200273895,67.42506375808111,65.72459421292297,65.78375757362103,69.45722890863102,53.3757557618635,59.02891598493184,70.5474610508254,18.069359000615744
139,905.9227819439251,730.8029735380766,0.7436401382287673,0.3660962047673685,-0.07872875514958473,49,0.0,0.012540832972312215,1.2923171318212592,-0.27842275415439,905.9227819439251,730.8029735380766,947.7261885563285,0.0,0.0,157.93276976356316,56.990427103178234,72.51326647762727,64.35469951010424,57.66156594638477,49.983173235873195,63.14001148229255,75.35655337163924,67.21240760984992,71.80160855612733,66.26015210293309,77.32382952014461,64.96820989708748,65.38456562590571,74.8743842280766,62.16371026504653,14.728050727235798
140,540.6698716310707,734.5407853784501,0.947716187554641,0.06449368247843303,-0.15871064676418198,49,0.0,0.02115748538834145,2.4422149780020646,-0.9694597260601356,540.6698716310707,734.5407853784501,577.5260072184825,0.0,15.408064913167584,158.2121263655092,56.990490051422555,30.610335258911636,28.908124227193266,0.0,125.8769533426383,0.0,89.69360566616206,0.0,0.6932847918508375,32.84778064251885,43.19304147947893,73.40203054604596,74.05981152428016,19.203650623945606,0.0,59.037389115456904
141,1688.0184025381097,733.5350119040588,0.21371489813085898,0.2179005638921867,-0.04336993029054678,49,0.0,0.006000925200514061,1.1475817875487175,-0.14945911812744048,1688.0184025381097,733.5350119040588,815.2908128844525,0.0,0.0,157.33460201560365,56.99267260483267,60.49788886858116,46.7521559554655,59.515190755727104,57.73835477169135,57.75552420736828,51.974630835725534,45.25871689575807,62.032577859721506,53.29617566742416,67.37330497417678,61.99035435213511,50.40530293549303,64.75508132527776,58.39811770447892,17.54743577542817
142,2058.241658248293,737.899230662619,0.3489687503265626,0.48616706449109837,-0.08802048147326584,49,0.0,0.007404404697034975,1.1450829778309903,-0.1470923968390979,2058.241658248293,737.899230662619,935.0774762483783,0.0,0.0,157.0514175293095,56.99402013062067,63.92015972762992,64.76055659420142,73.91625996281478,61.29245294552849,58.72927325877423,68.59289662359065,63.58532223559746,63.70986663488851,67.21516131388186,55.28389588585121,63.12805793308354,74.21238079191342,61.770583039161,70.74408416207064,24.216525139391223
143,1000.6401966980771,739.5411737746023,0.6045145207313033,0.13101482282192736,-0.17769730851856835,49,0.0,0.008846357776413452,1.029450380343498,-0.03151354600496531,1000.6401966980771,739.5411737746023,812.6290071545711,0.0,0.0,157.86037622208937,56.994353671938065,58.733252195782214,65.29519268821987,56.49752342968348,59.206526734287536,65.91065127510615,59.861778599364285,48.72760712865153,50.3808075311299,56.76269221153823,64.0125910343242,49.03945871414021,50.5469266431935,51.66585102080122,55.51106969417519,20.477078254173676
144,1845.7318512010684,739.8040844277183,0.369071215153319,0.2066305375006327,-0.39838837983149883,49,0.0,0.013469782288674797,2.3593487309965644,-0.9319803447468501,1845.7318512010684,739.8040844277183,951.8433295871723,0.0,0.0,157.21395958737094,56.995162208953566,69.61879147077136,58.290480346822534,56.78264817430653,59.572171672300385,62.083820108913294,53.77424469798629,78.99013981333323,53.98990288017964,65.75858056283185,89.96436259833635,60.681738910200444,81.85854713603112,72.16689558352445,70.41970114630257,17.891304485332384
145,945.2171354088916,741.0855995932511,0.6465442638916088,0.4622108922721521,-0.24278680590688595,49,0.0,0.02688832267451346,3.081684107799,-1.221970296800448,945.2171354088916,741.0855995932511,1738.294315181844,0.0,0.0,157.9027760918864,56.994834888244995,126.88443368228329,109.65837574460497,126.28095535941176,114.82734731844053,113.66651751408757,117.02261803304975,109.22916425016062,117.94407319151371,134.02228629605779,140.51393575773648,117.28623787005597,133.8594932759959,143.1768630893875,102.62428830775542,31.297725491302813
146,1940.5140644986125,742.338141507174,0.8186329688121285,-0.0855006358258431,-0.0631444036647284,49,0.0,0.010046759556919624,1.0506040498551188,-0.05359767645789346,1940.5140644986125,742.338141507174,731.3012129972783,0.0,0.0,157.1414523762771,56.99608863232864,46.21456994352445,55.39116932086382,50.55518722599958,44.1436261130595,55.523702052622525,63.67540627065974,53.5085305651729,42.90635480906194,42.69670217765752,53.95568980836633,56.2616481548211,38.84415352387064,55.538955931515,54.158311897755055,17.927205202328217
147,901.0218336839911,745.1901889775601,0.4431167688303634,0.3424777547445163,0.16051846877661005,49,0.0,0.009784613430170353,1.1925777134357893,-0.1912167227743947,901.0218336839911,745.1901889775601,1086.4274491847264,0.0,0.0,157.93660442096248,56.996405345239445,89.59871246915773,69.34161547405427,77.9110738923101,74.76135408785717,77.650154826772,71.49279089207654,78.16322962271195,69.78663734725761,60.66037406276443,80.91754826540993,80.73728012397576,71.56748490134302,77.5013278041837,82.32693264801829,24.01093276683384
148,943.9541335937486,746.3513244600296,0.44767100137486593,0.6460307953937032,-0.123324519900009,49,0.0,0.011761752975983284,1.4396092903640598,-0.3956116016568712,943.9541335937486,746.3513244600296,1735.3782307064234,0.0,0.0,157.90377185616177,56.9970249059919,127.55795415217722,118.05826127887612,119.73378190598552,102.9108991951501,122.34721370375888,110.0709822777068,121.98338906420534,113.4183209061815,137.290058505464,142.05718531569386,121.27553973814432,112.79039973277105,136.090219737923,114.40471386777025,35.38931132461552
149,545.8222376987186,757.8562004108403,0.22843702504232472,0.08184715944745424,-0.27687263795039263,49,0.0,0.007328575833335074,2.1041170230481074,-0.8076747249337517,545.8222376987186,757.8562004108403,1137.5969219883902,0.0,97.55231721914606,158.2083976623667,57.00022886951119,56.53894383190141,72.3181176983756,111.93127057084286,94.07201530287416,86.30301956506601,74.16183128189078,129.30566077649587,86.58060461959568,103.74915833586948,30.287965561360647,17.428972717130787,24.238479339470967,49.671732766203576,196.44882560567106,4.560324015641347
150,1397.5754287127081,761.441307219865,0.6638556420567954,-0.2591626075859439,-0.3792427110556232,49,0.0,0.012533658682690801,1.1960656374912022,-0.1943875336168643,1397.5754287127081,761.441307219865,1074.5010014885452,0.0,0.0,157.55680062133476,57.00422156439727,63.589325394372565,66.96240934634733,78.22878932945969,66.68651713894067,83.37265827821687,82.92441828565907,62.90293704033452,79.41506714700682,74.20606204354439,78.68422197700784,71.34721185008868,80.61284410410218,68.82339570758738,89.38135486892912,27.363788976947873
151,1909.1875949574708,760.9068798609209,0.7543748155018211,0.010006990243853894,-0.22103318366922706,49,0.0,0.023014087590566036,2.537973082697275,-1.0112175293277312,1909.1875949574708,760.9068798609209,1072.0855699557305,0.0,0.0,157.1653655884633,57.00387264590873,85.63795154264108,65.06613867344758,67.50835993125006,77.20119020654693,67.78256436877017,78.09010383938471,70.18250686973508,77.58247868522399,61.516913419843135,82.71245524845448,88.22341256250408,79.99546467650131,77.87595063128171,69.07386511678574,23.6362141833605
152,2568.3959550547584,760.6734735162167,0.37048374758080455,0.19034322606702334,0.008299564395349962,49,0.0,0.006834813485051268,1.0622856265863296,-0.06560326307861405,2568.3959550547584,760.6734735162167,868.0825583799885,0.0,38.91418600882949,156.66104537128462,57.00181204745134,57.91926065713963,72.8583267814814,55.49980769164341,50.22295404643137,65.03091131435673,63.0031266239389,58.65429027864185,45.34768097111072,53.40840596302118,66.65777690759238,64.67585736022743,62.96448139561364,63.550737589897956,61.16553992034984,27.12340087854222
153,1300.012789896987,761.68587179012,0.5962273312286547,0.421106996159177,-0.026654246348385056,49,0.0,0.02707988662306081,3.6395395712388656,-1.4026161141239761,1300.012789896987,761.68587179012,1215.5295082366922,0.0,0.0,157.6314462804685,57.00420886663179,84.5631146520011,89.22375086258884,90.00911876414602,90.03423741827135,86.90788612350609,87.15468199342453,74.62812654544138,80.90661373415607,84.46444322541373,89.5051318325468,73.29385914688217,86.81958812790133,87.5534416590041,84.10688231495867,26.358631836450034
154,837.1278039065573,766.354364958563,0.45282995616108435,-0.1403639554445581,-0.3656979287566482,49,0.0,0.013511234195908342,1.7101548071577557,-0.5825885637746646,837.1278039065573,766.354364958563,1309.747848387535,0.0,0.0,157.98561556785748,57.005004948115676,72.70173142580397,88.23663186572708,109.50371042610857,102.72473959581198,112.21072894479984,90.04372880062336,82.12611338075484,80.22021250114025,89.21261123289764,102.90945587338459,101.62581287576954,74.9968485134332,92.09858645596222,88.23801390232423,22.89892259299372
155,1078.8539827543239,765.9064281085134,0.5667504834274097,0.209205418670608,-0.3331877390880634,49,0.0,0.032225140816752484,3.935954889332277,-1.4876252806569386,1078.8539827543239,765.9064281085134,1632.761116028112,0.0,0.0,157.80067066819555,57.0055430951309,111.34090423619746,129.55551673502396,101.75041329279364,116.59080202505945,123.67290710264632,97.87464864074428,98.0384438617293,112.46243179361264,92.57698722321325,115.3268520282725,133.99757936626122,110.54000126661717,112.24842224287858,129.12355891388023,47.66164729918188
156,520.8647340535488,768.8907636192063,0.6406640884963672,0.29659263237619155,-0.5190882702782009,49,0.0,0.01726059813680162,2.6571307112259026,-1.0610322975498248,520.8647340535488,768.8907636192063,1032.6841707702376,0.0,27.77895312705516,158.22759065444527,57.00470169460068,0.0,73.44560386226871,0.0,32.809571624533746,215.36224892882015,72.69990870001303,120.5879808470799,95.99129932526196,137.73135880073426,66.02112915841033,62.96161002482887,47.95797749594453,33.73387178662171,73.38161021572054,0.0
157,1007.715026671692,770.2092306608646,0.4277273852267715,0.36357190593127586,-0.10299432979409325,49,0.0,0.008120657169376601,1.1176297941935358,-0.12074492711340656,1007.715026671692,770.2092306608646,913.0220100337074,215.2286702179034,0.0,157.85512125775327,57.00715082277942,55.88830825944971,62.13708553570657,52.1123229183456,71.28925118376202,65.95987221663395,58.31222395915061,51.853049461553404,52.48667085099826,60.29432084498666,52.134166367203164,83.21758355287771,71.53844081194856,81.6839781672426,70.95574186491922,23.15899403892928
158,1725.1715486390008,771.9151274214303,0.48112917198864485,0.10496906901809666,0.007029261054973557,49,0.0,0.014671555948893588,1.9864683917587618,-0.7452041476239807,1725.1715486390008,771.9151274214303,1146.0888953586182,0.0,0.0,157.30614369323223,57.00864530337133,82.86857266743968,76.78599811599778,89.9534890465271,86.02959098463513,81.40629703640147,63.475857272250856,82.66049930731694,57.82296091937719,91.29804541513957,85.59504495617874,69.50900817182568,82.69893193367554,72.75292365263819,88.34056170826813,34.89111417094641
159,2502.8180047424244,774.8966646460482,0.44769526717614344,0.5064395063314727,-0.06229376728924943,49,0.0,0.02548477168382086,2.8324845420506595,-1.1304188710778469,2502.8180047424244,774.8966646460482,1936.904995140779,0.0,0.0,156.71110086933126,57.00802385020154,112.89988876964671,140.18064532155535,113.86659165362605,142.44310026571276,127.05857299068637,154.50561812204847,155.16838676925062,125.18739195114992,111.58834119344358,125.1531655520768,123.86550782010892,137.92377009776555,179.99301550942073,150.2268154016457,36.84418372264143
160,2041.5880820991263,775.7597637060858,0.5966044575917755,0.063430099210133,-0.2054389929895934,49,0.0,0.015771947382162664,1.7595257193333786,-0.6134890484635886,2041.5880820991263,775.7597637060858,1050.7210729265048,0.0,0.0,157.0640118236451,57.0098293954535,76.12894536423197,74.29836991581897,84.38949338184909,85.96948117149205,64.98280552588496,75.62474172797317,68.22404283185176,73.75846084705364,77.9826212422478,66.35539415918034,71.2625039299033,70.06363664227399,64.56443007591459,78.33619572841918,18.779950382409922
161,1287.2303263025524,776.39202417857,0.956079314145886,-0.057951582859941536,-0.0067212680606430885,49,0.0,0.011945947248541913,1.0616524206841589,-0.0649558858217255,1287.2303263025524,776.39202417857,820.7836624204474,0.0,0.0,157.64126573794493,57.01031784717755,49.68063674124189,62.3413435599612,55.29853913561317,53.975190778778625,64.20069585988603,61.2168689287441,61.03582527550878,57.99197225712405,63.5645940290965,57.88655907298026,47.0296359364863,49.164980489791844,69.02981160562919,52.717125336600034,15.64988341300538
162,1394.4383582861735,777.138934300257,0.6390373875187914,0.23034089607866048,-0.2139440642350287,49,0.0,0.11699506924749405,16.344392037111316,-3.0334219268767217,1394.4383582861735,777.138934300257,2825.1076288319814,0.0,0.0,157.55922863096626,57.01075898486156,163.54005767459097,207.25780262964122,179.69831834585904,174.7409029444868,201.45312990223164,216.08868765450018,184.2106099939298,190.25850712115013,221.46543838592237,209.19507116036704,202.41108788515297,180.35970885745442,225.29861845208174,215.29148367279018,53.838204151822964
163,1781.9480336862628,777.3607512524418,0.6915477907610907,-0.20403990188447427,0.07199145292392409,49,0.0,0.015383632715084255,1.8618346864391841,-0.6748527926410959,1781.9480336862628,777.3607512524418,889.7991875625066,0.0,0.0,157.26269015797268,57.01087366513435,54.087581243230844,49.2516054127153,77.54549767173795,74.18259694919453,63.289340944554326,50.34461941920468,66.88949793163698,56.39200111043037,58.58735678230611,57.21735676922627,63.65483810545794,76.58972135990516,60.45255150805515,65.78059989816515,15.534022456685804
164,2266.1211501202542,776.5615481643175,0.7351177196395036,-0.05275439541517427,0.03515417326360066,49,0.0,0.0307112708707162,3.5082538756470303,-1.3627275341431595,2266.1211501202542,776.5615481643175,1271.276233346045,0.0,0.0,156.8921972069366,57.00958354218665,89.99811919610974,89.3076565282862,94.08067406721673,77.75932794989126,85.05007443505718,93.2907683291221,87.13685824200505,79.95451715319447,91.8642636986008,80.37584075374642,87.16967530904361,85.45064490941327,102.11800683804938,104.58165949973996,23.138146436568917
165,605.6137018988769,777.7794306976631,0.5935319830164996,0.8387913752252409,-0.511276106510391,49,0.0,0.023863098993977927,2.405622653943956,-0.9530687622453369,605.6137018988769,777.7794306976631,2004.5378847005927,0.0,1636.8977156759897,158.16283170626306,57.00881504795849,128.7535000081595,117.68197483141986,140.88653137495393,141.93922601414778,150.59734067908653,147.7192882069705,154.83286266415857,114.21906172565535,132.9132311256857,133.4127685882459,140.22976785431916,148.542083374962,172.25459345640206,150.27446830529112,30.281186491134715
166,1415.4376620974806,781.972902793825,0.5278852509834442,0.27022273786445966,-0.1597675816531586,49,0.0,0.12809669698555534,20.04255776772945,-3.254882860044898,1415.4376620974806,781.972902793825,3623.589765084944,0.0,0.0,157.54316688418214,57.01279222897285,231.7391930695259,250.57987595894957,236.1092742057242,283.9786762523039,257.0693741634225,237.29088337409505,246.64867648678933,251.37345980433565,273.07213302348526,273.9610564821377,249.067379861236,258.2056595113815,237.87067034201576,274.5146931464597,62.108759403081905
167,1864.8990710579699,783.0752825726515,0.9313822938681888,-0.1502154127200918,0.029022124457220407,49,0.0,0.01555195866535089,1.4673929880440746,-0.4163660986551174,1864.8990710579699,783.0752825726515,870.7653795841577,0.0,0.0,157.19919992236237,57.013168306783804,56.413312143984115,70.24024493822381,58.26370056179776,49.05602988355936,68.12465278971048,56.347496776263775,59.35702049238491,66.44295695211211,56.61020768857909,57.8604988934578,57.055686958357796,64.66544943022689,70.94376700634285,66.54994193188588,12.834413137271014
168,2356.195969663629,790.5267161720967,0.29713643744966006,0.8477297559615778,0.1399671582675712,49,0.0,0.007555755420886412,1.2445664231934512,-0.2375452002453718,2356.195969663629,790.5267161720967,847.7098579468881,0.0,0.0,156.823183983859,57.0151030927613,67.12106345562913,59.834325001137415,65.14115696257123,45.0626304646866,57.8138438354855,58.4889527318294,73.030574223522,62.212227658000366,52.70270707076784,49.666490941006536,61.97049848987032,55.15744918652104,58.17683683134386,59.91340955648849,21.417691538028404
169,2687.111146006799,790.0697240031776,0.4056554463140193,0.0402589701701309,0.011832738798715945,49,0.0,0.01644795421592931,2.2912513509757653,-0.9001818351015114,2687.111146006799,790.0697240031776,1375.1964229537189,0.0,1296.8521191265302,156.56995858705602,57.01348975526588,79.45422925356414,87.57706642815768,112.62971147163073,75.25342210297265,102.22736863264785,102.34269509250174,81.99259969636367,99.1912544307167,84.95947111562211,93.06502560961778,113.31149916875646,100.14125442104162,107.22375455566467,107.41343453688138,28.41363643757985
170,1429.6174167450476,791.2537480214048,0.3096479885313465,0.17258035323115029,0.07451961972572267,49,0.0,0.007274844353054838,1.0753611830944896,-0.07888588965133309,1429.6174167450476,791.2537480214048,905.2118738331859,0.0,0.0,157.53232905876584,57.01667088249753,60.682624969165246,82.78453157540233,61.01870459084497,53.18239429969067,60.57162179887614,71.45724758848709,69.4691029741457,62.97262443477396,52.30301219432661,65.70457993690634,67.94797131501623,57.21113642265432,50.502639348511266,65.4104526313787,23.99322975300633
171,2067.402591368976,793.1721573033549,0.5570549838288915,0.03743004690019464,0.1212187829858877,49,0.0,0.008859241610258218,1.0242117244581004,-0.025974357564318724,2067.402591368976,793.1721573033549,832.2681013614531,0.0,0.0,157.0441885279619,57.017029461124764,60.111205594976596,63.091409546534365,62.240078049286694,61.795779431500016,52.89648146580493,59.97818058796311,42.030499830345946,58.25952220021311,59.963701505464286,59.80536416122318,61.12395799351104,52.333899429231955,58.549670498430395,61.55733560186917,18.531015465098253
172,1805.5598147876447,797.1572266209454,0.344528034248075,0.25418576655864256,-0.32231750485722377,49,0.0,0.016260377096878345,2.5725981024601623,-1.025929862419754,1805.5598147876447,797.1572266209454,1226.9218404429762,0.0,0.0,157.24458655659055,57.01910057796148,68.97461515795423,85.06722675042766,70.6557276520209,71.9094268760447,92.9386142532071,89.0198965509887,96.96051128847529,92.99470343009496,82.28742951671242,86.11541927330578,85.04706216131672,92.51742040794917,109.48786839780107,78.31855903945974,24.62735968721777
173,1517.8935592898242,805.0471435389622,0.688956186643956,-0.23711293957707077,-0.40513861969180964,49,0.0,0.014606591376670697,1.6417336725784646,-0.5382567645548022,1517.8935592898242,805.0471435389622,952.3012688201104,0.0,0.0,157.46477570733242,57.02247016765954,63.81220029135409,61.57265396317283,60.26748118103029,67.49300417277337,52.77599756192579,73.66520858683253,62.65202734016006,73.56634406551144,64.27475627755125,56.95849200345986,55.80412803701593,89.05481587662638,84.44480853800678,69.11157406985495,16.847776854834898
174,916.8437930417773,808.3976657833612,0.7109132363467657,0.26378308844719256,-0.24731024134078225,49,0.0,0.01851873611089441,2.151688459215431,-0.8319484762240758,916.8437930417773,808.3976657833612,1011.1844963176381,0.0,0.0,157.92487401538628,57.02279078875602,75.13834932148184,81.77447190172278,69.5383443274774,62.443168174372104,55.944757032814124,70.48135314390049,75.963537546207,79.67058563416396,63.705065018462136,68.85920279654553,61.92234561791645,63.54493889929674,77.324567299089,86.92210545849187,17.951704145696773
175,2529.9350626164282,809.2286669337876,0.5133631238242434,0.20912461592401121,0.0755953194474957,49,0.0,0.44061239996515433,63.178585574672205,-4.501424747022264,2529.9350626164282,809.2286669337876,14779.27994851284,0.0,0.0,156.69007871812923,57.02221134012892,955.9700147242193,1040.1347283350492,1055.4153184983666,1033.6635551716822,1003.1599330443579,1072.1521462677993,1095.5684733365106,1067.465345837321,989.4761791214895,1093.2367833932406,978.6293113211048,1061.1016317012022,1016.5516855807031,1006.6808224203918,310.07401975940036
176,1594.0321410790611,810.5256922687676,0.6889315670270502,0.08280298171815144,0.1958064504553989,49,0.0,0.01537241440937085,1.8329698263083376,-0.6578882895527784,1594.0321410790611,810.5256922687676,940.9403112757982,0.0,0.0,157.4064932820693,57.024768655616285,57.82523714092033,51.87179376224029,64.66805094953625,74.23541198508956,67.81794472755583,72.2000928386679,49.07864982774237,59.264858501239914,58.232967016525464,65.93153243189093,73.19829466533628,77.8347037243057,77.34695834758378,63.29695190975781,28.13686344740593
177,1018.7511447025955,811.4597674392126,0.4668308373955486,0.21351467021950085,-0.28339460782384146,49,0.0,0.03593421033261115,5.609758961012855,-1.8723605024492342,1018.7511447025955,811.4597674392126,1627.1517784674922,0.5025745533001659,0.0,157.8468837021337,57.024367675878025,113.01265186333225,123.85977986870125,124.9765058368389,108.15123120958802,115.27517635864854,119.59814342255483,115.29601396842851,109.7577263362305,110.27119912290979,109.1977290034955,107.8480290068511,118.72465363544669,105.23552695135163,119.70155421158103,26.24585767153362
178,1630.909960685652,812.122217174559,0.3353125978879451,-0.32828347328775886,0.27286504772136777,49,0.0,0.010036661804315334,1.463968590077243,-0.4138293972320477,1630.909960685652,812.122217174559,1003.0829440054504,0.0,0.0,157.37826179775467,57.02543179063252,56.5756184983518,76.22591732897897,81.15952870982083,66.70368479714944,73.02975007935706,69.52287908925769,75.01892392004304,61.11972424165807,68.85041782120706,73.6060675166347,69.15762667527403,75.48230356368047,71.41800302786567,65.05937676650598,20.153121969665563
179,549.6383329504688,813.2608491603878,0.7321299319716132,0.729732128241343,-0.4184201309821019,49,0.0,0.011513119807295054,1.202054301193383,-0.19981021695378257,549.6383329504688,813.2608491603878,1153.0035814201574,0.0,691.8699420128573,158.205979690061,57.02332978619343,106.75608719233881,62.3634328987779,84.74848970905018,56.67228071509409,67.7263782922209,65.197712186383,59.70765451482188,103.52292268079393,66.86836121949679,63.88636471776913,63.962608647947285,65.21393301948642,157.80959140822856,92.21921694557042,36.34854727217807
180,1775.5588824576284,814.2809793335686,0.6045449743543294,0.10357480724793595,-0.2030339636012312,49,0.0,0.019409450482637907,2.5239320703967434,-1.005194155106101,1775.5588824576284,814.2809793335686,1038.634296796552,0.0,0.0,157.26752374630237,57.026261840330626,47.98941001539811,77.74052152969469,84.18044304924976,80.86763219740536,61.99046703149849,58.166560641542404,87.63481428649933,60.02273364997748,58.15592395576556,73.15337754150022,94.59795526755477,79.47529508881391,82.13393991322668,72.55449928627871,19.970723342146506
181,505.37019663445056,816.1202748852854,0.9181514002170984,0.601073253879734,0.3432151251261637,49,0.0,0.015283106391210726,1.6596381378718412,-0.5500335154962552,505.37019663445056,816.1202748852854,1916.9225424153137,0.0,163.34257274876924,158.23988930816245,57.02429924142272,18.22799470036992,152.98209259857506,165.04721847556397,71.94185567487071,567.8179402985035,93.69181125514628,53.508859764298904,35.13123137095593,45.75070555708327,105.53746558164192,23.987129210235285,221.26479604133613,145.1685171440813,180.9806031349225,35.884321607729056
182,2535.6714474467644,815.4089687163386,0.45116351313122127,-0.5673100756837091,-0.019284861227482016,49,0.0,0.03729375839544965,4.938686988728553,-1.7340287542195498,2535.6714474467644,815.4089687163386,8511.284930605125,0.0,0.0,156.68563831957897,57.02476120643403,590.3961501363486,579.7549093116727,576.778571948654,590.2160575625521,569.9664846315543,617.3292416122435,633.1719875131221,623.7362268800304,579.639905306335,604.6600341274474,563.1454860328912,627.2875537257243,573.442308598971,590.5184031406378,191.24161007693942
183,2315.4051753654203,816.5032660767439,0.24233677229685727,-0.1492771700321235,-0.11386164392248888,49,0.0,0.009617068811817866,1.631798254799144,-0.531666160794217,2315.4051753654203,816.5032660767439,1044.372110243238,0.0,0.0,156.85424061448907,57.02606581500018,63.534662017870076,71.94212999318714,75.78446154598868,81.87737088419442,78.78793055884533,71.99478932897571,63.08120798279225,72.98712356745108,71.94630785684282,63.1329159693786,72.70737507441967,75.1926400017144,75.15569681909051,86.29646863217522,19.951030010312046
184,1091.6876387396362,819.9318693844245,0.5327282496987862,0.32276507722068,-0.19935386727583698,49,0.0,0.06770811805984568,10.054449523911455,-2.505895745444283,1091.6876387396362,819.9318693844245,2359.5287771539342,0.0,0.0,157.791088156521,57.028083253608074,139.9740626314125,155.68978936910696,182.50395391019427,153.8875607866211,152.37231759011783,158.1302411582102,158.08562819919035,148.05275754600342,174.7661177844792,161.6886140138713,176.82354023847893,185.1602219802599,182.2188765402551,173.94446090817002,56.23063449756322
185,489.8209935720581,819.2628436451784,0.7005830803107418,-0.9436406432253011,-0.9378781665208604,49,0.0,0.012948731912047146,1.6131515526186602,-0.5191879261818635,489.8209935720581,819.2628436451784,1522.1032284770204,0.0,41.148128696894894,158.25182090871152,57.025528374022294,215.59017380853072,118.95556831454832,31.987687078985154,178.70275686078804,248.48447663530055,142.2676010140771,0.40882658210510836,42.837882992708465,35.99766030535446,337.485233488282,6.751926938755893,62.37365622012141,62.70542674134002,4.532060871409672,33.02229062471362
186,546.7343849443384,820.6028911240323,0.6948951332845064,-0.04283113444146291,0.20184577510762533,49,0.0,0.008502450132682537,1.0434380460456918,-0.046166670017219164,546.7343849443384,820.6028911240323,1067.5285859336614,0.0,616.5006069341562,158.2082690062027,57.026374296403006,72.93281063161147,63.76793019240053,113.45435445512818,58.735023195610005,67.43845335372527,87.75628322558325,36.29675973489521,123.11372552529333,58.63758802828623,51.548150162917814,55.06624070242549,48.70239469675457,102.10616278252249,90.24095121058821,37.73175803591948
187,2351.66838009734,824.5267630121676,0.6685262018380338,0.21247371322866881,-0.15364967246152855,49,0.0,0.016594181325571368,1.7966451306187292,-0.6361557617296054,2351.66838009734,824.5267630121676,1341.7154764574248,0.0,0.0,156.82642893649222,57.029284515361795,87.27571892341575,77.52560106694757,90.01381519508902,89.58761951788574,95.56363520363811,100.74114189046468,105.73821022355088,79.72137050939088,83.64386109823627,95.04525554738085,97.73665001744502,106.07195898736877,110.25419852837128,97.3490861332404,25.44735361499957
188,1022.7190980877534,828.755211767223,0.4834996412858511,0.5217773495243597,-0.0713370787050313,49,0.0,0.008171182743535203,1.0511653974620128,-0.05417764057862907,1022.7190980877534,828.755211767223,937.6132475826294,0.0,0.0,157.84393234294328,57.031584406356174,70.13422664802694,76.93881471562372,61.32700775259387,77.94756764969793,46.325883702622285,51.181056140509696,63.356605147295696,75.81243734689777,58.830915978186205,72.17106702704551,63.31397052503013,55.99613974832268,70.92746062504047,70.12440449174952,23.225690083986997
189,537.2916721267718,830.054079365429,0.4707582901493777,-0.13329143371238733,-0.5338461118720561,49,0.0,0.008804710975048145,1.4536281992284568,-0.40613334837123527,537.2916721267718,830.054079365429,1211.278829333767,0.0,628.2030756138231,158.21558361083248,57.030265088356316,76.3687362895547,99.58957012198078,113.23403872887718,43.15495461625821,48.972559566925526,95.41650003933641,91.0195628668188,108.74887259250434,48.901730052114296,41.26653889091131,102.40314477396966,132.12846656182586,104.22865011261419,88.65767537669075,17.187828743384923
190,1428.8581419945313,830.0732935799058,0.6088821250800446,0.2648341115048231,-0.07097698592144294,49,0.0,0.05203985135187408,7.378703183255104,-2.1699501017645657,1428.8581419945313,830.0732935799058,1618.4412452595302,0.0,0.0,157.53296756181746,57.03284450956645,122.00197010225072,113.68457585245596,99.66482041723077,114.13552070487265,118.47838374109003,120.1884187424643,108.99425959587236,109.85410720982257,113.87723824556977,106.29341924551588,112.2323473408594,111.16849375359718,114.61865442386147,121.26209984421848,31.986936039848842
191,2500.2790392228685,830.8099294386021,0.5634292132166491,0.6532487370525312,-0.02650552887073041,49,0.0,0.010374056153467249,1.1331997235469884,-0.13576614974711948,2500.2790392228685,830.8099294386021,964.6788040024163,0.0,0.0,156.71261031480475,57.03132924455659,69.12926988974532,75.14233449814338,75.39861456151837,74.56661639102421,71.7711393171075,47.34500238018581,49.1605242703929,66.0566596928856,72.93005737139113,72.45210700930738,61.67416105178782,86.10124314517044,58.88058339910502,67.8803758745227,16.19011515012871
192,1417.3631909049898,831.7397334914305,0.6865645527016494,0.2148937961561066,-0.11037236713183801,49,0.0,0.04010357688703726,5.27670020742118,-1.8059060517393812,1417.3631909049898,831.7397334914305,1354.8462526677813,0.0,0.0,157.54177180438634,57.03352930985999,89.62448729656134,104.32419221362599,93.40248285615468,102.1633696820304,90.78617966915513,87.8083738363436,86.73220481380984,85.69639855782296,101.7414212703861,100.41573383466624,90.9536771366385,104.78215236008265,83.81427026759198,107.80572902165963,24.79557985125242
193,2350.7053146829694,831.9401218478451,0.25824724327820997,0.3933934084886004,-0.025170224803525914,49,0.0,0.011008813545660589,2.0221691718833754,-0.7645437131302112,2350.7053146829694,831.9401218478451,1240.4560333961385,0.0,0.0,156.82711832126233,57.03237653828839,86.50527530932303,83.08442517867984,89.45207412628776,72.51566588161376,85.83464989829885,86.25290640215522,97.56903191718506,75.668541929972,74.79741550963135,89.1574603365593,89.51072461085626,96.7150874122284,102.83725015839545,81.92678050594627,28.62874421900602
194,1762.3868778845103,832.7131131315739,0.3134738581595883,0.14651351440135105,-0.168419767211572,49,0.0,0.006778472747658941,1.1664365725368913,-0.16715282022014843,1762.3868778845103,832.7131131315739,781.021387960469,0.0,0.0,157.2775819763267,57.033951997114265,55.82906958005613,58.540045521565034,59.40538563108754,55.47097205731066,50.81073313376504,46.279895791555255,55.53346404183789,57.0338449943244,48.71125078695601,46.05334781482134,56.594998447978796,57.29023644533379,60.23070880751914,56.97851003883941,16.25892486751866
195,1126.460035452467,834.3673568142019,0.6619038424212832,-0.16305838866510886,-0.15448509701816954,49,0.0,0.012092811946899937,1.4297430140526106,-0.3881449579832772,1126.460035452467,834.3673568142019,879.507743874202,0.0,0.0,157.7645261382849,57.034177542237025,59.43092776117043,59.070286407327046,69.439566699832,60.18648473647251,58.01186701397958,65.67869893835345,63.760183652037846,56.926002065357,52.036965990846795,64.13586589321858,44.98250243588211,63.599351028029986,68.75333806184759,80.99725155642506,12.498451633422029
196,1826.7036663274662,833.8835295476845,0.5050023170418446,-0.20597823476865837,-0.27906822141175747,49,0.0,0.008111772558164301,1.0194935580452338,-0.02096121477964257,1826.7036663274662,833.8835295476845,858.0481482084577,0.0,0.0,157.22833132211557,57.03438134715584,54.28738283262676,60.36517398749085,47.26871896453451,65.89858886106282,56.74129693757227,70.48173982730049,71.11875020117503,57.99519967730676,59.176292191977836,59.81928425418701,46.1010850238203,48.063637080761026,65.00600601917418,72.30415394022864,23.420838409239302
197,497.0861206581088,834.2779549410078,0.9904498461797451,-0.39795528405480335,0.44883535654403584,49,0.0,0.02400939902056257,2.4450991097044508,-0.9707411687977534,497.0861206581088,834.2779549410078,1497.8347157555972,0.0,189.80579882083467,158.24640261812542,57.03182134906149,182.76646307792214,50.1254628943618,182.26513867977607,161.4372021912875,186.38666509752994,58.7651273957346,111.70923913911864,61.4219045479727,76.0247811657997,54.91150386141446,77.15499241484461,85.08966770143408,119.2368431437948,72.6762326015133,17.863491843092895
198,852.3849712307416,836.7189941712122,0.4151647842444318,0.5627040621740116,-0.40337450466607483,49,0.0,0.009632455864659488,1.310800859546418,-0.2938417937382804,852.3849712307416,836.7189941712122,1052.4279998530865,0.0,0.0,157.97439596899412,57.03437488850076,84.69731709385209,63.904953242584206,77.09236077007242,68.72053719077131,65.60359840734942,73.16653203800061,74.32096497234272,72.50117081225622,76.45569005308249,66.05510329592553,59.28883692239998,79.21196665924127,66.88340472424903,97.48380492843458,27.041758742524465
199,2825.0525352551213,836.3470191710123,0.4290144223822646,0.0036420686082625823,0.5306082788496608,49,0.0,0.01680156307824895,3.560000455255596,-1.378625133776978,2825.0525352551213,836.3470191710123,590.7823419417252,0.0,203.1042609787201,156.4639218738924,57.032024681120156,15.373565389726505,25.937773507027714,47.68100792448613,18.670232807392807,51.187515376581345,18.880467175520188,15.762710600758943,12.803584612007977,16.73335607197686,18.283460458627566,236.59055380148857,80.94849086824726,15.687581040072505,16.24204230781082,0.0
200,2284.5030070766616,842.6224204533919,0.452137875172727,0.14213267262978296,-0.12216197572342419,49,0.0,0.008999988710313541,1.1108994286208698,-0.11418685848620852,2284.5030070766616,842.6224204533919,925.3034347427995,0.0,0.0,156.87774274923817,57.0370489440288,72.84104878872868,71.2327918149025,58.68368254175876,57.1115895267696,71.80018918445083,58.012143542038814,61.050711237903755,57.23522524483246,66.04137305142515,62.0707709699979,66.71691811406508,64.05700742120719,71.52446742164187,66.55274278215869,20.372773100918266
201,2769.3118781094927,842.4780261936804,0.8298307288577949,0.046580379902203956,0.3257354856570086,49,0.0,0.021723225452678917,1.8575665302701092,-0.6723609433113511,2769.3118781094927,842.4780261936804,1404.1846281713747,0.0,1298.170434587906,156.50653274508701,57.034890460719446,74.71040172662232,87.57337111806456,89.013551247963,104.94165451300486,90.85229939882986,97.67543982525274,98.96626028316484,101.88167377858639,107.71657529973407,96.5362866415108,106.435277553078,101.90917304164373,111.38766221159408,110.45803032183868,24.126971210486747
202,1468.7769775542197,847.7249434396216,0.6239456538680461,0.31414901837151327,0.06067917751602903,49,0.0,0.0100343849761725,1.1448786129364061,-0.14689860636984695,1468.7769775542197,847.7249434396216,870.6663719945088,0.0,0.0,157.502421948289,57.04022741328195,64.38933546371663,59.64046942349309,64.01397060069942,51.575701067319486,51.117429372830905,54.34548094676626,68.62766203522872,55.71673384063357,61.107983261979626,58.47027174220992,60.67112095360798,63.30513711383323,67.56622600744006,69.85106467992543,20.267785484824522
203,1127.429638038856,848.737359318213,0.4857431812962697,0.21022874930251564,-0.20140998940099433,49,0.0,0.04602154258803645,7.221224450608103,-2.14652710994056,1127.429638038856,848.737359318213,1786.3966810726429,0.0,0.0,157.7638422949854,57.04016688572169,132.145473280061,119.15638138061026,113.07887875727855,106.89391760754762,142.12397052041217,126.01523231808184,121.66562240223628,113.41447901439474,122.39732728464894,117.06872920560494,143.19913999009947,137.6763810734745,121.2174032600993,136.758908471084,33.5848365070094
204,1576.0014607087478,849.5780997161204,0.5095751593019486,0.5544371341189267,0.160781437972827,49,0.0,0.010066705276812886,1.4131444075465371,-0.3754663603823502,1576.0014607087478,849.5780997161204,806.0569073450503,0.0,0.0,157.42030454669478,57.041038676488995,49.28825321561675,50.090229609004304,55.39677520380933,64.74749853630593,52.89763046336992,59.186893295937196,59.713040915530044,58.43272550053746,56.070111861032984,58.71582649938464,46.50947818532339,47.147599549168234,58.342410503249766,73.21399030980828,16.30444369697205
205,2027.9675177593128,849.7684103970964,0.5975590398232422,0.05270848401373021,-0.006369165742134713,49,0.0,0.01287204348322634,1.6967905163687058,-0.574070570436384,2027.9675177593128,849.7684103970964,832.6016112238049,0.0,0.0,157.07416187462823,57.040692421874546,57.52413336388152,58.89070954454914,52.84992446433721,51.03740670265543,54.50750185054477,71.54049274048701,49.94468882200168,44.70506192695961,49.36739486559844,54.99063578731039,66.73517511187848,61.064013350116916,67.76246259607281,75.87694887193311,15.805061225478351
206,2642.3626870984053,850.2103721779353,0.8243887264891935,-0.4205774879415843,0.44867920964274216,49,0.0,0.01260504199823422,1.096285684718696,-0.09980935783760518,2642.3626870984053,850.2103721779353,998.1354998530269,0.0,0.0,156.60366041072615,57.03876741026292,47.44420339866229,67.23614379072792,67.67508947034413,56.06854973710703,59.84056318469397,70.36557537060963,77.66124248058738,83.71630644604113,70.05265888205358,68.44570831567364,48.14940769261335,70.3073123436073,104.80573181482507,81.61168405757138,24.755322867909083
207,1243.006331151918,851.6436964108555,0.6987545022214654,0.17853287694007838,0.093344546825821,49,0.0,0.009989295329005205,1.025813978464454,-0.02767153193209512,1243.006331151918,851.6436964108555,808.6093394679095,0.0,0.0,157.67533854885104,57.04160209573999,46.65915376474926,63.59175192228791,56.27307262219371,55.62940071153309,51.790157624888415,62.71838830414468,53.126423722440364,51.33957596175563,54.09605810797442,55.9501698847355,69.04941033775039,58.10619223217232,59.18399605787745,61.913222445239775,9.182365768166612
208,1996.839318572991,851.6161565664313,0.436123873528382,-0.08567888803455259,-0.26575681351457825,49,0.0,0.00951967980148391,1.2822349288929356,-0.2699190079151542,1996.839318572991,851.6161565664313,886.4752364093789,0.0,0.0,157.0979949261478,57.04152219880983,67.04284194796836,55.3135530844406,52.20047259541492,70.68361011895809,90.49034915526384,51.10319661121146,51.47761687963339,52.2207358312313,53.15263656733242,59.86425430394425,59.43045950430992,70.57334305899687,65.98449019932664,65.32110931862324,21.616567232723597
209,479.03799118406334,855.7833267466499,0.73921616608022,-0.47803039453031393,-0.3590831825685096,49,0.0,0.0134176801965951,1.9408064840129842,-0.7199555861330627,479.03799118406334,855.7833267466499,1020.212214053669,0.0,179.52912819196655,158.2604274601764,57.040686854162026,194.80000710206352,2.894035406959654,43.24322442560611,19.40661618014818,68.28067762533828,22.583143270602612,98.76639103209115,61.12240601210369,67.6986221345845,98.69696445649755,31.146713479495045,175.83851116337783,60.85557358786035,68.30467280802765,6.574655368912916
210,1013.7698716891289,856.732409206586,0.6541732733546846,0.06761227750826684,-0.01647949871404311,49,0.0,0.011472391990764925,1.2598750925530071,-0.25081872528603555,1013.7698716891289,856.732409206586,905.4487352513341,0.0,0.0,157.85092569896307,57.04321651666741,56.216822224039305,63.84563107826713,67.09821343778984,73.29852453836195,66.78342605726307,57.80847611450462,62.454234398958235,54.61083729497971,54.022610315513006,58.391961351340726,59.606906593185016,56.19527461611162,63.768971935476415,88.20817010412487,23.138675191418578
211,1938.8397628198848,857.9314254875654,0.5418061116286886,0.0763063959054364,0.1525749734618148,49,0.0,0.010327023307447017,1.195637400695962,-0.1939987293294199,1938.8397628198848,857.9314254875654,858.0182216889052,0.0,0.0,157.14239635213178,57.04425302079989,60.160097883079985,59.98908390782135,72.9360416204342,52.115699318277656,60.82418291908797,58.36828736613252,64.89836595263066,61.054174689545334,58.64093454238244,50.666776495976805,50.286533673400996,64.427266682919,55.128255778897135,71.57529942990587,16.947221428413258
212,1592.444322868308,861.2692488637001,0.5644280677972555,0.12445106154068387,-0.09865536383062018,49,0.0,0.01687032038239293,2.3682244160754737,-0.9360571357999645,1592.444322868308,861.2692488637001,955.3291751944657,0.0,0.0,157.40771232663812,57.04591109631339,61.83504378958203,69.87195599577183,58.37340017130708,72.60479551014271,72.79585596407622,64.02021379589993,75.58797015223223,65.11808874716507,57.2547588174239,68.84081933787633,65.26350964571381,75.96787545919364,67.2295560395118,61.50930552429807,19.05602624427108
213,1422.6989345715483,862.1027232415805,0.555155486123427,0.34693045126578803,-0.032957004859137835,49,0.0,0.04090563075276799,6.163795453418204,-1.9746205453764483,1422.6989345715483,862.1027232415805,1442.5250771304477,0.0,0.0,157.5377327150301,57.04618463829519,92.53308180624265,104.165997206481,100.85040212892075,98.57829934668348,104.20015258457089,89.84285344677068,105.21126759675104,93.46812783314914,98.76604520162127,106.0539787530103,112.27088724674982,111.95775569226038,96.87560909770777,103.49146147695537,24.259157712573163
214,2746.7591031737115,862.8242946003446,0.4527712800625806,0.31414021727283,-0.10019512122495054,49,0.0,0.015337792683858825,2.127057555512485,-0.8194481038156982,2746.7591031737115,862.8242946003446,1226.3644238195573,0.0,1121.6711639063537,156.5235986379942,57.04348877924871,69.90153144251796,83.5660211510054,93.09305307305999,89.18355352462746,89.88681050545463,87.76755447015164,84.97734360524544,82.26978701939348,94.53430987874344,81.86531030755334,92.63588074672697,80.02032888432021,100.14972515420286,76.81060391307153,19.70261014348297
215,2153.93650297676,874.4447099102407,0.6416326857473923,0.1566339367724424,-0.014180427396936042,49,0.0,0.013041769922514984,1.6441241508649318,-0.5398365220608494,2153.93650297676,874.4447099102407,871.054222555227,0.0,0.0,156.97757269937713,57.0506849304737,72.54773670259038,58.16733178448842,56.81897566545712,59.09986097375457,52.64580887882826,66.05380287705869,55.258614471676864,56.66214965510377,65.11902533083872,56.889522443051746,57.64900231788795,63.371400603231905,62.15449972789682,63.117430746344176,25.499060377017663
216,973.018229637348,879.7437958995206,0.8911050220049962,0.26721109837189044,-0.13566667790703638,49,0.0,0.014108911303216289,1.028060698574389,-0.030046892381845762,973.018229637348,879.7437958995206,3424.676884208338,0.0,0.0,157.88226097076702,57.0526883610296,224.68878367931836,225.65555471975227,241.05938914877507,223.8244592078827,256.9319950904645,241.32867753943867,236.87051184599318,248.02436149505118,225.88957817618265,238.06991891799692,228.41100879281905,251.4204836760307,242.55203799458673,283.248760548159,56.701363375886906
217,985.3270769644009,882.0399882742526,0.583754924629544,0.48891429988488716,-0.22385326441326586,49,0.0,3.4860089043279037,502.5573092311344,-6.752963984453575,985.3270769644009,882.0399882742526,85092.71918150669,0.0,0.0,157.87284367351296,57.05368080353667,5501.660252766735,5875.400239810548,5866.222886459955,5925.986983109492,5856.566089381189,5988.446366437788,6118.989815720415,5935.677197765706,5840.480616604507,6227.761121263323,5956.038874083677,6159.459539903319,6014.370659503687,6146.598542667723,1679.0599960286318
218,2519.3557482138535,883.548198374091,0.5047945417523148,0.39734082002103605,-0.11832823286639765,49,0.0,1.6191427200412947,230.52761390994945,-5.906807387767714,2519.3557482138535,883.548198374091,52988.91478153496,0.0,0.0,156.69758762862733,57.05322018574722,3368.1883456169044,3696.0570491679996,3659.6999506387483,3822.2438690922127,3651.5858926345436,3770.4099265089644,3898.564236479305,3793.5068066279773,3525.8661318193977,3821.781737813795,3572.6704234944696,3882.7230459462144,3742.2187493439187,3719.098806275245,1064.2998100752668
219,1749.023886635009,888.8536277939209,0.5222510941927013,0.10327212751435287,-0.29446591311947345,49,0.0,0.011625631993492015,1.6626242493949293,-0.5519852760059412,1749.023886635009,888.8536277939209,866.4092447363362,0.0,0.0,157.28774236072138,57.057352844091824,57.31303278730587,53.5967037201505,61.15391578683378,54.39211877697902,48.41838976036722,54.94326501640192,61.31225334437596,60.85212602008069,63.16475315509123,68.91552712330332,64.25741486724237,57.674852106716195,68.97252386202562,72.17103719491294,19.271331214549395
220,1020.3967082209441,892.6929231339763,0.5094416704832072,0.0876718202449724,-0.08468741055244013,49,0.0,0.012808984270007222,1.5228966912329678,-0.4566761077340293,1020.3967082209441,892.6929231339763,1136.4904728589156,0.0,0.0,157.84603023897685,57.05821726219628,80.9868328175271,74.1467997953489,74.07120614614936,58.16163250945424,84.1588621652219,66.3371622552742,93.97560759500527,68.84158850028342,65.86338050320401,86.59174058400362,63.08437540041288,92.84648285266516,96.29783975196831,100.86427957985192,30.26268240254528
221,2085.975180852712,893.6347831266471,0.3493427402457553,0.18612564680358498,0.03559255810674105,49,0.0,0.011065286589253601,1.8454047899835115,-0.6652291088584106,2085.975180852712,893.6347831266471,932.4695803502054,0.0,0.0,157.02955367152381,57.05884544158978,61.509234996306546,77.65073081497945,59.78339609693834,54.222305783057536,59.81701202888823,69.095985988904,76.74621513812902,50.22521023181642,60.61495686218744,68.47347535886792,69.68857009862293,71.08900002358422,62.80468755651967,69.46085864902759,21.28794072237614
222,2104.9376385686446,899.2782094455393,0.6522479070538771,0.20513560969641778,-0.24017907930143834,49,0.0,0.012339351139082836,1.53173452302267,-0.4629587520516649,2104.9376385686446,899.2782094455393,897.7905970618821,0.0,0.0,157.014999833857,57.06115286453419,54.26192272400388,63.962315703928645,65.2114008581969,74.76974560737453,62.78603571360304,57.33618440802711,65.80641813381044,75.17177071630508,58.37519750048782,54.17410949382925,74.9558319042583,48.980747164512145,65.14498114204677,57.42468174536539,19.429254246132736
223,2513.772779580912,900.2733212587013,0.8864705773382636,-0.518530025217737,-0.270718643000095,49,0.0,0.018088537550647307,1.3952974961295255,-0.3616670372189812,2513.772779580912,900.2733212587013,1629.8945536228118,0.0,0.0,156.70173265711733,57.060212189860984,126.83519422360015,121.2810898387167,128.53168403581685,120.25238939947154,102.95857371111208,114.40940147173063,110.34147363595292,99.93500110263172,96.08556578202874,120.58914697533739,105.13091723271113,141.3390604855016,106.63828763680792,109.37978747275676,26.186980618635825
224,465.14975747646594,901.0707815982234,0.8821653364925935,-0.039021079167820986,0.26754994050193054,49,0.0,0.038741664310472795,4.60455143475238,-1.6579683214567846,465.14975747646594,901.0707815982234,1396.0674019380685,0.0,367.27182853040733,158.2715057113378,57.05948069322579,64.54759457894525,133.5038785280881,27.348654642506023,137.94609832301109,65.85882220395429,330.0179845639999,163.10829724449275,62.119208765302915,37.951698045375224,71.23790160280733,39.8435459791735,71.27693795792561,69.38350824131031,95.39092218479274,26.53234907638337
225,1941.3884358802595,905.363683306671,0.707990056920154,-0.2979988658966729,-0.2952777908319154,49,0.0,0.01220064554982993,1.2427420007051362,-0.23595244087178963,1941.3884358802595,905.363683306671,933.0161265329613,0.0,0.0,157.1403047914712,57.06401166963083,60.8121250475674,71.10396177339277,63.927934519024156,72.2327225676238,58.92536687743355,70.53799112435614,58.79814544428657,63.050907609550954,62.80502701884944,64.34528322902662,62.70023849644856,53.42185056032902,78.52802648934102,76.62671059773257,15.19983517799879
226,1800.8936087112525,913.3034087385496,0.8266381100546467,0.3696610693935835,-0.11829660471029287,49,0.0,0.02461720507597363,2.665889983579676,-1.0646055572649884,1800.8936087112525,913.3034087385496,1052.1859871099673,0.0,0.0,157.24795745951675,57.06749763852452,77.80041141455105,83.47687583274785,67.64271640126225,66.4742248944424,81.14773103890943,59.642809791317106,80.42183222708485,85.8039591626908,62.42728102261849,69.94978563138389,76.20281650409382,82.46596386972274,75.79190702233589,65.9527004676206,16.98497182918615
227,2335.565228044982,914.5954423577662,0.7257792066119129,0.3533800648168234,-0.09352604041903187,49,0.0,0.015934046703813626,1.782607772116475,-0.6276394892559101,2335.565228044982,914.5954423577662,941.2112375756531,0.0,0.0,156.83818620692733,57.06686614316429,67.31064553753438,64.11087311317053,60.5222413144283,72.54854554724982,50.60439515998338,70.22574465655512,70.97507118375421,54.98981900507091,64.01988243383201,63.0565137352012,65.96574887898944,82.41987200642417,65.05995820515878,70.41441250597723,18.987514292323503
228,426.8623738768858,916.8431736082908,0.9638781578966127,0.6911008287326246,0.7059696473744892,49,0.0,0.03711294871623851,4.207630743221056,-1.5600940490987187,426.8623738768858,916.8431736082908,862.97580814162,0.0,57.8701590911735,158.30099847368984,57.06584484925195,74.98068402306325,156.2107691861741,82.98536683208167,76.6447125982133,11.057745303338708,1.6095081793219277,75.937782275127,77.23266782042042,1.1921082825205873,2.6073832918189743,106.70563932484046,63.74678315677123,16.485722355745867,93.38043335762572,22.19850215455673
229,1329.1841291817236,918.9138307838716,0.749881916532162,0.08510771272196581,-0.19941469719055116,49,0.0,0.010216059580540622,1.0694092113144367,-0.0728598013974375,1329.1841291817236,918.9138307838716,791.1546776378334,0.0,0.0,157.60949497446308,57.069756993126134,55.35186185468601,54.85206954979981,53.92022227899832,56.94530495784867,53.51768238145359,44.724815815567226,51.82285633401122,55.66485667897622,55.43304569422304,58.471275824837846,63.9254837451462,50.70453441646834,65.23209368035414,52.98130586437337,17.6072685610894
230,430.6479673721925,920.8409094008075,0.3086975048434738,0.07314101026090031,-0.2783023006355139,49,0.0,0.00797666549325183,2.101830400082466,-0.806494173046024,430.6479673721925,920.8409094008075,986.2979892725577,0.0,121.25378964795894,158.2981380980639,57.06753107373134,0.0,221.94584938834436,87.24337925442035,77.3734763251168,86.82096636092189,7.907946590808808,15.993344872473461,125.90999589365036,8.092380575728543,67.44295112157064,121.00794864067255,20.86624076159487,25.470930687440685,44.54008157804305,75.68249722177137
231,2642.096297557623,922.2610039143967,0.4965241793406666,0.36633125109276043,-0.23154456737708323,49,0.0,0.009813317920841398,1.162125947588483,-0.16313299521874491,2642.096297557623,922.2610039143967,915.3233986324777,0.0,0.0,156.60321707516488,57.068786067341485,57.25124305265736,64.10366276491237,66.34637689388964,61.76581606650928,69.07772380046514,73.55409164358096,67.5379205248336,57.54299545073387,58.39726084105247,80.734936837137,61.607455458119745,61.21454209290386,53.3930196560148,61.78972431765994,21.00662923200766
232,2202.5694957585583,922.7735789990413,0.38338166762696346,0.11860120421136959,-0.06568370587977748,49,0.0,0.017219152098525106,2.644284451414087,-1.0557704283149907,2202.5694957585583,922.7735789990413,1270.3505020770885,0.0,0.0,156.94006705173703,57.070689428240726,74.37233613474824,85.26788531827209,89.15853917872943,93.47920635902949,70.82073694561618,94.78356047858139,87.23623260650533,83.72542825372454,95.64781502542336,66.73617096219431,107.69534527504777,94.70094240184031,96.68647268871456,92.9899167215011,37.04991372716049
233,2848.0930379301813,923.6967798113272,0.7084635454651486,0.42454706057835384,0.2584409193783301,49,0.0,0.02571890395382057,2.5131162995139524,-1.0005314672717844,2848.0930379301813,923.6967798113272,1549.3101957775007,0.0,1390.7797397814572,156.44534361332768,57.06828129520799,110.5180366283456,109.98858010292665,125.96642965212136,119.45647537440237,126.14241398043282,122.41969361648613,107.8761599298553,120.30434715187518,107.79488477816382,93.75710180514537,105.4342699565104,113.0225984523538,102.31991955436473,78.2330265235694,6.076258270947772
234,1406.4705866460945,930.0921156074845,0.5814056609385132,0.2629434485710877,-0.05484143807973475,49,0.0,0.00941891312653412,1.1756967753839684,-0.17573831761980752,1406.4705866460945,930.0921156074845,831.0756905943625,0.0,0.0,157.5502769662794,57.074498610054526,42.58909727014667,51.251037933942456,49.31949360396766,58.38397605017312,57.67536701109111,60.35568781541684,69.94656366836614,49.65492804251612,60.254996934173285,50.26466607245236,58.00262730037363,62.46875532587802,63.96865980842867,78.69322024586727,18.2466135115692
235,2777.5965511467643,937.43833494474,0.5454326209630982,0.2046788113184502,-0.005878834698922912,49,0.0,0.020257956821883895,2.4368580160276214,-0.9670755641886403,2777.5965511467643,937.43833494474,1324.5492415051185,0.0,757.7083443781073,156.4992257054983,57.07440587681943,86.14675046730828,77.10927895291924,88.9949210204955,108.51693109512274,98.75215052384351,101.53287641477235,96.0087704297114,95.2466705416104,73.89301589245977,87.7419411515989,92.43707675259672,95.65660786608191,106.20340110857768,80.7620068541923,35.54684243382772
236,1177.9885798047208,938.4102109352973,0.6375899047987924,0.5560637880687369,-0.05377913357273958,49,0.0,0.023639698610610497,3.036382636025455,-1.2058912479692143,1177.9885798047208,938.4102109352973,1166.082460100151,0.0,0.0,157.7254495690735,57.07763477981472,73.79619331578743,84.63189916466577,83.08881619352859,84.56966358563278,59.48668521500959,96.91472425613735,83.54976527933921,96.93704085636384,92.56424998720587,96.94678772744764,52.0471338449301,78.20084384777434,71.4409120156565,96.13962000236857,15.76812480830335
237,919.6851952027761,940.8107230680071,0.6057234053898932,0.24522245996155026,-0.5092765307890033,49,0.0,0.010219447115223584,1.2156623547206633,-0.21203242039328318,919.6851952027761,940.8107230680071,844.1206590458421,0.0,0.0,157.92347652261847,57.07796810988102,57.73543784545218,60.125359929009065,50.44708211783466,63.58190820097637,58.91563994011701,63.613916839182785,57.27459026171634,58.67107645074445,69.396365848379,58.51602585123412,56.30961799077987,47.719255084796636,71.06923572093308,51.87741523421672,18.867731730469796
238,2494.983269999396,941.272617821627,0.6154855886398454,0.27312846736342694,0.23402059582699383,49,0.0,0.016843103442713146,1.952734726332498,-0.7266081239455623,2494.983269999396,941.272617821627,1082.2261389803418,0.0,0.0,156.71581243615137,57.0773730047675,71.79042647186505,74.11478435804017,74.00437802911027,84.19517077023707,77.44980269271377,69.68571357354423,75.98049500634295,81.29603896203486,83.82331305744658,77.13808864522885,71.43243321787281,85.84937550689376,76.06851104381151,52.985034226691546,26.412573418508295
239,1027.100543027967,942.4285486342383,0.4921419080117618,0.21488782910118823,0.08421826664845822,49,0.0,0.018983661440896377,2.6479648804616662,-1.0572805520675237,1027.100543027967,942.4285486342383,1302.5698384893403,0.0,0.0,157.841140000595,57.078957395708805,106.857527159232,92.38911810016619,85.11350875781531,91.52738447044058,83.66281177173681,77.05421808996134,96.4644744164264,88.52391542741742,72.83403485842459,94.53966052331691,95.44309253505078,108.59801065015483,86.13896401254654,94.64374000423807,28.779377712412646
240,1828.8886105681959,943.0082633462457,0.5331776126366864,0.0017683792825378152,-0.14003498066431797,49,0.0,0.011000409901312893,1.2386928509847916,-0.23240907776564926,1828.8886105681959,943.0082633462457,931.3382848544476,0.0,0.0,157.22644323813955,57.07984623143476,74.87368141268591,69.61122402643872,64.16625351552645,72.88789332789815,62.47090781363819,72.22263253654961,59.9880361523901,71.15631879986631,55.06252661954518,52.00329934913056,60.29855583855782,66.75528389267942,59.95014774255624,72.67661772023435,17.214906106750647
241,880.7994809016394,945.3036122446559,0.31527694682863683,0.30266579294960644,-0.23522100406101404,49,0.0,0.008169103420538453,1.4026499461260105,-0.3673732484287213,880.7994809016394,945.3036122446559,1018.8801329540629,0.0,0.0,157.9533137008142,57.07971259115043,78.5424069242939,77.4902662199577,70.68580941452723,62.26754058043434,75.32599379497924,63.573770867263306,77.97255641835972,53.94736003964438,58.11794716801262,71.49073061716413,64.74952280488131,90.04792522959235,73.60821600716075,75.90395499591989,25.156131871872137
242,2117.095825356209,945.237622398301,0.473697440431754,-0.19809989455003996,-0.2864078318747011,49,0.0,0.01380507193217786,1.6271415636134028,-0.5285633470342571,2117.095825356209,945.237622398301,1071.4087501215288,0.0,0.0,157.00547852780386,57.080272666761346,81.79760321457132,78.39620412172175,88.66533291786553,56.606326446258144,55.481009419615575,55.437798885503724,83.75509740009198,71.94932231580592,76.8022981602337,83.30155160578303,78.40515874039815,65.9016164102914,100.49452468668238,78.44378333269646,15.971122464009737
243,1355.384211765633,946.4154023384879,0.5685812877336003,0.36023525793585576,-0.11143414081548485,49,0.0,0.8591385163418714,129.93650581235107,-5.284327959389934,1355.384211765633,946.4154023384879,19156.43531447741,0.0,0.0,157.5894720008046,57.081247298746135,1200.0767983575674,1306.2578455725497,1342.5596539317685,1338.6634815773427,1329.661851789401,1345.3997479212182,1397.823300567512,1367.551214359881,1290.9590254509476,1408.5834701685949,1337.8353301361735,1367.8002955105571,1371.0995914222763,1366.9414459879565,385.22226172366084
244,974.7583015647282,949.1347070488939,0.6216716481957737,-0.05145969835586727,-0.3073216134337509,49,0.0,0.008783180002775006,1.0126668288983434,-0.013666460955344219,974.7583015647282,949.1347070488939,859.0413155882022,0.0,0.0,157.88130275552024,57.08160460049598,48.57415337635993,56.35536817428755,68.33277252880053,60.699219136380165,56.02427187883714,56.40489511501703,69.74000667870642,52.53904120741585,55.902156267560684,60.24505345580324,48.12160305818828,65.59289030085421,62.96142873119997,75.78797566598068,21.76048001281061
245,1816.7309805550622,950.6503865866063,0.5588836360694796,0.18834379266979112,0.18222934017240403,49,0.0,0.008959209169084728,1.1257983309771893,-0.12865150118189622,1816.7309805550622,950.6503865866063,828.2758838262721,0.0,0.0,157.23574980008942,57.08304301321983,60.44911458755085,67.83233076868751,53.12873566961764,50.779316078650005,53.49863920687859,51.04336176839395,54.95978908065945,70.8705401188164,54.29391990483042,69.43157042017683,58.51581143153717,53.10141423195681,69.30329529676416,49.64829386549964,11.419751396252718
246,1229.8387224613161,952.8586297221322,0.8375083244082141,0.5746160012733053,0.13750163738401985,49,0.0,0.01214485569103907,1.0706161298575616,-0.07408445539772897,1229.8387224613161,952.8586297221322,937.4702433951246,0.0,0.0,157.68574693718222,57.083750971393236,49.42790212676749,52.06094744438779,62.33294434820012,55.65489908657608,51.85909580619544,57.927047365841965,79.03165481090468,69.24770236770908,76.12868253996774,68.28663209483815,63.03990121807372,76.65749373229295,78.61818660707574,65.56534032245528,31.631813523838318
247,1499.546810234968,954.5066171399304,0.32989996912921404,0.023182316286014054,0.5279757298277284,49,0.0,0.0068476936912685755,1.0057463400023405,-0.006221152027761503,1499.546810234968,954.5066171399304,786.6625173629011,0.0,0.0,157.47894995221216,57.08473531125799,49.349769684766095,53.4649839357267,54.49271990447507,57.48583892423176,60.72829204825151,57.7849178797575,51.392142681513135,41.23598079402346,46.07604502806558,44.570506691461496,54.988369353726,65.18692058195816,57.90875998458435,67.49421954474603,24.50305032561417
248,1167.5455721877056,958.169190690644,0.7769544046195317,0.0024408336438490512,-0.360102621856469,49,0.0,0.018395414357792617,1.8800392063347469,-0.6854172653364515,1167.5455721877056,958.169190690644,1041.3482754367394,0.0,0.0,157.7335291611922,57.08584646097264,65.13823868004343,55.46931013671481,78.5987785078016,83.08850038746994,73.00833534178341,62.32246821475735,73.259030458631,67.91767199745618,69.866248941364,68.39804859865441,71.15016808295583,72.34669532322904,93.07462423284032,85.66282022178461,22.047336311253517
249,1013.5661473129594,958.661885839593,0.9868487690510965,0.4417670777614197,-0.26579840015381684,49,0.0,0.014826532039611106,1.3209210253876367,-0.30219213248513904,1013.5661473129594,958.661885839593,861.8219609294073,0.0,0.0,157.85159806744997,57.08568417854392,50.25807595197713,60.4321153169482,52.58986593609801,57.026214503587454,62.50192209203205,71.50516479044794,61.276869248158604,52.57315078893802,66.37874082657483,63.86252310937266,57.57921291914724,62.504314439113244,59.48078377328467,64.75773664047401,19.09527059325317
250,1300.0775231694163,960.3412375389863,0.661773351650535,0.4659975322850435,-0.017019618108451488,49,0.0,0.020431249940648568,2.5229492127837183,-1.0047712705371175,1300.0775231694163,960.3412375389863,986.4580650392779,0.0,0.0,157.63191132157064,57.08697894754417,70.53018124130908,67.40164955443397,64.94510036272919,78.36705960881365,59.816107721395944,63.1225735780277,75.47562380589864,65.61303122825328,61.97034889844285,76.83178198173078,71.14222338255863,77.54624880790234,69.74701024639361,68.33260470438218,15.616519917006087
251,1614.4320402709538,963.1285014184926,0.6969470096989069,0.16332468465629968,-0.03374552259171265,49,0.0,0.013819008162739664,1.5611745840009326,-0.4836286808280553,1614.4320402709538,963.1285014184926,858.3793964155287,0.0,0.0,157.39085821078066,57.08835108357756,66.00806585834863,70.56173195646369,48.26125739832542,68.41386005756237,62.242375772814924,66.10609500111946,49.881441856377755,68.08893264903357,56.59791820662092,44.26719400055757,56.120867727103914,61.70240216007647,59.93179691866703,59.37957267723601,20.81588417522096
252,1702.6027477000614,963.8190754910073,0.8419329294867695,-0.017178593908755164,0.025738652326530186,49,0.0,0.0123797698202641,1.2864769877902427,-0.2735050551356388,1702.6027477000614,963.8190754910073,780.4413441080312,0.0,0.0,157.32324427202954,57.088614867871584,42.21718085805637,51.36571284752635,61.54171233882949,57.05377486337994,53.27006547602991,66.4622299495531,58.12593598879532,52.88506110181127,52.42902730779829,56.520053093347485,56.30255730322211,45.82379058794998,56.84804484235125,53.13869181686752,16.457505732512764
253,978.3642103617085,964.894527206725,0.5959509463988388,0.3416684025920315,-0.20775096596402745,49,0.0,0.027647760377477914,3.85145741302793,-1.4640627501774464,978.3642103617085,964.894527206725,1196.8689119638352,0.0,0.0,157.8786229219362,57.08818134991772,92.920934832308,70.8441316284648,84.77586350557647,72.51096357023343,77.9814806731245,94.30011449072697,71.6814417748886,84.25845061945252,73.66034502487739,86.84727634212778,106.33735432437607,100.57415081611171,72.19611468751162,86.27220495582674,21.7080847182285
254,2816.2553792274916,972.5317847600375,0.4489933348961934,0.4391880089827343,-0.02327047806086441,49,0.0,0.07968823908832214,10.612558609962607,-2.5645502543404013,2816.2553792274916,972.5317847600375,4029.7106303632927,0.0,3058.0941200092993,156.46922795396796,57.08880947931685,260.1652848571064,246.74175568125537,246.55589537949626,250.82719759112405,268.27634512101645,282.2832540846009,338.38354658242315,279.16782712009274,318.46614954052865,287.678863347768,274.2876360247899,297.3699682515039,296.9876376057583,297.00935435996894,85.50991481585984
255,1007.1915254410991,973.1951962721107,0.23112252267242675,0.3863949696855091,-0.10472590619843199,49,0.0,0.006752471841355525,1.110692128153449,-0.11398423472063923,1007.1915254410991,973.1951962721107,987.7224836847108,0.0,0.0,157.85656038946956,57.091721794723746,68.4313006776207,69.51639264270784,69.51981174583767,69.2357371002008,68.71236642115822,59.04006423498325,49.918346565293795,62.99249266023733,82.78521762400976,79.1920455395336,70.20867501003508,63.35609420047963,88.55745830126342,64.47160104533476,21.784879916014958
256,2173.9730498195863,972.6771460001931,0.558086262398775,0.41767764600656865,-0.08878214439525839,49,0.0,0.020074344998230458,2.58675817942133,-1.0318895775396353,2173.9730498195863,972.6771460001931,1154.028551570437,0.0,0.0,156.96173758547596,57.09156013211395,78.85595272411426,82.28514326149272,96.0705449073555,91.54197740320771,71.58893762508067,83.70039758098731,86.55344035951501,82.73683816942102,91.23784342039764,68.86774674618685,68.82745599808163,72.98851840052785,68.87706209108701,92.68218728520425,17.214505597777737
257,2004.2069463145046,973.945172796673,0.5968933641502597,0.13599322284914772,-0.049070672291409295,49,0.0,0.5510055598554845,82.41292722717151,-4.789988350331458,2004.2069463145046,973.945172796673,11453.64199110294,0.0,0.0,157.09192604969147,57.09247682465243,726.01527868777,768.4707143870356,782.9008159319395,773.5859174127586,817.9549456240686,787.0302076085325,837.0567247768093,841.0446073582234,794.0787541910563,848.2149021333014,750.7864831616041,847.6105290600993,808.7003599912141,849.5658343914627,220.6259163870638
258,2251.271238935662,975.9642090242825,0.5673459927564176,0.2387318829994738,0.47345710500163696,49,0.0,0.04227146328302041,3.8309396535965043,-1.458263277167,2251.271238935662,975.9642090242825,3442.5665604079777,0.0,0.0,156.90244087345636,57.092708124335985,218.18487627751824,230.6291807682928,245.95661959746997,227.58461600621376,236.93299060290332,235.65594129069098,219.90210655924017,250.6585579043383,250.22996327165032,256.217139181373,250.3025486740241,245.31133858277315,239.34712653120175,254.36339513913083,81.29016002115745
259,1750.9265308587276,978.5094982005152,0.643346658262298,0.405350236612464,0.005470617929570545,49,0.0,0.015195182260323391,1.904515910496638,-0.6994615128678805,1750.9265308587276,978.5094982005152,922.748499839663,0.0,0.0,157.2861680771479,57.09470717116469,57.27875028690857,76.2949800854445,66.02708120775665,69.58838192636536,62.760932711662335,58.184343879645695,60.71001181461375,61.930303875612346,55.67947312885329,66.21909566177428,61.91957661084629,60.48029082312449,69.00245590900221,80.58982635053147,16.082995567521934
260,2409.0173899519987,981.4875672751401,0.5165783904941343,0.36950547336561473,-0.09821228171332032,49,0.0,0.02256386936958004,3.412092877124324,-1.3325521103665061,2409.0173899519987,981.4875672751401,1253.2690542475448,0.0,0.0,156.7814293082964,57.09447042502308,87.39710527880192,104.40648289953717,82.86599849659315,95.4341076060389,85.12469100489744,76.38441978575132,85.98207464773881,96.43374613057686,89.49982969035835,74.60848978455796,83.34984418245179,94.17816525140334,79.98623200849468,89.61735987610163,28.000507604241456
261,487.0320298040619,985.8950103007221,0.48864961746627344,0.8836585951809842,-0.051992655748104424,49,0.0,0.012215613854396777,1.1775982837170575,-0.17749291008555793,487.0320298040619,985.8950103007221,1593.079577608427,81.60173670667112,679.9112183533823,158.25555658090647,57.09493442878713,108.15612832412494,116.62465786394313,105.6500707179278,106.09316900099384,88.67903869633895,101.09351946732288,115.72907721200477,101.95415552708565,115.27690230892159,107.54808521336263,134.86427191201378,111.81047690160378,119.12426920472065,130.15227865743466,30.32347660062795
262,1048.337144645059,985.9059973297625,0.35501626799877267,0.4129058156688547,-0.15277749567347376,49,0.0,0.014947421819109453,1.9467837425500178,-0.72329427706215,1048.337144645059,985.9059973297625,1598.785489682606,0.0,0.0,157.82506697293812,57.0971280459952,113.59304925428519,117.9011028747745,111.58096854763726,117.54161884704877,95.65357278723803,120.2070795116522,112.01785392299092,89.74939807066792,119.69621920559028,114.08132285852615,110.73496719168537,112.09006216527172,101.41380797317272,128.32613618682961,34.19833028523533
263,2421.919351382219,986.0676936153684,0.43973068968678,0.2704861267962685,0.11839559230919258,49,0.0,0.012652239404253427,1.6951040756249218,-0.5729909201855139,2421.919351382219,986.0676936153684,994.2725496345219,0.0,0.0,156.77150209330438,57.09632942126707,59.361007142951905,74.64712570360658,53.32208083019093,67.01814877056398,77.63702483813975,82.87934995706595,64.15635575987348,72.02121853062911,66.24485356482913,66.58016045318762,76.19293133070114,60.71467103045015,64.07984532462471,82.68626575901754,26.73151063868995
264,573.1844932863614,987.4748970710967,0.3609452085573734,0.6379081208435439,-0.39522335402482356,49,0.0,0.04089457990229613,5.304725583585328,-1.811657306306338,573.1844932863614,987.4748970710967,2960.63646797,0.0,0.0,158.18950153629177,57.09602444969886,201.33285810731113,200.9664017333044,196.03467717419994,201.1140021536731,196.52369450854906,204.87203389670765,213.55993627026723,205.31621368316155,221.66969778090177,219.12216987519236,201.955301263018,214.02910673415514,212.82375331920733,211.70342488065182,59.613196589699896
265,1522.0827937261686,990.1674001465336,0.7278032292824608,-0.1497634864116687,-0.06988524842076703,49,0.0,0.012372292538247434,1.3664633794368684,-0.3389949932520836,1522.0827937261686,990.1674001465336,850.5887783418165,0.0,0.0,157.4616941931149,57.09960311337431,70.01288171724458,64.94795995694446,54.555665801404984,50.122502364488916,62.261560012338236,61.46673754140026,66.43723854264852,58.05544450888351,63.664309019138585,59.21335025301805,47.34105792298416,48.775295632190954,66.79721620347168,63.22095551646951,13.71660334919008
266,1187.5536005472284,990.451876055951,0.40351783531229357,0.5419304148834104,-0.22431354494885136,49,0.0,0.021838495316340297,3.735869136053063,-1.430979137253387,1187.5536005472284,990.451876055951,1210.277234977225,0.0,0.0,157.71830266100773,57.099336708076194,70.6114628094318,88.59537679327622,83.32781038471924,84.03641502430725,84.767566735493,88.29774859229798,90.73840718100232,80.24285798440931,75.45412162287224,88.00947379477797,69.64311081533111,92.02682402240053,96.15272870211163,96.06531834981496,22.30801216497943
267,1789.061560421732,991.028374002569,0.5773152671575742,0.1711058565217754,0.09766090368050843,49,0.0,0.008310663599808322,1.0481280800810269,-0.051035890478212935,1789.061560421732,991.028374002569,821.3079946696045,0.0,0.0,157.25689904329795,57.09989298047045,60.74754124024173,55.022562692848894,61.47107646984801,56.216601899752916,54.18393055625894,53.73009041803289,62.114147960423495,55.570716110239815,48.63854768659952,53.55236096987519,52.340497818607105,65.56043190719937,64.05913738726713,62.20086367364298,15.899487878766518
268,2205.249453382368,992.3264775688959,0.5000569904290528,0.05130230806311269,-0.05640229996443658,49,0.0,0.0104223588624437,1.4093907313605267,-0.3725785277509066,2205.249453382368,992.3264775688959,843.228572503803,14.445828335238714,0.0,156.9376495719866,57.09966064992355,53.50117021875948,62.368718080709584,62.136330153227604,62.764429174488775,54.51600156323937,61.519121674149346,54.376975764845156,54.030404539827366,43.53042581227564,55.69190955814295,57.441714886476795,73.5954051992924,56.11575759479618,68.99025570861639,22.64995257495588
269,2290.5420977088047,992.4395663492512,0.4683052457206321,0.44933630301094574,-0.10443541619852775,49,0.0,0.013852392630326123,2.0087440639729586,-0.7573115159809634,2290.5420977088047,992.4395663492512,969.86001379499,0.0,0.0,156.87222594433257,57.09944915228855,54.36095623017901,62.26055993453439,68.87613364254003,66.32670950889295,59.38375527876711,57.21100481883213,84.37075871028685,81.41091424778939,80.60225209952887,57.39660166264865,60.038421986642845,77.71037489191062,81.38182672279076,65.73387388107517,12.795870178571118
270,2558.4665862016823,995.3686584235538,0.6438404311897419,0.06531185168539588,0.20405843324182144,49,0.0,0.01273993233965342,1.2918331628398747,-0.27801607297001907,2558.4665862016823,995.3686584235538,1159.6486766468047,0.0,0.0,156.66670212932684,57.09963553664591,82.13435659155127,92.69361360879562,68.9415951247266,94.69044691658053,78.6140224411055,82.25376136926907,72.28498031910533,67.13611595103531,92.22842847802215,84.44094486103673,79.35529944199742,80.85421083185099,64.88293326946985,93.5819009785057,25.55606646375255
271,804.9660813351485,999.8881065897403,0.3413161591016422,0.07379245331406135,-0.5609467872293943,49,0.0,0.020315841155603788,3.0301431533056498,-1.2036578659934847,804.9660813351485,999.8881065897403,1429.7150997416106,0.0,0.0,158.01182390863872,57.10218548888371,106.76823217616204,110.06388256102824,106.41993109394349,107.52527938308512,96.09170074346082,103.29210322270444,93.73268305878979,99.13065357910335,91.72327930677135,84.60583340011415,106.14604334136314,85.84778696797532,93.47353188875093,112.33497274901603,32.559186269342185
272,1539.9895666099007,1000.2579480372975,0.28586505888570624,0.3824878902235965,-0.19421122638441202,49,0.0,0.006211302032519028,1.0688304057173057,-0.07227199991563407,1539.9895666099007,1000.2579480372975,842.6107294613089,0.0,0.0,157.44796355801324,57.10381325132681,57.66387365921216,67.45698767027146,65.91118060743226,48.83749001675048,54.87081275763818,62.888994010889085,56.67710696445408,53.79827124150698,70.85679254415854,42.00188268638985,56.55921930865477,67.14543913713976,56.69435412749659,62.37275490101126,18.87556982830343
273,1904.4801135895339,1002.5901228659427,0.5146292128607084,0.4682095332876916,0.07665851395375557,49,0.0,0.011135019013983564,1.510377663523065,-0.4477138859092044,1904.4801135895339,1002.5901228659427,830.0120029469762,0.0,0.0,157.16833350368367,57.10457711351998,52.538354361057664,63.154285104306695,66.6300654074403,48.73686964116718,71.62376367238272,58.53906829570197,55.83197594620297,51.94605529205194,58.61434887596865,63.857691558293304,44.530600152570706,63.33150815519953,47.56268543706327,63.77503666944919,19.33969437811997
274,1829.7750913080647,1004.5912624878576,0.24598240757358134,-0.08130672916874125,0.09102131600225583,49,0.0,0.00907457480204101,1.61779115515225,-0.5223061417396767,1829.7750913080647,1004.5912624878576,983.741225917069,0.0,0.0,157.22564155525447,57.10550421031017,73.30678841659403,77.23574697817443,70.00688766361492,70.12879374876181,76.08390766392507,71.97315591078242,62.182627757160745,75.31044293229012,58.35260011472374,76.26952630884188,64.7780174536309,65.85032752698132,59.46955093215795,66.40029554591422,16.392556963515354
275,2535.033408177882,1003.5271653441227,0.5603882837642763,0.07077631974761005,-0.1475238160113047,49,0.0,0.5203718162042846,72.90894107800298,-4.656951976581376,2535.033408177882,1003.5271653441227,14764.17074689408,0.0,0.0,156.68460948685788,57.10313843115808,955.4229125639805,1048.0542406048937,1035.7825771983416,963.8111244669043,1046.0820300724422,1013.2878849519499,1060.8059443146724,1038.2851992631486,1040.5940387723142,1073.165963590666,1014.1402230407882,1081.6269250292576,1052.7104481331542,1033.4012620806445,306.99997281092163
276,2563.629232826613,1005.2237338120252,0.40545903549063933,0.6253041101395308,-0.20028390195749263,49,0.0,0.007773226498246534,1.0168501914757797,-0.018142436860040273,2563.629232826613,1005.2237338120252,1022.7570668910548,0.0,0.0,156.66266030624416,57.1037181721707,71.6750128630932,80.24245963707838,85.407918155125,68.23720768788706,73.78333847496059,67.46097176112735,56.20164549590726,66.69914393966023,59.6310731093951,62.24752625505887,68.11628186973901,74.91825986066831,77.46636893896986,89.9843392027002,20.685519639684387
277,1164.9692563315414,1005.9919533436612,0.6601919132223665,0.3611436664885258,-0.0739480296722322,49,0.0,0.1202889831130709,16.665037767772176,-3.054515755584901,1164.9692563315414,1005.9919533436612,2721.4168911855777,0.0,0.0,157.73568469172608,57.105766631839586,175.22032070107127,201.01513526882718,168.60118327655044,186.18271512096726,198.01348174189377,195.15284139146522,198.90470077643403,193.32868041683355,189.17060904337148,180.33105580798724,211.83903587429535,194.55339281205613,188.73844776713761,197.85620885031307,42.50908233637411
278,2486.317268384056,1005.5641708875028,0.7847634387643965,0.006167272038128717,-0.11833771442284897,49,0.0,0.028860904032422474,3.110061859354777,-1.231922568153313,2486.317268384056,1005.5641708875028,1185.466312291114,0.0,0.0,156.72196313474052,57.104194801066676,80.44092297000765,82.13824611048048,70.97208691387492,90.57285383062444,78.40568350743732,81.71020383370295,86.49694392019157,79.66443090120752,65.0098263650676,95.85496157563941,75.71779073194713,90.37556548672701,89.4783758726297,98.29007372681005,20.33834654476624
279,2226.5139062059434,1006.6435537832836,0.3044822502158103,0.33064586933757334,0.022062828023225158,49,0.0,0.009053889329557686,1.5715080427516128,-0.4907915200395913,2226.5139062059434,1006.6435537832836,904.4129241496456,7.073625243409499,0.0,156.921261231665,57.10556448625323,61.914516098770946,68.12710207373772,75.33880353404219,65.05697331414225,63.37007747812024,65.16288288337941,51.40349767647018,62.48932074913601,48.381935386242155,72.36655666879133,61.5588571074142,66.99205926181591,67.19256784239772,61.60905668616111,13.44871738902421
280,1081.7395919664332,1011.1452709130489,0.4677085614432691,0.2982308228823826,-0.1384816740626069,49,0.0,0.10878402079550342,18.780484596935654,-3.184266985674516,1081.7395919664332,1011.1452709130489,3284.6291760478916,0.0,0.0,157.79956040717553,57.10772771489025,207.08097891619212,207.0814775952373,212.1292800645021,237.66495611835242,259.54624691224416,245.19033553016413,236.71794402082324,226.36739446456107,223.40444265381012,236.76040762471,227.9213709546839,218.11644355879417,234.60821117105598,235.98384597593744,76.05584048682374
281,1097.324703022533,1012.6742124599733,0.4473722178252052,0.31719293747131955,-0.062243998187472754,49,0.0,0.033189416834525344,5.496616017973619,-1.8502384978173336,1097.324703022533,1012.6742124599733,1492.8008371856106,0.0,0.0,157.78760976760537,57.10840205692816,104.28872295232863,124.50425068181592,94.76519926835431,99.23190261901038,93.75183200503352,100.88181844846649,88.53861545274887,122.76982156937501,93.8084694261544,117.30891395735277,109.1201298444513,106.37429927857056,102.50589504988525,100.71454260549262,34.23642402657059
282,1769.8439646784989,1014.7016463480916,0.6162480984724259,0.16711887321395252,-0.11983724548404968,49,0.0,0.2818205104373063,41.03371225185385,-4.03285202161338,1769.8439646784989,1014.7016463480916,6172.794335480636,0.0,0.0,157.27160585910184,57.109772739528566,412.4702097270466,442.57003602822726,394.69224828025574,442.75662160774135,416.37311221105483,413.1723038514665,452.96906280883616,391.0841795733646,443.0409020440146,431.077994497689,450.34797037146757,456.12482585520144,457.690630244182,456.58259056870793,111.84164781138156
283,2240.6883245833933,1016.266170865412,0.8229341981497446,0.1747970553585444,0.09082463848791016,49,0.0,0.01463302020432406,1.4618572933399965,-0.412262447047151,2240.6883245833933,1016.266170865412,841.2065116568979,17.360856543538564,0.0,156.91033378883753,57.10953164965678,60.11444467686506,60.481787455893326,52.86928926531518,52.30490109585167,52.000879203618524,60.740427732789584,63.663598427324494,56.68945744983546,63.27738929490918,54.242944857824575,59.18477121824667,50.39077336970496,77.43483275571197,61.81934697591586,15.991667877091457
284,1845.7485725211275,1016.6505718254508,0.4579224550860104,-0.011805372780336578,-0.18546418635935724,49,0.0,0.009128599059497361,1.2351589891653192,-0.22930715850958985,1845.7485725211275,1016.6505718254508,838.1061915961308,0.0,0.0,157.21336116203497,57.110511048401115,49.78648849055413,59.94336102708716,68.80976101793806,58.59393122767304,51.64126420771109,50.05759413827501,62.500400681675245,62.60480153432073,49.153683526470004,83.39439442845254,53.1497190823095,57.77950341883836,59.191350811337124,50.144608704193914,21.355329299294915
285,601.5318981873273,1017.8520298529111,0.4981397622030096,0.6322180795499077,-0.27900563221924507,49,0.0,0.0295859702704093,4.2816218924805485,-1.579020780901598,601.5318981873273,1017.8520298529111,1580.6528611567435,0.0,0.0,158.16802390453051,57.10881470078091,112.52854412231488,125.47275851299662,82.99824529887503,119.45275168018665,103.37671551227096,91.11274146213515,120.04174572470271,109.52038257120284,110.34064720567714,117.52509489289845,110.57906112836508,104.42403866711322,121.70775306501368,116.97125013916275,34.60113117382815
286,2839.6494492005404,1018.6137924976242,0.626678128862324,0.7262432599534042,-0.10982352330471347,49,0.0,0.01751459953595639,1.6125553864176605,-0.5187866006751877,2839.6494492005404,1018.6137924976242,1897.679604216536,0.0,1385.0379111453371,156.45079753276025,57.10787286718979,108.58123234518345,130.82995735626335,143.57614858800122,173.28248094420925,134.81777025985915,152.59630551536128,132.8239110427661,111.81984096847246,156.70063939093353,117.98684437157885,128.90473895694157,120.45778308827957,136.63534107926472,123.39756420906694,25.269046100354558
287,2751.6405554774637,1020.4313757442029,0.5224813419964521,0.26019197415473583,-0.15151133111689732,49,0.0,0.6005863692174483,84.0024124034781,-4.810729396061685,2751.6405554774637,1020.4313757442029,19619.88051959851,0.0,0.0,156.51829364730716,57.109122854574345,1236.4981049153268,1356.863604304153,1332.0731734580943,1410.362001962876,1336.9684346119564,1410.7746868831446,1334.9488022958822,1382.7199254989105,1371.7350289823062,1451.6919640573615,1281.8329004755778,1450.9960775954125,1458.8514782452478,1421.7776788074818,381.78665750478103
288,867.2919348907691,1021.0658512055321,0.6550158279071143,0.28406518958720617,-0.18730512815336764,49,0.0,0.031836165988228665,4.176997480672291,-1.55216053330857,867.2919348907691,1021.0658512055321,1250.2485899360108,0.0,0.0,157.96414908443685,57.11123210470112,87.8525233917718,86.69751344657749,90.91001326509127,84.50257858963346,84.43442617776195,77.63355497276936,110.14151594475135,90.07936213824364,74.95382972750731,78.09894104027109,89.11669812163413,94.01074380092967,88.8758752121773,89.42410432419027,23.516909782700942
289,1383.480798249308,1022.4287354250949,0.500237166875114,0.42141850181201734,0.24698244047733495,49,0.0,0.03171235493980077,3.2086834008482876,-1.2658171689870203,1383.480798249308,1022.4287354250949,2430.913411321947,0.0,0.0,157.56807313111486,57.112949135747726,150.56576313112222,173.05405179118787,153.50177849248539,161.15078404424563,177.65726947864852,179.93682016305934,172.24366802764746,144.89845071572117,172.5098553767915,174.23770991052652,168.99447743202916,169.67086041940422,190.5186886624501,180.8309079945649,61.142325682062776
290,2153.0457737363945,1025.5947141155145,0.5457620548107651,-0.030114216639136913,-0.04464328593545218,49,0.0,0.026647228550317294,3.9565860875037884,-1.4933015488926227,2153.0457737363945,1025.5947141155145,1194.1476800286641,0.0,0.0,156.97753352560787,57.11366325695288,70.71902901806686,73.35168152142006,81.17238316915558,90.3145874463532,81.69550729998443,76.40978189552189,98.5652690268451,87.05786467168437,85.24348698601045,75.36536898282398,83.16701996352911,81.69015063654791,103.22822104770606,80.85823596904197,25.309092393973067
291,1501.9124423438332,1027.5108213205192,0.5769528528564952,0.08710017285849207,-0.023846346815607402,49,0.0,0.09017175142287265,13.29593712034173,-2.8092973814067257,1501.9124423438332,1027.5108213205192,2657.5348741020043,0.0,0.0,157.47719829388245,57.11515420956948,164.57523369775146,181.888974369212,171.57541877901195,174.19208296051602,173.64589447229554,190.07993078143585,196.19999560605095,175.86852136328787,202.32827057042988,187.65002530715003,181.5867034071333,197.62692411403273,199.6945015381188,208.95090286289954,51.6714942726785
292,1740.8555390736592,1027.8564770785656,0.3584290073165501,-0.06506677908286206,-0.14432430449027867,49,0.0,0.007674985130732759,1.1849927401346925,-0.18428922411614929,1740.8555390736592,1027.8564770785656,868.230626258227,0.0,0.0,157.2938323796287,57.115274844364315,53.772721297520185,61.007542222246215,69.98736616370212,59.35413453730616,77.17691095478938,51.432199270324986,66.92186427804268,42.5256163535706,61.23603439696242,39.84558154470138,61.56836934672421,63.42953514676657,59.23888150022211,75.44104283768539,25.292826407662503
293,1085.9181531131223,1028.6842653235885,0.8098039424175407,0.3372026565904352,-0.21639708528449517,49,0.0,0.018364618865028187,1.977581552213122,-0.7403360053242253,1085.9181531131223,1028.6842653235885,905.8446491608656,0.0,0.0,157.7964326044209,57.11504543946203,53.10785299135951,60.0362895145463,58.05643507712441,68.3668409682858,67.8324083931598,61.889534107125115,76.8754165544999,63.85199375557291,69.23708368456079,55.48754061557858,56.96366647214456,68.07236491832154,53.654329109049165,74.74506227267537,17.667830726861972
294,632.7907738967625,1031.4518327009012,0.6161481017994626,0.5353984014941845,-0.13339390668869913,49,0.0,0.010533280991769606,1.021175216775881,-0.022750665575132292,632.7907738967625,1031.4518327009012,1035.1734754780573,0.0,0.0,158.1441563930447,57.11462471815814,65.68982409349282,78.85215428686507,73.23722383744153,69.23394667592827,77.43471814604092,67.82513656282804,69.52566467053708,70.86438159709071,81.78004877472146,74.65081141971092,62.101171018715284,63.436263869512786,67.59878800572267,87.87827743152036,25.065065087929355
295,911.0350000213874,1031.9446785729608,0.632183141559672,0.4250286677031895,-0.20559243710018213,49,0.0,0.42912085976634406,61.24808598203903,-4.467731303594408,911.0350000213874,1031.9446785729608,8920.621201788594,0.0,0.0,157.9306509162723,57.11591047432872,552.4127771237472,609.2515998283315,610.5537501846075,578.0791262713689,659.6862030130519,673.6349368884661,662.3384628140561,645.5474309915951,651.5443946926432,587.7095804035622,607.7312133660341,624.8896783399813,614.4008983331645,651.784140826655,191.05700871133007
296,2647.0835529133365,1032.1289189333395,0.8078507568531442,0.19782071927074812,-0.2937005463168088,49,0.0,0.018544110425323595,1.684912430646898,-0.5664433359039993,2647.0835529133365,1032.1289189333395,1125.0825931804904,0.0,0.0,156.59840129068354,57.11453455387822,65.09207714985605,79.58087363912216,81.75769287434213,79.58990242446427,76.94160007338749,58.34145779298633,70.69352943750107,80.21152819754671,93.69298009765922,74.74413856595824,88.88401635185993,85.56282755608707,77.52054560611927,86.51332578661359,25.956097626987024
297,2098.1594281441603,1035.9340243067713,0.6686806571523372,0.335990288199422,-0.07396698716856183,49,0.0,0.020324748460765176,2.5404512071933554,-1.0122771452815247,2098.1594281441603,1035.9340243067713,1099.6252452022159,0.0,0.0,157.01960594722505,57.11810619107084,81.36191795050965,77.83229003392685,71.3817400504359,81.50889201282038,79.70244475195096,62.160438750045756,76.98102150603547,76.86889178771392,59.6743038572522,73.56209047828656,86.23910080561811,87.66199379844375,84.40552661695335,77.56929592366035,22.715296878562647
298,1054.6744030528273,1043.261241001426,0.48210572359735115,-0.4643342293318951,-0.16783901829539205,49,0.0,0.01084139744807266,1.4056293511378906,-0.3696770428603421,1054.6744030528273,1043.261241001426,953.2293926262142,0.0,0.0,157.82047713142197,57.121041282221455,69.54691606992674,63.96075196406121,76.64030561498481,62.10866056373675,57.35174243896961,73.90612990329683,58.825140107728814,66.85706752357254,77.245227426161,67.10399955622734,54.38198003264605,60.537404964379206,67.47292228438852,76.37694053321096,20.91420364292386
299,1224.0420415576848,1043.4313458013387,0.3792333548810289,-0.09198579146825434,-0.16268058802821228,49,0.0,0.008218109493263175,1.1511693652532018,-0.15284805925649161,1224.0420415576848,1043.4313458013387,1006.402667456179,0.0,0.0,157.6904863658544,57.12147826057783,59.58800200068208,60.66456531447402,71.06603145099304,67.50915230227173,87.76780776333015,68.50119916993452,70.59700517673505,71.70453192784828,54.56845414612213,83.93586495368373,69.60809140218038,69.3382101052542,74.72088337512679,83.55883649632352,13.274031871219359
300,657.1990375779825,1046.2075147567434,0.4170024409494256,0.7721397288517002,0.177218810001652,49,0.0,0.011075014786047548,1.4213040215816735,-0.3817174621883879,657.1990375779825,1046.2075147567434,1090.6271726231682,0.0,0.0,158.12554812708632,57.12088161467906,83.14281798952439,61.08291534636849,74.37711018288812,81.73896863400432,77.72261738519349,74.27987501299683,76.91439588191936,66.99917449213956,76.6226009755121,69.0679151865711,73.04489868447013,83.6858227666977,87.17431357886318,76.28699175447431,28.486754751545114
301,1441.128568360113,1046.7890781244957,0.9158766846387927,0.46799071919857305,0.20141423108307616,49,0.0,0.010980522062282652,1.0145441632278789,-0.01567739167800608,1441.128568360113,1046.7890781244957,775.2642379080787,0.0,0.0,157.52387047944734,57.12314992237287,73.42489567357131,58.493841269229826,45.26973080999156,44.57690711175499,40.584688564095885,57.773077954718254,39.030007262126674,54.84255005471499,53.6179061750112,50.5252372993815,51.67261453888297,57.54207120350871,64.48708703057282,66.56154524363355,16.86207771688452
302,1896.2682965164206,1046.878666548964,0.9232158944619826,0.24665215928167503,-0.22281744472539142,49,0.0,0.016013478842128566,1.525609377027483,-0.45860837350005323,1896.2682965164206,1046.878666548964,948.7199222135276,0.0,0.0,157.17452004629226,57.12304174003911,66.51099869553326,62.52592993545811,72.63035858604104,62.95795026954431,53.16830311355609,65.69161421541898,66.31479216403577,62.1192889393719,75.19233021604902,69.86662913448228,70.38418888056438,68.78695805967149,50.53230774500675,77.368385766334,24.669886492460265
303,2386.717090202658,1048.9764464457633,0.5658310565042717,0.2758195782477001,-0.17719716528090015,49,0.0,0.022541951439201152,3.1673831451917636,-1.2517515033760356,2386.717090202658,1048.9764464457633,1087.440394910376,0.0,0.0,156.79807275793348,57.12267197994085,61.307489715642106,72.5516580156391,77.79081328256916,76.11009560446793,86.88559822549703,73.4847400405982,67.59829259781944,77.02219664854805,85.90451250860741,84.42886658769616,69.50970853792778,88.1603069044731,68.54801160638074,76.6331984701167,21.504906164393
304,2551.43768778753,1050.5503509060657,0.7715738389791991,0.049902802592798924,-0.20187907638781963,49,0.0,0.024790412210045402,2.1452619513051867,-0.8287008252883398,2551.43768778753,1050.5503509060657,1776.6443047132525,0.0,0.0,156.6716392690598,57.122657050902255,115.79756195828358,121.67825148955491,122.48392518445729,129.9190031428505,122.19113761858335,134.4369382878927,123.4308665355925,113.68383220584502,122.29792373179075,113.8627267975051,125.58292452318209,128.06637219567574,129.8662127586906,129.4011783079555,43.94544997539292
305,2854.1234209470535,1049.6697059915446,0.5409440921107838,0.4370210441800584,-0.12644542612493861,49,0.0,0.850441674718127,116.60720363886475,-5.166813451614348,2854.1234209470535,1049.6697059915446,26753.61091447758,0.0,16112.540967267789,156.43935747114512,57.12072626745746,1736.1960416979873,1866.4076843962732,1867.522293648279,1833.2652941794508,1791.4435663099111,1917.473564749496,1904.0015919243697,1934.461946077527,1829.143940524984,1902.2379830903847,1844.980466483323,1944.2054515133113,1929.6964038178648,1942.3405727858149,510.23411327860026
306,1325.4181620108443,1054.3274604302644,0.6890704385753356,0.3021899029424101,-0.11396272903014737,49,0.0,0.01033712837028136,1.1739056726231916,-0.17408300312849856,1325.4181620108443,1054.3274604302644,839.2488651800688,0.0,0.0,157.61270349600892,57.126173012400514,53.9129902984329,63.82299322380592,51.71810514224312,48.43967120581007,61.70646757017591,57.889642785304844,52.84733054171396,58.274859677366905,65.70383136310738,61.142644394891846,51.4180585997791,57.5614085747439,47.873725533183304,83.22057274771521,23.716563521794434
307,1685.3486774058317,1054.3034363072804,0.39540253702036826,-0.23890108238362812,-0.3480242060154825,49,0.0,0.01111217759959888,1.6865765736551195,-0.5675151593377106,1685.3486774058317,1054.3034363072804,1176.5720520534128,0.0,0.0,157.33640915598528,57.126323512396226,82.51397861645015,81.32173140185992,71.99332233983357,92.44304516614366,77.73878205483757,85.77665387902704,82.80695211909446,74.98271218710744,87.72799779665138,89.54387659325789,69.0016550853357,95.26437973631681,64.13623170867926,93.29446768864985,28.026265680168112
308,697.6562706620372,1057.7337766427252,0.6045178607508321,0.32751544471804184,-0.3456602518467773,49,0.0,0.01515113275091911,1.7338800723925,-0.5975476381282009,697.6562706620372,1057.7337766427252,1087.452654424573,0.0,0.0,158.09458942285943,57.1258588407812,64.0422373108962,74.76980043838948,71.23588617202736,81.75037064124055,68.91331465524308,88.37599177978873,90.0391070616871,74.80399288499805,79.70394947297456,65.88713391463966,64.30688711305112,91.83479648226074,77.90204078168578,72.26176891519462,21.625376800495918
309,1901.6911657156681,1057.4875626168425,0.8676143626459347,0.40639301532356187,0.018383397952439658,49,0.0,0.011187930441087839,1.0797528426904313,-0.08331089024557084,1901.6911657156681,1057.4875626168425,850.9038390880266,0.0,0.0,157.17033000821837,57.127454419194095,53.4129870202986,59.36601311881202,64.55119892254172,58.79585220218493,47.29781186048718,65.23586471706611,42.614328627517125,61.100427162861955,61.85491834425897,57.886434820999256,67.31905477571745,67.95325596822663,61.41273157976848,61.508545731319884,20.594414235966433
310,439.15844410889986,1059.1478322445953,0.5655104852038525,0.9301175123364653,-0.766807647781327,49,0.0,0.08174130968753905,9.929270980024016,-2.492293408001943,439.15844410889986,1059.1478322445953,4100.240764539772,221.80053384845576,1896.0338869672769,158.29300516768217,57.12519722529218,216.31789271644345,247.23923488824576,260.96466350956223,275.7566569714689,280.1582981540289,292.34387504816755,301.47368755067293,299.9205727742901,275.4255488202193,316.62044903526515,327.05570470841667,318.962224518566,298.2249695310029,299.9802020286303,89.79678428479184
311,2775.605343841992,1064.2122111005776,0.47103494684322755,0.4276317750852407,0.008609563663690055,49,0.0,0.029640028542916034,3.7206503326012923,-1.4265471421612075,2775.605343841992,1064.2122111005776,1891.0125969428732,0.0,0.0,156.49946363296783,57.12723171070427,119.93137276898413,145.8488081634929,146.75156869896273,145.8484438697173,107.3966621133458,137.1771461967352,132.02483539443966,110.17501629951639,116.89953292351447,133.6202496586177,121.47184182464292,145.30738600926253,138.32423460864015,147.6331364193971,42.60236199360421
312,536.2027757309277,1068.0552379259273,0.4246685414588682,0.7576923874606595,-0.4520499608286086,49,0.0,0.05475150871801124,8.356399945653557,-2.3050480439341965,536.2027757309277,1068.0552379259273,2699.8124461512907,0.0,0.0,158.2186051346364,57.129414477644616,174.7687023298788,204.811237006111,201.9101764910759,162.47507617020432,177.06737641403362,189.1253922575157,197.8386678372899,206.2455505649414,187.98570063513404,187.95117997855357,178.04752430271475,178.5344445364376,201.01127917588371,197.72729579848396,54.3128426530325
313,1778.1549581672023,1067.336661625728,0.7826006465186301,0.25893984865933173,0.2465869486798645,49,0.0,0.018232901481309387,1.8072124183857172,-0.6425230055181795,1778.1549581672023,1067.336661625728,1141.7309691554797,0.0,0.0,157.26514798072952,57.13169681403925,69.86772576813641,93.87335457881215,95.8357210758173,54.44709033375061,57.310860561579474,83.73161147976768,89.98558623570128,74.54507144906283,102.63292243814817,66.37405886976936,87.8905994841461,82.47526573036089,91.02994367161395,71.18921269740414,20.54194478140943
314,999.4708195111486,1068.7357621689275,0.8242884483356061,0.08431772980737073,-0.1172547588174518,49,0.0,0.012285108538509148,1.0888810019572868,-0.09245105150805032,999.4708195111486,1068.7357621689275,1048.6626369218507,0.0,0.0,157.8629781413722,57.13150677339471,75.77935869687906,66.63990259776762,80.0290026256691,81.52225565515124,77.86528577804728,70.52974122821797,68.02810503080744,60.36094629856245,72.66432468877773,82.54643828370354,67.78179727718718,64.52666351567494,91.94775021299071,74.88764145129474,13.553423581119803
315,1006.6703421663655,1068.9180736900207,0.9450547516369467,0.27499478447428255,-0.09045288050457712,49,0.0,0.012205522563698726,1.0195345424029716,-0.021004861261043103,1006.6703421663655,1068.9180736900207,1030.025481627706,0.0,0.0,157.8574519277393,57.13160290260454,73.48027557006604,73.85514188624607,85.1597739539024,75.97489817903966,74.6267681149302,65.5889972427409,67.47177084560545,58.4984756217861,73.33982284872803,74.59997508197543,62.19290565112946,66.28488919511763,84.62444559723568,78.18209386958488,16.145247969618055
316,392.028957193544,1071.7807215299977,0.5520851425593953,0.17766455804221756,-0.9455355847654047,49,0.0,0.010721637552069584,1.2252875798682203,-0.220595078265924,392.028957193544,1071.7807215299977,1282.9063060310323,91.74515941486762,1013.1268112016328,158.32930847496854,57.13019836730194,47.48374425597024,71.10237906508377,78.38861150992462,67.63419186264251,70.5539958639497,96.64753419006189,95.36712154164118,95.37810711182799,67.26700371326203,77.84212744355408,79.44760213695741,94.62210915432635,121.32252683264846,181.06117741231424,38.78807393686775
317,812.7561605086756,1072.4218193140991,0.5117944045607462,0.3720068043112271,-0.012769099652543376,49,0.0,0.015603931379280397,2.053391162015922,-0.7811792211168924,812.7561605086756,1072.4218193140991,1123.341358502002,0.0,0.0,158.0063428580955,57.13243455641021,82.85692504715162,68.83042966997543,65.69932952200838,73.25956690026469,90.57435181004377,77.49266556395014,79.96487290808844,75.66374909567358,79.32172026766801,84.12491309887403,78.25161761288389,76.12941266320601,83.01008034952457,86.4668315672611,21.69489242542828
318,1840.8899518884994,1072.9730906596005,0.6840608374554886,0.36566560247110297,0.061623758079401444,49,0.0,0.019580909386755958,2.137987225689018,-0.8250127650100746,1840.8899518884994,1072.9730906596005,1061.022782128396,0.0,0.0,157.21697196423554,57.133983786789614,63.07130572739741,82.67009752814327,61.967639619700996,74.78082551348076,69.70339342797843,63.464497461790444,74.00443897630731,57.26703270095336,84.84093114004347,92.1192607203528,57.26834952672252,78.17626891451658,94.5164203302628,76.23146338932406,30.94085715142184
319,2730.3014019777424,1077.8434425710523,0.45302540049056933,0.017268780601878725,-0.3888373502683618,49,0.0,0.009163079817894017,1.017372202435861,-0.018699668176318893,2730.3014019777424,1077.8434425710523,953.2400897578967,0.0,0.0,156.53410273419883,57.13315543279426,61.16361916531856,57.480231965952356,69.69741801395509,63.66159100756728,64.98240209056452,65.39724923327421,64.57454229550558,60.97014577896078,67.93231701644831,87.09068914078881,64.5502166777454,76.38315864441184,61.085989748599935,68.67818529511428,19.59233368368966
320,1541.6761035662262,1078.9562945323505,0.5593919990268107,0.31828302316453444,-0.2471631787566633,49,0.0,0.00839966597203792,1.09064484978788,-0.09420838222831572,1541.6761035662262,1078.9562945323505,822.1165852987967,0.0,0.0,157.4467097788357,57.136604143759,61.69449495939773,60.60947621821782,62.404212114951164,62.86509790636345,54.83387073108891,62.38005654052782,50.17558737609153,58.50393507809076,62.65876694643994,58.00041522144955,57.56853005954494,48.49049104367445,48.28580407578893,60.143707033700444,13.502139993469207
321,1671.0220757816173,1083.3301856673413,0.5971258491666559,-0.024607191353607782,-0.4551556206766734,49,0.0,0.010538371655552216,1.1312928735594172,-0.13393762837280856,1671.0220757816173,1083.3301856673413,1076.0248420416267,0.0,0.0,157.3473890124361,57.13842302311126,81.23505109439617,83.98583667821488,74.84391173211122,95.50001645016542,84.36057445146707,51.47909436629772,76.00470683782763,88.63826186339654,65.88281864899507,69.73345066772167,68.23271205633529,65.96531974687747,77.12970000942687,71.1500091352064,21.883378303187268
322,2092.6881994405394,1085.4435183412138,0.6059173650016658,0.09738815353280973,-0.03514105269572275,49,0.0,0.01207778826913034,1.5101444064290401,-0.4475461959095039,2092.6881994405394,1085.4435183412138,833.4852175067808,0.0,0.0,157.02359375568486,57.138747070040445,56.76754399125682,60.371574051631015,50.127030882061575,53.93182103625156,55.170271023843476,66.06660052369591,63.57661502201307,57.563910874032466,47.60095431346706,70.60207930910279,59.412922144597104,59.073270407555114,53.791494100093374,60.99315391147702,18.435975915702514
323,2907.31274944569,1086.051705543312,0.41490378301700936,0.09987260728069962,-0.425806114868671,49,0.0,0.17682721518333422,20.42970841725229,-3.275655420535839,2907.31274944569,1086.051705543312,13117.251952738989,0.0,11991.324682419305,156.3981298964752,57.13556371788812,833.5415366500059,827.1755914881935,890.861950092162,922.937533234372,925.6865687480183,935.241741327188,960.2053616925289,917.8515553785539,927.2600482497218,973.2647950561372,902.9976880264282,943.2593943269778,925.0709514008138,938.466809386953,293.4304276809344
324,2778.2482699428792,1087.0987614597223,0.5316760156736496,0.40373681699795483,-0.23943606955660762,49,0.0,0.11087968750528061,15.326822988578837,-2.9636303542721922,2778.2482699428792,1087.0987614597223,4017.3892654389083,0.0,0.0,156.49720163138343,57.13675186598641,235.5655319368344,298.4461836945151,259.42517322945685,299.5759219711589,295.8406277781918,265.1000898280046,290.4224250417159,293.4558783440472,291.0920813833634,254.939953428749,256.7152923006756,309.7586399168241,287.31591440024766,305.1830956034544,74.55245658166888
325,1928.8305488140832,1087.8630024921508,0.6776194500161917,0.1741766692089869,-0.09064203363773791,49,0.0,0.9610660710202994,134.24363826547892,-5.319734284687602,1928.8305488140832,1087.8630024921508,16803.366783969013,0.0,0.0,157.14941008973346,57.14007049086042,1095.976546307677,1189.7204043020988,1182.999373224206,1108.3281642445545,1135.5720756604062,1163.6766513493503,1270.3818354356295,1156.7032304126922,1185.9647465792623,1229.8043365479064,1181.3144594593007,1174.822470033918,1233.4464653978184,1177.9019959924003,316.7540290217952
326,1886.4676918965074,1090.6874238776068,0.5367355256736894,0.5207038778825461,0.14066197096886296,49,0.0,0.011230224849329515,1.3136072660598965,-0.29616385507367343,1886.4676918965074,1090.6874238776068,1194.5227797087605,0.0,0.0,157.1819340661496,57.141308344895904,85.97018147457206,86.85875187481795,76.70968827999174,82.85130810839739,83.29073435289294,80.25398495762437,85.76858467479238,81.35381319283594,73.81392370876375,86.3794464653736,89.21215650913993,76.53408169226509,93.95532754209154,78.37803974683739,33.19275712836442
327,1203.2458357121368,1093.1187133745977,0.6263890197131651,0.2502660127780031,-0.2952244263063909,49,0.0,0.01376249321564636,1.650934275328328,-0.5443244602157384,1203.2458357121368,1093.1187133745977,935.7723881615434,0.0,0.0,157.70661885613396,57.14214301383694,57.325416158058076,67.60217850328226,51.39534679012428,68.0319129285255,74.78270541475942,69.67175008712434,67.18647057198112,75.98807989044613,51.92965865133738,76.84004234235525,56.508977227379255,65.6027936601902,67.1722277518513,60.378280171333465,25.35654801279542
328,2542.8076719909864,1092.5354093697194,0.7166405323785648,0.30542819436656765,-0.26688406999020453,49,0.0,0.022106617784949337,2.453778210830804,-0.9745882641872161,2542.8076719909864,1092.5354093697194,1186.3325094906984,0.0,0.0,156.67791993995866,57.14018746137989,60.21727723120291,99.18056379427217,89.21526418775099,85.18361389557131,77.82787649142588,103.24877203812488,71.10664876620939,75.85889110732239,73.92480662352344,76.94165877391768,87.85999576034463,69.91466979035206,97.67392898080143,93.59470029835562,24.583841751523508
329,992.3754557576326,1097.6727541847715,0.5080680225795391,0.22043141370117136,0.16981123524431344,49,0.0,0.024523885358947835,3.16810846785339,-1.2520001057341157,992.3754557576326,1097.6727541847715,1498.8829348414292,0.0,0.0,157.86857779911588,57.14354316532801,79.17316948384213,95.42949432669968,110.82150948144428,108.96028118329485,111.24383993815678,106.84076194784228,113.20683660578585,101.3144117738137,113.54500253507665,117.15401338409724,102.76749487341372,97.31974782174754,114.8217868587246,102.39790738106325,23.886677246426874
330,1894.7004555261285,1097.791978495125,0.5740828112261154,0.20706865007880648,-0.07976553437730487,49,0.0,0.14435368062703408,22.161155477813477,-3.3639810016657767,1894.7004555261285,1097.791978495125,3588.1507213037803,0.0,0.0,157.1755936925871,57.14425730945349,239.0756910563939,253.28636237660353,263.22792141883457,265.88199073087515,251.17500878769528,226.5613751586699,246.67021823208546,218.2049711380012,229.9800869355699,265.9959057985385,239.0593048038296,284.566875420307,245.16268837599387,284.9728958733688,74.32942519701339
331,2701.1784595189906,1102.3322628841966,0.8951195379170406,0.22745480269991183,-0.22630913325030033,49,0.0,0.016346725346912373,1.4653830553662417,-0.4148779134089173,2701.1784595189906,1102.3322628841966,1023.8289367416817,0.0,0.0,156.55622591155785,57.14351016025194,54.350663686591844,75.22070716088167,64.09641101305095,84.73376307332894,79.67822074303143,71.94255306705085,69.90179599674588,55.84537043950459,81.45722981930228,76.68219511524529,79.1230187447943,64.06291697649326,79.17967590133597,63.84076588907834,23.713649115246188
332,792.0672290746563,1104.2669573853225,0.6084047861703609,0.398322811878663,-0.15949760078097178,49,0.0,0.019128402684875315,2.5748348417485043,-1.026873443037561,792.0672290746563,1104.2669573853225,1048.7515229897062,0.0,0.0,158.02244892546693,57.14562496914025,67.21447960896293,94.1905360761445,85.1883315036634,69.66130591371561,76.9237328460203,65.74623488425411,60.40662408585413,72.74298898625207,63.46205303666323,83.93275292975783,71.20501772558563,64.03698329249012,70.55008595101756,83.02283869053917,20.467557458785706
333,2546.9634790246546,1104.498288674261,0.5355914231142834,0.2596430012353625,0.042183986210926394,49,0.0,0.095220581587274,13.579772154130907,-2.8322312081760463,2546.9634790246546,1104.498288674261,3290.9955321694265,0.0,0.0,156.6746307994936,57.14515311596284,215.52985772225264,213.99082464610976,237.1590590823658,226.67709969771897,240.94139416422826,217.24736342070094,193.862343194883,239.5634292544053,223.40748742946346,242.34599423909563,231.51793017403645,251.21672361985557,251.8075946220325,234.59797839783857,71.13045250443955
334,2862.256041343912,1104.0246973203255,0.7891437602199054,-0.2898521647914895,-0.6302442755068112,49,0.0,0.012774149653913432,1.204842184663626,-0.20232541226005724,2862.256041343912,1104.0246973203255,925.3142047623365,0.0,303.6818366504176,156.43252263865398,57.14332266304869,60.51843988975406,53.94421680202888,59.71153720936637,61.731296858334325,76.37095260942323,68.03273379479101,74.6828426166917,69.87614135960837,62.32071244195626,65.55776180795674,50.79906676849792,69.71870577948525,67.46407462711196,66.95486161248014,17.630860584850268
335,1716.1872720130382,1104.9094270063433,0.4643419350661649,0.4838773372406208,0.16857015998155764,49,0.0,0.013412665946992862,1.8571973859142772,-0.6721451592657045,1716.1872720130382,1104.9094270063433,982.6824113315834,0.0,0.0,157.312685686512,57.14739451638018,74.87667506672224,66.82063759962402,69.27838332147405,60.69193631076318,72.11385622039421,58.538828112148266,67.7311676980465,69.46830582723896,61.40299575592901,75.93700103391247,68.98631776976931,78.53139521109705,70.91511196734903,63.728627429777994,23.661172007337072
336,564.0313028641386,1105.8538301507483,0.5624262093737825,0.745887053566819,-0.22925202738422948,49,0.0,0.1703532049042154,22.47454338280305,-3.379227192243036,564.0313028641386,1105.8538301507483,5998.071623608268,0.0,0.0,158.1975833509517,57.14529920163024,399.60451754964333,420.4998857613891,420.9708320776156,390.67805549980545,391.8346937026895,419.8163300524893,421.8686653587189,425.5220867258586,427.10254626349666,437.93125027806946,449.01434182258106,425.5062283643082,433.67307204867524,404.94228979270923,129.10682831021958
337,1789.2339745164898,1106.776538406305,0.7415681687255202,0.09439115869426132,-0.2528316788985535,49,0.0,0.04233447811940551,5.181862800941105,-1.7862147752027666,1789.2339745164898,1106.776538406305,1307.2386652910336,0.0,0.0,157.25657763263283,57.148120296373904,87.52779934856568,85.81841109758315,97.58626297010878,93.50145294272986,79.32006325277807,68.47642033877082,84.6624408629019,95.28545385548384,88.12459501938089,103.83644277073145,91.8110225979189,103.5559736584637,118.71275808670991,82.41848885437642,26.601079634530286
338,2154.4028874834594,1107.0540727725977,0.6088565110751739,-0.2851413536876115,-0.09306297132931086,49,0.0,0.014906240994691941,1.8072556262510593,-0.6425489636083631,2154.4028874834594,1107.0540727725977,968.7174990490273,0.0,0.0,156.9761013315605,57.147599686833814,91.17172498090343,60.93766340809411,77.53214004077405,67.585358992862,58.78822038182641,75.59536007951775,76.62824183188647,57.94583077491214,58.6357509699732,61.511338544210574,58.59029043627275,70.81314198115575,75.43178635826777,53.19761328104752,24.353036987323467
339,2096.5735570721304,1108.9869267881593,0.8153467768801151,-0.07381840653644306,-0.12738921877472076,49,0.0,0.009891137511781486,1.0274477130501276,-0.02939932451722517,2096.5735570721304,1108.9869267881593,779.0315265684859,0.0,0.0,157.02050906804834,57.14854746913129,67.96003436567611,52.5654483637935,66.60022988830066,57.490574134273366,44.06856090289324,43.29984323290477,35.19924886360033,50.96732035655408,38.93468195139998,57.11324720670797,65.84367404270614,46.86877072801262,66.24581581428393,71.59536294185318,14.278713775525922
340,1600.0837776317674,1110.0973537441826,0.45693981153526947,-0.18133991038076883,0.19699124028451445,49,0.0,0.00841869457177341,1.1027521788207417,-0.10619481132876572,1600.0837776317674,1110.0973537441826,868.3555815467062,0.0,0.0,157.40186165185156,57.14958752376938,44.11235195921776,64.59726549228455,50.65579666600498,43.36066101302975,64.39265247436882,66.74504828130698,56.63515427285471,61.19822922939976,60.186837432183815,60.61654379020275,64.79886501066086,79.53666111182623,66.62672997439914,60.49180324987712,24.400981589089074
341,2295.966025843589,1110.9435328238108,0.8415200046403428,0.09341519775726329,0.016970836091580187,49,0.0,0.011242248736961656,1.0584838452108352,-0.06171058529497843,2295.966025843589,1110.9435328238108,833.6425174266303,0.0,0.0,156.86735200946796,57.1488052665626,64.5208762927696,58.6160727251642,43.4478390764777,55.09584884777546,54.54623675752259,48.310295131728054,67.78713829541748,59.936055900340676,56.40361256959644,54.47479262315238,58.389701045043,72.75151408192261,50.058210948945245,65.72822095129717,23.576102179477694
342,1452.0341706226573,1113.4577999198384,0.5535531587247798,0.26882365119289703,-0.017745814004260868,49,0.0,0.33359034730527,51.70164454840229,-4.283760893853673,1452.0341706226573,1113.4577999198384,7689.189128238862,0.0,0.0,157.5155854672207,57.150935971871775,467.7575654067506,514.6648824099267,570.3428829411837,524.6147874134153,532.5540217195389,570.5751317679842,516.0874544255,520.0589205142212,526.7832162448941,552.7384469462388,549.3594850327329,563.7967994319372,544.310943844327,583.2195128605348,152.3250772796759
343,2124.4717506287006,1113.0641409171926,0.5955112915988263,0.1685970514664716,-0.1465080874246365,49,0.0,0.30271812999237663,45.38362158914644,-4.1422478735078485,2124.4717506287006,1113.0641409171926,6474.338827716336,0.0,0.0,156.99906269733057,57.15017947823357,414.76462228786414,470.6551461813697,450.98527957940394,427.31401079840145,457.2911753663471,473.07271314935167,438.12054496104616,449.30857741837445,414.59523359259754,521.8978550345619,430.11819518537317,478.2894801185228,445.0031358029461,479.48287937506456,123.43997886511205
344,2537.1336632959715,1113.1109492041876,0.4517689931375824,0.016102415591805114,-0.16165451862947616,49,0.0,0.013556339608642713,1.852207605271175,-0.6692241577689307,2537.1336632959715,1113.1109492041876,1115.9822625804857,0.0,0.0,156.68210964996777,57.14878481700932,70.71015142293786,83.79483656489332,78.97047134468713,65.90447240517892,78.74476441113752,78.8061026774968,76.04067176117857,80.08033525191803,74.07182005700457,70.31159400021485,70.1365569644563,84.191731846268,87.92202596331327,85.25493876378894,31.041789146011542
345,1958.5858166659991,1114.2059229110703,0.6945785300898771,0.25781326717056197,-0.08027664510341224,49,0.0,0.021737144911308515,2.6327475580148962,-1.051023046533572,1958.5858166659991,1114.2059229110703,1078.1568141300959,0.0,0.0,157.12647896467104,57.15099853144167,62.47272283890814,70.39374365936348,72.77957952329751,71.23069147247185,77.77499484681903,83.83597336692316,97.5119349534092,90.84338783269303,58.58826164448089,63.198018583604146,57.85976489382565,70.72054020741236,93.33440268231499,79.97820320318661,27.634594421385653
346,1257.5934829755956,1115.1714218433867,0.5978343667867713,-0.14696648213033864,0.06187082240268534,49,0.0,0.011102520417392724,1.3495466174089152,-0.32546972748101444,1257.5934829755956,1115.1714218433867,939.9914150921372,0.0,0.0,157.66494800982193,57.15142578076883,63.15440444513867,81.92696531838519,48.24979816035088,67.1796195293827,46.80433338914349,71.02111149126408,69.85817789787933,65.64284667699813,67.79804885207005,70.90343014352531,60.52922113581993,66.01465986252938,71.41623292914181,66.81091444586374,22.681650814644463
347,2931.073271658046,1116.6944292439978,0.7492573332111476,0.7638962806666172,0.013426789251989623,49,0.0,0.01124188492397845,1.0114256998631517,-0.01233496165081932,2931.073271658046,1116.6944292439978,963.4143356182383,0.0,880.4125609094098,156.37953630617312,57.14818237340577,66.22146550799297,66.3545275893744,68.31607378477284,85.17174525149676,77.38032854452989,67.83408135355685,58.83782544048559,73.9415505360727,62.98118272187149,49.04188746359394,58.28731670286048,77.21322551771635,68.7085086120439,68.07476044560121,15.049856146268816
348,1839.870118944214,1118.2244773861905,0.6139001929590218,0.21355232918035924,-0.11172876783107229,49,0.0,0.35793432729577745,52.729944769121694,-4.305143291097567,1839.870118944214,1118.2244773861905,7317.860289939214,0.0,0.0,157.21766109237603,57.15283932682882,464.64736922458815,568.2169714396916,517.068791462919,507.5587096024384,521.4118138024639,522.9628995596333,535.1210320865823,473.35266355113436,518.3020788599572,518.7722638312225,471.94347245479327,542.1682188760974,516.9770828936572,491.0424713953267,148.31445089871067
349,2649.4292092557635,1117.9238879187958,0.6168145145530158,0.23195914359136208,-0.23169152379368615,49,0.0,0.05264810332726491,7.187968776577924,-2.141515454832823,2649.4292092557635,1117.9238879187958,1847.2069880754298,0.0,0.0,156.5958219552529,57.150266874255145,122.79581833062917,124.44477416217597,137.82442398180217,130.132811524464,124.28726059976114,102.03796190588972,127.16887253596782,146.00154679595775,133.77834839228382,121.27154469768544,131.30358030648296,132.48140465404148,134.82639841046242,138.2468239494591,40.605417828366896
350,1816.3752791108286,1119.1303082882434,0.5760816650742527,-0.21477824616772787,-0.07127009047495195,49,0.0,0.011981510200214613,1.5599016818286853,-0.4827430657821933,1816.3752791108286,1119.1303082882434,948.8200740873239,0.0,0.0,157.23570770485912,57.15324184927529,74.76143214589608,56.59864836537503,70.17009662634334,69.35754890079212,72.08324155732907,62.43203786006294,71.92646357648132,51.182257820352895,54.79051129110971,57.00465761592453,80.13327425988581,67.32140609639595,70.05494556549064,73.4029449986678,17.60060740721666
351,1733.8127814898858,1120.5831530419296,0.2603564849763297,0.3928056719996386,-0.009376668298266737,49,0.0,0.008473792948874494,1.2693354082168706,-0.2589409872516331,1733.8127814898858,1120.5831530419296,986.7231490314164,0.0,0.0,157.2991299188621,57.15391484638523,47.550107961375204,68.8421859231669,67.17284123441206,66.63665078580955,69.67508336705603,74.5024523720985,79.80166175831214,75.75396866036259,63.06483843542226,60.93178666822055,68.17319427073309,56.38312835654129,88.51411555810495,74.94685423167671,24.77427944812455
352,2902.7180177268824,1120.3946529523798,0.5690253700538573,0.715509461052988,0.049688169638124745,49,0.0,0.09476302427378851,11.944092177868141,-2.6928828659336257,2902.7180177268824,1120.3946529523798,3833.7762835700223,0.0,2814.7260397686555,156.40126956479256,57.14989901474061,262.5292885917263,269.27074786274375,254.47191662681294,271.1455916584783,276.5519300430586,233.12380993970433,281.86627566323364,245.86712158790553,265.76549028202834,260.2244275819184,260.69687691185123,266.97410391224514,323.148163603798,293.5832983796811,68.55724092483673
353,2851.4442560246544,1126.0416544949053,0.5632383407337697,0.1738646702913708,-0.03735664861189782,49,0.0,0.012706841799742487,1.3687378963325187,-0.34080072940251205,2851.4442560246544,1126.0416544949053,1127.3692630591577,0.0,32.753310632103876,156.4405856782485,57.15255870819457,70.68794758936428,102.47978433131973,82.54960984152972,85.90242537419584,73.16299493754194,70.10265886194395,81.27554434653362,89.03697053657679,80.48207194250736,60.73425591458788,84.72113088874798,73.85770623267777,68.47442152819896,86.70023980745154,17.20150092598045
354,1800.8150615057243,1129.1007825425477,0.31043298764253974,-0.8727613421653266,-0.3550349235069713,49,0.0,0.007062878375506567,1.126239477777087,-0.12907686620598827,1800.8150615057243,1129.1007825425477,1055.9418999843808,0.0,0.0,157.2476435985314,57.15741134555465,64.41855887917428,78.54993238701827,71.21393143216005,49.744442724144506,69.82660517864792,91.97367834801165,86.99029812113248,71.06149798698794,77.01194025144315,71.14692370260812,70.9442784797193,72.64349409438633,69.12326894252134,88.55598652081474,22.737062935610638
355,2590.3206138165215,1132.3745883742604,0.3719849949069368,0.5607845652247336,-0.2762711695977995,49,0.0,0.010042928008559472,1.5961021658981578,-0.5076517173264414,2590.3206138165215,1132.3745883742604,937.7563575063901,0.0,0.0,156.64109584636662,57.15657013851573,61.95649124829201,65.15101001874098,59.67660830886392,68.40143639836893,59.77133797929576,63.67947769317588,49.219046547277514,55.01573409533321,59.16209131807783,65.92683282665163,84.49996349109958,81.92683506190312,67.79340058532875,72.7158908887183,22.860201045262627
356,669.9013520742021,1133.3516194287693,0.594364621962263,0.3885468816546996,-0.17632490042090823,49,0.0,0.1767719523959821,25.824110613915686,-3.530063433211965,669.9013520742021,1133.3516194287693,4415.248949997682,0.0,0.0,158.11650254348012,57.15724410761984,292.3726362261987,285.8430753622032,312.331779580809,303.5133695325242,309.8999580912031,323.8521766127859,311.53124529777017,295.84817776079524,325.3774790365186,331.0710672700484,316.48655553350244,311.7960804971623,312.08459011710585,305.1794215627557,78.0613375162982
357,2007.1378619837665,1133.479298516441,0.5908998499681459,0.3121463729477028,-0.042539379011743365,49,0.0,0.06317272546031615,9.303460814766572,-2.4216113319135575,2007.1378619837665,1133.479298516441,1792.1177214331333,31.50906976460147,0.0,157.08911651877054,57.158941768190594,131.43474446557693,131.0383326859959,125.22178928153652,135.2018871453312,117.1326783175442,136.0603553577387,126.05711062398943,115.66525800946754,102.41780696604104,139.23821228753573,98.49414288370605,139.3819286873259,147.95301635701134,105.30690917017235,41.51354919416057
358,2391.1816318350307,1134.4375110756519,0.5526123456928941,0.27903329113726427,-0.2798680950108687,49,0.0,0.010687910118840935,1.3046254406210414,-0.2887146078822516,2391.1816318350307,1134.4375110756519,924.6976064262176,0.0,0.0,156.7940606137461,57.158261761224594,56.847903123558524,97.66837621872673,65.01552509425714,62.142074486784196,60.495380476343634,61.45270546810383,59.33093809295661,62.276624701291816,57.24321715364585,62.48036587662172,62.147767576635566,56.50592834513447,71.45746605117914,80.54936180006058,9.08397196091784
359,2049.25135000573,1135.63998692404,0.8936915649713668,-0.0024420034289152352,-0.03536865565944585,49,0.0,0.020345249919966356,2.0023153958550104,-0.7538312166882412,2049.25135000573,1135.63998692404,945.0611531511297,0.0,0.0,157.05675248342297,57.159757476433754,63.149981296702805,78.92180415512482,68.90403353367348,77.45177514826358,69.79641578939948,46.6381054749629,65.09888884720644,65.11071461310706,67.21449677839023,47.54169530222434,69.60976816262168,65.93832992913788,76.94203429993745,64.30671156782546,18.43639825255206
360,2882.9012613469267,1135.5925557519533,0.5404412507994087,0.36608673627070343,-0.22110519091023684,49,0.0,0.05555739325319738,6.888231004546413,-2.0952692581049743,2882.9012613469267,1135.5925557519533,2889.4798599266387,0.0,1090.372176163265,156.4163193729095,57.15635062731511,189.06392468884792,188.1012149399503,197.97983635089673,210.36308185979027,201.57344739225124,223.21126355694065,204.50053014411617,211.50297968433952,185.83178442264347,208.58947099149097,182.73406986154828,221.21552950249747,234.65025142507022,175.77785078019602,54.3846243260593
361,1803.3413724870118,1138.3393729521865,0.4010363812689446,0.2659246658082574,-0.07797111361076466,49,0.0,0.010570415037913932,1.4554055754817352,-0.40746008579488896,1803.3413724870118,1138.3393729521865,1032.0789015325574,0.0,0.0,157.2456864329686,57.161258309147776,64.36634020982507,87.7680518148652,71.504800322082,65.0654487993501,75.61369395771084,64.17188306941333,70.27648575443877,60.10727846515213,61.875356438922836,74.45870670411172,63.91487895062921,92.66271082564298,80.32708148109414,80.49126695602682,19.474917783292216
362,1635.0402212508614,1139.6896095903955,0.5586512116479782,0.21900799449808328,0.0441513917338423,49,0.0,0.08238471578258466,12.678396330623306,-2.7576608095727675,1635.0402212508614,1139.6896095903955,2289.02843383821,0.0,0.0,157.37500209771176,57.16191468268277,145.60317620658293,166.40648372078596,152.81736259112415,151.96223739136138,168.8629255772455,164.6517959620768,165.27752830071677,163.53204516699503,170.61043471811564,157.20852877746688,154.30032124963572,157.25894189504362,155.50460361247158,167.9931218818163,47.03892678677137
363,1913.3425594452758,1141.2803066094705,0.6215967226088368,0.16792324660918545,-0.09708537727616932,49,0.0,0.18761685756038043,26.989827408234255,-3.578000268459544,1913.3425594452758,1141.2803066094705,4202.108351505766,0.0,0.0,157.16115858545797,57.16235051775267,283.67989910934375,292.612326563804,326.89198754660106,283.03681203836055,285.5598942657163,315.5789967730298,314.4940274250753,268.6092504187292,275.3461378046062,272.9705042376948,279.64122321668674,292.9609678294464,327.1107800500615,306.10049315286955,77.51505107374099
364,2396.724528391662,1143.1083013306788,0.5521787271860435,0.5269169553473798,-0.28723337482111616,49,0.0,0.008488980727953338,1.078667821797087,-0.08221930825190697,2396.724528391662,1143.1083013306788,849.6193287657849,0.0,0.0,156.7897424306439,57.16185369864357,57.267619818319375,74.64424700083518,49.01222536398501,59.20501158959068,60.732363661689675,58.48359837962406,53.63614652045018,54.60220701667173,48.23931291306917,73.29438102335939,59.48314474662574,46.33545001205749,57.27310663452266,78.88934716792427,18.521166917060203
365,2895.1529462093195,1143.1337664319458,0.46484996728024264,0.8350144913111484,0.2586933393457369,49,0.0,0.011341001385393741,1.3082337257829828,-0.2917133522296033,2895.1529462093195,1143.1337664319458,1267.2038683435635,0.0,593.7322127949855,156.40682404296825,57.15941819453345,76.0579553665946,103.7855706391685,80.53436080204673,86.3036692868832,103.79180959821176,88.35269343055789,89.84255018984354,85.8708976814443,72.78003074906147,84.98194435494474,93.12770265439485,84.88221129066898,90.69166624532475,98.52501193911584,27.675794115302406
366,576.2267945929059,1146.5173582536172,0.48762910005439186,0.8198197978994249,-0.24656703991173884,49,0.0,0.01316221708336435,1.461991111515062,-0.41236183061121223,576.2267945929059,1146.5173582536172,1262.747985430346,0.0,0.0,158.18857920768886,57.16229948811149,85.28526127399346,97.20732766701693,86.20255101116952,88.44740985288581,89.40080424958046,93.12608656522895,90.0186790925109,89.00487724393889,92.61479589310875,76.28099636924227,78.8505044007099,94.41250132263585,94.74510005567124,87.35323000642629,19.79786042622689
367,3005.6468742208854,1145.8549026309129,0.6917883910243423,0.42182557397426806,-0.9679688735316557,49,0.0,0.013401258471324706,1.8887733303535468,-0.6904496045936854,3005.6468742208854,1145.8549026309129,583.994297064911,87.1001453677258,207.1447439418826,156.32191461765495,57.15985166497487,15.376024039325017,11.55328685994719,30.31501358235729,22.7498371510773,7.2415863452145715,5.873992189416986,39.40139684570289,28.084290940472748,12.773920896745267,31.792507475937303,41.57881030910684,59.23580297804551,118.46845557996602,53.94189850753645,105.60747336405959
368,1724.4396591348343,1160.1154721592675,0.2560404882740321,0.3543373289681467,0.007895377549377277,49,0.0,0.007857286406985133,1.4555400718734581,-0.40756041580423796,1724.4396591348343,1160.1154721592675,912.1317063008609,0.0,0.0,157.30628790607332,57.17039209715661,68.71060238916965,70.70421590259086,63.509477232945436,64.56216875602902,59.5716978565856,66.8918031641887,70.92529704321362,64.98502805951716,57.11726349796321,58.24145046416194,45.046564185134926,64.04781541543203,62.12243836677278,72.27033412130567,23.425549845850234
369,2692.7583435214597,1162.7087144669808,0.865392426550615,0.19331133086745297,0.302072230092126,49,0.0,0.02923084287196844,2.08502476657888,-0.7977780450666008,2692.7583435214597,1162.7087144669808,2151.5055965325405,0.0,0.0,156.56211962185662,57.168707328463476,148.38572486986772,154.09920249521824,141.28363313873393,164.38412792874527,140.35236344030326,139.35610723663066,142.52646963187058,157.6954206966559,140.11041751925995,159.45150152179917,148.58347960383531,162.81215186084097,156.6582536394125,152.17866002734127,43.62808292202559
370,3015.381572582972,1164.1415596227032,0.5315448096531986,0.5610680780194,-0.4365250246258222,49,0.0,0.012020364603150686,1.907030585447916,-0.7008941460716698,3015.381572582972,1164.1415596227032,1013.6670772214322,81.39922801474847,210.47814015391523,156.3142123821682,57.16740521958292,5.734951066788382,9.53274287136598,11.840227559947593,12.420348113940667,25.689970841807725,25.751865380236055,39.34341181643687,47.65455645401554,136.5701766375849,63.30768386493202,162.98983939124253,147.9221531991414,163.165239449357,123.08224217818459,38.661668396450985
371,1896.273651309323,1165.7965127010805,0.20969161950941892,0.33373185233864033,0.0011824959473722702,49,0.0,0.007819641413625678,1.2056958556736617,-0.2030944202954304,1896.273651309323,1165.7965127010805,901.7245007354518,0.0,0.0,157.17421099320376,57.172589801446605,49.42897598114993,61.35199251839161,71.13190400925006,66.0404935999896,77.92617088668374,61.511538847974556,56.684436256423695,66.66132888359675,48.512283074536725,68.90965422226198,65.33033366059944,66.64854165770657,62.663393891194154,56.31539882339538,22.608054422297542
372,2081.8530111040714,1167.4107975800737,0.7327256887953042,-0.25138966909254357,-0.11496596000045914,49,0.0,0.014299109030299934,1.4966204653427533,-0.4377791990781892,2081.8530111040714,1167.4107975800737,1025.9783961902872,0.0,0.0,157.03157157716274,57.172923722098595,53.919259843807716,64.80785939585566,63.55779908148681,77.62825479838715,71.2016705259183,71.22202346970272,71.36823545297071,68.57097225944625,77.40456755544777,80.37324821579472,82.17001561516138,78.28658782009056,71.34695260369008,71.80389596979421,22.317053582732946
373,2098.2570690055895,1167.176925854476,0.5837470960552521,0.20025821943318914,-0.09385170366415772,49,0.0,0.4713782285633067,71.59573546856792,-4.637217886858119,2098.2570690055895,1167.176925854476,9948.440842052747,0.0,0.0,157.0189647142464,57.17278856025744,642.4008188442288,611.7785590013353,688.8418553322506,720.0380694777689,708.0095780526249,742.5474575826273,678.9389903935294,693.1387607195062,675.7321272161452,677.6187012304492,746.9986810681912,734.654354682519,703.1703818207495,725.625810860993,198.94669576982864
374,2692.9676913057483,1164.0886774332637,0.37789558874006335,0.4104714514667651,0.8423600501171092,49,0.0,0.01511638167242694,1.5181226501197993,-0.4532671497788701,2692.9676913057483,1164.0886774332637,2127.270174448532,0.0,0.0,156.56194567231583,57.1692811714616,149.47430224160016,155.29258069283372,136.98699461916664,157.12818177412385,136.20738037868108,141.78188529043774,138.98221484320214,157.28515481225622,136.2460083158254,159.0778192307926,150.42921366427703,159.54106140196544,154.37077387527177,150.86783795260976,43.59876535548878
375,3017.031203889303,1169.2713529595474,0.7237338319188048,0.7498182828143691,0.5928978893967495,49,0.0,0.008780480485455194,1.1830350464239268,-0.18249402607336096,3017.031203889303,1169.2713529595474,1098.9735127740946,98.57199086164805,263.649918728506,156.3128818896869,57.1695312597921,2.51213905189184,6.596133373051953,8.800137197168333,14.242310307939281,20.052311056295665,35.75749335440443,38.98232512003261,62.65103223527084,101.10104267410301,104.29557617769959,233.81297541559837,149.47395085358414,157.76975906146794,124.77047392107346,38.155852974513195
376,527.7362484950428,1170.6317106483993,0.4391736517727005,0.6042330218801831,-0.31002024583298626,49,0.0,0.02852188560846997,4.438635581673807,-1.6181237257280492,527.7362484950428,1170.6317106483993,1527.6247885275995,0.0,0.0,158.22605814541436,57.17210729740323,114.7981371492522,104.77188784787845,108.32811193324531,93.5710929168734,92.05220336444143,110.52852735533044,100.41535562953922,114.908414304588,108.96443470251297,118.40859795670244,117.9704954918009,97.68925577164296,89.90877216924278,119.34309278362194,35.96640915092702
377,1025.2382436126513,1170.8545893209434,0.6792759244267244,0.375852342607204,-0.2723795385520273,49,0.0,0.023352669661710505,2.5854404195851846,-1.0313363352126639,1025.2382436126513,1170.8545893209434,1220.4956860216098,0.0,0.0,157.84370561613852,57.174125559546205,80.7529641066476,106.07524809303274,88.70878980810497,84.59737531582223,68.48906213532635,92.05057700439244,90.57922874764361,97.54275689051826,79.41457242018583,89.83436380920465,67.38815782110456,82.86857741701976,83.10145935863514,86.50938273619147,22.583170357780304
378,1328.133003582855,1170.627648022137,0.8036874856978389,-0.3172411107575515,-0.09137505307762198,49,0.0,0.012638528475628965,1.3379742210233139,-0.31611936471707125,1328.133003582855,1170.627648022137,888.9678814859499,0.0,0.0,157.61089418412672,57.17463397060389,54.39891682250028,71.00840421462789,59.262197386238824,52.62274390296544,58.78712491252969,64.59745693938046,71.73894521445843,68.05685711337247,62.78377026713052,58.74312398010886,64.48686729665255,64.60804395573254,62.7678166596077,49.606296702543276,25.499316118100893
379,746.6294574131764,1171.6894900549985,0.5742362214852677,0.5385299482685016,-0.2105947210131749,49,0.0,0.07624896316572824,10.804167750485673,-2.583978296559888,746.6294574131764,1171.6894900549985,2389.509228324766,0.0,0.0,158.05784331174058,57.17353833879874,139.2116698540629,189.49241384160666,163.31820665942445,167.839296155539,166.0238359922527,172.7822410465865,165.9405358340157,160.41065050057017,152.95748227613404,184.15467308231158,163.07620293738378,172.37539757126012,170.41531693806957,178.41173547674276,43.099570158806245
380,929.6018621707735,1172.7118415449677,0.6105561074867608,0.23463417906046266,0.1498689281551288,49,0.0,0.010308739366512111,1.1280010583550661,-0.13077376781855138,929.6018621707735,1172.7118415449677,934.1646968329234,0.0,0.0,157.91722177752962,57.17461948893728,65.85685818981614,63.724161954175635,79.4487144211052,64.14438813234642,79.36295011109102,57.08208057398536,76.68844175166343,58.18626693146159,71.10643669088816,53.74364727866362,47.94099204527953,73.88213756006556,60.07016577489507,64.13354084381947,18.793914573667188
381,1427.6977838735509,1173.4825137963144,0.5041581727749894,0.04557192851949243,-0.2441157953639086,49,0.0,0.010628094728657696,1.3993320630024473,-0.3648019631725429,1427.6977838735509,1173.4825137963144,926.6128502972412,0.0,0.0,157.53436932163748,57.17592757965845,66.92973093937562,55.70345360113535,56.25676077422054,73.25309575979294,53.78032038063798,46.14041132887713,66.23133062523166,63.07186022744631,68.09346606281062,65.44635739083915,65.72048611205699,59.90189448619508,71.38455936660004,86.18116451591027,28.517958726111452
382,1492.104567347582,1175.066899657987,0.9033967830168466,-0.24981302636255087,-0.16310707444668662,49,0.0,0.03528111183069795,3.268522838147271,-1.2858788096451472,1492.104567347582,1175.066899657987,1463.3703049709748,0.0,0.0,157.48486352813813,57.17663027069356,112.84133252040645,112.60186685139817,111.82329805981796,98.19424042141537,109.81734984498836,109.23042061932318,77.77484243257881,95.15386986642667,84.77265543412398,107.13256853734613,102.18193244342493,102.0166590128572,96.0004701226296,117.1235174194048,26.705281384833253
383,1466.8318860215281,1176.3127573791671,0.40216539606600293,0.41659437687607664,0.2584472226093352,49,0.0,0.009212074873511361,1.1107237638812135,-0.11401515919103969,1466.8318860215281,1176.3127573791671,958.9058654067569,0.0,0.0,157.50429158390875,57.17713500354419,71.2918090311849,73.96031100914931,84.72185542761548,64.12977666341024,64.5813723568089,58.80887443574255,58.56263435050316,66.44561166606238,64.3673708289291,53.05630520051423,67.072905143936,48.63780513968684,73.15367247481436,87.41207749205722,22.70348418634223
384,2851.6190684629446,1178.1700171308496,0.3707891770716062,0.2397468055046297,-0.8517882601494204,49,0.0,0.011360457036787392,1.5042392573743857,-0.4432922965789448,2851.6190684629446,1178.1700171308496,1136.006100061786,0.0,0.0,156.43988554335652,57.174274535275984,76.31002820114755,94.78659126438038,89.05268813134815,71.40032604821508,86.65368435925937,82.84267829837776,66.96798028379398,84.18887540208729,71.51043788340478,76.86442783738327,78.95673509904654,77.09732805997407,69.52680368815001,87.18642665095868,22.66108885425902
385,2013.8978849281918,1178.7556467035192,0.7564447026649956,0.5022069079039823,0.04781913008070747,49,0.0,0.015097818525057996,1.631021856259968,-0.531149451940819,2013.8978849281918,1178.7556467035192,894.401750778848,0.0,0.0,157.08376035125295,57.177793413928015,52.983158906805755,58.751981887448146,64.9785330387159,70.40456282470262,65.76675238818643,69.46639946961528,76.24704210165956,59.41881503617576,51.40389259643259,61.875163325423124,52.1517047312096,51.336817864067456,67.45295778025881,69.25182309428338,22.91214573386359
386,511.5654188539348,1180.147283089422,0.4742262910274723,0.3209651486690796,-0.6668357972671761,49,0.0,0.02007447885272544,2.2362327969033933,-0.8737925315197188,511.5654188539348,1180.147283089422,1591.0145454863277,0.0,0.0,158.23857509732,57.17598957228246,121.53660926173924,108.29755935139113,99.7474264719028,98.85937698841688,102.78093551903062,111.51740420503108,119.07407054611423,89.55379685251299,120.3699363560815,124.59798612677186,104.91196776055338,128.93908968631203,116.47015677204558,111.83705836345878,32.52117122496553
387,1330.5234282274894,1182.955643162131,0.5669643980512219,0.4086015965154642,-0.37255199333528827,49,0.0,0.012611389002056122,1.4103850255705972,-0.3733442207420202,1330.5234282274894,1182.955643162131,1013.4374559540017,0.0,0.0,157.6090857252815,57.17977359744404,50.84818267949916,66.90800663683302,64.16877100087007,78.5459089736129,74.16746179595165,75.90342918943392,62.861730646774944,67.98485674453427,72.44495574203977,68.37029005828902,71.66638352447161,69.87117315355994,79.85142941959285,87.59543809520454,22.249438293334144
388,1114.2844388649871,1189.017542124775,0.3497253319596104,0.4291237211757352,-0.25514484431687184,49,0.0,0.009048709942096222,1.218903508254476,-0.21492331759132624,1114.2844388649871,1189.017542124775,958.4343399762981,0.0,0.0,157.77534081252205,57.181915206476674,51.98585591230383,80.93316426894022,51.35711043193348,61.03078568701699,64.85347246968291,57.23961890305016,78.27029977849165,66.51772026514173,55.15643826275992,62.83252857283619,62.23621450411733,88.12618564956917,70.06315190766948,87.77884806933741,20.052945293447756
389,1466.823245133058,1189.0418908792149,0.3164464920090427,0.12406457299575559,0.1516659326289373,49,0.0,0.009921722137332962,1.6488222972409738,-0.5429346295807904,1466.823245133058,1189.0418908792149,1027.7494689397147,0.0,0.0,157.50431300425566,57.18243874621851,73.24652508179238,71.67076405537776,72.94847843218501,70.08923610123455,63.535515602250996,76.51159701680875,74.0731553915427,64.98344033897845,71.45002429537098,62.3402874046465,84.64497292156983,48.50529427919433,85.8957613275081,82.19990668758587,25.654510003668516
390,1317.8628429425487,1189.8606609318288,0.6668330924528552,0.20439068423245116,-0.14298712616764825,49,0.0,0.071690852741807,9.664080930697288,-2.4629013955995327,1317.8628429425487,1189.8606609318288,1964.075621960324,0.0,0.0,157.61883537666537,57.18263420654187,112.07610974400427,130.7873213307607,168.1318680085307,157.42196407700825,145.13168517631289,133.89855971231208,114.14499546005186,136.89814491795264,115.82892430541446,139.49723003861303,143.84842569627995,133.02394954554066,139.84442669235102,149.13497730072504,44.407039954466335
391,2522.3283524039434,1189.9570676126846,0.3973637861119343,0.19932604265788692,-0.0709890351930721,49,0.0,0.008587059706379248,1.1796081120905844,-0.17934437626447322,2522.3283524039434,1189.9570676126846,872.2897720549228,0.0,0.0,156.6928657987273,57.1808657909223,73.01917023079679,42.99547399784294,51.05676733707477,62.062824307005194,70.68260344729714,54.151575583191764,68.14049514346638,66.7443956968276,66.287916977705,59.40589709745643,45.9860273118544,70.80422295469398,65.20935532379988,53.114040507596265,22.629006138314224
392,3024.912193388064,1191.3128813735193,0.8496280452822277,0.039214196146944574,0.4848474121292895,49,0.0,0.009034137341511513,1.0362664827115546,-0.03867862860329129,3024.912193388064,1191.3128813735193,772.8773209303242,34.900769465360625,286.02541273038923,156.30655394803466,57.17866089540601,40.6946976454129,32.08607836937281,29.655644431400187,21.327592555273398,71.64458337764522,111.19689560426437,72.47227204640186,24.281298123544012,66.48132949241914,15.564136514407657,130.94865832061066,67.38403370432513,63.92570733246779,22.091147992402675,3.123245420376432
393,800.7343311899814,1190.6043133877388,0.7803119967572638,0.22474140449765379,0.01731114167411946,49,0.0,0.01789019132532011,1.8310001235764746,-0.65672093403193,800.7343311899814,1190.6043133877388,1069.9311007010506,0.0,0.0,158.0163919226797,57.18162909821485,68.22592956415781,77.6938768930631,75.18513496661909,58.56968972061239,60.52617063117131,68.95540417125096,85.86893025262907,80.22626593158584,71.03852081947484,70.04139514060981,58.336624944690314,84.69292221500973,94.7482980381553,87.54621388053133,28.275723531489746
394,3013.739941679109,1189.7426723705366,0.5201352955413017,-0.39783656655960997,-0.05531445455363287,49,0.0,0.01212279682780681,1.336735787511623,-0.3151139381903633,3013.739941679109,1189.7426723705366,1237.0862553702614,172.30983813629643,1004.7499383761036,156.31515959262822,57.17808122604899,40.068024893791566,49.63987881739584,58.65543763812646,48.594756476696666,74.94406898743853,73.31272554978062,107.45747629691732,93.01499791234326,123.31828677609586,111.1210336197918,68.0815784026436,103.85457585650025,114.05567994152031,140.20239851763392,30.765335683585498
395,901.6401968153687,1192.7614476366634,0.7541831189207724,0.139292472660725,0.025201745089185587,49,0.0,0.010989331618782894,1.150268121368096,-0.15199770970662718,901.6401968153687,1192.7614476366634,933.5478864242746,0.0,0.0,157.93883470835144,57.18288309628668,57.60189255194592,66.94398124066643,69.36272489090847,63.29172356398374,74.78688687569502,65.67693115683727,56.522639920101724,59.046255396710784,58.88762227033001,58.77409844275675,66.78745204198002,63.44930923933006,72.35793341982179,78.71236482722753,21.34607058597902
396,2393.123488440093,1193.3124880443459,0.5847737136437258,0.13307971140783484,-0.160820893669687,49,0.0,0.034145295775920834,4.513653469000621,-1.6363205337984232,2393.123488440093,1193.3124880443459,1456.7782404227207,0.0,0.0,156.7921637244814,57.18278414736922,106.3772995888306,120.86195336258794,119.99038655436587,101.46847688511818,91.19006573938576,90.39362785646642,96.07166843989438,90.32367888974773,96.89532709557744,104.0297244642093,80.87641105413832,108.96444513021757,90.82146960382252,117.07342191187661,41.44028384648213
397,1566.0391947384683,1195.0553088589093,0.5195570523489624,0.24097634656665354,-0.12402808000064286,49,0.0,0.007128207704815938,1.0006343932705275,-0.0006885653543387851,1566.0391947384683,1195.0553088589093,706.3959653545232,0.0,0.0,157.42803733323902,57.18498350525425,58.15520035005775,69.01753370696565,51.79001271926789,36.31120556629771,45.28662985145307,37.32737536968406,56.31196048953137,36.586031390606735,44.86217758732755,53.60106631336651,51.34045351559155,42.29726393349862,51.23704887325991,62.212958493642354,10.059047193972546
398,2417.7904712228533,1195.1554998120155,0.5177797033640132,-0.17484374121159643,-0.14809255979575273,49,0.0,0.0372680932115635,5.337703386310505,-1.8183860914501404,2417.7904712228533,1195.1554998120155,2133.1355261500826,0.0,0.0,156.7731878730297,57.18345872395981,140.20820562692143,129.03847423814636,147.85945539807614,154.3882839804233,149.82000506359668,145.69545226857755,151.9307385214484,140.2226341858194,121.63251990333657,136.5078902498135,159.63274051651763,136.38827098229052,184.85536047345786,182.4372477467155,52.51824699494159
399,2985.3523390936284,1195.0648078266554,0.47851768844080556,0.9449015045172531,-0.17980294123219004,49,0.0,0.045074104677119683,3.334676616770627,-1.307634310502742,2985.3523390936284,1195.0648078266554,5576.101300805701,234.14076523979736,5190.330438793477,156.33691256432382,57.180484935586136,387.1740416962857,384.67197453012784,382.17608289204566,364.6597420056388,359.66489937698293,415.9945548467578,419.12798726434846,418.9857580703791,391.0209890101941,389.88691187247116,374.912144174266,412.1601979258542,409.33670736526796,438.8535579394495,27.475751835632053
400,549.9903452057632,1198.1201532957239,0.398266793798984,0.5490582008356436,-0.1489556740967856,49,0.0,0.015140335648500492,1.9454262897027623,-0.7225369511470217,549.9903452057632,1198.1201532957239,1267.9832148634928,0.0,0.0,158.20920689697442,57.18367052637623,68.62472351113222,88.95525369254469,92.1286934870777,99.74085200858336,78.01240850326741,104.04931478515599,75.23811860030136,89.5866722604662,74.26255810117573,92.06696767574743,107.02933457548822,84.6630484808941,94.40950704710849,90.64599421823942,28.56976791631036
401,1678.2821665934518,1198.4493624902625,0.7068951409242927,0.37137063251830793,0.008985565717208347,49,0.0,0.08470363579894034,10.964941592341425,-2.600015806588487,1678.2821665934518,1198.4493624902625,2168.27684227533,0.0,0.0,157.34173639892532,57.18638625675718,129.5828330368932,164.50994318995293,139.96636397646063,153.40780784857236,164.14149134114842,144.18779538453498,129.92652570215668,143.50822338024383,165.8902609123237,151.79913189949292,160.3868142408258,152.47974444561362,132.34579560203719,178.29866432885183,57.84544698622188
402,2987.4205275505296,1195.9955811637653,0.6041303853133648,0.5180360188163757,-0.10143131601704951,49,0.0,0.04081631319724962,2.408919225354798,-0.954555594256107,2987.4205275505296,1195.9955811637653,5521.111214812037,214.56292152963377,5123.376177517377,156.33531176429912,57.18085922211157,379.6187891467207,383.6048970253637,365.3631027938808,354.7150229828496,345.9170005158212,420.93666589310214,411.50139347483196,413.8485363987811,381.4067357179017,395.02444413635874,369.8840199916758,409.0912535515817,410.95939997938035,446.9882051512169,32.25174805257028
403,2126.9785424525517,1198.6080782552353,0.9753571260108231,-0.037874629587077366,-0.07265475907853378,49,0.0,0.01944257764956113,1.6686899244364783,-0.5559391091980245,2126.9785424525517,1198.6080782552353,1041.3653212037825,0.0,0.0,156.99674632699492,57.18581534177439,67.12961376822851,72.71177683815355,67.1929475197797,71.07362886065849,74.05128814758953,77.25923363527089,72.55332233553489,77.08874878354334,58.15086729501785,97.43474948668879,66.69971893084352,63.31160370188283,73.21114560516651,81.68165165647241,21.815024638951982
404,2088.8387229006594,1201.9688382001148,0.7675352585603309,0.09850287665146375,-0.2074799093424421,49,0.0,0.01722464048511842,1.7264294550038441,-0.5928720924963421,2088.8387229006594,1201.9688382001148,1203.2221918953421,0.0,0.0,157.0260559082235,57.18730655602273,88.11476820449339,89.77823687741929,78.13845155849924,77.38369738892362,76.65519339999582,96.57021146574527,67.14793414103157,79.65175979008545,71.41117552100471,92.03646793463193,90.18309792437421,86.82521056192778,97.39907523951757,86.86151352607618,25.06539836161596
405,915.3581360122522,1203.3841258731045,0.7141297981810716,0.30723582360499896,-0.12386074998359002,49,0.0,0.011692864224687065,1.3414450150141435,-0.3189321897890992,915.3581360122522,1203.3841258731045,831.0786425941485,0.0,0.0,157.928351999513,57.18735358909349,60.84381458300056,58.32286853848939,57.47539706248425,72.781716534093,59.516952257695145,60.638285613608424,53.424112713326686,67.96915171023304,44.94831707854005,47.416178588198,45.4593872937033,55.3342063488773,66.15014084432103,66.42396702676206,14.374146400816318
406,1818.376752861533,1203.557099927735,0.8481364153429293,0.02540594568906106,-0.19188685329830332,49,0.0,0.014991248767650362,1.4874067011493626,-0.43107433441025267,1818.376752861533,1203.557099927735,956.3256019246805,0.0,0.0,157.23401051384056,57.188417131340756,68.19520488818546,68.04562992812183,68.62057340935786,66.72433552421656,64.24547759528043,65.64311881381897,63.55794475276837,76.81455158962538,68.92715109293478,61.584924934531834,58.11695689219535,73.21494795218717,50.75882964799719,76.74852055494287,25.127434348516566
407,2750.953256475953,1204.3357906032616,0.8145503374314332,0.5414178955648482,0.06505825172628632,49,0.0,0.0578923921045879,6.245198647985431,-1.9888656425447329,2750.953256475953,1204.3357906032616,1972.7253581714976,0.0,0.0,156.51698675910473,57.18574328072605,132.31299000903536,146.31111132391305,141.27979605521483,156.33673012934133,148.0727519704146,127.42238187403304,126.54326020944451,125.51157283775505,134.92020695455182,144.2122228262233,117.6397624342791,145.43789197600398,133.68583807257352,151.35347432338563,41.68536717532841
408,2237.941131579264,1204.3250125511422,0.2714328488990634,0.2810556981361914,0.03707273905997746,49,0.0,0.01292586250284158,2.6584735411631986,-1.061580855734951,2237.941131579264,1204.3250125511422,1132.575553413907,0.0,0.0,156.91140222555816,57.187893844573466,70.27389390438137,97.28296008744552,65.50814581234609,80.73922331271322,90.33206191775177,75.80606914744982,92.58395751266718,83.5013761516683,72.75853083959518,71.54971450486431,65.86082887189536,74.40146236185174,78.97559977885962,89.33761206918356,23.66411714123415
409,2642.464627730987,1204.748808002326,0.4448295929055396,0.43920148408410215,0.15386029557527217,49,0.0,0.010113366973903816,1.3500846238957072,-0.3259024777914276,2642.464627730987,1204.748808002326,972.6526845931729,0.0,0.0,156.60038581800683,57.18647417725834,67.05320385465076,67.34814053508893,70.88110206335676,64.927522501586,54.67092017187501,66.40967145789114,76.46221114656011,77.1652821558369,56.428849006241336,57.83123187261275,57.39398961815389,84.0691512149777,85.50408757285933,69.68177833508253,16.825543086399676
410,2762.2079274319926,1207.3254454354137,0.5031777770740213,-0.6835434245676187,0.3215225055973587,49,0.0,0.01847852581523477,1.7184435602565062,-0.5878381823648436,2762.2079274319926,1207.3254454354137,1684.48039478692,0.0,0.0,156.50830454265167,57.18692767032801,120.4283105454442,109.60187895469824,91.4438892465576,144.90280255390581,115.18513691956367,117.732138304765,127.58210235767888,105.21089191157205,128.8765598476931,137.44590402540985,97.8467575793217,121.90050500130891,115.67348039579267,110.47910522218109,40.170931921027204
411,1930.8141689534532,1209.772673774402,0.77057908755042,0.09233010811487764,-0.3873580904444674,49,0.0,0.010772875749988966,1.0524011709320515,-0.05545330655641195,1930.8141689534532,1209.772673774402,862.801050130769,0.0,0.0,157.1475373905305,57.190862071567366,63.64181521462774,57.90240587141281,62.00797243677417,48.76296930446746,56.95239925188289,59.67333882954947,61.77420694588213,52.08906409882981,65.29785816152508,45.53063691178811,63.037543441406925,60.562744505294724,70.6687112207861,75.10465873062432,19.794725205917153
412,852.8872613685977,1217.9560984463967,0.7741669468408241,0.3143310132507657,-0.2644087224226197,49,0.0,0.014535753334093113,1.4877390437729356,-0.4313169016329942,852.8872613685977,1217.9560984463967,917.7757861949397,0.0,0.0,157.97647784044847,57.19321458231119,54.8117491665031,68.23824484019497,69.92702691358893,69.19303651476685,62.326413217310545,50.26978636515697,68.02541876256095,38.96354574504946,67.64345739856722,71.22410753392724,69.44577034428931,67.97652351356584,75.8631551700622,66.15270186380252,17.71484884559362
413,882.0368418513779,1217.4807718968648,0.5294821027146187,0.3558922038371499,-0.047071915095598195,49,0.0,0.18554203759426674,29.24498173990378,-3.665128386332341,882.0368418513779,1217.4807718968648,4914.090866284296,0.0,0.0,157.95405941682577,57.193116977074325,328.2941296765306,342.59586946066963,369.00825061492503,340.09680294436066,360.0473477497999,342.9002147095657,340.40424221058527,329.6929783011529,341.9330652750147,344.7735671185373,337.0063267175701,328.24793739792653,332.79191426801293,362.60680841614646,113.69141142349858
414,1601.7982787629635,1218.4826606459098,0.9127171330067544,0.2249061253582575,0.001836541735614293,49,0.0,0.017990657418497907,1.811892098702413,-0.6453308278146935,1601.7982787629635,1218.4826606459098,906.6774891853236,0.0,0.0,157.4005434902492,57.1947476079769,50.18469175500341,60.41565677299166,58.279084119373,53.96475059387344,63.86351209079814,62.969738117851094,60.42245409871731,79.63761179233475,63.947937813691915,70.55176213553474,70.51140140747201,70.54728468117186,63.68118021170545,62.58478871266499,15.115634882139762
415,2507.2782108783395,1217.8412010357024,0.5941382316898429,0.47690653574379815,-0.3965570661382203,49,0.0,0.01004057155838678,1.104757982269393,-0.10816787044445259,2507.2782108783395,1217.8412010357024,982.4757222166638,0.0,0.0,156.70421511057998,57.19254786816557,55.86547424211486,78.1626378753531,62.05180791057907,48.14723266468982,70.167663968599,80.63201180167852,77.74344826192049,72.60305745515821,76.90355075793852,63.02366479002354,60.97377084004468,81.94996419647546,65.218112309904,72.53380006972058,16.499525072464017
416,2701.3581580482705,1217.9109857783417,0.41605427319683214,0.7320376411754234,0.6808186555291016,49,0.0,0.010137921118727211,1.1371252135504226,-0.13952072319673273,2701.3581580482705,1217.9109857783417,1082.0279454839817,0.0,0.0,156.5549836902904,57.19166127184345,73.91162171927073,74.15777436213185,81.38894541554939,68.64537813468984,85.60936312153815,83.45463087220344,70.08623215759306,76.19975220705757,76.41927175494313,64.31579127097541,72.56999308944847,70.04171188186854,71.52927183716427,103.69538615593754,10.002821503610463
417,502.3024154150443,1222.9213843621467,0.24035413702898334,-0.0371466667393042,-0.8093812575101405,49,0.0,0.010381291693372865,1.3785798838386734,-0.34857984250843127,502.3024154150443,1222.9213843621467,1158.8825711241552,0.0,0.0,158.24610233548526,57.1937624436845,91.7923090731122,101.10265920211475,81.18488893016061,91.97548829696072,88.45450252922042,77.62101287736334,94.14822146158046,69.45901595011705,71.14577749337624,76.72392577144144,71.83684279007554,76.24874911491978,73.04093675573104,75.53741032585673,18.610830552125122
418,2160.6230898888434,1222.7465557778114,0.5780787745420228,-0.15147719057884115,-0.18331179630576513,49,0.0,0.011515369818023966,1.3846790073404993,-0.35337277014774854,2160.6230898888434,1222.7465557778114,945.9704374020644,0.0,0.0,156.97076136446606,57.1957867796755,65.7535398033345,67.92895413888546,66.8807662760895,73.97996421194088,52.50786492968852,68.26761330420396,52.8902617137842,71.48657246184104,55.05541671263754,61.61884865773265,64.85980001954302,86.2420762163396,76.22086691145132,63.72228387399593,18.5556081705962
419,1370.6568353291289,1226.6330073246622,0.7206425751164844,-0.22260512344459743,-0.4016617936698056,49,0.0,0.01274793292373309,1.3761754891545201,-0.34668454607113897,1370.6568353291289,1226.6330073246622,842.0077223974636,0.0,0.0,157.57832071703587,57.19801938195726,58.35645503951128,58.334370408431035,50.01383331969771,62.09070151570794,64.73030319985699,50.32183434304013,60.12893415446189,62.94021857555832,59.54266731503088,51.328801955631604,61.524196297856804,61.61730154442963,56.9838803438156,67.12437275697977,16.969851627453963
420,651.2120672291267,1229.2199901489707,0.3359259161889814,0.14622263595531093,-0.20296881429642347,49,0.0,0.017031125427895075,2.768587063185778,-1.105645463079006,651.2120672291267,1229.2199901489707,1288.003401612686,0.0,0.0,158.13164985310001,57.197103185413766,94.87336933909786,85.94768234652256,108.28423850354227,81.0442401360485,84.33051747423994,84.1052782246922,91.46368571989447,84.9391817552706,86.52429659806683,84.16615341851143,101.44020959000761,96.82649125384651,99.27240101124377,76.93008989868333,27.855566343018108
421,929.0808046702199,1229.3820818033814,0.7077154370641334,0.3684582668864144,-0.13991057030998252,49,0.0,0.0483385237821084,6.084591632832434,-1.9605785897106882,929.0808046702199,1229.3820818033814,1453.2891503263786,0.0,0.0,157.9179528305013,57.198229285846985,91.21186801716952,121.56162403661412,74.98290466378407,96.61184728351174,103.28461877429999,115.31343762272448,96.269855370103,105.4469726102671,120.42361192379973,107.6311732832236,86.54817165078313,97.56752981261283,112.50162304264377,96.98187647181112,26.952035763030473
422,2246.3879851363304,1228.7889408807941,0.5712788555332617,0.23277651852837297,-0.10363110595355919,49,0.0,0.40115268723537084,60.676001911207415,-4.4575423908542335,2246.3879851363304,1228.7889408807941,9098.019986267569,0.0,0.0,156.9047702888227,57.19806121332783,579.7328519907651,661.6293386519708,660.5775446246079,634.4205482378743,610.6506445914031,625.3209830164352,662.6011843513271,607.588562444367,634.6287902143008,669.5657022336643,641.75911524566,637.8307163016971,642.0876362277318,656.286104502366,173.3402636333962
423,1406.5661974491102,1230.894672501496,0.23462523609320163,-0.02645422010348038,0.43592553422499386,49,0.0,0.005741150207818776,1.0386702969354378,-0.04119428047817171,1406.5661974491102,1230.894672501496,780.2653299129043,0.0,0.0,157.55070914918213,57.19983082848324,49.79370281375848,37.555293339012735,76.19054572961615,45.612616819361236,46.769972552785134,47.477322590728335,51.704626599161315,54.407998377506615,61.283730555735005,51.70364204434997,61.096188375716366,57.62044065015867,63.677717064824876,63.709447774468146,11.66208462572129
424,1236.6343160509903,1238.3850613270045,0.5630445540643652,0.14293150110466527,-0.09455523532049444,49,0.0,0.30015431107980606,45.378170415876404,-4.142117454395267,1236.6343160509903,1238.3850613270045,7042.824514848406,0.0,0.0,157.6814370074838,57.20272893381352,426.8332389416323,461.45859409990004,498.47628645977215,484.3066002383951,491.62222447339866,495.4170788156177,517.7635127713678,494.3650958250771,535.7192887673446,477.9758459462323,516.9339573844361,511.9222107262309,490.8997578780262,506.7804285021324,132.3503940188438
425,1147.428821393591,1239.3200977944934,0.7668800104025176,0.34202254306195196,-0.06522034341899428,49,0.0,0.028804635979726264,3.252156031776618,-1.2804284349511237,1147.428821393591,1239.3200977944934,1166.6687118751681,0.0,0.0,157.7500583803994,57.20294718634738,85.94291635641258,76.08878743449017,77.30321155621608,81.8974204236176,84.29283163341609,82.98390562700278,68.91655712043902,85.32819393817361,74.5798964811338,79.00354427143697,76.37567186300252,73.77576811238977,95.68509685810201,103.59444906731738,20.90046113201765
426,2546.237265426159,1242.4182162523239,0.5151229653968723,-0.010464667240867821,-0.06442851200740776,49,0.0,0.010700265222295563,1.1700567535016895,-0.17051731918342694,2546.237265426159,1242.4182162523239,1330.0306186166063,0.0,0.0,156.67405607934944,57.20261777889778,93.593133838017,111.88568543640869,91.34697218465874,104.36901843995327,100.26795719535122,87.82953398202409,90.37725056958845,92.62816447362675,85.82352243335504,102.21071329812654,68.70807643435583,98.93329054644525,84.9303981514937,87.66309786299013,29.463803770211697
427,1005.6942551027339,1242.202082565591,0.4096965131600971,0.7054618983750155,-0.04878634199160279,49,0.0,0.009763072066906067,1.1390458285357323,-0.14135299474512836,1005.6942551027339,1242.202082565591,1163.6410923246212,0.0,0.0,157.85909583911038,57.20379878268855,73.1230432987344,69.18986740017483,83.2820383250763,75.77928699076068,85.72720796975142,95.56465068200023,89.43531114584303,68.5635233960293,72.71054049656769,87.56043433190648,81.21996263449219,80.11475081435832,99.8163783783571,84.30101610185169,17.253080358717646
428,624.7069314633774,1244.4642698090602,0.4329675989005827,0.34610498691544445,-0.301923801085344,49,0.0,0.008144367986549342,1.064233734419475,-0.0675925530288557,624.7069314633774,1244.4642698090602,876.0030214344243,0.0,0.0,158.15216227494236,57.20333444536328,66.22902535326071,60.678844235362426,54.65944985856517,65.13864011603505,54.58590682977112,54.19876091949282,60.51766563207589,53.32166152995356,63.753286025342895,62.06155117434024,62.934242800525055,64.28314262745994,62.220469335574805,74.4496942653156,16.970680731348992
429,1290.9276146899963,1245.294252068005,0.3289470616419655,0.23189265098661094,-0.27944777619092653,49,0.0,0.0070952177536960925,1.1452820798923733,-0.14728116353050458,1290.9276146899963,1245.294252068005,833.1307287155053,0.0,0.0,157.63969229662825,57.20569368265788,46.7068242536543,58.926598050257695,59.13962597077796,60.910203938001835,51.30658018117181,61.17313949343166,38.849461416374936,52.02686054280596,61.91928287173445,56.19501104088265,63.264965589687776,58.96783768742186,71.98375729864165,75.2139686603409,16.546611720319884
430,1737.4165885536388,1248.428213816558,0.5008428256592412,0.3003966279535753,-0.03923193820759227,49,0.0,0.026558324254054338,4.092579980327729,-1.5299929387045,1737.4165885536388,1248.428213816558,1364.7779047887047,0.0,0.0,157.29620942119286,57.20718075488454,87.24477629425792,114.17735352311263,67.51098520594098,99.76850798022662,85.61610667694622,97.68990452443393,88.21660316394531,79.5486422796653,99.96966596609201,111.1967961584516,111.98301505671144,96.89459312347353,103.13938696307811,99.39914894151441,22.42241893085493
431,553.0337055146585,1248.7824934977452,0.7289649317630353,0.1755549482110334,-0.43399091531208694,49,0.0,0.01504341839553331,1.5686656958915786,-0.48882599838883184,553.0337055146585,1248.7824934977452,1007.3056318577972,0.0,0.0,158.2073285932324,57.20479258410044,71.10803461172273,74.53864133570266,78.1764505873301,80.40432344138611,67.86089551900801,78.296006430463,81.41891542510038,55.80402992012039,63.168132355820454,51.72965411053586,71.16167323501548,64.4757747942429,80.58237207051857,67.86604397754519,20.714684043285263
432,1348.452949241206,1250.4343260556177,0.5842090304354494,0.413180979336431,-0.12875040167445853,49,0.0,0.17049470975109643,24.96353528358408,-3.493265223101945,1348.452949241206,1250.4343260556177,4371.561954559964,0.0,0.0,157.59545038576857,57.20791132052945,267.0027101468587,330.7101378757852,271.61625213380165,288.27252797736105,351.7135148773575,295.3783792723002,285.0398657603304,281.55031378596925,315.09623418737283,310.18462746553655,299.1352457287808,335.06393490051335,344.26792903757337,306.8575442567578,89.67273715366555
433,2076.043613588768,1250.0954306620388,0.7988141383459355,0.254743050989524,-0.08884993925351077,49,0.0,0.03604119469505871,4.2594074461138955,-1.573372964433759,2076.043613588768,1250.0954306620388,1194.3265784981795,0.0,0.0,157.03569490654644,57.20738772314272,76.12512786572138,76.98459131976512,94.0233095081982,75.83026456821568,85.94019404029322,92.87401503802553,84.01097045180249,85.65882362436241,72.06585222482849,87.97376500054888,80.98350033046134,69.41028667884416,94.79340089375265,95.30536747315145,22.34710948020843
434,2148.9746825766415,1250.0276184007573,0.5731624113008668,0.12640647400966126,-0.02177717074504532,49,0.0,0.026023647985187685,3.539719245252117,-1.3724220427246903,2148.9746825766415,1250.0276184007573,1272.9079813948824,0.0,0.0,156.97958951403845,57.20718385279526,77.78771078911544,91.58571919003786,94.95752278335283,77.28390433751679,93.01672431695874,73.61160128509215,97.4524856803359,79.2452214471727,88.61239000361397,88.12893578253929,101.74647607934862,105.55926125457053,68.12886292481458,107.37173717535445,28.4194283450586
435,2545.4663035636313,1249.597668089462,0.5231900077197807,0.14068684740501902,-0.23404673037370693,49,0.0,0.017229320467532235,2.2471833336328393,-0.8790962630873418,2545.4663035636313,1249.597668089462,1385.13504551201,0.0,0.0,156.67459006314942,57.20561238291634,95.34282024529426,106.4063958774488,100.10581548928704,98.06183704988165,95.3853680026013,108.37856018428455,89.0708053544064,93.7723222779214,96.65202967278479,106.38258040963039,88.89359625460187,101.39669096920441,87.57310784197009,89.32684312693542,28.38627275575753
436,1493.7429979738695,1251.9895161116242,0.4239184408874159,0.5505044326002323,-0.07941054890784578,49,0.0,0.007897911080338832,1.0057131746468564,-0.0061853483469677065,1493.7429979738695,1251.9895161116242,903.218028361549,0.0,0.0,157.48367546894642,57.20868190120364,74.79357913239001,56.15100892110188,58.24208667434901,62.824435101929794,62.18570949120972,58.86071595550314,62.29361465975763,68.1554972785654,63.967462272773936,60.750263376726096,53.61506482663788,60.122367364449865,75.52773434345889,69.56900857731547,16.15948038538037
437,1917.6324795553153,1252.4408998132544,0.48374831129810025,-0.21849771180840383,0.07961426024198723,49,0.0,0.009408149760815037,1.3008516727055583,-0.2855694493249682,1917.6324795553153,1252.4408998132544,876.5769758395222,0.0,0.0,157.15755605679666,57.208660265347596,69.19127772980704,54.184680033472446,50.69095626232611,55.88726681686898,56.81712054488702,60.7651641016953,55.89709456468625,68.43865978261282,75.66509565962272,58.857900707598745,60.34801184521807,61.08043934934226,69.80464700586363,57.901181153120895,21.047480282400038
438,2408.8102619142855,1258.8813275556197,0.5457080373602073,0.04688526884809416,-0.3326086077435855,49,0.0,0.011681591327228381,1.6306597090495443,-0.5309083515565222,2408.8102619142855,1258.8813275556197,883.0287855106588,0.0,0.0,156.7796437859565,57.21004368458107,53.97456518471375,64.59712821234501,63.42907024463666,51.97267027127364,56.88015336436301,52.93503911437892,61.70199048804572,65.23942357626854,57.783351978747866,59.086262821957256,68.06418264669733,79.82491904286385,66.94632432243003,62.18485111739257,18.40885312454468
439,602.0642392234982,1265.637750425037,0.6819636282112689,0.44777824979903547,0.06169548635581187,49,0.0,0.01642940331786911,1.9240735216202096,-0.7105541575911584,602.0642392234982,1265.637750425037,1018.0836962314243,0.0,0.0,158.16976177687582,57.21205078257053,83.75566881204392,57.19657277346812,69.33210171767863,74.94780885702974,70.08624617964637,65.15096389707679,66.04166844449468,64.85337726679032,57.20286615775908,63.18202930556686,93.02108286555202,89.39901649249789,79.252465944883,68.78039462816218,15.881432888774835
440,617.1575733398181,1268.7637937074498,0.2442824397427227,-0.2583343284828485,-0.10504142317830069,49,0.0,0.010287927178944774,1.5375691530027125,-0.4670866437887253,617.1575733398181,1268.7637937074498,1119.2757375359056,0.0,0.0,158.15817671656615,57.21342352651157,80.07979468243671,74.44414356302471,58.919306771241935,77.12411584621891,77.57305484190016,82.84308409706588,89.81852556205538,77.80520527926271,74.34381582995509,68.85899399613857,85.42657758037149,84.94741163052116,73.75562675183886,95.70321165135537,17.632869452518836
441,2289.213699863496,1272.0485153611269,0.6223649489616386,0.23977484125187112,-0.12514235276514396,49,0.0,1.4904180296368545,213.95276727098903,-5.825794770082694,2289.213699863496,1272.0485153611269,30561.38414807465,0.0,0.0,156.8715744475023,57.21595079552698,1945.1442046398806,2151.609767233035,2176.800239237173,2174.6863327795786,2080.893678218984,2193.5983365451557,2180.2647518301324,2082.6566709608205,2048.9808645822836,2183.057455368026,2103.5674832158365,2214.027418921024,2206.1177027541244,2210.781786546579,609.197455242016
442,474.37325408734637,1274.931027164978,0.2880207815973867,0.42040708391595727,-0.30863794262134764,49,0.0,0.03649703411062857,6.429456252557642,-2.0204356140760718,474.37325408734637,1274.931027164978,2613.1567142800604,0.0,0.0,158.2680871299377,57.2152845042419,176.1914677525313,182.79683521774746,183.18582016936165,178.58638589007876,179.12382128613967,185.77802375285043,176.88255347217194,191.50991098688127,189.26425387833177,187.08308419543738,190.69757571987876,177.69930597931395,167.27711370091492,201.88502188965901,45.19554038876237
443,2270.886519941534,1275.2450127952648,0.6179397968947771,0.24058345872906833,-0.07225003011822807,49,0.0,0.1608253902098289,23.244622255126554,-3.4158062323047456,2270.886519941534,1275.2450127952648,3947.3797148533513,0.0,0.0,156.88565785351855,57.21734119893643,246.80861148027972,272.2379949347627,272.4795051390621,256.6910281640322,290.74770681324514,276.2429786557693,287.98169543355215,259.318114737147,272.71475412731115,274.50836967571684,299.2330621031501,284.99824953035653,290.4246385157911,295.87184796856474,67.12115757461088
444,2413.1423814883474,1274.8505604100349,0.558427438375556,0.4498325399513109,-0.19668360459619755,49,0.0,0.009328705452254215,1.2480588561185473,-0.24058766585960284,2413.1423814883474,1274.8505604100349,794.9281728520639,0.0,0.0,156.77619809319742,57.21668058134284,56.33943446302249,59.48146524631981,56.193610019195,55.784778804680045,32.04499558259417,60.63893050771607,71.70849470062015,57.26651053788973,55.51713390524366,40.28016031951568,54.93639995101815,67.14299135340308,54.22086729774203,55.87876357938997,17.493636583713858
445,605.0029427711568,1282.559068454234,0.7940047785833678,0.2804140212425073,-0.09037596822538001,49,0.0,0.03192472038574999,3.418453834904908,-1.3345742981786795,605.0029427711568,1282.559068454234,1298.454536763225,0.0,0.0,158.1676475149883,57.219114441282436,83.3545005114708,103.86466578869661,82.03582923497834,101.24469433986516,92.72512273367064,102.12212492376045,87.7453373549744,68.79109379980379,90.87310142285496,88.29734179374704,91.60861335764055,99.666852448547,73.97101525230194,105.2264399416224,26.927803859290876
446,3012.1275171663683,1283.833626638375,0.5639778785157897,0.8099715286761459,0.39182542383936503,49,0.0,0.012097863523629182,1.0377423014328493,-0.04022380054283714,3012.1275171663683,1283.833626638375,1258.5374116857079,5.898037572376226,1146.4427818799677,156.31524425018,57.21728915686036,101.06414169969173,93.20451630907732,106.31925753805317,83.79383683192455,79.47485629523547,81.64217099305435,81.54509281631104,104.20334294845811,80.26169774549766,76.75171192521748,86.7960191308884,89.42187584165613,75.92931942251883,99.37633275669099,18.753239431432725
447,807.7683772910453,1284.3211008829085,0.6375599289651159,0.11570143483387442,-0.1465846055250824,49,0.0,0.02060930243202725,2.4780144325906406,-0.9852595787242253,807.7683772910453,1284.3211008829085,1095.376289879238,0.0,0.0,158.01163059586173,57.22070158364861,85.46414709429538,70.76207572227939,68.21093616109707,87.60462013371539,82.57883836024786,82.80835774836538,71.7759602738506,74.87818072223108,74.01378353679092,50.17118670337602,69.80620734886595,79.5147252789197,84.2416864113912,83.21344327685631,30.332141106955778
448,2989.214101158754,1284.3620153153136,0.5383318568666529,0.6091063549036317,-0.20738425524576712,49,0.0,0.32918354010638123,45.04151421317314,-4.134032455683463,2989.214101158754,1284.3620153153136,11308.278167326484,0.0,10128.10929503115,156.33286643239063,57.217660208800595,709.2452563539823,836.5247257548001,789.5680792360167,784.434989294368,809.1631610706744,778.3893159039093,796.8468733590701,769.8486111899081,816.8853359713976,817.7293585304307,758.5662520360349,761.3009009776915,832.6700537923282,818.3645368511776,228.74071700469284
449,1290.8399662519648,1284.503610582485,0.352204558901635,0.10062309209603446,-0.14090763432489897,49,0.0,0.009955807255071777,1.559629639002295,-0.4825536996779756,1290.8399662519648,1284.503610582485,913.3056249108535,0.0,0.0,157.63986536609738,57.222030548751064,61.28652231969813,58.66220388125648,78.0052316286596,63.23696701064045,51.2133446784474,60.273440627166714,59.30549559524538,67.6932214997534,64.28790611351873,58.637045993015725,69.49710685059338,79.59512477928529,64.6632545292145,56.54486829499923,20.403891109359073
450,681.8781346447128,1285.5527659118263,0.5912361456003498,-0.0211268599452277,-0.08922101959881969,49,0.0,0.023719418743145218,3.3356018763472006,-1.3079355236615522,681.8781346447128,1285.5527659118263,1103.2975622485983,0.0,0.0,158.10851679496162,57.22070787950442,83.3736172971843,76.7303469111451,64.33637163609228,69.47111800870084,65.02684824218025,69.67558280865309,93.75338750387711,69.84967382361549,65.95562988674817,70.6602687872696,55.22618965867439,90.03592544869852,97.07100315848534,100.6647590309633,31.46684004631049
451,958.5642583129741,1285.9057222930294,0.2039498085626513,0.31388487958365435,-0.09051016641700121,49,0.0,0.008346138604044475,1.7859862562793871,-0.629695281335142,958.5642583129741,1285.9057222930294,888.5154915126593,0.0,0.0,157.89559291242975,57.22187080181494,59.340596761730026,59.67310472394747,52.54266333371325,69.65491516700598,71.33401302056903,61.475520968317454,53.29568888554944,61.617548038729424,53.50549625362537,63.943646533313306,63.551685787646264,54.76622297873737,82.73398918358924,65.4049214946213,15.675478381564497
452,306.5912956951346,1286.668653054468,0.7113518093870264,0.9670266809425647,-0.6419162342500068,49,0.0,0.06488223513191003,6.805597654159479,-2.082165675246724,306.5912956951346,1286.668653054468,3846.6785977597374,0.0,2840.2750599967835,158.3973018057018,57.219219403111715,274.6579806155984,261.6960131950492,260.4656600830987,283.1943317352802,291.8921540563549,296.64678617239554,267.1718868073699,249.3741820630866,238.55822140365686,248.12588281566843,279.7247687753773,256.0236481607898,289.6975076951421,278.34889587115856,71.10067830971087
453,706.564839879339,1287.5460006761225,0.5605612249902722,0.4353064419935996,0.009681591247819258,49,0.0,0.012248127057469001,1.5199912840642822,-0.4546027440500241,706.564839879339,1287.5460006761225,893.237587659366,0.0,0.0,158.08953517406223,57.221643601189065,70.33258373358936,61.443656724309676,66.39888429992394,55.14990542805988,52.81204458987001,65.2226982229952,70.03447860314462,61.60095083406386,61.35664235988812,69.46650272414024,62.51071252396668,60.71123827075879,67.57002334170488,56.21825095129506,12.409015051655729
454,1317.573133663263,1288.042751637367,0.6897516941404114,0.09960789453007282,-0.0327506630661079,49,0.0,0.024370929404872697,3.0771805158775454,-1.2203824347606476,1317.573133663263,1288.042751637367,1069.164822718864,0.0,0.0,157.6192996624069,57.22354244570052,94.67618467147372,87.01760598350108,78.6929315919351,57.83153866168286,64.34055227282981,81.84099486615196,77.91573259052674,68.58980081221466,65.48966916419674,66.74401606447587,70.56330699361818,78.4710493215382,65.45762779089638,76.22457592426564,35.30923600955683
455,1457.0801420073362,1289.2541091895505,0.5043462096771446,-0.47955958082978317,-0.4488555592049729,49,0.0,0.013674566069557463,1.6253062761166364,-0.5273380309701341,1457.0801420073362,1289.2541091895505,1342.1901413476717,0.0,0.0,157.5119284939671,57.22418712686276,100.09847936533302,92.55386711160565,102.27459649534003,85.7451363168411,80.8505726718089,95.84895979936573,100.66245695587679,82.72926155439201,88.7496005134733,87.93984722868166,77.28131768657948,87.16013222233885,105.60921083356799,113.26494044602904,41.421762146438
456,2371.7380292316257,1289.6387823940424,0.8181312504857308,0.5685184719973504,-0.037169427958039986,49,0.0,0.024695988496920313,2.6553128957064396,-1.060289261634109,2371.7380292316257,1289.6387823940424,1122.1517440431735,0.0,0.0,156.80795792723873,57.22299623931213,72.18499017999235,99.32053692697122,84.19567470752386,82.64823251775331,90.40378701924764,75.4515221558899,96.6695125190725,84.44169304955963,70.52383114470804,59.71324603110645,64.81353794220968,71.99190624886967,73.2228715792915,74.02392974053728,22.546472280440163
457,2527.4109366659213,1290.4851488242475,0.502507382911224,0.07634570923889304,0.34535474919875075,49,0.0,0.012194513227192076,1.1919286815140873,-0.1906256759444677,2527.4109366659213,1290.4851488242475,1687.8289233652565,0.0,0.0,156.688148653219,57.222726878813056,91.46678621442882,124.79177819365307,111.28217933557463,112.1931934047048,116.7531055955003,120.11899554403021,142.95630041831052,114.33643404485808,98.6950645847981,142.3900887277989,119.60529686268352,115.46504047314916,117.22640096716006,127.82679020798665,32.721468790619916
458,1226.9567251996737,1294.3053794662628,0.7475671175471854,0.4767153137161973,0.025762524650696856,49,0.0,0.014949761520393833,1.6185840530574134,-0.5228381430832497,1226.9567251996737,1294.3053794662628,919.2399639762159,0.0,0.0,157.68906289789382,57.22601185638554,55.54205532717323,56.82728515100455,70.76715934249951,70.84504148555247,56.96559389372307,55.68327175058164,74.19826070431515,58.994225393646374,60.46962267347314,56.477901883907776,58.57895870826384,78.61530876679262,67.47210560803784,72.1308349960281,25.67233829121654
459,1429.7072209473702,1294.4009227666318,0.21473773368370677,0.2856680928589144,0.0955439015874544,49,0.0,0.007901569697394731,1.5329390078658245,-0.46381218903700727,1429.7072209473702,1294.4009227666318,921.329222677876,0.0,0.0,157.5330043075888,57.226311377659556,62.50772648406344,79.48004482292703,63.88023858504563,64.0181325667759,61.40299664099609,67.01644745694227,58.20680069640466,68.38903710012598,56.470946170289814,63.21982401313108,69.82091152735254,57.949500947656034,65.08156272331084,69.58456654552467,14.300486397330053
460,1451.2141105744242,1294.7111193331164,0.7562731510963384,0.16171566874788004,0.06482545303351428,49,0.0,0.01595430241545868,1.6143586270238703,-0.5200000472112217,1451.2141105744242,1294.7111193331164,1254.2337303785375,0.0,0.0,157.51645050728325,57.22645682482145,89.00208983532275,103.75088533499472,97.61901185106957,75.5629962111589,84.85820157706355,89.97622691563106,101.57466911519356,74.83943474685134,68.43505363247583,91.50251617313245,74.15752085328951,81.64575038234983,82.47064793504387,104.37771147467262,34.46101434028785
461,1669.4136737849099,1296.103793436207,0.6050232882011983,-0.03587515154946474,0.08391311360581384,49,0.0,0.011646649920616784,1.3335501226161612,-0.3125233591508422,1669.4136737849099,1296.103793436207,886.5546001261944,0.0,0.0,157.3484967135678,57.227078372149535,60.270177858216755,60.66025203768426,64.99555108251975,68.18044772619615,47.67328303785021,62.213594295357176,67.07200388570199,48.17704713442018,55.62145539593453,72.90449479815726,72.05759346203675,57.96065651124956,59.97892574126425,61.27510756623663,27.514009593368897
462,551.1119193191098,1296.7790430161072,0.5763914497696365,0.32013537592807245,0.06623406952939809,49,0.0,0.0704096735860779,8.432825519364561,-2.314932786463112,551.1119193191098,1296.7790430161072,3090.1795685621482,0.0,0.0,158.20924501442911,57.22477956778308,209.97576237033388,245.9202624627761,220.60643701765542,229.6809914681623,187.97560404808323,216.87854276409297,237.29610720866265,212.82574969136465,200.8211030839147,217.47973453136694,207.51277484137003,222.203139561173,224.2844514263197,196.23025426129823,60.4886538255743
463,2537.8569400609795,1299.0299811418545,0.5470990758808805,0.17463619357969487,-0.3354847802742638,49,0.0,0.04141400780400405,3.990277499333319,-1.50250774813824,2537.8569400609795,1299.0299811418545,3676.2107298955702,0.0,0.0,156.6800400454493,57.226241106149544,254.07010687523103,256.8156028944833,248.1515297493531,258.45929464768403,244.17272092098096,271.5852376174571,299.5266076397717,214.91442547635376,239.64155563123322,265.3006231568912,261.7653537120805,232.4641283633394,288.17569438929917,267.79809408516303,73.3697547362487
464,255.79092657575146,1301.322742067036,0.665659618088486,0.08667509260274085,-0.7397151222124233,49,0.0,0.009548596201264666,1.259484041160651,-0.2504816723805325,255.79092657575146,1301.322742067036,1013.0366204698294,0.0,388.0587237438054,158.43655967795584,57.22500892617648,152.66618474722708,69.19230963109175,77.47202236560807,96.15897970972695,26.28737200791231,27.724427762812702,29.90121859165309,45.582756530738536,29.058038913558295,45.71306212279294,136.55401340364216,55.0351961429358,51.200206077708565,118.63024804626284,51.86058441615825
465,583.516410579865,1300.6082021687798,0.6636731453996573,0.5826988882641713,-0.25123270189962843,49,0.0,0.012111102204587052,1.3063262520835996,-0.2901291364227278,583.516410579865,1300.6082021687798,937.0179826660055,0.0,0.0,158.1843406713367,57.22653244899226,73.62083324637058,61.180200559152674,52.74135391258816,65.20051878661567,72.03938336462781,67.84301854869949,58.6927998465643,69.97866194969583,56.84483367705087,60.991399358432595,53.90889274782127,79.91629663531253,67.99175386806836,74.23953783888712,21.828498326118314
466,1091.720549561689,1303.334980624764,0.5431959489081858,0.0684335706652183,-0.12895883389006196,49,0.0,0.10518748486829099,16.238296167182863,-3.026351145389383,1091.720549561689,1303.334980624764,2947.6913211082256,0.0,0.0,157.79319307360763,57.22949329768636,161.18098535616727,214.52189744202,218.2396064509124,198.33023247509857,208.23097320192346,203.77218554494135,232.7634783979729,199.85129006807355,186.84829753869536,218.82747246182169,192.06295668768195,200.59475892317482,220.0001483527246,236.15526411936128,56.31177408765643
467,1579.2065118975372,1303.1966993494286,0.6852115783445586,-0.20074614754784584,-0.29665681666430666,49,0.0,0.010905695518484236,1.1404243222259771,-0.14266617771397025,1579.2065118975372,1303.1966993494286,985.2456856977545,0.0,0.0,157.41793359496396,57.230043844444516,70.13319959721701,68.19721017483378,52.89593732455017,69.93532997308814,65.57730874987755,75.08035928141288,62.06533924752803,77.435292300273,80.8191961731317,61.434306461371285,65.42668692131544,67.38684134235345,76.09813186652525,70.16593120013714,22.59461508413979
468,1411.4406275118804,1310.122350730256,0.532476624418094,0.17347736535578723,-0.1640818295680629,49,0.0,0.03617167246774219,5.376634017716285,-1.826276188693377,1411.4406275118804,1310.122350730256,1515.708259314161,0.0,0.0,157.5470902690401,57.232846452145836,100.70184205303832,97.35628333285831,102.29371734169325,106.34556050293256,97.05993667116437,83.72419544338587,103.68700050747137,114.21224933207253,113.19228361634123,114.97158720542815,113.54293430342202,113.97104732238633,120.56141797791415,99.74574282757632,34.3424608764762
469,2050.79125627575,1310.3389858510482,0.5494375433654474,0.04129623492069452,-0.2278883916429084,49,0.0,0.024885279695441558,3.3240154849527372,-1.3041575957027631,2050.79125627575,1310.3389858510482,1249.9443961823918,0.0,0.0,157.05488555071392,57.232543585023386,80.64463485114793,82.77182947420108,89.03828840004732,71.7202070525382,86.36140228816018,89.78707420849392,64.59493646114493,92.01884189409367,104.91047846607955,91.56497617329018,82.29104303636271,78.95271729768092,108.94599504367744,93.45227180683,32.88969972864374
470,2880.253740701156,1309.583334310488,0.4444359345432213,0.4292402571058061,-0.21086583448990215,49,0.0,0.11661260544676794,17.645273600537543,-3.1165709918607525,2880.253740701156,1309.583334310488,4446.911845500679,0.0,0.0,156.41641795341974,57.22885142542488,294.90841772620695,283.3072311983879,295.7491871123445,331.04398165121694,327.73489857699724,325.4792154091719,309.7610869509033,304.8774145809589,301.6111068655865,331.22769740464526,313.160437216923,322.94575403134564,289.9210140120265,319.9594832552165,95.22491950874792
471,1557.7423737140375,1310.7289137036787,0.5705136004267063,0.48435326008314417,-0.10874104691739236,49,0.0,0.01883800915031585,2.3067933017875206,-0.9075217042104428,1557.7423737140375,1310.7289137036787,1164.6385224537748,0.0,0.0,157.43445941421587,57.23317901655899,75.79284750771312,94.44097837509304,63.73837100877416,92.40880585847923,80.90072592252488,94.76396024944864,72.15299121325661,69.66263197988889,78.27339984903901,83.57629910032013,78.6377698640853,79.25443981775601,86.01669138146194,98.64926194484417,16.369348381089782
472,2315.074683714606,1312.3059676793569,0.6498089067064262,0.36886912576399944,-0.036551077391870884,49,0.0,0.17772568300726926,24.63294311768097,-3.478790759947699,2315.074683714606,1312.3059676793569,4028.549516214566,0.0,0.0,156.85142509774465,57.23263851119217,277.84943404312503,311.94541096649357,255.47086185297263,287.02089860911315,258.89571761901317,294.2383495401475,281.0914887734007,262.600444465208,267.092827347897,288.3374687842065,285.88817535888404,285.21841248218186,293.72899319614794,294.7824838881717,84.38854928760321
473,2267.2618447755744,1312.2530937327451,0.6965707951355601,0.1988344917037388,0.40558532111354384,49,0.0,0.01240956124814798,1.1591125991899196,-0.16031406624975186,2267.2618447755744,1312.2530937327451,1121.0766400497985,0.0,0.0,156.8882321807826,57.232771937369975,78.47326897762383,85.53610230172092,78.64855241802417,62.715553936865916,76.10111588747253,86.26426206888772,77.559633436092,83.55133076759884,91.17217364517865,69.53884191733383,78.25047604850229,71.48143192660325,64.3456896571035,86.09813385433877,31.340073206452224
474,2767.154575552894,1315.6107014856582,0.621444903622593,0.49789936361003434,0.11619798351338327,49,0.0,0.02463680407637183,1.9027934035192662,-0.6984790929163434,2767.154575552894,1315.6107014856582,2528.192033788941,0.0,0.0,156.5034028145639,57.23201364079445,154.6647343410469,186.5884857361712,175.98046908245922,177.55365705540314,173.55793621415373,168.2914681444452,200.83995300663867,194.77705953543955,175.51044398954787,180.28582696956204,138.88492739296257,179.73501234023854,198.51263226375653,175.4827394071662,47.526688309949506
475,1868.2346551616379,1318.1738189182995,0.5816839567714418,-0.13907957678098132,-0.30900017708651045,49,0.0,0.013030300521805416,1.5530136330098785,-0.47793817041440095,1868.2346551616379,1318.1738189182995,986.482476280547,0.0,0.0,157.1954067180455,57.23611660146239,58.90558545275034,64.88336223011646,70.68683006651466,71.6770993274645,77.90667857205236,77.02201628675309,73.41735774364227,58.68013576783369,78.0802597733528,61.69121791428169,61.12179997722727,66.81444305258337,65.24362339613549,79.79190161001978,20.560165109819078
476,2949.8660148933404,1321.6942036619764,0.21579913132581555,0.07507346192619896,-0.28607345135243756,49,0.0,0.010096222265617802,1.7454813065475132,-0.6047880051087575,2949.8660148933404,1321.6942036619764,1082.7127130911886,0.0,216.3692706881897,156.36270120760867,57.23346608030217,71.97712737109262,79.59617978442967,79.06633647356281,89.91543676805918,75.91204793880286,56.81977338497633,77.22929976188483,56.737967454425004,76.02308824221936,72.49045122546895,81.750657421124,66.81302734083772,69.04505478128789,95.5346261986422,33.801638944374936
477,830.0113284214276,1323.0206550629541,0.6761380772361808,0.3152087707696229,-0.14765124036017682,49,0.0,0.14223901328385874,19.114863531281948,-3.2034280044067427,830.0113284214276,1323.0206550629541,3445.7824325656184,0.0,0.0,157.99477323924145,57.236907260785884,219.79060796238656,232.84557176699371,236.2716156201848,226.94173844249036,228.43236423186622,245.16365178520203,266.0546336284397,214.91599090953602,247.38564403411516,248.58909837086713,217.28720106593454,264.81510700060807,257.7602009768458,270.729972011352,68.79903475879644
478,2164.008953485217,1323.2855137459444,0.3184747134634619,0.7259472749192777,-0.011066958188104187,49,0.0,0.01967737377808717,2.908766939227686,-1.159272313548905,2164.008953485217,1323.2855137459444,1665.0570530144087,0.0,0.0,156.96766443633283,57.23766762817022,109.95972248387697,130.1166951680746,123.50446558704827,115.26548437034401,106.7495498169805,128.6519668975848,101.35459277878701,140.5858795827669,97.6244376680574,126.35768035954956,111.53964046341386,120.72454541296067,111.31684408662497,103.20513754560767,38.10041079273155
479,1912.6308521728786,1324.1412736877865,0.4290842122898687,0.3736900820862435,0.1449359827367054,49,0.0,0.009469516231487602,1.3148763697658112,-0.29721230135608334,1912.6308521728786,1324.1412736877865,988.3016863289756,0.0,0.0,157.16120918395183,57.238542404710095,51.15501516981867,75.95702419428885,64.84354573412878,62.90715371989944,70.71661971533962,59.791633816990284,70.15405306729713,63.65251836989746,68.27915032839837,68.71528325096764,70.02443854944059,84.6624461962554,76.48226885654344,84.23215772702424,16.72837763268581
480,2722.1442508636096,1326.1626949974154,0.7584548447977963,0.0662211387445909,-0.10958819349859128,49,0.0,0.012440037885479151,1.2139709662118825,-0.21052075028147763,2722.1442508636096,1326.1626949974154,940.3540854979742,0.0,0.0,156.53794518959552,57.236652201368905,70.88955331041467,65.6570547336948,68.37888513145411,65.49515536346107,78.87854700958752,93.08411369705692,56.523146890245044,59.099612996211754,45.3306164416168,70.92034125660032,54.648746924362584,48.76032168604218,74.28959998566891,65.61936177896655,22.779028292590926
481,833.9005074891597,1326.9482244367382,0.31086760211656717,-0.8423044940596863,-0.7810969644618302,49,0.0,0.008990447570826168,1.2936464988904175,-0.27953904370030624,833.9005074891597,1326.9482244367382,3339.461341525175,0.0,0.0,157.9918052415888,57.23855772749165,217.6582775157102,227.54844750200095,236.54009269383488,222.6959932699336,222.60931966213434,237.008502835376,249.48568531969957,216.3818157001369,233.59020855091424,240.879462361714,211.82747671813155,240.8025275029889,256.14739725127674,257.7741255307219,68.51200911060134
482,1803.3252449878976,1327.6869872017166,0.6280416473513669,0.17489829287403896,-0.17360936619916467,49,0.0,0.03583203029614625,4.971244665557226,-1.7411628449258494,1803.3252449878976,1327.6869872017166,1378.3556097088797,0.0,0.0,157.24536490595904,57.24015229467567,90.28068273788776,96.18706576796782,97.51689782121935,105.14094485323308,70.09576150423376,105.50913390376951,86.71581259179472,87.71059753729949,89.2712833216703,79.5446673138527,101.94198617159519,94.98306695098739,116.35694808199386,119.54620826159433,37.554552889780595
483,492.70847900697987,1328.4396855148943,0.5848296767606597,0.44744097419624057,0.05176421572483292,49,0.0,0.013708592214076927,1.539412134561548,-0.46838726401056524,492.70847900697987,1328.4396855148943,1154.677960099671,0.0,0.0,158.25449651164024,57.2376735397254,70.81064286939497,86.43739734269775,85.52402794000199,85.46805887824563,72.89259388948031,91.94602252007651,78.77503339580291,66.67795212968113,75.4612962395978,75.93944402288068,71.56337204378077,85.31818902233778,82.53911856055842,97.96976613596728,27.355045109167268
484,740.5234256998363,1330.140634233073,0.3761039174166955,-0.38452018523384596,-0.6832208016961318,49,0.0,0.03693390339435705,3.49301601336251,-1.358001441548335,740.5234256998363,1330.140634233073,3250.3620449627088,0.0,0.0,158.06372122924228,57.239530228025686,196.4778998007308,235.62695898480737,230.4222689398571,215.00853675103951,217.76241521660472,219.40859790349148,240.54569076281155,219.01016249115997,248.57744928837155,233.77705981685128,202.51058571303577,267.906071053356,249.6539440047319,196.38823027422603,77.2861739616331
485,2160.1717931287594,1331.391825703054,0.8509043471820802,0.3909466787448308,0.06663957757001428,49,0.0,0.04623348516182888,5.0395892504898265,-1.755987852267007,2160.1717931287594,1331.391825703054,1706.5176797738807,0.0,0.0,156.9705792425366,57.24105529545501,111.36932708922993,127.65541933672914,115.12529570253405,113.36304913301072,125.25135102487995,110.92463178696887,104.51734398677229,128.44020177127135,109.81481218598294,110.24156090538739,118.70042547782725,136.13402933937135,131.58773429590437,124.03168234555174,39.36081539245931
486,1822.852410923891,1332.5564133535895,0.4909764477555453,0.096969897638776,-0.10558150324696972,49,0.0,0.010267559114637025,1.3445949753654405,-0.32147871000251094,1822.852410923891,1332.5564133535895,939.7219237541312,0.0,0.0,157.230319485037,57.24216165711143,56.16884464392675,65.49032685915533,51.75444616349292,63.74333006283536,63.25049798431127,72.74471861565408,63.928212947072325,75.23244764456268,67.35434539568428,66.43986140467135,62.738256275289274,69.97230723072137,73.88791416165685,69.30262969130754,17.713784673789828
487,587.1589824726756,1332.457874885825,0.6932890230864194,0.6486947136128032,-0.12534261055218418,49,0.0,0.00945627158820236,1.0718160215440544,-0.07530061151373309,587.1589824726756,1332.457874885825,814.4856105122358,0.0,0.0,158.18181833683647,57.23981925975609,54.961019114433036,48.24466986912006,56.764075060356134,58.3099902661792,59.298111789011124,54.705723636443935,61.71107476854321,52.44114580125297,51.436444281330694,51.75777854140948,48.31020996190908,56.46388551122466,69.75253821252534,71.8084501899841,18.520493508512835
488,1187.0426588910607,1336.0258618402245,0.5028869451439022,0.5103100543372316,-0.16928517094831905,49,0.0,0.012891255080462986,1.505457216556599,-0.4441710446279171,1187.0426588910607,1336.0258618402245,1207.6887480323564,0.0,0.0,157.71993491226849,57.243321127378245,84.17068612673407,68.1208580601058,84.86631128649641,76.88103593524704,104.25023254118682,91.57498626418122,94.1467151175573,75.56951601213913,80.41132174656283,86.44572204988243,66.672775675037,92.08199555139865,76.63263809184312,89.20430084105125,36.65965273293345
489,598.8039666525618,1339.8228096527414,0.5707133391816595,0.46916240399896303,-0.21061150393184733,49,0.0,0.035760709978143464,5.064671563759968,-1.7613782181837228,598.8039666525618,1339.8228096527414,1386.5137652344472,0.0,0.0,158.17291702851466,57.24294293755514,87.89848264673171,107.90784488519924,80.29064580574217,90.4700560605466,110.71149094394207,82.3910984172028,118.40764437267205,93.37187526348893,99.66215094448438,105.22097682859463,103.58806757171448,105.82667294837418,87.22941089419706,85.34437567946215,28.192971972094867
490,2167.2900505549815,1339.843498735742,0.4828211871576262,0.16548301581193833,0.053580554066458785,49,0.0,0.024902035273582365,3.8445152773200344,-1.4621039776027434,2167.2900505549815,1339.843498735742,1292.3775541859868,0.0,0.0,156.96505645342108,57.244557830708324,80.34461268497668,86.0354623662959,82.6960990926863,75.35043027724657,87.20461654510261,92.53633307092451,89.25094407587211,99.54877143971339,92.01769529835512,96.7174683471668,79.63084946232239,96.54653028680113,85.97700316435913,116.29447686078365,32.22626121338057
491,479.1584626403639,1340.5407247047522,0.5700369289269087,0.49833462893976377,-0.4591118681672691,49,0.0,0.019870183490748036,2.473326608325362,-0.9832036742712318,479.1584626403639,1340.5407247047522,1221.2126232034566,0.0,0.0,158.2650461332951,57.242643941364065,78.46140457709241,96.54826295709884,86.96025715845221,92.28407051334167,86.30629906956068,85.89604014541683,88.10855903294083,82.63906319699944,67.56009351685451,90.7984888754825,78.56471461872698,87.7522012298279,79.95751463303279,98.55119109249372,20.824462586135116
492,2316.7477181916365,1343.0000787552885,0.6401693882853393,0.23239102846792986,-0.2838736417075049,49,0.0,0.01838077184145817,2.154601864868656,-0.8334175785099924,2316.7477181916365,1343.0000787552885,1188.7191702735913,0.0,0.0,156.8499456436309,57.24542144575528,91.42385431577826,93.71334533154197,64.92834728729933,78.28544144277005,92.5714979824481,68.2819399895878,74.6221746131416,100.24267420915453,79.82640590455952,78.05816023474007,73.9138678948649,87.58775139638851,87.38177106639665,86.33305576957525,31.548882835344916
493,2811.9534634983424,1343.2571733146997,0.6543186942123767,0.5049227443565567,-0.35967406526983187,49,0.0,0.010159094216717563,1.0165211893095578,-0.017791089762501988,2811.9534634983424,1343.2571733146997,888.1168004927408,0.0,0.0,156.46862897980645,57.24328068807752,58.62643639597054,62.32703495916509,68.27823154296098,64.54019554395897,60.52418519854191,68.18592002167526,65.13756486384978,72.92235531553146,46.44607909752362,55.251634680199885,52.830340845802624,67.53617706402619,72.09897261520456,57.06235448570415,16.349317862625742
494,2709.8673720736306,1344.0315072593207,0.638094482834352,0.5127239551074306,-0.24037133024915577,49,0.0,0.06386008557612084,8.76381692474221,-2.356733241537995,2709.8673720736306,1344.0315072593207,1986.1120296261809,0.0,0.0,156.5472235008174,57.244161159716704,128.0621759336717,135.89263251175942,146.4229134200908,146.4693336142188,126.22325500243991,140.73599706002744,139.73951686288774,137.53341371958967,145.81098724093172,125.95606401381507,144.93825616581756,127.18094843039523,130.4825866071796,163.23649336156575,47.427455681790484
495,2197.5254459358666,1347.513367843734,0.8757306085849682,-0.1432023574446488,-0.3823883973495109,49,0.0,0.011693384012132347,1.0634305120150942,-0.06677279240374814,2197.5254459358666,1347.513367843734,854.6167373765009,0.0,0.0,156.94173321263523,57.24767063176541,63.56461373159335,67.80137189823856,47.451833242664755,41.56535486442037,59.43233902567475,57.169776223235516,50.101733212045424,63.82548211511365,59.881255792095736,62.262932011398824,70.9088335427889,53.74861888597019,75.44435138884512,60.48610536043274,20.97213608198299
496,2729.2439780244217,1346.4800483643683,0.43480462214181637,0.45291103780355874,-0.3423050622277722,49,0.0,0.029086473534834865,3.9342950231592937,-1.4871673087130177,2729.2439780244217,1346.4800483643683,1899.5015525545355,0.0,0.0,156.53227985409745,57.24507914770979,134.64678057493506,124.41401373477954,145.04792823320068,147.27969983368914,126.31118175222564,115.07851940558703,143.56315891915824,120.09024653820057,124.97929937617124,117.59495262535614,118.31740343544314,140.1913192699367,147.5304964961262,153.30247572268047,41.15407663704546
497,1211.659432100342,1348.88767785253,0.6137112755363802,0.11260464782036572,0.16604040436222653,49,0.0,0.01656114086580031,2.016285968580423,-0.7613803196430934,1211.659432100342,1348.88767785253,1140.8724874278848,0.0,0.0,157.7010221094564,57.24872663181634,73.47806207461305,71.83434838951919,74.7177078024591,78.49410908625208,64.21173990825025,75.77523576209471,65.06100094678017,80.88661908374371,98.34133937239912,80.08678328130571,76.8540342582331,87.96759692745317,101.10606031018963,86.91082718132415,25.147023043267602
498,970.9210102569037,1348.5958437846305,0.6428047116772173,0.33883325316813334,-0.07618687523295956,49,0.0,0.42537871135626165,59.540973843967315,-4.437039834073813,970.9210102569037,1348.5958437846305,8905.296236252607,0.0,0.0,157.88642708371205,57.24802760468332,565.494447595858,606.8191435560726,603.8496874545215,624.5650303903731,607.9763889747987,626.1414877285375,628.7793154047507,608.4776309856604,585.9491193458401,655.9567074688077,662.7484360808153,595.4350022706261,634.1520172781048,704.4367525634868,194.51506915435442
499,1610.8638246260005,1350.1233684263518,0.5112619873305314,-0.014062547843911779,0.2714901777898883,49,0.0,0.01758341341921293,2.4809579711331,-0.9865485178353173,1610.8638246260005,1350.1233684263518,1085.9502752326498,0.0,0.0,157.3935596707375,57.24959735965472,64.80573078574807,75.04244982579401,87.76511974439003,62.99980583877711,69.20360703078248,93.88057197622624,68.85248806891981,76.03351940098338,78.8606225783974,76.8819436306824,81.75425451090122,67.52907138245965,66.54218061855087,89.72287050836817,26.076039331669
500,1084.2342773768294,1353.1259068462766,0.7721680756201782,0.4066034849724327,0.1383082909383809,49,0.0,0.0128078743297162,1.3492845208760604,-0.3252588453018963,1084.2342773768294,1353.1259068462766,861.7847258066238,0.0,0.0,157.79917969020482,57.25022087493014,62.25864332474964,73.9262553779363,56.387026074326585,66.60727815220895,64.09655232490391,55.39556291608629,50.47611474487296,53.74968491572206,54.718839087265096,53.55318028003242,54.11854057242077,63.69850935809498,71.56536136657095,55.15274173199175,26.080435579441065
501,1546.2887350829337,1353.0858693581133,0.9836806005862839,0.09950429197992215,-0.2319775172127275,49,0.0,0.014090921048753337,1.2374749645140892,-0.23134105359307405,1546.2887350829337,1353.0858693581133,941.5246826879747,0.0,0.0,157.44329714224727,57.25082506160047,54.22116917976871,69.28796963648632,66.47466634341993,81.19871572116341,67.10959518822162,64.06241961219794,46.73009001381196,64.67094325431994,61.6676553030391,68.90377655579351,70.85075965713094,57.49479453492839,75.47807751250834,63.83002363754475,29.54402653763993
502,2399.0441616012477,1355.2563389305658,0.4879053504529816,0.20160997215270837,-0.04570918030683439,49,0.0,0.010200169884720847,1.1035019871958442,-0.10693279894901592,2399.0441616012477,1355.2563389305658,1032.761236045594,0.0,0.0,156.78648685655094,57.2502343436971,78.9962389745713,72.58476780897149,83.15255137909224,74.13111123774908,62.444228836640235,77.38875483400797,73.2816371835911,63.72376727580266,68.86019146744086,76.90976030325459,90.68903183776905,56.480890626019445,79.98122214357275,55.19561523448148,18.94146690262963
503,1458.6033519114312,1355.7738276253738,0.41173436613307923,-0.31552732775115,-0.6369329945473127,49,0.0,0.026222560031528796,3.3572177750016112,-1.3149487846168182,1458.6033519114312,1355.7738276253738,1855.0968840719543,0.0,0.0,157.51083835758374,57.25190453454675,127.09269417303159,123.95881627157914,129.80596360425454,121.23937421302941,138.2386184817956,136.86212733061976,110.70017343104038,112.88516974395802,121.79241486651992,149.20645014044607,126.90268381117363,136.9050281314216,149.58278838921746,140.13646282082618,29.78811866304097
504,635.808689133614,1358.0846509485723,0.9786084463772105,0.3667747378663936,0.1299734821614022,49,0.0,0.012154446367796811,1.0080931733059264,-0.008751684397248952,635.808689133614,1358.0846509485723,804.9424739484939,0.0,0.0,158.1445776466891,57.25072270862111,58.099990684305595,53.837133327732595,66.3583010228626,49.0626387882424,57.73785334599779,58.56799652310801,49.0426595394612,45.99727604841043,55.28572620134702,54.53507690821421,53.342815195139835,62.16940427546864,64.80111395690555,60.382770395122655,15.721717736175403
505,1845.221816788875,1358.9741310241711,0.7259707551737663,-0.12332920554667372,0.047380877276752525,49,0.0,0.019870669664370264,2.3844776002925827,-0.9434831176009362,1845.221816788875,1358.9741310241711,1041.2645251446916,0.0,0.0,157.21303768911335,57.25314433998191,78.585961488019,67.86696563298946,77.88012814502954,75.83760999131493,52.78850462102974,59.39109391366898,74.95614628622434,79.539200076006,72.85613135476612,88.70841452296328,79.59539001568972,71.85615487408131,76.42104837945881,64.18819993866018,20.79357590479007
506,382.8064203717417,1359.496831136337,0.5649621447609986,0.47250335091289186,-0.5797867386900499,49,0.0,0.0774649827953603,8.426483874099308,-2.3141159850122026,382.8064203717417,1359.496831136337,4443.829282930496,0.0,0.0,158.33943177910209,57.25001059073373,280.5988557177971,291.9005280292208,288.3837848294052,308.37890086541734,301.1686308830417,322.64622344494694,298.8804876653551,309.1546466909707,320.891175418862,326.1599012790549,296.3923191541814,335.8394969449328,354.0947816428257,317.2425274687324,92.09702289575263
507,1622.2565068960162,1360.4550449348812,0.5647619489042888,0.37043598942573125,-0.06838459773999121,49,0.0,0.27427977151126004,41.50331999081503,-4.045207096962161,1622.2565068960162,1360.4550449348812,6598.370808959287,0.0,0.0,157.38478300659085,57.25390134908087,395.4478380574461,507.8395473480908,459.5399855619873,462.0211726237776,495.68531897480835,451.08903146000273,452.5856390508361,468.13495625530993,460.0834085380273,439.1048987316725,441.3210996800165,473.52396497962957,479.8854631396025,480.03795488887897,132.07052966920074
508,2155.888980523534,1363.3183497760313,0.49266786672258306,-0.17661307292652595,0.140585797750407,49,0.0,0.007431286049371399,1.004636755017635,-0.005022657357304417,2155.888980523534,1363.3183497760313,823.6484276132007,0.0,0.0,156.97372243879826,57.254368841697335,41.67061077543859,62.910307039488075,46.39796530810621,58.420607766292505,69.71973483069294,63.08401687994174,63.857421570264464,36.91418752119442,37.36707591409471,64.7889047041693,59.05840762096307,53.12467919060627,64.37107258313691,80.68669682709498,21.276739081716553
509,1335.207522990552,1365.8538712627692,0.4766822685066921,0.3865764914016571,-0.05330811009428389,49,0.0,0.007956001345411223,1.045009678675979,-0.04780078204137641,1335.207522990552,1365.8538712627692,807.5032494366653,0.0,0.0,157.60590714746712,57.255986157494,50.49661881183215,56.83270862206723,58.766341528214326,60.54123398575682,53.63679564818888,67.88766221998948,62.752279427063065,45.71578064776718,51.335300156950424,59.10154745903893,52.54279522282387,54.667450445136424,58.77014811617225,55.652975601912544,18.803611543751664
510,2696.305228163537,1368.2533096267985,0.5739339175901585,-0.026997618450489032,-0.43272539232177604,49,0.0,0.008797685591224937,1.0265906208583613,-0.028493230349396492,2696.305228163537,1368.2533096267985,850.2707540615971,0.0,0.0,156.5574347472075,57.254322870889865,57.091545664059836,56.7811448299127,51.03842648159141,65.5444391378787,47.67449221526036,45.348935704696075,47.97629848781453,54.81151409837384,63.52863608142293,56.465907597075834,66.27422559776136,74.86120438394855,70.57740707765423,71.81641710720078,20.480159596945946
511,995.1628885514928,1372.3549343857615,0.5532471924482194,0.3365704408051029,-0.03608123901848283,49,0.0,0.14216555691219362,21.758502294411198,-3.3440724955274073,995.1628885514928,1372.3549343857615,3651.8748964682363,0.0,0.0,157.8678828730449,57.25799737314872,251.43454549111368,254.62046554087027,238.82324736350168,287.4708749418208,239.80280283671175,259.6760623406893,252.3261033087826,269.7960383544623,254.51816776174255,264.9363672972406,241.70184061489147,249.7678950254891,248.74156872980205,268.6963342339409,69.56258262717736
512,543.6609643575671,1372.7117608849796,0.41231807800057363,0.8757404753123204,-0.15712138879227386,49,0.0,0.008818480405509092,1.089554642560448,-0.0931225388820299,543.6609643575671,1372.7117608849796,996.5271080537852,0.0,0.0,158.21567838486294,57.256377958338085,63.11371111766694,72.59344503595094,62.947437398444215,60.358152664084884,67.8665100258826,79.86529660860617,68.61289165316026,67.49305539904074,69.35885292343005,75.52852188721437,67.27438246261855,72.52578694598375,78.1120748217488,71.52408710568054,19.35290200427235
513,1264.4031163463496,1373.805133019315,0.514361943621992,0.6050079008254078,-0.010180448567638624,49,0.0,0.009412632535551791,1.1144507483969355,-0.11765220049718489,1264.4031163463496,1373.805133019315,994.060136816371,0.0,0.0,157.66047320321104,57.25919882272733,68.84447731793193,52.88280133530531,76.9908666771671,76.58108605400348,63.890212398360106,64.91995159143292,71.62258982815149,57.24524338393277,71.58596805551055,63.49575263195261,70.47454761504565,77.28950295285898,69.28507213611644,88.81063236640557,20.14143247219614
514,1608.560791763963,1376.525799490401,0.43372668414241405,-0.030590364085036577,-0.1361566125480513,49,0.0,0.00961302603956927,1.3627402186609718,-0.3360326836896938,1608.560791763963,1376.525799490401,1001.2077471272221,0.0,0.0,157.3953316229801,57.26059843971637,79.79840381954601,70.5143990546519,63.28628154494865,81.98889417827979,71.27482041738014,66.04528029822556,63.386694263854864,74.4568269506504,61.86720767316494,68.08830287171911,83.6833198897163,48.81716820444251,70.22926193529236,74.63406549952802,23.13682052582152
515,2210.7234390121143,1376.7085129965378,0.8965579406430692,0.2848642647039351,0.15983432246681945,49,0.0,0.025772032129083813,2.563985102934255,-1.0222887438756816,2210.7234390121143,1376.7085129965378,1144.2070067902682,0.0,0.0,156.93141367128678,57.259797304023635,81.23062001059878,74.91935087610753,70.58226206829049,76.80684772529503,76.44218233194621,83.89540522558572,89.02285506993114,62.51502948981433,71.56782224297484,84.33255653812705,72.1645071484605,86.13133598317516,84.80788471459437,100.65612374238339,29.13222362298378
516,1617.231821648513,1378.5662423847557,0.4318949292137412,0.5174295614225496,0.007338456104714578,49,0.0,0.014037461986450459,1.952015380744265,-0.7262080883293022,1617.231821648513,1378.5662423847557,1158.7713004933757,0.0,0.0,157.38865085539345,57.26144811543706,95.42268421981169,78.37053987452235,59.683582530309735,71.54357363322792,68.68124833502918,79.3646487906841,72.03615114652447,91.86012343364865,74.35800963458362,77.832943287042,98.79204408598446,98.10990417693779,86.66386321893603,74.75120484237628,31.30077928375745
517,277.5902830390313,1380.543344978281,0.2072633544244347,0.6756720625340474,-0.8474389116815623,49,0.0,0.01912496742329261,2.3736405850367857,-0.9385373975907595,277.5902830390313,1380.543344978281,2348.920662962574,0.0,1694.0525250020223,158.4206975263951,57.258148993705696,150.21122778824642,154.7456512247573,158.40673816351057,147.34119600318388,154.67629377085885,164.96683394531675,155.1205685019841,171.33293383726385,180.7568280063154,208.21899498989427,154.1577200175624,181.08690439370042,161.0823981373726,171.24746487197945,35.568909310627554
518,1458.5533888169382,1381.5341364536189,0.7560618482127142,-0.1445638045805384,-0.15013443359160047,49,0.0,0.010934302978287928,1.0319941454977775,-0.034193083864557085,1458.5533888169382,1381.5341364536189,928.4806362775503,0.0,0.0,157.51090873280657,57.26263791303112,56.657912565944144,74.14261186572115,59.7535411279389,54.073726993139815,63.53053548829571,59.080676463726874,67.40056390450812,65.57852246485746,60.54765622181681,71.72738630081801,80.63546746243793,62.975071765270926,71.88752577355999,62.14824078657266,18.34119709294177
519,1898.4028280953435,1380.878845386419,0.6343113457269005,0.032101474821276184,-0.1261623497310555,49,0.0,0.16115190238801888,22.901716344963706,-3.3996700782530502,1898.4028280953435,1380.878845386419,3671.9993713275317,0.0,0.0,157.17201691999776,57.26220322717395,247.61603723660483,294.3845067380994,246.54273622999398,239.2165934415589,291.7979705621568,238.3707079759013,263.21670218976556,219.38197344669476,249.04873477650943,250.8185270101061,251.75737008301152,245.86630659424205,287.38300804699844,271.0071860582383,75.59101093765003
520,2307.1235821759033,1382.0418917210793,0.8931956236429234,0.08693676753181188,0.11708056734591724,49,0.0,0.01683208122528586,1.6518415401939066,-0.5449209586713777,2307.1235821759033,1382.0418917210793,901.084566402119,0.0,0.0,156.85711637496476,57.26172033176685,57.52651058570494,63.122157540615405,52.68097976893085,66.4669581264689,62.217916161514005,50.355406150052374,65.03255824330715,59.13160987672232,69.06051638285534,65.79881366062787,61.85889153697673,73.06843025935294,76.38467172151084,57.04047426021519,21.338672127264097
521,608.5354799572484,1383.8955570293313,0.627995934043364,0.34145965981732324,-0.1754116232626374,49,0.0,0.3608732790125119,49.877987466555574,-4.244772304387827,608.5354799572484,1383.8955570293313,8542.754268570789,0.0,0.0,158.16580515213408,57.261350574373104,548.2964324699369,547.9573558817984,630.9068101711093,582.649671048529,635.7742324634897,675.1148288668427,584.8100867262185,574.6623397338666,579.3639017353593,622.8568588046114,643.1751742819865,606.6685570184518,587.9555816211256,556.876148603516,165.68628914394628
522,1986.6543473932115,1387.632607108476,0.7900028679624077,0.4012752163967413,0.03263255125877912,49,0.0,0.04673506200015707,5.481701165674368,-1.8472883908342692,1986.6543473932115,1387.632607108476,1526.9888116034379,0.0,0.0,157.10400015114377,57.264874991454164,100.72281693264894,108.52685262497394,112.35448297231746,97.9270094081852,90.6008879868277,86.29805214612718,101.76273437223131,94.44477286852691,115.62255859152845,103.73453408252108,116.91188103972459,130.25560538579697,106.58026717744471,127.524458655828,33.72189735875545
523,246.0796061482886,1390.3546714779116,0.47732259683532907,-0.15259711528143224,0.24144986894614381,49,0.0,0.007087656555177235,1.1277703491048658,-0.13055168025616798,246.0796061482886,1390.3546714779116,1027.106529612773,0.0,525.0697312392302,158.4450836159296,57.262037603553075,95.05433615743158,58.30329034780384,53.191223294741306,59.29784113207751,136.43665074652066,71.72144488463269,46.70617436421293,46.403805049180335,54.218865873945134,32.74720705297497,39.179128468992396,41.96137156883951,173.65436910772803,96.26225274359459,21.968568820097694
524,752.76268995193,1389.9322494412638,0.7470574961392985,0.01662928574140847,-0.19069508900354684,49,0.0,0.009605106743290749,1.0174122526626905,-0.018742408802899124,752.76268995193,1389.9322494412638,771.9747091453896,0.0,0.0,158.05473978665384,57.264490912751754,52.41909004874623,56.51354891533612,58.849141404589176,47.21750582850747,58.74979823513892,61.98768595315655,47.26608006692386,50.527993110932705,58.14756755532672,56.157103329726844,48.483584286530714,52.45886750004768,47.513387027676785,56.81874133775966,18.864614544990133
525,2033.275985312536,1390.095439231306,0.345680665451719,0.4870181827189555,-0.25272171299429996,49,0.0,0.00894864863154178,1.12362259759245,-0.12655116218852303,2033.275985312536,1390.095439231306,1013.956652909792,0.0,0.0,157.06806845539515,57.265811172717456,65.89460914214484,68.93774652579509,82.8214425325663,74.53996642163142,57.53208064669967,64.55005950039646,85.02288698207079,70.51695478847876,60.82955946495433,59.538390389739895,73.02226347372279,75.47227725420902,80.48403472329672,71.18749679482521,23.606884269260632
526,2054.8260061190176,1391.7878879534055,0.44480144611655653,-0.6844297496567995,0.0036646729246700826,49,0.0,0.01101968797544736,1.5387387996366961,-0.467912261885505,2054.8260061190176,1391.7878879534055,968.2717932344958,0.0,0.0,157.05145688291927,57.266471289861215,58.01649413989921,65.74486997015691,72.27704824192055,74.48271385754248,59.0159286750048,57.15742290663645,64.18261475281105,73.17338938910626,60.389814040630995,81.08779088913013,66.19957150711772,78.9257976320641,62.789178251482,72.6927984466335,22.136360534359724
527,1340.082423291354,1398.828778666699,0.7082853225773434,0.3174386756158413,-0.03821680519931817,49,0.0,0.02044084053324026,2.055723549346941,-0.7824117774306726,1340.082423291354,1398.828778666699,2946.813642080267,0.0,0.0,157.6022267679991,57.26973162095115,188.99297815679603,194.65172015560336,193.9144293113526,178.55376499281215,222.83772785582374,210.60563218280703,226.61876904591878,217.19171034069797,191.23242440354562,221.40893625145134,215.24429082399814,210.62474426129486,203.61154584988046,206.09960127170035,65.22536717658467
528,1841.1094437036827,1400.651230753361,0.34279751888729065,0.3001386625877023,-0.651744249889857,49,0.0,0.008214834643731413,1.2014520782630835,-0.1992661324795049,1841.1094437036827,1400.651230753361,936.4698966935534,0.0,0.0,157.21611786424614,57.2705143639053,58.62028389539116,61.924903320137,73.49393809428928,65.35317908782388,60.18241912514902,62.52271732204974,73.25878529361543,64.29656389599458,69.35122956947924,74.7772239000654,64.15055297164176,60.422031408973446,66.66546053298792,70.46338179120333,10.987226484752195
529,2568.771580800749,1400.6875503721203,0.2683470708409948,0.5226989865862423,-0.11703006423025154,49,0.0,0.007399038445416849,1.129159663365871,-0.13188838894908925,2568.771580800749,1400.6875503721203,891.348430141868,0.0,0.0,156.65538911350228,57.26845606378668,64.40069998459244,54.44348465430898,64.3348133729348,66.88288738786076,42.729180827627935,62.00459242962599,60.52073790712551,75.63959802444046,52.172235772416656,56.945295347900654,63.304932954885054,67.8702522436378,77.20628844635178,62.239561777549866,20.653869010609345
530,2695.5859003422206,1401.9091583227525,0.49320435450492334,0.5969534419684238,0.4703157568986359,49,0.0,0.011755461201625211,1.4504550203554722,-0.40376066391478505,2695.5859003422206,1401.9091583227525,1050.173555677738,0.0,0.0,156.55766727858526,57.26834829653961,70.48398296825782,81.71890089927544,79.17431169750105,76.92514705811399,75.75873374418217,67.43434849242914,66.97295844600491,68.04213110351114,73.0732630178041,68.29025443694985,65.63713462468671,94.62326561158255,64.93232457445666,61.20279679657213,35.90400220641033
531,1212.5895613532311,1406.0972856850592,0.87405023257093,0.1006676097677147,0.5915487084575606,49,0.0,0.017301558807126128,1.2965926292721173,-0.2820088711103992,1212.5895613532311,1406.0972856850592,1668.8751894041725,0.0,0.0,157.70049933272907,57.27256528224129,104.51996936076291,122.13068736656808,101.21028068735345,111.06880582893143,105.04254173681917,125.32234480193893,109.73132550954901,108.0850545082723,139.19277330550412,130.46162939429965,116.31982624927569,90.35637061632367,128.8282167206812,142.79213618901719,33.81322712887571
532,1333.9699269689097,1404.0645323130498,0.5969273777068921,0.21624956159747638,-0.053415085994950706,49,0.0,0.1348357370013423,19.385960311501577,-3.2187182981989397,1333.9699269689097,1404.0645323130498,3780.1514745758896,0.0,0.0,157.6069493627114,57.27190557400673,257.28531616608734,229.13011390445087,246.64349971274964,230.3605552318349,270.3540672370674,268.58666552280994,299.9296113855297,291.79760878655236,240.33821334587628,299.1742305414046,265.0263233749897,272.02340328238836,255.16215527531182,273.5225363646227,80.81717444421353
533,1934.3098153659748,1404.6971276280187,0.33074985165561593,0.328493681570278,-0.10937021646617731,49,0.0,0.022905928833337738,3.786353022165446,-1.4455527578458582,1934.3098153659748,1404.6971276280187,1465.4819553801535,0.0,0.0,157.14428265570146,57.27207393683252,97.56096130345307,97.40846715269822,116.9447365372235,108.01540052633365,110.77172036731041,95.95792197225322,95.61841133145685,103.70902376672215,113.15959404552149,92.85710320376279,97.74066347187633,102.14853550940352,92.11539175024862,103.82532587732227,37.64869856456725
534,1741.4821433175314,1407.4937288281956,0.7647430053617339,-0.09685098831533,0.3532255536803633,49,0.0,0.01112015309722408,1.086616226034396,-0.09019046475867361,1741.4821433175314,1407.4937288281956,934.7988025716536,0.0,0.0,157.2928863164099,57.27345500912006,61.538901953090814,63.13436884124654,59.35940560257825,64.2387765914954,61.07646405926071,67.79302478143327,68.80990164444879,58.21966775299598,68.35759943585879,72.39421522590115,55.29115375717049,62.167342246079556,76.63174747423167,72.09310117591127,23.693132029950924
535,2777.9062878806994,1410.5834114377442,0.4766718973679956,0.27764291112714046,0.19605781055948782,49,0.0,0.04128097379817267,3.7059859069382006,-1.4222594086453983,2777.9062878806994,1410.5834114377442,3221.6978711272923,0.0,0.0,156.4941521831793,57.27152120218338,196.28950547651644,214.65197835040578,224.27139012578277,207.26567906808123,242.66639939175013,239.00255280010538,234.56256183782784,229.03315601826185,243.75328918726305,239.99581123056686,225.93984533498977,222.6145029668225,209.0879488300037,218.3173222708292,74.24592823808585
536,1853.4854786041162,1424.9741307915824,0.5616331604062079,0.06289293077489518,-0.15171921624659615,49,0.0,0.02005775042643524,2.8893314283568983,-1.1519934039795356,1853.4854786041162,1424.9741307915824,1099.8138176087261,0.0,0.0,157.20652670662597,57.28063442814124,64.88324112862949,69.59707339078508,89.71494347571264,82.58523045973041,84.4769404412033,88.60919077149654,87.47764927221274,70.78648508517745,76.1651211554096,74.81387304039225,80.67600310946084,71.80918750430298,68.8662438951888,67.8006122125347,21.55202266648925
537,2690.3501888926653,1426.3550006351768,0.2480681420018156,0.564057492158061,0.1626580033157009,49,0.0,0.012316863778396756,1.927552900618545,-0.712515764643362,2690.3501888926653,1426.3550006351768,1263.7079922339885,0.0,0.0,156.56146879350115,57.27855991182591,77.66836665473818,104.96947382448353,94.02405723641775,90.39125442274621,80.23818418762264,91.69560121524258,79.11759528779018,93.49164142252772,95.51876174889547,92.75310578179281,91.81230925632778,70.83192785925793,90.40930014784209,86.21547442368346,24.570938764620053
538,2542.7877482423073,1427.4029165025045,0.568495000136761,0.6713855727989617,-0.24911348164096342,49,0.0,0.01029392775216242,1.149397850031083,-0.1511759511074079,2542.7877482423073,1427.4029165025045,952.1734653208267,0.0,0.0,156.675190411786,57.27970355829159,69.70392517910533,63.33718967296723,60.74419596909266,62.20128061101886,84.29666368567135,64.40752179376547,68.21234000234924,52.85958635692613,71.63324019542344,67.34242503020269,78.24122867538597,69.06454414221108,56.411879245430086,68.41120133132424,15.306243429953055
539,2932.207819046795,1428.2281174778223,0.28616627039480824,0.6967203693936632,0.44650891207181115,49,0.0,0.01022749904731293,1.3682547310406803,-0.3404173962137893,2932.207819046795,1428.2281174778223,1175.6111854821038,0.0,0.0,156.37505573165413,57.277959393791335,54.321111805375175,90.43904967247678,88.35637255074411,92.31575918338591,88.83422333370646,82.17899128388026,96.83267368929015,92.39961820556067,77.72821142329465,84.80205409551671,67.39781514080039,85.62233971427824,75.29078839640854,90.23279683387415,8.859380153511502
540,1430.5758617925628,1430.0016115443727,0.4159107745697634,0.15285151612585127,-0.2889328677945445,49,0.0,0.00879210992785852,1.1541685421958747,-0.1556730827098837,1430.5758617925628,1430.0016115443727,936.0898341408674,0.0,0.0,157.53253663151062,57.28281203918927,60.244682889223256,60.3375152740963,64.68935153284713,70.3346521118831,63.75869975196071,72.06830873633646,68.79593763257574,62.40156883760575,66.657986276384,67.43033408286264,66.48401027763171,73.61787284607684,59.66055169999704,63.564994946894984,16.043367244491844
541,2619.2896242916945,1430.1672718354876,0.7988714038994188,0.44371086605218013,-0.1729276912412178,49,0.0,0.014029194390509179,1.1853252308939788,-0.18459382228558033,2619.2896242916945,1430.1672718354876,1080.3089083344241,0.0,0.0,156.6162023487037,57.28050150976985,86.08612089759524,84.2150591070982,71.24258560198575,61.85500161811328,75.33847452207792,69.25596780383097,76.81266981575484,59.18184812869162,76.75774236473106,75.53907292509801,74.51643934318952,68.45667216063475,81.38830452839761,90.70647552444521,28.956473992780253
542,1283.9522733768497,1433.6054516779263,0.34921433714754535,0.29604209697626305,0.11914635348722064,49,0.0,0.010213179163446344,1.4962509058318945,-0.43751106584222316,1283.9522733768497,1433.6054516779263,1026.7376318387303,0.0,0.0,157.64557781535416,57.284145406667925,59.89545442704628,76.2182470312938,55.43222571398023,77.91037426125041,62.100148402998805,84.28589170146785,90.01568813905233,64.1273713191307,59.68937845240336,72.28286214201236,77.52210967868714,76.19903617391188,78.7541614141092,72.96745430395072,19.337228677435327
543,1195.6158041452613,1436.2724195003213,0.6540686242768827,-0.12134105473279064,-0.2091147031660036,49,0.0,0.025347820250130944,2.6843298355373912,-1.0720896961723814,1195.6158041452613,1436.2724195003213,1645.2091802370292,0.0,0.0,157.7136872060853,57.285106323496066,123.72662272312886,103.79746037188471,96.76033101995276,121.17203404482197,112.8015556943746,137.10750559018766,123.0635958878871,134.9679760452596,105.42616816791102,107.01948248794046,112.00351620568055,112.736281119414,115.64241354265853,107.02348405283118,31.960753283096352
544,1124.2681509198028,1439.9340933131587,0.5448774529820749,-0.318617546464466,-0.0455522428259551,49,0.0,0.007890293661468515,1.0380598628457969,-0.0405559978320532,1124.2681509198028,1439.9340933131587,769.0556044609817,0.0,0.0,157.76870648168313,57.28648371659193,52.298060787504866,47.60964311855376,63.03981468315025,60.19397485022624,49.24475496563946,46.748884427922725,55.22044014008354,57.71333402106556,54.21238094245923,50.460614470956855,54.02999309054721,55.02309102610253,56.81961336608447,52.658656083620556,13.782348487064482
545,1862.353700283517,1442.742126186819,0.3544786314431658,-0.0040075360568497965,-0.026291760844253907,49,0.0,0.018696809092753022,3.642293639922195,-1.403437388694746,1862.353700283517,1442.742126186819,1097.2674145500941,0.0,0.0,157.19965000758287,57.288026936021836,68.5168663345165,84.42253005083612,79.27281983688852,79.95425251028266,63.97258999978601,71.86852387778086,87.42572956503103,83.01115800240274,58.30095324412138,81.44537682931468,69.60077588651474,71.6153305432928,71.38949596287222,98.05995502280288,28.41105688365119
546,1519.6583779893624,1444.3366796204878,0.5660993395388968,0.9439112245318927,0.21362444282094364,49,0.0,0.011150935446466005,1.293670672607599,-0.2795593321135225,1519.6583779893624,1444.3366796204878,1022.9272082193181,0.0,0.0,157.4638730377133,57.288837655326695,65.7009803264385,78.06765387612819,65.83943358990356,66.59042642915408,78.88463801358853,58.00580338803006,67.25318842180684,77.68919669864084,71.28489993431023,78.29664047799531,70.94041375455907,73.56682745874592,71.86694063836251,80.43764473872957,18.502520472925113
547,2094.4658498295453,1444.4500283782102,0.6207454392395902,0.3308805379983776,-0.0196389205438489,49,0.0,0.009717253375408559,1.1650517902445556,-0.1658630788932797,2094.4658498295453,1444.4500283782102,865.6281437205403,0.0,0.0,157.02068578029278,57.28832473015059,57.36309386243951,70.1517029589729,59.826516271160244,70.90542785194084,60.209891818944136,52.21329883323092,69.75548876675407,58.14442063582314,45.03903225220733,53.687004883315936,60.1906656794241,67.34284875577697,63.4313370898447,62.263036678201395,15.104377382503975
548,630.9133001172619,1450.1709017992096,0.3806467918808481,0.19138637155204216,0.07084165156861191,49,0.0,0.01016400031794722,1.5552515585105313,-0.4795016130486385,630.9133001172619,1450.1709017992096,1054.0575923122892,0.0,0.0,158.14912700762724,57.289066330445856,65.02907517083804,86.65217829100561,82.17969423001023,69.79865724168059,83.68491460337455,72.50913205675572,60.89797840351282,64.70099295454146,64.81159865639265,86.3665331375269,71.9555786272739,80.61147030709236,69.97609956138359,66.07603414268249,28.807654928218255
549,1145.0758651527588,1452.1652814254019,0.5395522861280573,0.2300998033118226,-0.14589740763950665,49,0.0,0.011542963529158741,1.3997884440819506,-0.36515600971274714,1145.0758651527588,1452.1652814254019,987.7303913319091,0.0,0.0,157.7527132571066,57.291625667024576,67.08699139031944,65.0737441355572,61.52452054731124,62.50569096990372,69.7861971196364,79.10829120178393,70.03919589452892,70.43932659940539,58.921603761194845,75.66892627822949,89.86068566304726,52.27685814687787,67.966013223876,84.37512133694676,13.097225063290638
550,2933.2486656864057,1455.848544081468,0.6070611954526328,0.07023722535714154,0.05238302787508255,49,0.0,0.055023339674323775,4.685144642223562,-1.6768075079900522,2933.2486656864057,1455.848544081468,4398.765544709618,0.0,0.0,156.37393213335207,57.28945949868366,278.46710584541233,313.63150582651235,308.1808702908753,285.3001515245851,325.1501547436286,311.72952210156905,318.5254548919115,329.29657884538585,302.87255196346666,336.0851673664662,318.68498522681784,287.45190779851407,295.82147293742673,299.93366565871156,87.63444968833468
551,794.3121578190367,1460.082477888045,0.5954659531409771,0.3849280310303395,-0.18106930888171802,49,0.0,1.7734523300732667,261.75166141584225,-6.044723617390499,794.3121578190367,1460.082477888045,37564.67601212604,5.319344627685449,0.0,158.02322151237732,57.29388035169677,2429.88670596514,2725.505983298014,2557.853284535495,2628.809839428155,2719.3725477907865,2742.3640931715972,2731.451593368395,2605.1738290180724,2592.723612109505,2687.021965175887,2592.0711845304586,2680.5883242619384,2560.4759153907758,2479.8581018523464,831.5190322294636
552,2679.88473864848,1461.2594463470346,0.20809182626588082,0.13523293225261757,0.4038222649066026,49,0.0,0.026454679052753973,2.254348643477216,-0.8825527054390792,2679.88473864848,1461.2594463470346,3693.353216682403,0.0,0.0,156.56920550445565,57.29315540392227,241.9465414457464,267.05357126350583,245.88344752676903,254.60331546585923,279.016958002342,243.21908546813393,261.3085544815093,219.8061649101851,268.5966951639116,257.3657617919364,261.3418350093028,266.4081880730757,267.6257138970111,270.4917851218337,88.68559906128121
553,1236.180891288764,1467.1848146011116,0.4421936089503831,-0.996616350413579,-0.25106466706860653,49,0.0,0.014570279910030081,1.4262440506182512,-0.3854846145752251,1236.180891288764,1467.1848146011116,1493.9166821465383,0.0,0.0,157.68251250666793,57.298059911518024,103.66479785256776,95.57671798753933,91.9796924796151,90.67362787840966,109.42078736645922,105.74686171700382,102.78436470372267,94.0245860722614,111.52161010045498,103.64705773095665,108.65686870089294,110.50725345009414,137.29795783408395,112.71764190361839,15.696856368858338
554,1712.778244242597,1467.2702606186697,0.440713514474626,-0.3957197930205434,-0.629113509779731,49,0.0,0.008290863151306008,1.032173729320374,-0.03438200324543946,1712.778244242597,1467.2702606186697,840.9208659313161,0.0,0.0,157.31494988710395,57.298378971550434,51.32265088252581,52.854337242038895,66.35767886874508,52.63479649032014,59.50671604819036,42.49935529416391,56.272935603504635,58.78606400657645,52.95080018702998,59.93710057363941,69.54207464449138,63.956530551032934,63.6343498229221,70.61499141219218,20.05048430394272
555,2647.131069241197,1467.9148743351186,0.8268550499506789,0.050086003195882293,-0.2139118785582674,49,0.0,0.03532466368170458,4.000182114110339,-1.5051994091654055,2647.131069241197,1467.9148743351186,1151.3162680227251,0.0,0.0,156.5943982870798,57.296092500893,70.58006830746385,88.05782097275589,73.13887908770478,70.67103173318458,64.76409905721819,80.58397133850158,69.1591830510701,80.80017118437941,83.50505561695546,88.05229786833348,83.22737650592032,92.48788240967937,96.17058096899797,84.18158873486624,25.936261185693716
556,1505.183792313714,1469.3304880932135,0.5561610882349194,0.3008507039540975,-0.029069629148260136,49,0.0,0.022594452712234734,3.115935237507945,-1.2339710564830075,1505.183792313714,1469.3304880932135,1097.0137664651947,0.0,0.0,157.47505414550002,57.29924570745013,75.19085484380007,66.57713253456836,83.12639238523685,83.89652079427387,72.46241775746915,83.77235319955093,85.32374915740789,60.84411637098262,71.87759000206489,83.53132183918903,77.35349442396677,74.07675190859734,76.19912847205597,86.53914843314456,16.242794342886448
557,2083.6085103162204,1469.6153535125893,0.5842969281213012,0.3300484091097912,-0.17295213749273836,49,0.0,0.00901349896344781,1.0458860443561628,-0.04871092021117576,2083.6085103162204,1469.6153535125893,833.7166493359884,0.0,0.0,157.02895049605834,57.29883507249743,44.82208317601523,65.13012838643242,62.64396591335981,59.068337676068,54.17435270982217,60.787229265890474,68.50481428636378,45.082038760273754,58.85914465457766,72.37375595744764,53.35993729881086,63.17380814823773,52.759539036208636,57.22842739434526,15.749086672135075
558,1459.488336526838,1475.702549863668,0.6511488639687351,-0.33684415381563587,-0.2771872781261905,49,0.0,0.014997977270794632,1.8170819204251119,-0.6484362681690785,1459.488336526838,1475.702549863668,1123.7567233161647,0.0,0.0,157.51030434690892,57.3018752418407,76.5889070064157,68.97632107714863,75.53741797871126,68.49429638664284,96.41975694059974,72.1727365674941,79.45471395788584,85.17446817246261,56.116030258666115,84.1560952802022,68.71856157513793,92.21267181522492,78.83406776881354,92.27987590430345,28.620802626455873
559,2008.1871679037215,1477.1817658895418,0.6128870913757832,0.1441470642154088,-0.11178158849161846,49,0.0,0.38262443482178726,55.648109929479936,-4.363626045614957,2008.1871679037215,1477.1817658895418,8139.515250942935,0.0,0.0,157.08709002849895,57.30214623703193,530.2723747852491,549.7133158588507,541.0792103452602,541.2541269496983,567.3792939864303,576.6949295361359,598.8666075214771,578.2764618149129,521.8544275301629,590.1641310626343,591.1342426382262,589.7727296968378,613.2994485213553,563.4503201119882,186.30363058371643
560,1796.6696940494362,1479.6049436526837,0.5924102951020067,-0.042647781516582245,-0.09119350823407947,49,0.0,0.014978225905453479,1.7995534477759743,-0.6379118749431034,1796.6696940494362,1479.6049436526837,1162.7106273860022,0.0,0.0,157.2502295866113,57.30345733882644,94.35614848950861,81.80847221049584,74.45863123636673,81.60707485488,67.86008298445022,72.44644467567777,69.16389616872189,84.30973835990241,72.42751546770555,83.80528393597405,91.20387559295037,79.29829720645435,98.57603469020619,85.55434747442126,25.834784038287218
561,2433.262707387949,1482.4267817347265,0.37740166386950114,0.5104293850885696,0.13580067310995228,49,0.0,0.009686187015355004,1.4025794607759472,-0.367318687118123,2433.262707387949,1482.4267817347265,985.2429999381252,0.0,0.0,156.75920861450572,57.303087126626544,54.83389338513227,73.12139585639963,63.08418482937188,65.86448537784207,72.81811212918413,69.16858177469359,67.21356295317199,76.44149173857394,64.12794790907422,75.0080732008995,69.75732652738729,61.76840358253257,84.52283651810941,69.04448642014354,18.468217735609272
562,2008.6744026177605,1487.9511831281222,0.5546633145669166,0.3083681563642147,-0.21118999702481253,49,0.0,0.027907161208922046,3.915985065731227,-1.4821025671977157,2008.6744026177605,1487.9511831281222,1837.895158192358,0.0,0.0,157.0866757923986,57.30663248493489,119.95608793732683,105.09187825952486,136.0947205798438,130.06906744531327,139.9744815188751,123.65087073967914,129.25613556930918,112.26894699072207,121.5877968182318,122.88560964033205,122.74585066085677,153.9698231500834,134.49277519623067,141.26395755488932,44.58715613113971
563,1440.052493554964,1488.7136605345522,0.4102185607391433,0.2305003459847465,-0.31990923194706644,49,0.0,0.011931771434316243,1.698448087754253,-0.5751306935193717,1440.052493554964,1488.7136605345522,1078.9735926477795,0.0,0.0,157.52531343751798,57.30728269326886,56.13208626239657,75.51972866906925,76.99885583548394,93.60184048706046,71.95833091691543,75.71413724529374,79.39346128735014,81.03245483441246,72.3521170512625,77.85888468850627,74.95584068536436,80.24502242829853,60.217021040731694,77.07075040026129,25.923060815372693
564,1653.4718296159388,1489.125638013392,0.6459880706262386,0.1791223528540368,-0.04160170258713229,49,0.0,0.018101152905817697,1.9714796467745441,-0.7369807446223543,1653.4718296159388,1489.125638013392,2083.928841404267,0.0,0.0,157.36067847175397,57.30750849594888,165.5039362145028,164.17131914034016,142.44116110623315,149.74491192145524,144.449523345871,150.312012187201,130.64390506248492,155.24357117487727,145.49558474646767,147.1169055180434,156.23253680144015,147.13786616513423,130.048629964474,124.8955016346513,30.49147642109064
565,1511.880074326563,1489.4773518182976,0.27475521524542873,0.2043310231603899,-0.3825547051126591,49,0.0,0.00830130472727465,1.1583023777339518,-0.15955486963350585,1511.880074326563,1489.4773518182976,984.0261263823987,0.0,0.0,157.46990528353032,57.307643128097986,54.88193168729724,95.98405471576291,69.606803936887,62.4899547353941,74.57819848008688,65.70320975452037,85.46068978335151,54.19222856235637,57.7959667401639,62.349719464605286,63.50995288499632,58.4940582890623,75.92941676144349,86.61712971582887,16.432810870642154
566,1734.8461847804763,1494.1943135580614,0.6512353547655162,-0.1411151262702246,-0.09632798444508422,49,0.0,0.010492400194782234,1.253015832229635,-0.2448913961735779,1734.8461847804763,1494.1943135580614,793.5672257714564,0.0,0.0,157.2978988938331,57.30958445700019,56.87470048720352,57.46277977442375,43.75198017985517,61.75433613526063,49.049895216273875,38.35339876819036,52.28200197251539,60.40293968055438,48.32600926099642,59.25740526781776,68.76354190402948,70.10723102334465,59.095145078941485,54.64679879945784,13.439062222591748
567,2328.061111501789,1495.3171154945076,0.28735065019529044,-0.012766951092397488,-0.4532570012772117,49,0.0,0.007479201146194857,1.3290463895607585,-0.3088503499840808,2328.061111501789,1495.3171154945076,847.0957931730151,0.0,0.0,156.84026599285255,57.3088452513329,67.46645166144252,74.60527347601095,57.34520145800231,43.33543332793374,46.6162561763112,46.96017804787141,46.63765023992703,73.36205085278527,62.27318010123669,68.44635602427496,51.08543675727041,50.63341925177207,61.2399763316662,77.92481369210772,19.164115774402525
568,1644.1130539032115,1497.2017241434876,0.6088738635851876,0.17353512250481018,-0.07753525051530885,49,0.0,2.548590781564766,366.53149340451915,-6.41027824092296,1644.1130539032115,1497.2017241434876,54060.82012472316,0.0,0.0,157.36789492602998,57.31087566298956,3360.8327398028005,3687.8134331990095,3752.6890146878627,3798.828720160187,3849.1813698039277,3720.4234379216477,3971.554252513228,3819.3543975344514,3814.4381389412056,3885.4550320363064,3778.7346296049764,3849.901378913133,3826.6918361616704,3787.1809470204944,1157.7407964222564
569,2825.073584503769,1496.9319561085836,0.2281361912269117,0.20408773512929756,-0.2725944609760763,49,0.0,0.012465308332371037,1.905235439815508,-0.699871628368519,2825.073584503769,1496.9319561085836,1491.880699323283,0.0,0.0,156.45688453968248,57.307227777647356,86.28538292908183,103.55658962849503,112.18363969812754,105.7656233684513,99.33415385238169,128.7690302440625,99.86526433970519,109.12815815074137,105.2340333569253,109.27633981875452,113.54949751333962,100.50802012288645,92.0133687896732,93.80076055452238,32.61083695613493
570,319.3760100331294,1499.8586193599913,0.6568006179441561,0.9428696374797277,-0.15303688800371607,49,0.0,0.010893278012899127,1.1215722345217214,-0.12456812356238653,319.3760100331294,1499.8586193599913,1083.1199027265475,0.0,0.0,158.38984764233726,57.3081125791007,67.72486717766719,80.15971609706835,59.10859815296058,77.90638729990584,90.8350953830971,58.78594342045908,79.76843196190146,81.56865188222625,74.56735037675722,74.14543181228257,74.83977128417412,82.22035953979034,79.6807758256536,82.42105025358985,19.387472259013727
571,655.829550561075,1504.2445258999303,0.340439477525988,0.3395667842247563,0.09034287839436128,49,0.0,0.01098271240519087,1.681030739173698,-0.563939137452719,655.829550561075,1504.2445258999303,991.3076441690487,0.0,0.0,158.13036434682655,57.31170767210143,81.54431984451597,65.87990656595305,74.9227032746935,61.13215239842599,65.54505030627575,73.32055656291342,65.1132178683777,57.60791164410949,66.279454271342,67.58339347767343,63.82942299907123,71.89959349037797,73.37167651054041,80.7079263554156,22.57035859936313
572,2653.7344210488536,1505.4555338925513,0.6850854605000637,0.1805770087770223,-0.005539565492314569,49,0.0,0.021459565796001074,2.4590359424430934,-0.9769121916013906,2653.7344210488536,1505.4555338925513,1279.0451213516765,0.0,0.0,156.58896088031335,57.31170014184137,79.32045632237126,76.69570144057012,106.84135864140332,87.21403558462859,87.7880485518449,87.72965528162806,90.86068348633533,85.11637434575532,89.86285182267532,70.21168788262692,100.16535973162756,102.08571254703307,95.57659612937525,89.6720894917173,29.904510092084163
573,1619.0165673325419,1506.181974180903,0.6674952999177765,0.08951673344111266,-0.07421830833112758,49,0.0,0.031050139642417734,3.8910812072999534,-1.475175736681828,1619.0165673325419,1506.181974180903,1445.441180807224,0.0,0.0,157.38725514856392,57.31462111299647,107.33613231375675,104.63380734404738,115.72285689343975,99.57337464708911,94.85859733799725,87.02044519481305,103.82346707232381,107.54830319477401,93.91897766158661,105.84016987500061,87.866149484529,109.92881938958938,99.68570650608399,99.18260591995283,28.50176797224064
574,2646.797706806341,1509.2778734115545,0.3771213615105177,0.09608278925387094,-0.29597137689262243,49,0.0,0.007382948415705832,1.0981851249655716,-0.10168889212051523,2646.797706806341,1509.2778734115545,1247.9267228878807,0.0,0.0,156.5942769322926,57.313327007410244,78.70867189582367,73.88480251323017,89.40907685229652,98.89654040585773,80.69782601472653,94.9440827808337,94.67491958879174,79.69398054970677,100.91164994960627,80.84559544770873,92.6736763499875,86.01727237083757,78.29696096559809,91.88126515020973,26.390402052665998
575,1792.8056021253574,1510.2166742818893,0.7383820784848706,-0.10244890046162965,-0.6583144964647268,49,0.0,0.010580251369832632,1.0683035354097203,-0.07173666409157717,1792.8056021253574,1510.2166742818893,845.3880268568655,0.0,0.0,157.2531585897659,57.31621571917632,51.87345511393116,62.968385181638,57.24509862203947,54.570192852483515,48.28956640664956,60.76462003202495,65.37292624494299,53.502085931367276,55.23884105126878,54.701841794454154,59.38699753779046,66.68600830042476,68.11968875965678,73.73001658367626,12.938302444517447
576,1147.2893150555778,1511.726659744643,0.6029099916711027,0.22078980834753217,-0.048446591893856444,49,0.0,0.054253697128737524,7.555309678343341,-2.1956306749435197,1147.2893150555778,1511.726659744643,1866.340913126116,0.0,0.0,157.75124256361033,57.316447171597744,119.79943454132004,124.03005312685694,139.28809308270624,118.81632100102664,108.98640900356796,119.14929599447791,143.82915850748998,140.65925163717847,125.65738564129643,138.68198517544383,133.63879542348744,144.47877573997218,147.17844291026103,126.1143459252421,36.033165415788844
577,1292.9214382841471,1513.4859628091754,0.9430278849439863,-0.06220110401995017,0.013218861445457347,49,0.0,0.017774848295581774,1.3352410014641383,-0.31389914956935083,1292.9214382841471,1513.4859628091754,1201.8214297525253,0.0,0.0,157.6388780957094,57.31744184060032,74.38682116199811,95.04053580592944,86.98337007875057,90.69270796147708,75.91385367926434,87.96756260702259,72.37528227869566,82.9429328557344,86.58640907867834,83.28401120575195,76.9209701309142,92.91828379167887,80.01079265600072,91.25819164804437,24.539704812584556
578,2438.9386733736237,1514.064067379941,0.3357409895441708,-0.457863660664886,-0.31184041380729743,49,0.0,0.007608161075005095,1.1198853017525157,-0.12293386166030976,2438.9386733736237,1514.064067379941,950.2834343836689,0.0,0.0,156.75459895432158,57.31624609378713,69.22277167332638,65.44851370945844,54.68954871276986,71.43390079809782,64.89877386379553,80.22214423941887,76.77977840789357,59.17019551461903,60.50543126546529,71.01560019489136,53.03586326781351,66.83338249957465,71.39189701773721,74.04394328589726,11.591689932910082
579,2652.4510071107734,1515.3340008036384,0.2830237345809137,0.23322114044844597,0.0699547277249892,49,0.0,0.008846175931488159,1.381042344959448,-0.35051748735947763,2652.4510071107734,1515.3340008036384,1176.0093513785725,0.0,0.0,156.58986000979442,57.31582213331827,68.36659451514869,78.1264124416741,83.51749645179248,84.45218041728509,77.35034013329141,94.88939226403778,88.72256241884341,83.29425060377645,92.18300244658536,78.71936656791954,81.31865278892484,80.25586596167963,72.60261725892131,87.6404791726095,24.57013793608294
580,2552.032643946747,1517.99469460558,0.7429189261411405,0.4126539786641429,0.3483094533933565,49,0.0,0.010482204145440899,1.021105099403127,-0.022676112665222393,2552.032643946747,1517.99469460558,871.7771186621601,0.0,0.0,156.66731140762874,57.317405716134964,63.03545591413747,52.74438992311089,62.82731267572059,66.75756421582122,68.9557368192327,61.999642450306204,56.55815455558094,65.1356677139139,54.059699551720485,47.56741016992409,55.95108371644143,57.696676681164746,58.981541385981345,77.94355268656128,21.56323020254284
581,2498.7672935665355,1518.6006271337174,0.534009995262166,0.9570183078096228,0.37833250638645716,49,0.0,0.00966381217822235,1.1329998901425273,-0.1355746693837877,2498.7672935665355,1518.6006271337174,999.0897152827299,0.0,0.0,156.70840362517484,57.31789083896761,70.4236323505669,60.842812508816095,56.23952052449285,74.76868722377179,69.45677957257483,64.42944392298358,59.16597673984135,65.13913971508475,80.15898101865062,72.53901235849015,63.452046055734165,70.42071237800047,81.92122882453143,92.57319043667597,17.558551652514986
582,369.8651962841841,1520.5041430055776,0.2738227419938587,0.7168686524921138,-0.24580290164417423,49,0.0,0.01696890239035859,3.05247148922566,-1.2116290405678563,369.8651962841841,1520.5041430055776,1375.341234551211,0.0,0.0,158.35112796069336,57.31701304224482,90.62892431290722,108.87165438891627,96.18118900469109,101.03651215520834,78.48080548828773,95.5417034570873,103.976862641805,99.81725615471737,98.6389453979868,103.45766849641282,75.69766900979165,83.6337456037557,110.85330848088643,93.84913261344235,34.67585734531491
583,1377.6846167160259,1521.2152612305865,0.7707782590181086,0.1406471060048834,-0.2857373383072859,49,0.0,0.012857345866125445,1.3786075801862312,-0.3486016552634046,1377.6846167160259,1521.2152612305865,907.4563539189552,0.0,0.0,157.57348801370102,57.320768533833274,64.86407710357044,69.13329387546916,65.67009258646128,64.31831266741258,54.846745796350106,54.42306631113828,59.80713715222723,55.03397413038134,52.77804687894396,77.66711913282666,63.211215107723966,67.56997987299093,60.738109699979475,77.1898121001413,20.205371503338498
584,1568.3598422300336,1521.3047982129474,0.6279205470393374,0.4664838120721123,-0.05828422809102044,49,0.0,0.05813339229152351,8.161992675941361,-2.2794905018222167,1568.3598422300336,1521.3047982129474,1815.1381678931823,0.0,0.0,157.42634452063191,57.32092065701325,123.9235052259821,147.3205225460413,108.10696742103312,124.9961940505569,128.7158358010515,131.15625431213573,110.75133865905346,118.84388378636379,126.90409237356644,121.04169678345262,138.79409473401017,123.30704394330066,137.2052629445401,137.44062436606262,36.63085094603165
585,1911.2968572591212,1521.4255293039885,0.8769704718230703,0.32734794580144133,0.060216183964050846,49,0.0,0.01057450861030295,1.023892505216162,-0.0256359100517236,1911.2968572591212,1521.4255293039885,925.310667978671,0.0,0.0,157.16170090094244,57.320745263466534,75.62227972680553,73.77588192926612,60.450918953173776,66.6311741183029,61.71323395942058,70.11189841942044,72.92380837105222,60.66314872424907,52.81060844290608,61.999060406794555,59.449005454694245,45.273854071045264,73.12394558459815,73.77267658429327,16.98917323264879
586,610.216790846286,1523.0773799365086,0.44782983477728483,0.3716194844305928,-0.2891310977919405,49,0.0,0.025444246112877975,3.586519269603304,-1.3866829213734344,610.216790846286,1523.0773799365086,1440.9362753267328,0.0,0.0,158.1657141198612,57.319345627590096,77.66144231527252,112.84841173338336,95.02658868235523,111.47330667032614,105.32912767900832,101.21087016017563,81.8022148653483,97.9628713948899,98.00744239281951,94.73837135115747,97.70579145881038,112.23217317427792,107.53967210526326,111.93298611551776,35.465005228127076
587,3079.642795194252,1525.3570421500401,0.4879572000087801,0.13758501992230796,-0.25721734146190767,49,0.0,0.012624036842083028,1.4238401188207395,-0.3836530641717226,3079.642795194252,1525.3570421500401,1164.6704980978043,127.05647641314144,1107.4373847340812,156.2601851264675,57.31744467334477,95.8400649615331,82.97124179025539,79.92873188589618,92.57046730359966,88.45495436469747,92.90315672700709,74.75739461180274,84.8991030716578,78.16071518506831,85.689361115837,91.04827980689166,73.08965897451911,71.60324838463696,72.7541199144018,0.0
588,298.7069755589606,1527.3061623344604,0.6108427266781029,0.4165605238053156,-0.614374442948535,49,0.0,0.011734884201911022,1.1339068995192574,-0.13644349467066036,298.7069755589606,1527.3061623344604,1165.6575566806332,0.0,9.69880221874326,158.40610180821028,57.31942127703854,76.7775049808184,70.71169418567007,96.46457974392466,68.41670526974009,92.34031439035329,81.95680894456981,72.80121714891305,81.38469837863431,81.72584955769715,72.08502446627702,97.92100338554849,80.84395707997865,88.88421800736636,73.82894241329818,29.515038727843816
589,797.3077213279191,1529.117583823954,0.450010612199444,0.3954354339891052,0.45946752469334207,49,0.0,0.009796640485454044,1.0665776063393955,-0.06998115269555677,797.3077213279191,1529.117583823954,1235.4105314258823,0.0,0.0,158.0213966319458,57.32265465246738,89.07343663219345,96.13062850218603,80.36928451810655,87.95530526538116,88.07771689252758,82.11578834005611,95.11656538793395,83.77967381045478,84.79702900657878,78.23284009058224,85.29322968155032,79.9681660925269,82.55020099913943,94.7241266725891,27.226539534075854
590,2347.5958392652565,1527.483206588875,0.5567518056760781,0.44411678575385144,0.0442449859643978,49,0.0,0.015155582910372698,2.119518368977637,-0.8155929619221435,2347.5958392652565,1527.483206588875,955.6562606436798,0.0,0.0,156.82498671202754,57.322179101565354,77.33135413081962,58.429884661447815,68.41572541425504,68.12005570160139,44.26845224405177,68.42305082960647,62.47595064287779,55.07343147497011,68.38001746181155,61.87371111839128,66.04040750053856,83.42325259266015,82.91342236871608,70.31327757452182,20.17426692741032
591,1399.2850900368614,1528.6005516160617,0.8120126626931604,0.15485721384474563,-0.1530334468559126,49,0.0,0.028821236605071115,3.134844711814061,-1.2405400810407539,1399.2850900368614,1528.6005516160617,1186.9688885594308,0.0,0.0,157.55683207524913,57.32386735824115,87.15333009924554,70.9959873311876,73.86907086159816,91.13006221360826,94.33821690411511,89.3269311988901,72.89753238567911,97.15815306473397,91.25690630549957,78.75133628788657,70.9475714302266,85.65717291295547,80.89932552751353,80.15661589044484,22.43067614584639
592,1849.496244288101,1528.6644979259383,0.5248093814496831,0.1690998130040342,-0.0217199964087806,49,0.0,0.012188281133780258,1.5490569529057676,-0.4751684635038965,1849.496244288101,1528.6644979259383,951.0432482521094,0.0,0.0,157.20937607860088,57.32384319013261,52.984799823384016,53.88749111662858,77.2335700923942,66.78847080898504,75.35947357779075,62.08584029941617,59.38072912825514,58.84130397741094,51.891262953857606,83.07433392725395,73.19909720120577,86.03911899079807,55.672927135402674,70.67861718023494,23.92621203909151
593,161.42770977606486,1530.6842878453617,0.6907625006870862,0.7508283690556579,0.6742978516338004,49,0.0,0.019437258281918487,2.9040121782659676,-1.1574960832232213,161.42770977606486,1530.6842878453617,524.4333829955475,0.0,15.145679318285485,158.51205392715235,57.319940052437644,0.0,194.67186805251234,0.0,92.42523399086875,0.0,50.51790171715721,0.446070466953808,0.0,125.61739132849787,4.842421662812677,40.39445996491897,0.0,5.584733190845081,4.909307149098787,5.023995471882
594,1948.0857961026265,1531.1628883650549,0.6993618573376699,0.18027498451760612,-0.08186822638417436,49,0.0,0.166181647758022,21.951204826277166,-3.353645905413902,1948.0857961026265,1531.1628883650549,3627.141956606136,0.0,0.0,157.13328175154217,57.32474524546771,215.86101534890514,242.9392882611665,251.32628851934192,253.48985682150737,246.39341875169185,275.0886922543873,238.82212887232822,243.96347337799767,285.327212995523,248.1740912198481,234.75802169715774,249.57310201872576,327.3960103384861,253.65340060802413,60.37595552104479
595,1237.0770061115866,1531.8448076228856,0.3763186783836967,0.24047371211101665,-0.48975222033620214,49,0.0,0.00807373831730623,1.2760567212510783,-0.26467494846060985,1237.0770061115866,1531.8448076228856,837.3762970448927,0.0,0.0,157.68202696625357,57.32500277632016,55.588535809232454,57.98314712573557,53.174728339508206,67.13849686188212,67.3389088399231,65.58161895698008,45.421167910224554,51.60894242588139,59.24989396821384,57.22464558616139,52.6829721082465,52.96940803070135,55.098100309055226,68.44577827759898,27.869952495547878
596,2614.1486995379964,1532.915721271333,0.5341370668534134,0.06654190248381132,-0.2436875791454941,49,0.0,0.030401729179230307,4.076187127465877,-1.5256352828897013,2614.1486995379964,1532.915721271333,1591.3996156006297,0.0,0.0,156.61925425099463,57.32333397888242,96.98606650218593,105.24993887030244,110.70024567739256,102.12692982338115,90.65147851005182,120.39119345088918,118.31229087689184,117.18867478341787,119.09881634263299,112.22308948556318,106.05872722676973,99.52011103226417,141.4842420972719,119.39486718764793,32.012943733967035
597,2652.3640775654444,1533.3112386717462,0.5664060150773601,0.657059821535923,0.028868328809943233,49,0.0,0.01798309692647196,1.682313295468992,-0.5647671930174165,2652.3640775654444,1533.3112386717462,2027.0944757222114,0.0,0.0,156.5897616043385,57.32331232658343,136.26586470456425,127.89231440862821,139.11006508341512,136.13795128302257,148.96221151610587,131.42123710879207,149.78250961306318,138.31601907434825,136.091668041811,146.7707553569998,164.42584326502976,151.99514903687313,128.00566042135435,149.63109860639594,42.2861282018077
598,792.7908859576578,1534.6683879151076,0.46666287359823405,-0.2784860323159594,-0.1463245144064922,49,0.0,0.010501722380751187,1.391320685510295,-0.3585681051668851,792.7908859576578,1534.6683879151076,1192.4329210959002,0.0,0.0,158.0249214178727,57.32495016443673,77.00770294160834,89.4361230130059,81.7856883400417,76.02662006267485,75.5737220462463,72.17915652259536,89.48143738435337,82.58818557809775,74.2621474692487,91.40776101307256,85.21327991919487,83.27457980696651,91.76284278470199,90.35893718758702,32.07473702650492
599,2386.3248621654034,1536.3625544103434,0.8184846172817694,0.2121196819120149,-0.17075564995722667,49,0.0,0.02497615142802376,2.7297693942455226,-1.0903149005352042,2386.3248621654034,1536.3625544103434,1047.7293672860242,0.0,0.0,156.79503951985532,57.32573840190211,65.86697385171362,73.22381272499193,81.11434909235854,68.25435915981872,77.54101837164774,77.34074274377625,67.9868978111188,75.6212050449565,52.86614802178612,68.65455705499869,75.3473943525816,73.18918961362938,82.83951999173632,84.20737051952513,23.675828931384753
600,2567.5513814772694,1538.5180718555005,0.696919892838622,0.25969737339162974,-0.1708958914926384,49,0.0,0.032634806273476716,3.9221602246362988,-1.4838133277749028,2567.5513814772694,1538.5180718555005,1352.106052802801,0.0,0.0,156.65516434103364,57.32588608746556,95.23100669514415,102.88309948650252,98.94728188140107,95.01048908601153,86.33507448517821,97.51003766634615,101.7040350909615,96.40883888519693,72.01892335719273,101.41284340908533,93.69703945298497,81.69634600676918,87.46352642544792,102.5909353484164,39.19657552616256
601,1673.0646256197824,1541.4525288672141,0.4035708504054776,0.8762625529357067,0.21107633312208257,49,0.0,0.015198865979997141,1.1098304445197886,-0.11314158517806136,1673.0646256197824,1541.4525288672141,6037.880721931552,0.0,0.0,157.34553099969858,57.329305541930026,350.9077837641449,462.9297737451474,427.90825894337,392.44640519386326,451.9301187525654,412.4439332740936,422.28583333673515,414.1597658164159,428.00515274547683,451.8794905581172,420.02099126593646,426.81859053730903,431.20636049011273,413.16642124089674,131.77184226736682
602,1188.1005680146168,1540.3778134415775,0.4610928533213378,-0.11880862170613375,-0.5625098161938732,49,0.0,0.008777446266034515,1.160677920192681,-0.16177930712258456,1188.1005680146168,1540.3778134415775,819.3664773481485,0.0,0.0,157.7198564038948,57.32846838451972,67.01683610180714,55.867835592359775,59.4428158082601,45.24767519030672,43.894272030524036,68.82085526710732,63.03435043953479,57.50034748791655,50.4406314360106,56.372888542267944,52.25357491163386,61.87592945344964,61.438317469284655,60.8444772995793,15.315670318106182
603,940.3083317248254,1543.0092008555155,0.7848983060438965,0.2934642275857567,0.07154108818311483,49,0.0,0.01346350167248602,1.2323820953837845,-0.22686345014984993,940.3083317248254,1543.0092008555155,958.7564195789037,0.0,0.0,157.91112423694597,57.32893686470249,71.94510367185495,56.1089658692732,59.02917877395771,65.69598050545098,54.91623401631391,73.12085221905191,54.59097509207669,83.13703904854319,67.09520878367546,70.17194642893713,60.23679618522496,69.89231993584765,78.87922330613483,78.44991517257093,15.486680569990115
604,534.088981668209,1543.5042809109289,0.3831023050950639,0.4102173511965792,-0.34497156458161543,49,0.0,0.023891397597651895,4.051016336058492,-1.5189099862888609,534.088981668209,1543.5042809109289,1430.1926231632654,0.0,0.0,158.22464255863352,57.32748620796687,101.79891613101427,95.08470121457975,98.84716657634179,85.80646455445216,94.36891178226753,100.5863110909582,102.91548478331386,97.06724381184779,100.77434392118838,116.47319144776603,91.85455061010941,99.66578258833968,106.52107856081041,96.35913470745749,42.06934138281855
605,1024.558471625458,1548.6903654740956,0.48840326847474097,0.21561254635894275,-0.10302564815801706,49,0.0,0.009420072089979178,1.4061261193204362,-0.3700606887445168,1024.558471625458,1548.6903654740956,817.1385587481433,0.0,0.0,157.84612551331145,57.33154998695285,57.24925257039425,56.251671340745474,62.328400515935144,58.59379855890802,53.536858576934485,54.91348997018095,52.9274436749555,40.353160751158725,65.6242971172767,54.1379386203993,54.223816081449556,60.773233610391706,72.1285305330483,60.2091369159491,13.88752991041606
606,1523.4485928551399,1550.061975151605,0.5627570854808402,0.3915039562437581,-0.06050526910202507,49,0.0,0.014815986037855606,1.8507318805869686,-0.6683587653914196,1523.4485928551399,1550.061975151605,1057.4359832162063,0.0,0.0,157.46102193642352,57.33289122272673,70.41915362888813,80.72134932507063,68.46792480035005,82.2827219640549,67.2320094924785,70.11468068035788,72.8014457061607,63.50891891659005,70.7465605064641,68.81718764915654,79.95073161008833,74.25853371007378,77.81595274202277,88.14623992072077,22.152572563729166
607,1696.9772667034151,1549.9322704690842,0.7032545761154841,0.14255906943038346,0.14033278500636498,49,0.0,0.022772988630883163,2.6678970779299678,-1.065422678413697,1696.9772667034151,1549.9322704690842,1091.7077708578704,0.0,0.0,157.32706624351462,57.33282921395047,76.24765220230336,75.53844056321483,98.32882345278054,61.26573722984608,89.99515806721169,81.68186184337631,69.79326954349818,49.82685577432861,82.35558519466034,64.20940490213633,62.547868832599946,91.5757560091393,84.29232720490063,84.08224223990938,19.966787797964937
608,1282.1705122133237,1551.7268874707236,0.6113183557126662,-0.40895942968293714,0.3547396486889391,49,0.0,0.011780760119360304,1.3232340419554425,-0.304091662888221,1282.1705122133237,1551.7268874707236,965.4806100349209,0.0,0.0,157.64728027137826,57.33335951799707,79.549238957955,56.14913208291074,55.77917309589167,57.45994729186953,71.95474819640611,59.92399981950983,71.70989908783832,52.69523739073621,83.9819682505104,58.91777316753445,78.42196206235043,83.89812117389884,73.54241829834908,62.79193767979999,18.70505347936038
609,1895.2607721816075,1556.9273053578465,0.3485115114187245,0.0976306633973472,0.0669271318519723,49,0.0,0.006882172580724928,1.0399337943120783,-0.042514228823478536,1895.2607721816075,1556.9273053578465,877.4784198237173,0.0,0.0,157.17398414915118,57.335560485282606,55.184106162078685,64.05947376716607,77.54113407243824,69.56399224688276,59.571749603679244,59.353757159061246,66.10210508740073,50.01178511306482,64.92127530305176,51.49652585991538,59.493109392745964,58.6021115541033,60.283318794657774,55.501431707239576,25.792544000231764
610,1730.6994544863903,1560.4265541266288,0.6824846183449315,-0.0002955945105887076,0.1910861480689379,49,0.0,0.009950012078610761,1.0813332392873143,-0.08489888261968906,1730.6994544863903,1560.4265541266288,1004.756507394082,0.0,0.0,157.3010224540408,57.33718376287529,71.03995713220888,72.7914231378609,70.75562506486685,68.11075922105415,71.32213813732649,74.3184436553098,60.58511473709733,59.96459740714102,68.35072951339632,80.29073863899879,85.79544858816054,66.79043889580817,71.03974199595504,66.71035341293563,16.89099785596195
611,826.3742794844571,1561.335541738013,0.7640714436396951,0.05645528635288022,0.07623114530591846,49,0.0,0.015466225731922582,1.5785275341657432,-0.49563040417045523,826.3742794844571,1561.335541738013,939.8365914279859,0.0,0.0,157.99918486697746,57.336186355689165,77.88010383366263,61.89084035448022,68.58775466953847,57.59354758524106,63.62714742691283,62.79642556995371,70.21278252745765,59.535551685736095,63.192092750201354,50.493757317675104,67.63362755726607,52.79765233642115,83.23361419889056,71.95092838693687,28.41076522761223
612,202.8323801441496,1561.2636424451175,0.987677349734517,0.2343315876609165,0.11016968570076084,49,0.0,0.0166344658520491,1.7216789951368723,-0.5898804525264051,202.8323801441496,1561.2636424451175,2888.5710378685826,0.0,497.11098490754375,158.48048430715082,57.33295655614455,96.1497598971797,66.11736100745534,64.06288107648597,78.0858174622465,111.91766610942327,42.8833492326189,49.79309434717197,45.76647287285029,96.18843983935338,44.94934263149292,1917.878361926523,109.2977637845232,52.00779261602951,94.8351391409256,18.637795924302946
613,487.3318157479716,1562.1064698796104,0.6409381396858496,0.2823832859069276,-0.32133961907882874,49,0.0,0.015769389047432508,1.8112830083135976,-0.6449657825304861,487.3318157479716,1562.1064698796104,995.9300891440097,0.0,0.0,158.26090771329106,57.33499550764734,70.72705014705762,65.60479428951012,64.59961298780547,63.15063911089311,72.37882154610038,62.71949236653739,79.85687941756194,64.02935405708979,68.56741822355998,67.13280446163672,73.13038199832536,79.94148905122584,72.37337641859621,69.34099713298541,22.376977935124273
614,2794.0317181011796,1562.007780571952,0.5767161126894724,0.3109258862638818,-0.17439754604737642,49,0.0,0.6749552033772528,97.64165942600474,-4.974087879173226,2794.0317181011796,1562.007780571952,16657.10030802598,0.0,0.0,156.48014689832797,57.334516369266254,1040.2064588483229,1230.206830641789,1175.21016316323,1118.2336283204072,1140.3550668573544,1144.0010788013142,1195.1440431773135,1139.5189381887963,1190.8640997222828,1206.3821561210216,1159.6279416012246,1186.2419575580125,1166.7910103048034,1224.643844984657,339.67308973545164
615,543.0780057361288,1564.2966942770554,0.6311540944790068,0.4765326652873204,-0.10334001788115446,49,0.0,0.010286686083844586,1.0479466318251598,-0.05084791536448424,543.0780057361288,1564.2966942770554,1067.3376793344064,0.0,0.0,158.21789791969286,57.336193931716224,71.08275739250607,72.49476452171137,75.95655158147372,73.4195831197832,79.2235068971266,68.75180340721732,83.3930170066709,72.71544095831487,77.26511602004359,75.19591545545649,88.23789343602661,67.70000808903374,71.3664043412162,69.86214205833139,20.672775049494295
616,2404.3883656273174,1564.0568634737167,0.40536327682996504,0.03536073243078544,-0.21576298538556252,49,0.0,0.0164639741829661,2.3743053044004765,-0.9388414069037063,2404.3883656273174,1564.0568634737167,1254.8957234702339,0.0,0.0,156.78090417405747,57.33720918711606,72.44121467571279,82.11347688600438,78.58901593177868,74.19563958640472,75.9263725105398,78.0720695255473,95.75934908257906,86.46695727387187,99.1575017392652,75.96514712624082,93.90629676449548,101.64657057191086,78.58153133927725,130.05151063659622,32.02306982000961
617,3138.5960122334786,1564.4588381696142,0.940531511706302,0.24457462463566482,0.12869910852214286,49,0.0,0.012511877514101719,1.4590384609846874,-0.4101668506610818,3138.5960122334786,1564.4588381696142,356.98908333202627,138.11786301735435,173.16028278822495,156.21418117540523,57.33331358708047,24.65847123562191,10.998512320269652,6.634332399345053,41.26709951817273,98.43482343070613,36.982914223713166,61.88583407643157,1.2431549956939465,13.131153706445774,0.0,30.382064836555273,0.6831211533228976,26.576907232455735,4.110694203292464,0.0
618,2754.855994606528,1567.3637091569985,0.7390248641548749,0.3264932336431161,-0.07447315079686223,49,0.0,0.017080665490669802,1.881443512404387,-0.6862279594840612,2754.855994606528,1567.3637091569985,1014.7487709974913,0.0,0.0,156.51033107188556,57.33696507503375,67.98378269674834,74.27419114015494,58.28531025429207,60.106627990776715,70.75648282760042,70.7266834843449,60.29197935648196,76.11552288208367,68.05705890536666,59.532506957964074,87.27170009063143,79.09310980871506,71.25797932204665,95.41538076035464,15.580454519929829
619,2175.954031804435,1568.203098505603,0.6952941833621122,0.16943818249644815,-0.2755438092374082,49,0.0,0.011253435456298097,1.100788735005571,-0.10425994133207839,2175.954031804435,1568.203098505603,942.8339167558142,0.0,0.0,156.95723632185405,57.33968137335283,56.4453624515632,61.874742315435604,70.24414644496535,71.9419563005201,65.38512495049261,72.07155707778404,63.47590339155502,62.19894999169199,59.75532870125183,79.66734697794683,56.53842163239586,63.029573971475784,67.9383364812793,63.957840347142984,28.309325720313687
620,2838.5059999104674,1568.5581438993943,0.4528645530493881,0.5268083192757128,0.034501942880022146,49,0.0,0.008074561569546125,1.0791171576232077,-0.08267149434664652,2838.5059999104674,1568.5581438993943,909.1101652880295,0.0,0.0,156.4457484102998,57.33698978605789,70.12152971893507,52.26813639286729,63.91651793203104,67.60087531467641,59.403261094622465,65.03518250937798,68.40401312580478,68.41727045019522,58.138134852262866,67.2115073161643,62.58818314468752,78.8452598939082,58.26446164924707,57.93260956998785,10.963222323261409
621,3090.680322062838,1569.1897932160175,0.47560922106876513,0.21508221441526088,-0.6183960790682862,49,0.0,0.016733001128065354,1.8955199618593168,-0.6943209059337001,3090.680322062838,1569.1897932160175,1355.4310099213699,181.3860525098682,1329.852603052445,156.25109871218007,57.33562724904295,109.53399858949064,112.22986880574561,98.20799354182428,104.2756788360122,103.98393724571072,103.49639943779486,94.68885317691722,102.51037844716714,95.56386523396682,87.3570447485084,92.29327141404501,93.46455780146442,77.63336870475018,78.87253678099492,1.319257156977482
622,719.8049301965726,1570.7078558088617,0.4552920532427672,0.4094091771911147,-0.210381345045391,49,0.0,0.007589246552166107,1.022957216904619,-0.024643676531665777,719.8049301965726,1570.7078558088617,818.4454564932955,0.0,0.0,158.08152390969315,57.33967447137057,53.426610947250026,69.26303471531904,53.799373714276896,47.58347168779825,60.60192600409283,54.559855749287145,59.821023651430096,50.252626497574596,70.29373323440433,58.03659754817404,60.41380151937462,48.66774357905743,50.03723986412881,58.55478530444606,23.133632476681303
623,2322.5877953482686,1570.2852686158567,0.3692758779544051,0.346062046603109,-0.31679855354193875,49,0.0,0.02953959897227138,4.7059949235813425,-1.681628635902705,2322.5877953482686,1570.2852686158567,1771.7158053611483,0.0,0.0,156.84401426292868,57.340099225582634,111.2171319037475,125.14417302543092,107.39522802472834,147.91617768869742,113.1754015073462,126.31673070607349,103.94112598180058,115.3423752344635,129.87613375559772,158.5547105948948,141.99377352576545,126.47245904885033,116.82159739861464,116.78573298183412,30.763053983303315
624,2932.5831228386983,1571.5628439330378,0.45955248898857415,0.7221546825039908,-0.015697277512032353,49,0.0,0.014866142680956288,2.0795971223680145,-0.7949480195229197,2932.5831228386983,1571.5628439330378,1133.8353779866254,0.0,0.0,156.3730968430012,57.33767019038302,68.38002559833127,86.46500893590412,100.816547121643,78.52782389671583,75.32920229436732,77.59471702798591,87.36980262695732,77.76927962872031,73.05424964410916,76.03217936300751,79.80501347126476,65.8456409774322,68.5300359653788,91.2342057897985,27.08164564500949
625,1196.9334110753102,1573.0037131645377,0.4661985184301413,0.1625080644186113,-0.45411515799182406,49,0.0,0.009552342769667837,1.2425002298291692,-0.23574119434547808,1196.9334110753102,1573.0037131645377,920.7129769551517,0.0,0.0,157.7131541465199,57.342079334045835,60.5514459384987,60.973176381601334,75.17615455082536,68.12580329560933,48.04605403945139,53.242606516140015,81.10432487936623,55.34461716491973,50.75587576915558,52.3092409129612,60.622009441957985,74.76934848043881,64.85825579050586,92.56098420014575,22.273079593574366
626,1637.8756427928754,1573.9229804620752,0.43460319603647257,0.2910343059935814,0.0015731648409174016,49,0.0,0.05066195769420367,8.10270397858777,-2.2715749320776624,1637.8756427928754,1573.9229804620752,2196.095070181441,0.0,0.0,157.37268191905795,57.34284403374519,134.27049070606253,148.08916016797014,156.14025307321816,141.07615730333288,164.72186971856684,131.03248536326257,149.68049652179366,158.7838298120791,175.68438517999914,142.66281006724014,170.44352301938238,153.7868110145256,146.48621628019475,170.15028376702384,53.086298186789094
627,2232.8461840838872,1575.035880901376,0.6650792341732982,0.027318063268793435,-0.21322739528851992,49,0.0,0.01063786054095795,1.2577720163967574,-0.24900482019410303,2232.8461840838872,1575.035880901376,810.2295050834451,0.0,0.0,156.9132743084416,57.34236585836437,41.90996505841587,48.93754337288103,59.621272121730456,51.68207212989391,55.669992739549855,52.04958307857716,59.14085136943095,45.89869403516404,65.17871255664122,58.69242467343588,63.84270376798438,66.34813123367792,70.70124213946488,50.771169608271634,19.785147198325994
628,2408.594101892876,1576.4943471780484,0.6338509655731172,0.2562145396750137,0.056621967165946654,49,0.0,0.009059875417877795,1.0382343311410642,-0.04073846382916346,2408.594101892876,1576.4943471780484,840.6469013181389,0.0,0.0,156.77756936498554,57.342375142830974,56.80720933333183,53.095885986095126,47.83398534424029,69.01267487557917,46.49416945599134,51.0508860299829,49.498247438871914,58.14419607814629,66.17160831325099,73.07115460786659,48.691474905180826,66.0281400711581,67.83747795697275,69.49799677126464,17.41179415020615
629,1026.2674463157773,1577.2297481093067,0.7683932865687141,0.30189580508657216,-0.13374225336735093,49,0.0,0.044067271274136004,5.176371492960714,-1.7850635920425548,1026.2674463157773,1577.2297481093067,1376.8142482284088,0.0,0.0,157.84494991947378,57.34344568363698,80.64072241673043,90.12225534723174,91.86798534947489,95.65398949481173,98.42589030537428,88.54222998535018,95.7638601418597,84.37822514392445,90.81654170912086,109.20744946615508,84.89662900986943,119.77111767732691,92.41881706347837,128.20045161301607,26.1080835046846
630,1614.3037054602864,1576.7303412750814,0.5425549817950291,0.1519267387451873,-0.09659856470977124,49,0.0,0.26185143431885566,40.814541262508946,-4.027037298959808,1614.3037054602864,1576.7303412750814,6476.401533230737,0.0,0.0,157.3908829163444,57.34401661904695,392.6483028938396,433.1404332601992,413.5624826235296,484.44626989582423,435.16977642642195,441.48116728003913,479.93307027347,455.12046905106706,465.206058503863,457.10025418422003,458.78138802250146,499.3003152325566,471.19341287811,461.86805937529755,127.45007332979897
631,1850.255164808827,1579.3675133696518,0.7080973512581152,0.12827511776922665,-0.043345259360791734,49,0.0,0.04516820384345281,5.710308867986399,-1.8916489991760421,1850.255164808827,1579.3675133696518,1506.7235146828314,0.0,0.0,157.20867946901294,57.34496843018514,90.46082950196813,108.60325360589913,110.50094514419601,112.08259902211988,89.93870251414361,113.48951529358823,105.55630042151603,97.40349149966676,105.32581906890691,107.43519835548858,111.94631322795695,100.36054852903416,104.45434691761037,121.58752414374439,27.578127436992325
632,1268.1820230290132,1585.440943464762,0.7036287519702801,0.3369527925413964,-0.07127976350744689,49,0.0,0.12863822450240348,16.423891195886657,-3.038690148203198,1268.1820230290132,1585.440943464762,3124.2603579939528,0.0,0.0,157.65817687124618,57.34738539320564,237.7700746050425,215.1201330914073,211.00180188902058,213.92894485633713,206.6967273867107,211.51889490786525,243.32674457148826,195.88222295462273,228.64596431821212,227.2682434869355,223.04795022373565,217.1698257986945,224.9009441234832,214.99200656092978,52.98987921946767
633,555.0945340240046,1589.5689680605385,0.3224894882772001,0.6134290667057753,0.2968621845503387,49,0.0,0.006845223736829393,1.0318995624588831,-0.034093570765253954,555.0945340240046,1589.5689680605385,853.8817874933377,0.0,0.0,158.20885356268678,57.34678271194265,55.5353243448086,60.49764156977549,50.714907430183956,58.5588811298961,58.86407130896697,80.89589816937053,62.18645230614734,55.2918975327671,59.17064099689783,65.50485570765727,56.32760447159535,47.695902104395145,61.79501274150749,67.01782332188887,13.82487435747976
634,271.17848961768885,1590.7550829021932,0.6129833066159179,0.9185369501106084,-0.4952273124007215,49,0.0,0.0339382392995128,3.839177005535467,-1.4605953393943105,271.17848961768885,1590.7550829021932,1990.4723623288787,0.0,510.3145367317361,158.42807888979482,57.34568304148642,136.736287361044,126.8874366272238,128.3336079766656,153.07651484955062,135.94795461627314,143.9872442390552,128.0965776082162,147.35353186520308,134.57590601816563,145.186189598613,135.8609700273744,133.84450552238553,155.3417817811494,145.36403380886208,39.87982042909725
635,1596.5436724193137,1590.723760127782,0.5256943171575932,-0.19849966960945997,-0.08585112490882031,49,0.0,0.009960514660319568,1.2619824619061133,-0.2526332986206781,1596.5436724193137,1590.723760127782,897.2655433833926,0.0,0.0,157.4045974495677,57.34984762355987,56.50509026700258,66.49083757806946,58.97424470236136,51.55848156974402,66.06827062707657,74.83030072120897,58.52203724300706,60.01777674685569,52.09395038033581,66.95829841528581,54.85422947648333,77.51332585111636,65.6212020179152,71.25472034418357,16.002777442746794
636,3032.081468873297,1591.0300427615894,0.35470624526180494,0.2657287120493684,-0.6692408919919106,49,0.0,0.011965300371182642,1.5880806114245922,-0.5021813589057916,3032.081468873297,1591.0300427615894,1131.577071920381,0.0,500.4009952710518,156.29605262305782,57.345130216438484,61.71284142629622,82.34809381177993,90.04103742311351,70.37125330989025,74.80319966212093,82.13991231112604,70.79797599693666,55.9361866904416,75.96992723672241,92.96723703114881,81.00401029729986,75.34738026971128,89.31526230818844,103.27728854544327,25.545465600161748
637,316.0272375948183,1593.5159525645593,0.5240605221135608,0.8648374999093839,-0.3017992065063734,49,0.0,4.417157865085392,579.5084207619718,-6.907649377556143,316.0272375948183,1593.5159525645593,191029.28433786478,0.0,0.0,158.39348362701202,57.347110336423405,12416.981456525082,13109.776481687988,13178.861629000025,13356.57629332727,13199.451147481308,13290.154569405435,13564.806409437155,13327.419111337531,13295.648710369747,13924.850073728288,13297.686555500739,13705.5294728007,13510.70064118499,13806.637733008727,4044.2040530698414
638,2997.4233196467417,1593.3655307410281,0.4842165239760135,0.4779558582792522,-0.15250415075892326,49,0.0,0.04473391540791792,6.500259879289515,-2.0323268000245323,2997.4233196467417,1593.3655307410281,2025.6268702154794,0.0,2.6919524751184856,156.32278119006045,57.34633488664725,121.16360128577506,153.1467603630135,160.5791644214827,151.66299265160876,126.11933746866157,123.0804017904955,140.50252232334884,157.0809877333515,129.97503508609685,142.88484872048133,127.01081325418878,178.55488788137797,136.43038814381677,141.9522296513121,35.48289944046822
639,200.55708586592496,1594.768070690132,0.9659964618507029,-0.1522246893651183,-0.6061908754129726,49,0.0,0.0197801827912858,1.840459408114773,-0.6623156084825663,200.55708586592496,1594.768070690132,1584.2992017114461,0.0,896.6030188395074,158.48265120395436,57.34689921034749,97.67794254866892,143.57658326981638,99.74867230067989,87.30100448575047,106.65195068311556,108.59254874261075,88.28412213352905,106.6647914091151,75.23794929740569,102.77696453969858,122.92917102531439,220.09439354216323,78.41312974102067,122.87084813932903,23.47912985322845
640,1162.3015419490082,1596.2938204623356,0.38511877429825236,0.13344227785584423,-0.2572590479925621,49,0.0,0.009474326368387055,1.4021823060669318,-0.3670112062800371,1162.3015419490082,1596.2938204623356,1042.770120785191,0.0,0.0,157.73998384130368,57.351714469279806,79.4979455276027,69.30537537669245,77.39149729621481,70.07420083553083,73.13905768933245,75.33337200026986,79.25956069732574,67.96863332954909,64.61015512019517,72.88630542002232,48.57157232162848,75.75515014470804,74.08621227998276,95.33638622861803,19.554696517518092
641,1190.7352301064045,1599.3470042171987,0.9749650318726157,-0.002539940879550562,0.24821518768898604,49,0.0,0.022116543028047542,1.8880763553674718,-0.6900488838619901,1190.7352301064045,1599.3470042171987,1097.2013138280204,0.0,0.0,157.71803455660657,57.35304362182863,82.1669024593296,83.37637828656219,73.47659448622339,85.22135923799966,76.3653270203918,65.29653805587795,79.49414760220652,78.11063296963243,57.42683209364603,78.56725400293737,85.80423073598556,71.8512268814963,79.290996511184,70.96107601206793,29.791817472479615
642,3162.404330465022,1602.0927791247857,0.5477764644518299,-0.17000032412818686,-0.6742910478125438,49,0.0,0.0067226017999982785,1.2358202733161188,-0.22988828856778026,3162.404330465022,1602.0927791247857,461.90792633974974,34.752669444492064,60.10138590499724,156.19529237083677,57.34881654548149,28.75420240451608,14.412414948093502,223.6020717710408,50.34641030637416,44.83799331567568,9.393161800787038,8.248191722822913,1.285384028872884,20.21376535505693,58.134426734710445,0.0,0.0,1.5725783494519743,1.107325602347285,0.0
643,2315.8540216263696,1604.5678154516406,0.7112703257271147,0.19519807317731544,0.09760783441654926,49,0.0,0.029667136880547056,3.6862672655332256,-1.4164670492222857,2315.8540216263696,1604.5678154516406,1163.821175517364,0.0,0.0,156.8489981879257,57.35440583310004,68.31090535447899,86.4020427863589,92.88491322446663,75.51222233743047,93.76414210023367,61.71177987952572,94.10205322458057,73.9124367784973,65.06061282588203,68.2044725011957,87.25324089906589,72.37185328018504,84.85087520442079,108.22469638857407,31.254928732468294
644,1982.971015760323,1605.4912228540932,0.27218242349918476,0.4309816345082934,-0.113023455036361,49,0.0,0.00843649350838834,1.1650196345733872,-0.1658331119351803,1982.971015760323,1605.4912228540932,1064.1640595665458,0.0,0.0,157.10610938995072,57.35565481138194,80.74901198371074,69.45537006884713,85.37960722285078,70.74766054597929,60.81318421142491,93.58714415265354,62.41259696137704,84.50885215018364,73.62191541546332,75.75105957443404,60.67875444523034,79.31225310976167,71.46874396684255,71.8156584004689,23.86224735731781
645,161.72622124566837,1608.0426427503094,0.8787043964343839,-0.10684392606218837,-0.4055275658712745,49,0.0,0.014269809310143723,1.732132767685448,-0.5964529438905072,161.72622124566837,1608.0426427503094,776.3096016420457,0.0,109.4718523961366,158.5127984084519,57.35216866827639,120.38657053475765,60.130751872880836,0.0,75.43974811707575,4.55867485916213,38.65740014458505,54.30939483564842,6.204499114250087,12.221672868350435,129.58648851657395,17.280198001738682,48.858916908597905,72.56736448439153,115.38240502703059,20.725516357002604
646,613.1444255488448,1608.0195016568694,0.5130838171566269,-0.4060690625213454,-0.747492082589319,49,0.0,0.010991212490279784,1.2860775888199647,-0.2731679257082589,613.1444255488448,1608.0195016568694,1004.2973668402567,0.0,0.0,158.16418982068708,57.35474871482658,64.65038930876146,66.74469842354263,71.95916991970734,72.71594391292615,79.4925854508173,64.8056900043635,82.54465620676525,75.74409739094436,66.90452168289895,69.06502698527423,74.96339692402779,65.54609095299031,60.0202662724829,71.33160116306233,17.80923224169216
647,676.4872193252343,1608.208788740791,0.5288187869972283,0.2912243176885515,-0.19537105820793968,49,0.0,0.05569933999219706,8.69831757563449,-2.3485881492832434,676.4872193252343,1608.208788740791,1871.588602192493,0.0,0.0,158.1152696891911,57.355113886535136,113.77087104125371,133.1440962992423,126.36720338659634,137.23673126762526,136.73831361002345,133.94624785442133,118.07624009839951,125.95531836422714,131.73487260291623,140.65185470673035,110.1355274454088,149.01683706252027,131.89928736529393,140.28818711854973,42.6270139692846
648,2662.857399138401,1607.5348675129198,0.24995131272657783,0.050842771621284186,-0.2934456435459967,49,0.0,0.005934302202432263,1.0853673851035472,-0.08894191761948336,2662.857399138401,1607.5348675129198,830.6277402014987,0.0,0.0,156.58097371686944,57.35418326774405,48.120937316602195,70.47469625118904,55.11957363692078,55.13986853853997,65.40317352641091,47.37827967475452,54.49566654645603,55.69911086866749,53.45173071787939,53.457788151115565,77.59643320043962,60.2597159618626,60.476840804023034,58.53087430908215,15.023050697555341
649,1349.173064637771,1608.7885831233943,0.5751731176509981,0.23726967968282925,-0.01252159516945741,49,0.0,0.021471189991505345,2.889933619857756,-1.1522196684306694,1349.173064637771,1608.7885831233943,1117.7459622898964,0.0,0.0,157.59568295975947,57.35722527697539,70.02987240972328,81.16568230928823,77.04358965905242,88.83749328507332,73.81762352794829,83.48354926917168,67.11250264137419,65.93491249632571,76.77937260778084,100.21941577659723,85.4059527971311,80.96504707966133,68.1890687706113,75.7597918265225,23.002087833635102
650,695.3277108246865,1611.15871467331,0.46987524173247525,-0.12168093019084932,-0.08447220995795374,49,0.0,0.0090627771964713,1.1446906529959877,-0.14672034147447868,695.3277108246865,1611.15871467331,874.8180708941383,0.0,0.0,158.1007417522685,57.3564244290645,58.38466581125823,47.05737086372543,65.2273982278917,54.432451836265145,65.37561125333185,41.111667108146975,63.6606119775317,68.16825980704125,56.04359691947977,65.85002029656721,54.75692472176306,64.12763747231949,68.72926307735338,75.97405219129895,25.918539330164162
651,1930.027524060984,1612.470654894157,0.5723942462580767,0.20531225176288503,-0.015438423610878925,49,0.0,1.0138649734141971,151.62507270966398,-5.451927555336175,1930.027524060984,1612.470654894157,22694.58928023055,0.0,0.0,157.14698384654864,57.358652028140604,1420.3498211766566,1554.045980620292,1670.1744535045343,1590.1857295853413,1619.6526183858741,1596.3988144069776,1587.1521349411476,1493.4226079677019,1690.7230614380123,1696.3833026306384,1523.2622239810262,1563.082093407258,1638.0782218459535,1622.1431512126358,429.5350651265006
652,1481.1537690770958,1613.3031065570117,0.7286577108418337,-0.17297939543363264,-0.29737498758439995,49,0.0,0.01261100089894387,1.363376376472817,-0.33653941152520195,1481.1537690770958,1613.3031065570117,985.365142659826,0.0,0.0,157.49373761187795,57.359222031405864,66.01976240421786,79.17211586853733,71.73161956319109,54.89368549436806,90.41797256269447,53.96315294302081,76.771789972417,67.62738067059354,72.18541641591867,74.11663381816425,67.71129681026342,56.03926511520049,66.85946690632835,69.51287594657384,18.342708168336788
653,721.9954122474287,1614.721416061013,0.7086860349062296,0.5077697606667847,-0.2683331665463515,49,0.0,0.009730187214182865,1.0646328189994125,-0.06799962465255964,721.9954122474287,1614.721416061013,948.8532982515625,0.0,0.0,158.08017170235598,57.35802127625697,62.85671481524211,63.55649864835958,72.87004008436307,60.427500837546646,69.43335783570856,76.70075891760041,54.42171410159139,67.34786221185655,73.37106622830245,62.9441312387974,63.01993350733342,70.04364949673703,64.64279923212763,71.01704908235608,16.20022201364012
654,858.2379454288047,1614.664585362975,0.8831414588269245,0.2928525526648216,-0.37394842452329713,49,0.0,0.026182411045210414,2.6823949608987667,-1.0713068114083857,858.2379454288047,1614.664585362975,1089.266545515669,0.0,0.0,157.97493397896378,57.35851985921046,66.73510753585742,73.42190670793742,73.22364123263364,67.86434697851661,71.80041458853185,72.59867390283401,73.28477255830025,72.50000201845367,71.0632949590168,86.56834381939754,77.51435504633704,77.25309434663873,86.37603718248052,90.57144133212574,28.49111330660779
655,2985.838030342261,1615.372760921027,0.6955666741883212,0.604665637820241,-0.0035363942449716415,49,0.0,0.03445385884721087,3.483598304116587,-1.3550701761408723,2985.838030342261,1615.372760921027,1954.914667541872,0.0,0.0,156.33145850167503,57.35557916297178,131.65147965847063,163.3480591288625,134.7136712559548,141.45709414923851,123.7628301800084,112.42158726069002,146.2386690408624,129.67984366263627,120.51339739973133,137.06745190489605,149.8425219078059,154.15694679396813,125.1152715090133,144.75269032496743,40.19315336476644
656,1637.5635502439625,1617.1220265413626,0.6652865265368664,-0.030830997858410675,0.0659216913265444,49,0.0,0.009967022659959834,1.0239228077451465,-0.02566804239550321,1637.5635502439625,1617.1220265413626,898.8213735414611,0.0,0.0,157.37290886861166,57.36084368877579,70.02510863667757,82.87237266013881,59.00988964734981,68.25482797314405,48.73079606705238,64.09720880447462,68.75676570639669,52.277613608779646,53.94388762035507,48.32163997607745,62.34905042357793,66.78944846326175,72.12140052061906,68.95251189994752,12.318851533608747
657,2144.820361583779,1616.2898763970072,0.6018731427795657,-0.3102409683086033,0.1196235383548146,49,0.0,0.009126097992735399,1.0509380060807505,-0.05394274532482444,2144.820361583779,1616.2898763970072,891.9291633134417,0.0,0.0,156.9810441785768,57.35979938864358,43.718264728002666,69.5837144986661,53.05904050364691,79.61587321900788,48.42546822842987,62.43122593242563,60.766161010676,75.81069781508874,68.2500138091817,65.24414817562382,49.46411215733863,60.98819522402824,69.44377974297879,70.7555988247731,14.372869443573556
658,797.7926916247214,1618.6489175711113,0.8555393806755299,-0.044462815997901486,-0.543944667937907,49,0.0,0.022499371821745714,1.9904602902709656,-0.747383794553843,797.7926916247214,1618.6489175711113,1304.3568897655493,0.0,0.0,158.0216520367336,57.359959028605346,90.82868467831258,95.12102777775715,85.92627370477359,85.94848474594508,94.67141457380114,94.22214379128692,104.56372851594173,95.9836644171021,95.74206328804112,88.9480603302587,78.26201356722588,90.63879162571155,80.91849570446843,99.95987833315091,22.622164711772413
659,3085.6820117169045,1622.7589988181396,0.3112343099958441,0.1884551277541,-0.3020999703768861,49,0.0,0.0669018815246961,9.834399161434487,-2.481869578954473,3085.6820117169045,1622.7589988181396,4227.575983701236,76.80570835220985,3732.390641615571,156.25425926260493,57.357978419251914,288.84401201117976,350.7589617310539,329.5847611781802,314.0768011884644,310.55082551683915,310.3047347446985,338.4783083900113,322.0716803150216,299.55646595008585,274.3680031166444,265.1819720762742,253.51873457065068,265.3087383002826,268.44820926434073,36.523775347508064
660,727.3533383630524,1624.62692467359,0.3037556194521524,-0.27761629763330964,-0.3461211099492512,49,0.0,0.01252534389175547,1.521952220548264,-0.4560025465299671,727.3533383630524,1624.62692467359,1286.9841092060956,0.0,0.0,158.07610903222326,57.36217048235384,97.40671489507682,80.77136880388841,77.51556844695597,84.04382455870862,102.62937679666081,97.3623144117296,109.606101315626,82.01654123070074,109.13546397711647,80.14755077520172,78.53264742394283,64.74095824710503,98.00817110999262,95.65866150168071,29.408845711709233
661,2586.7229389636004,1626.310739572667,0.28200730440154287,0.10496642024097415,-0.40342680121199354,49,0.0,0.008272560150315683,1.3701540855246013,-0.3419235250628354,2586.7229389636004,1626.310739572667,926.465966646067,0.0,0.0,156.63961063641602,57.36237467624203,60.294422709235334,57.83320392988398,58.032182777396784,48.344943458573155,72.90234647381047,68.92371402129288,60.638159271188854,57.38033838587792,72.96899921828125,67.49894875271912,70.22371535930921,56.691725481346744,79.2272105508833,73.85191307279553,21.654143183472605
662,623.561916032853,1627.2761882918805,0.3821495319232029,0.1901844893689492,-0.3002560721558215,49,0.0,0.010334513484477153,1.61946675288802,-0.5234300912923411,623.561916032853,1627.2761882918805,961.831540444692,0.0,0.0,158.15630910976626,57.36282002851156,60.17928050224553,79.71829881462372,67.15847970804846,63.83810590826516,68.4002577722048,63.47935752953647,82.05907807800762,57.2287904799821,58.06371007489356,68.07535174397628,67.04179292108884,66.8893331309927,58.76889579791556,81.52230171812077,19.40850626479036
663,2324.113241789387,1627.8808896705698,0.44993935788702477,0.2856204115716186,-0.10759208754192025,49,0.0,0.03576844655877953,5.993720805165859,-1.94424127278372,2324.113241789387,1627.8808896705698,1542.1716256711975,0.0,0.0,156.8424711750158,57.36409104666121,108.75469649925822,104.69406344198451,102.83280560221655,102.06712150273171,105.96689575808223,96.347048191467,105.16248634955187,116.22126905451586,105.1877491495239,127.49893957243631,101.36439749090638,100.23462571843314,109.73932887430456,118.77096282241182,37.32923564337324
664,934.5051317235428,1631.9902288997525,0.5804761495822305,0.17507016513332646,0.5452297111031044,49,0.0,0.01083113936312288,1.1757851604664453,-0.1758199366895421,934.5051317235428,1631.9902288997525,978.4422766188384,0.0,0.0,157.9161226917188,57.365992615542105,57.636776503876604,68.9873849417603,63.38911433582746,72.62171847211977,67.27477757148878,73.37662283216036,73.46179243007079,71.20324843895469,71.26289451051048,70.84602859134769,66.83150304550027,77.6327182316727,64.02642982961115,61.7206304211105,18.17063646282675
665,198.34990950379574,1633.625090405176,0.720753546933843,-0.24633262558623986,0.02465605518568785,49,0.0,0.010388305809817778,1.3415594821895473,-0.3190248330603254,198.34990950379574,1633.625090405176,908.4902475286145,0.0,532.295366749294,158.48483295819543,57.36307212252267,66.97877318764075,54.51134300508771,49.93311319217586,87.42305526402146,50.64907810262193,74.08662648421839,96.65600576275605,59.034676436578756,43.669721459908054,47.14152487507856,56.24888069984044,75.19959732352089,84.17478296011501,54.32443805392566,8.458630721125049
666,847.3165946462576,1634.7272917459904,0.6233138329494674,-0.053805336880686096,-0.3285213637184514,49,0.0,0.009857573005346051,1.132564083980618,-0.13515696276461261,847.3165946462576,1634.7272917459904,1020.5935752755972,0.0,0.0,157.98350261157537,57.3668402604191,74.17494365776159,65.87394939781899,82.99656275523273,69.95784925740597,57.34855469035623,87.00758528998311,64.68826627841963,61.71329445109645,49.10092353690307,64.47599699791463,74.43936467877018,69.82435116353398,92.77938161094352,77.16514412460702,29.04740738485029
667,1817.2348034542451,1636.17159849485,0.5711509982371475,0.6342117252622937,-0.8600966065438078,49,0.0,0.01696884176972206,1.837491196466016,-0.660563167573725,1817.2348034542451,1636.17159849485,1377.9904856274243,0.0,0.0,157.2340698814182,57.368673111748855,108.11684848584599,89.21204058769604,105.63980435077539,93.94813237336413,85.7232670217285,109.81527214043649,96.60543640224412,102.60711581598773,93.30457521877906,74.73643879462918,81.442022204805,103.59451677846576,103.77388222407271,110.06487532762986,19.406257900964427
668,2705.9944934857003,1636.3760551994415,0.5417585407425581,0.09983906706153825,-0.24516691381072675,49,0.0,0.011883795772217865,1.3243783241132394,-0.30503016027587265,2705.9944934857003,1636.3760551994415,1249.012849327732,0.0,0.0,156.54737970927758,57.36597796147736,87.30003947881347,91.10688917079105,86.42628195656212,77.39365963400468,78.6849336447234,86.34663661460269,85.49533732288856,97.17284506591463,90.39350493048343,88.28705694566054,94.18737315466765,83.32359310117931,90.23928686220316,85.83676898408102,26.818642461156124
669,1194.0565799656063,1637.5622956786724,0.5749458717070296,0.27286723168178645,0.02726101819405563,49,0.0,0.08891223046245413,13.120649924005136,-2.794888370262636,1194.0565799656063,1637.5622956786724,3517.66109414127,0.0,0.0,157.71560550794106,57.36897283101602,223.65279845606426,253.42441686988482,237.262549237939,230.55530096972458,248.3060779734185,278.9854247311469,245.90578553826413,239.66173825237482,244.64244266933483,256.63013760619214,251.38563344426663,247.03578117553178,247.05977688498518,241.7906077062996,71.3626226258428
670,511.67173808731974,1638.8509715349094,0.6403579562693162,0.2708605359547046,0.06633312336342477,49,0.0,0.010227262968105976,1.186168364082551,-0.18536584230602232,511.67173808731974,1638.8509715349094,862.7979406368577,0.0,0.0,158.2428524916952,57.367095583943566,54.09779662793119,60.27109610982314,77.38737035590655,61.730598590265174,67.8432145726531,51.089655073453336,68.49737101619965,48.03533632943714,51.5041503533665,64.05916942858673,61.49854582868598,44.789023140154896,63.359688438459116,62.68659799825996,25.948326773675202
671,1495.4679475554065,1638.9571507081853,0.7094371298903005,0.06947210361305725,-0.03216931672316658,49,0.0,0.03394207486466197,4.184740416065934,-1.5541713085312934,1495.4679475554065,1638.9571507081853,1343.218472559134,0.0,0.0,157.48270347805928,57.36991880217833,81.72925164863862,86.04421042604423,90.28867265504633,85.40593308866823,101.43451795786753,108.3883719748443,90.4955789273477,106.6293745610293,91.44822751724011,101.39479487588403,81.16481804584755,98.14962474059624,111.35017159370473,75.08624855214569,34.208675994229395
672,2554.632630662696,1639.4871980200805,0.7278885836763254,0.031026208912100364,-0.1307700956621066,49,0.0,0.07245897742492555,9.13650466297491,-2.401950200517354,2554.632630662696,1639.4871980200805,1932.5012939297399,0.0,0.0,156.6642897395491,57.368011702482335,131.6511188638779,138.68587250625143,131.51897804294072,111.35651971890512,130.79879645608287,127.62487228175141,142.51559778543725,160.9982188510548,116.07381020899786,152.60399568334753,140.873936185518,143.4122265809971,142.5983136653569,118.54085050208194,43.2481865971391
673,838.1935450594939,1640.4257943852117,0.6635516719911977,0.2670739223386639,-0.20932521539864773,49,0.0,0.07880983199926486,10.768907865362738,-2.580429153301419,838.1935450594939,1640.4257943852117,2108.759562968179,0.0,0.0,157.9905893200696,57.369181800028635,136.79423549270507,158.607817855752,130.36936634099692,133.35996998281036,153.1193629578068,165.9365692164555,150.49680449489853,139.14546467501827,121.09217992438352,162.95546920718238,148.0103810923269,156.0532066694536,153.59425479771613,152.69822356289592,46.52625669777737
674,2386.270849570683,1640.476344750447,0.6425671214481592,0.266379538191729,-0.08240509542548675,49,0.0,0.04373631777075411,5.964844243955246,-1.93899776927243,2386.270849570683,1640.476344750447,1451.8356468194584,0.0,0.0,156.79436421269045,57.36911691282485,86.96617470487536,103.08848506081827,109.71008887384075,102.42660084892553,92.81901732659372,94.62585207558959,121.42222637435282,86.06743580235926,101.80227660408372,99.19413184716349,97.52741820872608,96.73692473328217,114.5535191703091,112.71019681004375,32.185298378494444
675,2655.8246779679794,1640.7276077276433,0.2511923701848724,-0.21160759969839418,0.28498345324181257,49,0.0,0.0387806425211496,4.170592479378774,-1.55049438938107,2655.8246779679794,1640.7276077276433,4775.67614525958,0.0,0.0,156.5860978561374,57.36804739338747,296.2131325603793,340.32053114387617,288.90731781699014,338.25794964279135,296.8026750126105,351.04285239208946,348.0023032865468,314.2858490106871,335.20731897510825,360.6768574868182,322.3545104685303,381.06456872322315,353.5065982618303,360.46739832095113,88.56628215714773
676,1537.019030341745,1642.2120188968747,0.6117779008278801,0.17818868897470305,0.05910306401125393,49,0.0,0.024784530873241062,3.2599044024836865,-1.2830121611494731,1537.019030341745,1642.2120188968747,1134.1536739150051,0.0,0.0,157.45059749784207,57.371291565012854,65.93683945906386,68.40060608156169,79.26544446940204,67.29730796250671,85.42908420374127,71.59451842761214,72.8895287653356,79.76352051659671,76.5115246273347,84.30570051750723,82.36398225987446,92.24354852915403,93.69669443792256,90.62963509278788,23.8257385646042
677,2522.525266282143,1641.663051225775,0.5789492226204559,0.07637579304406135,-0.14272369876467525,49,0.0,0.014971969009634762,1.9640183945892902,-0.732863877455249,2522.525266282143,1641.663051225775,1015.703693097372,0.0,0.0,156.68907869106562,57.36906076155367,74.08556596586877,68.33318417734733,68.20473173599355,56.86613108593755,59.30755840887555,85.28721011491575,59.47274474648378,73.56326082290575,71.90222383062998,83.50432347599812,76.2319465411598,71.71842426191543,74.78921827761391,66.17428820985104,26.26288144187573
678,931.5431412106193,1642.7679797151286,0.7778332590373388,0.06160711615355473,-0.016990754129355242,49,0.0,0.01573283787566225,1.5286387341227805,-0.4607621499022141,931.5431412106193,1642.7679797151286,1097.6944205631705,0.0,0.0,157.91847440936365,57.37047380715829,80.78769400414714,82.59414565701934,77.87170834123646,89.60528031890016,69.99012938626198,65.63471239243209,73.52277642489128,77.58332035330729,80.04626115114965,76.91991469323705,68.08625425988902,76.29325166646169,77.53109641872348,76.33580066083675,24.892074834677132
679,959.5441064084553,1642.8120650504309,0.4654673210264252,0.006703402397024373,-0.29817566608186363,49,0.0,0.014418833530320994,2.0022133933492214,-0.7537759054047595,959.5441064084553,1642.8120650504309,1083.1796453775682,0.0,0.0,157.896838178167,57.370578967311715,63.94017229249124,87.608097944934,81.8012406298786,77.39510804569315,74.60117180888057,84.08464091434868,64.51607429308294,62.25085677190676,76.34233915941387,70.52341564710228,80.0935410002979,70.64984597153088,77.90202451071487,82.81773223795622,28.653384149336357
680,1198.574803689158,1643.3697316196976,0.4263834790968308,-0.12398973003768837,0.2783195156758975,49,0.0,0.040035127613446735,5.370546578855821,-1.8250462189515453,1198.574803689158,1643.3697316196976,3567.9442508524653,0.0,0.0,157.7121347753738,57.371401202392484,224.23529947355382,237.54094025344412,241.50205727231057,248.8232693623807,258.90431062481787,261.6059472616498,262.79947936739427,250.01513020649355,241.54686455985302,258.3143245065159,260.3120750619661,244.21130508323432,258.2461332737187,241.29548414017114,78.59163040496156
681,724.4894830214043,1645.2043948429437,0.8869747104114484,0.16355353135551823,-0.280879490569216,49,0.0,0.03412490027724578,3.5047357316957535,-1.3616381908542754,724.4894830214043,1645.2043948429437,1225.7339838081753,0.0,0.0,158.07847950174684,57.370731980157416,77.11383195599655,89.92210646685433,79.37166687985275,89.12876090996573,87.62970822585342,69.03425480622566,90.51074740100427,73.57281259921831,82.25976404995038,89.12779334277243,79.92070685435517,88.69037795221239,88.60264960417463,106.87449480858695,33.97430795115235
682,1956.8340516528547,1645.4497662975996,0.5673661169554113,0.06637144432603971,-0.03492646054610631,49,0.0,0.8526274388372715,125.49804012380955,-5.24659235896374,1956.8340516528547,1645.4497662975996,20430.36154111589,0.0,0.0,157.1261731698647,57.37234967924719,1405.8239458723397,1429.8953498088904,1479.9018461888804,1352.285917884969,1358.0596946595356,1469.848730759711,1437.8054317865342,1413.7410132414327,1476.612500588105,1392.4727934996558,1418.8318215686745,1428.973426650613,1520.5661720315466,1450.5097715653606,395.0331250096456
683,1702.39447877275,1646.7833057993369,0.3601621454622002,0.15677576135326382,-0.10501395115473576,49,0.0,0.009985083174442489,1.372388183011666,-0.34369242473744344,1702.39447877275,1646.7833057993369,994.8275952635211,0.0,0.0,157.3227979088214,57.373181233036256,66.70635165634744,68.28602370404889,67.36009575661222,72.88611103021319,66.2622869893974,62.4888892136979,59.15600128904478,85.99585869938446,87.7814855083648,55.2938475699683,65.41928534249509,78.89999075384938,69.28536981193707,71.20720184668782,17.798796091472248
684,1316.2240239375597,1648.2105041948173,0.5640797417404926,0.7147084989917142,0.02479564461451969,49,0.0,0.009087014701221316,1.1506752826454465,-0.1523819605698496,1316.2240239375597,1648.2105041948173,876.4429419380626,0.0,0.0,157.62123298972853,57.37360921755409,54.12058091828598,62.733630727271915,62.80432380621004,59.72125982566976,56.08295575588129,60.57947934756612,57.47195472674332,57.783183305785755,58.08141515923866,69.94499821952965,60.64191482889315,69.84016375326175,69.99316862863289,62.25830573338796,14.385607201704437
685,2705.1767018387245,1647.5598156242802,0.46484689648803074,0.7403159638621697,-0.04701143697596279,49,0.0,0.023137359130474284,3.07674603255134,-1.2202291231230464,2705.1767018387245,1647.5598156242802,1867.3214653138843,0.0,0.0,156.54790308798584,57.37064162026587,130.0862991286205,134.37582168540345,128.37367241333837,132.73617216764004,122.51948270583114,146.76865876459766,129.01576101790033,141.06155578642165,123.69618806290256,116.86793585713059,145.103921957173,139.33690217300804,129.41115140935693,119.53132286076203,28.436619323798126
686,1800.6140096554095,1649.2217146090686,0.48456048879582414,-0.11931902653387676,0.01789589731814067,49,0.0,0.021530344616599525,3.151421844035167,-1.2462663524878583,1800.6140096554095,1649.2217146090686,1222.2587057953044,0.0,0.0,157.24688986834977,57.374127033350184,74.86247743518703,89.3797901433955,86.48429504373891,94.50853557187762,87.27150309752305,81.76062900709918,81.1869756916359,68.95698286646333,83.37789175329405,83.23919388428536,91.69716116274311,74.88577709065888,97.76837373047806,100.03949896375609,26.83962035316837
687,180.9081027453145,1649.8718586702191,0.4865946428814523,0.7542148900196223,-0.8071377629487092,49,0.0,0.00869057688507775,1.4112016225137118,-0.37397266778346766,180.9081027453145,1649.8718586702191,875.6792384281052,0.0,366.09468849709117,158.4985074282931,57.369723952830306,27.195813654741585,64.24416555552418,99.32013665587849,63.157607283398704,76.46585959639641,70.83793092859545,55.46790962292831,45.07831996906589,77.70265395360337,31.812678846599958,31.859955374949372,50.888025556316926,125.10277789094653,42.67844639183566,13.866957147324381
688,1445.1513718891167,1650.9983480175995,0.407221845072737,0.27642997882553855,0.14568816976100915,49,0.0,0.010450857745678551,1.5030832655187631,-0.4424575990948423,1445.1513718891167,1650.9983480175995,1003.2757033428005,0.0,0.0,157.52160098288817,57.374904954655705,72.50473532715957,57.757810207591504,72.16655259555104,71.34457775075681,74.51448822969687,68.83813518034296,65.95475474817121,56.472236577651074,83.77727281549268,79.80260898110161,64.80238478215237,61.41696268323362,70.436917321959,77.333245164043,26.153020977897107
689,1645.5364761212113,1651.9734487798967,0.6642111981314007,0.21361337412494913,-0.14640863134867568,49,0.0,0.06209500045752473,8.177624929266399,-2.2815679688701356,1645.5364761212113,1651.9734487798967,1909.7030227132025,5.581118583997608,0.0,157.36673569380068,57.3753635626972,120.50655914666658,160.86062623276968,142.194772047746,127.44193675075536,124.94761098659384,128.69537904498296,135.04708372125643,130.3534671464723,126.74006206246041,131.5457450004992,142.23905751575472,132.74412221646037,127.76509289163624,136.9729216676162,41.64858628153223
690,1497.6928241004132,1653.1946408603098,0.8452450541793368,0.06180619141903244,-0.2309880751317942,49,0.0,0.04011254503982302,4.55332607505862,-1.6458218808374128,1497.6928241004132,1653.1946408603098,1181.8150011189473,0.0,0.0,157.48099709540807,57.37585217758437,89.18297236846423,81.3247363779065,75.74986597128137,63.25898101558997,97.00555122870477,59.97091974324394,84.55316163275631,70.24820089467786,87.46743338935008,71.72508503757214,84.65635645867218,94.96848043341562,100.19966332107417,91.78379746683484,29.719795779403377
691,416.6641171662533,1654.00514902772,0.5667026619561601,0.14627709332625743,-0.06879896360853172,49,0.0,0.018568362281664735,2.078520128676053,-0.7943855865758864,416.6641171662533,1654.00514902772,1255.7246024876458,0.0,0.0,158.3164079617158,57.37289818911702,88.55326229688782,77.27815980806928,98.06612762291226,91.83356902252011,96.06456850522594,86.67202204847833,80.64943229314703,100.92961695765138,69.84002199181808,76.86412016032484,79.43090275490937,89.81479239288527,93.54883295680423,103.8595171799094,22.319656496102596
692,771.1340417126322,1660.9163704731354,0.5694759168677637,0.5697569590815609,-0.16641802542549344,49,0.0,0.13839109225283333,19.30111494836614,-3.2139559929776134,771.1340417126322,1660.9163704731354,4849.1347949032615,0.0,0.0,158.0425523587838,57.377466453961084,313.1250482127166,347.81865306156936,365.10879431695116,347.7655394025145,314.1127038717096,350.4972493538793,383.1523802312705,319.8803159178841,315.88492166030517,351.73898960876545,334.48842011978473,325.050323221188,341.21038560433004,328.276860406844,111.0242099135495
693,495.990951699291,1661.9540272918866,0.8721591874080923,0.6511742222320036,-0.13091099862640457,49,0.0,0.016416399920035307,1.4733771147422514,-0.420784799710111,495.990951699291,1661.9540272918866,962.0267446256216,0.0,0.0,158.25519079622592,57.37663941859079,63.15833328499245,59.80798449605267,59.41101037321343,65.40034136165328,64.51413088020759,54.00728266664056,67.81235756522264,72.43586841137923,75.1592145949819,81.03362241321119,69.32663979733545,56.652710105152465,79.19360365901727,80.35313327129052,13.760511745271145
694,1048.2905783329948,1661.9172578464895,0.7905846756963655,0.37222681569121757,-0.189120543437603,49,0.0,0.015276291794164456,1.5634435001863418,-0.4852054782571581,1048.2905783329948,1661.9172578464895,925.8818720033172,0.0,0.0,157.82835502035195,57.37878980750504,70.62773812731838,67.84309364090305,68.07544695909874,71.99135739211276,68.3575351001954,45.34784544229053,64.19002755461614,63.102818984992886,62.03108914208437,64.53379763634821,74.84931366719508,63.916994309827274,59.12284227295856,54.55287571016301,27.33909606321285
695,1669.831876100208,1662.644926683675,0.7007320471176487,0.1861707021383274,0.13976661092498274,49,0.0,0.018475548547935556,2.0227505464604234,-0.7648558179308631,1669.831876100208,1662.644926683675,995.2237209628777,64.49700276672786,0.0,157.34795261055268,57.379803432773535,62.734376172271915,82.65526722134223,77.93168728899911,86.24732605756083,67.80339333072607,70.1356215415145,62.98423640089709,51.07816376431627,65.61427556107185,66.878281387835,49.23812290161277,67.1784696443287,90.32231423739074,70.75568945863324,23.6664959943774
696,195.71282330945854,1667.9038499378082,0.672189197743635,-0.8377384955988124,-0.5547085504121427,49,0.0,0.010885440939978305,1.2767163685143366,-0.26523606604281996,195.71282330945854,1667.9038499378082,1065.3132430470926,0.0,661.6676837433545,158.48729239037016,57.37733486546248,63.918480480616054,79.4740164479224,67.16840860467738,86.13779631345477,51.88778359581045,56.72504363141026,48.202314707533446,60.123329469747404,110.91122487085642,65.88528970624213,73.33159305727425,94.93107562482577,113.93405750548166,68.049757840794,24.633071190446177
697,827.1303889088724,1668.923771366247,0.5451296793226137,0.34559077950547823,-0.3072504188810429,49,0.0,0.009922102854701092,1.241252634012615,-0.23465045775845347,827.1303889088724,1668.923771366247,908.3511983439814,0.0,0.0,157.99933084510144,57.38101511027144,46.417774191460694,64.13937007745507,71.8218843386214,68.36617540905557,55.18080841124768,64.43221408605865,57.07094769723078,63.71451923556785,69.87064853601274,67.79106231880418,78.76072509872361,59.801334153298285,51.86048916143204,75.76539871043623,13.357846918576614
698,2023.9377669191792,1668.7235113186966,0.77969443910817,0.6385442781794749,-0.06467790342238193,49,0.0,0.025374998086065626,2.598006977220126,-1.0366007827048502,2023.9377669191792,1668.7235113186966,1416.8319028377323,0.0,0.0,157.074231108846,57.38192308657247,82.8158275470963,109.98902780250252,93.96326760999352,99.13055478893595,96.69535747696779,107.4732249027258,100.26524842431621,100.82262027836501,99.5939478805091,106.07741668639429,104.15301038759631,80.26689842504142,106.65833063557352,95.35376231201906,33.573407679695364
699,1847.325150825949,1670.286930476208,0.5695824638688775,0.14260390158208014,0.09880846811188108,49,0.0,0.029397013239549463,3.820584300435231,-1.4553244668666745,1847.325150825949,1670.286930476208,1507.0000031511804,0.0,0.0,157.21074516656432,57.38285474786609,106.26874526571815,101.75940869427681,87.79546378831886,100.73861225559395,102.25301036218639,106.77376116788716,117.22552170555599,92.8895655366513,100.78210620728441,138.37621160117703,102.91901783961679,109.4340821419581,104.62976475354357,106.57975414485188,28.574977686559837
700,1531.1623137459544,1673.777723154277,0.5793745916059941,0.14495856980001484,-0.10734224986717264,49,0.0,0.0273476977271956,3.8655537472272408,-1.4680292903571268,1531.1623137459544,1673.777723154277,1255.1696113670198,0.0,0.0,157.4551425461166,57.3844420929065,81.26452064813115,93.76991078159851,65.09310591259253,85.05540706646914,88.06292199977713,87.6011836430778,101.86331083243483,96.17277164912235,94.71408919352595,91.66498454955749,69.95157224793621,76.34871438372413,101.79160632728022,94.70602205228052,27.109490079511758
701,1386.7125886751414,1676.7434882634595,0.33911993122064804,0.1672671249211708,-0.24305756476035656,49,0.0,0.012367429097087877,2.0082512801821206,-0.7570451312034489,1386.7125886751414,1676.7434882634595,1028.7474350474456,0.0,0.0,157.56681269774325,57.38558099507598,64.78459677146799,76.2444299488536,68.89284584097311,60.89506259334089,50.56507252092048,83.96516439944747,66.26448984342909,67.52138428599362,78.29933932531306,69.16709563173583,80.37792176587757,99.7649709166159,73.5658322355137,66.36318216032886,22.07604680763442
702,1994.4363486890657,1676.9672677849378,0.5314937812386231,-0.3155986856774926,0.0734065282872172,49,0.0,0.009335432654966717,1.109987307152597,-0.11329503150469684,1994.4363486890657,1676.9672677849378,930.0655304436305,0.0,0.0,157.09700628397826,57.38541502100924,64.82282547174029,62.58517078766063,54.46579998054328,67.17558357429807,58.45658986975983,67.05501062686133,70.16769717653855,71.32634377851625,65.44974649811773,67.22477902477189,65.11595172872407,57.19727915840462,63.43185570260935,71.09760737655006,24.493289688534496
703,1551.0875306222456,1679.3276034721162,0.45447184972466537,0.43192714409539945,0.0683344943172802,49,0.0,0.010925412527731935,1.390981247504986,-0.35830318774071357,1551.0875306222456,1679.3276034721162,1102.6758994307488,0.0,0.0,157.43974202867744,57.386760143823025,85.2697714616441,73.63821531676302,87.24599618048936,71.55766926530953,70.77322369661454,72.42609188517085,85.5711030049795,74.64913221749265,88.48413860146775,73.40233344244228,60.80604475800712,77.17400570524063,78.81708093431362,81.55966113650477,21.301431824309095
704,608.6782848334617,1680.0884750266082,0.718352066918517,0.38195289891589196,-0.19793254788834422,49,0.0,0.015783114295787364,1.6793576215045725,-0.5628579739779522,608.6782848334617,1680.0884750266082,1021.3346581062158,0.0,0.0,158.1682663301689,57.38475386151829,69.14675285708753,59.98771228594418,93.13525749666175,81.57036258987597,75.01201269948018,64.07383991418106,69.08334500010344,94.77684785692847,50.743249200644854,61.25943662398832,66.91897270511281,73.23892693152973,69.5769344221132,73.70135730835902,19.109650214205153
705,2124.6823502555035,1680.8666420795025,0.4414837823772886,0.10795465170573218,0.022258669552888927,49,0.0,0.01609409577755009,2.577360692804893,-1.0279380020749895,2124.6823502555035,1680.8666420795025,995.4850371358334,0.0,0.0,156.99630355456532,57.386756593985695,74.15751018255968,77.42862843635433,79.19710272521735,77.55491315029253,56.28518793785608,76.89695116085048,81.79352362949092,66.51551383489155,51.57845236911825,60.63781096820448,67.3643199453318,65.17319078910975,75.85169309199772,73.35239892092565,11.697839993632968
706,1466.755523226679,1682.1897462352601,0.674078785772936,-0.1553965693882444,-0.5558458926586933,49,0.0,0.015838862378873227,1.6274830321558902,-0.5287911734700352,1466.755523226679,1682.1897462352601,1085.5213510082745,0.0,0.0,157.50494118254508,57.3879161279853,90.88032391591929,77.94892316137502,65.88584244955459,59.99732717063161,67.69406020173597,81.44443010677521,65.64602379632314,75.23870551340552,85.7205715720064,71.53719692186885,90.94223304080697,86.65764119351678,74.4504552436253,66.10192301985796,25.375693700871764
707,1941.5777176324905,1682.378266336788,0.581619874866416,0.01052089642659394,-0.11829730351148772,49,0.0,0.24887315747142683,36.19094851468518,-3.896499913787051,1941.5777176324905,1682.378266336788,6185.898601892528,0.0,0.0,157.1378522419416,57.38776156725224,394.72142710492636,433.36620061024234,409.3262117552558,460.5583890502264,420.4883604505558,439.3915468984974,412.2039769089341,385.983456527258,480.01457420670295,443.6065278068736,444.8622084498183,437.3677274987083,431.525779631347,447.84229297459825,144.63992201858198
708,1964.3530641202353,1687.6787899879125,0.630554956618141,-0.09470594278149327,-0.0929695235916732,49,0.0,0.057278203755172445,7.851462118906661,-2.237376349202192,1964.3530641202353,1687.6787899879125,1962.4364937359449,0.0,0.0,157.12022778624933,57.38993207502122,137.1241742780588,143.20170951986003,109.237098840583,129.6727086813412,162.85979327801124,127.13991590470216,147.74618195257716,125.33274312784926,126.49361724665042,117.17910516438432,131.39884129789166,162.9100469767147,140.8703805722988,152.85397000216912,48.41620689285271
709,189.46630367079138,1689.5599015664345,0.6009807584804351,0.4183440252967853,0.1019006730907571,49,0.0,0.009581357172106177,1.374072273834643,-0.3450239411648629,189.46630367079138,1689.5599015664345,887.3211054947274,0.0,517.2195389136897,158.4923874117674,57.38631495534086,55.48681160830944,112.61974123287798,45.93105254817078,76.3486976691814,57.41003912695503,48.95624293153023,34.06286619322796,78.37354086717943,32.19084014875417,49.94304342366088,51.322727491459844,102.64768591651855,72.77228624427367,53.223911288307924,16.031618804320047
710,2495.612777522405,1688.9076872648843,0.4833787270949628,0.45662191904237565,0.10438778740820223,49,0.0,0.010638264437909599,1.537902990176807,-0.46732235335848094,2495.612777522405,1688.9076872648843,891.4982327747196,0.0,0.0,156.70950107434075,57.38886029816325,37.96597790583275,57.55080543573175,57.944638032190355,66.74070066266015,59.47710965296113,69.8775993194271,55.83994055038279,54.64797009652369,82.09008134434504,71.78873356862952,61.416134331450735,66.87522269473018,58.32025905545699,64.40560926622786,26.557450858169524
711,1878.519381783836,1692.3337642406484,0.21545324639889643,0.14234010501686248,-0.05354862648706626,49,0.0,0.006976147099769048,1.2857442530080685,-0.27288647949339395,1878.519381783836,1692.3337642406484,928.4805078140976,0.0,0.0,157.1865782831854,57.392002100886394,57.92512506697738,63.9876995740049,57.345963396016856,66.39661320610062,62.46850873034242,81.51429457326935,56.682860373562576,59.9174045669222,77.51658989721818,63.72757034454728,70.38969577647092,54.01704618382788,57.99146283042464,80.71155675543532,17.88811653897711
712,861.8071396349055,1697.3885342577162,0.9919082304535412,0.11315951965715393,-0.013781244360023977,49,0.0,0.01285170055126238,1.143342785982964,-0.14544113972891537,861.8071396349055,1697.3885342577162,819.4491959878362,0.0,0.0,157.9727133707208,57.392998955975415,43.47667817780825,61.915204836782955,44.42431115901471,66.87035414989693,62.105370851708386,55.44429504240234,74.63992931826323,49.432166479831594,63.36928493380496,48.17216328704755,50.00387229438507,56.6754637023795,65.44926582686621,60.62031413038052,16.850521797264147
713,1078.1251900503585,1699.7693993786388,0.42978062024840064,0.5462042387954303,-0.16858263189162775,49,0.0,0.00951477190938797,1.3824388752289072,-0.35161484499128653,1078.1251900503585,1699.7693993786388,932.2515977598166,0.0,0.0,157.80546973991778,57.39463702301004,57.146332061237075,77.36560187836218,64.13423407654797,68.73341631072341,60.538694103563444,72.89412923111826,62.53622355362492,49.455330443911095,64.20513157757595,72.47843582744854,52.40405164782922,86.23533754057932,64.91151723217443,62.17636229351993,17.0367999816008
714,424.8200132552527,1701.219491428854,0.8221712057022931,0.27856414216137015,-0.2768860518355708,49,0.0,0.022001281581473985,2.2300502328694467,-0.8707866145848671,424.8200132552527,1701.219491428854,1080.1128779560229,0.0,0.0,158.31059356862013,57.392613890249294,65.13767661048185,72.95116624962294,60.21026196379999,74.1889759138006,68.36076046946985,71.36058487096426,76.12106970062126,94.09302062738455,74.7809267602588,73.81396309983899,85.27584125345413,79.98374865305698,82.35555445387749,83.3021797936288,18.177147535762433
715,1782.1917187856236,1701.0188065394616,0.5883742073191166,0.08742937030269393,-0.07892700453776327,49,0.0,1.710415679796952,255.97371857315184,-6.020488443898944,1782.1917187856236,1701.0188065394616,35555.17961878795,0.0,0.0,157.26104426859862,57.3957257299311,2240.449908901344,2426.0420003497275,2435.8452216581354,2449.2916044733793,2455.660375946914,2564.5154690752424,2651.642704106027,2521.0118265441834,2462.3351287506366,2572.1482654004694,2492.6587419491752,2488.5239297949847,2543.7571010025067,2562.690582274579,688.6067585606463
716,2285.693435946615,1701.1355212446683,0.5804477007359762,0.26842200634876995,-0.14797297145717594,49,0.0,0.02371644185365211,3.3048224094444008,-1.297870317140709,2285.693435946615,1701.1355212446683,1142.2861823065784,0.0,0.0,156.87171228494523,57.394740544187655,83.5311480257347,90.15074896845644,68.3640967602079,75.8877331341711,80.2905789050456,84.27923805635334,80.31942060870779,70.53421394100206,79.66635609714274,102.58613641793552,76.866263791194,66.91279490254679,86.02546047324137,73.75042779567372,23.121564429165392
717,882.4816595798619,1705.803145935672,0.6708771266986496,0.6199109135779591,0.01865241249189961,49,0.0,0.02353235688243979,1.5619664738119345,-0.48417926976431763,882.4816595798619,1705.803145935672,2786.505394946667,0.0,0.0,157.95678154095913,57.39657620353402,196.0705415436003,202.10813969070756,211.58896081206365,179.8048249277368,208.29565300041068,197.2955703267324,196.4532031481133,187.81432570541645,169.8436004359724,171.02928322421454,210.33138202675207,183.75303038462403,206.0101670749056,215.99643456967613,50.11027807574068
718,1479.8191020846637,1706.3056493962965,0.5382130454845029,-0.01235848026956037,-0.16304433154797443,49,0.0,0.02980796100826544,4.161844641000258,-1.5482146606070757,1479.8191020846637,1706.3056493962965,1528.0726582502016,0.0,0.0,157.49486718410992,57.39797227316999,126.8711620110605,111.34128149287753,95.13340299362825,91.36458474976413,94.96025122443453,107.19039535089242,94.31093425595907,117.78814978677178,102.12424937401786,98.67361733793625,139.06563077639163,103.50968207262355,91.47066741332708,118.21506298500461,36.05358642551216
719,1715.4373018723425,1706.3489983048394,0.6041925769198873,0.2753651389474898,-0.07908536417277033,49,0.0,0.3386656570462905,47.55259235478678,-4.192935494281923,1715.4373018723425,1706.3489983048394,8489.510337759435,0.0,0.0,157.31265830372732,57.397993540895,507.5664092346749,589.0973285092582,628.5497518027148,576.7886206684127,613.5473084974968,579.4273999605196,616.6529028023662,561.6217941456011,585.5705013149144,624.165691918096,605.7479592203815,623.5931843107874,634.7271315552791,572.4919555477748,169.96239827115818
720,2186.371177213814,1706.5488860352289,0.5477575818305522,0.29547299387318776,-0.08688480461103547,49,0.0,0.0168954175190287,2.2602995261932253,-0.8854149849852075,2186.371177213814,1706.5488860352289,1113.8378080842645,0.0,0.0,156.94848243489815,57.39729505099244,74.51718505281562,75.97503575109442,93.25830053628576,88.86384081906567,75.70066426437353,86.89535187166102,74.2507275966984,61.10895863184167,71.08858822131536,77.44351410652882,76.22029343021063,66.97443332702244,78.85313721539825,86.84988929455524,25.83788796539759
721,2555.1664733837383,1707.4567654393752,0.7474543592516114,0.37383303394837114,-0.25003615415047914,49,0.0,0.021953418400104643,2.372637329798888,-0.9380783976880285,2555.1664733837383,1707.4567654393752,1136.6948410830942,0.0,0.0,156.66330752917042,57.396327588265635,70.83817245864672,77.15588511400745,87.90413802171824,79.06606696872433,83.21956428333095,69.8588003218944,88.80031066020933,67.17595515330419,80.84235341746344,73.6135508303913,80.37810251255762,89.93750142549894,72.65842027774055,86.38931871086433,28.856700926742292
722,2938.6413739354834,1707.5118326150553,0.3630866957116517,0.38858039208652917,-0.2955631313880124,49,0.0,0.012715135175045961,1.887512091301753,-0.6897243559435426,2938.6413739354834,1707.5118326150553,1149.8816621885949,0.0,0.0,156.36682465898642,57.39426814516395,69.05976818582282,88.3778328791058,93.62665123760218,86.46343970582588,80.30972058112496,78.26031072313558,85.32168814350194,71.88639060998787,81.63534570430811,85.74235261344926,82.11514444045011,77.91007666189532,74.85395476991621,70.41856618420536,23.900419748263506
723,819.0089415386534,1707.7337998222608,0.6394584136185473,0.451354374066353,-0.3033811126731478,49,0.0,0.011962343875388078,1.4231151376105529,-0.3831000956184547,819.0089415386534,1707.7337998222608,899.1445057517878,0.0,0.0,158.00587440802178,57.39715515782805,68.1939494549256,70.04646604146279,58.335856248438915,53.39510403874878,52.647415407547555,72.2377326245284,67.28815391072293,45.29591264850498,56.26996521491837,54.58266157964607,55.77702430419063,72.62557754741619,73.88325985774671,74.24194508410208,24.323481788887797
724,2348.764085935039,1707.703381925349,0.5411290568548064,0.35261409877449224,-0.11758621539637668,49,0.0,0.07994163883262057,11.667300040825062,-2.667425916241294,2348.764085935039,1707.703381925349,2631.9667638238598,0.0,0.0,156.82290254231432,57.39726288220093,190.68914316975315,199.83024406437664,188.2709720928492,186.7910167229058,181.49193778231393,175.16202962369084,195.532517696325,179.37207276008286,181.30063018990967,191.00629625137782,177.9464981984052,175.13466594361606,197.93382080466267,168.58533733703035,42.91958118656067
725,348.2631918854058,1709.0012283327862,0.505754915516184,0.6744861140431445,-0.22483029090397394,49,0.0,0.06054683161133639,8.791254592423886,-2.36012714322665,348.2631918854058,1709.0012283327862,2519.9606383600817,0.0,0.0,158.3698630256983,57.395415643691095,170.1755158193027,191.4617644729476,195.7746349740298,158.7785915052633,183.8702267168102,172.55409898613735,177.23673522106765,182.43838394928466,151.95152540673467,164.53780539219406,153.43708685650688,190.2187771004011,178.38963146804994,210.88980278112467,38.246057710227035
726,884.3973582292764,1709.4614968216474,0.2601221299417191,0.6380041458727773,0.19757872422491238,49,0.0,0.017055235715007857,1.33169113970544,-0.3110087755324374,884.3973582292764,1709.4614968216474,2821.6197058142866,0.0,0.0,157.95532325679525,57.39810695177021,205.89025661292274,214.4993830953739,200.7332370878471,183.927722995673,206.90403095781576,197.90467151833974,206.65066425651912,183.63490948716577,191.15111724383155,177.64017502221876,207.37710780894975,172.57805866924747,207.4487875264815,216.7059207200735,48.573662811826736
727,1341.331073374987,1712.829037805971,0.5775603868194867,-0.1473231048225057,-0.11240418489408763,49,0.0,0.023959957302067535,3.1601333100504183,-1.2492635092343765,1341.331073374987,1712.829037805971,1247.4942134102953,0.0,0.0,157.60197729669386,57.40056572294631,82.09086334834089,73.73024799686257,104.2083164532865,98.82405296403189,91.48820317340045,87.82482917922839,91.81925729946234,68.79090577997329,105.89019144223067,103.58067274799183,84.49205317395334,65.08351472063318,81.38172285567518,83.35041438715513,24.93896788806959
728,1614.1964131160973,1713.997474900027,0.722473268511573,0.04327165064790511,0.08736919631360937,49,0.0,0.011656290810658302,1.2200900055341752,-0.21597967395123815,1614.1964131160973,1713.997474900027,897.9783308649413,0.0,0.0,157.39094926562385,57.40121125321904,49.67872031577686,63.101782175945985,58.63248992002907,55.86962685597932,56.030298736661166,82.95072061252448,77.49957294621669,54.91651298002548,66.5865242854419,56.85220145871234,63.52030740470976,71.88835394760491,62.46327091110592,63.51799727114968,14.46995104305779
729,1050.9967903299744,1715.2752738527058,0.36468016502593925,0.06515020791478761,-0.32820011231313256,49,0.0,0.015316059525816288,1.9852171011260067,-0.7445200191399703,1050.9967903299744,1715.2752738527058,1645.3500779589228,0.0,0.0,157.82652098315322,57.40102875117212,109.80393993287268,125.48821222725637,109.33294828367949,104.28081886021147,118.64535490239044,98.87445903053887,118.23600852985459,103.306240170911,111.51350969932564,129.096959042691,123.38626441786259,127.37307397390659,107.38218084681597,133.2519016142903,25.378206426315984
730,577.1618825631565,1720.4388556258089,0.5146017033560975,-0.08226216080142107,-0.0536129015792819,49,0.0,0.012267918853818697,1.5568116432380603,-0.48059017745318294,577.1618825631565,1720.4388556258089,938.2908920965305,0.0,0.0,158.19298971039078,57.401414548688834,73.60917873813958,67.95970448400078,63.47969212502987,52.39719370187329,63.57596216876414,70.56916718164632,51.15717851196163,78.89152802463174,59.12863072228215,75.6433549319277,60.0763813585809,65.58751994794416,60.93244971171377,76.45756262412195,18.825387863912482
731,1166.2619779359466,1720.502895888923,0.46307504438461733,-0.27968073023334733,0.08172010351936151,49,0.0,0.011216520737608418,1.6442311333431612,-0.539907168168031,1166.2619779359466,1720.502895888923,912.9901690500935,0.0,0.0,157.73739856928975,57.403475520660315,64.6019460124502,77.80478691784961,66.48737726646813,74.95375039479323,75.92713814510606,61.952858176621156,60.61721464072127,63.29025298604416,60.507901930715036,63.68443273460509,55.716521186751955,59.80997481585257,55.605166054900174,54.44987613742464,17.580971649790307
732,2095.6856440630427,1720.4787348831924,0.6807074176543293,0.6032305681761869,-0.154226886354196,49,0.0,0.010749701057696492,1.187283116723488,-0.18638573034704647,2095.6856440630427,1720.4787348831924,939.9907980898149,0.0,0.0,157.01854747281547,57.40333124274201,64.19687353701912,53.7731968167942,76.49751909306661,47.60098847120129,64.2106446467508,67.2524654774397,60.24302201406005,67.82552869093568,84.81566804143853,65.73756312163994,63.061702725105164,65.04668048758825,70.52355023185416,74.99943961852014,14.205955116401277
733,616.0272769281898,1722.342800173025,0.5443012100959588,0.1688469571183056,-0.1894991162806708,49,0.0,0.04115766641231642,6.194251224512822,-1.9799720383959123,616.0272769281898,1722.342800173025,1552.441575512311,0.0,0.0,158.16295137223952,57.402392652921236,109.62751703194368,119.64652869914435,88.67231845173623,104.71197631989344,91.24246780369882,125.38931434514912,116.96986830932255,114.84114357875987,105.61177045806764,112.79385491361967,105.60214207381841,95.39518287711235,123.39958912449154,112.1857448712139,26.352156654339332
734,2465.6857031182813,1726.338491508479,0.5168392926641504,-0.9879377078430166,-0.27833639507781877,49,0.0,0.033480251101043204,3.4932357571524952,-1.3580697424903776,2465.6857031182813,1726.338491508479,3509.7052552465775,0.0,0.0,156.73235194660515,57.404580136828294,244.18051909755724,232.69188127839703,235.35931481497855,258.5460245224185,220.21686127048383,221.59760153376797,247.08200979485437,238.7779428187144,257.16681051082674,261.06765882311015,250.9581894314759,249.5654483650012,262.4642946255684,241.96885050328493,88.06184785613837
735,1495.4764899890636,1727.1431995287246,0.5183495765339526,0.06167706454184759,-0.2136583357497766,49,0.0,0.05240887000831401,8.08295055116655,-2.2689248048396307,1495.4764899890636,1727.1431995287246,1935.4377019522651,0.0,0.0,157.4827782307483,57.40666294205566,137.35185251733213,152.01864844563403,115.10490806576001,113.3650654304366,120.27562640193362,138.93985090076896,152.69111064296936,131.219717023667,136.8460027759241,127.1583411375412,152.27901538146298,138.34389152781984,133.27098395274643,148.7779540625305,37.79473368573853
736,1361.7360928188511,1728.5106458089165,0.7918435758690656,-0.3040691603912101,-0.006864543157864808,49,0.0,0.018413549181708677,1.45881443473499,-0.41000012984321793,1361.7360928188511,1728.5106458089165,1618.2298856708214,0.0,0.0,157.58622954952432,57.407123757695224,120.14844316197554,110.77154776771647,92.53199081232412,117.08188235028585,100.68373405491832,126.61966026933742,104.8526741531582,115.31526703107662,125.2964194534675,108.79654585920122,103.45515187178698,116.30482273589799,112.30601678733217,138.10268284013287,25.963046522210135
737,1883.9033424708725,1727.4464882397301,0.5469609236486231,-0.259246024439497,-0.04001402420698003,49,0.0,0.013293564440607149,1.6766758788319527,-0.561122791220721,1883.9033424708725,1727.4464882397301,1004.165469522124,0.0,0.0,157.18232800086162,57.40662512774614,74.83455309885426,76.04109197909709,71.25349742033725,67.84514591438821,61.58438875386133,61.03042414102198,58.34845297351119,71.94155784713317,78.35002030574199,74.66976349365791,73.05335022325154,71.88389398463475,80.35896377017751,67.48019358765718,15.49017202879859
738,2501.2353643002507,1728.044897404246,0.6394904782177664,0.2761376476510612,0.14148559688922052,49,0.0,0.009910827687754203,1.1363320409249382,-0.13876313141060434,2501.2353643002507,1728.044897404246,875.978398183431,0.0,0.0,156.7048447073536,57.40514234542065,52.13848520265387,57.90955228536888,55.61225363956058,56.69348976689693,71.45476276351437,62.288215726529394,68.05580484497969,70.65607939444422,64.00918760398103,49.80617944205251,63.13662467317887,71.1587126415584,62.058937391805046,60.31946608712487,10.68064671978225
739,2811.976112500865,1728.523317555991,0.62346809512703,0.38275012556471094,-0.1101622677381622,49,0.0,0.24055851784340299,33.477166551258115,-3.811871732381033,2811.976112500865,1728.523317555991,5790.024145436905,0.0,0.0,156.46452644194224,57.40378659667255,361.39381737841205,391.37501564098864,429.44400002910515,369.29072323087496,397.01895749215174,419.2436623014195,424.7562957775034,402.9584000915045,416.8797601464696,434.33487976847914,392.6760470624971,427.5550941195005,408.8962490607011,400.49060107524406,113.71064226205382
740,2828.5183369087817,1728.3072219304224,0.26197142684133806,0.349917275743998,0.046465012541357126,49,0.0,0.008253993765215501,1.006593629838927,-0.007135444164929859,2828.5183369087817,1728.3072219304224,1223.5725202332067,0.0,0.0,156.45173652886663,57.40360096267167,71.11785550576332,76.60889962111311,70.34254275812381,81.03049467785343,98.98845875015843,86.09767917233492,89.15727386486509,99.87403228593601,67.03611852141754,86.69822951535681,88.57463885627467,98.36621972614697,90.9032272227019,97.92535298953882,20.851496765621683
741,1674.8980982023797,1729.3781074113322,0.49418526653752337,-0.1298819545222248,-0.18439944432834765,49,0.0,0.027255042801473055,4.2718644185895895,-1.5765436512539717,1674.8980982023797,1729.3781074113322,1357.266838865287,0.0,0.0,157.34399310709512,57.40760717308216,79.96832369254719,96.58636614324485,101.89272255240343,90.60695964894131,92.1976590392848,98.56318108600266,89.01523225075996,85.67396693437433,109.35987874746928,88.28080621505322,99.84197133980231,98.48623389072142,103.24922767530242,91.25844096766578,32.28586868171394
742,1625.7666108002468,1732.7635131217805,0.23232040102803347,0.17632759245005175,0.08771176813358113,49,0.0,0.009440382413375224,1.4126621246778206,-0.3750957532862075,1625.7666108002468,1732.7635131217805,1181.5003074099304,0.0,0.0,157.3819968144239,57.40902936108043,99.99205575592944,85.36489300945733,73.01602897132807,79.45987235024282,78.04734146080385,87.09518382507868,87.2995895379117,74.61821099637966,90.90580953961205,72.0850145267423,83.72791180041868,70.35325311420804,88.89500077972252,85.12158213878968,25.51855960330567
743,1869.4310899959896,1731.7082005095444,0.48004559912908235,0.20930037529957804,-0.37130916970644906,49,0.0,0.02110598734527755,2.6566697617852766,-1.0608439316147291,1869.4310899959896,1731.7082005095444,1631.5926406579815,0.0,0.0,157.1935121836553,57.408419769380146,85.89630263628118,121.01310759993933,107.12914643751861,100.12227019435986,102.70702190544348,116.0047083292213,96.03353966249803,97.44217291143482,92.22863226752868,106.4428459810378,98.46154190428797,113.22928788245736,171.707444175415,172.46959917732917,50.70501959322891
744,2460.444706293202,1732.6200286510805,0.4596250448146105,-0.9682494465269136,0.01839249522263448,49,0.0,0.042087998062689896,4.346759315864627,-1.5954139839106551,2460.444706293202,1732.6200286510805,4256.547580224373,0.0,0.0,156.73635781088444,57.40721868750889,265.6488031203788,312.4691890490885,281.5713303334638,303.12848203094245,263.35719771268793,297.38551690233555,299.5107964934815,282.41008213428063,303.1929848950856,321.2521211357207,304.237686631025,283.68818757266973,308.7479000510915,327.84730081100736,102.10000135111326
745,2656.418224678201,1732.242530936607,0.34475831425970266,0.02616263449585791,-0.21893191676880105,49,0.0,0.012168912365166411,1.8365817171527048,-0.6600256416936863,2656.418224678201,1732.242530936607,1153.0372192635014,0.0,0.0,156.58479057693418,57.40617176230423,71.51154480394035,75.50095859569889,72.12243648948643,59.93368337446408,83.77621523120405,76.1867870669692,87.34105216510576,88.4295648329075,72.2930995880075,81.8517344846564,92.99750364308908,70.36158819070545,87.04960628786037,103.46812248768637,30.213322021719865
746,2293.0603680736613,1735.2368780451034,0.6195975129267243,0.3874042914618815,-0.03160929781609179,49,0.0,0.04349648597318886,6.026466585923667,-1.9501568823358237,2293.0603680736613,1735.2368780451034,1617.8391528086863,0.0,0.0,156.86580849230265,57.40892477247663,116.27543012337921,94.63539237744473,109.7997387976904,107.69956458588416,110.37827029763582,122.51475640887938,117.48528954799814,119.69823127715684,102.2664499907553,114.43893999491489,112.9102657188937,122.2272407431953,141.45802134946575,99.86526427114242,26.186297324250127
747,1541.7364387063517,1735.5789509787,0.593306767549554,0.10673104400644581,-0.2809339737725353,49,0.0,0.020806462218564706,2.660597443355861,-1.0624479235500663,1541.7364387063517,1735.5789509787,1137.7386299000357,0.0,0.0,157.44700027530718,57.41019578823074,78.77234872281653,66.72200914610308,68.97454710039395,77.44335861478875,81.38049262155697,88.46721443075442,65.79131974174614,67.06702931619591,79.85318998969993,90.10653192051265,73.33399597234845,96.85603345599678,85.40369404344456,87.75434657508501,29.812518248592635
748,2727.4799834946502,1738.3393461063204,0.8182911095253423,0.3059987279435285,-0.1863651354599048,49,0.0,0.06470787214435864,7.3129247641851425,-2.1602277634979523,2727.4799834946502,1738.3393461063204,1733.7684439899972,0.0,0.0,156.5297722013191,57.40834426299447,93.96494252543499,95.73633398587691,132.3294214182756,132.5504674326137,116.65142672614324,121.43978751979894,119.10027887364345,141.33902533050565,114.81959619446476,127.49518660595149,127.36208086855214,115.67196345005283,121.74818125564715,134.9503239666763,38.60942783636031
749,2978.4477079336734,1737.5937322003192,0.2882498766047438,0.7677267024345054,0.33820819865646207,49,0.0,0.012068681671307672,1.6107940324688026,-0.5176000300038215,2978.4477079336734,1737.5937322003192,1649.0480364440734,0.0,0.0,156.33568711199837,57.40654404552224,130.80382091559272,109.61231002572339,137.35119200311806,110.71108358491907,105.32749755843113,122.60305745205793,117.56079598885754,100.48594659603066,115.14120608823288,111.73155149512887,114.90946961159192,119.81684595600782,114.95013548405745,102.34358814968337,35.69953553464043
750,738.3773415489477,1742.6104910959523,0.8419380692661544,0.4300161423995933,-0.4597266508199382,49,0.0,0.012582780857917532,1.2140725442530633,-0.21061159458184325,738.3773415489477,1742.6104910959523,865.609325480605,0.0,0.0,158.0684863536094,57.41137220706809,58.26550322067172,67.3339701207389,64.65015796020054,56.61213627385575,53.894409762829426,55.68326525179664,57.05750915014991,67.723926318021,41.84911186185444,52.79003023350394,54.62088908814942,56.80127068544178,73.16987914957106,79.43530240965543,25.721963994165087
751,1383.25475972471,1743.0186304577403,0.25225266598409035,0.4529917490567647,0.06769454605082573,49,0.0,0.013079092545301787,2.4593517911283356,-0.9770516390674467,1383.25475972471,1743.0186304577403,1222.557971353844,0.0,0.0,157.56961234350047,57.41319197212873,85.62810418073255,109.4525044677338,80.46246163164429,76.56151353085156,80.48987962864686,82.83776830852858,82.12924021506282,94.04992746708986,67.36392515250364,74.29791838582165,67.02128469924963,93.9809236918492,98.3078751251822,98.97072112165603,31.003923747291523
752,1399.9805253849268,1742.6577103105592,0.6795327804536582,0.38501659507295344,-0.0782446103632692,49,0.0,0.012338423563141465,1.317255301360021,-0.29917488772066353,1399.9805253849268,1742.6577103105592,952.4266243160392,0.0,0.0,157.55667199048065,57.41305815107216,53.08323030784415,76.74594612067557,68.85475759705346,53.17395023954554,74.11137976373287,61.91246995727123,65.70720875147714,65.42811286208622,62.19991738858482,82.36378076285615,59.50338642357095,62.151172981685264,66.16538397962441,74.2773499077016,26.74857727232986
753,149.5197094944846,1744.6797466558244,0.8802012783898473,0.3760763356601662,-0.16614588136844807,49,0.0,0.014382317420004525,1.7140065221205993,-0.5850311754084349,149.5197094944846,1744.6797466558244,391.8407313277804,0.0,70.41593055350114,158.52396444154311,57.40900647025974,0.0,54.502934826605326,0.0,0.1994908778848038,25.323138451345468,72.0759970190205,66.85976095214696,13.57474244218337,2.3681528570632215,63.312853559974755,31.009653468842906,19.490431592559887,17.121463619499952,20.46993236653963,5.5321792941136785
754,559.6629973880267,1745.0622732835836,0.7794028562786663,0.25505815913606894,-0.3435001949431116,49,0.0,0.015006279955828278,1.5821099786568147,-0.49809167430054513,559.6629973880267,1745.0622732835836,865.2850261271445,0.0,0.0,158.20674688363619,57.41158771461689,53.33044416446313,59.37099453311974,58.46967427901235,51.87150033679822,60.801880298392845,59.25641296923713,73.34411348030268,66.18882883993717,56.25434162597568,60.4640843715763,64.5428142876039,50.73826388231743,64.18943804864347,63.810457523005795,22.651777486758725
755,1981.88461107393,1745.4400588943693,0.6064691839877233,0.1722666357839145,0.13063599517203817,49,0.0,0.029419487510797322,3.964176301685847,-1.495382402340033,1981.88461107393,1745.4400588943693,1240.755747438462,0.0,0.0,157.10647980162167,57.41396799498716,93.14149737662797,86.08155063421069,90.90630593658227,99.39132393162078,92.95897133567723,94.37302106881765,89.18289697019114,74.898147154476,75.62499083610709,67.33213324731976,77.87737102758629,98.47909438858294,81.87961680882985,91.09121204291252,27.537614678919706
756,1611.4366039495508,1748.5872939475487,0.7172313640628557,-0.10725957028405218,-0.12252686871470295,49,0.0,0.01172035132208351,1.2159712041058517,-0.21230822589851842,1611.4366039495508,1748.5872939475487,925.7513134033787,0.0,0.0,157.39308034966794,57.415623825608726,54.684470538040294,51.10355397087669,60.20517154887875,76.11999822648079,86.35330562183265,62.18338759482658,76.30628690963952,76.04763974201043,58.81822724875582,59.49180561114006,53.43077235252903,57.706180637973304,72.08258492208108,63.60556860996566,17.61235986834799
757,3132.9649796979684,1747.8330957680007,0.7660663679698813,0.3960168588580907,-0.4234882966216927,49,0.0,0.016542340131448,1.7108488785470837,-0.5830291236311587,3132.9649796979684,1747.8330957680007,836.269518123842,119.51997940487952,816.3669852736414,156.21606104545074,57.409744041105775,38.292690460922806,81.5811500813038,71.06331685391223,66.69625896606684,43.7331268622568,67.45489247303395,67.64255036335535,56.68607347037883,50.109864600537165,64.1891122594269,56.44659255152852,51.57884138612627,55.38870531045244,60.655745927175246,4.750596557364832
758,250.24487089851814,1750.5908938979437,0.20872776157791587,0.8532692478313886,0.25380523276079703,49,0.0,0.007347915290531068,1.054047218787073,-0.05715016665842601,250.24487089851814,1750.5908938979437,1150.0595526970617,0.0,416.8855984309281,158.44613542972692,57.4121376332342,83.13754830680605,78.51039939249259,93.57981883403288,79.99513761122118,79.67319949221095,75.85565005251874,77.9579440429441,77.52668864114847,71.35518113528228,80.73307080052808,70.18517483628634,98.61693853253688,77.93088779914231,81.15464953968093,23.847263680229812
759,572.4547916085777,1751.8069054710963,0.48581797313704067,-0.08327415000801303,-0.22884924985569513,49,0.0,0.025383923019759787,3.5007007165400768,-1.3603874586384859,572.4547916085777,1751.8069054710963,1501.2225189450064,0.0,0.0,158.19691325062786,57.41446042376806,108.06862714067756,89.2114271176844,93.74951951108969,89.24229604349833,88.10627101053237,124.33422432575111,118.64451503095543,101.41179409911203,118.53390768579266,102.93178584268861,101.21365738521096,105.90893209798372,100.95221262360492,125.73860947213285,33.17473955829192
760,1125.7199471915499,1754.8292061855363,0.3391755762738715,0.5567917763825017,0.28146903706863907,49,0.0,0.011130612311350277,1.5702269194121676,-0.489906046193933,1125.7199471915499,1754.8292061855363,983.5489218915816,0.0,0.0,157.76889786384638,57.41769052551958,61.33105863266291,64.51331816699982,76.57436691989588,76.83926676768306,51.339779820775036,64.42819364816665,74.48169251577698,67.64728803630544,64.88511058699957,62.69367218458947,65.97591338635185,81.36759056045575,79.37665312658308,67.41096965298686,24.684047885349273
761,1696.6103551351412,1754.9130311646404,0.7639699762601713,0.28030832253858495,-0.04109981305211698,49,0.0,0.020191932985807303,2.0546324221394814,-0.7818353425188641,1696.6103551351412,1754.9130311646404,1266.9162091522285,0.0,0.0,157.32717654999877,57.41823793146856,76.30182686242263,107.84085804152483,107.72070697085489,96.64234086102067,79.54651649829553,90.03495423443667,79.73423640382916,80.68923890581593,75.25914483943136,97.80031330538584,88.96179745483975,82.58567483513437,80.12184701900202,98.8910815074278,24.785671412807005
762,893.5130319468227,1756.91801308616,0.4521755773940337,0.15035638822498504,-0.28971137856477885,49,0.0,0.007875246885729137,1.068137033697418,-0.07156743220169376,893.5130319468227,1756.91801308616,766.241866479934,0.0,0.0,157.94856931523728,57.417910310360995,53.59805074784123,59.6535283254633,38.470509808114095,55.151255891316595,45.31534350504205,53.89678269571674,44.333446149892524,58.00512697914411,39.443276900793364,50.65172697949797,54.95463851839661,54.952631590960856,53.57687969131254,71.10448623141723,33.13418246502467
763,2396.400777621411,1756.7276125298583,0.5603804062455823,0.22382324036971352,-0.2084428313810231,49,0.0,0.011353080066643477,1.2085441509323473,-0.20565630205578112,2396.400777621411,1756.7276125298583,1033.4735969644867,0.0,0.0,156.7857243248763,57.417514210849866,62.054134370962025,79.70353860727141,61.18215436149639,63.555771051236675,71.88399398015038,65.28355417242322,62.88947410157474,63.001109927796485,79.1721719063749,83.76442108624437,67.26905638407872,89.10193377401762,83.37280316580478,80.57652933847667,20.662950736578175
764,1682.1253605625016,1761.0538712223333,0.30648191478259557,0.4531288116125493,-0.13469050468140148,49,0.0,0.010914384579791676,1.7098675402938548,-0.5824061696242109,1682.1253605625016,1761.0538712223333,1051.4250029312836,0.0,0.0,157.3383798951816,57.42080271319523,53.988476010907604,79.0152271138385,82.0390559622601,60.55714895841486,60.11397360694038,55.62000401339624,78.90390263153779,76.52937950540883,93.27232652432481,70.75522791744746,79.80136295272916,77.20788321569297,87.95687808367813,76.33082398179948,19.333332452907303
765,2884.6686496175807,1763.6201934989122,0.5057385851334767,0.2127836240898988,-0.3338405065909029,49,0.0,0.010541500625544209,1.2833033003914325,-0.27082327795865735,2884.6686496175807,1763.6201934989122,988.4192723716242,0.0,0.0,156.40791704005653,57.4179782866252,74.166334334888,55.355494382109455,64.33735333002798,70.24477948552754,72.66315030923829,68.39388787822094,56.37378758192078,60.50102936701243,63.451233901888145,69.90591974797431,67.34765493633793,70.95103185285346,82.79673066655701,85.05615031769861,26.874734279369175
766,1695.5286877073547,1763.913096002181,0.8122218107360781,0.5831714454045056,0.2269708204135068,49,0.0,0.013265233104719462,1.3692683422906105,-0.3412214182822152,1695.5286877073547,1763.913096002181,1052.3553333009345,0.0,0.0,157.32800596364987,57.42198844052181,63.547712267284474,77.59718475252896,84.36180011936642,76.6891614063046,72.69520678639304,81.52492733979307,68.90844056125964,80.72625805679479,70.39939595942886,70.91551408339956,59.87930328188256,62.31008998933548,72.58435774947503,91.12679960857474,19.089181339113242
767,578.8928129490779,1769.7177613691824,0.5934933696430857,0.2946321116727873,-0.4892644207544683,49,0.0,0.019172462561546047,2.0378214173783795,-0.7729153058426377,578.8928129490779,1769.7177613691824,1317.89912558564,0.0,0.0,158.19209393985585,57.421953837116604,87.24217746695089,88.80015340000287,79.11500939091879,85.03823047347598,99.63594662097272,89.29543264772107,89.30551012628717,87.53622861449028,101.17544680487988,96.04034266376445,89.57316830759831,89.96856652441052,98.76027055990065,109.99847753264777,26.41416445161867
768,767.2409060349823,1770.0110597904934,0.5181605129051405,-0.347272851483669,-0.17778437350724927,49,0.0,0.06304312858587606,7.98315318077559,-2.255436156488201,767.2409060349823,1770.0110597904934,3509.813975224808,0.0,0.0,158.0463600681223,57.42290434715002,215.63803544314186,233.53136078817602,227.90337638863537,255.89059119351757,233.43613530168975,241.58121558792183,257.545606740081,254.1319349533623,245.96780000675756,239.75486812347563,218.6238339768464,249.5039421653588,303.1346495932273,256.83321751239293,76.33740745022384
769,2143.871063787805,1772.9666105532579,0.6564421475483497,-0.22311408402506538,-0.25600782700386904,49,0.0,0.012438048017456457,1.3722908295796503,-0.3436154028741536,2143.871063787805,1772.9666105532579,941.8263602129566,0.0,0.0,156.98102953335953,57.42508201184068,57.85279065073154,66.70510712412036,63.176492333805385,73.5243018309306,77.02334297921296,57.43651688504757,73.05551481433986,57.80993942213043,55.69630697658379,76.9886571997769,64.65396223323481,67.67882319396925,63.14122343820472,66.31541704477254,20.767964086095986
770,1874.39109871331,1773.7934422147753,0.5760614771977118,0.006286398939740771,0.1823142359312235,49,0.0,0.01631032341660143,2.164512785795983,-0.8384003888451517,1874.39109871331,1773.7934422147753,1052.449772866646,0.0,0.0,157.18957402815312,57.425948764948075,72.73311110996153,78.86857093641049,72.93310026804825,81.12274732735781,74.68519563365254,49.26855521377965,76.52103419498897,64.5001496092866,66.58201428161179,77.68047807152496,76.6075268422095,74.5674190296434,69.13076465745274,88.83340435957928,28.415701331138735
771,2876.7263929872083,1774.5618537887533,0.9074235089009804,-0.2851040010119546,-0.35615054162142945,49,0.0,0.014347017935713633,1.1769413198050391,-0.1768870255874239,2876.7263929872083,1774.5618537887533,1120.8756391653333,0.0,0.0,156.41393827329907,57.42258483208337,73.62650332873478,71.64512899180674,75.77563559744969,82.92497276819915,74.78952064554886,90.34274492923313,79.42611100941244,73.56779532076669,68.50464523320488,84.86847948628622,77.15774901657397,82.02507502393084,77.24188861705426,80.9349704659624,28.044418731169166
772,397.01590593811414,1775.475358893813,0.8263181884259333,0.5896496337793891,0.16242904408985576,49,0.0,0.011734128182831068,1.0802814792455793,-0.08384232611463385,397.01590593811414,1775.475358893813,898.3024519749622,0.0,0.0,158.33287411022954,57.42339306872972,58.00877852726384,58.98322461854264,62.19471588849727,62.53661539131726,78.30548718805983,56.366816737869996,53.99774538760995,59.103739386402594,63.34525733295316,69.67032429076912,53.27108015233516,66.19867639082585,79.31227793446745,65.24988228517383,11.7578304628741
773,513.5556699034637,1779.1043609516921,0.5907985508575965,0.2729744411634348,-0.23754766271941033,49,0.0,0.008849699357430161,1.010791341497868,-0.011653782674987945,513.5556699034637,1779.1043609516921,880.3111066022966,0.0,0.0,158.24273663251958,57.42553786886061,62.34062910872815,70.1365886470295,64.22516357892803,48.206240983806694,59.06975205137361,52.81419357387286,50.91425622968401,63.23032142423287,64.43752180639879,49.31802405236601,60.32161093555215,63.08701257253374,77.1115263230262,75.81669443112293,19.281570883640974
774,696.4528474534554,1779.8286026869519,0.5612946507603375,0.05472473995871964,-0.21033814176300084,49,0.0,0.013948864501633922,1.8874182151146504,-0.6896703550657253,696.4528474534554,1779.8286026869519,926.2095016141741,0.0,0.0,158.10121233849858,57.42670309413619,50.82515520262088,64.36799418962481,63.583193549595514,76.96016487923026,74.07151944521567,58.33050754458063,65.25247721041363,51.43038134511514,67.7617326220364,75.55842505587069,64.65944933790165,65.30430461075045,66.0631332555009,59.490637751748224,22.550425613969168
775,193.1410582408925,1781.0935381286422,0.8411435335803418,-0.2785718560046272,0.2587085889896056,49,0.0,0.010265095550494667,1.072821051148391,-0.07631821689047037,193.1410582408925,1781.0935381286422,948.260339667557,0.0,593.7966437607645,158.49067970277937,57.424471575446304,66.36817041693365,74.27268708750529,60.58236587821906,60.08801575145774,42.613219352604375,90.27091667527101,66.1467922887335,37.5025388400572,74.55777222995602,65.25992889850983,67.87632292026092,69.22492855016152,75.36535703563953,81.8738800218839,16.257443720363508
776,2692.9637084848596,1780.9256365958286,0.7575100704926098,0.20603404691678756,-0.12041951190144042,49,0.0,0.010649302917438392,1.1457895343791709,-0.14776212773446998,2692.9637084848596,1780.9256365958286,835.1263958620495,0.0,0.0,156.55605887145245,57.42626812702507,44.17335806834759,66.71440005175648,60.87790524672643,50.13354210944162,52.56306461596945,58.95279696626639,59.926519401503846,62.882610345856534,52.30408861024135,59.23544671716996,55.825644433881514,68.09543597869711,59.12465183386249,60.785784611261974,23.531146871066866
777,1268.4915946079047,1781.7108442429771,0.6378385088420958,0.30986612542206976,-0.06505630629121857,49,0.0,0.024233536598090185,3.160008931150485,-1.249220775172506,1268.4915946079047,1781.7108442429771,1148.5662515968172,0.0,0.0,157.6585101946996,57.4291641408151,76.15412111049159,76.162638645899,91.87878915788383,73.62409710158934,88.78674136939568,83.40795397296253,82.74255585242472,73.94637416285332,70.39147983437053,85.19301601691838,72.68975278806288,83.8015025205308,88.07039913313827,81.42298334696069,20.29384658333567
778,573.860344996037,1783.2452003637015,0.5990332667036762,0.032986258041953896,-0.10846606988125751,49,0.0,0.058806210790944044,8.328147430482307,-2.301371011860844,573.860344996037,1783.2452003637015,1942.1754734663891,0.0,0.0,158.19610995121897,57.42756528121144,125.28905298518606,139.13768894550162,139.60760402593945,145.09260671381247,136.22515630574034,125.03104274492456,113.41631655385652,134.02696875383015,148.55974025036875,141.5629377969176,151.41697245752377,130.66753751837018,120.41356284682425,149.387432062862,42.340853504731655
779,2967.230322563797,1784.6469635727258,0.4994391682818768,0.27206651623569944,-0.0062007240273448715,49,0.0,0.009954438715267478,1.2967128970752215,-0.28210957587261404,2967.230322563797,1784.6469635727258,1155.5294517137875,0.0,0.0,156.3437961815408,57.426219144514505,86.79615367257884,73.37479363236423,76.94816623131678,77.77621144690512,74.15642341227422,68.62777592040453,76.04596019391803,66.47536221492119,86.1685071066714,83.40106550902361,76.77683362187194,94.00823473881609,88.0245875686509,97.68496420521468,29.26441223885589
780,761.0797558852217,1785.0632073793483,0.5124749998403322,0.39911631304668443,-0.5240868301686102,49,0.0,0.010443150769415138,1.318573987395275,-0.3002612595101752,761.0797558852217,1785.0632073793483,1022.025371134402,0.0,0.0,158.0512386820747,57.429151227580704,66.02696959781233,61.16484633026592,69.96219994975405,60.6799291664762,80.69140040170232,68.23895018602761,60.88095928866721,84.68296815487683,79.70717197554362,78.50190600982452,69.96416621254852,66.7485913552139,71.89297227247711,80.50911659422133,22.373223638990588
781,1786.9539700395187,1785.2520719901734,0.626199519777584,0.1255170108663738,-0.3161886825170024,49,0.0,0.019432098010099295,2.377262908508401,-0.9401930357260835,1786.9539700395187,1785.2520719901734,1126.5800026236325,0.0,0.0,157.2572236081146,57.430818621228674,70.99073986928886,64.44018039110239,90.36947472710435,70.62891939968188,86.56188318763945,83.83362902642389,73.30830617644922,80.75045305685617,80.85137498096034,87.46161281384335,68.42582844818754,88.99085636666591,79.05405051025627,75.35607203419207,25.55662163498071
782,1046.0289526767745,1786.5796331126937,0.9540347226455406,0.4482892908895302,-0.19749676607465172,49,0.0,0.01844024343179743,1.6819918297875516,-0.5645597047445073,1046.0289526767745,1786.5796331126937,957.3550263811057,0.0,0.0,157.83071070724154,57.430725039901645,70.57484694111201,65.55789092474629,73.24319812586273,63.031036054931946,52.591408688598264,64.00789366474402,64.45492671376363,65.37201931467968,65.8728940950679,79.7085211391378,81.65575577333595,62.349870335717725,62.36991248185551,66.88554867622533,19.67930345132696
783,1669.7185728402753,1786.7150637408622,0.8425141728566812,0.6456396891815868,0.09814348000522298,49,0.0,0.019384210906855933,1.9355176229803284,-0.7169928248624,1669.7185728402753,1786.7150637408622,1088.9988901424401,0.0,0.0,157.34796467917207,57.431499292156836,68.36195701603297,72.82466697789835,85.62010992772697,62.01828096261028,75.68274442029818,89.81010032096233,88.52729099021408,69.59637459149519,63.585604911259495,76.57888587326453,81.56090718442243,77.43609953514937,82.7849782713472,75.6146928653842,18.99619629437463
784,1420.2921865769586,1791.7303195642771,0.7919377832621253,0.14757416329607914,-0.44934638742736893,49,0.0,0.00928474656780629,1.0199891342067346,-0.02148886327932402,1420.2921865769586,1791.7303195642771,727.6934813316874,0.0,0.0,157.54103595360417,57.43352330999471,34.74511910739621,57.69803120588321,45.27536872967108,59.23738552925782,47.993703066820565,56.78807343958872,55.91874047285348,49.75229710684462,55.32355296677045,47.34393174008641,56.97188764741661,46.08102969499679,38.68205753939985,62.05640348956619,13.825899595135425
785,1067.5397163251632,1793.0292786155455,0.7972434961374549,0.1202954887143405,-0.4976318483509071,49,0.0,0.01187340830431795,1.3118658299222168,-0.2947235504343903,1067.5397163251632,1793.0292786155455,1099.4833271812581,0.0,0.0,157.8140919120225,57.43346779670584,81.38374551791357,77.76149885677681,72.5970711904755,74.33415457722317,80.35748427567134,80.05729011306187,74.20771745543213,72.85571587482661,67.97679648814372,85.67088936602785,77.15301283185154,72.4413730641834,95.41686371980748,60.783321212990515,26.486392636872704
786,2709.124144578053,1792.5915551327173,0.8593644140856945,0.4588549338879,-0.27321627651262065,49,0.0,0.012018709370640293,1.090313617985931,-0.09387859111342531,2709.124144578053,1792.5915551327173,914.3341611717501,0.0,0.0,156.54343994313754,57.43104402677916,67.48271569770193,57.052075956466915,81.83054061502071,70.74482779550927,68.40098063099602,62.208830998996476,76.37377897046431,55.41908610653303,49.92275639634172,57.640086624709156,53.61995842252901,66.37603166167261,65.9918505818799,66.02230580258276,15.248334910346259
787,1062.9740834748543,1795.5579626293963,0.2646778122809184,0.20502820902576793,0.2764997067041159,49,0.0,0.011823083519126656,2.0847074251294955,-0.7976127830854032,1062.9740834748543,1795.5579626293963,1158.258877250455,0.0,0.0,157.8176378888153,57.43450979209874,94.69676249204178,74.31314411215774,78.59877313128126,88.07348576178833,79.9139357423266,88.2294468355125,68.1684105092049,75.24238127436513,68.50297912209562,82.74089746210271,76.91749592820739,76.88634380382632,95.97831507478438,84.70534241069095,25.291163590069417
788,2232.1035125806206,1795.024633364249,0.7478686401272503,0.9802060618060116,0.057088467905115826,49,0.0,0.009978643662439727,1.0569665058226594,-0.06015306295429964,2232.1035125806206,1795.024633364249,819.1512305916649,0.0,0.0,156.9126272715068,57.43402667621577,69.38353400598702,60.26885349526708,64.47435732699331,63.58690196612569,48.124658523378564,54.65098609605661,54.44735254534088,43.24018332514299,45.182693403659094,52.734239840718665,61.96879710241508,55.872621988614824,71.37712243431596,52.73120948201124,21.10771905563778
789,374.9213441668956,1797.097767927726,0.5361840020464111,0.3688700895253859,-0.1824166140037649,49,0.0,0.0158956670376194,2.110961341647469,-0.8112007002007925,374.9213441668956,1797.097767927726,1128.6985095149598,0.0,0.0,158.35020244392655,57.432273909909775,86.70141159859374,94.16118047631262,77.01145314851003,72.4249389932151,78.46896863508229,61.69197791747247,80.18043166563865,74.57738315533392,73.73245926094518,80.79573027524351,96.9821344905406,69.91192333588309,75.97304958901105,84.96864345586215,21.1168235173154
790,405.72759030191537,1799.2903637448028,0.22035726499656474,0.568066475004929,-0.2566986517588047,49,0.0,0.011667917784014109,2.146099004168656,-0.8291243825794279,405.72759030191537,1799.2903637448028,1250.6261725792056,0.0,0.0,158.32638409561736,57.43336421438772,87.21544344998964,82.84350314570173,91.644705182573,73.0677299947477,79.58365999219538,68.13339915817883,92.11096114710116,90.52622485400619,93.05270402626867,103.36336649844912,92.24067715764053,108.16458760328896,84.06323116498962,81.99351455820256,22.622464645872448
791,1212.0666960562783,1801.9171192922363,0.5357595968929183,0.3049498952299645,-0.5150324637807708,49,0.0,0.009001985359744774,1.1922919932411093,-0.19095656872035113,1212.0666960562783,1801.9171192922363,809.6808548291165,0.0,0.0,157.7022503722569,57.43748688079859,53.53781301748432,59.454731692676404,49.34512291757953,72.65242247177326,63.496765855440536,43.03491670108471,78.90996246831156,52.72640088161316,45.24164785864711,56.132903974156534,42.74015921469499,55.200341747307505,55.72897147978503,60.40901992053611,21.06967462802566
792,541.0166496430525,1802.8372739112883,0.9074607231057642,0.32603007743265117,-0.22898023824928415,49,0.0,0.012210457778635088,1.1222896774708193,-0.12526242102076868,541.0166496430525,1802.8372739112883,788.6609583404336,0.0,0.0,158.22170867265794,57.43556531722434,47.52072242085313,57.014587026506995,52.91162167723911,70.86316866307918,45.56745282999119,52.87865843185424,58.44485304392426,57.68200848628963,54.18211862466352,45.44752120724472,61.74632867505897,55.70891440504983,56.30080327882128,57.432024251016315,14.960175318841188
793,1833.1133764141125,1802.6806922921876,0.5778351777745162,0.10211535745142337,-0.011844334282488137,49,0.0,3.3659143126367943,499.31395579618635,-6.745934261825999,1833.1133764141125,1802.6806922921876,74740.53374908835,0.0,0.0,157.22146000496286,57.438034616212015,4612.101304668107,5153.366962171103,5154.418361917585,5284.66737550654,5192.299006558842,5370.240567737138,5451.828077432457,5162.871655914099,5200.112107412788,5366.202069944272,5241.214231821063,5297.281127811307,5466.668652707549,5333.128683143026,1454.1335643424857
794,448.6588624206495,1804.3946519786743,0.48116914368752295,0.26834358115115436,-0.10170774205447088,49,0.0,0.10478149527111116,16.283270536032806,-3.029354096146367,448.6588624206495,1804.3946519786743,3516.8567027293443,0.0,0.0,158.2932093537512,57.43572969012704,223.0135630095873,233.93465343575272,251.49376059893245,234.70574755509466,234.49743893297634,218.0441779602159,247.27441821206952,242.66023933075388,248.39462840437074,279.00842797676023,245.84539811659303,280.744233032645,256.8216893688899,252.41668027259465,68.00164652210769
795,2958.482953517996,1804.991402521171,0.5091227107948111,-0.07248790450262714,-0.07404586950542189,49,0.0,0.009148169005978774,1.122482187202423,-0.12544864465371086,2958.482953517996,1804.991402521171,1003.1896835906339,0.0,0.0,156.35032124505247,57.43475106703611,69.06580884754706,72.6627841224592,80.60904755150553,50.49964624679946,63.14401365940142,74.83980769837966,68.92628316141142,78.16251346502148,68.62393187025188,63.35962200060751,68.09470673525635,67.49615439985092,63.10069132821828,78.79558469912735,35.8090878047964
796,1714.0146783876162,1805.3204619528274,0.3402053258986193,0.5446423255335302,-0.02868421331499841,49,0.0,0.010149293649931985,1.6190333506739265,-0.5231394873319735,1714.0146783876162,1805.3204619528274,973.5399447239015,0.0,0.0,157.31365960044425,57.439232317810344,71.03698804118572,60.45279707706932,60.77185425501003,84.45024856565132,72.66790692734966,70.54739017300463,79.95443341527746,67.92678255113616,58.85197861943153,60.31007009293796,76.29091318242355,59.9622453853235,63.888697665132355,63.123187036998765,23.304451735969412
797,1863.6587285282776,1806.3001718868345,0.6126911425861891,0.08091366248529659,-0.06653383399535792,49,0.0,0.20498455096811913,28.816092837947036,-3.6490877366535917,1863.6587285282776,1806.3001718868345,5169.644312101502,0.0,0.0,157.19780455483175,57.439506792439246,329.9014784453353,340.8411662173169,422.97611507014824,354.49387228106457,319.4338744852414,396.3009139762345,376.5158066026788,364.7802133494906,364.08476761207453,379.2506908292095,353.0618798365881,354.0482801717462,370.12435580232716,347.0666327215704,96.7642647004763
798,2319.9715000793417,1806.6426869580953,0.7195651862693101,0.15033284354275264,0.0036848228637289945,49,0.0,0.042367791729708365,5.340153102346898,-1.8188842711066244,2319.9715000793417,1806.6426869580953,1325.8422872222077,0.0,0.0,156.84454040747326,57.43858569425085,74.46747247611563,87.52128525859126,90.10709317271551,96.10215509352528,86.51291696346738,86.35617176528231,95.01477996428183,90.85631553227412,87.3172031826605,94.54802070437194,100.80441915401431,118.89963993810056,88.65515399119737,101.07206854066501,27.607591484944745
799,691.197432119055,1808.3797276647495,0.9282103203795277,0.4846061957893794,-0.00842862508051176,49,0.0,0.013098369490459791,1.1835387622535174,-0.18295621535252046,691.197432119055,1808.3797276647495,894.1713241261584,0.0,0.0,158.10550784956672,57.43857587753709,53.0183386280427,67.31241300972037,61.08739798264622,81.4083443098228,63.12175824155099,59.26023752035226,58.10388411035822,56.138320580592136,55.735016582840444,51.79027565807195,52.98869820328956,69.862044320368,71.65735493192344,68.48773757651206,24.1995024700673
800,2754.2198775400734,1807.6982489236468,0.6028241831563239,-0.09250209841349347,0.1888026530844867,49,0.0,0.01353927990578054,1.4933298137719426,-0.43538933927674195,2754.2198775400734,1807.6982489236468,992.3657938387882,0.0,0.0,156.50838682709156,57.43709574393607,66.48645177683701,62.62103515382431,70.05688216504596,78.28515479877508,65.13460006919308,82.79109076222912,66.91638911859337,68.89310425127078,64.08607033616755,73.21711987225308,79.1869902212006,64.58562073046113,69.30803879599391,59.286232384110434,21.511013402832816
801,1524.756675008373,1809.1937201002067,0.4709804178956851,-0.7726040195110586,-0.0386541951959111,49,0.0,0.009330458460774205,1.1377396380337805,-0.14010722214626692,1524.756675008373,1809.1937201002067,1000.8828230198285,0.0,0.0,157.46018455486276,57.44086313132884,62.21656499418943,63.75238482276001,70.62082970688331,63.744015116478906,70.3960322454907,66.2990035673326,80.78820433336789,82.49123986830843,53.80492141898172,83.648709881412,67.739523138218,73.47747590887994,64.64320054909862,72.11140379376411,25.149313674662793
802,2102.207254400962,1808.8737260743142,0.3910421846113888,0.08336723169243483,0.037723994605922434,49,0.0,0.012419604620366793,2.0141618225524023,-0.7602358996779399,2102.207254400962,1808.8737260743142,983.7620604946806,0.0,0.0,157.01311331546106,57.44014618721001,68.12789299334024,78.18865128352729,81.26875019113263,57.502092766380215,59.61366329712163,58.02032853019521,67.93392813766826,84.63695831962295,66.14445439836058,74.41228953477864,59.17529859307236,66.46560069424288,58.92460230488101,75.36205135380983,27.985498096546905
803,941.8545035336,1810.1372361962951,0.5598662781348315,0.2626883162710451,-0.2942884903098742,49,0.0,0.021744711273010912,3.0267908359966156,-1.2024560260360628,941.8545035336,1810.1372361962951,1105.8806566001404,0.0,0.0,157.9114759875749,57.44024056856684,74.30680363525829,86.86791385281616,74.47897088566555,66.97129755387886,72.40339816843365,77.46749635799553,72.34374710968413,81.17494027941842,81.9167820132858,70.998640351937,84.12352525268321,73.92709306038279,81.62647181186084,82.89564485592912,24.377931410910968
804,1061.200233136983,1810.2305880479344,0.43632673406898514,0.019153370262618166,-0.484590308213061,49,0.0,0.013215058553858816,1.6293623930128727,-0.5300442205658213,1061.200233136983,1810.2305880479344,1141.7420472103886,0.0,0.0,157.81908066153264,57.440618679646214,77.74576577727379,61.99943125904733,80.952359669004,81.82017935896646,84.76054315729422,86.78106897708929,73.96763535482734,89.54575518126947,63.96896305681053,83.39982146127204,74.89469438829789,82.66771101582012,107.06926798383847,72.1021451660336,20.066705403543985
805,1627.3503297528814,1813.4703630358329,0.21938012682281635,0.6640468795999694,-0.06595109952162058,49,0.0,0.009440820269265196,1.6778794887932247,-0.5619019126387486,1627.3503297528814,1813.4703630358329,1087.2397480086065,1134.0020611536224,0.0,157.3807526458347,57.442656963444286,63.56202222163528,70.09413242905907,55.5250921346773,55.840152196052216,70.51884343518478,73.73465789196744,75.1026690724591,86.39749248474487,84.43322714233666,77.83270801796122,74.09632873419058,85.46593884823449,93.02653797083325,104.26019223717412,17.34975319209603
806,2855.2157664453807,1813.3899148228372,0.4187644726591925,0.7604041474410159,-0.1235716036533618,49,0.0,0.008985082475078777,1.1174058614731355,-0.12052736292183247,2855.2157664453807,1813.3899148228372,959.7424565635661,0.0,0.0,156.43015209082532,57.43888991270071,58.62845359395359,56.63203895623171,79.23119719760582,81.35615378293124,73.71472223795125,70.4125980150715,66.84871258915706,53.00804822313229,71.71698568666325,74.65562882600298,68.53727987489917,68.51261342645874,51.53092676433829,67.31684776345266,17.640249625716464
807,414.6606878948321,1814.1620192524904,0.5476446569706327,-0.01873974570083538,-0.00980965028856447,49,0.0,0.015021235853783097,1.9218095271472662,-0.7092758550429924,414.6606878948321,1814.1620192524904,1047.2632776799235,0.0,0.0,158.3196257108664,57.43961037002074,69.6613946224122,68.22017445430669,72.50574425874754,54.92447158019114,79.09481521273764,76.17955491079215,58.99125156521205,74.27898365889918,51.68850821875034,71.39127401755118,91.84831036750438,81.64499865098819,83.86277159881035,79.32129805435565,33.649726508664784
808,1668.7602048277474,1815.372151866508,0.6339682358167654,-0.006435918603041495,-0.0516929395085166,49,0.0,0.08263941196863682,11.492277860900382,-2.651015294604364,1668.7602048277474,1815.372151866508,2288.2582418997144,62.13139775700986,0.0,157.3486892556745,57.44344002753805,175.48883196731308,172.57675656775183,155.3578870539912,167.5334959938734,163.13236861830688,154.33955493362203,184.7616624447685,144.693098515545,122.89269114862014,159.0702552608549,176.35749885392966,156.82226946660637,158.2612492908707,140.07194618242625,56.89867560123446
809,1254.300911087379,1816.1198121881482,0.46202471646251475,0.9391674309669069,0.3404440560716796,49,0.0,0.010630309321248166,1.232828603870659,-0.2272567556270486,1254.300911087379,1816.1198121881482,1055.9017804768935,0.0,0.0,157.669598271222,57.443478198972365,87.09961792168497,95.44834736634353,69.90573876536172,72.49083148852145,69.21127648719867,59.77391179124831,62.30320890164536,77.45915756996052,65.64444819008108,66.24296742641985,57.110013788972495,91.10591479380035,69.16946599544308,88.2910359519398,24.645844038272234
810,2391.8131058968584,1816.4090517713485,0.3012952316089023,0.4227376624072403,0.237503044387246,49,0.0,0.01152949876676218,1.972515339530422,-0.7375509731098726,2391.8131058968584,1816.4090517713485,1105.7025393663776,0.0,0.0,156.78885793498034,57.44239727347266,75.32334608837762,77.6412626096654,92.96828739915122,69.69185461954983,69.28295371994648,75.61991017309975,65.49968121437342,69.34848233171135,83.88747750374499,86.98718811577817,64.42950784769954,79.43749657916825,90.80382531863404,79.66851366150627,25.112752183971086
811,1744.9760192823069,1816.5761514106364,0.44911096919409743,0.7355168486070569,-0.034472648779755324,49,0.0,0.011020937233433793,1.4481278481930633,-0.40201726327459936,1744.9760192823069,1816.5761514106364,1016.6336012486915,0.0,0.0,157.28967525540344,57.44390321699163,79.70004234987587,68.98351758603302,73.32099242566298,79.59860790965756,75.07276147123753,82.51038155326839,73.8200231465101,52.04350663654158,59.26556630857557,72.23813095040347,77.46746310132133,59.539999975626046,61.60042706990623,82.73986728826202,18.73231347580986
812,206.21740921253132,1818.6425971497104,0.6134997383230486,0.8074204050134044,-0.547504257708816,49,0.0,0.04901172281314472,5.307872657065488,-1.8123012375358294,206.21740921253132,1818.6425971497104,2742.7619557072303,0.0,2357.588794477254,158.48102341583999,57.440201073693835,197.4018650455368,199.84836609705093,214.23654104691977,180.00833963741235,186.66798987156074,177.7171213946728,204.91761810831417,190.4151081823924,180.7945344935227,179.23569329405234,211.9760340691472,188.23521886812276,168.9831753185271,203.69081377854735,58.63353650145106
813,1051.4041717386035,1820.3637795195514,0.6045613917935293,-0.007121024784084252,0.22528011093684158,49,0.0,0.012457901270013515,1.5797106998725698,-0.496443899422575,1051.4041717386035,1820.3637795195514,971.7514818695088,0.0,0.0,157.82671374900795,57.44481541903611,49.379019559288736,66.44260603240842,66.49846832377622,70.24881241988179,66.65289036823106,60.513517517007216,62.51203050624195,78.47393576968724,66.58237593019103,81.92611707140153,63.04446209272262,72.1069172764152,70.04051147242646,81.70126110793082,15.62855642189855
814,2419.3464078647307,1820.8711032839847,0.5767149201512648,0.19801352739792158,-0.07984224117813048,49,0.0,0.12033463930421961,18.0508324413679,-3.1412430871216888,2419.3464078647307,1820.8711032839847,3137.8467100897124,0.0,0.0,156.76750945501578,57.444151150743295,234.57870351764205,247.01957698513968,200.2393174191904,223.28684710235567,217.73087022320246,235.68882367573508,211.49799680724487,236.8796002056342,202.14524661574745,214.9310034489249,196.1554308496159,208.91588947518994,228.68160495523668,217.98424362145494,62.111555187398594
815,2237.1639154697277,1821.9015402052648,0.9399973184542323,-0.354503465429808,-0.10986360025480489,49,0.0,0.016275182976605393,1.5696100953609229,-0.4894794583106344,2237.1639154697277,1821.9015402052648,904.0011880311134,0.0,0.0,156.90855955727199,57.44520972421579,54.8361986785831,64.7910672663636,66.3280361182524,76.84511908387012,60.167240556533,53.83717744061618,59.03698211174242,56.47274742404038,60.085377736020796,65.78516318152222,63.946652271993884,69.98856804883407,63.21362963793726,72.2239890879874,16.443239386816508
816,476.40883551259935,1823.1016008686877,0.4275695653826978,0.49617143759536575,-0.13760385649332785,49,0.0,0.020338945998398625,3.1032187393308117,-1.2295309729083592,476.40883551259935,1823.1016008686877,1288.9962693613077,0.0,0.0,158.27191600813734,57.44367315061368,83.66062333441434,98.91662512527256,76.27725563484786,103.66547139332835,78.36102291578217,92.26897373951816,95.75557828245954,89.11901249253458,100.698613012226,87.77876821935385,96.70773505121747,75.52943455018723,89.87624573275906,93.93888572562548,26.44202415178116
817,493.33654171703273,1825.3586468625986,0.6235439670549675,0.6804639481456414,-0.18209814403308483,49,0.0,0.019041380305924893,2.420996827897162,-0.9599855510231042,493.33654171703273,1825.3586468625986,1062.5654042085507,0.0,0.0,158.25883301878991,57.444703100730635,62.11913486083117,76.05461472819925,69.60459047142899,95.3435437387383,69.27004860240115,76.0421352354588,61.964169979896795,72.72289339468323,64.06612218841808,83.78667726482514,75.85259786907231,83.00274436526276,80.00420125251169,71.02450535883733,21.70742489798575
818,1920.010681012466,1825.5225028684383,0.7450742538584776,-0.042743517620308945,-0.304759922053868,49,0.0,0.011823105850883938,1.1795620424888833,-0.17930197200260606,1920.010681012466,1825.5225028684383,912.6994574636988,0.0,0.0,157.1541232774834,57.447438099865074,67.58908699546168,72.27169423872978,63.34933808037333,59.247614569805435,63.65081120348684,53.22016889947071,48.356508793214175,69.0460480453508,59.12085365868227,69.97310096303484,51.84236581118007,65.29579536109904,74.39554304034189,71.43311725320521,23.907410550262824
819,1659.3093785211354,1827.127339588595,0.5041254807258451,0.6935857727816737,-0.05980660631687068,49,0.0,0.00781768858427115,1.0117015470841089,-0.012631035283442274,1659.3093785211354,1827.127339588595,795.0608251218794,1349.4574332563807,0.0,157.3560007709872,57.44834085797177,48.933921048544306,56.73729311705806,51.162672418951445,40.50159577163049,51.88001919329856,58.934554869911935,50.24791895729146,58.75260631176215,45.476126581508,69.22349636756827,46.51453583806486,56.83659783207463,54.326994664045245,78.19344925514108,27.339042895028776
820,482.13384246175565,1829.9797925168016,0.4851833562901849,-0.1936458339276634,-0.06074704269551979,49,0.0,0.008132682837527043,1.1368081699232884,-0.13921796520988955,482.13384246175565,1829.9797925168016,1013.8590265979057,0.0,0.0,158.26755163624833,57.44656919176117,74.30573101493127,73.54909353462403,66.94157656349162,76.71585361175627,63.67374146127369,53.93751023421795,80.31913760675502,63.493559438922844,64.64752533306878,76.33484142946584,72.18309000506679,72.65378875197969,81.78037022448856,63.85452220720888,29.468685180654383
821,657.8909921361156,1831.9369519017982,0.5649705185712985,-0.05707072605668779,-0.23747885326814264,49,0.0,0.045327887408051985,6.578466129825869,-2.0453116075119997,657.8909921361156,1831.9369519017982,1646.244062036738,0.0,0.0,158.13148599288297,57.44824423610618,106.33199388676117,101.06288195202072,110.09044329658182,105.8350561763106,115.68994038770816,114.9997213170733,124.11735314679346,101.87271006660465,103.85485550703453,117.18576140896975,128.63261707531018,127.41747622196814,120.81197834124197,126.06922187698984,42.272051375369436
822,2131.911094193398,1832.1711684223405,0.9528399364268123,-0.3185189791067982,0.0025032335947354754,49,0.0,0.013258293876948846,1.195639498133829,-0.19400063397227452,2131.911094193398,1832.1711684223405,888.6313064827043,0.0,0.0,156.99000787907957,57.449780369882404,69.97645983512953,55.18537130636399,77.14430845290678,71.91318161928652,64.9744865723647,41.70873437906519,63.20163053329715,60.267705889706285,65.80492385794338,61.4114339295768,55.511536894099294,57.06651826885415,59.5336852720471,62.215619906258596,22.715709765804874
823,1871.1824382369073,1834.1688486366572,0.7321280240601177,0.10947267595531966,-0.14322718999413486,49,0.0,0.01657502358590834,1.6200558133793905,-0.5238249422595682,1871.1824382369073,1834.1688486366572,1149.972394170238,0.0,0.0,157.19191328413828,57.45110910436795,64.15361486799519,86.0720443682591,77.45523867565714,69.24261675652593,77.17921200229732,86.3231704639318,103.71382468431582,70.4473248806838,84.3288769330557,68.05670912944313,72.87810450560531,89.65511419959589,70.5807084372735,105.6068374144078,24.27899685119056
824,1842.482438640173,1834.964008312893,0.5792083446602214,0.09039427757605743,0.08623652664630119,49,0.0,0.01338551623884749,1.861495188672635,-0.6746547951335087,1842.482438640173,1834.964008312893,972.9299594140356,0.0,0.0,157.21413799128777,57.45147534290098,62.07919673542399,75.23810471289241,54.12952209753037,69.77526198465446,68.47355777680924,69.23859966458787,63.675975296618404,78.93998673885085,67.6654668742685,67.01531828625036,80.5266533629617,61.769507467570435,67.16626953274579,69.53306803737787,17.703470845493246
825,2253.8422625454286,1834.6500666567272,0.42195130374547235,0.1600139648104242,0.06856308622933907,49,0.0,0.02163472117273078,3.488002837633784,-1.3564420739427465,2253.8422625454286,1834.6500666567272,1173.1344006937989,0.0,0.0,156.89557242222284,57.45047033189521,69.8207702832897,75.98455418943479,82.8840513804249,90.4987543839818,82.21960654236484,77.39021573578935,78.43888516248794,83.43977843077255,83.71586043717286,59.74760461508162,69.1709112259613,98.96799774853862,105.1677320988054,86.48710918984642,29.20056926984678
826,2011.8629162214686,1835.4967885688436,0.634135976559989,0.14836272071879786,0.02975308015567656,49,0.0,0.03737370362189983,5.0354330144333375,-1.7550920574787918,2011.8629162214686,1835.4967885688436,1478.9672556016162,0.0,0.0,157.08296103872922,57.451434651031825,91.79045250001408,108.6666238260238,101.76984178327254,101.08472338618469,100.48863964858327,117.37454685615782,96.99821499623626,95.61803931612252,102.8495783284933,108.28399557642706,109.81602821989293,97.85581755708502,108.49907553422227,109.4172423280979,28.45443574480279
827,1327.2963644822044,1837.8372068907095,0.42831455791121775,-0.07926350568980352,-0.15003907194924498,49,0.0,0.01612433469654126,2.5093498317674343,-0.998903027753762,1327.2963644822044,1837.8372068907095,1133.4901046401505,0.0,0.0,157.6131319482662,57.45263431722788,87.46398216271383,73.17870105211874,79.5798137600552,100.75289521750403,67.07436398804187,72.70933849272308,94.44861487587201,84.99897530089957,68.23002689656886,60.38943136207655,66.71929305254815,69.49737411450145,86.36296617581286,84.03381070891919,38.050517479795076
828,1227.5470829601009,1838.8526049444474,0.5220997567949753,-0.12990320912275585,-0.3190692934292813,49,0.0,0.014362621994551345,1.870497136293115,-0.6798926190887673,1227.5470829601009,1838.8526049444474,1014.4640497254886,0.0,0.0,157.69038770332523,57.45290439429676,70.43790892949932,72.84875077671826,71.35647951342227,72.50754370489837,67.17074023337591,62.338986298785095,66.77061799744277,68.04704385344535,66.49702879203787,76.10460496636225,80.23725036897673,70.25592620771721,63.482797991810614,78.76929909655202,27.6390709944446
829,2956.385665788785,1839.4740549202693,0.319403746439269,0.40883166816293404,0.16413498516390512,49,0.0,0.009907324846622254,1.514220029536938,-0.4504724664285119,2956.385665788785,1839.4740549202693,983.2672173689473,0.0,0.0,156.35153254659855,57.449129893816796,65.38927210551165,75.37796189163018,73.33284716831291,72.76887220417476,60.7559670437177,73.46056310939056,66.85341378312293,78.76711728242336,55.99987235048279,68.21990064541772,66.86865759252397,68.33531010820973,67.32166857271272,72.98885675062704,16.826936760689268
830,815.1233597347833,1840.991010643719,0.8992112268572594,-0.10296235742293258,-0.15375520345525268,49,0.0,0.011291977413505115,1.0267091764333993,-0.028618609098673666,815.1233597347833,1840.991010643719,841.8905430275718,0.0,0.0,158.00980004462923,57.45266136119705,61.28714276097965,53.25061403201709,58.88129819521298,62.67100794707302,52.29892514292183,66.61459206084439,49.58869797594152,52.665403558076704,63.86148485382196,69.6903781171315,54.24578775098003,49.79947926831966,64.20274932157807,65.85332323972904,16.97965880294439
831,1810.0324762490154,1840.9037806702866,0.9352838430140253,0.4780825553480719,-0.13585183628132655,49,0.0,0.012027597512745217,1.0066705686722757,-0.007218429077710656,1810.0324762490154,1840.9037806702866,998.6974179580003,0.0,0.0,157.23925783659539,57.45398500922063,49.70097478855262,67.57038838742733,68.07043213195847,77.13177484084738,73.60858776769282,64.68352973257689,79.16004837741951,61.039864434613904,75.55157517607486,76.79143257450151,77.18498282263977,53.54923240418565,88.90945428580852,69.77969943402908,15.965440799672061
832,221.26754486935926,1842.602795999666,0.5951151066793572,0.8491011953830873,0.10379789937294126,49,0.0,0.02361887177782029,2.4795091567972327,-0.9859142911858567,221.26754486935926,1842.602795999666,1705.7265766730632,0.0,1373.4141250188686,158.46966516875543,57.450281759702285,113.75234701899457,124.21387210146308,105.16423841589229,113.8782662379227,125.7950658083123,115.50990416377763,124.54044641596295,134.36820722634576,121.93895349536847,100.19557562980381,111.14901008082015,127.68062738133976,128.8845963386009,120.16048201708077,38.49498434137802
833,474.52448148678906,1842.8441983507603,0.5931785954807242,0.3085271879407865,-0.4479144476027153,49,0.0,0.010259378020479297,1.1862180644407696,-0.18541133361187911,474.52448148678906,1842.8441983507603,888.1388448817131,0.0,0.0,158.27357070888394,57.451888197728515,53.55481945216995,66.20957051698268,65.79810904763028,57.30314029806928,56.27376380278701,59.301543441417564,57.466098768092436,66.70480321855683,71.75978245440604,52.14161704349142,52.74584828051879,65.96776224546795,70.29996543215533,62.99748367057806,29.61453720938951
834,874.4442742177165,1843.3164099237813,0.3580235676132132,0.4664358037344881,0.04888181022269799,49,0.0,0.017078294576631823,2.8565857682665547,-1.1396181704362738,874.4442742177165,1843.3164099237813,1118.1905350312709,0.0,0.0,157.9638751665032,57.453843056538574,75.37353761764321,87.58021143405927,92.32623444086445,71.12591336657039,82.69578724396595,76.13984064712675,68.71802472839462,71.36164230770413,80.49365734252916,66.80471718620362,74.55055974742393,76.99246206931886,75.5244760275301,92.35208187713118,26.15138899480518
835,550.2040824188771,1844.3824877933237,0.48940258796180097,0.3941638713718974,-0.1843917269701722,49,0.0,0.08748058279540027,14.039289070547653,-2.8683627907530838,550.2040824188771,1844.3824877933237,2774.5164116453784,0.0,0.0,158.21498189751526,57.452920015796366,163.60176315840118,184.29099422003603,205.33365131124765,191.4620357491722,206.24772604457684,188.1596388622799,218.89937419422392,207.78437708805575,179.8064010217436,187.6853107099351,186.65421374165467,169.29013464304717,214.09585398551167,208.5235873459319,62.68134956956063
836,1147.2689261313842,1844.645665622839,0.6321248596390606,0.4472345226114728,-0.12123560787763633,49,0.0,0.00967905360271571,1.0051306863562277,-0.00555633019599407,1147.2689261313842,1844.645665622839,836.2195318818783,0.0,0.0,157.75258351293823,57.45516067597692,56.357023656648536,65.25601376765309,60.71791184149388,63.9194499773023,46.44743126564376,57.84365541253173,65.46023031897428,57.41481938118532,44.301414064391594,44.218817911948804,72.69282969113232,70.74419342729229,59.809748074847924,55.385014132074176,15.650978958758325
837,1513.7293297810704,1844.9300000254914,0.5523432381472971,-0.26976499607066023,-0.23522637246684547,49,0.0,0.012400694273622516,1.6204076009679647,-0.5240606792354026,1513.7293297810704,1844.9300000254914,955.2089244757644,0.0,0.0,157.46874955538573,57.455748945077595,67.59508909310344,81.43507006701282,69.49180442125987,62.30131938391161,61.79157392382349,70.20245997350106,64.26079876200183,54.91899403262846,69.28464920234869,64.15787240910872,72.06057028359282,64.22323543346174,63.45012470668168,66.47569010384876,23.559672679479505
838,2552.4588770120185,1844.9816750211164,0.34393012971187953,0.13791970586542363,-0.3218303019845664,49,0.0,0.006954423731195047,1.1093267284563173,-0.11264869284661089,2552.4588770120185,1844.9816750211164,917.2538058462666,0.0,0.0,156.66424882575183,57.453637031597644,53.67785374145603,68.82596924829815,62.452729478674755,61.70015058714753,60.6099766736057,66.31731726232826,53.06398214286946,62.8675058798882,80.65612871328489,48.66411847300531,65.76509009629818,80.66255894100581,66.35236645986149,57.80216180644487,27.83589634209789
839,2576.8176355710616,1845.4511931349687,0.48668439407473374,0.0396812701611226,-0.09935953992355373,49,0.0,0.010760398402597958,1.3215437379341044,-0.30270385289008606,2576.8176355710616,1845.4511931349687,1009.7902385451705,0.0,0.0,156.64538106495021,57.453721149526224,77.30332524630042,77.29339909073641,86.02232216573634,66.73075196483755,64.86817445374281,68.08378790837219,70.45058760054994,67.85700318890159,69.11599751796443,71.3204936326373,58.63187095559945,66.99386273812577,81.39047581548951,76.03594588860628,7.692240377570494
840,1455.8838944420118,1846.089572657401,0.5863415601660827,0.1215935291841627,-0.08130511170729032,49,0.0,0.6279684636003461,93.91170802721469,-4.931799348467245,1455.8838944420118,1846.089572657401,13609.36364531565,0.0,0.0,157.51355471714672,57.45620032158702,851.8521688075461,967.9295288311598,961.5656403381223,983.0816358677703,943.7544929198687,933.129351440258,992.5590722818529,933.5598743909713,964.2408146978971,907.7800013595522,970.2125268494162,973.338624966962,998.1028433607316,943.5312681891419,284.725801014398
841,674.9166567103308,1847.9623341666995,0.4789403604332737,-0.33257166269030486,-0.20851267595799222,49,0.0,0.009668733893018462,1.2927741783349362,-0.2788066724712236,674.9166567103308,1847.9623341666995,870.4731861470224,0.0,0.0,158.1184336663891,57.4549964245993,62.22301891757799,70.05409209306586,57.40666323665929,69.9420898349955,55.66368604840576,64.34483967686482,58.699773122532825,59.90368414451735,47.643915072503,54.364900584256404,47.58494032873048,73.8384498666492,76.11349227199219,54.484631524704206,18.20500942356749
842,2226.2203554744206,1847.229988317242,0.23342950495806603,0.26012101061783854,0.15587803480229329,49,0.0,0.010965953315829,1.5859671053643989,-0.5007354383699812,2226.2203554744206,1847.229988317242,1100.814774751107,0.0,0.0,156.91689329685425,57.45579562077927,54.7514698209568,77.94921741898858,66.88506212084259,88.15958660396242,71.03758220178594,76.63426985166103,98.51188219592439,79.3532145130629,75.31909183292925,69.17535447749574,88.58369245093473,73.6669436766976,73.29969198675683,83.59777600826384,23.889939590844403
843,994.8675568526259,1850.1379922671294,0.476597308890606,0.17573004270665027,-0.38784889557524305,49,0.0,0.008681518772177748,1.0128089660472321,-0.013818843372579782,994.8675568526259,1850.1379922671294,1031.318788864267,0.0,0.0,157.87064783056397,57.457065967313916,65.00247089695948,75.44511390597452,74.55106370745034,78.76634213188115,77.8262641100533,71.5278462366947,72.89621835894229,68.0386252063793,69.0725648146969,71.64511628382792,57.98033394039138,69.28204332777679,86.70841492758197,71.95686819309347,20.61950282256337
844,181.3184695875837,1852.4868677891754,0.7860447516417443,-0.438059554566302,0.09841967456955415,49,0.0,0.009967012534642153,1.03979391884205,-0.04236818291445325,181.3184695875837,1852.4868677891754,935.1314408829642,0.0,498.75853467826386,158.50071920385707,57.454134029219084,84.10826209270266,74.39543403309854,54.64964422440828,76.70141367880095,142.09678035038615,50.04804582509104,43.00312333430195,43.886668045385974,97.09635697261156,32.93786854394668,55.83350470495053,59.465692492867355,58.8620420490092,42.32481994133832,19.721784594064978
845,776.053314867655,1852.870474700373,0.6440962564250096,-0.11050585537274557,-0.1843926736210602,49,0.0,0.014739173003298708,1.7345318254537079,-0.5979556818809533,776.053314867655,1852.870474700373,921.2212087035871,0.0,0.0,158.040142887982,57.45746151822015,75.16283626034968,67.03396852754244,66.17247606375503,74.32276211126917,68.4849865534855,60.57060158249806,61.12208362361153,68.53633373650045,60.31128810745824,62.39716588420899,41.084404436337806,68.2938855995277,68.89622679203407,57.82625420724984,21.005935217758488
846,2997.376161814129,1852.880097941508,0.5770452539700183,0.27686658705578876,-0.2801688792114359,49,0.0,0.09127795662007111,12.48031429535015,-2.740563806117921,2997.376161814129,1852.880097941508,3137.150265057293,0.0,0.0,156.31963154329995,57.45444694478839,209.56951184566373,197.58716730444968,213.194557404974,235.58330180093213,220.56602115279156,215.25218749288592,218.00297551722048,226.85836012753546,218.95607202721348,240.82107253241043,208.35731236929357,236.15771035696352,208.70697067630792,228.1776733970683,59.35937105158269
847,1099.6011554783013,1853.5603203475923,0.4854428377384584,0.12196143332343773,-0.19236125714450997,49,0.0,0.01024532835337402,1.456950114483219,-0.40861170479291953,1099.6011554783013,1853.5603203475923,875.3618259692525,0.0,0.0,157.78954197981045,57.458767045909866,55.48658849962403,53.749156427868,59.74378799167403,65.62914828431602,56.69572236818601,64.32178193261139,63.82845734124924,56.694337499195505,48.2730065064941,57.66137152277364,64.25550056983624,70.33171389668419,69.07107366367691,67.39372321048694,22.226456254576284
848,2473.9620721177407,1855.027649710506,0.7066771449555606,0.3820769020924779,0.1720715060349193,49,0.0,0.012243300137611022,1.3971536684900296,-0.36311043852634906,2473.9620721177407,1855.027649710506,847.5277628235298,0.0,0.0,156.72496141690044,57.458162690802595,83.11005543187144,67.76113699898073,52.55335794016093,54.88504401868147,50.964940143355726,45.55888008714723,50.01011771535667,65.3729890172628,53.82115192845834,62.21425350713139,54.979073713986935,57.667353842127326,61.41882446472292,67.55551005704021,19.655073957245662
849,280.6009759491446,1857.1089773921788,0.643570573345957,0.7381216762157468,-0.3225286288869062,49,0.0,0.03333482804579723,3.777876611305298,-1.4431194234667022,280.6009759491446,1857.1089773921788,1662.8611001577012,0.0,0.8770610055895501,158.4238941358227,57.4567051145204,95.24749480616367,97.134626230158,132.44184014698942,117.95654190706983,124.51044218075964,109.93365898547904,124.84977035758713,112.21434516669764,101.55298804435738,130.86131886067236,107.31686671842897,131.99281236749573,140.60506054838132,102.15349786637259,34.089835971088405
850,1743.036462457686,1856.4576157151564,0.4075504023086962,0.09192723812560775,-0.05311704765425713,49,0.0,0.05468377347882838,9.153703709696575,-2.403992127305345,1743.036462457686,1856.4576157151564,2317.0936628835852,0.0,0.0,157.29112692831575,57.460521734917755,136.80230412647148,166.1758932232593,139.43429545424488,171.40953219804697,175.5856424267628,187.6809133370421,166.13359678345319,162.6072565585226,132.80064766085218,160.99356516255,168.66104772096395,163.1632140565264,161.3228937533572,176.3823771362026,47.940483285329606
851,597.1003168478466,1858.6690068457415,0.7284208101949045,0.3303099083289673,0.43649628043476957,49,0.0,0.01637412357560172,1.336110036626995,-0.31460556588031313,597.1003168478466,1858.6690068457415,1550.1384062829932,0.0,0.0,158.17879233729556,57.45910077839773,113.64218225403562,114.31366444434532,136.21939620463945,92.5068345576392,120.91384538253497,111.8950564510246,113.80842423894886,92.11638692346693,93.2425407974395,99.81176340919376,101.52571353348056,106.74964463252228,106.40271786612999,114.17032753754488,32.81990805004733
852,2775.0627208296128,1859.81997005987,0.572117009720755,0.3143510846216749,-0.13474937793854483,49,0.0,0.8863035189216069,132.36604657035753,-5.304441494515119,2775.0627208296128,1859.81997005987,20262.33051099089,0.0,0.0,156.49171450512057,57.45869521419021,1300.0233291901704,1354.9012577485355,1374.3844265727216,1419.4384805339803,1409.801171577597,1536.9890850729562,1447.4648514959986,1371.9347952415173,1433.6735481242363,1444.618241833916,1410.9886677977627,1444.4547316280855,1437.6418321053316,1451.5376925084552,424.47839955962525
853,967.3756979024341,1860.9594070184346,0.4988202255222555,-0.07777663762472861,-0.5465545728161854,49,0.0,0.008665281812730257,1.1121659748741406,-0.11542401081542106,967.3756979024341,1860.9594070184346,878.5531355264125,0.0,0.0,157.89200164914072,57.46149385620682,58.091962487903615,70.69692395059522,64.8737785503331,64.51248711281964,60.6903428123006,65.73222569756493,72.82009438112476,61.10547758905007,52.4160500808252,53.66914848003818,51.81027178308339,62.540651085026724,60.10884663814129,61.54362707396835,17.941247803637417
854,1415.4877720331015,1862.3121948870535,0.52171095264652,0.34230511784188455,-0.19962321088612225,49,0.0,0.009240344842229187,1.2504823598726629,-0.24269392416470806,1415.4877720331015,1862.3121948870535,888.811775512404,0.0,0.0,157.54486998732196,57.462928090287754,55.57866564479608,70.71979031185262,62.82409248094847,62.362973169650175,56.49563998447968,66.05616235098799,62.35740161286538,60.32070212944886,61.001918355907165,72.69100676604663,50.44275890011997,51.13039339232187,78.01852308894343,66.46447524699204,12.347272077043584
855,1868.7036584900181,1863.1475537682418,0.5953452905326133,0.31879182330215644,-0.14572591656134204,49,0.0,0.021974968282411637,2.9137824420847314,-1.1611428049873433,1868.7036584900181,1863.1475537682418,1159.7155948394588,0.0,0.0,157.1937644182261,57.46318661691078,73.5113705311926,76.21775543148247,81.39447665112316,76.18867775365386,89.0634920593214,87.80299062341903,80.12921903687635,54.029877437216406,77.09918889399995,87.57303849006371,81.56812112421825,93.13846418629524,91.12182383780163,92.81815738592707,18.05894139686745
856,484.0655140297813,1864.357447317706,0.3544875133684426,0.513578223374811,-0.05985236648545866,49,0.0,0.010235230280434006,1.790943937841854,-0.632704978208566,484.0655140297813,1864.357447317706,963.3508007000668,0.0,0.0,158.26639438525035,57.46090178433007,68.17557655955939,69.45246277994191,70.29317604333093,67.58026821125108,61.10415322681157,67.65712755381543,61.332111975270294,69.8092175319162,66.64629828651762,68.82350001588381,57.642019308938146,76.89611467864071,70.10710628284001,68.69379351937609,19.137874725973553
857,417.6921989508976,1865.8684449415705,0.7630609726148189,0.4002706699715467,-0.32154371467928866,49,0.0,0.012301973750833622,1.2122891216390157,-0.2090155201990522,417.6921989508976,1865.8684449415705,1189.2187952928543,0.0,0.0,158.31781809855642,57.4611689350249,91.16861497251169,95.27099675124683,95.87149348687583,64.6385734394508,81.79752495995176,85.69221616124008,84.89962449021239,80.78943452829873,91.58777842956187,77.08533180855417,66.89356243151364,87.29938912064144,86.97008721777362,75.60829993434712,23.64586756067425
858,2304.1141520913,1866.3246652080804,0.5796253826688839,0.24444079827814513,-0.05748552447137455,49,0.0,0.08802715280342438,13.067554031509388,-2.7904857612181115,2304.1141520913,1866.3246652080804,2529.3249769984195,0.0,0.0,156.8564460024636,57.46350552646399,169.89807490263783,150.01428813131196,158.4421860319074,177.36526946082247,206.84855395294974,178.69793152469225,186.21721662610346,184.07401733656093,187.1909520457376,163.37575547479798,182.90198757548478,189.73542520129539,165.7361616827182,181.00607202932014,47.8210850220791
859,765.5986085636616,1866.981500476347,0.3168766594565104,0.21340924118041282,-0.2963867248179281,49,0.0,0.007668335804138988,1.1162545233905625,-0.11940807947181048,765.5986085636616,1866.981500476347,876.5910522036759,0.0,0.0,158.04834411486252,57.46329953063367,56.09535402034473,55.20403357325037,52.596230412670224,46.21544311431026,54.530311846174115,62.74180546413553,62.66803460857323,67.07694757179455,64.15293121258993,55.398035910471705,68.96191311489797,63.45620681947206,65.35855568545198,83.82497958905932,18.310269260479814
860,323.9799848212796,1870.2628600250703,0.5896573182081241,0.3764900738219758,-0.2651543360008694,49,0.0,0.023929545582273764,3.1291792421576567,-1.2385761015779064,323.9799848212796,1870.2628600250703,1252.5168864355805,0.0,0.0,158.39044896305438,57.4624524447657,79.01592779628781,91.02649694349077,76.07691804497449,95.97804897910315,91.39891382156787,84.54558243087982,100.54436832570885,78.09060562877114,75.4120151720553,85.69400246451559,97.54005405561753,91.25073222700578,80.26778376868913,102.65520931591016,23.02022746100318
861,1463.8217231535982,1870.3719300449031,0.4575819342985129,0.35728108114911544,0.29505237038320475,49,0.0,0.0093742092073723,1.2855157928479508,-0.27269354104032917,1463.8217231535982,1870.3719300449031,905.7035414106722,0.0,0.0,157.50743573528086,57.46632321878638,61.59025963113743,56.64447489779123,61.48633119728572,68.17420960734938,60.02979544941451,51.4718542371762,69.05891444948666,60.760907087435456,46.1775536322434,68.19380178582553,77.5977580200811,73.85652664725932,66.44260815585548,74.02965523684641,10.188891375484399
862,1546.9792675132287,1870.5222309485862,0.5251226298418814,0.11578073782951358,-0.12428408542330614,49,0.0,0.024907069660474672,3.6968868536109696,-1.4195903970546468,1546.9792675132287,1870.5222309485862,1247.8293008273504,0.0,0.0,157.44300814146928,57.466423408845415,97.11903772536385,85.20999117836357,75.23899150598409,77.77995817566452,72.89689511355488,102.34129144550725,73.92066109025433,71.54967545096932,75.7227880187919,104.56498224206683,86.38798848723954,107.0666641152653,105.99725934059043,96.40423773665903,15.628879201075478
863,341.6755390072027,1870.8113067270224,0.4402981710452763,0.9931705982460801,-0.20403725905608658,49,0.0,0.01113910045687635,1.3495601851491337,-0.325480642934051,341.6755390072027,1870.8113067270224,1151.7948721133157,0.0,0.0,158.37674915254073,57.46278746060178,86.95359412983919,77.25415693552057,90.11336858136212,87.11845512765711,59.708508515508065,63.1284587301648,95.68227739466359,67.9820412166943,77.17059218952082,91.97518072927147,75.1825746595847,85.24621111522359,83.3961896540294,88.15773330160542,22.725529832670475
864,1158.2451980990352,1870.8391061801083,0.21941937518930313,0.6786661636535758,-0.38424434893896575,49,0.0,0.017834949498786754,2.753868701190517,-1.099858075361656,1158.2451980990352,1870.8391061801083,1646.0378095759481,0.0,0.0,157.74418441055408,57.46609771089243,122.62649440590658,105.2771963060907,116.0274279943996,95.5652734596454,108.8902566057616,119.1686302499631,101.59432285588244,105.9880694007792,115.86589331061387,109.11745168349499,124.23103795742375,129.63562038940236,122.38141714819002,133.6999221371991,35.96879567119537
865,1436.2758940667236,1870.9268817907612,0.4470558815241606,0.19909427516556388,0.08686102289701911,49,0.0,0.00779014719005808,1.0166441237154469,-0.017922386843552678,1436.2758940667236,1870.9268817907612,864.7377755294092,0.0,0.0,157.52877806888742,57.46653476139862,57.210381951152094,68.4472912445041,64.4260754217778,44.61768045188772,56.20785028796553,58.4175412292834,54.98209357913325,53.48958821414121,59.112173698542364,64.89709160238516,63.20090860625349,56.9296127971501,68.03280425410853,82.44989021181107,12.316791979313455
866,659.0450893143338,1871.7831506063574,0.8310296764305557,-0.6109767230943861,0.07414403838516906,49,0.0,0.011651755200163845,1.1663326121688684,-0.16705604807806324,659.0450893143338,1871.7831506063574,838.6719019091304,0.0,0.0,158.13092310292006,57.46485058136286,51.95388149012405,59.19018499417353,53.57414480658409,55.263891534314304,56.101562423407174,61.75247069083828,67.78635322637052,53.91590253719007,51.12430564850362,51.17062674865866,48.56821668427649,65.70488653814738,63.46080469955641,76.66947505700224,22.4351948299835
867,2149.654362846665,1871.7752251197971,0.5191268233099025,0.2476845901877152,-0.11499322559299852,49,0.0,0.15075705211446958,24.143472660183047,-3.4569993417736073,2149.654362846665,1871.7752251197971,3974.9874129063223,0.0,0.0,156.97607591191064,57.46623604427648,262.94498643161216,266.5580075147462,264.92470698255624,274.87605298677056,274.68603451889055,237.5865881033348,301.6069991651618,289.84255956766907,253.01939148700106,265.35227701367944,317.542329265425,274.1019514471463,307.6385927782705,287.54866026483865,96.75827537922044
868,414.51412032905364,1874.5772781780954,0.4101929622038862,0.24538735715394927,-0.29466974761373227,49,0.0,0.022045462098106858,3.0726300981685606,-1.2187757010040752,414.51412032905364,1874.5772781780954,1627.4353941158902,0.0,0.0,158.32037070313928,57.46477926086499,116.57889984173104,118.95855494394107,124.99704515714981,103.09778559326341,108.33739166543532,120.82003099868068,106.79352643120596,108.53959992793489,103.59838580249081,110.42832444376424,121.35040077323298,132.38319286623627,113.32208587687803,98.68229263402114,39.547877159924454
869,2631.1782635472655,1875.9013383511758,0.7168076785163352,0.10499468262884057,-0.06769261946445537,49,0.0,0.06695387968690976,8.477227154098685,-2.3206345514552233,2631.1782635472655,1875.9013383511758,1927.734474975164,0.0,0.0,156.60300716157943,57.466148453837725,125.03444362059365,138.7908992748122,130.4406967497041,133.41927892158674,128.97335596077977,145.59453895786035,158.032101410524,122.49294368882991,125.31948873956955,115.21180065306956,128.81495780555474,140.10532640381234,146.40756594755962,142.48513557439793,46.611941266509305
870,1090.2823839665741,1877.0565822456226,0.7689643129444417,0.42638516727663534,0.3727672427607226,49,0.0,0.010931358929420536,1.0108403994315904,-0.011706476717829848,1090.2823839665741,1877.0565822456226,822.7902688094141,0.0,0.0,157.79686588055284,57.46853451436842,48.48897920951391,53.629472952996124,54.88286660546456,55.216379542520144,51.28408055329028,71.04031029252133,49.61493745834146,58.878588079706844,66.73456146350262,67.43811411041399,56.47191692199094,57.30274790414005,50.94302795079743,65.1663366667888,15.697949097425653
871,427.9918972092242,1879.800104688242,0.7320991582344625,0.3691052803972028,-0.21877883249397384,49,0.0,0.013616819391748431,1.302302861602852,-0.28677998713068786,427.9918972092242,1879.800104688242,1039.9967660086652,0.0,0.0,158.30998472800084,57.467030643131714,59.34864742912989,72.12147711133224,67.33565979329573,75.41496953607859,77.81305250705344,76.90212760351747,67.56497758577586,80.28593638530475,70.55749075063427,61.88545726171867,74.52838554423295,74.69432662121571,67.4788867162214,89.18190697878134,24.88346418437286
872,2718.1367796772142,1881.8303636315857,0.3364511772592446,-0.2651410325117596,0.10891052268280554,49,0.0,0.007611921115642257,1.1787721279279353,-0.17857464601096526,2718.1367796772142,1881.8303636315857,884.9279262342804,0.0,0.0,156.5355860393904,57.46817493001541,57.04516168500301,63.317547149947885,60.02598331867783,59.05762005508332,64.61844625785399,61.31401876160214,62.530408059711775,60.77248268322409,51.86354218414862,59.893223823842085,59.56766673336435,64.55692567465013,72.27363984766451,73.94953026216704,14.141729737339665
873,1486.8147452842018,1882.873222592013,0.6049255653176251,-0.18170793565115903,-0.10628500245988155,49,0.0,0.013889817453964885,1.5258868394703207,-0.45880581829375877,1486.8147452842018,1882.873222592013,1033.5338371416901,0.0,0.0,157.48963407492352,57.47154573576795,60.22220734336679,56.15336573864049,72.74761493583699,93.14326947982325,86.97214087947162,69.90973697763697,81.73209016547494,76.3047564725862,65.13588823355622,79.20166820869592,65.19895211598612,65.56962564799699,70.88839512332868,72.12322220216814,18.230903617120813
874,2062.3327407650677,1883.5827248345952,0.7979097995119288,0.7454975723834955,-0.10699917747067736,49,0.0,0.015514269794055246,1.5607040634766118,-0.4833014027817944,2062.3327407650677,1883.5827248345952,1077.442279130693,0.0,0.0,157.04367968447917,57.47136538919358,76.18361774086426,69.90466954475195,73.3314014619524,66.43614050387018,82.82933906570453,65.15779757393878,72.76069719968567,77.00004874013092,70.24250662702028,70.51290146252681,73.96336653897282,92.7567958014348,83.31352435660793,86.83083851747338,16.218633995758108
875,2320.061278673979,1885.4019015238598,0.8791901481371621,0.046417084487770724,-0.18409366882633527,49,0.0,0.020841978041694374,2.0084174251666873,-0.7571349517180688,2320.061278673979,1885.4019015238598,1118.6387833910353,0.0,0.0,156.84397129873844,57.47140007168495,71.88643486682223,58.253146205309676,88.4112992350715,75.95235510580011,81.93436667925087,83.81917936989998,86.41438887149943,84.14372672887345,77.9895471013721,88.4706596640969,82.85207702683769,83.44827466772438,72.88496360768198,64.67800150940468,17.500362751390398
876,2700.129277139097,1885.6736496256417,0.7636583772463728,-0.0778911705493889,0.22955227138554465,49,0.0,0.015985269658038894,1.4733237145844384,-0.42074544825365723,2700.129277139097,1885.6736496256417,1200.7364120176428,0.0,0.0,156.54949907042732,57.46987094601924,78.40057480452472,85.44746938952372,73.98120645782484,83.81366925322479,78.3768753042429,91.21332773927936,99.2376920175918,76.03535951652552,77.35563607268148,75.58475625744954,76.50169854079219,93.96674030422727,107.73581648245711,80.76473713883206,22.32085273846542
877,1665.9359024266494,1888.2048258549992,0.9834271576249125,-0.4377569173161985,0.04231616727542027,49,0.0,0.01331929233222948,1.2074039674373163,-0.2046314964458278,1665.9359024266494,1888.2048258549992,905.0383872579494,0.0,0.0,157.35083403838365,57.473787757152465,67.31884808361738,58.90799727929175,61.763054452397995,53.14801604837473,59.975228289544525,56.23893076836572,63.25973868984898,66.10755838508268,57.72755678113009,58.01489380416496,60.05623174467876,63.101658076239815,90.96965070302694,68.47996646154255,19.96905769064243
878,2122.513684296127,1887.3885819894456,0.3647652094478949,-0.06657138102227396,-0.3546179290315149,49,0.0,0.007118281107941672,1.0065287916554417,-0.007065505881461853,2122.513684296127,1887.3885819894456,865.3920425527743,0.0,0.0,156.99703095533863,57.472810467830136,43.82349481532645,64.85918756923436,73.098342465826,55.758718669659835,66.88645466111684,54.46220672379692,69.03204091570643,58.270764505309145,60.064765047694436,61.641118146058794,51.69667222687558,47.555201344629154,72.4835454210112,70.6274101587527,15.13211988177656
879,2260.826464763948,1888.0543482449175,0.4937145281848464,0.37677935739971413,0.051610430504502626,49,0.0,0.02324309585525905,3.1034605175858943,-1.229615561589144,2260.826464763948,1888.0543482449175,1741.0405048980451,0.0,0.0,156.889852919499,57.472699373113755,123.61352783603715,115.65309174215926,139.1154685294502,98.76138863666876,111.2559119423449,123.5957395733395,132.37036245259378,120.58128695115823,116.16858884752023,119.14817670885341,122.33567504143312,124.47118549535162,116.19234434933867,137.69427327604254,40.08348351575379
880,2443.931568655153,1889.5061675999702,0.7982474330609248,-0.23605939974891554,-0.1570578200523679,49,0.0,0.011621679896103854,1.0906004078204399,-0.094164139378596,2443.931568655153,1889.5061675999702,911.4081785175981,0.0,0.0,156.74796437376864,57.472650163857644,64.56125974579248,55.87459081004046,56.91920221706757,65.53530690871642,60.99088517793397,75.11703634735804,69.54802154201431,46.129070884934116,60.45925173736484,56.79303088054902,68.9336792870586,61.644910053040675,65.67269928190956,84.7499275033843,18.47930614043373
881,2648.3860796295944,1891.86025646899,0.7684626339029788,0.4096773760657858,0.025883293197024235,49,0.0,0.012121875663712365,1.2709310497073272,-0.26030497484313125,2648.3860796295944,1891.86025646899,917.4677217686226,0.0,0.0,156.58952935670644,57.472712364250334,77.7566913648365,72.1369446364326,62.136720426236224,54.1392189267668,62.3551242945725,77.53238695417232,59.15303597053931,48.766721832410965,44.96791447495022,64.13352798901965,53.29648352124627,76.7105426603193,76.55687731448144,76.34325176107545,11.482279641563018
882,1667.9754358081232,1896.350675952882,0.3262789608024797,0.14888399334576288,0.04302498721716014,49,0.0,0.008523907058191232,1.3086893523837193,-0.2920914224185182,1667.9754358081232,1896.350675952882,984.2779325637755,0.0,0.0,157.34924870309092,57.47718120066068,83.65140554213438,79.87093193123141,61.05136433966375,71.77786447179466,61.830233112515344,57.80328657005516,72.134236127327,60.81037621375887,70.7054821293184,64.41310801892291,70.51009537952385,60.51184769155324,82.88878871240158,69.2096441690091,17.109268154565797
883,683.6051787894472,1897.391512601964,0.6126821822964372,0.06027108557318535,-0.08228188476695619,49,0.0,0.060549308273241564,8.590347335719688,-2.3350268103164034,683.6051787894472,1897.391512601964,1766.2576692920316,0.0,0.0,158.11210460275706,57.47562825720864,129.35022387308493,95.00166911233532,148.84941823247837,105.38222002918397,101.83064765243864,134.021278896338,122.89773288392053,134.29462746861316,118.64592111350629,115.54953627111746,131.6039804210365,140.59918239642238,131.81425624676862,125.9566998763153,30.460274818471913
884,283.2611257009757,1901.9124918703906,0.6151707631398009,0.1674421928903455,-0.3241304107655878,49,0.0,0.010038997126427385,1.063195624992163,-0.06653295208445237,283.2611257009757,1901.9124918703906,1057.541563660956,0.0,5.140042175366707,158.42235466438837,57.47538686639675,66.7520559478652,87.3802758708969,69.20455958853583,79.02869294354537,77.70914156318123,73.54350787230868,66.48319633731998,54.801221482629884,61.426433092802085,68.92327652034089,86.84418654163574,91.38630033176995,68.29043155122712,87.55205801763191,18.21622599926519
885,2060.1589036291025,1902.9451834279932,0.5076002242476165,0.10424694415686639,-0.11413863504066998,49,0.0,0.12177489465173147,20.0687383021842,-3.256300174414615,2060.1589036291025,1902.9451834279932,3345.7446688324003,0.0,0.0,157.04528554088972,57.47943764657711,216.20345684788958,243.93682667520181,245.4116722935471,215.59208818189765,254.9290092037286,232.3860494243891,247.38915800354525,244.31169367618293,241.16767870208662,241.6494418697383,223.47309534307476,228.521904481272,225.8585467709653,209.77332074881576,75.14072661006564
886,2354.8680760159364,1905.5097527330959,0.6252563352612862,0.18538851250725355,-0.02812044194825178,49,0.0,0.20787721817239455,29.603071729539067,-3.678341943692447,2354.8680760159364,1905.5097527330959,4786.456219903148,0.0,0.0,156.81686830762584,57.47965600260581,326.7352944274354,326.66544767562186,338.5474229356539,361.9832334335173,335.79854644359807,321.1190818061392,332.6448112795888,362.6910425604252,336.9491400583124,322.7184055620357,303.7185050661643,343.68077324802164,332.40257329552026,348.6771559273749,92.12478618373854
887,560.2276096251628,1905.4979711459034,0.4820236131172397,0.20106715626121477,-0.07967419159002571,49,0.0,0.018456113335001394,2.9335690883172836,-1.1684908017930447,560.2276096251628,1905.4979711459034,1031.6640148325282,0.0,0.0,158.20778062915892,57.47843192432754,66.81497663828628,74.4330048892828,67.3864263549907,75.4579781598536,62.04478326221219,71.11189867914047,71.65302848014731,70.67854088108024,68.94335322944711,75.26860717956141,65.33348208405991,79.08714064918381,79.0015114447178,77.31874207366998,27.13054082689475
888,847.2510325887147,1906.4290831493572,0.6229752957349491,0.2904697281020951,-0.04156146787030244,49,0.0,0.19395264470678492,27.42640517649434,-3.5954222191277334,847.2510325887147,1906.4290831493572,4537.940342841421,0.0,0.0,157.98535438693406,57.4800430442975,302.2071467395531,306.6163155011488,328.68107685144054,338.59393605913704,312.4434527929824,279.0932153813576,316.64942209414744,307.74133973174196,299.81679557538126,364.2677743822014,295.36175326064233,350.66295355713305,329.3618832031686,319.55422989817964,86.88904781320564
889,1182.3523654583696,1906.4408753800008,0.4405252588849036,0.04695464260458623,-0.21730315606690112,49,0.0,0.010524248324140445,1.655135174799591,-0.5470836709171762,1182.3523654583696,1906.4408753800008,892.692020784307,0.0,0.0,157.72563886341555,57.48098074150573,61.93453941257802,70.54611016854092,59.03487644788143,54.17184891545642,61.81382604258058,65.01094283755863,50.26943506345152,66.5499939907487,60.41201339085251,64.43377880361501,54.70991484672495,66.24609212708175,70.89887073918865,69.370979225249,17.288798772798927
890,1088.2066944287378,1908.6160136191731,0.4391869799027784,0.30675613194991497,0.11577838334530036,49,0.0,0.01171098358257248,1.5174016019733998,-0.45275134557002283,1088.2066944287378,1908.6160136191731,993.4605014900626,0.0,0.0,157.79861679255436,57.481678861694576,73.78800859466475,67.9438735602306,72.52550158886335,55.76525619783265,62.896510141607756,69.67109554049836,64.09416046365048,72.13036849906992,61.88964148289472,67.83015463291841,76.50996346919838,68.7610606167066,76.68799458408006,83.44059233626257,19.52631978158408
891,1499.7700938009127,1910.0166777396767,0.29117700027181176,0.3020274506598423,-0.21890061276754078,49,0.0,0.006202540692947448,1.0740692869342259,-0.07758074522126342,1499.7700938009127,1910.0166777396767,840.412144289422,0.0,0.0,157.4796194153977,57.48286204463667,50.29101158824905,67.18619889757002,49.4920170946946,67.18458866327066,60.10960183072406,55.51912201841343,53.42262423841133,66.38996107454855,51.33030435924038,63.03053846530948,47.11298349465996,62.61199170386755,55.533152867754296,68.16242250300175,23.0356254897069
892,1752.9552511733966,1910.2077207661705,0.6625337179379921,0.02183601503724304,-0.10377436251794657,49,0.0,0.039800046949036515,5.267589118589485,-1.8040297296534753,1752.9552511733966,1910.2077207661705,1440.0827497585424,0.0,0.0,157.28337111055322,57.482910521732386,94.80845881579384,121.57580382799506,103.77362664043349,117.8745329773846,80.14323866425323,102.81147289402392,80.66115831634386,95.36084695209186,108.9298513163171,87.50873346598348,83.95078987877169,116.41809900565805,109.9027381191232,103.93610080878364,32.42729807558537
893,1930.510815621864,1909.6598875899542,0.6574493476631983,-0.14820197616872488,-0.02078989829240701,49,0.0,0.020600927748995034,2.5793503902624018,-1.0287758565285507,1930.510815621864,1909.6598875899542,1050.4668942913636,0.0,0.0,157.14574750184033,57.482478675583295,59.71283308109453,71.78048806302635,79.43912258067385,79.22592821010569,66.30620047540998,81.83534647904659,79.6673556168904,75.88548079402139,67.28483303356964,67.82604189814421,64.80747522485663,82.37533311794031,64.62812268303159,81.86009163417054,27.832241399381818
894,1012.2209335254015,1912.659996940291,0.7530711990403538,0.17934151961081973,0.1479446667699689,49,0.0,0.015290195204704541,1.5954819990126154,-0.507229771600239,1012.2209335254015,1912.659996940291,1028.1398378441877,0.0,0.0,157.85753148628484,57.48316505939743,61.513274140619316,50.07628508332958,77.23792529851032,69.55903702106025,73.5458943914424,75.75580669946135,70.21428927371335,58.38367429060838,60.03368005331194,77.47568066500095,65.45959931233729,94.10824614448873,76.66206223401,89.7334775349036,28.380905701390326
895,2416.815989927806,1912.904338194374,0.8115572180871315,0.6055870587199287,0.23974754222698927,49,0.0,0.011658740098631225,1.1102551076663576,-0.11355694949429306,2416.815989927806,1912.904338194374,881.2503181509035,0.0,0.0,156.7688059876525,57.4825056732793,63.33772070253691,61.635771713874895,57.064749036761235,63.41619808635913,73.45092110770423,58.53441203706525,67.15972551673617,57.548545489745926,58.51313616802685,59.28834473329336,58.46136580455048,54.208909669978866,73.06545444624703,57.943355044888214,17.621708593134866
896,229.6257220539938,1915.139975058789,0.2245635601956501,0.4082762688506032,-0.5321283167733936,49,0.0,0.013974391377816425,2.567041230664084,-1.0235821104262663,229.6257220539938,1915.139975058789,1415.550894646698,0.0,1077.1316311147393,158.46407087813498,57.480554830262335,93.17644683860038,102.97720959674666,102.7258181216885,101.8786666508034,107.28807874512094,99.96982751638504,105.3247719921045,100.11071620306619,97.1586178211951,72.94413715738202,88.764408051982,84.99077781741016,111.39704523860081,126.25779535091175,20.58657754470068
897,712.9965862002223,1915.3430933666316,0.6403969012827203,0.2590707676090801,-0.08500472793115296,49,0.0,0.17120695128847208,23.890534424634115,-3.4455646622643545,712.9965862002223,1915.3430933666316,3932.2393357993847,0.0,0.0,158.08947011434222,57.48323350540849,220.01405397777512,265.3796133864439,246.0486282072166,281.41583855391366,279.77059859387845,270.87836523924136,294.82608204740825,283.0556147219146,287.3211561203929,284.67514106395595,256.1972608285318,281.9533814283727,321.3489280180579,280.62113578132136,78.73353783095979
898,2537.4408006544177,1914.7289130703439,0.5679752484012994,0.14321693882864256,-0.16079144322457148,49,0.0,0.06272154186035143,9.280968634135391,-2.4189832623431933,2537.4408006544177,1914.7289130703439,2040.1471535427386,0.0,0.0,156.67530257919708,57.48276327050525,157.22863434495713,111.30657208361924,133.86686963342402,143.38103761353918,145.33340085531603,143.32328318937624,154.8003310571783,133.343493951744,140.54366929913135,143.30896851376596,144.25729452569442,145.26756668738398,160.37205048324412,157.15553675598983,26.658444548374725
899,2599.864449623902,1918.8812359749566,0.745377683883968,0.0656464812412872,-0.0812509057014058,49,0.0,0.011582920691287487,1.2548591494424346,-0.24648745387966162,2599.864449623902,1918.8812359749566,860.2376129700049,0.0,0.0,156.62688597946206,57.48420599736329,59.74690729859378,44.11362745102246,64.51102702745226,63.927042466476564,54.00527740994282,47.43583398811599,63.55542931084798,57.321569918468754,52.50686206985412,75.45177145213883,45.012852628512874,66.3764327072335,66.56146558661378,79.22373380267464,20.48777985205659
900,1748.8269737865382,1922.312061161335,0.8393456970172902,-0.24262947480590244,-0.2323398354865607,49,0.0,0.01277485362505601,1.231321327150911,-0.225928504380061,1748.8269737865382,1922.312061161335,842.810436252867,0.0,0.0,157.2865551499885,57.487956911172276,68.59308778742965,73.89486596320614,57.52630906954106,55.338269031046394,47.89541873384126,55.72004608989835,53.04979991661632,47.07597027682404,63.31980156378693,62.362215160786825,60.08829499738768,60.53443365424465,56.34051751328096,62.42624410533445,18.645162389642305
901,1293.1883232160906,1923.145192640894,0.42851877058554233,0.2433193559437545,-0.2940381071816043,49,0.0,0.009147613170171449,1.0797897037108402,-0.08334795489564949,1293.1883232160906,1923.145192640894,991.0685550250568,0.0,0.0,157.63977887867085,57.48813185480543,85.00055855523229,69.03209834784747,55.346107524219605,74.51242854252591,72.49892660515712,64.32376504722117,51.5301183678661,63.51095968239454,61.92385171113001,69.84174677972669,68.90081029689775,71.05975308069648,75.35769677003749,87.16157270959557,21.06816100450853
902,1602.2324509224084,1923.6853337235736,0.5014869574449599,0.13124693125441766,0.14737449807791278,49,0.0,0.010325443181271907,1.4143926139975085,-0.37642494943886073,1602.2324509224084,1923.6853337235736,904.115254884382,0.0,0.0,157.4001988814935,57.48858139448245,67.95055813910504,83.56932893020341,55.862841027591514,66.84296728457109,60.57740737128921,52.802334232178616,47.64437730167147,76.12292091771073,53.49274426455744,52.24956999077174,61.15033974051872,66.39890493433411,70.4427541051217,62.234780738219754,26.773425906537458
903,448.7212244331901,1926.062258059093,0.5993790554609512,0.547316306780093,0.28702140898178724,49,0.0,0.011562252107870019,1.2427993802164052,-0.23600257000123032,448.7212244331901,1926.062258059093,1005.687600706527,0.0,0.0,158.29439683451014,57.486418539655155,76.91221473077336,73.84654844492053,85.10627428212538,57.59567889747818,61.27721184021018,60.29401441409469,61.849971446894045,68.68586199227464,89.67268883203657,80.10299514341811,46.616449026779094,58.837579992448894,96.2989666791083,64.86781093185425,23.72333405211063
904,2165.11957398664,1927.028264103331,0.9370540607617789,0.3082449015097615,0.390798686219986,49,0.0,0.011742362632504244,1.007101378344836,-0.0076829758866849805,2165.11957398664,1927.028264103331,888.5793796109815,0.0,0.0,156.96381908444184,57.48921645588076,65.51941253867338,65.90247159730508,73.89138877762511,61.32687503684378,60.69806090370189,49.96428998527788,74.45201430904885,58.59803329302139,53.9106240036369,67.64286776051786,66.36330886696012,54.053715583739425,60.253999376420595,60.40467454116035,15.59764303704894
905,2641.948753396087,1925.8501761958844,0.45056195615966166,-0.062154013747168314,-0.5239168088857464,49,0.0,0.007635159904317802,1.0288356702083374,-0.030865032579108446,2641.948753396087,1925.8501761958844,805.8126880952904,0.0,0.0,156.59420453203637,57.48690530677696,62.53873623861931,52.87266162267703,51.37593451033453,71.97977055592237,41.78383428121926,50.23665933055864,52.67094973481248,55.44540154022795,48.72793380476576,56.203826912415934,52.30845196287482,70.00096270768775,56.3140994263817,67.34529513519249,16.008170331600326
906,1777.6865855187555,1927.1165480374084,0.6667446636841206,0.04103670295060476,-0.1365985975861248,49,0.0,0.032734053247413124,4.275394220469733,-1.5774404145500422,1777.6865855187555,1927.1165480374084,1250.743418249152,0.0,0.0,157.2641750142928,57.48993643363936,85.48072013459148,82.39988048278488,93.73264877918734,89.24030903021409,86.36201124603159,97.6257589016107,75.8609639255508,75.40716849901219,78.93622698480884,110.76317736732649,81.39429474587385,72.10832315014082,106.98790009981042,80.7765086452938,33.667526256914684
907,2447.755609469496,1927.5300142584333,0.8156398833131154,0.28172506674219355,-0.2223434984328444,49,0.0,0.014637583628141753,1.369929906642034,-0.341745866910469,2447.755609469496,1927.5300142584333,1007.6280799155347,0.0,0.0,156.7447169700279,57.488476956788126,77.40517339439552,95.75128127498043,59.12642610266174,52.38173341983621,70.20706398949793,60.454813784841235,73.80267654735147,76.39433039461304,78.42988891911361,75.66045954585306,60.497908368502706,67.56565038853785,61.196427033280436,78.80295204569904,19.951294706370458
908,3128.9691338644725,1928.1123966021794,0.517023661151692,0.387903882436039,-0.34632665034623616,49,0.0,0.03458363292542893,4.698567161391849,-1.679913597619482,3128.9691338644725,1928.1123966021794,1893.3437974603937,0.0,1547.8491998656968,156.21672331601403,57.484873162279385,140.0306803381735,153.8231102333142,155.53420495556298,139.0778471455239,146.47336091477823,135.6122183639218,149.0989507928649,126.46172354618639,111.2612016449911,130.864564273194,117.46269330779575,125.304710834349,116.39328033587866,126.159924568056,19.785326205803386
909,2220.923234142585,1929.7458574141608,0.4938383529383957,0.46790659216557035,0.21941135054967434,49,0.0,0.009297682315304905,1.1453660481808423,-0.14736076319469213,2220.923234142585,1929.7458574141608,963.8568214197174,0.0,0.0,156.92054419413,57.49019154396388,71.44396970924944,61.34557565058991,72.16730553412856,77.7041134742139,65.35205994737115,71.06273715273966,55.47026830169658,47.8499905241977,72.05484987185606,56.39058172778976,53.183639731118575,69.98438364076095,80.77637889229098,82.29983160133528,26.771135660379045
910,156.388238063551,1929.756940862848,0.5325313158862601,-0.5999402049511714,-0.2213077241055093,49,0.0,0.006055523520240814,1.0512066249597505,-0.054220223134383974,156.388238063551,1929.756940862848,702.5795102150879,30.054931472242725,130.6182200166005,158.52100762790644,57.486154181597904,0.0,14.02248205552587,55.90499063276331,0.0,136.4462827031153,29.943394391464864,18.813102199282927,180.83928676314687,29.121582708718435,120.05337860643904,36.96266312001546,9.104927524997501,21.097586768027924,40.89274383723775,9.377088904352712
911,920.0759045093514,1931.3194351787747,0.59237714876284,0.11716703691041112,-0.1566482927501464,49,0.0,0.0359440413777228,4.989221114683241,-1.7450818790897067,920.0759045093514,1931.3194351787747,1483.2309912384324,0.0,0.0,157.92906372127666,57.49066162730234,87.19474194581659,110.26276553223553,124.1836136857815,86.53275794536378,124.78784807084516,116.74746099736818,87.57630925897993,96.23969390125066,98.30439057115441,104.32332385264438,94.85617211275749,94.81943592465498,117.20736270417696,105.37689686617671,34.818217869226125
912,2912.8166251324283,1932.484139970034,0.47870416238805735,0.3266037888170179,-0.07897412230721289,49,0.0,0.023742306653137965,3.4202152580066274,-1.3351336002445473,2912.8166251324283,1932.484139970034,1321.5668819379048,0.0,0.0,156.384188804805,57.48815373133727,93.96940679404685,80.5714319145338,90.05758138825266,94.67989695903232,100.57184860260578,90.75231302764509,101.10861712945496,95.59311477811255,90.88359677272706,99.35816970494818,84.98067940990389,86.26651845839169,84.42037546130535,96.06107000719892,32.29226152974578
913,2078.6174401299836,1935.0153283514587,0.21735869679594025,-0.08831346648390209,-0.1745412163038117,49,0.0,0.005446026452561263,1.0379011068047397,-0.040389937694742535,2078.6174401299836,1935.0153283514587,804.4629615893735,0.0,0.0,157.03084432621034,57.49275872396679,54.41291131429786,57.48811922635749,52.587330988201444,59.52456287792357,71.51987123317976,51.0246572863623,52.23338241477677,53.28591513626153,53.16901442968785,56.1585852362854,57.721229960323456,39.22646350274353,71.98192424757411,52.5542259384882,21.57476779691028
914,1228.4845949921807,1937.6964702507614,0.5633743211596621,0.0711764291787638,-0.032572652678714675,49,0.0,0.011433706342021345,1.428789692377869,-0.38742077113518336,1228.4845949921807,1937.6964702507614,1011.1670310199329,0.0,0.0,157.68998613151604,57.49409029361503,62.06225258533141,73.3596460874887,59.38646278319568,79.28903114334835,69.12599974259567,71.99439551300524,74.74127324287579,66.21729045227409,66.51624936073932,59.643119090544666,89.15823618812905,66.84028113163825,93.05939898876298,65.83332498866943,13.94006972133438
915,3021.5507006757616,1937.694958162827,0.7312675073214401,0.7259496744145896,-0.45755901937827187,49,0.0,0.026914048837698525,2.970301319895437,-1.1820012705405702,3021.5507006757616,1937.694958162827,1324.5911408662178,0.0,359.62639806850666,156.29984898142666,57.48961809066867,89.19419653550042,96.73023011135751,85.15369475244205,99.64570074066823,83.60104353490925,80.02907713123784,103.80754675702175,97.52096641658925,88.8679057267527,102.22363424621796,105.63724648648372,76.5797875473647,104.3864249234716,79.80136332120411,31.41232263499655
916,2784.576401532621,1941.825669216487,0.497103818756577,0.2989827657679217,0.04039152779739464,49,0.0,0.009134279220426245,1.1378708276941252,-0.14023240821499802,2784.576401532621,1941.825669216487,854.9065512882122,0.0,0.0,156.48348942087574,57.49280644320802,73.63873310765791,58.27979344905586,62.025952859673616,58.394353658668024,62.152032453829406,61.51093752031967,63.85844102168344,50.57786793866131,50.74087786692205,46.97915271306627,56.99138246342186,63.67188233671372,42.549303706265746,84.00229000135329,19.533550190920025
917,1922.2967367248311,1942.7121776901206,0.6169896793945492,0.2599253302290923,0.047908611394726526,49,0.0,0.01824861107513461,2.3988114296280285,-0.9499902736390474,1922.2967367248311,1942.7121776901206,1156.2882095987798,0.0,0.0,157.15202028500408,57.49626297938056,92.72363132959063,86.97181319230828,71.10361927432766,86.14233568510704,66.70316208113061,86.9986290301579,69.04740432888059,66.83796106707686,62.495878933048935,80.05674560233058,94.23043267282732,88.793187630686,81.82036879829788,86.04286082058023,36.320179152429006
918,2672.8372273844693,1943.0886826990752,0.7422420611840417,0.09619796048587385,-0.1234989883825145,49,0.0,0.05149340971584161,6.166936344924231,-1.9751736641617457,2672.8372273844693,1943.0886826990752,1638.7365701717702,0.0,0.0,156.57009963716635,57.49393203711692,118.43205744566455,122.23174374931871,136.09470753807554,129.4462745231099,116.56963887284977,115.33052427062785,111.45002004654106,114.28826130620314,93.80785694255002,119.39511694216137,102.48235374348783,105.14177578787285,113.46173400059305,111.8211127861496,28.783392216565048
919,952.6184180494486,1945.4879285333207,0.5345248749843445,-0.208792232789747,-0.5463795758995031,49,0.0,0.01078385286772997,1.1202845456387194,-0.1233208622682091,952.6184180494486,1945.4879285333207,1004.0794087004174,0.0,0.0,157.9039164592017,57.49666766288482,57.821233932461155,73.05143811853144,64.21653354717557,58.455261134533416,66.15435852037503,72.07247806216674,79.73300839005483,69.95268145751135,73.93857737617884,69.92474121537869,68.35549755008435,78.02833605119187,81.03319563308179,77.5242540135321,13.817813698160272
920,2393.080122340583,1947.9191766349559,0.7477472448728771,-0.0036471856028206496,-0.8573061759163312,49,0.0,0.016273295241914405,1.10734518845944,-0.11070755733400775,2393.080122340583,1947.9191766349559,4139.290512524378,0.0,0.0,156.786957380139,57.497185021244555,245.55644927105814,304.5820269617361,295.4002949839427,284.7816244908112,315.6684879465772,278.75944282768285,304.56194752502,277.96113937015133,277.6453976853222,270.2724647831027,297.83279472562623,283.24500044834144,303.06598389054204,306.4080164481882,93.54944116627564
921,882.9399795974272,1948.4626955655772,0.6522532885173039,0.22372206577958714,-0.008785276095680373,49,0.0,0.10101317405729265,13.80449686812923,-2.850051456381149,882.9399795974272,1948.4626955655772,2562.614889539263,0.0,0.0,157.95796151734453,57.49768085932025,173.8709445310427,212.42028848194133,181.19935660511703,176.31748746469248,183.26271636185874,165.36782625175982,182.64657355604845,170.62747422590013,144.03784138519646,183.4153942526048,192.26823176085807,181.85952854717436,186.08728765203873,182.89769734613208,46.33624111689806
922,1403.8431497013603,1947.1864418337939,0.7510614717188455,0.8090792241758623,0.3073646794001773,49,0.0,0.010085337172822131,1.0070335436032525,-0.00760984212180872,1403.8431497013603,1947.1864418337939,984.8374639084689,0.0,0.0,157.55403833127218,57.49828150646367,65.56822269614838,57.70114105961826,74.8878036203027,60.46910688913199,73.58693982924778,86.4030759899909,69.0855640780423,55.522637795904245,60.55218483202562,76.5677255248756,54.881206710650815,79.7176649044346,79.54587888858336,73.56467704488799,16.78363404462424
923,549.9411936183881,1952.3520759069143,0.40230962106468066,0.8780248263811183,0.36158030896397925,49,0.0,0.014796560625645074,2.222895008288839,-0.8672973764982507,549.9411936183881,1952.3520759069143,1101.7631809416337,0.0,0.0,158.21618651841337,57.49790128713938,91.86553001775837,68.50055522985654,62.186184019813844,72.42184779496716,90.71435933400673,76.93651997413266,80.90950819368287,87.77308202383148,73.14591691566952,75.02865064920701,64.35989312089873,84.99803881090872,76.57982705102826,78.48736970531618,17.8558981005555
924,1244.550642081843,1953.0486794617718,0.5390978938590933,0.20865185561072036,-0.13895173637246083,49,0.0,0.039607304061923185,5.923319500323646,-1.9314128971456719,1244.550642081843,1953.0486794617718,1504.8081582362543,0.0,0.0,157.67757771802377,57.50051474006404,96.43292235945529,110.45539216822063,96.78694595268372,109.64476895016284,99.99686068569694,98.00533210214832,93.12063713147855,95.26105087832744,105.34165623939882,112.58624764634796,105.63771212138407,126.1087006015917,95.46863091531816,124.0107735232843,35.95052696075567
925,2395.552369572922,1955.1990256477013,0.22443688371714893,0.5581921465586149,0.7392342205765101,49,0.0,0.02781121692101744,1.0584520778214355,-0.06167799951434216,2395.552369572922,1955.1990256477013,9702.575833023155,0.0,0.0,156.78498934522932,57.500208763833015,601.0126145074976,721.4942438299768,683.1159965245628,684.4907743318231,673.6177973618824,695.7675257588635,697.0229228271205,681.9747468915574,615.8749916751544,682.9123049596255,678.9099112487108,697.303235518657,679.2138831990587,725.4935507378107,184.37133365085504
926,3003.6261418314857,1956.5162613992052,0.5427373743164817,0.19554141282499263,-0.29269536927607814,49,0.0,0.052304787030315165,6.990131955151705,-2.1112134353775565,3003.6261418314857,1956.5162613992052,2250.128160782255,0.0,68.57219707826872,156.31350864313404,57.49757916538264,140.4156293018715,159.31203178651512,166.63896562333946,136.13691335750443,159.38491452939314,143.91578519266437,164.72951636615772,155.42972021393166,158.95612952154352,161.24064616692857,165.22294766916508,179.07415406782252,162.47546619801972,148.5814452582035,48.613895529194146
927,170.84091841972136,1956.961013839273,0.5500855232244934,-0.0455582648067071,0.9205394536316343,49,0.0,0.016682800935890772,1.7218321631960738,-0.5899770400498663,170.84091841972136,1956.961013839273,2735.2904968750922,37.2379605569595,1066.9103321051425,158.51015034891861,57.497585734389475,287.4900584061245,277.69282414956695,250.42767750877547,289.0303837315947,194.72633061164439,186.38443395585935,156.18947952453013,165.33931065237437,115.64296370739879,156.55827531454298,254.38131062678985,96.85952818518302,116.63093839773033,141.83843317186665,46.098548931110685
928,2440.3520690998153,1957.878733701304,0.6085673058226128,0.16377133839172214,-0.17303665319000863,49,0.0,0.17991855331044643,25.57580520176204,-3.5195732886757733,2440.3520690998153,1957.878733701304,4883.202675171984,0.0,0.0,156.75023079378167,57.501151053200175,299.04025996066116,341.15678582023025,362.4237096398848,343.7568911637378,326.2119705062941,375.61960416362206,327.8721268941556,304.05208019972554,354.79043933065066,344.67147165955026,361.76381654300997,325.4781721143626,371.7308861093121,377.5623256217278,67.0721354450593
929,2392.192103577829,1959.3298768464938,0.49663014920451054,-0.6901217411799911,0.8224437437855768,49,0.0,0.042367811889243906,1.0371315005450326,-0.03958456295997741,2392.192103577829,1959.3298768464938,16466.1187606901,0.0,0.0,156.78756608385098,57.50194252123094,1078.5892227823615,1233.9033867393728,1207.061082910488,1159.7431447571385,1206.6166456064616,1083.61885634762,1202.228008560098,1144.5031570978038,1077.8267011652824,1137.5513727107473,1152.154495378973,1190.9975043439654,1108.9242929549714,1164.0828755043765,318.31801383044063
930,3090.32101907644,1958.2984152830759,0.358227759163772,-0.39699887620628,-0.19621646637452678,49,0.0,0.012985329130450442,1.6194702123269762,-0.523432410595349,3090.32101907644,1958.2984152830759,1293.4569661620421,0.0,1079.6368052449009,156.24627661965712,57.49772525991299,96.08165494666486,79.24012095744217,97.92132263022097,104.0904786117833,91.59035500633905,88.75105585862721,93.84014879772472,85.69341919884045,80.29722394224925,92.7077617536447,88.49520553256299,88.11476644090467,81.1251489556644,92.09040810436055,33.41789542501292
931,447.8978498584554,1961.688292762283,0.5853719812422968,0.3937242912880416,-0.15431138094127508,49,0.0,0.4463230301689285,63.182864115342355,-4.501498272081089,447.8978498584554,1961.688292762283,11593.236506959256,0.0,0.0,158.29539776088518,57.501256317089485,769.4477016344821,799.3694929772257,826.1490631073002,738.0557355498345,783.405388321095,812.4532424655622,873.9925207680952,796.7132922262183,801.9861937319498,847.3099305499904,779.9768551893487,880.6914965420083,803.8644384857961,840.2335716975149,239.58758371283207
932,2568.784140983749,1961.7586643451255,0.39462236535483386,0.024612058111737903,-0.5743826111198291,49,0.0,0.011486248771501293,1.4921102076685842,-0.434502253576736,2568.784140983749,1961.7586643451255,1016.1277155405688,0.0,0.0,156.6506082693532,57.50221529231089,67.90855124572127,68.39538378488388,67.2267925483068,81.22117009474347,65.50350086057384,70.4590615111897,51.713174101255674,68.63047287266909,61.866139469949786,76.21297724436441,85.638989982633,91.0212425577252,73.49762846649129,68.21246163051102,18.62016916955033
933,310.8592482170053,1963.3040777362185,0.7051370481103619,0.7655922576297827,-0.5328010087352387,49,0.0,0.014273910034800906,1.3021138424133336,-0.28662238947936114,310.8592482170053,1963.3040777362185,1141.484059791822,0.0,0.0,158.40167070024154,57.50113357614148,73.05989952754915,86.04946941797965,92.23684865511369,76.19804031825547,75.20905125659584,75.31613911470784,92.27035435024354,101.10507618290674,70.62037077159324,53.47990757893461,96.76139374574299,75.21457587218069,74.0619619946859,73.62770824129305,26.273262764039448
934,897.0833311677874,1962.6234414431683,0.49175715829525857,0.19723382030643788,0.025189322756906423,49,0.0,0.02759512470509006,4.365495622628822,-1.6000838927005905,897.0833311677874,1962.6234414431683,1192.31882343405,0.0,0.0,157.9470830007226,57.50362865255377,84.4728629699193,83.17370203196285,86.21649798791745,98.13653933216615,87.00202784398607,73.5276734492607,88.411909909022,75.6580897332887,83.94298566331335,72.26659369557484,90.24196051428032,76.54068439317666,84.45267284965692,88.14068750294263,20.13393555758202
935,2387.810587015647,1963.2179497390196,0.26384120720061083,-0.47932732576502546,-0.07219182321476776,49,0.0,0.05643814497322354,1.163895589868208,-0.16478505650221617,2387.810587015647,1963.2179497390196,23773.858510780756,0.0,0.0,156.79093673853066,57.50357890225352,1651.6244921565112,1803.9747623224625,1774.3521878439046,1719.29232864693,1667.3031375805297,1513.5553067118647,1727.478479076883,1632.4962445907865,1603.654094616411,1653.1061709540543,1638.373105562489,1636.8356187440172,1623.0177892504853,1645.9938111600459,482.8009815633819
936,2782.4968716677517,1963.3788966031814,0.3628605957007344,0.0035930999555277517,-0.9827250066634556,49,0.0,0.07929194833787928,9.877416771587919,-2.486608447366274,2782.4968716677517,1963.3788966031814,6591.3486660502,0.0,0.0,156.48487637319369,57.501797446400815,450.0668659826341,482.2495802684098,460.9057428639273,455.40448365324823,497.7794591311142,414.4702934954468,482.7104249263998,464.41082968283297,457.3986475326143,461.7021675099279,448.6800610489564,450.4303259998069,480.1324409847227,450.28087446916163,134.72646850099684
937,2586.5317927859196,1965.1164355355959,0.42304229860312254,0.3651906309579922,0.12829867650440913,49,0.0,0.014635263621764604,2.0048813915155645,-0.7552217122982846,2586.5317927859196,1965.1164355355959,1115.7932568758047,0.0,0.0,156.63681678404166,57.5035317427433,55.06688621071757,80.75295485619887,74.1287890443326,72.16812298490063,87.73365136600779,63.59772404037207,84.33408805805769,76.27782669582732,69.52851926253985,78.75941645024267,87.94550989190614,90.86026812153622,78.59590578567142,91.61087175082636,24.432722356667405
938,1249.9666544019121,1968.9396803068325,0.7324955409653402,0.1251280258402797,-0.5522115942527303,49,0.0,0.012980247845766272,1.4478396389031352,-0.4018011563859343,1249.9666544019121,1968.9396803068325,957.4040254722712,0.0,0.0,157.67342694796415,57.50714497013378,60.856834615716984,67.69947145702565,59.93674934919699,79.74242176828605,68.38470346552478,77.90016954550285,56.14940785120773,67.92671432696801,63.61987960130614,71.00918752079107,52.897993313195975,74.84003026565745,63.37073149145768,71.97135037380198,21.09838052663185
939,1906.8742201484556,1968.7403917893864,0.613851352247024,0.20861070845126234,-0.2749419601197131,49,0.0,0.015801436477102606,1.9552220837816512,-0.7279902346149619,1906.8742201484556,1968.7403917893864,983.7203767690703,0.0,0.0,157.16390830471857,57.50713093895827,57.77514575389914,61.703235129020825,66.41383396524625,66.55413758261467,81.65191609194979,76.5057199494889,58.80144745965566,70.69959663022789,64.52452728944505,72.63021117806744,63.392757964791656,81.36549529594093,73.40270769385273,69.5424492411262,18.757195543743187
940,2986.3796647365552,1970.0785901495503,0.38356863032827765,-0.2475010325868997,0.1441550701791711,49,0.0,0.018538623071185072,2.115456281181509,-0.8135101361656611,2986.3796647365552,1970.0785901495503,1752.2000633992316,0.0,0.0,156.32671291185466,57.50334347147806,104.22960853207405,112.5434460493185,119.95133992390546,146.95781925952357,111.85974667361359,123.55605018853554,123.62787615838431,141.58877186241176,137.39024750663233,124.10020318127198,116.47856495519811,108.28415587819802,109.17215863159035,134.31828639792454,38.141788200649515
941,1437.5335615495042,1969.9963151676077,0.3624545813908033,-0.10513642557450074,0.020173813072183484,49,0.0,0.007712170338283464,1.1252446088452568,-0.12811735217255907,1437.5335615495042,1969.9963151676077,946.1816796336639,0.0,0.0,157.52794625228438,57.50781434390055,62.88301433025072,71.97863603184206,57.037051183826506,64.02687282137262,65.78727995744029,75.34710938826797,84.23620842948138,56.364650204121205,50.81128789574048,61.35782557378472,63.14991278613269,74.52104374730513,72.44683590772635,69.99040905630244,16.243542320069288
942,544.7049468807786,1971.2174414005663,0.5823610996248283,-0.14498764990908128,-0.05875259098945133,49,0.0,0.009498477302077429,1.141782046183026,-0.14395802428012833,544.7049468807786,1971.2174414005663,833.6652709250335,0.0,0.0,158.22042239511,57.50573477550737,55.57741601294003,60.05193263038133,57.95649655531185,59.48188741505771,62.473948473261174,49.932421464141584,69.75463997442081,67.0655195158865,52.587815918925116,58.06810446126515,56.351198447328784,52.58229469819148,46.06624525937174,65.56618859099041,20.149161507559803
943,859.1096387542525,1971.0757195826486,0.9981947211380532,0.4355389389364717,0.07727038402896833,49,0.0,0.029591184904965748,2.7182268526003655,-1.0857142460770495,859.1096387542525,1971.0757195826486,1237.3500594922807,0.0,0.0,157.97658730453293,57.50701974390849,86.00851413782291,80.83334459845203,95.94317221050906,93.0433126718605,85.75443206905827,69.88679239290245,90.57167581239153,70.95244166166067,87.50891396639989,84.26440302662101,84.47554363386158,97.77520864771893,87.91086725079795,93.20887888457253,29.21255852765127
944,276.11212593889485,1973.0155518235579,0.4186962735023407,0.6715897269040239,-0.30837455615802406,49,0.0,0.01656455618028053,2.010414919624666,-0.7582142464207868,276.11212593889485,1973.0155518235579,1339.3364549287794,0.0,278.6627940191832,158.4287254063755,57.504963352176254,89.41230226076033,87.80705547248539,94.0027757568765,90.87709787492646,102.06782823816884,90.25031550658238,103.23485745352293,87.80631993998901,70.85120458243699,80.93235463242485,107.77464949106414,82.5551012395341,118.88639451439849,101.0573469335153,31.820851032093845
945,2917.2877168176146,1972.5114912763056,0.8977852128056788,0.15721510812991635,0.07487819396972215,49,0.0,0.012218561998481823,1.1006606209099807,-0.10413357175495831,2917.2877168176146,1972.5114912763056,970.5956338783346,0.0,0.0,156.3802577104301,57.5048011034381,68.01270053238215,69.0044017711687,60.409857447695856,72.13492727226634,66.91320528292042,61.86058113430995,82.50564409640657,65.12503930259768,71.80730815210303,70.85232086549314,55.59313393205228,64.08586351028731,66.7528307105403,76.62308940065083,18.914730467460082
946,2397.521118747689,1973.8828844002087,0.48042177267501934,0.25435681194420817,-0.08580317510317999,49,0.0,19.947523905071446,2596.8961306036317,-8.536136448189726,2397.521118747689,1973.8828844002087,919893.7253934699,0.0,0.0,156.7833310930749,57.50798574464764,60013.72016226427,63738.540273059145,64039.840183828754,64299.280912817194,64049.56180789697,64999.67923075124,66010.24797528557,64145.71313376396,64064.32514072015,66591.61802359698,63565.12761000286,65806.77763758287,65765.13014409083,64923.96142464926,17880.20173316047
947,2760.2148991665645,1974.177007567513,0.7713796772645357,0.33690032804728515,-0.08475818186562786,49,0.0,0.06616546632722374,7.732728506346146,-2.2208319062593036,2760.2148991665645,1974.177007567513,1932.1044496931522,0.0,0.0,156.5020429961704,57.506420159560804,109.60747112430445,136.4685911112275,118.80746876792485,131.8550172339789,127.36147538533012,127.25351428715432,147.96599669257358,155.63848310506802,145.08048213838532,145.21775329096064,109.78304480209738,139.32495896431,134.07628210367233,164.1098780051322,39.554032681032524
948,2787.8201058265718,1974.3042721006564,0.6361765325940744,0.25489785037345186,-0.2111763447464003,49,0.0,0.04579115820250761,5.9491058461986235,-1.9361292398494174,2787.8201058265718,1974.3042721006564,2232.736731446603,0.0,0.0,156.4806341335998,57.50631907328081,145.4290553495944,152.26846998529538,134.07893372537532,160.46843733611826,169.10882240261844,168.9567924843629,145.37499167003384,177.18267073964955,157.90465646854594,165.38292219771768,124.22874955710355,167.669041661721,160.62383512769912,169.87783081731504,34.18152192345235
949,717.9380037766889,1974.867898878571,0.44955195391884534,0.37763688720427796,-0.1138846643090355,49,0.0,0.015219020272830081,2.373430747863473,-0.9384414109074589,717.9380037766889,1974.867898878571,948.6863841196313,0.0,0.0,158.08610440628777,57.50805437287925,54.13035307564451,69.8201925463743,59.31029144717048,66.98164921145958,75.52120246379147,45.15687020414297,77.7079590598506,61.824664382642254,74.7452589471942,66.41057843642783,61.877293829444156,72.96305245005948,77.97615282308763,64.13588323346919,20.12498200887253
950,1544.9634906956899,1975.129549270525,0.44734832447314477,0.22995346958335344,-0.1216552745328224,49,0.0,0.03693683310360033,6.135759778064977,-1.9696708703839905,1544.9634906956899,1975.129549270525,1698.48598263961,0.0,0.0,157.44462121198566,57.51000901549637,112.96960525334009,144.09360228770612,128.92073355783415,115.86726149856543,112.45455618111569,107.61297921611256,99.2871509757594,123.22926474613865,148.22303892570307,112.3209393024842,102.34412290342603,109.14271642911643,127.3671479512816,112.94647771409487,41.70638569693189
951,2096.3713851026846,1975.2938384029637,0.544963161102176,-0.2846175195171172,-0.4637106213126923,49,0.0,0.02196159117016366,2.9274561612190286,-1.1662260005367295,2096.3713851026846,1975.2938384029637,1947.6267411224555,0.0,0.0,157.01690308548362,57.50949983672447,129.26288205057864,132.7997381093949,133.3716382285911,125.2223577760922,121.91147959001862,140.48766895700177,122.30850052342193,150.58630718471306,134.78090709299792,154.54330339994684,131.94986394254147,143.45649722506835,148.24732719539725,134.52894527576717,44.16932457092403
952,2101.3784088900284,1977.7048816038957,0.535503212511095,0.20539371608966372,-0.21981008876019895,49,0.0,0.02902499772064767,3.644920650445904,-1.4042201955248395,2101.3784088900284,1977.7048816038957,2074.6307221029897,0.0,0.0,157.0130086636943,57.510492534704575,135.0845440291797,142.8996609215051,156.30895530553113,132.37449428657197,134.6002346855521,151.16951320249981,148.121055962178,168.10083962364462,142.33483689007966,147.02894583255224,140.08074476950304,140.83355868213275,151.7389573422929,141.25295574804585,42.70142482172086
953,2372.1825442777827,1977.8427801539758,0.3375509321980113,-0.4143997145284968,0.1927340736390454,49,0.0,0.019313601762876238,1.1075918385768444,-0.11094936733601851,2372.1825442777827,1977.8427801539758,8245.059131882816,0.0,0.0,156.80295653160485,57.50973015261941,537.7684821068729,593.6518871211122,589.870088430474,570.5275749442251,587.9820976290999,584.4388666026634,592.8323761426902,524.5593064783504,621.2078198058489,558.9358006435721,574.4235072818236,579.4470185370673,576.2901170773548,578.6463601316616,174.4778289499991
954,1015.1051662145418,1979.3224670029197,0.5087038615936209,0.6947703544143974,-0.05848192560700207,49,0.0,0.009382999329029274,1.2505982513975378,-0.24279454277244455,1015.1051662145418,1979.3224670029197,823.9057176802386,0.0,0.0,157.85564076123063,57.51094808796264,53.51337652154504,44.485849196147264,67.06873869290055,48.01307714345338,56.912739208718605,55.37248218707522,54.749752348063424,59.150544799712684,51.14034726076589,73.72253214512335,55.8256948191554,63.223742257300145,63.06236062831604,59.52366940221087,18.140811069750768
955,2660.197566928097,1979.072861852536,0.6158888904182767,0.08835961995528906,0.01472846046046769,49,0.0,0.011340717398846152,1.371794200608238,-0.3432224062617677,2660.197566928097,1979.072861852536,886.0176783848972,0.0,0.0,156.57956150192334,57.508987870774575,63.74792364384519,63.62055110376168,77.00699369149218,61.09011000199875,61.21217332536882,52.23212948103346,47.056028037931725,61.43584061027144,64.32550589478991,56.15957911399882,62.440885428005075,72.64440587020081,59.605338981032396,66.04673580513725,17.393477396029713
956,200.52525176449626,1979.9885965903163,0.4065260890351854,0.43130980567448873,0.3142271837401157,49,0.0,0.006608632832448135,1.142096972495496,-0.14425745073717824,200.52525176449626,1979.9885965903163,885.3386295818293,0.0,488.56382766549194,158.487422551719,57.507378486867815,75.89725237272611,58.92997814153196,59.54561691841879,105.60636901824923,69.96442030836579,38.600663760167954,28.02890117041411,61.51418798268948,44.877567005091336,49.36483765136161,47.69627863119704,82.32903360124895,108.44254679810862,41.162654336864634,13.378321885393646
957,2414.602855122558,1980.1625703202706,0.973935837065331,-0.11932534348165565,0.33320714863395545,49,0.0,0.035027751307929615,1.0893359949635266,-0.0929046356896718,2414.602855122558,1980.1625703202706,13525.32747684057,0.0,0.0,156.77003747297536,57.51053663666242,852.6270617847726,898.2960323291259,936.7774611286019,923.2637415289668,912.2015608832598,1005.2390429730617,976.2199394159559,971.7478674172098,953.69697738176,963.2242941928139,947.711059977309,986.329837746398,975.4098281449501,943.6114731436755,278.9712987927078
958,1436.739111791045,1983.3210396102627,0.578945927665603,0.11058983998302233,-0.013838513341614744,49,0.0,0.07358144901260823,10.711455762760007,-2.57462124635355,1436.739111791045,1983.3210396102627,2261.553116076768,0.0,0.0,157.52858175794117,57.51336563978679,126.92932632815248,181.96009939831765,156.507787928778,153.38868164571196,163.08222415509204,158.90139287658758,150.13124805955266,164.9123027492455,161.09491461969776,151.9951160274871,164.3622820396074,162.9183761126855,156.84110846347764,155.14344632816415,53.38480934421056
959,2039.4849998781935,1984.3793367094759,0.5936952190685483,0.5383304995432185,-0.4060871274588457,49,0.0,0.010176905720773139,1.1621124962042242,-0.1631204279583305,2039.4849998781935,1984.3793367094759,926.7956874440238,0.0,0.0,157.06099249417588,57.51341188065627,60.79723727559961,65.39560053740061,63.28159216490382,58.251339089064565,67.34735849257544,75.27327568321559,73.10988025033627,68.23078851351701,72.46618242892185,55.449288278793134,50.289072870699854,69.67449210195865,57.19119866934071,72.13524725694701,17.903133830749546
960,1421.9030788416044,1985.2002470659618,0.4283555562541642,0.14255304432804733,-0.35614238470115545,49,0.0,0.009298321348228967,1.163651456605316,-0.16455729369614855,1421.9030788416044,1985.2002470659618,984.145060759352,0.0,0.0,157.54009394468835,57.514136549278284,56.2570481065536,62.71226183486354,74.8295542289868,73.15109924818918,71.1958654692917,68.21556457572059,74.29350768814291,60.47998979994392,68.33372259484364,66.49391110909811,58.68687056647548,78.74142244779438,63.520622260618545,80.96143134273626,26.27218948609332
961,1449.6185289745902,1984.6952040839908,0.26905160985202514,0.03262152433009209,-0.5502843219439122,49,0.0,0.006208709783769515,1.0032141601626723,-0.0034841337692109076,1449.6185289745902,1984.6952040839908,831.6130895325485,0.0,0.0,157.5185922314982,57.51394784475136,34.84089269216947,54.71381878070888,56.59555133520442,62.03331471957008,48.949978537166935,80.02485588599312,61.57066685206644,69.50791912990618,59.783491466967284,55.81571457354168,43.822880683513844,57.21459379270754,53.12998725237442,68.27252933612513,25.336894494533134
962,443.2656349653698,1986.6480680300785,0.6058031517827033,0.10155721073107107,-0.31873260142701126,49,0.0,0.022529105030653702,2.474673859078275,-0.9837949268247065,443.2656349653698,1986.6480680300785,1392.6645611508561,0.0,0.0,158.29924485225487,57.51162942912904,95.24943501441021,107.5006406813198,89.17009317410074,101.80805387052621,101.64556296205338,94.98149903159234,106.79220298979024,88.13627508748147,71.64357576029519,107.90025313396595,97.74472864305864,92.18228093130266,99.80295318999919,106.51946486997035,31.587541810989816
963,2382.811789494014,1986.8754737359072,0.5670898532193834,-0.7168094625895496,0.9664571113481639,49,0.0,0.04952621507137231,1.0751810380159479,-0.07870399130735341,2382.811789494014,1986.8754737359072,16732.730205665102,0.0,0.0,156.7946496704986,57.51345424057864,1065.9629814249895,1153.5858160742446,1134.1029540039103,1124.2939304121096,1099.0112887452876,1180.9266454401932,1285.6012293501299,1203.4016795687187,1124.3928767736663,1156.3201786600544,1192.127112521948,1246.8896399390105,1203.9923614727682,1201.5047471384767,360.6167641395965
964,2506.2706261313806,1988.19572048423,0.5015574571822086,0.4009033278037833,-0.09358891111446938,49,0.0,0.010808407098144113,1.3185101718796506,-0.30020871145970157,2506.2706261313806,1988.19572048423,1118.0413667322969,0.0,0.0,156.6988726566132,57.51350844307662,67.50866877874708,83.75033803380987,68.29876375347868,68.01269242058022,68.50860431266861,71.29622162548249,99.62299462028278,68.33914456810986,76.71310285445973,93.00438765283212,77.1717020801712,71.04160687583345,90.09429283876638,89.15538097273534,25.523465344339098
965,2883.8304698052984,1988.9238386791449,0.5509497841056614,0.4792006039402819,-0.1364458356724217,49,0.0,0.044810301041209345,6.007038409027803,-1.9466510220922526,2883.8304698052984,1988.9238386791449,1980.438889493215,0.0,0.0,156.40601523418272,57.51184539997191,116.96365222351852,147.27693200447797,161.40527677994743,128.22033399133372,138.3052824884774,135.04832131609197,142.50584399905986,141.93717154479145,115.48193123310618,146.6466905145441,144.8846811222587,141.31518265444845,156.4062368628999,127.4124515166421,36.62890124161704
966,2375.586019840883,1988.7117785079163,0.6914171339222974,0.3962160050636996,0.30531492159511353,49,0.0,0.019284758192876648,1.090155672552788,-0.09372129738204034,2375.586019840883,1988.7117785079163,7944.693026659936,0.0,0.0,156.80024218840322,57.51424609445287,511.1069248275862,555.5166199867917,537.8238562323006,552.1669680302618,554.815022592901,570.7247239532089,548.9611822988319,581.0415761903535,545.6079458224152,565.4683163108054,588.720127614667,555.1785996565222,561.8520897874685,539.688707438426,176.0203659173967
967,2405.943582369343,1990.8266345257398,0.9439131115146093,-0.8781141100855501,0.4613034364519158,49,0.0,0.041077335608265333,1.0697064175328281,-0.07316150323095376,2405.943582369343,1990.8266345257398,23894.709074625673,0.0,0.0,156.77667802701097,57.51501306179693,1386.849106905595,1640.7754745479804,1556.5924496298462,1585.3111815310476,1579.4517840078624,1706.5805983886162,1752.9076378260609,1636.4392646191116,1628.7088033079644,1783.161555974972,1756.5640253406202,1770.0154452680395,1744.8509159624903,1831.1688985674937,535.3319327479705
968,2691.4533693963385,1991.4701367059738,0.6234411384812043,-0.053232955739301244,-0.5967474878290492,49,0.0,0.01446209735867116,1.6896899080413061,-0.5695175254643291,2691.4533693963385,1991.4701367059738,1391.7514163226501,0.0,0.0,156.5552010501134,57.513992896240076,90.52122969616714,94.49352247165538,96.96328104575102,116.40530720822353,88.9263231216638,84.91083753892539,96.76316202769416,96.36035735405767,92.01129940191665,108.84765028676188,111.34200085729672,114.38979791512374,90.19764480350564,83.46032547216643,26.15867712174113
969,2651.4145137540686,1993.4908185058214,0.901419227050766,0.04343489078124584,-0.4548242348757063,49,0.0,0.013747774951341602,1.1560526659444719,-0.15744404889653077,2651.4145137540686,1993.4908185058214,1056.6692044208899,0.0,0.0,156.5862393796412,57.51503879630987,73.15856012525518,74.89667833549993,76.16708986050914,68.70847721206502,85.43242188864417,69.73221421056351,68.1096030567029,48.555934070307266,75.1351001528271,65.9820016159942,72.08992324928548,83.02956865664731,82.21883444433243,90.65070842603075,22.80208911622536
970,1868.6513332696493,1995.0547151058488,0.6902088263415416,0.3626235130626714,-0.03355353828070892,49,0.0,0.07941424135315317,10.400221517946022,-2.542606473967396,1868.6513332696493,1995.0547151058488,2173.3493202519876,0.0,0.0,157.1934925146717,57.51814732170709,166.5043594415729,141.82571541758136,146.39809598467906,132.409249566582,135.83563345490063,133.57883331155614,156.6010523746543,140.93489890933256,144.60112965534563,176.3775344070759,154.61022075521169,156.67729449695446,193.50640072419498,151.93346644309435,41.55543530925141
971,3044.5158996976415,1994.9112099256304,0.5407608450612428,0.42469210438976135,-0.3153643892554518,49,0.0,0.06954035208978776,9.818578977823465,-2.480121594531882,3044.5158996976415,1994.9112099256304,2669.5424643645247,0.0,1792.2837847574133,156.2813191694666,57.51329709086028,177.7548482121815,192.64803505968496,179.12024259732902,167.98443986192802,215.63244577102313,176.75768835902483,175.911035333495,170.09879681594583,182.93309112384807,182.42973533559083,187.02762287388407,185.8923245434105,200.96927994523455,206.19587211468564,68.18700641725891
972,1094.4378235702536,1995.9927344693265,0.6563895470389502,0.27448591322104027,-0.16827253924640756,49,0.0,0.030180173285218218,3.6924239370845076,-1.4182788943237348,1094.4378235702536,1995.9927344693265,1346.1793043804887,0.0,0.0,157.79417802097433,57.5180998167669,94.95179720820275,99.24648471933247,69.93375920023809,90.15555244389023,111.76609891623399,98.75453608708827,102.72941639253713,91.69691257546295,85.69251447007181,104.02065492904418,87.83601603351084,96.09284564270374,98.71843504077019,77.83770682778223,36.74657389361991
973,2122.9215070195687,1995.4403665237883,0.4924533040566707,0.198978716616574,-0.15489497950058612,49,0.0,0.02673048172442447,3.919153036720113,-1.4829805558025666,2122.9215070195687,1995.4403665237883,1310.6072827560656,0.0,0.0,156.99621619937307,57.51782963117347,93.8274459745025,88.49394399183274,90.15719998374092,76.05651483782952,87.46893022879928,88.62994065151248,88.86338724876762,74.60391965684408,98.87193291152546,119.16348388154549,94.2604194107387,96.31450943096108,85.32266537700048,97.83133546256846,30.741653707896596
974,2696.520621789058,1997.172638112986,0.20732451529774484,-0.11665244011857336,-0.10831464729409986,49,0.0,0.01525105841772183,2.8613704640754554,-1.1414352248067154,2696.520621789058,1997.172638112986,1529.862053884121,0.0,0.0,156.5512152691499,57.51634229128889,102.22466833887816,93.76660109157163,104.71252389348113,116.15451563590145,98.08896784527353,89.47412094896313,111.77703129758486,118.61006163373537,100.3564922755936,108.77601859459301,118.75198107246558,118.31558914224938,113.94450894538063,105.93672278649676,28.972250381952932
975,516.7416676431664,1999.5034982321276,0.7524289948777617,0.0667881907087931,0.7142446414241507,49,0.0,0.028920689871746747,1.7570461710045295,-0.6119579346844977,516.7416676431664,1999.5034982321276,3673.5236461299273,0.0,0.0,158.24237887287532,57.517376971671005,193.13486514643,254.9617139053185,259.5428403685204,249.75684546273732,251.53096303219453,241.0972265564968,288.43287361090063,266.66806417506405,272.8589698369501,251.6573474013571,258.1786242188967,268.86486208235146,279.44870073894896,260.42565538646744,76.96409420729347
976,2384.688854465816,1996.465088460541,0.5513475032516374,0.7899863845723087,-0.3784759654594324,49,0.0,0.027946038615639372,1.940020872362988,-0.7195160061442591,2384.688854465816,1996.465088460541,8652.781402983586,0.0,0.0,156.79312709892903,57.517442660296396,569.7130601727874,573.2153497946741,532.8491931348724,586.3822341409133,546.2958299344892,619.0130602172529,672.7553568599524,622.1357855689182,608.5068268037928,603.4408677283895,584.8124146254945,618.0949730779446,669.6820751184688,660.7603099827744,185.1240658228621
977,1278.7382003377656,2000.3687927486587,0.5902297126322764,-0.3956689456155074,-0.2337001297887821,49,0.0,0.009921963290354933,1.1584947731407298,-0.15973519673652334,1278.7382003377656,2000.3687927486587,911.6004594382204,2.113896796973338,0.0,157.65120054087265,57.52028621983595,46.09304614064897,62.96580208569709,67.77269151139005,62.59293183755614,74.65344246500264,83.90354567509692,64.8512696234975,50.08844984393113,54.6163008584482,53.28513891369251,59.63703290494912,70.6890782566555,73.04695482289057,58.884816988157255,28.519957510606762
978,1337.5538429143653,2002.3364856847325,0.5712374885124769,0.38469492132176797,-0.13536160590777707,49,0.0,0.2759716226290938,39.90828676693432,-4.002657710612832,1337.5538429143653,2002.3364856847325,7335.715725332798,0.0,0.0,157.60556982939679,57.52118792693971,445.50610344317215,550.3152399735718,514.89429483907,506.00871089300705,531.7204237708586,494.8271860167466,552.8951584756371,512.0463014969622,505.08315287113305,489.45669685581345,511.5144588420618,496.8616651746431,536.7884387917761,526.3662215350065,161.4316723533383
979,1834.9335439578745,2001.5892275036583,0.3835576056682133,0.36780480618403394,0.23846652399628843,49,0.0,0.01271363378123387,1.873437070661606,-0.6815977739676315,1834.9335439578745,2001.5892275036583,1082.4922203787737,0.0,0.0,157.2196392503326,57.520910326573336,65.5603544687472,85.57734291236375,83.10194214873798,60.04294962344069,81.18013635914187,68.79421360772538,88.69941149706327,68.44254115718306,64.15936435688016,66.70466586412809,71.67626182597805,70.7017558780835,83.04071645084994,92.07481509098011,32.735749137470506
980,310.4671211600753,2003.9753441473572,0.2806160658835533,0.7969504350912341,-0.20899317852841034,49,0.0,0.008433184567444168,1.203234310377118,-0.20087551846425317,310.4671211600753,2003.9753441473572,1123.699339247241,0.0,0.0,158.4024386311038,57.518074822055326,87.58626451229199,83.65740272800691,80.89096721535307,91.38852477026649,72.37183609031555,59.14355560742007,67.6861009983429,78.06164577956125,60.3913333434067,70.61148656374202,89.54834948395637,78.02697887710612,90.58948042064829,94.81011534847534,18.935297508347826
981,682.0173718516705,2004.2789676152122,0.5986616431284172,0.2779081548829427,-0.08949928291337514,49,0.0,0.2019603782229733,29.790658561735697,-3.685200259931405,682.0173718516705,2004.2789676152122,4622.53015969053,0.0,0.0,158.11420247234764,57.52015404895962,315.9247449617601,299.45607426426494,343.9190811011051,326.56821982897395,297.9797303059505,324.310780025693,357.19020799888847,325.0515293331705,296.9463123707572,312.55654321960776,333.33947322398427,335.2792856630068,309.19138449813215,357.68876126021985,87.12803163501499
982,1150.9365755378017,2004.168839945075,0.6034573610023827,0.21705760218725695,-0.10045701925711881,49,0.0,0.4462814617742776,63.01003938002,-4.498524377601538,1150.9365755378017,2004.168839945075,10598.794260058618,0.0,0.0,157.75037627124357,57.521634922653995,658.1772734997089,770.4666507334948,748.977880962143,716.5734829202913,749.5112058475922,734.0033180852779,746.7619463452567,727.8898113559865,718.0519168022013,749.2096934878406,768.5822101801919,756.1576599186475,735.7529896187467,806.45450052868,212.22371977255756
983,2352.402421994675,2004.313469864008,0.3958855131124728,-0.0460344675086354,-0.1398042019116224,49,0.0,0.01487678371232631,2.381686468931625,-0.9422114732877165,2352.402421994675,2004.313469864008,1162.5160740767983,0.0,0.0,156.8181226317601,57.5208306410397,68.62287309416675,78.41683187312705,91.97864595178983,78.39712501180398,77.29143586045168,79.15019213182134,92.60469405891449,63.208084187409625,57.97145794939642,92.38086662491204,85.59256516903685,103.41637144078976,81.47548266769792,86.73906791933939,25.270380136141203
984,1290.280156148035,2007.0523613829225,0.7389065195349664,0.8559390413592485,0.08033547789876834,49,0.0,0.012201038958056161,1.2214305504538003,-0.2171719459524156,1290.280156148035,2007.0523613829225,1040.6032137897116,0.0,0.0,157.6422634605633,57.52308835185576,65.60489319473069,66.3058033725322,79.39581205046919,69.04609415478413,73.16833084084297,81.83440343981549,82.97389138462805,72.51101237624087,77.38182431159657,77.20648700275696,61.13235570736698,87.8637622991215,63.258605179468105,66.98994856792919,15.929989907428713
985,2305.1315011965576,2007.3756589042334,0.719448238842144,0.7676740783342264,0.036550106102977584,49,0.0,0.013824379904854805,1.4736656392298118,-0.4209973934925949,2305.1315011965576,2007.3756589042334,1016.0479732132474,0.0,0.0,156.85477989221386,57.52227034909443,71.05239779915944,78.0458736157769,67.24010452896002,64.653465920032,72.96388001713785,63.76924301569329,70.69798921747339,85.99616050545936,78.50456881622,82.63778044042354,70.7355724952836,68.4445859855526,66.7620724826032,55.33908685858036,19.205191514891773
986,714.2264641105302,2007.7232399025052,0.7214043903586517,0.2058450400136641,-0.10989502234503808,49,0.0,0.017292720916473735,1.92361729772791,-0.7102966843050119,714.2264641105302,2007.7232399025052,935.2400984945293,0.0,0.0,158.08924054322375,57.521727387696,56.98333534062384,56.55276559683721,58.32505358844733,60.76489327952791,64.4570614430808,64.34716171229485,56.968033700154905,76.63472471369282,55.86480262812178,80.76878500167754,67.6852326802959,70.0762393919226,80.49599787698514,66.45278865910656,18.863222881760066
987,2040.2316786268098,2009.8636555375504,0.9028770496271225,-0.03930874759802878,-0.13650649117937808,49,0.0,0.01116390017639025,1.010338977774843,-0.011167769798603717,2040.2316786268098,2009.8636555375504,830.302330272191,0.0,0.0,157.06031412176782,57.52402850958345,58.331512448530816,66.82068593170365,57.710058501684756,50.4195520245367,56.225623120188786,56.390057637571005,57.384169203031306,60.74023868855668,53.27992246765926,60.32306575304896,47.191964903843456,61.4019002120133,48.09882281500241,78.9742324544262,17.010524110393753
988,832.7472680269624,2012.057270533005,0.3172683877182517,-0.17630244152715704,-0.4376485866089303,49,0.0,0.009114681593695358,1.4286037708395745,-0.3872794803061435,832.7472680269624,2012.057270533005,925.1456308795368,0.0,0.0,157.99731162416978,57.523999696381246,68.04947561583676,80.02052996608545,62.44533207537715,61.49654491564452,58.57014101515051,55.54147847979381,65.7676791718788,66.33976771400324,63.49436777428752,63.53390585384884,74.33740306614186,62.36189390971427,53.74968162355751,62.5441074374847,26.893322260732013
989,1362.0172035333933,2011.8345388489302,0.7022427466916031,0.07249399903048881,-0.2975276984344574,49,0.0,0.022423966550956683,2.5776231096678632,-1.028048541894329,1362.0172035333933,2011.8345388489302,1092.8701846660595,0.0,0.0,157.58660814978398,57.52517458918451,56.02143132301604,75.77264461784753,80.07669360688956,74.12519114201577,70.397598920735,68.47050158848155,89.19855907996731,64.02392099515859,82.82424716752745,87.79181551606439,62.31408142218299,84.30204058862466,83.57161193789554,85.28251134313884,28.697335416514385
990,2647.504219034336,2011.934648672054,0.7493602320336638,-0.16554950973554375,-0.3230221940154651,49,0.0,0.014626773959553726,1.5805858331075395,-0.49704521252820594,2647.504219034336,2011.934648672054,942.081969350202,0.0,0.0,156.58910176052294,57.52274240847674,61.914162791283765,56.0659646124775,56.92242704936366,73.93253182268012,57.8800009225632,63.38807605770097,65.62674797750095,63.58417462890671,50.613785017821705,59.80062828444947,64.10099221383652,76.67993319355472,85.3647842968273,77.3387447356166,28.86901574561883
991,880.2362184086687,2015.443398669707,0.619452165639781,0.6199013798113305,0.25006393834699636,49,0.0,0.014202167147488112,1.6657537036030068,-0.55402696885698,880.2362184086687,2015.443398669707,973.4213732203677,0.0,0.0,157.96048459499855,57.52557870271524,59.418323235887385,65.00734465011467,72.4088983340993,69.17993383272184,69.9249471455708,61.07629637550583,58.107985744874654,54.691617717830724,62.59227010716358,79.6711958493593,64.75166681917698,82.06266566034945,69.98128073262167,78.81656418460622,25.73038283048546
992,1444.3902249227854,2016.1274058604072,0.9152031243266567,0.21017238775080466,0.1430354246827543,49,0.0,0.017942444436123473,1.7323310474188645,-0.5965772225650522,1444.3902249227854,2016.1274058604072,960.9380897616138,0.0,0.0,157.52269162886512,57.527040636439644,74.42934858519604,65.48728372020412,63.88581186099363,71.60370951972267,70.03544050898022,63.840039528485086,72.97741427863616,66.48011501851515,63.367146661478905,64.41397079558836,50.18059949623162,89.77106035928048,62.494377242425955,71.16207137186261,10.80970081401291
993,806.3468502272164,2019.0812205521622,0.8386992304120227,0.5231724742126159,0.10223841457809633,49,0.0,0.01736635845199978,1.7441428778223536,-0.6039551471739916,806.3468502272164,2019.0812205521622,953.3795439242382,0.0,0.0,158.01784593776168,57.526827997695506,52.45075373996397,78.74756241360258,68.4602868121996,79.15620082242489,57.72327777330271,77.26461315123086,65.17710659273442,49.91934324342005,55.84235828248991,67.358678477622,70.12257982829827,71.42037260882077,66.6792111605483,76.77537440625173,16.281824611328037
994,1227.3383328132227,2018.9617538412106,0.7553183616511907,0.5705450371906764,-0.27885523580231814,49,0.0,0.011337262995053861,1.205725803028799,-0.20312138772984292,1227.3383328132227,2018.9617538412106,841.1694899812048,52.38434475083679,0.0,157.69114304178976,57.52794810993283,50.71391511011788,60.846973500331316,49.74187077361188,52.363429525855366,57.80792444148019,54.97085268740989,53.65831331378442,61.67252430630633,63.54995690788704,61.09151806870579,58.65319401945878,63.62688031983845,69.41282626943028,62.95441884510518,20.104891891882133
995,175.48585033375187,2020.0294479393165,0.39000777269130726,-0.17631825050979624,-0.5439977227322398,49,0.0,0.009778663840260172,2.0154164905385974,-0.7609120193091973,175.48585033375187,2020.0294479393165,976.0758438017651,0.0,235.66436233006306,158.50734405729767,57.52389068801378,42.262146380070526,135.29647473519174,72.05970880811564,72.96090791749126,71.36900011324262,144.39877257857293,68.77389318327131,87.57495848472783,46.11416120180685,22.119507921934577,22.49781924246731,39.07979429245325,34.91762146626897,87.60526548132088,29.045811994829496
996,1166.7131549032395,2021.9628124717485,0.681330604674306,0.6133188693740549,-0.31166223537583077,49,0.0,0.01120963820331643,1.156840319819158,-0.15818354213455618,1166.7131549032395,2021.9628124717485,932.1946017365243,0.0,0.0,157.73820318679324,57.52908205289069,59.39237915464783,70.52809330982609,59.41382037629842,71.7055196834208,56.78642667184511,63.97853507464634,66.63462747681157,67.01471530632759,70.46017186343445,70.55044255218722,62.51948214092303,71.52096791784778,62.74409715790353,61.717475815407624,17.22784723499682
997,2331.1771959485827,2022.336113817419,0.578836190391029,0.682681509576527,-0.06428301129758608,49,0.0,0.01243657210474918,1.4828474207263327,-0.4277411652552744,2331.1771959485827,2022.336113817419,987.5903768310466,0.0,0.0,156.83447417281897,57.528414534520074,46.61460813379699,74.78157273141325,74.23328443313657,68.04831128742697,70.92041819359933,64.95837836592408,72.34563113917429,82.99901231418139,65.54410813616633,58.367466985443684,73.86847082551489,76.08302226987625,74.52259457231004,61.3536671476971,22.94983029538548
998,1880.9214395452748,2024.7584919665408,0.5447145623065435,0.07329960053431177,-0.08250870296570113,49,0.0,0.0373152890476347,5.3461231751801,-1.8200974018036171,1880.9214395452748,2024.7584919665408,1635.8995817977905,0.0,0.0,157.18389893697778,57.530507678253684,98.00666619383134,99.96381723272854,124.563288291391,133.26546652551366,122.76499772198254,120.61711687623006,94.53207705476257,135.2196308988738,101.29418105169032,110.10523107267736,106.90891485595435,118.57158449273992,117.62497405558055,124.23134320065758,28.230292273176957
999,651.2550820463633,2026.363840762749,0.5805700299895754,0.2785290074215041,-0.06890237915315811,49,0.0,0.35094054366246374,52.105012476428925,-4.292198760558911,651.2550820463633,2026.363840762749,8094.133862333246,0.0,0.0,158.13825419103338,57.52921850155957,511.13776353016,581.555003620296,546.5219065904041,560.936266815626,597.8459221177266,538.7498298363987,570.5657391879658,555.4303050015451,586.406291145252,578.0443592737166,576.1607821555876,542.531452868068,610.1986995463003,565.0514910797059,172.99804956449324
1000,2644.4465649835065,2027.5430746722932,0.947168127114496,-0.8895113202640744,0.21571166811505563,49,0.0,0.014681060235215022,1.1318955697302964,-0.1345159002092538,2644.4465649835065,2027.5430746722932,1114.8643339739547,0.0,0.0,156.59132987899065,57.529260427276235,67.12300078907924,77.3930930348344,94.82975196611679,78.21534682001699,89.8046885941955,68.69548383357345,67.23460837327744,81.91873205447038,56.992693389114365,81.28464839804397,90.24864585392734,83.35396629604719,77.9217356378503,77.7192287961885,22.128710137219
1001,1893.1506859116546,2030.191416067674,0.5018115747132096,0.2620146989987863,-0.05930007124860934,49,0.0,0.2891197734092596,46.823524923311126,-4.176160261820968,1893.1506859116546,2030.191416067674,7515.4126737797715,0.0,0.0,157.17439349469547,57.53275467112075,447.43757555334207,523.2737211578226,524.9294669078491,539.742582185304,563.3964634187076,499.8609584132583,501.6340857799695,513.1948043771756,522.4114315746358,515.6243068517449,564.9225670948965,532.3794751425763,538.8095133620664,578.5397134694972,149.25600849092405
1002,2417.043032365799,2031.3694865457799,0.6498960364299816,-0.25017519487496553,0.056372535863411274,49,0.0,0.01711069114519485,2.0234114516480166,-0.7652105089673562,2417.043032365799,2031.3694865457799,1142.3880448051605,0.0,0.0,156.76777482209764,57.531861898972984,77.64818883660865,82.71722045675412,71.7756298931835,63.16553318218449,75.54435169414106,76.07828776034486,82.78951295970448,93.550657596789,79.57425733213621,86.22022204111616,90.77990538432866,75.39492572965187,83.54432956602601,75.78148943284953,27.823532939341767
1003,917.8380856059434,2031.5733040873745,0.7421414654367552,0.3360499432167695,0.1497926901277693,49,0.0,0.03203445196246526,3.822676429909251,-1.4559188468968354,917.8380856059434,2031.5733040873745,1162.006850740872,0.0,0.0,157.93140378462698,57.53242471924088,90.40437190705099,90.81687256870066,77.9925127430433,71.93976347129399,83.97430183070468,77.95464408688,83.1822910965913,77.23643473393679,77.50364929511296,83.00119280636345,80.30883526348245,77.10099920420963,95.95380172076631,74.50386020274829,20.13331980998731
1004,507.9785158934634,2032.935444811293,0.519327728039838,0.41362770469400995,-0.01039901114900096,49,0.0,0.018941600423003486,2.547658110510057,-1.015352865789628,507.9785158934634,2032.935444811293,1309.3671499835102,0.0,0.0,158.24950000881051,57.53125992049252,82.23316255646725,89.70546631151163,99.12885479776486,81.21478080537085,95.6415098506181,92.44430647483631,92.24998234183025,91.03300787515107,90.6247651440346,84.97261087391556,91.07073505233058,86.82354317897966,98.42789268421976,96.25941026661783,37.537121769861876
1005,801.8431581454803,2032.6444465714007,0.4971813458380533,-0.2812147323348174,0.5448046179947386,49,0.0,0.018140270527703763,1.7308152162338897,-0.5956267614654419,801.8431581454803,2032.6444465714007,1805.5656933976752,0.0,0.0,158.0214366499581,57.53246188145724,118.44142396772244,134.140101224714,126.95826189887279,124.60710590359812,126.8727496413143,133.12536387191466,122.04267506420712,129.3883349744357,114.93749707874551,111.46834024149123,136.76769166545563,125.51880750819117,129.78388837893212,136.31315455921367,35.200297418866725
1006,2187.614944832199,2033.0446722097954,0.5808661791639431,-0.2850708322898268,-0.5195682208479975,49,0.0,0.010044462719617236,1.2572499474805345,-0.2485540653776404,2187.614944832199,2033.0446722097954,906.7321918141101,0.0,0.0,156.94582978400877,57.53332664108662,60.20988827400464,57.363778178108774,69.8701709442058,57.011165759768296,64.70847265246613,64.069946603407,62.403808713679666,85.52444873393614,64.48860668730015,52.44201533463696,67.56609439412304,60.250694872482455,55.607941016754395,64.89429845235864,20.320861196878056
1007,500.77027409769096,2034.8864725916562,0.4085935972385277,0.4613908397111917,-0.017652145772647947,49,0.0,0.009454638622779916,1.3424913482000491,-0.31977873883199104,500.77027409769096,2034.8864725916562,1236.223346082836,0.0,0.0,158.25511283818494,57.53203512817741,77.8311886722438,75.20495185661181,85.26268232464795,85.54900317625044,80.22258856575965,94.43066405423373,81.77076987202004,77.77138361022868,76.16028145418164,79.51849957540745,90.34086133141042,104.98808116366035,94.36316354027034,106.9570400766599,25.852186809249844
1008,1687.198424849663,2037.5415036123454,0.2825554937461387,-0.08136669438264561,-0.2358328543205827,49,0.0,0.006355774097238352,1.0722447202529428,-0.07573479111163557,1687.198424849663,2037.5415036123454,938.4958745872586,1.0,0.0,157.33424274009622,57.53600320699324,56.445698921789926,63.40163913678237,57.07828075847209,56.17831138103407,67.71693956314839,60.31396005841901,74.02538886705359,80.28819035420246,60.71439490991681,74.40111724616978,49.95678352232259,71.86875656490633,70.31907201895807,75.24250997416715,20.54483130991609
1009,813.0293689078392,2039.5761798806134,0.3640786317174123,-0.13536493525488744,-0.07517724565522851,49,0.0,0.00769992415341645,1.1429098636081778,-0.14502995201363184,813.0293689078392,2039.5761798806134,874.4565938327028,0.0,0.0,158.01280322415508,57.53539215659353,53.628483518807535,45.40885838159845,66.18231291449979,55.2523678253089,89.72361493430739,51.05243398164298,62.63476106950851,48.26450016312187,69.37742053041843,68.1953447268555,66.0983996098065,51.210181284707254,61.80277282181325,64.59996666230519,21.025175408001097
1010,1084.933959266138,2039.0569156227848,0.5969234306290078,0.35506064263755277,-0.2288016551816943,49,0.0,0.0183237208674572,2.4012369211374036,-0.9510875309905397,1084.933959266138,2039.0569156227848,1058.7476770514468,0.0,0.0,157.8017480090214,57.53601951816632,64.61664040324796,57.27042379453374,85.89406768950104,79.37513007985619,71.73216769864362,65.99309914136379,87.70304531802674,78.4620884151845,80.24275247464286,76.79554043534354,66.75583314160822,79.42515412787058,66.8804694188911,72.57051166208443,25.030753250648416
1011,1327.2910764549747,2044.421732039067,0.5945084800591749,0.27942390177055654,-0.06552203675849297,49,0.0,0.02853314067651215,3.8471822588080826,-1.46285690332855,1327.2910764549747,2044.421732039067,1319.2790317954004,0.0,0.0,157.61363473241664,57.538710064449084,89.77515834219547,104.11298946903192,83.53323206521864,68.7163723024386,87.11395357765286,104.5121374581379,95.04089957716812,89.36884187715651,95.47025578367871,94.44824346685382,101.05417631784539,84.36668676337189,95.39745445685205,99.67914683158014,26.6894835062186
1012,172.551544436324,2046.6092261945696,0.5089703522601579,0.34004326714853284,0.5265303673733425,49,0.0,0.006602241276433306,1.115731850491045,-0.1188995773525629,172.551544436324,2046.6092261945696,548.874583272992,0.0,87.70929941362094,158.5099564292971,57.534943495591335,27.33827271665987,0.0,49.529185338305574,12.065180985517848,51.218536745618906,109.26838218168743,6.380458595431628,20.836257952672675,39.21490572595349,21.414526136671896,36.838513832648744,12.53211009155264,105.56763951087993,46.736675615097205,9.933937844294189
1013,400.43726551221755,2045.9955552832212,0.4030107934195388,0.5329651294363413,-0.2260163638794715,49,0.0,0.091238797770859,14.651092984497746,-2.9146750616280626,400.43726551221755,2045.9955552832212,7418.891474526305,0.0,0.0,158.33309261620545,57.53611388313916,508.23758513153933,508.9756836702935,475.6588623162554,531.7536924041116,525.1570885010702,495.62890038389355,547.6611785472198,520.4466844427986,489.73504431767196,514.4325522429766,513.9021541514901,518.6395429511268,559.10105176519,557.6113258646657,151.95012783600137
1014,2465.00502336611,2045.5638545088948,0.4573525221368906,0.09642068011350807,0.06832366265950597,49,0.0,0.025461826533334446,3.696297446912187,-1.419417280798501,2465.00502336611,2045.5638545088948,1536.2198604344758,0.0,0.0,156.73044335613534,57.537583787818036,90.43805433427977,97.28411724823707,106.97829730174288,111.81324797902688,87.87980288579243,130.16735099741655,112.13579374179085,111.16786140886666,117.09382473714913,118.46612873587424,96.11730622001703,115.46945805552647,113.86331594903703,103.33238604885287,24.012914790865825
1015,2806.562399042457,2045.6680834441306,0.4761636762821227,0.747030776399225,0.17673944789853138,49,0.0,0.010807801303239441,1.3527552901491113,-0.32804810245143967,2806.562399042457,2045.6680834441306,1001.9979492237368,0.0,0.0,156.46533834577585,57.53594308064141,79.68846899104389,92.66130195759253,64.89130493664092,62.87764778618407,70.0043560097038,71.8076841180208,68.72549628137003,62.18971889230713,55.814966493048985,65.11864476751781,77.49289090621056,66.89283111148193,84.66645865284268,66.93748878942304,12.228689530348575
1016,305.35905728692165,2046.9536621181562,0.41725045321845283,0.7991234905008108,0.07358925654870394,49,0.0,0.010009907978548852,1.3340850486129434,-0.31295879240320074,305.35905728692165,2046.9536621181562,1064.072597880393,0.0,1.9893257088553618,158.406893627027,57.535948113059405,73.68008816550201,72.11115293151099,84.09725277591312,74.08877699225702,88.92801219440109,78.55420896206004,66.00505709163411,64.96847377141235,65.64163570509342,79.20268977840816,59.828611250611615,74.39447201583063,71.66044052831496,90.77987624943971,20.13184946800373
1017,2263.4463900721603,2047.3020650560707,0.32539844669162465,-0.3330335455459312,-0.10507545911446602,49,0.0,0.011704204408311852,1.9307397459655802,-0.7143093425162905,2263.4463900721603,2047.3020650560707,1106.3552464106601,0.0,0.0,156.88688953818232,57.53904120668132,73.4314240134446,87.84428973024035,72.99176436728672,79.99675465378157,82.15136628365215,74.38234981973079,68.44318728342954,71.07456836386886,77.46700804777484,85.17001780309653,91.70805008873884,59.67550723622452,74.63399346185003,82.07069274171396,25.314272515826804
1018,392.911160138277,2047.96542454105,0.5163268903655676,0.4409737741024906,-0.26114960956521327,49,0.0,0.20202846061224872,29.62938372719104,-3.67930654629516,392.911160138277,2047.96542454105,8519.694678841757,0.0,0.0,158.33895479219575,57.53689139513731,557.254710493745,592.6543943550555,551.756700342171,598.3841118853607,575.5543585624881,545.9158307048825,610.8557992915255,615.2759938831905,569.8292957983583,612.7019128680072,595.7726074744472,631.2679263242999,660.2387996934131,632.760909972953,169.4713271918596
1019,1537.8394407259834,2047.917758713827,0.4793779753453315,0.7762659478728574,-0.31310109445330064,49,0.0,0.008667586172369235,1.1912334319241016,-0.18999218343604857,1537.8394407259834,2047.917758713827,873.4456767397292,0.0,0.0,157.45018764748485,57.54033515028232,57.81699132443224,66.60635100164832,52.02822517746729,62.978628988531035,61.88269415490743,58.06266963820751,62.245393150735396,61.23204898612215,66.46200301268458,59.210724113013086,60.360909136874774,57.69395839537158,52.63963718357929,67.41155490042632,26.81388757572806
1020,3028.443976404958,2050.837398719921,0.8373261947648274,0.16468879886041748,-0.21437217299633865,49,0.0,0.0440910964913454,3.2222165044998743,-1.2703867945458702,3028.443976404958,2050.837398719921,2815.4048284220494,0.0,1566.856779949522,156.29307747664026,57.536704917193916,192.42984554690503,170.5556435893588,226.46877502211504,198.4160866844253,197.6218345124273,209.9991772479569,203.21401372462276,187.5652697548208,187.45901830508805,176.7045564925415,208.1814376631872,201.29313802447248,182.80840475936094,214.20183807397842,58.48578902078881
1021,1495.066613895819,2051.898637914804,0.3021758991593832,0.5206119955376685,-0.373711823967219,49,0.0,0.006336149863913051,1.004862756030848,-0.005266874867229611,1495.066613895819,2051.898637914804,886.4791065126844,0.0,0.0,157.48339745255132,57.541976705663814,69.31410468015741,53.80562691009109,70.42563500661633,70.93683984830894,52.14811284903385,61.028329035912975,48.84114966036082,54.63097114363849,65.40496318236077,51.14720008773347,54.19582160002973,62.31082954951419,73.30739655071076,73.14313862370513,25.838987784510596
1022,2931.784135902325,2052.314381392401,0.5315593071186145,0.42163867878408035,-0.15036329632157558,49,0.0,1.8113299294587266,255.69280094130866,-6.019296251474934,2931.784135902325,2052.314381392401,57099.34418055722,0.0,0.0,156.3680769564424,57.53795532044288,3622.513434088204,4000.7980271918946,4047.4059007391247,3998.818481395778,4006.698018184445,4100.520757345917,4066.956615502286,3971.78462470456,3943.8742338084703,4182.754301696757,3925.8139198996378,4013.1771776969417,4026.4480301079357,4030.6675906637256,1161.1130675315435
1023,1310.7539903643928,2054.2317813042187,0.33888631848670686,0.002372832182920954,-0.4339051295019498,49,0.0,0.006923930509662506,1.0040136749588693,-0.004349070166753872,1310.7539903643928,2054.2317813042187,980.5062338268416,0.0,0.0,157.62649756318427,57.54277533769035,60.948353353296476,57.90868686369478,67.05412086345069,64.56924306918538,65.78829561944899,70.75545012556532,68.2394892379603,97.58868778211016,58.765306361651426,58.125605230818906,51.805438852680005,73.12924565776581,72.99112961668732,91.88061422695097,20.95656696557512
1024,2270.1316325363973,2058.9391055582005,0.225898009994716,0.4224751433829501,0.34651785843157673,49,0.0,0.0062336065554956886,1.0823337290475699,-0.08590298172414274,2270.1316325363973,2058.9391055582005,1024.3253573802747,0.0,0.0,156.88163097296544,57.54386850494039,60.81758063925645,75.86786537254449,67.48460336192119,78.77059147465916,83.0745410956045,61.364607314204896,62.69264389568162,77.61547013713178,73.24901440848808,85.91603727311696,80.49895779478976,75.11403526362525,66.15835323431233,59.79864496531067,15.902411149627543
1025,2031.0799075275313,2061.099423059489,0.521392461901334,0.7421103380053137,0.12924614153688396,49,0.0,0.018166779318448175,2.343686954116809,-0.9247490064422108,2031.0799075275313,2061.099423059489,1170.753201672084,0.0,0.0,157.06722031203847,57.54539512884663,95.20896576183719,99.36715987234122,85.55979180683298,71.67309714155674,84.62143580405508,73.08986857104172,86.46980870735298,73.72423216796432,74.81795156938256,77.81491086772725,73.71662260107067,89.76911528987999,89.2171965020687,69.8098906774203,25.893154331552303
1026,2047.9210260369834,2063.381135408262,0.5824608507868932,0.2584577541091105,-0.43549863434314984,49,0.0,0.021368176537091808,2.3749285894252488,-0.9391263889181923,2047.9210260369834,2063.381135408262,1329.9957749529165,0.0,0.0,157.05413537873326,57.54631058898295,87.6242436820371,101.3799110052611,100.57708704789562,95.34555371940986,96.74576744040317,65.81406945013215,78.38329250938645,91.6258983517007,97.49854296333787,107.15088573082892,96.7817963645245,101.38805171190751,91.47980323206367,93.44307665348326,24.75779509054469
1027,1196.51177812651,2064.58971016891,0.4949601774395711,0.6483046776500658,-0.006458731000086318,49,0.0,0.01882987149912761,2.512675862776025,-1.0003411696637434,1196.51177812651,2064.58971016891,1223.869238434911,0.0,0.0,157.7152295122212,57.546902245400744,70.65063812667015,83.49635753678572,90.4743629070671,99.083154147848,89.29472637407837,98.09297199361616,67.23024222071474,77.15186210979925,76.7101782097997,87.80129135709372,97.57277919821725,73.92129816790192,94.66963349828976,89.206054024937,28.513688562092213
1028,1648.296172865208,2068.9038141333813,0.7690118899202911,0.290235017734187,-0.30437195898477654,49,0.0,0.016556720304416774,1.7430516648191121,-0.6032756499512786,1648.296172865208,2068.9038141333813,991.166358551755,0.0,0.0,157.36442712138475,57.549083151863776,64.29263289097578,78.86727757939238,71.0018447734266,67.81248503741647,60.846036190955935,51.34862426698502,87.361162482901,63.2071066216772,58.71358567502844,79.6431952863978,62.094855894083985,75.31939025827589,77.57006611210167,69.25036780596119,23.837727676175682
1029,213.87577101934332,2071.7583811901786,0.49260128231485445,-0.233280883359791,-0.6845587624160501,49,0.0,0.007994004713756622,1.1748120443494585,-0.1749209758145437,213.87577101934332,2071.7583811901786,1455.6129141507968,0.0,733.3815641384676,158.4781958846372,57.545697293489084,83.0440169724412,74.98037041408622,115.27564335594644,102.19603298304591,83.58897795081347,66.3792518220707,124.8668765181232,170.74744372293566,103.67567413977872,111.89475786807702,146.87224177757753,82.23703186519506,100.83830064030423,65.29137959516721,23.724914525234155
1030,2582.8792549135196,2072.410722600539,0.9161404182439594,0.14810635210918055,0.056559836681939715,49,0.0,0.01395621072019827,1.2752231734608555,-0.2639654903973699,2582.8792549135196,2072.410722600539,909.637875932199,0.0,0.0,156.63871640245293,57.54825043285768,66.35810019517152,76.06298380476193,62.02695333417517,56.465611276578734,53.331853262862374,71.42586268632553,51.24012467072181,60.71602683273868,62.70564074828722,61.675722715996464,46.052522541376504,68.30591953690995,69.51178341963471,78.75811633727989,25.000654569378476
1031,1167.2587153610166,2073.916926548464,0.5338413491915244,-0.5657035749127262,0.17697186337198725,49,0.0,0.009632305565794001,1.1704040917511391,-0.1708395785506437,1167.2587153610166,2073.916926548464,877.6389267673293,0.0,0.0,157.73797914652832,57.550730125233876,50.20869564016022,60.0297776441536,65.04257171705387,55.7630785561651,74.29508423486354,53.615503808578545,65.38248895530788,63.23787110192657,59.02948021408807,68.9020673016262,63.596403052121744,67.02317568020858,59.7676292057225,59.1247267517384,12.620372903614513
1032,2995.3121814114547,2074.499608384368,0.8335481197319358,0.6632189049688751,-0.33122663482659914,49,0.0,0.01928951036775102,1.8847939794982742,-0.6881597146610173,2995.3121814114547,2074.499608384368,1104.1059784402091,0.0,219.40794701031695,156.31849804742436,57.54678500496867,74.20544727309962,88.49947305996753,73.9539263267188,81.43687532547577,67.42676875870745,82.67647929603021,75.7311153899746,68.6040935643495,73.94576069336154,82.96203486480795,70.15266384458286,71.27614178801203,85.82892019856513,82.12864517036854,25.27763288618738
1033,2442.558811664845,2074.6386489897036,0.4539370282623467,0.4285256744372386,0.087208895656702,49,0.0,0.011647743996549175,1.7053927450338786,-0.5795610277627227,2442.558811664845,2074.6386489897036,955.1632229578742,0.0,0.0,156.7476495037577,57.54978858837128,51.00349267305185,56.06363833501044,59.32215870418101,61.87922429155748,66.61355617783481,62.52531498500764,79.76910495605162,67.37500881422099,59.4911914031172,80.44375058324478,65.85432639831392,81.70283062644263,78.61557033440835,64.97345343080983,19.53060124462156
1034,523.490633016944,2077.4275023846035,0.6620941318252863,0.09831802731535094,-0.14423645019973116,49,0.0,0.08846542123298158,11.434196398512514,-2.6455141189123794,523.490633016944,2077.4275023846035,2563.9904565173474,0.0,0.0,158.23788644089598,57.54987623172071,161.03146132459142,172.55667077867253,201.863899430125,163.84963730295158,175.5627047641496,181.9309707063821,167.26112717002863,174.0682198328792,158.15294581697583,209.21888297379166,186.7213004370338,180.4269632319706,184.52501943090556,189.53500925063443,57.28564406625564
1035,1298.408861443057,2077.90974859029,0.49708954207577133,0.32362799522752667,-0.7046598513253787,49,0.0,0.011496831070670462,1.3981433493733582,-0.36387925300596863,1298.408861443057,2077.90974859029,984.1208887748119,0.0,0.0,157.6361454611861,57.55262355804188,64.7585996106627,57.13243030429577,60.6835228809613,76.00046798124148,63.3319937730176,59.99694313064197,68.53160903565123,72.46359220908434,79.8275778682499,75.91869257976049,57.56057307296973,76.46600888377702,72.02420100827258,87.23643494684369,12.188241489382172
1036,893.3051607111964,2080.0682647689696,0.5991223229056787,0.18746553426760404,-0.10579543301435008,49,0.0,0.6458405887446188,95.42426238355614,-4.949147028993516,893.3051607111964,2080.0682647689696,13618.114592086577,0.0,0.0,157.95074815557322,57.55254861971911,859.4496037334131,942.5539818285931,953.8458698610992,936.2946779202916,950.1436927133668,1028.0868307003643,976.7378105073515,952.1771960219156,970.7345109695168,975.8944389679747,919.7552937053254,962.4973085459696,981.8194388505665,940.2915287259259,267.83240903490275
1037,2233.4007899887424,2080.0676318368915,0.5903670740025974,0.1734647128556013,0.08629293725357798,49,0.0,0.014810993703158097,1.887544565312784,-0.6897430355092806,2233.4007899887424,2080.0676318368915,1049.9105228074632,0.0,0.0,156.91002936085576,57.5527855988373,63.742958694299475,77.73993805640099,66.70223414917346,85.38052266994961,81.56882695407648,88.10268634322597,83.88843786129853,67.12402632034356,68.81659916666632,69.77217761009517,59.362321053037505,74.73828323919304,80.44787463890657,61.996404335938664,20.52723171485797
1038,1890.6669610096988,2080.8766713638393,0.5787129231328797,0.33971737145052955,-0.004206183570054447,49,0.0,0.015983143265546316,1.8993055082689696,-0.6964870694041679,1890.6669610096988,2080.8766713638393,1060.0489610219993,0.0,0.0,157.17619099635579,57.55387658003687,88.46041850246985,73.82961129552221,77.77173735339886,85.41963051261507,60.83371918029316,62.22840182667218,75.14256974908791,68.81236799818558,63.43436612857138,65.64122616313065,68.1296095971858,80.63168327848351,93.410294597073,73.45983799989992,22.84348683941017
1039,2106.3341613289317,2080.465558477901,0.5351771410725955,0.44861644974766246,-0.12746148124506904,49,0.0,0.018063957957751165,1.9605063723865737,-0.7309206456492578,2106.3341613289317,2080.465558477901,1247.0673012099683,0.0,0.0,157.00870440697665,57.55329619398931,68.91761895848376,85.96720746944473,109.5710251512313,86.7805272599716,84.53998302065565,83.78530908356225,91.70035301434442,69.8752104191793,90.53858380899885,94.07053916330227,89.02140870400439,92.03870368043056,87.38169690219556,90.44178403615268,22.437350538010765
1040,3087.276844338502,2080.833615212582,0.48086278079199407,0.2846614375836405,-0.8662227673065784,49,0.0,0.594036456913227,75.1108582205754,-4.68925681069978,3087.276844338502,2080.833615212582,31494.80836178936,0.0,26415.531825968523,156.24702461070547,57.54879233847046,2017.2647172632335,2181.2121521233275,2080.2995537536517,2146.7363655989457,2261.5435014428185,2209.618880226712,2171.1869251149046,2231.2055440867543,2225.177278877385,2227.86720522446,2075.4620982521724,2273.8250007277247,2364.3875734827375,2301.4826810502955,727.5388845642449
1041,186.3132864790792,2084.123120487862,0.38534228639476287,0.08441574699283137,-0.7024362675053922,49,0.0,0.009881464987164471,2.1724226395846293,-0.842360800201406,186.3132864790792,2084.123120487862,703.1216431838928,0.0,181.97323966272216,158.49974670491412,57.55066437515203,85.72125026935466,41.03510388690515,15.96060399728426,156.2232540192448,40.11653116633899,58.05215483419917,43.72409797797867,27.15518478101322,54.53352296970884,40.93294462631139,27.995197859167234,38.36987418603797,25.196403027147277,28.48066002122153,19.624859561979676
1042,215.77275765393307,2085.413978376203,0.6721312674590235,-0.22307852483897084,0.7044669147377546,49,0.0,0.009593083148007792,1.190287821577972,-0.18912997534881698,215.77275765393307,2085.413978376203,1101.7816411795372,0.0,482.31421129145735,158.47689084508715,57.5513985811113,86.42621011930173,104.27761986748186,72.19301735843823,92.54624604201763,44.09688334612991,58.03922125417213,72.4809437511255,97.66211176052178,113.41068437629472,35.95354934704922,119.88632941108648,63.262317683234,71.1975618437698,45.49579657985477,24.85314843905965
1043,1009.1452533879984,2084.9007398677977,0.7908905351305363,0.02364817002885727,-0.06784774187059929,49,0.0,0.053360636331946446,6.317775973156915,-2.001410554656153,1009.1452533879984,2084.9007398677977,1471.4439356286077,0.0,0.0,157.86081651289047,57.55492050660961,81.21806175855455,118.61041900161317,97.66263720109723,109.30977130951155,88.28501184147117,123.09372568584247,109.56594222265858,96.89638381322675,95.78750781139074,94.64124452197123,87.72243661019108,113.59119530915464,112.28314184500324,116.39493400943817,26.38152268748313
1044,1448.1590124309707,2087.273163129869,0.2715802616630001,0.1622110048706722,0.17846796471167561,49,0.0,0.0070640972710980425,1.1323400379126087,-0.13494215903317575,1448.1590124309707,2087.273163129869,900.8667170048988,0.0,0.0,157.51986285961334,57.556687086586884,67.88826933523225,64.65736658284919,53.511156481244825,70.09438405189701,65.20540848701364,60.58760975081311,69.56948311422116,44.39592943014906,55.35448316398943,63.949102155937084,56.175851827855666,70.06293828043573,64.66523586905629,75.05294428961312,19.696554184591157
1045,1873.9912699680915,2087.416040013918,0.511186541856992,0.5215107329408122,0.013339744105004943,49,0.0,0.016727730772091796,2.423560813525114,-0.9611348044702573,1873.9912699680915,2087.416040013918,1089.4586138963887,0.0,0.0,157.18912578068438,57.55662366377254,50.24489969122923,80.34025929055176,81.38240180847544,77.9650318734231,75.33297733403515,71.63596211271158,82.588535231929,68.5152840780716,69.53702662903828,67.04218574266329,62.055053323530004,102.02555564313147,84.5182716416752,81.14154214796524,35.133627347958374
1046,321.9546022948233,2088.1921792120693,0.5474315459659166,0.6270112549653184,-0.15342111584515947,49,0.0,0.023839413808666478,2.928117946738126,-1.166471416097247,321.9546022948233,2088.1921792120693,1981.8072354685069,0.0,0.0,158.39448101913518,57.55322976463207,128.02965241358393,160.96435422138563,166.98689803508012,158.52126986022904,132.94018088571588,162.47196525612912,132.04978241468626,131.28893361376657,126.43422214131486,140.48721158174985,123.88613486880506,149.44623111189128,126.64489198790102,116.1980806716662,25.45742640460216
1047,1208.0838376719921,2087.4354513139256,0.6382915301095589,0.10850114839464117,0.043621484238953234,49,0.0,0.018033054687874236,2.283910936945053,-0.8966979105506963,1208.0838376719921,2087.4354513139256,988.6260432725833,0.0,0.0,157.70632370032027,57.55644301239884,55.74057295882017,74.69381970585998,72.73543460094214,82.73540634267417,72.6554297322289,58.084919231441674,57.19985444418714,70.48403252597925,72.47173412438585,62.7392988025061,71.57845004052791,69.73449873390717,66.34562761096245,79.5750563019089,21.851908116251465
1048,2509.1864681081506,2087.9464779601085,0.6329190550070366,0.3162885436755129,-0.18545120469236487,49,0.0,0.009976104017718299,1.108468879102706,-0.11180876138969896,2509.1864681081506,2087.9464779601085,1003.7095305697014,0.0,0.0,156.69580832275904,57.555055107986796,82.24340243953564,67.97644491878921,82.02081614203352,57.12914496917545,61.67183441379615,65.53167802700918,59.52383290875579,77.5965817601307,72.40798411762337,58.61295304227521,64.58557839804075,85.9042586697918,81.16473748890917,68.07349560766309,19.266787666172306
1049,2869.6080759297574,2094.6613738338156,0.5744181039953195,0.9819920504094289,-0.15038771937073844,49,0.0,0.01247097615422321,1.4362284153908234,-0.39305878718759185,2869.6080759297574,2094.6613738338156,962.4918622280685,0.0,0.0,156.41585782440885,57.55598212001109,70.89317189543334,85.7611034046339,58.0257741190684,69.44814096386312,74.7215155837832,64.46993280472952,62.97774869771598,57.37468828435095,62.58929834269165,59.036047119936725,62.926193307232396,61.07195726309726,73.7753490824914,74.29956407339192,25.12137728564872
1050,1071.7388877158257,2098.18557333143,0.5813309840965329,0.20535599268089863,-0.05826186160826777,49,0.0,0.026189349454311367,3.606939347307188,-1.392847098690786,1071.7388877158257,2098.18557333143,1173.1881717637723,0.0,0.0,157.81226732279453,57.560622726962066,81.65271245750199,94.91826506603658,90.41782141945768,80.80348906580728,71.17655700166112,88.92482363006849,86.47688246075026,88.61340342552873,76.19212131590027,72.46400892064763,72.37350087939627,71.97289195409981,88.51189409205094,81.68735627715293,27.002443797712168
1051,818.5603611559004,2099.0566374975824,0.34425274606126527,0.4922851053934105,0.12709128458999594,49,0.0,0.010352619331325936,1.6784625305126546,-0.5622791265855965,818.5603611559004,2099.0566374975824,918.7042443204443,0.0,0.0,158.0089223113338,57.560194675365636,70.424908903379,65.57107577063397,54.50889703814055,81.97549877151464,64.79257888619851,63.55375870404068,58.82759856106282,65.1153785763398,45.05152120342743,52.42022592432917,64.04553159115898,56.9711381987509,89.6386645457985,60.887700302785056,24.919767342884246
1052,2919.6096111952747,2098.9226916981843,0.5561249030298412,0.35873604850840723,-0.33322578410207615,49,0.0,0.03893083170659132,5.294335409925525,-1.8095286288061985,2919.6096111952747,2098.9226916981843,1765.773363036325,0.0,0.0,156.37698119048298,57.55744896484522,107.06579855796858,122.53185064439614,118.03010809588416,133.2790644575304,107.3429345403616,118.57865208043438,138.55760412557447,128.1978034924407,120.01418589735356,120.99563843264757,121.61409283883698,143.74632262460307,142.49404642196183,108.16773188683013,35.15752893950163
1053,177.9307114446223,2100.200554179511,0.7419064845295937,0.3140992890991483,0.4032098205940984,49,0.0,0.03534019548037237,4.875512748842106,-1.7200507410005852,177.9307114446223,2100.200554179511,2027.5255110991254,0.0,241.98937402800615,158.50645739843773,57.55730532461525,89.02466236460764,0.0,7.459781705154645,36.607022992500305,87.27163580492987,123.24576870208864,161.74205400075138,123.72028880257935,132.46477490921154,294.70904380628934,220.98650217384153,329.431973598871,130.19048596539858,207.8015821333656,82.86993413953608
1054,629.199381755585,2100.3909451607556,0.7336831786213015,0.34259124050091444,-0.10445011790213028,49,0.0,0.04879780270261471,5.975493839068421,-1.940934507405969,629.199381755585,2100.3909451607556,1456.9690729923434,0.0,0.0,158.15600671792552,57.55995927151573,91.32132388154034,98.43755168559207,80.99779292083005,108.65033664959383,87.89098167804566,91.98473794723083,102.54938646831474,114.20684829907624,98.56257352689653,122.33099595544509,101.21105932375589,112.98080947356772,104.15167058780604,116.26669460221284,25.426309992435456
1055,1452.811725493088,2105.354645963448,0.9117608287862459,0.030322393867193514,0.2605734353729485,49,0.0,0.01713036483215878,1.531508465935307,-0.4627985046501873,1452.811725493088,2105.354645963448,1375.6884653837596,0.0,0.0,157.51627285702406,57.56422425173839,101.87967132461081,92.75503338529941,96.33713115268529,95.99917255352467,95.20507740919611,88.89849192493415,109.44668474270468,97.91706412913771,77.31398588045667,92.97154811501326,81.51815955399135,110.22192963480877,106.20229223020158,108.63850134691458,20.38372200028055
1056,1516.5644979879596,2104.896904544738,0.6979489156985365,0.3946647188674098,-0.06601198732930535,49,0.0,0.03043189603179335,3.244058601322634,-1.2777217269806427,1516.5644979879596,2104.896904544738,1406.6726786581503,0.0,0.0,157.46674654597066,57.56406873257168,96.50012900522218,98.01582557144133,107.23572341812059,90.24511695257935,97.6536408201782,110.46780212612683,114.2516788344104,80.55610527582475,110.29133192729088,104.86764404859356,102.23750151804413,93.91285426172045,87.071420949584,84.8377672915467,28.528136657466927
1057,564.3309929812863,2106.2041659557754,0.4616491876362996,0.17348172786292537,-0.24604645141535866,49,0.0,0.009611879955030475,1.2879310129141064,-0.27473150244860656,564.3309929812863,2106.2041659557754,946.2557024540517,43.95109524720178,0.0,158.20644069550687,57.56207079780955,69.57010297088928,82.2249968182388,59.80856575683787,52.18238895023782,66.10981114856438,58.0670747722716,52.202201441537326,65.31747983426824,78.91895942340221,66.5279069731883,59.16563989591363,61.878504688316795,78.60017304586022,68.45398002895281,27.227916705572543
1058,1205.2662443278298,2105.3453090489566,0.5135533957839171,-0.2565481487223888,0.0604500524890503,49,0.0,0.03770863160850079,4.8638643638978865,-1.7174536387126689,1205.2662443278298,2105.3453090489566,1939.6469774439697,0.0,0.0,157.7085747912788,57.56389996015804,116.77374463373789,124.47040762169627,130.38410146331955,137.61582145734747,114.00761640178953,130.21552499517068,141.67245197837207,143.46146971112773,133.36953625029577,142.57778244815435,148.51686632450733,123.26088112374279,160.98345723722792,153.1386092516311,39.198706545849205
1059,2011.0753293534908,2108.070688888682,0.4195348380337204,-0.2753014931429273,-0.11194219737717996,49,0.0,0.007975310454799735,1.129169519128933,-0.13189786565325182,2011.0753293534908,2108.070688888682,1001.4418147183153,0.0,0.0,157.0825814867812,57.56500603087219,70.65380405303704,61.46390301404139,72.82829002026028,66.21698951889016,65.88742638817689,68.75515941023951,83.5747573132126,67.03790141541818,66.24974680599517,84.36189933963566,60.592729444983995,73.87468318030278,67.33086152687511,79.7125522366789,12.901111050567765
1060,2790.5995361950177,2108.860457004948,0.5802333173248442,0.4079957682482804,-0.18233411491582188,49,0.0,0.389726993443642,56.55889931415155,-4.381252372797707,2790.5995361950177,2108.860457004948,9597.923352078984,0.0,0.0,156.47706093948938,57.56236058646604,609.322603980082,663.2472941947592,690.8518467952263,715.0962112198852,659.2169518893063,689.3995371118751,667.5698641349546,664.2700791010408,600.8875288848114,677.3946977562119,678.1957403964614,689.9926112532596,737.0906714766396,665.0592185431228,190.32849534134755
1061,2997.4679714571994,2109.0772035397836,0.5413278865599552,0.4810336819565529,-0.1865925513224639,49,0.0,0.14316003871932872,19.376014326760117,-3.218161117298661,2997.4679714571994,2109.0772035397836,5162.587146813636,0.0,1683.9022058759342,156.3163964042364,57.56117524084769,298.62865671498105,344.093268670307,377.9780255710392,409.08772555377544,381.23272138549726,369.3342379487291,368.7290556400054,349.93811294706546,351.23210958129323,384.53142492274367,320.1139916652062,347.7049851473112,387.5262069010803,368.15338733226037,104.30323683234063
1062,1452.1046485071033,2110.9031544096024,0.4744565242493959,-0.27005792003486384,-0.30507087979789926,49,0.0,0.01626423278710925,2.098991971117729,-0.8050269433998614,1452.1046485071033,2110.9031544096024,1393.097878636011,0.0,0.0,157.51682944767654,57.56653559498841,108.11967115492155,94.63446006757007,99.04523162470659,107.78802935132387,83.51971867900937,93.72270533206657,107.49923256755102,91.5849622862402,80.00275453419744,99.21483859208469,84.89018440189348,107.24033171456797,97.94531211075801,114.52786364426775,23.36258257485226
1063,448.0519072409868,2111.928723545227,0.3651418849186641,0.16981193689957927,-0.2959673737156486,49,0.0,0.014269953100713852,1.916284590014895,-0.706150017982259,448.0519072409868,2111.928723545227,1228.3507935725738,0.0,0.0,158.29681113142777,57.56384909784752,87.36522514428597,95.79610881022526,87.62618667826817,87.25944813900462,82.92486644899513,80.69095746653858,90.94890253447349,94.82679972372995,82.49283544235507,95.87870207232473,72.07307564142309,63.50392339202536,89.03000467472198,94.18847026513939,23.745287139062853
1064,2608.1322815914164,2113.1132045438003,0.5212544888466732,-0.00138592311077574,-0.05766321546155496,49,0.0,0.08192379519894441,9.745934678574438,-2.4720587405688272,2608.1322815914164,2113.1132045438003,4637.001368485267,0.0,0.0,156.6187460590397,57.56508828088593,311.8409796824834,327.6299018885611,307.4448257485535,328.1497003785569,312.6250820983605,326.655715505279,305.94417582769523,325.059651945744,288.4189016876196,351.4897790492629,339.7627210927927,337.78469122124466,355.5814857127451,332.72535356322817,85.88840308314079
1065,905.3929333723387,2114.1381192969216,0.6398673420202073,0.438786959106281,0.10079376469956568,49,0.0,0.022498769548003346,2.933725032693126,-1.1685485164571905,905.3929333723387,2114.1381192969216,1017.5240671437732,0.0,0.0,157.94157135045396,57.56678397035543,61.27343551640831,66.23436983365886,58.26723372313375,67.6281997923883,74.8928756380955,61.244609458666716,65.69645047215248,87.41009252157852,56.45548873765608,74.80678615467943,77.7374631033131,93.35445062761738,76.14903781096365,70.76682475252842,25.606749000932624
1066,2167.806463817746,2114.678691230825,0.357037325873759,0.1121928671013848,0.24243825793705825,49,0.0,0.007095681831944669,1.0717280647935097,-0.07521150877105419,2167.806463817746,2114.678691230825,837.3357384216555,0.0,0.0,156.9607938807998,57.567393859482856,58.02449333362549,73.28409860877252,62.77663546742218,39.82079949439452,60.43865365109359,68.88800604137802,62.61252785087109,54.93035568313575,49.37283567292037,76.38564487560542,51.41108196758432,47.93288560666238,65.73991986900609,52.98925180170008,12.728548497483706
1067,1106.19260473599,2115.0687440394727,0.5247717855561255,0.24975174716003437,-0.04099719300852224,49,0.0,0.019739225132292804,2.8987865985855894,-1.155540612147389,1106.19260473599,2115.0687440394727,1096.2876755223783,0.0,0.0,157.78557957754379,57.567741148501355,59.122782528186576,73.92260423220472,94.49679401535334,76.82680007226801,66.33594219256251,58.89807055921284,74.35051865636382,85.8562215444066,65.74278751978115,75.64012871857689,86.69004076131415,67.11031518895517,86.93712950732206,89.93686804420774,34.42067198166289
1068,2075.7892256931773,2114.96752726486,0.3467622812097097,0.016898806069006546,-0.05706762113834317,49,0.0,0.009494104729320664,1.2330978163975097,-0.2274938217340784,2075.7892256931773,2114.96752726486,1040.4577072304187,0.0,0.0,157.03227992846118,57.567742942614615,76.28673723022143,61.26815092075218,70.30336308123297,84.24467436372885,65.63556465901615,75.74365491126122,71.01639245219755,82.32578195389681,80.18641786884126,82.7820829569228,56.86969432823386,65.75976496330387,72.81955379241089,73.53211565065433,21.68375809774433
1069,2208.052351447024,2115.299427626529,0.5400813868983274,0.07891349739255774,-0.005243180144765406,49,0.0,0.010139088507388818,1.2365237428040636,-0.23050614943797992,2208.052351447024,2115.299427626529,888.3647587147734,0.0,0.0,156.92952432909624,57.56753975255597,60.32252709495324,56.45305622359499,66.5946796117824,59.60651882355279,63.503722163202625,63.313285104462835,62.537165531884305,68.75399042100642,59.57006944908454,51.276237124291264,60.112547538672644,58.13860549045149,62.358066806175145,65.8196262291296,30.00466110252901
1070,2010.8711145499667,2116.9808496638407,0.8357909912862688,0.28102081840574805,0.15736874808897544,49,0.0,0.01745078356695851,1.6216158546806647,-0.5248699546025268,2010.8711145499667,2116.9808496638407,1274.1471380211974,0.0,0.0,157.08270769711456,57.56871888879082,87.83423446109774,80.05735198397839,96.62603381068666,86.20781894273156,68.45297237327296,94.6733207294472,93.08412392019402,98.15746393461234,88.94109142071605,88.0044587817739,69.55099153548514,107.89172181003178,83.16659577257558,104.49091807726985,27.00804046732418
1071,184.0937293115214,2118.5469726639,0.544281198632722,0.22640738713384628,0.283745355300427,49,0.0,0.011979166494416327,2.0523501185827855,-0.7806286269644329,184.0937293115214,2118.5469726639,2373.3912438205507,0.0,500.5679008194583,158.501902138898,57.564989852842515,26.106434620037053,77.98086518601573,53.301221233464844,62.69972589036091,2.11743045548645,142.24633284143619,195.89580275996425,154.2353015605999,266.81826706694477,280.510220863656,182.83758308218995,366.5927334284484,201.38466946805983,220.78557914575512,139.87907621813125
1072,754.0150497361614,2119.7261343608493,0.41744967138258526,-0.2927034486855362,-0.09965157176978741,49,0.0,0.028869700362286928,4.751054210753521,-1.691974964648727,754.0150497361614,2119.7261343608493,1623.9881076468498,0.0,0.0,158.05920953832802,57.56855575563551,103.44378437430498,108.58454121354214,125.6453170122601,105.32132342572227,106.43795811465557,114.19164378315585,117.97344971012427,107.88186279472151,107.88437190001508,114.73420242489962,122.49946853265318,137.16875488239918,100.96340451352683,123.68796041575317,27.57006454911614
1073,951.3077033178203,2119.8968758640776,0.5802848518385819,0.11757429747657978,-0.033334289895024835,49,0.0,0.024852651472554076,3.4418312182960316,-1.3419739235785564,951.3077033178203,2119.8968758640776,1180.913847462451,0.0,0.0,157.90593518851057,57.56933048529775,98.14657864555544,81.36477227974966,86.59689280670314,95.03968516662769,69.1022825778179,92.87975147690776,77.3283604777713,74.05487945746823,77.10073473595043,76.39239107052543,77.55899071753242,81.95575302206612,74.63255146418533,95.40355973080463,23.35666383278585
1074,1485.6859408764094,2122.8155861399255,0.6013127124876023,0.06507569702521701,-0.09661595138749049,49,0.0,0.016254738607882197,2.1995231855757535,-0.8558213607862255,1485.6859408764094,2122.8155861399255,1177.5724401284756,0.0,0.0,157.4907525143619,57.57152010606493,75.59361050955343,81.62146204985666,79.04648129369878,81.49590182712728,88.74761955559765,64.0012697058318,84.02251864671635,70.7986295545407,85.29287525675022,75.10948876645321,79.26122433964548,97.29358960893506,89.21810890122165,99.81972613068424,26.249933981863105
1075,1669.0661976080175,2122.8048734347085,0.7126681302833872,0.009386251252633926,-0.06219339539085007,49,0.0,0.04065058420754152,4.8581226173929215,-1.7161711801379365,1669.0661976080175,2122.8048734347085,1707.339838406915,0.0,0.0,157.34826595916508,57.57153586675738,109.65387024654115,117.59552830971384,125.2229609253912,118.16488338026465,118.887802055316,119.34380556957933,135.47551559244528,121.57954510583102,103.98273821119645,119.07665834979602,116.60250566410063,117.14746976365285,130.13723180898444,131.02536790617802,23.443955517924255
1076,2492.9996489752116,2123.33926650726,0.48842721821011253,0.2441861023841257,-0.09209418760824502,49,0.0,0.09782006814514602,16.68824711279656,-3.056026804966652,2492.9996489752116,2123.33926650726,2823.5915009574555,0.0,0.0,156.70809850688602,57.56987030742546,184.257495411521,214.62027077175472,182.29185153483297,211.62869754645328,226.7339820058459,160.73188914640804,210.8433464826192,184.12552765828138,187.4425021327749,200.87793762847275,198.13966390352516,179.02887145595992,198.30011736898243,212.85831948249321,71.71102842753047
1077,802.0980627336792,2124.813228156279,0.9946847624924328,0.01021688021305853,-0.10003705969286697,49,0.0,0.02358969578054919,2.08957250722472,-0.8001436139099902,802.0980627336792,2124.813228156279,1083.8171723991172,0.0,0.0,158.02189098432987,57.57086380236119,61.22805235831557,79.05297975374086,79.02339746561,59.88705852635724,85.28768534607403,86.25901773565332,80.30953287534223,81.31944717902743,69.70452518253792,64.30259709023917,60.7954181111738,79.42301787518056,82.1701049499871,91.70457184261465,23.349766107263164
1078,1350.1742278216104,2126.4571593789497,0.6485970030053378,0.26329571686815934,-0.08236182485635303,49,0.0,0.031280410551457506,4.005769465092815,-1.5067148792941611,1350.1742278216104,2126.4571593789497,1328.2145940405658,0.0,0.0,157.59605266867143,57.57291940279449,76.94811448289423,81.07462664077471,79.1335653429411,94.44955155409308,83.79335842776356,104.81994850782776,99.43649331886306,100.04970623645625,107.91969861086724,97.99650329760951,90.46519474560036,73.16872114861451,93.13146644296282,117.70682875387354,28.120816529423912
1079,1489.0831360820591,2129.685758907679,0.3933567523489446,0.4240771877271639,0.5385442465693394,49,0.0,0.009324675707613526,1.2227494042186908,-0.21834364971142695,1489.0831360820591,2129.685758907679,1151.2761058140768,0.0,0.0,157.48811968832803,57.57438446568806,77.06804940879735,76.30586055751411,75.75431489884093,88.67355201228006,78.66655227206472,70.19705426149075,73.58268636668856,84.36590569840551,82.15707454478888,75.14805088361754,70.52070614471836,103.9188608623321,87.41550204233079,86.11289780345761,21.389038056749726
1080,1071.6563321338997,2132.040184133887,0.5814199570327107,0.25926978232076214,-0.049333314173561044,49,0.0,3.065002498075833,450.0228819902774,-6.6330864914909435,1071.6563321338997,2132.040184133887,68880.08114779992,0.0,0.0,157.81249026123706,57.57472804759285,4276.374080267893,4807.707936341987,4738.5188260063915,4791.9980608073765,4824.136322018483,4779.89050593038,4861.949719611982,4787.569537578518,4879.95307160276,4940.792032754604,4792.625372418384,4836.6458569723945,5096.732111910803,5054.269206377829,1410.9185072001483
1081,2968.2450245067052,2131.8980165280555,0.5041020085405132,-0.05165374353253521,0.07543117099961509,49,0.0,0.012468057034257815,1.5969171474747592,-0.5082059607783593,2968.2450245067052,2131.8980165280555,1080.371089987092,0.0,45.6775797811037,156.33881430380717,57.57087471674716,80.41974895243672,97.04757167254171,63.272560269864755,74.7930952286187,77.55752837607561,78.47150477106814,66.94433271944854,70.05794141059788,59.95590945078513,67.61238700981183,68.75173128444206,70.73826115164965,90.84520167313767,83.4211926811413,30.48212333547243
1082,708.1173679645449,2133.367651912516,0.6147479111818634,0.19646347246119683,-0.047798311441125625,49,0.0,0.421029075067959,60.35918559245034,-4.451858428359818,708.1173679645449,2133.367651912516,9201.822785901446,0.0,0.0,158.09497387025857,57.574048932869836,603.8066159612141,623.5500205023397,581.5179964046754,645.5822785996788,647.9271465645375,624.7225001142967,646.7626115075959,671.3928949117708,624.8910009963715,715.7507779258628,630.4762080416965,669.5534251250924,651.1966780844126,674.220848844905,190.4717823169982
1083,1138.0031834246988,2134.171775237936,0.6822768449461541,0.36513176715050355,0.17648641200886775,49,0.0,0.022345552491659138,2.707929912999031,-1.0815935492280437,1138.0031834246988,2134.171775237936,1073.6769494307523,0.0,0.0,157.7609443404958,57.57577304284908,69.12877257161767,78.21904968141678,73.73845149995068,70.68010157717418,80.49280309390899,78.5677166838772,72.65960111272301,62.62487759905035,74.13173898134653,98.45349005356255,67.94581058097786,86.09933839013256,70.60723792312126,68.9667293265914,21.361230355301227
1084,2268.874134673697,2135.3573619976587,0.34026390191905975,-0.13717037312159172,-0.05379654626558861,49,0.0,0.02200446793853473,4.107416001198601,-1.5339217266226168,2268.874134673697,2135.3573619976587,1435.3538616921207,0.0,0.0,156.8821543924448,57.575711734085246,96.32316658714235,108.45582077154953,96.01468333100846,113.46880438789813,94.24519996647068,89.94139688103809,86.07508726691813,94.14834951776932,111.60248432534816,92.98807671219224,119.54070946561747,94.47501530467571,110.89948833237244,104.64880904738436,22.526769794735642
1085,1463.0620802685582,2137.628075209261,0.3838687124865219,0.3594887557293302,0.7191242317385599,49,0.0,0.07171221161713548,6.121336757449127,-1.9671156807684276,1463.0620802685582,2137.628075209261,6845.845226205904,0.0,0.0,157.50834929134618,57.57767826514133,431.4318118916519,458.06794192517134,498.280053939067,461.6389696612973,501.26287213791505,475.241309346364,520.7996464408997,444.3422509260496,516.8544454246853,477.30851885257493,446.30485487199945,491.7325080716239,524.0628886216355,464.8415949189202,133.67555917604815
1086,2065.9339771366026,2138.5744498402096,0.2954791554464056,0.8358442237352696,0.2927082436557813,49,0.0,0.0070682655756120795,1.239419254515529,-0.2330455966974796,2065.9339771366026,2138.5744498402096,871.7618591500147,0.0,0.0,157.03983897874994,57.57760092595731,60.03672664717868,56.76988821418081,61.98983766246034,53.63481478846323,66.69700131140789,68.15055216340191,67.85551182130604,66.11415911827368,49.5354828100189,64.60277859294212,51.06733023252567,55.38360114360724,61.8405546112474,58.982383706733586,29.10123632626721
1087,708.7211643081286,2145.842913990461,0.539781100126088,-0.12814563332813345,-0.21964385230010258,49,0.0,0.008811570245074611,1.0828334208452075,-0.08640412870078605,708.7211643081286,2145.842913990461,1043.7872957868126,0.0,0.0,158.09460346271484,57.5792490690446,71.80334438517437,65.37831074149923,70.7690843575233,66.75408798571664,76.16996093903664,74.58848012742186,64.8136362633877,71.71293429035137,63.80306019548795,71.83271790168938,82.91146573053479,73.24816362753259,84.57652735452938,84.72305244820791,20.702469438719447
1088,2006.4945520985357,2146.394026755505,0.6581745677683144,0.2189347738989366,-0.44785738625246,49,0.0,0.028485673066395167,3.1902251496715546,-1.2595533360202475,2006.4945520985357,2146.394026755505,1623.9751210580578,0.0,0.0,157.0860019908129,57.58098253032719,96.6359811294146,130.14075487891625,131.491851156527,109.17272528490096,121.88424931592424,98.01952574238612,108.3466789280157,98.35468766493324,102.51926806331868,121.61301298593145,119.62743176208714,132.88738268400675,108.12976361379728,114.8724716706886,30.279336177209963
1089,1732.332319017503,2148.6211914850205,0.6440621822981097,0.47108086801243243,-0.1900371630063556,49,0.0,0.02700347873119687,2.348053051015518,-0.926769762425975,1732.332319017503,2148.6211914850205,2164.636218180333,0.0,0.0,157.29907801174846,57.5822622519536,158.01922496647182,120.86868990555186,136.2938166793885,178.6643177115898,144.98658472130765,157.55021178119085,171.52749257315753,159.106329494499,164.02646364673225,145.08964147351497,142.767549407506,160.7381970364192,139.7394794241896,140.75580250629727,44.50241685251658
1090,2626.9341980162394,2151.7643335932303,0.30226967734946986,0.42559199951695115,-0.011494689617802504,49,0.0,0.020065444712717727,3.463944517468373,-1.3489273180989112,2626.9341980162394,2151.7643335932303,1547.1920585038204,0.0,0.0,156.60378934304205,57.58109994962361,97.13346560002348,95.09666557944601,104.7387634950886,125.88610168209672,100.63033587719971,113.20105634745462,103.51416930882584,115.65047864517612,112.85232187862024,114.00017632242569,129.73648777083508,102.50889075138684,92.59996110514511,100.23999454826917,39.403189591827086
1091,1875.3661670128672,2153.058616994662,0.45710900703097446,0.6036653307367384,0.1373352248099865,49,0.0,0.008840240278007871,1.2081371350080763,-0.20529058405097558,1875.3661670128672,2153.058616994662,916.8487601680306,0.0,0.0,157.18789785779347,57.583972360074945,69.22460160612059,58.04298288449277,72.66692425601431,65.08374476341871,59.884987745715094,71.06314381952079,53.16486878180848,59.41575829496666,77.87764325092212,72.47002196467015,60.50505624135733,62.485647427781174,57.2678081257304,64.62656634613407,13.069004659377981
1092,233.70034782360116,2156.6436436433337,0.3957068743622956,0.40425338759600166,0.6493610614360453,49,0.0,0.009565234207582159,1.6904844312627232,-0.5700279385710556,233.70034782360116,2156.6436436433337,1168.6802454425983,0.0,488.3210376462959,158.4638353346737,57.58118963221792,77.38700474820027,72.18116007293824,81.54477746607546,59.6242915004257,129.7282320156767,51.88624957685008,41.6396645480517,67.0891242480807,51.75726708308598,175.07971749041224,158.472459394721,37.06927496946958,86.58900498077213,58.45246193184586,20.179555415992645
1093,1399.081127952285,2158.285349787388,0.41587467669183115,-0.5733348793843153,-0.14592281415243882,49,0.0,0.09459383979882566,11.430339590352432,-2.6451478332115923,1399.081127952285,2158.285349787388,5541.423607765681,0.0,0.0,157.55810763875425,57.58623358177532,351.9105446807198,374.9711049406011,363.088023571612,371.0816019200213,427.7263371723287,412.3586992555044,394.4261446109656,370.21922040064555,382.5433685102579,427.7081454588755,357.51438221292307,375.1473365717212,380.21017306250434,419.61640850736137,132.90211688963916
1094,845.487932793129,2158.9630152479554,0.41027121504849806,0.02489139932828823,-0.23652054424634683,49,0.0,0.013193229692125163,1.9218849838595828,-0.7093184838649397,845.487932793129,2158.9630152479554,1026.8275532526322,0.0,0.0,157.98840882048646,57.585252640081144,66.90875633846838,72.26126551859545,73.40344451776039,81.06263412385826,62.3502243652902,65.35937598387508,81.91687591829448,79.84718041046844,67.1289966993554,76.82504956490254,79.51964642918884,71.66006345970075,63.31423288506133,65.43674192580295,19.833065112009685
1095,2059.3501476053266,2159.185211605328,0.9250635198103636,0.6466289788217662,-0.035899737772741316,49,0.0,0.012746252169275224,1.1098941448532893,-0.11320390079927577,2059.3501476053266,2159.185211605328,877.7903395904232,0.0,0.0,157.04487138530874,57.58620295574816,65.2805344327355,52.45607338141045,57.184568912966455,62.79862833641646,59.392804169662,67.44144695712444,50.615792191909144,63.089351392468444,56.14491904754462,71.7784058935802,52.89055112616815,63.326680059600825,59.6913351938011,77.34694058997431,18.35230790506112
1096,1493.144164765328,2162.744242072023,0.43509707369312933,0.2810243589455837,0.2266002406429696,49,0.0,0.009306163152739957,1.3609386515826871,-0.3345963712750219,1493.144164765328,2162.744242072023,905.3775751674143,0.0,0.0,157.48499552942016,57.588160720992725,62.77344160811573,64.58454835989296,61.19989452879505,65.93080571352121,50.66638708114308,72.26013689431065,54.55184673441229,64.30532805677366,62.372152318218426,62.40052193374768,57.756193382772,67.62154511988854,70.5901839594596,66.06519488232044,22.299394594043036
1097,2073.439786322947,2163.8810886241445,0.26817582934305895,-0.5039260496832983,-0.586745832114155,49,0.0,0.007139257182241655,1.2297407531300404,-0.22453391406196233,2073.439786322947,2163.8810886241445,907.9932931964075,0.0,0.0,157.03389988949658,57.58812817384684,53.390485706967155,48.812044195454135,67.88035061834523,68.53224315690807,46.35461614964481,64.47775226745657,82.08101515532715,74.50268096589306,65.73340490143632,67.01823994280167,58.855755343677586,59.37535449452606,63.32124707182321,62.64263674040715,25.015466485739395
1098,601.9446687772881,2165.159652956125,0.5675651036679155,0.20131328523731357,-0.1059474695269374,49,0.0,0.4114982760071532,61.85529800823179,-4.478442258991247,601.9446687772881,2165.159652956125,9807.808072309028,0.0,0.0,158.17774831284643,57.58681539831166,624.4786806095615,688.2870630879493,697.9490570500742,728.3268867332176,677.9353402118209,708.195915195708,677.7962894339721,690.4792391904114,653.7194524728576,673.6608425901495,665.0336603920357,709.2289847979582,698.0712045905238,707.678734708119,206.96672124466983
1099,1825.2487892419292,2164.942386041739,0.3885501257266359,0.463560938265212,-0.08244097436139301,49,0.0,0.008019487001420774,1.0915902567503974,-0.09514912654003367,1825.2487892419292,2164.942386041739,868.4410574787726,0.0,0.0,157.2268283994816,57.588983565030404,46.141848871206925,57.65306995769883,59.34954943731415,61.33434551264867,61.35737991689776,48.95704158947122,61.14473341535931,48.060165931260855,63.11195283439693,71.17644300937087,60.35412844146834,80.51043020833811,58.11513006002938,77.4042793516968,13.770558941614388
1100,2287.6554780902043,2169.7212600527323,0.707651750018581,0.40548802967987707,-0.10440678350082304,49,0.0,0.021084817591019794,2.450390281543759,-0.9730881533827094,2287.6554780902043,2169.7212600527323,1090.8970457710284,0.0,0.0,156.86735078061872,57.58996845556828,67.82596967842801,71.85833674943217,58.3191755764832,87.90812971520627,96.09620420762684,83.6187964706817,69.24947623626593,92.21734497759076,62.82728291685579,80.78283650157094,61.893227557473494,67.55712763076318,75.35134002322107,95.22282725785777,20.16897027157134
1101,1672.1987535891303,2172.2931086031144,0.8798202383951603,0.29266358277666504,0.1872900515253816,49,0.0,0.012497552415723858,1.2247749249437898,-0.22014071596371193,1672.1987535891303,2172.2931086031144,879.7253704056552,0.0,0.0,157.345800463127,57.59215458067024,60.143823855647376,70.96728751538981,65.19977149411497,69.71907291817497,61.47838169807347,64.33028805903672,59.11544106366692,55.933058958241325,69.7330604162297,46.639497978289185,55.29146428172055,59.77266309060829,59.85374467262939,72.44560988653791,9.10220451729464
1102,2808.326991162109,2173.165694304773,0.617087314478012,0.34169893582844996,-0.31790321842602254,49,0.0,0.04489660912680508,5.829812066514047,-1.9141363869869639,2808.326991162109,2173.165694304773,1743.6967319421078,0.0,0.0,156.46260330273694,57.5890491120269,110.05044200975749,127.68330496574903,131.78985637970624,134.71030702753222,131.82387436855805,113.07426263522729,123.0584250217171,115.80031730474019,127.77134607373877,121.40220500047205,105.08742604873997,120.97723676294918,111.0595597269661,137.6853642201104,31.722804396143875
1103,3101.958769698282,2175.5780629765236,0.6257501330874918,0.7273997632008325,-0.41820014199675465,49,0.0,0.18880222522398957,21.720346662916587,-3.34216688108925,3101.958769698282,2175.5780629765236,11183.432939330287,5251.9308147887,10409.311440615638,156.23436510214023,57.58815593658226,175.1766392439351,838.9235381928249,857.0879956222403,813.5495615143614,697.1394328870256,894.4508798964125,774.1510522883918,870.6234531448836,676.818041316832,817.71104513083,849.578872659141,999.0018798872964,938.943048943273,914.8078324933771,65.46966610946104
1104,1387.326689962501,2176.559406518422,0.3303037936367856,-0.4801883509608512,0.11156679651823039,49,0.0,0.016056901918314694,2.3626271573814623,-0.9334879792103894,1387.326689962501,2176.559406518422,1311.6634812953564,0.0,0.0,157.56727907544652,57.593835983169164,95.97091665998083,87.92869395152263,86.3683798507328,77.94821097612848,82.89901804951779,97.19494568924692,90.8839965541221,98.32697750561036,96.90000999338105,89.52658261110078,89.12804648984327,107.32810791937554,98.48970069241379,87.3370091924381,25.432885159942096
1105,2116.483681444119,2179.248599980553,0.7679695906017581,0.35783286036464296,-0.007919819181775709,49,0.0,0.018977638696002466,2.0840375512936085,-0.7972638501155929,2116.483681444119,2179.248599980553,985.5474005013978,0.0,0.0,157.00037012704266,57.594429464991926,74.90660213787703,74.78489803753101,62.90663191697783,65.61408960637795,53.64905449385671,72.97515690529978,61.76213845156839,49.96679268935341,60.606887655320634,69.21550082433166,74.36250839797809,80.49836178487314,74.07299855340827,80.60399964427975,29.621779402364098
1106,2084.1523822127683,2180.78240544255,0.6554999370055645,-0.09564741614272998,0.11740890430022602,49,0.0,0.029204129310376012,3.22835500765463,-1.2724532152087298,2084.1523822127683,2180.78240544255,1673.7311095902526,0.0,0.0,157.02550003174582,57.59514566392936,110.22098813911165,127.17450643856513,138.5434383395826,108.84530454114918,122.39588646426887,116.87198906942386,98.53593110862789,118.13175180478359,111.37517186004449,113.57114791520539,93.9514649482434,115.36237375826886,121.29417463732861,148.07969942896636,29.377281136682768
1107,2596.619055742525,2180.9290664587465,0.3091574666755176,-0.4478324060644531,-0.3029954516217209,49,0.0,0.013743536464756807,2.4249585042628845,-0.9617607784551483,2596.619055742525,2180.9290664587465,1100.3508909598754,0.0,0.0,156.62708962777361,57.59339687020369,75.35757750112789,82.42106389328023,81.30055231802555,71.3758921199225,63.338705589112024,79.32217448205662,88.43349481019928,66.739662869652,64.84104157293928,74.94410156540053,91.34139146322386,76.30982744253146,79.58978254896083,83.10340741371576,21.932215369727523
1108,3023.829166454777,2185.189298563782,0.5547976279375607,0.4904058709043606,-0.32287511378046346,49,0.0,0.3583946878089541,49.54619202742005,-4.237525703812597,3023.829166454777,2185.189298563782,11250.655841743064,0.0,9344.519102440572,156.294963077263,57.592705021981146,735.5466785213775,785.1175431404954,771.1278301177974,774.7589855306096,788.2637819941017,815.6990504307884,793.7275848119386,781.0326261413131,805.7304695869154,809.412896286434,785.6640678857266,803.6457530601165,773.6006402031202,797.9334430240456,229.39449100828227
1109,1653.198126353377,2188.2974867145017,0.2692504475110093,-0.16650271975924516,-0.3555255916894649,49,0.0,0.007049360319046978,1.1470921388759692,-0.14899575878600071,1653.198126353377,2188.2974867145017,864.2689154253047,0.0,0.0,157.3605648124174,57.59882859221535,68.53493417629528,59.53101074629231,69.03293623022229,57.1277979799261,58.91466435452831,49.64613901667807,63.24739985191208,42.65384127273442,68.95534715189078,60.98236328588372,62.50723913894085,54.36075885297163,52.36535250622865,82.42118123605255,13.987949624747728
1110,2086.305896399729,2188.1459451065666,0.6822635359427368,-0.16174324413004484,-0.1289170557845235,49,0.0,0.012606139659416744,1.357027705718726,-0.3314717862789099,2086.305896399729,2188.1459451065666,1786.3770176427217,0.0,0.0,157.02379393089643,57.5982087006703,125.96491952412686,125.95478681499165,129.5394820916016,125.98945066830152,118.92033080224127,115.1641954619216,112.9608211593784,139.1880697813976,102.94277587608477,119.8972496371863,107.24342235477434,124.31863832784842,145.3634983217142,157.09896461792488,35.8304122032284
1111,2130.2892665952477,2187.715190434059,0.863703416280589,-0.131932931343135,0.013794948463843347,49,0.0,0.01891695620021868,1.8086548718856736,-0.6433892563763756,2130.2892665952477,2187.715190434059,1027.5808572634169,0.0,0.0,156.98959694616119,57.59792259829677,58.812157571548475,66.88473870551752,67.7151507963919,78.92346790273842,61.67605368721556,64.23720199198078,71.72211062909885,79.8338262154567,70.63748877597627,79.87122847799931,65.71500038348582,88.09732019528396,75.340234463911,70.73371064174525,27.381166825066998
1112,2081.084890665332,2193.3083980429433,0.4568248180634614,-0.40247196166433497,-0.12702239672908072,49,0.0,0.01662883263445572,1.9668474902344428,-0.7344267148498717,2081.084890665332,2193.3083980429433,1469.7843621323034,0.0,0.0,157.0278314660338,57.60037168165258,109.9704121803904,106.07645746090324,83.6635799287991,117.10164621384627,106.13632958530991,96.84456172214675,97.78607790589238,118.08450660263408,97.90447818368855,96.51542049880413,100.69583460662966,101.00106572552777,101.82598271654723,107.4460114625854,28.731997338598482
1113,3116.224661232765,2192.2503355064887,0.21436015855778914,-0.11402444760733645,0.9107739992311237,49,0.0,0.007113249968392046,2.0138759341133423,-0.7600817802540011,3116.224661232765,2192.2503355064887,2149.7577431997406,0.0,133.82464931139071,156.2230540236935,57.59499843238674,0.0,75.93828944083957,221.57375968004854,214.50808483623265,91.34259752457527,181.4013988277691,60.00883859668058,24.14321113560186,64.22630631010922,180.78478381207518,188.219986160428,204.47587848902384,400.89728781418466,242.23732057217202,0.0
1114,1457.2961280333311,2195.311730429735,0.5453280610477619,-0.038804948257086976,-0.25735699462698913,49,0.0,0.025424987675132994,3.515198428685601,-1.3648746136107186,1457.2961280333311,2195.311730429735,1604.708874897757,0.0,0.0,157.51290354759593,57.601708809079916,111.86941693534803,109.66219130808446,109.30592039826413,104.45906297919291,113.31686352756934,110.5815771550408,96.90152515245623,121.17656122694561,121.98622438834693,126.38377004780946,117.45781042099702,112.44064912893819,116.53306569235781,109.09922477512148,23.53501176128454
1115,3108.5956040644837,2195.2929458895087,0.21365322669430023,0.8101323176145959,-0.09725832400319162,49,0.0,0.00977666100168085,2.0855893225965625,-0.7980719868692465,3108.5956040644837,2195.2929458895087,1974.3306760737776,1.244630655224261,181.0087007967734,156.2289432552714,57.59632095340204,0.0,96.02249889184114,233.32448395058194,278.1787988912857,139.85183882395043,228.7794259274413,104.90134413644228,59.78517840801081,61.30932223535224,177.0571561490836,209.39732101589271,146.31389444641457,192.55726745785793,46.852145739622685,0.0
1116,1978.5513121789052,2195.970022129264,0.5787394154597758,-0.6487061720712781,-0.03788324815957418,49,0.0,0.022342511444329177,2.553343014432323,-1.017772903901054,1978.5513121789052,2195.970022129264,1593.7761430837252,0.0,0.0,157.10755268112936,57.60169083216629,114.16256657896339,92.72375252837773,104.15416114151441,91.43066659860227,110.48859831245969,117.44980982411468,125.5892279459245,117.34680423467478,110.39399713054448,106.92367498376653,110.89775845136212,125.65042112817848,103.65909990579024,128.90800586766994,33.997598451781855
1117,1495.9720225946678,2199.9922339624977,0.37560171359434574,-0.2571696203494312,-0.11743350120840719,49,0.0,0.015603777861427616,2.3543795186987615,-0.9296911776953327,1495.9720225946678,2199.9922339624977,1288.2211110019025,0.0,0.0,157.48283187381926,57.6036818547876,92.48582548351972,96.26736531890003,95.27685639813689,74.30098013058372,88.0435861771161,97.4116015024884,85.15257370098708,86.52175272756799,92.32741838396853,80.90417777927662,66.43875238049812,100.67971416409489,93.95462295865448,113.29201310780016,25.16387078830975
1118,2627.0940144731735,2199.9349520984083,0.4941368054205825,0.09973473527535308,0.24109066105367366,49,0.0,0.011547032771189816,1.4762973507169554,-0.42293460098288205,2627.0940144731735,2199.9349520984083,985.5521534827949,0.0,0.0,156.60322594556536,57.601167966680286,77.45432191818138,81.77615543366376,67.43129195897033,81.79154323089706,59.34739507301334,59.607237883297,55.597675437214626,56.367209503057175,67.56808137137911,62.84988014358146,55.431304921902296,81.57817471777803,75.1844643906171,78.23937390342417,25.328043595818123
1119,2402.756531836695,2201.303635549694,0.8732672195268105,-0.002415006349389744,-0.12261287537901758,49,0.0,0.03472799911044076,3.589482572283861,-1.3875796227009163,2402.756531836695,2201.303635549694,1222.9538185574447,0.0,0.0,156.7776532716428,57.602717678185186,83.86038908452349,64.1654947843064,93.99788494064728,87.50861430474299,84.67425127494229,85.34639069221754,89.77124099894426,80.73853727144555,90.38185453627352,106.51662300078308,77.95325583741348,80.89905144627437,81.53208379786105,91.55218248019827,24.05596410687108
1120,2997.2680556534524,2201.028057194715,0.3649935576872277,0.21366209284616625,-0.38160377370086646,49,0.0,0.03651379219313611,4.265842580524255,-1.5750120623410235,2997.2680556534524,2201.028057194715,2821.532679831186,0.0,1912.8810647627145,156.3154117073205,57.59948195197712,186.5479131456239,184.7930339577655,186.2664147031679,195.29923565479078,188.8786875390919,225.48634717814147,179.2636056592645,187.4743260813857,182.08766546810415,202.69070340764267,208.60838640386382,199.55893648362408,225.86893553763602,208.0025620679614,60.70592654312266
1121,1153.4261758822515,2203.128807879693,0.5684474205685555,-0.20780703981541856,-0.4438789130450771,49,0.0,0.00948570020587754,1.1222300566040768,-0.12520474049997496,1153.4261758822515,2203.128807879693,899.8713457087581,0.0,0.0,157.74923336474976,57.604537580068985,57.96977114357199,60.74460928521988,65.44478056300694,54.74037686193742,64.1581843594714,69.31329240444042,77.37938694119046,54.72581346728329,54.20526093927393,66.57972279499104,63.206963203542074,58.24439277994998,69.32543827807865,66.56898062014824,17.26437206665238
1122,1227.2874783379643,2203.990080775192,0.752081219913675,0.4066317883241663,0.04891599211881476,49,0.0,0.011002765906172015,1.0039602356027726,-0.004291279531744461,1227.2874783379643,2203.990080775192,966.3752234552367,0.0,0.0,157.69179501867688,57.6050410958182,77.27360316625885,57.08061845102526,54.67537109726483,70.8220433057995,62.356192977399274,78.23160720248313,65.8385445329821,69.63756337969032,46.26733414790989,60.119853019007735,77.63118059033803,77.35068967789863,69.57605785360879,80.53629931406832,18.978264739501938
1123,2449.1116841752564,2205.603816169899,0.24953953037992968,0.16865526061666067,-0.1639964486685407,49,0.0,0.006987179497768732,1.2584353514276079,-0.24957727450353126,2449.1116841752564,2205.603816169899,909.3478914743031,0.0,0.0,156.74157505403932,57.60432656579194,55.403725314851584,59.99630729608473,66.02049553167517,71.59387716244184,61.21240691868225,58.09710811511248,70.56797594798489,57.57436877641521,57.15022733109119,54.01503168906797,74.62996979284802,81.57529551128205,55.311524781114045,62.68555021539302,23.514027090258615
1124,571.0449264112932,2205.9385915294397,0.5054424786292994,0.17987059772987707,-0.07784359727699396,49,0.0,0.018355936116586584,2.493457067256317,-0.992004737166791,571.0449264112932,2205.9385915294397,1146.1592448907159,0.0,0.0,158.2021374396492,57.60365514891957,87.04517985521093,78.80667223893775,78.55561792803681,77.00418781363382,84.4264936787227,65.86706588745959,84.3849676893173,93.25024887641138,70.90979344772711,80.12249389031408,76.84143592678363,82.65857248993056,80.52083191650367,80.8800647000294,24.885618551697135
1125,1121.965086500007,2206.5243082986467,0.2554655016252615,0.36720594954929403,0.100571991499465,49,0.0,0.009395888357222068,1.7921433980640165,-0.6334318917978412,1121.965086500007,2206.5243082986467,1015.6288036428641,0.0,0.0,157.77371457966993,57.6058827844155,71.86001697856793,67.30483447841097,71.15997401212593,62.527846597512465,78.21314099334498,72.89788446885842,71.4598943189774,87.57373493684648,63.63598003555771,59.96221345748506,70.68590198045959,84.57751433727529,75.47040448158285,68.7910704656853,9.508392100173669
1126,2571.972804511906,2206.7554844155366,0.3989267148354963,-0.15502256444408624,-0.19272473044586738,49,0.0,0.013937188018586835,2.2083834419696555,-0.8601862055614757,2571.972804511906,2206.7554844155366,999.9824233097397,0.0,0.0,156.6460261627652,57.60427247889572,72.67981968989002,90.89759641875597,68.84367281624007,69.97282600214277,64.07087056312943,68.72636744439558,83.51314430538885,62.61626962068705,65.52376514110657,60.784880833195714,68.4345440853646,58.169483400958285,73.59553919101562,63.54900034302153,28.604643454447782
1127,2729.1757351523993,2207.878900170899,0.2925459445653229,0.09296908564123502,-0.6001203162782138,49,0.0,0.016230499899976738,3.0336286957732077,-1.204906059415414,2729.1757351523993,2207.878900170899,1163.5077775271495,0.0,0.0,156.52377574700625,57.6039522742829,82.94515031491954,79.87609572406978,100.92504903291274,85.11721505459404,82.98853844885903,61.64334230901588,78.10294140176228,81.12969043622222,76.77466369242899,77.14990591022855,81.42551052140163,93.71639230343864,90.17241268611427,69.30859715022802,22.23227254095389
1128,404.9656354207625,2209.2163294305155,0.6612834105095454,0.2127350253561749,-0.2574803363772681,49,0.0,0.01109057889113974,1.3244771025892372,-0.30511113666032175,404.9656354207625,2209.2163294305155,849.6791590043013,0.0,0.0,158.33130914343246,57.6041384574964,53.22390165254271,68.24005034492671,76.91157984755904,61.457424971755785,52.179556528615194,61.29179101609376,66.83620357002229,54.04645374060071,39.30292395119426,64.92458414601685,53.44203040224488,58.41999213724412,61.88523594634772,58.17445516503629,19.34297558410092
1129,1930.3661803382304,2209.2160051274905,0.7944120468913006,0.5567671063656273,0.022501681551115392,49,0.0,0.012037084344420952,1.2730125732977455,-0.2620817327925515,1930.3661803382304,2209.2160051274905,874.9212287769367,0.0,0.0,157.14498417618873,57.60729126849304,75.03047333591729,62.2166848272314,58.507831953914064,62.54645560649259,61.03150884177746,60.50737696221963,53.588989292003376,62.545433209780825,66.0977412080257,51.13055189768561,64.22098019909268,58.89291723270236,51.41149158512043,78.28213068777964,8.910661937193474
1130,327.83952931423454,2211.572625381081,0.5505635556507843,0.37359116761498856,-0.11667010334568192,49,0.0,0.4465759829123299,57.55107594823823,-4.400133618525067,327.83952931423454,2211.572625381081,16707.396039534447,0.0,4731.069137397569,158.39130520588407,57.60466560259308,1075.5359334862567,1174.168226845422,1157.3267640680824,1211.4200147394026,1135.7215395119367,1121.8967390056766,1219.1906056551102,1183.7919789506423,1162.9729991520157,1196.4943000374064,1152.2239465394355,1179.8142412354957,1145.9256109366665,1221.9508367817498,368.9623025891448
1131,1544.9059971509132,2211.695989694488,0.7340409238974552,-0.048131593820998124,-0.2617409354646864,49,0.0,0.010899658402472635,1.0550007611481376,-0.05813193240730429,1544.9059971509132,2211.695989694488,1092.0187091390994,0.0,0.0,157.44478241838758,57.608577031750116,72.50120149533163,70.53994999108383,76.05597472168466,70.36424028592415,79.0794198310867,63.061349162873746,78.41244844256899,67.2172611925327,66.02929264099994,87.83202615934619,76.04636352875438,95.49565567367148,71.9666905118641,97.71815350784027,19.698681993536955
1132,1240.8967348480433,2213.2253615533477,0.5774859327324402,-0.6654971901900891,-0.3843821919599554,49,0.0,0.019201926652736637,1.8965463379240861,-0.6949086454890414,1240.8967348480433,2213.2253615533477,1994.469499837338,0.0,0.0,157.68124058621703,57.6089128215564,119.54691159699681,145.9244725113086,151.1019451988608,146.68701212106592,132.13534470810646,151.9942753821145,128.38578994696695,131.0921043703823,126.86373502587918,158.87673804657263,139.9504289386455,134.3237364805056,146.88867460825438,132.99777402365203,47.70055687802621
1133,1549.387418508354,2212.952264657808,0.9489161212368833,-0.5129722221068364,-0.21830596140620398,49,0.0,0.013241547089391788,1.117407527047897,-0.12052898128945952,1549.387418508354,2212.952264657808,1091.7512596945794,0.0,0.0,157.44129738449357,57.60910161113119,71.26693856294212,70.43977281871753,79.05151718351112,64.43645905378432,78.78578820584241,71.26579562900723,77.45721354060564,69.98394363041706,66.62954280337627,78.76482893802284,74.45410807796726,109.4773671679844,81.1173364535367,79.70225628766158,18.918391341202934
1134,2536.040666772124,2214.7540081101893,0.5687233151438534,0.22402844762390683,-0.09255941243628338,49,0.0,0.12298954531136491,18.432614243785935,-3.1639673357599705,2536.040666772124,2214.7540081101893,3273.680630201111,0.0,0.0,156.67390106100677,57.60776846712041,200.76172578247872,196.45364298922394,215.0459317548661,240.71392574016244,241.66538931868936,237.2669790772327,241.93223244936894,242.3990937614754,220.57225980752983,232.42793140529432,206.7069531806872,248.4919924325311,235.16931547406824,243.92810213651376,70.14515489098864
1135,702.0434986661995,2216.3596500604467,0.5614252742955714,-0.7787571248904162,0.12510904751400265,49,0.0,0.0081617718279752,1.0082905095129786,-0.008964198579957202,702.0434986661995,2216.3596500604467,770.4345643214746,0.0,0.0,158.1003554042168,57.60859982775354,57.541421180524914,49.63287701739772,58.673173706941114,44.38662220013441,43.52599089122821,50.51503730693424,52.85340590338092,51.309739895198085,54.732205650783456,54.79928908647636,52.63360333898685,62.221247669175725,52.996629914642234,74.31101460865051,10.302305951019793
1136,775.5579947383206,2218.449639764755,0.4486132195777651,-0.5067682804272495,0.25473296970812953,49,0.0,0.010259397402847205,1.2124933210585638,-0.2091983874942075,775.5579947383206,2218.449639764755,1022.5364568020734,0.0,0.0,158.04319664238662,57.60977313069814,78.71006347853677,71.34208007593577,93.49260113016265,60.34945553763471,73.02971502828767,68.03199514682512,68.68273343061895,67.15541887353251,63.35495079429104,71.54619950151273,65.51730865753595,62.10628179550402,85.91593721848892,76.83650646370583,16.46520966950078
1137,2671.0371438236148,2220.355923497178,0.32347298298573574,0.3267255516481702,-0.13977010860172842,49,0.0,0.018346756483874505,2.1903830685794268,-0.8513001843855961,2671.0371438236148,2220.355923497178,1666.4789770551638,0.0,0.0,156.56886460643128,57.60945564800837,102.7054301506634,135.73214694686845,117.3219269903984,116.87436585556677,126.48460114145834,98.60741349223193,119.08465136913196,116.11346949728511,109.56758070954851,111.19583431614782,87.82601138100635,132.4711403392958,128.2054830023744,130.28711084437901,34.001811018807594
1138,236.21257444855638,2220.950128004017,0.7895577478139438,0.15589948400956566,-0.3916269266304799,49,0.0,0.058778702374384956,7.956434575102804,-2.2517962399315157,236.21257444855638,2220.950128004017,1295.7487910732752,0.0,295.6726695047065,158.46266255516963,57.60799530198082,88.94077273371309,63.58582979424432,121.6082460897934,26.59918077677368,141.90416804483198,466.4136178734686,40.83367430999633,35.07195223254767,19.375981315431638,75.10005585253481,132.61151327060313,16.326001920594344,21.984325908041427,32.090900915455606,13.302570035245129
1139,930.0533287925133,2222.854803760844,0.3557471251191429,0.15729085118956523,0.013304964314941737,49,0.0,0.025324988214280288,2.513421357432494,-1.0006632527868726,930.0533287925133,2222.854803760844,2502.648039074862,0.0,0.0,157.92306106023523,57.61216023404536,181.00772524765625,183.912295312123,173.07149820415026,189.09810313883264,181.23225122011283,170.1085514735131,147.11279206224614,163.79437029161292,174.15028219056495,168.7015023918895,183.8674942378999,173.78552540523225,182.37507016430666,177.75287880003233,52.67769893468914
1140,1715.6075201851254,2221.935581491474,0.6309695391003877,0.7214817250096246,-0.47763719930880216,49,0.0,0.010304941165702432,1.1494254346949007,-0.15120200762806635,1715.6075201851254,2221.935581491474,871.3112617650654,0.0,0.0,157.3120020101426,57.61281917695908,55.34221280641739,65.4275810486028,56.464944817224385,63.57009784476226,47.93227973605042,60.826503478991825,72.44996412273298,57.74330568287066,63.851129092409785,60.91454140996901,40.87919127806346,84.32461893098798,55.160726724443855,62.05846592410446,24.365698867434098
1141,1127.0806467575912,2222.8048640447205,0.581870054260578,0.2390957205648686,-0.03564716807391366,49,0.0,0.2253575726872951,32.920134551463605,-3.793654003990219,1127.0806467575912,2222.8048640447205,5577.331931824989,0.0,0.0,157.7698046725078,57.612677702485435,387.9430361564617,408.80044040753114,365.7633628075672,371.69819074851887,380.5989997068033,391.75859460662116,416.5667226115088,392.86779595564894,404.89285441582103,386.5523327776853,368.277303528027,368.524441597232,410.41512707774064,417.36293283010843,105.30979659771313
1142,502.5672754784537,2224.862016156542,0.5143209382777042,0.26328957258140023,-0.18479736069953953,49,0.0,0.8029068411059981,119.46900228871463,-5.193138092054102,502.5672754784537,2224.862016156542,23680.053457906626,0.0,0.0,158.25556877982086,57.61119107820851,1540.1689394715524,1607.434504286794,1679.605486172521,1664.1121375207017,1713.0729819927712,1607.460795618387,1751.0048056761177,1639.2923534162633,1609.6849344379289,1654.9510652985714,1615.133236808956,1703.3791917190074,1708.5118851485468,1705.6610482256788,480.5800921128263
1143,2333.5609800951916,2224.646003743241,0.48938973696126054,0.08874349592970263,-0.37864986226509484,49,0.0,0.0329489143992119,4.279247765218763,-1.5784185813373082,2333.5609800951916,2224.646003743241,1818.7773878380212,0.0,0.0,156.8313085531704,57.61269663005767,118.6524486027503,119.81422160455901,128.84179487620048,127.80032894447884,124.09151988712428,104.81195487892028,155.0884061286352,113.05818707444999,149.31862444506288,135.73413507430786,120.44995904253648,105.38421834364647,148.38364354671137,118.55957284344967,48.78837254518817
1144,1984.363382014208,2225.6580605726404,0.631067571076236,0.6417607141283597,0.15228803725854134,49,0.0,0.011921206348423842,1.3314700101187058,-0.31082847221220594,1984.363382014208,2225.6580605726404,926.9804004004407,0.0,0.0,157.1029317299093,57.61404986499964,61.63044166191224,67.88719843757448,67.42036484583382,74.57389145037783,61.658944393312865,75.729328930459,68.23943941143222,73.52573073597624,62.23975287055835,57.17341614710969,52.63324225314285,57.71141883392327,61.80492913557154,69.8214145265504,14.930886766705832
1145,285.5224636750211,2229.8161073927117,0.552791367807663,0.6394085346036386,-0.2006016840375219,49,0.0,0.15741597498109794,18.852686586221814,-3.1884331193031477,285.5224636750211,2229.8161073927117,6894.921905844592,0.0,6082.753102367184,158.42442207281508,57.612004260160674,439.3468097958762,471.80106238492885,450.9647584403085,465.70698368652927,471.4656598506259,484.01979755022336,509.8858219324026,510.0646146270485,489.50348767541567,481.0401416526998,494.77120148201027,460.08966531674156,490.2427202336397,535.8488968452667,140.17028437087438
1146,1687.8603198575001,2229.670863463859,0.6549756867017994,0.23036109974902375,0.08131520144697638,49,0.0,0.009404599293582718,1.0300646607315076,-0.03216121932961783,1687.8603198575001,2229.670863463859,805.2601730175579,0.0,0.0,157.33357999225385,57.616055560360124,65.4229790784662,45.78648290523311,63.70418046604719,58.309135796318756,44.369115235711476,54.35954154871288,52.62690306885693,48.18529270080475,54.27328228248549,58.955998745025504,51.795575462660764,72.17177661017985,65.15039157673095,54.983235214512206,15.166282325811814
1147,250.76727586536484,2231.000089198892,0.29184829967964576,-0.44901045187322314,-0.2039680391741977,49,0.0,0.009273254441241437,1.9548394521925931,-0.7277777382300183,250.76727586536484,2231.000089198892,1521.3327746530329,0.0,663.253393404922,158.4514652876741,57.612276320817216,76.08846374999465,94.35536592387794,88.92488268046502,134.22332101318068,150.02734282349965,52.671537663219,69.31714234961001,64.56107202975538,151.0361193349431,67.09622539895872,53.707054418356606,50.83193622754136,296.6403080939051,148.58843327507094,23.263569670654892
1148,1090.5872606474247,2231.283223383218,0.6136874094687993,0.3441017794066522,0.03161545918264198,49,0.0,0.009340572102206261,1.083534035335926,-0.08710639418441947,1090.5872606474247,2231.283223383218,791.2297662148702,0.0,0.0,157.79822966494194,57.616124486189634,49.163321900846135,52.48120205940303,47.5113422996809,55.37391229643734,55.093621103517535,38.187927491249255,51.009889504694186,49.03215906299642,48.03511596006287,55.916607890140355,77.16999428178671,67.8551645334494,55.60966133209064,69.78426532356741,19.005581174947928
1149,843.5144305997816,2232.8305301884034,0.6436786499158553,-0.30207540755080176,-0.05125583570319076,49,0.0,0.019916009075739434,2.4887823584234545,-0.9899672991063866,843.5144305997816,2232.8305301884034,1030.1502748310627,0.0,0.0,157.9904395985118,57.616021456389745,80.08891101022803,59.094607684740495,78.82758271955524,72.21436600034843,74.2452845443589,64.05828933629616,64.079249916729,61.958819736481665,74.8039536098649,81.00154950123215,75.42334159912977,76.52819429743128,84.67512896772624,66.00235013996235,17.148645766978134
1150,1470.3011681591838,2234.1412058634264,0.4945884578219884,0.517049288044745,0.0642435558356949,49,0.0,0.00927033788103157,1.2012691511209945,-0.19910081107729324,1470.3011681591838,2234.1412058634264,864.3986607981244,0.0,0.0,157.50283522999186,57.61789589790136,70.88137064733579,52.62045764228753,52.54072096952065,41.41662863836211,70.9971304991881,58.22493257563424,42.52871521727886,61.762198384870246,45.3739617940242,44.497191613343844,70.679321534015,70.99374984053044,68.15882152539989,88.6469842359729,25.076475680360616
1151,1873.201289673251,2234.944974814768,0.7119458525511148,0.11631485216408687,0.07952053748275943,49,0.0,0.01350063574808291,1.5075439695872763,-0.44567496947764657,1873.201289673251,2234.944974814768,886.496474435036,0.0,0.0,157.1893820819619,57.61809363464102,53.33473830588429,67.15669762494109,86.20793083719771,74.88529205305329,50.85322839371004,48.03023200838413,60.325675446526745,51.31733728802408,63.25368664505737,67.58311610037705,46.37751116709987,59.61405798259278,68.57401326859176,67.4621854695062,21.52077184408949
1152,243.87005483895067,2238.511247619711,0.33708104827210433,0.11229702594168797,0.46648448305928997,49,0.0,0.015959155557361174,3.8684974512891452,-1.4688557876606496,243.87005483895067,2238.511247619711,1347.0417263499887,0.0,431.6947079378394,158.45691986291143,57.615360796389844,240.819201930735,80.97334975105167,40.59503331966255,68.81597469678314,269.1082713062956,59.7112555988581,41.02323664004657,59.43833198735691,83.92363531580641,181.4799430513266,41.56636626109983,38.83901864247227,52.034698691288554,66.40553378866768,22.307875368537886
1153,2257.936120377289,2238.551304839726,0.3060251886942325,-0.030301821854890526,-0.20501428210257294,49,0.0,0.01727406368589611,3.131321085603339,-1.2393190061199983,2257.936120377289,2238.551304839726,1210.6179977215877,0.0,0.0,156.89005100043656,57.618741308155194,77.9177999070231,95.3811317668142,85.19996035383429,79.81810586311815,81.83322286640069,79.98121633176902,78.48670671342006,84.36902083357836,101.01608993571925,87.80029924775025,89.62644715076053,70.91001047956428,91.45018844647988,83.39418224175762,23.433615583598193
1154,1030.963525907015,2239.548626144889,0.9981457961689676,-0.3144075385988412,0.018822482764371325,49,0.0,0.01787763665823659,1.3822518224061535,-0.351467927998113,1030.963525907015,2239.548626144889,1140.0713948460943,0.0,0.0,157.84465419787466,57.619414488327166,71.4027221272,76.9894067958025,80.74434250027086,81.38535536076276,85.04202904225474,79.70218477931331,74.08380841314943,69.60094753807434,75.8282903177286,74.8545450708555,96.37210569837792,80.76464633675377,83.52223392345365,85.07299757401648,24.705779368080464
1155,1054.4720471027479,2238.9970076123286,0.6917152626834506,0.0907295609327247,-0.27515556304096156,49,0.0,0.01080197188298875,1.0995772233779693,-0.10306433824207178,1054.4720471027479,2238.9970076123286,833.9386355613689,0.0,0.0,157.82636204227737,57.619247311383454,56.37038825793363,46.96896760035732,54.618106398488464,49.104723830701275,67.05206802519653,63.633831814567,55.84810362907017,62.75688759834782,51.524063287926,59.97522161753897,57.36413290878541,65.45828011043022,68.11897610810905,60.21766280037536,14.927221573541711
1156,899.602863057487,2240.3074941533723,0.5654132778442322,0.1549849596448759,-0.06107798596817726,49,0.0,0.060471629898209985,9.011331342224409,-2.3869723969448793,899.602863057487,2240.3074941533723,1924.1503939632094,0.0,0.0,157.94685490170232,57.61933197515353,117.2489799272185,145.26707835301073,128.71615130235963,136.02342977275444,155.255895823601,135.1391335916488,121.8977803487995,127.9454720040701,130.46851034767448,127.3751171948119,127.91861602778562,142.93572473914128,142.98025747456245,148.49225240914078,36.485994646630175
1157,2299.6441646131398,2240.2150356230322,0.459621387852686,-0.2870010521685187,-0.6864239044178888,49,0.0,0.02362212244239403,2.6465667381711158,-1.0567071250492779,2299.6441646131398,2240.2150356230322,1975.999884078638,0.0,0.0,156.85759332873076,57.61929931647654,130.40412750386238,142.63289864422006,160.2830857248993,142.3250981506614,135.84596834088867,127.76876368288114,124.27492446805621,140.33113568318322,116.89492867958033,137.88916142872074,143.02908426086523,149.7776030054404,142.25767980962829,147.59559428350914,34.68983041224142
1158,565.3772837343063,2241.387279210248,0.49889686103099706,0.08470740473487823,-0.41688425947647656,49,0.0,0.024492655687765683,3.11709584340185,-1.234375390052558,565.3772837343063,2241.387279210248,1564.7662459099342,0.0,0.0,158.20687077159792,57.61839574305566,109.0332495295326,112.19292750139162,114.43875918089198,104.96655170990539,103.1403023638157,89.52681372963173,107.44176042628115,109.28075479131397,92.68872071396979,121.29585663342345,105.49880064301516,108.6576018106252,123.83142142878805,128.10597398699574,34.6667514603527
1159,1161.643173240842,2243.333123636681,0.6043627130140778,-0.06553964033991902,-0.10788365688696025,49,0.0,0.022700888980747767,2.482980789885501,-0.9874333988874209,1161.643173240842,2243.333123636681,1311.235218372756,0.0,0.0,157.7430000183276,57.62130612003716,81.04504635460486,106.64548622590861,107.40703277160658,57.32548800265209,82.37638087278337,109.97036610650156,97.16007739187243,76.30525815103138,73.40175799503632,93.35586605064566,79.53604578592089,92.11201882194905,102.22106414103011,113.47228608004363,38.901043621169386
1160,1605.6495053426665,2245.2918303286206,0.5547189353817729,0.20266577664755062,-0.1476363565949466,49,0.0,0.010062592973368553,1.3198950823783886,-0.30134852696340414,1605.6495053426665,2245.2918303286206,904.6613349286619,0.0,0.0,157.3975351691801,57.62258232408885,61.09565241255988,74.23998923737864,70.14321760472282,71.26010415494927,50.28225068423172,68.08976048940539,62.15520405703937,52.027988093444414,63.55451190342915,70.63215902391508,40.735361266887615,57.807459047968024,59.46863646499524,82.09928638687421,21.069754100861005
1161,2600.073484721175,2247.3220304609354,0.6313179792070996,0.24976755784804572,-0.07598324089375591,49,0.0,0.026268348577130098,3.423538821630251,-1.3361881424144364,2600.073484721175,2247.3220304609354,1168.6372458849692,0.0,0.0,156.6238143063369,57.621041064763055,93.43813074962257,72.95106961009344,66.90859988699282,75.07454252948719,87.03772652407794,84.86313965521319,81.86552569810198,75.08038329498689,72.72852750526062,82.46040720266225,84.04755485898798,90.82773103347876,80.11065101665015,92.01677457707234,29.226481742280946
1162,2858.992011636981,2248.9620106950447,0.5519150561071499,0.4847894951092088,-0.24123806282282081,49,0.0,0.33736344879097313,48.53641611775431,-4.215169263233226,2858.992011636981,2248.9620106950447,9719.732245911828,0.0,0.0,156.42237711657015,57.62032754396631,643.4848495575195,646.138895450445,663.6347989105674,686.2910930419748,671.9810448718576,665.2125795073126,736.5168252190471,640.9253227915007,701.7472364899465,713.0146107324531,689.9191726352325,704.6948163123334,673.5121378094318,686.7229928767217,195.93586970548307
1163,1980.1252966495936,2252.062683609478,0.8751550096362433,-0.01787037897581709,0.027953491891117992,49,0.0,0.013369430869134877,1.2618923189932518,-0.2525557421389712,1980.1252966495936,2252.062683609478,933.1426208155643,0.0,0.0,157.10613933992062,57.6250591372831,58.40234922098662,47.64963318602039,64.51409649929766,56.66132920256338,74.63508296783066,62.36185873945091,72.86268931459423,89.08098786138359,46.626131931278096,63.466395580263544,69.55834296544168,84.72789285532215,67.13358715926245,64.80779635484616,10.654446977022902
1164,677.8421347154981,2259.4537817646783,0.5932375124097883,0.15614778906814525,-0.03406117117816064,49,0.0,1.69586884827352,246.70387056828724,-5.980439908110867,677.8421347154981,2259.4537817646783,37659.58684899777,0.0,0.0,158.11953077184012,57.626448681191405,2426.9162437166788,2591.903075963707,2651.477896218754,2564.8186501612035,2698.6604404363766,2659.453163423865,2735.7138932546045,2581.8584566058335,2530.1253062141095,2698.2646394403027,2671.6682504892315,2677.8013826946303,2740.0077184422216,2669.0025803413782,761.9151515948647
1165,939.8818478658951,2259.3379233746023,0.6692087332863319,0.2047114090276199,-0.0912150208034684,49,0.0,0.032147273653026325,4.127695236671191,-1.5392690605025399,939.8818478658951,2259.3379233746023,1236.1403548527433,0.0,0.0,157.91563058078228,57.62739184009036,89.75358583415236,74.22929285351479,96.13819216997669,73.45862525996607,82.51320661022105,75.3207048271692,99.33750900120467,74.50219355976735,94.08792283942779,104.25121515530881,79.66217808036733,78.89487809907253,94.26521757078233,89.59808949545689,30.127543496355354
1166,1021.1734740685433,2260.0811416773986,0.7667660762041439,0.1522712068717746,-0.09020848236630033,49,0.0,0.016901538723337686,1.5867720620663106,-0.5012863633639121,1021.1734740685433,2260.0811416773986,1217.082697617162,0.0,0.0,157.85237660596172,57.62794237839325,78.73993859850694,80.69383152521307,104.43146405755928,77.64012917645485,78.06360537220644,88.01087815359506,88.35600590740563,93.02878222508596,74.12549530986534,81.59516807069977,87.6029085214524,82.04048857813069,98.77087893307638,73.32052675889132,30.662596429018876
1167,1126.9792761080244,2259.896427644532,0.2981377356230083,-0.10317660996401798,-0.09793249055178169,49,0.0,0.007094676987932912,1.0118223778218793,-0.012760700473150428,1126.9792761080244,2259.896427644532,900.7796922939101,0.0,0.0,157.77003977258047,57.628131637481346,60.75330838913988,48.60089162036543,71.25363433492761,50.95067156092793,58.33358521119875,63.24598822370921,59.91679201920077,67.68895050312102,69.28430753773114,66.95024582126905,54.48567923458677,55.68913144773114,85.52802932029309,72.70877223424526,15.389704835463132
1168,1600.9379579023544,2262.7095580783357,0.36563841252308943,-0.15804418378714202,-0.4655619374545109,49,0.0,0.013239019209184098,1.577622609028173,-0.4950078038714819,1600.9379579023544,2262.7095580783357,1214.7458372173867,0.0,0.0,157.4012011055508,57.62983960963658,75.93964604992358,89.58820167724441,78.62766383759151,80.52558088604498,87.215181267426,92.15528284109452,84.60430275697306,83.39015521873944,79.68845955511594,78.98663571658366,62.25357682098415,101.71036514917964,105.60730058862057,89.44056885323002,25.0129159986351
1169,1641.6769922332978,2265.888817260743,0.6529238123531738,0.12227285861789391,-0.03225051439196991,49,0.0,0.010117951126197266,1.0339666732636412,-0.03626635209076129,1641.6769922332978,2265.888817260743,905.4162438351684,0.0,0.0,157.36949502566117,57.63116021796066,66.60590785219783,62.70525487270094,65.69733824982858,43.96519985057951,73.11934296544138,77.45797315618333,57.719618613732564,57.00398976675924,59.27829242830587,60.77226382386749,64.68842311747204,66.08090149778835,63.845251830089055,63.39101993136448,23.085465878857818
1170,1013.7918217700259,2266.915267041096,0.5579320053456785,0.25315852670407485,0.41278004953942693,49,0.0,0.009199329556512583,1.1522173824177881,-0.15383605682873505,1013.7918217700259,2266.915267041096,985.1103959436082,0.0,0.0,157.8581564888044,57.630769204757854,60.98441863716679,62.40285854394395,95.62135208612294,64.14693856011397,58.83594926545934,64.11635287424306,81.31475762820702,77.31299146618244,56.97653107769058,86.65882428504895,66.46110514500396,69.08072568190998,56.50494145261188,70.90950904351033,13.783140196393122
1171,620.3835874242528,2269.6237060329004,0.6678632772237341,0.012799474701514543,-0.10776210304852618,49,0.0,0.20295936610300694,26.672123423022086,-3.565143980375,620.3835874242528,2269.6237060329004,4836.269915925672,0.0,0.0,158.16432713042042,57.6304244224941,298.18034969542344,347.9813939739515,343.4292920457308,329.68734467823924,335.72721043793416,335.62993927855626,320.69914140711876,331.0892801570634,343.8576862618895,353.58066709908087,315.9546573579869,331.3050237781255,366.87647250250654,372.17221628290395,110.0992409691604
1172,2564.540214098713,2269.657875794382,0.7475330732837323,0.10191352758495076,-0.10468111689174384,49,0.0,0.01064221312014122,1.0851506311448624,-0.08872506835171474,2564.540214098713,2269.657875794382,884.4657638734744,0.0,0.0,156.65126648050773,57.630513355612464,68.3136991012885,53.101902633337396,63.14415690184171,53.09946171713663,60.996207269353214,49.9990516535004,63.280917707192785,58.942158910810576,63.17350337837911,60.01891891564702,52.649631853959114,71.95084493902904,69.72507319222717,77.41733135926745,18.652904340504364
1173,2264.5051885937833,2272.4781621506118,0.6570632582736337,0.10724737645991853,0.2552373409759518,49,0.0,0.030454185244952345,3.023537302052277,-1.201288327406609,2264.5051885937833,2272.4781621506118,2417.439323306029,0.0,0.0,156.88474001926164,57.632855867988575,188.1914371979292,179.09084338625246,174.2195598947707,155.97774912679964,165.194747691772,165.70955385807562,181.1752156843135,179.50372778726546,149.74577802935858,184.4383392226182,144.37951290873465,183.2229360933654,174.09960584292907,147.20970590116656,45.28061068067795
1174,1664.3818806410764,2274.416969988952,0.6025281501110669,0.05269065294210158,-0.06308169785260814,49,0.0,0.01092421524321549,1.2274903639677501,-0.2225452287857646,1664.3818806410764,2274.416969988952,907.8276981982555,0.0,0.0,157.35181959417122,57.63470782800617,60.38265369286961,74.28339091061684,60.23000115493619,64.12721087578483,55.636218420719764,59.68355666762501,65.93656533265396,55.52561115266242,59.075960950432886,72.74588961595302,56.5283198351686,55.8047694371523,60.307520376590915,76.5886223234688,30.971407451620188
1175,929.5886433732463,2275.042229969008,0.3585575037984085,-0.5117160297729869,-0.24666768152008986,49,0.0,0.014011395316921088,1.891764874961982,-0.6921678937848309,929.5886433732463,2275.042229969008,1211.2277787459057,0.0,0.0,157.92373402664916,57.63390212380019,79.89852209138127,71.90037366270224,82.30582938840054,74.641393358232,75.81769253922263,88.8582888929621,101.77469793691125,80.4643065617733,103.05934212683329,87.61281492945727,74.24126116488605,79.18756191438011,94.7084653192286,86.88567459252384,29.87155426701126
1176,2258.8462690528954,2277.146717459463,0.6650996492074699,0.24950641249909247,-0.06045941187545246,49,0.0,0.04456011508165846,5.754214016245585,-1.8999650263788181,2258.8462690528954,2277.146717459463,2228.2668748522647,0.0,0.0,156.88911681513338,57.63481886152511,176.2053284026868,161.27354700099465,162.66244317189538,132.35091531509096,168.02905671171035,148.68417615543444,170.79286624138678,156.4763710417336,127.27826550841533,177.02172980039094,139.26516901380677,183.1714765920005,153.87115306096325,132.63398108917852,38.550395746576555
1177,2545.411680993246,2278.4901642270984,0.595956322341551,-0.1740171463375523,-0.32225445090865823,49,0.0,0.01609105303504377,1.8970340045066392,-0.6951877893160605,2545.411680993246,2278.4901642270984,1137.3436070821645,0.0,0.0,156.66607754041732,57.63428035652895,79.65102068456132,64.20520210165874,67.66847618730395,71.77878731640152,77.4976279487951,70.04605509371426,80.53000254028365,89.33358195552917,91.50594315538413,80.68183570069286,92.43912656798787,80.23266662629649,83.25801254922467,87.46850850289917,21.04676015143152
1178,1699.4659154594196,2279.162604382627,0.6678072306749913,0.16905355851533924,-0.3782335692795536,49,0.0,0.02747450793639229,3.092287027563502,-1.2256994963478975,1699.4659154594196,2279.162604382627,1411.2382300461845,0.0,0.0,157.32450784269756,57.63667146847643,115.71767167690457,85.27974437621066,96.72605125376492,97.89573375574136,89.34451748929267,95.40786720954748,98.99372328658237,75.2949819739404,89.42819483771535,88.05418999032463,147.35755233149496,96.1633712173452,94.62547536862989,104.32162541845952,36.62752986023045
1179,1906.8063642865338,2282.7762053067545,0.36093554448156134,0.12277698340042618,-0.9225171022947711,49,0.0,0.0079571127915912,1.0076521754280785,-0.008276617077717967,1906.8063642865338,2282.7762053067545,963.5800898191848,0.0,0.0,157.1631074409347,57.637976202448876,62.09059729928897,57.254114752822225,72.14582202749762,55.62065413689276,65.78232786939391,58.780038791041605,79.84030238086427,57.1834159157778,68.9396007132503,59.211818874173076,57.56215565167257,70.43192071718931,81.42825921001901,95.5531447864895,21.75591669281178
1180,2167.7243728592043,2283.8022580765214,0.4819802712508045,0.3408690780618462,-0.27683006159785944,49,0.0,0.029846459268377177,4.43030817772807,-1.6160848433407462,2167.7243728592043,2283.8022580765214,1532.0161130558397,0.0,0.0,156.96000507736505,57.63785880943296,118.70223888358149,99.84972673141117,100.05824946671933,96.23583741811588,127.17303973553435,112.01852600312746,89.96999841145362,121.28856599669324,104.37904956000065,102.1009271199433,113.69046704588959,106.89231492566202,104.58551526200486,105.19449327634013,29.87716321936273
1181,2415.0364273973287,2287.118856194601,0.6882355357205351,0.13632969911171713,-0.2010515928972376,49,0.0,0.02776216948572879,3.4692233915714716,-1.350580665000887,2415.0364273973287,2287.118856194601,1196.3859269729687,0.0,0.0,156.7674825444314,57.63842365698366,78.8066376330368,90.70030158384931,101.08166345697028,75.56385819812326,86.33498223004625,94.04834070848885,70.04002153147613,80.27471253474317,84.10665568073205,101.57965012037923,58.29819846634107,78.66117083818207,81.48189448428678,85.36777929570869,30.040060210604842
1182,680.9715049051404,2289.951907202358,0.8926586792962925,0.2744288093010691,-0.2832135422230614,49,0.0,0.012813792924403352,1.1884845130647572,-0.18748381721279198,680.9715049051404,2289.951907202358,838.3677596244406,0.0,0.0,158.11734547313569,57.63916871680282,49.76920759087135,67.55175501110978,59.62940673957594,61.227353095307926,59.47556282379391,56.352754745122546,57.46399641182321,61.68578749738198,55.32507628641878,41.056614942213805,63.80928853902415,62.17828275657675,66.63759978882001,59.53610004651134,16.668973349889093
1183,983.1832612442254,2289.6070825348097,0.6154508177962157,-0.20003592566034678,0.07331697175981255,49,0.0,0.009168899954802029,1.0001847077317512,-0.00020052535293950017,983.1832612442254,2289.6070825348097,895.2625196969341,0.0,0.0,157.88210169559838,57.64013548534676,42.118182967044206,61.95418803600903,62.37356641747656,72.61996240287328,68.91678363393261,58.50613258092969,71.00009225656338,61.355555790379015,58.80957922997031,59.999849580270975,48.85267581823413,69.47349366546038,74.87218321223419,65.73563274682735,18.674641358729012
1184,2136.29591364077,2292.328195625318,0.6537953273059316,0.22023871443481946,-0.20669396470847853,49,0.0,0.012749495392169371,1.4648999573907147,-0.41451991592884874,2136.29591364077,2292.328195625318,1039.4198358170506,0.0,0.0,156.98442794018453,57.64149397821256,80.52787389760176,58.86047768381003,57.57919758217027,64.19313353195393,77.91404757738985,61.81577444433843,72.22653926664569,72.52410844196024,68.1305150615282,73.8921620063357,64.75129487479217,89.9219186182567,96.87022518684402,79.15708060881873,21.055487034604937
1185,734.2564979588541,2294.142607638623,0.29811425501395156,-0.020138297591373623,-0.0988089710342339,49,0.0,0.010157811323050596,1.6800345581538703,-0.5632955380366343,734.2564979588541,2294.142607638623,952.2307929626347,0.0,0.0,158.07590224570632,57.64114217233444,71.9357569327054,61.690298881308465,56.1306911089711,70.74722493373875,73.26432365186254,61.66595498231611,77.73422693767307,58.76583605562584,61.866226263635,69.36074805805607,68.01883575573143,62.12672002466714,56.0755151237136,76.75935696883616,26.089077283794033
1186,1484.9302586581691,2294.1946851905923,0.9253490630818296,-0.11985708545537879,-0.31964876202359316,49,0.0,0.012165168443779028,1.1186102171418209,-0.12169695440362274,1484.9302586581691,2294.1946851905923,862.3125474562362,0.0,0.0,157.49151575230184,57.6429261560799,70.1720531940752,64.41098144883279,59.768241279626594,57.268685356953654,46.813381575528545,54.5505314505455,40.59011409730475,67.30156435268398,67.43847298771783,56.6405698653055,66.24920246416849,54.486257678940774,61.139134464789635,77.92390327499479,17.559453964768167
1187,270.3571690225538,2296.703214081035,0.44053703819332257,-0.26342140247772866,0.26476583911048246,49,0.0,0.006423243546031705,1.1562779776997891,-0.15765563553233664,270.3571690225538,2296.703214081035,810.7819698383805,0.0,446.9621603029709,158.43700778808386,57.63977291376419,77.93637702945233,59.62346710522865,88.66122364802385,60.44476849344576,58.58468463856319,72.48939345100445,63.19887473496327,32.74472377340187,34.24697985538465,58.61901228053763,38.38532453064632,36.1340862512594,38.108700634508956,68.30664031506583,23.29771309689437
1188,1329.1912645198252,2296.25452232164,0.926588549621156,0.4139044884773885,0.4226199717770749,49,0.0,0.01862827523954547,1.6517947751627442,-0.5448902201259651,1329.1912645198252,2296.25452232164,1082.6253124976515,0.0,0.0,157.61276647983308,57.64364031847014,76.066351820482,79.09633985271215,74.81792822286488,74.67694201354004,66.4898709295964,86.60700463062543,93.64655311574501,79.18984327584533,66.30236373833378,77.58191496953845,86.65460145919906,65.16035819974569,62.19608179691316,71.67596277893026,22.46319569358003
1189,629.0690586557105,2301.3223559117214,0.6568906248235189,0.37056457981051477,-0.23508521199720517,49,0.0,0.014206050784675168,1.7233287225349803,-0.5909203160319855,629.0690586557105,2301.3223559117214,856.0500503722105,0.0,0.0,158.15784254456878,57.6436712304869,48.06835028876574,52.78647693844279,89.01007523738899,50.47516314257851,48.85841561944756,67.7462875075606,53.28760284815374,61.4028963834541,55.995007802129706,44.51942680916872,66.46090865497575,74.00037123618759,63.82894523592915,65.64759911779707,13.962523550230468
1190,2173.4786207257653,2303.9459233892926,0.5193396266865964,-0.09704827358936124,-0.2204918621417891,49,0.0,0.01034985808048913,1.3529659072868399,-0.3282171329135974,2173.4786207257653,2303.9459233892926,967.4790842835171,0.0,0.0,156.95542325580888,57.64623585120271,60.79105965887426,73.46201752997675,75.15805194754302,66.61496130502174,71.18085972739843,65.86561984277694,61.7966549951165,60.09712183108476,53.26247173558819,56.55492962394438,73.0427716588155,75.95229599364268,66.68301794430475,89.40915128471424,17.608099204714904
1191,1134.8391821354014,2307.5626175002376,0.6846462869714478,0.27256422275580344,0.03119048892315492,49,0.0,0.06350273701418166,8.386737994112298,-2.3089826891316325,1134.8391821354014,2307.5626175002376,1741.259110316248,0.0,0.0,157.76412094441787,57.64800930525033,129.7342564188295,127.26434901920615,136.7890910285686,129.28380831899165,112.27444468081606,104.38013525228563,118.86125217070264,105.03170361207498,115.21227452828346,115.23742788263273,122.15605001148471,126.55520447080949,129.37637633241928,131.15335091203445,37.94938567710897
1192,2199.252044359092,2314.034571860758,0.48493091932126664,0.20418136208641818,-0.008279387381760912,49,0.0,0.0376885283521551,6.118460061428519,-1.9666053237546004,2199.252044359092,2314.034571860758,1463.531102984809,0.0,0.0,156.9353032258781,57.65036698312021,96.61321988897157,104.07218221653153,92.91622209437017,98.94657907222546,104.99980089404224,103.28628627883492,102.45916265196408,99.6815280393968,95.0329128089339,108.2811442661017,111.85349973106835,92.53672046552546,94.754474879861,130.0921065843635,28.00526311261835
1193,2892.3572567773285,2314.541199458158,0.5814031466262448,0.5582221634185799,-0.0896064109990833,49,0.0,0.013991763569692776,1.5979099916202768,-0.5088807809312129,2892.3572567773285,2314.541199458158,1092.9381198917326,0.0,0.0,156.39566850776862,57.647444064852486,66.5223734901335,84.967513636088,69.79618609689028,67.08777323522081,85.10474051128088,78.45638688465623,79.36065603022186,80.16822383602579,84.4689415177981,85.45444159566561,68.5776525476931,70.81988666066326,81.86236525242653,70.16819474012767,20.12278385684084
1194,603.5485963467545,2316.7068028257722,0.9115880758650443,-0.41176296431837667,-0.42404512959877866,49,0.0,0.013578994185111461,1.1809907188117155,-0.18061621146669138,603.5485963467545,2316.7068028257722,937.3358842485397,0.0,0.0,158.1778455547781,57.649960543306406,57.60368688165599,72.16615997657976,72.86588756204145,67.43461294535373,69.51021266050066,57.77091789623825,68.40548686763256,60.4141808626991,64.87025444644819,64.42384752308043,60.485403354179525,66.99891440078817,69.42088607406805,65.03540764608084,19.930025151193043
1195,2410.8291493001407,2317.391981135047,0.7029043535836949,0.06653535477830753,0.15330752916153328,49,0.0,0.013149634094951611,1.4743047909620413,-0.42146819210019415,2410.8291493001407,2317.391981135047,867.8260501239935,0.0,0.0,156.77053883021918,57.65105271298329,73.05030686346109,55.06816451108686,53.0837891162489,55.22323817036878,67.44796615598852,60.28985482805763,61.789801259318324,67.2615343161475,54.85882344419818,64.770889178282,71.28244349975742,49.58189691890938,58.22402624658446,61.58592201366449,14.307393601919998
1196,813.9344222440482,2317.7426352210787,0.663135576470033,0.1146021794149315,0.04406784586859554,49,0.0,0.04034825875797641,5.367656673448711,-1.8244618241639161,813.9344222440482,2317.7426352210787,1334.6733168410924,0.0,0.0,158.01404425867634,57.65128957391712,92.2346554254365,85.01428048155037,90.8879327916325,89.90119199164734,81.28507137341127,92.12968946724828,105.36294286667427,80.60470798811238,93.44369947797958,92.35344235022096,103.47386482940608,88.86575223050208,107.53523515564086,100.17193637499186,31.408914036637974
1197,1337.0963682175436,2317.9638642374566,0.5507851475913887,-0.46371677386610677,0.12985860883181952,49,0.0,0.017236791582071823,1.3694625806140128,-0.34137542507321417,1337.0963682175436,2317.9638642374566,3223.6116933234166,0.0,0.0,157.60666304753477,57.6526956888924,190.51090436093915,227.13148196675527,207.22438708145836,221.87077877717758,236.01268943634824,241.8157974605179,245.73141006521365,201.50501826984976,222.71334378053893,245.36745439480114,198.32317476048883,233.20885476285778,225.06462806996373,257.750509231763,69.38126090474341
1198,2063.612098524222,2318.922372623629,0.6060669459835079,0.30144458828249465,-0.13434840795640593,49,0.0,0.9878414243902519,144.14109457456786,-5.396969539172752,2063.612098524222,2318.922372623629,20782.990608014108,0.0,0.0,157.04090052998743,57.6527479775813,1385.6617486045525,1432.7853800913576,1408.473297830512,1405.5968030895647,1485.5688120293353,1568.892214910742,1454.626580823072,1450.7259900283123,1408.3593513364572,1487.0886339128795,1460.9550794553234,1481.673799300239,1469.9329951610093,1465.3795171724755,417.270404268279
1199,1032.688127774263,2319.921822435731,0.5932002543069376,0.2285321418354774,0.31308033482862996,49,0.0,0.009289093474756682,1.0999153512402275,-0.10339815856865053,1032.688127774263,2319.921822435731,824.2433893650968,0.0,0.0,157.84371881236535,57.652906196206004,61.492751377248,55.025776274252316,60.44987477504338,61.66017615226924,57.04421465838914,55.1754073368604,65.97436701458372,52.4602989837394,60.298480803672895,50.90793612686997,54.49536809310362,60.57027511462359,49.62779599082023,61.62085017786147,17.43981648575938
1200,1247.7006178836266,2319.994925463833,0.6901883476364534,0.05622345258810844,0.05767556905965844,49,0.0,0.016147876235796468,1.9374485913059267,-0.7180754691608846,1247.7006178836266,2319.994925463833,976.8109472407709,0.0,0.0,157.6762839236719,57.65341016044394,65.198288942131,70.33542956434437,57.02937338369395,71.88361526355932,61.47941939870743,82.00911353287248,78.66165215905372,60.00927213794097,65.98212408951657,62.316378681190265,58.26648038412839,74.89193583130287,74.86110919569157,77.15034867879957,16.736405997838425
1201,285.6259907191861,2321.0826358357144,0.8305385455929026,-0.9385636895799371,-0.41235921615030297,49,0.0,0.013713674716021671,1.479258629238068,-0.42511027852066346,285.6259907191861,2321.0826358357144,923.2289525937678,0.0,445.7097101027464,158.42540966652464,57.65002567483574,147.88167326483546,96.3083308074788,67.55716008120022,80.57545234084884,36.77751892916183,37.53641182014783,107.67618370872972,62.01939565865996,39.04223429991563,50.24461311671284,43.09408806744533,66.42029894224098,27.722228043419637,46.48437149954904,13.888992013421557
1202,1309.8582338849073,2328.196626199264,0.8958227049793477,0.08923275372876682,-0.07366726859305911,49,0.0,0.02223591576802116,1.8466074937875931,-0.6659364841375354,1309.8582338849073,2328.196626199264,2230.4168327579873,0.0,0.0,157.62790057951202,57.6569230891623,146.63734640128231,150.17492054309866,144.7466502872506,184.47049162111335,152.3537398030097,145.4682019623661,153.1199061794631,152.21085307739025,141.5076637550094,164.08645060632642,148.37917361237353,167.9107580238173,166.67980214142852,170.8624152655712,41.80845947848687
1203,399.46785331583175,2329.0807367216885,0.6995226455632919,0.2006756156606209,0.22229160302960413,49,0.0,0.012884230320749687,1.2316570766260018,-0.22622451620260373,399.46785331583175,2329.0807367216885,1044.812116570263,0.0,0.0,158.336865235561,57.65404270355804,89.70762195830491,69.53223458838141,77.49150504361835,68.74044748537241,56.8692221433265,69.41360311441429,73.89434841152271,61.688315785533646,83.01880034110872,65.56757656572283,66.24939849382339,75.6980302100211,84.95047421359394,86.43786528495338,15.552672930565427
1204,2301.1756101685364,2331.3898958314794,0.9366756076803028,-0.1580017883519138,-0.2632730933810812,49,0.0,0.012480672414392558,1.0979578155522873,-0.10146413620320849,2301.1756101685364,2331.3898958314794,822.3686902220657,0.0,0.0,156.85583303392187,57.65728106177056,49.27020870814761,64.9738559636223,60.959785358752825,58.371139150768116,55.88561354346072,52.8084983425718,65.95170004285744,61.51540867051996,49.25084582096024,42.7599583406634,54.31296816444866,59.57326293828817,59.58731471984831,56.49011255473387,30.65801790242226
1205,2055.6819751464086,2331.9740810854137,0.6119958377686125,0.08182221904652626,-0.11374179260495333,49,0.0,0.02438585284456796,3.026350493975326,-1.2022980600313815,2055.6819751464086,2331.9740810854137,1560.8712070240426,0.0,0.0,157.04702287952045,57.65820335441541,97.73120947036799,101.52013290578284,97.06844119630054,91.55598912034306,102.5356238489902,94.01821954790461,118.29229984563719,113.23349776477824,106.45718879047885,138.6606072219503,104.14484592329819,124.92488105064514,115.23431188429824,121.52395367742837,33.970004775838945
1206,1191.158938567623,2332.6789811733925,0.7541159409385901,0.6233735089070407,0.6620248834866221,49,0.0,0.011555591473122477,1.1572365547573118,-0.15855535918771863,1191.158938567623,2332.6789811733925,944.8865516204846,0.0,0.0,157.72036110418279,57.658591870231106,68.26250394987602,50.14479578242932,47.656324448999634,76.128807486858,67.19947552641783,86.73090820377658,50.35070542326103,74.96011828584798,66.52876421247723,61.09086894985361,76.99235325749561,61.88750142098162,65.2923302662382,66.45574506793832,25.205349338033724
1207,1241.621057161601,2334.2208327809685,0.6006143430054713,0.1295549212271945,-0.027844573490886957,49,0.0,0.05466536975167156,7.542087593663631,-2.1937289299671145,1241.621057161601,2334.2208327809685,1759.9617064110475,41.750727003050315,0.0,157.6810638059233,57.6593270359561,113.44628998337647,110.00226999506918,102.95809071561825,118.62054785569441,105.59407181428622,136.70162373669936,133.38131263591185,118.53878460633005,123.8582028463893,148.17322054044908,129.98773168997744,132.279314280482,118.41579143189382,122.45155584106465,45.55289843780527
1208,1838.0310241387565,2334.7294674745003,0.6569938608938928,0.6333654956228228,-0.010264905193902628,49,0.0,0.013388110259986544,1.542773781533646,-0.47075562424049666,1838.0310241387565,2334.7294674745003,979.2788268310147,0.0,0.0,157.21653304851029,57.659712128988474,68.39436097471658,65.00491115163123,77.4188614223005,72.55090658817463,79.95621671318983,79.80759957305357,70.77963829498506,57.597627376112214,65.7152525064023,57.00841012317973,67.91748198414022,67.99817240504375,63.64356089343851,67.59751855668566,17.88830826796098
1209,2046.7565111943047,2334.4591965794616,0.7543664049269905,-0.17367412856097644,-0.2104543958497232,49,0.0,0.011931179788964168,1.1727951485249892,-0.1730554019116628,2046.7565111943047,2334.4591965794616,1103.3437400218506,0.0,0.0,157.0539644297073,57.65925802113868,82.56796496250118,80.37793329783875,62.497940750239465,71.23521933096234,57.31443994719567,65.01224322841648,83.99464023872414,96.94273669854128,70.97828548550078,80.40151550808866,71.52432437056946,68.67437645470893,87.45254176492325,96.14037712451804,28.2292008591222
1210,2099.352541898583,2336.7786455758283,0.8544511979389389,0.40253274174487796,-0.08534467207608103,49,0.0,0.0244016017198815,2.342116463237218,-0.924021217109544,2099.352541898583,2336.7786455758283,1160.7534868513546,0.0,0.0,157.0129896324412,57.66010547030316,79.29731717812226,84.63875878955763,91.38725779483043,61.7601894750571,71.29804676198822,75.52789016042601,80.63270832499165,91.62061386535441,80.49181710227137,68.30772730662525,90.96708170062692,80.26341081656301,83.50009088456389,87.29064421975725,33.76993247061924
1211,924.2970331377991,2337.6413752058706,0.5305282009885013,0.4333386769584194,-0.17450669674401262,49,0.0,0.02424159752921377,2.922684843046309,-1.164454968341297,924.2970331377991,2337.6413752058706,1506.456310574252,0.0,0.0,157.92822954249525,57.65996627796326,98.81923076033802,109.6460068266478,96.51920979079287,101.29721002481384,108.29515902722213,102.12603814814707,115.48610632042269,102.80107303372131,78.97998791036008,106.27635449100646,113.17978417397248,115.35015415915555,119.99430943422936,106.96848984741136,30.71719662601106
1212,1679.2815394788308,2337.91263253565,0.5832350753295746,0.1633636534154865,-0.05560166973911591,49,0.0,0.41077580278505904,60.690103258078665,-4.457794690998191,1679.2815394788308,2337.91263253565,9390.558337803088,0.0,0.0,157.34017791011354,57.66115856053527,610.9015321077293,631.0682554652487,615.4338727266844,612.851978542757,677.6908372007736,654.4876078902837,708.8584455882276,645.1339830638822,644.0219732683909,727.1633153167909,641.557233047338,688.5623808851444,677.2707230056615,654.5361891774484,201.0200105167271
1213,1371.9957247552184,2339.0500779264635,0.5292894549169046,0.06453281952270842,-0.06662228792924317,49,0.0,0.014137310385502063,1.9279647910495687,-0.712747746125913,1371.9957247552184,2339.0500779264635,950.6912205720114,0.0,0.0,157.57952890560648,57.6615223888939,45.296329730601386,75.6535428440132,64.67281739476124,62.48819041796826,58.68976239358392,71.16069159280858,66.97220250051056,58.20488679779234,76.92277188759527,89.4028801041332,54.36010623084672,70.6646283091819,65.52797424719523,73.69424086703995,16.980195253979705
1214,1738.248751559808,2345.1997473208603,0.6116117878270078,0.17589311480120468,-0.10645032233666997,49,0.0,0.031839432954855244,3.533116018456789,-1.3703947469612272,1738.248751559808,2345.1997473208603,1755.8451546142524,0.0,0.0,157.29423866457435,57.664164211943536,115.78262945329332,126.0983725975164,108.73132795353695,130.13970706698115,127.92652002081087,122.30918076541785,127.92356223891994,100.99783463501187,111.76954089082017,132.10882634062753,140.72722729114653,141.05298789322498,125.0795540193713,99.99375037183037,45.20413307574324
1215,1128.3601296691609,2349.2849155147283,0.47781546046428286,0.02011642258354681,0.031166203435426077,49,0.0,0.008558073112023615,1.143977840082617,-0.14604402962360946,1128.3601296691609,2349.2849155147283,965.2086472359169,0.0,0.0,157.7693412047948,57.66537822065955,71.84149481039762,76.04089047908897,64.58231565338956,72.09635099088072,72.61612819749348,73.14952204402405,71.60796316017156,68.45767226643623,62.16424431686002,65.0075871697775,71.24233239149132,53.72071741516017,67.47868193921835,59.79915370038344,15.403592701143937
1216,2351.8826229823344,2351.5199918905255,0.8038418799243623,0.5646401861390867,0.014092098371404672,49,0.0,0.010931311432079285,1.0548599456597778,-0.05798700485484875,2351.8826229823344,2351.5199918905255,1097.9136619923438,0.0,0.0,156.81620856258232,57.665491766605285,79.89637989149782,85.70908800959057,64.76200714147119,64.54464384979653,72.87761984342279,64.54141145674278,90.6207495436719,64.16122029178547,82.46316960371459,91.11780916199199,73.4483023490472,75.26254618067507,83.43746823352845,82.48901734056498,22.582229094842496
1217,763.503634528589,2352.2257695402805,0.3739612208171649,0.16017357460102327,-0.11259198317285637,49,0.0,0.007441531913221117,1.0769017340757527,-0.08044019070623074,763.503634528589,2352.2257695402805,890.4433971562514,0.0,0.0,158.05356895484738,57.6654603684426,59.773905122782836,72.60354963734306,54.88319721498153,53.921673546542834,68.35309972645518,68.35627764630141,65.03620690754423,62.49568447037516,51.65225168136271,70.04800356921251,67.60458257007821,54.28536180774871,61.400880907928915,67.75689382023472,12.27182852735945
1218,1872.9001486333236,2353.6974793026375,0.844536484724879,-0.08125558294655975,-0.18010939274685395,49,0.0,0.014115416553643054,1.4243611387917279,-0.38405029049180944,1872.9001486333236,2353.6974793026375,925.0055899409508,0.0,0.0,157.18932823499406,57.66757263689732,70.57406174070077,75.19907559217336,63.69717658053946,70.64186674570594,59.7951591877179,59.3407352980128,76.30514335794093,58.65083997879566,69.93666495745019,63.889930500942484,75.62681214389454,42.49798096931255,51.50523304099654,71.31441087239565,16.03049897437213
1219,620.9306494910601,2355.620485283075,0.7579002295121348,0.3830289148278885,-0.3632379649704736,49,0.0,0.016966358750651403,1.6777591158408591,-0.5618240179141306,620.9306494910601,2355.620485283075,1035.7641702300702,0.0,0.0,158.16465195326506,57.66625485393121,76.76914336843991,79.3411134978177,77.99243489543429,67.56805818318995,72.74871057610953,74.41644551493698,66.69256633385149,72.38597602721293,74.72612218117382,57.74347588491768,88.34688840445344,63.69603671356299,63.67555736135995,74.46915184398071,25.192489443628748
1220,2355.063302034639,2358.2180610560044,0.5716483649858991,0.15452112371160198,0.7646240852079744,49,0.0,0.013156536170047636,1.333696003046363,-0.31264212409215725,2355.063302034639,2358.2180610560044,1223.5360232372043,0.0,0.0,156.81368588422154,57.66827093523991,92.23503926824242,84.59445678388532,82.00949337889605,76.24086978001912,70.09072934647817,66.27089385517996,105.16276119421258,70.61965911147888,90.52843288119925,104.83073169421641,67.56403164661428,83.80317857111797,98.2106937938621,103.63668852496973,27.738363406832047
1221,1161.8671607569388,2365.4859358342815,0.8331334169695108,0.2994105185384143,0.10865946587588264,49,0.0,0.024990551020117616,2.555990556511764,-1.0188981123090137,1161.8671607569388,2365.4859358342815,1172.103520087492,0.0,0.0,157.74330309372456,57.67220135773005,91.17748777932283,102.21331451152781,73.2179005026654,86.56704629710416,74.75036704500562,83.31203735402167,78.33067242712808,73.51401714110418,81.55785025848766,79.42831569501799,78.44221074668604,84.18902184070257,79.75418574306454,86.88216975617073,18.766922989482662
1222,920.5902300828143,2368.341502444779,0.6615730903364531,0.034617857022570246,-0.07490559244246975,49,0.0,0.09245712845477332,12.738994470762448,-2.7628378727782152,920.5902300828143,2368.341502444779,2329.2142965352596,0.0,0.0,157.93130272804265,57.67274504280477,140.26708385695778,150.0319567575742,186.81376813989237,154.014586213596,142.63734290460155,188.0135199684764,165.4090765806847,137.42620236579063,161.61032023217632,184.48550138367898,159.87468459412304,165.1318113703995,177.24336828212887,157.09974620446457,59.155327680714876
1223,1311.0532857743995,2369.165326372451,0.6089938907322116,-0.024968387467303368,-0.22200667988239775,49,0.0,0.01034103449564048,1.3253772700414168,-0.3058487956357476,1311.0532857743995,2369.165326372451,1166.960765978077,0.0,0.0,157.6270756093192,57.6739944024806,82.07161373065085,79.59188211421056,89.55858647701892,78.80689047184305,80.76099923240653,90.97903379669432,88.31459326552755,85.37225849842005,85.1978221459913,71.76813123916281,78.45068622496318,84.03573186242734,75.17891146507759,71.7377019520568,25.13592350162604
1224,477.4986256295244,2371.2176624387093,0.49035119673144917,0.6567161248550862,-0.26716804603457633,49,0.0,0.00839556101945053,1.0123557824410145,-0.013332919590572756,477.4986256295244,2371.2176624387093,1036.0828602869587,0.0,0.0,158.2765292020137,57.67203099451483,79.28492463052547,68.52147185202088,72.47747995206484,77.92576551325266,60.819267998074736,76.37801166267583,64.9126805731311,71.49931897151082,65.06985358586611,68.00083588656992,78.43405120931064,67.55067103550984,83.27564776060126,77.03658792837146,24.896291727473212
1225,407.3359176776046,2371.6900900074056,0.31078542204101417,-0.03144256964364657,-0.224166528193792,49,0.0,0.010124511527950696,1.1804883092101828,-0.18015422616361693,407.3359176776046,2371.6900900074056,1242.0986267655687,0.0,57.91762403259122,158.33119223836243,57.67183880938893,84.39409163014932,94.84889479172654,79.59605380473208,81.3465987249217,90.87026628466427,74.79408132358361,90.21033289045823,84.56395039678837,75.84471643254668,91.73121977570298,94.89344353017734,96.92657859205957,86.94269002428571,88.18810609027565,26.947602473496843
1226,697.4348076836433,2371.7779591982558,0.7812451478816559,0.2027439548917088,0.07959347756037652,49,0.0,0.013496286311820569,1.4319992025109243,-0.3898569402766565,697.4348076836433,2371.7779591982558,806.1770929509896,0.0,0.0,158.10518962276072,57.67333112348175,55.27631728440406,53.19305359406388,44.803176804510066,48.36135511855312,55.7944590518455,47.57384374892959,54.5063247483807,52.27255683374429,59.88266193493986,56.0634497883156,53.69266159444894,76.68337957108129,56.51437710420208,68.25365043306272,23.30582534050791
1227,943.3812321260576,2371.7763968677746,0.6111948517756272,-0.16929064567405466,-0.22608067637020024,49,0.0,0.01049224426542651,1.269032594499775,-0.2586819422139113,943.3812321260576,2371.7763968677746,931.910209606396,0.0,0.0,157.91356591414376,57.67424909490833,62.93369405272561,63.362486131988774,52.9471868657247,67.51113525598707,54.72415442566232,70.77466583993407,76.84669906104583,71.35418311230949,64.76960459335142,68.15183987247471,72.48024552931787,49.47777294694562,71.09513401794564,72.77335812462661,12.708049776356372
1228,966.2674184212467,2375.0070107529277,0.6426782595664613,0.13768192815329094,-0.07310732548147038,49,0.0,0.8864047411056664,124.3422842300954,-5.236547103281922,966.2674184212467,2375.0070107529277,17784.413285567585,0.0,0.0,157.89575228411155,57.6756658457796,1164.6522499513862,1251.1813127946334,1210.333544810906,1237.6368312972304,1243.3436825171868,1265.6934960427247,1235.6872695685868,1240.114085332816,1262.1350036037556,1276.4905738773487,1270.1467707033044,1282.0973554013776,1242.840291968092,1270.0197263443124,332.04109135392264
1229,1305.0794154263301,2375.785950024384,0.610871193880766,0.12695668591039383,-0.17924704830605395,49,0.0,0.04588811109956758,6.092981064310769,-1.9620745710792173,1305.0794154263301,2375.785950024384,1686.5437312655438,0.0,0.0,157.63174778555978,57.676744521893255,103.22968284770928,121.89320749478807,134.99794603336647,120.20899250398605,109.99996452853223,117.55852982680884,130.8969578905659,123.68943489306788,115.05625013693988,105.78040478046738,123.88446905232479,126.15012717210537,124.44751520953625,103.49411179473532,25.25613710061008
1230,2815.9092620036345,2378.465114677717,0.5150044350829901,0.5040959288258615,-0.1320476313800159,49,0.0,0.6293738747225259,92.5971517888233,-4.916494070878132,2815.9092620036345,2378.465114677717,19024.89596756408,0.0,0.0,156.45448904806744,57.67453301128607,1213.0350391719805,1363.1587731827246,1300.8453105247895,1310.3816357600285,1305.1858626804717,1360.220302248114,1369.8502541010507,1381.673526668747,1347.6387224852206,1368.8305097806324,1299.2839424029837,1371.1171328976366,1302.8589137442113,1344.5509978755795,386.265044039912
1231,1568.6653411847142,2380.538769145305,0.5363365008611591,0.36300499885329973,0.2156178710928971,49,0.0,0.018304646887632094,2.454126099758378,-0.974742185527418,1568.6653411847142,2380.538769145305,1337.4338303823529,0.0,0.0,157.42635051396934,57.67893133482304,89.89481734631659,99.57401306182024,96.14558503899892,110.59182296054968,75.03641628270739,94.47356914186419,89.48479251191799,84.53999197899567,104.17130012616113,92.51827711497191,83.18106447527778,99.61893389789093,104.53586840308517,92.4139546507026,21.253423391092674
1232,1776.8391600209222,2380.6449736780573,0.21873749150720928,0.2500228084979791,0.09195231848536463,49,0.0,0.00931759863578737,1.4870553647551803,-0.43081784524580213,1776.8391600209222,2380.6449736780573,1149.518046341245,0.0,0.0,157.2641219178678,57.67890355283317,93.215675534827,90.72880609608764,64.59211266089102,95.39024365611812,77.62853806802704,70.54612777710881,70.84762224642645,56.9258108240257,69.94076305609681,77.62670023038152,96.75425433660374,75.90039463397767,93.99049903042379,91.95731240744041,23.473185782809303
1233,2147.6188334333997,2381.8716060509264,0.6094686268560703,0.19263182359095282,-0.20798113607977697,49,0.0,0.03770879160357914,5.142313525527068,-1.7778963798410852,2147.6188334333997,2381.8716060509264,1520.8437875010359,0.0,0.0,156.97517665541636,57.67877231525421,88.266199987324,104.00493700620905,95.81513228227954,110.84182025971238,101.15951697093053,89.78941657690716,110.6614565124593,103.32060109591882,109.75813173220253,134.71048919977542,100.43056986639496,120.16549794033806,118.42534721158066,106.59331381019894,26.901357048804655
1234,1562.1899636541489,2384.485000602703,0.2578481508121463,0.5321306222214582,-0.05188740569738191,49,0.0,0.008371424080691912,1.5507906473804736,-0.47638293292185585,1562.1899636541489,2384.485000602703,1213.1827778788997,0.0,0.0,157.4313980876773,57.68057445690291,84.8861243867948,92.46088686785754,89.22167677165768,94.96155211076189,68.53778220854245,95.62709455837478,66.23558879492771,72.73823042298861,97.002425609704,86.02068563456898,88.18941789605462,95.22255086315755,84.53796114275656,68.82647653745133,28.714324073301313
1235,2102.6520848529044,2390.799796388767,0.3835508259240692,-0.21063009114855794,-0.2544089362732792,49,0.0,0.01169804561984733,1.5692060748790069,-0.4891999518704283,2102.6520848529044,2390.799796388767,998.2038342028192,0.0,0.0,157.01017772446144,57.6826051642482,72.2184325932044,80.77605832468716,55.84141406951103,67.42058508216991,64.26873331617702,75.56370490101196,64.66159133346022,67.8530594717695,60.54402977657087,63.767899197955934,71.58761089012046,76.77485815541293,79.54066409950023,80.97375964322876,16.41143334803874
1236,2791.5154495070124,2391.4669419005836,0.44560799369672804,0.7085752752990535,-0.5413479181739954,49,0.0,0.008520952821156945,1.0791938605997173,-0.0827486650583198,2791.5154495070124,2391.4669419005836,996.453400221909,0.0,0.0,156.47335528587107,57.680090085304705,68.96464968271597,70.78380790587342,72.96942278852971,63.97797632795076,65.65365296601651,75.84623309820303,81.4688850197596,58.74913086811392,60.23454345846926,59.01634911838044,75.45742507763448,73.25371284265748,73.0279596458664,78.71453614837668,18.33511527336131
1237,2508.04505433365,2391.930454469701,0.6515710023478414,0.26838226439923174,-0.1916925771607431,49,0.0,0.0502711011370413,6.650691506235608,-2.0571670086446128,2508.04505433365,2391.930454469701,1661.6428974644314,0.0,0.0,156.6942408028248,57.68170767133934,97.93093917777477,131.27386022391275,109.46900003142274,97.2916778026707,109.08058914886558,103.65504392651778,130.81013987720763,95.62888714385886,117.88905391340319,111.24594557666393,132.01319649911267,124.31600161825828,129.15640092486376,121.60646098817878,50.27570061172
1238,1761.2889378299512,2392.980276774262,0.6852911027749938,0.3315970405191336,0.20832528107185358,49,0.0,0.010833476366976664,1.196826699581396,-0.1950781728741788,1761.2889378299512,2392.980276774262,818.8452553675577,0.0,0.0,157.27622236625595,57.68405563528513,64.03233627779335,59.858747833005026,62.10172731390184,58.646153763355045,52.44001386957456,55.337707766198925,54.99374516684556,51.996568129763276,60.09825446970939,44.28987935504364,47.813889638013165,71.47483675156711,65.49272950064332,52.948862611674045,17.31980292046939
1239,2299.803500160259,2392.4640054891106,0.5675967567940439,0.2974695008503124,0.004120951583557408,49,0.0,0.08279888158166174,12.281969394390996,-2.723170027057714,2299.803500160259,2392.4640054891106,2373.7978341138987,0.0,0.0,156.8565206345046,57.682731277872605,159.2765385479576,162.52639438311164,157.21642250706213,169.66366388689602,166.26695311943882,180.26371246075468,155.11242150651185,154.79164173151355,164.48748666622492,182.89313674787377,176.34930477281523,161.13454639611854,180.61705255897195,159.4665139021173,43.732044926530975
1240,2054.2400860370967,2395.0610932972722,0.7044820013143485,0.35436764388102826,0.37945052677749347,49,0.0,0.010221201113933816,1.0860807338545144,-0.08965527437587462,2054.2400860370967,2395.0610932972722,932.1495427182318,0.0,0.0,157.04789050184772,57.68449143754464,62.30273500197003,54.4730709780215,59.89280517194477,55.455380448541256,62.37527981341978,70.02892078627687,60.62480899262508,53.70673633015946,75.47234855172545,68.6285332273737,64.98862062869765,60.03910957727503,84.52146824403479,79.99876484388241,19.640960122284106
1241,2518.096052764419,2395.0959989728613,0.5187336714113308,0.3935718664223447,-0.11871208227537089,49,0.0,0.00853191470995386,1.0537551356136214,-0.056849260572440455,2518.096052764419,2395.0959989728613,952.6151424774191,0.0,0.0,156.68638237321164,57.68298257295134,66.37765739899463,73.159156216386,61.55022362112439,67.13211896549024,67.47405923057443,56.76837329564325,61.56067230405028,54.92424613034815,66.19258260385261,76.01636045837029,67.58746329171373,72.44010146294522,57.70826136422954,84.2279266907676,19.495939442928673
1242,2702.0067673828316,2396.7962849412606,0.5915354831744628,0.3996240106195335,-0.173395824046988,49,0.0,0.15625874184594132,22.028027287942336,-3.357439014515331,2702.0067673828316,2396.7962849412606,4473.854047629269,0.0,0.0,156.5430482709551,57.68280167485837,262.79557873333266,326.1308640244954,313.4214423191232,304.50481559214643,318.6811612416605,339.88766155951953,322.23260199263734,319.59342608483223,298.38240558270275,315.5160165358923,313.88219182413934,325.98759702353226,321.46476951987137,303.200388358736,88.17312723664728
1243,2630.4447359863398,2399.1320406588507,0.8281590611998046,0.6796499149699867,0.3706033129696803,49,0.0,0.012440304324596852,1.192126978640786,-0.19080629116570696,2630.4447359863398,2399.1320406588507,880.3729240414652,0.0,0.0,156.59879334668796,57.68414005399766,51.53088250811585,59.42626897826088,48.312620685349174,59.47736711243532,59.68241795432323,72.08194119016386,69.37263724591111,47.64939334849427,57.42702544463478,70.07014734995019,62.543952077167475,72.84196407761358,83.43880205334065,49.25582043704267,17.261683578662144
1244,935.8043596016519,2402.9423502978657,0.6118056740219419,0.35042776077932347,0.476727569487959,49,0.0,0.02498758790171693,2.980790070536297,-1.185828477134514,935.8043596016519,2402.9423502978657,1286.9134159171567,0.0,0.0,157.91965435957505,57.687209978717966,89.91803587565732,83.01747021255123,102.6320481558978,90.46023924569687,84.37368356227205,91.86930369433153,91.27970527010581,80.08257242296885,75.15548668674283,79.73020798816337,110.11162062378285,81.81243245665024,92.5286787321231,100.0147581123046,33.92717287790819
1245,2257.455474054735,2402.8930567710963,0.6524281774827383,0.3345743397970675,-0.22659206720066166,49,0.0,0.02345398042694233,3.0087685074233135,-1.1959719367678312,2257.455474054735,2402.8930567710963,1087.9420073978997,0.0,0.0,156.88946274588332,57.68721394409754,90.63853487395144,68.34156844437464,73.67183218042297,66.0665074590944,89.75921792624959,65.29632105469766,69.05671098605389,85.18598190704542,60.98794557131914,89.36423555026886,59.7351931042265,94.04454970801126,80.48865716516741,80.79981447557574,14.504936991440859
1246,2315.7097105518774,2403.8443719036977,0.3448611819058069,0.6519310406651998,-0.19773408343569612,49,0.0,0.010945048593640056,1.8422199902170533,-0.6633537264769747,2315.7097105518774,2403.8443719036977,1045.5548454507268,0.0,0.0,156.84405180278236,57.68741883212304,53.57892938514934,73.78329736432227,84.41310419554843,64.15225728201527,68.63779718901898,77.17467509927769,83.96669971903378,76.9276633708163,68.35447968072793,76.2060830544699,65.58576927026681,62.29930072279201,74.06389683063463,81.00418601114667,35.40670627550688
1247,1427.8200789857497,2404.8877252041316,0.49052743995059606,0.046323923952220875,0.28477606426210866,49,0.0,0.008174945684825552,1.0970496789015336,-0.10056573663114277,1427.8200789857497,2404.8877252041316,917.2234906771457,0.0,0.0,157.53614772963863,57.68900739441323,63.579114482853115,76.22548316233583,62.487833361197275,73.9524211968745,58.44330114256658,67.7615480271979,57.87853757817186,60.08231861390796,60.32828325969973,51.45847951700912,62.92235671121607,74.73266056660843,80.63987833871721,50.069483560054294,16.661791158735685
1248,1742.847264101351,2404.942860794144,0.5213010066924969,0.2883664955060996,0.10076666445225863,49,0.0,0.027793489862938815,4.117720576660904,-1.536642181511498,1742.847264101351,2404.942860794144,1269.898925810307,0.0,0.0,157.29058064241434,57.6890532568212,84.27345623875456,88.77588458131417,91.83176114323896,64.25904963204786,90.84001866655913,88.59262113313216,96.7113365013284,93.51110815216327,95.43791436937977,92.58932808901532,73.94978537930479,94.34421574961917,99.46337074840397,87.2155653339475,28.103510092098027
1249,304.2309375990421,2405.8796759351503,0.819745598750069,0.2770561066811887,-0.2160063433259764,49,0.0,0.01101733912063769,1.1209801798208203,-0.12399483463073055,304.2309375990421,2405.8796759351503,1139.2132430615588,0.0,398.73568038034045,158.41190569536562,57.68546741311392,54.47726217096009,86.1795383908474,221.9962911958682,250.54977554470048,43.03142692131349,38.88411687368145,51.52980454896007,32.85293436628264,59.01260897891373,60.88935733275724,84.95158776771194,45.8429468440049,52.39246987362645,35.81170081539926,20.811421436531603
1250,1107.0509219992423,2406.2448842290028,0.6408973654933298,0.18410662184986187,0.006649177991301655,49,0.0,0.40272773241337284,57.59032989406089,-4.400873915753482,1107.0509219992423,2406.2448842290028,7982.309635867199,0.0,0.0,157.7861915170581,57.68906100717918,509.446683574763,589.8558600992571,584.6895120077356,580.4304120541424,523.0405957859182,566.5043072003011,572.3830045981406,564.2030913820714,506.6188948118023,586.1233258663644,527.9878190345028,581.1701560954339,548.3446737312488,585.2648605519603,156.24643907355681
1251,1178.860260286615,2407.268108613111,0.6237589284056994,0.2094328136291406,-0.014381922587226011,49,0.0,0.030912708726057846,4.347938108446507,-1.59570838352675,1178.860260286615,2407.268108613111,1197.8718598438054,0.0,0.0,157.7302204474636,57.68964473841894,70.71305844583617,70.01163880395478,67.88505093839277,81.3310775165724,96.74151931248625,95.87241645821689,79.33563692918992,79.47672369277056,87.05165960097798,80.85163578064231,75.2872469132518,85.79299540298189,96.75242098457657,100.29154757140675,30.477231492548263
1252,910.9250961115935,2408.0560833730697,0.6372117114490279,-0.15507840208920382,0.09540690588813273,49,0.0,0.020005858647228578,2.4125041281162676,-0.9561701628805929,910.9250961115935,2408.0560833730697,1059.4198594691684,0.0,0.0,157.93907744766594,57.68925983134793,75.67166498377415,67.03103146260116,71.81961072794023,84.93389261299708,69.10147797500608,58.629102145537225,96.34329572173719,70.17743221416234,69.9766468786942,88.69303274198883,62.54254659259699,55.59227517383611,78.17398911241642,80.9459695125505,29.787891613329638
1253,1923.8651422838673,2408.2937764473813,0.6087907461056568,-0.2075649766292489,0.20345240582247906,49,0.0,0.010174471681514178,1.1223125481771128,-0.12528454659256785,1923.8651422838673,2408.2937764473813,954.2080489310358,0.0,0.0,157.149466795058,57.690247468550034,59.709809531954825,63.97222027831009,68.53322667289493,69.8887049095744,69.37087291867974,63.19517139646658,67.88061401040608,59.19798809282878,74.93006394249944,56.88237066033595,70.0941746223595,67.09486673499754,80.15320628731641,66.9342655140096,16.37049335840201
1254,749.1531365432734,2410.1479494952264,0.563606263171693,0.48387994063444256,-0.11643960953305207,49,0.0,0.010870431188742773,1.3561198750149186,-0.330745202360881,749.1531365432734,2410.1479494952264,859.1424067474078,0.0,0.0,158.06518716996368,57.689534238550664,68.67762636354769,66.99035399847402,55.880208510539134,74.99940086277638,58.35983372114217,38.282159367352676,43.504743218834356,45.43792265949499,57.22598552954051,70.24291387941403,69.39748040445188,75.59395045292553,58.470891675191076,59.42597559803825,16.652960505685037
1255,1654.2011697866003,2411.6833829199118,0.2871983355849691,0.5849616133494309,0.1085732241597371,49,0.0,0.006902969760879559,1.034860120943272,-0.037204128569541216,1654.2011697866003,2411.6833829199118,885.5124388866932,0.0,0.0,157.35967799740115,57.69190334066455,53.10800594671807,56.2682117292467,57.62591499175579,63.545062228913324,68.20008202724003,57.66481491417423,67.8993038350913,52.704552099480836,68.05231936561161,69.20416799154631,60.884073232614256,63.551798627058325,72.7065541644844,58.978902949941094,15.118674782816932
1256,1012.8496975025819,2414.01296832056,0.6209481179143814,0.27980026377766554,-0.3971271213648679,49,0.0,0.008404662697838355,1.0130070203211827,-0.014031137774309548,1012.8496975025819,2414.01296832056,784.9695866828442,0.0,0.0,157.85966040827944,57.69205354238665,51.8755766130142,43.848450314102124,60.36757667707819,72.88506770115187,54.60029978937092,63.56160844323367,52.53028188323769,46.37578617330014,58.493372254962814,47.57719466078831,65.06713599283165,54.17793193367825,58.39034877529657,47.45812310188806,7.760832368909673
1257,1126.9984497240223,2416.852463817221,0.2938441143201526,0.42616884391462856,0.25190663102339794,49,0.0,0.008523713350829019,1.3518043470524266,-0.32728459672053906,1126.9984497240223,2416.852463817221,996.2502606622193,0.0,0.0,157.77068747224234,57.69352679089492,66.36344272695108,78.55396262756284,57.46785930437514,58.19947938146432,76.46907660668424,75.28470728079054,70.51952088727967,57.47165409933933,62.437481704458726,64.19156371539056,64.77999937429264,83.77677582114302,76.64305320525457,88.70858443954162,15.3830994876909
1258,2129.298296392395,2417.117901384843,0.8034543176250499,0.48724778862313683,0.050241595859508124,49,0.0,0.012734884341542973,1.2080872967317016,-0.2052457941545242,2129.298296392395,2417.117901384843,862.3482471330312,0.0,0.0,156.98928679395408,57.693504596357286,53.8890697091944,52.971014623933996,55.890889642707855,62.29799348104122,54.632591600234576,64.50557767774197,52.41123992439415,67.13012093782947,45.94069518333171,58.5309557067681,64.81724945741425,69.12256984288456,74.81075126874761,74.45232790955176,10.945200167255718
1259,1622.4598481744138,2418.4251119334285,0.5097157793626719,-0.07996936441696927,-0.36080338188636707,49,0.0,0.009896639263314558,1.217476193713757,-0.2136511946554231,1622.4598481744138,2418.4251119334285,964.0598104171596,0.0,0.0,157.38442132873894,57.69471804926458,59.55969677874342,84.2469407981524,66.25410834534793,54.15927667491987,68.4472027399801,80.39009816100253,53.411884993079255,56.63481328922372,55.09406470037285,65.88002608643723,63.74467040677997,80.87919121737909,74.68441325025249,79.4162959737429,21.25712700174604
1260,1638.499794746945,2419.4462040326725,0.3662602355690485,0.10687424854674198,-0.07429932968868046,49,0.0,0.013014641788790556,2.2199571014647446,-0.8658614555216966,1638.499794746945,2419.4462040326725,1053.1184090522806,0.0,0.0,157.37191571755764,57.695141184839635,60.53723301753293,70.03228572411413,68.92407001611235,87.8818291984164,54.47129622364645,59.28792440309138,63.46259473609945,64.41923585164119,62.64586386795026,89.18689134615963,91.87889764342279,94.56871107922723,75.11786012707421,81.94648033833215,28.757235479460068
1261,2207.054814853778,2421.476202805709,0.7371840351653026,-0.3296737868750126,0.2322558562497229,49,0.0,0.011754724688628657,1.0993550096054783,-0.10284489942973213,2207.054814853778,2421.476202805709,924.7525244157365,0.0,0.0,156.92864618785492,57.69510892339974,54.772444278419485,59.636214719654895,69.12853946304365,49.21656427028758,70.84249435812623,73.31138732824863,63.90673012282187,67.21621016513797,46.63660291142557,52.34019734483067,61.21401898531979,83.3071344911821,61.34910567415022,87.29352316667774,24.581357136410123
1262,2724.3842589071924,2424.1255043266874,0.3025340609029089,0.6153307612967692,-0.20356883428102748,49,0.0,0.012478902747031034,1.7201695636005232,-0.5889281476560917,2724.3842589071924,2424.1255043266874,1311.5172829995408,0.0,0.0,156.5253361145126,57.69406787637143,97.36623472492036,90.63051218162768,84.92236679221335,95.25907649904214,116.37690083832253,76.93184220345147,74.62896841791702,81.57963695909356,72.81842894586352,76.96400385365584,98.99430442460357,98.54136841907982,112.79500589049283,104.73683274976008,28.97180009949689
1263,1070.3057402148916,2425.284252399669,0.5340149834624335,0.0073317498639613645,-0.06670984907807918,49,0.0,0.010554649247068894,1.373019179186353,-0.34419150943679866,1070.3057402148916,2425.284252399669,971.5004588502552,0.0,0.0,157.81492403597932,57.69690349153552,51.97625776090136,70.96772645249136,75.37530894631125,62.17292912367098,71.81440545398291,65.84930350006172,74.20051533263333,67.6507746707908,48.72036695103664,77.48025954535358,70.8217394046315,62.980520946760585,76.75416352351482,70.55695672450766,24.179230513606647
1264,2533.997242307202,2425.6723728650295,0.6607884831487257,-0.28009019285304104,0.04677916880854421,49,0.0,0.010023308102803356,1.2040450642727247,-0.20160685434504982,2533.997242307202,2425.6723728650295,811.2363679872752,0.0,0.0,156.67373568767965,57.6956507750364,53.26436943462291,56.73813896467081,59.626059333616936,60.1026985428613,47.56946955308929,49.433167713338705,61.671281223925135,50.64258279104611,42.121159399044366,66.2604111585251,48.992879164103215,77.27837669578659,62.748223679777865,53.39735386991018,21.39019646295675
1265,335.1407045925863,2427.382915138737,0.6082011142155486,-0.8183436321023565,-0.5909756386786913,49,0.0,0.008897524713307238,1.1965230651075227,-0.19480268706936288,335.1407045925863,2427.382915138737,1272.365207521709,0.0,626.8114452398347,158.38806117733648,57.69461508923199,69.403141945443,58.51578229495743,84.73750004712448,112.82097178656595,115.19679095392763,77.12173758541928,120.32412343919411,209.33342462394174,79.08312611167231,84.5534889524609,50.85264947469764,98.94298173166604,45.51410840625571,48.077231605173246,17.888148563209665
1266,1017.6741549576325,2437.314326152523,0.5925523970817149,-0.029219482152362853,-0.043044561798507096,49,0.0,0.025096821095881183,3.244898355271486,-1.2780027432600067,1017.6741549576325,2437.314326152523,1224.7662191452807,0.0,0.0,157.85602085538463,57.70177531647416,83.96777836753148,90.6493767409678,77.1337308400668,87.356934535416,63.96249115236556,84.03747756170287,74.30835040053242,69.90725420036418,97.59248229824036,94.69338823235378,93.09628790112383,90.86436748870395,91.22401209216468,95.07221573195363,30.900071601793414
1267,456.408679560877,2440.4571434752215,0.5918202628755918,0.4178500273627236,-0.14521169155377395,49,0.0,0.12650239916369216,15.211105028286521,-2.955401912557716,456.408679560877,2440.4571434752215,5088.950338608982,0.0,0.5681935438732253,158.29366605456374,57.70076186139169,297.5551218766598,350.3673506300016,366.92858713762945,352.0770154951548,357.4649258663767,374.42931719077876,396.31256022286175,330.2718549400423,332.98551718478154,366.1853434451638,342.6848594532347,373.45772304752177,371.5893663074965,363.8176451270056,112.82315068427218
1268,2811.4820870019284,2439.711477195853,0.44490302624255496,0.43055857488336424,-0.08784913241575822,49,0.0,0.010042247093699254,1.1939792518927232,-0.19249195000935715,2811.4820870019284,2439.711477195853,997.9801139738465,0.0,0.0,156.45727590383905,57.70007371749038,70.2211175572773,96.51550328742171,81.81599445140297,63.12202058893863,63.91804891865933,75.62869951043885,60.632165899822084,61.43644535863677,65.4944015466072,57.68357578672521,70.48189587651778,78.53209577807215,62.55914282150066,59.56983185549625,30.369174736329605
1269,2330.8186172812343,2440.9693318080904,0.5421376762991166,0.2825120012649184,-0.09628796183019644,49,0.0,0.08222673682994207,12.696651792496933,-2.759223022910385,2330.8186172812343,2440.9693318080904,2384.478082170218,0.0,0.0,156.8320333224076,57.70283394003677,168.86387181386556,178.22203726090294,173.8607780551687,162.2076547321059,144.60808712233091,168.87700978484884,193.66707773237067,167.03999527832156,150.13862632419034,155.96166174750493,169.91986745306232,151.38097796000173,172.76810757914853,184.10339471919184,42.85893460720288
1270,1429.027622427745,2443.8432784381,0.5995944529956996,0.1599349488875239,0.1615438608717271,49,0.0,0.01043863598571415,1.2921044048390753,-0.2782440175330368,1429.027622427745,2443.8432784381,1016.8543037304437,0.0,0.0,157.53526611643562,57.70523924374979,69.38957245264051,72.17131003001295,68.5011673178123,80.36112716375816,55.625411350999855,77.84183589324275,61.04236637458568,69.34043818010292,64.5933566233366,61.65888124291769,75.68557674341255,67.53356729973055,81.34323463672013,82.64552271459397,29.120935706577225
1271,700.348419678151,2449.7556166008244,0.26155095650657656,0.2787758446317988,-0.2887332022807749,49,0.0,0.006782430553003326,1.227473250875416,-0.22253009185761588,700.348419678151,2449.7556166008244,823.6322483559111,0.0,0.0,158.1035464228425,57.70583083899867,57.41000390008366,61.008600307067454,65.71217951999274,59.48732728592374,54.51362910512563,41.0445257365582,49.230308545416676,58.602519392133985,48.21808156345058,58.232013647511025,63.69620479150369,65.83958264647075,58.923197641039096,67.91867196132515,13.795402312308797
1272,932.0942572083173,2453.4389707120686,0.6352314351592427,0.032482363967825924,-0.050491135439537434,49,0.0,0.027634233322209233,3.6670098179311688,-1.4107801818197112,932.0942572083173,2453.4389707120686,1189.921715010727,0.0,0.0,157.92284766454935,57.7082367624044,84.07447288846288,71.46871841587027,85.3153892189135,85.35843055976154,93.94045880803303,73.67367042610013,64.21416437494884,91.38548829470436,88.75391186854279,86.68880838087259,63.413768728773,103.92772684252661,70.344070987124,99.45138069231234,27.911254523781178
1273,2765.878980754899,2454.0580071172017,0.5154427464347481,0.46121014540139044,-0.22843378028693576,49,0.0,0.41557413914138397,61.14299053161486,-4.46586669112794,2765.878980754899,2454.0580071172017,12713.308638100974,0.0,0.0,156.4926795446522,57.70631015103445,806.7032022757177,895.4660826831107,891.6663216989311,849.4975648230538,940.3463505841981,843.6570677618798,924.0121013936214,944.322390767727,816.851613885747,939.3523230572417,917.5089947658937,937.6834413042668,894.5744328733178,866.359246836646,245.30750338962184
1274,2039.5642125584973,2456.1691242998927,0.6269447424623967,0.2820463028925177,-0.1290825942318851,49,0.0,0.06107220604631685,8.359267546341512,-2.305420563657951,2039.5642125584973,2456.1691242998927,1889.9834950153017,0.0,0.0,157.0590891121691,57.70998312921013,118.30802103893579,119.83482642115655,136.3510203958742,131.02296367278987,142.3254568518135,130.0976070414382,143.26810117260976,124.67314265993117,125.89001743645346,133.53702269882933,119.71410365948853,129.7182222190086,139.15709165792364,154.9878732165919,41.09802487245702
1275,463.4506228148881,2457.264474869428,0.7993158669430543,0.3190602948982704,-0.12253083501641539,49,0.0,0.020037276173296426,1.8666045136303757,-0.6776307791492693,463.4506228148881,2457.264474869428,1219.7308218614212,0.0,2.970195831653536,158.2883466498187,57.70780231027443,73.19230860060455,77.86461982007268,90.40342442322688,72.82245954017404,84.18995703273123,87.25465080567508,84.0854092618205,65.67120576874113,76.64803870401644,102.44035466505059,75.6153472683929,92.81553178315333,103.06409155156388,106.66607467464819,26.997347961549703
1276,1608.8995591248577,2458.0868323316176,0.6609948162507507,-0.04816018381292164,-0.3438416212355791,49,0.0,0.010750194369707467,1.0024081617223952,-0.00261148519011624,1608.8995591248577,2458.0868323316176,893.8739109462061,0.0,0.0,157.3949903957237,57.71124413890627,71.85098642147761,60.06461559379449,75.54134626870379,50.44651773426337,58.425301560814766,52.02133259301205,72.99271891847133,46.86682553749297,53.82131734153896,70.27809181039797,58.23253145939725,69.18061250710812,63.76461054070614,64.88063178699907,25.506470872028263
1277,1142.620468881584,2463.3398467347224,0.6146859292049639,-0.15578110932463915,0.056808223485588935,49,0.0,0.01557452614063478,1.931860573669826,-0.7149394482229385,1142.620468881584,2463.3398467347224,925.8144325830622,0.0,0.0,157.75869896753161,57.71293029724088,70.01907855004498,63.98603460655566,55.27597470975425,60.549598253887154,53.75449609840891,51.65157574224486,84.2590355532688,62.787146338808235,70.39650740833255,76.0658525956258,69.95269691920714,61.54487683650166,69.19133379883988,54.18862211555634,22.191603056025983
1278,1218.0684052851689,2465.1673634385024,0.6325567209556449,0.15254221243732552,-0.03741245790917754,49,0.0,0.30643998338346046,44.12933183691414,-4.1118183795890895,1218.0684052851689,2465.1673634385024,6343.290107679882,0.0,0.0,157.69985518414646,57.713843732528126,465.9191705887478,443.3902698672963,457.82025419459706,427.57452370080284,442.58380271081705,421.2601856056618,408.97109302939145,443.5604174277147,431.7606350761699,495.8548729202705,447.43290715287696,444.18104855277613,456.35366299829235,420.23508942505714,136.39217442940918
1279,308.7170530267136,2465.2684040041377,0.21313907888660147,-0.729163452376418,-0.0594688761352133,49,0.0,0.01025639625826936,2.746957480746662,-1.0971298429270762,308.7170530267136,2465.2684040041377,3736.2469620936636,0.0,119.92389542909692,158.40909510450274,57.7102358070443,0.0,2800.4160278287504,0.0,0.0,343.30080632811007,30.95014413007131,22.4440609827555,32.61835818743531,36.352919153828076,76.63313985103379,94.19559639306193,59.0986776771757,64.32093873023172,103.19233825982784,72.72395457138127
1280,2672.2307723084114,2468.7170756125224,0.657591311489114,-0.1359749714961161,-0.35637914831927686,49,0.0,0.015483404178982724,1.644858164062388,-0.5403211368384131,2672.2307723084114,2468.7170756125224,1156.898046610394,0.0,0.0,156.56556318389974,57.712919367831425,87.75326804430227,78.30438916309095,90.01821156557003,80.34430475759623,72.09882618463817,99.06562278198055,72.76193228036196,76.4095070975302,64.17704094944935,84.69664382516801,86.99593861033938,81.51945966034697,79.46551688921302,77.61227638985582,25.675108410951204
1281,776.8813969881912,2470.0746747739404,0.8020062571050309,-0.08748151908657678,-0.4148130171224087,49,0.0,0.01359528159378165,1.220277652204455,-0.2161466445168252,776.8813969881912,2470.0746747739404,984.1272717374663,0.0,0.0,158.04401521749764,57.71461246899742,70.0440599036478,65.09898553927238,75.57045264456482,59.44588037491732,59.60836379985379,61.95679457052081,75.4375358423945,62.970016023748364,60.145039793870836,76.94572812517472,70.01592223368961,65.1932176076341,84.67442809250517,75.35017377279685,21.67067341287519
1282,2562.233594198096,2471.9770624758967,0.5154708794942637,0.28408508283976713,-0.2044209580495844,49,0.0,0.1611482472231245,25.380774455161042,-3.5112621744667893,2562.233594198096,2471.9770624758967,4609.043871151565,0.0,0.0,156.651325533498,57.71481379958397,306.28752385285634,355.89940004020707,322.7377302758906,325.0638475382228,302.46689799417913,340.2073240320217,315.60212572938156,306.8471166904458,307.4862983599168,341.4322015242352,278.47896584339907,317.89972792266406,313.78787438169843,386.2529261982075,88.59391076823825
1283,1253.2913975413342,2473.38679422477,0.793101158663305,0.38998284059890714,0.06000028374394091,49,0.0,0.012257409884043276,1.2456192401495212,-0.2384632695854401,1253.2913975413342,2473.38679422477,844.0572816845468,0.0,0.0,157.6724056732531,57.71732994264842,53.133631239914735,65.2159374901729,61.68282547141726,66.7759085610408,49.283661922656194,52.4564102591295,58.432633191071034,49.298789312553374,46.696452738541765,61.28584081591676,53.09121738322844,74.87923861441878,65.75602233907031,63.79643672032078,22.27227562509419
1284,989.4552622318708,2475.1331733939087,0.5438284258330862,0.3508246330241303,-0.24777718120840342,49,0.0,0.012386874393731637,1.5969709692674283,-0.5082425533368807,989.4552622318708,2475.1331733939087,956.4499396368658,0.0,0.0,157.87823112524518,57.717451276810294,56.14532411092699,70.80900004410648,71.8237779325095,64.24752247157728,72.44588929525861,64.32266387010652,69.00039833904324,60.80111252705767,59.309484526192904,77.82438201193669,64.81662943967753,69.46271534584514,63.21979013462163,69.23901524412412,22.98223434388156
1285,1892.6818965973707,2475.0918217011376,0.4428078286753811,0.12497539775765912,-0.021653445758708426,49,0.0,0.01091094402837017,1.3599710595977672,-0.33382416653082997,1892.6818965973707,2475.0918217011376,975.4998449017917,0.0,0.0,157.1736005945035,57.71812470878242,84.95101502219535,60.004701326708705,78.07954342554234,60.86872032431547,65.20526234445978,66.16282091023997,54.51836926239546,54.79446530232289,72.58627710825284,61.29789308571914,66.13290661176745,58.87454967925292,76.77611107399424,90.66323835712099,24.58397106750408
1286,738.6649796270627,2478.2609363053734,0.3468585988177301,0.3974011219655301,0.009097598322756313,49,0.0,0.02640264899121875,3.8564013840660776,-1.4654555751444946,738.6649796270627,2478.2609363053734,1718.671356726179,0.0,0.0,158.07388679646925,57.717868598131915,138.97762255375397,109.87459509975898,110.4294545923275,109.87926743366485,122.02449042429905,119.94392677021804,128.0381955145877,122.53182795848575,110.2301153802451,118.05268127755824,118.04875936225766,146.2913335855797,109.46841303007636,120.85689863060193,34.023775112764014
1287,2354.9585385619876,2478.3879081829236,0.9371327410479933,-0.06629590032122658,-0.12664099435447712,49,0.0,0.01160645753879652,1.0432420056625107,-0.04596266352176591,2354.9585385619876,2478.3879081829236,814.1803529306012,0.0,0.0,156.81295772322403,57.718337685124354,53.03635875095391,53.834887883677254,48.91766428814688,58.097995193274876,54.51521104680738,57.09140022420922,63.46526818690975,51.92186282893393,50.73352153731365,59.614842945735745,56.54436377507496,50.46114983078232,74.72313321107379,64.24099015690442,16.981703070803082
1288,1026.937363798761,2478.922932136176,0.6169839870011378,0.16003112506974038,0.050475896116667474,49,0.0,0.029841347681990673,4.089316822441114,-1.529126897752727,1026.937363798761,2478.922932136176,1210.593638501972,0.0,0.0,157.84901119839955,57.71913670771268,88.62408021048881,102.45414751650853,77.09826070260556,72.17237005192183,96.60253103301594,81.85296635330127,75.4869187633098,68.50983304352252,87.55922131420209,91.31886485156315,82.40338246890235,79.74789823754995,93.97216366605089,86.40797248322475,26.383027805804595
1289,2894.44281537561,2479.125864896175,0.5081295884796129,0.39816640597285236,-0.4447943281027086,49,0.0,2.4817618764884055,332.89960132860006,-6.305783187644652,2894.44281537561,2479.125864896175,96701.35333961065,490.2938687359009,79477.50242691959,156.3921441799604,57.71599523840621,6974.301207156357,7143.9526977891055,7092.944654698051,7145.100687645456,7214.692038383645,7104.797335656282,7032.683273191113,7070.494683735895,6644.882987636186,6792.977241351407,6251.553195889406,6385.181252808161,6404.218315586319,6123.918605079203,1319.6551630040503
1290,575.8353169824294,2479.96083060097,0.9228801375785568,0.2671827876220542,-0.2655330428235278,49,0.0,0.017197081554655574,1.5891326973151856,-0.5029004090120851,575.8353169824294,2479.96083060097,946.1154038462869,0.0,0.0,158.20091578854576,57.71784018586221,53.52170339654212,73.14970946163288,64.03387680378432,67.89837117421149,59.90180040458498,66.48840120284967,76.87166312791481,73.71416174942743,61.55878484704873,55.99993900022341,59.26445012606931,70.51256329224326,70.17252003521068,77.57135503071362,15.456104193830178
1291,1099.8393296152904,2482.0734129601638,0.6002869533560785,0.12264023529204843,0.0023580507281383556,49,0.0,0.05484603318579176,8.061680439766683,-2.2660639474560726,1099.8393296152904,2482.0734129601638,1690.6982613811388,0.0,0.0,157.79215217453313,57.72063713480264,112.3947877592186,122.99541591169029,134.993639303529,111.04340500359245,124.99138768760196,115.07109107699044,136.8695312682758,102.56666875740979,124.90771584320198,114.31009498321944,91.0240418042067,133.8716327527897,114.1349389441784,118.79017662150336,32.733733663730774
1292,854.367308727775,2483.7092305345755,0.26376359636511115,0.033647843462635316,-0.17604158095575245,49,0.0,0.00612714689105774,1.0152782584281577,-0.016462715322998367,854.367308727775,2483.7092305345755,836.5136950897452,0.0,0.0,157.98366679037377,57.72058465912044,60.2372039985751,65.65157669672435,59.52776562659203,57.05552371979045,57.55477644302571,58.87351881496037,67.74238269568475,59.70617318714817,46.07503411912967,49.37241218883978,58.85857654234481,72.0348497248248,56.698151517921765,51.42581918391432,15.699930630269172
1293,621.4789470636665,2489.200386768446,0.5522202068044653,0.03500166359103457,-0.15972497687304843,49,0.0,0.1680928795736947,23.488147972514717,-3.427121935619338,621.4789470636665,2489.200386768446,5682.301842623335,0.0,0.0,158.1653929528115,57.72190881183788,348.0260330122561,395.13755398547346,377.08272281263703,394.8779009216108,404.46781002286605,438.3627498229111,382.7861238562883,373.8430010180824,394.3783786873157,447.3952280158364,415.07627028904216,369.4944592502505,394.5445276952591,441.65436791958916,105.17471531391689
1294,665.5461820964748,2489.6633231940837,0.570524041101772,0.2711194281420205,-0.12880139672860877,49,0.0,0.06906853077395667,9.588339923754615,-2.454358555371616,665.5461820964748,2489.6633231940837,2437.360775748257,0.0,0.0,158.13101852538438,57.72230396668903,167.26202548657977,184.82461241391746,180.72448778148743,156.90641077305207,182.44043171167857,173.2068640964888,149.2762943020923,139.04113167260306,164.75466639347323,160.9355115544911,192.87565499987087,174.6228191823592,175.0816027384679,184.36131073845073,51.04695190324421
1295,1674.0090326726347,2492.3816650804492,0.5069873002014549,0.18572717596017593,-0.06430184755349252,49,0.0,0.01669478861672385,2.3629719592875604,-0.9336464200363427,1674.0090326726347,2492.3816650804492,1112.857649415791,0.0,0.0,157.34418331476863,57.72552028118172,70.29631859787958,76.74270392955279,74.43772467187374,92.29164545919734,75.28667920677087,83.27342650605189,74.36482152969182,62.50986400954921,87.98366682616725,73.27503760049507,71.37163591095761,75.18769474475775,83.96234320553485,85.42255324964188,26.451533967669487
1296,1173.6745515913667,2493.4809851573873,0.24395566477622496,0.40639563405182544,-0.06927570579129726,49,0.0,0.008438161648626482,1.626035147406777,-0.5278248220255708,1173.6745515913667,2493.4809851573873,913.4765069330467,0.0,0.0,157.7345916753365,57.72555425423414,72.717040592022,60.48598512557436,52.977060940307545,62.59912467128832,53.94925142010341,57.33757391735384,53.31294916245545,65.8283104810259,60.67163130061693,73.77885691321595,68.30427821856601,65.78738661021451,68.7296406072215,72.65014979371574,24.347267179365268
1297,1481.0969196621368,2494.1722442413834,0.4004228207184734,0.43614751202145585,0.4627206973508093,49,0.0,0.007366418747136442,1.0400483182195173,-0.042633790190851194,1481.0969196621368,2494.1722442413834,828.0241544529783,0.0,0.0,157.49471326727735,57.72624508538638,57.85837383745739,50.09763608818522,53.99622639049558,55.61552816980344,59.180298243981305,54.05715747869827,68.83991607788016,50.961699155588235,61.81227826567728,60.806457140854455,56.18875352319094,47.328964196440396,68.65745056402486,64.72810995458701,17.8953053661138
1298,1750.1632636627505,2496.996908254555,0.5695753293792258,0.4021192107240887,-0.30301788672761365,49,0.0,0.011530925642613666,1.4159527358092745,-0.3776218923536442,1750.1632636627505,2496.996908254555,1063.6274464616472,0.0,0.0,157.28475459629468,57.727402444688,70.51747442889271,71.43102440272702,89.11951386795468,63.58226075592284,77.83084017871317,78.79969606919899,65.92571650633619,65.98880893122247,70.93671283255745,74.53337981997362,80.5660499183484,74.61367731859724,62.51303254481722,88.85044349162922,28.41881539475591
1299,895.9495103392544,2499.3197001073227,0.7939624585642865,0.22140064692697164,-0.035660106543775626,49,0.0,0.047842583250124804,5.471789920178132,-1.8453235376341302,895.9495103392544,2499.3197001073227,1465.6106627282666,0.0,0.0,157.95132524513673,57.72723312297131,92.078345466395,93.6087003219832,96.09286367193926,103.32656699852163,93.72773319451974,102.12646474865512,118.16398763386577,98.14829304032705,104.80459074375287,110.20091094920642,104.24406030151641,96.6151952085161,114.09163594895998,108.16176005929871,30.21955444080941
1300,1030.5619481169474,2498.8599918874834,0.7243723025752935,0.27120122361222676,-0.09761859104207322,49,0.0,0.010473573662172709,1.0270227957022597,-0.028950208160263245,1030.5619481169474,2498.8599918874834,889.1107341192798,0.0,0.0,157.84628522369292,57.72745316031377,70.94917592334416,58.92976009048339,62.76645997751741,55.94280119282132,68.31465024214816,66.33311296271319,51.15093163657819,70.00070614476451,69.66959697020363,56.27865821229531,54.15202107264015,72.79682338902114,58.68050791297769,58.63550695687147,14.510021434900063
1301,797.8974143722718,2500.398488094359,0.7148067580732821,0.47123193014618814,-0.0819025235248876,49,0.0,0.011552736471843834,1.187343882489562,-0.1864412974675016,797.8974143722718,2500.398488094359,923.7286597231816,0.0,0.0,158.02784045992072,57.72732806475488,68.66716530308759,66.76330404434358,80.45532011787867,61.38590287345224,46.730993706182105,65.34259805734098,57.82902882170265,71.76935141551469,44.72543533885699,65.21632310137144,55.45168366381391,68.81708325311575,70.2636591594551,78.54469444346964,21.76611642359625
1302,871.9067363526285,2501.337963151032,0.5819995549713206,0.12989905141678174,-0.03353206734859057,49,0.0,0.4497447719954075,67.1988771977466,-4.568405041604181,871.9067363526285,2501.337963151032,10097.391347709035,0.0,0.0,157.97009853888514,57.727991329991326,627.9746918746029,686.8205216708573,699.5210088767332,700.993600842304,772.600385404882,674.2469275062658,697.6973343658135,733.0264995824731,681.4420274772826,792.9735715112315,671.0143936307146,731.3506541276661,739.5217774776531,700.0140757568158,188.19387760374218
1303,2525.7587897275666,2502.247009740445,0.8096838353751888,-0.04389817390275144,-0.07299172570831879,49,0.0,0.01301192014369288,1.405102942960862,-0.3692703585068281,2525.7587897275666,2502.247009740445,896.2461772507287,0.0,0.0,156.67952471140353,57.72758978835137,76.40244571097949,54.38619900767076,73.00068776984699,57.18018580335762,56.726694503814585,59.150349625436114,84.97332215329482,55.75520908042806,51.28670575725292,61.63305813892609,68.84290631401561,63.066169048723225,60.41698496668325,56.59461981808622,16.830639552212943
1304,2394.910302860598,2504.207283202227,0.2842280387838503,-0.17442391275407942,-0.04598187676593756,49,0.0,0.006122053276348301,1.0229566936015775,-0.024643121113321564,2394.910302860598,2504.207283202227,902.1656464502481,0.0,0.0,156.78160857059842,57.72894628751842,61.29025113947475,62.88923604702669,57.35864205906888,53.44720901365986,58.46240624223496,66.9178437326133,65.71689326257074,57.32977082677168,57.98975961935987,57.380403993135815,59.06605274720675,72.66135760725415,60.16937416786762,90.05893324572699,21.427512746276044
1305,2005.376492621844,2504.774345797138,0.5460960859492963,0.36204399314649344,-0.14716709378283305,49,0.0,0.06516808849105467,9.63614364984576,-2.459758163940071,2005.376492621844,2504.774345797138,2224.3794656731634,0.0,0.0,157.0855775963729,57.730303339309636,161.486415648579,158.16640411700524,143.29961517731186,160.86910890724656,172.51713085780585,164.08593139392093,152.31350672052866,161.90950902533598,164.63736294593753,121.83931294910359,161.31254927850154,151.29385688446524,164.71740740134317,135.30059054988908,50.63076381618898
1306,2187.845505041248,2505.005218515855,0.3489284193977129,0.23987543744056905,0.22491935696931956,49,0.0,0.00853962207233909,1.4453564167552784,-0.3999373871835896,2187.845505041248,2505.005218515855,922.1203131574506,0.0,0.0,156.9431832683764,57.72996515207305,61.16871644555093,63.55300974894968,77.72117627751842,51.669405591466315,63.60493582098461,59.4550078881204,61.09183672393869,39.34449889020591,57.1320600741617,74.24939692022433,69.1383888907429,57.423066149519116,79.89599566305108,73.69896147246209,32.97385660055439
1307,881.4345726871544,2505.930766399388,0.5131389439852144,0.09817741731992546,-0.30130446011192846,49,0.0,0.013641452686941748,1.7252487222918884,-0.5921292861061357,881.4345726871544,2505.930766399388,2060.6699044589723,0.0,0.0,157.9626935405764,57.7299379135998,121.10857809176929,145.2071422746983,128.40373489986348,144.44368964999506,154.33836477021134,149.34164437748282,138.27310838860728,108.05965351093447,140.07099185150636,145.36081778851457,158.2928363004421,157.81595968917293,172.66041637873025,148.26064122876812,49.032325258275776
1308,2796.833559828446,2513.5357358250344,0.7041326232698165,-0.4002446906848531,0.049112492969053546,49,0.0,0.01467444585685839,1.0781011724329543,-0.08164879583648932,2796.833559828446,2513.5357358250344,1596.9500136299441,0.0,22.427238316664862,156.4679063359819,57.73091302142532,116.99620632150067,121.94413056717553,100.33601651773185,107.91091681165207,90.92283623679472,106.44860336460235,114.21501899019592,113.40433109698255,112.28484375786536,107.14515552298795,108.63774656273353,113.32630185508263,110.25387802156288,140.81785093657737,32.30617706649869
1309,694.0823464257624,2514.3230535444604,0.3123616637376823,-0.24446655495833083,-0.2213552565628325,49,0.0,0.014150918566385997,2.314509768232476,-0.9111475450832156,694.0823464257624,2514.3230535444604,1067.331713196214,0.0,0.0,158.10895613982888,57.73270366135649,69.71455919342552,73.93316188251623,98.7756167030375,64.74217706962385,83.68944781147692,74.84026801358256,71.73260388774251,68.1131298728373,65.92524982666696,89.68880561170772,78.91055140235673,58.84510552195874,68.63133426652345,76.20532623344967,23.58437589930798
1310,670.8348682367003,2518.490468300096,0.38900620156713206,0.06157651482159604,0.06432237620552544,49,0.0,0.009536093681577377,1.3953544912225875,-0.36171138645085965,670.8348682367003,2518.490468300096,931.8555716279832,0.0,0.0,158.12713241258908,57.73433745315104,65.83921478464667,62.83617483080998,65.60731925472884,56.41064152829027,63.18699921691347,67.07407755733055,74.3759224873758,51.851861202609754,57.9488280861866,62.60048596229443,68.82165181001247,69.43195594938118,74.74445912539322,65.69628457966543,25.429695252344644
1311,2472.4786238870297,2522.8780825210238,0.5963114368830813,0.08736420477556847,-0.20066644497840003,49,0.0,0.19518571772412158,27.18151255316409,-3.5856840499771647,2472.4786238870297,2522.8780825210238,5224.410398333409,0.0,0.0,156.72093635163935,57.73641480170428,330.80663918521554,388.96467393933256,352.1770444421644,389.45409370062276,355.36052225520956,381.83876631107046,340.032781985746,387.3696614461537,327.33894042369457,370.4899344125296,363.77085737027323,389.3783959074033,347.7893221745371,395.2295673825721,104.40919739688432
1312,2693.9785512210947,2524.0011725623026,0.3280651094607338,0.28946864988581916,-0.9387786083655417,49,0.0,0.010852874001705476,1.5021130049183191,-0.44175651536935057,2693.9785512210947,2524.0011725623026,1242.330962680696,0.0,0.0,156.54806097326704,57.73583799637328,87.84962819859726,91.26483420020236,81.27574542048565,87.70371280853908,89.46685320416674,67.5553186358257,83.7232847992691,79.15574592827878,93.18086707234762,95.92904725025622,96.5876004122913,87.53542697333819,86.44133010549348,89.38133704280737,25.280230628797216
1313,653.8875078933745,2524.7807475541504,0.5678402458595637,-0.5282439865332605,0.14267830398781053,49,0.0,0.03281447919702065,3.840410095683945,-1.460944006741081,653.8875078933745,2524.7807475541504,1814.710985400157,0.0,0.0,158.14041144035772,57.73688176878303,96.51154862206752,130.07417137839923,127.16444961627943,129.03286915386752,128.8966056370444,128.42842046008505,134.96211114555663,120.29850848118896,117.41179314283485,154.70043285201865,109.29129406637136,127.88010461617476,147.19456945274723,127.1930018051819,35.67110497033961
1314,380.5514236054973,2526.0865817743006,0.654443775259411,0.2703585069016051,0.19479156650061513,49,0.0,0.020292020474525913,2.2379156283757395,-0.8746092729277013,380.5514236054973,2526.0865817743006,1392.2764376293035,0.0,711.9009918747979,158.3537407359992,57.736004693604784,92.98358616075578,60.38540614135238,143.73242286756943,102.77546230771827,81.97205239989171,56.53367727643324,80.19762270137707,127.47554506185563,72.54265232349664,191.16383395236574,90.81274280627021,128.74500217172053,70.73325188593175,69.45561413971197,22.76756543285304
1315,1363.8684891125865,2527.280332044975,0.5707606173064695,0.013906403255222138,-0.037541880169813455,49,0.0,0.08036416609200515,11.998357376672036,-2.6978044836446036,1363.8684891125865,2527.280332044975,2251.8510203686656,0.0,0.0,157.5862573445311,57.73993932319826,140.72521364999182,140.98192259198674,141.8763448920838,148.27944846679674,136.21072951566157,155.3278863199277,176.876397684653,167.68487683451545,175.2772844669865,171.49614067443673,161.76347324884398,163.70058176851086,185.85620798277634,154.13150635670797,31.66300591478659
1316,519.337985959485,2527.8192072847282,0.9065674453912272,0.3682826514741732,0.10757108637657524,49,0.0,0.013423931652512254,1.0935060951875413,-0.09705302032928795,519.337985959485,2527.8192072847282,1042.4638377015278,0.0,0.0,158.2454479750509,57.73749287235727,85.74847646765011,77.51327395756132,62.77935249055392,68.1101038715305,57.05940412997943,79.74553574128407,81.17202634975084,55.43921599089455,68.03901250315695,74.52144819340997,71.11612847994728,81.48903077449378,73.86814756458097,78.76050311498116,27.102178071752917
1317,1196.4997529493871,2528.471526785004,0.2633865035661795,0.5144484993924664,0.3973708374132405,49,0.0,0.007052475961979255,1.0653327331404092,-0.06871317811795824,1196.4997529493871,2528.471526785004,937.6839005858026,0.0,0.0,157.71690819382837,57.74017827836526,67.75856222530402,67.8432073883655,65.00296301588835,74.41682441495509,67.6922167249934,65.99855292222071,64.66862737335998,49.185236362246485,76.03757700294781,65.64414367179603,55.108903206579086,62.982061159904696,63.118919203987474,73.10556217026976,19.1205437429842
1318,1964.2334988727837,2532.3300051538895,0.7205861593426984,0.5197107080905776,-0.23623723600126353,49,0.0,0.015436469304478308,1.6022116536262823,-0.511799715591433,1964.2334988727837,2532.3300051538895,1002.0759922424929,0.0,0.0,157.11759517024788,57.74186008346391,52.682751894399445,79.28795236409584,76.83970348884938,67.64051645130428,64.11149243986338,70.32870242222299,69.81673996437239,54.09156196451402,72.65800901087557,68.0693483512828,73.23363833811223,76.43687807547985,71.94304550570112,84.24910623944386,20.686545731975794
1319,585.139828596206,2533.6458996344363,0.39090795079456553,0.07128721883655656,-0.07973707969944195,49,0.0,0.04405593662341891,6.6466466172808065,-2.0565064730581497,585.139828596206,2533.6458996344363,3034.5792610719973,0.0,0.0,158.19414577821394,57.740251383765695,177.22316841896438,225.14254116777414,211.5889282428475,201.06648160785915,214.79019147383298,222.47899043076023,198.92119891296824,202.6063933253121,222.08585534642538,224.1343846453877,195.0145030206761,238.87833447232157,232.38167668732092,210.6456377113346,57.62097560821229
1320,1239.7935622753675,2533.582506553119,0.6590864561289973,0.29342518917994076,0.04761402166968716,49,0.0,0.10838434704673773,14.88366694146693,-2.9317748576364644,1239.7935622753675,2533.582506553119,2550.727136161332,0.0,0.0,157.6831297411674,57.742387192495904,153.83205638396362,177.5549137338316,177.23353422473906,182.17385272313118,168.55916844994,196.05562545591386,167.1508441453724,178.19288032041996,160.733012844948,196.57733533623923,173.74240860169203,180.03273939218587,189.90588434862494,190.52642981013517,58.456450390194824
1321,593.3198001243913,2534.9655668775063,0.502311575284362,0.22169510639802856,-0.2723429280330777,49,0.0,0.04537652106558881,6.136719224815398,-1.969840633326807,593.3198001243913,2534.9655668775063,2996.108668701515,0.0,0.0,158.18777308906712,57.74084087557848,188.75516536343576,224.2111875410527,207.00788629289633,202.04129253924867,204.7718634264378,228.08622407184208,202.28443841320444,197.10318882440782,206.77367310025434,203.54903364274787,199.73481207525083,222.410294122406,251.3621439576331,202.18264080437768,55.834824526319885
1322,1782.9331259737955,2537.582032519628,0.525604108098832,0.22716741640299706,-0.01083206538223871,49,0.0,8.045098132101382,1196.7319307459086,-7.694992197160426,1782.9331259737955,2537.582032519628,219012.4956213319,0.0,0.0,157.25911696372555,57.744286001813556,14105.104685297534,15245.94332732115,15260.822188807511,15174.788988443881,15416.279021029117,15559.167927803894,15556.800709818617,15332.510738267883,15286.041378663003,15589.70839392994,15156.540420005651,15589.988560997373,15648.530988227889,15758.777764196995,4331.4905285214645
1323,2332.4351937688907,2537.527041768582,0.5477955344365371,0.4665564795474773,-0.17749946483727258,49,0.0,0.01709913747261348,2.331182226660111,-0.9189405582541494,2332.4351937688907,2537.527041768582,1058.1143008577817,0.0,0.0,156.830140518117,57.743056984925744,64.85956447521625,79.4814647146476,67.6424416049184,79.76146142932954,73.5393145569225,93.18916366293206,72.15711719333743,65.41399995397359,69.28503510176847,68.1251549205919,76.13716356463398,75.06394591138283,77.83230171776042,82.6172840670935,13.008887983273185
1324,1729.7498058645601,2538.8336881924834,0.868935556098834,-0.4375914748114658,-0.06682994942265318,49,0.0,0.012046579815418082,1.093680458794245,-0.09722613119689719,1729.7498058645601,2538.8336881924834,923.6488174376302,0.0,0.0,157.30063546549792,57.74484729234063,59.31788415094215,59.581114082196805,66.176873873697,70.39290047534163,63.387053519299954,62.239395504563284,65.41338770839018,79.48801597628325,60.83688217085376,60.494189108498325,65.46516544006698,64.91544775512635,60.546269399766665,64.65059059678606,20.743647675817748
1325,968.6476445331275,2543.2151356084664,0.4600520796318027,0.16901565837995602,-0.24134114773324522,49,0.0,0.010963218354816224,1.6092027331502454,-0.5165269038181901,968.6476445331275,2543.2151356084664,946.2694444561122,0.0,0.0,157.89484784233997,57.74575446038358,62.192060261250816,68.42221484890767,50.96099945568332,61.13695165354085,57.33429889604085,58.772743389399096,79.65257176868627,68.91357717537399,77.92310621992948,78.09782259423172,60.68254100418538,73.16991567530883,67.62671822565864,63.53605763373438,17.84786565418095
1326,818.9629568731888,2544.898532546723,0.36731174519828846,0.3261706025697649,-0.339396467518555,49,0.0,0.01084348113482496,1.6424734767923173,-0.5387459128919602,818.9629568731888,2544.898532546723,962.5441307178785,0.0,0.0,158.01171491869786,57.74594792511375,69.32875108940604,72.97922954908665,70.1441250421095,62.76718114792095,66.30239950584469,51.397107669485685,67.6740400543618,67.52792719123211,55.56705165642393,75.92087131958604,66.31468877289473,67.00535518441573,62.68329245413587,81.0886696666928,25.843440414281844
1327,1177.4987659931573,2549.089617044005,0.7083433395726921,0.18871486556461875,-0.009852932707910394,49,0.0,0.01403540168133232,1.6258877898261206,-0.5277264239616796,1177.4987659931573,2549.089617044005,862.4697945630112,0.0,0.0,157.7318183336433,57.74873089189324,75.46657895633561,73.59103771803628,65.79290083967499,59.97312145232179,45.31466549455523,58.05853771799624,52.50304119551808,68.00449113911668,46.207225273238926,62.662358985064536,60.015434799246925,57.82771825435741,57.417960217450556,59.8459155293876,19.788806990710402
1328,1399.2234434142088,2552.145656449305,0.46667282933309256,-0.551062598489423,0.051797508634633456,49,0.0,0.02028379245609112,1.8182821497698474,-0.6491531881120489,1399.2234434142088,2552.145656449305,1973.766117259922,0.0,0.0,157.55870412195392,57.75033651262443,150.17305745375722,106.15122819340857,150.40513339776555,139.04389000759113,131.89414104603557,125.18272852121028,128.38141610819176,117.62448381882524,149.3893808108959,146.99098975944557,147.1560100171344,140.82285435397148,133.54946597139306,165.82580814908238,41.17552965121398
1329,1440.8276900546593,2556.305108384371,0.6147887422255128,-0.14558887949401897,-0.15853538465554634,49,0.0,0.019106166182791883,2.365884775122846,-0.9349839737782955,1440.8276900546593,2556.305108384371,1096.2489718163356,0.0,0.0,157.5262244681193,57.752105587654974,79.91481553465772,95.34177360945185,82.73352279896172,49.028434498843765,68.2913860598081,77.13791707508582,80.73071045514465,77.46385936276722,73.44517618971092,78.43318418672092,77.42761622162097,74.65902663350414,91.69958956354571,65.80838841835221,24.133571208159843
1330,2094.3902800593037,2555.5866068404625,0.9486556550993541,0.2553184314576298,-0.4163877499395238,49,0.0,0.018565903677467847,1.521956786974512,-0.45600580414002806,2094.3902800593037,2555.5866068404625,1246.2790986638602,0.0,0.0,157.01588868671456,57.75128172565946,77.96025855235962,85.71147835988083,70.97423066187314,97.45226645255299,97.61932637771898,98.5233423370865,79.8390017284278,78.95372202195279,101.5837508947868,90.9195497709321,75.45904083014796,78.35057158061504,85.7637285327483,101.63980429215964,25.529026270617457
1331,2762.3113755440213,2556.6172690065587,0.5976167567316725,0.26824384379049054,0.01940804259028983,49,0.0,0.0335149834976904,4.24428773906232,-1.5695120474341104,2762.3113755440213,2556.6172690065587,1612.6207965072654,0.0,3.0,156.49439518505417,57.74905590713119,100.08040614720244,97.75173787648814,129.4721704085907,108.07230750412359,113.1892210357239,114.78838875425271,91.36834987186208,128.14626913667993,101.52449402283617,116.37180059759011,111.99318415527009,125.84232707026405,121.68143775210672,120.088382944072,32.250319230202834
1332,1097.9191733570212,2558.4830973100916,0.5312754495456381,0.09372931890555554,0.05993131897536309,49,0.0,0.08565645460570707,13.106338533603093,-2.7937034537200995,1097.9191733570212,2558.4830973100916,2709.2065136718256,0.0,0.0,157.79399403086154,57.75246771633805,184.53216187006055,170.77473445905446,187.47577816237333,186.55547710681026,191.29298217488258,200.3489571518635,190.9744091009868,199.01726387715212,188.47535719766205,194.02251011949267,181.65794478998993,184.80512346555577,194.6076719741419,206.96177207520446,47.70437014659555
1333,1460.4489979291845,2558.158648547342,0.2423837797587652,0.27150156652437873,0.31106254255670884,49,0.0,0.009495568502704681,1.392305430357033,-0.35933629251148547,1460.4489979291845,2558.158648547342,1120.2922183033509,0.0,0.0,157.51090524082812,57.752891979083444,67.85399576269441,74.10237738412403,82.98228019493996,71.3950185267264,75.30350647209173,84.66798252754873,79.20415417567393,87.01960193032244,83.42208309820737,79.41580199105636,80.22092730553359,59.719258145495694,81.5456430646713,92.0048323279681,21.43475539629678
1334,2814.0452017479497,2566.200004434946,0.3515435692760991,0.6935718497446117,-0.13557232555100052,49,0.0,0.018083489720838515,2.6322245869260477,-1.0508073535986653,2814.0452017479497,2566.200004434946,1558.3745665578908,0.0,890.2305025142344,156.4539042326408,57.7527529505255,94.35667831334733,100.08459329643145,130.39669288616523,108.56938905565175,105.21659672645333,98.08694121879779,130.84312894617287,101.02546792252679,107.58912168801214,112.02917346658809,115.29183301615174,109.6573265173217,123.73916905075988,83.14501369981838,38.343440753692306
1335,2117.507838968014,2567.8432578425227,0.7924832846592325,0.020325454479681492,-0.35407354826547605,49,0.0,0.011523107453447723,1.046152164294158,-0.04898714466238617,2117.507838968014,2567.8432578425227,901.7432881022196,0.0,0.0,156.99778118260087,57.75633217403856,59.29872047807215,74.50790424408581,63.143874122665295,60.78449935636469,67.60397620872826,65.97635014401953,62.80259036897219,59.943677101718,58.58577640063072,57.480430869101994,54.8650942174654,58.59914743025002,78.87196254287925,59.48630963843451,19.79297497883175
1336,2221.001029783409,2568.0455951716954,0.49633531506764594,0.2708246266166368,-0.07000447333612976,49,0.0,0.06960523808524252,11.05217310687136,-2.6086191963047813,2221.001029783409,2568.0455951716954,2308.2797616289527,0.0,0.0,156.91695988423925,57.75613374568553,155.73864948390823,152.45604959352744,173.41322911700888,164.29886984813032,179.86633525046778,170.94485332365173,166.20054700107002,161.81575915300712,173.30115180239557,143.13793298666178,170.22072986096305,122.21524069415867,165.9883250446561,172.73400632104585,35.94808214830036
1337,2703.1326402073096,2569.029104358489,0.6697328928588873,0.4256517786047868,0.27479440538381,49,0.0,0.010132028067722681,1.102802572105847,-0.10624442588864189,2703.1326402073096,2569.029104358489,887.4989038548312,0.0,0.0,156.54047239884628,57.75454840169449,52.919815034250526,67.65561354581749,52.73233519506056,72.71738462893298,72.21792018743389,46.1856951733524,71.53756466708633,55.55924803704359,56.801926547582184,62.50160688779356,52.39308427394966,56.59322061542184,71.73880570336928,72.27246251832709,23.672220839409775
1338,1245.0137894944419,2570.627362286229,0.4282878026387735,0.0993195293766477,-0.11201449553150522,49,0.0,0.0162331440972252,2.456032492548787,-0.9755852702213762,1245.0137894944419,2570.627362286229,1112.4088112309,0.0,0.0,157.67917259307245,57.75783060401655,65.88002575986539,83.14894342294077,65.2492459805712,63.07332112408926,87.32955427213469,84.20805431364147,85.629095005359,93.06432467983227,86.74010035072519,58.72170900764298,65.50208976055438,70.18679785278651,95.94398584384888,80.57620255065876,27.155361306249176
1339,2668.9785651587877,2572.4597179895804,0.760810024221798,0.14867851372545224,-0.36347243440560434,49,0.0,0.016388994880903684,1.7069562976982613,-0.5805560056113027,2668.9785651587877,2572.4597179895804,1003.728518069792,0.0,0.0,156.567107369006,57.756155668577556,55.108009141978265,62.94577313021518,66.17995800697004,62.734302206558,71.54083208262003,74.84473862764672,68.07712932860781,84.98615562052603,69.2637384963316,81.44045938224289,71.375788010387,64.6037780294978,62.97195446710346,87.48131729201864,20.174584247088582
1340,1090.898411056108,2573.3386307434716,0.46446082476672684,0.3149459993034344,0.09873077918860454,49,0.0,0.00899838745875179,1.336428588670582,-0.31486439356211815,1090.898411056108,2573.3386307434716,809.5559560866543,0.0,0.0,157.79954403298817,57.75864000431695,60.4016372016185,53.45859532386541,39.26541483263543,60.46838138186101,59.402334349969834,55.28461631058446,48.47024287554642,68.06868702386399,60.672769583225076,62.29150205599577,52.859490783770404,58.30390563212738,56.77021440932964,63.25439107712283,10.583773245138099
1341,1313.5251026727547,2572.6131157375166,0.44920775989518946,-0.2633706594876113,-0.030022650088080582,49,0.0,0.012204391418752058,1.834182962269629,-0.6586066374147048,1313.5251026727547,2572.6131157375166,919.1667384777451,0.0,0.0,157.6256717631801,57.75876367087574,39.59723579188105,66.98949909339181,66.89636724818385,56.37438092986706,65.91012039384017,65.53184943211508,53.07904957138031,64.40617154641636,61.80591909807507,75.46242092452377,67.38862272318838,71.7342389371144,76.24497167466997,59.60602704469795,28.139864068399785
1342,1115.3523621355278,2575.7941183734433,0.663424535627151,0.23909386132221805,0.0418635715598464,49,0.0,0.015306865084388166,1.8882350726779393,-0.6901401502385491,1115.3523621355278,2575.7941183734433,853.577912859311,0.0,0.0,157.78045659110117,57.75972147694377,65.8215836890065,52.10803499404332,87.53998012546903,44.643827996763804,57.663188444277466,44.381428671045434,62.2826283243834,48.87463693653591,63.115868459257655,62.39340405475904,64.66426461316999,72.39275698323019,59.18017158640836,51.985740725820605,16.530397255140304
1343,381.77885019359024,2579.959705813203,0.5202363081900848,0.06716016764093624,0.44899292908089544,49,0.0,0.005552883303170522,1.014798205529723,-0.015949226465806876,381.77885019359024,2579.959705813203,883.9548205951289,0.0,108.57430346919531,158.3533710109225,57.7584548580533,236.1039701984601,26.667242127236896,64.91345738723788,39.07233531557059,43.201492149743586,37.430253543811574,8.519159271992894,190.3912426855591,112.5906146758397,29.906287100982865,41.622667775605365,8.186202366377005,17.975567963868546,11.849828780546712,15.524499252296064
1344,1721.1655001008019,2577.5201447342656,0.5169556284291273,0.27008319140956494,0.06151773571007345,49,0.0,0.23134889671914505,36.82204252786704,-3.9152696881480353,1721.1655001008019,2577.5201447342656,6096.535515276435,0.0,0.0,157.30729546486708,57.760970995802396,415.3315976223196,431.63699064111586,451.007444279628,418.4791237145002,434.1663337166673,454.86655427232836,428.9470603345465,414.83968540280284,406.01693489148823,448.48642938425166,420.9111361371283,409.5101725038986,400.01941991454044,446.30104841995785,116.01558404126152
1345,1187.2786262124796,2578.882052988249,0.8158167768425879,-0.20061262112304767,-0.3020958176790653,49,0.0,0.014667382328441067,1.6093570431849775,-0.5166310124899174,1187.2786262124796,2578.882052988249,782.1320591677406,0.0,0.0,157.72429278352857,57.76116323706026,51.60622214029633,64.29545447704572,51.928765125908235,52.84140044680491,49.07236606508618,46.76504226673934,76.75664893937292,44.21900693465355,50.064330433053414,54.83232144018412,46.455021381120396,63.285390210779354,64.16474834723343,49.324548596321,16.520792363141666
1346,1352.3501536573656,2582.9629637377957,0.6207502176794513,0.14671931864128815,-0.07735369641936878,49,0.0,0.9859536014969195,141.43608422499653,-5.376400560083527,1352.3501536573656,2582.9629637377957,20194.415768843915,0.0,0.0,157.595372345257,57.76312576735984,1225.9410709533045,1371.8718562551667,1448.7997602577962,1492.5668351250051,1417.265348104603,1440.322209574055,1413.825517935003,1363.2215769446145,1326.6055978005766,1460.084757114854,1457.390755575991,1468.6467739960517,1490.9129543206282,1411.584876449623,405.37587843664255
1347,2053.523702232348,2583.0870177039124,0.5707087642639468,-0.172281876350699,-0.20226475868177707,49,0.0,0.015335382354164465,1.8800339361954412,-0.6854142217887166,2053.523702232348,2583.0870177039124,1031.8794545122348,0.0,0.0,157.0476867591339,57.76283236296249,65.27345202805984,67.31240263018543,97.99445963892089,77.21684805726576,61.87182090095723,64.50586160342601,75.2200276723558,69.31293000169703,61.536891823136905,65.40931252733631,65.60354769510911,81.61861469605338,64.98183137646974,92.36685638865643,21.6545974726049
1348,2367.027546509477,2582.957465404061,0.4627086145300323,-0.7182254851041878,-0.2263290294013513,49,0.0,0.013009467693072568,1.7675010398987836,-0.6183991949590053,2367.027546509477,2582.957465404061,1013.7304512321336,0.0,0.0,156.80282510478065,57.7618599557777,65.09338360211075,72.45712413315226,80.81487607104756,62.52891417631578,82.57490114630653,71.12474506260789,78.37715805595667,61.049164646338326,86.51393202207308,58.047065318036154,71.52209940712866,75.12109821621871,63.84666045378872,60.360285209719784,24.299043711332622
1349,1283.9749489622852,2583.682844552023,0.5665352122185309,0.24822330519527894,-0.016504659611449472,49,0.0,0.047550340987978765,6.956119080586332,-2.105917520014038,1283.9749489622852,2583.682844552023,1587.3429332220921,0.0,0.0,157.6487818226844,57.76333294816087,113.46454316333146,113.93084577854398,105.28855887095324,96.35694451814723,91.64086602758567,93.4757825407917,107.60673160963303,129.95310764951645,118.93511226939194,120.38422397980814,110.20231722564583,125.8036993166197,102.82251817491901,115.22640904631662,42.25127305088835
1350,1526.7443959151078,2584.5813765232288,0.44824660272558636,-0.26332425332762405,-0.1017078436738886,49,0.0,0.00810005480139586,1.0389456608472096,-0.04148208397633528,1526.7443959151078,2584.5813765232288,927.5245907007543,0.0,0.0,157.45915388219098,57.76393493240477,64.57542600122548,76.2985377198381,59.60898307657766,66.10139141149283,54.79867704290408,61.48549387292924,68.39399070866827,64.5573897685783,53.21116287129798,80.32695813910907,55.3980820077358,62.58009231132847,63.98918370973941,68.3505207757872,27.848701283542464
1351,1401.7031656009483,2587.944394726606,0.5895375550516008,-0.051805714487187446,-0.2705996050102936,49,0.0,0.014379268019289931,1.8209227511826114,-0.6507288053896442,1401.7031656009483,2587.944394726606,914.8586985637362,0.0,0.0,157.55683168894606,57.765254239660884,53.54205087283906,69.90617651124768,53.678355892865596,63.055572779528944,62.055470274461996,59.78877270030166,61.148391133650165,65.99772634050231,63.92541523809188,75.11441748675063,65.28836022714331,60.173416259054164,70.00090015116041,72.02486756839016,19.15880512774828
1352,1293.4225070586958,2593.127217484652,0.7311684752153536,0.28582102310211027,-0.24532160784170207,49,0.0,0.015550994841690566,1.7347909052482313,-0.5981178416655527,1293.4225070586958,2593.127217484652,917.351308406219,0.0,0.0,157.64142836483032,57.76728201940091,70.09494233545311,64.61392656249826,63.40208625104715,57.69619960225945,72.56397115493367,53.80447082428784,52.34379825872793,71.67808946574337,69.48239361965305,68.75397595532621,64.96622684237398,64.61154357979828,71.03753997048265,55.75540680786032,16.546737175773853
1353,932.1665411558091,2593.5075074067527,0.5538071731354285,0.04250739470547507,0.03436444872166096,49,0.0,1.0865365815875074,164.07628357371286,-5.537614526102688,932.1665411558091,2593.5075074067527,25639.7821270758,0.0,0.0,157.9236294448155,57.76659384584004,1669.5150808604933,1820.7675463876644,1800.722347846076,1791.8157335342908,1784.4710686564981,1770.6334815312962,1840.6675447457753,1823.91163853137,1701.3783283553385,1879.4508843973085,1839.1020355224687,1781.128107567772,1817.2060694493825,1811.5565088285346,507.45575086152576
1354,2791.189573532022,2593.759552749734,0.20791665334694173,0.24167266445158517,-0.08524167451568498,49,0.0,0.00853963183298435,1.0187687420485474,-0.020189028586996373,2791.189573532022,2593.759552749734,1242.7499370183036,0.0,655.906390866815,156.47145452401614,57.76436595466362,95.55124291195314,72.351030677055,92.49125633001483,91.06985729836269,78.47921996629498,79.58229302193806,88.0529160224329,93.033524175329,70.93438962784268,110.68289293026739,82.86031222289583,83.14012562662077,95.03128101162119,84.08205427484927,25.407540920825824
1355,2729.766184603577,2603.6503582977143,0.5260559790588153,-0.08937540474086715,-0.44097169093220984,49,0.0,0.016224681307483124,1.9411713451424715,-0.7201596794878391,2729.766184603577,2603.6503582977143,1247.7738289522306,0.0,4.21908575106021,156.51932643697174,57.768828740994884,79.95613449150972,97.9388717964018,101.5550522155421,88.99786833303631,79.14454399385494,64.94497009036567,97.72648198995147,86.97400754236193,75.18467971809181,99.56239506660995,87.6054106018311,94.4597682337704,83.30327666778078,83.82770141979277,26.592666791329904
1356,411.26756191173405,2605.9297704249625,0.2784221791484284,-0.7788051142727882,-0.6417961858174122,49,0.0,0.015729521654625975,2.2213005539278554,-0.8665183122664475,411.26756191173405,2605.9297704249625,3795.3827190028533,0.0,691.7513433677738,158.33062113476805,57.76944427932383,220.67217026649303,140.70908628379743,749.5147972747038,1575.1940695085977,95.11717534414333,159.3520670727509,134.69084084099555,106.39202798333991,89.18790242076972,103.20010414132938,68.59135552842238,61.521268853243,117.15127405668446,132.70846597387913,41.380113453703714
1357,963.5243774869874,2607.994797661565,0.5166437369102018,-0.1878178097025508,0.01625995616750545,49,0.0,0.011620031462489633,1.6068056422934183,-0.5149083702153568,963.5243774869874,2607.994797661565,879.0676083009541,0.0,0.0,157.89921741993973,57.77272801219014,61.10084574688012,71.75758439461683,64.61805259429403,68.39060919454903,54.598555747434965,54.16497723465157,58.31968252383933,55.60980158492953,60.72989003690808,62.2396419489555,60.804438098864736,81.7096011483207,56.05753333075923,52.28225777561013,16.684136940340387
1358,2295.7880260716875,2611.048969253052,0.6563239374759461,-0.00603507860416729,0.2467988866807766,49,0.0,0.009917094931187665,1.0147685106051945,-0.015917455295729736,2295.7880260716875,2611.048969253052,908.2934005752697,0.0,0.0,156.85828996424755,57.773813766351964,53.67416088282246,63.40027647601183,68.80616653771087,56.76356061252511,81.53620534304035,70.02886474481087,65.20088854229752,49.44826855362956,51.47796135655766,68.4251030859738,54.55462471020637,72.0357465655712,63.17961097888648,81.78649091000158,7.9754712752240176
1359,1380.9718098996564,2612.498438163802,0.9110599621901948,0.4440521086297682,0.2635801495366302,49,0.0,0.012162284761916801,1.0651900599519413,-0.06856776268574438,1380.9718098996564,2612.498438163802,833.3479412417921,0.0,0.0,157.57307420375426,57.77546366939322,60.046172933212986,54.4038283448338,60.52524977905626,61.71582732895312,48.415629518585824,57.17501801757182,57.14382890633597,52.36452314251551,49.22960220181929,58.370190467854314,56.609959578857726,67.63301879955046,62.68007391850029,65.60254563459317,21.432472669551693
1360,1664.7892407728116,2611.741223210756,0.5445528520800943,0.44404393224891914,-0.27143919237794495,49,0.0,0.009716343474535007,1.160676709967764,-0.16177817503790337,1664.7892407728116,2611.741223210756,823.6763246010325,0.0,0.0,157.3513087003949,57.77525407455786,48.576405315053805,58.80210331952424,69.89122717764863,64.42354612190783,45.13281875643983,56.15981793112081,58.37951025131924,51.76291930291677,47.37508862501436,62.730471484911845,55.08572874042688,62.52810982195779,54.60884950296306,66.18883687178356,22.030891378043876
1361,2364.520945573885,2612.2007837390283,0.5589120271105468,0.20986883029689676,-0.5531378145019679,49,0.0,0.01984068233034324,2.078327830506307,-0.7942851330172279,2364.520945573885,2612.2007837390283,1408.00708852133,0.0,0.0,156.80458243322377,57.77405258995374,104.25090183487004,92.13374793656234,73.79570450573874,84.07237780184144,93.62240931807627,88.61935457136217,112.33001923515943,90.5446093471699,88.26509910491006,107.13929387290078,104.81834921440236,105.00043394834655,114.36869770758757,123.08921340227772,25.95687672012456
1362,1264.581018762343,2614.4730601253755,0.6726152175120269,-0.09295970328093622,0.010015773157395363,49,0.0,0.0414087728469343,4.9352126575485125,-1.733264677726916,1264.581018762343,2614.4730601253755,1683.4132698616586,50.79732316039571,0.0,157.66402312036215,57.776130997026996,107.10383118597872,103.61500134727893,99.24468119285606,98.61554643355119,107.15858028350587,114.76909518258614,120.57633336954535,141.16485208224682,118.61719702551058,129.45254753035067,128.36148519075374,139.86318013373102,122.69095020760483,113.68413483068916,38.4958538654696
1363,1324.07705672723,2614.515588808734,0.5273442960745284,0.3331650483037044,0.1352154986923057,49,0.0,0.02193397202637384,3.262282464835966,-1.2838039043362244,1324.07705672723,2614.515588808734,1244.945991185194,0.0,0.0,157.61753455731264,57.77623627987186,89.93520524100549,81.56141068205898,87.95589538287754,93.58371532079516,101.62791616616873,110.71263046993735,68.47125772951196,88.46892429852856,79.28884726874966,70.07670738693122,78.7900590564167,89.97830807173122,92.15458348233331,89.7833523406344,22.557178287513867
1364,928.9910027246216,2615.6737653027203,0.5566589620924868,-0.16448005736319019,-0.13853690531391732,49,0.0,0.010235626702304108,1.250256748461165,-0.24249801850024427,928.9910027246216,2615.6737653027203,969.9302119305917,0.0,0.0,157.92624348637773,57.775818687369956,63.055821778435,76.49194615756717,60.51716435258495,79.19526590091354,80.48633144992891,67.10931669755854,74.85286574602479,51.57689663984636,67.95319176306407,63.64172881241613,57.76672370820138,75.85023449492459,61.332155479235894,71.47058781671795,18.62998113317245
1365,2684.433618910368,2616.136378406287,0.69400665294581,0.7296537614536897,-0.15064604212047486,49,0.0,0.013917237211174128,1.4442985150494636,-0.399142411823901,2684.433618910368,2616.136378406287,1039.9375889143028,0.0,0.0,156.55461488768003,57.77427146497208,83.93279122019528,89.00365261267997,61.879559832501066,64.63969679791194,74.61752504616314,74.11825684475917,73.29620587413517,64.06656021330595,84.73876174436307,82.49898321148711,63.49848616089559,65.12470012365671,58.46432800132914,74.89672800237767,25.161353228541728
1366,772.4666312331417,2617.384307926485,0.3541884944938268,0.4687172936506069,-0.15140084699317888,49,0.0,0.012168968021135665,1.712998172739611,-0.5843922492562643,772.4666312331417,2617.384307926485,1058.8643758467442,0.0,0.0,158.048551290666,57.77596722323329,65.98935023472421,86.06927201849001,79.10814067352948,85.05601582908326,68.81684952286787,55.0070310020248,85.7271786120557,69.54231333149119,72.78340687121079,64.41483456040143,63.33761911281579,77.82511852599573,74.67823463444431,88.23387437096001,22.275136546649804
1367,1514.5712521783257,2617.721717856927,0.6481160316454996,0.20926945883293355,-0.026950550278551755,49,0.0,0.04112045555233974,5.2104306061962005,-1.7921840405746896,1514.5712521783257,2617.721717856927,1522.4022643457943,0.0,0.0,157.46868809803118,57.77773799743547,103.04876574566777,118.51697795424653,92.6634178836901,101.51787839434522,113.31396896909685,111.53474198613469,106.6991015433327,120.61245322075979,93.14518421360594,81.67851988467388,98.64850179303681,100.55252251854988,116.78907061078864,137.58783906636515,26.09332056150039
1368,868.6430234500876,2621.6223821461685,0.6052821421631082,0.3495170789240726,0.28921925570058327,49,0.0,0.014247446505286313,1.7620870828494866,-0.6150684189109258,868.6430234500876,2621.6223821461685,1069.8415600934186,0.0,0.0,157.97343405782337,57.77809347509058,70.06187339885378,68.10806569232395,71.88737163528668,75.41158361689858,60.19958592244954,73.28572907499554,79.59174673130956,87.99368638880202,67.14872765348329,70.84511334509118,94.6311800057502,69.35558587413834,70.3691086712254,92.3183537885742,18.63384829423652
1369,1212.8290529163012,2621.6859753614376,0.5048011221437417,-0.34969667711589625,-0.20622347693815885,49,0.0,0.008372579063163724,1.0591640721772944,-0.06240810168972437,1212.8290529163012,2621.6859753614376,870.4452147849074,0.0,0.0,157.70448558363162,57.7790461687006,64.44486894629408,58.197551178130254,54.759459937023365,51.02719845691618,65.17500431739701,57.94469703605837,66.6343633894417,48.57092483227635,64.4464266742269,67.03930918010317,65.63957947365228,60.511166343482415,63.01166269931833,69.2808146797124,13.76218764087467
1370,2725.906609734417,2621.62150997665,0.5160913614787682,-0.005920355555600879,-0.22642088509290295,49,0.0,0.014765962284861081,1.6097900114256785,-0.5169230707831852,2725.906609734417,2621.62150997665,1296.5487948009513,0.0,77.2803813628571,156.52215974967532,57.77633634747385,76.26744561623526,92.19211959441532,88.55255113190552,94.92308025848891,77.50760442345994,95.81342467302105,93.02618675725128,96.28239634703206,91.3068621762028,77.61913476349838,97.94334190051228,84.77192968735751,110.10944440844312,89.05211197602375,31.181161087104044
1371,1828.8051911954226,2629.5831590393764,0.5409707799491325,0.10080459220304425,-0.0986782639647023,49,0.0,0.031907683393319564,4.801087292619155,-1.7033490057884446,1828.8051911954226,2629.5831590393764,1358.0912088540433,0.0,0.0,157.22311665716578,57.78257242974179,101.70813971472553,75.07949277663795,99.20793674773887,82.7366119475175,86.72346927204975,91.55248076592244,77.80897412681472,102.19990904385105,84.55796618857266,120.21308495235893,96.61807588319967,99.47783923852015,110.06396441140924,103.40880258252409,26.734461202200713
1372,1738.4918775887738,2629.928434872273,0.7491705289388314,0.09798581840085549,-0.007251252967945305,49,0.0,0.019478589566033277,2.20034978895687,-0.8562293149401784,1738.4918775887738,2629.928434872273,1027.9158151721076,0.0,0.0,157.29369775357878,57.78279581725128,56.42909896191039,70.7695983653485,63.77354837252036,75.74877761654685,83.46246740979296,70.1143727592209,61.069581345143234,63.888235013061376,56.15365158328075,88.06834798042834,67.31763719203832,74.54814637885019,77.18615513952165,88.0842444980891,31.301952556354642
1373,1283.1898388694835,2639.026983937218,0.9388572087527473,-0.09587822276390194,-0.0559632630444363,49,0.0,0.016168565162934884,1.6094300069740208,-0.5166802356452114,1283.1898388694835,2639.026983937218,801.1573850489854,21.725057438796945,0.0,157.6495526309664,57.78639034993165,39.912505773562984,68.02247854018003,57.59442167512184,65.65732851351491,54.552515269181534,53.24567116118811,47.81832642867225,48.5667691955482,51.67056844295597,53.23184418094666,61.71632155052488,52.584044579232156,70.7402076593241,60.095480740898736,15.748901338132912
1374,1893.3205287272654,2638.5359148441316,0.6208933821002502,0.07246850624163732,-0.08302917509872869,49,0.0,0.07180684110992412,9.743798880809877,-2.471820778057822,1893.3205287272654,2638.5359148441316,2224.718521555193,0.0,0.0,157.17267351427927,57.78622167783381,136.7049624662763,142.64155381353797,143.73139794571344,149.09573875528451,164.36202576387737,156.9081070811085,146.43050005143098,177.82571078687567,149.02460568725678,168.65120416643876,153.66614553815214,158.31137472505168,161.3865781167416,169.93906633206274,46.039550325384454
1375,2021.1999981333302,2638.5248619525196,0.5655017857117631,0.5214650369162896,0.01989886208698565,49,0.0,0.022040429407509127,2.985980841972242,-1.187717542420582,2021.1999981333302,2638.5248619525196,1270.3460256738201,0.0,0.0,157.0727248656245,57.78599768416813,106.33957786200082,89.69860056524115,91.6290720539937,94.7208563148316,84.40529614052055,94.90398846531778,91.11585063727847,55.343360383390404,80.27689050069088,81.41521346284676,96.49405995533462,79.35565665861115,107.64971943050777,89.67540772216984,27.322475521084595
1376,1433.1791583845138,2641.8756494965774,0.2033710610501296,-0.0390922580853654,0.3607164589817328,49,0.0,0.01441077557191807,2.23496759599715,-0.8731780770796782,1433.1791583845138,2641.8756494965774,1465.0077415965325,0.0,0.0,157.53232534435094,57.78775200065795,87.64763390896381,113.68116799875784,102.72085707932301,102.21409053692713,90.51870611685231,109.35175008308843,103.25572558661248,96.97257482702122,99.09949391227326,94.29095257922404,92.01964455429737,118.40122275150982,100.24062629460266,123.79463837512579,30.79865699195352
1377,1458.4902413796153,2643.197907559576,0.38899975096078254,0.8533614375234904,-0.10253245432897248,49,0.0,0.007903873987330615,1.0381036256287788,-0.04060176960116024,1458.4902413796153,2643.197907559576,989.090997599561,0.0,0.0,157.5125431202168,57.78832173539277,49.51330343482157,91.25866969065554,62.33422329244647,56.14965276321329,59.926784494577944,66.55270756692761,90.1697225717212,69.37675406462576,66.16556109608945,63.97500531488788,72.88253056305217,71.21982776313831,83.95426444993302,68.95077944489725,16.661211088573413
1378,519.1652589389778,2647.6674781876604,0.48136640474180614,-0.4357604865618824,0.020564462148988594,49,0.0,0.01569643420751148,1.7724493063814022,-0.6214345570656029,519.1652589389778,2647.6674781876604,1401.153216556067,0.0,1148.936098241019,158.24674466483984,57.78742078820126,103.37509814739036,93.21238753975207,96.12240545643851,105.05612536593824,93.26005695324599,109.54870230621373,101.33139042216388,106.78084585078635,97.0531146574346,98.2988438860686,86.88495481113878,95.84917727387467,90.23552207461083,96.52466616355996,27.61992564745023
1379,1841.2916123814844,2651.2847363639758,0.296072390043823,0.26436957802428146,-0.1787933676852,49,0.0,0.007503093655664918,1.1319668502519147,-0.13458427171660117,1841.2916123814844,2651.2847363639758,923.7938478262588,0.0,0.0,157.213311410125,57.791600106500645,78.96630456321688,74.54877441495725,62.61615526687923,59.30426971331399,64.0095132923708,60.27723909117158,44.92389523663037,57.151498573140174,53.215823213003645,62.06376325359363,82.88410516462778,75.03105744879507,56.91379417064438,81.55268639018024,10.33496803373377
1380,2228.724787346656,2650.8374074060557,0.47888323214924433,0.17271940395686444,-0.04454043401646418,49,0.0,0.019183384908579293,2.518241432406245,-1.0027434126576953,2228.724787346656,2650.8374074060557,1260.9507834096403,0.0,0.0,156.91046167777702,57.79060405556478,63.357047432568045,72.55585112932252,93.37877970439791,88.22211274448303,77.28202225106382,100.40533767681424,93.49264456838728,71.71309224949046,78.04288312402053,95.92751900980943,94.42980027949145,102.61974847105425,96.23424213976159,101.56789435377499,31.72180827520109
1381,2591.926152675557,2651.5923318435307,0.5539059052547858,0.32175176072146133,-0.25524786615623946,49,0.0,3.8354417591986047,537.0186359756392,-6.824973392838043,2591.926152675557,2651.5923318435307,117179.60370334168,0.0,0.0,156.62657049772358,57.789503985602636,7553.896807278577,8038.3889033307705,7974.144899330391,8088.895200712346,8224.509680936573,8329.443343945028,8461.016867014278,8166.057038223514,8208.377592925546,8521.398031401197,8169.4965566766,8281.76433990201,8589.106072651535,8214.253209874581,2358.8551591387222
1382,2115.5031829616823,2653.1407195447614,0.46051441150874844,-0.3507371909182178,0.1914643221339138,49,0.0,0.009819124904775867,1.3878791179061376,-0.35587910349499324,2115.5031829616823,2653.1407195447614,930.3511580331603,0.0,0.0,156.99895257068437,57.79187496266125,70.04799073116635,63.7510785928779,54.9452380993167,64.55608452518032,63.01569012458832,69.68591475091364,56.11086483358681,61.463729874235334,64.33186857367772,78.70432294243241,62.4503715912316,52.722650505406826,71.88278327133125,80.33459436193809,16.34797525527707
1383,630.1583227057781,2657.987515831794,0.2326051733452082,-0.5045683694859389,0.21218615837604807,49,0.0,0.011959404101759122,1.8123928047023552,-0.6456308233448599,630.1583227057781,2657.987515831794,1188.827493957444,0.0,0.0,158.16008988597827,57.79226771867665,78.91018022779531,90.40837751789877,90.76224952649956,77.58918304883065,93.71133389341585,84.10998218616956,84.93942433668985,93.77459348218181,94.23646880838945,73.01497962421116,72.0497902346039,74.59226439149198,73.62003521143164,89.6652126498665,17.443418817967938
1384,1742.1689884787675,2657.9971347794212,0.4487628431709149,-0.21116921552185366,-0.01230986853271715,49,0.0,0.014096935372192622,1.9505508675394998,-0.7253932014152871,1742.1689884787675,2657.9971347794212,1042.2716235732535,0.0,0.0,157.29078829977138,57.794487941497316,79.60483294712662,80.76015331019926,77.49922256885431,70.34900258170423,82.83855499185293,62.41724910102167,52.38480576908006,81.21078451993552,76.80025837475677,70.87016137986531,54.835541803931086,85.0409641450715,72.26098675857136,64.16017056447112,31.238934756811584
1385,1093.0479285044846,2658.491344265937,0.4387208312726526,0.16033247131961761,-0.14457233173397532,49,0.0,0.011074664331687108,1.7387947216335689,-0.6006207828904913,1093.0479285044846,2658.491344265937,837.1662334372321,0.0,0.0,157.798253021153,57.79412277284612,48.74433817423868,49.80592854136524,58.99135726583857,51.672681860510835,57.4953620978187,52.522917689275175,49.96191538371789,52.262723669160565,56.75682314842352,80.30180150259831,65.51559997932367,59.322584071042684,67.15511427112656,65.62735072167413,21.029735061117627
1386,2664.3571667156452,2658.2657840613256,0.6078290583362794,-0.15347471033631568,-0.1848417563568507,49,0.0,0.018534466680677292,1.810397678486281,-0.6444349601035835,2664.3571667156452,2658.2657840613256,1383.8536397105759,0.0,0.0,156.56989703145487,57.791926175791694,103.58820664438312,108.86945119866748,93.62040836687518,110.18219744445679,89.58551161479969,95.16899487939845,96.91240687798646,110.37431378205129,83.24255916415046,91.96782879061297,83.39123176544217,88.48344019447536,94.19542806462024,106.39553181081195,27.87612911184447
1387,2689.2272642477506,2661.355388799031,0.6419445883190773,0.2782626643370691,-0.23497226216641726,49,0.0,0.016243076365024346,1.9099685674381328,-0.7025655501867294,2689.2272642477506,2661.355388799031,1041.6670976922892,0.0,28.82312391699143,156.550428046953,57.79308455275823,80.86433472116343,68.33609651643346,70.32153014577807,47.42418230401979,71.2064064604222,83.13230008104605,65.269364170584,72.63325780434899,78.70876244235896,67.8161966791232,72.55281049777919,82.18667570531176,65.59863209700828,82.81248691083394,32.80406115607785
1388,2334.0513721137595,2663.0560861284257,0.969357573571066,-0.060183554293314095,-0.23762286336778277,49,0.0,0.018279495086011503,1.7093316832391565,-0.5820658563686276,2334.0513721137595,2663.0560861284257,1025.2927597093167,0.0,0.0,156.8280530059046,57.79534970079683,60.37154649988965,73.11549794152523,63.72997899797674,67.9478818094959,55.58925938277577,85.71374916588002,83.61002702047247,63.22970395911601,76.35508935266435,72.3764985491072,67.6848025909025,78.02462589049638,78.3201560289229,73.22420859459521,25.999733925496297
1389,1305.8413888654445,2665.2786917077124,0.6237316049628564,-0.3299467460872696,-0.06348051228103346,49,0.0,0.009123936946727357,1.1196989950175218,-0.1227532210225526,1305.8413888654445,2665.2786917077124,781.1711846244897,0.0,0.0,157.63191776840387,57.79736116430537,51.161441837701,55.907135822249806,46.736659908812136,63.71567795136262,54.42063504199124,48.15627939814051,47.76160780616743,52.34604363835264,46.2752063615299,57.64648791254375,46.17510202853941,66.79561313352117,54.68673045553937,79.70651953505005,9.680043792988759
1390,1912.1014500742688,2665.030533460199,0.7635482996514245,0.218486611253792,-0.2658625093222791,49,0.0,0.01054300820683297,1.0361550094903098,-0.03856182754449253,1912.1014500742688,2665.030533460199,886.3286390107023,0.0,0.0,157.1579203835444,57.79723306399944,63.38616971068459,64.06564236418228,64.72618236418526,57.35011130683628,65.7526431525214,58.525887253214336,52.52583404214725,72.14214023419271,51.43327552142335,69.020858123059,44.75889331463472,70.9958911714615,52.134842859616555,81.40307847326142,18.107189119281585
1391,2314.0955913277485,2665.5787611240603,0.697748060261672,-0.10522053160975879,-0.5318626953848784,49,0.0,0.019754296918017375,2.096989903946272,-0.8039908488493657,2314.0955913277485,2665.5787611240603,1245.8990981925472,0.0,0.0,156.84363722426667,57.79647016284399,76.10610248080194,82.94587182593044,78.84402019237966,100.49220823340923,80.92612041189838,84.65169766441,95.45409956349052,83.97436744368267,86.59162280834693,88.77759677089352,90.14981399268447,93.8643617356521,85.4010322107503,85.49361242940674,32.22657042881038
1392,848.180461257685,2667.989274892835,0.3945588999135835,0.04562385172879817,-0.10102333921844649,49,0.0,0.1115403648090791,19.185996971613935,-3.2074609289584326,848.180461257685,2667.989274892835,4249.371910164837,0.0,0.0,157.98973611431776,57.797337891370624,276.52875136734815,284.5677532982546,290.3731907347533,272.3293997927858,281.1387078310837,306.7814313869005,322.8213029459181,306.08438787560505,324.2444231255415,287.5750429140851,283.203951234104,305.95419432921176,346.689462158786,270.32805733675673,90.75185383370246
1393,937.7851060377083,2669.671847499858,0.4967426604723445,0.10217900538688873,0.027296602242970813,49,0.0,0.008845168322687277,1.0054238485393938,-0.005872956074935149,937.7851060377083,2669.671847499858,863.8873400049213,0.0,0.0,157.9196936346488,57.79834388254495,66.82440796038829,56.77900528190753,53.2435655857148,63.90669857436602,59.61709007314724,63.626202429725204,65.64975882409354,60.64467328967368,45.085880929564894,54.36874722934538,60.636379617056285,53.32478975705927,55.76164497427102,86.81036769971934,17.608127778888814
1394,1074.3466411942054,2676.545491915734,0.24658334521214492,0.00887826806045804,-0.11807146557742644,49,0.0,0.010962733938114177,1.878106018780801,-0.6843002611882296,1074.3466411942054,2676.545491915734,1014.4151160801798,0.0,0.0,157.81295797842537,57.8015981985189,61.68948441263829,81.79926948383678,62.18403313099669,64.5508257247576,66.59673591014328,78.44763847606816,86.23873321153368,65.49509865785089,74.3924252116764,70.52286024770973,62.03366025482292,60.617348311916885,72.53341355296264,84.44085298815813,22.8727365051078
1395,1941.0795387051035,2681.0675007059453,0.5659786922101872,0.32890578227247347,-0.09876654536684229,49,0.0,0.1372623957697232,20.51346997879969,-3.2800978253698836,1941.0795387051035,2681.0675007059453,3723.729559003786,0.0,0.0,157.13521547875283,57.803869195409945,257.6540616796324,242.95317930227566,296.8974936843428,244.13735544280564,282.0131558460553,263.600915927434,266.3383555710526,252.367457481689,216.7253110307484,278.16201063302793,265.680211288744,265.56355988136164,258.71344793028175,262.85288234442623,70.07016095990903
1396,2140.090699417621,2681.2786524773014,0.6732930141356909,0.1645880604763582,-0.22498338262146342,49,0.0,0.012035981813591301,1.4847726305547184,-0.4291498835342674,2140.090699417621,2681.2786524773014,858.4020649683079,0.0,0.0,156.97959625128036,57.803535721317814,53.37008733500301,48.12226999594352,62.772026945914824,59.7138443224888,62.15846501748497,44.07333661137769,48.39289790283093,59.553092146101925,63.93608279541782,66.9758099236976,66.7508465350917,78.45200774780696,52.03717897046245,70.76617147472514,21.3279472439605
1397,1240.0979251250108,2681.680504206816,0.5779572677737723,0.028219572082092796,0.012468622969741513,49,0.0,2.666203063690663,397.2102295204844,-6.4975510613351215,1240.0979251250108,2681.680504206816,58325.13004756121,0.0,0.0,157.68337098230882,57.80409116217742,3756.6280974873,4017.054209364046,4090.2859236161175,4079.653566101899,3974.0728868758965,4198.969278514696,4245.235254385757,3956.5591606791922,3989.954418728781,4231.166418215809,4136.768809141673,4130.28709953295,4112.30608532947,4253.468809559011,1152.7200300286188
1398,2683.3958634719806,2681.666703289163,0.6373019972317983,-0.3158005536593452,-0.050649631198979875,49,0.0,0.020828724679246072,2.2795340069312404,-0.8946151888799592,2683.3958634719806,2681.666703289163,1416.7046915937265,0.0,181.47022947371536,156.5547885117958,57.80157662451723,97.94793160254198,104.76253613545458,110.97637162102467,101.5044844069565,92.85241482657769,94.13766201719241,101.4635138572265,87.30915402032421,89.59423231901991,113.37853669491078,75.2904567553598,112.57369116787885,112.13026964159252,92.63558926114624,30.14784726651977
1399,2185.732692116222,2682.7511844045653,0.6297621712182059,0.03197586227355592,-0.1753574894094341,49,0.0,0.015137665347379438,1.8673967659280273,-0.6780915058343295,2185.732692116222,2682.7511844045653,979.0464902541573,0.0,0.0,156.9438991316598,57.80402569777733,59.4874137367631,68.36415243706716,61.87609857891587,71.05169428316727,80.03299478262646,59.81234704999263,71.72202513066517,71.72705807832158,69.99012112895929,64.64720916402065,68.16395031821617,61.55295560247434,62.01340122677406,90.00762095244733,18.59744778374626
1400,2495.5823249794894,2683.0414397633385,0.76845315003953,0.06476433551362257,-0.14630097212322551,49,0.0,0.026001613258537056,2.579536622195981,-1.0288542450462168,2495.5823249794894,2683.0414397633385,1399.6955977150626,0.0,0.0,156.70161916314794,57.80304307233595,96.32991413371238,112.44991340147496,111.8548648719298,90.92895079378573,88.65704335498165,85.58111042240034,94.99484800570553,97.26306982327483,103.91295095290553,93.86612167885463,71.17174024034657,119.46876193318191,89.2830383767278,111.39668660333379,32.53658312244714
1401,1638.7828458494496,2683.787981231427,0.4269988532806737,-0.013850056277211096,-0.08637388015775935,49,0.0,0.010276345802057826,1.3584417852859259,-0.3326025797025782,1638.7828458494496,2683.787981231427,994.6411748977406,0.0,0.0,157.37160436641653,57.80527822239628,57.94228157858119,51.279084714313534,72.49762525184092,67.50095979467937,64.12734164532142,74.21591837403034,84.65801293448206,74.284581431173,50.12743741935019,71.97052546970073,79.58986777627256,73.43453791331721,77.52578138745221,66.35683686825833,29.130382338967593
1402,2236.1932922863143,2688.8347870303687,0.6194905727522935,0.17220873269699896,-0.08249665683472869,49,0.0,0.012155058657250402,1.5365486668640942,-0.46636580037752595,2236.1932922863143,2688.8347870303687,869.0121090942837,0.0,0.0,156.90440687788262,57.80641204801858,65.91479998344587,57.30695471310618,70.67581037491703,63.52325797606835,50.679403919923246,59.46494278528948,65.46136692805263,46.869400632576316,58.41745323377963,47.87339165928637,58.946378904737074,80.73526231930288,54.01464733426026,70.65339832941945,18.475640000118908
1403,2685.6994032207735,2691.3288435002087,0.6422541509384819,0.38697392456089597,-0.21774498125867503,49,0.0,0.011572227431651204,1.1972571929619955,-0.19546863726493713,2685.6994032207735,2691.3288435002087,1239.5732873209884,0.0,325.95628826375264,156.55289333905532,57.805589812050115,91.81791021792009,79.07019759094044,89.8942217925231,76.48221440891626,85.56814322840621,98.42081668264646,97.9280265428552,89.76203711524585,78.13041880805496,94.13381845018233,74.12067682954965,91.96886711905134,86.68315347904382,80.36479982667399,25.22798522897865
1404,2521.184368875281,2694.3579582759803,0.7364839979863401,-0.12018778247833206,-0.26961870211324956,49,0.0,0.016924346859960776,1.7012073462865758,-0.5768931236260577,2521.184368875281,2694.3579582759803,1132.140421982187,0.0,0.0,156.68150771367004,57.80764578095456,80.71061166348747,68.51325397227575,94.29103573521104,60.39423088089196,51.54161704005091,80.57970276001052,79.80442323651319,71.04396267720853,79.53000247504946,98.56427478425292,82.56390793773669,98.46002419373089,85.79628045907134,80.47541380750802,19.87168035918855
1405,1826.1349084804335,2699.7458841011867,0.5981053939330846,0.20160432994244037,-0.03904104028002186,49,0.0,0.03120524446539077,4.2526119497187995,-1.5716393880190838,1826.1349084804335,2699.7458841011867,1478.0223656203566,0.0,0.0,157.22506131188777,57.81180792366787,85.5945298312657,121.12236967098951,117.21266665031686,108.06327078836155,99.72742250786834,90.84527200669953,108.26756093155466,111.33338708405952,77.32418354333991,106.55427387667095,94.60819837842928,106.95942709691366,90.80137794793964,123.52270881686502,36.08571648908234
1406,2515.0401108279875,2702.90604404943,0.46146110499548726,0.13174592754951672,-0.1458770621858817,49,0.0,0.008463078936069082,1.0785714373015503,-0.08212228782544297,2515.0401108279875,2702.90604404943,1011.9768567768764,0.0,0.0,156.68624214569,57.811234114390246,57.38669131714663,82.28282664461776,74.75319280254661,57.11144792437587,55.44476930597543,74.92852631870605,59.89488683938283,59.5920761665744,58.90140887140865,77.40496175371976,84.71017378807068,118.45226397684152,61.75832740236513,64.86308233242285,24.49222133272231
1407,1954.7078911785181,2703.0141210045645,0.7798336941543983,0.02195931879263607,-0.16954601271376665,49,0.0,0.02722579609312484,2.828022857695479,-1.128707288387559,1954.7078911785181,2703.0141210045645,1409.6244753391215,0.0,0.0,157.12448866436668,57.81299015589528,90.9227279268249,115.33850581979218,97.91791066557764,94.4970825640476,109.81838561294354,113.60540122739243,99.05553351676429,89.53158580702464,86.88356947785624,95.25309482743367,103.72518421075485,87.84824238169699,94.90374951919776,110.27620184797533,20.047299933839312
1408,1902.846216666541,2708.3905553695035,0.675328066455666,0.03783209742446872,-0.029626454207476127,49,0.0,0.06594541589374597,8.327386897117213,-2.3012718569981128,1902.846216666541,2708.3905553695035,2017.9583895155251,0.0,0.0,157.16503855892867,57.815312127912776,126.01878709163427,133.55441858597334,128.55876804915607,134.8716562719286,138.87992211013562,155.4234141358993,140.17134109826185,153.25897366481655,141.263422691936,139.4996122592243,123.82008135848618,143.07466064677783,153.0660055063346,159.58606146184823,46.9112645831124
1409,2533.167131184605,2707.530711221789,0.5268864144501482,0.0031317661922744032,0.24628341560791492,49,0.0,0.010031036474113783,1.1872445252856354,-0.18635043901538728,2533.167131184605,2707.530711221789,952.7925604166376,0.0,0.0,156.67202699046805,57.81308019528829,63.33744514895547,65.95765874898507,67.48564765641036,50.95158725808485,69.0619975130603,62.49165118569602,66.77768604632564,79.0282671482101,54.4980636379492,80.96291171668025,76.90260507991604,61.72095844990045,71.90244046285683,63.8945903967243,17.81904996688276
1410,469.0337682183828,2708.519968523056,0.2871307205987548,0.1512343799793851,-0.7219593356586274,49,0.0,0.006515595724091144,1.4530640072190482,-0.4057118632911265,469.0337682183828,2708.519968523056,820.0723636647634,0.0,232.61548213905726,158.2865413748595,57.81250471513401,0.0,10.652495806578706,4.549873588630545,98.2655756718467,37.52047857365123,53.00025678793108,112.81704160079633,103.17532214987372,36.417785195442505,66.73383207160009,94.61258805846522,76.0672346967221,41.80321854459463,50.915146135607415,33.54151478302326
1411,1506.4110124673355,2711.0954006206343,0.30764263217575266,-0.11110315288634999,0.17508496561419248,49,0.0,0.007923186711348467,1.0799037302102341,-0.08346260329607927,1506.4110124673355,2711.0954006206343,1056.6774523782824,0.0,0.0,157.47514355966175,57.81663780555229,76.37608208483046,73.59948663290146,72.12520323350603,62.59331670967676,76.80708322128002,77.20901726148006,56.72386546821045,83.54601046473934,76.06268369211637,78.40347786188104,70.5831629376651,71.67354824563185,74.26024429047453,82.19507657463859,24.519193699250344
1412,947.4122346844949,2716.034870900623,0.6390017182400769,-0.4683768828737466,0.00894586852939037,49,0.0,0.011484570845737683,1.2345968340060964,-0.22881289732484122,947.4122346844949,2716.034870900623,879.9944278053665,0.0,0.0,157.9124391081146,57.817690299144544,68.96316791709114,73.35206128368134,64.2106363786689,65.01876094574033,43.809796508880126,61.05081076964545,55.298659853770744,58.09114862681452,49.922379489328506,62.226251015742676,65.10721891507386,64.80220185747433,68.59074592276158,57.905884440053384,21.644703880639753
1413,795.2022699414281,2717.163419586266,0.6778623641764776,-0.1572210767364977,0.3816310860309302,49,0.0,0.010295409926700203,1.0417590885393104,-0.04441824507011729,795.2022699414281,2717.163419586266,908.756119882551,0.0,0.0,158.03150932561746,57.81762610673469,61.58560890575765,78.93326119971135,59.903914753772966,69.20330889197427,61.11878294948697,60.87911874914013,79.12164430438543,48.20997473779327,52.90376520454069,62.57895312587809,48.700332789022994,74.19861047058022,65.99272942544886,66.09826283647196,19.32785153858622
1414,1974.7264770885338,2718.3166865716676,0.6868861375169638,0.5098705456334902,0.11043664704211247,49,0.0,0.025327800671999016,2.9324772030327813,-1.1680866115294024,1974.7264770885338,2718.3166865716676,1164.0809206382296,0.0,0.0,157.10877935452112,57.819330628981696,90.7621181858138,69.56566159069423,82.8686152341068,104.88793490545277,69.86668573601605,94.98760904975013,80.66159386041525,74.66346303778636,84.32106438204386,73.05163003056832,95.4807115167421,74.83025640315788,66.92899784205453,79.39985704239672,21.804721821230782
1415,2537.8444774623345,2719.9478785080883,0.2152324969518401,0.5730638966911469,0.007429837623827142,49,0.0,0.01323063171487323,2.2378607407490314,-0.8745826435885216,2537.8444774623345,2719.9478785080883,1446.3908844048028,0.0,0.0,156.66826419689318,57.81823220387258,123.02416404638745,103.02556989570883,103.94572388607972,103.81005740169282,102.26633507613977,99.05146938659914,90.49132916692261,92.07980713592761,87.06886147149842,109.41280361650063,101.4387270118956,110.8331456335772,91.40991042130028,90.47599533057944,38.05698492399338
1416,753.1229302081454,2722.529188568402,0.35611108548966075,-0.34803249060607894,-0.3908652784395133,49,0.0,0.00962818930524774,1.2679558961468453,-0.2577603688935161,753.1229302081454,2722.529188568402,1198.7452084445113,0.0,0.0,158.06446513032625,57.81969413963701,69.42877590663755,72.09066223048066,99.8826478080448,84.86678203747542,92.11780737808624,98.12531607230072,93.1317566394316,59.95660378535969,80.7781346174655,87.04998975954959,71.43792991910931,90.1824692336077,82.78351717573632,95.71387744577962,21.198938435446586
1417,918.1796872718977,2722.6400067627633,0.5885759165160488,-0.10381323367987157,0.029538011873958197,49,0.0,0.11161831586848896,15.641446646074746,-2.9856922940207142,918.1796872718977,2722.6400067627633,3203.6512658724637,0.0,0.0,157.93534636893173,57.82034816462131,202.17399654185556,222.6148190566907,226.09520704596628,211.77797585483899,227.0220478624364,221.44525052313378,248.94819317237284,202.8692200322931,234.37798165485242,237.14218306549543,217.7539886641759,239.40245366484658,216.24538124558688,232.20326921755867,63.57929827036008
1418,523.3148542429636,2728.166876414514,0.2304741267376588,-0.5212708050223664,-0.7605842426233513,49,0.0,0.00621703383920439,1.116942753459111,-0.12007728709984128,523.3148542429636,2728.166876414514,910.1386735584679,0.0,481.4823252812077,158.2442808981964,57.82097804314568,89.44465405107272,62.67219557507142,164.75877954362207,51.54344808944702,56.44084437704701,52.4826415999351,32.496459071304095,96.18619616479762,41.78540535350255,55.17802601031029,36.04710390130565,32.706327475615986,58.335507016049185,60.573928477623085,19.487156851764144
1419,2635.5982793211742,2728.0958437712543,0.3212308068766937,-0.22216167157423536,-0.09191748263878154,49,0.0,0.007772585471313205,1.1898673086028158,-0.18874633130758733,2635.5982793211742,2728.0958437712543,983.4462296664681,0.0,62.537906072235195,156.5917259597813,57.821162477102355,72.03022623816915,54.33330216612129,56.397221644706015,88.02133875167144,70.49309765886738,77.75215963627763,70.9175259986467,64.26330508018629,69.53475385512687,58.62920099345338,63.81782175831662,72.44898350347066,70.85586827762768,70.48171689690841,23.469707206918518
1420,749.873128107576,2731.5858945709515,0.40424837031069094,-0.538841462750271,0.17938796128584114,49,0.0,0.011031275674979251,1.1841421876415508,-0.18350963519134803,749.873128107576,2731.5858945709515,1312.6848526381511,0.0,0.0,158.06707659521786,57.82345397660054,75.01879958282733,92.84273168546645,102.25020942222122,86.52669627547004,109.5669400968389,80.4043045114974,114.68734029072901,89.62991389468114,80.77845234217881,85.16565246591426,86.70137179156026,82.91529139035623,98.98153841473629,100.59689064011673,26.618719833557083
1421,1911.516225708553,2731.6420579682695,0.663283382867799,0.5035825872317428,0.17558775411278296,49,0.0,0.028162861801611087,3.463578008786482,-1.3488124338111587,1911.516225708553,2731.6420579682695,1209.4778530370309,0.0,0.0,157.15819167911073,57.82498672451664,81.09804322846716,88.22017098300358,88.96525219078381,90.27277464071602,80.02136068239568,78.73044499779682,101.78737567375873,70.21006791034975,78.1842048841329,82.54764188211757,73.82401189544052,95.39987764366889,89.44553757546481,91.0292920836972,19.741796765237368
1422,1769.716991867551,2733.830846401953,0.7707510332603871,0.20818285627869848,0.10417165189032582,49,0.0,0.020568126389192393,2.27035271192131,-0.8902333312446596,1769.716991867551,2733.830846401953,1016.2772849844814,0.0,0.0,157.269136599283,57.8260626331446,80.3162663719726,73.46065571229603,61.721467238574476,57.95652621925301,76.67106872794935,68.23117771852341,82.1193407320043,74.05618947307778,72.03993849701429,69.70975725322418,54.03876937436297,78.90236697720091,62.497707433739684,87.45727602331789,17.098777231970605
1423,820.0170596378501,2734.7833882415284,0.6803593314522585,-0.06420068239200483,0.31595794053584014,49,0.0,0.017076439184641704,1.5010324756776299,-0.44097522137269224,820.0170596378501,2734.7833882415284,1312.3199890817054,0.0,0.0,158.01222243190165,57.82506158217434,74.92476444623797,96.88625282224905,82.02802490339218,92.98798878900428,83.189386546855,84.46031909609223,101.08681529438475,85.11147081236435,87.51268331726769,93.2903042148119,89.33090462949812,110.21285513219577,108.0357133231442,101.48216981766127,21.78033593654682
1424,1054.122592934424,2736.6715715763517,0.4981587302878449,-0.033250486867087946,-0.06056234506012143,49,0.0,0.02127551820943564,3.137469455959279,-1.2414487663638443,1054.122592934424,2736.6715715763517,1123.4305768047989,0.0,0.0,157.82906661087006,57.82659623437974,64.4793525765615,89.56073957766885,71.88593404521004,76.77875062677262,84.25269140246661,87.79769428070952,76.06963955860186,80.81450201621658,73.08662021999726,68.79189150131471,63.05762298697624,82.42148101131875,80.16503102370368,93.7441343706965,30.524491606584302
1425,2645.1024038570486,2742.0859704742497,0.647622391722095,-0.08520785630008344,-0.9491407499240849,49,0.0,0.01936913627184821,1.9548928207128577,-0.7278073792031615,2645.1024038570486,2742.0859704742497,1386.9733169892888,0.0,426.34481908218163,156.58415988081487,57.82694312477304,103.27750461135969,95.57516297688551,108.07768125460709,105.08881313956773,90.9671626214382,86.56979948979976,97.14222019538343,82.13998639067078,100.30721389323163,88.53596730880878,115.82803357892749,90.60731223367807,75.97875850034053,115.10495151907321,31.772749275516873
1426,1321.937745816054,2744.188648661144,0.8684336766004443,-0.001174661551378544,-0.3881264781587722,49,0.0,0.011790233378025226,1.1593520858891933,-0.16053836932631596,1321.937745816054,2744.188648661144,788.0015423325144,0.0,0.0,157.61953076375642,57.83026015057503,53.50269257327372,49.64158930586547,45.9700606312786,54.4998852784711,55.05895611350484,60.26547510978787,53.28048367487229,59.18169056153198,56.41605617543988,56.61643601223703,55.14357662485328,65.93028397977348,55.82685265297625,47.20881392090357,19.458689717745173
1427,990.8451280709077,2745.4786613553047,0.46619830826209907,-0.3907757956934796,0.4084606503442756,49,0.0,0.010836507123212697,1.2629766457951663,-0.25348829979279364,990.8451280709077,2745.4786613553047,1044.4180606064626,0.0,0.0,157.8786255598944,57.83008932125727,81.81436660186023,66.89082829381009,72.35326436631648,66.87785894674525,75.15802990224478,65.82932476318382,74.1112603432872,65.47105794426491,86.5348996976645,70.51039237685245,77.22609406263413,70.8603709442199,79.36983821271559,71.2433998136461,20.167074337017237
1428,1370.366101861761,2749.3370499931,0.6353727220211939,0.30438556586519033,-0.09709428470681716,49,0.0,0.06257375658281998,8.493081096085954,-2.3226631774009183,1370.366101861761,2749.3370499931,1979.6488735738558,0.0,0.0,157.58164410567122,57.832464492274205,145.95895998715383,153.6897485042993,153.80356852016462,129.8880206945123,111.88561241825695,117.36530694837799,127.85915109268981,140.02354145696728,126.39986819038538,148.7985680117816,147.01271882133693,136.47955453243694,136.891055649141,165.55844109917666,38.034757647175205
1429,2811.939943463687,2749.0250007161667,0.8881709229457994,-0.44597604154025533,-0.40124775992200107,49,0.0,0.011537601789915508,1.2348980891083354,-0.22907779649100674,2811.939943463687,2749.0250007161667,473.7094391505392,14.186462874896998,64.22209335966315,156.45355913651431,57.8289274459088,0.0,38.42049197721759,107.44191908178942,45.431507793144995,89.31020054327621,15.808349861599797,17.866802324889864,15.391336379496106,48.80115647687473,39.699460959857625,18.841051065845168,3.721829576834102,27.84678063228232,5.128552477431288,0.0
1430,1527.3524091086665,2751.872429111057,0.49133159926042996,-0.13451948205810668,-0.09880335332793472,49,0.0,0.009979701675243419,1.3677136343687493,-0.3399879407697303,1527.3524091086665,2751.872429111057,934.189242458055,0.0,0.0,157.4587888879643,57.83363550684376,49.20027671247988,68.79395499429026,63.33343133569732,73.348773889521,56.09166187044473,62.35069683492357,66.72662716890731,66.09168689607318,70.1808662119459,74.85168887416478,72.35875337251576,59.8176679916784,73.39658689076116,64.9815292544802,12.665040160171511
1431,2735.164314110693,2751.6822904611286,0.550245233326429,0.32946940372703154,-0.5340130110143045,49,0.0,0.44132031080335465,56.935998322196745,-4.388467350052446,2735.164314110693,2751.6822904611286,15644.738905708173,2548.618147254156,15638.654848231283,156.5136009580243,57.830468217904944,1091.4679417947661,1193.8358461854477,1024.3997762477743,1070.2382904428362,993.752570117591,1107.9337199680213,1113.6486093586627,1159.6195181898927,1104.2014036463324,1128.7849900044052,1074.537881340136,1114.9437149870903,1118.152788350601,1165.396080518851,183.8257745557654
1432,1446.9815396134375,2752.5931462907183,0.5362621026137337,0.2982779044712256,0.012905425239441892,49,0.0,0.28480687551912104,43.57941740634445,-4.098203550152999,1446.9815396134375,2752.5931462907183,7523.86370034773,0.0,0.0,157.52168979172595,57.83389190183019,490.91515996114333,486.11170043478813,570.1662237035705,535.3387706842642,491.7728614739807,482.5473792250092,529.1183903118806,547.2691984612197,506.3787894624421,541.0383337988458,534.2589632311636,561.0349817243522,537.3986070244487,537.8186689779666,172.69567187265537
1433,2643.33079662405,2756.19413388781,0.3384701568648226,0.16867460749100666,-0.402168476109065,49,0.0,0.013815285583748926,1.8874979059437687,-0.689716196199991,2643.33079662405,2756.19413388781,1316.462000526505,0.0,564.3893968913712,156.585413547694,57.83282942959216,93.00111344082688,90.81699414338127,106.2647296433348,91.36530473998566,94.41655215991946,94.75992503680568,87.39685091671211,64.17057857353213,100.73208383887629,93.58209555169086,89.62996506811632,105.27715091976711,79.46060486562526,97.64583353416091,27.942218093770432
1434,607.7692874800483,2757.659874251259,0.6819988587371141,-0.4508392295557982,0.2149224797432847,49,0.0,0.03471902788782649,3.6092031507871676,-1.3935283195729822,607.7692874800483,2757.659874251259,1848.4192076631443,0.0,1595.7619360607068,158.1784796049525,57.83368569086494,134.2092060890101,135.6276244943352,126.8002626814553,117.78225627658935,121.4600521611746,115.53288448046928,119.35216178240505,143.4011053241138,129.31077076680822,136.69331652370224,141.05903195920882,117.56055024790862,114.64471303545133,146.70357931615763,48.28169252435507
1435,1961.8600967141954,2756.9697088440066,0.370436752350456,-0.42745515190281025,0.18286383005943777,49,0.0,0.008132167506236727,1.2247339088409708,-0.220104355476092,1961.8600967141954,2756.9697088440066,899.0910662427773,0.0,0.0,157.11871905441197,57.83545754400832,54.41756915788818,45.133254166187726,57.730251890012745,57.91556665258513,53.537052250178206,43.64486083184548,75.34413514231557,63.24686884210364,70.88385967220825,67.24460250501416,55.37471645866976,70.94361765747922,88.94620764358513,72.21566861549857,22.512834757205507
1436,1357.1626225311186,2758.344200182997,0.5144405152121152,0.16473525827326319,-0.15460147922227696,49,0.0,0.016062234307192284,2.209143899363497,-0.8605600147397916,1357.1626225311186,2758.344200182997,1087.4757676297834,0.0,0.0,157.5919967680569,57.83620212905911,83.66571880491182,75.14263265766152,100.0349352280677,68.54921942434127,82.36150581390044,68.17417758635128,85.17664982208521,71.41666452888816,74.8557681975064,66.25949121784963,76.22460961761983,55.424043879626836,90.90974701579557,70.51690879973872,18.763695035438943
1437,1833.6179446387198,2758.033094909462,0.35700315466051935,0.46044729445856253,-0.3197024083078201,49,0.0,0.013982475238060057,1.2998620679500876,-0.2847431763319236,1833.6179446387198,2758.033094909462,1627.740803049834,0.0,0.0,157.2190862428638,57.83608424158572,125.4423858004226,106.34454344915093,112.57215061069826,119.47380555852958,112.07092222374631,133.05764080845466,106.31280263569104,103.62036991103851,94.78895910667862,126.712841716252,113.0316946581357,116.23149709880131,110.61856495354894,105.37353683162164,42.089087687064094
1438,2383.276944854581,2758.6809651355547,0.5709516386910586,0.1298467614904024,-0.23263971634478892,49,0.0,0.08708051304843377,12.066510473052242,-2.7039542354321244,2383.276944854581,2758.6809651355547,2812.764947955069,0.0,0.0,156.78889833003464,57.83500901411715,185.66088836010334,189.01539383334313,189.07591092744389,203.54306799705068,191.70882490078532,195.23485598455756,216.6501680418773,188.60159810578028,188.0302211981944,189.73659931301805,222.5825686729043,192.9816141601509,194.17365101436522,217.2628420303535,48.50674341514156
1439,2499.467057297756,2760.4033404039988,0.3021646173089937,0.5331055127879278,-0.183319003443119,49,0.0,0.032135744656816866,5.610547994320405,-1.8725132045158692,2499.467057297756,2760.4033404039988,1995.9459992974269,0.0,0.0,156.6979562709693,57.835255876135285,122.0435617328577,161.0703824974035,102.69882246070941,127.14255162307828,172.66588108656055,135.5076039487363,137.98055833472728,124.86927068951812,130.06280442018186,147.36348625734306,138.81580596343312,148.02119767594345,144.54026969297303,160.33747244644192,42.82633046751924
1440,1268.7720201284383,2761.0045950937497,0.384990072803034,0.09586648797929571,0.05706999758387515,49,0.0,0.010994743354403775,1.7065024534562603,-0.5802672925119583,1268.7720201284383,2761.0045950937497,871.3313069985907,0.0,0.0,157.66118527670517,57.837188084763575,45.886463085056576,51.60633615077316,65.63849574661596,63.35773038972757,67.16852863658823,65.2763393702422,53.97619577133265,61.894438342280736,67.09944228804878,61.959205974673296,53.419248865473705,70.15272902539097,63.84099324170917,64.10764854441015,15.947511566267394
1441,1445.087221204904,2760.6528815945226,0.5170140902991196,0.4883983466826349,-0.3880419290097719,49,0.0,0.011394751145194022,1.1947069057060868,-0.1931534350785644,1445.087221204904,2760.6528815945226,4616.465954182336,0.0,0.0,157.52318361000655,57.83724847031272,308.9303514648428,299.8549107168019,351.2492136210429,327.91994935901175,298.54456399108517,304.85718410174314,318.70602191259655,339.8210306605431,301.73932745134164,360.2835650387695,318.1428094713792,341.7464737002554,327.79939502492624,303.93332917613304,112.937828491864
1442,2282.2804186891735,2771.478369720484,0.45928548186169327,-0.4614716506425585,-0.6863698667883219,49,0.0,0.008290129549036072,1.0876729243492862,-0.09124579422863731,2282.2804186891735,2771.478369720484,1168.9354546333611,0.0,0.0,156.8678602165878,57.84069696517886,73.65573929190151,85.57487814102643,80.91953985693951,85.36600471983124,80.82405391454989,82.99170158875151,90.0550515780944,87.7861149834608,76.1711308932961,75.74974626265649,92.546897256927,82.64807445937919,74.08953060760395,73.05238054196778,27.504610536975367
1443,2288.847699304935,2773.880739156388,0.44144346477668145,0.7980177751437177,0.03623346479482765,49,0.0,0.014350499192547255,1.7530001243887552,-0.6094548672757709,2288.847699304935,2773.880739156388,1289.4794229553336,0.0,0.0,156.86270491402982,57.84167615592266,79.95796719309064,96.7043536502462,100.28530839390923,91.47104430280244,69.28138225681525,82.13312515461317,107.44526648728142,96.57605890344789,85.45189463642194,90.43848142730312,98.99570996774852,79.88308852701348,89.2316554283996,88.63446380323163,32.989622823008965
1444,1390.5992513548147,2774.9318281916803,0.7797594789184652,0.06940199205471234,-0.270032876668529,49,0.0,0.0217753981174513,2.4672257000578677,-0.9805222006458512,1390.5992513548147,2774.9318281916803,978.0438707805863,0.0,0.0,157.56585815807247,57.84314962400475,74.03200702048409,49.9147505755889,68.5875659956365,75.49950017672833,83.77332827085397,60.26540787383848,73.98094251178011,85.26295743905808,51.96466468678604,61.28278179204588,57.582757998975495,68.15324363724312,77.20948919943058,79.49998296151699,11.034490640619815
1445,1403.9903667928563,2777.158264919522,0.5004924569894063,-0.0349668019294536,-0.08345585686682153,49,0.0,0.0084153729624409,1.1563844321716286,-0.15775559086850913,1403.9903667928563,2777.158264919522,805.805326715988,0.0,0.0,157.55537920843676,57.84409034909056,54.334703115267764,68.95176077600955,47.89201994382417,62.804112881709116,53.144975050730615,53.74632860490128,53.490444341085706,58.20224741296824,55.058959208310455,53.32713914993366,63.736571223205445,52.64432825189233,61.01447879728688,48.48863771129507,18.968620247567625
1446,2558.4442990326697,2777.2052113590375,0.45037171356786376,-0.5633072246030294,-0.6791121555460927,49,0.0,0.013827637936946803,1.240014691514272,-0.23356707662692178,2558.4442990326697,2777.2052113590375,1487.5752089321363,0.0,0.0,156.6516573327286,57.841991750227855,97.28919408788646,89.51379020898906,95.15052429389598,104.64767879652109,99.98695215924715,97.4605616839586,98.89988280485304,100.3026089379392,103.43282217349915,105.25724727011561,113.89197096053189,105.01469901140675,118.48418044312263,120.5681942768591,37.674901823310535
1447,1438.562094956584,2778.0251632821364,0.3490044883479326,-0.4023075734539737,-0.00030395352771192687,49,0.0,0.007023682946463317,1.1898870201750544,-0.1887643176748135,1438.562094956584,2778.0251632821364,877.6994410226544,0.0,0.0,157.52831614625148,57.84448139173967,58.193977423662396,53.48854197910583,66.7297977401544,49.592841906753065,48.457346249841635,67.851253846118,56.16228400108646,57.66905160600193,72.71341609351123,64.42291065440341,59.77930997521882,59.395060584460126,78.39975093138925,68.57145881970263,16.272439211245175
1448,2603.076642831067,2778.6354667545975,0.31550346871435603,0.3523005999473591,-0.29164588372904926,49,0.0,0.030255084837373568,5.234776903770673,-1.7972454440123566,2603.076642831067,2778.6354667545975,1834.9138569220224,0.0,510.1903924206704,156.61671022335275,57.84237675729139,122.71157789062937,124.23361850090724,99.23781932573178,129.6163151034972,136.65861686994697,158.55704920157154,132.72978953331148,146.1806674725142,135.90258012076134,135.4635709224648,113.22098153186698,141.98497152934482,114.61597172091635,107.92035365246029,35.879973546098
1449,1022.7732873166287,2790.8231144341985,0.4155083118674692,-0.5778597086499728,-0.05167173124042856,49,0.0,0.012898465175496733,1.8357581330678905,-0.6595386524116441,1022.7732873166287,2790.8231144341985,1149.2625617233373,0.0,0.0,157.8538772164356,57.8490722033624,77.65028206156177,86.48044850478648,89.75780141864229,69.55609995666049,82.43183332429709,78.22323095137432,81.32214784185895,72.5990865024553,74.36563793107024,82.6217919638926,78.2748319915923,91.6623440117981,74.91296606247397,86.16017713459463,23.243882066278893
1450,1953.7887743360827,2790.8169156440326,0.3788694717732769,0.4606005211517834,-0.1280814866802917,49,0.0,0.008835638656421793,1.0979706471958088,-0.10147682494072824,1953.7887743360827,2790.8169156440326,893.2100866596722,0.0,0.0,157.12492838633602,57.84957325222851,59.29708597894572,62.46186170372246,69.75622106530076,69.99604453023738,60.7508359544164,71.84115720691398,63.67193536362421,62.13538989004164,48.27385489555198,60.72905783262771,56.959762011577,63.448336356118396,46.962097682083964,67.61395549280661,29.31249069570404
1451,1710.8769786611,2792.045409630894,0.46859315802498974,-0.49427303722312393,0.08945030836115953,49,0.0,0.00946559682407242,1.297528840250557,-0.2827925492925176,1710.8769786611,2792.045409630894,965.5082578865238,0.0,0.0,157.31511855134167,57.85035655677657,60.8341373771067,79.6488995273707,66.65816133025108,68.72378299095496,73.74041023391352,64.99246783523527,70.53270427268316,49.7707461167213,81.42396556647375,68.86433250510419,60.71415613192764,67.37866858687445,79.3057782471739,60.30583018956915,12.614216975164137
1452,2650.199680681505,2792.6391110622335,0.6748656394235077,0.9056340794214448,0.3520728350337166,49,0.0,0.010029187767470662,1.0451107279885181,-0.04790576441160277,2650.199680681505,2792.6391110622335,890.4346137749159,0.0,730.4441503737277,156.579694170843,57.847977561060475,60.97888788002273,67.01562213294102,81.55625807075943,56.133696168296964,73.72936259280046,52.472522450009336,70.00353096317602,52.37900825940592,58.903038496267435,59.65263877316852,57.27063282468948,58.350642135082964,53.07380800580751,64.58295573526155,24.332009287226555
1453,1036.8419227321367,2795.019950931194,0.5594467856790838,-0.025171684257372862,0.016976179243561956,49,0.0,0.05113387703092016,7.135352362168657,-2.133538561414658,1036.8419227321367,2795.019950931194,1978.6554757289503,0.0,0.0,157.8428838306527,57.85085940466144,114.16087455592535,135.3860961228213,136.6574415350643,132.55798171082753,141.8153275224214,136.11026052622682,133.2890679517197,132.43106079343673,148.7726166764853,154.25087074901612,127.14034721147242,140.92669764799248,141.77568169514777,167.10037961050176,36.28077141989136
1454,2133.182125323632,2794.994577672298,0.48480682061802083,0.3650211706656556,0.17696063539151743,49,0.0,0.01782448971767606,2.613807108425293,-1.0431838368053805,2133.182125323632,2794.994577672298,1393.7058266689296,0.0,0.0,156.98445333604408,57.85093069026548,98.08893742128217,109.7408445978459,105.52654203818389,90.65798767387221,80.8635816131906,96.6887519078353,103.93230543211362,90.62528449458227,90.73950389462318,84.59648032073267,97.13460723841297,113.46646417281636,86.15911515349858,111.83037839066857,33.655042319271494
1455,2404.915715061605,2795.4874994785764,0.2892719028371596,0.0739835051898236,-0.11248057036582829,49,0.0,0.0082905275931933,1.218938766219331,-0.21495472310869929,2404.915715061605,2795.4874994785764,873.9029294385293,79.63550710945795,0.0,156.77169737191093,57.85026029640532,48.759688769212275,59.417443900574604,54.16470082727464,66.89983247968784,60.267300243261346,55.624477504897285,42.13144297148418,66.07615416738382,57.766516615726204,69.25261305680692,50.3923144746771,82.05061173164944,73.23581110283001,72.20446965520306,15.65955193786053
1456,1161.234075953489,2797.8319253420523,0.29706417852519446,-0.10755880823086095,0.23638432842887225,49,0.0,0.013721781744197354,2.4882936583645585,-0.9897540818088704,1161.234075953489,2797.8319253420523,1065.7872390502412,0.0,0.0,157.74549910218008,57.85233166135421,70.06038015640755,89.91372854192721,56.03894212112284,82.37875511094194,84.26234261086617,70.07996582176699,68.30178488994646,68.87322703647108,69.03166693235897,66.45280294032756,75.69900946514738,71.77935427885518,88.01117112803259,85.95971935342112,18.94438866264816
1457,820.88401106019,2800.2739378324036,0.3756315014210846,-0.6681861971028551,0.13738461474733388,49,0.0,0.008241732086661705,1.114270505456428,-0.11747658743094845,820.88401106019,2800.2739378324036,1016.1555580330999,0.0,0.0,158.0120038422479,57.85234906643567,76.15578670991778,66.62676726150002,65.01877422368241,77.49382327338802,72.26659839377649,67.03111496756674,70.45337622383414,60.013071556952085,82.3865792272473,84.97303046114624,68.38899148359789,76.92140814569032,70.4540429816347,64.23450334815931,13.737689775006444
1458,2529.4814459081945,2800.0945656115814,0.6864184940905521,0.12951156830089583,-0.6437478338886452,49,0.0,0.016804028532309473,1.907537274147008,-0.701182582554454,2529.4814459081945,2800.0945656115814,1213.917701615887,0.0,0.0,156.67413562480056,57.85165918661937,79.47428515690171,71.16059470561905,100.96567804700581,81.25383515395487,94.19297752998826,75.6984529187427,79.73999268418564,81.91688331988898,76.21260364204525,87.03113679541715,90.16263559638352,97.67448289044694,89.75109104232335,90.89787767176085,17.785174461222812
1459,1611.6212098744443,2803.5644150412118,0.32374494579956764,0.27065554659611435,0.1346646848978125,49,0.0,0.027284770722156158,5.149331750834393,-1.7793771814594606,1611.6212098744443,2803.5644150412118,1496.2056241309788,0.0,0.0,157.39283305509372,57.855184845980524,88.50754561884034,107.33901473037403,102.77739508791981,101.72501199020905,106.2186295389388,98.84120918028347,105.41104396118074,108.67127850517599,110.08437059499519,95.75210655268731,98.1792896529445,122.20071230733306,96.47951220694091,126.817154103689,27.201350099466744
1460,2127.3409272010376,2803.6772297643633,0.6092696169848675,0.1265848017481623,-0.17024260642583683,49,0.0,0.1311918551219546,17.499317384540973,-3.10755277001443,2127.3409272010376,2803.6772297643633,3831.082476394734,0.0,0.0,156.9889856007614,57.85456301154366,260.4022686854206,242.3425081312107,288.0437834557173,248.44462092457297,247.25330915142843,269.27822228332354,273.6757626246083,253.7324626667617,296.51947397057234,278.7543551849592,274.82994923111283,265.5822861381205,281.90396139654695,264.3196263047068,85.99988624567146
1461,562.0290812143083,2807.356919034847,0.5509087842916348,-0.474538323430663,-0.012209742820349567,49,0.0,0.007390399551097839,1.234149586565929,-0.2284195051647222,562.0290812143083,2807.356919034847,564.0698899971915,0.0,180.422350038314,158.2147372005073,57.85416541054101,33.396588745032815,6.516420672189535,34.88607436717413,45.10550347797861,44.500691920846954,96.20915310032535,18.491717195876582,23.854054235417205,14.40799825974951,52.59544948425256,90.6606187876581,29.639666421570553,25.22968040739682,34.957057370117646,13.619215551605171
1462,1994.4405238993859,2810.3866605930343,0.3679226617049842,-0.019797118366666415,-0.38358148298506933,49,0.0,0.009677809343593044,1.2619088349951844,-0.2525699524670931,1994.4405238993859,2810.3866605930343,1088.2089669570778,0.0,0.0,157.09303050948344,57.85765335961672,80.40419808406773,69.31500886898925,89.16342543221737,84.98616635113122,82.47313256590891,82.08101874697917,59.70977366758915,74.08210242849792,81.63025596161903,78.26967322587655,71.65480178134365,72.50891438542385,83.74703771745824,56.694276339956275,21.48918140001937
1463,2199.345119687198,2811.404115465523,0.7719029997356083,-0.42321784967475107,-0.376254570000332,49,0.0,0.012739159706964752,1.0931029728339545,-0.09665268855933767,2199.345119687198,2811.404115465523,1065.4961538678886,0.0,0.0,156.93256153050226,57.85758679494635,49.60864195549058,67.76770517890492,93.90800710670713,75.5456329770974,69.53605207562549,84.34757578814848,80.25948542384972,74.05728871363566,72.14739596739771,75.2356596073851,80.6407182574999,60.17530873721324,72.92357610573416,79.92076307632345,29.422342896875566
1464,2218.507129572768,2812.7939540528237,0.9321464075028472,-0.38309543301181603,-0.3932370409264928,49,0.0,0.011835463943457785,1.0626213059762533,-0.06594629859163151,2218.507129572768,2812.7939540528237,1128.9990717935702,0.0,0.0,156.91754792814677,57.85810961124764,85.24436116682418,72.762231268323,82.73691292591676,66.62756945937879,107.77987927874163,71.10622845618748,85.71031142007739,60.27800397822862,88.85931703196658,84.87078293779051,65.52420886816724,67.73092881144731,78.13160319646414,92.20516116217533,19.431571831881165
1465,569.3178227872978,2814.916830261226,0.47552127451323395,-0.1626281109243292,-0.27725058797021634,49,0.0,0.00667492835978752,1.2512467319878287,-0.2433573904911524,569.3178227872978,2814.916830261226,729.5284358183499,0.0,185.44847407060672,158.2091006177672,57.85735118304498,20.917168655269364,157.82516117097936,66.86070009484229,29.52210232617806,79.33734348766508,69.98134854245671,39.435491845098895,46.034311931698326,29.476811023444075,55.79381650091235,31.615435761170428,26.05095392539796,30.06204254474719,22.565958031795702,24.049789976694058
1466,1431.87631759966,2815.47754109608,0.3075482952682542,0.4317893293917091,0.17143468499116696,49,0.0,0.011231166540412993,1.58919147925651,-0.5029405695988243,1431.87631759966,2815.47754109608,1085.049470396612,0.0,0.0,157.53360703957625,57.86008000122301,63.90595752942605,75.27702872908115,81.08646260076729,68.94580956862762,81.12209271432057,66.39520115034608,88.47683420898422,77.50705201793859,81.62233847395015,77.41700176268883,76.02762781547096,89.31839424073132,60.14742800967424,68.02638080023337,29.77386077437141
1467,1159.8646486526627,2818.683472455553,0.5438676703850716,-0.3403713017031534,-0.151697550496115,49,0.0,0.02052360157267521,2.835497510900169,-1.1315731759578862,1159.8646486526627,2818.683472455553,1069.4200249187804,0.0,0.0,157.74665418253903,57.861016074906914,78.27095744793915,76.3025746995729,71.38859092488529,75.91321522226677,71.44657166871811,70.67295620284426,83.56662483078071,70.43277166308769,73.06651683822506,83.14067113543413,75.1084517354,74.65726151910755,70.51355907349704,72.44605545646591,22.493246500555834
1468,2656.273951135389,2819.23602819257,0.32633127981276894,0.010479230831214062,-0.42420435018571034,49,0.0,0.010920386960429929,1.43326506593661,-0.3908162890223208,2656.273951135389,2819.23602819257,1173.1994912847613,0.0,973.2338954010498,156.5746860424581,57.859026791887956,81.84350515155322,90.99906285701886,81.13779106110363,73.72210329784762,83.92987316353148,73.05550249208872,77.5588048269756,73.05011480070789,78.11163668557802,78.75614243064591,90.2649136701028,78.37571817513945,97.98901977221456,94.99379580470354,19.41150709555013
1469,1650.2978122527365,2819.6121615825705,0.4884890235849401,0.22718938344275277,-0.027757092585636273,49,0.0,0.11933330530210201,19.104805173080855,-3.202856533000439,1650.2978122527365,2819.6121615825705,3688.790238785115,0.0,0.0,157.36253866515392,57.8618652066657,252.37730985379534,248.58284415538398,254.07671679402364,265.7604142942142,272.14567940694815,285.4433405306497,250.2256263309726,240.4272025143111,257.57196641514344,241.81583857470616,251.42311839930437,274.8619414300759,255.22842525593418,266.67932750767335,72.17048732197942
1470,2220.389838220357,2822.7823376700935,0.6140943684737273,0.07947917386535519,-0.1420955984503763,49,0.0,0.06738058361338158,9.340061857430623,-2.425874381220797,2220.389838220357,2822.7823376700935,2181.8830128521695,0.0,0.0,156.91601773628844,57.86226534428697,127.5312623512409,146.31258857201294,167.5234493968856,126.7209448189019,142.87113055189707,181.46099208568288,158.62957082718324,159.70741830482365,154.19135893714395,144.96026650767357,142.02361815097805,144.06073172373445,171.01113302658248,174.61965848866208,40.25888910876638
1471,1059.232446405362,2828.943582300789,0.5909740931706194,-0.1500837838074001,-0.1565141206980902,49,0.0,0.023977333794104074,3.113028288234165,-1.2329576678869671,1059.232446405362,2828.943582300789,1200.4783623673668,0.0,0.0,157.8255182971375,57.865052402484984,93.21722209756078,74.52523948682148,94.31950308235014,101.06049665881221,81.98895975297397,89.17660136086879,81.37401076944036,63.054426514644774,75.38312785706309,84.40220836460495,75.58867332491741,85.60495302573946,95.12426218988259,81.1932645134402,24.4654133682466
1472,1108.8598393815048,2829.8251475574975,0.6483391684423981,-0.2256242786470942,-0.12293342792852897,49,0.0,0.03412789185311236,4.462107416119253,-1.6238500520649475,1108.8598393815048,2829.8251475574975,1292.856638389258,0.0,0.0,157.78665016254826,57.86554330851088,85.5117869093078,86.65326332495718,96.55330050164179,84.1076260188801,103.03846329809286,87.54773600099065,89.33851283937331,75.89312766469102,104.89686754568271,95.4133784560007,76.34931188838604,87.1246884487463,99.15369976602643,92.85482549324767,28.42005023323369
1473,2107.572879897748,2833.400347636147,0.48112576828690207,0.005605876435731797,-0.1542182686032398,49,0.0,0.13974345010034686,21.69876364000649,-3.3410874729139914,2107.572879897748,2833.400347636147,4664.518449275771,0.0,0.0,157.00432910643897,57.86699564857669,310.2296185388386,347.00060110605637,378.2406398785646,306.29687965725225,318.211831383276,332.68161682833824,289.2397129252399,361.18669264146956,317.4439619881373,319.31256790769646,323.30689748085797,313.9959375271679,311.4154921827645,340.2885167657922,95.66748246431902
1474,1031.6055948567782,2834.533775080396,0.5004237059440243,-0.04159152629531103,0.10467552337341281,49,0.0,0.07040699635182572,9.946029328558046,-2.4941243388321457,1031.6055948567782,2834.533775080396,2820.424500733332,0.0,0.0,157.84718631101205,57.867307425959936,173.22835023737474,183.6513227315462,179.58327270412303,190.2603486643572,229.61514880191993,213.99500803064328,199.40628824411456,192.8574862902256,163.3557608105752,193.1786771932492,208.43011072950338,199.59430489895328,212.29779951050477,215.5726718175572,65.39795006868474
1475,2019.1675736954628,2835.418299659723,0.8801736134444452,0.1118126158556636,0.05249807422557155,49,0.0,0.019207815175788817,1.816349790072157,-0.6479987201401631,2019.1675736954628,2835.418299659723,1132.2519623205478,0.0,0.0,157.07357164047096,57.86803377013154,81.88120483758573,83.9666835746626,72.82612929107552,71.32103184518118,84.33271666022134,67.22604240448621,72.27603911913107,92.63991377043376,73.41757127840354,77.45693009312782,84.2549523337326,81.11067066970232,98.51944928888842,67.27087792014873,23.75174923376688
1476,2283.9193490384887,2835.6979887794946,0.5081229855550585,0.5362359642803303,0.22100353581038962,49,0.0,0.020862610976250674,2.7192446206809424,-1.0861206951670224,2283.9193490384887,2835.6979887794946,1298.721673038484,0.0,0.0,156.86618188254965,57.867446542314816,75.19615932861166,92.88348122992173,84.32460200947668,83.36260961045448,72.69883234967769,93.599174454058,92.02952106373012,87.65808324820341,109.59352951405857,91.44073109893174,84.15960195424876,85.95292032583751,94.40066268123913,121.5337706768339,29.887993493200547
1477,1717.4200025998346,2836.5821866888286,0.2506733633821085,0.3050282777974356,-0.04785580045094418,49,0.0,0.0065023993521027236,1.191293556085254,-0.19004698153813618,1717.4200025998346,2836.5821866888286,922.1682533230239,0.0,0.0,157.309948538622,57.86890849302922,53.49914098779522,57.05028056083762,69.52500844712284,61.65604037923785,67.02301350158909,68.39758599513304,63.447493385117035,63.16003742597266,56.25088590493539,77.75255755592016,67.14741476431769,57.44845146442382,67.38748199837272,74.93378495296923,17.489075999279564
1478,1902.0550059418356,2836.9625794403028,0.6098096943445958,0.10909311006779253,0.02747758446878099,49,0.0,0.010294104357860817,1.0041257482880794,-0.004470259034248763,1902.0550059418356,2836.9625794403028,986.5839099626237,0.0,0.0,157.16530830374307,57.86888060726519,61.02514883504132,64.77789819597523,67.05025738326935,69.1407965047114,65.28378266209172,49.1291293823363,75.81419922863468,59.11978159267195,83.98531930053852,57.14102820543521,85.55409206293605,68.20508297912909,73.22185620074517,83.88209747380498,23.253439955302596
1479,1407.3197042862673,2847.9002742979083,0.5281286577177916,-0.05130283658670727,-0.20595943068332004,49,0.0,0.08683685886971908,13.182235987217908,-2.7999727051874763,1407.3197042862673,2847.9002742979083,2630.885765438459,0.0,0.0,157.55289603596017,57.87356692044727,170.8879177144517,193.01157536412938,194.9932271092198,183.89878419105528,159.59270807321036,185.20244550966646,189.3493337989638,164.21277619094187,197.1378060722481,189.02476318474567,189.98486023005918,210.67008545641153,187.99760675363657,156.3491287196167,58.572747070102594
1480,1388.6902720246842,2852.70285393925,0.2968210741269978,0.6721446448538239,0.23598801860820853,49,0.0,0.009069878599465458,1.280063601163175,-0.2680788712837231,1388.6902720246842,2852.70285393925,1094.1379399793218,0.0,0.0,157.56750103774831,57.87554961996004,81.02038447082731,70.54715315860678,66.26539207244622,70.3973608254951,85.14390384928251,72.08282560031262,74.71231022674645,66.33886479721599,74.39960586914569,72.38872826129747,78.6884525774075,93.99671728552086,71.7468203330191,90.24378459351789,26.165636058480285
1481,765.481809873583,2857.815541918637,0.6373154802676483,-0.12122752644430188,0.22500160062434227,49,0.0,0.012695737418004708,1.2496226378096007,-0.24194721040064301,765.481809873583,2857.815541918637,1144.2559398895016,0.0,437.86152526213584,158.05581493728857,57.87610564612531,91.61423049052749,86.21701773542142,93.39857178992759,73.90311239619058,67.63624205524778,83.22898962624215,85.05436904473767,72.92970621355725,82.29474200773672,69.32515127106848,69.8446994114341,80.26154604423715,82.11026325810326,80.32134864054062,26.11594990452936
1482,935.3284978080941,2860.6885561908325,0.5120815310160903,-0.6872954242520851,-0.05224607019408755,49,0.0,0.013704344459955602,1.6324540050766256,-0.5321023843274721,935.3284978080941,2860.6885561908325,1193.2953789380406,0.0,0.0,157.9227582072576,57.87791734825313,73.93866171981719,89.21435167451426,88.00313486328716,100.52463601494618,80.53778280041925,82.3986087417645,76.54685100581972,67.0273939826106,82.5534284312811,96.1976292590904,79.35619766013943,91.25614717760286,78.21105440694558,81.65522878734225,25.874272412460115
1483,1944.9116708087245,2861.4851451986074,0.7306848175789571,-0.1847975141419287,-0.3610154284170693,49,0.0,0.014594534226440524,1.303077065097528,-0.2874252525525537,1944.9116708087245,2861.4851451986074,1080.7932458931457,0.0,0.0,157.13165931246957,57.879030612587634,69.21893393553131,72.49232615294613,73.51591683972222,75.22301932197908,74.15928146851499,84.71001069043632,72.41188585304636,71.07189947532449,56.4995990591919,87.52100851087356,76.48094017804308,94.41907285106296,70.69895664934799,75.21298542757185,27.157409479553465
1484,844.605774827152,2866.2497681462078,0.7483003712890594,-0.35591343795634267,-0.2617198466516879,49,0.0,0.015295519492008249,1.3677841660955503,-0.340043929737717,844.605774827152,2866.2497681462078,1380.5561356003159,0.0,0.0,157.99388005036252,57.87992313163677,84.89425920207356,107.16320001135819,91.32702625391263,81.11183182368237,106.16313629690754,107.24244498535738,93.35667764928388,80.84980759040945,91.12772832189056,102.46149432654053,87.12035734181448,111.1580337846791,94.61102996283432,110.42999643700652,31.539111612565364
1485,753.2331567461504,2867.529452214039,0.6109660457923703,0.26171982842505875,0.1832483768365051,49,0.0,0.012171383853800484,1.1151361146469019,-0.11831970261327653,753.2331567461504,2867.529452214039,1271.0874402230652,0.0,773.4038403468032,158.06548569805403,57.88010278382539,80.7738831287771,78.08875019204388,82.9892381795828,83.3139905108689,98.6440402431053,106.90452378224512,95.86185217903261,93.94836347022955,79.59723365105017,78.42456184763746,77.16683470155901,91.78208887404635,88.6280237551851,112.7270402891704,22.237015418531207
1486,1917.8934049556362,2871.5648373104823,0.4184046064765298,0.7077857174004373,0.43795980344863894,49,0.0,0.008822186666045609,1.1286843471432004,-0.13143125547407158,1917.8934049556362,2871.5648373104823,911.417793179121,0.0,0.0,157.15280180476304,57.883273235656006,68.9795022464645,60.535068715228974,51.903167248778985,67.92490868601595,66.84673457355176,61.78366890578404,60.69885317170003,56.8015558319277,63.31677370202223,52.68539856736204,64.31402724828351,60.01218807229285,54.158772424161626,84.37584231813847,37.08133146740831
1487,1336.6176977066398,2877.9882312140912,0.6063735606598205,-0.17467599843515177,0.009202953607610065,49,0.0,0.022665347365076246,2.623412973343053,-1.0471666547323353,1336.6176977066398,2877.9882312140912,1618.3500637016346,0.0,0.0,157.60836131393125,57.88602447095843,99.9093062493107,111.70200096575893,119.7849374054511,123.19260140377564,126.11789993518026,111.03782469374579,125.43397962363218,116.87433899251775,93.57653211511717,99.84226919769199,124.27283955324255,109.89859211143283,104.21406868309427,108.35284189833392,44.140030873349545
1488,1313.2008837391209,2882.0659880822363,0.5466680606220048,-0.02789199247705888,-0.10714892779059193,49,0.0,3.82280213150168,570.0794274978771,-6.8898384221675855,1313.2008837391209,2882.0659880822363,96651.76955410684,0.0,0.0,157.62672478029668,57.88769222334652,6126.882481100776,6741.301479277987,6840.2875040684075,6737.1145445747825,6689.829326112633,6832.236179640058,6981.882272075457,6508.9393771467385,6648.0823215531145,6993.306246085458,6749.515818613314,6920.391416509002,7083.255721246596,6864.127465129793,1934.6174009727447
1489,2108.666353585926,2884.2807158120277,0.58133685379501,0.01835817639234936,-0.16370020564611187,49,0.0,0.07629069286015515,10.705051832284768,-2.5739719360637103,2108.666353585926,2884.2807158120277,2457.242082967575,0.0,0.0,157.00323927053572,57.888190841403826,146.76628138776897,185.35935224833702,181.88928012172636,170.07519573902073,174.13059287096908,161.90341669267647,169.1841275818227,186.3441120738114,180.22080588655285,168.75925907012248,172.96077055097862,177.6122995179998,155.107073669095,170.09000598480722,56.83950957188624
1490,699.4768149680467,2888.022796929091,0.6219177814035416,0.04776768268591289,-0.11902093244065882,49,0.0,0.010416330232517795,1.4288945601562024,-0.387500457156198,699.4768149680467,2888.022796929091,1572.9044926316565,0.0,606.0460087018962,158.10777331059126,57.888413519046225,70.8351875436187,102.63803346199632,74.78601291659389,81.46413240980243,65.40323180819301,204.6846226970981,101.72120996106041,70.87959444999967,46.661138291289674,174.26943164832116,57.45670673597087,179.39543890650705,263.5811856173783,57.527386227744465,21.60117995608242
1491,1331.6057918475535,2891.7212872739315,0.8008861176493276,0.1320698262833146,0.04360263526215662,49,0.0,0.032386420414545126,3.2177749309122983,-1.2688891596303244,1331.6057918475535,2891.7212872739315,1952.9171358267445,0.0,0.0,157.61232273155844,57.8917395951071,137.77635712981782,127.51458283582409,122.6824695111132,117.83697447243543,137.06654784810206,118.16552612217323,127.29968135550504,137.93293175233353,143.8120711809008,157.83934752252483,141.71313546029202,133.1862664717726,143.70813065416004,157.57027936815888,48.812834141630915
1492,2254.4931871403355,2892.4567917544528,0.6023252552348176,0.36306094347066614,-0.3038133143319945,49,0.0,0.10064056042913862,13.444394945727977,-2.8213531548058097,2254.4931871403355,2892.4567917544528,3245.36653357368,0.0,0.0,156.88889679807448,57.89118802820612,219.146357021122,221.5946531850029,217.57881098410857,243.29404180715565,213.88056729953553,208.97489508541804,226.52369101489947,236.8016179701588,194.31423735710644,235.43057438241095,232.89916399848408,222.21743346903995,267.88535619317986,245.87680919513002,58.94832461092817
1493,2177.3068583457216,2898.8110662167887,0.7184135659355304,0.19397067105971505,-0.12804682749027063,49,0.0,0.031249311590618067,3.7292784219527397,-1.4290620207550138,2177.3068583457216,2898.8110662167887,1269.8273764182884,0.0,0.0,156.9493650087375,57.89406466862292,95.13457015931738,75.38153874255288,90.66038263268752,85.81947868936209,109.36736797455904,88.79123826822146,94.77750834791651,66.75034667534466,91.10313887608966,89.59198573565526,82.5079446565771,88.2889512730836,94.60637739932257,93.43157370445974,23.614973283139133
1494,895.6370346775956,2901.4704674954814,0.4854689461424213,0.16061718237289926,-0.08973770587593329,49,0.0,0.008334681086898346,1.0220860414564454,-0.02371864301159033,895.6370346775956,2901.4704674954814,901.5848500745444,0.0,0.0,157.95411733598527,57.8947763468737,64.2976999583888,78.32051967474504,64.83264815160666,61.57822917172639,68.51657318263548,65.10744641648105,52.3394095794841,61.95377653680568,51.409490465136926,63.404908340105266,59.605040325179615,68.07307668009648,60.68673446577214,58.95017572608336,22.509121400297474
1495,1583.4560294933883,2901.5650311145223,0.46338583119637367,0.14895165121415513,-0.2345782787192243,49,0.0,0.029168811894275875,4.3096813796541165,-1.5861129084801138,1583.4560294933883,2901.5650311145223,1513.8129832211362,0.0,0.0,157.41490394637245,57.896014645955205,113.45884621707734,112.06945930813545,93.18006933698499,135.32632797898006,93.83436071289603,90.35169156720053,120.47412089604384,108.76262771036369,82.12762356096027,93.6969555789004,100.32944254441895,109.00228404346205,91.47874172564426,127.12002144467365,42.60041059539469
1496,937.7929270241075,2903.807559790479,0.4337317479200333,-0.36017042512821545,0.13633696296942605,49,0.0,0.07314093720951664,10.263269571576597,-2.5282143402172528,937.7929270241075,2903.807559790479,3944.3851290632047,0.0,0.0,157.92108519718062,57.89588920276851,244.8478073493754,279.4911502273747,275.1694496502831,279.5485901458686,262.6982100983099,265.13024329220076,284.14932287634724,276.23198668130107,290.69912649142134,269.1302822924674,247.81107904394656,279.8380977198433,326.180467711931,296.9828672813825,66.4764482011519
1497,1531.0680679285745,2929.1081738995244,0.4067961040266137,-0.41271956946257793,-0.3746579830388918,49,0.0,0.010508048976918802,1.472046491610008,-0.4198038163264433,1531.0680679285745,2929.1081738995244,974.9441903431634,0.0,0.0,157.45599192610513,57.90747896229263,53.226178968636916,83.46079177207808,80.49483032379602,69.90234265421492,68.58525290443254,64.30073859577149,68.14839810869819,64.33096091584032,58.761449731176555,68.28331774950831,61.744157040615704,76.73201650907055,64.53473638469241,76.11048028968332,16.32853839494807
1498,1019.6639423263181,2930.8131579584306,0.21674433627351922,0.03911421923894668,-0.04103959830648585,49,0.0,0.011020681180539765,1.9140976918324901,-0.7049102488855814,1019.6639423263181,2930.8131579584306,1182.238296789373,0.0,0.0,157.85704529529772,57.90738597633906,83.37760252200559,73.3292456108907,94.64538357282547,70.72278609834457,87.31000310056078,75.46790131049858,74.97580373685167,84.67766740127809,78.39689454954218,95.30742156439786,88.6943608083723,91.70007557051707,63.19770247711203,99.80908563263287,20.62636283354322
1499,1491.9934396318824,2931.9428902309833,0.6458412446114575,-0.030216703330968202,-0.19730166790070644,49,0.0,0.014629741108862922,1.735310448804159,-0.5984429545053698,1491.9934396318824,2931.9428902309833,1189.9951740588622,0.0,0.0,157.48663781507477,57.90864318653672,66.07928110183414,96.3345275701546,89.01091833001855,83.50666815836222,86.7791479612706,75.59926078846092,81.08618539446215,74.6073839672317,72.54090243130493,95.68186130441771,72.68659107845673,85.26065790225391,87.22129396849472,97.5212841951767,26.079209906962724
1500,2017.2436994629643,2969.8536745536453,0.5578322466258384,0.45289513583708113,-0.13133535340343325,49,0.0,0.01312280647995139,1.613377560120719,-0.519340030514017,2017.2436994629643,2969.8536745536453,1112.9705226314586,0.0,0.0,157.07457267250493,57.924046456603,81.73675794366946,76.99709396060996,75.89729786079691,91.72141504542583,70.1929613032336,74.56548193664865,72.63201562586755,71.06552979513415,81.95287909283655,76.70801894587245,76.96912941504415,87.26754594505742,79.12955705796821,74.50541385437829,21.629424848915363
1501,1293.1471669604352,2974.4636623781084,0.5599469970439479,-0.3129257588870155,0.05502419995677658,49,0.0,0.2866265793601402,38.34571583833888,-3.959292123991385,1293.1471669604352,2974.4636623781084,9217.054091504142,0.0,0.0,157.6426992102828,57.92615854146055,590.9678186456719,651.4279607119634,643.8264885053154,698.7718525146205,600.6053532045371,646.799215424199,633.2799175354014,673.3045268492035,615.0865952869038,624.5446236812718,624.9211250074314,694.7477174167465,619.6401808148521,668.3302163923039,230.8004995137201
1502,750.536178942988,2977.8793991497705,0.5400330967260848,-0.3872186989669101,-0.32945103677049264,49,0.0,0.007918571533028902,1.3518771902677105,-0.32734310103403325,750.536178942988,2977.8793991497705,986.6021649567949,0.08293464293844371,110.93679035900242,158.0684464146228,57.92606354647744,22.552238678527218,22.55223992788697,0.0,63.29066756455371,44.87072058771392,17.85991767677728,21.413987078537644,453.25432536882414,43.38956678801962,192.06591614181684,11.016093564791102,17.40928851488905,18.954359405112058,38.4800175197594,19.492826139586086
1503,784.1751083796443,2977.456795890439,0.32636876024735806,-0.3454682436627269,-0.09243400715640587,49,0.0,0.013313361182712941,1.7575091555697124,-0.6122439902795087,784.1751083796443,2977.456795890439,2397.5213361343385,224.97584976921087,1567.6136243288242,158.04205152914852,57.92602298539522,38.9606744689272,292.44092828326507,120.61106794895572,226.86376149309544,243.1556707545749,125.7292001808974,135.959478719696,142.90381155608878,138.31594695184242,166.15145766618596,174.45675477699302,213.33662266487408,160.92823389302484,143.52392296616478,74.18380380975299
1504,1926.743303189758,2982.071174265986,0.48368926784389915,-0.15717443155375607,-0.47365506593052775,49,0.0,0.00945541619208908,1.197884809286423,-0.1960376438466636,1926.743303189758,2982.071174265986,1010.8996000836275,0.0,0.0,157.14554044319993,57.92929905509207,70.51260621709916,76.12932813448342,90.93887360219762,50.60014142520584,79.89678938934327,66.46424416712966,77.04741518091657,84.63221907541183,73.89724639667449,59.87801833947593,62.60951916530418,61.38558214961549,61.40529056298678,71.50349358554413,23.998832692239244
1505,1917.2047611950325,2984.4225540051425,0.9425472828673033,0.10753739045755803,-0.5273951210748985,49,0.0,0.012456355354608746,1.0202301316273374,-0.021745364754827724,1917.2047611950325,2984.4225540051425,1041.5557971902665,0.0,0.0,157.1530184555842,57.93029351554294,68.89366266000783,78.03080828184962,80.68011526839874,67.3484924233413,73.95504251612405,69.23001302301371,72.3488435893739,72.59781853598699,76.08381843362824,65.87687017585255,69.15173529215579,73.64681659883286,79.72853051046218,66.81446655981895,27.168763321419767
1506,2513.799062106896,2984.9075472578925,0.6705055039988589,-0.5302403915361497,-0.3303206430890558,49,0.0,0.010210356667087953,1.403856488645852,-0.368306784130508,2513.799062106896,2984.9075472578925,739.6956930246803,0.0,502.2727719222567,156.68488986744876,57.928721466283896,47.570142983587246,54.99738085171123,66.29788420277899,44.86539747275076,40.56259690614725,50.332607793531395,40.591400474669925,110.37603810517247,51.956606420248754,24.840070054858415,56.960742627644414,58.53938460144738,40.29955106076663,35.64300141390169,15.862888055463737
1507,1204.3310222024388,2988.7549090006214,0.631189123933724,0.38270414311769185,0.2088229909622773,49,0.0,0.0103808962933162,1.1531917896184094,-0.15475385419999768,1204.3310222024388,2988.7549090006214,918.0899306646011,0.0,0.0,157.71243675446857,57.93196149278288,69.75858742295488,67.75595761505488,64.05577867704264,57.92423625641494,50.0641443539853,47.78118645791624,61.07339787843764,60.9325547051616,58.81566517863254,69.85593798345492,85.61185890595618,55.791574827267794,70.86014778901094,73.19164755664542,24.617255056665165
1508,1399.7350800004635,2991.3217248866745,0.645039413385268,-0.02932737353251893,-0.37855605663818975,49,0.0,0.015253669391633107,1.2542411427200082,-0.24595260695545765,1399.7350800004635,2991.3217248866745,1902.6292810513269,0.0,0.0,157.55909863882005,57.93331292210744,122.99724061245443,136.7163497772097,145.3416462233844,126.05464990613766,138.7074810980601,143.11371367298077,126.74042765856231,128.1326848444586,131.94721588903172,145.52333935061094,119.06608853849166,126.27882807027292,141.84568537319052,132.39670642656563,37.76722360991559
1509,1404.6321290981557,2992.9954200678135,0.5712503707132626,-0.24544357459060367,-0.06327733803812968,49,0.0,0.027646962773974024,3.365144453818425,-1.3175092792378091,1404.6321290981557,2992.9954200678135,1836.6826824038806,0.0,0.0,157.55525850869782,57.93401491785508,117.15648935148263,137.08327516898353,144.1371415205507,126.15993563849403,128.1223014896808,127.54577208899042,123.82797338506543,115.67710441383345,123.25608936579812,141.3472178935749,115.81814640814575,128.90587120214786,142.77373130391493,124.26920349159104,40.602429681627044
1510,2235.398531153645,3010.165584966646,0.6283624120948473,-0.3225095322998139,-0.3859520861419013,49,0.0,0.01044919265456813,1.0456822533224066,-0.04849934375488696,2235.398531153645,3010.165584966646,1012.0460271729307,0.0,10.741544336565113,156.90318800793915,57.940286200417965,77.48695906192766,61.06765404366861,62.93850692302139,65.09679378586183,62.627927959224024,73.92323065524268,60.27310111611631,70.76924506043841,84.81160859352363,71.47393690001695,81.42377968545566,62.59034802176444,61.2204501738688,89.03571825264119,27.306766940159132
1511,1727.7116409012792,3012.828164758838,0.33415195201415626,-0.6311238526262615,0.08644800475041242,49,0.0,0.008520174063475149,1.137960474659728,-0.1403179443934937,1727.7116409012792,3012.828164758838,990.0569981881424,0.0,0.0,157.30168361883375,57.942331327036584,79.86084200153554,74.06824839370249,58.11839359444711,60.20179544739917,60.30512763354547,67.41369359338702,79.01187693480614,61.59411371917937,72.5329987728569,67.89105951001498,61.39633402111885,68.16653558376521,85.73773800780893,72.28199703353894,21.47624394103621
1512,1340.0017551453163,3020.35729735716,0.5380059248754946,0.02835783903601222,-0.22047429230818807,49,0.0,0.010391298294214958,1.11421763184442,-0.11742506658694365,1340.0017551453163,3020.35729735716,1064.7688405424283,0.0,0.0,157.60604440630635,57.94534311345239,74.61339698165852,104.68049720698588,91.8592464078017,72.51115482394387,68.1189136850436,78.94975820755172,68.85373981631773,71.36820194460488,63.785231447979704,71.3787223573908,59.40398850881485,74.14851434438009,77.80627249766113,68.95616551960225,18.335036792691483
1513,2471.9804050804314,3022.955968607338,0.5254427099224186,0.6238273173571884,-0.12107279799170842,49,0.0,0.0261809669124381,2.993105917968933,-1.1903052140646713,2471.9804050804314,3022.955968607338,1850.1435988584853,0.0,1278.407813965886,156.7174009857667,57.94475264273031,162.79319392239805,120.59906530466662,108.00507716714628,230.31441299946727,110.45322632649925,115.19835659132758,116.66119372484198,116.37159529545694,117.0751047747431,139.17277806073844,106.55457680018083,143.4388036667163,116.14950027732291,117.87520065322836,29.48151329375159
1514,1137.8063210732428,3036.609572073678,0.4041651914149971,-0.5616817290018665,0.16091874335543147,49,0.0,0.10475282784227082,15.417117365650311,-2.97000794641072,1137.8063210732428,3036.609572073678,4849.052962996766,0.0,0.0,157.76484141858072,57.95176028758979,308.9460641919484,342.24837361042137,341.6122555952552,327.58024070062464,341.92164060394066,351.1126000136264,364.2065775534759,353.04739181485513,308.2058787787169,351.3247368903534,331.40909566873074,344.6574401149802,341.4671190049648,354.15471965666796,87.15882879820441
1515,2443.323994254569,3043.7524393162184,0.6035638353974935,-0.2574955785567356,0.2598076176809218,49,0.0,0.034432437293085656,2.161326034863239,-0.8368007122817965,2443.323994254569,3043.7524393162184,6922.3921532157365,0.0,4769.254322716948,156.73973640508723,57.953535162674086,478.2434360225959,479.37237802768414,417.1367875350305,505.0968897333422,401.85505834376136,437.90449249938774,1165.094131499738,432.6449041490155,391.24232018878513,429.95344526167133,390.1809665096898,400.89013797685834,452.60163233609836,377.75747610063996,162.41809703143866
1516,1546.9089897970737,3043.7690530214354,0.42865947627135115,-0.4043416493127696,0.010966784930931372,49,0.0,0.011852120455090407,1.5738888458879328,-0.4924351438789196,1546.9089897970737,3043.7690530214354,1007.4609234027783,0.0,0.0,157.44362475752513,57.95525416804231,70.51232343500138,55.00396435154318,64.92841162237231,64.4800406628388,69.50365963470051,63.4452721112107,75.09942273135071,74.55267569685319,67.95424758639601,83.72176033025725,80.34581560061204,76.73638121648159,67.36220178913665,76.66337380578186,17.15137282824221
1517,2260.562967696924,3044.4227396958127,0.2403532830671862,0.020279200876999907,-0.11810566018665646,49,0.0,0.01120087342934304,1.7293405557354085,-0.594701316199171,2260.562967696924,3044.4227396958127,1329.3550975349917,0.0,824.1053349332471,156.88323180817707,57.95447908346611,98.64823059992922,113.64754942185054,85.67064040650655,82.54234212219242,98.44960592058428,82.19519291608158,98.2773339668966,87.162122312667,89.55199829588187,83.49336837681075,87.78734697408765,101.7922558720432,84.90380283124537,110.65991253368199,24.573394984532634
1518,1232.669622655064,3047.274386320805,0.5085943495423134,-0.5211312161279387,0.15744637094869854,49,0.0,0.5079062553409449,69.57622658491314,-4.606152178527195,1232.669622655064,3047.274386320805,18402.01075098078,0.0,0.0,157.69039328366193,57.95639405999184,1219.9163595597577,1300.7846554982689,1243.126758660877,1260.4987940281667,1285.8142000787352,1282.1317822674735,1363.7814237429584,1290.378156583032,1274.390379836776,1329.2748909847478,1209.9644926297888,1306.7361762242158,1332.7642280085704,1303.4189502743548,399.029502603059
1519,2441.0547564584617,3045.992797773806,0.5153016375196137,-0.4939345112715189,0.7658963535328168,49,0.0,0.030898389885328965,1.9293678909941965,-0.7135376165371721,2441.0547564584617,3045.992797773806,6608.42970880643,0.0,4637.10181529875,156.74150104372399,57.954477724829886,402.33215867482176,410.3939396188749,399.6070636214261,471.6002124563395,374.06995061990403,446.0878506294911,1115.708654308632,458.1492673992925,377.51131274412995,406.9452508718398,386.54025464426337,393.0745725949066,442.1146066552642,379.00093218732695,145.29368177991802
1520,2167.780125800405,3048.495663616721,0.2977697921302078,-0.03145309087469751,-0.3355864185441105,49,0.0,0.008971487127860684,1.235253833307343,-0.22939052572491386,2167.780125800405,3048.495663616721,1037.9812804123223,0.0,103.77571164149464,156.95606481526482,57.956451476591276,80.92237008058959,80.722119480529,86.95149003556824,62.40414343928618,56.87064938970289,74.9806051617748,78.60188403079059,77.48339907887294,72.5922824069103,56.51464760022672,75.45585623375186,75.09177578096603,67.8781400486552,69.20040241660293,22.311515228095125
1521,2392.282094403088,3051.2862673876484,0.3306716096180813,0.28046358492189494,0.09310753783299168,49,0.0,0.008257005886759655,1.2719746681386863,-0.26119615564511195,2392.282094403088,3051.2862673876484,1000.9061961396278,29.374939567914787,767.9443088692707,156.77975842230114,57.95687562447391,73.97104758030052,74.17518839891568,93.74143656152913,100.44335074831575,67.93954327998385,64.3371298261019,58.59058295653365,69.36502373177984,62.307657979939776,73.25007299992751,60.695652710589016,63.69616596277096,59.40412126245006,60.22151849519247,18.767703645297622
1522,1856.5792626566451,3051.747321627425,0.647539063944708,0.08780979677348758,-0.13506704394469685,49,0.0,0.04826360412687573,5.588771412321096,-1.8682908669911968,1856.5792626566451,3051.747321627425,2261.9067446055897,0.0,0.0,157.20043571621412,57.958426307464926,150.05261063543784,169.77871343940626,168.65413656084968,173.48583774644572,136.18604634246347,168.71579264923378,164.82456672637528,152.4385796092053,133.43901373324547,160.0375548032526,174.63604619975996,151.65386948307128,149.34305473461373,162.28432501493282,46.37659692729615
1523,2195.0857629066063,3053.518142642325,0.27086239324617606,0.241162914499125,0.037407369141479845,49,0.0,0.007547747350420033,1.1323930509221969,-0.13499298899113177,2195.0857629066063,3053.518142642325,1017.6624919980725,0.0,335.77256757603806,156.9345959442786,57.95846709363843,71.57687273466868,76.99254957928935,59.49644802666625,70.45667197157599,66.0803724118593,60.09647480748733,71.63242244485096,83.35332677606206,79.84873133551307,76.18265018525383,57.47378967647376,74.94976407166085,66.8861950233912,74.08791074633848,28.548312206981443
1524,1015.717382320757,3063.0971315651186,0.41862653104823505,-0.7331941547397344,0.24057514741352498,49,0.0,0.013363044833734601,1.4915078065299916,-0.4340638269874526,1015.717382320757,3063.0971315651186,1622.0862190555044,0.0,1385.0222707277262,157.8608403481364,57.96248574648892,89.19416648286736,105.66087633152091,108.47079931322926,111.41876389964683,124.09219685171686,107.23522190640062,109.45569598150637,115.96956567950193,105.76508466273177,123.53097582807672,121.47022814877877,134.02278704754153,113.58998112059736,126.61426048265717,25.595615318730935
1525,1298.565732789706,3069.124232702617,0.44104277869819525,0.41150466476267794,0.07316009656369137,49,0.0,0.026176290491860193,2.4091207135629156,-0.9546464042308214,1298.565732789706,3069.124232702617,2438.447863536793,0.0,0.0,157.63870657561654,57.96560387755944,145.5476445690341,167.27584515129774,161.80009321988675,203.7055658935433,155.9980698705452,165.0315040704824,170.22865831964748,172.5166143563091,172.99377994842473,188.87621415859385,183.86117087367518,175.75851970992113,157.10480195798817,172.8833442329552,44.86603720448868
1526,1582.2519768805814,3069.8273033501646,0.5339061586789189,-0.1574846186555999,-0.217928083490437,49,0.0,0.38072329923432446,52.749722295879494,-4.305550444015102,1582.2519768805814,3069.8273033501646,12118.944400962635,0.0,0.0,157.41587567764114,57.966116698989076,784.0351454269577,817.9747093264758,870.3652035470218,901.5442919078116,859.8177913828433,911.9239002353437,907.039118003886,777.1876143337199,807.6033037790919,862.9095858470043,775.5551074867224,901.5052484121322,852.1348718338156,850.9607103802568,238.38779905954974
1527,1729.4093341083096,3074.0722001646695,0.5994460352166385,0.01043514930591012,-0.25480571471717134,49,0.0,0.10773906878025954,14.209556784396325,-2.881451329742515,1729.4093341083096,3074.0722001646695,3496.3817877423153,0.0,0.0,157.30027942671532,57.96784577391416,238.1407216740293,218.580919999578,275.40210670944066,238.05330247693865,242.57853148645398,236.21869936616315,261.9047859971441,222.82078566848872,231.94205769466544,250.20649696603323,233.07124127473736,263.7228561637745,241.6863384622953,263.71448084851556,78.3384629540569
1528,2106.8148266299186,3074.3094780376564,0.502662839416631,0.014570896829588864,-0.35956240700412134,49,0.0,0.6450175940285228,90.09686117190984,-4.8867741528232305,2106.8148266299186,3074.3094780376564,22634.047999419156,0.0,3438.758017956419,157.00381989798996,57.96736416797931,1390.0181865171307,1553.993651262799,1566.2216833939965,1519.346009421909,1581.9565525214698,1564.9087063185486,1642.1764483033455,1585.2780397963752,1539.2509651732967,1658.8753119669782,1665.9958312055007,1608.1087108648198,1652.26736885404,1671.3760716263646,434.27446219258263
1529,1291.7367153771188,3083.322767417351,0.4759182994404432,-0.5045682134100224,0.03699483699564685,49,0.0,0.03728057043000703,5.089751300037477,-1.7667414049282688,1291.7367153771188,3083.322767417351,2323.2602393551497,0.0,0.0,157.64411035516392,57.971509103009076,161.21488360338276,163.08239065151798,166.30665386027792,157.70049322614946,145.80784098281254,171.56663232624874,179.24546414031974,165.9709327693353,165.26147765330737,156.96507433436494,143.96395632383084,163.16175758756532,169.53401549956533,164.12638987489714,49.352276521573984
1530,1470.195285941468,3083.991767959015,0.49793070859737376,0.2090048920321275,0.49092681519880704,49,0.0,0.022472880506892022,2.545319522440409,-1.014355771320861,1470.195285941468,3083.991767959015,1706.176633117461,0.0,0.0,157.50391229803537,57.97197756707307,112.66756984147443,125.89248522494842,136.74288725431217,103.49806173395856,125.95973522317304,113.56245920838657,100.82651887501204,119.24053869688207,129.65167540290722,135.02769527630048,102.85405789315624,104.8186349663355,119.33736909172833,140.6984094972004,35.398534931685724
1531,1829.990829524485,3091.287834977248,0.6357905580202406,0.10575813378736981,-0.4504338800466466,49,0.0,0.02176747845556715,2.3738367353397063,-0.9386271157594644,1829.990829524485,3091.287834977248,1265.2706334042164,0.0,0.0,157.22123393047957,57.974930803885734,98.85851703628344,84.9720343965127,109.61797843894179,74.98694513857413,93.13391190334832,86.21457752016985,85.2262417628244,90.14382273004064,76.35550956039938,88.60575992808424,87.12386656872191,82.20390643234278,76.35724021489082,100.4077331734745,31.06258859960753
1532,1284.897296789973,3092.1970053081664,0.36646854650838734,-0.9806948297223116,-0.25870382660491337,49,0.0,0.016906007542779423,1.7994473959462658,-0.6378478881222447,1284.897296789973,3092.1970053081664,1977.4674891572631,0.0,3.0,157.64950882971772,57.9751958943967,128.02762497802053,129.4307843523668,144.6517876506149,146.11557547810486,131.10228063329512,128.96743641214806,157.34222577639656,160.89288983723185,125.39844540029958,128.88213935494198,120.5888173764759,130.75780875611733,151.81956307214824,152.81404324235706,40.676066836744354
1533,1020.5173084774434,3094.782389305445,0.49236348085345577,-0.8793394117805183,-0.5256427688250389,49,0.0,0.3198423200354637,58.886960515702185,-4.425047846347445,1020.5173084774434,3094.782389305445,27390.917253570904,38.724876368126004,615.8201799793542,157.85723721901627,57.97569953168654,75.43054338331987,767.7220765823017,258.6756773657125,288.38545566396414,1795.6313761008164,111.26945225480254,2633.8229500762727,1063.716846649298,3549.8655567019946,894.7806328792587,2044.6228420400994,8300.1778247022,4433.471754008991,1162.1165565403753,11.227708621495967
1534,2306.5796353920714,3096.695357324626,0.5125655982321451,0.7156353957465268,-0.07997245256139053,49,0.0,0.23455718895778782,25.70439162313763,-3.525018323382465,2306.5796353920714,3096.695357324626,15928.33144279739,0.0,11926.468092129908,156.84676506026318,57.97610370954079,959.5283884154912,1076.170232429766,1085.933153718896,1063.3598850841558,1147.1163734562826,1136.9973950855697,1237.8245534202401,1261.1746085396771,1196.678392253289,1424.1920360056092,989.4383827702251,1076.80426527381,969.9905196590735,952.2273135121145,350.8959431731891
1535,1786.1500402426034,3100.7829895470004,0.4641405977508705,-0.27730973780359813,-0.15701006988664035,49,0.0,0.02516909515892213,3.3317429159731864,-1.3066787074658541,1786.1500402426034,3100.7829895470004,1549.0816501931847,0.0,0.0,157.25566291871104,57.978930717022244,107.7373948538679,131.3573438019392,86.0072084430164,131.39582772083935,106.88079552439407,117.86509836045362,102.3063903307594,108.93654968736999,91.71967818881546,99.37712218715666,99.1937650920708,109.78230854455452,106.99161679022205,115.89897844429,33.63157222343515
1536,1050.4356191224645,3102.4649519221744,0.5778363660966827,0.0317708805723609,-0.1600040783005206,49,0.0,0.06609757128954173,10.12131294560648,-2.513092133049615,1050.4356191224645,3102.4649519221744,16602.113938510774,157.25565989563958,703.2281797305707,157.83376951154776,57.97898201384016,181.0626381792888,426.9131521663669,303.74952431131743,2207.7599457252645,1202.8765520993652,1736.8165614202517,1693.815831786596,1170.2540919687679,1320.528514084021,1885.1660513762577,1670.9860443981586,885.1607535253374,58.74337558790715,1849.027137270534,9.253764611338863
1537,1806.8422978750293,3102.776512491339,0.5854929083948363,0.28511397254625814,-0.05038982414547305,49,0.0,0.020312517400710963,2.3769444227189775,-0.940047568131297,1806.8422978750293,3102.776512491339,1290.2905461873147,0.0,0.0,157.23939982489432,57.97974160153327,94.26372875565713,76.64826959204953,71.33742514953295,88.93165524052763,81.01842261230475,92.34418607015937,94.82268505946752,93.43429654055795,92.07638030220042,92.4243569473653,80.72419465710061,90.2869160651789,91.67161499104643,114.68548011363086,35.62093409053552
1538,2284.3547899293217,3102.341401037574,0.34009007526531454,0.9408368554315774,-0.12105267739250405,49,0.0,0.023386480254741493,3.0290538711585575,-1.2032674931198974,2284.3547899293217,3102.341401037574,2361.583185951646,0.0,1882.8880883842185,156.8641913681421,57.97853066341651,150.38158469429962,164.67312475643865,169.59400609628005,172.44466189777435,149.18201285583962,174.88953645509608,158.25111243221068,162.56240244824386,156.18674904627278,151.96828732777954,173.97757956677344,149.5120346991299,173.27564589054873,198.46059667008393,56.22385111487495
1539,1036.3238205101575,3103.2559200145906,0.9115746342538645,-0.40936497733351196,0.18589906689035354,49,0.0,0.4148537708813214,43.40489899438611,-4.093846874827109,1036.3238205101575,3103.2559200145906,42655.29610428615,165.427503208319,750.915088388601,157.84486184094544,57.97927344720417,2160.203928374957,2622.104063478991,3834.6820946867992,2756.0601817148327,4719.046978678627,1514.5156883650973,3946.0153294279603,2061.4734604493397,4275.6082517422765,5850.271138657074,2483.8156000200834,2691.329324530589,588.0414902475061,3133.40705620675,18.721517705265
1540,1023.7640532710177,3106.6281245285772,0.5912053625972534,-0.7268763881481035,0.5986525818693205,49,0.0,0.4133496610305594,56.33910168374149,-4.377024794905165,1023.7640532710177,3106.6281245285772,52340.23617206603,123.79886344702288,663.3942599137413,157.85474833023278,57.980643610283465,1611.8008366825811,6957.227997742766,7260.872847118864,3093.85419365134,6593.274141883711,5625.015098703891,3814.1107316545467,419.15660233292283,6998.243940342113,5301.5769965292275,1232.328115072572,820.7429952251224,2551.5280686178094,37.57454107379126,22.929065434766436
1541,1685.1621177727234,3110.466154310767,0.73001305691907,-0.05605457978248187,-0.16627734161038574,49,0.0,0.06901685574174,7.745955411135797,-2.222687481704745,1685.1621177727234,3110.466154310767,2459.0432879763694,0.0,0.0,157.33500907639592,57.9830310077037,185.688463047404,172.19999572558675,171.04586697468744,178.8099744639988,187.76672561098985,168.10331657802888,182.5589192783471,160.32076682071477,169.48659115954405,174.41028753714616,138.68776509158016,185.9055183086395,162.6626998553295,179.76952503410416,41.62687249026766
1542,1919.8451079567637,3114.3441600215074,0.9500388791946441,-0.08166432748134163,-0.34213149084630845,49,0.0,0.01310321533956909,1.0455009681699023,-0.04831109831380928,1919.8451079567637,3114.3441600215074,1062.0046295251223,0.0,10.873884583415625,157.15057053456098,57.98441693080776,72.72965604929797,71.96987589256524,74.3325248114682,74.23883398468688,57.23930354174474,71.62441503022293,65.95165250205743,74.28380104369137,74.52028441608343,89.18031764724779,68.56000797376674,74.68941750492289,85.07192615032176,79.23073092815187,28.381882048892876
1543,1047.8059112039548,3114.6718886732688,0.9121987408890607,-0.08398742340352744,0.42833347520939286,49,0.0,0.6781691281878098,74.50286964877338,-4.680432502294405,1047.8059112039548,3114.6718886732688,39049.475470432946,108.44975671826974,622.0706211504018,157.8358970215784,57.98406045672134,2198.821825574946,3122.5795510112375,3959.8495277241377,4535.138469921263,3835.5228899214917,5849.910319886558,2804.903936988708,1518.2025162506181,3320.4294109935936,2849.3287282798838,687.8042124311978,1741.7540234897738,1318.6068105268264,1288.4875746702921,18.135672762418764
1544,1053.0446862313597,3116.3344522718157,0.5404438768376656,0.5486347998867762,-0.06440790358969359,49,0.0,0.4133498084336669,71.97923326794839,-4.643018040452115,1053.0446862313597,3116.3344522718157,31734.416161986086,149.6059841537093,650.9735719216196,157.83178835336486,57.98476705146584,988.3446206822751,1878.9211909402304,2495.1957728778393,3564.175124762006,2238.478517589077,4236.7129250082835,2647.954915170524,1966.1760469651877,3768.19039773176,2579.8015238193575,1135.8927782944895,1329.2247201667283,1370.7144127635993,1511.892709522778,22.74050569194707
1545,1037.1172707856806,3124.750291994453,0.39253225400703146,0.04000575946843631,-0.1740427823767743,49,0.0,0.4866455099917778,107.27038852990998,-5.076199634064885,1037.1172707856806,3124.750291994453,39229.51943692382,195.35217572328867,436.6024822368703,157.8443482948436,57.9882302531019,4647.888866175886,5906.994195401594,2682.389433975944,2057.9362873378423,6579.099214840426,1864.3888151382494,3024.5751836269965,2523.5237344219922,501.66109174654696,5027.291187593663,44.32688309219256,3156.588408594754,35.77736859764906,1158.29259541891,18.78617096118025
1546,1038.1579317194291,3130.0497581814184,0.46633312708881175,0.590336943636339,0.680270993394425,49,0.0,0.3052826818947139,63.792615896062266,-4.511926028261078,1038.1579317194291,3130.0497581814184,45758.86945944364,183.15348397871196,339.2971154385782,157.84355744730243,57.99044086544271,5233.498430878073,4237.27841146345,4203.409658428018,4846.5388031312195,4670.303849851596,2617.7813560124714,8469.19747528084,3012.524831550043,1242.6739478637273,5485.098854297602,31.449094847049597,512.7684973861935,21.41009854827468,1156.0949020182516,18.84124788682804
1547,2111.497563837964,3129.7542328411805,0.3199964030424168,0.3125800067689631,0.14364838299070515,49,0.0,0.08241656840726795,9.1148560291481,-2.3993745332069625,2111.497563837964,3129.7542328411805,7019.184579952773,0.0,6102.736925075286,156.99988453970104,57.99045129886363,427.6170966033259,491.75929417952034,466.98117155673447,509.42677765731736,466.5492666838863,469.98718956332914,539.1420307351111,509.59201365418926,529.6815270875325,459.97719788221843,511.1763851710018,483.5309116888881,514.3474978294636,501.1756116781775,138.2406079820773
1548,1523.4476774508066,3130.2816051613986,0.3638990150326579,-0.39137663414332663,-0.0977574818172668,49,0.0,0.15455865629045165,23.426450368542394,-3.4242662206237267,1523.4476774508066,3130.2816051613986,7648.280099232317,0.0,0.0,157.46210841616747,57.991289413842416,491.5146392081855,560.1223852223995,540.0015665393604,523.9489109877414,524.8499480047864,538.3543692055881,523.2653495040195,526.9350699424645,507.2015233196465,563.1433188132178,578.8177349598416,509.1610201899519,536.5580330952313,575.5798181759258,148.8264120639579
1549,2038.3418051100496,3130.105089825619,0.6521540934300214,0.023647366586105875,-0.39444213742868284,49,0.0,0.024365780159341113,2.620610900258322,-1.0460063577697956,2038.3418051100496,3130.105089825619,1427.2888427028156,0.0,895.7421854817733,157.05738397934294,57.99076568111215,87.11364600438904,106.53935216179826,108.420730241178,84.03744635245772,101.08908536045294,95.09850847477152,102.35535669667692,89.50184331858335,116.9274647942737,107.01527179001612,111.29978870149063,87.69937910658051,102.35990699771483,99.08205236894345,28.749010333488588
1550,1063.3287562269638,3132.205277839111,0.7945550555830785,-0.009978530469769882,0.0005508587193081058,49,0.0,0.06560730484160368,8.919588913439211,-2.3758620976166016,1063.3287562269638,3132.205277839111,2812.7210970467963,128.2132904177165,437.0468702265357,157.82378377049432,57.99140593075112,52.81040630627884,19.519626871180126,426.75713521537625,24.215939292985414,128.41943679404406,24.80987648768616,25.890551853055165,314.6599089075355,712.1555943262915,134.62454389462468,418.2087608736417,137.85465404531016,232.77184071159274,131.4939213014606,28.528900165733223
1551,1053.5656920310878,3133.244301664475,0.6862497957596013,-0.5263755966470135,-0.2998488142544115,49,0.0,0.4526151562223207,62.60011158269139,-4.491437768317766,1053.5656920310878,3133.244301664475,26960.92723450491,175.42390449539369,385.09443714649956,157.83146287205966,57.99181314152338,551.5908054970823,198.53824299056765,2093.0723575814636,972.2745358634737,3797.799773589323,1507.5091908653255,2807.696700546309,2812.6096499221085,2876.9611187548617,2700.0971510191157,688.2192041761048,3493.9928162435376,1789.2318924377148,644.4548924834894,26.878902534429933
1552,1612.5784022307764,3133.1142763805087,0.3599830123268474,-0.2061317512328086,-0.17379741832088408,49,0.0,0.009991875305348275,1.1617876264172666,-0.16281686681265467,1612.5784022307764,3133.1142763805087,1112.9497808107371,0.0,0.0,157.39204748083012,57.99248358182284,86.52423193621544,77.48360113908352,80.36950360109626,87.68505909070204,73.35678795213435,73.00820750725087,71.71920720559396,73.55288823827902,81.11895215340252,71.56492604217014,72.25362650534834,74.81210477371297,77.87505389318599,86.87077413475039,24.754856637811265
1553,991.2480299990972,3133.9412593751135,0.42751151768155987,-0.717687641680135,0.02238351836943528,49,0.0,0.32103770276490456,57.19390655315854,-4.393374403656281,991.2480299990972,3133.9412593751135,44843.70682668218,0.0,54.28832158179833,157.88044972752033,57.99192888270169,144.75012152303643,0.0,494.05091953512385,3986.551307331747,0.0,6398.495189943228,4545.62317264187,5166.558149718305,558.2104594196759,2828.8101845187407,3764.678196288235,8097.739592268183,1364.191674463298,6850.653994681971,643.3938643487649
1554,1038.7789862140762,3137.6437204218696,0.7868847969031744,-0.913377939713352,-0.8164524297879978,49,0.0,0.45004529685098227,53.549093230756796,-4.321880302849056,1038.7789862140762,3137.6437204218696,45752.01128967096,97.20973626391262,197.50884805181315,157.84310803557966,57.993606221728356,4003.6350770133463,2519.3857344645758,3115.1193407882474,2019.4553920424478,5255.7494140533045,3143.307590421865,10104.102072061178,3100.803965440059,4641.748203814977,4429.860598496622,1075.3025959406973,802.265195468011,756.8611874525192,771.066478951841,13.3484432612772
1555,1856.3186271110822,3140.2752608025608,0.40902861662771745,0.1012621542975308,-0.2119422146605361,49,0.0,0.013252425057256425,1.7058370215215048,-0.5798438390086815,1856.3186271110822,3140.2752608025608,1270.8719810207303,0.0,232.930013922695,157.20043492531454,57.99530868325838,81.67593490262212,94.94556177986105,80.37619928226033,92.52250590373279,81.94217967119518,95.62767766638154,84.40601642353988,83.2819567046678,110.10650969006372,74.20692551902573,83.2264924028931,103.77737302798667,91.42354501083074,94.61024972605568,18.742853309613874
1556,1012.4202922964055,3141.5297336770504,0.941133283694764,-0.40563164088370024,-0.4931989891528827,49,0.0,0.45004545790095857,50.315897834509805,-4.254263066563148,1012.4202922964055,3141.5297336770504,44736.76781540137,0.0,84.28344732626255,157.86384834834664,57.995151685550795,1392.9123321977356,7919.169599271453,3732.9359755139294,5239.7049600223545,6246.042135931084,2682.3796031235793,3076.310134917536,3135.7638635163676,1199.8471293333382,2209.7097254882115,179.0334165959526,552.3154784971233,1627.9367709650908,5186.576199908291,356.130490119321
1557,1019.8464557915414,3143.695677841887,0.7958425322784027,-0.8750272178827334,0.228513117880947,49,0.0,0.5954320387330848,77.9710917961874,-4.729834038762531,1019.8464557915414,3143.695677841887,45196.475552098476,0.0,87.94222686091312,157.85802209811817,57.99607505685867,1229.5295896928315,2336.242185558992,4556.462523862934,5013.986644626604,6099.817344329059,2690.6154825143312,3670.4483337697648,5041.573141073208,3549.8520866826075,2705.898168962306,177.27635011614765,280.2166334862336,2786.814777511199,4920.140791892873,137.6014980193822
1558,1644.9896973215446,3143.881847899147,0.7140410977405999,-0.538060012022491,-0.3074235764353149,49,0.0,0.015056775233832018,1.4491318996222153,-0.4027697916128214,1644.9896973215446,3143.881847899147,1084.5346441205286,0.0,21.33241056825215,157.36656560551123,57.99696506447768,80.29997132174904,69.2543190871341,69.0722666790534,79.32473853273817,87.6255547558637,53.06905663990977,92.86617322683091,81.82796601510044,61.01737762192862,71.53894421343503,63.003244516363516,67.36516392136934,82.1104577166601,98.20247767273345,27.956932199658848
1559,1013.468565653155,3151.0546792238065,0.8502238349511569,0.4579624007557253,0.7804897067519446,49,0.0,0.30175276825220787,37.76960862000718,-3.9428562114034786,1013.468565653155,3151.0546792238065,39984.48865636425,0.0,59.03673685740978,157.8630750927005,57.99912276966975,0.0,0.0,0.0,755.5352707169043,2458.158430174713,3035.198035550167,6281.6808364251665,3079.446354876785,2777.6273865247276,2199.15925490717,1671.9585961088796,3910.494179839436,7851.19454284809,4804.447932745923,1159.5878356462865
1560,1794.4550421110139,3152.614722242294,0.5035438962452857,0.11456251481899213,-0.29772645034959483,49,0.0,0.34866756840970364,46.98181958101408,-4.179824581907018,1794.4550421110139,3152.614722242294,13261.89510872083,0.0,3606.150693500389,157.2490458173468,58.00051689976598,843.6138506527204,923.6642718801947,900.2623482781589,912.1513255587859,918.4399468856309,923.0112923319989,918.1668013849198,928.6900692794993,930.1923674159871,924.8827568250877,920.9674160379928,999.8662344457334,958.7979650303645,997.5121659021984,261.67629681155734
1561,1879.407095641157,3153.262088482561,0.6845288768491358,0.30267671672335805,-0.6731025464177067,49,0.0,0.016214255484116907,1.306640104043173,-0.2903899590975263,1879.407095641157,3153.262088482561,1877.4336929318774,0.0,817.8878180661874,157.18225162703732,58.00068921363721,127.00538217502856,124.37275840724656,145.49060838854618,142.90818883663246,149.16891051626996,127.79085980335242,130.36672941603712,139.54769089365357,117.96626463099965,131.05143627079414,122.55314618875047,108.63207759256227,126.71385236337957,149.54300322590007,34.32278422272428
1562,1892.4135301385486,3152.8177311206596,0.5782792115093164,0.08725072648424875,-0.27347603450361163,49,0.0,0.064932234162532,7.0395423472635015,-2.118861064574497,1892.4135301385486,3152.8177311206596,3269.0442912247204,0.0,1466.5072090474937,157.17202662135352,58.000486090828645,230.56517046334585,240.19293038946086,211.99541924427254,224.6968498801829,217.48075269771022,232.23322220955498,226.61847531221423,268.18298261896945,206.75452559150074,231.1149556363494,241.07900255801647,201.6159381798074,249.28802333499894,225.37410880081634,61.851934307519926
1563,1016.785033599433,3155.862576804313,0.3383325487784429,-0.5688540749627278,0.5846409603888522,49,0.0,0.3017527527472378,75.16132645819204,-4.689986089973226,1016.785033599433,3155.862576804313,20541.78840105933,0.0,28.564130173898434,157.8604932412962,58.00113515356894,0.0,0.0,0.0,0.0,0.0,0.0,1456.313971749022,836.7572422257217,1805.365187920354,1659.129790632147,1495.1752499241497,3905.459470629276,6791.349837911522,1562.8945099746081,1029.343140092526
1564,1873.3877572307454,3154.5632408931237,0.353287585488482,0.433079884313494,-0.2814719641642793,49,0.0,0.014677490754104872,1.8144385665949563,-0.6468556710211298,1873.3877572307454,3154.5632408931237,1775.562252043304,0.0,782.2747363611309,157.1869810529847,58.00123933977346,118.47344727273833,123.58889594908669,140.01120838671008,146.9228642515588,117.3876067986287,114.23231092512457,111.14967018952612,129.02373707378285,119.31756861778487,132.3739971041063,119.8023405779741,117.48494299565638,115.08451108724793,133.1907169010603,37.51843391231775
1565,1978.1110348629738,3157.6593482885514,0.3857816289227128,-0.01855135674139942,-0.4666853184855703,49,0.0,0.03603044450692405,5.182524101619135,-1.78635332620363,1978.1110348629738,3157.6593482885514,2197.8822734965242,0.0,1729.164174153978,157.10463191397042,58.00236404912432,150.6175610351281,147.3621894839751,156.7217030132677,158.40962929776424,147.6546764515675,139.00147336271692,162.47547717199592,164.5040002968993,145.4243732732676,158.81472706477086,150.41539829099227,168.64630181360945,135.69466756571396,167.05589023939547,45.08420513545987
1566,2214.8702161078327,3162.2832540627705,0.31304640017434465,0.47474820957229835,-0.018525200957062962,49,0.0,0.03192371429560336,4.0660689418805624,-1.522936845017511,2214.8702161078327,3162.2832540627705,2643.2104556482655,0.0,1992.0810128792136,156.91845294643488,58.00372095849747,177.6032177001836,217.38248100264306,206.50455375917457,199.83452451577858,154.56571263592295,211.0076086586863,201.80736225635587,198.6372591874874,194.79886688733654,179.26061558866468,144.46197533525532,174.7147960228843,160.06614338694834,156.673501789917,65.891836921027
1567,2173.514558324382,3164.9616309851626,0.5173252184287511,-0.2710079740324227,-0.6461139635259019,49,0.0,0.012512648770794629,2.2463701524476347,-0.8787033000276263,2173.514558324382,3164.9616309851626,1005.1247400619081,0.0,480.91893798831063,156.95095621820357,58.00495582940376,59.15652688572251,48.59673732400693,44.632621554655344,47.78364139769617,45.613277326836375,39.640150712345786,99.18493782147152,38.99153673873161,53.591808291600856,165.30514453262765,57.608723662935056,46.87086779777508,28.32921308327183,216.73338655891504,13.086166373316473
1568,1457.4161649183777,3191.436897432131,0.2847465804414253,0.06235005005914884,0.22546402600821372,49,0.0,0.061033660428843825,7.3446056679527425,-2.1649212086787055,1457.4161649183777,3191.436897432131,5013.527156954744,0.0,4417.388225497523,157.51409146075923,58.01673222890725,320.9823663193357,369.9014144003253,328.3603603771745,355.61206393101827,353.86388115425586,358.19272300955186,356.8253784587363,320.26705576020447,345.52189107168476,389.81730023840305,329.3551354471439,368.10513442516947,337.40874105858666,368.53509989669055,110.77861140646411
