id,xcentroid,ycentroid,sharpness,roundness1,roundness2,npix,sky,peak,flux,mag,xcenter,ycenter,aperture_sum,aperture_sum_mask,aperture_sum_edge,ra,dec,aperture_sum_0,aperture_sum_1,aperture_sum_2,aperture_sum_3,aperture_sum_4,aperture_sum_5,aperture_sum_6,aperture_sum_7,aperture_sum_8,aperture_sum_9,aperture_sum_10,aperture_sum_11,aperture_sum_12,aperture_sum_13,aperture_sum_14
1,1521.7151349119315,91.40603020841739,0.8396959224542981,0.4829719090736519,0.29376003536348905,49,0.0,0.021618330458822124,2.8198416531960127,-1.1255618035342085,1521.7151349119315,91.40603020841739,302.76201990697075,0.0,56.71364259323585,226.32368018226538,-2.627008142708995,67.68981321074817,4.3019408933743195,21.41376204521933,34.422677716093915,107.02188707118665,1.1130242912479154,5.211021319919307,25.78998157537658,7.53195221173049,1.953491997716596,0.2914375635830118,13.268000619423859,9.326333359530079,3.42669603182052,0.0
2,1788.1897235504725,117.3162974989008,0.2783240943726865,0.5085660705259597,0.6986415593082628,49,0.0,0.005543140049427876,1.0051009692009656,-0.005524229426628849,1788.1897235504725,117.3162974989008,636.0481460291227,84.26409370423106,563.2471666703809,226.2125395553668,-2.6162114689101523,57.48521491655489,86.00394145713804,41.29603660554484,44.25495383414419,31.04508464306251,73.4948281114414,37.9427821701966,36.531537954237336,28.81606976023823,40.09904547714783,32.152362001145946,35.87354953954312,41.78514395708487,49.267595601642896,0.0
3,1736.8836002993307,130.06203181979674,0.26244143556085114,0.9894124465400922,0.44477500298428485,49,0.0,0.01218309680903812,1.2508776617414619,-0.24303709232173304,1736.8836002993307,130.06203181979674,1749.05990103513,2.2563921254877695,1390.5954302392938,226.23393832125038,-2.610902512267996,138.0371255905249,129.75018806668223,134.39219139256474,120.70889571161825,159.4770603467482,94.90622454239451,127.28900675580365,142.19478061324938,132.16937100949258,83.29985187515638,73.03272733495686,160.81181360815896,175.36376678981924,75.6859642186862,1.940933179273898
4,1941.86639981209,143.17104961992882,0.67115297991751,-0.7231074349129919,-0.24011087095130393,49,0.0,0.010228848728941094,1.0533118324037232,-0.05639240717472769,1941.86639981209,143.17104961992882,902.3894920612395,60.57101463584446,878.0704227007518,226.14844570324018,-2.6054342924380216,66.70830832500741,74.31203782319045,66.79028473736176,78.25970670487824,66.48498833344429,60.12720239379146,55.194472052818725,71.66837526853348,50.112564255190264,69.84118749323687,47.07704000576379,71.28465710027518,68.55931826825358,55.94242505431974,0.026924245174306714
5,1870.2596783133902,143.91140331810115,0.24852868117297347,-0.04313864055738404,0.02111482981344211,49,0.0,0.019056453785259643,3.2254809319703974,-1.2714861970629139,1870.2596783133902,143.91140331810115,1546.5312507999743,0.0,1385.349218246297,226.1783109075833,-2.6051288635373533,137.88642258568237,137.29541483855314,126.14585001706953,121.41039712345419,128.94973166855874,124.11839600014379,100.34716734679753,106.74929647183717,85.3191627616968,85.38109172051756,82.3046776072153,84.49758612964602,124.0868864112623,97.68101169728735,4.358158420252608
6,1405.6020099828152,159.53232340691983,0.3731690671046316,0.1951871073162338,-0.03523984541486856,49,0.0,0.020705450811350855,3.0123947544735143,-1.1972797067167793,1405.6020099828152,159.53232340691983,1643.1590744494536,0.0,1504.5867401368391,226.3721071759198,-2.5986232733769548,108.10910716604367,113.4087805998855,125.89192848635346,127.04190554770688,138.2156213814015,129.1524273616239,145.4284505486895,138.8336980452628,102.60313543538457,76.53502410903604,99.9464579040372,95.30340773364446,124.99130688900445,104.35534636058806,13.342476880791486
7,1944.9960833422526,182.29158821476318,0.4225108816182975,0.7548231302544027,-0.24897447617926394,49,0.0,0.017752127905626386,1.187327574529482,-0.1864263849686526,1944.9960833422526,182.29158821476318,3290.1120111660525,0.0,3095.731504192284,226.14714182711333,-2.5891357531523815,222.41199251082435,253.86544312609186,261.552907358369,248.2977161074071,256.82958704058865,229.15540139723072,288.8330143862903,234.8077118713356,224.4000418303506,172.89500324401607,216.09848530744728,240.22629988603205,210.75847538114357,203.6623454317463,26.317586287179253
8,2098.577958370516,185.74683278567792,0.5756317151395526,0.0804349971466675,-0.09566067927392716,49,0.0,0.03545757048089547,3.9645149412338307,-1.4954751473357875,2098.577958370516,185.74683278567792,1827.9033078315842,32.164857652720656,1665.99774119839,226.08308818337497,-2.58768736570722,202.5920502527639,149.50105538914917,143.63397984883906,144.2310553982416,120.33924018729834,115.72202945386039,129.4230281137872,138.81040873334592,121.88234289371292,112.42680783895312,107.52094574270082,131.05622650862477,112.11553741856774,97.47337079269124,1.1752292590479625
9,1955.2570170950971,185.4838270012461,0.46615623362988357,0.5622701868957084,0.20620434043662828,49,0.0,0.02320164307394653,1.2212526037597302,-0.21701375665285177,1955.2570170950971,185.4838270012461,4154.401836112888,0.0,3912.9770672690233,226.1428624442467,-2.5878053077338565,298.45336535880983,290.5773824314597,316.29980618445865,315.65022707195703,308.06961841238774,290.2725437919727,351.38667496664686,309.83107300937763,304.1566850751998,213.18054555435424,301.07430280333244,306.28448778843006,252.25775693301932,248.83195268200802,48.075414049474176
10,1519.5591421485562,216.70397009125077,0.36596024890047124,0.43823637967229956,-0.10537515505879794,49,0.0,0.012308988961286042,1.3866155049051605,-0.3548901302473662,1519.5591421485562,216.70397009125077,1465.5399879031734,0.0,394.9688341224501,226.324578329579,-2.5748064323988924,115.9857099322708,87.80836044650334,125.2114981794237,97.70306991444099,120.72581168652682,92.88210867387401,108.43332822822978,116.11755132662587,91.68341287668991,76.33723846266919,104.10316488614217,84.06280312610636,115.392248569163,111.64755734510834,17.446124249399098
11,1851.2551223213848,219.1845648885901,0.3044372972203687,-0.17596342748374297,-0.030736772958088448,49,0.0,0.010061177843461189,1.2789833772505266,-0.2671622501425235,1851.2551223213848,219.1845648885901,1364.3514896079992,0.0,485.6369985984469,226.18623918987095,-2.5737691202764843,87.41380849815528,83.97322297553417,93.22330605568683,91.91128828570378,99.4721110603693,92.75447572432176,107.63351281731019,97.27825932852694,112.36023378576118,94.69478900500013,93.09594945764951,95.3504388637048,97.01115699762391,96.36076167559992,21.818175077051436
12,1205.569974963229,221.11773937355628,0.6354501331130513,0.21440452982248634,0.05245470269760018,49,0.0,0.023095831225262854,2.484143297577201,-0.9879416111607642,1205.569974963229,221.11773937355628,1532.5833592785652,0.0,1493.2921780574898,226.4555320999528,-2.5729573762885165,114.11263615699075,105.95436070926544,106.45226681214965,124.2071281245845,122.52722521993219,110.92948897268428,121.58068123168934,100.0515506667135,111.38270742012732,81.75099016847682,104.29859863107285,101.40880797647702,94.29202770939973,115.55777873893905,18.077110740062864
13,1273.7676954929061,226.0408280474727,0.42317227825461323,0.1730924631105121,-0.1888023586978954,49,0.0,0.018756403568575126,2.3805119326798865,-0.9416759069586282,1273.7676954929061,226.0408280474727,1548.897958677532,0.0,1341.4647045167155,226.42708916467203,-2.570909651094319,116.61573415604708,95.19809963661652,121.31971111351692,88.0213126663562,102.30764494366902,108.67719267143437,132.38837108282405,124.08661101375147,117.83376863265886,79.19141068387577,106.82662901496937,109.03080776051868,104.96551679243174,117.68709822607256,24.748050282789414
14,1664.8041747098405,238.27002310381909,0.4860184870146629,-0.22228429017246504,-0.15097940857486905,49,0.0,0.028603241425043984,3.6716580533484113,-1.4121555698994417,1664.8041747098405,238.27002310381909,1815.2967563916627,0.0,0.47053810535072044,226.26400162556732,-2.565821638363889,114.8269319877879,119.96519751001324,129.3386722668407,140.52761490967615,137.03456275196254,114.61462151126861,124.30295071668822,157.5870607770603,135.9446354655496,92.5359836475555,129.53872348269317,141.2941488708367,130.77226843156825,124.26092122973834,22.75246283242341
15,1069.1496311396752,245.8394593436381,0.8332175133761854,-0.3412949907930342,-0.46433265601859747,49,0.0,0.010027953247558903,1.0201252906152471,-0.021633786466624397,1069.1496311396752,245.8394593436381,791.2658883265503,0.0,664.4772960876667,226.5124263678336,-2.5626491525456303,71.03314786675425,61.154412602638516,53.86355778915353,64.67861160103098,53.07975153989094,47.529701722560986,50.69922577315579,64.32245283580983,48.38850420798359,68.57169212031042,39.75528932194031,59.220885346997505,56.72785020222334,46.47037453821464,5.770430857885673
16,1992.8684359598187,248.90401840398522,0.6058414209512908,0.04578034911569914,0.095816806093011,49,0.0,0.06672689813840206,8.201286507104644,-2.28470495995677,1992.8684359598187,248.90401840398522,2652.4873779195273,0.0,891.7677798557814,226.1271786023792,-2.561381086050488,177.56584581937312,152.72345071999575,183.19361333730558,189.74825525305397,187.45349207327962,182.41111110045063,217.79373290827738,216.14593265423838,202.17493433614925,160.2906980361638,195.0799515343797,178.703527564108,183.0450435619522,192.15868428250593,33.99910473829414
17,1062.5473448157043,263.5367748352971,0.38017265786177684,-0.2866518429248291,-0.26183064391340755,49,0.0,0.008961351541567516,1.638920615970025,-0.5363947956390143,1062.5473448157043,263.5367748352971,1124.7033762938472,0.0,985.5003889764687,226.51517889131878,-2.5552755551645405,82.49604062913745,60.18371016565597,87.25126686214702,81.67786200326941,81.86107248321082,68.64881239093805,86.60065112260628,119.36021805970763,71.52426134486475,66.38398095202282,93.04114296841868,73.70320034414075,76.63428201610031,63.90575702927144,11.431117922355813
18,1788.821787594007,265.6477298633787,0.3017515309939092,-0.19027003397774805,0.23157395017489701,49,0.0,0.020846169314548697,2.9814663943111803,-1.1860747963648284,1788.821787594007,265.6477298633787,1971.0874582574452,0.0,0.0,226.21227889347935,-2.55441324143582,138.84715951476423,141.86623120669708,150.528876881998,142.96499474394062,135.3420491121496,137.42678288055936,134.11568072502035,147.59687690716413,145.73978042514415,100.80388514019016,149.0075930935015,127.3455335954792,145.69641357743598,149.92338539272095,23.882215060680057
19,1267.5334104668648,276.3506628895536,0.40216642236815786,-0.2239122349444673,-0.28667708414307014,49,0.0,0.01424294669200687,2.0368918252264927,-0.7724199130076674,1267.5334104668648,276.3506628895536,1383.4114431626658,0.0,152.63254292290475,226.4296874825362,-2.5499490200485164,112.06027349113681,78.16484730557222,105.02559937448004,113.06756686556363,95.96672511315833,89.146407441892,99.77380994322223,108.45823065574268,102.12886538253838,79.34635260606092,94.11996372795898,93.83766678098553,110.55747219251225,80.02654370077963,21.73111858106209
20,1038.8442686164644,285.6119014470056,0.6154238258389423,-0.04096995124900887,-0.13825348544350075,49,0.0,0.024742374205679464,2.849886899956349,-1.1370690625655688,1038.8442686164644,285.6119014470056,1571.922106523356,0.0,1501.519729510756,226.52506306519152,-2.546076755600802,115.2018674328441,113.98827743273242,118.52465378294423,112.15858988960301,117.68984179510458,90.95221757784219,115.01354087876616,123.66171267924516,88.55492145564725,88.84731690884675,113.08388436782312,125.72797276293166,108.08542664437302,116.00680917498897,24.425073739663414
21,2465.1281959238163,288.4743569057215,0.8253309792924336,0.6000683313318573,0.3702449818216895,49,0.0,0.05380443419444816,7.299550856402827,-2.15824034667553,2465.1281959238163,288.4743569057215,885.6944906060003,0.0,9.015614157120197,225.93022436199956,-2.544855090088147,0.0,285.97222000895647,0.0,0.0,381.3295715003593,0.0,49.751722292608854,0.0,94.61475352775615,0.0,0.0,73.96066521358975,0.0,0.0655580627297171,0.0
22,1245.8224253578792,291.8791568537116,0.5059217077519705,0.010764721173636062,-0.3798938173670293,49,0.0,0.018634845875175596,2.3604644839508926,-0.93249367582394,1245.8224253578792,291.8791568537116,1466.4195487938682,0.0,27.952608154908564,226.43874163317182,-2.5434784214607364,105.26769288597866,92.4510515360742,116.79179288757652,91.52835305309601,101.45376525227694,107.88446039890735,122.66247942464005,108.540883338189,94.0549726937816,88.8467418161656,102.04484254212164,114.59071789856748,107.11413786463055,97.9613512217187,15.226305980143934
23,1691.8929998089995,292.18373048618014,0.3565631890327553,0.03637874079746261,0.18009316219749158,49,0.0,0.029316455670439855,4.583234086189013,-1.6529300979144756,1691.8929998089995,292.18373048618014,1974.1506921257692,0.0,0.0,226.2527043675879,-2.5433594305262877,138.01825552096187,116.54848520090738,146.5393782708856,147.7159894885108,132.83407466032662,126.63210368161745,161.73607669317045,150.49207316242672,155.2213556240532,119.39408607859082,116.25066785527876,135.91063365874808,160.05792468198297,143.7600595167392,23.039528031569162
24,2317.614144673915,293.406342633379,0.313150808484885,-0.3323819880488139,0.013098597032322657,49,0.0,0.014281558008220115,1.6078071373713587,-0.5155848806224983,2317.614144673915,293.406342633379,1606.4385659334082,1.4921910551299136,1451.3467663476356,225.9917447595947,-2.5428160200509353,131.38308092883383,121.68655668490555,123.73770269403886,117.32495741536789,113.72095691260475,125.42006758671494,121.62465101834381,121.4277192970986,106.20742636151331,94.45090129712374,92.29873827146591,116.17031929183736,107.7765111171534,106.49819710494634,6.710779951460029
25,1383.6489624175515,293.9248369276061,0.5605656072905234,-0.556736614874038,-0.10367202394858757,49,0.0,0.018890229001915743,2.268355560959769,-0.8892778262353519,1383.6489624175515,293.9248369276061,1461.775007514119,0.0,0.0,226.38126008680086,-2.542631433743182,96.85339608998666,89.868015266031,118.74748332045344,97.44028600393858,98.35843499957272,102.89844371043259,101.80501887553888,122.06807608494674,88.57056696531924,89.48935265354513,97.53446343539797,98.64905658494365,109.05926049623761,129.43934233162577,20.993810696148877
26,1572.8925904972714,294.87243197455354,0.5085367765409142,0.0676898526404878,-0.056941489019518204,49,0.0,0.08615200458368141,12.037205119631796,-2.701314152930574,1572.8925904972714,294.87243197455354,3328.703041316824,0.0,0.0,226.30233450316382,-2.5422397502285667,231.39507572526068,203.55132213882973,207.48516441294856,239.4110592572136,233.4087733744201,243.73634400632454,254.64407978517391,242.57429196915695,247.07123738761632,196.28774855443893,234.99777799329854,238.98481626721525,271.0749788786453,244.60349879854712,39.47687276773388
27,1315.0359135857434,300.8767058874551,0.6416253725838029,0.0995691971311454,-0.034792081806030085,49,0.0,0.04133500506424316,5.087666553159872,-1.7662965995312456,1315.0359135857434,300.8767058874551,1904.0311105110445,0.0,0.0,226.40987543288222,-2.539732769492227,153.36022995994205,115.0010136826485,128.74895406368893,105.07355144527295,129.3036487860664,127.14090356374875,162.05519633998117,145.15411419242702,138.2237329497023,94.32272473238801,120.78136370955711,158.96948433073857,159.16584519984116,141.0470295232204,25.683318031821422
28,2029.7309809270535,302.3981611401483,0.6629792281565738,-0.15273092217478798,0.13631082631860023,49,0.0,0.019468344195489446,1.616556048472923,-0.5214769171578721,2029.7309809270535,302.3981611401483,1733.0896713881073,23.377697920841804,0.0,226.11180715863946,-2.5390919852696876,110.9233970016399,124.3479088684702,120.48934567193058,142.49981458873373,109.18002242591982,99.65027428705213,125.07819357463562,154.72487703736647,136.40505921117523,93.00623563490294,119.34561360550802,102.85444258639885,137.97331716829854,135.08404029629946,21.527129429775833
29,2179.892519002671,304.6964408675396,0.4116979531859986,0.23042397535084583,-0.1560035137216606,49,0.0,0.01023351888185869,1.2372042335872016,-0.23110349361320442,2179.892519002671,304.6964408675396,1314.9474738103454,0.0,536.7841455387572,226.04918214480904,-2.5381242880379156,97.5533361322118,86.01124523561897,105.90195597110147,90.22997685511469,92.10160106864312,76.44265782895064,105.5537083830868,92.14451017257261,89.47285678507086,99.61956214937604,84.24708664838187,85.56085879202979,105.96337680656164,84.48040125336567,19.664339728259478
30,1856.1264211578423,305.86688541671015,0.673534142507205,0.26658917314709135,0.3938898022331146,49,0.0,0.016273580984145747,1.4446919980266126,-0.3994381682238993,1856.1264211578423,305.86688541671015,1423.8182556761012,0.0,0.0,226.18420988743114,-2.5376548014637024,112.93004793800878,97.35672238563797,116.2782937477306,107.32197109469257,104.65912510275905,105.81614642568005,95.7910418241262,97.90932694750315,98.94690937499269,73.4408326722361,105.53832054150021,70.51613745297004,102.83215343369645,102.20101515573688,32.280211578830425
31,2402.533791116836,305.63374542930194,0.4488144492731705,-0.2969921682693347,0.05537886685057025,49,0.0,0.015180768941623539,2.060486147645966,-0.7849242479266444,2402.533791116836,305.63374542930194,1078.575021385309,9.219441293591913,942.7948591322627,225.95633041989802,-2.537713132865055,102.02691173134971,80.87177619155159,78.84685855760418,80.19657132275941,76.54673756835486,66.54143418251039,97.65896254961454,66.82462851666749,69.42474753485817,79.47606251075712,73.9132697148519,53.73675065741371,65.83641866561746,86.6738916813982,0.0
32,1364.582969211358,310.95973487373004,0.5043528043157104,0.4452383701201323,-0.4957071141284312,49,0.0,0.011327457284842184,1.054010359655282,-0.05711219872597961,1364.582969211358,310.95973487373004,1456.8003552484645,0.0,0.0,226.38921127352677,-2.5355336217716062,104.91789624201786,101.49650551069308,97.27679198135343,95.79153485024638,108.54040605400755,101.63133132665874,99.46719294597571,113.96310381719096,121.22480906427893,81.00279578103108,98.9746477326988,102.00815105646441,95.92450196607246,115.81132586925891,18.769361050516153
33,1886.1138005358023,310.88286308217636,0.7886586435056193,0.04060047790725568,0.35805166146567247,49,0.0,0.014919972972941122,1.2752137988503685,-0.26395750874236584,1886.1138005358023,310.88286308217636,1394.5310146779543,0.0,0.0,226.1717036353453,-2.535563910103514,114.39729880560125,88.29876108411463,97.26213465973173,108.06323137152205,84.29243619175521,113.69562207059096,98.93688443817788,94.08350420682942,93.94910001881738,75.67374522278273,106.76314445003587,96.01320635092074,106.30371348710935,100.84340041547816,15.954831904486781
34,2198.623535164263,311.24235208835006,0.3752714759980566,-0.016218109740579318,-0.4418282374553214,49,0.0,0.011844915458599361,1.5028290546931105,-0.44227395707983425,2198.623535164263,311.24235208835006,1382.8826098223722,0.0,611.9661251656896,226.04137079536042,-2.535395610721474,97.94687647196912,87.07252983171671,103.80935415146953,95.73455050427634,96.37896070062739,91.11983123431875,106.05788018868633,77.50221369964103,113.12732061812989,77.99005538068192,96.93759223468564,100.24443543565926,112.30571662861712,111.47828600882815,15.177006733064934
35,1522.8514487943858,313.0760796408961,0.8194258033962082,-0.18410182716297493,-0.14441086695415511,49,0.0,0.03524237645749988,3.391309990570298,-1.32591872322211,1522.8514487943858,313.0760796408961,1752.6906135625088,0.0,0.0,226.32320442665238,-2.534655218204618,102.70159308138517,127.95640481241588,121.7400156540803,145.8005985806882,132.10757020512185,122.58140367579662,137.2261057303551,132.5521683808238,140.6352847230927,83.00776599850514,95.83209612144407,117.82209737692966,153.0252263239308,116.69064580444766,23.011637093491927
36,1974.234012620288,312.95580312301587,0.6279713395692604,0.06288162878322479,0.03322890782914643,49,0.0,0.03862647394008376,4.254881527490197,-1.572218680338491,1974.234012620288,312.95580312301587,2067.6677284725893,0.0,0.0,226.13495280860474,-2.5346963664089683,139.29822828094473,147.3106206448815,150.1659595017901,151.25679762018916,152.87565342710667,127.51889868940886,140.84512616872283,156.2251675938154,150.38009510366123,101.86497531712784,166.56380939638893,162.00204962926324,147.74525090985605,144.37196992200813,29.24312626742462
37,1546.244694123688,314.2183034828024,0.516248289116927,0.18686540707101307,0.010554788320576332,49,0.0,0.01455814782942957,1.6338563333597298,-0.5330346648052665,1546.244694123688,314.2183034828024,1492.9274954321006,0.0,0.0,226.31344811894968,-2.5341795402431755,81.57158115692673,103.17107283016799,121.32992158432086,120.52390745626333,107.46686959642646,105.76837731483377,112.23304033711284,86.65704453603942,99.38202817718556,98.55258456356114,109.17054063284542,114.93486998540399,108.21720268507096,108.23495780374424,15.713496772197816
38,1256.7138875586872,324.48581767267893,0.4744321577477628,0.16448612099950033,0.22934867636110878,49,0.0,0.013462324700069856,1.5317132527471902,-0.46294367498173306,1256.7138875586872,324.48581767267893,1352.448150701152,0.0,0.0,226.4341980971491,-2.5298940671226613,94.06020335800343,89.77814932723933,91.61287860244411,83.7336345532114,102.87798092661103,92.66182080995637,95.49829597846633,94.99597666185345,96.93138885471947,75.1569330474089,109.84596425390836,109.2434235600964,98.49164014048976,101.94447102665262,15.615389600090928
39,1684.1404779024626,328.71115486177104,0.521710214035439,-0.040504781901481615,0.0023727260309665287,49,0.0,0.21812414712695724,30.726886078278067,-3.7187963756211007,1684.1404779024626,328.71115486177104,6782.609829467692,0.0,0.0,226.25593794594099,-2.528141104007309,493.02587126728224,436.09076652470605,479.8464620630599,437.90109188903875,477.89522780347824,473.72246696411594,517.2786742928091,512.0443434465396,501.56368466618403,408.20194882746586,470.597823808473,496.29506640117233,512.7539277274022,480.7588011825351,84.63367260342883
40,1077.6014297211436,329.8611530428985,0.4028819001746787,-0.04285079524472385,-0.3765721856348976,49,0.0,0.03269084560133325,4.935326679714372,-1.7332897620691987,1077.6014297211436,329.8611530428985,1946.37134899362,0.0,681.6010318689464,226.5088968319764,-2.527644161918549,145.07812579018,124.79618243428331,129.61018916513513,112.69782529547817,135.55626718294914,120.23142844818173,147.81617138152717,147.91805818507046,150.38398943144483,127.01379895729858,132.93051270448672,146.33608217374473,151.9365746820874,151.79666505053677,22.26947811121562
41,1026.0895461082212,330.509547989975,0.6276687763668747,0.12302679356177205,-0.08736853900380394,49,0.0,0.01556431650475884,1.697548419765712,-0.5745554266555164,1026.0895461082212,330.509547989975,1354.867590552869,0.0,889.5093789391605,226.53037972049407,-2.5273702427679017,85.60625975844901,95.49443667267684,128.9588710854281,98.51568894215858,77.64784879511998,76.69857142786373,112.93044952287958,117.87779520891371,99.62191627274748,63.364063083742906,83.8558290883776,81.2319278307062,102.2672868741852,111.1219937248093,19.674652264810685
42,1496.5907650164202,338.78352430777335,0.5906201620171847,-0.12344729391505428,-0.07858862837940503,49,0.0,0.011490284487170481,1.0812233343741073,-0.08478852458799117,1496.5907650164202,338.78352430777335,1375.3049063509484,0.0,0.0,226.3341563261403,-2.5239443864605637,96.51133287249628,82.88303059104507,116.62961467391449,97.58014849179271,95.0450746426489,104.79349912355235,104.77782231331221,104.71222926815204,97.37831010951064,68.98615964992936,89.33728825728895,107.81844552381835,110.20284468696269,83.77875225791274,14.870353888611726
43,1920.4102740419885,347.09554745414715,0.5259210100442658,0.0002712753674146429,-0.1383352713904235,49,0.0,0.02571087975482029,3.168300713849367,-1.2520659879813414,1920.4102740419885,347.09554745414715,1944.6838125753982,0.0,0.0,226.15740135835316,-2.520475229399544,125.59340544614585,142.78737781643974,147.29308499936707,125.17515669702732,166.67150243286247,139.20085619742372,154.78216119370956,155.35286255627727,144.93076071512246,118.90321191709717,119.98922951249773,126.18416214901175,115.44156678177285,135.8092099239705,26.569264236672815
44,2227.6747864477156,346.85125163781686,0.4626338125510067,0.1982317041238726,-0.18747820623095587,49,0.0,0.028304231288675156,3.8193257534508795,-1.4549667532210893,2227.6747864477156,346.85125163781686,1962.829390674609,0.0,249.07462118557922,226.02925738348287,-2.5205576043916413,152.6002948487408,120.08200235108065,130.21424550191,142.25781178596048,141.95499856881966,131.80766464392593,133.45877584981903,159.1584213225475,142.03042932969774,128.8954478448979,127.66389714502347,130.07896905853707,166.06326772696502,126.99583480850303,29.56732988818049
45,2109.01715874791,349.59524416804305,0.5486978250509927,0.00510777034316188,-0.07405555759775427,49,0.0,0.2614216919661071,34.81768790552577,-3.8544998202264678,2109.01715874791,349.59524416804305,8204.571650079837,0.0,0.0,226.07874318521525,-2.519423363350469,590.470562240138,562.6125773411054,593.3546925745566,537.0582335210056,560.7197857784001,544.462464895635,642.9990846542628,626.5441704399424,628.954159121132,505.6238201516455,563.1120363438067,609.7255038209246,608.2874402189093,513.3763484527988,117.27077052557487
46,2177.6020396805907,352.3941579027127,0.7171951358340174,-0.07143744430694708,-0.3891364613788827,49,0.0,0.01659895716707639,1.5601457009923523,-0.48291289681914934,2177.6020396805907,352.3941579027127,1486.7639803297836,0.0,0.0,226.0501403027447,-2.518252292835993,89.02310705771747,78.94040369771169,108.71953344620078,125.36187910188305,114.79989302203012,89.29012072196849,112.62716761367173,108.99427861709441,104.6092193053882,91.41607988443442,96.67725078888725,99.31338480326758,126.11131417884121,116.94094104126418,23.939407049423224
47,1926.0200401173554,355.79635001681993,0.4452314194971005,0.06710506014612241,-0.15775718632553912,49,0.0,0.04601345896253792,6.483799154153026,-2.0295738835804493,1926.0200401173554,355.79635001681993,2570.813542963868,0.0,0.0,226.15506210224353,-2.5168499628145726,184.87976520115518,185.72699664145387,189.47968145563092,153.6213975907542,182.42684059840528,181.63012517394878,191.27571453981835,200.4427211291942,192.95429349636393,136.98997676735274,198.2619995044068,169.3559691183573,186.3186172242896,185.49998605723397,31.94945846550221
48,2383.9064408382606,356.00238942725707,0.26982123813322656,0.5120721208850737,0.09342154914854917,49,0.0,0.011053780758231773,1.4459588057957278,-0.4003898010850055,2383.9064408382606,356.00238942725707,1418.9876780433383,0.0,1313.4057452922711,225.96410300885054,-2.516730310894566,112.41506102734049,114.01499704282196,108.50774641962428,121.45000655164779,102.52787308348104,77.6893419465076,101.50963629948619,92.02603072282831,95.01616346881511,91.9110801681338,88.82497154984834,89.18034073613454,107.75463807647162,95.23445669421622,20.925334255981305
49,836.0646194976309,364.85778248245634,0.30407422090279773,0.8102817174205957,-0.20867529054162878,49,0.0,0.0077037554289565244,1.5791907293427507,-0.4960864645057971,836.0646194976309,364.85778248245634,959.3557218294477,27.6665799187445,543.4498663904897,226.60962581405968,-2.513042876085155,44.234544507472535,42.90805161483746,108.29300108287904,52.06663906085211,46.15909993975285,34.210690850539024,53.981773115213166,48.93960377513223,86.66125129654003,84.73224932794815,166.27704971968524,84.62559309271714,28.116569383831084,75.42631986052012,2.7232852015274647
50,2262.8313858444185,379.67864428892636,0.5554742673770672,0.0821220047572564,0.1380150438941471,49,0.0,0.011815182298235017,1.1926460591820207,-0.19127894372992665,2262.8313858444185,379.67864428892636,1342.2021564020315,0.0,11.31636805758809,226.0145978477225,-2.5068777670258258,94.52026927632444,77.51774160894391,100.08646767286683,81.61899336153645,117.6931267078011,92.18201653359804,91.5651485077656,87.16914366393905,100.80329103396326,76.93272985021623,108.94385549052056,88.55595926954214,105.42510302627046,95.96486297815426,23.223447420588975
51,1524.242486670579,385.1536058179649,0.8798816416388024,0.1193838019608519,0.08215550121964123,49,0.0,0.015400456589315886,1.3111208218188644,-0.2941067861120384,1524.242486670579,385.1536058179649,1230.654207091648,0.0,0.0,226.32262370373425,-2.50462542224673,101.25303657334032,80.1464977668706,78.8705118126936,83.73471584033095,82.29018360005401,75.9717125600709,95.30531239531632,94.21272114343418,84.76901350957812,79.32018979849138,79.87787571986522,74.58153899809258,103.57619085941604,92.42795416481347,24.31675234928054
52,2286.514526691832,384.41517565721927,0.49602621604826475,0.34710839972977126,0.04818750453654227,49,0.0,0.049844046607806926,6.7384854225618955,-2.0714057329775932,2286.514526691832,384.41517565721927,2497.8408607592355,0.0,95.70699939394498,226.00472139028201,-2.504902273898267,174.9255651231839,177.2303753695367,199.51027181738988,183.498033532102,174.99786570191145,172.75149163485509,169.9501512357728,207.74191686135194,186.33205473131977,147.50324465508476,141.14814742733788,176.020430571545,199.3450227756104,149.86727235337634,37.01901696885783
53,1784.8092922368812,390.4086022728272,0.7636333380752627,-0.09841432239896547,-0.1656222256607818,49,0.0,0.021774702397316954,2.177697110994563,-0.8449936874345856,1784.8092922368812,390.4086022728272,1425.5131286205997,0.0,0.0,226.21395478157402,-2.502434146961165,130.93666298989945,90.53864632989018,102.0943249624258,106.30219062563225,111.27103628448708,78.41375688813504,101.48476961047743,116.7495196513066,99.26262915838242,71.85790141929851,85.04090669561367,109.25378931267107,96.84408013240314,112.45382846221537,13.00908609776161
54,1123.002842542713,395.0576230448347,0.651472092674006,0.05176947550559818,-0.04707228781676038,49,0.0,0.017952775400309057,2.042940893187601,-0.7756395042783708,1123.002842542713,395.0576230448347,1342.1629110556457,0.0,0.0,226.4899589173952,-2.50048436971565,88.0641421151499,93.67855360868266,101.99754957689953,85.08048101064185,78.72035892689618,90.11968340669912,98.64079966148296,105.6944807679756,104.975829000972,73.78833664397095,107.65251721134908,85.7658918532748,119.11193308164829,88.9107493994988,19.961604790504012
55,1959.1773028222956,400.9779131281146,0.3202256260195586,0.7167420513998557,-0.05775458835388006,49,0.0,0.011797956663194657,1.5114335638675456,-0.4484726555298125,1959.1773028222956,400.9779131281146,1299.8459156832057,2.0,0.0,226.14123560368608,-2.4980243520140335,97.2429909999095,90.1568919815565,101.30893173670691,101.41238370644129,77.06850043243553,91.610669691355,112.39431358297588,75.82021245241779,80.24899317709288,84.71256990134779,73.72850170191228,98.88288084428137,93.79858287932925,100.19693967823959,21.262552917204157
56,2070.337716568541,406.1921752316232,0.6215078618965719,-0.30085271586820755,-0.028963851950358693,49,0.0,0.023005047103447033,2.6431541164035828,-1.0553062165242098,2070.337716568541,406.1921752316232,1556.211780264115,0.0,0.0,226.09487715585328,-2.4958458333163,95.39420995778863,88.90157332353914,111.3785080979587,121.13062376887103,108.21086295419079,90.4641476270736,121.69348431570302,122.4437293215463,124.88362903405604,93.78736045591235,102.32949707791227,115.12480361493988,143.65120021213212,98.78098254496264,18.037167957528588
57,2200.1005162375177,405.9799591957668,0.44465216179506895,0.37145569395002914,-0.3859673479688705,49,0.0,0.02381375613487366,2.965542515065222,-1.1802603865327832,2200.1005162375177,405.9799591957668,1735.3106986912383,0.0,0.0,226.04076083504444,-2.4959250856705317,134.10696624485138,128.38184424877184,123.8292828589538,137.01915790483014,98.31010588074622,115.95516934727756,135.2683041439057,110.36844480973664,125.07713989050451,94.14932698041916,121.20109023446861,110.81786030178719,143.84185356487237,131.49276371898264,25.491388561130595
58,1515.4316218927077,408.22263952904274,0.5961792676100137,0.12637883449813653,-0.14417215144853274,49,0.0,0.013692745138512121,1.515183487501375,-0.45116307183854537,1515.4316218927077,408.22263952904274,1332.284977997775,0.0,0.0,226.32629805534233,-2.4950139691441136,94.05297406496646,82.88214227158292,95.14751173261872,88.75444337146202,97.55351603951519,94.11267817861525,118.87114598683095,84.4681528811019,100.54762800800967,77.69054986706644,91.49105798414858,100.71287396435866,99.10644989512772,89.20547940341731,17.68837434895329
59,2272.0120871904146,407.64869244805055,0.5307255003053009,0.3921836422451469,0.0070506353931551816,49,0.0,0.04120478287191734,5.235529646053143,-1.7974015577892455,2272.0120871904146,407.64869244805055,2090.255642125151,0.0,0.0,226.01077112016773,-2.495223804843743,158.33621192583985,134.39519876622518,153.6530181528859,152.4646024480163,139.65978673042187,135.16578068168653,165.8988551792134,185.7450251851896,138.62461179992584,115.737907531515,137.956070910419,134.13332973239676,151.25163372844256,161.6631545118657,25.57045484110755
60,1109.758105811538,415.4074959569837,0.8131137218666892,0.08284368012554286,0.017901735593286523,49,0.0,0.014121630323503364,1.1569942047072614,-0.15832795902595825,1109.758105811538,415.4074959569837,1268.247027997167,0.0,0.0,226.4954814794551,-2.4920051022784127,89.44849450337946,75.47101229404058,95.46419781534348,94.63103171071808,84.762782715253,85.31029629683135,92.35975857539748,84.39544247822704,92.54283138988933,75.8550816537414,73.88403357285975,77.77586027238254,107.4470148814044,122.30109098251069,16.59809885518848
61,707.4098184120876,421.7451038443098,0.9036718873060905,-0.00919153939957197,-0.9245664211386189,49,0.0,0.02676878032370663,3.0409046850975905,-1.2075070192974429,707.4098184120876,421.7451038443098,1490.0202607656447,0.9317052566512406,14.97214992403287,226.66327408717444,-2.489327974924779,155.86298010021233,83.88564481792409,109.33165901939053,0.0,0.0,992.0835382774776,57.66944843268725,0.0,0.0,6.416078783846925,0.0,0.0,0.0,84.77091133410605,0.0
62,1208.6523056679687,421.520014289351,0.3153788720882743,-0.33328971738844027,-0.4609170573910126,49,0.0,0.02778378762695257,3.320334014178289,-1.302954436080851,1208.6523056679687,421.520014289351,2325.8844359900795,0.0,0.0,226.45423826237658,-2.4894641728144093,166.72188003756355,157.07505385507488,177.7123043032958,164.93102489960677,166.72596417035652,158.77278673162493,171.82449870424648,178.6350234618156,175.03030505074582,142.39086902589207,164.56138783166966,152.2064693892963,161.20062220601335,162.18040189949704,25.91584442338045
63,1649.5821603588306,423.4219493505676,0.25470381519774393,-0.05851643480312643,-0.34911148462988534,49,0.0,0.009288735663431425,1.232577449959145,-0.22703554509240498,1649.5821603588306,423.4219493505676,1252.0624624051711,0.0,0.0,226.27035114595134,-2.488681712485248,76.22536582699387,79.53574519416256,75.08474661163717,101.36454812718343,105.53697698038411,77.17537258831344,94.60065238332504,86.94480441437153,100.81104970638216,71.26996302218899,86.0834564158005,99.15621560433266,88.11740367866389,93.95121138090616,16.20495047052555
64,2245.7489734601154,427.1707565591002,0.8781334559726258,-0.07035853430143897,-0.0670756645242785,49,0.0,0.01816700670931291,1.5614986490377345,-0.4838540320692242,2245.7489734601154,427.1707565591002,1309.1089795292396,0.0,0.0,226.02172513947133,-2.4870925861455557,91.20663418897345,92.95265233496168,96.76160149359745,96.44637495470116,82.09549804439368,88.8575481778962,94.18551350047093,84.80730657554862,94.66677828571153,92.05525719981793,69.947831596064,113.22848797118453,95.88547537699593,95.11626679783998,20.895753031082364
65,2617.036569251224,429.94916157269785,0.6342556777758245,-0.7563038665267721,0.1435038108251798,49,0.0,0.00876791241259947,1.3187994372627394,-0.3004468828896872,2617.036569251224,429.94916157269785,642.8795366027298,1.0,182.4689873424357,225.8668878004623,-2.4858944355010815,58.4413300930079,14.29836414325878,69.70246204816954,72.35810513769997,12.832966372348292,168.88104318188877,20.539389574947034,29.170018328296088,28.398644744318478,9.00145752007282,20.682664652028194,79.59424182165303,21.73154079429272,37.24730819074826,0.0
66,1015.351300774982,430.2555718495831,0.4058914821648544,0.19084431712412933,0.3105280631305372,49,0.0,0.00974605207293669,1.0969170968339472,-0.10043451390466626,1015.351300774982,430.2555718495831,1316.6929906888395,0.0,0.0,226.5348518972472,-2.4858122171616994,90.97527129345838,84.13791719115727,91.22048623252815,107.76120432401014,91.1250986373075,86.77984669853814,85.40816530270841,106.18178900698737,94.25501287397707,94.46004256359589,80.97349182138592,93.346997267363,99.7538094934244,93.44738602781045,16.866471954587222
67,1054.49913192075,430.94733134194223,0.23122811118718253,0.8259673805668738,0.08784699228990507,49,0.0,0.014899507809588796,1.9684559076591825,-0.7353142281880187,1054.49913192075,430.94733134194223,1706.8580446366436,0.0,0.0,226.5185257648783,-2.485526919450509,113.95291242236718,115.05295514238131,130.68920791102875,128.41370663519373,118.32235648931103,116.79762386403843,125.86667838647377,135.9459629190568,129.27361754228278,105.75570492274994,103.24353181280213,105.66038523358702,118.46760991210145,132.05342970605673,27.362361737212364
68,1710.7781187128794,431.65016366061263,0.4373779371678669,-0.3316868408039606,-0.09770773975028603,49,0.0,0.01631568215234773,2.051366703887376,-0.7801082553083334,1710.7781187128794,431.65016366061263,1445.2658104328625,0.0,0.0,226.24482979777733,-2.4852528982804887,102.085778916706,99.49409652172329,93.48016901248334,106.88370246861629,106.28822174838002,100.24943692324024,106.35103814992578,105.2295794637765,98.77831327602264,68.84789269852274,115.04171354843365,112.05999489420857,117.1094690842327,97.97265001148754,15.393753715102967
69,1319.1030662948067,432.9582860764436,0.989863542430842,0.0027554479220878543,-0.22858855540076833,49,0.0,0.02710219800149166,2.268307295642318,-0.8892547240546305,1319.1030662948067,432.9582860764436,1483.6001015829565,0.0,0.0,226.4081752684872,-2.4847034808199497,112.2375695701643,95.25087863830568,102.8054358955549,97.6533394934217,118.82209431342989,109.55979917824386,111.84709398613482,96.92644330698741,108.42799176042628,91.95155547548111,97.33388865535696,98.3319730210448,101.42075108119782,118.53570699020462,22.495580217002313
70,2580.8115763736055,432.712520467592,0.38261291567416844,0.14658148499088833,0.020000754579003893,49,0.0,0.03844874550208684,5.26047410481359,-1.8025622177159062,2580.8115763736055,432.712520467592,2604.3666735437655,3.4154186758857676,2042.6994031648835,225.88199470736868,-2.4847479057397193,235.79330361949178,164.32793802086883,198.95153660946735,191.77047137678412,179.95012985314503,154.71172517719867,163.1372863926749,182.0714548676517,180.18213439331095,143.1618123797495,134.19249816226682,164.19636807408347,176.86945269942652,321.3447322321925,13.705829685453452
71,2317.7301138380567,434.66290754228436,0.5541134481177491,0.22756439476356513,-0.24942658296563097,49,0.0,0.03363719049189204,4.145317276529914,-1.543894441059438,2317.7301138380567,434.66290754228436,1932.2456866828743,0.0,0.0,225.99170711879484,-2.483964671727456,118.92186942111967,124.48141986387165,127.6674375981444,149.09190495771554,127.87455174751952,130.6397886757955,144.20935487394658,146.7863289941879,146.86549078072085,108.84618686068029,138.09810974534687,132.1567170365276,163.29124005131024,152.694585924786,20.620700151201753
72,1084.398081040665,435.9212198787783,0.45037800270321393,-0.44265366030749825,-0.32944115202090163,49,0.0,0.011185806930224772,1.2457404800483238,-0.23856894244081137,1084.398081040665,435.9212198787783,1266.8203500029683,0.0,0.0,226.50605650354203,-2.483456718004913,80.61696003941276,86.47022952272025,88.19857524999316,80.20251726871588,97.96028582012687,87.00220464194629,96.46338578069582,101.47167700012055,97.28786567100661,63.52101450225024,89.95806101086491,89.9209930383746,95.68368100868236,95.30033204883946,16.762567399218703
73,1162.978118442524,437.48021746054803,0.4044167060718827,-0.6143189033234465,-0.05266076882055559,49,0.0,0.009045037518391833,1.2098658814469843,-0.20684307418816691,1162.978118442524,437.48021746054803,1166.1566951480766,0.0,0.0,226.4732855387837,-2.482812109113266,84.86080088121594,77.69895635059649,65.60928807724119,109.6399743835661,83.21828471493785,74.79301542568925,71.72380387755877,74.12757531811008,84.3721182304933,79.44430453469519,84.25334016474211,82.47109463057569,88.11856597542541,89.97895151194498,15.846621071284108
74,2437.5453188965284,441.6812287630751,0.782793001574072,-0.3776982201726906,0.21258947362612127,49,0.0,0.01441885302926497,1.1964474700068939,-0.1947340892020027,2437.5453188965284,441.6812287630751,1355.164125569419,0.0,575.6238943817659,225.94174118272338,-2.481028396282915,86.86029373761004,96.09150423343974,106.72642321505991,109.02711452874576,93.96988964198663,88.21811695702843,93.68730477129708,106.2204954485407,107.83758935406814,95.73439440319595,82.63628505349334,86.92101295540817,104.3507212260797,77.22654114969984,19.656438893765362
75,2319.1072239397454,446.1024193968716,0.7486529268240982,-0.030610547515784372,-0.17329548129427955,49,0.0,0.013658272684095113,1.1948496412682164,-0.19328314380455464,2319.1072239397454,446.1024193968716,1397.1835192337312,0.0,0.0,225.9911336896657,-2.4791984828998714,81.00615427125489,108.86306198989203,90.69379964682295,98.30575183151521,94.38443948364136,86.34782035474893,127.5223882472788,99.98802470774484,104.10994153151236,71.77153842407543,98.90472995090698,104.76541310152521,101.20808964507259,107.15614773126319,22.156218316476206
76,1881.7888842535756,450.5198191862308,0.7762529087340531,-0.237444420967578,0.18993349790147418,49,0.0,0.028975103481327296,3.0448571152909145,-1.2089172937385957,1881.7888842535756,450.5198191862308,1416.761320427538,0.0,0.0,226.1735115204071,-2.477386714254449,103.60247672558258,85.32240195983078,107.84269672103548,101.85214324147069,99.96855631877868,91.78321867739498,107.14152185453862,99.76150270982677,114.32105042736015,65.08720148139827,106.58208692188687,102.88639644264069,100.12571902536124,106.459160383847,24.02518753658513
77,2047.5733337543172,456.1250344153748,0.4698656029091602,0.041283425213982455,-0.30922301370981325,49,0.0,0.011976387332396336,1.5995253478945752,-0.509977816995165,2047.5733337543172,456.1250344153748,1332.945292025323,0.0,0.0,226.10437322086395,-2.475043468294292,79.51509314425225,92.74661746206269,91.18180812904978,102.7817268986914,88.14512393995787,84.2586687756906,116.52657841852425,98.54127717789612,107.70459521019681,76.85745248349637,98.01487662203188,97.61655204452211,94.03616003626698,86.31918715976195,18.699574522921715
78,2269.0668453811545,458.3066027538817,0.4576944599925411,0.08743411091502067,0.4193632001184592,49,0.0,0.013645991091386785,1.1408571805214385,-0.14307820045468536,2269.0668453811545,458.3066027538817,1842.1340438336142,0.0,0.0,226.0120029782691,-2.474118374212158,148.1417337845509,122.25943714148974,136.73403226881564,136.10042469421072,131.03843613032555,130.51991761585492,132.09975763789544,136.75530219116067,123.77857065847803,86.06415989908534,138.15137976954009,124.17718564740032,145.5895218678726,128.3971253791743,22.327059147760068
79,2366.9397345703615,461.29423799260843,0.49639026476817194,0.6916221607602536,-0.14717347038837247,49,0.0,0.011170893815993106,1.028484077769896,-0.03049393164175874,2366.9397345703615,461.29423799260843,1402.9873997059647,0.0,0.0,225.9711873222668,-2.472864438013988,98.26500923834855,95.97463804596742,101.05254781770985,116.08645396274615,86.66714848843966,97.4093213582008,120.695745153909,113.40904419094105,84.7756583739097,75.7158550823158,93.78260257693918,96.92985920483292,107.93208044384284,97.07163257113368,17.219803196727984
80,1705.1056837213368,464.4593863162976,0.6064854643069422,0.22986283025954998,-0.11671148858512816,49,0.0,0.03797610193215273,4.699774668101568,-1.680192590187156,1705.1056837213368,464.4593863162976,1772.6229633179814,0.0,0.0,226.24719581389675,-2.4715834331351947,115.89586452842859,125.3966138808474,107.85851413769285,153.81838889668677,136.48074783859764,118.187358778613,125.2295832840717,137.75199838065728,137.0462463534675,100.84113846214159,112.73935903531645,109.97685812927458,125.6541852784988,145.43672730867556,20.30937902501168
81,1498.3752110826968,465.0471233075717,0.6873154203808539,-0.40878911017316905,0.07352334954097725,49,0.0,0.0215149585706722,2.098710663787576,-0.804881423061699,1498.3752110826968,465.0471233075717,1476.1987236270174,0.0,0.0,226.33341075182614,-2.4713385930318563,87.43440418251748,97.33220686732597,102.26015103396469,118.69242087660777,104.4692709778972,109.05409317032996,105.94183444008988,102.01673915617778,114.47028602880007,85.19759776356524,110.4448094905036,100.19350368056584,105.58001292496385,108.34857491772792,24.76281811598001
82,1806.409367083604,464.9823502409206,0.3482790949935148,0.01115542182355725,-0.0389715792616335,49,0.0,0.007047783577524241,1.0089295011790693,-0.009652052563103466,1806.409367083604,464.9823502409206,1126.5340745502049,0.0,0.0,226.20494815176892,-2.47136348965543,77.69617860360353,64.59535462179502,70.25481284012926,85.45540725149749,90.47816363740802,81.7510496076271,93.86114541131371,88.33614397748644,78.64078958993528,44.939832792493085,83.13981688889436,86.60801402890823,75.99370597921538,91.92969106275046,12.853968257147528
83,2421.126283488653,469.0588500393323,0.32403809199547967,0.5932007806017258,-0.02200346735732111,49,0.0,0.012894398419309236,1.0790895647043195,-0.08264373182443435,2421.126283488653,469.0588500393323,1931.244306822883,0.0,43.98961818902262,225.94859075223985,-2.4696238349984334,135.99019331336314,135.94713416701478,126.92122789218828,139.15686499665634,165.76877771541012,121.43620271225252,147.58446739881322,148.82324136720456,136.4722054768855,114.52910373034867,141.5177502889249,111.90946337913996,137.3654331187123,140.32777924067005,27.49446202529854
84,1039.927691941862,474.79697050851235,0.2888374377600139,-0.5207843363986795,-0.43996223156828546,49,0.0,0.012716217134608805,2.0218015936328624,-0.7643463363246388,1039.927691941862,474.79697050851235,1322.3906964427817,0.0,0.0,226.52459999552306,-2.467256600769844,82.79148493887533,96.99755420576138,74.13686164196058,107.2648239707737,95.87624533248345,103.0589960204036,87.45491301007269,113.73600535698769,99.33402411541674,55.205708032039865,91.98834274900872,93.22303049926163,110.99198700929972,94.11914824439273,16.211571316044022
85,723.2966776469838,476.2133142217392,0.6082080707345096,0.48581673538231435,-0.05125683214418263,49,0.0,0.01933059270408876,1.9567020502914299,-0.7288117501879057,723.2966776469838,476.2133142217392,1492.4224763338677,7.6892167652351135,1288.4444472337827,226.65664377102837,-2.4666367934017863,140.62397591509918,117.96827635589364,108.69208012315863,130.76386460565473,124.14711390401588,107.33597306836437,87.54836294112525,121.7335053808034,116.9004106248347,76.485421745336,73.363534411138,80.74635299021239,107.03947524973401,93.48120070444585,5.592928314051611
86,2543.4792240849674,477.67294674057587,0.38633680747863725,-0.2190009517789936,-0.3475220437301155,49,0.0,0.020138021710342402,2.7207950207529135,-1.086739560339531,2543.4792240849674,477.67294674057587,1652.3893485473072,0.0,1499.4010912763986,225.89756765666917,-2.4660208552607545,99.23712057904433,96.90553104667592,122.16718528782722,119.91786131021433,116.76823643370486,129.9723440717571,137.20145973337085,144.03580257771245,131.62319903155395,87.06118279635959,100.0064442292774,117.24622777306101,122.27758610031464,110.15913181557514,17.810035760858387
87,1669.6959335931,483.21294427090726,0.8601313934403186,-0.3138048163010652,-0.21020684120680513,49,0.0,0.018580584333915538,1.6691621975593869,-0.5562463511085446,1669.6959335931,483.21294427090726,1286.8046029073469,0.0,0.0,226.26196324188217,-2.4637703786124776,91.89131448820862,92.49755233283238,92.95065716720113,100.33773145544653,90.07539315127534,83.61372399295834,91.88332489845683,86.96248384584331,110.49230085591304,82.58457204896479,76.63070644583371,80.50896525023255,83.99502814928391,105.27478604924713,17.106062775649363
88,2472.3172669389196,485.54654534993097,0.6080908761541326,0.29819201466571404,-0.13810714159049053,49,0.0,0.0449011488171921,5.144638913421509,-1.7783872458939984,2472.3172669389196,485.54654534993097,2250.0093711656873,0.0,460.1417360212231,225.92724440008806,-2.4627488978700818,142.51583505541402,135.13133619876095,167.32463969572242,152.09182954855564,166.963606375025,164.8307857309162,172.71522859123013,180.3274401308371,161.97504842712283,136.98368490133774,129.37530757397738,164.88806108511875,168.24192138269666,171.64825922431515,34.996387244657384
89,2196.381886473446,488.6457884830933,0.5801829175123095,-0.10110113154487002,-0.033772576132859625,49,0.0,0.015112546395982546,1.6809477148913285,-0.5638855127965872,2196.381886473446,488.6457884830933,1289.639041922804,0.0,0.0,226.0423168613665,-2.4614840306819583,88.45528785017608,90.6838325077297,86.55083758135845,90.53135643514116,88.58786295213426,90.25516858692886,73.64334403987206,87.99911432263937,102.41627879691438,86.63016539894181,103.48750068571154,93.88076227874595,93.01725201671155,97.77432215063679,15.725956319162059
90,741.1313539041771,490.6858222019456,0.9896570283432223,0.18487284343933147,-0.4853568237808883,49,0.0,0.017215976001902444,1.331712002014281,-0.311025784571489,741.1313539041771,490.6858222019456,1464.3161560971846,0.0,1358.41659551132,226.64920499328522,-2.460609118631297,109.1816039986821,98.11646530313465,109.3801352608042,108.07228709736657,110.15550437142993,95.43964333693057,109.8291960027421,105.70821509672362,122.04082689339393,76.19255933699131,86.0964953795289,94.54103711462285,116.47724281347175,98.12846946651192,24.956474624850326
91,1018.7688555924112,492.05708511798383,0.5025706930807939,0.7218455068372611,0.09438597380266699,49,0.0,0.00978892671807509,1.081388257357404,-0.0849541233066827,1018.7688555924112,492.05708511798383,1221.0101457679918,0.0,0.0,226.53342284685021,-2.4600638476567753,87.70809280841686,58.16091609246838,89.41775718331441,83.14785555814561,86.85854940598688,103.20219036890143,97.75151714301546,78.44910049237967,92.9331363912146,50.856322916800565,81.28818822426581,89.28820849126907,110.45946368338983,91.98235502173716,19.50649198668602
92,1433.5123969364156,492.5235292964921,0.4952166955968178,-0.11825121426796793,-0.19928581600220674,49,0.0,0.356582907602157,55.27523607264882,-4.356326515161243,1433.5123969364156,492.5235292964921,9468.532819535623,0.0,0.0,226.36046065014887,-2.4598897194732006,673.5007709785859,612.3956452496246,678.2669567840035,663.922835677733,692.5154436062544,638.4997670565092,713.5879954517625,662.7422926569329,680.2730921037738,568.9553361840158,676.9007173293191,681.1918820663846,716.8299933239891,672.3203015453282,136.6297895214045
93,2402.6388732141086,492.77111027644116,0.4311018359667958,0.25345432114183014,0.13995510299789443,49,0.0,0.021886756933233498,2.7003236356153573,-1.0785395444149357,2402.6388732141086,492.77111027644116,1962.4718867941774,0.0,0.0,225.95630248458534,-2.4597465099135927,157.92465157287543,136.4618176700681,149.5232980248836,150.6597765692003,130.88685860842585,134.26094215471593,146.35417388633948,153.61742375266317,139.1973283766824,83.47151151782887,121.79340192057089,130.56544893609035,156.30312839355827,140.66539367180204,30.786731738472756
94,851.6182857212458,496.61888383129565,0.714302863012572,0.2970367297160169,-0.5047955686051366,49,0.0,0.017473652272734293,1.7171475999873367,-0.5870190679910576,851.6182857212458,496.61888383129565,1388.4248698339707,0.0,1.3866234261591077,226.60312889555823,-2.458148773837463,81.58894576609521,89.62897146174689,110.20771426738415,103.68726529483564,96.63106174455065,112.20778879163478,73.96339494284456,92.20220532957512,106.82241884044569,84.30669022619615,91.37468255233271,105.2511003520936,107.7071166024583,113.42259814860972,19.42291551316735
95,1912.536475472912,496.94011116333644,0.236414802648713,0.4166008147651656,0.46433475626922377,49,0.0,0.009457438507267693,1.2723343857724172,-0.2615031611642987,1912.536475472912,496.94011116333644,1348.2134952307463,0.0,0.0,226.1606900800474,-2.458045078802836,99.86640212915415,85.54447533223957,92.94602415065017,92.00658741713266,94.99787024546227,79.96359042451157,110.79683130021282,99.99100058128639,93.07357735028181,78.75239144220188,88.50944364005986,108.9759118351756,105.73819104776236,95.83343086585091,21.21776746876426
96,1506.4510202376475,508.0676373010853,0.38706760449802624,0.23234100309557043,-0.09416226692338674,49,0.0,0.009949229295675925,1.2511246435353751,-0.24325144630204165,1506.4510202376475,508.0676373010853,1215.7360503933116,0.0,0.0,226.33004238705624,-2.4534146630309017,89.61874875850373,81.98606525684326,81.71754778779338,89.9062494303742,89.83023181194716,77.10867992118297,81.80590787627699,78.75938183656805,86.00575426482655,82.15701096261981,93.6728328563289,77.57528738173188,98.07459970890349,82.83356428701151,24.684188252399796
97,1565.6191876231176,508.69507189305915,0.633016808410102,0.46873708182163576,-0.29605700339005214,49,0.0,0.01463445004779518,1.279447661521925,-0.2675563121599484,1565.6191876231176,508.69507189305915,1527.8747147756058,0.0,0.0,226.30536714701609,-2.453153743616749,97.06811950675404,99.88599739385583,134.0846718961704,109.30882112252078,106.83396929223431,98.67518494840655,101.16647847037174,101.7255458164621,100.85717640305128,93.07967805202412,107.52555125749868,94.43091780762127,128.25668127453724,115.78621942492308,39.189702109174064
98,749.3155202577831,517.1190579189329,0.6671078821720101,0.2159081598232182,-0.6212049480867237,49,0.0,0.02109389266359466,2.0367507941792953,-0.7723447358120692,749.3155202577831,517.1190579189329,1682.6691401890394,0.0,921.1259013000127,226.6457896388666,-2.4495970933857474,106.27576922147067,99.48158660864482,120.00656524952876,104.4085874824583,127.16762577174691,113.50828238543608,147.26969656419953,131.6367271328799,111.3224773481133,92.00514775675046,108.49349063959106,134.42215070623112,131.64880496564456,128.4685484861907,26.553679870153232
99,1732.095057786607,519.1970780235431,0.6211126116803668,0.07714655378686326,-0.1426310579446667,49,0.0,0.17254526823225572,24.445380996712565,-3.470492026016454,1732.095057786607,519.1970780235431,3956.4567159619123,0.0,0.0,226.23594092510595,-2.44877713795283,270.8941439965056,244.23506261016834,332.58971456413803,245.07233209496985,253.91720107358586,289.1899317665575,290.79041189825364,299.11985000914177,301.4731524764337,231.59299081540092,284.1411818110965,290.0538059964243,285.19958402866007,290.21347323880707,47.97387958176898
100,1244.7446881534324,522.2331476135338,0.5631313110125379,0.1310696649311997,-0.10631789832492458,49,0.0,0.0408400484607538,5.6211342241152,-1.8745598892671214,1244.7446881534324,522.2331476135338,1835.7653458647092,0.0,0.0,226.43918243563604,-2.4475051135789547,142.59707707586202,127.01126679105423,116.9109433159547,126.3837090817011,131.11645682176922,135.4226013643622,143.22791491736712,116.3671507749392,124.7913148298768,125.68606705597499,119.50958590866873,134.631509852852,125.56626407213429,142.89624024732703,23.64724375486545
101,646.6533735115244,523.1353583997535,0.27191710875433045,-0.47445093841418085,-0.7514220519835193,49,0.0,0.006792875045246525,1.2753522968429287,-0.2640754216129326,646.6533735115244,523.1353583997535,1016.2098983109362,12.024259237388858,594.1647723982778,226.68860087337237,-2.447078507532428,66.25505295480988,75.79582707667389,65.97812573794404,91.59085739900813,61.507807973755206,47.57566806812903,159.38342062465102,46.44494967669837,80.10432722641713,43.164822857426174,58.773205894936346,44.292749944866905,106.81162688140756,59.60605068108285,8.925405313129623
102,2700.8406154670674,523.2786857859547,0.5223975170323962,0.27948395847003926,0.5807302623796399,49,0.0,0.016260522972882243,1.8831151329003923,-0.6871921835450561,2700.8406154670674,523.2786857859547,1480.4219762369116,0.0,889.8707313119427,225.8319507650821,-2.446999311910266,88.53634049894315,82.79839768298179,69.4117671620687,118.46840874143149,88.49577254818215,81.55226255528366,57.87292104216602,243.38782780548325,56.70472795930098,85.62662771032068,132.78889083463173,234.85557939747446,66.09563159554877,73.82682070309497,0.0
103,2458.416897962535,524.5232812006303,0.6136518833736598,-0.22166033369994126,-0.45463985734442547,49,0.0,0.026510088788895176,3.0109131542737244,-1.1967455726380627,2458.416897962535,524.5232812006303,1624.9925260938162,0.0,0.0,225.9330446940146,-2.4465115049473583,119.67123448198919,107.57244585825376,115.16056727146467,103.74797053450425,99.36964498786197,135.12204254136557,113.35890743227435,104.68278515218694,121.59575445409597,91.23459209327538,105.39923352195255,121.9360730370157,151.64135344749508,119.15167440458342,15.348246875497352
104,1507.8971666848884,525.9513766546114,0.599711686185934,-0.2714499905167186,-0.009498877120341444,49,0.0,0.021440457374595573,2.7954073856201984,-1.1161127706582732,1507.8971666848884,525.9513766546114,1302.587419947748,0.0,0.0,226.3294391172217,-2.445963586786457,89.90230542385915,87.47436170930371,94.28884458544528,101.35352222335412,80.58618822384076,89.07258137439177,91.03201569851939,93.68314219811026,97.31155995378583,74.6638866987772,93.7516371000344,92.5180623351909,97.63682550972035,92.28040664740813,27.032080266006773
105,1146.9128641606637,526.7983987407639,0.5329177128405773,-0.03987401516547931,-0.22069411091658442,49,0.0,0.04583381657045932,6.622097658442187,-2.0524889528982544,1146.9128641606637,526.7983987407639,2050.235141713809,0.0,0.0,226.47998108629176,-2.4455979253288516,134.5390329090136,116.95191727424739,127.97438213101331,147.4774614855422,138.34251569761335,151.51649405076267,151.3519428384136,156.57502604574086,180.65496647609285,115.04989467682492,157.06411421175136,164.241862002046,144.70688916750657,132.28051807372356,31.50812467351693
106,1796.4768833095977,528.8072693741709,0.6166801289502813,-0.04823123968383228,-0.07837892159957358,49,0.0,0.06907576996679435,9.421633828337923,-2.4353155534536617,1796.4768833095977,528.8072693741709,2277.5958744514733,0.0,0.0,226.20909171334773,-2.444771774677936,146.6171524162928,143.0226469465261,153.50401711863398,176.16796688384662,161.01134936437936,180.2713592609699,168.0783681368543,166.99787041751603,184.50388901346906,116.95769664020557,161.8678493013842,149.76372872977814,171.34757103578485,170.84793567854587,26.63647350728663
107,834.3043350112342,529.6706256709587,0.5805223910984253,-0.193022042822314,-0.20518561535837426,49,0.0,0.01754301248018169,1.9459276750739356,-0.7228167366704972,834.3043350112342,529.6706256709587,1473.6319756923306,0.0,0.0,226.61034655386732,-2.4443765839020055,119.8503834944128,98.2892566349814,79.70186408893811,94.04753533957356,94.43169555637687,100.6070105199353,116.16121480586818,115.32598955923663,108.20826350967297,97.85929594235401,97.392457223911,110.78234175315244,108.08260752973639,111.97072606957704,20.9213336646038
108,2305.8332449977984,529.8545085785127,0.5495907223053431,0.024222324402109776,-0.3535929333732348,49,0.0,0.04739666836485053,6.314588397133327,-2.0008626181549194,2305.8332449977984,529.8545085785127,2097.5095254325097,0.0,0.0,225.9966756047501,-2.4443057634799876,151.69947902187522,141.44681129750685,150.82871064022547,143.552440224806,163.74601540093454,135.643116765637,155.34507245272272,150.40860618356126,160.5026567083102,119.60676289460196,146.1226339022589,166.0568494883977,116.82641288517306,177.16148768735115,18.562469879148015
109,653.6569569578447,538.0714692307281,0.6567515766680253,0.24128754814461642,-0.5348545384285092,49,0.0,0.021241928971848168,2.2265126953796113,-0.8690629394581245,653.6569569578447,538.0714692307281,1564.776818216599,43.774101692682315,1275.3088024820527,226.68567878255837,-2.440856514206452,126.06451336310195,108.73457989420211,93.91412581172597,125.85549012649943,109.37323114525276,97.00258734018794,113.00046827966155,111.7966090914486,107.23368717047671,106.02870333685645,94.12764946955258,110.78575741413036,114.9530360955583,115.08933274510076,30.817046932843358
110,788.1248645909559,537.9690847463495,0.47221548561026233,-0.5356662585497808,-0.472063421712301,49,0.0,0.017141768795240903,1.8337892796585153,-0.6583735737830747,788.1248645909559,537.9690847463495,1569.5614810565128,0.0,22.784960132424626,226.62960359102772,-2.440914446891604,101.77337756476786,115.6071100592968,123.6255687675424,123.52221678376742,110.58813798916478,106.22456079999307,111.08097490633659,109.23857856628725,118.94041958168017,99.81340651212537,103.75382075123723,116.16540181309739,104.15980375753897,111.95944178664028,13.108661417037391
111,690.6220390384982,539.9136178468775,0.523616655117506,0.19091394522939353,-0.4921233482482286,49,0.0,0.16798024612198514,22.29304370154282,-3.3704234184575013,690.6220390384982,539.9136178468775,6269.500986298798,0.0,5574.7271321830285,226.67026366420154,-2.4400934468455913,435.6792427371064,426.92357464526515,447.5970694688258,475.71004214126475,456.19423739018646,420.2992880368377,479.2961571778105,418.17984577319436,439.23742778311316,400.2478123959806,418.09028264452985,419.4853174245965,467.013274329408,472.25048640543946,93.29692794523912
112,1753.3976891045975,540.0722127776602,0.20429745082101186,-0.4005058075114773,-0.5290507638397657,49,0.0,0.008597465815716975,1.4931016853781154,-0.4352234642134339,1753.3976891045975,540.0722127776602,1201.8370057843463,0.0,0.0,226.22705733784196,-2.4400793053639678,79.73051598600804,82.96743423658097,80.90612449878134,91.59939133451333,85.6808703769218,77.8132112126168,75.22512675841583,81.67698317418376,96.72759755326506,88.33062591523074,77.0513925418177,87.89291696810017,95.63375951489888,80.64591433583762,19.95514137717406
113,1109.8212419635643,543.076041991659,0.6869510590727802,0.02151052205030492,0.09451827893582179,49,0.0,0.023271542075389697,2.6088758463185577,-1.0411335299259843,1109.8212419635643,543.076041991659,1396.5635442141815,0.0,0.0,226.4954485186715,-2.4388137582861353,101.65638749266822,89.25696221542773,97.0392982076061,102.17551484606281,106.2909902570734,99.96446142001824,113.48297360893142,80.50742828584009,101.94106911348747,87.46293432205617,94.6850249518171,96.73107661806911,98.49159854629815,112.1020880885927,14.775736240232874
114,1229.36907125942,543.2419857423866,0.8401523916497861,-0.47593678719348154,-0.19784957019894817,49,0.0,0.01285845563220723,1.1111822695967566,-0.11446325758495836,1229.36907125942,543.2419857423866,1232.3463816779722,0.0,0.0,226.4455937250269,-2.438751267027792,77.41117578663724,67.90212243709408,81.99612038586865,94.12011806746384,84.51570234214333,95.47925663106446,85.30962552244114,94.19367418433025,99.55448783932432,66.16867189949102,80.58652303872307,94.55073793191673,95.89166965361576,93.45478072356306,21.21171523429508
115,1477.1100102603655,544.3728780141367,0.6564486444610852,0.13602638217320026,-0.02185141931220997,49,0.0,0.036797477336765035,3.823011058687227,-1.456013885722363,1477.1100102603655,544.3728780141367,2077.428995659755,0.0,0.0,226.34227815653648,-2.438287994673199,162.2990920168551,136.57441267112443,148.18292264411167,154.81100906927568,135.83723710699013,161.26103793701623,134.40850672779166,153.18220485827675,141.89584227234764,130.9009054105929,142.625270692718,145.33042915066827,171.10617848563692,138.7098650254289,20.304081590920198
116,2001.5300875308897,544.8398166170947,0.20893032237654358,0.04926479884584406,0.10920077658878725,49,0.0,0.01120560298296889,2.1829377050377063,-0.8476033558275904,2001.5300875308897,544.8398166170947,1231.239893952587,0.0,0.0,226.12357873812667,-2.4380840566916486,81.81153815249093,88.78194590526132,93.66301257505555,90.06705382399488,80.10150806531801,90.33866918555732,80.95689631520969,90.91954212915238,77.68302600926698,72.62836480643408,94.3348814876062,83.60498337684382,85.12780384122456,110.05252723270789,11.168141046463312
117,2413.683416574426,549.7134887734366,0.5536518366990041,-0.02753519950602976,-0.26787247005069664,49,0.0,0.03786562463703763,4.631961658230586,-1.6644123894885396,2413.683416574426,549.7134887734366,3585.7518471956964,0.0,0.0,225.95170155680563,-2.436021234953114,222.79498939124238,222.1072341197292,270.7538770790192,267.4156855173755,235.721054662158,283.83639218605924,253.2257021287503,279.6185251296714,265.10968210650265,184.07252034523003,245.2596375338013,253.71694724032233,280.7091523816106,267.03468139220143,54.375765982022926
118,879.8264897128516,550.745135619803,0.4072103127746926,-0.33198617458188134,-0.41721071120632763,49,0.0,0.027405568307962994,4.044348235411938,-1.5171213577811884,879.8264897128516,550.745135619803,1845.3233808056232,0.0,0.0,226.59136123869678,-2.4356005580084767,145.85137996561036,114.60359759491514,113.04443435626501,148.30783494462236,127.17605477295928,128.0102004790145,138.86370901849486,147.16417172581419,145.87091441167095,92.70422573124479,114.99950778599751,108.96931090013746,157.16921557721852,138.26939877426716,24.319424767391236
119,2420.3217326370814,553.935720226929,0.43603863611089205,0.019199677537015198,-0.2673346404262829,49,0.0,0.0960772304014161,14.81666667140062,-2.92687627681332,2420.3217326370814,553.935720226929,4246.740083864744,0.0,0.0,225.94893363479608,-2.4342614068215886,266.2574735662251,259.1940367233341,277.63901297537944,313.57206305346324,279.6980369401283,320.0268889453802,321.3634683092165,343.6111829319659,307.99935353014143,236.68219050209822,301.588409131307,298.4171875553883,333.4447798357003,333.06739366362876,54.17860620138667
120,728.1517780622289,555.5048898865485,0.47902541283950684,0.14772483632366043,-0.3892043380634526,49,0.0,0.28740446460372243,41.024344874530854,-4.0326041361258715,728.1517780622289,555.5048898865485,10178.031600795683,0.0,3173.6851360340625,226.65461176527745,-2.433601912961886,670.7039734458615,657.5870857084024,735.8111385000851,739.8675487914159,787.6266085268302,716.9107127782761,771.7861281758323,763.2006359047646,749.497147868412,585.2917673818624,662.5684180255303,712.8642359105127,725.826512437006,765.3773990947559,133.1122882461377
121,1123.853499245443,555.8544082639162,0.5537076825473464,0.1793049415302519,-0.011179351190120096,49,0.0,0.014276019355293674,1.6764393793417394,-0.5609696345054954,1123.853499245443,555.8544082639162,1329.2767849239915,0.0,0.0,226.48959604502312,-2.4334906578759354,89.36441334703446,86.17098773406695,81.81022783338055,105.63225319324766,87.31388756834988,99.8287644386883,109.76654204858716,91.65671313558948,92.31847418441167,74.76389484306011,100.95512378160018,80.96925609375506,104.66220677228432,107.17488297256781,16.889156977367918
122,1689.7542776865446,557.176215860075,0.6290439923008407,0.0653030743439985,-0.07530830785407383,49,0.0,0.2036738192811773,28.387938156011206,-3.6328346260852746,1689.7542776865446,557.176215860075,4643.334496513027,0.0,0.0,226.25359884322066,-2.4329540508226897,305.4225129627332,293.36015186428034,278.0001523989041,330.80773777588377,346.8365691583155,308.4122000298072,364.40890453442256,349.6195383923238,319.43927738344064,281.97219905476567,341.91241812836154,346.69416737495203,385.19984322996913,339.48298233909276,51.76584188577589
123,597.0931073348751,557.7217988851672,0.2855142802103652,0.5378060617754878,-0.5578846720641255,49,0.0,0.007511230661291596,1.3168724169800436,-0.2988592527318123,597.0931073348751,557.7217988851672,1039.5264588823616,0.0,676.2748567726646,226.70926447739774,-2.4326624513762534,86.71663685468118,75.40237895496134,68.40430963717009,69.71356360512374,55.81197896854252,137.67129664801558,44.98775516868868,71.61766667984067,111.05832951189066,62.57477422885041,51.317337387939915,67.39267071437416,49.93157599802936,85.5327707428662,1.3934137813869534
124,804.3365254317513,561.8286017292071,0.5504285210018377,0.07008194489105529,-0.38970739779232766,49,0.0,0.024871599553060567,2.819901806015406,-1.1255849641954365,804.3365254317513,561.8286017292071,1820.4504812124462,0.0,0.0,226.6228410207117,-2.4309754125585346,132.51076818778643,128.97825491637818,122.92454946941632,118.58467565401546,156.81805517742208,129.38389522525,132.45464326178956,122.13793205977967,136.32597812113283,103.89770892345146,104.02630466221972,135.39773379876806,125.81413297007259,148.22475386432927,22.971094920634805
125,1090.2564735556975,561.7573274539877,0.4901745006771294,-0.29300780390613257,-0.20640384020384048,49,0.0,0.030906972442442077,3.3402417516711176,-1.3094447505747664,1090.2564735556975,561.7573274539877,2139.080136494528,0.0,0.0,226.5036065377282,-2.431029131625466,150.1943709359086,120.86259243392334,148.20980656701732,160.14426969832408,176.29720959877164,152.97767023036454,171.70438018086747,150.7801700996494,158.65262431225472,101.25347473274822,141.83935127864595,165.9615806636316,157.9990103755598,149.11272051938857,33.09090486747242
126,1216.0496438178639,562.9748124020647,0.2675911959355848,0.34455286983388056,-0.18070512144063366,49,0.0,0.008276917952931267,1.1828413263120336,-0.18231622393461355,1216.0496438178639,562.9748124020647,1172.2434941687243,0.0,0.0,226.4511475084745,-2.430529115747579,79.1303266205365,78.35020297248215,104.71113287214803,76.83300825702271,82.896160919614,71.57061495401355,72.4097639848652,100.35137147999302,77.96769800423618,82.67855975189204,83.06675232999187,68.45649365685111,86.36487565029277,86.11040612248121,21.34612659230401
127,1908.8243708210362,573.267610047845,0.6666751726905494,0.2235732140934442,-0.36249112133008765,49,0.0,0.017619014432271228,2.0397901490971058,-0.7739637252105557,1908.8243708210362,573.267610047845,1210.1167482766457,0.0,0.0,226.16224064785368,-2.4262440938360075,67.00299125257128,78.86017024408005,99.45890756586859,90.43773297200657,74.0216617096678,71.46780052432707,82.86980978427496,95.35054076990471,86.65993553733131,68.14464168317252,97.69403034197805,93.69642551855108,92.3110441763208,92.65896027541442,19.482095921176608
128,1926.6748305945684,573.2449338219883,0.5081597549857814,-0.42956193529334585,-0.6552965869174925,49,0.0,0.008713082493246952,1.017064571244692,-0.018371315554274587,1926.6748305945684,573.2449338219883,1051.0604720652552,0.0,0.0,226.15479652933004,-2.426252814682958,74.82296156694593,69.81758693462416,83.7262595169026,68.09875686892006,67.78120475682917,71.36867571788329,91.74159428754344,78.28383051430055,62.48922056460414,48.7115734992541,76.38932743454447,72.97961481719463,87.5588873116872,80.60782904943463,16.683149224586835
129,2425.007424057331,572.8442417396036,0.23257486199139718,-0.23784024823556899,-0.44008683423480577,49,0.0,0.021693572237003137,3.3463175493814243,-1.311417877579376,2425.007424057331,572.8442417396036,2063.4072681363823,0.0,0.0,225.94698127649514,-2.4263829499067615,146.0494259806193,119.30360453462885,148.38940345270873,152.13694544108213,149.1531983908022,150.80950735153618,171.48094305286583,142.7813821214235,139.1612208909707,107.91681745488742,126.4389914849354,147.47268646984242,189.50166581656856,136.23229799838012,36.57917769513112
130,928.2253161894517,574.4810245028547,0.5436215444994404,0.1269696078216716,-0.3892714419463307,49,0.0,0.018244948404450186,2.0976030694862753,-0.8043082746569472,928.2253161894517,574.4810245028547,1444.622529225164,0.0,0.0,226.57117624442265,-2.4257156301658185,95.21908414380388,78.26441152694011,128.98804387921996,105.64737625831884,106.3004860998359,98.05617364765601,102.35991136653553,110.27162007843286,94.35879157739754,93.19427773886036,90.19664816923998,86.961042702718,119.44036407746532,120.95202980155281,14.412268157186816
131,1757.7047785366087,576.8566358860132,0.3468532430148579,-0.37553833186093444,-0.2962235849703177,49,0.0,0.019524167471917448,2.9518018692711894,-1.175218008580442,1757.7047785366087,576.8566358860132,1576.819260392283,0.0,0.0,226.22526175630824,-2.424753266381135,115.16785588762716,81.97798221924367,106.35273261964504,120.1719911958083,105.669105969595,110.34866852067037,123.70610461667152,115.77715572993478,106.05361929758433,93.08569171283528,114.59968375859398,129.8099164162525,122.20623581986189,116.54655514513672,15.345961482822457
132,2003.534998173689,577.0057057845397,0.36947638330634947,0.6250316759277603,-0.17918373023748807,49,0.0,0.009446487873742658,1.275393814862829,-0.2641107662653484,2003.534998173689,577.0057057845397,1129.2414756561266,0.0,0.0,226.12274400568916,-2.42468232253338,79.46184147716338,75.99442485147765,74.89517610941311,74.6299893395342,77.78724411079077,70.10726373869761,83.95544438893111,83.97388748132168,99.15978412281912,43.67033039677014,94.69099768813982,86.85029185623728,84.03080444073112,83.34005518051703,16.693940473582387
133,2512.9179269359656,576.7484776302468,0.5241814314610577,0.4491692795237129,-0.19312032120188177,49,0.0,0.016921915080272146,2.0469331364210714,-0.777759141392905,2512.9179269359656,576.7484776302468,1336.834641690158,0.0,0.0,225.91032189610036,-2.4247465096204235,101.23874149245461,75.1440125765817,98.05362221751886,102.20073903912385,79.2400350140988,93.78472216453238,88.0246554561945,95.7002442241238,97.17920182745206,57.06484965543805,107.64381761591402,119.08238382248405,111.55159565523164,87.9875365138987,22.938484415110903
134,597.8781665146856,581.9845357769693,0.5300281581371591,-0.2177303969153439,0.21131442585998514,49,0.0,0.009390173788974563,1.1380323844359568,-0.1403865518561591,597.8781665146856,581.9845357769693,1258.3331946212352,0.0,809.2702532792764,226.70893452663995,-2.4225539159244462,120.405453087334,77.20899246429862,116.01597532670877,87.08106862522561,59.69125912888774,93.79532258083049,98.28663234681643,128.87284226554547,68.64135783588236,48.78303880516857,49.94906072872678,103.48559124519116,107.80295230120903,75.977868131579,22.33577974783124
135,1342.4502932743155,587.001130960731,0.4501259434769486,0.4872646027208772,0.4540864038818515,49,0.0,0.01056564013333223,1.1438575707976164,-0.1459298774284429,1342.4502932743155,587.001130960731,1282.0543373122673,0.0,0.0,226.39843428382554,-2.4205239463812624,106.80935295311448,88.5144078138031,84.68359369161915,89.52663442030399,79.66016095459241,87.50823932604948,80.20383441638039,80.41166815972512,103.9883464065789,78.73610896156755,107.1532069020162,81.02086337743549,97.4732581220232,102.11478567886303,14.249876128194696
136,2454.5803621614805,586.4406997574227,0.3159580151775772,0.18058568618532608,-0.18391999855957947,49,0.0,0.049264907332536384,8.028549168221556,-2.2615926785256395,2454.5803621614805,586.4406997574227,2831.6603641301353,0.0,0.0,225.93465019485615,-2.420714994132092,205.9186095572984,186.50264491580663,170.57269020572153,207.24738234400897,224.47097515948536,199.98092396281214,211.44584101995898,206.9341540513592,208.70417156976333,166.06530148793058,206.8957954251678,208.4848193113953,207.44977445629726,194.60470692139944,26.38257374173019
137,1665.084490674441,586.5657028899975,0.38103303172184216,-0.287866987379915,-0.4127044446313482,49,0.0,0.019301721310434828,2.393007475348132,-0.9473601381940334,1665.084490674441,586.5657028899975,1629.3576868120595,0.0,0.0,226.2638870967971,-2.4207093620967552,113.86590836239466,107.58934959002607,112.1721031968147,108.25935199900462,105.86633830502717,137.07497612169928,104.00752407500133,135.49506126595747,108.43647388324925,110.53967592671162,106.83448970741719,114.56109220060674,122.0056513473194,125.64810047406084,17.001590356769118
138,2804.115869406699,586.8360197683735,0.6175916133907522,-0.33975224473923166,0.3660171153004115,49,0.0,0.010137000042979703,1.6049183650072925,-0.5136323667299044,2804.115869406699,586.8360197683735,590.0253668897599,0.0,37.37575890745295,225.78889257987888,-2.4205042326994413,33.76255609232931,10.6965343574604,0.3636128961086956,44.61052627992901,5.8450960363874644,26.717806091632376,44.740179298985765,47.260656096162165,31.75487170254513,122.26324343839777,3.736176908648442,18.378941662308872,53.99738712045788,145.8977789084067,0.0
139,2724.483332401797,590.156589289446,0.38664523439034865,-0.1915192179950576,-0.5702211158014419,49,0.0,0.010681437936135423,1.049510026991044,-0.052466480440588964,2724.483332401797,590.156589289446,1353.5734226813624,0.0,1189.8480783234456,225.82209954550495,-2.419132652196905,104.8207608532299,100.68902624403847,91.58053133205017,95.08985886793164,105.2023976997756,108.1593015274544,100.69323249047456,97.20464763305661,101.1869951636846,80.36851977972087,87.53451285722748,99.66796690747898,96.9429553570015,78.38466995811012,6.0480460101274405
140,2467.550518147066,592.216419093545,0.5128663702476727,0.15462096376897042,-0.2750581370033002,49,0.0,0.04400360424590906,5.901977264213263,-1.927493830409962,2467.550518147066,592.216419093545,2190.2594693613787,0.0,0.0,225.92924202537813,-2.4183071927931885,153.34173321277916,131.21678687797208,150.4347768496595,171.37122758018677,164.4293454910599,163.95496420702574,151.41550107004446,155.07095438991684,160.404923860055,112.64914588654865,149.1839560001491,155.3726300221473,204.9604337815506,133.34735638532158,33.10573374696195
141,1114.265800521547,596.8038367078797,0.5983950303488673,0.06775650805289743,-0.08977366302825002,49,0.0,0.028728079369084704,3.811478844644219,-1.452733783976411,1114.265800521547,596.8038367078797,1458.9392860356888,0.0,0.0,226.4935922536198,-2.4164288550007944,113.13820074432597,84.02316935478007,106.58766398394977,116.8716168709922,94.25787130202949,93.9736066401744,116.6079166445545,109.87881617289293,102.47547305446678,99.1568796308257,102.34381423853603,99.02703591055129,90.88348905557157,108.9906273653423,20.723105066695787
142,1834.189301663796,600.0802959714323,0.9611294577959618,0.08757968153715692,-0.24121190845692647,49,0.0,0.02360939521721062,2.0588194805918256,-0.784045672251999,1834.189301663796,600.0802959714323,1380.4665416899475,0.0,0.0,226.1933661692723,-2.415075361511648,105.8650802897302,96.29490745297231,97.49514119485957,99.54625122327185,109.70967089992648,79.22254401283728,115.73845079259372,107.06045488057828,84.22238821609166,81.10845634694469,82.94329721426918,97.51164778981021,91.57410620078743,109.51331492567382,22.660830249600636
143,1463.4737719535456,601.3788758679768,0.44715486002668514,-0.07389095161180134,-0.12695474805194557,49,0.0,0.014624337500276698,2.069469997618356,-0.7896478363693177,1463.4737719535456,601.3788758679768,1225.3906557398086,0.0,0.0,226.3479640717203,-2.4145366050680384,75.24425096821476,78.26858130301673,79.58768171385836,85.71589563174223,99.00138024511733,86.15702330348832,96.34163420316693,93.69368895945453,100.74994754483215,77.65282507322466,91.49130217528545,73.55080198553412,80.97481181872422,88.44960788428176,18.511222929867028
144,2792.9863164939993,601.6825632227038,0.9305210406938791,-0.7106884064173606,0.09048849771674267,49,0.0,0.011819144160721355,1.2944841804945029,-0.2802418685496223,2792.9863164939993,601.6825632227038,556.8188038832956,69.15724738557525,266.6221702182154,225.7935354297608,-2.4143204446284883,25.735398756325893,31.579346403777855,12.971293721284104,12.358848539857298,67.99664073677397,34.27463594286578,89.58520769306794,23.278908781163665,138.6665147968603,15.509600979563327,23.814526103200436,8.151451458026326,49.54098837599937,23.355441594529335,0.0
145,2805.0040471782722,602.9502713813945,0.8952773011313089,0.5860148061604545,0.8187258568080491,49,0.0,0.017655227149369655,1.996569479591049,-0.7507110700448504,2805.0040471782722,602.9502713813945,579.2279108839425,14.49857908546122,162.78436833203153,225.7885242679385,-2.4137904411422486,78.49013394756612,33.995071880353585,130.85406068780333,74.2168939308575,52.282144262090476,15.707107377443116,43.12892963353346,33.9676273329464,38.45530666565121,12.642068905142825,14.149617404557493,6.20038218847712,26.698243569486085,18.440323098033765,0.0
146,1411.8395239403442,604.0150254782113,0.49328671463623225,0.3382221971420282,-0.020342112439280646,49,0.0,0.01622375020979252,2.135734074968682,-0.8238679418611612,1411.8395239403442,604.0150254782113,1250.8601299245797,0.0,0.0,226.36949680814152,-2.413437194007378,88.45312090801497,94.28743798275028,91.67914329263522,85.52093723858461,92.48540484380436,78.88447640703122,88.97626749545341,86.03009140754719,110.81056609374332,64.70746269557601,80.11199801769654,81.07563694292946,95.71209711948683,93.54969180267915,18.575797676647145
147,2438.7752502363687,604.7407055973802,0.5404991485247423,0.23969827991345372,-0.0930266881486338,49,0.0,0.055552869955137155,7.113209489271088,-2.130163997948311,2438.7752502363687,604.7407055973802,2472.138509396216,0.0,0.0,225.94124273464902,-2.4130922537191632,160.50124408751557,159.8384555258077,187.05895010858862,165.01950596596225,160.3377823123143,165.6100598923559,187.47957796475148,184.3408394045839,189.68258562139528,160.9427115143321,157.7624191303924,190.14207312029345,187.17463663459466,174.40632643984424,41.8413416734838
148,2630.0810939556804,606.9378630832182,0.44804792063692006,0.017008565630413322,-0.4852570198283844,49,0.0,0.01215904240997677,1.557912283787945,-0.4813575041063129,2630.0810939556804,606.9378630832182,1337.8582066021092,0.0,482.17073421101395,225.86146724653855,-2.4121540332095717,93.86978964574092,90.92569636275151,104.25260711221378,98.91201081594377,86.59145997359907,78.94993103433355,103.23787724226514,94.69759312894766,88.13370752695648,75.76868081693655,79.10986173729938,93.90998250947126,123.28073879079638,105.92556860742853,20.292701297425225
149,1163.227911780465,608.6705796630205,0.35570414724930793,0.3734665207649816,0.1725303502006722,49,0.0,0.009016924834574506,1.117240020576932,-0.12036621034995108,1163.227911780465,608.6705796630205,1195.3751881694157,0.0,0.0,226.473173442289,-2.411487554824453,74.10391202660706,80.16557631880414,77.60623530901248,78.54846233225527,89.40439310802547,82.88399752853707,96.00417458606928,91.24843255426018,78.54587997003229,66.06671135945868,85.06339986887988,85.41642781747589,107.41028756034063,85.71707826152112,17.19021956813628
150,2482.6436172727563,610.6723243627691,0.5697974663319605,-0.22469877491904341,-0.07204336487726627,49,0.0,0.013901897871288359,1.6906662110189794,-0.5701446827707262,2482.6436172727563,610.6723243627691,1248.4149126675088,0.0,0.0,225.9229497753641,-2.410616107500822,79.37749987675898,86.9795591815749,100.36856983912281,86.49221675277377,88.09765293460595,74.34118665263071,87.44569667635852,79.35346653738588,80.69368304523155,75.39467689303828,94.66775927467174,105.78417774136284,97.15075062375072,94.69555884908644,17.572457789155543
151,1352.5232037233059,611.015779881232,0.54931557727814,0.01686166570470757,-0.23326527315969015,49,0.0,0.39875575375745004,62.150236193476935,-4.483606958644029,1352.5232037233059,611.015779881232,8517.489440341633,0.0,0.0,226.39423298776924,-2.410518716118559,593.4628778539523,533.577323371502,586.5852111219372,628.7340220680197,600.7236117884554,607.3388460786282,582.6173656651616,607.6982738500496,662.1405811448159,475.657575922147,620.0556949242308,611.1914866595388,653.1214372978038,645.3779914524137,109.20714114297536
152,1700.7982053591236,610.6210756015946,0.8361055464437664,0.15496718355320846,-0.01654064592687329,49,0.0,0.014017633533217031,1.2677420907657682,-0.25757727434143945,1700.7982053591236,610.6210756015946,1160.1664910794277,0.0,0.0,226.24899375703717,-2.410686447764139,87.32243133111126,80.21014009592714,65.54680114031605,80.21764159570553,87.6353040671213,78.86825027359927,77.85499105797348,83.27720307873864,91.60239798601532,63.185188765662275,82.7881822437225,92.5890008033671,100.08791277264262,71.51763392469718,17.463411942828092
153,1624.451591122075,614.8177773964302,0.5583709658372067,-0.0997699686218874,-0.13705466097457739,49,0.0,0.03430412843969736,4.6491368798730655,-1.6684308321701509,1624.451591122075,614.8177773964302,1653.7942478705418,0.0,0.0,226.28083220238253,-2.4089385172777207,124.7461027868057,108.50471695313162,146.49600781523537,129.10375871558847,88.31729220848975,104.003452827205,150.2987082040652,121.47756742996246,115.69472707796044,84.61017455429601,112.99894322299987,120.06341169162386,124.01360900929679,107.00620115268401,16.459574221197272
154,1312.2119679078442,616.6820535469009,0.8107416835804017,0.13642459955570302,-0.14810426439851176,49,0.0,0.018299077930466957,1.8628604913415179,-0.6754508300624049,1312.2119679078442,616.6820535469009,1278.957197119837,29.155057266505874,0.0,226.4110435396504,-2.408156516855308,84.44665541741287,87.52733803520827,97.71567226278216,95.05239073450417,91.3934631558673,82.41222061149124,91.18129406784182,95.09219881703046,80.59663552789058,82.24721383065845,86.18159165353171,98.75933787333018,86.41533245143317,100.13715304161343,19.79869963924118
155,1093.1135731586157,618.7301320216418,0.5032122698830408,0.23687089727139726,-0.1080507895025425,49,0.0,0.04149922921749234,6.11238364882552,-1.9655265131905537,1093.1135731586157,618.7301320216418,1947.6601766186168,0.0,0.0,226.5024119980529,-2.407292093393975,115.4982042451324,130.72402279385778,154.8285393820167,142.44514791715972,142.65746227284114,131.19754602589728,145.4840380787869,149.40382352776047,141.39396104353173,120.78669505019226,142.80311254844435,128.9591885557674,136.4514677464182,137.98657478444548,27.040392646364737
156,1705.3813116964977,619.6375556652558,0.2938987019324588,-0.30368389958943853,-0.3165073078044249,49,0.0,0.010989450204707625,1.4766153604960817,-0.4231684546492557,1705.3813116964977,619.6375556652558,1290.6681775390484,0.0,0.0,226.24708258855475,-2.4069297150924047,85.70718307355489,80.17571120629393,87.77416807359828,85.57800543588907,92.8796388210213,86.25000741744836,98.45623790440612,86.34369692660698,102.2584722776295,79.4779644199518,97.81669712146876,92.61438959751563,102.76336416433452,86.71819185991848,25.854449239410886
157,2026.7314730848027,620.9110322594835,0.5261145830812126,-0.02472145025439528,-0.1038551882280502,49,0.0,0.01972432122973349,2.909659271836583,-1.1596053375635154,2026.7314730848027,620.9110322594835,1250.2280212342935,0.0,0.0,226.1130724834038,-2.406388261067614,93.86711099225533,79.82995911897156,79.63983588856655,95.50239651264748,88.19674172313688,88.02641995112631,89.38228958348253,115.80953594022239,95.07391804906767,62.72301721089062,63.96779000512382,87.05829855028728,86.77971514589356,99.33880652296318,25.03218603965813
158,530.4310051969856,622.9789127698818,0.28059034995435284,-0.2914416828711254,-0.3651840831624106,49,0.0,0.005959972788713921,1.3157910658991743,-0.2979673331285549,530.4310051969856,622.9789127698818,713.4198907872275,0.0,348.400073200745,226.73705563595655,-2.405465383547649,83.9244755098799,60.149111030000896,36.41245492693729,43.61444754700061,126.27856448730095,22.65464777384615,67.36504110432334,53.82651374526007,29.59111584340948,38.00701912600565,31.85820013523872,27.601281950710636,29.529548975827307,61.46532485842742,1.1421437730590576
159,1315.2810323105045,624.7867803154145,0.5238253031955602,-0.1542607538329041,-0.23105649243757215,49,0.0,0.021334489142309034,3.0353111272989888,-1.2055080350222296,1315.2810323105045,624.7867803154145,1292.6917043150634,70.35347750757256,0.0,226.4097634261496,-2.404779838210011,101.40735138707788,77.30819064397373,94.36989825608578,92.42542447520239,82.28351566172122,86.4680260033328,94.43881673968842,110.17000587383438,87.59968127376449,65.5374460527899,97.04140274485195,82.94628371822168,102.43459785763284,101.12506594315812,17.1359976837277
160,2208.6342455559907,625.3222675908038,0.7767396436216598,0.183853861103525,-0.1695013370750876,49,0.0,0.014469642334196056,1.31114247558168,-0.29412471739627066,2208.6342455559907,625.3222675908038,1256.7517237151114,0.0,0.0,226.0372160590451,-2.4045383785541357,102.34896339074263,70.2906510343868,81.27313571656987,93.32200579687402,82.84328802692211,65.5094302195883,97.28500213135409,100.29693668332044,107.63208122858671,90.11968311089612,72.50880253613435,101.54760239237919,81.30155858638909,94.08049276506515,16.392090095902383
161,559.5738249750414,628.3129977069399,0.5525767472861854,-0.04890618138539222,-0.4134345556468165,49,0.0,0.011829699959457504,1.4744607741460873,-0.42158305819359554,559.5738249750414,628.3129977069399,1309.9653365407748,0.0,864.7352702167761,226.72490252113533,-2.403246938565481,85.54377349490875,83.58468046552643,85.33067892227263,92.23021091307477,111.85362607572182,111.39626775110796,117.65694058119038,93.77980214288701,114.2753877264699,59.5106167448986,52.28378348571934,69.17913511320711,112.50925640540387,109.19270954859923,11.638467169787116
162,814.1691055440253,635.0002877927163,0.5471212307673576,-0.19966366731476248,-0.3519783660270779,49,0.0,0.011592767230314287,1.210644045752152,-0.207541176004635,814.1691055440253,635.0002877927163,1294.940159625382,0.0,0.0,226.618734585403,-2.400490329480845,106.90654008126322,88.25254815682322,97.16522118748895,87.85280437761361,83.0566362893529,88.16951572289663,70.69279772542973,97.92316423103463,110.24804155359729,59.19482288156995,87.00486789255956,93.91249833485165,99.80541461542238,98.94244080131816,25.812845774160053
163,2631.8656158098615,637.0905061054239,0.26700486364786596,0.19048427584817168,-0.06541209296304673,49,0.0,0.025979103778472408,5.074158638667895,-1.763410102238467,2631.8656158098615,637.0905061054239,1898.393136391251,0.0,150.77299570917884,225.86072638876047,-2.399591187158103,138.63975053982577,125.8401025293584,142.47942741080578,139.5052349061607,128.57720608156046,125.06491366549662,136.60659617558872,141.02035760152552,133.68405241559728,130.18715406680735,133.49870926659386,123.03005679200444,145.85498893992866,126.22725178911014,28.177334210887103
164,1405.935182152901,638.5443277255471,0.7042651859402779,0.22456521844643815,0.27327527125781664,49,0.0,0.01538356006553039,1.5924659659708007,-0.5051753985168627,1405.935182152901,638.5443277255471,1214.2100782765178,0.0,0.0,226.37195835421477,-2.3990505842910466,80.78974578046024,76.30824089720664,79.81586935058223,86.54693591868855,84.2732630166947,86.26485944317892,96.11821972910599,110.11983856134208,104.26056885525583,60.287742852813544,85.84532499976564,76.9910747690775,85.34440760276887,83.08546571999685,18.15852077958015
165,2170.5861400731,638.9100137660434,0.8570206173392205,0.23148353780870293,-0.44447829554004736,49,0.0,0.016160812898903466,1.3862433800047569,-0.35459871298002205,2170.5861400731,638.9100137660434,1248.3313823571789,0.0,0.0,226.05308353665882,-2.3988799989220975,82.11851578128669,99.64194372193364,88.0968648722192,92.1453545172611,90.01101192598249,88.30729692733973,84.30405660546253,78.42829654315196,94.1020094616602,74.03876633160526,84.11423288303621,98.31548163810342,96.7857956710624,82.89720888481695,15.024546592257169
166,1572.466330298569,639.976001202501,0.4927594190831313,0.09352654595960919,-0.25650602731648026,49,0.0,0.03165728974084986,4.9343676226745234,-1.7330787559484484,1572.466330298569,639.976001202501,1540.4138496337337,0.0,0.0,226.30251125453424,-2.398456435672581,102.81926187024672,110.58467057391533,110.9355575474435,118.97713964216516,95.61717207331776,95.0511001704613,129.93193457722873,119.2892625103016,124.51937135243027,93.33555010887437,116.6730398387271,86.2608677959472,104.70306476690479,108.02951206912687,23.686344736642678
167,1380.410724261309,642.2983272768116,0.49944477938863097,0.220041114428514,-0.4503717403463228,49,0.0,0.009930247881557372,1.1460236433947188,-0.14798394392558878,1380.410724261309,642.2983272768116,1215.8721962432026,0.0,0.0,226.38260250252924,-2.3974858242989106,88.49742335666696,84.24142111492088,89.17088943659957,85.26094302548016,99.95787398828793,78.02703848154125,94.9885579796591,83.32862398390003,74.58351459795759,72.24485104892622,88.00708799490805,89.20397283952255,84.84353032775122,82.90315413526756,20.613313931813387
168,2209.686453172166,648.1611257105588,0.831576992618553,0.20132241683008936,-0.2778395494814559,49,0.0,0.01617716035971723,1.565837469549185,-0.4868667031471766,2209.686453172166,648.1611257105588,1089.961721808216,0.0,0.0,226.03677874495943,-2.3950226671145636,69.2925403004853,64.85016061093793,78.94577879603422,70.5809808216963,73.50206529717966,66.87021965142392,78.76708843877927,91.03495334589444,72.15727813820908,71.79601842917603,73.39560239323826,85.2160950612809,80.86038614954188,98.9577031047584,13.734851269580378
169,1816.4718062902837,652.9409332960087,0.8272679209172417,-0.41498792551928143,-0.3477938641658076,49,0.0,0.021194101490067566,2.1878153852086237,-0.8500266801591049,1816.4718062902837,652.9409332960087,1340.9360073901917,0.0,0.0,226.20075601491484,-2.3930517374110463,98.54177533637628,78.04054358695765,95.18936717655279,103.36296646550636,86.93376097844953,84.19287536807076,101.71392755518099,97.6864124736706,112.20470881807348,70.9820078699587,112.74025011500038,94.30209681482839,92.70034670309398,97.04978755026221,15.295180578209404
170,903.4293404960523,654.2771750138133,0.47467612026768463,0.4183684831800932,-0.8390452187407558,49,0.0,0.009970769489562518,1.093449882848316,-0.09699720597136073,903.4293404960523,654.2771750138133,1196.0009261450507,0.0,0.0,226.58151073576533,-2.392467193458801,84.6483791434986,79.31355632283294,99.4244990367963,94.31209634300791,86.14475754066729,58.37180827953745,87.32607157246751,85.08500736850138,97.70703218247439,73.58428301192649,84.47907743929503,89.45680443264823,79.74120463238378,77.10424297219572,19.302105866817605
171,1659.0034131951227,655.3654331213514,0.7607914757409628,-0.023796875591667682,-0.21364983914250157,49,0.0,0.055661361488140805,6.6103857980092755,-2.050567016738743,1659.0034131951227,655.3654331213514,1832.0370764886256,0.0,0.0,226.26642349872174,-2.3920443135043965,126.31837646887719,118.16160858019258,128.93642247759345,126.99003176061328,139.01509650585632,114.79529565098503,136.61331385988106,138.8739461420088,134.59165866816838,112.15259937143206,107.3219502205217,142.94865853622957,141.7971634935991,134.03353796362205,29.487416789045138
172,1824.1198633011327,656.6234950151699,0.4647139781822456,0.24449747013442255,0.05657579527469119,49,0.0,0.01502958130129342,2.0302357057520672,-0.7688661536069642,1824.1198633011327,656.6234950151699,1412.849112228463,0.0,0.0,226.19756671399037,-2.3915171984426955,100.77018841374996,75.27936592130504,109.15519875932256,91.88530363183715,103.86848211683261,88.71204265762336,112.70929707436984,104.38696539213146,125.11812678597369,77.11524950479526,103.51154405166861,93.60483784319516,113.53717372230344,99.93074896859517,13.264587384759478
173,1660.7677763701306,658.062408524819,0.7778178047945349,0.6986349783595076,-0.14735203888720277,49,0.0,0.012586882211329174,1.1049170527012466,-0.10832419074000293,1660.7677763701306,658.062408524819,1874.387416753968,0.0,0.0,226.26568774097407,-2.390920613532008,134.7105372958319,129.59144305708608,130.18444596846916,128.79101875220246,134.88768179407242,123.8269838102154,127.21457492358087,142.64827583375416,139.85795080774713,116.53721140108809,109.2229077013799,139.45768949727437,139.42657052793464,142.58123113576278,35.448894247568525
174,1508.7759744008597,660.7882045448156,0.4158670499879163,0.1464558066956484,-0.15773570138930712,49,0.0,0.030226187668247483,4.948265527771293,-1.7361324904039255,1508.7759744008597,660.7882045448156,1620.8160188508994,0.0,0.0,226.32907131579344,-2.389784616203938,125.84651157421503,114.65830711700866,86.23520954616032,118.20955866392848,111.72854391084684,104.2262854872055,145.716260075791,122.3131101037437,109.37949665542199,114.43576382585866,112.80847648074355,104.99119630986637,112.18036288481974,114.71182635306467,23.37510986222487
175,1017.2857167659532,663.8777419995326,0.5480584104366617,0.08130009389278743,-0.20990125831736234,49,0.0,0.23646264665091984,35.68762644038145,-3.8812941607182534,1017.2857167659532,663.8777419995326,5837.0324203588625,0.0,0.0,226.5340307544486,-2.388476407187753,355.8962736602193,383.19189068320196,409.8256542475964,402.55164520658445,421.83032051640436,393.8864312768514,444.07559070720583,436.00555609011815,467.7649385881502,321.81232010463134,408.3682634958398,446.77368995808433,451.58075320197287,424.193135316669,69.27595730533316
176,1834.2240816063556,666.3382876447245,0.6973507399216855,0.07742974592190704,-0.07878705306134606,49,0.0,0.09547907799925895,12.421070115854722,-2.735397533359547,1834.2240816063556,666.3382876447245,2404.568246562256,0.0,0.0,226.1933533041568,-2.387469270400727,164.27838110565654,164.6351447543351,160.75009594531923,154.25267203174263,182.73238981774278,168.67827043760042,196.389772099985,149.81506446012918,173.32016261871343,124.18426683134138,162.8629388364032,171.86220162101506,206.41880206840273,192.7494283000124,31.63865563385743
177,2031.132744924143,666.1890360346493,0.6225715824856851,-0.6142149460269417,-0.7846855567397271,49,0.0,0.012750384808767631,1.3280142314515895,-0.30800682276030117,2031.132744924143,666.1890360346493,1199.5542234449533,0.0,0.0,226.11123912951484,-2.3875231924639304,84.33659514427544,87.24287421324254,89.03964564263809,70.47639048716479,83.69584438979575,108.91368328942447,72.67446225827157,83.52633467229555,98.27117218839538,58.43508241209284,88.57546985758441,90.33241745560491,81.24520622413819,87.55634648368621,15.232698726343102
178,2319.109006474301,666.4664810899138,0.25808197687849677,0.3592757704664719,-0.31796330027651254,49,0.0,0.012970711049956889,2.4755255091532447,-0.9841685147392608,2319.109006474301,666.4664810899138,1295.6022427445894,0.0,0.0,225.99114970625166,-2.3873866927912535,96.03378135346469,72.20514140252004,99.62149208277441,88.10938238882416,94.73812344330875,77.80331628985056,100.50353045340945,99.88618431399323,101.06332946793327,80.37856898901293,91.9067693568664,82.79057886511251,99.48850213197004,95.2018867508508,15.871655454698164
179,1359.2425738663214,666.5920591047789,0.6764446496781389,0.0992766747588674,-0.17130883519617254,49,0.0,0.01299697958221556,1.3024954309399062,-0.2869405212512341,1359.2425738663214,666.5920591047789,1177.5139030545847,0.0,0.0,226.39142943295462,-2.387363311319949,68.68559310150098,68.66811383341093,84.41426925991783,89.87823916882098,90.55424236701549,87.75746912122473,89.29324559742264,91.01386971703167,75.36331083097087,80.65228522589344,72.75070145814001,89.66600843050706,78.80344615899402,88.0564865491857,21.956622234548107
180,2578.508316805416,667.3627410065986,0.5012338828484384,-0.013753108426428174,-0.2989576954541821,49,0.0,1.3493604481329626,192.69192887150763,-5.7121588102507665,2578.508316805416,667.3627410065986,40107.41394182207,0.0,0.0,225.88297950676815,-2.3869854813533267,2675.0722845222813,2551.8021189761025,2897.7472872703765,2914.4691171768045,2879.5569846687013,2722.153553103095,3050.1288342818657,2993.289778518996,3038.596917569849,2296.7333975002794,2734.3930083923424,2964.659515552574,3007.3306365798226,2844.864686220344,536.6158214886268
181,1691.0728346457336,669.39810772583,0.5843692798659562,0.14040097738491192,-0.07175072940396483,49,0.0,0.11295031120862116,16.3636818702006,-3.034702569243881,1691.0728346457336,669.39810772583,3013.5371919648624,0.0,0.0,226.25305004062108,-2.3861973365908002,184.1102430961359,195.5239401853588,192.22512018300438,239.8178430528073,200.0462385182138,195.1596971981083,218.11580483261588,237.64878851868107,245.86727402682385,174.98818189232287,219.0162429186234,218.44487470529734,217.32001629140194,227.1154776094031,48.137448936064196
182,1880.6634690465364,670.5687385100974,0.5901074623976357,0.23282873645676178,0.24001815093800602,49,0.0,0.009567543189188935,1.0983490667985611,-0.10185096342771276,1880.6634690465364,670.5687385100974,1090.4496226902438,0.0,0.0,226.1739873887075,-2.3857051597942966,72.38437456335424,68.4604805970354,80.25015221615612,78.09755044372845,87.55603917179393,78.6369143310596,75.14869921356097,72.31118376775342,91.93139137526114,55.85054967429558,80.39392147569522,60.657762376547026,96.47071491488069,76.74244653195787,15.557442037164211
183,966.1419551870296,672.4431259715595,0.7279313641819654,0.1761368597803365,0.3277635234865502,49,0.0,0.012251596440726573,1.0905742306226796,-0.09413807862138018,966.1419551870296,672.4431259715595,1292.7476349707213,0.0,0.0,226.55535769613775,-2.384903764378004,86.19942404315773,81.79873947275068,90.50652198826063,95.30940478727261,68.04752414363342,98.90326947752935,78.66160577629913,104.94185847549471,104.14721547352656,78.72046324184777,87.9148410002388,101.07451061069375,108.31498390531115,91.44383858712698,16.763433987577855
184,1668.9057397756942,672.1003500750511,0.6684703438558693,0.10628465191598184,-0.14747196222865788,49,0.0,0.02902423563560165,3.5786208832841235,-1.3842892298959664,1668.9057397756942,672.1003500750511,1483.616790552122,0.0,0.0,226.26229415052916,-2.3850716763666955,115.24035399172254,95.92248327214273,89.96051836487123,104.48967176957787,103.29460459655627,104.69998951505364,105.46993258856256,101.38637344447466,117.12632615295979,73.66075900156096,106.3971165183087,110.47067268749902,116.79502883122478,122.12600194343301,16.576957874174198
185,2392.0347854047695,673.0322504409564,0.9741081592161712,-0.002897026255957949,-0.3984034237066135,49,0.0,0.03362029375172283,3.0666761486282748,-1.2166697885950888,2392.0347854047695,673.0322504409564,1463.4843312230087,0.0,0.0,225.96073973806446,-2.3846441705429813,91.63552910397696,87.82550121874829,101.61579418178789,119.07533014726278,107.02811966547881,88.3499473223815,105.16852428521378,134.8034426319049,112.94137166235467,87.72145144339086,105.59011053610652,106.09115719453382,100.83616163340784,102.8328563144311,11.969033882028786
186,2433.1115665498055,675.5102032215686,0.4129568224634141,-0.00020156863023926432,-0.44250192427424384,49,0.0,0.01640285066270845,2.3364017617941877,-0.9213688126329804,2433.1115665498055,675.5102032215686,1328.202303711341,0.0,0.0,225.94361078417145,-2.3836075471602283,90.6070542563172,90.87730772525504,101.31698309955877,91.77408795713609,90.40647315122172,91.67746215496007,100.92532325123523,108.63523418695723,102.46132488439021,82.21323149010539,92.23272146781315,98.30122367909314,82.34746556725003,92.06623106095438,12.360179779093432
187,1498.8904372234144,676.7504957441722,0.7636826564931888,-0.38105339318125414,0.08190178598326116,49,0.0,0.011619314122492905,1.0631600478586378,-0.06649662007995602,1498.8904372234144,676.7504957441722,1138.1183981989004,0.0,0.0,226.33319360513315,-2.383133847860998,86.38621419833595,84.13334205967563,68.74921469786935,58.46971147999177,89.58478944294161,75.93027572854892,104.00634361737843,73.07101457739313,79.4129639726998,65.31523708659934,78.1343472743649,76.18863969687429,91.35982094454445,86.43283468579564,20.943648735887237
188,2146.513770708904,676.8272367572256,0.4004256762547024,0.008947467504930355,-0.17700243883072211,49,0.0,0.01683716912055287,2.722912681440301,-1.0875842864414642,2146.513770708904,676.8272367572256,1285.204674032645,0.0,0.0,226.06312426838073,-2.3830837282933675,89.00768553265186,85.08044967862236,83.72391444415976,97.59082814389575,94.38969872242953,84.57662837260101,85.35512861956468,104.99305040294581,84.16506930443107,73.47408244495037,87.49616795864159,89.26888348007446,106.09341616818688,99.6196147902803,20.370055969209616
189,1896.4815127363433,680.2925617696941,0.787286204801275,0.08294068513952567,0.2096255972589157,49,0.0,0.013611687830151176,1.3269910718978952,-0.3071700022656069,1896.4815127363433,680.2925617696941,1156.6737742465293,0.0,0.0,226.16739130398682,-2.381653184300822,77.62442043410992,81.06612501545266,86.24815932649905,77.10005863856084,82.03206786400864,80.04462284145936,88.08343366938155,75.83723326439281,91.41389089238126,89.72253154550364,64.71916748343173,79.42424794875782,90.60378853672,76.1505303199188,16.60349646595128
190,484.2413754322301,683.2911942895365,0.21699026049179054,0.1843438575974929,-0.10437705674100312,49,0.0,0.003429149950171871,1.0008097283673671,-0.0008787956595793639,484.2413754322301,683.2911942895365,497.98304656772234,20.53755481808122,269.45073122601667,226.75630945870557,-2.380330861839225,26.52322301078744,45.0753738219068,23.02000134121971,36.47517918339777,21.783150777443588,39.35358346021205,43.39563198854487,57.94460549273725,52.62230837144816,20.360162388517093,21.51594949780064,13.41014979892211,37.43554875966598,33.56466159992934,25.503517075189507
191,1971.4380168734779,685.777057897383,0.35869090959158056,-0.15169146142848575,-0.21026548747990093,49,0.0,0.03897715647550673,7.270378446746974,-2.1538925447047355,1971.4380168734779,685.777057897383,1860.0884915557317,11.68325145161352,0.0,226.1361335254439,-2.3793649377658053,134.1569121243587,137.18745763241003,137.18041569085332,121.9827118177368,136.653488377796,126.72506404788977,154.02631360830372,144.5795423663635,137.99142744144703,101.56990001960162,116.69491889279234,129.78536233224878,114.81740942171433,141.02915361733176,25.708414164883987
192,2554.4961705313694,690.3510915860293,0.21330380331213003,-0.4111685416810321,-0.4094933895911996,49,0.0,0.013047931123390925,1.6499631334995337,-0.5436856012975068,2554.4961705313694,690.3510915860293,1696.6405979306842,0.0,0.0,225.89299485227065,-2.377410592536793,96.42068473753912,104.93169665609526,137.08835066334225,116.19142619431912,129.48861891005404,124.44894841277024,137.12093911719705,130.08222711279885,125.45157050666123,92.91109244416829,106.37899319170535,111.47706559885087,122.28707928148651,144.9486632870085,17.413241816687602
193,1229.6703533702887,692.2507858055558,0.7017118092559783,-0.01926065252155528,-0.14235758926004605,49,0.0,0.01601450449253972,1.6538967478418993,-0.5462709830500736,1229.6703533702887,692.2507858055558,1261.2532332473156,0.0,0.0,226.44546223345688,-2.3766676845274226,61.53481697702847,97.82462434085329,91.88121332228124,81.75088801619607,100.63038366890376,77.1508638320021,108.5340834023389,83.4326642318287,100.88860902702686,78.37875334738841,97.52013299088108,95.79337908912262,87.95900358579658,82.42650060236323,15.54731681330437
194,670.8278600083519,697.3165160996928,0.2547343002046189,0.5793681978174922,0.19303576239068435,49,0.0,0.008818524068563314,1.165943116625305,-0.16669340706443925,670.8278600083519,697.3165160996928,1348.6104460701567,0.0,0.0,226.67850262189143,-2.3745114066402686,104.787725022585,73.80967500248144,81.76520997212126,105.89264106035029,93.39438687717225,85.60540162743041,89.72466757281018,94.42071528989138,108.41872296336207,91.72460734121267,94.66169117178325,110.94455726756128,106.80771260673816,82.9189999917821,23.733732302874927
195,993.5864872518107,697.1972890411963,0.6656376991788281,-0.08377049000768301,-0.3000649318008991,49,0.0,0.026438332056805337,3.0943207418586987,-1.2264133212426582,993.5864872518107,697.1972890411963,1483.1509787332225,0.0,0.0,226.54391146503056,-2.374592237103804,97.03359459010747,91.33828928659271,101.37584102161283,113.79545078087264,119.7556641705837,106.609399286751,107.28957578347995,116.9650772332515,116.50070761286263,88.81556516349205,115.90278164868135,99.75899773112778,91.74177270895355,89.63344889918935,26.634812815664183
196,1341.598273002446,700.3392711813602,0.45203223682289057,-0.2018899280476465,-0.14633817018109135,49,0.0,0.02536160584068225,3.914961421779012,-1.481818717140049,1341.598273002446,700.3392711813602,1502.9782883522312,0.0,0.0,226.39878649282656,-2.3733020659119544,98.54713208552012,104.5528639218634,109.67691559120237,106.5432475908349,110.54330714534305,91.29032682319333,113.79682620826902,121.05043312807862,112.05723478489898,87.00847700683795,102.94176412994526,109.27495524740952,116.84224064691136,97.12378230721062,21.728781734712772
197,1484.2427601884524,701.69802035895,0.26853872365952874,0.4715545243623211,0.4156405052564828,49,0.0,0.01006934127517974,1.0360999129641886,-0.0385040930519529,1484.2427601884524,701.69802035895,11364.859182479207,0.0,0.0,226.33930163842055,-2.372739304967246,827.5275164907405,704.4010595940604,788.8843151004189,808.3749136129987,803.7770630932173,774.4975287879065,865.5725921996872,847.7361874572788,820.7871523391144,687.2149758174816,811.9366784107291,826.2394352294442,819.7625506810944,812.5034813240293,165.64373234100785
198,2409.316926359637,700.1385903337197,0.5294120519802259,0.16387773478413759,-0.39427916901264654,49,0.0,0.03042083214270174,3.9176193012838025,-1.482555576731806,2409.316926359637,700.1385903337197,1682.3077249381422,0.0,0.0,225.95353533313406,-2.373348811898078,125.39282600246202,123.75942077221066,107.03945579779193,121.2859357211373,126.91169745204346,116.26767505790914,117.77710481670411,126.10447450747102,138.739205918588,118.350801309854,80.62764833212964,126.17853122450732,112.89690053124531,112.6768544669383,28.299193027149833
199,1543.6004111484874,702.9051835861926,0.5610666457553313,0.2784438732876172,-0.22737740978569396,49,0.0,0.02124457613485347,2.730605776444921,-1.0906475115421834,1543.6004111484874,702.9051835861926,1408.451167743276,0.0,0.0,226.31454859283537,-2.37223698699735,124.62257388687951,86.358975030043,117.18209265122681,92.49894912478548,94.17996973360144,82.93784204184507,106.85743581327687,116.0080356160249,104.6730781688918,80.99493986868777,92.94897822401373,99.00102854901968,98.46987775890724,90.47534049380815,21.24205078226461
200,1954.740141162388,703.2625580908551,0.49812550141570827,-0.36097495836622495,-0.14478406960604812,49,0.0,0.02640217073052902,3.782355156871246,-1.4444057648867776,1954.740141162388,703.2625580908551,1486.7845355167385,0.0,0.0,226.1430974302298,-2.372080415385644,102.84390604421299,115.27570397520952,107.25735639747009,110.07569530158788,100.90897944777342,106.06413737093237,104.0570599106046,121.03861095427342,99.49343433328102,85.38923785863605,95.47445017745098,95.20746763389843,113.30369454326231,106.43600667575552,23.958794892389765
201,1785.1483644122206,704.4350575154969,0.7034151595262608,0.04129898463384541,0.12357648393704201,49,0.0,0.06017556027794947,7.245674094135779,-2.150196989612851,1785.1483644122206,704.4350575154969,2096.435611556262,0.0,0.0,226.21381950948805,-2.3715976305721136,153.244633087894,143.1104545638828,141.77210303972217,156.081022478178,169.05053696034437,143.2217162934241,149.86628744311656,143.76688687366305,151.97715809842674,118.04886193096237,156.3663361994311,141.99649965830565,144.4963783586052,152.27959288030212,31.157143690003558
202,1914.108127520415,703.6342955155956,0.5822153121635744,-0.020587566003030848,-0.10589198785365192,49,0.0,0.24147110845027214,36.3293728293641,-3.9006447512561913,1914.108127520415,703.6342955155956,5090.038120730638,0.0,0.0,226.1600415069259,-2.3719272347493017,321.20941539715534,340.3287098482158,327.0147388720751,343.0825330508619,391.5903966191148,382.09632222007315,432.48483908292934,377.1354949624572,379.8444326085388,308.15711334922264,351.33655722112746,368.74676774793545,363.3257900770957,325.8339127069151,77.8510969669205
203,1814.4643450316362,705.3622158681461,0.6806103698903073,0.51132489449601,-0.14190009145314533,49,0.0,0.011185934562628402,1.0714020628328043,-0.07488119552527656,1814.4643450316362,705.3622158681461,1181.289943025131,0.0,0.0,226.20159435233913,-2.3712105982379352,85.5457615373564,82.58443785460118,92.5771958926087,84.79650750252124,78.9887254620418,72.76316243737924,86.5261583556464,92.62247884016476,88.72613502385661,62.948370472461974,63.56618211824339,101.00938364058038,82.831780804688,91.85791582555461,13.945747257426225
204,1483.515132772932,706.9413354922751,0.6642465918562835,-0.01574602979003929,-0.2112712776297762,49,0.0,0.6237207619744911,84.74397264897834,-4.820272047766679,1483.515132772932,706.9413354922751,11719.819078145449,0.0,0.0,226.3396050050494,-2.3705546732560663,860.424598455339,731.9138657698663,804.9955654547464,825.1951276100951,835.7113150454386,799.4028538456811,890.2890339112435,874.635392409578,847.8306386525,701.3937280488901,833.2240461897745,853.28739882062,845.1248061630085,851.1127328687985,165.2779748998697
205,1111.1519487481876,708.0767046190294,0.3453048388305479,-0.08533176944072215,-0.2903578597413496,49,0.0,0.009825396745679928,1.2610322249635453,-0.2518154621603547,1111.1519487481876,708.0767046190294,1233.9461745637002,0.0,0.0,226.49488503286932,-2.3700674659883303,71.10425569501382,83.49549781267453,92.49006203063007,80.78515714007187,96.58753239147484,89.3371958477061,89.32916304936,86.77013604941699,111.34660515910966,72.457975596126,95.412485893761,98.5778729255741,81.61349357780938,69.9371628233366,14.701578571635139
206,1128.9757481703684,707.8873838872103,0.6513101767935012,-0.2916928801387694,-0.24767459377972642,49,0.0,0.018259876232809714,2.0784162044380485,-0.7943312993322362,1128.9757481703684,707.8873838872103,1286.3655773785722,0.0,0.0,226.48745234820555,-2.370147419713069,79.62687255894821,81.42723269831342,107.51810843985416,93.00947189519226,84.40378837465066,96.74354637119353,103.80638397321718,92.71352388064359,103.91936935293221,64.92773362802765,93.97079256990557,87.70992300650691,100.72545043523874,83.02229154985372,12.841088644094393
207,491.35903197198695,708.7556049690647,0.2755483223892965,0.5301878611457044,-0.1511470806227964,49,0.0,0.005816770031262191,1.0661337688520536,-0.06952924866241066,491.35903197198695,708.7556049690647,995.2795750985757,19.389672190135016,682.7752410207418,226.7533384789279,-2.3697224927131546,97.97096616225626,73.76835298909387,64.9909884188235,57.22265203435723,86.28186987983557,66.92561064224213,58.36589231063293,54.25665698127165,70.1008968625004,61.62201430391063,64.00129185774135,53.63092955751188,105.65934466117594,73.00323343634129,7.4788750008809695
208,1968.994721178577,711.2921929720816,0.6693789185246055,-0.004015116795603439,0.07355087895392605,49,0.0,0.013469365231460096,1.367517623250223,-0.3398323295264831,1968.994721178577,711.2921929720816,1255.1569432794033,7.018589830005199,0.0,226.13715340891895,-2.3687342408395002,107.88749592901003,72.63640630232865,100.85419863924074,91.11099270655697,91.69616131749294,83.22351260311393,103.5160042747872,87.24259675682251,90.90138532842943,66.67828432560046,67.50568820066498,93.07094553844996,99.2869888115426,80.3400335639669,19.206248981395973
209,1766.860935347426,711.507036035494,0.5154067604850526,0.35582689152886465,0.027223434812884046,49,0.0,0.020530314850644604,2.8616090020920444,-1.1415257333827125,1766.860935347426,711.507036035494,1418.8602986703545,0.0,0.0,226.2214457539368,-2.3686515019055716,91.53161278960366,107.90254700122578,105.15312270659379,92.95049437242449,112.2020024885845,103.77035552198797,101.80673686558147,131.28091752319762,92.56008427811628,67.92486031959938,80.90137313720547,96.28457453313794,111.5981287440913,100.13212220392441,22.861366185080506
210,2678.0600439136083,712.4601256289254,0.49961363398344094,0.23010605980387497,-0.38743441337754886,49,0.0,0.01978551220445495,2.499454699529745,-0.9946131748634077,2678.0600439136083,712.4601256289254,1500.2798447735395,0.0,0.0,225.84147201930952,-2.3681833838083883,108.7637342679457,96.74538885819535,92.27983395219394,117.49749288424746,104.37767074492763,87.10846175690058,110.47899284379666,108.47583782451548,109.92320531982335,88.64133161863742,112.62843604918902,116.9664534143013,125.55538400576745,101.01681469948684,19.82080653361131
211,2196.8959518784377,713.9778359560404,0.5938409240851239,-0.022378044121599862,-0.5962254368437325,49,0.0,0.017742487492522368,1.9614983676227298,-0.7314698776044477,2196.8959518784377,713.9778359560404,1286.0790472335614,0.0,0.0,226.04211670366342,-2.367601499587697,91.40803741045397,78.75848191270461,84.13645320374346,105.354289525533,85.96368426639016,88.57875206896196,111.11834169718583,86.85743205010746,95.82685580704262,59.783500024186765,104.25639332676042,97.70924299501195,91.00713185475232,88.21263755459746,17.107813536129377
212,2164.085475635317,715.4792394682987,0.8433927786820385,-0.0822246260822399,-0.18439315079115226,49,0.0,0.03237723358411529,3.445615961535876,-1.3431671764827269,2164.085475635317,715.4792394682987,1373.091121176094,0.0,0.0,226.05579897723942,-2.3669783299517713,83.83368994093335,88.18670277510572,101.07003364755593,97.19415682747557,94.11930079919276,86.58310648332682,98.14264638256489,87.41752665216787,95.4617953422967,61.05577569591611,106.42002099519456,111.26974928119097,132.04484496104888,108.7556434552516,21.536127936872422
213,760.633366992588,716.6961998998162,0.7533824637178607,0.31819961630408616,-0.3730574949200709,49,0.0,0.031229784275737277,3.3446644768063347,-1.3108813940636945,760.633366992588,716.6961998998162,1678.2858813673727,0.0,0.0,226.64105214173495,-2.36644701288148,109.28359282294275,111.08239427978202,105.34219010487494,131.92896247635866,133.32077808097665,124.44244683906629,128.83532520617752,117.61864739724031,132.67082764128287,78.11083793256098,120.5848526353978,110.94159779869499,147.23342451805956,105.6988704954414,21.191133138516008
214,1513.2965819614208,716.9924620001835,0.5647499941646092,0.109849940892105,-0.18119724950584087,49,0.0,0.03606079630970321,3.76085013433308,-1.438215069045926,1513.2965819614208,716.9924620001835,2302.7167487861007,0.0,0.0,226.32718561579927,-2.3663672609526407,156.84703271786128,135.71408282958112,162.23083916300533,144.425573987161,171.22540519031918,168.47087647633458,181.49943243724567,152.01415975511827,147.8659106656218,138.88963317168728,181.22026599313085,157.4592102010353,187.69128361535138,178.16190058914196,39.001141993505755
215,2493.3316293816542,717.594422065461,0.5220353081859109,0.05768569629890572,-0.3503315675069403,49,0.0,0.06237681170791809,8.797919277094314,-2.36094993227177,2493.3316293816542,717.594422065461,2512.597369817031,0.0,0.0,225.91850289671828,-2.366067031560655,190.45131923436344,156.72327970778122,188.56359346999807,182.89236140167696,162.74674801836198,184.36181173302157,187.8488783665362,192.37744116259935,169.6937897879045,141.47568503302722,166.6316389996905,191.2692227526182,200.01305150267592,167.8045839805892,29.74396466618662
216,1276.1039877462385,718.525684143981,0.5722791621360404,0.01734016234926727,-0.10530652103132473,49,0.0,0.08669946546480656,12.912565015856615,-2.777531303106546,1276.1039877462385,718.525684143981,2502.0977616655837,0.0,0.0,226.4260978732112,-2.3657223344386353,197.59580565908402,161.18978715897822,185.85626305115363,160.5934061079093,169.60761831523848,187.74398485318576,176.6046721435108,192.8383478351359,175.53769433032295,171.96436412879876,158.2533410244496,177.22583617187965,178.33686117061146,173.76661771056177,34.98316200476354
217,885.00987038355,719.4898019710105,0.4993913033806417,0.22544397141757808,-0.19167964130417167,49,0.0,0.10460378302036562,16.021683079119853,-3.0117703420390445,885.00987038355,719.4898019710105,3349.9070226128633,0.0,0.0,226.5891868881015,-2.365295186823508,212.47303800555852,200.10726810292732,262.0026723743891,241.6990737494137,230.10924833301775,238.1298472358916,248.72098808733165,236.8604431196758,226.5430903610806,187.23935003898566,252.61743538674727,247.17700111823848,239.3297202514347,274.74506505944726,52.15278138872388
218,2330.298435308329,719.9489133251135,0.5766138999543059,0.3598438817253662,-0.4836456376667293,49,0.0,0.019415419866825386,2.260140585889981,-0.8853386352327852,2330.298435308329,719.9489133251135,1297.0543114729167,0.0,0.0,225.98648776186207,-2.3651026069322683,86.47080933744652,89.3119031968821,110.65947732277371,108.80134792069845,88.2079072874787,77.39864347623231,94.11579876854492,73.33437442302528,95.82780115471158,72.69007806821458,99.79841874096331,97.16138242914857,101.28871640219928,81.25858052462205,20.729072419975257
219,2756.2134137721246,724.1388852895412,0.7374348596417274,0.36100964082351383,-0.2669437991681526,49,0.0,0.02377269455788716,2.3093005968571,-0.9087011695161927,2756.2134137721246,724.1388852895412,1626.3138161423465,0.0,915.0734174801577,225.80888453922182,-2.3633066715766815,113.0607779969593,99.47477016590761,100.57019127975718,127.74296883021404,100.81515950054143,91.30214837605001,147.72652718817636,133.30510923534501,111.5589017449402,109.62637266870655,117.79642002454673,121.3945688523904,107.71261271342496,125.21193648959809,19.015351075788473
220,1718.2953279298174,725.4057405550695,0.45696677975469985,-0.0017949469013597535,-0.413932552509131,49,0.0,0.014232404537149457,1.8617424892646715,-0.6747990261656654,1718.2953279298174,725.4057405550695,1250.1449946060484,0.0,0.0,226.24169845619176,-2.3628614802235344,88.89865387660164,92.09597398798081,76.34281043519852,100.6862040883106,95.9591084393929,84.89780628782631,85.72887896407536,89.63433253731728,90.48845425994895,70.9544794524231,101.64690103356968,84.31008465364489,88.17659938066069,83.24876243712643,17.075944771971294
221,718.8712970891631,726.5077286716912,0.6806660646433997,0.33748505581770577,-0.40763026343974934,49,0.0,0.08458172458671152,9.916642976264276,-2.4909116945916794,718.8712970891631,726.5077286716912,3045.3321602358083,0.0,0.0,226.65846589846393,-2.3623546261158825,216.78285435556634,191.42183099286063,190.71482324232431,247.08959484985164,209.73210307151362,205.10213300655738,237.89261182906182,234.5274893381133,244.3987090110652,157.68858159179982,216.1857409913835,223.24341871509472,203.4277649172423,220.14083800908756,46.983666314286495
222,2028.5392091147282,725.4448831718779,0.7144297254234329,-0.25626165933622924,-0.27681304988240857,49,0.0,0.013643537757174072,1.426649362345463,-0.3857931165454761,2028.5392091147282,725.4448831718779,1174.6872047952052,0.0,0.0,226.11232335711074,-2.3628345855798445,75.84193815080306,75.20965712381283,89.0124410491461,87.33726099116404,85.53126022423152,76.50236912237142,86.72351943742899,75.02580519045338,97.93706276425071,55.14605808853908,85.59407148697511,74.86031345654042,106.15906637940543,88.87748264363728,14.928898686445947
223,1893.4682147965198,726.7504012092246,0.35068466819514726,-0.5614339613069289,-0.42846293670537056,49,0.0,0.01270224899451812,1.8571117444295169,-0.6720950912409995,1893.4682147965198,726.7504012092246,1318.4057253274964,0.0,0.0,226.1686493368247,-2.362296730806149,83.3169323592364,91.91032248923348,100.50837490183588,96.88583803042259,96.2940775207463,87.11286836389911,103.80384889699296,83.49476983804524,97.27794916697562,76.17241281515572,91.58544903849398,89.06979899536633,110.03544136393892,96.6228233367755,14.314818210378562
224,856.6010366030072,730.668183302542,0.3682300590506395,-0.1676801291258419,-0.21900521221631375,49,0.0,0.01153785972578727,1.648258061903271,-0.5425630215680048,856.6010366030072,730.668183302542,1217.0606414345964,0.0,0.0,226.60103253870108,-2.3606351905785936,78.36993372012343,86.13340491159113,78.41429810478266,77.7228244134973,74.69698779333203,79.1392822942029,97.27692997397553,103.31989189020058,94.13933696506585,75.18358983459377,71.26523693008028,97.44556476905255,102.10231955758985,84.7116972608857,17.139343015622885
225,1495.4672560356526,730.7469819593771,0.5314549676572963,-0.08150490265068333,-0.020431933330283626,49,0.0,0.014058896057598677,1.6803749148851783,-0.5635154741068917,1495.4672560356526,730.7469819593771,1247.2315783632105,0.0,0.0,226.33462053207083,-2.360636230977553,87.55809168861838,87.27415349712615,65.05715814163938,96.18753666721415,105.82202576233063,83.45021813982184,93.25706903719359,96.0939494548617,89.9913314461278,69.72896109943098,80.96929323738637,75.27734370422169,93.59786768726056,103.90864457951564,19.057934220461576
226,1796.829001583207,733.062310665145,0.7244163622194699,-0.038636397182288604,-0.02850959032008364,49,0.0,0.0245925132415788,2.979088379231182,-1.1852084685470685,1796.829001583207,733.062310665145,1261.1964377051013,0.0,0.0,226.2089491126524,-2.3596698318535374,95.67096789919763,82.57739920942728,80.85254970984579,99.59563137134396,96.61270345132831,85.59111441897996,101.42510279524527,101.62175557629908,92.84655293634091,59.195077568183194,81.16157125547768,93.29306545285255,84.02840007382576,89.14853950793142,17.57600647882236
227,2526.008487038262,736.3814278483272,0.9611226882552523,0.24407234957167537,-0.17358083557717108,49,0.0,0.046180790710718275,4.227542338135469,-1.5652199141969412,2526.008487038262,736.3814278483272,1726.321242503493,0.0,0.0,225.90487863891514,-2.358235886606381,139.81884430847828,106.4555432575414,133.81955566519377,120.71912645140858,120.1119098612517,104.70158361171953,133.29461987667742,122.40913065451917,116.52810178431014,106.43853739755869,130.1719233713316,110.26984412266518,119.14822012890681,137.2348448437861,25.19945716814467
228,2861.1870029770866,738.6935626766942,0.41333821593306436,0.2591348476363499,-0.5790060297220577,49,0.0,0.016521826059123737,2.1083662826438645,-0.8098651557160524,2861.1870029770866,738.6935626766942,1411.4666960188415,0.94384372348004,1221.3731366358525,225.76511452450293,-2.3572268614240093,120.70898186189707,113.44494712171306,134.91517629433315,141.28409094261139,120.87800047605941,116.61530075435617,97.67322244000775,76.30199383860008,94.04792537123926,64.5323732168102,78.43536635534815,73.51831358492865,88.14769734358687,90.96330641735028,0.0
229,1539.4375985075676,740.6715222803045,0.5224265584483325,0.12694499734352988,-0.09425779835559825,49,0.0,0.010948101138152469,1.2578397552989584,-0.2490632923156247,1539.4375985075676,740.6715222803045,1226.9442939330145,0.0,0.0,226.316284304481,-2.356501625915636,101.02512245182001,96.20888396127629,91.55757836819512,85.71612566434572,79.2947723581114,90.24879405580705,87.75470879227757,82.80896872182907,86.20684963505258,68.3713131932497,74.0910014891595,98.84407264949324,74.05193836336115,93.39627914207881,17.36788508695718
230,1854.167638482492,740.00804988739,0.5164760638401866,-0.24176681447794232,-0.3006236645514525,49,0.0,0.011133523947659762,1.3456876959855875,-0.3223607038664692,1854.167638482492,740.00804988739,1149.5309575478605,0.0,0.0,226.18503846513215,-2.3567742822300994,66.41570615347288,97.63767677873163,93.32757403580172,70.80227954152284,102.74875923981025,86.49123209452294,110.27598930552239,80.88223605608229,75.65444138643494,60.63155065398493,74.1476877232632,60.210091381000616,82.59295351680902,74.95505205989986,12.757727621001152
231,1993.1460173953421,742.3515733604064,0.3166028498270815,-0.2906325835127183,-0.5769297582849674,49,0.0,0.008032215063342408,1.0152960298559868,-0.0164817198801979,1993.1460173953421,742.3515733604064,1165.2905073070142,0.0,0.0,226.1270833413759,-2.3557922556165996,79.29444807999343,79.40208377412074,86.23406022678216,91.00325523084544,65.42823004051237,85.22544835637521,71.3166976833197,84.58381808721873,91.95154606787676,72.85496251262927,80.87465252929928,86.42383068320217,89.32925689614171,84.50863696589096,16.859580172806254
232,2229.1359142351466,741.9864933908382,0.7941831915240283,0.21328251336142856,-0.03137362004415314,49,0.0,0.019418045767369933,1.7999994004328552,-0.6381809011072292,2229.1359142351466,741.9864933908382,1343.7468234773676,0.0,0.0,226.02867431865104,-2.355929343763824,99.0503042626024,89.22572165965133,98.42005717446564,88.6257258065207,94.54335915077641,95.0881010608117,86.83996102606889,97.95936459593999,94.59510100837416,82.47320682184156,103.10379402319435,98.32408547278536,100.96146373749019,96.7733550871616,17.763222589683416
233,1962.758362911985,743.9126414356073,0.7047493615149155,-0.031247082984301112,-0.24042394990171212,49,0.0,0.011324048267248367,1.1147562000770272,-0.11794974124384584,1962.758362911985,743.9126414356073,1133.6314373653756,0.0,0.0,226.13975529159998,-2.355143267856773,70.0464134738213,81.32676523435634,80.38294536130627,69.6272175691631,86.85838900898496,69.81695479293995,91.89855429010083,91.40172957540028,74.61315398186102,60.386678748194285,92.57399523160225,103.70916582099275,68.27125238246586,75.55275632916717,17.16546556501924
234,2412.1256446658017,743.8177028038511,0.45239659287126555,0.4875989509778932,-0.6421596005794118,49,0.0,0.010832267197339623,1.3806126019141545,-0.35017958302619917,2412.1256446658017,743.8177028038511,1141.533651507905,0.0,0.0,225.95236784660767,-2.355149956251764,90.08922496926755,71.64014083111331,78.80127634202196,83.29119009807987,70.31261309470895,79.00703899354528,77.72102487913102,88.69000594345982,66.3298573581549,70.61670777397404,75.33677858658422,90.48509219863047,95.92657504315662,85.09638564795591,18.189739748120967
235,1085.5112380196847,746.464884421518,0.6259621191160422,-0.1998456184898534,0.1901605959936517,49,0.0,0.011378670643731048,1.2916947806285384,-0.27789976180143594,1085.5112380196847,746.464884421518,1174.1668653619122,0.0,0.0,226.50557534913324,-2.3540715337496105,96.69443525991153,79.12603674525404,104.24267017466391,87.63888546765844,80.64294849409296,73.15686372075385,91.25369092251532,83.9558831019287,89.47840575898448,71.31498296898681,58.46405703613019,72.52511048349146,93.14722099706702,76.7528526412452,15.772821589228277
236,855.6886586950711,747.015181099114,0.4488131353247584,0.3048377442671332,-0.5741516765614689,49,0.0,0.01002477690823243,1.0677783921727253,-0.07120282030102412,855.6886586950711,747.015181099114,1284.880908808362,0.0,0.0,226.60141171178788,-2.3538242241300087,87.69134447272069,65.68147314403556,95.56939394508116,103.51281482198007,90.97877813359355,74.37988855783792,100.01436803151778,104.42787167949461,96.53330832483059,70.1119344710404,83.48650566011024,91.30735834334705,86.4836181081001,112.2968210471371,22.405430067535168
237,1669.199407785791,749.379736657043,0.31472679787081537,-0.1961809702541808,-0.36189422679468086,49,0.0,0.012716134550742185,2.0893668254373456,-0.8000367369512142,1669.199407785791,749.379736657043,1225.4819745948757,0.0,0.0,226.26217224745434,-2.3528732823562675,86.31280548460643,83.70623432923782,61.91002090190727,78.71413895632145,91.66248022833366,82.07107377966628,90.37798084714844,85.52688138677883,89.87047736549698,80.64855530936822,87.13968339048489,90.78989068670926,105.70274397085561,92.402899854664,18.646108103296648
238,1822.0818078245043,749.6658550252927,0.9487663055513627,0.3105275154472126,-0.12146095989644201,49,0.0,0.022351153274276336,2.095455842808663,-0.8031962836278411,1822.0818078245043,749.6658550252927,1286.1388744889045,0.0,0.0,226.19841880368378,-2.3527513085794522,94.32076218834014,76.56606267592227,100.43348223220264,88.40760630921939,85.59665216211394,103.07177314311788,85.17500730205906,93.22007198378185,98.06457868380238,71.93369854299053,103.95365776526907,70.55314246901916,93.91646064856194,100.2022416475535,20.72367673495087
239,2333.6164086274225,750.8437096107057,0.20225131425882623,0.5427986657239838,-0.20457982666793909,49,0.0,0.0074036393837232685,1.0341672659110408,-0.036476967753748646,2333.6164086274225,750.8437096107057,1153.9937299850612,0.0,0.0,225.9851065587948,-2.3522301641104595,89.18618720793805,72.74043972172788,80.86110226971638,84.70872289236925,93.59444855759759,90.61713761877088,80.53847776967422,67.81013437039323,77.12166898867287,56.0344907141135,68.83232284685951,84.79213299324488,84.54392158025524,106.26905227581176,16.343490177916106
240,1366.9941003674307,753.9712792832976,0.7643264741796949,-0.1500045263447894,-0.011642825453674479,49,0.0,0.02231257924146355,2.2957922658781817,-0.9023314712221231,1366.9941003674307,753.9712792832976,1354.9249215267039,0.0,0.0,226.38819474932197,-2.3509571149513864,85.83318382232035,86.31299749551226,91.31620398802032,78.03053050244483,102.49892457605783,102.8494221231006,101.96780875501224,86.71975255494402,99.1538038248617,88.64150201258893,108.57939688455714,95.19695836823101,95.44639773176422,112.76866527887942,19.60937360840909
241,1930.0766704047626,759.1291367099261,0.5841489090166041,0.17071683270846336,-0.07623013216233457,49,0.0,0.01697427676331751,2.1813712990550838,-0.8468239867416182,1930.0766704047626,759.1291367099261,1259.0144941748572,0.0,0.0,226.1533843556283,-2.34880473020222,78.4021937444457,99.50173657235257,97.90722114407362,81.93565846188764,79.1969127779086,79.41111955738711,98.68560993516348,85.9049437801871,86.39542937290165,78.43618647559961,76.9017931149007,106.68792209875554,95.39891794862787,95.30089840155799,18.947950789107924
242,1253.169799092265,760.0370410097088,0.7038553288816912,0.1931981789415735,-0.33919307261685583,49,0.0,0.015448878440471735,1.6948119146943572,-0.5728037711814552,1253.169799092265,760.0370410097088,1189.416069591874,0.0,0.0,226.43566015685136,-2.348425705327969,88.91396281284821,74.10062799803988,85.33211381778546,69.7262585044949,95.56363183793741,88.78924424935428,81.48602297231204,86.27679446009834,86.32731811033219,77.61737154495877,87.6724703483068,83.46621224165801,71.66504415687173,92.4372706175814,20.04172591929456
243,835.7298027873354,763.477791939746,0.4825715824616139,0.6048798113662128,0.027484795615093257,49,0.0,0.0084975394499923,1.0139459693409243,-0.015037032852561659,835.7298027873354,763.477791939746,1281.8382423360913,0.0,0.0,226.60973318076523,-2.3469632921028656,97.55490733890977,84.36010942026708,82.85660350808814,88.22948105149436,98.51606500658691,87.94271098210717,105.39420769312039,83.85313497514775,99.83544738708181,76.61211543784246,84.83453259116288,80.0571168834844,102.51047626953387,87.94640842950939,21.334925361754713
244,1657.0703023454905,763.123033076663,0.7417139492564386,0.04726899127006758,0.2528559075408374,49,0.0,0.01504099101774578,1.4543960203296964,-0.40670669379398583,1657.0703023454905,763.123033076663,1264.9385207421897,0.0,0.0,226.2672302899974,-2.3471472197609473,92.4749226691024,74.12544865699601,101.25841689708342,95.67442876159052,84.37587006284298,82.41424351252951,96.87325006525977,91.8852981595761,92.47878865296437,76.8891770922115,85.31807348884647,92.9496636508126,91.92686003824744,89.86490287991877,16.42917615420787
245,621.2001872815812,763.925275010073,0.46433651150613336,0.1979527097457839,-0.6238150363911205,49,0.0,0.023807072917573398,3.0728809247755406,-1.2188643287935135,621.2001872815812,763.925275010073,1991.9056070916297,0.0,0.0,226.69919024168766,-2.3467536215231504,123.58534925497108,120.38450450785109,155.58424540310625,153.30740943655258,132.96367076112634,140.52943253501957,146.82967660082232,128.9285761790504,157.31778094129814,112.37241554952877,155.9261958854642,161.13989352514866,124.80612667314297,148.44808106372037,29.782248774827185
246,1623.072389020545,764.3882095957263,0.47895597347556185,-0.9082260273558521,-0.5327819171515382,49,0.0,0.022892201103816765,2.9787115325590756,-1.185071117148179,1623.072389020545,764.3882095957263,1592.3622582491762,0.0,0.0,226.2814077207338,-2.346620249486523,99.56002318122988,89.7557573026729,124.28464536565151,107.1023589118196,116.5865690528906,113.08846996037981,127.32894388637807,114.3447661290219,114.88955064147333,86.3027661628912,119.33788753220514,124.16359248790232,118.76969411268524,110.92615716075409,25.921076361220692
247,1134.3401848001995,765.9208154619974,0.7054037881740095,-0.23951977855532783,-0.21392562611478574,49,0.0,0.02364237523824001,2.785278589059802,-1.112171601683144,1134.3401848001995,765.9208154619974,1343.4223806774683,0.0,0.0,226.48521246263715,-2.345968231774313,98.23241115439819,83.91079864507583,93.733988374619,93.48468167474144,87.44255292798331,96.15662958970256,118.63454986378653,108.84860027244784,96.85226320221483,80.86652686255391,79.63490886486187,98.66527907175603,97.84262575217,94.12842198722177,14.988142433935144
248,2312.0069649002007,765.9903703583299,0.49151869612123933,0.3167125865571309,-0.18437649005126444,49,0.0,0.03312454428330437,4.778268378695157,-1.6981763472689773,2312.0069649002007,765.9903703583299,1703.5511313188958,0.0,0.0,225.9941188064531,-2.3459213193660555,109.39564808429718,111.79481561606025,110.45239498443243,105.34449372290038,130.66533080964953,101.50197991616378,128.60856516754316,135.94792877181823,132.0443406156682,110.64246034840892,113.13972231836551,135.76735652436463,131.18789160466105,122.26082158525617,24.79738124930634
249,1812.5671534318308,767.5958773578592,0.4003995095364601,0.13365586251628425,-0.09627482445863539,49,0.0,0.027323287418101166,4.420117741850324,-1.6135845952928787,1812.5671534318308,767.5958773578592,1621.139855773127,0.0,0.0,226.202386904343,-2.345281011680557,88.66798898491005,111.24422101475878,97.32166954761996,119.17007973887965,98.10407060402468,132.47266351989356,142.52587956123068,121.10138605543828,113.80847960656428,104.96563189658077,118.7262164079131,98.70267182628592,122.7107946311188,131.0781375013696,20.539964876539035
250,991.241707690255,771.251070426667,0.5675152820611233,-0.1313201104129955,-0.24396045034284997,49,0.0,0.010691628661548942,1.1716690041343087,-0.1720123526252004,991.241707690255,771.251070426667,1135.9453486627674,0.0,0.0,226.54488448117476,-2.3437378441590804,86.30648618843318,81.47583779691527,79.06732121712196,91.26897141628083,89.24191011207557,76.5719764086328,84.40468010421506,80.68947463536213,83.67924825096985,64.19996593008565,72.49983546271721,78.28595952875449,76.69080751151893,72.82139674153096,18.741477358153382
251,1374.5922556522607,771.5189178098262,0.47817576116929,-0.5272206848875396,0.4635000325189039,49,0.0,0.018791094338547632,1.9767785751579239,-0.7398950635564955,1374.5922556522607,771.5189178098262,1753.6288429954072,0.0,0.0,226.3850258336976,-2.3436460972661766,100.21185844561347,121.64687652318167,125.54972096995547,129.58375810317935,123.51346969899328,131.95451620043184,139.42427840038889,122.08610402277614,122.87468579571227,117.51887312266837,120.47169210161195,128.82542382803177,126.54877762818113,119.50719804254301,23.91161011213865
252,1632.9775423967703,771.3470427636058,0.49975683860693026,0.12978780563568038,-0.033906940315387823,49,0.0,0.02930459663267055,4.431573625322113,-1.6163949224656884,1632.9775423967703,771.3470427636058,1501.2754632406845,0.0,0.0,226.27727721004436,-2.343720808199345,92.92464228033359,97.01906458129862,107.44955111281496,109.57845496037038,98.34049232366154,109.01959994948788,108.26938900814761,105.91327900266853,118.18598126002732,92.998468816976,101.02764074631558,136.0787524757216,105.43048347140154,100.49640786513724,18.54325538632212
253,614.7803741020743,772.3113582208736,0.5015708326331177,0.24345548895367597,-0.7078380573346567,49,0.0,0.09614049817474123,13.143994162517059,-2.796818393872749,614.7803741020743,772.3113582208736,4136.436008238741,0.0,0.0,226.7018663480584,-2.3432588549033,300.567794870742,248.6090195048684,346.9742009151323,281.50014732569116,254.7026837637414,311.526124719158,323.68728553173503,288.1864530948362,309.2973188863788,219.10844278287834,304.287185370595,286.4568168032952,290.82979136327697,317.88739700074143,52.81534630567108
254,1753.9364631840924,771.7403503938755,0.5778501512911484,0.14789818409393743,-0.35742689954710216,49,0.0,0.01114841561493715,1.2686243618933597,-0.25833261767384325,1753.9364631840924,771.7403503938755,1170.403718871176,0.0,0.0,226.2268364139145,-2.3435555416874485,68.51104015079214,70.8922309163556,105.30642672298617,66.03398381560173,88.62205421399176,81.81539172418016,87.83649504974818,92.95289926453253,85.95046333825209,63.06195854580716,84.71922710744894,88.97142432723308,83.9415137507124,80.93231131798319,20.85629862555091
255,1848.358278160382,773.4263843561695,0.6427835432666513,0.005111754727996602,-0.16246584789023466,49,0.0,0.05533437264622584,7.474914091074735,-2.1840155142347846,1848.358278160382,773.4263843561695,1855.442405559018,0.0,0.0,226.18746190222208,-2.3428507048431477,165.42819604984925,120.64522542274327,124.05097672466201,114.28522455224092,136.49137132825848,117.56310411434828,146.32518851638252,138.32030557679974,141.36081597082097,116.50002684424894,151.29096638745239,107.27099538359332,134.60833453158853,114.39422895994375,26.907445196085746
256,1085.939283403926,774.0938474464908,0.48147221481379016,-0.44179756834648004,-0.18611287296283627,49,0.0,0.10410791657687676,16.094478972829375,-3.0166923045441774,1085.939283403926,774.0938474464908,3414.4326271964032,0.0,0.0,226.5053953476608,-2.3425600037842496,249.67125470776318,218.172388381936,224.22564160666582,240.57042477061435,268.25611994529555,232.3964664296997,279.4514944025566,252.39789276119365,266.17241363987233,191.62724651699415,229.34288282432374,239.6908542238043,246.86743811874746,229.1967823624529,46.393326504483746
257,406.15670451589654,774.864082370332,0.41863476768910474,0.541734976050247,-0.4949107965971991,49,0.0,0.006250130220341296,1.0069919481786944,-0.007564994965121108,406.15670451589654,774.864082370332,1166.4459269838353,0.0,236.094261162311,226.78885823627724,-2.3421671048044232,61.196109148741805,513.839126838609,21.361188555971587,75.26225218731071,44.5782106815725,50.766829779846375,42.56063589385856,111.89477471873552,42.31273199972617,31.48158576500872,75.287835061167,32.45285569097536,34.2059037662694,19.307733392621692,9.938153503420892
258,1373.3068625394142,773.7036869737825,0.7080139107966119,-0.4781140776803213,0.8839811117598693,49,0.0,0.016338942378396174,1.2927524605558942,-0.2787884326444597,1373.3068625394142,773.7036869737825,1784.7933050892332,0.0,0.0,226.38556179880533,-2.3427357749086397,104.1302286281183,127.93402794290336,133.50116134163937,128.19655926433538,130.6546904457616,134.91861373982852,147.89700247654767,120.00382688564288,131.043012084331,112.17797533286736,116.87476408196203,125.99076525292563,133.71120964352122,114.79192082709076,22.96754714175818
259,1931.4422696457566,780.8582085379336,0.5621858954522275,0.09654578768061113,-0.19846921988379454,49,0.0,0.16263600866215105,24.994611145245937,-3.4946159614645107,1931.4422696457566,780.8582085379336,3864.269655213288,0.0,0.0,226.152815652462,-2.339751250733005,266.8609364605324,228.73299502623672,275.33023448393465,311.50216141618773,280.4379837886193,282.31954309208265,310.4939572740662,276.58472092188896,264.0728565543842,201.3165051839402,250.37079998176034,281.87785267213684,291.9390137633263,296.7349382204733,45.69515637371819
260,2383.5711813153803,784.2909792997096,0.5495435577243661,-0.09222999186193451,-0.31019678987708854,49,0.0,0.21582322607618232,30.711320254015643,-3.7182462170038777,2383.5711813153803,784.2909792997096,5999.524892547241,0.0,0.0,225.96427832031398,-2.338289826028395,432.0052102521862,331.14075402519603,434.5407261454635,436.7693072260489,392.5607070554886,399.16036340968145,464.39032128126905,437.6094499243087,448.89482595999993,360.8978326788587,426.34878975931895,459.1869354859796,476.7933951922478,424.95141265041514,74.2748615007778
261,767.9972938564134,786.5948470796985,0.5215934151065327,0.4631263501931314,-0.4270020329268713,49,0.0,4.639637917003163,630.352220370456,-6.998958217359116,767.9972938564134,786.5948470796985,166930.76966857084,5789.817832491815,0.0,226.63797523890216,-2.3373249922856316,11730.239032190197,10337.824220528857,11629.330321884561,11931.486210634357,11983.046203102811,11977.999036295321,12840.787649626564,12452.63477285759,12360.106749184111,9315.770999610557,11609.227076633097,11847.666954590197,12826.622472508756,11601.469865037456,2486.558103886391
262,2346.8361767733577,786.7997766974795,0.552889870309167,-0.40676953382201375,-0.03671629052559271,49,0.0,0.009116932316408343,1.0112595551956305,-0.012156595510353528,2346.8361767733577,786.7997766974795,1172.7597519531912,0.0,0.0,225.97959678165725,-2.3372480214022353,76.64341044751284,77.82405731692859,76.22204127459305,90.40646083026208,86.48526704925428,72.30088594259162,85.6232524955542,92.2362023841875,82.79664057163939,83.5595741984906,73.72135484580161,82.40048905331528,83.93863080633695,91.00664511382209,17.594839622901077
263,1034.409616738342,788.2446319470175,0.5744157466052883,0.14013817687016894,-0.23524408162568014,49,0.0,0.05738887216521509,7.984370485211037,-2.2556017014440735,1034.409616738342,788.2446319470175,2073.4772672620675,0.0,0.0,226.52688243187737,-2.336660651834071,130.03220796572288,138.12115687869397,132.31457092018627,143.31760613993447,150.1972551884063,115.2877309883304,165.24469978835765,170.23627221497262,170.0685244081775,115.46575157279699,151.04212551527408,151.2364836128379,164.78888749996267,146.4873116837256,29.636682884687982
264,2141.0501874649376,788.5665173469421,0.38245818367706563,0.110105962259915,-0.4384182854919333,49,0.0,0.008983938267693923,1.091800714726494,-0.09535843568156717,2141.0501874649376,788.5665173469421,1163.9703926428797,0.0,0.0,226.06540903709507,-2.33652828585224,85.00379790360822,80.1772224155938,73.52405259829513,105.8170978690626,85.30862170294188,85.25207538480663,83.11702218879753,86.33786976100805,87.39178625124711,50.098050403529726,78.43385852937183,69.30350218238107,94.05556976899817,74.74491301546917,25.404952667768637
265,2367.8503072082117,789.5394919506825,0.810059192032316,0.0016960074390309802,-0.13350418317852555,49,0.0,0.015719146622046994,1.2573242292077063,-0.24861821171407658,2367.8503072082117,789.5394919506825,1376.2345287196185,0.0,0.0,225.9708342454217,-2.3361045641793656,99.1722171358038,70.8268135980417,100.76918274687878,104.72256357517287,96.24134038056783,103.40260362597394,96.0532715503083,112.71496086205627,87.31339170104297,76.62767189435814,117.26551284961816,93.48926542016348,109.14343857624107,88.5440750632251,19.948219740166
266,2500.927782572054,789.3760966862899,0.618159469963661,0.09010526911958354,-0.3024331009515425,49,0.0,0.07185522077055179,9.235906001914051,-2.4136987606296905,2500.927782572054,789.3760966862899,2420.3058687065304,0.0,0.0,225.9153421722384,-2.3361589251360786,179.78794899388714,190.22639080800394,174.11591696523791,172.37928819760083,171.13539382545815,161.64780716080327,186.23146782496107,159.42319142217613,168.48109691535524,128.545713612196,170.32416504735102,175.68569438645977,197.64070873824923,151.95761124823537,32.72347356055519
267,1595.1783150453987,789.8538163166149,0.3438663345283176,-0.33741858016700377,-0.15561124886255082,49,0.0,0.021412403925208826,3.13760545037315,-1.241495826856671,1595.1783150453987,789.8538163166149,1673.1081430017489,0.0,0.0,226.2930397768247,-2.3360099903478084,130.9503108994681,98.62799449012797,122.7898567317022,116.31673246004624,123.17420393444803,102.90144526778127,141.61671761931967,127.069555887283,111.40850543698576,104.72002251555182,108.8235335090783,125.29212913683949,103.49129161389241,132.25126495883006,23.674578540394485
268,1675.0851935283285,789.5046084317985,0.2191112529685751,0.2438457638768045,-0.4166728843139445,49,0.0,0.010377731920709503,1.6602227772411795,-0.5504159195504069,1675.0851935283285,789.5046084317985,1283.6475088722184,0.0,0.0,226.25971813184142,-2.3361551465017754,94.06232217551653,90.53405175910646,89.94358491918402,76.6086162380422,102.6838673523354,81.54062037884941,93.19469047274688,98.06661424914816,101.47053046192681,86.15170458076352,87.24063152529618,81.67286172150429,87.90488239169575,96.27591555548315,16.296615090619614
269,1336.400045005569,793.081547761592,0.4114730124650032,-0.11096782336079286,-0.29812703754516984,49,0.0,0.025077867108618604,3.0133356252749364,-1.1976187651999926,1336.400045005569,793.081547761592,1929.637077650115,0.0,0.0,226.40095163420804,-2.3346608424276996,132.89489648457436,117.03085355800481,133.13340415883852,136.11197577197728,144.66412175130083,128.0735342137348,131.16606149351117,154.4106055757025,130.13743960782762,110.5148780037738,152.8314174629088,146.70777852103774,141.5404265486988,138.00075732363848,32.41892717458555
270,407.52421215943417,794.3516796253049,0.27096118652014384,-0.17085655514123949,-0.6062690317923202,49,0.0,0.005689143017207648,1.2166713501993731,-0.21293320385263736,407.52421215943417,794.3516796253049,853.8327198162442,0.0,431.2928621893942,226.7882855581643,-2.334048066647091,90.82204851659453,42.28225869518647,48.083642156192866,49.290865216003525,58.53934755830808,59.662329498321746,72.85107476396357,58.83228763228922,55.875229219122666,45.23217459744148,39.10565314325006,56.365575404442104,81.63790647072832,92.73488513617771,2.5174418082218866
271,935.6752709926883,799.8404606957321,0.5303854935742196,-0.0981336237969449,-0.3982120805306342,49,0.0,0.0314354481441072,4.437720307630445,-1.6178998171371661,935.6752709926883,799.8404606957321,1613.461139429584,0.0,0.0,226.5680536164944,-2.331821766282144,104.48023707398448,110.9523477808865,122.56468066651541,125.14661308176308,111.95238537713412,98.01510906119076,105.09189783638246,119.0949543539378,101.73670505788621,103.42861433248167,108.76730476104208,117.87738782966855,131.8705533672396,117.28086585884253,35.201482990628854
272,1403.8445739455885,801.1447588104238,0.6601181909409054,-0.6288551263350408,-0.46909902306539997,49,0.0,0.011722303600531277,1.0599821720226825,-0.06324640217776537,1403.8445739455885,801.1447588104238,1223.1456172792941,0.0,0.0,226.37282679793503,-2.3313032086808243,89.38021837299107,74.81801265586691,90.10020083866283,61.270562364387054,84.3874114567536,71.4918633241636,86.70680901028169,90.48427049021367,109.5295332754047,78.96821932995704,85.18174194280988,79.80375884925198,115.49496673385116,87.4141233971072,18.113925237591687
273,2356.5556555224152,803.3897582497295,0.5452024832941317,0.09532565108863118,-0.011753319914681298,49,0.0,0.010776718858525363,1.056947030989269,-0.06013305784876817,2356.5556555224152,803.3897582497295,1337.986094504287,0.0,0.0,225.97554514636286,-2.3303349679077914,72.43014623035812,93.50081308413073,92.7296740198409,102.4815733657149,89.30590423144969,86.01999051852843,103.24165828266001,103.37500747546605,89.89251083954522,80.37590712932659,101.91928396116565,107.6752965780352,94.57454232039686,98.97290358550578,21.490882882162758
274,2919.991019638978,802.767987473178,0.674587764457867,0.09224890374249849,-0.2933290425417656,49,0.0,0.008553359334273097,1.0618406924410728,-0.06514841148812585,2919.991019638978,802.767987473178,656.4935385306387,81.08867278432773,325.53253100618076,225.7406036888519,-2.3305219261094576,40.13904155282949,45.053047147810574,31.14043311056374,45.09486980095277,30.638943721833737,57.92830337914794,38.743134277213,61.50614954632702,42.37520652361698,57.32551251881074,36.16089800433456,27.683837302645415,53.947594505855534,88.7565671386972,0.0
275,2524.6867937540223,803.6185001698663,0.45327777649819667,0.39457322281099944,-0.1587364060397918,49,0.0,0.042143423459796076,6.358653560742786,-2.0084129097792407,2524.6867937540223,803.6185001698663,1956.6351829851099,0.0,0.0,225.9054363512806,-2.330222248160064,138.1491772251061,123.49286489824854,135.78869627542986,153.2577821580318,152.31657547025884,141.0523367771354,156.80138828549252,146.34875440313354,125.08034343922648,105.9007362023997,126.24800068410687,125.99006950586443,159.3869919225778,138.87021259691653,27.951253141181542
276,2893.094964756037,803.6447818976939,0.4773799950515382,0.007606861264959344,-0.24699142667046764,49,0.0,0.14245093126368974,17.504789076516563,-3.107892205282357,2893.094964756037,803.6447818976939,6950.75994778456,259.79296477791127,5874.413677575774,225.75181857410314,-2.330160954832271,664.8195396263898,562.2902670310314,536.5120483063088,567.7211386369854,467.8368575784671,422.32815943876955,573.1510614458496,464.78040685715143,533.3641546471126,402.28205018198514,482.76586209342435,426.4139915791408,391.4915873949013,397.5158324098405,57.486990557202006
277,1155.132969277727,808.8057856001104,0.8259358039663087,0.22741954806713502,-0.3477125910067748,49,0.0,0.015541000917362496,1.2195744365072547,-0.21552078136153088,1155.132969277727,808.8057856001104,1275.177633799083,0.0,0.0,226.47653976891348,-2.328101389309388,84.49923197833247,77.29603190811173,95.43687109262021,88.95328743169517,89.77585825789548,109.80018556896817,89.18535347859562,90.16974215943061,84.81357823419086,72.0692502997849,92.58349993489294,90.78701512544262,101.33532423050642,93.66304727782085,14.809356820794964
278,1070.2800282003063,810.3444264672258,0.5466540109986754,-0.15919747103699433,0.06959952625443198,49,0.0,0.01234955405492265,1.3912838033552848,-0.35853932328921134,1070.2800282003063,810.3444264672258,1284.2343616504984,0.0,0.0,226.51192324820508,-2.3274552162711495,72.84919576337398,72.39250145565447,104.19130438209345,85.08136858783367,92.39004765439397,98.81461014686853,108.07604920727572,94.5879175784868,80.3893147045107,66.62224627487946,81.46030669780077,104.60555795726103,93.69744120979757,107.85276528157625,21.223734748691946
279,2847.231108033108,810.0275850403626,0.8422295406779504,-0.4160153889332494,-0.35282165787792613,49,0.0,0.02244602617400187,2.002485124616236,-0.753923246570988,2847.231108033108,810.0275850403626,1443.9167788257705,0.0,1269.3478328942365,225.77094321805743,-2.3275088305676213,117.57269688437123,90.19704687321004,97.7294731272356,99.75556832918426,122.91495807677578,108.75846113638644,86.7819834117716,110.88021135788978,104.51887554021334,87.15524431292584,105.41317269894616,107.43221645276397,103.7964252751745,86.74726089289602,14.263184456025947
280,816.8172198866285,814.1481087908046,0.7574698729112317,0.008039843113507847,-0.7181084764083305,49,0.0,0.017138165415102945,1.5156855818682997,-0.4515227983888417,816.8172198866285,814.1481087908046,1390.691574838183,0.0,0.0,226.61761544085323,-2.325849920831674,87.07731575851761,71.21650815822059,103.6068346586971,107.09093507349709,94.81872842246281,76.63093148675904,96.96622648489037,116.4441618097593,111.27643900788689,89.1097706494345,90.47704845182079,107.2404077593034,94.75434075945736,117.69888540462253,26.28304095285353
281,994.8895420696015,815.3395622399227,0.5175512431531908,-0.3056318620299987,-0.25723533308892677,49,0.0,0.01240843635475706,1.4562431814938206,-0.40808476224018625,994.8895420696015,815.3395622399227,1155.7207532932575,0.0,0.0,226.54336050942382,-2.3253687255253306,83.26370831746654,75.13437629757132,62.01704348559882,85.8537475090668,91.18705500534043,88.39338369400033,82.85625508017358,70.24580504430801,93.04807875976275,58.624315551072236,87.19669358893374,81.53268809659541,94.56873823413183,83.65375117645127,18.14511345278445
282,1474.8227850103522,818.085775840099,0.6932133165991299,0.038105445062079954,-0.16640983825498495,49,0.0,0.13635348850776058,18.2232348848916,-3.151563682409732,1474.8227850103522,818.085775840099,2985.3425177870195,0.0,0.0,226.34322836113762,-2.324246099128486,205.21524764796055,172.02035563119273,234.33683110291742,205.339911505126,238.6889990592918,175.90604380240438,241.74336069752263,202.32617606229428,193.8629951772764,175.76575758611435,206.78491348494222,223.95925778475225,227.1439926922909,235.0442068461133,47.20446870682025
283,1494.745991267862,820.1802371949522,0.3705537507011414,-0.1721665554860129,-0.21490753408747143,49,0.0,0.011122779590370661,1.429736079994167,-0.3881396922981293,1494.745991267862,820.1802371949522,1251.0322764513385,0.0,0.0,226.3349203072004,-2.32337371885616,90.5181030594193,79.23164124108567,69.97179088709115,102.70494245986853,103.49250859962848,83.83029203420378,89.38406948743507,101.80535689817268,95.58216242750137,59.961087943218764,62.65831649884868,97.4346741550144,89.13734762895675,101.84754715707065,23.472435973823227
284,2334.0169476867186,820.568488436915,0.6247698204872818,0.034120703604498794,-0.21565427367494797,49,0.0,0.5953309762338037,81.62219175007877,-4.779520631085316,2334.0169476867186,820.568488436915,13048.577717920954,0.0,0.0,225.98494494706875,-2.3231795707536698,869.7287437297024,865.9479531290307,971.70932955287,958.8305257555807,950.3182534570827,875.04424006986,1030.0030218670522,955.0198410102921,932.1466928405874,748.1472327999613,920.499945776349,921.5075203291785,969.0048197457579,906.9530380574895,173.71655980016013
285,655.0880117197142,822.1403641554652,0.7399959614919811,0.22895497822614339,-0.061933297146354156,49,0.0,0.01184995868235043,1.105271090621115,-0.10867202700173238,655.0880117197142,822.1403641554652,1286.7408279236236,0.0,0.0,226.68505359276185,-2.322502794347152,77.6412917092147,87.78976364473183,88.12580730104224,95.81917619340294,119.18591788495209,101.31353533318816,85.02063587278431,81.0196680645584,108.22903963161028,71.79164118670283,96.52477603377868,96.93246377696954,85.01089896435829,79.97681132121144,12.359401005117856
286,2348.4750670700546,822.2311291208165,0.5380317996404262,-0.06130793169575981,-0.24459735939781183,49,0.0,1.8087060117557663,264.1582740322271,-6.054660545793839,2348.4750670700546,822.2311291208165,44526.41085089171,0.0,0.0,225.978916178821,-2.3224855198400483,3126.3568333373623,2849.8168844024094,3147.768574158028,3127.955896249819,3162.5384709066966,3076.6629553158455,3469.880415054209,3290.6283853115992,3354.3557135607634,2557.748588456686,3035.8136344062186,3165.372015200981,3337.8079910485885,3231.487869377346,592.2166241051523
287,735.2023266088738,822.9494024025679,0.6964358876201985,-0.07786434801386583,-0.4423598453324036,49,0.0,0.01423234471162666,1.4645773374440982,-0.41428077418267295,735.2023266088738,822.9494024025679,1341.8493284814053,0.0,0.0,226.65164709629752,-2.3221746255387705,100.50823263099967,84.50064624949218,80.29991131105895,111.56868063573796,100.96250997139418,114.04441846843555,92.61944196686406,102.83578411643398,97.37702029395358,79.39431253026962,80.91050878698812,85.38695948354018,84.3618204331494,108.87291267634843,18.20616892673946
288,2437.3901570732814,823.6823898612134,0.8805621864148533,-0.15930809614051344,-0.2840845514785207,49,0.0,0.020015105879144648,1.8489029328004496,-0.6672852783634474,2437.3901570732814,823.6823898612134,1228.0536385596774,0.0,0.0,225.94183972330782,-2.3218722001247714,78.51702077680719,77.37164254333601,89.92326646680002,97.28531206838359,91.75136576221158,84.82953735266005,101.10469881226297,60.60932103519479,97.90334073448032,78.07313027447515,85.99665144738606,91.12693628512625,93.35514069666567,94.42187307254373,5.784401231344121
289,2560.8630242969207,824.7195520027908,0.47852267651480407,0.1998676287840124,-0.09586329960091983,49,0.0,0.019866169857689672,2.701579378063996,-1.0790443313618487,2560.8630242969207,824.7195520027908,1466.2355372340398,0.0,0.0,225.89035355390314,-2.3214264426277085,101.52146963327768,105.92506003497905,127.4180828961989,106.46952574838738,95.5906453091938,106.09533390907255,115.25496473630184,106.57091573786525,103.11261026732947,81.70654065846313,103.86757528461565,90.01915387182495,99.57572033421837,106.50218675673668,16.60575205557521
290,1870.3302802581352,829.2276521043901,0.4080433316543723,0.27488219600302644,-0.38711843334781826,49,0.0,0.013731169237227746,1.79781674398428,-0.6368635522909655,1870.3302802581352,829.2276521043901,1272.7593839535991,0.0,0.0,226.17830103395954,-2.319600302006026,105.24457946833353,88.84672151951301,64.76238960593383,98.2503256098571,106.78184042364646,80.02871180291024,83.56729393941731,81.27881519932367,114.09012082225196,76.33079511571448,91.99741976593415,104.42161967936181,71.32648409681725,96.26222634627379,9.57004055831056
291,764.5477862627737,830.1804870522172,0.9190260479887933,-0.40526906853538963,-0.6382953051730303,49,0.0,0.015520501663088122,1.2916794452599687,-0.2778868715552589,764.5477862627737,830.1804870522172,1236.8200328481398,23.56502351852407,0.0,226.63940979660936,-2.3191648917756913,94.47383520786829,77.55350603736704,86.77822305436982,85.28172415389957,72.17580458915653,95.24650224426213,87.69529891442554,75.99763663274057,92.09800426498177,68.98211291329682,77.03384406745405,102.62203469776021,123.02546743693082,84.28786733691803,13.568171296708556
292,392.6286936174673,832.9502801182844,0.6862331043622788,0.3265200025483994,-0.4315273988890172,49,0.0,0.008287437545187666,1.051369655881283,-0.05438859616890421,392.6286936174673,832.9502801182844,987.9746875638344,0.0,527.821144387166,226.7944916636287,-2.3179642560997245,58.65386337779808,120.09809210501457,55.853861804552224,66.53544858149596,58.11368567594844,79.35583897136686,44.131643664954105,66.84985225509203,44.57054255122882,67.40343825576353,82.70771247579678,78.34159292392297,103.44823487046679,49.9659822062991,11.944897844134193
293,2364.7597771512374,832.8971523597801,0.6302649823641707,0.14484736755859987,-0.43257365109527346,49,0.0,0.0419603506530994,5.394974985363971,-1.8299735883751367,2364.7597771512374,832.8971523597801,1986.6540974888155,0.0,0.0,225.97212648158956,-2.318040039525579,131.0546025135013,137.68183908260778,153.34678825624565,142.4739753122827,128.63874202145468,125.79487634771186,140.19354339930834,141.01606701623814,176.75169070508164,110.47451641888303,117.95966250800149,139.20166674940901,164.38463975885122,150.4277230969301,27.253764302308717
294,1625.8378957257805,835.9159574699165,0.45385153644214626,0.0362711483552914,-0.2632522616923062,49,0.0,0.011212345604985841,1.3654031535762199,-0.3381522539410597,1625.8378957257805,835.9159574699165,1218.1696808188158,0.0,0.0,226.28025467231018,-2.3168180237329863,91.16800763953495,87.91004448242899,87.77361668534948,81.33751354933126,79.48993056178271,91.34698989252723,80.80450141703591,94.96839237024132,89.8663528318088,77.1053199382962,86.08603656733709,82.14442502391688,82.63788070529021,86.08729900009382,19.443370153840874
295,704.8451693753543,838.8317768771574,0.6871256993860559,-0.01118182542268726,-0.3579407457367328,49,0.0,0.03538389309942563,4.094076458532005,-1.530389872567853,704.8451693753543,838.8317768771574,1712.6993014728246,0.0,0.0,226.66430408055376,-2.315554033260533,109.72602900473555,129.79598258955934,120.21615389669256,136.6555053578889,119.13602844551468,112.08749932401375,144.65125558622864,114.45492691980303,116.23373887699482,90.68312005238434,129.8065081900955,116.54100910324799,128.86908782634177,121.25909828304297,22.583358016280584
296,922.2088705045251,838.93589935622,0.6414308401005281,0.10900202177650076,-0.2351461543317905,49,0.0,0.052253470777626085,7.058911855074032,-2.121844397190703,922.2088705045251,838.93589935622,1792.9924543203515,0.0,0.0,226.5736662312508,-2.3155316085054003,114.87808410236102,106.91229264010059,138.87507036813187,132.13367854558396,139.83821303803168,103.2523791087317,136.49198680404248,134.20794996174288,155.39074553246724,108.36190273729981,104.73357594672945,126.91686111784333,136.93428237408784,123.61084938514693,30.45458265805066
297,1615.0743864691979,841.3437546074948,0.6219497148892876,0.06305555207549306,-0.17758762956028437,49,0.0,0.041681261382427254,5.563735928598731,-1.863416272263899,1615.0743864691979,841.3437546074948,1677.9969492211071,0.0,0.0,226.28474307572316,-2.3145565373583725,115.8037162136693,106.53088565519656,131.69986231203035,114.13779006634542,121.61982888760615,132.30065355810993,135.43959495826192,121.29326465782927,116.2836714880988,106.97053311354188,92.65654284849856,107.81373189880094,112.04051089366862,139.79101457953175,23.615348089917752
298,984.1939200997341,843.2941036587055,0.7819815858362797,0.23536093252348264,-0.3346870182635277,49,0.0,0.013080178532522826,1.2200958110021145,-0.2159848401207032,984.1939200997341,843.2941036587055,1186.8029999346163,0.0,0.0,226.547818707405,-2.31372067942004,78.23887497530995,93.75110103940723,81.32215905344745,79.28206945281174,101.78351642408597,95.39428542349036,86.45626110207985,85.32963453470057,82.02177617760509,75.45079015377247,76.8839542496615,73.69732877851914,84.39186318040484,73.80120526296747,18.998180126352565
299,669.030128617265,843.9926320850948,0.6545538646220564,0.17557838441627635,-0.6979802784916744,49,0.0,0.06564856233710274,7.886827853067541,-2.2422559038024907,669.030128617265,843.9926320850948,2500.029328694737,0.0,0.0,226.67923781169037,-2.313399783222268,159.95633284979723,159.56756607762398,197.44721904424642,184.25585531850749,181.29845131336913,158.7942398442144,193.9676314688915,181.16832850383344,183.97158425784664,147.5245614316201,153.2071119963246,179.4344722321145,198.08004447043947,181.2860385605596,40.06989132534849
300,400.1313625128739,847.1922262611516,0.5969926125478905,-0.2193148335809938,-0.0376297490293801,49,0.0,0.009939281151607804,1.1289099911393676,-0.1316482916817609,400.1313625128739,847.1922262611516,1191.5204164945435,0.0,768.090360957116,226.79136147139505,-2.3120316276166974,81.30531927763154,84.25847569542898,84.33753757712424,77.71413984297229,83.15080403089519,99.89127335298528,72.06207128328323,85.14816921645445,61.35847766730552,65.01473261009559,86.8051992708613,59.71897441559628,145.2192756851896,89.10111979459539,16.434846774124583
301,1063.0250039407786,848.3404989932516,0.3267371751918051,0.3091224074964665,0.07278655153388112,49,0.0,0.01476190100097957,2.4588579144054754,-0.9768335841764991,1063.0250039407786,848.3404989932516,1373.5889508129876,0.0,0.0,226.5149464140886,-2.311623661476289,88.7523796055057,89.63584842098714,102.81028971052707,92.272773126131,97.843692775976,115.03404517531101,96.29981493152516,113.4067488477632,115.06416822896642,67.86353743837499,76.61426559574869,108.52907824602369,106.91561026828532,91.7237336690784,10.822964772783699
302,575.0703576264729,849.0577673907179,0.5558932948057619,0.5992700766003028,-0.08303931202067598,49,0.0,0.019909660614532077,2.001586368218499,-0.7534358365043019,575.0703576264729,849.0577673907179,1770.5326141006144,0.0,0.0,226.71841652073132,-2.311278179500609,141.7664733970998,115.76714224491525,126.67450999213496,119.32253732064325,133.87857049944824,102.14720338357728,125.13291854360575,115.70067319439288,141.01350788736187,102.26272806406266,128.2461860214907,110.6827727778909,145.13624919230068,135.99594466506903,26.80519691662106
303,1559.9781981884562,849.6882866669347,0.5420458114118129,0.1818528606321293,0.26478458277224376,49,0.0,0.012790831198187023,1.4642127936850196,-0.4140104930482976,1559.9781981884562,849.6882866669347,1244.3743127552648,0.0,0.0,226.30771817858474,-2.311079666417823,87.123287611569,91.35167755197315,79.60116580234705,82.24804978209869,90.28029960259167,82.51241989166428,92.69074695333597,83.8410626323174,92.45655479142212,65.73575375807846,87.47080192235569,89.55030158494017,104.26423312350525,100.55605051743873,14.691907229627006
304,2402.2664166858212,852.096652034532,0.35477346116964587,0.9058157369250422,-0.2651197283056984,49,0.0,0.009868706883885183,1.218625409839755,-0.21467557364341494,2402.2664166858212,852.096652034532,1219.6072604670335,0.0,0.0,225.9564882968633,-2.310037025247646,75.0255884956334,76.78222863619354,72.147727400048,91.62917040301458,92.95599170518562,91.25924471337487,94.88759517539883,95.74627852946463,84.52146142434749,74.60701553110711,85.38605931278795,94.00419442923226,91.17653960581863,89.64395485096102,9.834210254465747
305,1641.7386324577653,852.5163087989259,0.5225568717990859,0.26192922161649745,-0.18213464997583706,49,0.0,0.015952806686613006,2.0125889667388184,-0.7593877187609276,1641.7386324577653,852.5163087989259,1230.925085123909,0.0,0.0,226.2736241205346,-2.3099013553282552,76.71463280269943,81.47354958341757,98.41663603698362,82.23336170281016,93.86274329468347,76.80225589775108,99.46293715658324,77.29529772501954,88.16493582431121,71.04463476207778,79.64177654430651,77.58352313260309,88.90214531122982,110.71035115010848,28.616304199323928
306,1723.8529651091856,852.6658670402352,0.8659662105677669,-0.16497762919120595,0.08024928324913244,49,0.0,0.036295783186377474,3.8475825619749937,-1.462969869390986,1723.8529651091856,852.6658670402352,1436.1934017159776,0.0,0.0,226.23938251346976,-2.309838215330332,90.5317782340044,100.2522744965807,106.90664403329703,86.3555869472496,119.51903926606033,92.77235153417067,115.05548426932867,117.79995948800288,104.87730740158526,87.91740985754902,106.06801206035531,102.23498535398754,82.50705898832786,99.67347677843574,23.722033007042675
307,1319.7490516928303,855.5959506480808,0.9653646725932099,0.05985118734040534,-0.1333634199890637,49,0.0,0.04559507054355658,4.399611110391558,-1.6085357252636743,1319.7490516928303,855.5959506480808,1527.776679368868,0.0,0.0,226.40789330747262,-2.3086134988301072,99.43516975253318,102.79525387064146,109.93212048532405,109.44287062308044,100.96611151745746,116.64132197835741,108.19716627357988,124.46194190620066,88.3158284705122,91.79809223719352,98.95488225359139,99.34132848183562,128.6905071256901,128.62988208037254,20.17420231249836
308,1034.0808680748444,858.254740219519,0.44982000955983864,-0.04901874286224009,-0.22642962179599468,49,0.0,0.020098823544325767,2.970750214713558,-1.1821653429625145,1034.0808680748444,858.254740219519,1797.8279091863674,0.0,0.0,226.52701532329283,-2.3074909306926936,127.87552620244432,136.3251754089402,111.83754980319397,136.04228367492857,136.95303655542986,109.73956373858385,133.58086271177757,123.38124219982022,135.69344538458708,104.0345830539954,130.15602660984803,134.7015147884219,122.96614123680024,125.06502020258098,29.4759376150151
309,1041.6567833463141,857.7921450918174,0.4807734410400534,0.005628318526464872,-0.36350797790001366,49,0.0,0.030207126314145585,4.348647440369015,-1.5958854984063409,1041.6567833463141,857.7921450918174,1912.319947270096,0.0,0.0,226.52385625657215,-2.3076841918604982,134.80282708174616,136.37768401661685,146.597247255486,142.64129300134582,138.60558967822084,104.45836605847612,153.0611194128919,133.56907424982168,149.91115503355655,112.02576413400067,127.55971680286096,152.4259387024816,118.15332436206293,131.96143993100992,30.16940754951809
310,1126.1987005858211,858.9982079628292,0.47884682974971404,-0.09524966324955521,-0.049583503956350576,49,0.0,0.026404450788628187,3.895671133292953,-1.4764557181649827,1126.1987005858211,858.9982079628292,1505.3863879177934,0.0,0.0,226.4886028191609,-2.3071870157620658,100.9314135348981,92.76550980085301,98.53519139913901,103.00529333135233,107.9266606116367,108.40733977070175,123.59949419773847,97.20561935098162,102.95498564136022,91.2680836384483,106.51497825113034,111.11849582574224,125.11109279790145,114.96109852330247,21.08113124260754
311,1446.544263411547,858.741115372576,0.6469327158283417,0.13557885150909207,-0.16020752911772557,49,0.0,0.08744748695006667,12.06783411238605,-2.7040733290452206,1446.544263411547,858.741115372576,2300.4469126737,0.0,0.0,226.35501991432326,-2.30730641910887,128.61541030207988,151.57242672993723,164.33419674349054,175.47955075874756,179.18883405423458,161.01003277051456,182.11597671176105,162.00044829181584,175.8688966307422,126.68410260040757,176.9988861937976,153.67706813669025,164.117980570735,165.91656517214025,32.866537006605824
312,1254.7109803216242,860.1318101644007,0.6252321570076774,0.7348115653291765,0.15808992355138723,49,0.0,0.012484167127310023,1.3303209377664968,-0.3098910661148786,1254.7109803216242,860.1318101644007,1298.7179429649836,0.0,0.0,226.4350138114879,-2.306721129669985,82.57725084943043,83.23227406763564,90.86086614577351,92.57543700333699,78.23434519849116,89.41496974348533,99.14190486753276,94.705225629715,96.79074190107912,73.33006078838133,113.63009683084903,92.53949371708222,99.81280863823511,90.9691365999297,20.903330984026184
313,855.0280518679388,861.0668427441553,0.9428949348988562,0.27446503483370077,-0.4938438520125399,49,0.0,0.014700666790606415,1.178989962629682,-0.17877526932572568,855.0280518679388,861.0668427441553,1267.6706725685767,0.0,0.0,226.60167818627315,-2.3063049331190375,84.76029269245777,69.84618795821555,103.02423051922395,97.55289245610349,99.09633496643073,77.88884011597042,97.11579963994416,93.64389068340495,97.3795436150061,65.68354686902086,86.2789440562685,86.37413388431395,98.1381602643776,98.21406190666335,12.673812941175548
314,1110.110240722708,862.4243673783465,0.6303611197513631,0.18536893707835647,-0.09223716936923869,49,0.0,0.07642026321041558,9.01566472362844,-2.3874943817672887,1110.110240722708,862.4243673783465,2827.584386065423,0.0,0.0,226.49531142474754,-2.305758552407154,209.94550915079566,180.31217735764827,202.34966215836488,206.29820253134872,207.1994031275808,192.34470420758782,230.35686361516431,212.30257820394382,194.32414064273013,142.4553037547613,211.69031356490103,186.8586314911557,229.06171464963097,189.322754240973,32.76242736883673
315,1684.434235221407,861.9508678899056,0.2256674276314028,0.3105828300110732,-0.44747797947559226,49,0.0,0.007318590444004815,1.0931559426694388,-0.09670530013955703,1684.434235221407,861.9508678899056,1132.075010043445,0.0,0.0,226.2558201701029,-2.305970078025422,65.5533799181377,64.89254335790781,80.57289837282109,77.45683178266657,73.59936847356775,70.04071863231218,73.92745495757815,95.77132570244572,83.67101752624879,75.1808273042361,86.48559148284521,103.63464983883144,88.62896057511085,83.06282047262673,9.596621646108963
316,2746.2635774394535,864.1668570624673,0.6407535966811737,0.2251031796063475,-0.3663627121255212,49,0.0,0.13482015759778831,16.947369366169408,-3.0727557374065793,2746.2635774394535,864.1668570624673,3998.17539048886,0.0,0.0,225.81305043621276,-2.3049671536889824,274.5607270468315,253.41751686397544,281.91519559391133,262.57285752718656,311.8920515484274,291.2506785066673,327.66583872495414,292.80412940728365,272.20443064005985,258.1250645159589,245.56898038671272,268.87889255550476,311.4386049291444,298.4706631689491,47.40975907329279
317,1199.5434352904697,865.5699174184123,0.6058630898540573,0.23602319487891615,-0.19817619162833383,49,0.0,1.7384469934462903,248.73286882108476,-5.989332947336616,1199.5434352904697,865.5699174184123,33821.92757845717,0.0,0.0,226.45801819583795,-2.3044528124512342,2366.161258535024,2268.2534805666455,2312.7162675437985,2444.1818718756176,2428.3276377308785,2336.2616480781558,2535.8552673341437,2461.0770392420236,2524.321895927659,2025.8642070272426,2303.0554363929077,2448.1686525993064,2432.584281442065,2451.693311223231,483.4053229384733
318,2687.7609911115055,866.2395897811914,0.5223124458427776,0.28509537868694595,-0.39047352853611283,49,0.0,0.010813651670417692,1.19572731095742,-0.19408037210487317,2687.7609911115055,866.2395897811914,1237.5626398234267,0.0,0.0,225.83744453117188,-2.304111532578333,91.43489098136219,85.17171612614038,94.65090325951343,66.36653781793402,101.23762139546841,74.74614881398573,85.50464011663273,92.72502697410101,91.78022994145647,68.61024373442059,108.04313916537677,92.28575391223615,79.70520638723261,85.4845500925556,19.816031105010552
319,1264.7827555739025,869.0828072325685,0.6238650677225681,0.017319593599316466,-0.17453550766992854,49,0.0,0.9746441922459108,142.19562649894186,-5.382215597584484,1264.7827555739025,869.0828072325685,17028.792691371465,0.0,0.0,226.43081360383027,-2.302992084379394,1193.7507314001305,1142.183145716398,1227.2087756281499,1215.6712135507469,1148.1727482038973,1132.7064280538712,1297.7015343680596,1301.9510656918396,1226.283858735663,979.2246793862901,1219.061254525881,1236.0565256504274,1238.5958490418957,1220.8860157478962,249.33886567031792
320,712.5975090332149,873.0575307245509,0.33140892549826684,-0.3198396593259448,-0.1713817367056313,49,0.0,0.009357812089417808,1.1946058965219881,-0.19306163518685318,712.5975090332149,873.0575307245509,1226.7712035847976,0.0,0.0,226.66106826922623,-2.30129486525044,82.11711111526493,86.54283180812234,76.20113499952828,94.7112328812495,79.84434625239192,86.50941172140963,98.68785373343952,95.07077837081391,73.75757383908994,65.7302751495138,75.71498496006451,107.73244592935552,83.68594835783284,106.7529012707802,13.712373195940883
321,2389.3954445326244,872.9492716769684,0.5935260419375165,0.6003829788359492,-0.1597535714331301,49,0.0,0.013233653869724197,1.3672977057775177,-0.339657712717695,2389.3954445326244,872.9492716769684,1195.3034987871308,0.0,0.0,225.96185704526926,-2.3013500783051732,90.51851072355556,72.45680554251823,77.25861975997225,96.44926731961982,81.16156061157842,79.71632872569879,89.34215108809548,81.67018799873901,83.65092380672911,70.92710157819867,74.26075829260137,101.31413252303642,86.27348758344148,94.32888830365587,15.974774929690348
322,2500.105869300493,873.1169915471327,0.5518959854617175,-0.1315753670955708,-0.4239853792318307,49,0.0,0.04250725018633105,5.994850488733329,-1.9444458907190327,2500.105869300493,873.1169915471327,1791.2023353675686,0.0,0.0,225.9156928722177,-2.3012688175205733,135.18442762723387,123.69848043132205,117.36886628240472,151.65876039924578,126.70274351014828,126.89316362886547,124.30520659123863,117.52302638050162,135.8632071488192,114.12298578222473,116.4423027965997,121.86807758445232,136.78465452594526,124.84300807189,17.943424606676725
323,2078.7692650260565,873.4440534922687,0.5860141415186929,0.4748897967118207,-0.07149651213920695,49,0.0,0.012465492479591658,1.1564869144541923,-0.1578518078282296,2078.7692650260565,873.4440534922687,1317.984507325741,0.0,0.0,226.09138450040928,-2.301167890822964,89.3771191857289,82.0068597158257,82.42049934386695,115.8383908133072,103.63565818338893,87.30278083332215,102.33083663510018,79.73000419541742,108.76621197592486,74.62204004493537,95.17247832731195,98.01559956230722,95.09194854548097,88.32543391485723,15.348646048965985
324,860.3030763450987,875.229989425319,0.5910512005544583,0.06607429738946219,-0.1293346089761657,49,0.0,0.01464774027521978,1.7548466801903513,-0.6105979460843827,860.3030763450987,875.229989425319,1195.420747310523,0.0,0.0,226.59947746425382,-2.300404353141449,81.56440805862593,86.17142146614098,86.53768755353647,88.08805682694035,79.62264944076624,84.84575582202339,98.9289581948655,80.68489850551012,85.33591460299753,65.67573181610976,70.67391044927012,87.70741489069644,92.96398509597566,87.76373129802823,18.856223289036137
325,939.4609964017603,874.5200213287559,0.6219605615981196,-0.243747580371687,-0.2389669226212118,49,0.0,0.08554695314109534,11.124396746325484,-2.615691173436807,939.4609964017603,874.5200213287559,2768.1762159959944,0.0,0.0,226.56646976309202,-2.3007069118179695,195.3834681498481,192.24439617196552,191.88172990448749,188.13933593059718,200.9791871858439,209.23762592312409,201.66719847177148,207.68211036443128,186.47840042799328,158.9238960413979,192.08036428039935,195.90180816873644,207.8453173243176,205.25991375026533,34.47146390081581
326,541.521494077785,880.206653831101,0.8712282958004103,0.28760233414421066,-0.6882633833946478,49,0.0,0.022315932818831565,1.824485172862965,-0.6528508457795354,541.521494077785,880.206653831101,1571.3921372141863,0.0,0.0,226.7324020914594,-2.2982959580688718,121.59883209043183,107.83898845943209,102.63384868364406,127.30245412238487,116.92807294161555,97.52166843187865,128.80483020444825,79.99396135234335,118.1071914980672,74.62250734529641,95.76111560816838,123.33861445234515,121.70256984016382,127.79134079502239,27.446141388944326
327,778.3619290378058,881.6414191223174,0.38976114657751104,-0.2104448342930731,-0.6749371921213155,49,0.0,0.010853185181451903,1.3187517661539405,-0.30040763569048023,778.3619290378058,881.6414191223174,1298.3266067054712,0.0,0.0,226.63364500823965,-2.2977252546290936,97.00513487632368,96.74780134960739,91.91720191667312,108.20839740531628,96.37479820954306,90.58566406112857,80.05027947737113,106.77274008008484,82.25917645544573,80.60359103267146,85.88265063929231,80.59348911025508,90.72379796471307,92.14138646964946,18.46049765739606
328,1333.4180341089211,881.3915640751926,0.601527499596788,0.18852776122573323,-0.1593321111973125,49,0.0,0.09329409077084655,13.25559845443226,-2.805998349333569,1333.4180341089211,881.3915640751926,2588.4666816190434,0.0,0.0,226.4021926488991,-2.2978661088248407,197.9690959835067,159.3348246835052,189.60114565134364,174.82097837841178,172.67262301549977,185.32541762039088,171.82985142476832,211.8112091972315,171.80393462930382,165.0138521783725,170.8808474208453,209.6876028138502,208.9604627505212,176.18150262729193,22.573333244200633
329,493.3500388489723,881.621909885839,0.49898685395177683,0.24988137491161827,-0.7749296631602144,49,0.0,0.5991505666235081,82.94754597942651,-4.797008854642393,493.3500388489723,881.621909885839,20887.30349391126,0.0,0.0,226.7524880011899,-2.2976999591444383,1527.2305733643802,1348.046082942396,1505.5824531368382,1560.9974660600428,1452.7460442857814,1398.3554891888903,1631.6675618292006,1570.7863747016158,1471.2125058128968,1181.8140522046726,1410.0125217331085,1494.8431054658254,1521.7450727439684,1537.7288951610699,274.5352952805759
330,2631.3044808830095,881.8520154981892,0.3076619552752717,0.25671421577753456,-0.15877231721491555,49,0.0,0.012357868914854292,1.4982886198654979,-0.4389887022024897,2631.3044808830095,881.8520154981892,1395.8959982083172,0.0,0.0,225.860987080672,-2.2976140085240577,85.7737888931445,89.98455240141591,93.72839095736288,126.98451783527122,104.1349893738618,80.23462989373922,84.50173336833842,93.44779831945976,134.0949538847019,74.63240129738509,84.23182352228142,103.88691889562736,109.85404226542246,113.83165854714389,16.573798753161352
331,2290.107544166161,883.4970954689275,0.3413619550644462,0.22073734114635896,0.04461984290830673,49,0.0,0.009087359385971558,1.3329403955408754,-0.3120268242727398,2290.107544166161,883.4970954689275,1132.4153351935263,0.0,0.0,226.0032593887254,-2.2969642657454976,81.63977606790195,90.55017743365106,59.96168759800449,88.06604349489356,80.54057144186203,73.541607287092,83.95665953686054,92.63656289882653,96.2714598301037,57.40449322992099,76.08719461773867,72.55934324298485,84.42297882982632,81.48559944760855,13.291180236251005
332,2574.741792856868,883.3347868222953,0.6237586158346482,-0.09001323285873182,-0.22028919242880227,49,0.0,0.04348994529873632,5.556747590828082,-1.8620516747058493,2574.741792856868,883.3347868222953,1781.4628045588227,0.0,0.0,225.88457240545736,-2.297003112883005,118.93835626687765,125.90500504765618,121.17765213662003,116.04436434619626,103.20168154856157,137.19013785256442,144.85479621736914,139.87265696799608,116.78803628674336,104.37055433392294,116.90489393282374,152.4144137956501,135.3741319809278,120.9056600411393,27.52046380377397
333,2759.361744995936,883.0932009961832,0.45705365674854187,0.08668537126287572,-0.5119190802441604,49,0.0,0.024239776395592764,3.285762020903686,-1.2915902635791348,2759.361744995936,883.0932009961832,1661.132920974106,0.0,0.0,225.8075912301606,-2.2970798371022774,101.45860825628478,88.76969872769867,118.5122499597802,106.27857981077007,132.40103238460915,114.5362345470758,147.1692038923312,126.39391954356105,117.89238227121282,93.9860574353569,141.63303116695545,122.61752796412135,109.55518066846511,116.80525268839497,23.123961657488394
334,1220.9758510424376,884.6769206696895,0.5160403371275689,-0.40747351970755535,-0.00936840548583375,49,0.0,0.01099695265283511,1.3881170280069464,-0.35606520433734384,1220.9758510424376,884.6769206696895,1164.1289299254747,0.0,0.0,226.44908022700503,-2.296492832809881,82.85027934326833,56.899781931124664,80.38876214513837,76.91815060991235,91.11059573349687,63.448135570979574,110.73324520880934,83.91348329092665,86.44820164823253,68.14568025779833,82.08001860339931,90.45176409734817,87.49198065471273,93.80109857550707,9.447752254820479
335,1888.70733231376,886.3365272859035,0.7067629765392852,0.6750103174915687,0.05020642198257594,49,0.0,0.010695994664870232,1.0436094695175968,-0.046345027882886566,1888.70733231376,886.3365272859035,1147.0957894092821,0.0,0.0,226.1706395435217,-2.2958050548450966,71.6780163150431,64.50990763221932,76.05704582725028,89.87434031542206,79.77309929304155,84.22773158645856,78.25960741134571,95.52507274457136,77.65825653969125,64.67609372608243,85.66451020220612,84.0993733488173,97.01480336479244,79.91470185029337,18.163229252047394
336,1977.369600887038,886.1832923773444,0.5970965945183322,0.035999968712679575,-0.21351853783667865,49,0.0,0.7138488798642503,103.78007885838431,-5.040284990905658,1977.369600887038,886.1832923773444,14353.341316611502,0.0,0.0,226.13366796530724,-2.2958653192536174,996.4407698322743,930.5473134237805,1039.4469716462463,1048.8485448787603,1118.2297237842897,1011.8495496762173,1055.8047329570752,1054.779868629461,1074.043184712143,838.6049283313548,986.2994577067562,954.7238576084619,1036.895269687485,1012.7924672715947,194.03467646559903
337,1309.8886697530259,887.2768752113215,0.4376473827520814,0.08922513172886394,-0.2124988035407985,49,0.0,0.01341789604284567,1.8235773649583467,-0.6523104822747237,1309.8886697530259,887.2768752113215,1302.1105581761885,0.0,0.0,226.41200408492443,-2.2954131701247986,99.20296963650954,88.82207216271303,98.30146203818876,82.95970893700819,91.56678869464943,88.09897535148129,90.91573097012633,102.30881696093991,101.3457313933154,84.7288891757132,79.58873409674115,88.57971909333465,97.02780079522543,92.05335289852965,16.60980597171262
338,2523.0797492414376,887.0313490643955,0.48070625953555307,0.32210869252321017,-0.21515794450421957,49,0.0,0.013235128176796679,1.515858560981542,-0.45164670203481755,2523.0797492414376,887.0313490643955,1288.4039365458798,0.0,0.0,225.90611460921292,-2.295468909735959,76.44089332756403,84.31747262371461,99.61680558787307,87.31423761463219,86.1652022272083,87.19990005040162,98.42989116625256,74.73366986199318,92.42398018057877,86.00876944720574,112.52063655016057,95.63952833158979,99.54602890944284,89.79294715820006,18.253973509062398
339,1521.749333835004,888.8037364767014,0.4764852874344455,-0.31258492329750526,-0.48802528861022687,49,0.0,0.012076007595708706,1.6639075570255424,-0.5528229854923385,1521.749333835004,888.8037364767014,1166.4558552011003,0.0,0.0,226.3236592720555,-2.2947817472158247,84.46141879810193,60.278247790572664,78.32236415524122,96.91860720728161,79.71093170050018,100.34343938829,87.96352554642782,92.75538891462575,72.56180302428142,60.28183710185334,76.5168046232864,88.3988957849914,82.966742330297,92.33514306331168,12.640705772038142
340,347.8194149607063,890.1708403768978,0.43392138016275994,-0.22505875359112143,0.07085593080698849,49,0.0,0.009784065077204016,1.8984969029206338,-0.6960247324944178,347.8194149607063,890.1708403768978,835.0507941752813,0.0,361.6759987567772,226.8131681130469,-2.2941172743511618,43.38545169117859,64.94838522502894,66.84378647036482,110.23543910777443,23.345458947057217,37.84241789171595,78.05460449960749,67.26994461079605,25.10838615436751,26.976339581854152,40.92359808846557,89.21291487593328,72.65641728669718,83.15418396458989,5.093465779850292
341,2417.961398074735,890.0036321459529,0.689434522541414,0.3414559922590624,-0.21193874414683622,49,0.0,0.01849437512950696,2.090515411375969,-0.8006334338429327,2417.961398074735,890.0036321459529,1171.2696244480062,0.0,0.0,225.94994700564752,-2.2942416210538497,81.73870516238927,64.40538458118536,80.19380334534029,76.82551483799817,75.21672814576107,80.89294425844861,80.89311204478653,87.69623619114891,71.3757838704528,70.121679896241,93.35015759575477,83.45755662922363,99.00564682415987,111.50177233410483,14.594598731011128
342,942.8728571087888,893.20411207073,0.6323559785098383,-0.03326567876654146,-0.3176055784311689,49,0.0,0.18458395248601545,25.37083755821067,-3.5108370116594685,942.8728571087888,893.20411207073,4310.292749567972,0.0,0.0,226.5650457599098,-2.2929224484271495,284.6802074180704,260.5161293272021,329.421740018324,310.6601298895873,312.880729332855,287.26703598574846,337.34580723754993,315.67771635386066,312.0252565931338,230.91713743640238,306.4671836528013,342.98505943185774,322.4571426057396,295.64031353483335,61.35116075000681
343,1948.5434070058543,892.9969519493412,0.46206341756128977,0.20938500604066923,-0.19163457998531713,49,0.0,0.022933136218975025,3.578315220683482,-1.3841964893859666,1948.5434070058543,892.9969519493412,1384.0198440722397,0.0,0.0,226.1456885336202,-2.2930276486433807,100.10491202963105,85.36608656578454,114.97323133032879,82.67702351384926,103.10635221212767,104.92901391785782,99.61953202842868,109.2301140715831,109.84681768368227,76.65946458146823,68.19464300560931,97.85296105523787,100.51091057879597,114.43505155809568,16.513729939759504
344,2499.894717404357,892.4217881318871,0.3359861017720617,0.007504824094046186,-0.1741621228571354,49,0.0,0.021052246177518566,3.726902916823547,-1.4283701995952454,2499.894717404357,892.4217881318871,1521.956426465628,0.0,0.0,225.91578275546914,-2.293225566784583,93.5678967387488,111.30686093060909,102.26692736740824,131.41034046550092,99.36963185389615,130.03239142436382,111.62432752624142,94.8573073346005,99.41525495815642,95.14681564684997,111.51845021110815,94.10818421738722,119.68406846015323,109.94332165634108,17.70464767426302
345,1173.8503560522518,897.0203209388407,0.550648548291644,0.550974351991596,0.5660213827632499,49,0.0,0.014115840861707868,1.4916319141570944,-0.43415416680169294,1173.8503560522518,897.0203209388407,1335.931238249661,0.0,0.0,226.46873064021125,-2.291347602948223,108.32354589374928,90.38376246967363,105.19962164126417,93.12239443709511,90.71065342992517,79.05780533388653,111.48423098219396,85.94994256573722,95.04788244938264,78.31710022983131,95.90298563037962,90.18755647474615,83.16996934357218,105.88402047697753,23.18976689124651
346,1621.8426367182262,896.615031496532,0.9922474664700678,0.12928050626388546,0.032735874090254774,49,0.0,0.02410675874309126,2.2009020745950347,-0.8565017994670632,1621.8426367182262,896.615031496532,1442.6618455672087,0.0,0.0,226.28192083673247,-2.291527476077039,116.15120077567735,94.10730541777414,105.07837954305307,97.67204649644447,96.58539593869021,72.55019684228233,123.56957263690988,104.86946692759757,114.82072661368343,76.82404540848987,85.55426563976671,110.61346490265751,103.6035329751538,121.13673036212481,19.52551508690368
347,2621.5227523193957,895.558027111164,0.5202722320821198,0.07356571019028263,-0.4976247218076464,49,0.0,0.03500858093218169,4.572604933659422,-1.6504092014927036,2621.5227523193957,895.558027111164,1864.7674249518486,0.0,0.0,225.86506727806326,-2.2919047008914126,142.59456618567606,133.56516027602254,107.59583418082214,152.10912964743093,125.11319172770015,108.20143367545796,125.28038281055208,128.35450085570403,150.05023260957026,137.94179635163312,120.76058659484133,130.4786924585531,140.78984701981662,138.0782589864176,23.853811571650777
348,670.0495839287769,897.018909217282,0.5719920915330906,0.10422403100995899,-0.5260091513746951,49,0.0,0.2686746658491431,38.1029606387025,-3.952396805271499,670.0495839287769,897.018909217282,7041.995067480619,0.0,0.0,226.67880749718208,-2.291306746511627,478.2317840936412,452.51575740124673,514.5711446715165,527.1957444144662,504.9922035257955,459.86042115159125,580.7443933912729,495.27976360232765,556.6886090886208,401.9721880119598,490.65943489571015,518.078856202964,503.557504242244,471.7368309867086,85.91043180055361
349,2436.790751492764,897.4079667864277,0.28335305790713117,-0.17026940249478034,-0.3554455081050729,49,0.0,0.01322582415598239,2.158840431220737,-0.8355513575709023,2436.790751492764,897.4079667864277,1301.858132617047,0.0,0.0,225.9420961920475,-2.2911547302864843,95.51273034350726,81.76253307228181,84.68031310575962,83.21624606019498,108.17305482864231,66.917093548617,85.60248964907976,96.20554798597688,103.32052918514317,68.22790849681884,82.51614252617958,99.3024073421251,114.31464145661226,112.59980527136243,19.506689744746087
350,861.9808858711765,898.7345178834078,0.6304027092612324,0.4084612261845438,-0.3603759779875151,49,0.0,0.01705867958237618,1.9091754639324678,-0.7021146108162704,861.9808858711765,898.7345178834078,1364.6678405445618,0.0,0.0,226.5987760062102,-2.290611355705304,82.17590844882022,86.63743522548192,99.02172403674524,117.16239083012593,75.61717840578041,93.42173003787371,108.06883446648735,94.92101077470315,99.82356532904777,70.60484981583332,96.64473924276066,120.91661396922701,92.8261860260736,106.07050297063225,20.75517096496926
351,1830.9582734643125,899.4668342217069,0.5144814319271186,0.2533009902156056,0.2122155856205301,49,0.0,0.011454861220190125,1.1282535201779924,-0.13101674300869368,1830.9582734643125,899.4668342217069,1195.242238260174,9.217834949609987,0.0,226.19472089020164,-2.290336065417214,84.30354411449366,67.5102044249263,91.48483514047962,68.35274441040723,94.63066682698661,75.46600927115969,95.98746358880182,93.4673425389646,87.83750575111051,54.801615033790156,72.62441864619973,88.75973162339646,88.90258098857046,113.9690735451013,17.14450235578569
352,1982.7636387547018,900.9602985164656,0.5832829129825611,0.017345924860916205,-0.17403691038526078,49,0.0,1.0003175149223447,149.80717520125484,-5.438831537341937,1982.7636387547018,900.9602985164656,19421.463265395127,0.0,0.0,226.13141928922715,-2.2897081711950027,1377.9768933519285,1229.8111277231974,1441.6921280782499,1416.2768789380607,1381.6199022422852,1369.9569370129655,1459.812122062403,1390.5299995184216,1427.0831302717838,1154.7718411544067,1311.9368305842552,1322.655596375009,1466.4007564263693,1410.0087940025255,260.9303276532695
353,420.1727601671879,904.2468464208089,0.752550404261061,0.4828149304487107,0.7545075323417535,49,0.0,0.033465927957971146,1.250293406674757,-0.24252985241456884,420.1727601671879,904.2468464208089,9274.645574517774,0.0,5179.149884855101,226.78299771183202,-2.2882633248974953,688.7052178824667,641.9380292909977,671.6446534243631,597.730750510332,717.8119618520665,647.5777945846104,673.4362279372696,714.3714113832663,616.1167049042648,510.09113933543614,654.6203346634802,641.6683265541496,684.928661709364,691.5563359040926,122.4480245816134
354,607.8355805878825,905.6051714010175,0.7766239537368813,0.47399031883723636,-0.274426673122885,49,0.0,0.023387172386225806,2.2993358450833314,-0.9040060243171488,607.8355805878825,905.6051714010175,1393.7715717239503,0.0,0.0,226.70474822955907,-2.2877220707585777,96.11058117964933,99.62304658674589,107.7852402032872,99.87819052971365,90.61370636293145,107.35242325682273,94.77360524941363,86.99590580096,105.58035296978866,68.22497975377746,99.13320036672641,105.89225689769196,115.81453600114753,97.1582021830605,18.83534438223387
355,1496.6161918626804,905.6701916271052,0.5155379586956388,0.08036742490169874,-0.2986216410166388,49,0.0,0.02255970323798499,3.3532661721165797,-1.313670069445501,1496.6161918626804,905.6701916271052,1371.3643305776006,0.0,0.0,226.33413948902148,-2.287753964724133,109.54562051468106,91.87094167105309,98.27134942719685,119.77587501846978,69.3543769571908,100.53693249365034,93.33860701481086,102.4232628599244,88.74245195530727,80.39406002048614,97.70148073848279,107.73822924791196,97.23681929785673,97.60680024686852,16.827523113709947
356,523.4662338620067,911.327812689525,0.5512684447040385,0.23902041293340068,-0.7650842732228401,49,0.0,0.0563075589667755,7.070800741982819,-2.1236714970568458,523.4662338620067,911.327812689525,2699.9171929096783,0.0,0.0,226.7399270684463,-2.2853272025316156,193.5284653369314,171.47165346183155,178.33852334525665,177.46161735561796,213.6056013465832,179.47525170951303,216.1001420722335,189.74940643651786,210.73788418507354,147.26832102292605,219.0700455193321,186.35461308591226,209.55318347498692,160.5681784456524,46.63430611130994
357,2481.0495966756143,910.6076066501004,0.581005179646456,0.44301012506290943,-0.036836111850000894,49,0.0,0.04784845975741706,5.778355295593306,-1.9045106048346905,2481.0495966756143,910.6076066501004,2325.4346828036805,0.0,0.0,225.92364244357395,-2.285650528691862,181.36556802207173,153.52569009720008,164.51842886537005,185.92761091865214,161.70680119647912,165.2876569554747,183.01062348394402,179.00250395631264,144.91859038206658,119.77546500532335,161.7157163437733,165.86142951703442,161.5302032172754,165.8233630662513,31.465031776451976
358,654.7907379941915,915.5346277537424,0.45704848931970493,0.7282612267237397,-0.21778581529904048,49,0.0,0.014980560288650477,1.6907370270062387,-0.5701901594417068,654.7907379941915,915.5346277537424,1439.535373931276,0.0,0.0,226.68516820449258,-2.283590507773251,114.21411142429008,90.28721962349398,87.5029728505343,108.83531298593067,95.28140041804005,110.26183297140707,109.6991018402281,109.2674494787779,123.27778712293949,67.59037335690998,86.81659700845066,101.22509746681519,112.4166903059399,99.78854408371984,23.070882993798637
359,838.8029350083317,915.9829694839211,0.4024567166948301,-0.5200230726044186,-0.25219453831082755,49,0.0,0.008505024664524234,1.006800109640271,-0.007358135427210496,838.8029350083317,915.9829694839211,1185.491814053818,0.0,0.0,226.60843940468862,-2.2834226867410687,86.74770458165872,55.92042707836835,77.57579102447275,96.89066381980912,76.04175341130808,84.62054328251676,85.9694942493212,70.14588744598387,86.80738141328722,69.13169751416183,85.30058332806904,93.92740415377509,104.00636046919269,93.58637011922794,18.819752162665257
360,850.4152633073979,915.586092422001,0.5648212469598274,-0.07669940803380793,-0.2928582331659675,49,0.0,0.08531570347364104,12.595671059198837,-2.750553275862324,850.4152633073979,915.586092422001,2632.8408890303735,0.0,0.0,226.60359732751795,-2.2835891061023594,163.9458492661609,165.02156492859632,185.56017006948065,222.8406452613458,176.46535096904623,173.40389654745564,202.2630090340163,172.5331369434986,216.89497679974497,156.52596761742046,172.63267370639215,173.78420415142847,201.67222320058323,204.00190598562384,45.295314549580354
361,974.3152309414912,918.3037609947155,0.5043993164094126,-0.2038992116331244,-0.2304188415810753,49,0.0,0.013161696819858966,1.7034780580979616,-0.5783413598634256,974.3152309414912,918.3037609947155,1337.0361538568638,0.0,0.0,226.55193306927538,-2.2824670855196416,94.46309533066461,87.97332836846572,88.62351107639715,94.1106976056833,97.55310721059514,100.82619238568736,93.60148358597606,97.02981508235592,99.79425655775484,93.43504522800876,87.02110458079613,85.33007219084504,105.34923570508647,85.06032183431479,26.864887114232445
362,2170.3797994891765,918.709230061595,0.6724314246587817,0.25929239945073707,-0.049973865364494253,49,0.0,0.01418268565977575,1.5595737407304715,-0.48251478539755194,2170.3797994891765,918.709230061595,1219.9148088666318,0.0,0.0,226.05318645798454,-2.2823022121704173,89.57816505543786,73.59002944439871,73.37528180153419,83.93278059149159,79.56142358248786,77.22241123167318,84.07411227338585,102.62658760458297,92.51242077614046,68.96678296188745,85.7751823818734,106.55233231715914,77.64706578942685,107.29010232798475,17.210130727167503
363,340.89216940630854,920.6486107937681,0.23667662733037498,-0.12587206950486277,0.5419219843101297,49,0.0,0.006113096091172329,1.2188273414742103,-0.2148554700428815,340.89216940630854,920.6486107937681,1068.1955391505999,0.0,548.4295902489249,226.8160524386876,-2.2814180050514725,106.34437313966704,60.570390509348044,95.66137370432891,47.12730565095838,83.23612352219126,60.86667176460477,59.90599709599766,32.097433745689266,81.07281216461166,36.06080407971529,31.55749107670455,219.09027966620374,82.38686316026346,56.9170818905205,15.300537979795369
364,759.5433782757361,920.3292873578412,0.45919611513131153,0.4165450342551322,-0.19329750201532958,49,0.0,0.018592965687233457,2.507149094969759,-0.9979504033013051,759.5433782757361,920.3292873578412,1427.8971007307655,0.0,0.0,226.64148854325606,-2.2816041261283058,104.00117866296019,101.22525980456338,104.1777644993941,103.9176126474447,101.95804874894277,70.88539356640231,121.44157242811198,107.28881724180519,116.25679267607215,99.38541778530012,95.8004142419473,98.98027104615555,103.16314738876453,88.24769473449248,11.167715258408633
365,1597.8673329292158,920.177782045574,0.7447130982419029,0.03433276911319478,-0.19080430022264597,49,0.0,0.027482051024581525,3.257897465061659,-1.2823435293828358,1597.8673329292158,920.177782045574,1334.8175465594586,0.0,0.0,226.2919184040094,-2.281709939270207,88.9707969609276,103.96970326068252,106.02411339053191,106.104113399477,103.8730296319844,87.30593142809185,94.96781585519437,110.14249312355321,96.69996375019736,76.80672643651856,83.16486230159681,88.07129073676373,86.98545019559462,87.12587408426629,14.605382004078374
366,1795.7057017169932,919.4493493613029,0.6892622987917851,0.2796446427874662,-0.007288104809532602,49,0.0,0.023822458195135326,2.828632252682776,-1.128941222467101,1795.7057017169932,919.4493493613029,1387.3940755552303,4.3880569721694584,0.0,226.2094213915428,-2.282011145361441,97.31279903273617,94.86369695823043,87.24335601771908,97.92799008350863,80.86230581602851,73.57322008325394,113.1138933764336,108.45077798695112,89.77733362774245,92.58867961600306,89.29709333379736,117.30333410918715,118.14933600321092,104.62501270840187,22.305246802026033
367,2120.973571696496,919.6612376862778,0.46141505394541393,0.15026491171970122,-0.05445059050761287,49,0.0,0.01240890536472541,1.7291906676034041,-0.5946072074800799,2120.973571696496,919.6612376862778,1230.5608331523458,0.0,0.0,226.07378820404924,-2.2819088075560483,78.50870821107601,86.12027242655995,77.35050003272579,87.00810968357958,111.27980523094058,67.52342528101305,90.47537122095248,90.95171506967671,90.82166566587534,79.18467065767365,101.7081893523836,84.17055608392636,76.80984778679812,95.08248331804481,13.565513131119717
368,1140.9552431105283,920.8987096054855,0.6644575955180763,-0.12319123556138782,-0.3592437102703503,49,0.0,0.016416439435240817,1.6980431386781232,-0.574871798179558,1140.9552431105283,920.8987096054855,1231.9302886551,0.0,0.0,226.48244642169473,-2.281396814473935,94.18525523312294,72.73144978971607,102.63449551247015,90.5248429241567,90.63535058574223,82.39083271735169,92.92234890053135,84.66839426327327,99.6899716836268,58.99909273928932,84.2931290918887,87.81327962692163,74.75284122358852,96.80412066292706,18.884883700493724
369,1219.8310768369636,920.598688351385,0.20484001608740615,-0.051198058457604056,0.04282958032721369,49,0.0,0.008654952460750792,1.4266106585803435,-0.38576366106035015,1219.8310768369636,920.598688351385,1214.3734532141093,0.0,0.0,226.44955614251361,-2.281525819722797,72.74367665420449,75.07876381658903,77.4022967282912,86.74836439112977,84.85141099252567,87.14271144268932,78.40481923367054,92.29700036211977,89.61418748558391,84.20506658457924,92.56736193210446,95.43134416480645,96.97335778226048,91.09463119724492,9.818460446310056
370,320.47541737553155,921.858285059572,0.7779535835771662,0.453092676062281,0.1646272202782513,49,0.0,0.009896452696948721,1.284810693103603,-0.2720978561389816,320.47541737553155,921.858285059572,538.1803553719749,0.0,153.26660387194698,226.8245651726415,-2.2809108789726023,30.75945588156629,62.61095764543022,11.609414277325556,58.62800461164239,68.4515144075413,41.27446040410364,80.49158852960889,61.583915275955654,18.186208339666322,25.364908750146014,10.604117270163016,25.37115165399768,19.566825584432518,23.458109732519212,0.2197230078761956
371,391.7808728056732,923.5634097543797,0.723805476775255,0.3516435729422554,0.3189420649207129,49,0.0,0.03968144024023299,1.0585083748037214,-0.06173574614992534,391.7808728056732,923.5634097543797,10998.896033403413,0.0,8581.134608909948,226.79483358929863,-2.2802111628285484,832.1073256133543,731.4819605086641,755.5517907180213,803.1209074300018,817.235277525049,742.8311007920007,785.7862723326868,792.1775141922711,862.8950454796202,634.4060320331739,799.2414883746216,703.3152414361815,832.9274291094043,760.8770049486833,144.94164290967734
372,1705.8999848375827,922.2442591963127,0.422279319254955,-0.46505873137748055,-0.2000669984522341,49,0.0,0.016290501454722276,1.891364581161078,-0.6919381297871436,1705.8999848375827,922.2442591963127,1593.672100343491,0.0,0.0,226.24686966492388,-2.280848258208262,109.36461593447058,86.32552000173058,103.05719031898423,129.12039480689393,103.20954659898729,77.19660000894505,123.08649919487391,112.84512137201034,108.99166132659481,96.09075908927815,116.12544314273455,117.55036750483447,140.16165469175252,140.69413309469132,29.852593256709127
373,2532.1389069463485,921.9181385573572,0.4874269081238236,0.09455611197801868,-0.30310133713873855,49,0.0,0.01176378064000617,1.333668394010285,-0.31261964787549745,2532.1389069463485,921.9181385573572,1242.7755471012192,0.0,0.0,225.90234059076795,-2.2809324338657593,98.46200833366689,88.79638882880175,90.62920305258717,96.39169245157635,86.08946249206303,81.82921327113388,81.73352185234222,85.71687118352155,89.04910225770149,54.033563646277216,83.63976507467652,97.15227690303422,92.15601251704362,100.70089210935852,16.395573127434858
374,1993.96252225452,923.7009718412188,0.5606155105056333,0.5194118264546194,-0.2565348926879625,49,0.0,0.017218756174441126,2.1785622250622505,-0.8454249224022136,1993.96252225452,923.7009718412188,1373.4733213840566,0.0,0.0,226.12675040368978,-2.280232640562669,102.3827624709136,98.25446599260223,93.87805440236556,83.72746705913875,87.12341606204293,93.48136912615172,101.2958477278417,107.02748811865555,99.23616541134899,86.68771612684111,98.40447887491385,100.93391883948172,98.88344256813797,107.89478633667844,14.261942266942544
375,499.5248934858318,925.0984912431783,0.7526467087365084,0.13417234990484828,-0.6414376532099333,49,0.0,0.023180159835684153,2.2824349175891157,-0.8959960067700672,499.5248934858318,925.0984912431783,1601.7491886948885,0.0,0.0,226.74990821115182,-2.279586592701096,99.47514473668008,108.88932252749647,130.06300816773592,126.22179732000359,112.50736808059993,121.71037904174301,103.6252610233559,108.55196577480245,105.62536950305241,90.5179542268504,102.81461194539372,127.11529114604332,127.58945287713067,109.36759365955638,27.67466866444445
376,1095.5387171520197,925.4434698425214,0.546439878301104,-0.10121110187980009,-0.19563909004306923,49,0.0,0.011731192241933532,1.4402714720126586,-0.39611089635828595,1095.5387171520197,925.4434698425214,1172.9695858986706,0.0,0.0,226.50138427797125,-2.279500579259781,90.40102494121697,68.65475265787526,84.91415232759505,83.15146718584539,75.19532326492873,90.09106648728246,91.1804980382328,91.1318437553328,72.06060075268059,62.37511747849673,87.41803254509823,95.22496317753007,73.1081616784856,92.18434137611172,15.87824023195829
377,1273.262998460055,924.7864215549134,0.5840826823321927,0.09130077203353325,-0.6992862084151967,49,0.0,0.013304603245860988,1.514308323602398,-0.4505357737860033,1273.262998460055,924.7864215549134,1209.9303920597297,0.0,0.0,226.42727545466963,-2.2797832613040856,87.7199088442656,57.979845686520406,84.05397397948197,96.10720013539955,87.28771622315679,87.46225714078805,94.59825325063767,80.85998683332794,90.40459368854525,66.1336265255506,83.1867499652098,85.37704952447675,99.5122369578186,93.48743050285232,15.7595628016984
378,2158.751738264509,926.293235116202,0.8369934011945506,-0.14446820963745113,-0.019914949097268805,49,0.0,0.014900615609066406,1.3106947565094278,-0.29375390504752513,2158.751738264509,926.293235116202,1161.7706746435201,0.0,0.0,226.05803563665847,-2.279143105007025,69.1406656712274,91.45778033893461,79.52256843738957,86.04838100640242,89.61851869489317,68.41189248332851,89.7617466588172,70.86008275913612,96.4989236215888,86.96809610371245,79.00398325490515,76.00348330306119,84.89706421230674,74.73491590570444,18.84257219211227
379,399.8260528956952,929.5660184499229,0.2600247254924902,-0.45320275980161207,-0.13302192134698648,49,0.0,0.05820282916252291,1.0203319950140588,-0.0218537630883561,399.8260528956952,929.5660184499229,20348.968814198488,0.0,12865.771881139593,226.79147831027618,-2.2777114006389176,1439.924487817054,1278.0984835321956,1389.8005500186148,1480.642329430257,1478.10405563507,1305.858806738248,1547.2399368687563,1533.9024720426291,1564.3932554198716,1207.4829448795465,1454.2656791532477,1489.0930228272077,1543.6658239331932,1364.6716654917882,271.82530041080906
380,767.4259435486389,932.0204672167495,0.2339558813231554,-0.2504236263209743,-0.3267754121422617,49,0.0,0.010080683951642801,1.7597951286192413,-0.6136552779315843,767.4259435486389,932.0204672167495,1303.077116563717,0.0,0.0,226.63820066668384,-2.276733804309363,95.4945428199468,77.99054855847464,99.19660656406451,93.15780844068323,75.97718546213892,94.39351839177503,106.18889713122563,88.74283233254117,98.15575853488181,85.21559505300829,86.59816575490328,83.91171284570088,102.69907419372288,99.24950765220333,16.105362828446673
381,1276.8287084761525,934.414031556445,0.3701323023746966,-0.37359395753334373,-0.4038620703963492,49,0.0,0.00878753349818367,1.0730552420002049,-0.07655520118304927,1276.8287084761525,934.414031556445,1209.3773306267803,0.0,0.0,226.42578826181327,-2.2757720037346747,100.38167491736039,73.01671591735031,81.89953029970196,81.21613780122006,102.20190634928309,77.98689949125186,82.25548128088374,74.97076045715933,90.70816951855349,63.08378729276092,87.26900020994992,92.58526484863997,93.04297248637131,95.73971602768162,13.019313728612248
382,1566.0864704529104,935.4052950766614,0.625589078843083,0.008287557931242041,-0.09927412457522995,49,0.0,0.027585726885823936,3.5289537892939893,-1.3691149285678006,1566.0864704529104,935.4052950766614,1404.477703802499,0.0,0.0,226.3051707193013,-2.275365223151054,108.27313940537815,98.78912641836132,94.22545155182422,85.13952237953121,84.77294299766271,100.18180482543633,106.30609747908841,101.29659447589921,111.51321866480136,83.98381188496035,94.68466937049615,113.82986120202438,106.55425760991474,99.52745458305219,15.39975095406832
383,387.67190784772606,935.844972675147,0.686324860868082,0.08031739258478049,-0.8006110402229251,49,0.0,0.020072422310888682,1.0155300300964525,-0.01673192598019846,387.67190784772606,935.844972675147,4905.602601728458,0.0,3626.8757892262233,226.7965452849217,-2.275093565788711,348.84735033335915,307.54295580703956,402.3556878923555,351.82097645438915,334.10105018665337,312.00075986155196,370.8611762019369,327.2696786494777,320.6164942558429,277.460175813515,337.3876222703326,375.96385991084526,395.66715440816876,376.343123144156,67.3645365388335
384,1356.7760486179654,936.8523263486837,0.6946779027903041,-0.06474443605151421,-0.17486453460897228,49,0.0,0.019185613924325128,2.1871718045649295,-0.8497072466246645,1356.7760486179654,936.8523263486837,1227.5779641852428,0.0,0.0,226.3924510469783,-2.2747588040175892,85.83823640316322,70.76450595358003,96.70459050126982,85.80695777940497,93.30961190198698,89.32196998802331,82.66972902239507,99.47880669777828,85.61284727014015,77.3428786515623,84.08109520914957,69.16810353434869,101.67344017669967,88.37620012503484,17.428990970705875
385,402.56578661972486,937.8383123083366,0.5101120439266759,0.13559476440126483,0.9072266596360575,49,0.0,0.047823347555678686,1.3561862120623684,-0.33079831180490044,402.56578661972486,937.8383123083366,14693.458099001025,0.0,7864.430831437396,226.79033490393493,-2.2742652194747586,1065.9273745219639,915.9272289863395,1031.0342068365096,1034.3054543299065,1051.2276352241001,978.1539096641511,1148.2519775710116,1008.1412934922853,1129.1769009209004,884.4328051399443,1019.937188591233,1106.7199662215132,1116.1705240103495,1010.2391203138052,193.81251317701287
386,341.8885626793777,938.9908738243914,0.28008392616806393,0.20575803841395376,-0.9443455276832154,49,0.0,0.005875849799009443,1.0032984744393347,-0.0035753797062916346,341.8885626793777,938.9908738243914,1349.4955727911852,0.0,696.6994699619742,226.81563454268368,-2.2737760491752677,92.82294563778865,88.44299656994514,128.00093308342295,79.54899120829802,103.60269717208618,141.8976639805146,69.7539875774057,153.29482847826407,77.86803474496503,53.58048145373232,91.98041565237332,77.80350597596845,62.19764074027351,98.60387371059646,30.09657680555056
387,407.57708102543455,938.7771801129288,0.5364454841023432,0.43624419510518264,0.12574056176999956,49,0.0,0.051365983799848594,1.3964665847824775,-0.36257637046813207,407.57708102543455,938.7771801129288,16658.723149678037,0.0,7913.410191691397,226.78824528238556,-2.2738747691932537,1160.0478130800116,1026.2775797793015,1210.372647537625,1155.9084522907947,1197.9417178351036,1122.9715228388673,1317.1841564362044,1119.3722481395569,1324.9646778614997,989.4872837969046,1171.4229495827674,1234.5001010240003,1286.9216281082681,1111.6826011034968,229.6677702636361
388,419.6951864106179,935.5812013885323,0.8188784349076282,0.07895277871849843,-0.25074054492259745,49,0.0,0.06176813561011349,1.7712585662335731,-0.6207049090336056,419.6951864106179,935.5812013885323,25816.309500666972,0.0,9820.556719340515,226.78319292740085,-2.275208077154566,1795.5842948434074,1650.4268963219154,1882.4179847174244,1973.976812075721,1879.5490643296969,1766.767886037745,2007.5788917160596,1829.5022932939596,1953.6803099068877,1445.882518700288,1823.5941899465113,1834.1606886438772,1880.6830936717333,1755.629646843488,336.87492961825836
389,2483.7910994632425,939.420482923816,0.9863865232706254,0.3495827927634279,-0.2960227437719814,49,0.0,0.016015685196332893,1.1695609468731145,-0.17005714552755566,2483.7910994632425,939.420482923816,1312.47737029997,0.0,0.0,225.92250199571419,-2.273645408872556,91.15961139832129,78.92807590045675,87.80111567028835,99.77942990651853,86.212882989235,96.0305533293055,111.7401496857412,89.2927042204349,108.93173704038787,73.86340637241878,77.68286895314716,96.32757406021686,98.52757465007824,98.51917161256881,17.680514510850845
390,2680.7504499865854,938.9464679204932,0.4422518532107241,-0.11616444064394266,-0.3208028638099927,49,0.0,0.02938062014018907,4.211599833683907,-1.5611177496602755,2680.7504499865854,938.9464679204932,2020.3157404330768,0.0,0.0,225.8403760410344,-2.273819643094201,150.86210240741775,135.44359243389115,140.06696362092714,149.1765456198783,156.24548854693333,147.28355824695507,137.41203029843035,146.38809156288062,138.99326541727748,105.18151834533757,139.8703714827143,156.4626756590649,150.7355947566444,140.6922104120222,25.501731622702067
391,2728.044724211651,942.5971087352634,0.43661400710246623,0.024277071676908117,-0.4356779424627116,49,0.0,0.017576534211360444,2.3763760052037886,-0.9397878963974177,2728.044724211651,942.5971087352634,1424.0293245982703,0.0,0.0,225.82065650115277,-2.272292348157369,114.61590778724866,94.30490385565935,95.1468807500494,98.62937432427753,94.62173549499474,94.10496737985957,115.9035336198884,105.30459940007097,104.55347958365874,76.36250450220038,100.43935701981833,96.7059524003071,98.23145701684537,118.62889310675874,16.47577835663281
392,403.2193368982368,946.6088117158862,0.33850950168248556,0.27427729653834393,0.13682138731529467,49,0.0,0.02243722329091645,1.1563205610443164,-0.15769562023188868,403.2193368982368,946.6088117158862,7007.659032277554,0.0,3245.757325539904,226.79006128940318,-2.2706111613146787,467.2310367232612,417.67960573807704,528.1212541766093,485.10219396100854,528.0755907044266,526.8795622155828,550.8781070148867,436.8632248434214,518.9463869219617,463.342979478153,464.8377763161973,491.772722185563,486.68400978297643,549.0248101948158,92.21977202061231
393,1015.2032434721735,947.9979906428981,0.5084031292921072,0.31085255797513045,0.42085663931668044,49,0.0,0.014802242748176804,1.0093023748282528,-0.010053237808602535,1015.2032434721735,947.9979906428981,3925.564376795037,0.0,0.0,226.53488157216228,-2.2700978845817668,258.86042466888915,254.95074095608922,273.9000706771858,273.90902471549794,298.4648428990031,273.66900018962133,307.9776562025177,306.46564448442655,269.47999471129276,211.3130569011467,290.9404930235652,273.43249621931295,290.969597142871,288.4172953323425,52.81403867127451
394,652.7845757531223,947.9520896590084,0.7678086088942392,0.33901421034558754,-0.3778638795459511,49,0.0,0.011830378661612979,1.018100939561719,-0.019477095594815266,652.7845757531223,947.9520896590084,1187.4191641142602,0.0,0.0,226.68600146881775,-2.270083643185223,89.11253014307812,93.61161039893814,89.93799266708223,92.0894881259026,88.87140056851321,74.88571404879767,91.5342926247637,82.99854261773358,77.04565011401321,56.000422086578595,91.37527588537313,80.81896766631289,90.51524311727565,79.62119246553831,9.000841584359167
395,2351.7255150344263,947.4658426855592,0.7932414886781081,0.5858082488672399,-0.11917789514650502,49,0.0,0.014124414312709678,1.2310116472156383,-0.2256554050690534,2351.7255150344263,947.4658426855592,1163.1379597941593,0.0,0.0,225.97757072955105,-2.2703062862338865,76.68996444600336,59.58689362782179,87.13398213890724,92.33971031297159,70.8955753505634,84.34702887088227,108.42781515088905,89.58274689564686,78.71009152412648,78.83717104320922,74.24008103912581,97.23209566522448,66.9825030677475,80.7905629477809,17.34173771325929
396,742.2158037905403,950.9732442940858,0.33088631721989376,0.40177477144425455,-0.42319907842982896,49,0.0,0.00852344048854551,1.0070941315335047,-0.007675163213691893,742.2158037905403,950.9732442940858,1156.976695812828,0.0,0.0,226.64871094664167,-2.2688345810474306,86.84545872246639,68.93328672905778,81.24756753467469,80.53843554119142,77.12102439897313,80.45798853889305,70.43579264003645,82.34522178474887,94.13476563954738,77.74582769708843,71.98883471731155,84.95092450156513,95.3470578341229,89.62849305313652,15.256016480014491
397,2818.9180645462075,953.5522126877025,0.7093229901077271,-0.08831796626113055,-0.389244329494834,49,0.0,0.014325456027136604,1.2578707659175032,-0.24909005958555008,2818.9180645462075,953.5522126877025,1347.1471292537617,0.0,0.0,225.78276741974827,-2.26771518892718,87.56145612155208,86.28740870239987,101.71397449801654,113.3993068087212,90.61946083424705,90.4160718567392,90.33985481892479,97.28600820119179,112.87550764087104,65.3486484742376,91.64007451434111,97.67290015807262,112.34987098707681,95.53346187480501,14.103123762565135
398,1414.608328333027,959.731485106408,0.42364895415774284,0.006201518595566323,-0.21921684577164846,49,0.0,0.019354829143788808,2.418747650695781,-0.958976401343793,1414.608328333027,959.731485106408,1497.379104684279,0.0,0.0,226.36833515002002,-2.2652275396137367,98.98296217519568,114.58996225669456,104.07083860672452,121.01505237850554,101.41301810326904,105.18849998360743,111.52170805216764,115.31750049295226,81.1870777052142,81.93803201528844,111.31508610372643,105.57729194178683,102.03284152251345,124.2916323997427,18.937600946890278
399,1001.2844033388894,963.3607986020724,0.5249450966331554,0.2131831660883088,-0.38030631843252655,49,0.0,13.369133082757013,1827.4845787148176,-8.154634302094832,1001.2844033388894,963.3607986020724,435052.0922772535,0.0,0.0,226.54068449669313,-2.2636959260584875,30342.899842659666,28200.036526228803,30867.361185300804,31723.39321035881,31128.963651823535,30090.5317054512,33579.110179397896,32369.248063683983,32236.16459967842,25134.899706047803,29980.585661091285,31047.702784253124,31655.876746738973,30781.640984708,5913.677429831196
400,1142.431523669339,962.8572816840418,0.7456555950070819,-0.05466770575358248,-0.520118406712017,49,0.0,0.018892857518196988,2.1537311113769992,-0.8329787040732224,1142.431523669339,962.8572816840418,1182.8925942039243,0.0,0.0,226.48182879740568,-2.2639146561704964,79.68506002568324,81.99162888996241,78.15170024583972,92.88791183603301,108.4185035416905,71.49870825338726,83.00530754282461,76.73675233876439,95.79198244738507,78.9063392638426,79.1481921690706,82.21671911556342,81.39720705263282,75.3210654227716,17.735516058473088
401,1893.3422336551914,962.9179888465242,0.596116027682919,-0.006257601722049966,-0.1829695423567852,49,0.0,0.208953375893286,31.298179993000268,-3.738797709522813,1893.3422336551914,962.9179888465242,4431.067599826338,0.0,0.0,226.16870919111395,-2.263896793059969,304.68836180111595,285.29459835728613,299.1042013187782,320.94045437218244,293.18628652828653,294.93896125191657,333.5121918851742,337.49829663605306,342.26593780264017,249.66408065795287,284.8775317216772,362.9740325068133,358.9383638993987,305.2335042839665,57.950796803096495
402,645.4892381300807,963.3157060502178,0.24006856090070072,-0.7940737854378267,0.18944684440698165,49,0.0,0.007049681152511023,1.0453297222289444,-0.04813324754924429,645.4892381300807,963.3157060502178,1204.8181139374424,0.0,0.0,226.68904184772163,-2.263681598089762,92.8417126104618,77.01895551383015,84.06158449911631,75.63750676131043,78.52360219775852,85.79576031158024,80.86604567452684,90.9404468725438,98.73953315573135,61.0776404085835,92.26846367588246,86.99938574979592,94.57130444287912,88.0105241547983,17.465647908643497
403,1863.7475299724342,964.8706269251613,0.7765501846272842,0.31443847684905907,0.16007126821992695,49,0.0,0.012433351065896828,1.1239140005489248,-0.12683270309161898,1863.7475299724342,964.8706269251613,1248.117015981272,0.0,0.0,226.18104982100763,-2.263084198463225,92.11210961975547,76.52327553250181,86.1516304565249,92.99363334815757,97.50811651327002,69.4731849938114,90.0427244896973,101.98022224695023,85.21285598194792,85.10091511061552,91.71713553903271,91.35010820348879,95.48011569147869,72.14565498346667,20.325333270572923
404,2730.6477033662977,964.7656070765115,0.8783683459176492,-0.38240410418324033,-0.5582157013743579,49,0.0,0.012515361494094221,1.0610354317801374,-0.06432471698630982,2730.6477033662977,964.7656070765115,1245.2247078451157,0.0,0.0,225.81957380961498,-2.263055637282154,90.57447969008075,81.39852986497755,92.06940404337348,79.83395765461576,95.37808580607697,80.36939700515371,99.0685595942704,90.03056870421071,96.21747222260669,74.71730533989458,90.34193923500786,79.02542043230154,86.12633080740038,88.21649443099273,21.85676301415261
405,2180.492943107126,968.1938558636875,0.5797990056682649,-0.38595566413392635,-0.39145025655256077,49,0.0,0.020947296657722558,2.5335558807788394,-1.0093262191158208,2180.492943107126,968.1938558636875,1369.5442334189247,0.0,0.0,226.04897246551636,-2.2616835705162597,96.72026573828325,87.05941820187769,86.03365082142474,100.49749054161003,107.65120667730167,83.73482652561685,89.6951125590042,101.64849777925599,107.08856180591968,80.11044962976428,88.25432021817383,113.1979279832874,101.95498392661563,107.82057515787149,18.076945852917994
406,1612.7571190202284,969.0044877652476,0.8235690301958882,-0.03499067359902645,-0.10452175316911896,49,0.0,0.01872339557988451,1.8727498867760113,-0.6811994487154422,1612.7571190202284,969.0044877652476,1185.1498505380273,0.0,0.0,226.28570954302958,-2.2613659330639893,66.72101953008413,83.33889430456759,82.98733511569719,81.49184936945207,85.57489639692024,74.15535717194976,96.01705299299262,107.64380902964069,72.7930188490691,78.80861261081878,81.77146506927943,85.27833559667593,82.10153617069997,89.15877154345131,17.30789678672835
407,2867.802922549681,971.0526040549503,0.5646540963952145,0.12872390062900196,-0.2516941603190371,49,0.0,0.010182826517208275,1.0167056461437078,-0.01798808840535783,2867.802922549681,971.0526040549503,1222.9515155487022,0.0,30.458492811298647,225.76238700357524,-2.260416536756102,91.21138148330648,86.4794463987558,88.79033850040643,64.71585777034065,99.92089731098655,72.62578427484678,67.01733791939982,71.76335192823204,104.9275360814955,94.6806295749961,76.44892587091353,105.18215987212676,87.80112028011558,94.7753145089393,16.61143377384083
408,1739.7642166905612,977.6649649965759,0.472933281188804,-0.5347906498184051,-0.09973980040281112,49,0.0,0.012362515056966478,1.4578563852480995,-0.4092868583666077,1739.7642166905612,977.6649649965759,1309.1903405063072,0.0,0.0,226.23274938054084,-2.257756326493259,92.86124186066749,73.93502867541895,74.91973473483844,113.66191253294933,92.05735677975812,101.39458318063154,89.8085573390915,104.79837872853972,99.8485010680255,67.3299634212874,75.2214389255358,93.70421888361959,124.21449690749816,84.61974681290747,20.815180655538143
409,2682.282930286963,977.625005305124,0.3203098773347481,-0.09987291526453336,-0.22904835117296793,49,0.0,0.01696329635604124,2.9547748837339376,-1.1763109969041545,2682.282930286963,977.625005305124,1406.1960308505,0.0,0.0,225.83974147870444,-2.257704237423836,98.89607742219772,107.13555220633407,99.78450257996984,101.45326705315478,98.75146977400799,85.83276329195829,93.51715037282707,103.72607369714724,81.52091485164345,88.8915140142957,100.366153115303,96.57372993576013,106.3003372320153,122.84137403799141,20.605151265893905
410,359.4730187435992,978.9927420207794,0.2843228200764258,0.47119192953025557,-0.7652916312900025,49,0.0,0.014259588017902568,1.856164213276092,-0.6715409881188743,359.4730187435992,978.9927420207794,1741.3449913444617,0.0,1416.572742374069,226.80829735092794,-2.2571122903397596,125.57969394632292,124.39355307890057,115.3084678713073,130.60176297722123,135.33321464739697,106.28829814213017,153.52387609049106,134.40225989012367,119.90494831146317,98.56867007574286,122.81904841423705,110.83087612137479,117.63123848310433,125.83417045372929,20.324912840916284
411,2986.837784588942,978.9276985378297,0.46564106935230354,0.07314023530037915,-0.4611773625226799,49,0.0,0.007722117146239797,1.067899139359964,-0.07132559126341123,2986.837784588942,978.9276985378297,677.5675979326327,150.73700060605876,722.8579068873472,225.71275682420023,-2.257116594437633,82.7624229369228,49.72590064653032,38.55558877581026,46.74852413962761,50.71590348179147,30.075133568419133,44.83700359553984,37.603810965219225,57.06570165634969,40.867661458406936,47.35251848896201,41.70188122621131,52.894145214667816,55.49447752959195,1.166924248582243
412,1247.2105504832193,981.1696973079468,0.7608728320851281,-0.3021881095683252,-0.43971787344142865,49,0.0,0.026973307137258096,2.5127176897818995,-1.0003592431117794,1247.2105504832193,981.1696973079468,1523.4847201857838,0.0,0.0,226.43813693445867,-2.256289759299357,114.45455435584455,77.98517454911277,103.32738197256478,123.74356781747029,110.55113257469296,122.29445041883594,113.03612041193406,113.76480562538704,106.22869952991667,91.2375420315813,87.80226534546748,100.4572668496492,118.90240374228225,117.59180963699399,22.10754532405069
413,1587.1243047984897,981.4602736130621,0.721235170954117,0.413590996392658,0.06784452315690857,49,0.0,0.01872777084393706,2.1443368948011394,-0.8282325449714647,1587.1243047984897,981.4602736130621,1209.3639349609534,0.0,0.0,226.29639807594498,-2.256176127910666,95.28426049937809,96.9212222061688,80.98693100974269,81.95811659066622,74.2957445829558,80.14414966647011,83.11496951206408,82.84976565782931,95.36254318881139,71.34928679794515,80.84989163623824,86.29154633053537,84.931387350033,90.73329258307822,24.290827349037137
414,2053.7275443958674,980.4656398862674,0.4113191694583803,-0.22874477181360064,-0.15402177142452483,49,0.0,0.019136492088213997,2.9918022652928262,-1.1898322166892985,2053.7275443958674,980.4656398862674,1353.1424947998821,0.0,0.0,226.10183183863364,-2.256578297807738,103.70413872677096,92.73732419949178,110.37346435802093,87.31850318311461,106.56073099680754,108.25278456098317,104.61226265289751,95.16995497530522,106.38891912973571,64.9109318835861,81.85866538094261,85.53050562181262,82.78248872019603,100.77882038757281,22.163000022644585
415,1010.9816067713698,983.0568409769085,0.3305545678142639,-0.6888158960942414,-0.7836528829632171,49,0.0,0.019628332375054118,1.1891006851677826,-0.18804657338749503,1010.9816067713698,983.0568409769085,6115.303670494005,0.0,0.0,226.53663973004484,-2.2554901783644414,412.1555699040565,378.86076165104316,448.5856829769783,424.288853184628,431.33758069311443,415.7803113712663,452.4762102197653,458.5775423612664,426.9355820666709,365.11865197089037,443.68479677177754,436.62484671364047,475.8906914385125,479.79550506674286,65.19108410365257
416,2525.0210941543196,984.3914050029206,0.6462825456733952,0.22673706730482,-0.06068614831216045,49,0.0,0.017701192711937774,2.140748786084958,-0.826414266066263,2525.0210941543196,984.3914050029206,1351.617390274127,0.0,0.0,225.905314637911,-2.25490386969735,103.50751027660289,92.30381341115489,93.37001554917622,81.37547241340344,87.7915385288875,103.05368324242211,87.21902952415341,100.6716207822471,102.11910836112288,73.24884623606042,97.89992663089211,101.64129643759956,134.61281576378985,78.319088889831,14.483624226783833
417,2568.725971029804,984.1770783095528,0.7146478548817492,-0.1104890512722791,-0.1712295889621747,49,0.0,0.048701594419235834,5.786497934084072,-1.906039506014325,2568.725971029804,984.1770783095528,1747.9986330055415,0.0,0.0,225.88709118578282,-2.254988233929688,122.1054741430245,108.72074819777072,127.4346676578347,132.86381255340567,101.06710037483612,137.19522321825536,139.7376947437209,112.99529692467337,141.7198341133951,110.67347630741638,118.720581691729,119.21599545847214,134.97049922437213,118.51632926397471,22.061899132660763
418,2662.9445749252973,984.3268805855937,0.5481933284708009,-0.08152133787191046,-0.2945681495068846,49,0.0,0.017522621719260903,2.238451152326874,-0.8748690540285452,2662.9445749252973,984.3268805855937,1306.3999353762167,0.0,0.0,225.8478055665572,-2.254914406075407,92.52754638986777,67.51611695920812,87.4889549019963,90.63904528180946,103.71337380703552,99.87427847894234,108.75673730194984,97.6026977185719,96.96590949487857,77.61035500865793,85.20090653449047,92.05429171592642,112.40414911067332,81.19007111252151,12.855501559687234
419,2422.0854279522664,987.9091026837381,0.6465967016015343,0.1125178353106305,-0.21434117020507207,49,0.0,0.044688266510506336,5.867907455098852,-1.9212081395228493,2422.0854279522664,987.9091026837381,1750.1331411698864,0.0,0.0,225.94823587705596,-2.2534489395329786,121.38854785093389,136.29860370858594,113.43274537466564,138.4653439070185,102.50061238267395,128.53610669900175,129.1414754663063,113.48058099095009,125.74778173994011,93.2545546940865,113.37742351158573,136.8722468206026,145.58756511273094,127.16040405542915,24.88914885537506
420,2289.7791840084105,989.1550116780975,0.6234938014481024,-0.007992678531683147,-0.5720319017585095,49,0.0,0.010944311555416383,1.1407101194773723,-0.14293823570319777,2289.7791840084105,989.1550116780975,1150.8657070758145,0.0,0.0,226.00340401661123,-2.252941744383765,91.48124461069023,85.65313582828588,73.21588373883179,71.44547445044985,83.27810341174211,71.47252219205139,83.13423820743574,82.82729627852649,94.50167689701146,63.084698038955466,85.82173257206135,85.46879365861814,82.42081109931655,81.15657480700295,15.903521284835222
421,1008.9262944956328,989.3137106889776,0.739833064674974,0.047617559663996264,-0.40054768905039784,49,0.0,0.01878037689010037,1.0246206179414776,-0.02640772681127872,1008.9262944956328,989.3137106889776,3884.078944919926,0.0,0.0,226.53749635801503,-2.2528830806524303,271.1948958378885,242.38620634509545,275.2265457554246,277.4422640694941,295.01752128295345,252.9102096666001,293.04207701966493,258.62476642151546,276.3020408031607,244.8523652064527,290.0554606473015,258.7634102052127,314.9118275190571,287.27125247591573,46.078101664188864
422,810.6199828844765,993.1932583585354,0.5531332024159732,-0.09502601448746613,-0.3206713307732617,49,0.0,0.23311370417165914,35.370786868554745,-3.8716118034010396,810.6199828844765,993.1932583585354,5574.116897197415,0.0,0.0,226.62018465974904,-2.2512503335118135,372.95225919560215,342.6279148170414,373.9803606651359,409.9344802009274,364.0485124920855,439.31634447970663,431.1611639324044,380.16110897338444,412.39985472272656,356.1834096225582,377.4341320344671,429.19657920315626,447.371565186119,368.7293766494274,68.6198350226721
423,938.1965436778037,993.933291239827,0.665729001731118,-0.33138966099949446,-0.4250460255509457,49,0.0,0.0179085377595743,2.018165967261609,-0.7623921957607243,938.1965436778037,993.933291239827,1346.060374636737,0.0,0.0,226.5669886549838,-2.2509530297964475,98.83108619179148,87.30541371418043,103.92261744428058,87.27699988012205,105.40867234690135,82.91862586224555,99.57449259735955,110.85530054013219,81.16110311414349,80.21542963912086,86.86870064927643,95.90235330645929,111.34226264714533,100.07274123759518,14.404575465983296
424,1560.9206265165428,993.8698341783129,0.6367653565000071,0.10702874664391894,-0.11664947816713057,49,0.0,0.05201195337018017,7.17273167257127,-2.1392114611324624,1560.9206265165428,993.8698341783129,1790.1352655656206,0.0,0.0,226.30732458246933,-2.251005497764744,109.19270139428909,126.18869830511741,124.862740018227,128.84292843451917,118.29260707757287,128.64186524365982,168.93153922103957,132.86249107982434,135.21115200535922,95.86798054505569,116.04871730889101,114.50292388473778,133.59898689156736,134.20043928413457,22.889494871625814
425,1881.981046621828,995.7209783396702,0.7158489046555431,0.07537206299862009,-0.188092929838333,49,0.0,0.023322338620432446,2.743955905097392,-1.0959428201316541,1881.981046621828,995.7209783396702,1307.3520423436544,0.0,0.0,226.1734476222097,-2.250229579211961,94.59615499999563,66.62799119088488,94.98026931197333,87.88302080470439,101.39367922881613,81.53024536749676,92.68407472582791,98.92464261121417,95.65961430450324,78.68473745634779,95.3646084114119,96.4208709053418,105.26086585027338,91.30682238912198,26.034444785740963
426,679.6953374137171,997.4421652925438,0.6809287026325322,-0.4250875491278541,-0.26918678205973134,49,0.0,0.012509322050416915,1.2029302582623111,-0.2006011229426511,679.6953374137171,997.4421652925438,1178.8215686033136,0.0,0.0,226.67477566762648,-2.249466690923637,83.97259037820086,75.75793725380606,78.35743691972394,75.70587595994397,81.78187327136752,82.69160302225984,89.56044165814532,102.48696235268945,89.5582224030672,68.13217635184688,82.40632494585584,88.81992882932217,80.20892575553745,79.78292696234423,19.598342539203106
427,1276.1024831440154,999.632764238564,0.3657684695368927,-0.4588215279083704,-0.2867759138858248,49,0.0,0.010395520520381698,1.5568475223262292,-0.4806151996042593,1276.1024831440154,999.632764238564,1176.721583210506,0.0,0.0,226.4260888505537,-2.248598156354676,82.11992604824368,66.06794391930873,91.86012215729245,75.48165992392316,83.79479474533977,88.85770845681992,103.98328427328681,79.6213948928415,83.00593803803082,72.36259272619863,78.71753052814415,85.75157202240023,84.38350209650446,92.2164480532507,8.497165328920904
428,1256.4872112359767,1003.3374180287532,0.46711509857010963,0.11762732828512057,-0.16004198190164223,49,0.0,0.02398842436992638,3.5264611190889856,-1.3683477497595118,1256.4872112359767,1003.3374180287532,1461.2237635487934,0.0,0.0,226.4342679173183,-2.2470538047915016,102.75606302946929,100.07119933657364,112.14807577624326,100.10530189911246,86.25643316138738,89.26603748615156,127.34514369076317,112.48412952411246,100.05990518422432,79.78442158046127,112.73970189677047,99.63581488897584,109.45711940116391,106.64485327526864,22.469563418115825
429,2298.362573373435,1007.9006341117774,0.5920541956748147,0.20114736379506817,-0.25188267836144357,49,0.0,0.01610444261186306,1.8977043644781504,-0.6955713910446066,2298.362573373435,1007.9006341117774,1302.5921825779715,0.0,0.0,225.9998263484752,-2.2451306091248124,87.34560688661446,96.34692240216444,92.98077726208072,96.40282446392374,87.77133173971876,70.66114051406643,106.28292325078675,86.73447046152518,98.72267394661226,86.72488727981289,83.91223727014766,87.9973609351236,101.74889580932893,101.90471837745815,17.055411978607623
430,877.5849832580896,1009.6580268700608,0.272663772197652,0.2510931221406327,-0.16692345656725216,49,0.0,0.006962081393126511,1.0345076474512576,-0.03683426368516124,877.5849832580896,1009.6580268700608,1152.5632345792815,0.0,0.0,226.59226088307682,-2.2443962717457775,94.5340405151766,92.443112974124,74.05118977669119,82.57506063368237,62.023222499210306,70.42185690549468,89.26455980645531,75.29567147691552,63.384904742129265,65.80907520606056,102.06076257131255,98.56828367278683,81.33312079175062,83.11320548118148,17.68516752631035
431,2683.1654429477826,1009.1864348774675,0.4876934925396769,0.37892345826651086,-0.09479516951658211,49,0.0,0.01675010396958728,1.9079230829269394,-0.7014021558288224,2683.1654429477826,1009.1864348774675,1463.226922325483,0.0,0.0,225.83937712160875,-2.244554192116782,112.47020878290927,101.28777477831937,104.85987281667971,91.20839250258749,114.07677944055975,116.76783752841902,83.64889079369873,86.95431193087356,123.76664709932881,97.2976898901587,100.03512502685078,107.50864764925493,109.17115864799634,98.90408349284459,15.269501945001966
432,1357.545861368416,1010.3745206387141,0.4742858921331451,-0.20535353825571967,-0.3131484504256416,49,0.0,0.02098183379018238,3.133723564193565,-1.2401517082826266,1357.545861368416,1010.3745206387141,1375.8166356120419,0.0,0.0,226.39212815327872,-2.244125264203714,89.2462271314948,83.14761138878907,101.53308537198174,91.94968982472668,98.469139859835,87.87788270995483,110.45314918581357,111.38103315270587,104.53980620843207,75.68935100993724,99.98850919058265,115.49864820895694,88.48334881395942,99.76010914602597,17.799044408845877
433,3045.4101618947407,1009.6267854140528,0.56330995434755,-0.10154065948595412,-0.7602364423580911,49,0.0,0.010325122810447816,1.6125655160460044,-0.5187934209492588,3045.4101618947407,1009.6267854140528,820.6810043900906,58.527075309634114,108.26792812525277,225.68834025095842,-2.2443163624217823,16.251144788986327,16.027106372426495,35.26322445766393,25.229158118153755,18.49093135215024,107.70768403886632,28.05166803349946,22.557715730775172,16.78002103240071,0.0,79.28509517481207,96.10983157979739,351.00871741657454,7.918706293984233,0.0
434,1002.4706030071674,1010.6523721857486,0.5069609143915612,0.11505304312004566,-0.40667579592078523,49,0.0,0.0305489649357732,4.364157487841571,-1.5997510360845582,1002.4706030071674,1010.6523721857486,1657.47016426442,0.0,0.0,226.54018688287897,-2.243991767741814,121.2048038389259,121.26148156820169,96.84274198734465,130.40010372280085,119.61892254807725,118.51980234203103,146.31525135069745,108.64640449441991,88.01105783281444,116.41061376871656,122.56561884924315,116.32500677561829,105.51727948664438,118.7464064785261,27.084669220358517
435,325.6692662905512,1014.1300097117334,0.26565298696465534,0.8772517207406948,0.5074952491609811,49,0.0,0.007205793428283178,1.3547393574315039,-0.3296393699124444,325.6692662905512,1014.1300097117334,1498.5039485418622,0.0,911.0708033584945,226.82238711995947,-2.242467596554003,111.91192074856676,91.1085910455849,92.025179214259,120.46324799705648,129.70144742164032,70.35592636937344,76.38083905391592,126.95703215728204,100.98024115761754,128.7562821197288,57.68159145576213,90.73770346561265,83.01132940737236,195.88388725377263,22.548729674317173
436,2071.7271954880844,1013.1302674246876,0.5832176720484454,-0.11651520094480627,-0.45030273251019176,49,0.0,0.018397719732400356,2.0742833317634126,-0.7921701937984122,2071.7271954880844,1013.1302674246876,1351.8225929315827,0.0,0.0,226.0943279534689,-2.242967385352186,113.87860453842504,86.2296167252531,92.03383343784901,76.94037663316831,98.52591266002086,100.47599786844958,91.07085461094948,108.2185979554997,97.30770041637416,65.94843240527439,93.7707175785297,101.32604111263899,112.35400933068118,91.40008962103644,22.341808037432862
437,2165.4111938655883,1014.4197222742762,0.5716296719249362,0.1966090542578072,-0.29128912227027454,49,0.0,0.029907399011373726,3.9596685416875963,-1.4941470831592114,2165.4111938655883,1014.4197222742762,1483.8193721024952,0.0,0.0,226.05526401438647,-2.2424243669091397,92.76564938417641,116.53103876471596,110.01519439469331,99.90065984081156,95.87153681276828,99.14427550130539,120.62332265521856,117.78533832661803,119.7317082128177,76.11573007340174,96.35468815491217,103.47052306354624,90.64952450823168,121.40323385728502,23.456948551993133
438,1102.2006621791186,1016.8801643332646,0.809739457183296,-0.4375758014644931,-0.15403369752620058,49,0.0,0.021276361597664606,2.207173092014785,-0.8595909823821422,1102.2006621791186,1016.8801643332646,1231.5466159286443,0.0,0.0,226.49860151843657,-2.241403409446369,92.44809998834438,90.21497430670337,82.18291613068843,81.11126375818938,87.89086175847393,94.84197281433023,79.36039591531346,87.37369427430474,97.91396028846694,77.90595246146324,66.48528981148658,98.77867875544106,86.85757303596432,91.23303065669,16.947951972784313
439,1665.9219752809838,1017.2609715967229,0.632740832086164,0.1215823645532253,-0.3867354761757136,49,0.0,0.018072720741609167,2.2385974289230535,-0.8749400015706837,1665.9219752809838,1017.2609715967229,1232.827358027082,0.0,0.0,226.26354082466233,-2.241259212473709,69.41498662959792,81.7907051847977,88.65697480845817,98.97623909762927,82.30588623786488,88.52689233686485,82.91886744158214,101.74470560687081,104.18301392153364,78.4767242427969,74.22913449689253,80.54827837657567,100.46228536646817,81.95601354099745,18.636650738151797
440,1868.1479144984269,1016.650569149663,0.5876084505506636,-0.11419354973153559,0.11467674084349765,49,0.0,0.012423113454484469,1.3900725946122245,-0.3575937031824541,1868.1479144984269,1016.650569149663,1204.5630581266141,0.0,0.0,226.17921638923283,-2.241509548030503,86.85212315663087,76.97019809241247,80.76797391190473,86.57610808715918,79.81128872168371,65.83949079203228,97.32878430565542,97.10850982955293,108.77096941070147,57.87020520487248,72.3254187128235,85.19422869532876,103.98936046072885,90.69137715638385,14.467021588743659
441,1883.4771605405738,1016.7443908749317,0.3312195517717306,-0.2106825359054391,-0.0017375431594073166,49,0.0,0.007474656746798685,1.0466520708262468,-0.04950584261042981,1883.4771605405738,1016.7443908749317,1141.5308878732963,0.0,0.0,226.1728243985141,-2.241469955900701,83.29966472960103,88.01136570760656,57.523796826876605,61.77732092741942,81.42685361734846,91.78863973046474,91.5172466841965,82.50432102474751,89.63479045530681,68.11455614930605,85.63666739843723,83.56801594061054,99.30206595260952,66.1996931567196,11.225889572045535
442,2220.409606155804,1017.1002250025585,0.9778096059706426,-0.1845308452573716,-0.1728507745350678,49,0.0,0.012788028150004993,1.008160677938278,-0.008824385781863859,2220.409606155804,1017.1002250025585,1077.789350147279,0.0,0.0,226.03233125757535,-2.2413036566281606,74.24690891939167,68.04089918970277,70.18130840527007,84.21940281282014,66.65120238008798,76.76205097436294,94.62329631676303,98.5860273808423,89.89743670247236,64.33106647369885,58.236164061005276,73.75931916388171,71.40843299707481,71.94405753066712,14.901776839238103
443,1301.1911416341823,1019.6583779394583,0.5947048264934743,0.060355878329549174,-0.42254352342692625,49,0.0,0.014505477992203286,1.6856485619810062,-0.5669175860097554,1301.1911416341823,1019.6583779394583,1211.4397072076313,0.0,0.0,226.41562670683646,-2.2402552553587394,61.88482241430451,108.1260324195485,81.55467452495654,88.9756814403247,98.02257693713845,70.48395204922335,107.06116456792373,91.93839315260755,83.80250168080097,48.84129309440735,73.53976905102758,94.64031941363433,96.25794810577918,88.90849358275743,17.402084773196925
444,1743.573314523702,1021.4429608857351,0.6971162289691958,0.014304317059253129,0.22924507284234075,49,0.0,0.013233690719383526,1.1530146772856849,-0.1545870891899382,1743.573314523702,1021.4429608857351,1229.6784206670688,0.0,0.0,226.2311617041671,-2.2395157890435904,75.31582405845731,83.01286617712736,65.1754482438724,95.56091193224884,88.58790515017438,89.42894840339441,91.4534847461984,99.76199912586227,86.7224524453828,65.65141833994082,87.10495863079083,87.05598958883701,99.05093192014141,92.27638867873657,23.518893225904115
445,1837.7292318934697,1022.1658711132816,0.4572445164285168,-0.364001794385318,-0.07281045002437796,49,0.0,0.012468044009273774,1.422174728987994,-0.3823823931882425,1837.7292318934697,1022.1658711132816,1245.4063300449893,0.0,0.0,226.19190052698045,-2.239212460719104,71.78360705673012,87.46571500977608,100.98074325667109,93.91549586937873,78.99743944870376,81.02036632007767,88.35300474823526,98.4027665744489,112.82887032051482,69.36873004474126,82.66427318326926,97.93091953729652,79.8492660350385,85.86514964057837,15.97998299952909
446,2142.102057954432,1022.6842457216642,0.4725075293791773,-0.5263319543080197,-0.13976747885716115,49,0.0,0.013409341923897053,1.6749728754715876,-0.5600194461509718,2142.102057954432,1022.6842457216642,1224.2578867869322,0.0,0.0,226.0649838253099,-2.238982433952978,83.96843296830744,88.73303592192397,85.8358884896757,98.91363764560279,77.33581240758491,81.82613045420942,98.24175471625685,87.36901121381764,98.60570927091399,77.78330909129174,77.33521697243316,61.1511902109671,101.84090736471843,86.74168456592622,18.576165493302913
447,1758.7722764367102,1024.4644523559218,0.5725628162680063,0.2524611730769837,0.025820117559838304,49,0.0,0.01320792838711177,1.590677915041946,-0.5039556284366115,1758.7722764367102,1024.4644523559218,1134.4564420473253,0.0,0.0,226.2248240770412,-2.238256585945782,82.69290502240338,77.48642155206774,73.73260585638366,79.48976014008355,74.41462261091826,78.58263054924029,86.45895592492639,89.12123705231001,103.18812731591949,65.09485494019889,79.30879999681345,68.91025805186827,81.78219359118712,73.70528938798184,20.487780055023215
448,837.1485606918768,1024.5372207651887,0.6800634687230743,0.5088405402429251,0.13525866962563118,49,0.0,0.01088216091893199,1.005550041941434,-0.006009221141552957,837.1485606918768,1024.5372207651887,1450.9157806286344,0.0,0.0,226.60912047697167,-2.238193246463948,108.8876836237159,112.11330595541008,82.77550839631326,111.57439974299632,112.38636734541481,90.50325174147302,105.53253612347825,106.82175083045871,120.78275934440158,89.12766729774773,92.98558754457345,98.58811088395561,98.65703645680469,101.00119524743849,19.178620094452395
449,826.6745714392342,1026.9894804620135,0.6832620143985928,0.013223304634314412,-0.27364748350640516,49,0.0,0.20661400949048825,27.61853065020214,-3.6030014242484865,826.6745714392342,1026.9894804620135,4274.84590448945,0.0,0.0,226.61348759545461,-2.2371705523236276,302.8142216370244,260.35471460793553,274.68752714326865,330.2033193855896,303.5716619846064,286.50471756512,305.4484760870511,307.71541352971235,343.35988580105555,273.67645906878255,301.36741169294186,315.29752668977034,317.6675275376894,296.13022882528116,56.04681293362037
450,3061.0561666739404,1028.0171882821114,0.8615249868905314,0.5054920578371334,0.5845516819618991,49,0.0,0.009086718605738042,1.1843921895757301,-0.18373883697521656,3061.0561666739404,1028.0171882821114,564.9369123326594,49.67902619342408,116.15778444264686,225.68181970854747,-2.2366515655796384,22.419865371400665,202.94075460235112,7.811133691731962,14.027871094787525,39.95855488270394,24.05954210162174,4.3169012656135495,9.450752763606797,25.285993954474378,34.49190634243915,32.19292097865075,100.23155675349388,19.77332579056354,27.975832739220415,0.0
451,665.3857110702045,1028.1892635011784,0.890164924321954,-0.11904825634433927,-0.579856797568278,49,0.0,0.015610604771932138,1.327157653325478,-0.3073062896450485,665.3857110702045,1028.1892635011784,1202.377614482671,0.0,0.0,226.6807392384589,-2.236654350222984,91.06758607687429,72.44329062084294,78.9719200105259,96.64696228824266,80.15240365096798,77.00508853769801,95.23489740482353,90.49814100245658,85.03285861752687,70.60867238630496,70.13999155479374,87.39449277161401,91.13761444853957,96.57139958514125,19.472295526318813
452,786.216355980662,1027.5430690810442,0.7106612676821396,0.2502003675892659,-0.1984336187019149,49,0.0,0.024699401745851435,2.87957661212665,-1.1483215939344236,786.216355980662,1027.5430690810442,1338.5617147266598,0.0,0.0,226.63035728633915,-2.236936095802509,105.83407553873164,98.80826497764545,111.39564607109126,101.61013743667328,87.29870514237041,81.81951393882127,97.18682584887654,109.75353409348791,78.4795901609707,67.92800971975694,93.96115640087396,97.98381021598725,99.52231046457919,89.00135521791572,17.97877949887846
453,1506.8197395947925,1030.031786432351,0.3998594985687244,-0.7503326255253969,-0.7812411081122762,49,0.0,0.011475462746975269,1.4418545867151882,-0.39730365828935,1506.8197395947925,1030.031786432351,1257.124406880285,0.0,0.0,226.3298834431652,-2.2359378679244792,87.41297652331413,89.21234731504032,102.31748693294026,93.75251631096543,85.87333555443621,92.31165191891745,106.43367513752672,99.80059861390409,87.2782407989232,63.10104780610538,77.50277036708252,75.6977545116487,93.02413385080052,90.0175366004357,13.38833463824444
454,2315.3832671489313,1030.0701802480028,0.7838080247426332,0.11287357372264463,-0.2638526762889986,49,0.0,0.19925601723298786,24.24004852585551,-3.4613337122597745,2315.3832671489313,1030.0701802480028,3755.4982779157754,0.0,0.0,225.99273087487097,-2.2358921602239494,222.34934462993607,262.24975117152377,227.2977389706553,271.49882005694263,276.3665252106589,268.7226149089344,272.6861224086989,311.96143989926924,270.60470388679767,207.17411196312412,258.7341252424216,255.67910072815215,308.0195696639523,273.5437522351365,68.61055693957223
455,2437.3913719414663,1029.4952216319589,0.3015245121981516,0.2576463888556715,-0.25055029074234203,49,0.0,0.009323780412110245,1.4425139227262533,-0.3978000338311296,2437.3913719414663,1029.4952216319589,1170.8453944604212,0.0,0.0,225.94185744288384,-2.2361205190226414,82.0526274513117,69.23356264171565,82.84558799222303,95.44847779388331,82.66134991614925,78.64761262407194,78.00202293378457,82.21300824826653,103.09105117953634,69.69514064030145,83.91711450062644,72.13345707810012,96.35206061749874,80.09155695637139,14.46076388658043
456,2737.9517663114448,1030.2730424845233,0.5456075581083613,0.30880443356808396,-0.23777209154046303,49,0.0,0.06382630540253793,8.372515940072233,-2.3071399576180927,2737.9517663114448,1030.2730424845233,2602.6101970843747,0.0,0.0,225.81653619835373,-2.2357613411344546,181.14323546399078,150.30150742292614,190.33013867706995,171.50749353366712,185.95163239701054,193.62518511499704,227.11094574102472,197.296561575736,178.02549474583105,162.4469872818916,175.5649780490462,197.14924017111002,168.13375129849288,187.9004052124128,36.12264039916772
457,1329.7336602958471,1030.676690778259,0.6029222064937128,0.1360742269190646,-0.15507738279186803,49,0.0,0.3130849223271524,45.94488895264354,-4.1555930154684315,1329.7336602958471,1030.676690778259,6382.782873071852,0.0,0.0,226.4037247358644,-2.235665345306763,431.667264813005,406.559276895329,460.964619207256,444.3080504940889,457.8039440953971,451.7546502704484,522.8960659892294,464.2400768586157,484.2686820881316,370.0015192432919,421.8237224687746,460.81429306252335,478.9868040183119,442.75855391923267,83.93534964821593
458,1099.0645946914758,1033.7743193315346,0.3948606138440662,-0.4557234150950557,-0.17378418039915558,49,0.0,0.019951541643833216,2.5050672868251693,-0.9970484890854194,1099.0645946914758,1033.7743193315346,1606.519382399518,0.0,0.0,226.49990828826674,-2.2343641623056394,102.41143842896142,106.54581162452298,108.63794823324419,102.1228493959967,128.25447133372654,107.926706242599,114.15341711465419,126.63555415291097,116.21215927079957,93.14769886511257,128.9159739515662,114.24277729606024,113.04096301394571,128.37216973068956,15.899443744728178
459,1877.8239586157267,1035.8406737871226,0.6182961127312936,-0.007728300561146742,-0.17661743856408602,49,0.0,0.06507038295516962,9.19593820412544,-2.4089901104683378,1877.8239586157267,1035.8406737871226,2026.990201076091,0.0,0.0,226.17518223230718,-2.2335135141355655,137.95332875688567,131.79587722746538,154.77473731174686,139.67618223642796,137.31088958234528,146.62360875913015,141.70109866090365,162.0041601302785,137.11921292860956,119.39223555383066,130.028107147466,157.15181707103164,150.67586216677,154.67550905023035,26.10757449296877
460,292.362580490786,1038.8519624932026,0.6556450568683786,0.6400108496845903,-0.31549347330210464,49,0.0,0.00946689416386562,1.2005496482326128,-0.19845031208134714,292.362580490786,1038.8519624932026,1243.2511727848726,0.0,569.1801339046613,226.8362707676622,-2.232162325688605,114.21721919345228,119.3864701491992,124.59893039940411,117.64390680419487,82.5829984865982,51.43168622834642,130.9032459018123,67.42384842512521,63.864307545759054,82.18946364273575,88.28951047811267,85.92965012434945,51.28909119334314,53.13050913803996,10.370335074399703
461,2154.091941541764,1038.4091274658447,0.7911588459133236,0.2626060056651465,-0.11108212632996359,49,0.0,0.012740796173184497,1.1970164934898349,-0.19525033629646374,2154.091941541764,1038.4091274658447,1130.5222465266088,0.0,0.0,226.0599852682275,-2.232429787820056,70.41152289849273,69.64047477501198,87.82560434842011,73.45088218040564,106.18314970546206,68.2397627727342,91.19832968748145,75.68599693945497,87.37124168496985,73.04172905067429,73.42186756264655,79.46251459645468,89.66439714712084,63.944502601870184,20.98027057540905
462,2639.793350847543,1042.0488498666048,0.2889356150426822,0.25560198297046366,-0.3272319910237667,49,0.0,0.015111003759618411,2.1968213976794937,-0.854486875169691,2639.793350847543,1042.0488498666048,1468.153112549277,0.0,0.0,225.85746507162438,-2.230867614833279,97.93338384796427,91.15817451471875,97.51279122793045,109.55837909052887,99.25216180281413,102.08926804469428,103.43677507175985,120.18512080710241,120.84904551049362,82.35621964079542,89.90440411146996,98.8644219530398,124.85784003222247,105.51228027275829,24.682846620984407
463,292.95181626398056,1043.9400495608795,0.3702753095094358,-0.551862919013567,-0.2350594217868428,49,0.0,0.008161210955396197,1.4879443405123398,-0.43146671468381853,292.95181626398056,1043.9400495608795,1405.3074495425544,0.0,631.161735113306,226.83602438669993,-2.230042511413671,180.8919302127311,81.74741862318872,207.85825720912214,91.9925415100287,91.36842663441963,66.62234200044742,132.48157815568527,67.14362001928856,47.80540515463103,99.66221735550462,53.503334441436905,93.82734401961899,125.64009620469233,52.060882611340986,12.702055390418057
464,306.1741867194522,1044.651599449032,0.4045578287285318,0.385708634276823,-0.04962651596802018,49,0.0,0.008641801901276917,1.2682423106536291,-0.2580055946807368,306.1741867194522,1044.651599449032,1319.7954314543222,0.0,825.7385723597163,226.83051133155078,-2.2297480797712415,109.36481839666209,125.66079596165577,95.67546124076846,117.3264447815546,106.32977701868992,71.2443355161061,98.40823993161025,67.44896108426269,115.91439157379814,56.80420064660701,67.40411165105851,78.92008611709707,133.09081308448512,62.58308206892177,13.619912381044536
465,1655.935739615505,1046.0516330937428,0.5389038320695114,-0.16430649464433258,-0.20581915379370266,49,0.0,0.03312027343650537,4.932558250568356,-1.7326805567827097,1655.935739615505,1046.0516330937428,1562.7463763662931,0.0,0.0,226.26770507230327,-2.2292633813807923,95.78443870951742,104.00130669565486,95.23059241362131,101.76453516416754,128.09209454209537,114.83121508214853,124.67605374962892,119.45211303943728,118.04715420433968,101.33145710859635,112.4029855502018,115.20770772766764,100.29985110089312,111.79830431093407,19.82656696738932
466,2296.8527302648095,1045.4788196941972,0.477846683773218,0.18859969276801072,-0.16001730331206437,49,0.0,0.08096217493612502,12.628828086014915,-2.7534076282903506,2296.8527302648095,1045.4788196941972,2789.1748041015953,0.0,0.0,226.00045867988496,-2.2294736305562255,206.62226307264442,164.57030553648346,191.20775016245625,204.68142741287772,217.54923852625478,169.27599358050975,219.4391156331419,211.05551163563905,232.71120428643854,150.1147023081713,186.6530484361429,201.7836554571135,213.13842814830537,178.02971769792458,42.342442207491544
467,622.044849276486,1046.896809019336,0.594976555946626,0.19958943689290692,-0.409530170365291,49,0.0,0.18003349332415938,24.850096694896845,-3.4883202074196977,622.044849276486,1046.896809019336,4725.29639011496,0.0,0.0,226.69880873028214,-2.2288549605862302,292.5988715112601,318.11232554381286,347.97861686437966,341.98830411156524,340.6857199036193,292.35140153750706,395.09467812748096,353.14169184672755,351.22609698830973,243.03147385805227,325.68284597034096,325.76338093961607,368.01827077207366,349.4602594461745,80.16245269403885
468,2225.305210390834,1050.6423681889391,0.5270996310362754,0.3825794112139204,-0.04280204097856327,49,0.0,0.014415907065064406,1.6948233061429936,-0.5728110687857126,2225.305210390834,1050.6423681889391,1310.7650247136432,0.0,0.0,226.03029213853924,-2.2273277841263783,96.29386146675242,99.61701543702151,81.47147904627894,94.71270867335056,99.62159458440759,92.78993723626724,98.27938044445226,89.93559735558259,99.19163494962177,63.05186381202751,67.94724599818304,114.3534586438126,88.3945376346268,101.57303202359874,23.531677407659522
469,606.0528051287381,1052.7714272694066,0.6184577836307732,0.0689607737966086,-0.30753762137716445,49,0.0,0.0611014612746976,8.136851427130269,-2.276140965432513,606.0528051287381,1052.7714272694066,2268.693461122561,0.0,0.0,226.70547611135473,-2.2264054460145224,152.95601981453413,149.9397193288172,130.92748758027997,173.30160565151573,160.79329514982606,166.8935461222194,147.38661124694835,161.2466249826315,192.9749266013615,105.9878167704129,161.21755813975042,174.33022314148968,174.99435046229678,183.43969503319113,32.30398109728614
470,900.5339142383065,1056.1434407894756,0.7625552740707363,0.25630161192647916,-0.3803991189165464,49,0.0,0.043090811759526795,5.041549869767574,-1.756410168700704,900.5339142383065,1056.1434407894756,1627.7317145729207,0.0,0.0,226.58268838928996,-2.2250298694985795,113.76692483042928,100.42963808488885,117.1251581424122,115.29005676600732,106.87976838018432,110.75959694604052,114.87739399801961,97.72321524832559,110.6328462004858,100.02007464639769,130.27994635628664,104.23131307474308,159.20713737943456,126.06904294147972,20.43960157778553
471,1456.8141164517247,1057.1408461413296,0.5384434657735925,-0.16850986522818512,-0.5304737276062196,49,0.0,0.012240803442538705,1.290078198694099,-0.2765400901512805,1456.8141164517247,1057.1408461413296,1245.9309896516868,0.0,0.0,226.35073438760097,-2.2246419157373536,85.0769079223611,97.08483499134442,102.88053962765247,97.88052463022989,93.65651560936072,81.68989894340723,92.77509862150717,87.50358182150447,70.8163363880791,66.08187322287571,96.35997317584736,95.29428154858739,78.50730186017446,88.80092799324116,11.522393295514199
472,401.6581059774663,1059.2298818489458,0.2714460359181673,0.3489002079856648,-0.369719043031657,49,0.0,0.012078661182655456,1.545689043435733,-0.4728053211369002,401.6581059774663,1059.2298818489458,1497.1344492784883,0.0,0.0,226.7906979709302,-2.2236881648441766,109.6798529724084,91.59740640707525,92.42392693103399,104.44138620132111,110.49732531971408,114.90558207261161,106.5141449532261,116.78472772285842,107.3073293111388,76.14780563851119,116.61552186944569,102.87439490506134,103.41596766609709,109.6968194709116,34.232257837073945
473,1316.9722524703084,1058.55221113423,0.5486981307955731,0.04922774403678349,-0.025442805140467584,49,0.0,0.038871206823284585,5.755018295777135,-1.900116771583693,1316.9722524703084,1058.55221113423,1649.9407556986612,0.0,0.0,226.4090451359361,-2.2240503413524784,97.82403540751321,112.05681878053758,123.5702553652807,128.5769355486812,129.19700738442077,109.62634546947923,119.69081353964636,101.3538071163438,122.71974514455121,95.69204660883501,107.35389209226015,114.0265156011022,121.73832165119146,137.61884714258068,28.895368846237616
474,894.6588685276181,1059.9484611184203,0.8809459173754486,0.7206014493996521,0.027613174822420487,49,0.0,0.01724208093120096,1.6661749459130641,-0.5543014993632129,894.6588685276181,1059.9484611184203,1593.8797414060523,0.0,0.0,226.58513780458205,-2.223444003787952,119.19799693518829,91.00184421411986,121.09670934447057,111.61450204802233,101.70415130025465,109.62126443685828,118.05855302935235,103.71540395694805,115.96702013321992,102.54425729549953,115.03619485930719,105.3959128066557,143.38889210408024,110.981512320838,24.555526621237718
475,1172.262351270293,1060.419948119169,0.5544878748568361,0.2734641428151279,-0.40469545091729303,49,0.0,0.010494710167895062,1.2079364159666262,-0.20511018562668074,1172.262351270293,1060.419948119169,1133.020493287916,0.0,0.0,226.46938541886476,-2.2232660731930474,82.95500257680996,74.95635949120214,91.22444518026374,78.62386006590363,94.74735421845408,69.66027714858953,106.23091866431011,56.93587932393811,66.53783680687111,75.63338866889654,83.11645753045532,69.30291472003381,83.45217972450521,79.51081772464528,20.132801443037142
476,2375.694378145066,1060.1058513455696,0.47583964141424856,-0.192965204135038,-0.22493605705795428,49,0.0,0.031137010783625227,4.69477771852415,-1.679037586870783,2375.694378145066,1060.1058513455696,1568.77136197983,0.0,0.0,225.96758551809214,-2.223372384886795,101.93339583145038,104.39822439622203,117.0918129183228,118.34884076149811,98.97241954299656,97.0882537337861,117.5896964214469,127.7356714010075,98.62701029268877,104.71224598381366,110.72701195716735,116.1067067283676,125.59839651675351,105.79872896064299,24.0429465336657
477,838.6185970256278,1061.9082661376804,0.7455530392746156,0.3713994235557137,-0.49125268013924606,49,0.0,0.01940774136154704,2.0275841520999864,-0.7674472201355327,838.6185970256278,1061.9082661376804,1363.6641151412637,0.0,0.0,226.60850450575282,-2.2226226054249794,91.2613513312586,84.2036620224787,84.24742713995477,90.02981161600556,94.64841248453264,100.82263373569057,109.58935554610244,105.11606477397159,98.84033658183426,77.05180854555798,107.68371335966683,91.7300988298697,123.40737001411046,91.635573240285,13.396495919944519
478,967.850220606204,1062.3048480244493,0.6611239578578116,0.020162525463239912,-0.17010043556949161,49,0.0,0.30273816390141906,41.54479918388438,-4.046291660125107,967.850220606204,1062.3048480244493,6011.943543400288,0.0,0.0,226.5546192327562,-2.2224679638440556,466.598932695379,390.20601489422154,391.674567391207,438.90381348353293,415.3676735293435,405.80705433286147,454.5542755271836,427.60994353971967,452.06578920995474,375.5092818863365,413.21839379611987,427.60822476022247,448.1364641560372,419.42901143174424,85.2541027664236
479,928.3335302662342,1063.2500496781622,0.3025673310690811,0.5991771640342847,-0.6406341788990424,49,0.0,0.007826549293876368,1.0206332594460799,-0.022174291527252313,928.3335302662342,1063.2500496781622,1159.787179800138,0.0,0.0,226.5710963504078,-2.2220711089757335,80.58513002939237,73.03113759275683,96.10948628716544,86.6193928349968,85.41225906207652,78.4657048971577,73.79525984355344,64.39727745442127,91.29408810859621,75.71610262632285,86.06598838398745,82.36733166007555,84.71732342849658,82.40918350872144,18.801514082417526
480,2065.0252911029306,1062.5678304484877,0.37650483499135173,0.04920740463992444,0.18297112721374215,49,0.0,0.013395272210059728,2.070780626285105,-0.79033523294082,2065.0252911029306,1062.5678304484877,1256.8648674950327,0.0,0.0,226.0971249268515,-2.222369235645648,82.95568064780866,78.82050570906138,93.67699451895581,96.2093370175053,77.07011238231763,82.28167457833189,91.38320541784483,91.57525157755026,105.22811783773957,62.245909014147955,92.31715794530453,96.70381080023104,94.57798749348004,82.95495587292709,28.864166681826603
481,842.765130821459,1064.181531599389,0.8573460667728624,0.37345823277361645,-0.23427563834989154,49,0.0,0.014093997070660608,1.3159441735316508,-0.2980936638456434,842.765130821459,1064.181531599389,1325.5440044222537,0.0,0.0,226.60677536638855,-2.221675810846454,86.62024732162261,81.48895140986997,91.6072802588618,96.62178322783687,86.50921603874068,96.06001675659155,105.29120582117316,97.96017550849567,85.56029601031156,66.93880430565696,103.71970314247247,89.19463126898711,137.40086701082438,89.84780667540517,10.723019665403939
482,905.7972963487513,1066.4235242709494,0.7241215743120877,0.11152694511610986,-0.057836094313194475,49,0.0,0.01409045428003126,1.3744792831588744,-0.3453454958114169,905.7972963487513,1066.4235242709494,1204.1355523082245,0.0,0.0,226.58049297671693,-2.2207470540609937,70.23821633499013,79.09355053582357,79.52698566865149,77.52067849988107,104.3763023543627,92.95438402521648,88.1812115100499,86.2071351526495,87.63709733846865,74.02328247344545,91.6301184234988,72.93276650280495,96.2917581954885,92.38062374084987,11.141441552043517
483,2932.528390506665,1068.1718836623513,0.6634244317163015,-0.0051273535634495755,-0.36793385070185736,49,0.0,0.04656924469468031,5.466369523217596,-1.8442474659720913,2932.528390506665,1068.1718836623513,2066.1068031800205,0.0,499.77780042419033,225.73541344077603,-2.2199427345353495,149.5350522924664,132.2022678337649,135.72978047430104,151.5210038443862,164.01747687379802,148.57099432608624,142.5093823432302,126.24780560223353,131.9140939354417,126.87713888309496,148.14610235543813,179.23443200154637,142.63781615507386,157.61821961712053,29.345236642038437
484,623.3339231632552,1068.6992179924514,0.9223143344268383,-0.19563203544057153,-0.7713676347622672,49,0.0,0.017131113249683798,1.3757641273100538,-0.3463599528653522,623.3339231632552,1068.6992179924514,1309.7275294711474,0.0,0.0,226.69826898686256,-2.21977114329622,91.60821611498305,85.3664601299617,101.29232456263777,94.88886875384004,85.20194932934228,100.23556664916951,84.82113167657957,107.84126669685159,107.83127095109545,85.9056202120598,91.78286606849352,75.0296010335302,103.04543170672059,82.46772754645525,12.409228039427164
485,3012.780128228498,1070.7000135307665,0.6422520734743247,-0.27083876843571836,-0.22886860745160587,49,0.0,0.014463543230111361,1.1885324897476275,-0.18752764527251717,3012.780128228498,1070.7000135307665,2459.170311778353,36.65990078852579,2134.727975660418,225.70195406600948,-2.218876485463711,178.98627004521322,181.23253308670633,179.57923486508918,194.48977701147066,184.49169936712985,197.6668120239624,160.81845227747536,190.1872063383057,170.41849717247817,129.93917894709088,181.73866866421636,157.27222204307236,170.25901551610008,177.66151203339254,4.429232386649904
486,1042.458021793682,1070.9667448447765,0.7884468998115125,-0.29916187966014957,-0.523476322339395,49,0.0,0.013466113871794437,1.243493705086767,-0.23660897772819434,1042.458021793682,1070.9667448447765,1205.419140422338,0.0,0.0,226.52350955864108,-2.2188641473816064,84.34812771254225,68.09374459818275,82.47913624822658,87.01178305722311,83.12696307341443,87.33957760472121,92.11420353497701,78.13913710628483,89.59423233478907,70.55973651738796,95.72761777347952,107.15082665198565,82.14032484779483,82.89879719491381,14.69493216641497
487,2063.1599701256605,1070.9207928154312,0.23602499155457063,-0.14658763876938027,-0.1683710127456766,49,0.0,0.008510718871312151,1.4832637858726423,-0.42804598370962726,2063.1599701256605,1070.9207928154312,1243.422359192161,0.0,0.0,226.0979031230668,-2.218889008502379,101.49141731405922,92.2658471164014,95.22654779963156,75.60227263078541,88.92094410273852,85.27871518632338,98.78844247349178,93.74098878886811,80.4678879789966,65.04887406483904,77.45759012119987,88.61795091001821,98.32982254385674,77.72222808621261,24.462830074738427
488,1585.0063603391256,1071.6308472283708,0.7737144975002861,-0.004773969000811035,-0.06626164846051306,49,0.0,0.06130142355644239,6.786121348899983,-2.079054053497639,1585.0063603391256,1071.6308472283708,1984.292116571436,0.0,0.0,226.29728108064128,-2.218605708041623,136.11167713616874,129.76127197190112,137.71046781367298,151.4758006253736,143.0619897864184,127.81616442365788,157.51785814718522,158.93599601971252,153.0606982523469,110.12969692546781,147.81766421006418,129.83536252304987,142.78638022821974,140.53750449034868,17.733584017848443
489,296.9801762787286,1077.667850187116,0.8329050279840958,-0.07433444146351509,0.5104232968202621,49,0.0,0.013324244127972385,1.0712350357673062,-0.07471192063250856,296.9801762787286,1077.667850187116,1563.3992275572373,0.0,1065.5259554661995,226.83434014481747,-2.215990730296253,106.83158067042343,104.57786487059539,126.53428950564039,115.76202161162963,111.70818151625345,138.85721016059517,92.53097404494369,86.26103625125936,119.83359059337604,73.42091697428131,96.70547921614312,111.95818671707526,172.72634327179898,77.2632196659322,28.428332487289943
490,3005.644355167359,1076.5112609180246,0.478215212757778,-0.41426250313948704,-0.4603906174537873,49,0.0,0.061340454531849935,6.974193851064172,-2.108735036578042,3005.644355167359,1076.5112609180246,3814.3381888761987,8.661877644200448,3266.7738603183525,225.70493006513513,-2.2164564745223774,276.4530841865809,277.77834330875504,290.1296960552327,304.00087933633927,255.27277964968144,279.54409926503456,260.0682572650617,290.3204516048686,232.42938570063797,210.08945732178756,286.24198742692556,251.00899342545216,278.0187789630422,282.8201601691154,40.16183519768417
491,2446.5741292981793,1080.5365297677872,0.4080674618656702,-0.13527246330385306,-0.1795355218504175,49,0.0,0.03491838885105652,5.815458057463529,-1.9114598195846921,2446.5741292981793,1080.5365297677872,1794.276390349998,0.0,0.0,225.93803312408036,-2.2148531310168025,129.62469753074961,127.77706061299378,122.61066694376237,136.23808834162676,122.26164645070358,114.32471667512249,133.28284681318897,143.27660113733447,141.40502666028698,90.22253995201756,122.09844521411615,132.6752744562143,143.592013507153,109.91961254158895,24.967153513139188
492,2270.026419529168,1083.2318024370243,0.42624966731261965,0.352740355265224,0.06798789782342742,49,0.0,0.009395280679637453,1.2402156426528146,-0.23374301184065965,2270.026419529168,1083.2318024370243,1133.259079718343,0.0,0.0,226.01164708409888,-2.2137458081013577,82.57423959989205,67.02292964395849,79.54271766178262,71.56005781124233,91.55156975706167,70.53555954352325,66.26892760942158,68.44524104441328,72.3038378802902,71.5326885121366,94.80362774937947,93.9619441748799,80.31731054264621,105.93867998955639,16.89974819815877
493,1960.5735671313282,1088.0298252105088,0.25802713270908995,0.32012860381781333,0.1963290712513402,49,0.0,0.010914166240066673,1.7749734356990117,-0.6229796444416359,1960.5735671313282,1088.0298252105088,1278.3896427385907,0.0,0.0,226.14067948074108,-2.2117653262596666,80.98734833247477,72.16561794218015,96.60947643582298,91.91321230205241,101.99165679292517,111.3652575696519,97.8380790717894,80.4199009337481,109.99303229056902,79.15185124212617,88.02446576744657,82.42561077471666,72.3684285321088,104.97252821616495,8.16317653481356
494,2024.346153406119,1087.6609803960312,0.5470057713499002,-0.0882918933703702,-0.23930216766442172,49,0.0,0.22902061023797834,35.05016688771283,-3.861725225388664,2024.346153406119,1087.6609803960312,5497.5590060945815,0.0,0.0,226.1140881441301,-2.2119160835503964,420.41760907068823,345.69920346110484,390.6223321436895,365.7380776719451,370.66892838898934,384.7553855894971,418.2653908714824,401.2942461128121,414.539964747004,322.21966657616963,376.56160850962146,388.27418900307214,447.01511485163655,399.03421185801255,52.45307723885685
495,278.33898942284674,1089.5520932926252,0.2786680702027696,0.9316724445349341,-0.9985749586467957,49,0.0,0.020292122356608454,2.732835323095371,-1.0915336562297029,278.33898942284674,1089.5520932926252,3581.094962100011,0.0,1587.4253478891737,226.84211069130117,-2.2110363922801897,203.12517846019057,230.21668077368582,176.48661696297785,141.90256270410285,166.80795053031915,162.77011201308338,208.89399982907815,194.2635206001819,1174.041971168713,204.44333657486231,136.22867406923348,173.18400933486276,128.76508172664063,233.30228050770336,46.66298684437575
496,1075.672038042308,1088.6064901610791,0.31793013778796286,0.616340451788586,-0.07588426764447918,49,0.0,0.010355138779172726,1.593521416735177,-0.5058947617857597,1075.672038042308,1088.6064901610791,1165.0070663814558,0.0,0.0,226.50965933916478,-2.2115165237226253,84.77755469947445,73.58760142392289,74.39106053363696,81.31872325399281,86.31194381947515,82.48294537988126,99.72850367272103,90.42764327279005,80.28316554811997,54.75221698106607,61.48479707608603,90.81546442142701,78.03379090585986,108.553635174108,18.05802021889445
497,2219.145191392395,1091.142326351108,0.5873663799049195,0.04545056377356535,-0.19432587617790759,49,0.0,0.10021502387286561,14.49662346788065,-2.903167146961388,2219.145191392395,1091.142326351108,2767.8923205939827,0.0,0.0,226.03286333174245,-2.210453674301006,166.76093591289782,192.8405181539427,206.00766052784667,177.18103101810271,228.05876347885766,172.6564411074038,197.09016006163608,213.05124979695623,210.90841338261956,138.12984549121617,212.2871548862012,204.54591729292815,236.94214813799607,175.49572740261482,35.936353942763255
498,610.1340854019708,1094.9351421178903,0.5553856550800268,0.32704726312836635,-0.24419678150797758,49,0.0,0.014075366875294293,1.5097236435899086,-0.44724364133198496,610.1340854019708,1094.9351421178903,1343.972994269979,0.0,0.0,226.70376997719652,-2.208838422577743,81.73141949265958,79.99470555166522,100.0678319581747,101.10464012051142,96.59786951005819,92.27113325658715,107.17587596774143,102.95847038899186,99.43667570200421,65.6273592214254,90.35714663566122,107.44607558239436,104.01263292056363,100.10918336866042,15.08197459288021
499,858.4932118870423,1097.3289042622466,0.3600632209788357,-0.04214437571110475,-0.054220868266735056,49,0.0,0.012492309260205073,1.904668588893654,-0.6995485490633917,858.4932118870423,1097.3289042622466,1240.4877992590605,0.0,0.0,226.6002147121649,-2.207866190602618,100.76167702559962,62.401496640478726,60.34196044500561,101.00183366782849,78.73969677155672,99.4947838424388,89.121045170013,114.39799148319887,87.65304623594906,79.14274229901713,78.55898803969986,90.42750130842316,104.5685488177559,79.81771864163551,14.058768870460076
500,2092.6331371941815,1100.4162919721327,0.5986327089544501,0.19753038935352774,-0.21278710403645404,49,0.0,0.022029245887159276,2.8159549001965147,-1.1240642373678043,2092.6331371941815,1100.4162919721327,1353.1207140488557,0.0,0.0,226.08561519739197,-2.2065978164162976,100.8213797103358,80.14910565965928,102.87927913345024,104.71942512633902,93.18572431466151,100.43268955160937,101.05763246060513,113.79165157749541,84.26717675792625,63.69920576943576,95.29008153986109,90.76186993913848,123.13655733942647,79.04003016181747,19.888905007094323
501,895.5877253161333,1101.473149291981,0.6474611870982633,-0.628567767621502,-0.16315388560088645,49,0.0,0.018872452402321785,1.8775837880894977,-0.6839983167776976,895.5877253161333,1101.473149291981,1512.5628931820972,0.0,0.0,226.58474740533612,-2.2061426024050967,101.26053985710024,86.02199854681288,106.21783625015064,109.9807517587768,110.84707411797001,102.79793533120633,99.40573060138682,117.10399491688023,102.87989296226243,95.98123714072332,128.5010840290091,109.13868275650088,103.24551242789602,111.7723926686134,27.40822981680807
502,1339.261941898931,1100.9401293640465,0.4332872799287175,0.25509596127879813,-0.08121490871038949,49,0.0,0.022783700399658737,3.4474149875022757,-1.3437339134330788,1339.261941898931,1100.9401293640465,1474.8615523146195,0.0,0.0,226.39974970103253,-2.2063897085457223,104.9827248621502,86.87755495734018,113.47048822594384,107.84982302850898,104.17522419524741,99.60999412082461,133.22914508989163,102.44722263486096,99.26726300171735,96.27340049779218,103.19317477349243,103.6952649732444,104.90075703173848,99.34870835309852,15.540806568768485
503,2803.142598236675,1102.4315997436277,0.46672439080862166,-0.17198392824602726,-0.5683327508755702,49,0.0,0.048450791368735084,3.103852409802207,-1.2297526552311617,2803.142598236675,1102.4315997436277,6405.550154537052,0.0,0.0,225.78936404413022,-2.2056878585854873,442.1957381646404,407.32794509006067,472.6998659299101,433.16564736222495,442.382608248813,476.5443766381567,522.7101561432352,470.5098723505496,502.03994918755075,361.0364623351442,438.3971898413172,422.97551988186876,496.27523107047307,430.39391006503945,86.89568222806744
504,993.8045209429238,1103.3497636138807,0.6224959502577039,-0.3438003681038347,-0.6528302326500882,49,0.0,0.013524603066431327,1.343001800012414,-0.3201914868745711,993.8045209429238,1103.3497636138807,1226.6723018420125,0.0,0.0,226.54379446815724,-2.2053682160480896,98.18811227606184,82.83795073387088,75.16034557214022,93.94497571778382,90.02951665724615,95.19357999864924,83.20964447916678,72.83691928760916,78.52475690751594,75.64725363639366,71.07683688574161,99.74979356372897,98.53681714963245,95.61979142734566,16.116007549126046
505,2475.298339007131,1105.9706707118005,0.6835450280078796,-0.08496278184139396,-0.2944653747343006,49,0.0,0.030831177830161427,3.8179387194300975,-1.454572383463305,2475.298339007131,1105.9706707118005,1417.1766346666386,0.0,0.0,225.92605866459385,-2.2042530349613245,86.58823190540714,112.63558005308695,84.36579948548221,110.58257164261823,95.97234074858493,95.40171490261955,112.00735344270139,106.21242009759217,101.5574509265503,74.29650562197011,82.6545703456247,110.15431562941697,124.97066170175827,94.3051983203734,25.47191984285239
506,2801.5682261066495,1102.9731122104315,0.3576277560388516,-0.15232575608216375,-0.05280047771480532,49,0.0,0.03828438111416601,2.212608330453889,-0.8622613579349364,2801.5682261066495,1102.9731122104315,6485.932508603487,0.0,0.0,225.7900205332263,-2.2054624607705655,448.7912934281733,412.00121021759344,478.51169095024596,449.5303252015859,449.9648538149326,478.21006355143345,516.8601144772585,484.90080519587036,513.1798356924751,355.84078230181,448.6527736013745,425.74991841772453,495.0605498257797,438.1643435017109,90.51394842551937
507,512.7729198185327,1107.3704276673434,0.7220037947166198,-0.12038319531836048,-0.4045395305410178,49,0.0,0.01281532259450828,1.1223495435197122,-0.12532033566123862,512.7729198185327,1107.3704276673434,1256.145641412339,0.0,0.0,226.74436326718995,-2.2036454619573798,84.8677591036465,82.88448376726151,106.93638539198375,93.7636108595663,87.14368918892966,81.55354189785078,88.26023335460621,88.44637921710313,94.36444664105706,81.83725835229441,87.43544749272486,80.30817997750566,90.19294914993674,91.60024067657403,16.551036341298435
508,1611.212618105961,1107.5051935872664,0.6383333480897665,0.7467082234785218,0.4442545713685766,49,0.0,0.021637660993081842,1.8326049580850348,-0.6576721430193613,1611.212618105961,1107.5051935872664,2125.480456903517,0.0,0.0,226.28635373684173,-2.2036582775693554,130.83099326482062,144.28230270485284,156.1587770616341,180.82972094403476,149.3861767892433,158.177886706201,167.77027243019856,145.5135887446893,153.1701145919585,134.46805326712752,135.62330946164357,152.67282525526136,159.68259403448022,133.58644748821894,23.327394159152206
509,2959.9829835317155,1109.8264556576105,0.44210585744503483,0.2247224594001831,-0.38303851274891015,49,0.0,0.013869562692074613,1.4860972803230943,-0.4301180984683473,2959.9829835317155,1109.8264556576105,1520.301805547646,0.0,682.6995869274699,225.7239726096105,-2.202583412943233,93.85452227023711,82.70945829560934,115.1193733047516,101.70889859679477,116.85145099575456,112.81503764245676,129.0945197665705,117.25913310014454,118.98359713168718,83.68032779393997,112.77508857811854,97.16216252010298,118.91338162498714,98.91365188385593,20.461202042635176
510,788.4566724544679,1110.796281556866,0.5042004983592597,-0.018896984298057213,-0.3797123073147214,49,0.0,0.41465341278463363,66.37602081039343,-4.555028033111267,788.4566724544679,1110.796281556866,9790.476436826044,0.0,0.0,226.62941599681332,-2.2022485973874044,694.1940184107193,579.3574857226359,673.9474077984135,653.9831609093596,683.8094490059141,662.5687270759015,726.2687308697982,756.0074616683667,771.2231658041194,616.4666492235651,712.1270458361666,681.8871379371459,753.3365783417356,709.3983338688344,115.90108435336927
511,1717.5248795444866,1113.745690111803,0.2191221764722583,-0.31943659976024713,0.00335959868794642,49,0.0,0.008427697943915456,1.1073861889441656,-0.11074775698181916,1717.5248795444866,1113.745690111803,1206.7174939523206,0.0,0.0,226.24202455185917,-2.2010573129338082,80.75340495634423,77.37829358445563,92.14120365608412,88.2828418421555,89.95152299278308,77.38329848531536,64.10275850750644,76.62748492195905,98.83097437993813,76.64395179664803,79.30731108936783,73.67840265796022,102.61906177657278,108.41906656556861,20.597916739661866
512,2237.2912878784837,1113.7732077323192,0.21852638682405168,0.35431650582121993,0.6459939469040441,49,0.0,0.00939891584787292,1.6335749149319683,-0.5328476394919583,2237.2912878784837,1113.7732077323192,1387.7917439376993,0.0,0.0,226.02529856247253,-2.2010230331560425,94.12375840481234,98.45574282029699,112.92372123646714,110.33202995386897,86.31885024928133,92.62001812796136,91.15821755320223,108.41270626803627,95.71477369825674,75.68078442735599,90.08257552562686,104.03573013785164,95.65070839579957,115.30832703268625,16.973800106195633
513,1982.8811564662628,1115.8137902318808,0.721619785037128,-0.18236079908408834,0.30348108801014484,49,0.0,0.017777315957703547,1.8497598811027975,-0.6677883898180068,1982.8811564662628,1115.8137902318808,1274.7572882698332,0.0,0.0,226.13137897875305,-2.200187902100466,94.69709977442571,79.65667212888545,96.8352042223978,111.67731297165736,94.55916744183764,80.16563459085972,96.9425546078383,82.961298398508,86.89069428770664,74.00928455700658,84.91273285945562,75.45580610024038,113.11784717456554,92.68360189484247,10.192377259605994
514,1119.4777812183452,1123.7157344764973,0.289768131982426,-0.20898907506612624,-0.2094437160626085,49,0.0,0.011237240761811944,1.9290291577390923,-0.7133469803972821,1119.4777812183452,1123.7157344764973,1233.8246378721728,0.0,0.0,226.49139192555873,-2.1968905285366827,98.25150731191664,71.31113729911107,102.1818794272586,78.95702724952511,110.33727778430952,75.99102965454375,69.58584022378633,87.85142846803824,95.17424341390533,61.88267764986702,88.92121984720909,75.74209069493855,93.06226403495842,99.88228851876096,24.692726294044057
515,2009.896709871586,1123.9216285160082,0.6107773550323002,0.0378796045559423,-0.2361122464608655,49,0.0,0.7110991648124699,103.56125956079548,-5.037993309722278,2009.896709871586,1123.9216285160082,13346.814476400486,0.0,0.0,226.1201147083268,-2.1968084473695764,974.054048496967,866.8357762815845,932.6607917384356,1030.0812877193125,1023.8056999209293,887.7813528619745,1028.7478557723662,1014.1009662797051,978.1102253798432,759.1073742560541,905.2585497484193,907.1603859616271,960.8207062278249,916.2044984762263,162.08495727921775
516,1864.4604167894324,1126.3377409783388,0.6820454079932374,0.33072679291629914,-0.42226090965403396,49,0.0,0.01276287070332728,1.2607511458621075,-0.25157342887420786,1864.4604167894324,1126.3377409783388,1149.9415710062683,0.0,0.0,226.18075706712526,-2.195807439119695,85.52463744275374,84.49489289127973,75.3410008205064,72.39544202918833,79.0564964650736,80.09326020726414,88.12158939311999,80.99038341442264,86.27442696698114,78.45323590587873,73.54315263553679,69.950621280067,96.03362539299268,82.28505083836338,17.38375532283993
517,2850.1392450517283,1125.5867845840341,0.6556235996142106,0.19284412505779158,-0.26386849210518876,49,0.0,0.07309754212232486,9.217023096787209,-2.411476689456739,2850.1392450517283,1125.5867845840341,2511.3314638912207,0.0,0.0,225.76977233825744,-2.1960336600596815,174.57513490202797,151.94781269446463,178.37052722100677,180.98406707291954,192.34449620117408,162.2858360398564,193.7902171976499,189.85098548347156,191.0261215247789,138.51290850761276,184.11632327606628,182.2845393626451,184.44279527135365,180.9152900134379,25.884409122755088
518,2878.67147203876,1126.7115757846916,0.5578145596493476,0.8010412735597291,0.43872026581814233,49,0.0,0.023253724171544386,2.065952396329476,-0.7878007757160104,2878.67147203876,1126.7115757846916,2065.4007685322167,0.0,0.0,225.7578764015731,-2.1955608331181793,144.5734358789286,126.09626137986447,155.2145956299051,157.65773478808705,140.50658459729362,144.54300151256865,143.92341960042216,131.5443341213749,161.8905134418766,116.64930521624154,142.97576326382034,162.2482261478814,155.8232823282151,156.1662740038085,25.588036621928204
519,1407.745427872451,1128.1789626392379,0.5705624527326619,0.30180534358681466,-0.09145539389324782,49,0.0,0.01079778636273268,1.2255226830253092,-0.2208033848934521,1407.745427872451,1128.1789626392379,1159.5629952645936,0.0,0.0,226.37119345599177,-2.195042162407565,88.05141878407821,76.4149279590107,93.94000043482501,88.57875687113867,72.57803097045785,76.70054205008005,92.86020808828198,76.6849304705333,81.29217854182849,71.00435910712491,83.46470614408932,86.78964371987132,86.08909007144382,77.65523968434087,7.458962367489022
520,3029.209323652494,1128.2528888696509,0.550324675941369,-0.028622547789833506,-0.5121160000082947,49,0.0,0.3070087143141231,39.32878454197807,-3.986776311812016,3029.209323652494,1128.2528888696509,10554.160469476876,0.0,8894.4727008031,225.69511291329604,-2.194894995597177,727.3369332565235,629.7415119996815,744.370118513466,756.885003241031,767.5104094873982,728.2833108806126,812.6258041037389,775.9012211603971,781.1862380866195,589.398799087087,763.2363759666509,769.1838256891838,810.2531004608952,773.1475307707212,125.10028677286809
521,671.0854786865859,1130.671557556713,0.5718295379102865,0.2835348783954252,-0.17143439539226532,49,0.0,0.015584339647055086,1.7734423486651036,-0.6220426873151118,671.0854786865859,1130.671557556713,1248.6731781277738,0.0,0.0,226.67835257649278,-2.1939556147461525,86.14082952606294,66.93944101059745,79.2727140523282,91.57513124028604,101.63452010751774,96.28128379743187,101.9513416065346,91.93595883019563,82.11437461057888,65.59647550617876,82.21396878107763,100.96436252623559,88.57552376238296,95.59832977433967,17.878922996025764
522,801.5471009040772,1131.3369943727344,0.5347869578150561,-0.10357338076784844,-0.3877202586218335,49,0.0,0.024207326184708444,3.2577167131323024,-1.2822832898080345,801.5471009040772,1131.3369943727344,1450.8723488212904,0.0,0.0,226.62395610575905,-2.193691444328095,92.5864030257161,92.55770428521106,92.98056786521158,101.3670239380763,89.51780249758892,101.49579381179876,104.10314419258049,108.81228960890218,119.62827862343224,83.88049953689269,108.94023724088323,118.4082748750121,97.24015044803706,121.94787565597031,17.406303215977587
523,826.8714489580263,1131.7647084093003,0.40405737808507847,-0.05453257500816548,-0.021636499705004995,49,0.0,0.007871012273443962,1.0490025914858627,-0.05194140272083439,826.8714489580263,1131.7647084093003,1060.0363818791807,0.0,0.0,226.61339692733188,-2.193515546162369,72.79523859749148,67.3026223971197,60.0987410015083,73.57507961605708,83.48726543821452,69.74895671399142,75.68045978612312,69.15923337839897,68.89101908303273,62.33610863000344,80.78968012049111,84.42706268892726,89.73447716372738,89.07067512479233,12.939762139301845
524,373.05860436023096,1132.661703104146,0.627967207131724,0.29579307898594487,-0.9275025525753972,49,0.0,0.06853668219360105,7.095243432821855,-2.127418250969852,373.05860436023096,1132.661703104146,3442.938348736618,0.0,0.0,226.8026128526803,-2.1930891237752212,232.63128066427026,223.02437619902702,230.90890180510664,256.54227242219827,238.5733195217077,224.5561863727134,281.91310686441346,272.4315432155814,231.0772882471383,182.42791268836407,232.3947628394364,289.7937668163636,249.6867382750804,259.33548026829965,37.6414125369177
525,633.856993336847,1134.3939182278984,0.49875235079130026,-0.6519410444951471,-0.5661383159461033,49,0.0,0.012534913336192758,1.5189223062053707,-0.4538389000137262,633.856993336847,1134.3939182278984,1194.8331011896958,0.0,0.0,226.69387461478908,-2.192400590675956,91.62628874330348,81.60209087340749,96.18520002230208,77.57591436580057,84.49777975157548,76.3220653998765,77.67800694935227,87.90011753120336,91.11766280859587,61.994803898553506,90.79594203817813,82.9046392150954,98.65706193479853,79.017442170172,16.95808548748122
526,1141.7983445077966,1135.8357613588744,0.6376115819091218,0.137482292021034,-0.13758269285511654,49,0.0,0.04521466153500288,6.147610120115466,-1.971765792136142,1141.7983445077966,1135.8357613588744,1651.637406520008,0.0,0.0,226.4820844266006,-2.1918418236880144,110.021148995082,115.4318188171381,119.31448824868755,117.68004873021573,112.54575275960491,112.81219284226273,119.64128414754835,118.01498728989583,128.25863130462722,105.91640978603078,114.62895063106075,119.12936323031678,129.33173917290497,105.94643042690765,22.96416013772467
527,1199.977514380054,1137.5819820759727,0.9465710107670013,0.07738510648806377,0.1214110217713206,49,0.0,0.021037649967687665,1.7781501573101839,-0.6249210813179005,1199.977514380054,1137.5819820759727,1244.553532013872,0.0,0.0,226.45782565900214,-2.1911171416903965,88.54595666792254,65.22252127376765,80.79561040940115,79.75758216347242,73.82078901257427,89.4723977306525,111.65217740250014,102.25894248183675,91.15257977130372,61.09125925175144,94.60119234680683,86.78186478107341,113.4814594739116,94.79200148809093,11.12719775880656
528,2569.002161946066,1136.9175755382662,0.5240804806059277,0.25330817579237885,-0.13513921794943826,49,0.0,0.01710612213551327,1.7795446812077216,-0.6257722421004994,2569.002161946066,1136.9175755382662,1517.152437102895,0.0,0.0,225.8869916760516,-2.191348896264603,115.99202721052556,97.19194091580759,104.86287451441356,107.63556463210554,103.24842895408165,116.87107444469855,124.96287842124997,101.57022089419978,103.66391698217532,81.6847716917631,112.0956561492878,117.00985675031744,94.4223543451842,106.5277615173254,29.41310967975958
529,1737.3145830326052,1138.3326039849546,0.8661932818156896,-0.2211413013646188,-0.1718720142025007,49,0.0,0.019409302729774935,1.9433025655542981,-0.721351060069517,1737.3145830326052,1138.3326039849546,1122.0280399534363,0.0,0.0,226.23377316863537,-2.1908126000420145,68.60338996414737,78.8843975215091,69.4756730726871,89.55984829462368,81.59938774481576,67.98660585184668,105.96515162548639,85.82847747552358,79.3767194426618,60.16911280891915,74.70866376576458,77.48709382308715,77.65395894935207,89.03129718060335,15.698262432408665
530,2636.811235518244,1139.6149235286566,0.6626007206637851,0.3532661145523298,-0.09878331224316998,49,0.0,0.011931469958333798,1.2055286379431707,-0.20294382930330732,2636.811235518244,1139.6149235286566,1385.2402443484298,0.0,0.0,225.85871917888576,-2.1902171653333626,103.03991846056405,97.83584639733478,119.33984020652885,95.56408040280553,76.72427281737865,100.58688200763658,97.83899775564092,89.30692974920689,98.24857199786152,85.844824424319,87.22340685352162,99.10903720680423,111.56921285669549,105.75269050379046,17.255732708341196
531,2493.462591861033,1140.363146175887,0.6254775269584001,0.16254144730908704,-0.25321245756240984,49,0.0,0.2942247581108555,41.07873569692122,-4.034042671520736,2493.462591861033,1140.363146175887,6302.367394560881,0.0,0.0,225.9184882331483,-2.1899214397085154,389.52675534593754,431.45675092507156,441.5079404474984,461.4047405199449,465.4632010065506,437.5002109483413,456.7726353748981,476.453024494533,493.5760800975479,352.0723842145429,444.87279151462263,453.53218642661307,451.74945633830623,467.45448133817627,79.02475556829725
532,2617.017547021888,1140.3682474440316,0.27804690508174673,0.872216285027407,0.32929138676139685,49,0.0,0.008509900714861454,1.1761834747158975,-0.17618768326504194,2617.017547021888,1140.3682474440316,1271.4985064377445,0.0,0.0,225.86697215307058,-2.18990564672006,73.68357186749887,90.61506490246364,101.75070093959404,90.88149540214606,85.94358513907233,82.35986106780965,99.85019597889305,93.3821617939376,112.70896911675206,65.15338602463456,77.94449966921145,95.79008282741461,94.14646168527116,97.59170205938443,9.696767963660976
533,532.4471307396318,1141.764905732938,0.5371359164311872,0.356088564441644,-0.3020907198964706,49,0.0,0.01975269765309351,2.433551292430357,-0.9656012609615598,532.4471307396318,1141.764905732938,1422.0610485196369,0.0,0.0,226.7361562829279,-2.189317506398552,93.14413141307624,97.50088545874344,121.03206954466651,119.51334737330905,86.85019164100764,104.75594293661794,114.85915395524441,110.02310317169638,108.41362193387218,72.26738608165724,105.99854390039161,93.79841707626899,84.89284065336467,92.09071531118245,16.920698068538158
534,2643.168556371722,1142.0027108107593,0.787259980865229,-0.0018129906809048212,-0.43712391702113446,49,0.0,0.01797970958299428,1.5864968485611937,-0.5010980343721319,2643.168556371722,1142.0027108107593,1430.662351369553,0.0,0.0,225.85606878853997,-2.1892215279525122,103.0650109717055,105.34983167144597,117.98725172622929,105.51478605047149,75.97592806987117,92.3857669414302,113.22445012697497,87.91799779823863,99.77069219106075,88.27541770235626,93.29890414120419,107.4344927808589,109.51020507352987,119.0683277894855,11.883288334690583
535,888.2479564496454,1145.456292047492,0.5628814295824492,0.6946871970976581,0.3891635617006515,49,0.0,0.021202731028636252,2.227754328668431,-0.8696682405064644,888.2479564496454,1145.456292047492,1679.5719670669373,0.0,0.0,226.58780449472212,-2.18781615268299,120.12965431994454,107.96696836941189,118.62423700309584,128.37986885042207,116.33564420960414,112.16749139336464,137.73570286533464,125.23721954953652,125.10439829811297,85.42347086547025,122.85789203066656,104.07932059252073,118.55043009703647,135.31196275946382,21.667705862952175
536,968.2896915416785,1147.039734045945,0.40250033638463967,-0.04163778629611664,-0.08675266854230945,49,0.0,0.00953918201610341,1.3100353100823698,-0.2932075039624279,968.2896915416785,1147.039734045945,1073.8126292656298,0.0,0.0,226.5544303191056,-2.187162627740304,78.80334165489751,70.4587068749522,67.63441728147055,76.28368901422135,79.48864165627728,74.63176254665916,73.84209561970849,71.63219215171401,89.65961055883292,65.94779499160529,68.18259264178184,79.89085672376402,85.12261193646921,72.80286978307397,19.431445830201966
537,680.6611941446213,1147.5263315519642,0.5769263337511499,0.38211450405878195,-0.08089398944548491,49,0.0,0.02573701448921824,3.2746233291463405,-1.2879033787727079,680.6611941446213,1147.5263315519642,1688.30103644995,0.0,0.0,226.6743583317642,-2.186934056372189,122.22620054971472,112.39656415955727,135.66748041313184,109.65495020660268,137.94323552485002,98.9109339463833,129.76184585863697,137.0820644440609,130.50834120450966,93.62631979475873,111.17637482179148,115.024283793469,129.58804852844258,109.17540260697913,15.558990597061852
538,2848.936326933865,1148.6625727069807,0.8460917832932019,-0.08802895146065691,-0.35241336996249334,49,0.0,0.018736315793438693,1.621908932102455,-0.525066163843657,2848.936326933865,1148.6625727069807,1590.298129270702,0.0,0.0,225.77027692608482,-2.186419428811695,97.7674955104076,120.50147773867143,108.32173073361196,116.94598808123217,103.85279691210044,97.18194445839508,125.46273868950121,118.06652094027854,116.24232285706995,86.41222530489604,129.85634547406363,135.1688754752616,116.83094593663427,98.74928094313279,18.937440215445374
539,2942.4032295428347,1147.8883606995112,0.42256992506034086,0.09399680957619838,-0.6809692178295256,49,0.0,0.01399318718412514,1.4953288192854803,-0.4368417587395839,2942.4032295428347,1147.8883606995112,1759.2977879207847,0.0,24.195527741056978,225.73130757225434,-2.186727995429909,127.8726098357036,124.04964730443626,125.23593898746849,136.43352215305362,119.98685500027297,141.43587895785183,132.58922157602638,109.5824289843499,138.17934772693573,89.47956626985396,120.41045242447879,126.31903422179518,125.84349892906536,122.22687007362478,19.65291547586793
540,1896.1081082372004,1151.6183037633325,0.49011366879620316,0.2409857296988247,-0.09991871959613781,49,0.0,0.022975663292747854,3.2366609802116497,-1.2752430304542202,1896.1081082372004,1151.6183037633325,1437.1572553552435,0.0,0.0,226.16756176323722,-2.1852729856252497,100.81474773197105,82.09247640202565,115.84351259553955,113.99164867803731,99.8912845275489,82.30082911460292,93.64134175419636,109.81731081033989,125.30722330975485,80.33614835681738,97.68310264861088,103.00646863987289,113.19688563418845,101.96138100387046,17.272894147867017
541,240.2004942072783,1153.0802286789412,0.7711003699705664,-0.45163844761801586,-0.7975246454174086,49,0.0,0.0176650177447754,2.3543132684213446,-0.9296606255535713,240.2004942072783,1153.0802286789412,1018.0278728196442,0.0,287.68466097655363,226.8580028039087,-2.1845619707693698,134.65277885263265,41.66105529812819,22.773011669001022,71.8327129888331,33.51681585763718,20.149738996428866,33.99738259907537,115.19422889338699,51.887236309472684,34.77019936253953,63.03749163201684,175.57922498678207,70.7837313708039,113.12104906419572,35.07121493871017
542,2036.224900832496,1152.8068685368291,0.7788182836239375,-0.11403313466317298,-0.2671268568292912,49,0.0,0.01873572102314999,1.961511476018994,-0.7314771333906822,2036.224900832496,1152.8068685368291,1229.7340604582948,0.0,0.0,226.1091380618174,-2.184771834048202,90.04639549065321,70.05209068586848,94.19368341447348,96.14483948862267,90.20273348622615,65.55953571127046,107.33195860910206,94.84536039759561,78.74766799702027,73.64630203391626,79.90698423646589,80.23127961814501,86.20082172405947,104.90198058367892,17.72242698119689
543,677.9822449021575,1153.961155593083,0.6769619606313406,0.2826897266143032,0.00473108276376066,49,0.0,0.015559685356958843,1.6133451468874564,-0.5193182175328203,677.9822449021575,1153.961155593083,1649.3001139065486,0.0,0.0,226.67547468992,-2.1842526832390154,124.85846909474648,103.8704023290633,128.57750956038635,110.17615541285983,147.99510836130764,91.14548923042194,136.38948598782736,134.83271362291865,134.1100366214016,79.2773643047698,100.9500270848074,106.59161650822767,122.51713863707712,113.40779521782105,14.600801932912454
544,1651.4203119287904,1154.3988188268622,0.7533400892989859,0.5040231781313034,-0.006255420354166138,49,0.0,0.0126574583968709,1.196706055236315,-0.19496872132545756,1651.4203119287904,1154.3988188268622,1165.941344123201,0.0,0.0,226.26958849366815,-2.1841193519325146,82.0066305378555,85.42102010078312,74.32910585668797,86.07806695723197,76.05939965058221,82.43748769182852,88.52989809389855,59.36783924057625,77.1784682114235,73.19385463916382,74.7214613501018,98.70195224005408,94.30381618992148,93.90019921873673,19.712144144355456
545,2895.1959251377607,1154.0091598644876,0.47844676516427587,-0.23080622598879122,-0.46749845939927775,49,0.0,0.014622159336106656,1.6497155463193478,-0.5435226676352017,2895.1959251377607,1154.0091598644876,1477.328990683656,0.0,0.0,225.75099053806937,-2.1841850026183383,113.46525987453906,110.52615941753417,90.717829284899,99.8019253829105,85.9136643176879,105.9163697337348,114.07193967265347,94.46074968189967,124.36840109936266,84.57077290239877,97.60880318865247,110.85593008423344,113.03421078838367,108.86695398806226,23.15002126670432
546,1820.966928358836,1156.4571028049054,0.712072468264574,0.17684180243668868,0.010545174016556266,49,0.0,0.04009851216708628,4.815322943453061,-1.7065635468530715,1820.966928358836,1156.4571028049054,1561.825644635328,0.0,0.0,226.1988932088685,-2.1832590850399334,94.22035807951175,115.93332567076264,112.67062395201361,107.02419850980783,113.41396387354297,97.8582751423042,115.90985319285545,110.43017267529396,98.83266575008199,109.8596842929222,105.70380825404288,114.42490481251343,122.57136284851157,119.83437902632501,23.138068554838576
547,2408.6597472263993,1156.4661713957018,0.3760540757404644,0.22815826163479255,0.21041076078857912,49,0.0,0.00863715428687942,1.2516835138987608,-0.24373633028771743,2408.6597472263993,1156.4661713957018,1266.0604294491036,0.0,0.0,225.95384840119178,-2.1832203917373176,92.86586916332642,76.30673284742839,89.52390382131405,111.47508731742397,81.24891494091389,72.85475566986348,93.47649297778513,81.47399603125149,99.64229870147987,77.53709764934871,102.48163082138133,76.8716186220077,104.72167231563857,91.69043999160368,13.889918578336815
548,2217.6705299337464,1157.3452977088446,0.476675759093464,-0.05227702441926697,-0.2698149109645127,49,0.0,0.024227612488079236,3.677464195309762,-1.4138711325573186,2217.6705299337464,1157.3452977088446,1422.3601229350666,0.0,0.0,226.03348253807107,-2.1828698190405786,115.15485029289209,79.08548600170136,119.00015522731073,104.39769042786259,97.76654330792101,94.83359251592523,105.9969555493633,98.81074503430406,95.15263914782591,65.67651609023756,101.50206234754567,110.24992991578804,114.4228298460927,111.63958245900011,8.670544771296015
549,2629.8351684214977,1158.0996487456634,0.5730863318014322,-0.03193097105706538,-0.2705232563391763,49,0.0,0.034907066669066504,4.651583724044114,-1.669002105618378,2629.8351684214977,1158.0996487456634,1675.913317391094,0.0,0.0,225.86162983109026,-2.1825163305263233,134.0582785534134,103.07592687844739,103.03214129166182,134.61138208505346,130.8911552722092,113.21424019365081,115.8614438340579,121.08521912419936,110.3610078562383,104.8525284066561,134.849380981985,106.75368285226233,131.00123982150365,112.03630409216763,20.229386147587867
550,2855.1998618665457,1157.7473095869666,0.6146855828597089,0.146732175644828,0.01764592969077628,49,0.0,0.027465514551870393,2.2542752025407924,-0.8825173343430122,2855.1998618665457,1157.7473095869666,2352.8929207057454,0.0,0.0,225.76766665506534,-2.182633412785024,160.0748774997428,172.30350469115362,155.050150739571,154.930877669386,144.149380857699,163.10039853242614,152.137107405189,180.36611176984022,176.74039509520242,141.2520201950017,167.01384603803285,197.0509918990219,168.06774243438178,186.88714557674777,33.76837030234916
551,1161.74731324344,1158.8182470581062,0.38025457673523766,-0.08690350610054239,-0.5100460816834488,49,0.0,0.014597471788900345,2.265476792063496,-0.8878990438753148,1161.74731324344,1158.8182470581062,1247.6984220744675,0.0,0.0,226.47376533971791,-2.182266978924323,98.52130367566194,76.47493442097777,97.78486951911745,84.35227265908117,96.29122620300166,74.8143768650722,80.6006540262401,77.62779409268012,101.77513596548546,70.98881164174648,84.47110128582662,96.31226056581863,84.33748625296562,103.23893682461338,20.107258076178972
552,1514.256696188732,1160.8163231874537,0.6320605055074329,-0.024006271961436586,-0.22042505817879743,49,0.0,0.4600510430036033,65.37207996951064,-4.538480758265729,1514.256696188732,1160.8163231874537,8787.35126607127,0.0,0.0,226.3267811847453,-2.1814451400973676,596.9097749143053,579.5320573381114,633.7556745154077,626.7237598319509,618.6492759464667,623.2483836343163,672.4038426819136,656.1070864223046,669.6307050290301,528.5777258377393,601.1395959131366,597.1260188205732,627.3915653953204,633.7514888365527,122.40431095414047
553,2952.8132237855702,1161.18384805826,0.48631387974804163,0.01582493831558572,-0.4319967960881124,49,0.0,0.024473891157095733,3.2464583523527764,-1.2785245895917883,2952.8132237855702,1161.18384805826,1719.347852923787,0.0,105.76289893063117,225.72696925626772,-2.1811869131361727,135.24648146760154,107.44488268226901,111.05145650218256,124.02738115187947,137.70718372831897,105.96819220450274,108.45702486777719,128.93374792336203,126.0826842441487,119.31145794768109,109.92122567608104,127.59507544198067,134.1120875863888,114.25081796175154,29.238153537861862
554,3037.9006034608715,1160.7572236112107,0.8123988102859152,-0.1324493750959239,-0.109158039160163,49,0.0,0.01558265639081396,1.3204086535401962,-0.3017709047402795,3037.9006034608715,1160.7572236112107,1424.222488057734,7.916358145725643,1209.00438400646,225.6914942461193,-2.181350966239865,83.84825978014692,91.03151383265372,114.98312501904147,109.87602343542416,94.11763432310559,105.87559206013157,110.7984197030286,92.4838442359964,112.25443232107406,87.78922568575685,103.41262547300093,113.21622759320547,87.09909664824991,101.53598367847489,15.900484268443352
555,1936.2978450501116,1162.8744482945297,0.6160927919600825,-0.04883103028169236,-0.18914136142029353,49,0.0,0.15116550994375594,21.506724052633814,-3.3314356570454966,1936.2978450501116,1162.8744482945297,3491.9609440693202,0.0,0.0,226.15080443011712,-2.1805815211210704,264.5534282841088,205.16096289101745,221.00404757751477,258.6480224763674,261.47465983056935,215.5152068437652,276.7046612251909,262.6098035888588,243.01432949038812,228.2843576442186,228.10239668898328,256.23652820518384,269.24699297322286,258.2931145994909,43.112431750439505
556,1006.5773309225482,1163.5863903723186,0.7333744216700661,-0.9545628122660997,-0.7982317953207266,49,0.0,0.014387035063534996,1.3124422773514772,-0.29520052937784513,1006.5773309225482,1163.5863903723186,1498.157390984055,0.0,0.0,226.53846487017955,-2.1802710405557493,101.23439561608326,110.12269805150287,83.92974197919432,111.72814238862584,113.45049531331603,99.93017683556877,122.05713725835838,99.27993769707118,92.6949230000613,104.63405250991184,114.44726488002382,119.91946273089019,103.72057271248431,106.30174355868243,14.706646452280339
557,1341.4553817309584,1164.829751700299,0.2597464122231133,0.09926460367619232,-0.043104589042851256,49,0.0,0.007423343229383294,1.091105823102835,-0.0946671838972145,1341.4553817309584,1164.829751700299,1194.6791365541217,0.0,0.0,226.39883334784682,-2.179769454794055,78.17197480959412,82.38880337731264,70.94201770450982,86.3784363287102,82.57572498456693,76.92554193150022,97.67988090315883,73.15336253652475,103.72138587524518,70.14698432632017,71.4689421324712,114.92639261279922,81.82057391305833,84.02614736082535,20.352967757524898
558,1226.6868660374664,1165.4162881918805,0.5742602116254534,-0.25553063177995927,-0.1394266428374213,49,0.0,0.030099399267438445,4.1020979117309855,-1.5325150554983467,1226.6868660374664,1165.4162881918805,1503.0671034893555,0.0,0.0,226.44668767027446,-2.1795208795819243,112.76696610000864,101.37168534258305,109.01115761699202,95.83279116194913,115.84517327663374,101.1148771567544,138.66579555142476,104.97735164757944,118.23457353312808,91.13160019863977,84.05012485821786,113.6907439249106,93.80328901129838,107.44040095321108,15.130573156024399
559,1654.6468736830805,1165.169727291472,0.45676995204200777,0.3045019763840517,-0.38167218908696243,49,0.0,0.010183921939148504,1.2509664521698949,-0.24311415786094082,1654.6468736830805,1165.169727291472,1198.5957025912837,0.0,0.0,226.2682431845287,-2.179631500266567,77.14128464810065,94.07532385346707,77.85170182668162,88.35604793287592,78.11131941022822,88.68312800251834,81.44295476215798,62.83283896482729,83.79780184088173,97.83178341218051,52.24904878072297,111.04166491600432,92.4523525920664,98.79648272412064,13.93196892445016
560,1620.2874455997498,1165.9966275772483,0.5908773386020659,0.11472197080935594,-0.30813117071394597,49,0.0,0.03897794928916129,5.259667310184114,-1.8023956864676673,1620.2874455997498,1165.9966275772483,1694.1098298804536,0.0,0.0,226.2825699071593,-2.1792871084123617,138.34939232702354,112.50348305687027,113.37683708634877,146.2640323912881,117.83052239063213,114.14430077025006,124.96831889965466,113.4249487116777,136.89529312357155,100.55688427300827,123.75327115858403,97.19575883741459,111.98614742418312,121.78547250591775,21.075166924028952
561,2330.289716666079,1165.6425325330704,0.23184011599776436,0.4291625347865782,-0.32875652787561405,49,0.0,0.010387456893879276,1.4419448101365093,-0.3973715956328312,2330.289716666079,1165.6425325330704,1345.231069226039,0.0,0.0,225.98652581574467,-2.1794039620984518,85.8922899406239,80.92301300581377,89.85333423534776,92.21413048840644,97.59195107386972,94.60678519099646,108.91095839992198,106.57414658222072,96.86298362889877,72.43388352256983,100.74895584397447,90.19532887986978,108.80086284968618,97.53110479387725,22.091340789961826
562,2882.3271547554446,1168.3563858558375,0.5948770093021128,0.24581930403535945,-0.24549382291564908,49,0.0,0.05199157744245124,6.411142487549182,-2.0173385729489515,2882.3271547554446,1168.3563858558375,2272.4201050593365,0.0,0.0,225.75635787035347,-2.178209228542606,160.6469501268962,136.4325102517859,177.00245178325525,146.60292629609216,160.30797826271782,160.19557821708858,160.70172739632721,183.5945206452057,161.20923058456458,117.24248673081698,143.6912531731245,179.08489207036723,177.3381384832501,175.12496552166317,33.244495516180976
563,948.9503729339045,1169.2811308539126,0.4128104789132117,0.4910215215933432,-0.43429170695065444,49,0.0,0.011987376209232733,1.6766988150792683,-0.5611376435509169,948.9503729339045,1169.2811308539126,1197.6675237055947,0.0,0.0,226.562492490197,-2.17789414263544,93.7529302218151,61.38660212704454,95.0173883852969,81.92043435224502,85.12512331968429,92.39752853195134,94.98654390044548,91.64577914350801,97.1693847219031,59.03394318767283,74.12032121367197,86.86417092998111,81.39186548032579,79.41677282635692,23.438735363692146
564,2545.934491586722,1169.7658219783643,0.3827374608178297,0.7529574313636593,0.15192953591785138,49,0.0,0.007701024044192741,1.0177406471898167,-0.019092800000204947,2545.934491586722,1169.7658219783643,1110.8598442424727,0.0,0.0,225.8966130044,-2.177665154932125,72.43425533617025,69.85550644258262,73.23336373976485,86.99068515492036,79.7610089241476,88.74868563378288,97.66742655008022,82.40661171020761,74.71316269586023,58.96541451642687,67.74568793871299,76.97748085028553,82.03055901229855,83.10668854596653,16.223307191265587
565,1043.2547345279077,1170.1820484136545,0.6541854678411635,-0.2786652865515573,-0.3033971628882236,49,0.0,0.02174618845851488,2.5051319406687154,-0.997076510733075,1043.2547345279077,1170.1820484136545,1346.1867223174381,0.0,0.0,226.52317150399458,-2.177525334898788,99.62630711416296,77.50396150694979,87.9178596501734,82.28383881651723,102.82119836488641,95.5929629154397,112.7906327903422,97.13692911667887,98.9932232137569,81.71379488887263,82.43610851628499,118.86419631044204,101.45420927701842,92.4599299591893,14.5915698767231
566,2799.006626720701,1169.6618453942635,0.4663643749857636,0.0955564702393546,-0.36268974957657935,49,0.0,0.07602381111469243,11.744621423117117,-2.674597555657402,2799.006626720701,1169.6618453942635,2802.3125918513115,0.0,0.0,225.79109702551622,-2.177677220997964,186.49588796246962,196.76340948449584,192.40040471789848,212.81771473373868,208.64360521417984,164.42529901002086,209.7639685417692,226.6108360276044,223.71998727951652,126.1266338579151,216.58847973400225,172.7693729392702,226.07300544001146,194.56419991184669,44.54978699657265
567,429.95022537721064,1171.0479131859572,0.5598884502802942,0.03848715563903664,0.036377600457656534,49,0.0,0.008886947017733408,1.02699087787722,-0.028916465114955207,429.95022537721064,1171.0479131859572,1191.7772212903144,0.0,0.0,226.77888782330803,-2.1771035346843313,95.93413610023838,76.55443843646037,74.33121040914072,102.48905278727023,84.64178599713887,68.4279263605963,99.00017493812635,78.77065249540192,84.61297941460465,75.12907529508276,71.26794798122538,74.06057635722054,96.04004454113736,93.35764173996398,17.15957843670656
568,2620.8365790232174,1170.7814022993753,0.5139663880154144,0.15543937322585613,-0.21739261075119976,49,0.0,0.03585374955330693,5.220044395860383,-1.7941854916029698,2620.8365790232174,1170.7814022993753,1721.5483014672138,0.0,0.0,225.8653831062733,-2.1772335301951125,118.31243728345783,104.62833992787118,124.58763423208383,117.04302020224476,121.10061820608912,119.29587033523796,158.80816153081912,122.42045831765549,132.0492461808963,112.86245959447513,116.86205719631099,108.84430396264152,109.25784128051794,122.68223057252887,32.793622644383824
569,840.4726719185971,1171.9103635533252,0.7744671058240042,-0.40931012962061547,-0.18834736918903128,49,0.0,0.01258350731657304,1.2878601702901344,-0.27467177990416475,840.4726719185971,1171.9103635533252,1155.8822397096737,0.0,0.0,226.60772257658778,-2.1767898342763528,98.48207488718997,71.86186816756239,66.10628217662016,103.58831277767757,76.78778829709185,88.52220531507788,84.89586960295173,82.7395253025952,80.3251363083857,60.21113661770714,75.88139020587428,101.61911950345015,87.68785301211028,68.97738599790891,8.196291537470366
570,2051.4579508276543,1175.168035052975,0.4382471807925962,0.21946960704321603,-0.11576262982556342,49,0.0,0.014492986803936611,1.8834092161700478,-0.687361728103453,2051.4579508276543,1175.168035052975,1348.66922377711,0.0,0.0,226.10278750717328,-2.1754540447365334,82.41699625206351,73.4251673930759,91.70502067645936,113.72898925491572,86.44336211702,93.89856375551713,100.99495229226233,106.52459286862305,87.92379230143666,74.27567630365115,88.43163309868075,88.41340461243776,116.98639371982384,117.60034174168268,25.900337389459928
571,2390.0659665312483,1180.658325260742,0.8520097084372575,0.5613487319849302,0.1849495828696787,49,0.0,0.011993886505644227,1.0620138424033074,-0.06532544355899779,2390.0659665312483,1180.658325260742,1084.408247765376,0.0,0.0,225.9616031563436,-2.1731423092465065,85.26831335571917,73.67555362873662,77.94220114546097,68.17206713019547,70.53237880243397,85.99864613613322,92.95396172093609,83.40596268901936,80.95614870816956,64.56542217671982,81.11613983110294,55.592020941496884,88.70805648473166,63.597164939072655,11.924210075447814
572,871.091126248727,1180.7428040349014,0.6550115861376272,-0.13439848227042653,-0.23269775905879633,49,0.0,0.026916668851092788,3.2068307487222074,-1.2651900979535455,871.091126248727,1180.7428040349014,1426.8636675714283,0.0,0.0,226.59495542962108,-2.1731123637259695,89.97620872998858,91.52145615822707,94.16435884903805,105.05756148015857,100.24417720991063,86.89327065795854,99.86396551800243,96.57111187644153,119.0933535777792,78.51191064334742,101.14950162591055,105.87802217253966,127.29034183773426,106.00009936743766,24.64832786695412
573,1742.1905597358523,1182.5164227185596,0.7607353154134671,-0.07082925110135815,0.059547011172205754,49,0.0,0.03998188369290598,4.632279511603904,-1.6644868920644171,1742.1905597358523,1182.5164227185596,1552.8907395236756,0.0,0.0,226.23174070154062,-2.1724027953600125,94.80458858590946,114.60050813810217,95.69926991030185,110.67545209523288,122.82469630066804,122.88570064869532,121.99601609584982,112.6208642306186,119.3119405195348,91.75844012360864,101.0704678042963,106.4374474814805,100.87284294079103,118.50923460410334,18.823270044482555
574,1975.9342229942615,1184.9080223134647,0.41808825896716834,-0.21291952787230278,-0.3013614483909419,49,0.0,0.015346890054230329,2.1598649179837275,-0.8360664760153426,1975.9342229942615,1184.9080223134647,1340.0730785538533,0.0,0.0,226.13427837451806,-2.1713993616875666,118.47644748241419,99.23957192774597,88.59736950568302,92.12939029731413,96.89804256494098,95.68025877650098,75.68851736823788,114.87816709008442,92.45445838142317,91.49234983774966,80.53663136363322,73.1249717661356,102.85321164969673,100.39680426480703,17.62688627748631
575,1383.9318228962065,1186.9593962829895,0.8432318205335886,-0.16259943874095772,-0.19078816997758757,49,0.0,0.020796886838691336,1.924636689627942,-0.7108719013890331,1383.9318228962065,1186.9593962829895,1324.5550904327617,0.0,0.0,226.38112164987058,-2.1705500339152164,109.70167115747466,93.40708395746532,101.50866122013223,72.55410365799543,86.58105825232118,88.47237959948345,95.65006805917673,105.34722284960739,91.4810799834745,82.44944127997906,88.11661808168427,96.48783884427044,98.95339839329992,89.27467041590374,24.569794680493263
576,853.1840367891862,1192.4293047195174,0.4840714696350335,0.004490035945411526,-0.11099891746135607,49,0.0,0.055315819071288054,9.169963932640472,-2.4059190687590157,853.1840367891862,1192.4293047195174,1991.7519714650216,0.0,0.0,226.60242091250015,-2.168241584355746,133.86360290273885,121.51897601305629,139.64243835486724,165.54049696490608,136.4982983179682,140.83753203649826,144.90320063590156,124.02792193896002,156.37448574611284,119.27031218718848,164.52850047354985,137.6181781647503,157.65057655996367,128.10787402736528,21.369577141194632
577,2356.5870606075387,1192.5107413317505,0.6021179478537819,0.20130531873137888,-0.06343205154192075,49,0.0,0.022438731402996574,2.8606237802319776,-1.141151861471361,2356.5870606075387,1192.5107413317505,1345.9635295146763,0.0,0.0,225.97556318200188,-2.168206896884125,106.14745736066004,84.92175453734257,87.22066092213456,103.85311449974373,109.31551645303384,78.73481325533544,116.40366266365284,101.10080514451914,96.3969732103221,65.30859716431549,99.7583998318338,86.69769336455812,91.91074786356901,103.73396787489717,14.459365368758515
578,2987.271280402541,1193.2906031842717,0.5000024166821021,0.3352192684729871,-0.753137819702892,49,0.0,0.021190370859527543,2.7189001629602645,-1.085983151856306,2987.271280402541,1193.2906031842717,1572.5618699783586,0.0,588.849944087199,225.7126075326882,-2.1678044606654625,115.36738272075046,131.33330470640118,102.35288639741617,117.90486895382901,105.9471986236913,119.58820847598986,121.91690630141534,92.90417674950527,103.06260406322205,87.28068009168278,113.6468961357686,98.16632402257613,126.40056699413174,117.42486059383693,19.265005148141654
579,1791.1350998061207,1194.407975760351,0.5961070026012952,0.09527909068212227,-0.06563521202856383,49,0.0,2.0294437276880517,299.9465939797446,-6.192609836760524,1791.1350998061207,1194.407975760351,37622.21547687442,0.0,0.0,226.2113328397708,-2.1674470960591683,2562.0522416074064,2375.1532804943313,2690.761296316003,2772.2282554806197,2651.317234095088,2594.492558858403,2810.2741387235037,2769.320952802605,2805.577568487776,2184.7961958656647,2655.352796637825,2639.516095753812,2873.9972018154594,2700.578698114731,536.7969618212035
580,2285.7461828430583,1195.147910521937,0.9204046002459241,0.2837389906917192,-0.1814237908634367,49,0.0,0.019052741840825203,1.6846068436432895,-0.5662464016546762,2285.7461828430583,1195.147910521937,1338.035420262589,0.0,0.0,226.00510061059484,-2.167113956230198,92.5280817661093,81.43336996868652,85.12794347100467,106.16635323062627,98.04401276610491,82.30385828022304,97.17019481393116,86.48456219207714,100.91236394515605,68.87509296044075,107.4337917796826,95.0966496275525,120.88895324181763,93.65233578269147,21.91785643648516
581,483.6096056137547,1199.3548185861125,0.5171233057575133,0.009244170347516524,-0.7027878364857886,49,0.0,0.015183322380885926,1.8545864780963757,-0.6706177224770484,483.6096056137547,1199.3548185861125,1349.5444667092183,0.0,0.0,226.7565119112019,-2.165316556788309,90.61980664546968,65.76021323388798,93.67807405168953,113.99148000311027,97.86029953119782,86.32333668878087,115.9492901489982,89.90333839462603,113.07961141735362,80.1044515993234,114.82714335768452,84.57324557893176,91.75543652160654,84.99137856734733,26.127360969210766
582,1275.312643510253,1199.4299041279821,0.4757573897034552,0.24634790948552845,-0.15681501120815813,49,0.0,0.17194708411907675,27.88742182569023,-3.613520914687024,1275.312643510253,1199.4299041279821,4743.020842560815,0.0,0.0,226.42641132434719,-2.1653506701515535,336.8139494526297,277.2714260292731,367.3319690150317,335.0058531534637,344.6509196011815,326.94370941978457,359.16478839364237,350.70750565171375,383.25734688111737,269.6747044402413,323.31760957909887,297.01675196944365,334.85290606160214,355.6437427647016,81.36766014789006
583,2201.033167508577,1199.241860874577,0.5265764105021701,0.8915177725126396,-0.4487125446996092,49,0.0,0.010448503513607812,1.1900186842602403,-0.18888445055573563,2201.033167508577,1199.241860874577,1129.614361137791,0.0,0.0,226.0404222964074,-2.165414419005612,89.67557083898825,68.83341639635373,61.07871228355079,82.56201110052575,73.26010129482093,73.45469586493857,98.75744060748059,76.81549568869315,85.08678661324247,64.53588675412767,73.31766234265518,79.70265382449656,96.97931357925823,91.23924513747238,14.315368811186854
584,1052.6451248118651,1200.2711987721727,0.9345358695808199,0.008234508667845628,0.27325656783764385,49,0.0,0.014544661182161404,1.180404006637942,-0.180076687383673,1052.6451248118651,1200.2711987721727,1148.6368315210784,0.0,0.0,226.51925435228839,-2.16498900071467,78.74941095539046,99.24035850278955,72.99394851066197,84.67058745087022,86.60396697715288,78.29279953384491,85.81161872981612,83.2592349041487,86.99562105888324,69.60104579900903,71.92907364868653,83.46756431794438,72.72060853818587,81.25039473477344,13.050597858921083
585,1935.4035745759354,1201.0088108456666,0.3965207675839003,-0.47385623801627225,-0.48464380334209933,49,0.0,0.008627932108358667,1.0518789724226543,-0.054914433592037425,1935.4035745759354,1201.0088108456666,1132.5626596926368,0.0,0.0,226.15117866000858,-2.164692432486388,65.37617915787939,57.42755054973666,85.11412221856628,91.28278029125343,83.07747825546431,69.67678515775424,97.40394147367158,85.73146257301136,73.66456388811491,60.52983223945603,76.76887824353798,81.25914536650424,102.17960261854176,85.36090391249508,17.709433746649538
586,1490.0735930332958,1206.8619924726263,0.6020076196027182,-0.4216232710366286,-0.11399356007588714,49,0.0,0.010101560085225232,1.005175921870895,-0.005605192231091156,1490.0735930332958,1206.8619924726263,1180.4494426479891,0.0,0.0,226.3368641906324,-2.1622593526060143,92.51634296734433,60.927540757324955,90.16667898800651,94.34122437870028,91.39523481738158,79.98114903623565,73.33731081876579,87.0679483442365,89.52341561120893,67.47189304082369,64.0893964230709,88.89189232596073,84.48781437467599,88.9869607432187,27.264640021034758
587,1264.0249164654779,1211.909256070271,0.49062916350493124,-0.03141314328014194,-0.28470994573200226,49,0.0,0.09329545313322259,15.345520490491555,-2.964954058624523,1264.0249164654779,1211.909256070271,2818.7969777922135,0.0,0.0,226.43111741313203,-2.1601505707990576,181.0523835594712,173.0863177142437,201.01425706442495,198.53658872751336,201.46504383603957,205.47908093937286,236.28201060673172,184.195773074216,229.92522888433987,186.0840666910223,173.85758428845216,190.7332805119324,222.07683166332444,199.68686586872712,35.32166436240193
588,1787.9005805199565,1213.3622165727852,0.5781896079863822,-0.003312032116377173,-0.06658614317823909,49,0.0,0.03358352140938183,4.44669574731107,-1.6200935377080707,1787.9005805199565,1213.3622165727852,1875.9880256626307,0.0,0.0,226.2126818884267,-2.1595496388879005,135.23990877154355,115.43795582991905,148.11485819057867,125.92318703018941,133.74139301816302,120.39173307313457,176.22369630175257,146.86332198215322,119.26323545438814,105.62360074718251,136.6278016962604,142.91429546144929,131.7331539938073,120.97930103047574,16.910583081633362
589,2417.0195796026187,1213.9672281646144,0.7054791722888474,-0.24605603075866403,-0.3195459821250674,49,0.0,0.046556954177051336,5.8268603590695776,-1.9135865258276543,2417.0195796026187,1213.9672281646144,1666.6741412741258,0.0,0.0,225.95036771484823,-2.159261475383813,126.59047928901929,97.10635726332583,111.96839394413541,105.67749971160629,122.97931080122679,101.2996620734937,138.3351858427627,118.81521725629,139.90845225183097,110.48701352055681,111.70294478224156,110.76173585992282,126.2587702208833,123.82392992493949,20.95918853189049
590,2007.8821881308472,1215.0660020219534,0.8511545819701413,0.1524419144920666,-0.2690576663445907,49,0.0,0.018055005092183607,1.6364579213352077,-0.5347621066537913,2007.8821881308472,1215.0660020219534,1165.8465217861767,0.0,0.0,226.1209586259414,-2.15883226203587,90.7571114458737,71.24263008337694,73.64735233347888,85.17208719619357,80.57407314214498,84.93206446155111,98.78339606878674,65.46262095152073,93.23167169198527,61.23377746430818,77.38770199771375,84.42540958530928,89.20942322396418,97.65665354824975,12.130548591719709
591,1533.7081630878756,1218.461534311119,0.22973724241625515,-0.2139863745327658,-0.4927142048850408,49,0.0,0.015238634057886558,2.61935081810507,-1.0454841719544554,1533.7081630878756,1218.461534311119,1472.013961034571,0.0,0.0,226.3186701656513,-2.1574266915291633,104.86416117591142,85.21505197461066,105.15306882261802,99.60275527920746,97.35738898912652,93.35332991910455,120.87473828299227,101.68741841012073,109.39532647084835,100.25340706597777,84.70682407374139,110.01598604400456,123.99539076377222,117.75441911926015,17.784694643274893
592,2707.6938340760175,1222.2110337490396,0.8186194472129715,0.01290794218044679,0.9211113621882095,49,0.0,0.01797380306760109,1.4280396782202835,-0.3868506863047339,2707.6938340760175,1222.2110337490396,1447.4116309204817,0.0,0.0,225.8291748096068,-2.1557947546619327,106.85928586075784,89.96526717125667,113.64112181480516,89.43456575778225,98.40437568753856,91.23591694695216,126.33052463453282,98.96880321315678,110.6553222984946,84.0179101230075,90.68259646827939,106.51205959204538,114.4639356928817,108.18621915460608,18.053726504384727
593,692.1139360176738,1224.2178085956157,0.6315187259566812,0.07157328545532757,-0.4048865229265669,49,0.0,0.17924618560243427,24.823977248571435,-3.487178411352414,692.1139360176738,1224.2178085956157,4149.858953066193,0.0,0.0,226.66957574409642,-2.1549814749990603,257.92257253002026,260.3333139071318,289.7393323811554,293.86962731893686,307.47748274207265,318.97644548583355,298.9663151591301,290.1733253330914,326.2158608238841,217.25427308025303,296.94756077124856,316.4879499253738,330.77313694525355,296.39357352211175,48.32818314069614
594,1551.108668568232,1224.433509742587,0.45551332664987815,0.17779121396833122,-0.05858953169467565,49,0.0,0.039990936589942544,6.484871477215452,-2.0297534332055145,1551.108668568232,1224.433509742587,1817.1147015931867,0.0,0.0,226.31141481027922,-2.1549385028852432,104.31538254282488,121.11193300805402,143.32818628731383,138.36017512525956,123.06609988289911,125.24246756178513,151.93759987296733,120.59422705428176,139.81476498592497,99.85623184900922,120.35056497956182,150.06614014939075,129.68137549786596,128.48311784038992,20.906434955658526
595,576.9590155439275,1228.0992534043928,0.9580536733198494,0.062389613909882465,-0.42855123578593,49,0.0,0.021784682103070517,1.895820755601984,-0.6944931841231856,576.9590155439275,1228.0992534043928,1284.2004050752541,0.0,0.0,226.71758794474164,-2.1533515808728882,82.2798100488636,97.18044028976263,87.26252085562031,97.94609044814345,88.65375858832772,86.59988277662637,101.49711497370319,116.05894128671689,73.58128924336326,95.2822335450056,73.93948730860956,80.52551877324069,94.90622308429687,94.09984478218249,14.38724907079153
596,1285.9525732195077,1229.1497857716554,0.4094483144126423,-0.2201301943588653,-0.7437611465113138,49,0.0,0.021622284224018327,2.835424184517674,-1.131545098296963,1285.9525732195077,1229.1497857716554,1565.5331644671267,0.0,0.0,226.42197390623306,-2.1529679062140574,100.20979344585291,99.03786444115687,105.54099515989182,122.58106752284104,110.44639714323685,129.40772729870326,126.09710413387023,102.42864313222415,117.64557875957667,84.77214849327562,108.15345746682792,115.57036033221743,122.24859954368348,96.53827767253077,24.85514992123766
597,1140.2644248392223,1234.26823665486,0.5855459310061367,0.19115444355443367,-0.43019244876826107,49,0.0,0.011432199105012269,1.162755347987274,-0.1637208642151121,1140.2644248392223,1234.26823665486,1131.4853439661815,0.0,0.0,226.4827192237377,-2.150828816678121,76.94162641577688,72.8812728174045,88.60019725395361,84.337284247513,90.66069000751092,77.18946512390053,85.356535098535,76.54490091815977,86.539494942522,72.10317985709537,76.4004256109776,75.87546510194639,73.20679031135691,80.54246737507654,14.305548884452477
598,2761.1848693833203,1233.62629994969,0.6391644400416515,0.031216852942916727,-0.2629927821633401,49,0.0,0.1798235690567411,23.406159744754948,-3.4233254118074634,2761.1848693833203,1233.62629994969,4647.032920713207,0.0,0.0,225.80687409656835,-2.1510316802724234,329.9752150771491,304.3303268865395,346.1102081948893,328.67178988555156,317.2748025596824,320.78083677896166,340.7868503166147,372.69916181685517,349.68645405089484,277.2363990788907,357.46892474524293,306.93076598728766,319.736127395254,312.30504713755363,63.04001080184063
599,1006.9453380706273,1236.678447382888,0.2655600834615263,0.273115739872868,-0.013348101725968235,49,0.0,0.011312861736061993,1.9130711926391777,-0.7043278301846029,1006.9453380706273,1236.678447382888,1201.4475556053048,0.0,0.0,226.5383068362139,-2.149816584942831,71.24876194743786,87.49108756456278,90.16100048917154,81.28688441612285,94.75018443334494,78.64148245643153,82.66172683922684,97.94954286745738,89.35744541891768,61.13528498087015,76.51628211535548,100.49760155494283,91.16098090855589,87.95386104218849,10.635428570718442
600,1543.599874625119,1236.2000430183814,0.630161059544665,-0.14815081854279077,-0.06861837802462316,49,0.0,0.02796229028621271,3.5104677798410875,-1.3634124782498098,1543.599874625119,1236.2000430183814,1508.9816615047675,0.0,0.0,226.31454560556983,-2.1500357711410314,85.4024496730697,105.79288092641589,117.83225594720136,103.56160383671195,97.1037736052503,109.63412272327095,100.87133158435091,111.47247153164942,126.4960853304903,87.44673105192993,107.45283409394298,106.47917604631886,115.17060993131855,110.96633239820602,23.299002824640276
601,2006.9907782208263,1239.5086024091881,0.612451780910126,0.288263467440916,-0.3687098872005726,49,0.0,0.012954688329791285,1.356073814262302,-0.33070832459146743,2006.9907782208263,1239.5086024091881,1223.9929930277985,0.0,0.0,226.12133135705656,-2.1486480062393714,81.69710468020054,76.9323067245345,83.44645420860614,94.05653745648675,72.35843248401085,93.27060265546564,100.07984444428955,96.43803739217032,92.69460644448682,62.351910143853594,96.60684813324775,91.84719682998701,94.46465229978234,74.0979814204468,13.6504777102298
602,1631.3637035394534,1241.2802987460595,0.596592919299473,0.0838404053927964,-0.22504901333947433,49,0.0,0.04036212251908033,5.639960351421073,-1.8781901273255686,1631.3637035394534,1241.2802987460595,1609.8208969855455,0.0,0.0,226.27795172835124,-2.147919142595768,118.7649055072319,130.1512661214163,122.29646770409862,103.18069717075485,126.38878431356407,94.9672334698279,127.76732083516283,111.72777445852851,100.77550032426643,89.136931292543,103.0267826314058,116.58852017688065,120.39453636151595,120.93336885434508,23.720807764003666
603,3024.0815324288437,1240.423693492361,0.41737939733527796,0.19134154384471716,-0.37632242034326413,49,0.0,0.011470637183645091,1.3636918711225576,-0.33679062926825704,3024.0815324288437,1240.423693492361,1341.2434611705378,0.0,928.613567184317,225.69726771277467,-2.148160947549873,77.58676828927116,85.46999291624374,90.97768489409893,97.04175377040067,91.60669453151218,90.74928313274691,109.97518118973491,94.84426132760848,119.87459135254917,84.39396316456583,78.5739347062302,92.46945106836843,110.17968136369356,105.89373660640105,11.606482857112578
604,636.9373017947526,1242.9232830655112,0.4951687873897814,-0.4301900628728198,-0.37503497358590093,49,0.0,0.009428059831087052,1.078248252299151,-0.08179690720854878,636.9373017947526,1242.9232830655112,1146.1832153207413,0.0,0.0,226.69257921929085,-2.1471818862691046,85.70879137418152,68.39409777684072,81.82619375586857,94.24792065657816,70.25256578511708,78.01421347900018,86.25688886403076,88.46398104676956,77.17203942829724,69.72199068613355,79.95627625832347,75.81650822051314,88.6035539410403,88.97963136839776,12.768562679649186
605,1722.3408502079703,1245.0613417337727,0.7956793547638988,0.3258576854998792,-0.16568560681403707,49,0.0,0.04143028224610099,4.5394936528076695,-1.6425185329932954,1722.3408502079703,1245.0613417337727,1607.3862790499566,0.0,0.0,226.24001812279414,-2.1463429298610675,119.02524796392234,119.87167616921165,104.47305759972197,107.78325787852637,90.15880636821691,123.50986952267507,123.0990503034958,119.25843950824697,99.04061256623379,88.26388457087563,109.76186777505119,111.45929630786182,128.2562585485528,132.94088282421566,30.48407114314843
606,1976.4525747662565,1245.5194913379582,0.7451016533788614,-0.013972962388759004,-0.010464154991989152,49,0.0,0.014675932501751107,1.5846813281736065,-0.49985485198326357,1976.4525747662565,1245.5194913379582,1152.9270453762017,0.0,0.0,226.1340646529839,-2.1461448537239596,78.76604415208207,79.52737427085066,55.045165627479605,84.41270402861471,85.57358888713202,80.14111177648665,93.07310459714526,87.53944710234705,87.88407531663526,73.97080806442057,78.97262772100731,76.33063674685374,88.25325655117159,88.92581874440853,14.511281789566693
607,552.4099008508825,1246.2572161095031,0.6971306313148985,-0.20594333749565,-0.6032804917760699,49,0.0,0.01245540033410957,1.1878309717700994,-0.18688661244992869,552.4099008508825,1246.2572161095031,1245.6052497589505,0.0,0.0,226.7278213386079,-2.145783138967303,95.49327330201749,93.17542122896155,71.9915132555018,73.39334057767822,111.19497107352316,93.29723814473658,100.74595266361368,87.00554157008222,89.28383115274129,68.69164904408453,84.2136325559184,79.23442349276348,97.59694910293311,83.61274947174965,16.674763122645423
608,2500.1279532566505,1247.0008284274413,0.4285997525580152,-0.12449397513925976,-0.19462961164102757,49,0.0,0.02606774664935094,4.372795318036787,-1.6018978733715343,2500.1279532566505,1247.0008284274413,1514.2619566889798,0.0,0.0,225.91571925312178,-2.1454897230203187,98.41413021219577,83.09513169654366,107.77382459634349,104.82624249319889,108.92969127910777,83.82037915632091,110.17337074610114,112.68662870556743,125.90880121166936,98.79519007097488,110.56578555239057,119.27806675467093,126.2965520911617,101.99814469639469,21.70001742633879
609,2774.0530131159667,1247.6472677718407,0.4120006413502092,-0.14339729084163816,-0.25557669777121483,49,0.0,0.016337528468994996,2.5556727327817392,-1.0187630984353155,2774.0530131159667,1247.6472677718407,1346.9673574674607,0.0,0.0,225.80151073592913,-2.1451881542093454,88.974884092065,91.16384202597175,96.28542206658801,96.9782022239184,86.8476132584818,76.53741708732268,102.83244656976308,103.30042373806104,119.80054787988023,79.57849698270418,102.26332692478962,87.31336336012184,100.57849632306605,97.70512804728823,16.807746887438714
610,222.17760889711965,1247.46570850637,0.3145628814266678,-0.05919155762506551,0.3834669462158993,49,0.0,0.006158952701809171,1.556070426904446,-0.4800731225786078,222.17760889711965,1247.46570850637,445.8283116979609,17.008924300122004,159.23693016944668,226.8655032524639,-2.1452341477619052,0.0,64.1476844236189,11.587894671316217,16.22155491678044,58.0225264177669,73.47886709290414,26.295063052279257,17.44048252279758,11.20730713414488,15.903666031912756,21.675972746059102,11.441869582771586,16.636826287628107,31.29574573222072,70.47285108576031
611,1516.7748523669077,1248.6751701932737,0.9607990542325148,0.03307327122029514,0.05505564954453172,49,0.0,0.018941804029949088,1.5929007914448647,-0.5054718201215498,1516.7748523669077,1248.6751701932737,1248.0218078004327,0.0,0.0,226.32573041953412,-2.144837623134985,103.14057793033722,90.59198573276088,75.8787307365796,99.85341680997067,86.36666456864,77.47151974494224,90.07462441256963,95.68652891977843,98.7293121525248,70.68332469545989,79.85138789955968,100.30029716471108,78.01079271202049,82.1055986610638,19.277045659514457
612,1015.540050367531,1250.1533049689103,0.9742005002130594,-0.6903759001337632,-0.4364856188497832,49,0.0,0.02191080003092765,2.00605652389391,-0.7558579145192954,1015.540050367531,1250.1533049689103,1190.5634650686923,0.0,0.0,226.53472242819666,-2.1442027257275598,63.04061410800638,80.34658689199854,95.12993155329497,79.92567297469719,95.09117306531624,72.03490806662518,82.09686046518225,90.19456770619888,80.41578456559819,86.31420320896345,90.9122552526166,90.95730523689272,90.2522465170485,81.74190396560735,12.109451490645792
613,1591.4541608329314,1251.0278295201638,0.861663368683045,-0.25114205730312894,-0.5100466278252501,49,0.0,0.023020984432947898,1.574589450609809,-0.4929183436044294,1591.4541608329314,1251.0278295201638,2855.90737525881,0.0,0.0,226.29459232992514,-2.1438577478972918,227.43825509342042,195.86924714151192,186.44538792745016,229.54257978841542,179.81336398685914,189.3326584544512,224.0426098477864,211.65849621582666,212.41099406344716,158.00576970643425,217.48692932740937,209.92724252037098,201.76810290097922,185.47973487929372,26.686003405154366
614,2889.3642422819485,1253.0304417450545,0.5574316945529932,-0.3497380552231439,-0.5074063573515232,49,0.0,0.0242532963659191,3.177468101930118,-1.2552029985959816,2889.3642422819485,1253.0304417450545,1502.2831411924599,0.0,0.0,225.75343544728295,-2.1429291656758096,94.60022540044709,94.67331025058834,104.2675883757182,95.31598648149333,105.27331376070359,119.34501394515847,125.57831990510465,85.49983758521208,109.23961981196652,83.29755250894182,118.5630357380131,118.87500296442687,124.68262827590657,102.39852711746838,20.67317907131089
615,1545.1598470324834,1256.4325132160218,0.5408646861679502,-0.23265939435101327,0.5506858882370689,49,0.0,0.05643853831792792,6.276781864496052,-1.9943425899508949,1545.1598470324834,1256.4325132160218,3079.43923246214,0.0,0.0,226.31389504308686,-2.1416056418103966,205.30946768906892,175.1481003514735,200.0187080488251,218.47321470846268,220.56217501788225,215.67560161226754,215.56645846534258,235.37632754266693,243.12055014212484,183.9299136201351,236.6084521147617,209.74557585873094,255.9421163693965,220.36196352717332,43.600607393828355
616,1577.2155010714052,1256.356196854637,0.296359616666628,-0.13789877278060242,-0.7245657495144175,49,0.0,0.026549078361997158,2.810918901297997,-1.1221207895550243,1577.2155010714052,1256.356196854637,3539.1168866973485,0.0,0.0,226.30052922798336,-2.141637582886987,242.41031315288046,238.5888018008224,239.21022100856163,260.72428434406334,195.01861880104832,256.0776853243101,247.3263249790217,256.7208704166045,292.8882307947773,194.1905768209964,245.12705486893043,275.237708453747,280.08297455898315,267.19849583350225,48.314725539099456
617,564.7595717978629,1258.004852048687,0.5902707494948366,0.03350672542822321,-0.3405505938369866,49,0.0,0.4793076508823156,69.43355652774069,-4.6039235281785995,564.7595717978629,1258.004852048687,10430.23124838249,0.0,0.0,226.72267105727303,-2.1408899218559077,681.8749154020936,685.4453462982244,765.1474847307002,759.1836487537937,733.555528959623,674.9427039429183,806.2097618431713,730.5738649225932,818.9241686545055,636.4066083210778,727.2845217446345,764.9419023661894,773.3273607254619,734.9684050457066,137.44502667179654
618,1933.9418915958474,1259.8228007172518,0.7998614368603735,0.06787753085958123,-0.11345459225100249,49,0.0,0.02872895096812491,3.1210352501363223,-1.2357466844422795,1933.9418915958474,1259.8228007172518,1369.56981520119,0.0,0.0,226.15179019825632,-2.1401869093234347,99.0796629308864,73.49406021975085,115.20183738886638,110.33078615403716,102.5299541722094,91.78079553514846,98.92604165938084,102.41014745162515,77.59634336191932,87.8746107872848,91.73100071058505,101.6868679306484,97.97110606877331,100.09916094004691,18.857439890027592
619,1328.7436432412492,1264.0292247832347,0.5384117587508525,0.19862336712800782,-0.2540486517688839,49,0.0,0.014244969674253094,1.640659687248847,-0.5375462678717245,1328.7436432412492,1264.0292247832347,1273.559890190142,0.0,0.0,226.40413084221507,-2.1384363603282686,85.54543725067344,97.90955023323127,92.45440411416622,91.90969264187956,94.3408205825001,84.37022794424382,78.9488972102195,84.37950042564657,87.42468674910386,79.99727886141298,91.56781433082367,93.54604334343823,102.97834134172705,93.55973885636303,14.627456304712608
620,2551.639318339203,1263.9851732548905,0.5259301950531359,0.348704542190697,-0.2083010354925735,49,0.0,0.0182817675725853,2.513005030070413,-1.0004833947102876,2551.639318339203,1263.9851732548905,1326.6523397918136,0.0,0.0,225.89424388154484,-2.1384077158921926,101.51259465451722,69.9047605326848,113.81992552738079,105.4749438560068,106.8422195141432,84.31361239775694,93.15274710229149,100.88350348012492,77.03405595663345,93.00137553245126,90.99097769836754,83.73322824948814,96.98935240085441,90.55402525279288,18.445017636319513
621,1470.8436724207752,1265.627822059051,0.4305185086307346,0.09890220059886184,0.1365067759562089,49,0.0,0.011082478064986356,1.202536608363074,-0.20024576577074696,1470.8436724207752,1265.627822059051,1254.1367614594894,0.0,0.0,226.34488152147273,-2.1377735092713284,79.74537897712896,87.34926697856307,85.47159881803239,93.10535380252165,80.75923546507401,80.7571125707951,103.31180869913496,81.14728352914642,94.66424508275307,71.8293372528648,89.89691943116092,105.42333446955988,95.58524116542284,91.11612746428767,13.974517753043767
622,342.271544476247,1266.1442618784938,0.5155379044863387,0.06184381274750572,-0.7166391294499959,49,0.0,0.030239291477464028,3.741104387172744,-1.4324995659650497,342.271544476247,1266.1442618784938,1949.9292603389076,0.0,0.0,226.8154313046904,-2.137469759844794,143.3871144248151,133.09533389933375,129.76373373119105,134.08606835741344,140.91251145634754,130.9563527541074,179.2565920343497,141.51989754210553,145.0182997761282,86.49890253271977,128.51340793086655,162.32638596258954,130.49151635077288,147.99660370475206,16.106539881415177
623,527.4478707917315,1265.8066083096428,0.4468010565165102,0.28022581745731584,-0.5120656302955503,49,0.0,0.02429680103338918,3.68316210085784,-1.4155520828818258,527.4478707917315,1265.8066083096428,1545.925243102165,0.0,0.0,226.73822660927323,-2.1376348528405265,108.14170413116723,84.5645261095902,105.19035786455517,106.12612359850361,105.4964004106811,114.19729146268541,142.58256777422451,120.78123629264671,112.22105456500594,95.11087536179454,94.85756242410153,113.71503531352195,114.35188101852216,105.52537986696655,23.06324690819855
624,2715.656501528922,1265.8349608611031,0.6848332661506893,-0.06156982702548456,0.022780181227055274,49,0.0,0.021578504737641727,2.003517180246556,-0.7544826771966735,2715.656501528922,1265.8349608611031,1555.9713750551705,0.0,0.0,225.82586005786834,-2.1376178299169366,111.93278375581147,99.64864067462034,102.06294895873896,98.19257767921549,109.49216916577421,125.4520570993734,144.55272049652064,115.17884182197616,98.1756602920052,88.41884081604637,92.1471291021552,121.44260880108287,101.84446229430718,129.99505644212746,17.434877655415526
625,3071.777339629427,1268.8613512362488,0.7315927933524777,0.3286363035685905,-0.24593175432762304,49,0.0,0.014979018048527842,1.3290691553846319,-0.30886894788081865,3071.777339629427,1268.8613512362488,1316.4292397127922,0.0,1089.6065215216036,225.67738718321618,-2.136304831828669,98.50047197824858,70.72666722809547,79.71350616804733,115.48546388274258,88.35691365486714,75.29026083133223,90.97718608952769,107.7461934344404,107.64856289436199,90.20730008018904,73.36026684648414,89.05843132480055,86.17712081135679,121.30848289858922,21.872411589709124
626,383.1197238739917,1269.981715019728,0.26996817941767987,0.7039337909288009,-0.3698259877082499,49,0.0,0.017976405269580976,2.7858893000470584,-1.1124096383193978,383.1197238739917,1269.981715019728,1794.4590266816213,0.0,0.0,226.79840031651736,-2.135876610811181,118.47571105440977,133.93815159363328,116.64541728951579,125.35479449301805,128.25960950124096,126.09963270608662,142.81548719953838,107.52660606868167,143.14621240831383,94.01250110966726,135.42302023800406,128.33510171341223,148.62829995975216,120.06669145383357,25.731789892513532
627,3084.1500875548068,1274.3966216371703,0.5851496373380102,-0.007288708539850353,-0.49173091875810043,49,0.0,0.016567294960919753,1.7668628672412754,-0.6180071090364021,3084.1500875548068,1274.3966216371703,1467.7513823580514,0.0,1218.948469225201,225.67222976570847,-2.133996550762823,94.30618602928612,102.56910444890491,100.0762717368028,99.52727301045627,107.42779351156123,102.39378856351223,111.13638645909205,123.93730319821545,125.36139125776525,79.33773178043025,80.33471374409191,111.57477465431194,106.58874992368493,99.93841648059949,23.241497559336665
628,766.9967977867732,1277.4719342361427,0.44784407493489425,0.47037101637687523,0.04289099398795444,49,0.0,0.009531571921427253,1.1696781609647056,-0.17016595320149402,766.9967977867732,1277.4719342361427,1117.3123300644738,0.0,0.0,226.63834914445454,-2.13280024372877,83.28250365292809,70.38805542636058,65.90343396913494,79.76177079180141,80.32441996440164,82.20722199389961,65.32560737282999,76.27519817709022,72.07772699981129,77.63708342654522,92.3020228549332,75.9048068111351,86.81471375644114,86.21705591840197,22.890708948759375
629,2283.532839875054,1284.9560193788577,0.5879560083340889,-0.051885579896156574,-0.19881739134989151,49,0.0,0.18471719896058228,27.08393162375001,-3.5817792717610426,2283.532839875054,1284.9560193788577,4352.1740509195915,0.0,0.0,226.00602996005978,-2.1296948051026487,287.51069686462745,258.94022868834986,302.6171870180434,303.04067857251493,332.4733269603257,314.37217689028523,297.80667316238504,333.8809183486366,320.6105280737237,278.4623140146273,323.8680694711369,324.98848092834163,300.7082826723925,322.9907681297469,49.90372112445473
630,2247.0592454547414,1288.080425627261,0.3535410454109489,0.2624747613995533,0.02127915422471269,49,0.0,0.02003710304592075,3.3923459578254125,-1.326250340029661,2247.0592454547414,1288.080425627261,1461.5011992803188,0.0,0.0,226.02123761353218,-2.128395722510563,78.84138958311371,97.69427281840407,104.77630622893481,124.54191634332301,87.58328010184545,108.36048668183507,95.16561068325846,107.7128820340781,120.20475845150564,97.3906788281104,102.61491952489925,109.69497682019792,92.28405707506658,115.0821452621938,19.553518843552453
631,2833.026663199532,1288.4297423331752,0.5210226644167189,0.06455319363809059,-0.2893518572416099,49,0.0,0.5745173524419726,87.64286705319218,-4.856791440393003,2833.026663199532,1288.4297423331752,14248.03000430288,0.0,0.0,225.7769284313459,-2.128188187330243,925.3148521047651,931.4809480456483,1026.8882966818492,1002.0043633600067,978.3718423142033,1016.417872693355,1108.343792809525,1002.4313210159406,1056.359217280383,868.6357255877226,993.484077634053,1065.6596985266383,1030.335407875548,1048.015424666731,194.2871637065141
632,1924.227590136108,1288.9488792086327,0.6733560024898779,0.07221200673012822,-0.2902570240952129,49,0.0,0.018356287864329784,1.9972729518844279,-0.7510935515067353,1924.227590136108,1288.9488792086327,1326.0952984915184,0.0,0.0,226.1558416112873,-2.1280515067002868,104.42855681647225,91.96454022257413,94.30317528257062,85.65978545935116,87.30843547252923,90.92211259004796,110.07356520541757,101.03552624488033,104.29871794779616,72.2130259254121,91.03340455335444,83.57370373055869,95.15669259606746,95.80893994978446,18.315116494702025
633,1858.2057972288246,1290.1485608688138,0.3929815489551545,0.13448357446077364,-0.12107911212735703,49,0.0,0.02787381302425796,4.754455827965706,-1.69275204217631,1858.2057972288246,1290.1485608688138,1597.601528910032,0.0,0.0,226.183369515271,-2.1275538038399766,108.96326351332212,96.57289449327085,109.21109359930885,114.41437068138639,122.08296622936876,92.70573243424232,121.34656835828693,96.11998312047552,126.73822802303684,93.23455793343695,129.09630324162305,133.24293915802164,121.9717540761061,104.44866517112771,27.452208877017792
634,1954.755002759201,1289.980845357744,0.34791291901134946,-0.08456859815054686,-0.10531586897284533,49,0.0,0.0113544458277323,1.7223344729021672,-0.5902937354339153,1954.755002759201,1289.980845357744,1220.8776362375697,0.0,0.0,226.1431132263971,-2.1276203592675738,107.40791593517875,90.36528385805761,70.06655206337234,104.10897471300089,84.94105400959556,79.29108341313474,75.10330828768562,85.3576881488029,95.96785912976381,60.559754546694954,91.21578243551247,90.1474076478191,84.56532392660296,84.936058215316,16.843589907031884
635,2744.6465045243754,1289.818809522383,0.3517209454767941,0.3566191608714743,-0.05784941620999829,49,0.0,0.012893706099615803,1.7804302674752075,-0.6263124217965589,2744.6465045243754,1289.818809522383,1396.4299357748855,0.0,0.0,225.81377623367106,-2.1276212574050977,98.97446807881701,88.44760563577715,83.21897453998665,95.62767130309169,100.83137602910932,91.7878671233832,85.89876866442539,119.52879291798874,112.4870564507498,73.04128660632645,94.07331835685403,107.79756511249042,119.89887869816096,104.03690830290567,20.779397954819043
636,1376.5196772771187,1290.9312484893428,0.5750350869522454,-0.37049607952044,-0.20041374123701025,49,0.0,0.01949073307504989,2.0502614025372567,-0.7795230897638696,1376.5196772771187,1290.9312484893428,1511.5568285973359,0.0,0.0,226.3842097755176,-2.127228600414533,106.95146897794206,105.97145071920315,118.77206694948826,108.14330031865603,98.92317368960525,112.09921358919598,114.86616779947872,92.07225203889126,95.8357300267147,87.50892206276336,110.43181074510323,101.14944143813294,120.39441455600162,112.50920133653096,25.928214349628295
637,1758.9471398788432,1291.2603135227748,0.7048846818654031,0.6399306470057816,-0.5187952461787398,49,0.0,0.013955914974949345,1.3912848039073056,-0.3585401041041395,1758.9471398788432,1291.2603135227748,1202.8924138871153,0.0,0.0,226.22475563520305,-2.1270929011079804,81.40634093261482,74.25320690184074,73.70076706408243,105.42131882921501,87.72443243649519,74.31701014070268,84.1169545946118,88.56405739925104,97.1911937179895,78.45437024915437,82.30004253876399,102.26580729321981,82.6504154965366,77.5775593976521,12.948936894985106
638,335.2470037453623,1292.0438131236697,0.6402949164008279,0.15456159353148533,-0.8550719051508551,49,0.0,0.020837662098248347,1.9584008986073842,-0.7297539993511408,335.2470037453623,1292.0438131236697,1777.4005183049942,0.0,0.0,226.81835651239305,-2.126677794213018,136.33742031917427,121.52775524565787,118.6944452808641,133.19594525178542,140.2812980694777,111.69493300377957,133.61042637657505,150.62007175448062,135.58560116859405,103.49811337441506,113.16246130693386,131.9806502722723,116.4013455536633,109.72918320231044,21.080868125010426
639,509.7218869515757,1292.8471077900915,0.25120350808709135,0.142323396246914,-0.09536798215353251,49,0.0,0.008626998068593015,1.3776325211484661,-0.3478334660604909,509.7218869515757,1292.8471077900915,1141.981859740457,0.0,0.0,226.74561397902062,-2.1263662255259015,73.51121952513297,69.29653074254543,81.52059650038306,81.96848317104758,103.23085310317965,63.42249110634963,78.5355091486619,73.64763033448926,104.09069988370337,60.19522610944376,84.47057084060452,67.63241609858068,100.57390907718649,91.05594027446094,8.829783824687878
640,2576.595530504204,1294.501626621233,0.7531826785778258,-0.5110801886138171,-0.5342032201316484,49,0.0,0.014978352090885176,1.3531679109726997,-0.32837922594400115,2576.595530504204,1294.501626621233,1287.602728450933,0.0,0.0,225.88384190721985,-2.125690196434514,93.8926841243266,68.94090041941034,90.11290784561174,96.08170425553813,80.0912285114852,82.79925415970712,106.58102787598008,117.5368001901164,87.27851760485731,80.8874245225974,79.81221790855743,96.54291055190956,107.04495129058131,82.00125572581976,17.998943464434443
641,680.2310101691712,1296.6807107221448,0.3075879747929868,0.375324948426015,-0.24924013199567546,49,0.0,0.009485180339494503,1.400575789894932,-0.3657665373483826,680.2310101691712,1296.6807107221448,1188.6054374887,0.0,0.0,226.67452317440885,-2.1247882226285526,74.99231239823663,94.70574804979489,100.31286629545542,94.88018349231334,72.0988805467764,72.62290692973642,87.16843942363423,81.36158090331409,89.70382894115755,68.42094352241739,80.14466816410436,82.9818863202823,84.45553344315572,89.01840765582054,15.737251402500842
642,2357.494891557804,1296.59746900322,0.5928464814226176,-0.142316440810665,-0.2199945719849695,49,0.0,0.13178662623039475,19.018626096614074,-3.19794785087643,2357.494891557804,1296.59746900322,3354.5265178026034,0.0,0.0,225.97519299755947,-2.124838298827625,266.46046983542124,214.29346739268374,232.98770474310342,230.53789626577256,239.41256199384284,234.68467030090704,257.8997285336399,247.11275953508238,249.16997861196447,193.28936471709383,200.2496715545538,228.6893048624093,266.92434516750814,251.23259664883028,41.581997639790146
643,2692.2414559384047,1299.5957284845545,0.6860213018906579,-0.2494391129668727,-0.7965417609059486,49,0.0,0.01219017419027897,1.1949804121283971,-0.19340196619308853,2692.2414559384047,1299.5957284845545,1240.95325816173,0.0,0.0,225.83562636218014,-2.12355428446742,102.1685169200438,82.68965205151451,98.04450372105104,89.56042085915155,92.11231617474573,75.27718943102624,83.7840449350609,102.34465209644684,78.06791388178117,80.68420883697497,92.35188281250109,74.74787572357369,96.66816637816703,73.36339360220015,19.088520737491095
644,474.41983135755333,1301.4870166456772,0.38550158957148434,-0.7655073447224935,-0.43730443826166643,49,0.0,0.01658083956234899,1.7730265182205356,-0.6217880779063036,474.41983135755333,1301.4870166456772,1952.7641296108259,0.0,0.0,226.76033128099337,-2.1227619999014458,149.5471046659606,119.92172897390995,126.4887576123269,139.63218936372962,140.09808243560417,129.88699799094235,150.47875557479833,156.03798452441214,154.23953906210966,92.07913170762477,149.33974952103085,138.4263766628605,135.86045057180758,150.78429472086668,19.94298622284173
645,2619.12737770334,1301.9391810562427,0.7753144860620904,0.1438846051775402,-0.19881862353676708,49,0.0,0.11306551871092502,13.675486328298476,-2.8398569492030408,2619.12737770334,1301.9391810562427,2586.3192247750176,0.0,0.0,225.86610988001638,-2.122586544921904,193.65728211996014,178.03814579422686,156.17637843347936,175.08203444509218,171.329520688307,171.69764575963103,205.68003849086395,195.2084224831397,183.19696928155503,156.9694332936656,178.79535386827175,212.96466617400202,177.9742741245757,192.70669612450217,36.84236369374523
646,472.43260542653985,1302.2168457213704,0.7207586315885716,-0.7475259439966566,-0.2924117553435264,49,0.0,0.017498165440080458,1.3173253828193927,-0.2992326502163783,472.43260542653985,1302.2168457213704,1933.2626694214532,0.0,0.0,226.7611597156486,-2.1224576645956077,147.65877087346132,119.71403177955773,129.01128884770654,139.7928083405935,141.33508429652892,131.57978937571775,147.61760126461695,157.3987029629722,151.8813686628614,84.8050361417683,145.81470229106432,142.48828879083743,135.40742838252828,141.4683865517634,17.289380859475152
647,1951.4929896530946,1303.8466792977817,0.3609374801762969,0.28026372037969277,-0.0029044107605408396,49,0.0,0.008631523908330553,1.1859677587150683,-0.18518220654518142,1951.4929896530946,1303.8466792977817,1145.0607587717468,0.0,0.0,226.14447383865698,-2.1218431049518056,99.33781396219888,80.92444464960775,101.36824513605038,87.25608383666554,66.38649087994945,82.2345475204409,82.74312136581048,76.00537885006918,82.35448528965296,54.091556680056726,73.54269337703411,76.30875246456178,83.74670661597446,77.4574007153675,21.30303742830681
648,814.3050025168357,1304.80811669044,0.33300890588153137,0.2086109183130841,-0.4400637767606857,49,0.0,0.007180560589173447,1.0294017236881217,-0.03146222780464298,814.3050025168357,1304.80811669044,1074.9199891767248,0.0,0.0,226.6186221932097,-2.121414734985296,90.99207418132133,74.24520091810066,89.5915899113606,90.92536802585832,75.54505550175631,71.06693480543916,61.5737694582741,70.20751848676022,84.28052284369562,46.706660801310974,72.50517465801171,76.66637257100808,69.53067774988038,84.34012151941445,16.742947744532632
649,1624.446478043518,1306.5042583978068,0.44887335294165237,0.044674704826438046,-0.07800756413771759,49,0.0,0.013050092138436128,1.8207371313740695,-0.6506181228145941,1624.446478043518,1306.5042583978068,1272.2754292951831,0.0,0.0,226.280836087384,-2.1207426685192052,105.43051304218056,87.23515428805871,91.72754701369041,86.25964761295093,85.8899638198117,82.516105170311,89.77476162551045,93.766906964629,86.785282834698,75.20290406503571,84.55867782519704,98.33075230305212,84.52083184446633,102.21542682851945,18.06095405707165
650,2682.648249298822,1306.8145146681777,0.5082492596082159,0.31668647387849735,-0.2774806514959094,49,0.0,0.008622669212246735,1.0039470954730727,-0.00427706900088003,2682.648249298822,1306.8145146681777,1075.8209122438498,0.0,0.0,225.83962684536493,-2.1205477356819267,90.9448171359455,65.70158042819355,82.88767182857882,61.62526629637585,64.0472604777002,63.136729891372546,86.09976520802604,73.67733465595921,90.96082637008458,77.52850356018857,64.24998540112493,69.7903152519794,90.63364016881371,79.90465190183671,14.632563667670095
651,1194.1761684116764,1309.7857670491476,0.7564302668513129,0.5471044325759249,0.2732820204182599,49,0.0,0.02329244376747053,2.555835834120689,-1.0188323871889131,1194.1761684116764,1309.7857670491476,1272.4092329785842,0.0,0.0,226.46023721744965,-2.119366155072213,96.83315932613307,75.5849162163323,85.11211777893706,90.50325696942679,104.91897784433198,100.33897970600512,113.22967037676128,91.63411291260044,83.15116799140148,58.680704363062034,79.03708758735178,69.25019664980003,104.1255983124471,92.27844007671602,27.730846867277815
652,879.6133579028208,1311.5136016899246,0.616687374744185,0.1967319837621521,-0.24361481317625927,49,0.0,0.03684452795462362,4.764880216165952,-1.6951299685680645,879.6133579028208,1311.5136016899246,1647.7927146202107,0.0,0.0,226.5913920857122,-2.1186263575074933,97.5398254299067,106.89515393450412,94.29921159230301,122.89758170401274,116.32592439590127,110.2461015640601,134.98917969625563,126.29056871839666,121.6468040839447,97.93329537800908,107.77643605316122,126.12266428035961,132.84852014598107,117.54487750556075,34.43657013785415
653,2462.8688552455583,1311.0454928735874,0.5901839482874328,0.07718183127532247,-0.2947184535874659,49,0.0,0.020046015401365153,2.490490767724622,-0.9907123403429752,2462.8688552455583,1311.0454928735874,1384.0151564074627,0.0,0.0,225.9312599216015,-2.118808843923992,97.52727761793011,97.61909623176375,85.49405572134657,105.65755592349151,105.10496141025291,92.60773353153385,107.25818694087846,90.37956426076171,112.28703401979263,83.39340498934601,93.85785773172795,93.11295716136466,91.5874989755807,107.81370494934671,20.314266942345057
654,2896.5530134270475,1311.0159166348371,0.808971166242171,-0.29202105400706424,-0.36010192478245606,49,0.0,0.012100503243888835,1.0002577235458687,-0.0002797837326889231,2896.5530134270475,1311.0159166348371,1157.938764333362,0.0,0.0,225.75044625478512,-2.1187687020990342,82.13747322753548,64.28622006151532,80.69935810606974,87.39831934753207,91.60205487479402,70.12797193685608,93.16428948348054,80.91367895315906,92.4768950176971,65.57126849364931,81.77969015686467,82.40322433657109,79.96470769585304,86.08287302208589,19.330739619698647
655,2195.016291688373,1312.0924063040657,0.8213162364991526,-0.2259657284307639,-0.3635247084208405,49,0.0,0.024361077035913423,2.6164344242911244,-1.0442746362183566,2195.016291688373,1312.0924063040657,1252.9127778773277,0.0,0.0,226.04293815978414,-2.118394508627373,93.47234880437315,93.29890630260584,100.89390072554926,90.32495984083434,81.04906473704266,84.70731360737938,92.9184216856408,86.97952550046541,71.46502096779868,85.50098766052466,85.48096267667913,100.2888020182258,83.80917179412894,84.61232197609148,18.111069579988243
656,193.63302841624596,1313.6411840189999,0.38655578365245574,0.7754974411059485,0.007906813866283658,49,0.0,0.008247909011036692,1.767007662649526,-0.6180960820849495,193.63302841624596,1313.6411840189999,660.7291782551144,0.0,62.21792954686052,226.87739405932135,-2.117658116087548,36.08770120001558,10.293844944275996,13.307116810822702,69.61973821407149,42.84666145604662,212.94124614523864,4.762049312964731,0.01936435092942664,16.744485382522008,9.612264192693628,14.315144514202185,23.743248289589648,131.4419527148917,74.99436072685,0.0
657,1669.2252014353903,1313.7332552202374,0.31180815141681045,0.02047025434471596,-0.2822172280231355,49,0.0,0.008753478196016707,1.1986489961021205,-0.19673006497525972,1669.2252014353903,1313.7332552202374,1112.5484360569776,0.0,0.0,226.26216559530135,-2.1177303675070243,71.95955246561155,83.6837926761552,87.15848790389092,79.33870262921025,86.2842297749264,88.54797495006952,79.18380698183684,67.51896126061813,70.81318803938329,53.25520445872323,70.03548849742106,92.01067631107784,81.22093030775099,88.83368056534066,12.703759234961737
658,1267.1062648337356,1315.7573760584637,0.6458973413619759,0.7386731217190332,-0.04999915145275892,49,0.0,0.01253717342898614,1.2803821986579262,-0.26834906863498603,1267.1062648337356,1315.7573760584637,1194.2405864469815,0.0,0.0,226.4298289546163,-2.11688102751187,63.237136689863505,82.04343966520625,102.70550121684963,106.50221361653999,70.57887792057033,79.62681635093173,87.51192993456222,91.65416764359178,81.19043413746678,67.56804671886937,95.82191364167973,86.90058065247285,79.11443343717288,79.92266545205413,19.862429369150288
659,740.1592903127832,1316.825520437688,0.6295374792796956,0.08106457184081899,-0.291336941342249,49,0.0,0.14715617637933334,20.7280740915058,-3.291397380863301,740.1592903127832,1316.825520437688,3453.4206420193104,0.0,0.0,226.649535153441,-2.11640075258973,227.26237600508279,227.7869275157276,231.43960286964762,261.5853159117648,251.08351823722248,230.14910810322542,248.30964569170789,275.3103385558555,249.42209241717197,189.21077319434374,243.89549398957786,268.91371774089805,262.7390926623633,236.88350901116658,49.42913011355496
660,2052.9899570927664,1323.4828249100296,0.5882772730313887,0.06435885523297681,-0.14707439894379878,49,0.0,0.03445434285157049,4.812760331812956,-1.7059855875183727,2052.9899570927664,1323.4828249100296,1544.5736044128253,0.0,0.0,226.1021558212577,-2.113656879978063,121.71433938808548,105.71108131269423,118.91028925576956,114.02081846137688,130.59934730882742,94.75853543515723,104.41906098993087,101.89534345668943,111.082761819225,88.08632609026782,98.03504781312962,108.58978356309665,108.0834437054804,118.60305077136454,20.06437504173007
661,2442.351802030112,1325.1775793706906,0.3554677139501284,0.3324975053997413,-0.176211178432075,49,0.0,0.033787195551879735,4.942754466325074,-1.7349225930300305,2442.351802030112,1325.1775793706906,2289.3854929302,0.0,0.0,225.93981545347484,-2.1129225696789917,167.2776713904217,168.17844148035078,173.95285880726948,158.0522625327493,172.05351175653263,145.01597680848465,169.83168197056557,139.5382442065916,151.13733715630764,124.31658300686794,168.12502956566158,177.0086237877951,182.86241327788184,169.04548619149801,22.989370991222216
662,1412.5858537122226,1326.854606534252,0.7402761743271495,-0.4239684942427025,-0.6300292846472932,49,0.0,0.017974110245389353,1.840956598363438,-0.662608874690982,1412.5858537122226,1326.854606534252,1388.8005762575424,0.0,0.0,226.3691711966025,-2.1122614519384757,103.05017035324798,75.33507463882471,103.31355490457372,97.23177819579264,92.84565186482766,114.22982487009745,105.05581958097213,101.0573315455479,97.04902783730236,82.96349046811838,84.84138790200582,103.63212640150454,91.18029125690781,117.52085039485264,19.494196042966706
663,1736.151460597813,1329.5096787455493,0.3573085963820967,0.02974092508264143,-0.03018558006232696,49,0.0,0.07380945253001008,14.80664832666233,-2.9261419039040417,1736.151460597813,1329.5096787455493,2767.536538195545,0.0,0.0,226.23426089812534,-2.1111561216556964,209.948752101853,194.08873902033085,193.0480867613998,164.814523429928,212.322332333575,183.83216603047768,212.5566489843676,200.43069270210833,189.2944808658961,142.98010982714393,195.45976964070474,210.64443225310686,211.4169876264848,218.87203000182947,27.826786616338634
664,523.4796682398505,1329.6264786836405,0.47080289025495875,0.7093918897328476,-0.42157875161830294,49,0.0,0.00939467409666033,1.0031811774374424,-0.0034484373755383213,523.4796682398505,1329.6264786836405,1159.0077471810887,0.0,0.0,226.73987380052657,-2.111043703710888,76.98337064630164,89.57117724773846,81.89326919886926,89.15103906065248,74.876695453429,78.58247276224571,83.0446597488181,79.69087826161406,84.46810662169631,57.16936015853612,108.92117674263619,78.97923378041841,78.53303420972074,87.34475011402782,9.798523174384401
665,1698.9021902722516,1330.6714135127252,0.4244442438608173,-0.6036424125331502,0.02168292919878299,49,0.0,0.013036301981973855,1.4752280258004227,-0.4221478858581782,1698.9021902722516,1330.6714135127252,1373.9132146529714,0.0,0.0,226.2497919398864,-2.110672554410587,89.94814598567773,88.35435227440314,98.17390449190698,95.66504500486317,103.30636314400832,84.9692058043409,127.71449376780214,95.29351102883355,106.69416538337632,68.95519024698,110.77734244630108,91.41577920219521,94.14014378861617,98.02799685550869,20.477575228158
666,2103.4708901717395,1333.131481279136,0.7211850906895679,-0.8795504302832707,-0.6148121165974854,49,0.0,0.011371519376899472,1.0721197294011995,-0.07560822018925632,2103.4708901717395,1333.131481279136,1155.4169333983039,0.0,0.0,226.0811085893192,-2.1096339522580676,68.12366715041264,85.8264497542283,92.01533741356496,86.81968863849178,91.99218601075694,71.9527502215555,80.403648300804,76.41348058641384,103.67366987115646,72.08337939120335,81.7403779056124,69.26682322265461,88.06588258067653,77.42154832125524,9.618044029517264
667,817.1068550264242,1333.6774998863164,0.3696913055270281,0.10439117264929948,-0.08280768386374728,49,0.0,0.01916289635152071,3.2991066747706883,-1.2959908961043882,817.1068550264242,1333.6774998863164,1309.7407423033862,35.06135800137976,0.0,226.61745160207337,-2.109386317919135,101.81984393045659,88.37184294750173,90.84395019317788,85.43877914244167,92.39020535373422,87.95721799882409,97.19335852500237,85.01750657079631,95.47757056113292,66.30967355762499,89.20397699748878,107.39280370949083,100.2126564460597,103.9578973885972,18.15345898105697
668,925.7648012577798,1335.1596379540192,0.5738337772578942,-0.20746681149255308,-0.34963477523702835,49,0.0,0.009751104995468253,1.1596893440329883,-0.16085416651296786,925.7648012577798,1335.1596379540192,1073.1053282993876,0.0,0.0,226.57214801428273,-2.1087776110957615,81.44796566944046,72.6149560876113,71.00500356418479,85.93658314018342,67.08416911814264,87.5710255418086,76.90509214972195,79.07857146446023,63.17328466758167,57.26877713428731,81.8927808858212,84.27737752299055,71.50516493730026,73.68761356037447,19.65696285547878
669,2682.3286886962715,1334.4934321343217,0.3245644075007717,0.1403679324563989,0.06991161231215672,49,0.0,0.007908696019204828,1.0380642020672377,-0.04056053633714391,2682.3286886962715,1334.4934321343217,1166.014121124303,0.0,0.0,225.83976324614554,-2.109015297320644,89.73020434853632,75.63050920013671,73.06657340794919,85.18752278713734,85.86139807960005,85.57947276121767,81.28138482377904,73.41409418126275,93.80738315938038,70.92069458462683,80.01028772302074,83.57976045879596,91.2612825319127,82.60991708639511,14.073635990552052
670,2757.7574141835903,1335.3547772657835,0.4887240269307682,0.36258265622533864,-0.2809702616280479,49,0.0,0.012005801244746964,1.405468871060304,-0.36955307776428714,2757.7574141835903,1335.3547772657835,1239.6915144642278,0.0,0.0,225.8083155579247,-2.1086469953347846,92.27669701487429,88.5059250112094,67.71999739471872,90.42281630373219,76.51242604165331,82.10124101320541,90.05825166346207,98.80888252470456,87.87792817882595,68.70881315514004,90.21596699152072,100.46472982239767,87.97987322707303,102.12077915946759,15.917186962242843
671,962.9494296028405,1337.3318675495227,0.9038451676941239,0.13327406399007197,0.006107764700156549,49,0.0,0.030201210864816773,3.07965244977636,-1.2212542687989902,962.9494296028405,1337.3318675495227,1311.1618061625986,0.0,0.0,226.55664415493115,-2.1078752506491822,101.84441401012411,76.5955454476343,79.21098956543203,85.9864179943142,105.61012293044827,88.80612603302684,117.30724702401227,104.74267234412939,86.91312334119385,81.61705796347542,74.96873214742783,82.80253620623407,122.37174999197678,86.5227200075908,15.86235115557831
672,1381.2332568155277,1338.2610057693805,0.7133979415465066,0.13033920591668222,-0.19141990489353725,49,0.0,0.30977419745863227,39.6908865654265,-3.9967269993573757,1381.2332568155277,1338.2610057693805,6031.887948483888,0.0,0.0,226.38224334177787,-2.107508096333619,371.1390951432122,385.6411581028735,423.18974613707945,419.89997892016146,449.4323764005861,413.98524745306554,453.1803615506127,449.6887558445285,468.23766261840575,366.7080064918822,443.02818585764095,447.61031574209915,436.7960376697806,432.26908561450193,71.08193493745704
673,2299.266744670605,1341.2132141135096,0.6616741585889364,-0.03752430501474171,-0.18643845280235002,49,0.0,0.01409180483344115,1.4590639219130128,-0.41018579711878833,2299.266744670605,1341.2132141135096,1380.032287455652,0.0,0.0,225.99947397692029,-2.1062534881670985,106.85550303268766,97.70716284896167,97.25390944829982,105.49405147646073,79.99422333345004,97.72089912389191,91.40490863350425,104.5562344853052,105.95452161609066,73.65373156726241,96.25260934595514,90.13988165369247,112.4417040685137,96.36357246333434,24.239374358242134
674,275.0273277934853,1344.6877801531114,0.4540573651967708,0.20081306005573535,-0.9759866018960497,49,0.0,0.022027130923041136,2.450354620442207,-0.9730723522953924,275.0273277934853,1344.6877801531114,2210.3562532990695,0.0,906.89191115674,226.84345566350572,-2.1047351442231963,129.71724011364012,150.50239986826543,159.18431013109463,175.38265690360578,151.1787993694769,147.53126472053134,157.6268296022422,160.57900839994622,171.4477527079187,139.1867579019012,147.52485885364257,142.27493404006663,168.24389966142618,172.86147069859274,37.11407032671861
675,2291.978003113962,1345.7238924000535,0.5150216911240448,0.4009994333467569,-0.22468333141645536,49,0.0,0.010498821823551954,1.1729150679243494,-0.17316641377727054,2291.978003113962,1345.7238924000535,1310.4606248183063,0.0,0.0,226.00251325264023,-2.1043746338369305,95.04493363478043,88.17698341397373,91.04237346116456,100.76608864429767,78.97042844038913,96.35329533512783,103.36737003670775,92.68954027905829,89.02328679410411,83.30933788061067,99.22549436885,91.71820518795838,95.1509110465415,88.85457333533994,16.767802959402374
676,2301.164680419184,1347.5224218086337,0.7760667405978059,0.2470869556483537,0.2421598081540934,49,0.0,0.014770523133996556,1.4732027705507524,-0.42065631732823805,2301.164680419184,1347.5224218086337,1426.4138035079932,0.0,0.0,225.9986831253118,-2.10362454692629,109.15003731370942,101.24097943723277,104.24756535101494,111.64121229478425,86.28506989391033,103.58388467929726,110.59263112412216,96.7067407627374,108.15125735766149,82.88430116577592,93.4995283658954,83.18033685462896,117.90167387683564,104.951337914667,12.397247115720138
677,2306.9155687682146,1347.9819308196638,0.7792274687992474,0.38615563023056526,0.37709630763029084,49,0.0,0.010571368826421472,1.0453233596151237,-0.04812663897296539,2306.9155687682146,1347.9819308196638,1205.6453203485087,0.0,0.0,225.99628540708605,-2.103432637709776,84.09285259239113,76.68975948877382,108.70283251497739,87.58045125951446,73.16394135932643,81.71368786045576,90.02875922425815,78.96575942033047,105.6383236464799,67.38948991453684,84.51121082073112,69.08089556638053,101.24243006491693,88.09011455608726,8.754812059348522
678,1068.947245418588,1350.0254897585144,0.4040187567966815,0.2069020422482851,-0.16070830541905912,49,0.0,0.014858582752703058,2.135067444260711,-0.8235289960696197,1068.947245418588,1350.0254897585144,1559.5880904305682,0.0,0.0,226.51244866160096,-2.1025932095084077,103.35492479880982,77.15762621612755,88.9257556377375,106.32519362392307,107.99659472004429,93.58168657323895,140.39505913913627,107.03814396135978,147.98705592433242,94.5196809614859,114.47996840225709,107.57808706787276,110.62725181100662,128.45183795947605,31.169223633760176
679,2374.758445560916,1350.446110329566,0.9463353494316646,0.484904447087994,0.19729326326841162,49,0.0,0.02293292640948527,2.1225536323485032,-0.8171466818467858,2374.758445560916,1350.446110329566,1212.038854668911,0.0,0.0,225.96799955255094,-2.1024003264434623,100.22868594095993,64.92064692743,78.83673459106609,63.737684087961284,96.13134055397786,67.50973188827697,100.540953138666,89.29285514837326,88.06584607731847,77.57744048058161,85.2645813583633,92.7754252354905,97.82576636441674,92.54928420217871,16.7818786738501
680,3038.0808969830355,1351.179612010919,0.5159029623362904,-0.0374201222428106,-0.5545674025716215,49,0.0,0.03807960860034597,5.318209996295618,-1.8144137050122837,3038.0808969830355,1351.179612010919,1932.4064341580392,0.0,1052.1971178362471,225.69144803803817,-2.102013125933727,145.38329518359473,139.2635149023396,123.88962400187427,149.84109845728062,162.83792324893705,116.63951612152427,145.41656656243083,127.78526001861336,132.52428876643603,97.91430095292506,126.7725018909842,149.52339261943425,137.03862880019992,146.5459534728249,31.030569158640194
681,398.03848165684195,1351.9978237024463,0.39456767756890393,0.29159343864532217,-0.6627834456448621,49,0.0,0.024757249018316437,3.3102603241647155,-1.2996553718279826,398.03848165684195,1351.9978237024463,1765.492187449024,0.0,0.0,226.79216991232187,-2.1017067324371923,126.43474155348153,135.95958145934412,118.41793969601729,126.14706226780807,128.8870249414151,116.70528540999854,118.68209276131381,140.6312596505131,133.1104800314577,108.00299009158948,100.61535011844197,122.93941161387873,142.42719554483358,127.09875807361573,19.43301423531517
682,1393.9710984829758,1351.3533898838791,0.6939808535662041,-0.12600427606844747,-0.09825999214325924,49,0.0,0.013781647345759302,1.3084251114777954,-0.29187217643346386,1393.9710984829758,1351.3533898838791,1357.8932454363512,0.0,0.0,226.37693205161082,-2.1020532636978433,87.31951078603579,95.2409536095823,110.79807596319358,87.13000302295882,70.03943589964145,108.13725754918264,102.42936719063758,116.26024503820594,106.58270545678022,68.99944400166835,84.91638775384392,101.16024227165404,102.53712547217079,100.67109254716942,15.671398873626488
683,2075.2273361522566,1352.2583363953065,0.603645647367744,0.2506924905501015,-0.45434660165415547,49,0.0,0.020111483164895125,2.3210519631483506,-0.9142121586106833,2075.2273361522566,1352.2583363953065,1387.2472751137914,0.0,0.0,226.09288550789134,-2.1016660459389787,113.99894529160925,93.35298789473023,109.64047514360381,86.04669318600577,76.56252469981702,90.02359127432682,103.45724443438746,102.53216012698391,89.93073266097409,89.1206120600493,98.96321948802263,105.71712844973018,117.8920466169804,82.89326232676791,27.1156514598026
684,2441.852181721025,1352.0001220133747,0.23467220366860547,0.2101434425977623,-0.18030458398173246,49,0.0,0.020066499763049604,3.136593897670595,-1.2411457329751165,2441.852181721025,1352.0001220133747,1772.614341534797,0.0,0.0,225.9400261494956,-2.101746807268039,115.22251585940802,127.19683977419555,122.85554956380184,114.25171784160187,115.58103586574703,126.95121613589419,132.72066541225416,131.13238428575613,121.48652249887112,100.10007048414944,144.93300996356314,124.80008195611154,149.6611808397858,124.34742863251499,21.37412242114211
685,1230.0650340982822,1353.0833746782957,0.6826983676492281,0.07067510917605148,0.016061206325270593,49,0.0,0.014289295854584064,1.3733260302280799,-0.34443412954567265,1230.0650340982822,1353.0833746782957,1193.023277200544,0.0,0.0,226.4452717434309,-2.101327182943399,81.86282062465389,79.93538761771009,109.61800723214472,84.22001572648642,92.81016477921374,75.45376556604339,97.00533964755111,91.99704866438917,77.32727235085989,65.20544398241621,78.92701165606195,88.90285691467007,87.9136417702073,65.83679157771431,16.007709090421688
686,1557.9278237191727,1352.8766678094544,0.7059942465132201,0.4144802347753235,0.03277941597863093,49,0.0,0.010514922230778902,1.0571869322411735,-0.06037946557922205,1557.9278237191727,1352.8766678094544,1155.6745207913555,0.0,0.0,226.30857091724891,-2.1014208378041417,65.89753088327869,87.25617844107376,93.19936785533633,90.51458846712332,65.90267524420989,73.8344749501315,88.4439977909296,83.88883064661279,91.35937697548509,74.83161726782748,79.90132394002987,74.25693129276426,84.31605421401228,80.51028442318062,21.561288399359956
687,1723.0764232607978,1358.1092491562238,0.3620929628507813,0.03479361560015188,-0.19995944633650584,49,0.0,0.014202054356597113,2.2106648621790193,-0.8613072708086322,1723.0764232607978,1358.1092491562238,1264.3792464892813,0.0,0.0,226.2397128861894,-2.099239868857513,86.3565512233785,70.4645044045112,98.97994883130862,80.83569575336861,91.52529036286461,90.84221764254777,94.48812816653006,91.60919480979518,81.36252442902564,74.2937822883091,97.01060716779998,89.38927782979555,92.15194712444051,108.727803063707,16.341773391899245
688,1111.1495379562953,1361.356661272292,0.5374944419561664,0.09679917537774894,0.1438570387418068,49,0.0,0.013419600997159479,1.2827088908378865,-0.27032026243403245,1111.1495379562953,1361.356661272292,1457.3692359956622,0.0,0.0,226.49485221148265,-2.097874329379039,100.42536395997641,90.80466843436717,97.24632153214057,104.83190401863267,98.15137733464661,101.37950765018107,109.84838463224747,121.11680404545571,99.53980696169816,79.56978339611217,107.55741625541113,107.34998191722966,115.19926320993679,108.49786216881316,15.850790478813348
689,1718.399147396805,1368.0774021344741,0.443739841353095,-0.4054748951257058,-0.33274954442171456,49,0.0,0.009593217688602917,1.16778966854977,-0.16841157180848143,1718.399147396805,1368.0774021344741,1147.8919398066462,0.0,0.0,226.24166317974823,-2.095086548156239,71.73358148203258,63.71774093010086,79.87888365616769,99.85939319908046,73.47972638227017,69.92333384551364,101.56619998111607,88.24952679303343,70.05436024809774,75.64321316180423,62.39493902860244,80.2172793933743,88.07463917031166,105.03603823435199,18.063084300788944
690,314.5185104088935,1369.9118367245371,0.5662557823015946,0.26878513871529125,-0.9672020546255693,49,0.0,0.18151379557989542,22.596997915110155,-3.3851268638525362,314.5185104088935,1369.9118367245371,6966.114590134861,0.0,0.0,226.8269879781992,-2.0942313553376715,510.8868397238151,422.10564592248073,478.44294976713843,525.0420314928837,510.1504237475376,479.38135486061947,545.187859395649,551.7382830702345,530.0472347923451,384.06392984072426,503.1221004920363,461.37059321588896,494.00857237653884,482.51270630012993,88.05406513683913
691,755.7619802332207,1376.0279446983654,0.2288408902435284,0.047015822980424574,-0.07097549671067856,49,0.0,0.008741544357338265,1.34735935514951,-0.3237086053883754,755.7619802332207,1376.0279446983654,1205.7144790149646,0.0,0.0,226.64302456821812,-2.091735115849281,77.1819902666183,68.80276906682887,94.7368161722568,75.08926402961599,95.3103409555064,85.56756381645936,105.14796860767325,91.35896315573277,91.76780436202459,52.377269423082595,82.55212668291452,82.20964498306247,91.43033149669955,89.11592110340882,23.065704893080127
692,1820.8792362387185,1377.336394245269,0.5964285858437134,-0.0004309009187896591,-0.07235930019049645,49,0.0,1.0606658263027624,157.10691327362937,-5.490488239979468,1820.8792362387185,1377.336394245269,19989.704124089414,0.0,0.0,226.19893492365324,-2.091226728962403,1352.3550070712427,1276.5418827735616,1344.0682590970375,1446.8772063413371,1366.5165450284956,1423.6730569833683,1548.404955598135,1567.9665526416993,1425.5684425151494,1217.593439478886,1392.3380424637498,1401.3086467219898,1479.8854019765454,1453.291797740169,293.3148876580526
693,1027.8943488864768,1379.3737315660458,0.5259642990753686,0.39960026628126105,0.0491198671998773,49,0.0,0.013173103635649327,1.5260404553902511,-0.458915117336575,1027.8943488864768,1379.3737315660458,1167.9900794935663,0.0,0.0,226.529563476871,-2.090362396303929,69.04124171681048,65.4906841109596,88.43633497465319,105.13855896960995,85.09915254724392,76.55367243428921,80.20725442011549,70.60270983350848,93.84105449208491,76.75184936934673,81.73990140374119,81.60168430757025,95.70088371162302,83.52710450966138,14.257992692348534
694,1195.36532426204,1381.5360229738412,0.22471388315239124,-0.15220606093377173,-0.756439304677822,49,0.0,0.006650763906946689,1.0583943089200576,-0.06161873986456929,1195.36532426204,1381.5360229738412,1141.8187487280047,0.0,0.0,226.45973832674335,-2.089470502467935,79.60781071889437,69.64840064778858,82.31474415759021,80.77025484396354,73.32465470130408,81.04816329561163,80.89954875748816,82.18555085156136,75.93986992995696,82.79924516613923,88.14953124010012,81.23129933479925,90.97994718670591,74.28426621438513,18.635461681716045
695,2913.7599026830644,1381.119193085285,0.4928657624861103,-0.31552552762411773,-0.4687557834362011,49,0.0,0.029887957166662666,4.10455443085073,-1.5331650481419503,2913.7599026830644,1381.119193085285,1644.576559640746,0.0,0.0,225.74328221408095,-2.0895579214589564,124.49884703642593,97.7427027647439,103.00097601450994,127.15846237168307,143.46248028638973,123.65617108709783,140.80661705426945,130.21599125053132,90.03072473615885,94.56712394388106,122.39578599003681,111.90626160330362,112.77333103694437,102.87041020181972,19.490674262950193
696,318.1287744235823,1382.3224338382636,0.5068670115106256,-0.07102059475016227,-0.9429799659767889,49,0.0,0.021710281518299925,1.662714490155387,-0.5520442039338739,318.1287744235823,1382.3224338382636,2471.363142987917,0.0,0.0,226.8254811459863,-2.0890610257549502,182.6963660130672,167.60061614937496,170.2381549652606,189.23796034884447,184.74322701029402,168.40803737243618,167.27343731732338,187.47532957934908,175.194454024065,135.88863197170127,157.29585732789565,183.11126106060595,200.0142289363697,169.80922393790917,32.3763569734206
697,647.175831749448,1381.3862177766673,0.6773850425264075,-0.2802710023786766,-0.0223104701516896,49,0.0,0.014212649492697502,1.4551739404389439,-0.40728727172030027,647.175831749448,1381.3862177766673,1211.4103686118356,0.0,0.0,226.688296424811,-2.0894917581984855,74.51710055741344,79.49171827087045,73.0896730724697,88.85172675201943,78.48079194311345,78.58647061975773,120.61028161211394,95.65602173677084,82.88268532888789,63.4782984317625,80.1440874204321,94.50818391154257,91.90311716314096,91.00091134333488,18.209300448205667
698,2433.6726865160626,1382.4426780922092,0.532399870168763,-0.17161043949156535,-0.18201150372778138,49,0.0,0.19471981887097548,30.183297731193186,-3.6994167191671083,2433.6726865160626,1382.4426780922092,4908.024946564673,0.0,0.0,225.9434391180063,-2.0890634400797796,334.0862180469249,323.8666456935815,342.5186548655987,372.1684242133575,373.25886259318884,356.2793892172764,369.58366700347074,356.0948360246746,342.61550842913607,303.8142270824917,360.730726359277,326.722091982895,348.8978294532967,339.0188189366569,58.369046662846586
699,2271.7912347782885,1384.266716889596,0.6868258068925236,-0.3114530931502615,0.14111928286456768,49,0.0,0.01679023478491932,1.8169503753941,-0.6483576650135964,2271.7912347782885,1384.266716889596,1300.7190991798846,0.0,0.0,226.01093259849438,-2.088316893865026,96.89977217312011,83.99839968961646,98.4083765011089,101.47680274245116,84.98364192908653,94.65687052382174,82.08163514130345,88.32680604176065,99.49227237179372,71.66438618107114,88.84952726462828,97.44452699136963,104.06933356838712,92.84644410607225,15.520303954293404
700,2608.4215790369117,1387.9788361645735,0.5319847495164457,0.15778129527805956,-0.13297319654840314,49,0.0,0.02965055898169549,4.103084847666666,-1.532776244581816,2608.4215790369117,1387.9788361645735,1581.3858230281394,0.0,0.0,225.87058261360184,-2.086738995958317,104.34120457372899,102.2804340383343,124.43634343765547,114.123026557965,127.35857654033151,112.72252435904383,126.40452583802896,113.99228244661319,137.16477784321813,75.98960660643733,86.84984121383887,110.62418738493218,112.26622366962059,113.10899541028553,19.723273108105573
701,2991.8134319753626,1387.8260259252293,0.6004970638481254,0.23095872527120018,-0.2877525516713752,49,0.0,0.03016526795846138,3.4783032794583315,-1.353418615567635,2991.8134319753626,1387.8260259252293,1722.0573100996094,0.0,0.0,225.71074244890502,-2.086751889880704,123.04408960094531,125.64072419604622,122.97253159180933,122.10114770751355,109.36347243295984,110.06721685013841,113.24654218417905,127.1011829712611,142.28080150532804,112.84349906642615,117.99968513909923,123.65522027915647,130.02026679140235,122.35303560056926,19.367894182775224
702,2183.574965400375,1390.258702283412,0.5982967862343445,-0.10207186394329602,-0.08133785876590502,49,0.0,0.042259512917081396,5.85273096062316,-1.9183964021177387,2183.574965400375,1390.258702283412,1600.375625588189,0.0,0.0,226.04771336314124,-2.0858263747618397,97.92559449668084,99.79731017262971,100.89382333077376,126.55907656464385,125.63539536789384,118.41031990192253,119.34952836186818,126.68443980911839,119.14463990209077,80.00042966354506,113.46527624447774,120.37938063364551,114.70611552164642,116.21606277167957,21.2082328455728
703,2365.719190417251,1390.4513715270018,0.8143432013047469,0.13547560874945433,0.2636871533754045,49,0.0,0.014029777937411754,1.292635217727021,-0.2786899601521427,2365.719190417251,1390.4513715270018,1152.1132307619523,0.0,0.0,225.97177156009025,-2.085732546717275,65.86135263542786,84.24561986292622,91.91466342276988,76.97235507097125,90.61218396551523,80.29082215749898,79.76456417869609,78.4492804244612,77.55805962000514,66.01517062544511,76.8380810408456,71.19622793776225,97.91410659639705,94.75288235877703,19.72786086445356
704,2171.8422472833827,1391.6497913138944,0.7070445408489705,-0.033848438033153024,0.10867649106234176,49,0.0,0.012279413672752105,1.346379753867525,-0.32291893082679385,2171.8422472833827,1391.6497913138944,1151.9143359370732,0.0,0.0,226.0526052290242,-2.085247508039465,76.49061286571069,69.16440453327534,83.18622549896887,74.76869496597291,89.48931463301858,87.4639909858974,92.50259325194287,75.83691816213005,94.48958616484086,57.82841695779376,97.0445147412953,85.96621885540668,70.47237488087849,84.91060771732876,12.299861722612638
705,2066.5387135937453,1391.711999463086,0.3829145328632491,-0.22945650752551985,-0.15709093784583222,49,0.0,0.013182273913545097,2.028803155827825,-0.768099779381197,2066.5387135937453,1391.711999463086,1180.6477863772138,0.0,0.0,226.09651010110784,-2.085227614146562,90.32609757587787,91.69318989654978,89.05592766252008,80.21567767170686,79.10184230370542,84.613373340122,76.77558991686453,80.48989911975558,90.10949817678326,85.78614828434101,69.12330866004778,82.7616028510794,79.06637723364092,80.38772593383686,21.141527750382494
706,2312.7547794567204,1392.1312820578803,0.45118734679634664,0.017201246525433304,-0.14516546754710233,49,0.0,0.012385594878128202,1.6859247260049042,-0.5670954503207207,2312.7547794567204,1392.1312820578803,1289.738898999654,0.0,0.0,225.99385415784153,-2.085036912629376,77.66651331216946,82.77362329284406,81.64976103879042,85.68303157873959,85.75271181324797,84.29038820409289,102.63901394173402,103.1308309835901,100.13695912245987,65.91056823135062,98.30125608016755,95.11949972587382,111.38592969976429,93.58663385942131,21.7121781154083
707,2893.2148490176505,1392.0478200024247,0.7334446137815684,-0.038425563123488445,-0.39097378413011613,49,0.0,0.01227939752757513,1.18894472173076,-0.18790415798201504,2893.2148490176505,1392.0478200024247,1188.1134718458638,0.0,0.0,225.75184906314578,-2.085007498664467,86.58976297260875,85.47418086202322,76.54211863044577,87.711258966299,93.42812825991602,80.07115122165877,104.69943101439516,91.52710126525126,78.76493319812447,53.544997554201316,76.59337945533875,71.91161383785439,80.0246833160013,103.11228392723724,18.118447364508306
708,1649.419425744027,1393.3611886484716,0.4949347383478231,0.36152538184039007,-0.17921496457845565,49,0.0,0.019305242573817973,2.739811220560956,-1.0943015998492198,1649.419425744027,1393.3611886484716,1411.3471465267553,0.0,0.0,226.27042403466803,-2.084552302484991,81.47200313518434,106.89840346293991,106.95695443994053,93.18358378377324,98.62413870428094,103.04699372072005,109.35331132170626,107.29396596180584,97.61548770888709,80.9221966176096,82.96047296176272,104.47239384322128,111.76841866642363,101.34706199851149,25.431760199988528
709,2877.160967872306,1392.8223249136204,0.8199179827239429,-0.17193418416855447,-0.39393928980246784,49,0.0,0.04285902574519337,4.285379025993098,-1.5799730992638885,2877.160967872306,1392.8223249136204,1788.7918555883102,0.0,0.0,225.75854212410812,-2.0846870778912976,100.32779277191719,115.82801654611741,115.11219724144661,129.38904807953998,162.0452397512313,138.2725443538871,137.26660924128697,116.1037568065781,114.60803653349365,104.61885838238173,120.71595413033349,138.5460142048501,143.8437882531935,132.34701684032248,19.766982451730723
710,993.7716145325871,1396.3616007150956,0.3274488848750982,-0.17858842308680445,-0.23003031465931958,49,0.0,0.010710741466697926,1.7703067234839054,-0.6201212969440957,993.7716145325871,1396.3616007150956,1224.3419053887076,0.0,0.0,226.5437893798027,-2.083281978111078,91.50093336098615,66.19593652948419,104.12574795185648,78.03318272803229,101.23639762408169,61.66387554989416,84.97012929439474,98.95269649568988,86.34533324204064,78.57303667590654,79.84896975345652,93.25764717067153,96.0528296734408,85.24776254533946,18.337426793432506
711,1893.221522252933,1396.4459461348936,0.5281898441412135,0.07322858407938979,-0.04168747397850153,49,0.0,0.07885040980896886,12.192613248341628,-2.7152419953220077,1893.221522252933,1396.4459461348936,2465.724334877914,0.0,0.0,226.16877295319756,-2.0832623994942625,190.27442718312705,157.0636161139337,146.17238398377268,177.29028070870086,171.82393561343693,156.33076681366077,170.72830872681172,202.51808001160464,180.63405628767435,139.17861255754508,178.72064069484122,191.8437442388831,183.99090756950022,189.58578645704063,29.568787917380888
712,1951.9759898245397,1397.6202345659492,0.6392417892377055,-0.3469566471375552,-0.08909930078053147,49,0.0,0.011374502858165736,1.1518815384268328,-0.15351954439134427,1951.9759898245397,1397.6202345659492,1229.5912870748693,0.0,0.0,226.1442759392676,-2.0827710294167963,86.61932641552113,88.5032384984869,91.82138965963065,88.6714482632137,68.65602093146178,88.62330468876594,86.89283927027398,96.9198680240666,93.51036232702066,56.80083363607571,99.4354639689266,102.88100836532143,72.20858112809603,94.84264585854444,13.204956039463838
713,1984.0159886045365,1399.244672617571,0.6459009577847497,-0.053523226671814625,-0.26052619811128586,49,0.0,0.01585228614543522,1.6676471901347607,-0.555260440117951,1984.0159886045365,1399.244672617571,1213.7198404383812,0.0,0.0,226.13091729049103,-2.082092886829787,85.92803226208488,71.68518925719984,72.73842756763388,89.40627737474783,99.70324660206873,98.09231112104663,95.77644136641706,81.0134114342845,78.6256382921429,63.49441746879671,84.12243998507992,88.32924090357332,94.155942807843,95.03000882826188,15.618815167199939
714,2546.222768454997,1399.499722281638,0.879384792553943,-0.2707075877707753,-0.3061973609684747,49,0.0,0.01402463054546845,1.0234798848001305,-0.02519827893707362,2546.222768454997,1399.499722281638,1361.783154829855,0.0,0.0,225.89651579428352,-2.081945458869953,95.23436687794062,79.23252094024471,82.79757179297582,94.75902188267949,98.07496588512416,99.33948523100219,109.23004548327091,103.31576315597516,97.84730204806392,78.18243344244749,69.42772056112,102.00168041888153,122.59398854194124,109.41519507649635,20.3310934916916
715,2627.997459891673,1398.8263466486176,0.5351694293495809,0.2986399091503796,-0.07702624943326028,49,0.0,0.026166537726218818,3.6949859748207423,-1.4190319856704674,2627.997459891673,1398.8263466486176,1401.4905488563923,0.0,0.0,225.86242222013186,-2.0822171370603497,102.94797943984933,94.54037704467572,94.17333201479781,95.58702136347253,100.94026381230975,93.51315897070748,122.81174398041418,107.77289574318311,103.7761122992159,83.92632532443326,101.55584039227881,78.83947401612846,90.71924592676123,104.55542821578712,25.83135031237742
716,2804.2109815842064,1398.6344648817894,0.4483540496084113,-0.4667288709165556,-0.17888108755303903,49,0.0,0.018245053379478262,2.679400518436009,-1.0700940926669034,2804.2109815842064,1398.6344648817894,1364.9822778965631,0.0,0.0,225.78895631180805,-2.0822754291212053,98.87186209219388,73.35618885878458,108.05875194397593,110.73919314109739,103.52390267075674,86.82647779554196,114.81279694687694,106.84750461465754,98.77481302653638,67.90949155948272,115.11697549026775,82.25579242036859,104.65845921622463,83.06717654000192,10.162891579796367
717,703.6124358228166,1400.7384373476468,0.31745502422023664,0.34778027477758194,0.04554802214058293,49,0.0,0.012587029921051,2.052023240682269,-0.780455687935348,703.6124358228166,1400.7384373476468,1282.234905553517,0.0,0.0,226.6647647869984,-2.0814342954298493,89.72628664319598,81.35045616595319,101.91149100273611,74.59723295830746,85.95991223556325,98.94172520161055,91.13294407084841,98.78190101820518,97.75487377238633,79.6790038941671,90.82470661200855,95.55900518669323,95.23760116553268,85.6251461568828,15.152619469426215
718,2457.1236596127387,1399.6718118235751,0.6553274526987338,0.09357972421774813,-0.18195929691355886,49,0.0,0.052753835344991624,6.8304840724890115,-2.0861287074326755,2457.1236596127387,1399.6718118235751,2116.919431606555,0.0,0.0,225.93366332368714,-2.081882600582717,151.13395445375147,135.3547106993717,145.67762853388743,154.4155287268647,154.23877691686664,144.18364675228872,162.6350934178012,179.967866464885,148.2162368216068,116.0965284006599,118.63268575956269,157.990637744797,166.15211508601405,143.85806924099037,38.36595258720719
719,2717.017352277812,1400.1527770844775,0.6424123643603391,-0.05128289746402205,0.1860007243071546,49,0.0,0.012963125264283407,1.3027035054914904,-0.28711395451290556,2717.017352277812,1400.1527770844775,1231.8198418386085,0.0,0.0,225.8253085463203,-2.081653964635103,96.17734539965588,101.1010813934418,86.99203345996851,58.854973640706255,83.34757027853573,72.52531384304541,93.52695348339068,88.77295062514048,103.3291518745068,75.90484009689195,81.54675523716907,86.28298207222952,94.84882294040672,88.25808990298631,20.35097759053329
720,2460.823024357377,1404.9631838784865,0.5218999919870534,-0.19159644925310867,-0.1513882442600081,49,0.0,0.019418275291783176,2.4513235205983968,-0.9735015808011418,2460.823024357377,1404.9631838784865,2083.8102327942524,0.0,0.0,225.93212144699478,-2.079677560210703,149.65939275585384,135.5391786942829,148.36197418425076,153.74222084710703,157.13868150180198,138.75616637562513,162.4662818921475,170.37690796820866,133.0940838317417,125.1470656841636,119.77440676972047,154.05105395016128,150.81592522397096,147.77295844925467,37.113934665962034
721,1738.0075882220551,1406.0616370955565,0.5431192367536504,-0.2087908918938982,-0.15761890907071796,49,0.0,0.015005235993437017,1.7485397364574051,-0.6066887658025916,1738.0075882220551,1406.0616370955565,1357.8894815647536,0.0,0.0,226.2334881022478,-2.0792595521703348,85.73286271766935,83.5576353726056,97.2078179137794,96.66659152660414,99.10842194246871,89.54485548409963,94.34157106574506,90.99544526682313,97.80053684207664,67.88090629586975,106.9022598063232,135.0750241772052,104.80074083863063,95.7921378718963,12.482674442956647
722,1909.6158144397014,1406.2742629799409,0.4539305317509136,0.1408859807022072,0.24610812682982,49,0.0,0.013265613284305113,1.7822589424082602,-0.627427006111354,1909.6158144397014,1406.2742629799409,1249.9886758897387,0.0,0.0,226.16193784195653,-2.0791667426662612,105.0617335160168,65.91861982062804,92.30480797668785,88.15636809231071,88.14054169162246,76.77805537982637,88.91318904633496,94.54203391532965,102.63713416809347,79.33946765986896,105.29822614967001,71.75781645311413,82.14112504821185,91.83287051501206,17.16668645701125
723,2207.0223730582675,1407.4012469656197,0.570559301268502,0.03793411346979891,-0.21859077650151215,49,0.0,0.0457132001427013,6.305454441159939,-1.999290980316334,2207.0223730582675,1407.4012469656197,1848.9606888130697,0.0,0.0,226.03793842694452,-2.078682193678279,97.71161790118799,143.2659834826249,146.49491059383945,137.07009862292426,126.77881874041955,122.94372383202582,149.3664987944113,136.53447561716334,138.1842558243817,100.6298136745223,119.4674910208243,123.73722570010763,133.70877923325423,141.53642583536123,31.530569940021792
724,1412.286421996655,1408.2698405702035,0.28888294369999706,0.5174089102174474,-0.2383024383884157,49,0.0,0.008734867268167761,1.1757553391280904,-0.17579239890592013,1412.286421996655,1408.2698405702035,1242.0597393573664,0.0,0.0,226.36929442299774,-2.078338561611927,89.26303173208336,69.92203780215927,82.36833806803101,95.09396866128938,87.0841287145324,89.22314722812486,99.6312184371831,92.95428648799752,89.75907457156595,65.94910379153707,89.10961613494297,92.67377416581174,82.5784238523567,101.73278657364443,14.716803136106588
725,1964.031721375325,1408.114357312733,0.8026876576100878,0.3467289568540619,0.23231100099722002,49,0.0,0.014187118585025868,1.3224521726094602,-0.3034499360830063,1964.031721375325,1408.114357312733,1187.0065082923215,0.0,0.0,226.13924984016194,-2.07839802766835,98.27493675595015,69.77760959624732,79.4503374061537,96.8385174259392,70.20422204186742,89.16466925698037,96.67544600787487,89.55230613869853,76.08408446535525,61.91820507360906,70.31617535986246,84.95500876959761,86.91636151619855,96.27996603628742,20.598662441699645
726,790.7704912613344,1409.158006779951,0.5983940913756033,0.3585657358396458,-0.1642684855967845,49,0.0,0.01742748103098629,2.0818018429315757,-0.7960984716574836,790.7704912613344,1409.158006779951,1227.58533527898,0.0,0.0,226.62842567253807,-2.077934399469967,85.95693339261948,82.81155347339788,89.95528744761793,85.27188971267067,89.06627025934878,74.01629098473356,90.70665803330813,79.57456325085201,93.34623947241909,67.2118067014716,81.39841926450481,86.7762742909624,91.66425076447743,111.56409992088928,18.264798309706833
727,1068.1175380795971,1409.178782200856,0.719926057451235,0.26454567840571597,-0.07485001583227423,49,0.0,0.01807902170429373,1.869152682719873,-0.6791119460024514,1068.1175380795971,1409.178782200856,1311.7586070093166,0.0,0.0,226.51279126844875,-2.0779462041502894,94.57447495004838,94.25493946292174,91.17604516858732,86.93165839255789,83.27973175351545,78.38849800504647,114.82219819043634,91.65520282141485,85.05870692446301,86.54905558103607,101.24616170922843,89.33989976994523,106.5762831080863,90.47999580821187,17.42575536381701
728,2109.311825572669,1410.7836154604447,0.5775804626905394,-0.047555941743963645,-0.1777103963144282,49,0.0,0.9884397944527038,148.9117004641314,-5.4323220574659015,2109.311825572669,1410.7836154604447,19296.617491229306,0.0,0.0,226.07867743317078,-2.07727887852701,1296.073838202864,1283.7495621840587,1379.3419217868318,1367.427912975653,1346.1426344402453,1315.1408738846899,1501.3118105312224,1382.079803094945,1370.1849377649778,1111.0070694004994,1393.5780617907935,1405.0070801701058,1468.2078312731173,1401.4227291824282,275.94142454686795
729,648.2355551369626,1412.0165066285233,0.4801625612582993,0.36161759700318086,-0.3005569289434898,49,0.0,0.018063254553862478,2.6975336288043277,-1.0774171688026781,648.2355551369626,1412.0165066285233,1266.1998003240665,0.0,0.0,226.68785151570071,-2.0767295839325888,82.64043341830862,77.1338827356013,83.90772041660492,75.72339807841988,87.32598275830392,80.8168691868178,98.60485480467044,94.41800529343729,99.55221150090779,67.10601659381796,99.50654145755344,117.06750464825632,96.69553283486702,89.27259506443734,16.42825153206266
730,1630.8394620893023,1413.4990021379924,0.4261012277186084,0.6682895608363918,0.14680811040686226,49,0.0,0.008795461458622908,1.1224139324694933,-0.12538262232505032,1630.8394620893023,1413.4990021379924,1125.9668170520094,0.0,0.0,226.27817086791427,-2.076161645525255,86.82301453431944,59.58901723255782,95.93845683784849,84.9148531534721,82.12923873057775,86.57241680114726,80.15037610892642,101.41600876225476,76.79887314730364,51.03438111270013,85.72721884382406,66.07092206447072,72.41258959823546,87.55494172134564,8.83450840302563
731,381.1064954878083,1414.2121269198778,0.8530357033812753,0.130221549855872,-0.6749094280728999,49,0.0,0.012627356413244084,1.010498620009508,-0.0113393118903927,381.1064954878083,1414.2121269198778,1167.1486510086634,0.0,0.0,226.79922107086003,-2.075782911960187,87.24554989950383,71.32549677338802,77.92872892721769,82.29804485144987,84.74214577563765,79.58616787464899,84.48370863970945,82.7467840087472,96.56623262659383,83.26132916021453,82.88548325725476,84.4339249075829,76.62817965749,73.22389989868883,19.79297475053583
732,2817.179666055589,1414.4215083674242,0.748990109634379,0.5639291791956546,-0.3170238155896469,49,0.0,0.017447952431454024,1.6176523006703305,-0.5222129493594889,2817.179666055589,1414.4215083674242,1311.5514113675308,0.0,0.0,225.78355157961875,-2.0756960362751298,92.53213052576925,91.97890151254745,88.5615764293857,96.33723538846844,87.84752856343374,77.3818065388983,85.51151565168323,101.4811480734609,105.82368031624817,79.88810487677341,88.382548871974,110.84901941397604,92.32837653564867,94.66913052865738,17.97870814060608
733,301.89634160470393,1417.1103594238816,0.5097832061176122,0.01620752258851538,-0.7364160325706237,49,0.0,0.011723650152447194,1.1909047388867506,-0.18969255855488795,301.89634160470393,1417.1103594238816,1466.3481146577626,0.0,0.0,226.83224377398207,-2.074564419717443,104.79956175244567,107.89603551298782,111.04603783975068,107.10796582864577,91.7445231157676,95.4728294489449,120.17480727233621,115.22510456670426,110.2005962893243,81.66686417116054,88.52286641773401,83.91005737285732,115.50642365615627,114.75834220573338,18.31609920721379
734,2586.300316294609,1417.4338499805444,0.5686385650353056,0.04780620188108057,-0.27938345969072553,49,0.0,0.04464879626749802,6.33527734241393,-2.0044140798732233,2586.300316294609,1417.4338499805444,1805.418498787169,0.0,0.0,225.87980849861032,-2.0744688492398273,122.2326113717462,114.56951036369844,136.356348176163,123.45181093288463,112.60192522492626,118.34090831281189,139.39984497204443,153.9678788145232,122.26827471195992,108.70843699824508,113.86073537721566,128.6059118024043,154.18934845919136,133.66378644450648,23.20116682484811
735,2506.937609951765,1417.8432785479638,0.26801317468571245,0.09562365026600846,-0.2367795527891034,49,0.0,0.021080069619883984,3.3882402898746067,-1.324935505966398,2506.937609951765,1417.8432785479638,1728.0898316127004,0.0,0.0,225.91289642071837,-2.074306498841221,105.06696747992305,126.88094285936613,135.722601028692,116.99909860878668,126.9510828773191,118.7596912790251,122.60325978341403,135.78815939715182,122.44774265243234,98.19624325665154,111.26298206861814,126.87363593947241,115.89945247904016,140.04367672628615,24.59429517652176
736,1342.4816943481535,1421.2019654583828,0.5352304298564918,-0.012133947484571982,-0.26194182415822165,49,0.0,0.1388832408369207,20.76788584764119,-3.2934807199805105,1342.4816943481535,1421.2019654583828,3955.5200982607143,0.0,0.0,226.39839841303365,-2.07294848299072,286.3297349344517,260.2140770788612,259.121610870551,261.89122729641133,275.2801577751153,299.7282690741461,272.5235787760019,314.7604203333527,307.0762709117749,241.48013296133894,292.7521267706594,284.60528861046475,269.8965625621961,275.98229135072614,53.87834895466318
737,3020.665407980239,1420.5537720602176,0.23306731524494392,0.009608886481739042,-0.49541356787656643,49,0.0,0.013299201135241367,2.237972111206368,-0.8746366755158501,3020.665407980239,1420.5537720602176,1507.5089262563824,0.0,250.4657785029076,225.69871900367488,-2.073111607493955,104.90727766041701,101.5228175378543,118.2242066267228,109.90743112925726,95.96646049791588,101.73477187393317,97.59947777803316,97.62946621558284,133.12074999529966,95.09704120745334,118.5029889765033,100.84235119708438,107.73883903370705,99.6391182377457,25.07592828887245
738,1741.9302155063378,1422.9268601270778,0.8752438358738472,0.007281562105448379,0.010556651415766949,49,0.0,0.04399662048547788,4.748903567212406,-1.6914833768647424,1741.9302155063378,1422.9268601270778,1469.7955199458604,0.0,0.0,226.2318528530492,-2.072232332310533,98.3052104153122,91.81225179733617,103.12954532069752,111.37460319669408,103.34693411058613,103.13841264343215,100.26870511832162,114.9012173437043,107.31239413881886,82.78089285818301,112.01140929981352,109.7072700874146,107.21081925643263,102.92848342697627,21.567370932137276
739,864.069494043016,1424.1827762971025,0.716138792797949,0.6158845721510281,0.2876379807713484,49,0.0,0.011310062660032413,1.0916939208108292,-0.09525222976844917,864.069494043016,1424.1827762971025,1147.3033885897814,0.0,0.0,226.59786415146138,-2.0716804095578376,73.78112829490263,76.95872245357069,90.4394465931752,83.38938809620564,84.5330900043082,70.98506734578616,83.25276875585119,102.35171367361676,79.1848860009012,75.03871726803133,80.86299336656859,89.63370639162395,65.19139443206821,76.95597518105187,14.744390732119856
740,1532.8154606347389,1424.9529761514157,0.6344353361232109,-0.2920249946486693,-0.4155367957518947,49,0.0,0.020297296180356743,2.4517836286027817,-0.9737053519628663,1532.8154606347389,1424.9529761514157,1356.977569643289,0.0,0.0,226.3190409086466,-2.071388964171612,95.24644630840034,98.01281940776767,93.07787658966372,109.05001158551406,91.29806394550019,98.23547589272661,103.24092056188718,118.27914735914352,103.0526239324735,71.8749039380838,82.58239523232834,83.51096146475987,95.7829109974349,93.72066596650777,20.012346461097337
741,534.2355378026871,1425.9760191537239,0.526776416872063,0.40696786902963134,0.011512541194637349,49,0.0,0.021021334845277448,2.730984326035827,-1.090798018991146,534.2355378026871,1425.9760191537239,1444.7447478406261,0.0,0.0,226.73537855753872,-2.0709006644289993,107.04428589867993,82.41844521663369,99.19125015309271,98.93272335872406,121.08367787331072,102.17066015475831,101.81330782707231,111.68787220719092,104.7935778173485,85.04019313268125,96.06113477540924,106.27716526093542,104.06400360435231,105.02163065077299,19.14481990966368
742,1753.3276797764065,1425.5996224206667,0.9478036681489735,0.5034695349053175,0.2581224906576108,49,0.0,0.013236866218670214,1.079119179204003,-0.0826735283254307,1753.3276797764065,1425.5996224206667,1177.457864232469,0.0,0.0,226.22710085455236,-2.071118500022113,89.67226917220776,80.59460343724214,92.20654134792636,88.768415126074,63.09773149217406,87.84117861567219,95.52741637771894,81.97602878329381,88.67219083763885,60.66493549259147,81.35524456277282,78.8336218592789,76.14474683372063,96.50973821177007,15.593202082387098
743,2431.4487073166943,1425.9347302735018,0.7619174015285232,0.345738190306173,-0.07319380602204095,49,0.0,0.022933605897972418,2.479447408725968,-0.9858872523861966,2431.4487073166943,1425.9347302735018,1250.454721502931,0.0,0.0,225.94437018041262,-2.07094232453546,93.53226068445339,90.71116711254308,87.61128067413767,83.99321032707385,83.3808440986734,87.39663914512366,103.23906697785611,90.10203870950511,87.09130401939629,75.97015245715907,78.77365343614309,96.91740427417356,95.03866006487357,83.51625790853853,13.180781613280857
744,615.9051344329035,1429.4827596606071,0.46529223626945493,0.33706639302345165,-0.14597878922693702,49,0.0,0.046021317256317064,7.391864914678316,-2.171885054030581,615.9051344329035,1429.4827596606071,1995.2969486109466,0.0,0.0,226.701328876992,-2.0694487377155952,127.5930716893919,127.92853366540524,132.55425292803056,188.762480612958,132.39307339828684,127.5074926920926,161.61561871553056,152.24001708489877,139.56802716994673,118.30863681777588,136.74640539297968,130.00961646584958,154.21177098034713,132.53336489348652,33.324586103966666
745,3029.749835079541,1429.7972490156046,0.8245039687047111,0.16303274952255092,-0.2509629867257693,49,0.0,0.028412861819440846,2.824716548968771,-1.1274371857913446,3029.749835079541,1429.7972490156046,1547.0049605471436,0.0,413.44202513826144,225.6949331541911,-2.0692589538476667,121.08651563771711,119.03009052265686,120.28171497435335,94.2209419019331,117.25837201624508,100.4416086071021,100.37488286290095,123.48788403311836,89.18678306547679,94.4338013642612,105.24223327772481,96.36443461846814,118.11337232294164,120.50696455751931,26.975360784724803
746,554.4069084657742,1430.4171406004862,0.9363030963818725,-0.5704228982738522,-0.13591579621515207,49,0.0,0.012365126291167941,1.029703856210901,-0.03178084791249273,554.4069084657742,1430.4171406004862,1066.728727353996,0.0,0.0,226.72696833859317,-2.06905258781635,75.58433295890319,59.813830599054654,80.84245930419428,76.9592254722084,75.83296633595249,63.00863355891558,72.59449790227282,87.596800990221,80.43383907673126,70.2073144274905,72.46077526462514,78.44963596811351,87.92791927737446,72.71305923279917,12.303436985139601
747,1522.9473413173262,1434.4893229330494,0.5819227646871502,0.07706108369276939,-0.06421495722173301,49,0.0,0.08591192417804679,12.252472541783149,-2.72055934479182,1522.9473413173262,1434.4893229330494,2595.130820659192,0.0,0.0,226.3231552307705,-2.067415414573716,178.90476708913576,165.92994073073393,168.7865596181651,184.566646507401,199.3034055206197,174.1494316567073,189.07584677996903,193.33215420876581,215.05031966902888,133.31264704399652,177.7632173918317,193.61961170554997,209.72599532419906,177.69715281023457,33.91312460285408
748,2745.669522807786,1434.9067947586373,0.2608530926670348,0.4799541924934559,0.2795921150534066,49,0.0,0.01658454123862779,1.4222513280149995,-0.38244086989688075,2745.669522807786,1434.9067947586373,2228.4483953162116,0.0,0.0,225.81336728965803,-2.0671700840883496,157.00269422758504,162.62319865291994,186.25916122166518,171.59756086439444,164.63642327401868,133.04713070311237,160.67093528301547,156.47403966721487,151.8367786409516,124.98985292405398,148.26223346265584,159.4891814757612,160.6282185698597,162.6985402882899,28.232446060713258
749,2503.0451601072555,1437.740134382372,0.7338904716209328,0.013911882297214361,-0.06599962761355366,49,0.0,0.03716998068687515,4.442311168853529,-1.6190224403391664,2503.0451601072555,1437.740134382372,1481.772229788552,0.0,0.0,225.91452116632476,-2.0660167204880526,109.80483727669348,111.29911484047919,105.96416040620457,93.56458004922004,105.70686580007543,82.14813045176984,105.78496498449684,109.37080604815628,119.1108511582477,100.66330243524519,95.18553222690247,108.52976488640623,111.26892941310253,103.52110312160184,19.849286689950432
750,1680.557234501217,1443.0382398492845,0.3311281071397227,-0.7787560479563008,-0.16319842822699934,49,0.0,0.00882958852447908,1.243473121497653,-0.2365910053550317,1680.557234501217,1443.0382398492845,1235.0790140366375,0.0,0.0,226.25744179461756,-2.063853349802726,71.98612707983438,87.01902032228895,78.22502172449913,95.8348279038194,90.05971211102451,86.92461953496696,88.37127564048194,91.09578112013872,85.56914989734692,71.98226686852652,98.39146314819328,93.90825698200514,86.05558718961565,86.88140590465552,22.774498609240727
751,2644.160117818189,1442.4169203550161,0.381330864228903,0.03314385617769798,-0.002068297757276599,49,0.0,0.027754786868965358,4.840655218551307,-1.7122603764983766,2644.160117818189,1442.4169203550161,1560.0294849514912,0.0,0.0,225.85568853213726,-2.0640531091544716,99.5905322689679,114.49555387053923,122.74338527645617,123.09055174653258,120.50082097656852,122.3052791073068,109.00848627151103,116.68415620770985,103.58811603465091,86.42465395692005,105.15612209529462,116.74111419839707,101.47978592571536,97.27348768237154,20.9474393325496
752,1391.1196268666913,1444.2953885526808,0.5313359889469156,0.17303680634410387,0.16909225766272803,49,0.0,0.01423776548283,1.7834621129599941,-0.6281597195557374,1391.1196268666913,1444.2953885526808,1393.559858248318,0.0,0.0,226.37811890136157,-2.063327495518576,88.46787196587547,97.46328569510875,100.921980653667,99.20625506594158,99.74879469670964,97.94598598668486,93.00701980226579,94.77742317508401,113.30594138411122,88.91306553397558,87.11691685386057,95.00742791831196,107.41179813608893,111.64579146841864,18.620299912213824
753,2745.488108586851,1446.8287105793418,0.2571829394600244,0.13439573453854345,-0.4327168799734084,49,0.0,0.025438462082114456,4.911147911570519,-1.727957535497786,2745.488108586851,1446.8287105793418,1914.6190108990595,0.0,0.0,225.81344436685765,-2.0622028209809513,149.54870589945733,128.75689260385838,129.4186990265438,126.09872172292467,121.3490278418403,134.77718350979532,143.6584459254911,143.07783652165864,134.17867798836238,114.99313953454882,145.10956669588572,141.0372217940299,132.02866147830207,148.2641307711284,22.32209958523294
754,832.2880343160548,1446.892702814027,0.7200044018501495,0.6814124234720096,-0.2304798102131572,49,0.0,0.01135788301086636,1.1389754179573992,-0.1412858774482759,832.2880343160548,1446.892702814027,1183.966573271834,0.0,0.0,226.6111128339238,-2.0622154810119513,75.88195956282811,83.15680845045623,98.91577733831903,81.12452439182566,88.39837065460887,89.4624337822645,71.55530611865039,89.8057257581589,80.04269558698707,64.47442966447417,81.62040060047525,92.35110051989048,97.15733246019921,74.37394789168911,15.645760491007202
755,1670.284937476404,1447.554707308643,0.6019556436205356,-0.003716012254478147,-0.07509619149318655,49,0.0,0.07866084585562019,11.06582115235503,-2.609959116987719,1670.284937476404,1447.554707308643,2467.396561711341,0.0,0.0,226.2617247259042,-2.061971575038322,170.99011972496854,178.40939177167036,162.7167641000397,172.13949311083138,170.8503853559647,165.92358668261141,181.4939013026337,182.1202073093267,173.48262187782342,163.29266822075869,188.76693550708643,175.4923334198387,194.1039771989419,158.86498101670088,28.749195112144616
756,996.1972738043498,1451.1205013692847,0.64324302636694,0.16929225520023775,-0.254238305685047,49,0.0,0.010747940482724216,1.0044775819369338,-0.004850621377347556,996.1972738043498,1451.1205013692847,1212.8258835330062,0.0,0.0,226.5427745399622,-2.0604661899798185,88.32484672080828,80.40645058546322,82.17253635331615,84.05313499554694,97.79501021833357,80.48019057442369,70.12112753854697,88.55380727375515,77.91997291636838,89.48856921027979,81.47897550282055,87.17611055713432,103.06363007942585,88.32319993137678,13.468321075406667
757,1508.246581665702,1452.0429623955613,0.8792525669119634,0.4160326239930941,-0.22854780721048878,49,0.0,0.015982533852323507,1.4292950368348605,-0.3878047141113584,1508.246581665702,1452.0429623955613,1314.2380596658218,0.0,0.0,226.32928435890076,-2.0601012728270476,100.41405582771009,97.99567698241566,87.74510262652782,97.33228093723393,80.57212658624229,87.66257862169233,114.47244932536992,102.81783962084694,104.31669943264997,53.48421599744649,97.70785119611529,101.73309230366779,93.768587414953,80.8405984960242,13.374904296926072
758,1448.5698117713803,1453.8517852142322,0.5773421337860221,0.11715308745156106,-0.29892806239827924,49,0.0,0.07055441039274797,9.930267195686618,-2.4924023357528275,1448.5698117713803,1453.8517852142322,2320.4918321634914,0.0,0.0,226.35416569771837,-2.0593468038376233,190.99204882376358,164.71500303991445,165.9209965974469,167.0602353786931,159.12471064555663,121.70845616373346,175.61709064480118,188.2432123233453,159.8295388171291,145.42481757982281,152.49964146448565,166.29755945004527,172.2833827904443,157.78985866730181,32.985279777007705
759,2831.88842787299,1454.1677905480904,0.5753269926911007,0.09728518316306702,-0.33440803333497293,49,0.0,0.10946153837648964,15.451889807761606,-2.972454005986558,2831.88842787299,1454.1677905480904,3189.973050682148,0.0,0.0,225.77742457415468,-2.059133797393977,218.50581433524536,219.75412777076497,233.2846017450826,228.72954377469813,219.29036935180034,221.9085802645997,250.77142515240712,218.19222262398597,247.50675325180265,186.3610443555703,191.66776944489695,230.6816832280522,231.81096219210676,242.0102213217183,49.4979318694168
760,790.6364364866786,1455.1216649700884,0.6656663286074953,0.18283055374318563,-0.4042024077538416,49,0.0,0.011982139132254805,1.3399981753159558,-0.31776051745912504,790.6364364866786,1455.1216649700884,1129.4380066874278,0.0,0.0,226.62847762550848,-2.0587832247172204,73.88687349577765,73.97839935953783,87.60977336758583,79.40528945181308,89.90414329316123,67.4811531430046,78.17202627492587,90.63416617147612,84.50492150681663,68.42840119676201,71.09105281338535,84.5987837122512,89.74025412041526,78.97533095054985,11.027437829965287
761,1183.6470679573067,1455.2670781923093,0.21964627447642077,-0.6899120612131733,-0.6899956891705689,49,0.0,0.008474717332439114,1.184859779941149,-0.18416739400659587,1183.6470679573067,1455.2670781923093,1261.1534899861051,0.0,0.0,226.46462088066392,-2.058748892979471,84.51009952873521,85.85535146800956,90.06898615881664,85.5535982385301,94.34498575263082,94.84641144000605,82.43292817746189,88.7471893148887,91.0075054587966,72.90250727123791,102.20989769424648,106.3648148241801,78.03052307081587,89.30430008047995,14.974391507269173
762,1645.5813918025076,1455.082750938975,0.6034133291905449,-0.031392877126815384,-0.165740244966749,49,0.0,0.06357241459928556,8.97750035700526,-2.3828885776713866,1645.5813918025076,1455.082750938975,2108.961584033297,3.7625305729603324,0.0,226.2720245668241,-2.0588350488368747,130.53298024301193,123.30698431468964,146.5835885571433,163.08528660579793,145.2926738675303,138.49615574890976,177.06368419284325,162.76071726076296,155.41720178767574,134.46952091157868,163.12241013414078,149.17265451606463,153.83256121665445,131.91338826203116,33.911776414462516
763,1049.6299355777662,1456.1214433411606,0.36631579129739816,0.26856522742478345,0.02249963085525748,49,0.0,0.011630525765868005,1.5818664903353297,-0.4979245655440897,1049.6299355777662,1456.1214433411606,1245.6937230202543,0.0,0.0,226.52049664206953,-2.0583858476243386,78.11171927192538,90.4007634329013,94.7764244652682,82.35530204842856,90.49362898484036,90.60460745807725,111.23826608912857,85.24351186238464,94.79703004117607,57.73275060002784,93.67138412406891,75.37086967485911,81.04762218480879,101.0612570287669,18.788585753592155
764,1265.6252811715199,1455.9883472047961,0.9019831303967957,0.13494677025473162,-0.19836723830104788,49,0.0,0.0322950155250932,3.10129856379472,-1.2288589450732414,1265.6252811715199,1455.9883472047961,1485.790813685618,0.0,0.0,226.43044147945696,-2.0584517216525873,116.29454945693374,90.3033477891922,121.23847829383936,103.59292459308526,100.06395789872292,102.67012783706218,102.86863857549162,112.86836820789625,109.90424262346292,81.17302989543839,96.31360820184693,94.29011713952198,114.23700050449108,118.8707083649235,21.10171430370962
765,1320.6736340568218,1455.7712418456028,0.3910122581958495,0.08391508460256845,-0.3249981939935751,49,0.0,0.02183488481673404,3.410441254447791,-1.3320264327995024,1320.6736340568218,1455.7712418456028,1507.7578104434506,0.0,0.0,226.40748998927697,-2.0585440245509328,102.82291002568198,93.57726022167108,107.09597337086893,112.51071191712256,108.1931050830662,103.5276816685712,107.2316469717253,110.8281382181541,121.49211597887242,106.47681015922412,94.49140481666204,89.29942295368721,122.42010594245681,107.92275208828633,19.86777102740038
766,2958.379725437076,1456.9445844290979,0.5850735468025574,0.12315693044039494,-0.46368662644603903,49,0.0,0.08062914940895978,10.421070002913366,-2.5447807831341223,2958.379725437076,1456.9445844290979,3013.0134108445927,0.0,0.0,225.7246909221888,-2.057959018700806,202.312646579036,210.21627998906615,194.82905993129657,216.81266334131465,223.50607409545415,228.44922159584567,232.8169228536923,232.7300695911136,248.14155983025884,179.28671885851688,186.90754163163476,199.58683244761988,226.16484966361566,198.48095925661235,32.772011179515474
767,3128.130039772036,1457.9242003646082,0.7868843106146166,0.20686797111216457,0.2281361041945231,49,0.0,0.014067649400820639,1.5958082306530312,-0.5074517517266958,3128.130039772036,1457.9242003646082,1135.0411979280398,0.0,835.0340655971295,225.6539239772307,-2.057524208134038,89.41330311049666,66.75633667855902,117.25128057953978,86.0208574865866,67.1240997329126,99.46941309542137,65.83163173522523,70.37030049170531,59.19128100445235,133.08731137101285,56.89012755345209,71.1870871201113,68.64136989981105,74.48081930593209,9.325978762821464
768,1227.6444101779725,1458.2619126759198,0.3284680078058112,-0.3644370699269894,0.23129801207161751,49,0.0,0.0067776462571441844,1.0192413364775326,-0.02069257162274476,1227.6444101779725,1458.2619126759198,1119.1241887517199,0.0,0.0,226.4462768575508,-2.0575029434992715,75.35252324838049,68.30435045877243,81.51362265548867,98.00723583311873,70.07186209049888,69.13303595872503,94.7894985630308,90.97619226982697,85.361516568785,59.2106549019507,81.33520448064104,80.68721044166175,70.32540248505725,71.83491924830977,22.220959547472383
769,209.59599522830476,1459.5236413087064,0.2932230234333189,-0.10343986794709971,0.8523030337907055,49,0.0,0.006352801261469963,1.1545870279760402,-0.15606668450432953,209.59599522830476,1459.5236413087064,1341.1220072007861,0.0,728.2989144848675,226.87071751662248,-2.056879526392437,107.70540597886803,86.7235474496819,81.88993029135392,76.98865532199802,89.54574743018532,75.30428186981942,97.994032749729,49.950542095362444,225.622747516044,105.71272422684066,131.81273057639652,63.72700373791716,54.90682374732425,76.89310392675968,16.344730282505928
770,1383.1995886415891,1461.585551758398,0.7853098948289676,0.26320900681857745,-0.17633868470223876,49,0.0,0.015064435364728318,1.400683294323471,-0.36584987233938826,1383.1995886415891,1461.585551758398,1218.004332522667,0.0,0.0,226.38142065070252,-2.056123093707329,99.64818217645075,92.47859156909442,80.94304822460619,94.98693888497809,92.35038838991048,67.49565998235258,85.08269476324006,84.20435297051071,78.57926073961916,66.95434698908619,89.73500352541157,80.0287031174297,96.06541229584974,88.64578044853899,20.80596844558844
771,1450.4148568441244,1461.820183157225,0.7344349693885753,-0.37909286780006013,-0.6099925792698403,49,0.0,0.01077447903393889,1.0016881024800046,-0.0018312887128911664,1450.4148568441244,1461.820183157225,1834.0117702693701,0.0,0.0,226.35339630694705,-2.056026673939326,145.25193174053962,129.94730386744175,117.3693277164096,121.32116820921779,115.64923172053254,92.27883560831226,144.49575286296212,150.83633319794683,128.6134412909335,109.87682188723196,121.864720331934,145.43552122961054,148.65316293836656,134.53715267934248,27.8810649885885
772,2654.457508928974,1464.456938443337,0.8292793066007383,0.5424146961977798,0.03419248016299879,49,0.0,0.01925442152561399,1.939974002635578,-0.7194897750993233,2654.457508928974,1464.456938443337,1288.5870364053067,0.0,0.0,225.85139787699265,-2.0548688695266546,74.44471767691368,85.56127116594362,95.77537995732925,92.29794508868733,92.90661962069447,84.11226767984321,91.0451723973684,82.76317979392417,105.48638582620774,71.58704851718241,115.32294429034019,79.64854850250836,108.57071028871178,84.51951881904176,24.545326780610406
773,2356.3398873314886,1466.3506956075023,0.5002772878108745,0.24351190766148922,-0.20807345618958523,49,0.0,0.023920327012081424,3.330447959471411,-1.3062566297435079,2356.3398873314886,1466.3506956075023,1428.0654263521824,0.0,0.0,225.97568813857814,-2.054109144139519,101.30033589050386,93.92260116970984,95.2758676221294,106.999101156334,101.34024813437983,93.74736288303546,106.0007302992527,100.97849555276605,87.09865775305316,92.16435611586166,114.73465944535849,105.03286422918369,96.30010558738894,110.2944727558112,22.875567757414252
774,514.9059991134823,1469.4811159894975,0.49423017713454653,0.2139720024514768,-0.27001558518446117,49,0.0,0.13605590148877394,21.998753580464992,-3.3559951874576823,514.9059991134823,1469.4811159894975,3953.5552028926295,0.0,0.0,226.743432299335,-2.0527718502756493,277.4670591970953,246.91366176807583,312.08394216632144,284.8840451417203,293.04712594837156,284.3238952927764,316.2436288213747,283.5209123848558,275.1405297554156,234.8353212040621,248.87204958251613,291.9825168677121,280.0466056041781,280.2221829786635,43.97172617949086
775,1203.1853761469933,1469.0481381651152,0.734056553308996,-0.4157528491443141,0.13193003524654703,49,0.0,0.013565750310989309,1.184352112178324,-0.1837020972719669,1203.1853761469933,1469.0481381651152,1286.9862932252781,0.0,0.0,226.45647415741666,-2.053007680813235,96.70447156586087,85.53296874484236,85.97256269458865,89.15061279017144,90.1695606469615,80.22721777433202,113.01127260075188,106.3464864322981,96.77557076905006,69.97837969343679,78.22227099761344,80.19566213602548,104.32518435701985,90.64683070529358,19.72724131703213
776,2921.3230412530384,1471.8465238006904,0.6384812029619715,-0.138272533506867,-0.4500408761812782,49,0.0,0.014125961968221088,1.420416682315469,-0.38103941075482345,2921.3230412530384,1471.8465238006904,1278.0883746762001,0.0,0.0,225.7401417795427,-2.0517555736535793,93.45107675769192,87.95516440079038,81.33385216502082,77.34470029977909,117.98632647384362,72.71487534348661,91.42694648264106,92.9808059312117,84.1102246438613,85.23631008065877,86.63298640027412,100.16171737258284,97.80284036842352,87.32207245755404,21.628475498380542
777,2005.2069255961771,1473.452979534018,0.49890920212265794,-0.02887678873546646,0.024970586135707597,49,0.0,0.00973663224214524,1.1809531763478078,-0.18058169649589353,2005.2069255961771,1473.452979534018,1129.2105572451137,0.0,0.0,226.12208515958764,-2.051172017834408,87.83567543528642,78.94266506913121,70.29885280190933,71.09693095361322,79.89225824709956,85.55518830596672,76.19141688499381,85.39129110541029,76.83477769187056,69.49882810251262,82.82290830225438,73.78882380336509,75.98220762298274,97.32924780984507,17.749485108872797
778,938.2971597134331,1473.5041726863822,0.4918154825193328,0.7231261787327735,0.8388564452282704,49,0.0,0.012181432576311711,1.1815713407732193,-0.1811498713508976,938.2971597134331,1473.5041726863822,1405.4874568017412,0.0,0.0,226.5669131009114,-2.05113578100303,95.09977101512175,102.90993654937944,107.01274632965391,112.45691286093398,88.48829010997807,73.04605932793832,103.77794864867285,88.17056047282581,104.93028713395303,86.6058859524406,96.90303427748216,98.59244827125488,127.54800814263702,102.99880545463688,16.946762254832414
779,3137.354805458,1475.223204477798,0.3014372668136396,-0.7469302663832689,-0.21185929270832585,49,0.0,0.0068764799692172815,1.4049223392295958,-0.36913079534256565,3137.354805458,1475.223204477798,861.412514591207,0.0,662.2431357866553,225.6500811372889,-2.0503152087946432,76.70290788123296,61.766458883980604,100.07082727437766,68.57711058644315,64.3576288068985,57.305484331966376,60.99029435385801,50.11280458147925,59.593529532136735,34.04221674972344,45.52216409889495,86.6577309598482,43.28857396803034,51.26482971967454,1.159952862662302
780,1473.2702853652145,1476.743838937499,0.6201649892868227,0.05153424139645373,-0.1849151143709585,49,0.0,0.41446758225198,58.88811705270008,-4.4250691699435185,1473.2702853652145,1476.743838937499,8407.018493788808,0.0,0.0,226.3438668907213,-2.0498088370940297,565.6250015181386,527.5140528417986,573.5676788642844,647.7702296112682,586.2289012247628,607.201201959945,613.1296511803745,613.5238412568168,599.2972009722387,542.6666042625257,601.0085616700877,545.9257650346608,643.4702178786274,616.6221734684535,123.46741204482522
781,2647.6378225828516,1477.1275892081358,0.4548800443073429,0.28358619936377116,-0.02030382622950405,49,0.0,0.012321258368218055,1.7380594958279234,-0.6001615969495041,2647.6378225828516,1477.1275892081358,1204.0989374813757,0.0,0.0,225.8542424775054,-2.0495903685168533,91.43553527218178,75.12464370677134,80.1371058210411,79.20240650088589,92.29717463775617,90.23808225332655,72.84622040736946,81.45488158978866,75.77587108669107,80.1474053255057,86.42143718946787,95.7478208004643,88.96723991882743,96.3291318460976,17.973981125200666
782,2306.367721437971,1480.2910869062443,0.45636712431313514,-0.05278281735329341,-0.011851644493072019,49,0.0,0.008849950023171701,1.209745659073516,-0.2067351810148886,2306.367721437971,1480.2910869062443,1063.4710277226407,0.0,0.0,225.9965237044688,-2.0483046984224167,85.53482229409346,66.51190937589831,88.01577520919825,59.575354011441625,80.95857077550878,56.841602743506996,83.70981007803636,83.98188575533908,61.47603984570485,55.52332012574669,79.17579141278411,75.37164160825354,85.66207493591003,86.39896020159416,14.733469349624382
783,740.1571778021222,1481.0588416328906,0.37262962204730943,0.1505243064348211,-0.09839177836797615,49,0.0,0.011942230292636823,1.6546901280676465,-0.5467916897348614,740.1571778021222,1481.0588416328906,1173.9885469848305,8.705203035711607,0.0,226.64952108627514,-2.047971697979944,94.92592447469247,72.05085891488602,88.54087577076189,89.90196294694596,82.2522168838455,83.92098402023214,81.0709188635273,82.89794748785758,75.19662157052768,82.5258749891026,64.7954778959576,77.34071374829489,92.17487287779625,97.97145220329125,8.421844337111354
784,2987.475588659991,1480.8627814757554,0.3202246675332899,-0.23118327963469684,-0.571030830215173,49,0.0,0.030155772710239843,5.190358760830341,-1.7879934439776226,2987.475588659991,1480.8627814757554,1933.3901840731273,0.0,0.0,225.71256454632663,-2.047989272507533,144.2533070369131,137.1808092427278,135.50498975507776,124.55938655691511,131.6892903041815,130.36795289434386,155.5000086463333,144.29186483843066,135.34574256782446,126.55293250628208,139.63478817194238,124.87806075818284,155.8747379667807,125.27318176497849,22.483131062213474
785,568.6462391180639,1483.3387432698419,0.8492597259605781,-0.5023511533000771,-0.29494928765915157,49,0.0,0.013195488961730468,1.1157513861989807,-0.11891858769065844,568.6462391180639,1483.3387432698419,1141.946914068212,0.0,0.0,226.7210259804929,-2.047004185330721,97.6302709873635,73.57503975399385,71.43276150623898,84.8350640721489,72.40187098819061,91.19540725384437,93.6472343331498,72.06576204092664,75.17733225856108,67.06986578096644,91.77628122978507,76.75895682097934,85.56556452908805,73.49351264610897,15.321989866866447
786,2115.9101968244922,1482.995788300587,0.5621232289725511,-0.11132532476613712,-0.2895553780784157,49,0.0,0.020280836965190948,2.484037122692866,-0.9878952046673504,2115.9101968244922,1482.995788300587,1356.5722456874448,0.0,0.0,226.07593028212804,-2.047190351647988,79.94744418753677,80.72553693787398,104.47605878677308,98.2277093783076,124.00298910321052,75.4896442555752,117.13759211096274,79.68333309756986,94.73889825187432,99.84833886374295,87.10234000227993,99.59582656102643,100.03277500390034,91.10352096404756,24.460238182763455
787,938.0103879521187,1483.5485178737574,0.684235501059238,-0.18846464263162624,-0.6441355114504275,49,0.0,0.0122692866174289,1.073553033703446,-0.07705875880969461,938.0103879521187,1483.5485178737574,1359.7893340217133,0.0,0.0,226.56703195898098,-2.0469506684860046,88.26563521126283,96.9233279892392,98.61714257970952,110.09811179762765,96.07338086717054,95.12930830199286,95.51680563146031,85.4244460177858,99.65463396289394,70.42668666988858,112.99660245487033,94.92640818246481,106.14556554656845,99.07749514803686,10.513783660741822
788,1111.135724800204,1488.5716780310572,0.664265327847772,0.15530399189413088,-0.22148110226940557,49,0.0,0.03665640876352912,4.384706709330767,-1.6048513723742173,1111.135724800204,1488.5716780310572,1671.2850777373367,0.0,0.0,226.49485138469257,-2.0448684978612355,123.07934554148717,127.08899009674943,122.96096217047142,122.18344296883612,122.08046029214353,107.1286184493199,134.30756857188487,115.78311231212555,109.02275906321591,101.44543424597823,115.6667155818823,120.01082866228205,113.75441647532637,112.08898544484299,24.683437860790686
789,3163.218775938307,1488.937208096585,0.60635221654704,0.10680244857578676,-0.7617109171097478,49,0.0,0.027429333945605403,3.4965455189894272,-1.3590979659446152,3163.218775938307,1488.937208096585,1148.551947624404,0.0,774.3275873914232,225.63930122110892,-2.0445970666681346,97.17671446957546,47.18917297389119,48.21715777250474,50.9343093832677,72.27453309423188,59.71300139062501,143.58848676273612,118.00315425511673,78.15164857407723,73.58651720188007,89.1497976417109,88.53683201611642,88.62360702329488,93.40701506537565,0.0
790,755.1411436683945,1491.1514517519636,0.48438331159022663,0.6903989474222805,-0.03850538304168603,49,0.0,0.011086848875462787,1.3569888097472855,-0.3314406657870672,755.1411436683945,1491.1514517519636,1122.0623266981047,4.0,0.0,226.6432731169938,-2.043767910834851,80.43550020207465,80.93601832576314,80.85630680648855,72.26121250587391,86.35683252984721,72.62003370056365,79.37618580334947,69.04072791519133,77.36675829393018,69.95951187862694,76.55878399672793,76.82070605560062,80.6930731416144,105.45933916213126,13.321336380321345
791,2212.7771978717574,1490.4489571929978,0.3799471074673087,-0.11318705262452773,0.18767944558880625,49,0.0,0.010655000134041814,1.4164372966182701,-0.3779933844241873,2212.7771978717574,1490.4489571929978,1238.484635529374,0.0,0.0,226.0355444331234,-2.044078981918925,84.32859274202745,98.78573430035242,88.62984192520447,84.20701521011087,93.95166266679496,90.53576856792333,84.87051057636171,94.13314725661506,95.09275048616723,76.90736515989008,64.50914687447239,75.8274851539899,102.37029953683708,86.9136891191703,17.421625953456463
792,2064.0493358051317,1493.1638443363454,0.7375849191011602,-0.4736411254558135,-0.3305658611411188,49,0.0,0.011601129839097488,1.149309981390461,-0.15109294607029214,2064.0493358051317,1493.1638443363454,1160.2385867935755,0.0,0.0,226.09755299125786,-2.0429564380083995,96.44349327364878,91.7632122240486,56.811482288379864,80.71590316150237,67.39830213616939,87.63352533048138,82.41909329221393,88.82727639476727,79.2971189090114,65.86070145979068,73.41409881468445,102.04547113277994,98.89392805117853,71.50917305519476,17.205807269724218
793,2690.348303503333,1493.5243242347165,0.5484349941194854,0.3245093435797064,-0.21574664941412214,49,0.0,0.0682107424700083,9.9725418727926,-2.497014671262562,2690.348303503333,1493.5243242347165,2314.4756676238203,0.0,0.0,225.83643802490923,-2.0427536668289394,143.4233313859104,147.4214906462243,156.8356707103609,185.78852749532905,187.48725963292503,156.9400383954204,183.63389064921972,155.41105039632583,166.10072928781045,127.53111497495074,162.56542832356382,145.30840210891193,169.79279738908184,192.63922910462315,33.59670712316287
794,2075.6321220056666,1497.5103471542404,0.47426670540123433,0.14892038596846272,-0.053477140517384045,49,0.0,0.0169783102681596,2.235915111351487,-0.8736382778084868,2075.6321220056666,1497.5103471542404,1439.3411751922504,0.0,0.0,226.09272403702906,-2.0411448194649826,93.452319943064,83.39633482416048,93.66509263259013,97.79055237247577,103.32873155516,122.07256903960175,113.87593051413086,100.8662825018555,105.7608456161946,84.29487606650909,117.40555350613977,114.30397965845145,96.69310471593354,95.21872830336835,17.216273942615132
795,1719.0450593588284,1501.0314776168357,0.7443381953808157,0.2176464790440737,-0.02420330592288567,49,0.0,0.03636103736772338,4.218675803048462,-1.5629403799651618,1719.0450593588284,1501.0314776168357,1513.853942603433,0.0,0.0,226.24139553773364,-2.0396891138444424,101.52655495221823,108.59119283426105,111.04000575016727,105.64109725533508,104.21255991727449,87.03921392733365,109.7732854997038,98.32004697150555,130.23049832713605,94.39409709289774,97.2420320529639,108.71348357548122,116.88482373595721,120.41208822762643,19.832962483571478
796,1966.6257996655672,1503.3576052132896,0.27791732081943255,0.8088795296043244,0.027678760622693956,49,0.0,0.008021195304285609,1.08624155964744,-0.08981603724874992,1966.6257996655672,1503.3576052132896,1171.2000724867835,0.0,0.0,226.13817196040637,-2.0387134233780615,79.18313948890614,68.98189623592876,82.24004936629035,77.91760502614261,90.8620076265964,71.08715946280692,87.44502519937603,67.77054479558836,93.68034880212346,64.50971778781982,84.05671586190584,88.41958475875322,98.98085041878801,98.20291359194505,17.862514063812583
797,1831.5538952903696,1503.8334433576977,0.5088893104017326,-0.08636680784839379,-0.22172616804768708,49,0.0,0.04097708440538652,6.045150919882854,-1.9535178692178503,1831.5538952903696,1503.8334433576977,1806.8875057232592,0.0,0.0,226.1944872947562,-2.038519508070309,109.70842535844207,115.2936897267546,140.6935430947072,164.9119626619743,136.8068650033398,121.75822695669821,98.91479778929457,136.13626885130432,141.4513221389111,86.892983989452,107.85930794009613,124.38742758702342,149.50751933132491,142.06494205582683,30.50022323810989
798,908.1171904112526,1506.5120711816705,0.633756526142819,-0.4314821838992259,-0.32418845338489927,49,0.0,0.011498042845991381,1.1894563473339463,-0.18837127049424346,908.1171904112526,1506.5120711816705,1084.533505950116,0.0,0.0,226.57949342175803,-2.0373804552815664,68.40480422402428,64.91809989700567,78.99993270477788,75.60459742419098,75.71634836384926,84.28231483685259,87.39751991358938,79.53318703558367,88.89729652601912,72.81568410356138,62.46206275696284,67.39030810584397,86.153687440122,78.96347186649416,12.994190751238921
799,1653.4348841747942,1507.9567173204541,0.5842399806218938,-0.5071240363589234,-0.08412322635776112,49,0.0,0.021294557521024264,2.414658130634016,-0.9571391291380016,1653.4348841747942,1507.9567173204541,1516.4027780195565,0.0,0.0,226.2687504629311,-2.03680420598569,100.42757117192689,108.47043282130875,122.1417774276511,101.27241763789996,102.202104930358,100.04851716374873,124.52653419217677,108.63532092174721,116.147120074908,99.0526482271543,104.92505511542092,86.75829834463624,115.66571117736925,102.15663163054248,23.97263718270775
800,2427.1981645762794,1510.4188254804212,0.8550433248141517,-0.4896739883401922,0.1309583295346245,49,0.0,0.015803471589571964,1.1038036586575535,-0.10722957310041142,2427.1981645762794,1510.4188254804212,1743.492177405697,0.0,0.0,225.94614972006735,-2.035741674801683,129.49075756358667,122.59810449791618,118.53709812298703,141.56648604587517,126.36139223651405,125.61877737438064,129.16507416603469,137.5182284056891,138.51308577750805,91.25425066343142,99.06497710487969,115.91922567610223,122.18797017486187,129.75430565063627,15.942443945294187
801,647.9576796978444,1510.4597288412738,0.5399996959365052,0.09629719128392432,-0.27736877523282605,49,0.0,0.07165653977360538,10.523716984683958,-2.5554229001203526,647.9576796978444,1510.4597288412738,2414.7018433418957,0.0,0.0,226.68795744780002,-2.0357125746951827,158.48222428890523,141.9386747960184,168.33983024496848,179.68029669755865,193.59768193265535,172.62306721212192,201.86606363970333,174.84482034844046,175.13431737297702,125.27234445594725,156.22926373674304,182.23534252291086,187.02839429474668,164.0422806088252,33.38724118937404
802,1160.3198079611134,1512.4227861262527,0.5589091505916561,0.18604728080222666,-0.15691803777238866,49,0.0,2.598214912018491,383.11171476175184,-6.458313580026865,1160.3198079611134,1512.4227861262527,56516.56483652438,0.0,0.0,226.47434408877828,-2.0349330655149713,3909.2885033532875,3683.523234351597,4097.319394840528,4110.445116290358,4002.1540699205766,3955.972883042238,4363.073282046454,4211.61620177609,4219.889107465523,3149.2470691948283,3783.188420549428,4032.936799253135,4106.433490183929,4133.220798921504,758.2564653348911
803,1373.4087504156732,1511.4563131740147,0.46213824122932273,0.3663142188109441,-0.1006171334008948,49,0.0,0.011771362616523142,1.4893780677054962,-0.4325123855439062,1373.4087504156732,1511.4563131740147,1302.2065511227843,0.0,0.0,226.38550158402194,-2.035343416000126,91.92564287299895,99.91811861268002,99.47898139576196,98.13003872605883,88.97352326674972,79.43827198178317,95.32258674710039,99.44932164064363,86.80653494439264,66.23073794607303,100.38761249240349,87.67397030968067,107.99436100380265,82.85274073949557,17.624108443159514
804,2213.253074536995,1512.340303238614,0.3503262123197243,-0.24802608640884824,-0.12352920802056809,49,0.0,0.012450628712421719,1.985873891643507,-0.744879165405615,2213.253074536995,1512.340303238614,1291.9811933631672,0.0,0.0,226.03534744796417,-2.0349576516365815,80.56148881471663,94.7741033357508,97.78147837926338,86.09422276703941,96.57578086702358,100.56036419983195,98.77427529037053,105.21352038882483,89.07866686235113,60.827100202237176,91.62753962464268,103.53538909429473,78.77547275661932,90.74236037558163,17.05943040461936
805,1487.156200530686,1512.864899563121,0.6127451034430751,-0.14530175679823862,-0.04938354077102303,49,0.0,0.1709957414863964,13.223218118547193,-2.8033429043350777,1487.156200530686,1512.864899563121,15620.488237833259,0.0,0.0,226.33807696176027,-2.0347585904074537,1084.7628623591763,1001.6011461547455,1063.0624187839871,1137.725493140601,1132.8557608358585,1123.9932986701256,1286.6402902850348,1173.4944907162908,1149.764879295142,898.227531697502,1038.4206027399418,1114.8837728858728,1127.6836718467762,1089.881584565603,197.4904338566015
806,1798.3805244395692,1513.4340733279719,0.8753079790697141,-0.03959606393470087,-0.10286791519658214,49,0.0,0.012463963755644368,1.0427588093720712,-0.04545966878452816,1798.3805244395692,1513.4340733279719,1118.831833546875,0.0,0.0,226.20831844954145,-2.0345200188423016,80.91084020819851,75.49169220599629,81.221717295706,73.38273980552708,74.21064982678708,68.28921580322555,79.26801995924677,87.76180933473722,87.58591760120962,72.71664185850207,72.57279018500432,86.71014949556807,78.08103995378895,82.92232194580554,17.70628806757196
807,2426.086790857676,1512.4224040292033,0.2062459613219107,0.5248218570226066,0.3655367003045586,49,0.0,0.010684850614140437,1.116906780766919,-0.12004231889477612,2426.086790857676,1512.4224040292033,1739.2708436129967,0.0,0.0,225.94661324304533,-2.034906964707143,132.5761010754839,118.04199471687498,121.30625430415421,130.07099968651517,123.35711924495715,132.63887052997586,132.0592771660739,136.34566812750057,137.19309682483672,93.5586392228176,98.53047774879681,114.36391711457415,125.58357925228194,128.8215248369882,14.823323761165469
808,2674.7655855182834,1514.7033921445723,0.5462945280901715,0.43499337623867396,-0.09095308057315642,49,0.0,0.010617375043559417,1.1417650624944582,-0.14394187413766044,2674.7655855182834,1514.7033921445723,1155.6568953489925,0.0,0.0,225.8429369550996,-2.0339311513697096,83.37838422955522,67.30536651146343,77.93194323936925,85.67944394572804,85.66711409826057,62.069286644238886,88.19421863415728,83.17560258249421,105.31832406948239,78.50623663497245,76.10776836506167,81.13600269674826,70.928526642387,94.42233488209166,15.836342172982244
809,1485.8749772574758,1513.9617694137603,0.8311198578917433,-0.16912185316335512,-0.36474175416522087,49,0.0,0.10257295599135137,5.603205234177495,-1.8710913252383479,1485.8749772574758,1513.9617694137603,15659.174138707105,0.0,0.0,226.33861112783003,-2.034301545923669,1086.1044659995246,1009.1733042524131,1064.5506446241757,1143.8886422953751,1128.0180784412933,1123.5980834634458,1270.8863873707899,1183.4941386972525,1147.753055026999,894.506303406353,1041.3761198969478,1129.4022796214056,1139.860937864566,1095.3931298928605,201.1685678537016
810,1330.3040619725193,1519.3264336557486,0.5126578122793823,0.0782655373424002,-0.23591645421930818,49,0.0,0.043306263139886274,6.296767693413044,-1.9977941779391897,1330.3040619725193,1519.3264336557486,2013.9131606826923,0.0,0.0,226.40347292133941,-2.03206305260318,135.36643613697143,130.43438938365756,145.4560383965123,137.90715337216818,160.10043483206024,148.92086141257914,158.56480900533103,130.96443438539723,131.68326979301855,119.44976779370376,121.34369461837798,153.46488219872055,153.84113214763892,154.21249039030215,32.203366816253286
811,3050.54229125235,1517.5125302525441,0.8215165619814048,0.5058290062059292,-0.2077901307189736,49,0.0,0.02837315951397413,1.7069530690049928,-0.5805539519485957,3050.54229125235,1517.5125302525441,3743.505351153944,0.0,1652.4830144560578,225.68627838930513,-2.03270970986171,280.16096174224066,249.63965460979983,286.93661413638074,243.45206788602604,267.89075047218114,253.09375905650282,287.7622571857644,285.5497901468589,305.47141304630884,188.58294066729303,243.3143380525183,260.33254870129224,275.52331070733794,267.9220601679808,47.87288457545801
812,194.1666499477839,1520.1795432960516,0.7817008568286973,0.29664381630672326,0.560116976765186,49,0.0,0.0108845821651593,1.0876606398831865,-0.09123353156711267,194.1666499477839,1520.1795432960516,1882.2751161390277,0.0,703.9188526418135,226.87714086290117,-2.031605225730669,97.18640353047515,71.7987319155796,210.35083210195697,95.82369503247831,214.47859531120818,139.40022753908227,75.93487537530879,119.85827152148669,55.62666124529366,107.22068177973476,60.570715044274294,64.90846023991347,482.5225618902261,58.33307695120919,28.26132666080031
813,745.0579690112246,1520.9171497822708,0.46313941961418437,0.6397624877518159,-0.2725981392165089,49,0.0,0.011166745964157085,1.229141444403414,-0.22400465634000782,745.0579690112246,1520.9171497822708,1348.8864663291215,0.0,0.0,226.64747425822716,-2.031364855675227,89.99766434388506,90.32306208609819,97.53848279427027,94.8207693763441,94.43443536416318,90.9490700924809,110.66852060338346,101.31720459991922,106.44779335618529,80.31910532767657,77.69401703320906,104.52300824972616,106.27515847433231,83.84665006462988,19.731524562817903
814,1103.9622007732937,1520.8342609223196,0.833461870292805,-0.06626075794519033,-0.23125148969927886,49,0.0,0.020985567213433125,2.0202483413807077,-0.7635118972081463,1103.9622007732937,1520.8342609223196,1245.1550241211464,0.0,0.0,226.49784052351953,-2.0314254667484435,87.46059221188669,76.68813985451987,84.4514589378482,85.43826102283933,91.95684786768402,85.71389523375757,96.80025855205429,91.68469245217096,81.86589702200807,82.20230483426222,85.8564945239495,96.38719572303762,81.52893462582034,99.47075143440281,17.649299824904904
815,203.6333188788192,1522.3238603609816,0.5071141403828391,0.16489961331796169,0.4484367426908574,49,0.0,0.010705635332185529,1.4178808499079778,-0.3790993422769249,203.6333188788192,1522.3238603609816,1795.4440507326326,0.0,897.3198248297299,226.87319403067198,-2.0307132327688038,119.52998624129032,93.73584114778093,135.92358992588134,181.8706976152506,251.86190450989216,150.62348694035143,199.68519118537762,92.14833526000609,91.05054685954815,55.228539715197186,71.15749633034116,164.55760804032178,83.44779699281634,82.94340402277817,21.679625945799465
816,1419.774419332484,1523.4074803196502,0.6207818603487926,0.16042518185515658,0.03395578649182472,49,0.0,0.014604598206363005,1.6835261436197293,-0.5655496624304439,1419.774419332484,1523.4074803196502,1214.0251355058683,0.0,0.0,226.36617017768023,-2.030364787232365,81.79076782073103,76.70642258872809,87.90702978861437,85.16016674191332,83.03968483891698,84.39018609267595,85.40324127039386,100.85869474700205,81.26213041495515,70.57535673800274,95.18783096560111,91.2934673153238,79.43803004439286,93.45389055407837,17.558235584538632
817,934.8970958230998,1523.9802441269526,0.5843234733665278,0.07284249948966728,-0.2101712278019879,49,0.0,0.06540223486666817,9.591415917110654,-2.4547068097924325,934.8970958230998,1523.9802441269526,2088.0394385052386,0.0,0.0,226.56832711467564,-2.030104098039753,146.95066445305002,139.9381793782713,158.24735394494832,150.49681414921062,150.3484379471077,154.52337947404047,150.74807644594688,155.0883727286568,132.65676651419187,123.79124253029336,127.5432738262792,136.94161772386065,158.9818784039042,169.50768086060222,32.275700124875044
818,1587.7848460270734,1527.0101579890927,0.3525819639996547,-0.10008069648197257,-0.16458473831659093,49,0.0,0.01238045168243466,1.5724012635520723,-0.4914084603476666,1587.7848460270734,1527.0101579890927,1387.7235371870358,0.0,0.0,226.29612190577748,-2.0288654175823497,103.83042857359581,92.82414255260218,91.30357882306502,99.4934790642063,93.87807525365274,100.8446234247221,103.63182393460829,106.44606772382299,112.67450256609558,74.74844327934295,87.37911524079567,95.48126105164707,114.63360049493902,98.40311958485984,12.151275619080359
819,1727.5139013070857,1531.3986591360292,0.7253792137227114,-0.4209645983656578,-0.12092224702644072,49,0.0,0.02559231336665029,2.753899996820118,-1.0998704138602287,1727.5139013070857,1531.3986591360292,1520.2329084393366,0.0,0.0,226.2378650282144,-2.0270360195446204,110.74860525994558,83.5153518282996,94.45515829704058,96.8407036883727,108.1505386248108,103.23101514726969,112.2082442726287,136.21324187687765,113.13099200932542,90.57662870165055,89.13144467689216,107.32794969869958,134.6021010007725,113.53020183994087,26.5707315168102
820,2762.134999857933,1531.8058342975762,0.5010690996163624,0.05009156909118238,-0.058558068616823354,49,0.0,0.04859623795596416,7.235904239475546,-2.1487320268463943,2762.134999857933,1531.8058342975762,2009.7860627948266,0.0,0.0,225.80651460194326,-2.0267948806221288,138.33078444553936,136.46779818956122,131.10774496294658,155.99230584482237,143.10363237671243,151.55007469373035,134.18620175687607,123.37752365857457,168.2504248461838,116.07552743970035,150.07113641170872,131.9323083626633,151.24261034318522,146.79328851791018,31.304700944712245
821,3153.0735582710076,1535.7387421422072,0.5049174112717474,0.04670652455844148,-0.736079722636541,49,0.0,0.01943756700785529,2.3919983128700357,-0.9469021724971495,3153.0735582710076,1535.7387421422072,1440.5393853380692,99.8710814104578,1063.0312095399072,225.64353822957628,-2.0250993892571443,116.90453279322412,104.98949877660095,106.62656437398087,111.68884640086347,85.76051356755163,66.4388969725344,177.43337343995353,112.23117387527586,119.25643909564921,64.50519392332988,83.61688305509384,85.33727633254318,111.04904768290251,94.70114504856605,0.0
822,2569.9956459638133,1536.7872114633583,0.29489850211702634,0.022325206765208314,-0.05693108799253452,49,0.0,0.02459190604844999,4.475674391312419,-1.6271462093860918,2569.9956459638133,1536.7872114633583,1652.4966402717569,0.0,0.0,225.88661845741586,-2.024741312019022,124.93474908003331,96.18224916843698,111.7667046210199,111.21878162411379,119.82849032197711,103.71416605222547,121.68604270771465,124.1780841710362,129.52752199006508,98.26360359794064,110.68772730661252,116.05711054956501,130.70254887371675,129.58482230883877,24.16403789846075
823,1909.2693790046176,1539.284502816229,0.47090982679492904,0.30400486646704383,-0.05201644462772939,49,0.0,0.008937436676797389,1.034997160970862,-0.037347896278525756,1909.2693790046176,1539.284502816229,1088.114807146277,0.0,0.0,226.16208662904162,-2.023746013191461,70.02980808408539,62.02640492631037,80.98619627650655,79.20367360882202,80.386901318073,64.31224095388637,70.55677024711346,84.7691246100808,85.45439284156063,71.78620239283964,82.56959260704281,72.89932308045654,87.90235868580297,80.5279900428205,14.703827470875774
824,2962.684636520712,1538.9432475098292,0.4410069607222965,0.6176847702691985,-0.05320606847572013,49,0.0,0.012361589505642034,1.287645088262581,-0.2744904389078108,2962.684636520712,1538.9432475098292,1315.2971037020075,0.0,0.0,225.7229080434945,-2.023793969963448,87.60903051428672,93.73032397185963,87.03586374346759,87.49306567082293,72.37412741491883,88.4823701588315,115.3040646022274,109.58712483853444,91.196057991518,68.86366041759644,95.83704477003542,104.05695221128781,102.5646969220355,95.22351485695029,15.939205617635087
825,855.8310152123021,1539.4365553138514,0.7865368732539534,0.1946233240698412,0.10046542016482224,49,0.0,0.016117698190767624,1.5679530578806835,-0.4883326410742405,855.8310152123021,1539.4365553138514,1183.5675414058346,0.0,0.0,226.60128991428505,-2.023658076523548,85.64293358837995,64.446968645751,80.57090069471053,80.03259051175704,93.79745076625414,72.1769988417808,76.65505986539816,78.8918556761814,94.18191442752878,75.66654074045793,83.6002273418833,106.55114996438516,87.06245393248759,94.71534386223053,9.57515254664844
826,1984.8037882473075,1541.0382558249503,0.5301682003658318,0.1274720137384303,-0.03650457831147592,49,0.0,0.021621203154760984,3.007167147910105,-1.1953939205984438,1984.8037882473075,1541.0382558249503,1329.5251266276123,0.0,0.0,226.13059459141348,-2.0230124831784067,87.60305133399143,84.08331142219184,100.42873525511638,106.67607755488746,109.75479391913066,82.92780093847308,94.26430249460753,105.11546939849445,74.02086713268965,72.69489060590081,78.99114815710445,96.82139721023793,103.49633325104242,113.06925030682217,19.57769764692204
827,530.0745514319206,1544.6051144844453,0.4640780639786143,0.24455123612459673,-0.48695988760594955,49,0.0,0.01807208221116143,2.4364653871911934,-0.9669006152643056,530.0745514319206,1544.6051144844453,1315.2109595233273,0.0,0.0,226.73709989593064,-2.0214729247825294,96.13374777337536,94.35543416554937,95.64550525667133,104.37008856160753,96.89496440703275,91.99843950857502,93.64655422071272,83.05760814285506,105.42734519678763,84.81852591737584,88.720634449004,105.14977484256164,77.856636471279,82.3615093198031,14.774191290136862
828,2462.1536337439275,1544.9603340003134,0.7201596610219804,0.371722149608236,0.13460909371366733,49,0.0,0.01965366166028057,2.0387186864694393,-0.773393258973719,2462.1536337439275,1544.9603340003134,1274.2901904667526,0.0,0.0,225.93157944429055,-2.0213464884728762,92.50794994949567,108.14531392942484,63.07110413845517,97.34256353150786,88.38719426072889,78.27726737590932,103.71609618801936,101.02784312586817,71.9189959552005,66.8265245322558,79.7063501389971,95.77524984504703,113.35289742559388,90.5488421955875,23.685997874661567
829,1840.342190218777,1547.3837113298846,0.5265014346509966,0.8959694548216646,0.08479839971151458,49,0.0,0.012645683568756614,1.5279109054929716,-0.46024507672994386,1840.342190218777,1547.3837113298846,1210.765063136587,0.0,0.0,226.19082430296126,-2.0203733730847007,65.2105974141842,71.19327556045482,81.2986687057685,80.07786989651628,90.49069507785902,91.39845621025535,100.32575465969119,93.24265215845425,96.88123779189483,75.78245787559248,86.12456796887182,98.6430906503359,80.12337566613013,80.10546087028857,19.86690263028966
830,2537.2490759310986,1546.5684238106849,0.651499803374465,-0.38384693269429304,-0.23794359343500232,49,0.0,0.020133238916844536,2.3130989116933205,-0.9104855106815658,2537.2490759310986,1546.5684238106849,1353.6998436265917,0.0,0.0,225.90027169703185,-2.0206692456073907,91.27514850917552,77.26192200892672,92.37505183041863,89.18158370138985,105.03375941523848,88.53836695734248,94.19823275156301,105.13549371520764,94.59873428894133,85.77643759997363,92.43456963998518,116.2665989796015,103.4039614019168,100.41258349460361,17.80739933230722
831,1623.405358714953,1550.0396771073079,0.295206423348164,-0.889432526652386,-0.6015259680486489,49,0.0,0.008095006862279435,1.1624280808507865,-0.1634152317418616,1623.405358714953,1550.0396771073079,1298.9098151583953,0.0,0.0,226.28127077357348,-2.0192697672398805,94.09304456675251,82.8871915975806,83.58456164031314,88.63872325905966,114.8723726130204,84.04209665096633,104.41186204294048,102.04346976692133,82.87848434475933,67.23462041812422,81.93570634814165,94.41523160671639,106.03784552003357,97.85921878263163,13.975386000433996
832,1375.5650733199418,1551.1198432231952,0.6544784876554066,-0.10160014827562794,-0.18639305146574042,49,0.0,0.14274246418612355,18.941255010171552,-3.1935218777894496,1375.5650733199418,1551.1198432231952,3495.3200641518833,0.0,0.0,226.38460160776276,-2.0188170240654304,260.5744815528019,230.46409134046928,228.09528522326502,244.31462696729193,247.82683734911333,258.2156238759837,297.5593609180588,239.48768799898673,273.2030408669611,209.9510534558338,196.16841447961394,239.60786163713564,273.51818422120675,243.16823456586565,53.16527969929575
833,1627.722460538567,1551.3249180233688,0.39870841262259155,-0.7201357671343384,-0.5976905333111546,49,0.0,0.008984547612308427,1.0883749139511352,-0.09194630782867495,1627.722460538567,1551.3249180233688,1290.1215576834697,0.0,0.0,226.2794708673447,-2.0187342387125917,98.16620640683433,86.96557227357772,81.01737302486382,95.22960567559451,109.60529957481698,88.45130576190776,97.29508523938786,88.36050724976099,79.80395220161327,69.39975505201204,76.48214077771252,89.82802123999835,102.22272724215406,106.32555184221317,20.968454121022315
834,1663.9734014145658,1551.669427068248,0.3139001413263014,-0.14846923315655206,-0.17564626430165584,49,0.0,0.011699301350302463,1.8333286012416703,-0.6581007844947042,1663.9734014145658,1551.669427068248,1259.8289269405136,0.0,0.0,226.26435693337973,-2.018590517733683,102.48950647843542,80.94932741304225,82.32186707347458,96.35188367688801,87.06773235146413,93.12755049796291,101.25625177345759,94.63463594686722,69.40691522252924,79.49559501281873,79.19209693319951,95.43639374039982,98.39595876939305,81.75544232700446,17.94776972357655
835,2500.7147345315216,1551.8775834798894,0.6520789741650967,-0.3310330424403131,-0.4325500825159474,49,0.0,0.015074637773888544,1.7029394402343516,-0.5779980097484085,2500.7147345315216,1551.8775834798894,1193.3345931058209,0.0,0.0,225.9155036354042,-2.0184607307524614,94.92748702563983,79.38048022520395,75.62218707411319,73.25635210432552,90.07473724224681,89.78414138578525,97.95591735895455,90.72283762460309,83.02213866242384,75.57356757602773,94.14666951615575,67.39646298857416,73.98814322102452,86.73052039541017,20.752950705332616
836,3079.920475220333,1551.8068873485033,0.4722398075187585,0.164913340844104,-0.4860362981988017,49,0.0,0.04120389529121853,5.802872740458205,-1.9091076160017129,3079.920475220333,1551.8068873485033,2201.086186677381,0.0,1775.1374385306729,225.67403653112,-2.0184165984237774,174.5339861856832,147.6057369088175,151.77365862179863,146.31300880111235,140.88396511484274,147.17485003367653,182.9264321317513,164.48256342183666,165.62755994204844,120.61904773275919,130.7150828072706,144.97574659330175,168.02441651155522,190.34000009279472,25.090131778132385
837,2389.4450575775027,1557.2838888924134,0.6566530999579784,-0.32108698786815076,-0.3772008718625715,49,0.0,0.009870889335719295,1.0120913075644495,-0.013049237244131807,2389.4450575775027,1557.2838888924134,1118.8647264791794,0.0,0.0,225.9618934799398,-2.0162181762618583,58.46739472285664,76.40025684363374,78.71435480593709,74.2250701563304,94.10262265818635,85.96957055654589,72.79036749834555,79.37898443923703,86.21175175428087,65.07357410648518,79.38256549074819,86.35591073307194,78.97757115838358,78.73614471309045,24.078586842046263
838,732.5841045647331,1559.995450611557,0.5692996845340536,0.3249895424221876,-0.3108303732555196,49,0.0,0.0142484021971925,1.807008170667578,-0.6424002907379966,732.5841045647331,1559.995450611557,1140.7571720241658,2.533223810240164,0.0,226.65267117698704,-2.0150814031234288,75.84717293569739,68.84940667047881,80.18022566492428,80.06327784449306,72.81534369000332,104.34019188704181,91.15566090490782,57.812050307753616,88.17308962050055,70.02967650997857,81.75729258230328,71.89421409429194,77.96750266086809,94.57644665767258,25.29561999325072
839,1003.8703961132628,1559.9364844086717,0.28097040275018925,-0.36338919787705404,-0.8901153038416462,49,0.0,0.00831254833415063,1.3182994578556995,-0.30003518369147664,1003.8703961132628,1559.9364844086717,1137.3209900969377,0.0,0.0,226.53956853210056,-2.015127150591846,85.59538975667864,61.37180834724522,67.12974105799255,84.90091374085813,82.2929796506968,89.82851277163792,92.80085636951594,84.87278402538817,72.33573153223008,65.04050916471603,78.55776534494694,82.77330910141286,95.30532609177695,82.10304442008014,12.412318721761215
840,2771.893645655052,1561.0260959181987,0.695667082612397,0.11802248356162104,-0.22882592611531843,49,0.0,0.13512540339038448,16.953567686024474,-3.0731527612611087,2771.893645655052,1561.0260959181987,3513.061549388438,0.0,0.0,225.8024498683022,-2.01461899521612,253.36805832942582,231.07761324496,269.7194911171184,256.5560001963391,250.4000211100829,236.36295886033042,248.89301581219922,257.48046233025934,245.46802554420347,224.65071494640992,250.95533928851756,246.96755268227344,273.0315744730733,228.6679732788033,39.46274817444186
841,3072.261430652723,1561.36915169062,0.5728464662516564,0.26969111805508017,-0.39114125478110373,49,0.0,0.03682672505627538,4.510490911881662,-1.6355595302596238,3072.261430652723,1561.36915169062,2009.3961261940565,0.0,1469.9780640907234,225.67723090143284,-2.0144337572254973,164.68752190652788,127.83495692305357,137.78463325984538,138.30773196079863,121.55457819195871,140.80846812670498,172.23851541050465,148.07002991343376,151.75271516995338,106.7560167532968,116.13561993269217,137.0824825961461,153.05892407602676,159.41465398414545,33.90927798896834
842,843.584358968131,1561.9756434593428,0.3420886354567893,0.044450107892998914,-0.12369940261484777,49,0.0,0.012960656216010892,1.6907164364153155,-0.5701769367549039,843.584358968131,1561.9756434593428,1382.3573946665845,0.0,0.0,226.60639391464375,-2.014265949085596,95.10085453261345,89.76257789390654,108.96117481967403,88.1637895428438,108.1398285101524,77.26020694283424,113.88714704980009,94.8496255854302,111.87864848575126,77.58061699900395,86.63914728574271,91.05579674660483,115.38699502776603,100.97958909693182,22.711396147529165
843,1340.7978862794266,1564.2547461999402,0.6472820454391149,-0.14702031566316767,-0.13978614438949422,49,0.0,0.07697726249531181,10.448252412198539,-2.547609139704231,1340.7978862794266,1564.2547461999402,2272.210343954547,0.0,0.0,226.3990965258683,-2.0133432582954933,149.07315983559974,152.0327470391978,180.51889094027132,163.74839843466356,161.42690308311626,175.05042102110082,183.2101507200203,170.413632053644,135.40481989794674,122.61251133256216,153.70241939929167,164.92102580057684,162.8257680880567,162.5060760837377,34.76342022476156
844,2566.82401369313,1563.8545255815884,0.3083235237043566,0.6305495103805939,0.1000152180696827,49,0.0,0.007991335772350412,1.034691805726858,-0.03702752423087225,2566.82401369313,1563.8545255815884,1132.0998924187566,0.0,0.0,225.88794349755736,-2.013463873644209,91.72028967274244,89.04480286944141,72.77994238938706,88.73091510289142,88.20569026271392,75.4859868165392,68.98056538253955,80.46109331106635,79.86913882306115,44.25810325815738,70.66627711179348,96.5982169276669,80.96610691821996,89.6131826743079,14.719580898228466
845,1955.5197382275212,1567.2955449657134,0.5002464873675091,0.23278474979102173,0.2115587266615003,49,0.0,0.013496719786494419,1.6394759474643872,-0.5367626239374961,1955.5197382275212,1567.2955449657134,1298.7902142465834,0.0,0.0,226.14280478527138,-2.012073142446112,107.15260464873253,79.75024827255797,96.12015256543093,87.27907824366997,90.91931122267208,79.9865026430598,111.15440624826923,99.33023737888043,80.805252218873,78.80362752151245,78.92513430511308,86.93500521444615,109.97164307979381,94.30198803385551,17.35502264971661
846,720.3748009698439,1569.1128841003463,0.6933430482186334,-0.3178415669714263,-0.29530508090876534,49,0.0,0.018270122422765742,2.1142822755525894,-0.8129074225787367,720.3748009698439,1569.1128841003463,1165.4947642109892,0.0,0.0,226.65776047982655,-2.0112814130453454,88.33826191926465,67.87311752816518,62.70206549535458,92.56277501163675,68.28959211255994,80.2995468754495,71.85381213490288,105.79982101740727,76.5607427242195,78.19993934481391,68.29241546548613,99.5376502436188,88.88602328011059,101.1370303430068,15.161970714992766
847,1465.8974860157934,1569.2835986791738,0.42813496627219294,0.04421795725243168,0.03545652109043829,49,0.0,0.009925001948966394,1.1923022041792168,-0.1909658670615112,1465.8974860157934,1569.2835986791738,1235.6451875531552,0.0,0.0,226.3469395357075,-2.0112505313837286,78.00346323448932,75.20091744978072,90.74080946767593,73.71025203969121,93.64115034749405,87.58330782452197,93.00229553094218,90.33981490317004,94.13262474501454,62.169369547371545,95.2670758271186,97.70058470071841,101.48209086475501,84.36211671193931,18.309314358472555
848,2742.2000867623246,1568.9291630683922,0.26504359802224214,0.3495113128578824,-0.43289332306812683,49,0.0,0.008715898397405428,1.0751187041610017,-0.07864104368959701,2742.2000867623246,1568.9291630683922,1306.4750560910825,0.0,0.0,225.81482991435686,-2.0113298245755424,83.13378570810127,73.47725627245703,109.1593621323618,100.0429842459846,101.36706407924027,86.40055110390996,89.78044862292595,87.31906545251876,85.83248530808783,88.8034522615167,82.25544350332643,93.54018885378787,105.89314110484035,100.00371816178259,19.466109280240907
849,2579.647190378894,1570.6837634452365,0.5976339062421422,-0.12065122812226842,0.12786238352451493,49,0.0,0.01065145107389659,1.2044910725048987,-0.2020089635627047,2579.647190378894,1570.6837634452365,1119.9428776833404,0.0,0.0,225.8825981816797,-2.0106171015673566,90.26337142784092,71.92364786871899,68.9050205259726,92.06145095189797,72.12647128801706,82.95532146157109,72.06804478215327,88.39130871430184,67.86377929748852,60.30722304126528,88.46832300640088,81.72842136714354,80.87601053058245,83.74924746358485,18.255235956401176
850,2635.6577313621747,1569.848749949319,0.5833430943012269,0.13858993536581568,-0.37781513367135827,49,0.0,0.0703884525874796,9.803826559892507,-2.478489048793047,2635.6577313621747,1569.848749949319,2354.6635413488807,0.0,0.0,225.85924724227223,-2.0109590135604463,153.1383987081798,150.15876771867465,165.85658055895794,181.74337166469905,142.27061489270616,164.3203461546116,182.20371236200833,192.87343367878668,196.582956381617,122.9532036925159,172.6929783742678,153.62054905496723,171.70835898049268,175.3325661455387,29.207702980857412
851,2276.09901052843,1572.0514940898156,0.8350207991500477,0.19111231421753308,0.17116021541440077,49,0.0,0.013370795447467321,1.1711052652940193,-0.17148983392697906,2276.09901052843,1572.0514940898156,1281.8307578985068,0.0,0.0,226.00914996543887,-2.0100739357360777,79.33872974160506,84.08037019965931,98.23398640941463,91.02497323332405,80.39821612240675,83.36870368171805,92.57189030696685,115.90515120838367,87.98135369931896,75.11557850033334,89.9288104218476,92.61752084507009,88.08995034556528,96.88747099921954,26.288052183673692
852,613.6416171258821,1573.0972477387247,0.39187528759130064,0.03790074107331212,-0.4596711870886479,49,0.0,0.010928031638541433,1.4795662238643308,-0.42533602126645353,613.6416171258821,1573.0972477387247,1184.6217353983604,0.0,0.0,226.70225758297926,-2.0096107027876102,77.21597955559665,88.02345922175849,87.75893521968109,96.21260184208228,87.17070916407667,75.00856457416297,85.97808726790403,78.02415855631787,74.47730170577515,75.98071307330034,72.60883406473536,97.70796166456407,90.29714004217254,79.70286174734014,18.454427698892843
853,2355.726243724606,1573.9731360111296,0.26374289129411127,0.15243299086267104,-0.2679619576376761,49,0.0,0.008880912559280972,1.3608402269074162,-0.33451784672310164,2355.726243724606,1573.9731360111296,1181.5778376518422,0.0,0.0,225.97595257813097,-2.009267205738413,91.31768531794224,78.43649646713075,81.61868962586462,82.61839181109544,77.65764688508938,89.40786321681438,88.90905839301959,100.04165987777193,83.16300272314106,67.15195213835766,86.3381099096805,73.05905236923209,74.97010203750192,93.50890666436983,13.379220214830852
854,524.5287021945675,1575.0950264805058,0.41970293210528403,-0.2025582165095601,-0.4126573448609543,49,0.0,0.008684496589133364,1.2855434667796364,-0.2727169139668361,524.5287021945675,1575.0950264805058,1088.2411807504268,0.0,0.0,226.73940849403033,-2.008768548806218,68.59376763653444,74.38864307050198,57.29301936792537,77.15603699311157,79.6401601727433,83.25651558153066,89.17020054285982,83.70519737899778,80.54069876429787,68.8750042669311,67.7489569512766,86.6702704275362,69.58718712647008,86.33527222710175,15.280250242608206
855,1337.6464719661703,1575.7403721494454,0.7789781085929908,-0.2513818207351517,-0.03678993607707301,49,0.0,0.017611096240126647,1.7102748354293482,-0.5826647641668571,1337.6464719661703,1575.7403721494454,1392.314218441587,0.0,0.0,226.4004101021098,-2.008557502101452,102.35776471951033,95.88277434470453,92.79809479081135,90.31392845674988,92.84797600285223,107.76704511993636,109.7989891003938,106.31113504500976,90.68002784205234,78.03914263694668,106.83811919619602,86.90243656085076,110.86071115627186,99.5653075563556,21.350765912945427
856,2259.8838080259243,1574.6637503658255,0.8259039301884522,0.2739067010680327,-0.13358508539369113,49,0.0,0.04733141709522875,5.102147529637565,-1.7693825304223667,2259.8838080259243,1574.6637503658255,1693.7423490234607,0.0,0.0,226.01591048238333,-2.008986659205711,96.64703309244376,98.87593808414542,122.41814282686035,122.33721041905727,121.23488287451565,137.70672135017895,116.41209330829119,121.23718990203878,131.3652176964846,92.91208378844104,130.11202416166356,127.10083228157424,133.35898214758782,115.9004442794315,26.123552810746716
857,1945.7975017962233,1576.5557271099046,0.5045244526653856,-0.22740083240049502,-0.08309173792596225,49,0.0,0.010745556205673357,1.2917585463319967,-0.2779533588470324,1945.7975017962233,1576.5557271099046,1208.08891982306,0.0,0.0,226.1468585280877,-2.008215107962265,96.8430750347788,91.73466841909377,75.67795893363308,77.47034530056666,93.42516156993821,74.49892649114774,74.1019176599912,87.40471305471772,87.71127982453838,70.15980371355278,83.26467055945801,83.49113603980688,110.08552516878278,87.45308499540208,14.766653057652011
858,2774.7754980738378,1576.1176071934176,0.3387310753884065,0.29199217175012515,0.008279875961901823,49,0.0,0.02547867894358928,4.347073876791669,-1.5954925522888772,2774.7754980738378,1576.1176071934176,1780.3426935406158,0.0,0.0,225.8012503158546,-2.008330735177683,113.25639525113765,126.78204919044717,121.5178136993541,114.84427790865843,144.95862312491477,120.83005569519996,147.99042192802588,143.63239506964194,118.3265101213168,83.5861039838112,123.46233096321254,138.2299812582112,116.22404862752278,147.59861139506023,19.103075324101262
859,984.6127362966423,1577.051831883197,0.6301082334852031,-0.017520467190973155,-0.18781092290539436,49,0.0,0.0949547635982968,12.9848939499827,-2.7835960175422225,984.6127362966423,1577.051831883197,2662.655454671865,0.0,0.0,226.54759625072137,-2.007994583115596,191.8705944327183,167.4176753755592,200.18242289386762,192.91267012870819,201.81312569431094,178.3007536423928,205.85617611284903,187.18725598190957,202.90523499364076,128.12089801490342,190.979950257889,173.60670035410465,216.3922857485377,193.8881966513633,31.22151438911048
860,1366.6888063360766,1576.601507083576,0.5381424532003052,0.0544432361829994,-0.30480871457753883,49,0.0,0.06061168040702198,8.815548105535843,-2.363123299191737,1366.6888063360766,1576.601507083576,2306.4833508747083,0.0,0.0,226.38830170854186,-2.008199462813786,160.3032916656078,146.104409550921,164.47973204404593,156.3667880852845,189.80900113674767,163.13441168661927,167.94951217319175,190.9405793953054,176.61163185323136,137.47916337743865,157.63082459113167,172.99488795253615,152.68569526080717,146.81161466081318,23.181807441026642
861,1355.0167330261847,1581.7124405583365,0.5273437979253646,-0.0001325830961840684,-0.2194719014983147,49,0.0,0.0106450300845784,1.1608633186529567,-0.1619527210750809,1355.0167330261847,1581.7124405583365,1203.5004435022304,0.0,0.0,226.39316791363652,-2.0060696134571008,87.64208282455294,77.36285809537905,78.35131153634194,87.65296716631194,77.61624378241979,87.02410789782948,94.38619619915212,90.47478523733267,84.28422800014621,70.08690359810457,65.6023316360702,87.27124707644563,104.90945687503574,98.99274727371093,11.842976303397256
862,2441.21623207915,1581.3363590072818,0.4265588086861102,0.7068654942092859,0.23680190525614758,49,0.0,0.014171548514873495,2.0427203295369574,-0.7755222777497207,2441.21623207915,1581.3363590072818,1266.2821694200707,0.0,0.0,225.9403116930762,-2.0061920020299744,88.9866729225842,72.96945589967439,100.68580683537826,93.37108211005707,100.0383343192458,81.20493775680657,94.65605773551485,97.02616506824735,92.25922821854257,69.24125064682482,90.7149250429894,83.62109116416487,92.74700126187652,92.8610064537567,15.8991539844071
863,881.967704039578,1582.760504975079,0.446887862857684,-0.2195337228214574,-0.30690926600167395,49,0.0,0.01459732342024097,2.122786300778744,-0.8172656907095148,881.967704039578,1582.760504975079,1257.4331212470552,0.0,0.0,226.59038984783874,-2.0056087264084526,105.43441539935469,79.59537964020568,98.77724230890269,94.49413821315258,69.05102201004729,69.80742506465612,117.49352907984184,98.29629139702584,87.7461915012441,83.73039408714394,81.30554267395814,75.76309517001927,88.5079192242238,88.83557784941593,18.594957627863337
864,613.5843054369542,1585.4328769757647,0.5531554336406429,-0.3603883297654569,-0.29279135739213186,49,0.0,0.01181383635058874,1.2075622662118206,-0.20477383442844604,613.5843054369542,1585.4328769757647,1385.1592565130445,0.0,0.0,226.7022801885244,-2.004470983917905,101.72501985954904,107.41607546181149,104.65250058144255,98.17404670735834,107.18252767728198,76.5512937280032,104.62111179042932,103.6637083536514,94.7937431355812,74.3891753896375,72.15477944511835,113.92445233527779,112.8664999061358,99.28798214262423,13.75633999914248
865,1597.477635122429,1586.5107772380425,0.642308686907654,-0.10982225471620241,0.1754701107391531,49,0.0,0.009882847632658839,1.003079530249116,-0.0033384197371033614,1597.477635122429,1586.5107772380425,1204.6567123266605,0.0,0.0,226.29208069186964,-2.0040735039834265,81.83224872415784,80.48720461231505,85.42237297126334,83.13537260976048,82.39727797553974,80.79875919073456,80.46612428256907,89.68246372606818,93.44729234233502,79.99967747896909,79.50161888563142,103.36281487342016,81.69530265565393,88.75058699056764,13.677595007674762
866,2284.994128963896,1586.1941509083404,0.5323008754292077,-0.0366321159033862,-0.2933091087748643,49,0.0,0.031969595857767055,4.573202337381287,-1.650551041973568,2284.994128963896,1586.1941509083404,1636.219828051373,0.0,0.0,226.00544249898422,-2.0041805920201323,89.94565937424463,99.79935698931227,110.09738547426664,115.43932793669478,134.52734606136826,109.97999927656315,116.74929338822,123.4397970587192,117.38275870589148,95.79239476194802,135.4625784340627,137.26681504622456,109.04474834233703,119.41517203779713,21.877195163723236
867,2783.0233335677244,1585.7479103373973,0.6361527813547473,-0.35505928190218977,-0.007985162869517257,49,0.0,0.009734044283183509,1.011330448307434,-0.012232707048580399,2783.0233335677244,1585.7479103373973,1133.300107265115,0.0,0.0,225.79781306280054,-2.0043172248616705,68.23414739045134,84.9794508802359,82.09276369335987,82.24112239856436,82.50584986627952,61.529481157918866,98.0943440728498,81.48860281587645,102.03149237386768,73.70084040951568,59.41717354982967,92.51934754956662,72.59569232161536,75.6937551940365,16.176043591147533
868,2854.093090277922,1586.6392493521148,0.5923489982583329,-0.38387091887493136,-0.22217851497626068,49,0.0,0.012286157300391322,1.202460992180575,-0.200177491917157,2854.093090277922,1586.6392493521148,1418.5396610267258,0.0,0.0,225.76818498131627,-2.0039366700959054,98.29648205870063,94.60185100900075,94.22268529541792,96.19892044000602,94.19011189850164,79.53300852628658,99.18507946077182,115.31709067007152,131.84038375437447,96.57373774773846,111.66278716479137,99.40003763475136,99.13650315108683,88.38930295542517,19.991679259801366
869,837.1146832856676,1587.3530300150835,0.7032731311206526,0.13444070196809244,-0.17262913589037698,49,0.0,0.018730596989580253,2.04055721031794,-0.7743719385684772,837.1146832856676,1587.3530300150835,1236.8828648940303,0.0,0.0,226.60908914765275,-2.00369167747871,76.95704995223201,87.61759270086756,85.2557849773716,88.36741305314655,98.28947939057224,71.20135220309947,98.33559582786023,89.71753632983045,95.20596290674567,72.43307393250669,75.5698585978383,86.51331351225826,86.63476676961814,106.7245871631959,18.059497576887267
870,2223.6175422135066,1587.0440828325693,0.5464364482130436,0.3300512707867076,-0.02734655678670998,49,0.0,0.018674239262894302,2.0687112057790045,-0.7892496673474219,2223.6175422135066,1587.0440828325693,1699.4219316621702,0.0,0.0,226.03103120696912,-2.0038307122531607,108.29553906122935,100.23747617600773,118.22159680746104,128.0751740878328,112.06873946778134,126.11101282646183,127.59246258166715,144.79740368492048,135.13234031934303,99.8585274247483,118.03393670615719,117.40924547093697,123.2557388886074,120.9422347403507,19.390503418664938
871,2616.065053239284,1587.9353958932188,0.46114746048104344,-0.17225823100470972,-0.22213235534190515,49,0.0,0.01946858442706569,2.8227706243580464,-1.1266889730658038,2616.065053239284,1587.9353958932188,1392.7144543490747,0.0,0.0,225.8674173772768,-2.0034252543238007,86.73999458333623,86.03439766320027,98.88817069992088,114.34577275027087,93.36103124079808,110.89864940666749,121.00267308573119,108.43787340730046,101.23657391905269,81.85736381512746,93.77047368306594,85.7046289858668,92.56590168603172,100.50995037229826,17.360999050406413
872,1935.4092876874852,1588.9391864650229,0.93818497450975,0.6264058073324026,-0.14758904508016937,49,0.0,0.012562316682057416,1.0843837785376165,-0.08795753069906595,1935.4092876874852,1588.9391864650229,1091.5520134604549,0.0,0.0,226.1511900228752,-2.003055724021073,82.56484753289531,68.80841641296539,78.5496158884061,86.41659732949068,86.64012723921748,77.79238268905274,74.97763395599625,82.26995554171936,86.19183943475159,61.056783702243976,62.87281725629817,75.39211423436217,75.15213453478057,79.78312998198905,13.083617726286075
873,2536.0467149857545,1591.375064736714,0.39344133823213345,0.3582232635057399,0.23383641608256447,49,0.0,0.007928064640548438,1.0066355949251962,-0.0071807077771845204,2536.0467149857545,1591.375064736714,1130.069906103352,0.0,0.0,225.90077740339956,-2.002000365953909,88.82680176660068,76.64201853229194,75.43879112264264,85.40925784600697,75.55482772893441,89.17287657329419,69.88078269080263,81.69798860694848,72.13452860310466,74.22314076769023,65.38717144149354,81.59888257377654,88.57282754935088,90.72862212610923,14.801388174304899
874,209.0559420737011,1593.837749931292,0.8929629228418746,-0.430767462224271,-0.5392564146818085,49,0.0,0.015922333241428183,1.3419592047911282,-0.3193482839874322,209.0559420737011,1593.837749931292,1573.1524873743851,0.0,975.2052891218477,226.87092289186887,-2.000918121684405,105.21900543238573,85.65422671539783,93.58287186494822,100.56930845213445,129.00471647314365,95.99411425690295,116.79919603230107,190.6783144732553,124.2631207125039,83.85551058551044,122.34448884545212,88.64999571091997,109.0916440179548,116.09254615900545,11.353427642569294
875,992.9812833518205,1594.678430961645,0.3692091074429636,0.3671914137553026,-0.21160721833745064,49,0.0,0.014863482311272201,2.066119472573443,-0.7878885770577508,992.9812833518205,1594.678430961645,1382.6879959129506,0.0,0.0,226.5441061500227,-2.000650782508679,128.04111908337794,84.61887754570273,93.5186501885581,97.8981546974274,99.42615887087325,104.49939693440392,95.1934928167617,96.21159982288543,92.58111885660568,80.04263729852838,115.40173184852299,85.83990647146953,93.70719246928908,96.24621930420162,19.461739704342936
876,1368.9651326852274,1595.2515343106813,0.39346669024241887,0.3040748422647544,0.07042362483440615,49,0.0,0.01866341821743125,2.3951414738159866,-0.9483279274484848,1368.9651326852274,1595.2515343106813,2054.754807385353,0.0,0.0,226.38735220228367,-2.0004286855363937,157.79239314535357,127.0522503587326,147.00755976993986,145.1539174549994,128.23631161373444,132.9339902408907,157.53496120493122,147.5646983552963,167.68196448802763,121.64249308729741,127.63898487271626,150.7585952809268,147.8168537773943,170.13170097273007,25.808132762382584
877,2030.2735420187842,1595.0936256339003,0.528299786959519,0.029552781393480214,-0.2179988049413739,49,0.0,0.02587963145315195,3.447691129888868,-1.3438208788203687,2030.2735420187842,1595.0936256339003,1577.5280892064702,0.0,0.0,226.11163967070763,-2.0004875431915785,116.42297934256422,109.1379849165434,118.31179734913522,122.29314536763388,101.13453061921709,90.03281265957725,119.33009887647299,92.79626180213884,112.58686723642971,91.20648626025813,114.14457083917377,122.43317145138379,129.1023998367005,113.26571663596866,25.32926601327293
878,2516.192785076776,1595.3281259058615,0.5837598360168337,0.03683213423822743,-0.126815368505213,49,0.0,0.21863579269602734,32.71321104741112,-3.786807938707994,2516.192785076776,1595.3281259058615,4840.962553259107,0.0,0.0,225.90905493433326,-2.0003552401039464,362.97385745331803,286.23559478327326,341.0665656916729,326.84419911610036,379.2429677898343,355.5426743101865,351.61073677878176,357.89517614703215,373.8001646023554,273.45059368699543,309.70821432006016,347.28456007179267,363.296470173886,344.81164305937875,67.19913527443879
879,3082.8638033975676,1595.9992401236238,0.6202550503985824,0.10028920111415864,-0.40181610573588644,49,0.0,0.07953265631864592,9.710210552372406,-2.4680716177005184,3082.8638033975676,1595.9992401236238,3031.3136723006737,0.0,2454.8861351514242,225.6728164546035,-2.0000037246595874,227.0284873859519,181.39350959946157,193.24710732631667,202.8639060967773,205.08179613894663,192.51267618720962,230.47955766449348,261.5294395554635,250.1172745670412,179.38823394077832,233.41829131893303,209.10420395022112,219.12958213751645,205.8831336670733,40.13647276448981
880,979.7488684689422,1597.4247888780017,0.6480802408024062,-0.8252247723538543,-0.6429895758805486,49,0.0,0.010732565840016181,1.0232205152770006,-0.024923097593316783,979.7488684689422,1597.4247888780017,1274.3782376174179,0.0,0.0,226.54962272868434,-1.9995056182349369,101.42075550923528,90.852855948604,74.48137414017803,108.47018555403142,98.69614349305198,73.02907169199713,97.03451384583963,99.83127252654961,97.77830465001256,65.15736780236057,84.29228217720609,78.82126725420491,106.56541796488627,85.00348507004202,12.943939989218368
881,1699.4447014715372,1597.6670229811243,0.8035687756677842,-0.01645690419701014,-0.20327407650603208,49,0.0,0.027787038100986514,2.0694438246423585,-0.789634104772649,1699.4447014715372,1597.6670229811243,2385.8212953156362,0.0,0.0,226.24956853542082,-1.999424550953471,173.4882889003207,138.23943288007874,151.95961236910335,174.52257833361577,172.53265898703847,159.294933690547,161.9419839809275,169.80560361675109,183.37704862448578,132.89901141726665,162.31763582980477,187.96642914139434,197.82500894573187,180.76745956513798,38.883609033432094
882,2574.086427157952,1598.6000500450152,0.8643860912802686,0.2864760414274521,-0.053401973555275706,49,0.0,0.02294477548183667,2.256764585712701,-0.8837156450822159,2574.086427157952,1598.6000500450152,1272.8115279631888,0.0,0.0,225.8849193516808,-1.9989861850803181,95.13932794913978,64.61977248784399,98.84801367978159,96.87706739206564,93.62299281427886,85.22380601944081,108.98792108468598,97.60936312359587,81.81621529032938,71.27891334324363,88.49825675266803,87.65284378297184,97.3526845815088,91.00750086714231,14.27684879449246
883,1465.1367311676713,1599.7883152386776,0.9097227946147219,-0.09174340668662845,-0.028851697613705346,49,0.0,0.03125050145682812,3.028962009176169,-1.2032345655468777,1465.1367311676713,1599.7883152386776,1471.598191732971,0.0,0.0,226.3472562751657,-1.9985402282795006,113.23408941211926,98.0097768547621,96.10505942543419,119.89015609487751,122.49315039346095,96.95762242385318,113.08203362061951,99.06785807983758,114.91577036822937,87.6358045846917,84.42518942517975,83.26890663884774,109.61152905019524,122.18815834501747,10.713087015845314
884,502.94036612248175,1603.403885005819,0.6825589192278891,0.040496115246426365,-0.3563243115566333,49,0.0,0.025975874405255967,3.1093282273449963,-1.2316664237962045,502.94036612248175,1603.403885005819,1360.432991895199,0.0,0.0,226.74840531593293,-1.9969710741109907,98.40132638029172,81.82845517132343,106.16844347693171,83.69272315917321,98.07981579380596,92.85925635632995,115.52632365237402,120.61772070351324,95.27504299284598,76.43534131497546,86.12310306871716,100.79319514693915,96.21107461294308,91.22084137330776,17.20032869172698
885,2797.956018209052,1603.3318300472665,0.5437451505512525,-0.13694383688786996,0.11923372982195356,49,0.0,0.015960553641741076,1.7971000959204109,-0.636430668419671,2797.956018209052,1603.3318300472665,1352.051865897266,0.0,0.0,225.7915899956785,-1.996988985603058,93.3672099823246,99.42011360547478,95.8533491154672,93.62966969388904,93.46014774398357,95.04400472932653,101.06929121848941,94.39139813998375,94.18444354420379,80.11960362986761,92.96001165672573,88.86812299475625,113.41070136513133,95.59765636736071,20.676142110281837
886,2244.2335676326097,1606.375233917008,0.9266798508292379,0.0924451251260934,0.21481473286312075,49,0.0,0.012451551075605125,1.0022544904786943,-0.0024450268256029787,2244.2335676326097,1606.375233917008,1161.8870476427255,0.0,0.0,226.022437439215,-1.995774769952897,77.8732058376993,67.55323512602749,97.9336040429591,83.67816881941948,78.1077999272901,66.70535676593778,98.5818127613297,87.1229642674775,92.74642161234647,62.013465431405166,81.42031360358075,83.28862999012787,92.84086942541165,80.71387986936493,11.30732016234806
887,1246.5871462661678,1607.7437893756196,0.417617369370582,-0.06975820927516369,0.2350717226871102,49,0.0,0.010341178652940021,1.061367508593632,-0.06466447134233283,1246.5871462661678,1607.7437893756196,1358.2608997524112,0.0,0.0,226.438373421961,-1.9952198052004286,100.82207249987633,80.92016665949343,109.58502163051216,120.62529978364338,94.02098012799249,85.30655315279574,94.55510942107159,104.12439485388117,97.18533639954433,69.47002471782356,97.42886049052296,94.0668962425024,87.78119732132873,106.65884281568358,15.710143635739065
888,1398.3292399196862,1609.427733876502,0.5916274147601795,0.18676779142568525,-0.10621354271866242,49,0.0,0.15034658886263738,21.466565258692558,-3.3294064025987122,1398.3292399196862,1609.427733876502,3824.0087792712434,0.0,0.0,226.3751094239412,-1.994522616042019,251.11567071235456,250.98503608924005,272.9689231442346,293.79395962286253,253.47252665730696,262.2592580033261,295.28883486237294,271.64646713807116,299.91257411907884,236.94078475878035,260.4395076489641,254.0095194943128,292.13793477046374,284.9617395543742,44.07604269550055
889,2009.0424583738827,1610.4204272942384,0.5325590578722346,0.022343450929951963,-0.08645712811493031,49,0.0,0.03521832566994878,5.177333295950735,-1.7852653100463813,2009.0424583738827,1610.4204272942384,1637.3467812878441,0.0,0.0,226.12049193045334,-1.9941023459297331,124.52074255361737,111.18411217167805,110.69044569733742,106.12381889916118,89.79185958194893,126.69553875344037,143.0487757072682,108.80549042419007,111.7668855131287,99.24102065135952,119.65811266459667,129.10905321182062,119.4972905629312,118.65999075742654,18.553644137939287
890,2393.3406399269834,1610.5336072682305,0.5969728317069127,0.13986586625958153,-0.02678655391097372,49,0.0,0.11840868466024378,16.650694697925168,-3.0535808944829617,2393.3406399269834,1610.5336072682305,3257.5264375240727,0.0,0.0,225.96027383490798,-1.9940308347928417,217.94941469800597,200.17440870623534,231.01781991791123,239.5603192666154,253.43210413214024,202.6103665422163,264.49747676094137,241.53757250767683,256.5358755669459,174.26829819685594,261.47571218865835,220.9595771403827,246.29954130381614,216.50285661275058,30.705093982920175
891,2679.6352164505633,1609.9268092011635,0.6285046711700285,-0.024050213924224222,-0.41503535070735176,49,0.0,0.025557573814495485,3.192273873390066,-1.2602503587955254,2679.6352164505633,1609.9268092011635,1431.784150635362,0.0,0.0,225.84091765785894,-1.9942553912565646,107.12443175200535,93.58757543352303,101.46666796533884,97.4254260120421,87.53110057543972,112.49923390520733,93.77124548096444,111.18853830520256,99.3364714228462,72.83888927128243,82.3270393317805,121.50288380338247,117.30838932214932,123.52932692116335,10.34693113303435
892,304.69547299263934,1610.7286729476898,0.39522362241789544,0.5347666432096134,-0.5023376752851848,49,0.0,0.01500153220387593,1.6794533151350746,-0.5629198399425386,304.69547299263934,1610.7286729476898,1588.9616515233922,0.0,0.0,226.83105027006474,-1.993894152278155,135.54347310389244,80.60517534843575,111.79654438350144,113.67649586579728,116.81934167697766,97.85767388114564,126.21374556301228,101.79730213451103,124.57422119548217,83.35132791269285,109.88150982633361,119.69297531309739,124.66728560381348,122.69298299712659,19.791596717572617
893,2995.0743413151968,1611.0337784738244,0.6208228490789531,0.12340293622028545,-0.23154055209832056,49,0.0,0.02134467398819443,2.4597691976102953,-0.977235896918266,2995.0743413151968,1611.0337784738244,1419.5795161246624,0.0,0.0,225.70941590307044,-1.9937530171295916,86.92699855863208,83.0611589486036,107.73535641832322,109.78834256966104,99.77009210204452,91.74243010072496,106.0502355441508,120.6390038664673,108.09518309108418,83.89646469774928,107.69256772878583,95.61927905703686,102.5873591189014,94.62104302664022,21.354001295857216
894,2472.543564219895,1616.0891621655217,0.7085245301321669,-0.06328823686787037,0.4190687213493729,49,0.0,0.010552656758352924,1.05583697755049,-0.058992169510229744,2472.543564219895,1616.0891621655217,1148.9237346517068,0.0,0.0,225.92725434506372,-1.991709111540282,89.34249214071161,63.384712816174556,106.92725017446057,80.79734229913913,65.57676852840244,63.70643453331989,95.1418912584304,95.77229292180628,85.85661667454232,55.78819295599429,72.5027214840664,71.58056247411321,85.08283131542169,88.29432229743392,29.169302777690092
895,2667.384038096547,1615.6539460320957,0.6537669606553813,0.14048132220800713,-0.21040651973670949,49,0.0,0.028121383484969193,3.4731203352145816,-1.351799577060597,2667.384038096547,1615.6539460320957,1482.5111736054282,0.0,0.0,225.8460257442938,-1.9918705430653647,114.7164044094284,114.50112719128455,120.88254893815571,98.16891582190335,106.81480498758799,86.66601073375857,114.27888826400812,107.1544798844634,104.59388237788623,81.33670492631009,98.2628686605847,110.91974092056697,109.72067811576048,96.15384969399214,18.340268679737548
896,792.7939401228219,1618.0605656272094,0.6104048896728246,0.03408689932857819,-0.2007920051366695,49,0.0,0.03630766348758646,4.97111164259578,-1.7411337918843293,792.7939401228219,1618.0605656272094,1570.5401884087362,0.0,0.0,226.6275641947455,-1.9908934013527533,106.19534011640523,107.38273709764445,111.22910297348821,101.70516363943612,96.27780696715666,105.93800367340617,127.92899865463778,105.1435053179442,128.9382416656834,93.89098275600546,116.23938196803026,105.00051038198431,119.26008014473513,125.62624082613411,19.784092226044663
897,1059.2463331354265,1620.1965604724394,0.6279788147582963,0.08050580100618208,-0.21655938183154352,49,0.0,0.3085405217742716,43.503516623280234,-4.0963109118323375,1059.2463331354265,1620.1965604724394,6457.735865435094,0.0,0.0,226.51647789367198,-1.9900223397352448,443.18936046126146,419.3159967074023,453.62034660531356,463.46333617317737,481.6946043724648,434.9271380622994,487.65428460359004,496.0997461283579,499.02980801311946,364.7446155174961,461.84526065979776,435.238045275549,482.2516005441428,446.8990449965098,87.76267731461154
898,3078.7965260253986,1620.2397691091546,0.577296110968381,-0.012166488398862108,-0.465863954055242,49,0.0,0.0513677502682756,6.337561625717084,-2.004805488478234,3078.7965260253986,1620.2397691091546,2318.811318025137,0.0,1834.4690913015222,225.67451578018319,-1.9899047256387754,156.4646310129031,124.93778740555254,177.66726892274946,187.8303060869753,192.00291505448828,162.18021435359526,163.22770033856003,175.6186896584594,164.14678057480273,130.4479083729177,171.88106250342358,145.59729116943117,165.73375490285466,174.901041884437,26.17396578398708
899,885.8869523421193,1620.888573119963,0.9112903266394189,-0.13270275333475415,0.08171626745063065,49,0.0,0.013873454478832523,1.3261269635533128,-0.3064627636616819,885.8869523421193,1620.888573119963,1206.9980039480595,0.0,0.0,226.5887529889273,-1.9897225442267659,92.25963982232919,85.0305966757823,81.91077473911211,98.65050421731165,83.70836858392062,65.84918234618257,88.86206679287767,73.78719762141245,87.36018693953253,78.8052015249315,98.22036630422626,96.3951821348257,92.23750319193178,77.25479141137943,6.66644164230375
900,1269.7955393236293,1629.8964173076815,0.5764893906193662,0.05222055995083387,-0.15446913632072587,49,0.0,6.263704130267683,919.4983350603097,-7.408877367989687,1269.7955393236293,1629.8964173076815,129143.2704228267,0.0,0.0,226.42869667701993,-1.9859904090790754,8836.534484973461,8178.906665207869,9155.572893890487,9441.250402878599,9339.287990459055,8977.737780920992,9992.038041858015,9591.427673854883,9459.429546437983,7590.323386079375,8867.944099757311,9145.86565749882,9457.324985052022,9364.550528016372,1745.0762859414217
901,1342.3212614063673,1633.1120500124541,0.7253828511901002,0.08780997477135598,-0.4627945925530121,49,0.0,0.015908818427521676,1.5500479620150682,-0.47586284109705695,1342.3212614063673,1633.1120500124541,1301.2906664917434,0.0,0.0,226.39845951584866,-1.9846528082928003,96.9853764217879,89.44273319320448,94.72206245530666,96.3375761182425,76.07042164050553,82.0252661211359,115.65917426953837,95.57793497232069,77.46369152244903,74.61402594364174,85.93997603783941,103.28113937605076,101.18939885802494,95.09427542153188,16.88761414016352
902,3127.0109875095613,1633.8484389177086,0.41578552045909745,-0.49230723701624113,-0.3001798958930388,49,0.0,0.007401493653820797,1.0605938938278265,-0.06387280604999934,3127.0109875095613,1633.8484389177086,1301.6793250785656,0.0,921.5914117978949,225.65441889767905,-1.9842271713607746,125.83943716526598,95.90222627107676,97.97917385217339,129.19185945725306,95.30603521180808,99.27295659893826,111.35526503310513,81.56957440357218,72.01324949015856,70.24437581560227,114.24352643477555,69.30558988479656,71.47086328550179,59.07521447943385,8.90997769510416
903,379.03381386432653,1635.2235697490692,0.7665615134926158,0.42604846163597937,-0.4764916115064867,49,0.0,0.0127816299900407,1.1480777460997784,-0.14992824706875876,379.03381386432653,1635.2235697490692,1192.816155938129,0.0,0.0,226.80005663022263,-1.9836982180137177,81.49268093122615,77.12097167819203,85.13228840416191,106.62834504693737,85.4501741501235,87.35396459135285,77.9458714544391,85.84167916656416,85.44505111628641,56.63893021334977,77.81378590076493,86.72326865402442,87.3752159523271,91.19982419559435,20.65410448278488
904,584.8193165543175,1635.2808126564157,0.7915592371685112,0.6094981120734353,0.030557876393057477,49,0.0,0.018096423325186153,1.8145972131679862,-0.6469505988965558,584.8193165543175,1635.2808126564157,2616.4489777296862,0.0,0.0,226.7142669470524,-1.983698523973996,182.42841085090316,175.06790126199706,153.0197671356406,186.17595638896114,198.21113220617957,191.91140606673093,180.20442092853273,190.68931622890733,200.4285629887011,162.17022421116897,172.65358805729073,189.7294659721059,189.72310942586614,203.42922739971067,40.60648860699018
905,1477.7927883373377,1635.1837081799706,0.6446560331039048,-0.035601118748495114,-0.2531290894111443,49,0.0,0.10843798333012786,14.601552493766322,-2.9109975852882766,1477.7927883373377,1635.1837081799706,2833.3838732207046,0.0,0.0,226.34197925356688,-1.983792326747102,172.19809941621992,184.45437299938595,206.25350469696426,204.0443396856151,191.26773284297798,188.37503052198247,210.11224150099957,209.35236599827644,209.72008135974698,157.2452083969767,193.38599717452638,241.47900614325533,225.4880593595674,196.8128678728582,43.19496525135209
906,1038.8528545239276,1636.5249299072468,0.3349557046284558,-0.15531944798829664,-0.4296690116083983,49,0.0,0.01160842380021853,1.77276258648975,-0.621626443794536,1038.8528545239276,1636.5249299072468,1241.4498237941586,0.0,0.0,226.52497919730257,-1.9832177255652885,85.96651925777454,78.33178950744623,85.44586427082646,100.43288369941777,92.1670185028454,75.16793198014194,93.52298847651629,91.96701089112136,83.74023542799998,75.8129926252489,85.67951978388052,93.35902458707781,93.825677545943,84.01744190622861,22.012925331689978
907,1556.3353631115833,1636.4745558710931,0.4433045146411952,0.1711848026746831,-0.24020116573758052,49,0.0,0.015027116865748018,1.3891353669429172,-0.35686142113280644,1556.3353631115833,1636.4745558710931,1637.0269247082433,0.0,0.0,226.3092335628714,-1.9832551614025002,116.44486842038299,108.62957428650827,113.67151221053565,121.96299604877743,124.15938958101702,113.94468674588552,125.29436211024372,108.86505929573494,92.92145308475813,85.55579738288705,116.81172962793046,127.8361368583517,142.05690405935746,121.31699385905759,17.555461136815193
908,2641.616460537953,1636.6200879128783,0.5960606194490834,0.28719250220255527,-0.16206762033611807,49,0.0,0.13982818494128238,19.607133860152324,-3.231035284565498,2641.616460537953,1636.6200879128783,3713.122967890527,0.0,0.0,225.8567704035164,-1.9831377635343421,235.45761361679052,244.3960996051947,270.2318035619298,265.0964356574431,266.93427909419904,254.84711229877541,280.8708749886332,275.6165266941256,268.2039659366641,222.98223568127918,267.29547339545576,261.05665599071267,285.9213415241166,267.3508281796429,46.86172166556426
909,582.8860680066488,1642.7655373721425,0.5758568772861502,0.16219408042825617,-0.31868641432684064,49,0.0,0.11683864651204512,17.001797024475483,-3.0762370676467814,582.8860680066488,1642.7655373721425,3274.501199443179,0.0,0.0,226.7150721005466,-1.9805797681564843,251.64026445277932,227.5022154436146,215.82890012851158,242.26569611756784,236.3814111427502,235.9828805726477,221.68121556222093,236.74837039911122,252.9883383517953,210.5398304428409,214.15233078605377,232.12049896990064,224.82885444032405,225.49448958778729,46.345903045273516
910,2594.2221195268335,1642.6110131561575,0.6101507060960043,-0.1425057056481415,0.02703071766597292,49,0.0,0.018411117236792333,1.6683019643281276,-0.5556866528831294,2594.2221195268335,1642.6110131561575,1554.4324835862976,0.0,0.0,225.87652942703377,-1.98064666910875,120.8165280081681,114.51400065287851,100.10544203693314,104.47597388287272,105.6032392946214,113.23104289603936,104.86508210365156,119.8275050420491,111.86520248291387,89.811981101951,113.99227992046735,98.72209762910873,131.08947758397392,103.48964396530016,22.02298698536882
911,900.0261320156418,1644.9207540837372,0.5681055541669295,0.20317606183609352,-0.4604320299987961,49,0.0,0.010687233433501482,1.2339198949039443,-0.228217416401873,900.0261320156418,1644.9207540837372,1158.8096139909867,0.0,0.0,226.5828564854077,-1.9797103192362844,86.34965978168722,70.75700924616137,77.29292710551994,95.37153025232885,100.65158946429261,74.57888433318145,81.99778749946904,78.37794069147246,92.35338189295823,76.31593359357196,80.63630660887983,82.88544677995971,76.62574409129753,75.95800255935373,8.657470090852854
912,1693.7977088027535,1645.8954282795628,0.5856556271635152,-0.27302588790451016,-0.15226001568309094,49,0.0,0.0395331926465886,5.655546261393077,-1.8811863979773196,1693.7977088027535,1645.8954282795628,1847.9787241560484,0.0,0.0,226.25192335724205,-1.9793294448155323,133.99426304121772,97.0887949783556,141.0979166582586,140.72882762416697,140.1348947440903,133.32640030775698,146.056056293222,135.45309560374483,160.9487324243384,89.23464139355247,108.88258736716838,139.78628547953957,131.6570845392294,127.48159555422453,22.107548147182737
913,2503.054475956294,1646.3089889940368,0.47520837231473784,0.0515431696574611,-0.10026424871410912,49,0.0,0.02403623388098059,3.62358723758407,-1.3978468034660252,2503.054475956294,1646.3089889940368,1420.5520352561962,0.0,0.0,225.914537195438,-1.9791149366593057,86.94571997658329,96.8539022570388,113.21592312674828,115.10068451664044,108.11973997235098,92.25703952842247,112.31294207562026,101.968148870248,97.16364915283295,88.6902391568369,98.2063058860243,92.02245763056986,99.91906055534196,100.78342887489096,16.992793676046762
914,1586.8710484787862,1648.5707672428025,0.5261439556908156,-0.2877569440479566,-0.10509660835763458,49,0.0,0.018572895898586878,2.3648650495585373,-0.9345159071832461,1586.8710484787862,1648.5707672428025,1388.784773188701,0.0,0.0,226.29650271827384,-1.9782151664148966,94.16867667101187,100.4888071972769,123.79148378263929,93.57694338666856,96.40589915236853,91.19847615381136,101.64990042639423,99.65086612024207,97.02801173468035,80.87823334700047,89.88533065890742,95.89742332392007,96.626309916631,105.5193885888704,22.019022728278458
915,2882.121505469462,1648.8001449789601,0.2227374118211885,0.49639256714057867,-0.1305116191574405,49,0.0,0.00715638866127472,1.0368242856075462,-0.03926290288897866,2882.121505469462,1648.8001449789601,1225.496872043333,0.0,0.0,225.75650874868725,-1.9780336574853599,99.2319896907783,76.68202926554872,86.28766389060601,69.76553503039425,80.4641107524417,90.62859486133308,93.52687303372174,100.27858085611862,82.43377307335194,61.527260824198066,80.08478173551936,89.99536770163746,112.29705516429078,90.93950677905673,11.353749384336213
916,529.563273169926,1651.8123401535167,0.4076302737879261,-0.19997299325350937,-0.43474185764096285,49,0.0,0.021071936433071904,2.772865430123603,-1.1073219833812988,529.563273169926,1651.8123401535167,1590.689757578461,0.0,0.0,226.73730090364907,-1.976804547438679,102.07589431429955,119.86537450338612,102.08165906008395,113.61992296848993,106.16401611878175,103.74583740331741,126.03206743330526,123.71928037577868,111.64848344565952,106.21746156250438,104.68482295715046,121.71142863397088,122.59659049878138,112.2364918705977,14.29042643235392
917,1008.8772427136213,1651.648063269158,0.27934231762309847,0.043298178926903325,-0.17236991925597447,49,0.0,0.010765458402050673,1.7379299694224208,-0.6000806809919632,1008.8772427136213,1651.648063269158,1215.7875366840221,0.0,0.0,226.5374753545657,-1.9769146654457288,75.68839219686936,96.14817751052118,82.92904571384071,75.12008872812075,90.71291375553022,74.08690573317844,98.06200198821455,79.15605008277475,83.94998240880679,71.09853802351543,99.41812919132204,75.50729881120294,92.6225027851348,105.96942722658413,15.318082528405974
918,1255.6134887757353,1652.2138466329116,0.5683003204552323,-0.0701933412214253,-0.15920832779906186,49,0.0,7.360624433449778,1059.9001730149316,-7.563162407618612,1255.6134887757353,1652.2138466329116,164749.24310883903,0.0,0.0,226.43460856630955,-1.976691006951653,11210.373794097171,10487.734608493509,11702.85292287868,11946.095078469629,11753.896385126372,11382.937291036713,12754.536542970696,12168.901587366692,12324.066816588595,9738.868368740154,11513.931728522894,11556.992900945424,12362.679460195559,11676.589284862857,2168.786338544129
919,822.9887271372826,1652.301756009748,0.8010301693584495,0.39172381415894714,0.017512018856675193,49,0.0,0.0161418067864936,1.519331954278343,-0.4541316798198901,822.9887271372826,1652.301756009748,1230.2794122502246,0.0,0.0,226.61497303690987,-1.9766289887701418,86.969005525536,76.80100327465723,97.17719707166795,98.21436422959295,80.15750565684908,89.36783940829392,94.10270722955093,89.2113013638392,96.38282322656457,71.3848303939788,71.00729784840387,92.48674614843542,86.85031750838886,78.79975857431936,21.366714790146318
920,390.26513008376594,1653.8031998922488,0.5711280034564488,0.46921321203909766,-0.33998560136534667,49,0.0,0.01440963565826358,1.487030152421127,-0.4307994369359329,390.26513008376594,1653.8031998922488,1335.7237639305497,0.0,0.0,226.7953720969914,-1.9759584394715095,85.55554224029727,84.53100925131841,105.74938074371134,87.21645238010552,88.2141480336403,86.9780557722782,94.8003959684687,90.50630585582834,115.32616159271558,87.42405692212645,89.94845302703894,105.01399219723287,109.57957077820706,89.95949287106299,14.920746296517745
921,698.2048227106465,1654.3620197462294,0.6143715718956543,0.11799143379110404,-0.3302063795583473,49,0.0,0.056359771117791176,7.382256131968833,-2.170472773095644,698.2048227106465,1654.3620197462294,2008.1338928211737,0.0,0.0,226.66699513990022,-1.9757596044416001,138.40324233416308,123.6970529792698,165.73119256613208,143.2322840563235,125.84212470429668,132.77457237054728,151.0580148481202,156.26809641969163,154.14168183435515,109.71654415786476,122.09784419997044,152.9041255020989,151.1104831973481,150.63933073492592,30.51730291606619
922,1942.9807517737643,1654.5845366132742,0.6388627809790104,-0.10044428177597578,-0.07540388354648721,49,0.0,0.02993569367306758,3.78412950679755,-1.4449149778372672,1942.9807517737643,1654.5845366132742,1511.709747626138,0.0,0.0,226.14803571471802,-1.9757033091406553,115.4860920378547,100.08629727426865,87.59898682697714,132.06958580947108,116.56455226962872,96.91393803818008,109.11673709900549,97.12266321545755,101.1233934296363,85.04037072984164,125.80779867698794,130.67691852805325,114.3323138224729,81.80530159145295,17.9647982768496
923,2228.8510646321356,1654.2755805590407,0.49857177759179505,-0.3107338973737731,-0.3159903875235779,49,0.0,0.012552262946624369,1.3767105326527804,-0.34710658759403124,2228.8510646321356,1654.2755805590407,1285.111897908428,0.0,0.0,226.0288537522716,-1.9758175350007716,91.02404332983652,92.61298047786156,85.18413920848934,100.99088071636194,86.79403166115077,91.27688113044809,108.66667605216728,81.4572772060018,86.98335724629064,87.25791587695979,91.10634011372252,88.36656207894029,91.20445042488849,88.45552432737057,13.730838057938454
924,844.72538282083,1659.2389133657575,0.6194191407528121,-0.281262321654395,-0.19339712436361411,49,0.0,0.030060641006770774,3.8541736773114796,-1.4648282024971637,844.72538282083,1659.2389133657575,1486.4280687515097,0.0,0.0,226.6059104326782,-1.973740293333735,103.95835848763173,86.37146511776625,118.95985453817605,85.85765249316313,94.41784692954577,108.18838490753794,116.48204654609248,108.3850049970556,112.10632060428503,80.97238641907003,106.83198813487147,115.50749870978268,120.6521223530707,106.50277880958302,21.234359703877992
925,1283.2813599803292,1658.6431386488962,0.6370306108783929,0.7098393347319293,0.03774511427450741,49,0.0,0.012197110220499604,1.100927945309183,-0.10439723934890288,1283.2813599803292,1658.6431386488962,1859.6016833060864,0.0,0.0,226.42307327457146,-1.9740131007285313,109.74696126276403,103.57947190198448,127.75292507394244,137.3967385135486,127.88900983138862,118.61323409883107,160.81775366264839,144.83911919514026,153.4366832281421,99.94325568816684,119.38501432022498,145.8283102536293,143.7070370238631,138.10408619453722,28.56208305727518
926,1793.6913765757615,1659.6854306937935,0.9208838201838458,0.6004379018452441,0.4021999379505381,49,0.0,0.012154097216065163,1.0241604104798028,-0.025919959788534466,1793.6913765757615,1659.6854306937935,1173.5276805615106,0.0,0.0,226.21027647812403,-1.9735821185525846,78.74342986488256,86.65313110071806,83.42233110112466,79.2553615312298,72.9885371314139,90.00618207505892,68.66257427345809,79.38347293361451,99.98712159524106,51.183083781004854,93.25972157601004,96.09665239734383,84.63648729498493,98.32452886906859,10.925065036356669
927,734.4934005115347,1659.8201932621262,0.5296599738095523,-0.2276794603053355,-0.2897842161188828,49,0.0,0.010554127589260753,1.1348354277936705,-0.13733221333105952,734.4934005115347,1659.8201932621262,1188.8113604791906,0.0,0.0,226.65186603191424,-1.9734887646621038,78.97803991825032,73.68831495055312,78.75429674655396,80.83948298934607,91.23618990284511,97.47803463851352,87.37117476742206,92.99809203630086,100.9763164216298,68.04795661410311,80.71501857399728,81.88820651460243,85.33451131728508,74.0055763553549,16.50014873243299
928,1199.0814517377441,1661.402216202458,0.7235125209307588,-0.0699153769444553,-0.18593625586590667,49,0.0,0.0440988743299023,5.04947429238452,-1.7581154137119916,1199.0814517377441,1661.402216202458,1820.7671378339028,0.0,0.0,226.45817704085255,-1.972860330528612,124.25261120939001,125.78044225333863,111.48948374494626,133.62832022102975,141.36958470188773,123.8892397714102,144.10589898855451,142.87882397170728,108.63726811027297,108.81073639476818,114.53911914312184,134.32964672314176,152.23992959253448,126.5160722187238,28.29996078907551
929,1632.294546945451,1660.8906444372872,0.43986784007702934,-0.18560645975529128,0.07090194565041458,49,0.0,0.010615278014709574,1.4023481438375371,-0.3671396100004377,1632.294546945451,1660.8906444372872,1244.8830321262008,9.8608501501819,0.0,226.2775650169888,-1.973081842010144,90.45264589358737,96.78435851724402,94.9078043474313,100.93218008855024,86.97857613890159,94.81578880843256,84.90384025213915,77.74677763746944,97.44570533555421,88.26208586542538,70.13698613087476,100.74560506443899,72.4785255115349,78.0818252952534,10.210327239363416
930,1812.6738420633878,1661.3005596624525,0.535891305235561,0.12435474846668869,0.04489534051518511,49,0.0,0.03529527172852879,5.121302311800116,-1.7734510327667252,1812.6738420633878,1661.3005596624525,1647.8765078316517,0.0,0.0,226.20236247718339,-1.9729087473555922,112.67301748636666,96.19531992081872,102.59835360193546,118.58918307499965,125.37852218637295,123.39752416181695,153.6708439082127,128.22020660195545,145.16899652929533,88.30465822300508,85.9105156402214,103.70135568689534,128.2901573178991,117.24311816272164,18.534735329135327
931,2089.9065109135317,1661.4204123887962,0.48989858346835086,0.09222117816250196,-0.08808313782937237,49,0.0,0.143397340126406,23.439596079871148,-3.424875308702746,2089.9065109135317,1661.4204123887962,3949.1305935766704,0.0,0.0,226.08678115962397,-1.9728486582921037,278.9470856947744,267.7369136580958,313.39299421866565,266.55254679477434,265.1113572592397,282.7070355744109,292.4022674948307,288.48067577540684,286.22373612554895,221.6809615041637,260.28922411064076,256.06716192980514,311.7604006573331,295.7205746569175,62.05765812206341
932,1604.4311497264664,1664.6442208026783,0.685195587673108,0.20853980794247812,-0.10227335245853975,49,0.0,0.030117893649692962,3.555910743801546,-1.377377128241955,1604.4311497264664,1664.6442208026783,1499.3895539642558,0.0,0.0,226.28918165338902,-1.9715179041350992,98.1583400179137,95.95714463612326,107.33477402051884,120.61889056382816,97.9780033995342,100.60705585557622,119.55311479513563,102.68100918809048,107.04972432295317,95.54928640555585,94.14778873131999,120.53342610576655,131.83953796769833,96.04648442224267,11.334973531998804
933,1472.6988834067333,1667.8139513598521,0.6480106493387854,0.0959900085433032,-0.13137698832677547,49,0.0,0.011597772570478325,1.1604746788619857,-0.16158917186677002,1472.6988834067333,1667.8139513598521,1211.4243418573656,0.0,0.0,226.3441025438355,-1.9701963329372654,86.86494788559034,74.13687164200874,83.64891297698054,86.49422169944938,85.62928483353937,81.58394209427713,89.89143888042013,87.24549255579416,79.59633778837033,73.00618253681145,87.95142518743484,85.06472358248709,105.40004107049542,94.26271852705166,10.647800596654822
934,403.4829630952385,1668.6139627146247,0.8171806567758526,0.11415984050569546,-0.09779089923836155,49,0.0,0.012851142028774094,1.0803682778544725,-0.08392955949611001,403.4829630952385,1668.6139627146247,1200.399151828035,0.0,0.0,226.78985993742668,-1.9697891866219441,99.25470110725975,76.35740114482672,79.501773037729,101.66707540349067,97.29388088072622,85.69619541088282,78.56660779168644,80.90683095469988,78.29691641782559,76.36276916508716,81.52512827590651,80.1754458507871,89.80885258722978,83.53289374759575,11.452680052301659
935,1236.6690611241563,1671.0828436069332,0.5254429048945024,-0.1270950161938053,-0.28875769029454124,49,0.0,0.12177147334986402,18.8962381307559,-3.190938383228321,1236.6690611241563,1671.0828436069332,3933.1882638733196,0.0,0.0,226.44250599847567,-1.9688282519538434,254.69694821888737,237.5095948855601,302.1808330104556,271.09026582637284,279.6295804076542,291.56608625036534,334.13202826488975,261.9781521442918,288.0735182595812,216.26274845021715,274.76349365882214,280.80207781126217,317.88315471985743,250.56093407660353,72.05884788849922
936,1857.661183381239,1674.7311100714558,0.7269878287598992,-0.17857022130520958,-0.11896625372262817,49,0.0,0.02198080480537162,2.399258752651477,-0.9501927195328073,1857.661183381239,1674.7311100714558,1299.477430199026,0.0,0.0,226.1836070554945,-1.9673115939094963,90.23696461787534,90.21851241651947,81.48040774409965,91.6808353982222,91.99746701652609,120.50212180428734,93.52989649817476,81.50183143504586,97.62627506217859,59.419718865939245,88.00558826750154,83.91353503159475,115.8058275190972,93.69381144862825,19.86463707333567
937,643.1081113951925,1675.7486356945517,0.6782561670629345,0.34181950845315506,-0.25600068251014,49,0.0,0.03875891024364157,4.654398054237145,-1.6696588058674595,643.1081113951925,1675.7486356945517,1633.6732875025139,0.0,0.0,226.68996254011273,-1.9668433777523282,125.5312011672423,110.51519589614682,108.50992669642278,110.75405901447186,102.72031269741201,105.56165131808189,132.53116779358237,120.83329039736402,104.44448335390099,97.09924805585453,114.61231452146689,126.28969687609498,141.07534041163362,108.88324829045087,24.31215101238788
938,2191.734737192509,1678.0518388475343,0.7038654466171657,-0.5559429522272211,0.0693151950357395,49,0.0,0.013419125069229003,1.2474147410993728,-0.24002717985593885,2191.734737192509,1678.0518388475343,1239.8114923467158,0.0,0.0,226.04432926991961,-1.965913220544778,96.67517320636351,81.98556741262323,63.33043402973274,86.82730454663056,91.40138168779347,95.64368752519475,86.84282923132353,77.43673297922169,93.8513668037228,83.04070732963848,84.54354997657339,93.34406883547035,88.32303197484228,100.06167704057518,16.503979767009778
939,2325.219719317966,1683.4456953801812,0.6381931361487874,0.2660898550642349,-0.11909573590073227,49,0.0,0.03753447132394188,4.785436841709892,-1.6998039719407478,2325.219719317966,1683.4456953801812,1570.435003825994,0.0,0.0,225.98867947336416,-1.963656677536264,124.79234508848927,88.74716697931845,121.53876992206523,98.44658397148912,127.62615773830163,83.0839667214372,123.87372459372732,114.61016322511357,115.6580179412421,89.9510753130181,95.84838505860803,113.58989659939866,114.47823179019014,129.63384615226,28.556672731335397
940,1480.7335217523469,1683.6482240713253,0.8345034032628941,-0.4211061896606625,0.00490441268688256,49,0.0,0.015046875483575748,1.429769889687772,-0.38816536694879245,1480.7335217523469,1683.6482240713253,1233.1866936184906,0.0,0.0,226.34075260015587,-1.963598827462503,98.13723278993626,59.76110837920524,86.90110337137614,89.4683479795953,92.52372614982775,85.45127828860939,80.81299755925136,89.67688569650839,108.34434826169905,69.62449062865286,91.9573924003243,64.14854410451883,91.6703720879463,102.26500446740206,22.443861453637307
941,2593.7909834021993,1683.7289756763241,0.6822102439409532,0.17063815284527226,-0.25129409147756854,49,0.0,0.07771029138718673,9.982323584254747,-2.4980791093217873,2593.7909834021993,1683.7289756763241,2275.007264933456,0.0,0.0,225.87671348516798,-1.9635146807871988,167.67164411325473,134.68242583744427,157.37215318400396,169.23651302482665,137.56522334608906,141.35088989966545,190.52627670137264,174.65347426151,173.92305062901005,135.41846974790207,147.519505170647,169.99996774702143,174.50548233693831,161.88845365073348,38.693735283036865
942,1561.7327097190428,1684.9631712860369,0.9400711193879185,0.09657369892437159,-0.28737537472418545,49,0.0,0.013425727083681314,1.0155837876556173,-0.01678939841504496,1561.7327097190428,1684.9631712860369,1238.2361605493093,0.0,0.0,226.30698312195776,-1.9630516000172369,83.95259652221827,84.0562117285225,77.6487289426097,76.7713438934077,91.0556896523587,80.81375424595922,104.08762593339213,96.519513858675,94.08049587383823,77.48844933023881,83.42985358467936,88.9618628942345,86.60509716169173,96.96462957014364,15.800307357339733
943,2841.732097979004,1685.8869001192106,0.3479131712112089,-0.261205629013957,-0.27095567896466594,49,0.0,0.035198984809680436,6.136841467292856,-1.96986226080507,2841.732097979004,1685.8869001192106,2019.7704967898762,0.0,0.0,225.7733511524146,-1.962586808131692,158.33205354135956,131.3882016648426,153.54926218284675,130.38323387756859,149.4409377384785,138.28995898449054,131.86378968371963,146.26322254761163,158.50205662786664,133.00222020334905,132.261212812907,149.9646951973681,142.50694446285485,134.3692669763019,29.65344028831084
944,926.1263026801462,1689.1267904314773,0.31187784566829035,0.41221022877953334,-0.36906510196247405,49,0.0,0.012352485621060807,1.9956387873586998,-0.7502048408088557,926.1263026801462,1689.1267904314773,1217.924120366335,0.0,0.0,226.57197203863643,-1.9612932428206153,70.16371265398377,76.6659485171007,78.6229265801069,98.22524839381552,103.24945618354448,69.42501002881768,80.35313672443814,79.13712440098067,90.72172846748978,71.3428205765781,92.47116667768788,88.05203696436163,99.03770109844884,99.75377507223135,20.70232802674945
945,2817.8404753142986,1692.294194270327,0.5634937940714609,0.01968127976057542,-0.265401425389586,49,0.0,0.6517719866936585,95.836266490718,-4.953824716232083,2817.8404753142986,1692.294194270327,14817.666449711152,0.0,0.0,225.78331186473716,-1.9599202573440277,1005.5744002470739,1036.5803863084222,1092.0334025533045,1091.8824280623644,1044.4003423358606,988.6117399149491,1143.5916101116309,1088.963756324983,1038.763786148897,839.4326747402782,1031.2808826842809,1061.1077291794654,1096.8765185961634,1059.8975859810919,198.66920652238397
946,2496.8044510797286,1692.9515823846552,0.4572469955703432,0.19725487959626234,-0.08132094056165193,49,0.0,0.01951420561874994,2.8929836675889815,-1.1533649545865978,2496.8044510797286,1692.9515823846552,1396.1271363525339,0.0,0.0,225.91714723722106,-1.9596815297577301,81.09904928152199,90.54497057888094,104.12217662363885,113.29126915270717,76.44816477357409,93.15889120629097,94.6215664728896,111.20253259933119,103.55469542501388,84.11030352355493,103.58146418256138,103.50424285748109,120.64765515483803,101.45227814929467,14.787876370954994
947,1090.8521692331558,1694.4867587994288,0.64984769763273,0.6615892464352219,0.388397850880044,49,0.0,0.010884018751950924,1.1550885215688718,-0.1565381704313077,1090.8521692331558,1694.4867587994288,1135.5506289993982,0.0,0.0,226.5032970357677,-1.9590700578000166,95.85484929750191,72.76597217743505,85.31030646366094,85.50380723455686,78.30069609754999,53.12841530761086,89.84681248417007,82.65285412631623,84.00107019971765,59.02550174297882,91.16630548233923,65.81942421496515,77.65958619519049,89.40902991268723,25.105998062717866
948,533.1678340414121,1695.3574474631753,0.4499023373385942,-0.046004282531014774,-0.5366454100516752,49,0.0,0.04009082218537383,6.29631380295022,-1.9977159118994061,533.1678340414121,1695.3574474631753,1919.1963320949817,0.0,0.0,226.7357932838625,-1.9586617082130218,156.99613080870898,124.23909574163568,140.42887129603088,125.76087169784263,153.8571302677476,130.0272434460406,152.2118397434695,145.06878370696126,120.45913020804721,134.8130258283212,120.37361080002609,138.11721994421265,111.34609323916797,152.64659344105402,12.850691925715303
949,254.77166393836933,1696.0025258598546,0.5328800729284159,0.2257312299217859,-0.9498640292173662,49,0.0,0.02121806794466493,2.3472916816141938,-0.9264176492677169,254.77166393836933,1696.0025258598546,1717.4734200356902,0.0,666.3821065760186,226.85185039998055,-1.9583581349413415,113.8821950925805,113.78322384766199,134.98620266611877,115.36607718696825,137.0887572604127,101.52483145236157,124.1297303912466,135.4763104717427,122.0748678791206,107.99853165189225,128.32470231019676,120.2323606003306,113.96618211668225,122.17382947109454,26.46561763728032
950,959.6452422732928,1698.0888122428044,0.6412065238732298,0.202439180436152,-0.31071130034498723,49,0.0,0.018132993346443426,1.8901599977630041,-0.691246419433883,959.6452422732928,1698.0888122428044,1394.4744674421547,0.0,0.0,226.5579973424841,-1.95756139653768,99.83694769459149,88.1993088073697,111.8898263651488,91.86207148632612,96.7741520324527,83.33892761616653,105.69720234028898,112.16881873445506,97.310058285637,79.69773395734038,110.42414215286273,94.95057597001673,102.59104670150367,93.07254046388888,26.66111483410586
951,1506.6407288913051,1697.8166895422978,0.7526097282657663,0.09403074999883454,-0.16820481352700856,49,0.0,0.0444514997249552,5.095104759009153,-1.767882794600904,1506.6407288913051,1697.8166895422978,1708.8676793007662,0.0,0.0,226.32995145599182,-1.9576955915812089,117.12353011649049,105.71665153625845,119.3334215866275,120.79404755864236,131.7343418681411,125.61851012762004,132.28671637422192,109.89756692703612,109.97191831538828,101.9799440004221,123.0517801295625,125.88925400148614,133.21610455611696,122.24799997076585,30.005892231986397
952,205.14012248756126,1699.6930179380909,0.48038174958917457,0.5427180302807291,0.15817320038747604,49,0.0,0.010775351855486486,1.1284734259063436,-0.13122834114826884,205.14012248756126,1699.6930179380909,1467.24633497274,0.0,1077.9665018782339,226.87253968806397,-1.9568134630037828,111.51926241663065,95.56140894023031,98.29091225921806,99.34972220346489,105.59741431075783,109.22169037794619,97.04351760122208,96.56824237581088,121.65803282957498,64.56290540912642,114.0074922214382,114.80779185744285,104.01583962611014,111.81177811861033,23.230324425156056
953,867.6524038600675,1700.3973175662318,0.846068328647638,0.5217143476332878,0.06755285112619,49,0.0,0.015562842984280683,1.2872596880506164,-0.2741654226428013,867.6524038600675,1700.3973175662318,1312.3966173939486,0.0,0.0,226.59634892685514,-1.9565929898200116,98.6527435721257,78.50061815173163,94.47019555628037,116.73113094797537,96.77154451823165,85.70838462083044,94.67864965561888,94.48135255006278,100.00490660924646,81.34207809414255,76.95151513381812,96.84647562645553,81.35248573786487,97.72286553972083,18.181671079843664
954,1907.0761081372752,1700.2888179509964,0.7899352479803302,-0.32951438302055436,-0.03392884945729925,49,0.0,0.011858976416389534,1.0621003912988705,-0.0654139221049777,1907.0761081372752,1700.2888179509964,1164.8685960307848,0.0,0.0,226.16300627902865,-1.9566611300495864,73.86404012167199,84.60260302129512,70.04654031633041,74.50436581119752,90.2677372262753,71.64886763390027,85.51334324191691,89.2347055033623,94.06531556809551,66.69680847355738,79.88247947764737,85.15108785825619,91.82631498972299,87.5128350886014,20.051551698954174
955,2323.3024450259363,1702.1150759369125,0.24381328292422558,0.17460206025632466,-0.18235223419193122,49,0.0,0.011576391247563626,1.992338925678836,-0.7484080503691838,2323.3024450259363,1702.1150759369125,1328.3222898416684,0.0,0.0,225.98948021212522,-1.955878024234693,82.97861346429963,82.50090165494038,108.59035850689956,82.25855820988278,111.86055884761757,108.3498268596457,107.1466787732316,93.21735770069091,102.49306200670759,71.97002602280223,85.32096433591676,81.62785595388561,101.7593807684738,93.93141848150916,14.316728255165366
956,893.1648080494141,1703.3417507889246,0.4794895036288767,0.02358030076669997,-0.13832422220984583,49,0.0,0.014847664360998896,1.9251015159508438,-0.7111340900071684,893.1648080494141,1703.3417507889246,1247.4149447133145,0.0,0.0,226.58571263159513,-1.955368061202648,95.42277579758156,73.69437353437473,84.59528743885149,108.26668010201715,100.9529434716201,80.0495817450774,102.17044282143087,84.16475260564872,100.4032435372788,62.52371300391218,77.28981205616581,99.17309304560038,80.44612409660817,85.48763988191165,12.774481575235605
957,2744.749088357139,1704.295919257603,0.5459462732321587,-0.16398300323283546,-0.2306560620075846,49,0.0,0.011540947191032531,1.278634796813323,-0.26686629791077615,2744.749088357139,1704.295919257603,1308.1254463332832,0.0,0.0,225.81378363294584,-1.9549286629486728,103.87954048910834,95.54566557457011,74.33243031712232,73.51853451792272,95.26411324473308,89.05035203935861,99.00560544354364,100.9261974514268,88.62705992445456,84.07211653371283,103.54193420963479,84.67093469028016,90.19737553877845,102.1498092208627,23.343777137774048
958,3039.1834471294223,1704.0101668199802,0.640051242774323,0.30887837825571773,-0.6641924861837916,49,0.0,0.03878392742686978,4.409135433586066,-1.6108835976871143,3039.1834471294223,1704.0101668199802,1970.6700865604148,6.549095292188657,683.3572222002111,225.69104207730382,-1.9550083956746975,162.16934596056373,129.66583566843394,147.04198221232718,137.70042017280392,139.17964389410696,130.0675232404054,156.4627629239937,134.88623650253203,147.65266541202988,95.65090074952872,132.24451375795866,136.27768629204465,137.78436437892378,152.0031678447245,31.883037550038008
959,286.7322619614944,1705.3206472878635,0.28424779125486077,0.12258815786709437,-0.39168755236694575,49,0.0,0.009210420277209414,1.2303880483099707,-0.2251052596173839,286.7322619614944,1705.3206472878635,1302.2105650290373,0.0,7.4835450901066,226.8385256566343,-1.9544801666942262,97.43327507626819,74.41956075950554,91.59584199049095,96.67724849056837,86.77748369206114,89.24232615348983,98.82484365007527,94.725878393921,116.18561467557046,66.6804580914797,85.29899140911891,101.44354904425268,93.38035339871671,94.44473973204967,15.080400471468963
960,2616.473611691617,1709.8560265538842,0.714992455447102,-0.23311980809733263,-0.2549495527275579,49,0.0,0.1068758730750827,13.273582249870813,-2.8074703631899425,2616.473611691617,1709.8560265538842,2763.8939707502204,0.0,0.0,225.8672601520357,-1.952626345355681,164.05544039922893,184.47191031279786,209.6252065478454,198.12815497431524,181.34872595773913,212.8106731330888,250.3678683501,198.52222150570623,207.90513667784586,178.901162421838,183.29867631600587,174.72284237846554,188.51316535300282,198.61441926201996,32.60836716022105
961,2739.5862000151824,1709.8081691081986,0.4624517642763145,-0.8940241012774641,-0.4255915346900689,49,0.0,0.010589282573822956,1.2607676234262983,-0.2515876189633132,2739.5862000151824,1709.8081691081986,1419.1824420506628,0.0,0.0,225.81593660428445,-1.9526325820345811,83.43321975066402,116.31477993835709,93.6631704099081,91.13081639414838,99.51277810733912,91.28429059683575,102.77388643928887,113.90119069979905,93.51468641889329,81.44584141299961,119.93164160241982,110.52053990471708,94.82460514898428,107.47733479170088,19.453660434607386
962,1647.1696674973607,1711.7600043932632,0.3466400258245085,0.032608609225497937,0.5802648922822538,49,0.0,0.008900445981009128,1.0385064283465764,-0.04102297289711416,1647.1696674973607,1711.7600043932632,1224.2436719841623,0.0,0.0,226.27136362545366,-1.951886224163716,94.73635939884863,78.13844853726499,92.97233512891972,81.1436032511165,84.11862035872922,79.3231587695123,93.71346050650138,78.6051722799753,83.24437641824494,78.50869552060581,84.978348570331,91.01094112276218,99.79140926303123,76.58075501327309,27.377987845046018
963,664.7616721147773,1712.38716319359,0.8674660245052586,0.034331554787993,-0.39425346396036304,49,0.0,0.012663254965756487,1.0208120268603766,-0.022364445293048624,664.7616721147773,1712.38716319359,1271.1568063026286,0.0,0.0,226.68093170755338,-1.951579818372778,99.80339002116591,76.44880659742945,83.24734816428843,92.78146186288447,81.06791325107014,93.87968224928822,91.64358381309168,94.7741361636094,103.86145136364543,84.15173990884519,75.54975342526632,100.3061836512858,83.24570448383429,92.12055884995041,18.27509249697345
964,2839.829467683515,1714.9006584674444,0.7964115923345373,0.4735744663218499,-0.303073825727889,49,0.0,0.04081416730988855,4.241309258209665,-1.5687498512961715,2839.829467683515,1714.9006584674444,1763.438358275873,0.0,0.0,225.7741481188744,-1.9504984851322955,140.91333583508515,106.03936401511302,129.79381307249935,135.12671351380172,122.51811127120187,115.71702934936545,145.63864555992194,121.3414252548304,147.7452980183989,87.15982468289778,127.85027566128822,105.55234027441331,125.02829515595174,131.52935057133686,21.484536039767363
965,363.30595206412244,1717.7042414670793,0.9970554202627521,0.1646557015837611,-0.7833827421329398,49,0.0,0.014541514602404597,1.0636084456891748,-0.06695444307991072,363.30595206412244,1717.7042414670793,1203.7693081095006,0.0,0.0,226.80660251761333,-1.9493306465511304,79.47644879351662,89.2308463775457,81.3031428849547,85.98251521065689,74.47544789309995,77.64444232237017,108.12978988552395,96.26260663049895,78.5616079074446,59.84554154919326,81.33890664118465,96.15442606229978,97.45733238569345,89.93130085838438,7.974952707133653
966,1894.1329930443433,1717.707059811833,0.6392916943436519,0.3090621604211511,-0.2207298004389273,49,0.0,0.02362598398428967,2.760834945594854,-1.1026011086299767,1894.1329930443433,1717.707059811833,1443.9511259599744,0.0,0.0,226.16840290377934,-1.9494039524611009,102.65520464832522,103.20635324446926,102.90300408358806,94.14806322205277,95.80911477416822,106.76302250579664,102.52960296470968,101.1833319683207,125.65408434522179,87.01289697576078,91.1716454601527,97.91410545869269,100.01694567817208,112.22662069125376,20.75712993928999
967,3081.196349736308,1718.5316802878544,0.3742447046186775,0.22455966006710396,-0.12956794197880891,49,0.0,0.014228864061229493,1.6494845942486631,-0.5433706592607886,3081.196349736308,1718.5316802878544,1601.3096860280384,0.0,1302.3402295989927,225.673530759739,-1.948951777928018,91.84378833783805,108.19551384115567,103.01989854598054,108.51522519857309,102.21668335868931,123.47249969097102,105.50238434369467,135.06015480667276,131.9574457187393,93.44154487165008,105.53982820896721,129.50092718616793,122.15065808343297,121.5247296998051,19.368404135700654
968,2074.6715505693282,1718.9463984473132,0.4922495814101523,0.18752094252984866,-0.032123020318067366,49,0.0,0.021806256552286546,3.274975586119736,-1.2880201670385882,2074.6715505693282,1718.9463984473132,1430.2465077746365,0.0,0.0,226.09313563138554,-1.9488804167642222,96.9500651401406,91.82976749876485,118.07385044892195,113.93689312661866,104.2997656893607,105.50761880761442,91.63572515058647,122.06751697585928,89.84706936432016,67.66629684152369,87.09839491495164,106.69031070068358,110.17561374752509,105.37268928798565,19.094930079779754
969,681.7508157973945,1721.166145520038,0.6151048956352398,-0.0316903322641103,-0.21137238688224907,49,0.0,0.03488307139327204,4.351615951260537,-1.5966264000846313,681.7508157973945,1721.166145520038,1722.9586950968342,0.0,0.0,226.67384826077864,-1.947923619845994,126.67752356914275,117.33089306536016,136.1858429677967,134.03890368116652,129.60552831387685,92.7963595421165,111.20696155194005,105.96198787459215,135.5529110615164,106.98227528934362,122.98254981293468,112.11726649367952,143.66969402871666,125.19555134332668,22.65444650132463
970,1185.2287598517555,1721.7501616496,0.5990258219786246,-0.0033332783382554413,-0.20380838843324828,49,0.0,1.0127309858260447,146.89766602120193,-5.417537238928238,1185.2287598517555,1721.7501616496,20005.08555768771,0.0,0.0,226.46394971676358,-1.9477148890777196,1323.194492989844,1313.904023109213,1445.7457654967257,1443.2473508689054,1473.7740673001153,1359.432749422033,1535.0490540115998,1485.0624891747284,1428.6720147950837,1171.4002277198906,1380.7768486208383,1426.2216536116894,1514.9203893262936,1441.131808845687,262.5526223950617
971,1879.007246954286,1722.633770802294,0.8420987754338771,0.053234350751962575,-0.4838071027233717,49,0.0,0.018126542384038952,1.5187755910028948,-0.4537340219036372,1879.007246954286,1722.633770802294,1347.4580642552228,0.0,0.0,226.1747090631048,-1.9473516082464306,103.73515918373394,81.40621812542909,100.89569584117098,92.21484247701025,75.16975808818206,80.57590084817956,114.06835786001116,86.68539907280854,107.99681063113786,83.88732119760101,96.1270171719074,98.54639832783093,97.19361200143621,111.75393178310873,17.20164164567492
972,1920.0042737871042,1723.9152960473086,0.766095637593589,0.4871573142297787,-0.25672712054257063,49,0.0,0.011881889649025264,1.0604511546536934,-0.063726673284419,1920.0042737871042,1723.9152960473086,1226.4906203267444,0.0,0.0,226.1576172285784,-1.9468163783505847,76.16339025600698,67.39963976334465,85.57752246456346,93.58741473554734,100.29944982232581,83.19938040277813,97.37039084272361,95.37270507918662,83.86892150482862,74.11806738747165,82.12870659039966,82.46479006834973,88.06934377549068,98.84651704378462,18.024380589942982
973,1580.46498804694,1725.8301525474926,0.6858142965196053,-0.12867812896863892,-0.11584851754555643,49,0.0,0.04804455037539745,6.0904637067572525,-1.9616258989135975,1580.46498804694,1725.8301525474926,1732.3050120436064,0.0,0.0,226.29917333790365,-1.946023758572313,115.66471211092795,103.00971692422222,121.42233236502413,101.82751902771885,140.2133810614052,136.94557928547738,142.7540260728926,132.0916552283366,137.73640102327943,104.32285412055973,105.17254478498865,117.74485478319647,122.85822613617809,130.23113332511815,20.31007579428103
974,1388.0912947150803,1726.711709921703,0.535922367889766,0.23441130171973878,-0.2600075619666961,49,0.0,0.012379019485664118,1.546392420545709,-0.47329928096038304,1388.0912947150803,1726.711709921703,1126.5633871286611,0.0,0.0,226.3793751754805,-1.9456541418810542,65.08968582479804,54.31964060056498,69.32174281084117,80.06125000925071,89.33845308652596,74.41781689875071,116.20224047643033,92.77694174319976,77.26804156601736,76.41927745301456,68.08238646712448,84.60902541732275,94.58522308940819,69.35023973814155,14.72142194727058
975,937.5427961954067,1728.7833226853036,0.58473058900114,-0.12169352958784276,-0.39497198248327026,49,0.0,0.04198624648560641,5.883200461766146,-1.924034116530251,937.5427961954067,1728.7833226853036,1803.5382033033775,0.0,0.0,226.5672097106986,-1.944770682463584,131.367487208384,127.17492962012157,131.11830856347856,114.18039760738083,125.65688719377573,129.7682165506993,126.78184240228843,132.46341336143487,125.38000017023049,103.618513819622,139.97018357528117,131.3910567582233,130.06905894763415,126.86053620365254,27.737371321170478
976,2043.8098399788016,1730.788285021323,0.5035802336549219,0.2917301858270136,0.05023113852036237,49,0.0,0.010850246061609814,1.244216902891923,-0.2372402425223072,2043.8098399788016,1730.788285021323,1214.677303076005,0.0,0.0,226.10600252705942,-1.943947786781142,73.96384329971794,89.4831577898257,76.12039049917618,89.62471429220513,85.79530723823899,85.64026063315275,97.08835125793237,90.35654248127719,95.28900098770808,56.99425528001967,83.41733762285828,99.27284729313305,79.03556226823012,98.50141664783627,14.094315484693315
977,2543.7907935208336,1731.4830751521656,0.6163933095245615,-0.2934834283694574,0.004588572892523436,49,0.0,0.02126642909803984,2.4965827447454663,-0.9933649113481856,2543.7907935208336,1731.4830751521656,1445.1978527639858,0.0,0.0,225.8975628636727,-1.9436226494506768,103.95548014126703,85.04182648667043,100.53305768767748,113.2026759637495,110.25132931423794,96.89684896867254,110.08082409520661,88.89096643679184,117.88961836800337,73.8797812032569,77.92205153531458,111.40409928489498,121.56806667378638,114.10222166690085,19.579004937555407
978,429.1294406661527,1732.5755894224512,0.6334195916606311,-0.06211312790394381,-0.22569880460162559,49,0.0,0.011147651118537286,1.1999785239545957,-0.19793368384515828,429.1294406661527,1732.5755894224512,1194.4735940787705,0.0,0.0,226.77916045691452,-1.943142656256852,83.28866852140467,67.1193654749491,81.29485106827823,71.74014258340415,85.15420994413378,100.42786739000833,88.2696886872956,96.72881576180635,84.17413590983917,73.94419995067364,79.4858405992415,92.55505140494405,91.41769243397425,80.44344306373691,18.429621285080636
979,1030.5619919538187,1733.0870162189208,0.5551270179832861,0.04134378796537579,-0.45693815219048317,49,0.0,0.016834959449535038,1.930881290345317,-0.7143889359597093,1030.5619919538187,1733.0870162189208,1313.700722958499,0.0,0.0,226.52842991375283,-1.9429833935292287,77.31840288972515,77.6006400324032,89.6431225605623,102.96801933204978,117.42309862643924,92.15627165325073,117.76191643202745,91.04276005049891,105.09454878253783,61.34521295909829,84.53270605260316,97.41333098662923,105.50419174324676,80.3824897812502,13.514011076176782
980,1961.9267208620117,1733.1588858259624,0.6201260311628031,0.5838067412604924,-0.04711509601210624,49,0.0,0.010071030379270386,1.081291752906618,-0.08485722651593136,1961.9267208620117,1733.1588858259624,1124.5895008885993,0.0,0.0,226.1401399217458,-1.9429634291898428,79.80149766010382,77.2186512797411,95.67000227077239,74.37947785507262,73.96832019555403,58.07912974055853,92.15271887180444,78.68659921637118,76.87298095652305,59.050059333879105,87.88758468723657,83.17181366082647,104.51978830691698,61.34106834908718,21.78980850415192
981,2605.6712272308337,1733.6104315518614,0.39053687172893126,0.052142074251342166,0.04821217064468943,49,0.0,0.012596514701088444,1.97322088937268,-0.737939261110755,2605.6712272308337,1733.6104315518614,1230.1860470845259,0.0,0.0,225.87176604137915,-1.9427300767403994,91.2070573183579,70.80044333864481,80.79663182974016,80.29490732119417,79.06937206225994,88.59360323280342,105.51891049781376,98.16875105914336,81.95499499116104,64.69624035673681,84.54707542842661,83.70069137492894,79.21800844729731,114.21823116302701,27.401128662990907
982,2640.9589265202153,1734.1605142695016,0.5838886657409245,-0.11664045151888915,-0.206901694096746,49,0.0,0.02831070027564785,3.7903257457119577,-1.446691338565293,2640.9589265202153,1734.1605142695016,1482.689118623624,0.0,0.0,225.8570552591275,-1.9424971729655898,104.62587615459657,94.55764123280409,120.57998896122243,102.86833145685893,103.02632114297566,95.17354078624744,114.62950423248401,127.8816391941642,127.94608197062756,78.47647288646118,84.36412523436238,122.36185955165638,88.98665497009165,102.77477198699013,14.436308862081145
983,2824.2251107927677,1734.5646809890482,0.22381769302925797,0.519941088618057,-0.39876921813191585,49,0.0,0.011519625875991995,1.4293887107160534,-0.38787586932352547,2824.2251107927677,1734.5646809890482,1628.8850910293759,0.0,0.0,225.78065572438808,-1.9423074568282066,92.40402335858616,104.12308663994915,117.43192344545793,117.39692769294945,110.88379041406878,105.99252006894699,121.93479734840774,134.19115432239676,118.7506641693517,80.6927797185935,134.2373251026082,116.43086183634881,126.13380242183452,129.013682328066,19.267752161810243
984,1232.2545779848015,1734.4811100382362,0.3780098246406059,0.5235664205177708,0.04817346077776145,49,0.0,0.009508311679022446,1.2121654640283803,-0.20890476576729602,1232.2545779848015,1734.4811100382362,1192.1396952841076,0.0,0.0,226.4443439701344,-1.9424122492136178,84.41091329839074,76.52230453051912,90.62406801990383,98.01875672342969,90.12254695777746,63.505636624476736,92.09731912018711,83.89338106442733,75.60654184816892,73.22643571047604,81.87104696227749,87.56952547562392,81.06087312526112,96.89106538781614,16.71928043537206
985,2582.0765304709507,1738.1091589175364,0.46570202809409583,-0.24639184248804438,-0.44681811304814595,49,0.0,0.00973650308685381,1.1418221549320344,-0.14399616356968586,2582.0765304709507,1738.1091589175364,1136.0941594714636,0.0,0.0,225.88160276792675,-1.9408580655154575,86.0490502212608,71.80501119930484,79.46740185512101,72.8337660127863,72.16848052919158,70.35546753868648,88.04315346743644,81.98108628633798,82.19204221817132,76.80125615793587,90.33594327249611,81.14431041061056,88.94258286726004,80.04771150567362,13.926895929190575
986,1314.9903490010522,1738.764516175786,0.44548722827570025,0.15468212462203462,-0.1160319614057105,49,0.0,0.06937346082500635,11.916737668973548,-2.6903934475963656,1314.9903490010522,1738.764516175786,2542.5793795741006,0.0,0.0,226.40985099552975,-1.9406302814319671,155.9096104345484,134.97092361937032,176.69887221340758,186.95867877205086,199.98267304721338,185.90642715683987,200.56218403983183,189.5415311291577,184.65939265279172,147.35360783288536,178.50504401519825,176.3156168427841,212.19399719364927,180.09263477615536,32.928185848216614
987,1611.50359364056,1739.0281396840587,0.5878720957590771,0.27858762991855546,-0.16057300640307323,49,0.0,0.026146749383185442,3.223533781907144,-1.2708305646980307,1611.50359364056,1739.0281396840587,1541.097571219033,0.0,0.0,226.28623314325205,-1.9405246167794115,80.89147932418635,89.2817131819956,136.1197027552526,115.37397726346867,109.23892660460271,117.3945373585063,106.70305585153469,109.72706774324215,112.71557757522991,97.93372668371563,116.80617511695571,113.04364855282091,105.7068525130745,110.76811417531735,19.39301651912972
988,2936.97629425465,1738.7034364864962,0.218368310021962,0.19625997045564877,-0.5428361650963371,49,0.0,0.008850072324180582,1.2070307429750824,-0.2042958292085828,2936.97629425465,1738.7034364864962,1316.8642093334515,0.0,0.0,225.73365374328432,-1.9405682285704244,92.26266991720864,88.00075928060701,95.38984666936017,91.48739970287743,80.02977220820588,92.60291584533101,98.07644384938669,89.09915223937753,105.37071487639196,64.23263427644147,101.142492330189,104.00289846023074,109.283687159354,91.35975411825794,14.523068400232294
989,2270.447446705713,1740.5345038046444,0.20182346029628837,0.024349087632711288,-0.17388603312338746,49,0.0,0.006318926300764146,1.0323818849269681,-0.034600938572256254,2270.447446705713,1740.5345038046444,1075.3980275091913,0.0,0.0,226.01151811683826,-1.9398739405288263,70.33199975231523,63.75186497762358,72.52863112184285,85.50563982658059,89.30284512220308,68.69911419897802,82.40033210127092,76.35550639715032,67.45335728886354,53.86888783058009,70.49604139083478,80.72374542575608,103.57849986338348,72.14641581132693,18.25514640048176
990,575.7853249447413,1741.7684415595463,0.8837229967234453,0.36350909100509254,-0.49331729201519303,49,0.0,0.025944881537911225,2.4460950177564307,-0.9711833076355953,575.7853249447413,1741.7684415595463,1285.1983182109243,0.0,0.0,226.7180216178622,-1.939328965189948,81.51509102051737,85.69444932316361,101.42173556271112,73.35721070720571,92.86746561926824,79.46296552663549,101.84070920059912,99.17303663282371,91.2634338428212,91.20625593920953,97.98982962137785,88.27614734643903,105.68279119783887,80.93259349798763,14.514603172325923
991,457.1073223441511,1743.0259180097735,0.8304373190667461,0.39458818479638813,-0.24090885006915597,49,0.0,0.014892351955546838,1.2699812485181807,-0.2594932714347689,457.1073223441511,1743.0259180097735,1275.6792739690168,0.0,0.0,226.7674958672478,-1.9387918363420877,93.39410493445936,93.93303409033919,84.15912073258204,83.3089545718173,97.06389843790272,81.81617036612926,78.50277973112867,93.26500458639488,98.70963872577587,62.395153708873316,96.34554908016207,104.81772524099162,89.08659533656478,105.9409218067803,12.940622619115446
992,2614.6407480659896,1744.4179049406446,0.4233750418541888,-0.026381560605010103,-0.14885371174971776,49,0.0,0.037168787369674626,5.958366480416266,-1.9378180294767164,2614.6407480659896,1744.4179049406446,1814.4624275845958,0.0,0.0,225.86802795437893,-1.9382261592651022,129.59028415180865,128.34795248061482,143.59610896188025,135.42667263444974,133.99676216260798,109.66489356069073,130.20491615023667,126.10985316811085,126.69506120238694,106.67068306110409,120.39619391448895,123.08574480912498,139.61617416580603,136.6635794981806,24.397547663104625
993,2765.817538408176,1744.6208494797456,0.2373498859701708,0.9008760583477329,-0.6934065079601461,49,0.0,0.012389085494487952,1.2542043432854075,-0.24592075098833668,2765.817538408176,1744.6208494797456,2758.076678616688,0.0,0.0,225.8050055923355,-1.9381247103579196,211.73347985451247,184.5105689982829,190.07083226825188,211.93337301889775,215.87741822394327,163.0125148203442,213.92364830694908,194.3100903570675,200.8607218875593,140.44000693995508,195.76569564484862,192.06781431814824,200.15730527995714,205.86696267698838,37.54624602098181
994,1526.687542029153,1745.1653436880893,0.4120249967543098,0.5232626195832786,-0.263008474061885,49,0.0,0.008891303798148037,1.012814403454096,-0.013824672283897659,1526.687542029153,1745.1653436880893,1188.1542965381382,0.0,0.0,226.32159337450534,-1.9379671780700287,95.01436194698209,78.01155962748706,67.21200495817448,83.99542005969022,93.21502640623905,74.86686944739711,106.63851101263829,86.27207829051828,67.8103925307976,66.51646016465101,84.06067931175478,87.84287416604666,71.89016039845161,102.62555168256455,22.182346534745335
995,2763.280151707997,1745.4372987423403,0.38614344315981525,0.1425102962127694,-0.10969253904812841,49,0.0,0.03967872957009538,6.2240706304531255,-1.9851862809060417,2763.280151707997,1745.4372987423403,2669.452732345563,0.0,0.0,225.80606346594254,-1.9377848385523009,206.0838345818596,172.1927174740793,182.5884475649861,210.16408515554068,207.8315498435578,154.06014899554748,198.27374895753104,185.95660443742054,188.14660366510464,154.25218392050778,195.3292112292473,184.1327660080775,191.3610318202464,201.02194792718498,38.05785076467179
996,1919.6514375320457,1748.0891756126084,0.3903357867265439,0.5400166122951713,-0.06699684506057216,49,0.0,0.00913335187856217,1.1398556189657283,-0.1421246111097439,1919.6514375320457,1748.0891756126084,1195.2979874857292,0.0,0.0,226.15776514381812,-1.936743977104429,88.3646468693212,71.69265306745004,97.52039211400427,88.95821711034367,87.20522591187655,70.46391460309013,86.78911352996577,96.44615848831386,79.40193549869453,64.93014123455336,74.80375616318449,83.85183261493727,88.50261250721248,103.10791741431584,13.259470358465768
997,1970.9119399951933,1748.449706849574,0.5360907150741553,-0.10920339015990825,-0.040399484189729086,49,0.0,0.032045725858530376,4.766302322798256,-1.695453964601687,1970.9119399951933,1748.449706849574,1595.4574165656632,0.0,0.0,226.1363945541591,-1.9365919455787826,109.91910402187503,104.5243285760561,117.69912217985014,133.20384024179862,124.11134864158967,106.03947203445645,110.65889401111876,111.50411647323665,118.80971454732352,87.69235474767693,96.27858695790167,99.34689444047572,129.44448854110453,117.94960274816381,28.275548403035373
998,2210.3538367257643,1748.1613516837513,0.7265804970065963,0.3745560850513932,-0.5177593691724225,49,0.0,0.012512751266005677,1.1364474641415303,-0.1388734097415661,2210.3538367257643,1748.1613516837513,1225.1376882102018,0.0,0.0,226.03657141487068,-1.9367000684330742,77.55649907978496,85.38209123983415,79.13632847624746,85.31291469027288,100.69095269682155,78.94623077568099,81.51371597268972,87.30522783747116,83.348650217378,81.08676620004127,81.08150545011716,92.89390156438066,94.35241069534608,88.80443345152185,27.72605986261379
999,2794.3883444900553,1748.3452108668967,0.381298153210689,0.006765752471838404,-0.2083840961941606,49,0.0,0.010603941241931371,1.301707857107339,-0.2862838156446233,2794.3883444900553,1748.3452108668967,1548.2415870472423,0.0,0.0,225.79309562958557,-1.9365694979640011,92.82330978213514,103.38740163536215,105.61556549139776,116.31339619682737,128.31402182719404,94.0126427096568,108.21077412636907,113.35850000544197,117.90485603258298,81.66534510052419,109.66919601237967,113.27092037093988,125.18947106326794,109.78668948031248,28.719497212851053
1000,2481.9832098145253,1749.1364844455684,0.7463842749695426,0.006982814115102922,-0.15211706102234876,49,0.0,0.02945613047340461,3.2999591348034287,-1.2962714045134605,2481.9832098145253,1749.1364844455684,1418.1503605248763,0.0,0.0,225.92333134715412,-1.936273019628508,96.87361053690329,108.89229288559297,90.41858411347292,96.05585349584021,105.23567404283207,109.98721933981818,105.79814982420847,95.75828285790891,103.8999927598683,64.71238605854529,83.71579434211284,93.61117056376247,113.51254135986504,122.07369977095868,27.60510857318691
1001,1401.7709877405885,1750.013352689595,0.2816444550066979,-0.3661275600592198,0.3319138113254718,49,0.0,0.02560083320211928,3.742694651805931,-1.4329609914801904,1401.7709877405885,1750.013352689595,1943.0331809209338,0.0,0.0,226.3736715407394,-1.9359454334604054,139.73134755352046,120.90269293233223,113.15768756496414,151.61999576057937,142.3068742432738,128.3753930393134,152.84679508071957,146.3657868435807,138.36447629690076,132.74140872328837,125.2658698866527,158.15839030545595,129.84588196413674,142.60816082845355,20.74241989776212
1002,2104.6733131772526,1751.5145002696681,0.5624540297763818,-0.0686282493462786,-0.0815609867585557,49,0.0,2.282985326043954,336.9853713281806,-6.319027620951765,2104.6733131772526,1751.5145002696681,48401.80452305216,0.0,0.0,226.08062956184386,-1.9353089655786448,3278.8797867733083,3152.7503121785976,3396.475640011775,3490.2692306420486,3444.9991811922528,3315.410651436533,3724.033797627859,3705.1523825110703,3594.2781466777324,2821.575100565747,3338.8171393945636,3465.252450910923,3493.825286353457,3529.467014500976,650.6184022753243
1003,2363.574832420542,1752.2109382156414,0.6625436630468887,0.18946502297179887,-0.21268785241327576,49,0.0,0.04652021830529017,5.931171820444017,-1.9328512632909995,2363.574832420542,1752.2109382156414,1810.1852551859868,0.0,0.0,225.9726948075028,-1.935001992074693,108.63501325232944,119.19308992202912,152.69610706350602,123.38586821615247,105.6174433640483,135.0362896967616,144.25587864641642,138.18562373886107,121.20689317749085,96.19893142704706,122.6688840709046,120.70368134480546,153.28788647113186,138.84531417581226,30.268350618690192
1004,2679.5685879904877,1751.6578217064482,0.711854241749471,0.04775907668206515,-0.2349267360229483,49,0.0,0.014140198215306128,1.5157063404828703,-0.45153766837594833,2679.5685879904877,1751.6578217064482,1212.3525828737838,0.0,0.0,225.84096161155898,-1.9352026560388293,74.62527497316148,75.55312246355602,78.86011139689268,90.84095798853303,74.4459307240235,95.0835739002654,99.70647107687253,87.42702595374348,83.94318187594718,76.05828811786867,81.76458459816844,76.94069075366106,106.88614450186375,95.01295150038263,15.204273048844009
1005,1084.5565395581289,1753.5027058455676,0.7663295940778746,-0.4064970648255708,-0.3749412492116307,49,0.0,0.026088582124125875,2.697807970858785,-1.0775275837210914,1084.5565395581289,1753.5027058455676,1474.1275343785521,0.0,0.0,226.50591849103324,-1.9344799387678373,105.5054199054033,103.19118057058533,108.9876057905285,108.63108400859812,90.4828883036588,106.594852185486,108.38088085127232,103.59990679271783,102.26187430466562,83.10495248238854,103.51834336540273,122.62025817692353,111.18259198896132,100.10564996946829,15.96004568249191
1006,2061.7658559606643,1755.3452423345616,0.5557497197408022,0.2311578413023001,-0.1222175826515228,49,0.0,0.012637866344454058,1.4785374875971258,-0.4245808508164431,2061.7658559606643,1755.3452423345616,1244.723545186442,0.0,0.0,226.09851782803568,-1.9337149546707308,78.02394774370444,80.59625325513846,88.00693921335133,72.6945390090218,86.19334788547567,98.71406598059465,100.88131476144028,96.5063114889257,85.48514187170902,51.57798030856789,81.33651394768134,91.43932766797904,98.97341187096632,111.17390467268618,23.120545509199847
1007,715.3963134111909,1758.127016950663,0.41716842897890677,-0.17381759502397995,-0.34295143058105304,49,0.0,0.012741017366030309,1.854163447297388,-0.6703700380197947,715.3963134111909,1758.127016950663,1162.7530922522587,0.0,0.0,226.6598183466524,-1.9325267191778543,89.97291817061213,76.91889255147613,91.38619727658781,86.15983589917316,79.95431968543382,77.62956549608063,93.06842745047084,85.40960213176953,84.14334200971693,66.93787293328184,73.55129597321624,84.42946420494039,70.32937528941716,91.28545464081554,11.576528539266615
1008,2049.998876700443,1758.2556976352594,0.30944883479964747,-0.03223652258348043,-0.13276431094296337,49,0.0,0.02613941795636852,5.0730847927019935,-1.7631803031889515,2049.998876700443,1758.2556976352594,1839.7506905703465,0.0,0.0,226.10342361113172,-1.9325028211987714,130.29190046795244,102.77993553101578,144.87372389779028,119.02847171986285,127.1151795926773,126.03960398394467,136.00274437824606,135.80675444233123,134.94136644759445,98.62164901949339,125.5981343250053,169.39574544695148,132.41953674000143,131.0154679350611,25.820476642418733
1009,1220.3105788503258,1759.3276539448107,0.4392739729202662,-0.37790281322669705,-0.37826824150433597,49,0.0,0.008572767800311293,1.0536598795104473,-0.05675110904626398,1220.3105788503258,1759.3276539448107,1179.007450917854,0.0,0.0,226.44932245921459,-1.932059114651832,79.26437285327889,73.18145922790295,91.8299793386577,92.27894768788262,97.08340241306857,79.12161842981162,82.18177969784844,70.87044300019306,89.00502367857928,53.57381431067936,81.39825279135549,85.43095480166784,90.00708443791788,104.4546297041421,9.325688544868086
1010,2796.3303138660067,1758.936207436592,0.5000691429320363,-0.04429072970182464,-0.3271956788613989,49,0.0,0.2503659160194613,39.947440998972965,-4.003722409962267,2796.3303138660067,1758.936207436592,6532.986383331638,0.0,0.0,225.79228741445047,-1.932156517545628,422.01906289490154,460.0754826899049,458.7737053409284,518.83829412968,482.406115525279,444.0888184186949,473.0837578553975,454.91319519552894,502.1657647215295,346.50580508037797,460.0170705811146,444.17557057485175,466.67075803148145,506.99266958725565,92.2603127047112
1011,3140.470851799495,1759.2270433814724,0.8730413640859581,-0.1307788242702181,-0.7395739780976462,49,0.0,0.012765412656278152,1.0521413871915128,-0.055185261025230636,3140.470851799495,1759.2270433814724,921.7633790332933,0.0,689.0800561756656,225.64882837550516,-1.93198722873021,53.61383423829513,49.34236519876397,46.695648509687345,57.25337092779222,83.36455445984507,50.74550277193035,67.7568120655873,68.93337705004653,66.0062404616485,55.89207188408433,89.21747071164964,65.17157402350512,68.69832787231113,99.07222885814664,0.0
1012,2044.1604194262013,1759.5655122092107,0.9229767272958999,0.14836799462316622,-0.06841333639271885,49,0.0,0.01895874011180385,1.5852551445965128,-0.5002479281709984,2044.1604194262013,1759.5655122092107,1816.7097845118587,0.0,0.0,226.10585772022904,-1.931957335263157,129.882659731246,121.35376085009136,139.75571409171394,131.425604990107,129.42571279930922,115.9815636275888,127.85381392416673,129.09418529723942,121.23407385252604,100.81774926679849,137.92598890962074,152.39232104038106,126.5013252394977,131.4012819919674,21.664028899604872
1013,2982.885073685723,1760.064833491881,0.4676190104781737,0.21597397701533932,-0.6986571505380004,49,0.0,0.02139271778206865,2.904997102117104,-1.157864258739128,2982.885073685723,1760.064833491881,1485.5295224575789,0.0,0.0,225.71451911300323,-1.9316617004753325,99.60934985500214,89.97988478038316,98.29707988271477,125.9408641162845,122.61428202386978,92.33081842674856,105.78020939925,112.34381857239285,101.44312176914733,96.19509531420718,103.91457369468878,110.70983440417706,99.70909780941864,112.38473059465431,14.27676181463971
1014,1487.8875958060814,1762.323525520344,0.5797931538677399,0.007984247519831355,-0.09771031005536346,49,0.0,3.018851199197955,443.4605247447668,-6.617137416402788,1487.8875958060814,1762.323525520344,61103.7684036853,0.0,0.0,226.33776905007412,-1.9308175761208752,4115.443901312928,3950.622666442584,4265.772606644117,4450.27845268632,4438.689814557845,4171.48738170013,4681.934758565606,4494.368825730816,4495.189378394778,3548.562191353355,4229.97828878165,4487.366372084702,4406.93380105205,4557.179166118001,809.9607982604127
1015,1150.7492481340064,1765.6759685753318,0.5144088198859826,0.2191834154432042,-0.06779085571120526,49,0.0,0.053844164301231116,8.296147668289015,-2.297191184318032,1150.7492481340064,1765.6759685753318,2024.4014699254863,0.0,0.0,226.47832224725704,-1.929411050882493,149.02124038789503,132.77392546118375,140.4195373147681,154.0240095836532,147.67932270323087,136.61553266136616,142.56746790403884,147.52766947026547,159.1679804268598,112.04753325540314,160.53335256462773,130.96217334163754,139.37717650443653,141.14436675241146,30.540181593708393
1016,1612.8465024715474,1766.101118828498,0.5958650193811593,0.038058550668298115,-0.06448727406697168,49,0.0,0.1101303160068157,15.96969232714424,-3.0082413727020856,1612.8465024715474,1766.101118828498,2922.656083474657,0.0,0.0,226.2856733124757,-1.9292442210696124,202.54608214157764,192.26951819947237,221.87328340361344,239.07892002973614,214.06664413136258,175.2791979484868,233.10238747426854,202.1630352248333,197.6882382800808,179.73263207533608,205.2547649542563,216.963020227048,203.2847400961083,209.83325128695935,29.520368001517518
1017,1200.5609761024655,1767.7510273759865,0.4802571795332384,0.285558387811396,-0.23877002157762947,49,0.0,0.035863779418651015,5.682234994596535,-1.8862979761187317,1200.5609761024655,1767.7510273759865,1667.241488524517,0.0,0.0,226.4575557130077,-1.9285486080973888,110.59784386137615,121.45400488683178,110.92978446593433,117.60293357175793,133.3851544202019,108.63448353645808,96.39512508681612,136.81351823534942,123.39614937486866,100.19962027699735,108.1371865665996,108.16604106701851,147.93082314542522,126.06290297949295,17.53591704938911
1018,2102.0465121589195,1767.9700710204804,0.6760237485734961,0.1042931415835238,-0.2115483653343972,49,0.0,0.08973534830901195,11.669834508155724,-2.6676617432187424,2102.0465121589195,1767.9700710204804,3028.1093253716617,0.0,0.0,226.08172554460094,-1.9284526678735532,214.01732603570827,214.4640641975464,220.06877187724012,214.27230263831433,198.10063421571098,191.52566730696637,221.09297676526938,226.53085256211298,242.12869767401298,176.94977290048396,205.78757594720233,199.48838566339668,220.5571971323635,240.80807563686045,42.31702481847272
1019,2913.581164240916,1767.9978898305556,0.4305006404856027,0.3587458907840955,-0.5169587752415028,49,0.0,0.024332455238117272,3.5156313210604724,-1.3650083124603523,2913.581164240916,1767.9978898305556,1775.4606458915573,0.0,0.0,225.74341046564908,-1.9283659602753334,125.80920008640656,112.84844306172249,120.71607919620575,114.44249150858485,101.67252416831192,140.52506121855996,136.9864032384167,161.52502108535023,148.58644865686745,109.33003515866541,109.32348462446751,128.23190887695858,125.94105798241357,113.61922694000924,25.90326008861677
1020,2068.4355894472596,1768.574785180454,0.644770792674668,-0.0046022820244154125,-0.0773758260766196,49,0.0,0.039112616240590974,4.979543306661528,-1.7429737843632587,2068.4355894472596,1768.574785180454,1690.7841000189906,0.0,0.0,226.09573787726245,-1.9282023677003093,117.15499299446299,104.93419756249668,103.33604195198652,118.30954231380309,115.5199884607228,102.72171770418697,124.24418852378138,111.48000573737588,123.60962599433233,77.81580585931106,139.342039395196,149.357124430574,132.2383450374671,143.6815161605927,27.038967892701194
1021,1312.6544551426236,1771.462448663085,0.5498440664138056,-0.13797949980505472,-0.1822341547061134,49,0.0,0.14028940576907215,20.628994762096006,-3.286195163981424,1312.6544551426236,1771.462448663085,3831.3928949212955,0.0,0.0,226.41082384290272,-1.9270061213169418,260.5772758087781,238.15245961971715,274.69409229672925,287.559903559335,285.6164530027181,300.7744418652676,284.30718608140825,318.91962879356714,272.34001532443585,212.67352526531522,253.7981708042372,285.14163783969445,253.26312107841892,261.52857577502226,42.04640780665101
1022,1469.457627116463,1772.3988376280843,0.39679277636277727,-0.3155873396018888,-0.25192605575752336,49,0.0,0.012476203316603507,1.425276997725764,-0.3847481904985714,1469.457627116463,1772.3988376280843,1596.5652338461005,0.0,0.0,226.34545241508022,-1.9266193081470688,121.40867800868273,103.92570251927555,108.17100713269606,108.67292429946012,118.25661669054394,122.3297122869509,131.53065348728612,111.43571940204711,106.87445096658834,101.59101402201316,109.04975697938391,123.579364491082,99.22296869246694,107.29991054756397,23.216754320059472
1023,1836.9956818111646,1774.3037750790406,0.6686314081699211,-0.09253610645005697,0.12392045592788883,49,0.0,0.01839966446600644,1.9030767277250342,-0.6986407460142408,1836.9956818111646,1774.3037750790406,1305.8152686400558,0.0,0.0,226.19222522130988,-1.925823611385854,80.10749114572371,80.99853693306693,91.44175419700758,91.48426216591305,100.45365546095654,93.13183256172185,95.5893470406691,107.09581542095579,96.49852954143772,60.23830903766229,78.66364351923005,107.42503617047028,95.94783853494366,107.79681467616314,18.942402234133958
1024,610.7866450104972,1775.0668894728976,0.5965884725142357,-0.3595756890868852,-0.5516039678096187,49,0.0,0.010316604458375527,1.096342286676392,-0.09986541367155999,610.7866450104972,1775.0668894728976,1144.862977324148,0.0,0.0,226.70342668168325,-1.9254586069103443,96.1995022738842,64.68030186195224,85.03387064477536,84.57574045616079,81.24488770393494,75.51666149645668,77.54821568026267,72.75160638130575,91.83135380347797,65.83681026895951,93.54910201966217,69.68247414663881,86.60867195247835,79.40079540627471,20.4029832279238
1025,2274.1828864421987,1775.0492458500798,0.637479397869052,-3.899218671382372e-05,-0.2096097622373459,49,0.0,0.15328762551481456,21.839336108851196,-3.3480985804291814,2274.1828864421987,1775.0492458500798,3396.383359944529,0.0,0.0,226.00996328855155,-1.925492732149969,238.46469315535296,208.21094164869265,231.34260630745513,244.8404355257708,235.34883738722607,215.77044929635935,251.79667771299236,272.9304603463864,254.35546735696263,186.1933963167673,219.98824624497564,262.705381536808,276.3889664504909,239.59535679771656,58.45144386057219
1026,991.7585302248588,1776.0554200294914,0.6962042308148353,0.029255940892267563,-0.2129537756352302,49,0.0,0.016592856757884657,1.7649350193776907,-0.6168218008744724,991.7585302248588,1776.0554200294914,1230.3609493665124,0.0,0.0,226.54460425217667,-1.9250777395137333,81.23188793911477,87.75137531782705,80.3399234017728,96.83788338651519,75.35919676254126,65.94862159311025,99.06788348506637,89.08010386583284,109.68660220599799,66.96218001188817,83.89213432892319,86.20506755614758,90.2781888259976,97.47180967035331,20.248091015424077
1027,2205.1530691570974,1776.7978275362948,0.38090622865542073,-0.6754235150718086,-0.29491207552979704,49,0.0,0.009922578815580112,1.331813645167684,-0.3111086504164534,2205.1530691570974,1776.7978275362948,1188.5583892590312,0.0,0.0,226.03874142783036,-1.9247686591686848,83.18175825272073,83.30212596630297,93.03211773543363,104.39239854883587,89.51718114190155,73.33636828454726,98.60525852117158,89.83486929322756,81.98627023285461,80.90876194700655,77.82481465476683,72.66577883774661,85.5548687791615,59.417526203680794,14.998290859673183
1028,2849.5307944171045,1777.434703665188,0.5784635697359167,0.2317006517193122,-0.4374930302616039,49,0.0,0.013401845698856907,1.4551034430500467,-0.4072346708459535,2849.5307944171045,1777.434703665188,1318.20389012918,0.0,0.0,225.77011214987817,-1.9244424933138042,91.89568587896582,73.01543668962307,91.51945598515292,78.19731056695696,111.7194679627577,87.95967823074452,102.96707679939723,101.33878847431131,80.42797645836919,80.78798329476736,95.3927789147244,79.888413152959,115.99146619994153,113.01022781230306,14.092143708205953
1029,673.2738867228876,1779.2297002186078,0.608025017075709,0.13795026316515252,-0.14695462521418967,49,0.0,0.026030406154310164,3.25695349006811,-1.2820288919978475,673.2738867228876,1779.2297002186078,1493.894407160705,0.0,0.0,226.67737650159464,-1.9237302454588476,110.04169293952097,100.02734802306259,105.96203687484663,125.14387580119393,83.67056383022857,99.09488119411063,103.08459282572397,117.35139483343926,118.2142187756556,88.54101727248077,95.63074643239378,113.082008269318,124.87169939811893,95.44268978707267,13.735640903538744
1030,1117.5881521047831,1779.36468476177,0.2414655601879649,0.6267485985598982,-0.3217705692257743,49,0.0,0.009288689523243177,1.677342639196386,-0.5615544679530992,1117.5881521047831,1779.36468476177,1156.498273025819,0.0,0.0,226.49214634011378,-1.9237058848030992,66.83294050241622,62.39976703813931,87.98226832884593,91.39781444287426,65.37691257723343,79.64492450704869,98.83483058226635,81.2189804214128,88.02675002254043,62.34914719079326,77.4765325611504,71.83006608749162,112.70693773476671,96.74735509417258,13.673045934666776
1031,2102.268732430359,1784.2232766064083,0.3110053655883256,-0.27744202802362716,-0.22755292175885405,49,0.0,0.008246771748312853,1.2660512553283687,-0.2561282204744369,2102.268732430359,1784.2232766064083,1252.5320372818442,0.0,0.0,226.08163376427214,-1.9216805436967757,83.75579771568546,89.7928870489257,81.4399605236385,108.94177326124932,90.8593496626223,78.32336865937637,85.91165261434243,90.09937957725481,95.17406995880913,85.97282543773754,81.3000351643463,86.70341151804931,97.54160522461976,78.23807636856101,18.477844546626336
1032,2714.0899866644113,1784.376956494808,0.4739907035091844,0.08622098314297655,-0.21719635606700527,49,0.0,0.06122675698175651,9.453610255415882,-2.438994234125162,2714.0899866644113,1784.376956494808,2367.564021756163,0.0,0.0,225.8265742648145,-1.9215662764831054,175.6819077222347,163.47487305253384,158.10990365777704,156.31944236948496,164.8410610144079,180.34523824762735,196.81550059491394,189.5876763574119,155.9278616395083,149.4662590123774,143.81952194143597,163.719703908238,180.8358672155426,166.8811875873466,21.73801743532276
1033,1493.623506438491,1786.580971902498,0.453273496426205,-7.187266012465933e-05,-0.18265714760368493,49,0.0,0.049968938432727865,7.915866246605499,-2.2462461184430467,1493.623506438491,1786.580971902498,2472.880126488314,0.0,0.0,226.3353774585637,-1.9207103903536242,202.01162516381925,152.77319107347773,169.69771055921638,163.12033805904593,177.2868749752422,163.64078277328275,186.91172929788598,197.9950552614393,168.20184547164376,165.05214161047553,166.80339183866903,178.71618046026623,179.28006231075102,166.02834949245937,35.36084814063935
1034,1702.841215151866,1786.7407132062388,0.28399106843789157,-0.33011726308644335,-0.1985877541124427,49,0.0,0.008991649477056664,1.3994040092472038,-0.36485778454385415,1702.841215151866,1786.7407132062388,1178.6051861824199,0.0,0.0,226.24815450684085,-1.9206438798265324,89.11103174443014,70.0141223324139,83.44979207359128,92.96040214380052,92.35344640822359,88.55669960691802,72.77164902432216,91.40949739023594,83.6128622235592,54.391891993360176,78.44413209444016,83.95082608749462,88.47039185613268,89.80955457334835,19.29888663014915
1035,2084.9268402783678,1789.7408146872242,0.3661855779116286,-0.1523257557453936,-0.3397907505197886,49,0.0,0.009105053521943794,1.2430610925517873,-0.2362311834426674,2084.9268402783678,1789.7408146872242,1192.656130284517,0.0,0.0,226.0888638019855,-1.9193824573675347,76.32659252742089,79.78589964967748,83.6238131061408,92.98927955953815,98.22613961113072,83.53307816181011,82.92739965955235,76.81692000211325,81.77849854327755,81.71880842904434,83.52380765730672,85.46998669681975,81.26772844591264,84.95778728539523,19.710390949377118
1036,1767.4396563812327,1793.2445428126587,0.48425581999708056,-0.12239793647375341,-0.20904220254579645,49,0.0,0.0383955986013846,6.216723435872121,-1.9839038682168064,1767.4396563812327,1793.2445428126587,1669.4526698395698,0.0,0.0,226.22122352576147,-1.9179330742023344,144.21882179696982,104.91636448598604,101.57142205544025,105.95577896754892,134.71972042672792,107.51209716989666,139.21137596357752,113.67455635357355,111.49559180225828,91.48530891701182,102.6501510222044,119.55989599632828,125.16230693094838,139.46408734888388,27.855190602214318
1037,1524.5474258639729,1794.8173209160925,0.8181060228250858,0.3976223867141292,-0.14698618999070262,49,0.0,0.04196242099942304,3.4979612171008423,-1.3595374750547085,1524.5474258639729,1794.8173209160925,2750.5887606197525,0.0,0.0,226.3224852002464,-1.9172788726090901,201.0393516377302,185.45508070734928,192.27046804926277,191.78480659426987,175.6798057836994,184.85110156938495,199.10952463186533,209.77220075227888,185.0233015273566,167.50093558070262,185.45481560372855,209.1904604692055,216.30339725142068,219.0367707884006,28.116739673097385
1038,2068.18442491099,1794.2892797593308,0.34661310664300843,-0.18083946236315374,-0.4616269064245698,49,0.0,0.009040195052989019,1.1839431016676027,-0.18332707854842642,2068.18442491099,1794.2892797593308,1197.6900759631155,0.0,0.0,226.09584385921076,-1.91748808756923,72.16604773790954,91.58873366481419,74.28738637259346,83.51577819229863,79.88130760050333,102.56693470100251,91.17813274673615,80.01963340212852,81.74092594752967,70.56484626449515,78.52945020952156,86.96382517241156,98.28158665545436,79.86675288026618,26.53873441545072
1039,2430.49892406952,1793.787877610966,0.6082337147039382,-0.19252566182874767,-0.26036817884993824,49,0.0,0.0714937812213733,9.895288481811154,-2.488571149775046,2430.49892406952,1793.787877610966,2279.481454294256,0.0,0.0,225.94479846379923,-1.9176731536974319,148.7379698185214,154.76159506704914,178.76279096894527,167.06589476117287,160.61339462648561,139.12561813034728,160.59632059715543,161.5579730095816,168.0417594714599,139.20410062922326,148.06176509227822,167.21984441197935,161.81955102565823,192.94983480783458,30.96304187656385
1040,2866.4841910943014,1798.1766144459002,0.7039479643436221,0.3185957018728379,-0.473176155653947,49,0.0,0.04742141733683668,5.3556236641677035,-1.8220251296262542,2866.4841910943014,1798.1766144459002,1941.8620179711725,0.0,0.0,225.7630476226715,-1.9157982428722105,122.36488221973076,114.6099756959897,145.44804514550216,154.97513914658782,142.07898693176105,150.352529293756,148.7048571671754,127.13856142726188,154.67701913918125,109.05084435876896,136.32657956251632,132.805237721806,148.63499167228798,133.81615884797856,20.878209640868477
1041,638.2081582105833,1800.4459042253454,0.528613594857493,0.00553148120720367,-0.07333895062817965,49,0.0,0.03605259127901776,5.220151608534429,-1.79420779093179,638.2081582105833,1800.4459042253454,1589.52234915312,0.0,0.0,226.69199259881722,-1.9148870224542813,97.03112808905334,102.42915028670404,115.07921949160709,113.26902748243464,126.83331380681605,109.02374493791959,130.56739448415294,112.7084140004801,133.8508928481171,87.81987413502466,91.06719109108266,118.08734500266522,126.66386774179352,104.92569779306291,20.166087962206113
1042,2991.6876216708956,1804.7660206752987,0.40272932560970304,-0.9540733828398421,-0.6549855102614786,49,0.0,0.013357532217128775,1.5461916092522128,-0.4731582803667831,2991.6876216708956,1804.7660206752987,1466.82545913398,0.0,0.0,225.71085625237248,-1.9130359454666004,109.55029054485767,109.5418861725866,103.89392846269197,108.63171310023367,116.95895533183483,111.74203507954331,109.08655791950181,101.57172593681204,105.62913700240438,81.66063150529953,85.03961895324093,89.41707469879648,108.78278471978032,105.81291985251627,19.50619985388021
1043,623.5907400889897,1805.247298071682,0.31502010798631974,0.18965756710808887,-0.35740885180659016,49,0.0,0.05507181543578617,7.633010756763514,-2.2067396860207245,623.5907400889897,1805.247298071682,3818.934065165009,0.0,0.0,226.69808578708916,-1.9128850608145445,250.04060119003725,248.2723742764651,292.69720560091946,266.81382801514656,271.52856865419386,248.6376943632885,298.5227057445318,278.32422147852344,275.7576578551905,229.11403619319424,278.94027452368545,275.2352741030145,279.24710955925775,269.3125303390884,56.48998326847234
1044,1586.9823225125401,1804.964367578227,0.7296117253155416,0.21804511826198356,-0.1625749595824824,49,0.0,0.027024549625467152,3.2679575981899025,-1.2856910322950588,1586.9823225125401,1804.964367578227,1330.8639241302817,0.0,0.0,226.29645610282606,-1.913051228717002,89.43853808560891,87.66224354096312,101.19558368576517,93.86423325427398,83.17256658650743,129.57825079898865,82.4697899311611,89.09868448918876,114.90618202229717,76.64172234776328,86.09432227231605,95.28351098353929,99.03393725027446,91.05399827566197,11.370360605972262
1045,1810.9849768955705,1806.9128729417582,0.4081122744775201,0.42491906680038083,0.058317637250532094,49,0.0,0.008320052236787872,1.0611369852897659,-0.06442862967626957,1810.9849768955705,1806.9128729417582,1113.6462517814334,0.0,0.0,226.20306982863298,-1.912237121518388,81.21398218501682,70.88473519157903,72.04085240732705,66.21130638406413,88.8067270389177,65.0931432510361,66.14840052896352,75.43227335175192,73.98748097659669,59.6521998376975,81.43208118998587,86.86167095266222,96.59265550179666,107.57225053043327,21.7164924536047
1046,1361.4728679596972,1808.5088569394143,0.47800006317990346,-0.7703361526928516,-0.3461879694663814,49,0.0,0.01051945738327534,1.280012560945586,-0.2680355786559781,1361.4728679596972,1808.5088569394143,1165.6183923466724,0.0,0.0,226.39047048179114,-1.911571481722003,81.93020267236525,62.29801989661155,84.35458786057443,89.03197557968888,86.34575601970138,83.99836999168568,68.42381557481204,73.84204826986141,97.51742180902272,76.63515759285715,79.66922413820538,87.17887947124521,89.92527040915738,92.61089046083569,11.856772600048274
1047,2117.792135765828,1813.3881950108698,0.42620387848949254,0.013183583538312196,-0.20162865740715988,49,0.0,0.014410288564250277,1.9479823934179985,-0.7239625681173183,2117.792135765828,1813.3881950108698,1390.6025931713993,0.0,0.0,226.075163730294,-1.9095278016376238,101.76782436012411,93.62862877779867,115.21156219351728,77.50852440014788,87.19635594588942,95.98714797221169,98.76306812710182,90.22556760288722,116.9923515382427,87.57307013044829,107.9095418849681,102.71070424978754,92.48946015022028,106.40251160772392,16.236274230330416
1048,668.5962397018781,1815.0314626050194,0.4637020466419603,-0.3272928674253357,-0.6780364054642631,49,0.0,0.009414699177471786,1.1239721050095182,-0.12688883237359838,668.5962397018781,1815.0314626050194,1095.6846108063464,0.0,0.0,226.6793230006163,-1.9088127755012112,81.245962388757,69.03823483534279,75.55854810862215,76.22822832775587,73.30434781508933,71.69595553648821,75.95716703338974,76.87393425571601,68.35340929439475,68.69530166684451,91.39929707952477,74.53919774743902,82.19583837583045,92.0021116396276,18.597076701524166
1049,743.9087504142383,1814.6637728595736,0.7883740648737153,0.24046819389905208,-0.174899508920664,49,0.0,0.026231578642968722,2.784906988577256,-1.1120267375336177,743.9087504142383,1814.6637728595736,1277.9775695732123,0.0,0.0,226.64792676617003,-1.9089727770523717,84.60461279694948,72.10969801483188,91.35939305618795,96.7451233168215,80.79726283974736,92.86075360477858,95.07791426567064,109.68698327102828,93.36641477868378,70.055810312354,85.24784709058686,90.98319374244969,102.43753878391698,95.29364260674639,17.351381092458944
1050,2384.0846799696847,1816.0311998076788,0.21266119920360388,-0.3621016878805827,-0.48114041688494974,49,0.0,0.008022278624294513,1.394885273807897,-0.361346223323146,2384.0846799696847,1816.0311998076788,1128.4292727388186,0.0,0.0,225.96414972715883,-1.9084090729096876,77.92684021964658,68.29510747033419,92.95146042200162,92.45787056932096,92.3932133566562,68.90889748009577,70.50915833859527,92.12028506829955,63.56444372062057,63.382698972627665,77.11663831487891,87.74155473392901,90.45206358219714,77.64538307496198,12.963657414653008
1051,2256.054170262844,1821.363237399109,0.7332300815648558,0.18219931466175981,-0.1035458305254173,49,0.0,0.09333027777400464,11.584232801120663,-2.659668191717055,2256.054170262844,1821.363237399109,2525.64606818473,0.0,0.0,226.01752421635598,-1.9061967226414938,171.05931811138055,171.7958223206718,183.21905082864987,186.74187608118513,186.4351343799632,168.66824012969096,177.87657260134745,214.7784088754343,184.04150754579103,144.40686813251463,155.60435096988942,187.57856071318412,178.5801629748309,175.9006975550633,38.95949696513378
1052,2122.8202651290344,1822.0960508889,0.8326612337757207,-0.3101001468149976,-0.200480211466557,49,0.0,0.01717841814612747,1.684348635077494,-0.5660799723916109,2122.8202651290344,1822.0960508889,1385.1233917937525,0.0,0.0,226.0730680258992,-1.905899299583797,119.032654100277,82.78726693724727,102.88251500451372,78.82621794060344,67.85568566028452,98.87806237469033,115.86014137422,93.56694944749965,109.40163613153427,98.4443636992801,100.30250226965201,100.90103261314164,99.6877123273959,96.80861019636595,19.88804171704682
1053,788.576838610106,1822.9460531727289,0.6352296336573626,-0.3282376598061543,-0.3408288286036776,49,0.0,0.024124915474898097,2.772097252653512,-1.1070211560740626,788.576838610106,1822.9460531727289,1356.8105192144203,0.0,0.0,226.62930472499121,-1.9055256591863967,95.0820778671682,94.75580181476067,103.9541510120755,102.56744807529785,91.85968569408834,88.91741033790392,102.85132617688771,86.40116750065994,106.51963520362997,63.2183941993734,88.70338883700443,123.4734741098888,102.87074025098838,90.72878185296469,14.907036281728423
1054,817.2980974096159,1822.7244171174834,0.24512250938936975,0.26944672836104344,-0.26701175263064814,49,0.0,0.01049971499951282,1.8898862310621551,-0.6910891523523209,817.2980974096159,1822.7244171174834,1281.1998802534533,0.0,0.0,226.61733134954594,-1.9056203149931126,103.20205260948178,79.69228831735984,68.2520752593507,97.80270623302081,90.1718222657265,86.86197117370038,95.23437749032696,89.2807013230132,91.1128776078625,71.039664988846,94.96593458880825,94.36886256442904,100.53313602915478,100.22509320952179,18.456316592850786
1055,832.3147947515893,1822.7627236605085,0.49789621765619896,-0.23373934872265834,-0.4571671713929486,49,0.0,0.013681482570915133,1.5644077776603762,-0.48587491609493183,832.3147947515893,1822.7627236605085,1252.3544769360115,0.0,0.0,226.61107113443256,-1.9056055285232967,85.9381831251809,78.11029301509792,81.85702833176818,102.82660824528728,90.9036582445867,83.08128073388431,82.45622588019891,79.85783505655795,100.27947118132298,76.76548149153233,91.04627096441494,84.22253052282946,85.27874989454165,106.90872044114062,22.82213980766751
1056,1194.2880494312872,1823.135982006456,0.42547696213440944,-0.1213016555220863,-0.1366634895890861,49,0.0,0.008583041481896399,1.0630126678720462,-0.06634610005270546,1194.2880494312872,1823.135982006456,1108.3045258802129,0.0,0.0,226.46016850967754,-1.9054714331957114,83.84168487149594,55.922009805209726,97.05035875186434,85.35145688869949,74.93146074566282,65.86572781932182,80.79145573628442,80.76232591421163,67.41932340384872,55.28836936761647,87.04452086950545,94.04351626459643,73.84460369923525,89.71432475214135,16.433386990518954
1057,2175.146544026303,1824.3355874844763,0.9913414670602447,0.48278018113249,-0.16146766286226155,49,0.0,0.02533055649028991,2.251298308780914,-0.8810826127498493,2175.146544026303,1824.3355874844763,1313.9421387450263,0.0,0.0,226.05125385371673,-1.904963276148723,100.87442411100731,74.95749797625629,104.86475544298695,77.17615372234674,85.16060522680792,102.35933050985894,101.56888939568765,86.96769242030022,98.76721085780113,69.32603561077661,82.10708350684999,94.77644600533637,103.87960180936565,106.97246242050304,24.18394972914154
1058,1904.4346021650867,1829.1600479850733,0.6543976899652741,0.16224755582641456,-0.14625085153854897,49,0.0,0.20786633931350937,28.425065290309565,-3.6342536772594665,1904.4346021650867,1829.1600479850733,4523.723232026276,0.0,0.0,226.16411168594308,-1.902965079508743,348.0878208643984,281.43867192621394,335.4764496146215,336.40034285006686,293.3935837209764,290.17653882951936,350.65070648310973,310.48476857045324,374.0055761064814,288.92844087858754,314.78463322246205,315.44000824002967,316.5044125595317,307.9885227064903,59.962755453333685
1059,2442.421578532392,1829.6881953512866,0.4979024528681052,-0.05060213433569771,0.14006305675245723,49,0.0,0.009831097709340826,1.0378909478159322,-0.0403793104433976,2442.421578532392,1829.6881953512866,1417.853742984247,0.0,0.0,225.9398312929089,-1.9027139929198968,86.79605606111518,87.04803676503278,105.92366719627137,100.02154316486612,130.9489121679214,102.61103368104285,88.98505344845326,116.71722249992413,115.53175334902686,66.96695474612395,81.55241414330078,94.44353477832487,109.57637033276447,107.73915764436387,22.992033005715125
1060,624.8050409679029,1829.9438184810017,0.7150322669476367,-0.36519637516814757,-0.5420799192141262,49,0.0,0.014147477167565233,1.3257161651549219,-0.30612637973856893,624.8050409679029,1829.9438184810017,1245.1365585242606,0.0,0.0,226.69757702377385,-1.9025952489589915,92.778936713488,93.87808984426198,75.07687289548485,96.83444725996611,87.98939311725184,91.29040467257622,96.79518319725898,80.6808095104801,96.35622641031878,68.66501311104668,77.27814436082406,83.39718025941781,88.04486908162701,95.54233251319232,20.528655577066036
1061,1818.1878964197638,1831.5100609625886,0.4282471436955183,0.1172481882178605,-0.146405467987888,49,0.0,0.013820109312908802,1.7802897619393756,-0.6262267357858415,1818.1878964197638,1831.5100609625886,1357.9139990375068,0.0,0.0,226.20006751691704,-1.9019881759860633,79.92534889589774,59.07859709252141,99.71367777879763,113.26021208803803,79.6393920699325,99.59056254317554,119.15476181546657,99.33071251489162,104.76701866065378,67.11971347068906,102.7626977244509,105.15916606040287,106.42922661728291,100.34327283170755,21.639638873598734
1062,2673.076755104374,1831.6838466783418,0.3853138726606826,0.32517135232866073,-0.1099282936652324,49,0.0,0.021210065313992176,3.091917261494713,-1.2255696596252124,2673.076755104374,1831.6838466783418,1520.1880617549232,0.0,0.0,225.84367699663008,-1.9018602748639069,114.08655943168807,89.71504918983378,108.18377210395462,100.91140177862829,84.87929235077613,123.5927465571331,113.61009710210865,103.39753194370452,120.55358989985385,87.37411157753479,92.51298044736505,133.54678390611377,120.85347151924411,107.06526705074036,19.905406896244067
1063,212.99834031893087,1833.0248470019271,0.22510114537351958,0.24879512750458663,-0.41710919959323667,49,0.0,0.007295049997037526,1.7221176560588596,-0.5901570484438932,212.99834031893087,1833.0248470019271,1441.4311734002463,0.0,751.912685261727,226.8692442903336,-1.9012625825535407,118.03887880766432,81.45035995678401,113.30710032912731,84.86090458756877,120.16892773813005,57.13648918290109,160.16752856886671,133.53832879593017,138.3001886855234,78.12499557947964,77.26977596542025,97.39596127987596,84.07341681593405,88.00005588561933,9.598261221420966
1064,499.64929322090313,1833.2609098193316,0.4270819221626041,-0.1686887042427092,-0.38420035984721773,49,0.0,0.015677497112956358,2.2182586140189255,-0.8650304416541883,499.64929322090313,1833.2609098193316,1293.640895328531,0.0,0.0,226.74975057775092,-1.9012000968575624,104.8849489734067,87.42000550504295,88.76450954106195,85.6647006848771,88.45109603751163,91.08547226827194,112.59018579826326,75.08476657567739,99.77004560746899,69.84460191789238,90.65008514943004,83.95770502702585,99.25139296418808,95.79990553248534,20.421473745927475
1065,174.1397916776022,1835.1038855286463,0.24978414338209587,-0.5236910635359608,-0.7054535542560771,49,0.0,0.0044385209048770705,1.1524049881214855,-0.1540128235804399,174.1397916776022,1835.1038855286463,554.0656184651689,0.0,124.7403347380537,226.88544223705756,-1.9003908671352159,0.0,0.0,4.258820020724554,34.21342099835865,31.312295883585847,94.78906340734424,43.90768434183167,21.166180475436764,86.13828783190448,9.370086647444795,92.94159132173993,41.745676612228415,40.77039963116131,19.95697990502113,33.49513138838708
1066,209.53326413198883,1834.057575245199,0.20999581229541503,-0.009551407311625317,0.07431461172312795,49,0.0,0.007143880844269925,1.4467115704054787,-0.4009548871146069,209.53326413198883,1834.057575245199,1338.4670910403638,0.0,675.3976273040594,226.8706885658407,-1.9008318182481183,117.1903702239336,136.02956632666033,125.18339832542362,73.83911586114064,75.49526672149563,51.75453752025061,139.50948538331727,68.47597186930491,125.906533550616,50.403731944952455,53.84569222454615,90.85838602729285,135.60897315641822,78.97279723717249,15.393264667839018
1067,1230.86619855426,1835.6628147418714,0.6943082922412617,0.24571300461659512,-0.03586654479201964,49,0.0,0.030879915061249187,3.590651326159158,-1.3879330864178938,1230.86619855426,1835.6628147418714,1513.7159603048522,0.0,0.0,226.44491883376,-1.9002533833022042,92.09738422344302,114.84989999817827,106.20155983513277,104.47063839727107,115.80075972849878,112.5830169553042,124.5994648714688,113.79129186025745,101.2160955998548,96.35512336827308,87.98142070290643,116.71493697315601,96.72895902760149,110.66385978733508,19.661548976170764
1068,203.048432481372,1836.066436201692,0.2896995186095638,-0.05269048174426292,0.20375363019328938,49,0.0,0.005662274573548535,1.0358098939355802,-0.03820013758011061,203.048432481372,1836.066436201692,1131.4327312689804,0.0,557.9294787082551,226.87339148783025,-1.8999939294479113,132.27833382919934,97.59941176130981,104.78167619392353,132.31975979456237,56.29174600310018,40.736924858121924,87.23834627324007,43.76070658390612,63.25958151176261,39.41696186227789,48.29271481311648,63.273531768804865,129.13279282778825,76.47976704318512,16.5704761446818
1069,2123.02119215192,1837.231892792027,0.5154666567511447,0.14981725776678506,-0.13141595596840785,49,0.0,0.6758329117643784,110.10131211694684,-5.104481236615439,2123.02119215192,1837.231892792027,14245.250139688073,0.0,0.0,226.07298509780253,-1.8995927513140618,963.6303992766359,868.3706486797555,1030.83636451181,1014.4532523252174,1046.7415045840876,941.5725313640552,1052.447312551574,1132.1297303870851,1056.8098038376665,813.485295014346,981.1768139218491,995.2231947071567,1082.118902453859,1075.654614873858,190.59977119911554
1070,2329.838723077003,1836.8773618782188,0.25676684720516973,0.8522901367510942,0.0936516571939862,49,0.0,0.01613198170650871,2.1259298906439765,-0.8188723454252654,2329.838723077003,1836.8773618782188,1639.2362646127567,0.0,0.0,225.98676564818211,-1.8997274607388834,121.55624583158658,110.66172265471172,121.591151610003,139.99468362500642,109.54559672559768,122.03386020645607,119.85500320550832,94.07629494370595,114.60724607529765,93.70124628741544,110.42367712692848,106.16774483525958,130.89989815481692,121.27030208145574,22.851591249007146
1071,1343.6608937545957,1837.6245166857307,0.6792662831648548,0.30916578169776215,0.08747411933764108,49,0.0,0.013178039789539558,1.5097498074948905,-0.44726245726089287,1343.6608937545957,1837.6245166857307,1232.9893444772056,0.0,0.0,226.3978954465367,-1.8994395632310168,87.39187473810637,94.71600513284015,74.63858992304205,104.46471110333071,76.15908857762841,78.95271434655658,92.35071130955549,78.25102499125455,99.29742789226373,61.63189554600689,87.76084596397479,86.5877122199389,97.12264039424906,93.17892767471385,20.485174663743983
1072,291.78157636469257,1838.7397210992415,0.7800176218833028,0.21574181270922216,-0.49741861685070893,49,0.0,0.02770778438879622,2.7352965779374094,-1.0925110553561206,291.78157636469257,1838.7397210992415,1685.0733881587892,0.0,212.9264443046889,226.83640227557882,-1.8988921819212201,108.24293893951112,113.66073610739113,111.08638297866182,121.53438369142279,109.60755021945278,120.070592248468,131.94048566214036,125.58860209996027,96.77898931826472,104.09578827760694,137.20966757004555,116.2822246464354,128.93336724955117,131.78766020857978,28.254018941297364
1073,2110.855488204614,1839.1024175454904,0.774041750201901,0.09140799992257236,-0.41004172171018843,49,0.0,0.012677485735584021,1.0059131589359418,-0.0064012236118052256,2110.855488204614,1839.1024175454904,1538.5675733270286,0.0,0.0,226.07805695020812,-1.8988140050963962,113.14877378675266,104.63374060443337,98.61206415921617,105.72394259076606,112.30130329263379,110.25959310004131,106.81439930650957,126.78812738701666,135.74173156140495,92.32326622197434,102.25835535585055,88.7421606942678,116.60256580111033,108.66733617170588,15.950213293345291
1074,1576.9798568805008,1839.7581418305945,0.606509373000127,-0.009038206042938214,-0.08747122869464828,49,0.0,0.08694702663515264,12.278032191550109,-2.7228219192865084,1576.9798568805008,1839.7581418305945,2459.945194665223,0.0,0.0,226.3006260298038,-1.898553842059206,179.36795893679948,172.63508099950286,161.4246464829469,185.94630024308896,184.93548851414303,155.57225819135655,190.23354914887702,194.79794895678316,171.79445491101268,178.63529393601004,166.31534226061544,132.22254916523744,176.2504209650913,182.7420559049004,27.071846048857594
1075,1784.089239393453,1839.965919466062,0.23202054771575462,-0.1628445014709505,-0.07780724754235419,49,0.0,0.006405567666634696,1.0382245865711115,-0.04072827337241298,1784.089239393453,1839.965919466062,1147.9442782837639,0.0,0.0,226.21428323634464,-1.8984656034787049,80.3688262349182,77.90320462687123,87.1936781796104,64.25162900041025,92.50597750633187,103.28796556339915,70.18395899971028,86.2857411680035,80.4270906764515,79.13129903706033,64.42401430782775,76.79581980566871,73.52374220230442,94.6801772250654,16.981153750131007
1076,720.4886884511067,1840.4078009940183,0.5243599014828264,-0.17749090654142388,-0.024022570939862573,49,0.0,0.01108369086446134,1.2061616332256915,-0.20351377472264412,720.4886884511067,1840.4078009940183,1250.8852807894714,0.0,0.0,226.65768774655731,-1.8982442941709474,87.35643196319705,82.98444235939724,93.5914244614844,78.43871219849913,93.04229570808101,74.96271878714165,91.14841801326756,106.93688968924856,97.85430400925705,74.38076199586419,79.17814899951807,83.36377544215236,95.4912993971291,96.91259195602305,15.243065809210993
1077,1143.390192014252,1840.082008382327,0.43711646000852195,0.1327606338954571,0.0767448905894921,49,0.0,0.012599311496889093,1.6533382736169064,-0.5459042986824202,1143.390192014252,1840.082008382327,1244.6284761168392,0.0,0.0,226.48138662691431,-1.8984084331008957,92.05082472379397,103.81298968767558,84.95152437749802,98.45697107418954,77.11412096537833,92.19845088885661,89.20083293382574,103.15925497095097,76.90823742245735,75.54564234593677,90.78378029783232,79.67564967325949,69.04311966302916,99.3176154768737,12.409461615281765
1078,315.2850472574497,1843.3683138322924,0.44795234967060243,0.656928150809438,-0.2577477879091061,49,0.0,0.009937211723515083,1.1526007722308018,-0.15419726554580815,315.2850472574497,1843.3683138322924,1246.7560401433639,0.0,0.0,226.8266040395624,-1.8969667539028816,88.69101404734143,90.19503953057551,99.37792239498204,89.20414615798285,85.81167330610833,82.37973848272304,76.94644129168495,99.56138576430459,95.0610346544904,58.357323708451915,68.01239815226208,95.40626959134188,96.32707371186282,95.59111951247772,25.833459836774402
1079,571.6164301808203,1843.9929809127934,0.6403720679109453,0.008544857790322238,-0.32608727878368393,49,0.0,0.013335662118183772,1.350012436564252,-0.3258444232863122,571.6164301808203,1843.9929809127934,1231.8404639391722,0.0,0.0,226.71974843059758,-1.8967362469617484,94.38066098757443,82.04931760859202,100.57808744008291,64.73624776920477,104.05529493620449,86.3717255896812,103.40980179848151,93.92588630009138,85.8979426722712,72.92145779110103,73.93999368468349,77.61898642601474,80.6402180241142,98.09640931501401,13.218433596060876
1080,793.4190840099421,1844.3208735216572,0.9889303979196575,-0.11279262544298745,0.15210768026632476,49,0.0,0.022440138141678577,1.8606143955830876,-0.674140941931487,793.4190840099421,1844.3208735216572,1378.6151897780067,0.0,0.0,226.62728425442577,-1.896620058385053,94.56559399138413,98.91306537506372,109.93536728033216,84.65560557024214,110.14484514735551,102.87856710987816,103.17670901424677,98.40120189775533,106.69388909947028,75.95404906895962,101.25621570867567,79.43398744804038,91.4727096820048,104.22526887125014,16.908114513347865
1081,1406.6891015324038,1845.631052258584,0.5690767666629489,0.20188344542342973,-0.14243463429194758,49,0.0,1.7616886383165458,257.993071222029,-6.029020106279722,1406.6891015324038,1845.631052258584,37638.31119788195,0.0,0.0,226.37161920156197,-1.896104947433497,2577.7861793180828,2374.862621725182,2665.3212657850554,2762.356365590906,2644.52463820037,2559.2864398818274,2918.7508070573085,2823.566722407515,2805.2138598056913,2221.7744063321848,2552.6936447151047,2659.6548984635674,2819.8569760676783,2733.358781080669,519.3035914508137
1082,2108.0154951817767,1846.6396182681626,0.6090126914897659,-0.08470588340330293,-0.093030409609831,49,0.0,0.01084932726209162,1.1385109250727847,-0.14084300607807926,2108.0154951817767,1846.6396182681626,1306.4283956391578,0.0,0.0,226.07924131734217,-1.8956736811608375,100.1620050128729,85.09128873828068,75.3527004080412,82.20531265125166,91.70285514625101,88.12408807183283,103.99096725995682,99.52927363598681,102.5215016059241,87.97468301101495,101.76855773435341,89.27183345070625,94.82327055443989,82.4364664333649,21.473591924880505
1083,2710.8521208837897,1849.141976690144,0.4193547578894032,0.0760099920541301,-0.2155731401485083,49,0.0,0.036283803609921984,5.794037531910657,-1.9074532602418897,2710.8521208837897,1849.141976690144,1906.8673618104035,0.0,0.0,225.82793165094193,-1.8945821653964092,135.376686677497,127.43420642791749,151.51012699591047,137.13051369911318,123.09584819613463,138.0276430763119,138.11810049731073,143.14132018875273,126.69381207919935,142.55214052840586,114.98735845628165,125.68144541954882,141.854268544326,135.45494917965664,25.808941844037072
1084,405.3204481163737,1850.3743661765059,0.30574057152807127,0.26813276667324254,-0.5073815009221111,49,0.0,0.023815346656336975,4.110951350681667,-1.5348558433401251,405.3204481163737,1850.3743661765059,1789.6135710549097,0.0,0.0,226.78907094747282,-1.8940588903801088,126.51981807480776,108.11322428420986,107.00375575483142,157.9688331999858,134.9807449884634,116.66436368193786,155.82243925206805,124.48141214064292,114.29008861654302,106.91564753071395,119.5650911881118,126.80372328023051,135.58103413182323,130.7991015664361,24.104293364103903
1085,1290.7708188498661,1850.9661244220113,0.5168970588841035,0.06412741671152278,-0.19339433043898227,49,0.0,0.13660132965553864,21.396280638373923,-3.325845713908297,1290.7708188498661,1850.9661244220113,3782.757137266351,0.0,0.0,226.41994452937232,-1.8938790860024466,280.27808398658135,246.93430064264237,264.86304174452704,270.2773633359991,266.8232835560169,231.92979199201835,288.44230452189345,253.1619734798574,301.8083470299606,231.2921909632375,242.35316220469218,281.1979902556837,278.02553029683514,281.9019758904914,63.467797365915125
1086,1650.8992820549158,1850.566430856124,0.8398626195983081,-0.04925433235010019,-0.1138661755644127,49,0.0,0.011653304481042901,1.0162268519166924,-0.017476665387616084,1650.8992820549158,1850.566430856124,1149.2154236714296,0.0,0.0,226.269809457876,-1.894050303077121,64.0196613949541,74.27096406322863,94.75974987072982,82.99775519240819,67.77549078672222,71.01699893173213,72.48039600080841,80.10781548496237,87.15072998599743,81.73457736368236,94.34691025464754,97.0958337136442,82.2721757137533,83.11635474997838,16.070010164180367
1087,2203.9293492561264,1851.0919104797356,0.7913515791025549,0.027967006352636898,0.23733829914857266,49,0.0,0.018916785278471706,1.9782416107380059,-0.7406983316542232,2203.9293492561264,1851.0919104797356,1237.5735819352399,0.0,0.0,226.03925633053268,-1.8938132402936119,85.99614242528398,90.5636917403875,91.87385341388716,90.32813697768353,95.64619787790998,87.45130511324562,82.16439394915537,85.3731226639396,106.469691292181,68.25640669799961,63.92327895794457,93.74182827009255,91.60048477396944,84.26164998085349,19.92339780070651
1088,1581.8884253358108,1851.894219183616,0.7225461026119697,-0.3345619656901171,-0.07048846940011455,49,0.0,0.016928130750004457,1.797515010888247,-0.6366813145617979,1581.8884253358108,1851.894219183616,1316.0529679464387,0.0,0.0,226.29857964885812,-1.893497169692547,79.50430906701683,80.04529502409466,83.88773206478456,92.261727819031,95.61287512702955,101.88395860548188,112.04222623544914,102.59337796395826,103.29740407843002,71.49646968243808,101.72819177807693,71.69441948391822,102.9949569525808,99.78420029571447,17.225823768434275
1089,2248.442973157175,1852.5651872853487,0.2716826631463753,0.12622065860208967,-0.05902648657633669,49,0.0,0.010762056048157614,2.0310154059881897,-0.7692830442459943,2248.442973157175,1852.5651872853487,1221.2918176971202,0.0,0.0,226.02069936732732,-1.893196593432242,101.45301804270937,79.96591809578908,95.52646954058376,102.37606501936915,94.38337869081556,68.9437865385317,73.1001825312899,85.62564966255866,83.21924891424919,67.26237583157832,85.64789440532158,83.40418514159234,85.86186923885963,97.77548415764706,16.746291886224878
1090,3048.196145008772,1855.0734182250146,0.8096240583648124,0.09796089635885583,-0.3849282299304037,49,0.0,0.015419827302737651,1.2580347733757462,-0.2492316140539003,3048.196145008772,1855.0734182250146,1397.3694067242288,0.0,1007.53596709304,225.68730814421644,-1.8920676342775848,94.0810298195075,90.60772838413874,85.500494350959,83.8108894149932,111.16636136316686,90.86060057899132,108.89970326292237,96.65568735353229,105.90834132077006,78.64698775989173,90.2700637530431,113.444911456011,108.69644562904436,113.83722821864548,24.982934058611676
1091,569.6583029523292,1855.8203188060183,0.5356357111449165,0.0801110641772115,-0.29411829070197265,49,0.0,0.0714491837238484,9.92292009340151,-2.491598735283139,569.6583029523292,1855.8203188060183,2582.465364006529,0.0,0.0,226.72056342762025,-1.891808142009146,196.89419764183424,156.90626707995057,192.862776680671,198.62650916870507,180.99895345672974,177.3700174011155,187.63988241767464,182.43983081800224,212.17990507125447,149.1760417646834,166.22139715922862,163.83748861699164,202.31871829306556,178.58794399396334,36.4054344426586
1092,2545.1754831353605,1856.3584567478456,0.6031660845838385,-0.22870332388785689,-0.2479623972049998,49,0.0,0.010650496996631377,1.13399095333285,-0.13652397472269848,2545.1754831353605,1856.3584567478456,1128.5652443915951,0.0,0.0,225.89699808223762,-1.8915924418293864,75.16178471381531,71.684768617886,84.362768502944,87.51857904411102,70.59036727854809,64.39733375405794,89.36786651317496,101.66119040745002,79.27507335209343,72.78938167409108,73.65225387705499,80.81873701013609,88.55030343194932,74.13118036652033,14.603655847762514
1093,1282.9346686052784,1858.990140525713,0.6410570276061088,-0.2777904162304187,-0.20759817454228222,49,0.0,0.025136291755570958,3.085410878289751,-1.2232825159734293,1282.9346686052784,1858.990140525713,1562.9919181546147,0.0,0.0,226.42321108453905,-1.8905355200826885,129.04740233751923,107.07515917188785,118.10890880688476,109.36572880070759,97.70976983784111,102.1692603526886,100.97486087922371,122.94005489717452,108.65129050350362,87.06555625235671,107.46472473984139,113.60383820616693,111.27737013435366,123.09871495015776,24.439278284307385
1094,2755.7304935212014,1859.6958273460218,0.20130836767999497,-0.24685797620738992,-0.6381506846143179,49,0.0,0.016736930426810306,1.8733261329950557,-0.6815334789831164,2755.7304935212014,1859.6958273460218,2873.6456413735714,0.0,0.0,225.80922469191364,-1.8901798027995445,201.7919381493997,194.96567765815414,183.58476826602185,217.20037056466157,208.16645094534437,191.32936371082806,214.9989582098628,234.7639244557542,185.4538750747891,172.4265797377605,211.4422567703436,217.24944569808468,219.19695202377298,193.30902842751328,27.76605168128078
1095,237.9408743137349,1859.6706653344336,0.38446731040190063,0.17847623785603792,-0.7291984819343599,49,0.0,0.01622034180770669,1.851003149306401,-0.6685178941610668,237.9408743137349,1859.6706653344336,1770.7114164465265,0.0,1498.1584835868164,226.85884305862442,-1.8901641888227743,118.38873222024881,110.90204207672019,92.18297126787866,146.5821587793235,120.09778515987784,140.4699101832795,127.92654383168971,116.23959285251706,132.127188460136,104.14103125193165,125.50122705909388,149.75801666683012,120.16194896628737,142.95514456457113,23.277123106140962
1096,2692.855232414244,1859.9330906668015,0.798131984317666,-0.06474059314216217,-0.2665472644635661,49,0.0,0.04514717739957228,4.946791702404036,-1.7358090591118507,2692.855232414244,1859.9330906668015,1690.3899329304695,0.0,0.0,225.83543520882742,-1.8900880118352994,98.3983051629264,109.83013207866469,121.42471866121514,131.21695766051073,124.77775334187609,127.85630175428079,120.28333299211863,126.6123395816421,115.86389557352734,115.97961892689689,112.31223518760845,135.44749145786383,120.91390531869095,109.24392128927921,20.229023943368343
1097,535.3195228755175,1864.6300983159674,0.6508465809172788,-0.04119681562108886,-0.26188894060396295,49,0.0,0.05778982955216971,7.349565743342963,-2.1656541977644177,535.3195228755175,1864.6300983159674,1964.9962867016143,0.0,0.0,226.73487720626142,-1.8881339223390021,129.5424956211158,132.51623656035116,153.66600819538894,134.55771913707852,124.24491949227132,127.54933828323097,159.75622072149986,155.4458110626455,137.70028155232535,114.68964531005697,121.80562273578505,133.2111056585025,150.1109383534092,160.06857419970447,30.131369818248153
1098,1234.7358592471371,1865.9593176960418,0.7158386022007546,0.10755893871924986,-0.26730757275124406,49,0.0,0.04020164934211849,4.773634148170418,-1.6971228289269435,1234.7358592471371,1865.9593176960418,1607.7933287464316,0.0,0.0,226.44330442978662,-1.8876300700366093,137.13043566232994,95.70203299601687,112.41490908909509,114.34789483942424,101.89956949217259,121.34211689129125,107.5410092691441,125.93994578040045,106.76131882533099,76.42704563442965,111.17867103654174,128.90226192712782,132.71156042444966,111.5761776211433,23.918379257533797
1099,1361.3064192812737,1866.3984695490667,0.5909925913123203,0.5207225177199669,-0.0876502180079695,49,0.0,0.026320185844377727,3.23796692529575,-1.275681020682896,1361.3064192812737,1866.3984695490667,1685.7864964612018,0.0,0.0,226.3905384091386,-1.887450914290151,117.0158994109648,114.6781902109873,132.90662033233858,116.35857054487292,135.20892143006347,106.0265247256416,123.68640550481078,131.46255507265224,112.94412941440805,94.3844087867601,108.17278169446152,139.92270107201358,114.10592792830772,106.83279444946461,32.08006588345472
1100,1754.314447230843,1865.1126027991118,0.26708866013899984,-0.19340609171666112,0.008176861099692226,49,0.0,0.009078013454619937,1.4421592285185227,-0.39753303349889046,1754.314447230843,1865.1126027991118,1167.4305890889632,0.0,0.0,226.22669658473632,-1.887988365047457,89.16413261010382,78.99854543711628,92.57221448300282,93.88979194903102,78.04852021766811,82.61836643409876,90.09980609833124,94.53134135642189,61.65785945559245,57.03467450036652,83.76546210101941,92.91370861129909,96.01428281893891,57.84954027563788,18.272342740335
1101,1683.4506474686664,1866.8074087959671,0.47864166886564935,-0.0001911702757543735,-0.16320642207649766,49,0.0,0.20572714975813788,33.83833651727777,-3.823522512755215,1683.4506474686664,1866.8074087959671,5395.338492463243,0.0,0.0,226.25623914295633,-1.887283036555701,337.178973367263,333.69575479678514,388.25698499133824,389.32473365578824,403.30266106322716,375.8186469954446,442.6783382172381,403.47347491146263,408.5738545267268,283.56063918571374,357.8976187007246,405.03062316819313,392.4801007380755,415.0650933679926,59.000994777269895
1102,1810.0337497739183,1869.7535006160485,0.6900152291094932,-0.23825055632576433,-0.22197967706561933,49,0.0,0.026421975440613737,3.014784067503593,-1.1981405286282478,1810.0337497739183,1869.7535006160485,1523.6164720354727,0.0,0.0,226.2034677854525,-1.8860536560794396,108.25373747337352,111.87655500493631,120.25249495777474,113.97434765686154,93.62956239393607,102.18295722363786,100.76551617792742,127.25517475037412,126.83453364705696,91.01582210614768,84.8865299261983,99.26058466619321,121.2490644403145,104.71820571926244,17.46138589147811
1103,1631.3343219400936,1873.7197612462435,0.39325951844370227,0.5142901776187891,0.02800247730034695,49,0.0,0.009193214671085845,1.229200948402181,-0.22405721667171008,1631.3343219400936,1873.7197612462435,1238.732964668142,0.0,0.0,226.2779660421773,-1.884403196900962,89.95064577741242,76.95523081065735,99.42721505910202,114.6547859473797,75.82734698749587,67.53975984164117,83.76283931174208,100.19317145311567,95.74121699911677,56.658686037292874,75.63095438840779,93.41262519093945,108.18603072829171,87.9774415046029,12.815014630944262
1104,2529.95545144292,1874.8922664903214,0.9624737024939418,0.2771150268629814,-0.46085327876508003,49,0.0,0.01512893066990336,1.2385759556390623,-0.23230661209153192,2529.95545144292,1874.8922664903214,1145.6880540054399,0.0,0.0,225.90334473592455,-1.8838716536239224,76.80125081102277,93.7937324193274,78.78132446317512,93.27402858972451,80.0373866863334,62.74835225188664,104.74697068317093,80.06958672447405,71.56775679635246,57.73086314717536,72.63864556000763,76.28364899963128,88.03360537654146,95.44478994160912,13.736111555007941
1105,1954.3359319624253,1876.9575843101604,0.33752575662705175,0.009562298552702434,-0.3425104461201941,49,0.0,0.008285171085492097,1.1791048453039445,-0.17888106005002166,1954.3359319624253,1876.9575843101604,1120.4181390039573,0.0,0.0,226.1433099288354,-1.8830479205184165,77.56871188315537,84.22467535213657,70.92384012551784,80.4813551173742,65.41589807813506,72.41937367694241,85.48589166329535,85.97574741899173,93.3822344274817,64.5694143653782,91.38558930393393,76.05126782348628,72.31980067398119,82.85494137916626,17.359397714981288
1106,2399.4413919856834,1877.7035291743769,0.5735328518772276,-0.13203963138382177,-0.21267349212171827,49,0.0,0.13634833295785886,19.984096197527915,-3.2517112790006655,2399.4413919856834,1877.7035291743769,3570.2387156370887,0.0,0.0,225.9577529775166,-1.8827115593739183,252.35354748437626,254.17506852934324,249.1662750523154,232.91542186291545,277.0013914896611,249.45166866549192,277.9925389505057,256.67325165563705,305.03477770942646,199.66373469544433,239.98320520509776,226.06020721425978,244.80031341148668,250.2060567866484,54.761256924479696
1107,615.600101292993,1881.6733887756914,0.45595214063517947,-0.11780302292057276,-0.3565043392580841,49,0.0,0.07689909901205041,12.253041044644423,-2.7206097207316615,615.600101292993,1881.6733887756914,2776.541098883011,0.0,0.0,226.70140894183183,-1.881040981169295,209.05771109318766,170.60680294916733,172.41468694595451,198.82352187967751,199.2199316126239,188.9657331151146,210.63258454605187,202.22872455577487,178.03117410898733,165.34352546810607,202.0202738410837,195.6906935600092,242.10290450888158,192.15484658010172,49.247984118288926
1108,324.6739393611315,1884.325772480432,0.5162336711520589,0.3398086794198355,-0.4559559303756622,49,0.0,0.02373417257850468,2.6794463309955514,-1.0701126564945054,324.6739393611315,1884.325772480432,1699.3527013962296,0.0,0.0,226.82268467528166,-1.8799031506730344,120.75565312646269,116.22221030906834,138.5409741603434,99.78706023895158,133.17619545978192,128.8219016955564,131.48955138383405,128.47444281163993,116.04250946441641,95.11453077206713,120.97314134822412,111.49350610968443,118.58562945543642,112.73226073127768,27.143134329485168
1109,689.8818144393108,1883.8550421681373,0.36546620594997625,-0.22996503027198448,-0.35630852346030983,49,0.0,0.007141682154346938,1.0378976294055515,-0.04038630002204227,689.8818144393108,1883.8550421681373,1055.0803015998358,0.0,0.0,226.67044286777778,-1.8801389882986013,66.76341719347914,57.36518522926446,81.34745101150534,66.56993948208907,65.0332256267312,88.1337639201287,72.48484359400473,82.47936161919088,76.1929628642894,61.68482380796977,82.84580649837423,71.87073162259054,95.9904345873707,70.75724836929969,15.561106173547945
1110,2010.4473448980239,1884.1192225607335,0.42256991776364206,-0.19461419656642362,0.05940215837130699,49,0.0,0.012089006031966575,1.540637869586116,-0.46925142203532244,2010.4473448980239,1884.1192225607335,1267.1794934225484,0.0,0.0,226.11991807978512,-1.8800617955374592,85.93385800039422,81.65262997467455,96.5659195314573,77.72146965556921,90.39561023319462,66.66021051050167,98.69791665608929,108.91099194809414,101.21007921153134,90.63858275158466,79.228636471669,78.67590542598214,105.1694042470638,94.23471269039712,11.48356611434519
1111,2904.7020045491886,1884.4508831051355,0.515921394408601,0.6217568916293854,0.23513913677973064,49,0.0,0.019631558548314044,2.2468182051814596,-0.8789198353863281,2904.7020045491886,1884.4508831051355,1787.309901015185,0.0,0.0,225.74712793677872,-1.879847383593584,114.89279561770597,115.43107316397266,110.25791772182268,151.73548362879072,122.76329768313097,116.32341546852197,138.98404424877344,136.11206983128096,154.78061336235402,89.32098460273626,124.91583721969263,132.42285298215918,132.8746001040941,123.96022441959244,22.53469096055716
1112,1060.9880005805617,1887.3771504371664,0.5530463195807391,0.13156312094304465,-0.09800666663664682,49,0.0,0.11067884945444606,16.84285147432115,-3.066039047292831,1060.9880005805617,1887.3771504371664,3022.5426045001523,0.0,0.0,226.5157365251097,-1.8786982242302048,220.02052209476398,181.96624986985762,211.2940771433433,213.94236677369588,199.54409426728822,192.84627998894655,208.9845650437847,248.93858374915212,230.8366578585404,175.42522319837389,212.90138839202032,228.7844813523013,237.4951504833457,214.27196038201035,45.29100390272832
1113,1977.453792642962,1886.821036398727,0.9383200832059612,0.3259595576135851,0.016572653526732335,49,0.0,0.016528516779883984,1.3347947351294323,-0.3135362124637337,1977.453792642962,1886.821036398727,1355.7053861963795,0.0,0.0,226.13367276322282,-1.8789373399841045,113.31997951168623,83.24507814579871,90.47375158779305,108.1055932045615,107.49966835879914,78.43253962067479,88.08982842358674,70.04117262985046,99.27338776567171,79.10538250749067,90.23272319671584,98.12781287785191,109.18408725497906,120.47505528642023,20.09932582449966
1114,2795.2106911912992,1887.7009083891442,0.6625984241959839,-0.5448789995364329,-0.4505328260456425,49,0.0,0.011607082197828914,1.1586311022507751,-0.15986295626161556,2795.2106911912992,1887.7009083891442,1171.2125392535897,0.0,0.0,225.79277042411246,-1.8785068676716008,98.60686428752464,72.66055300742056,69.59997485158667,88.10890987307484,99.58659327229591,88.33920631015482,95.87937354763031,81.55808768213913,91.45131547714554,67.40126987013224,65.71711646884751,72.64407817588702,94.14264595621695,75.92637310468061,9.59017736885302
1115,1422.822205019033,1889.0220892728696,0.6686277717461706,-0.5335357659738506,-0.3275969748773413,49,0.0,0.015153575325339638,1.7077669345233304,-0.5810715014254972,1422.822205019033,1889.0220892728696,1165.950706116311,0.0,0.0,226.3648926000375,-1.878025732608475,71.44626805176321,59.09885630251503,79.62418534299286,82.93960858382397,76.44066056060687,81.85215000200867,97.01051357505513,98.19888097789308,94.4528913399673,58.67634114135333,69.76867023830545,84.48138340919024,85.09041072601785,100.39140978069571,26.478476084122313
1116,1478.1802124044932,1888.9802754422735,0.5737981019777698,-0.23069409326958873,-0.024495114932859205,49,0.0,0.020466953541297885,2.5306123963617546,-1.0080640778184677,1478.1802124044932,1888.9802754422735,1360.3313603633396,0.0,0.0,226.34181444646586,-1.8780439799567077,91.34091318420934,102.84520219902528,111.71856226899052,102.83459095615527,118.13547873439475,79.20932987606949,88.92185645898678,106.72609741821498,97.89332552299824,72.53016034449483,69.05777697913626,104.7187548169752,97.0721626207669,102.76739342888615,14.559755554035686
1117,3096.965333577554,1888.139734314471,0.5593772778692152,0.34185721895314497,0.7563183359492918,49,0.0,0.008707061129821447,1.0173754575268708,-0.018703141992978047,3096.965333577554,1888.139734314471,980.5434905640398,88.30188229664938,758.0187387618491,225.66698416341976,-1.878283687538348,80.8666668203492,70.49572039246864,54.9107242731811,94.78859613346108,64.26754796496755,80.9841005443129,61.25787851045036,87.0561208175426,67.60801778119625,62.13032972096049,48.18571547913071,63.345297628084715,70.17088331422174,53.6032493986835,20.87264178502893
1118,1513.8106180497405,1889.8714893806823,0.6323707038544197,0.13915475434028507,-0.2166279451879042,49,0.0,0.04379536863040682,5.797157174918479,-1.908037688254181,1513.8106180497405,1889.8714893806823,1689.482228639119,0.0,0.0,226.3269604984455,-1.8776730124828027,106.65997754826297,107.4661676000787,128.12207671977256,120.70787818782546,119.63687003690995,124.79694360900868,135.77676322250738,124.56549042579906,125.4868522195664,102.2880000108413,101.07177194845244,123.65158075331135,117.2863860500261,131.00804922751246,20.957421079243993
1119,1828.126298523101,1890.1528255193177,0.5925433802129858,-0.12211672134713904,0.10615237845144576,49,0.0,0.03852807735361152,4.921138871643902,-1.7301640518544859,1828.126298523101,1890.1528255193177,1816.9339570983761,0.0,0.0,226.1959256619634,-1.8775535895542461,132.61835151446007,116.30591840558569,123.73374934570121,131.40572253593643,134.4893534446524,104.54053474197671,136.52681372177682,139.11892026276547,125.94779845028113,99.62862673132125,131.60865597145477,124.96459331358639,152.49804189928858,135.58264471352396,27.96423204606536
1120,970.1112508904646,1891.1181141668671,0.8591000168900337,0.18407378544004263,-0.07094033581419605,49,0.0,0.013148387684845525,1.0606445627018957,-0.06392467483530473,970.1112508904646,1891.1181141668671,1337.1032590140971,0.0,0.0,226.5536211828179,-1.8771342293011757,90.72905860232206,86.37440455480979,81.43864919592495,96.42169292004282,100.62068120181198,91.28395343574866,97.31717947088248,90.8946823699236,110.56075600992101,76.70076669612791,83.19326196339094,91.00818501990736,107.24380824569312,117.66907756041044,15.647101767179969
1121,2137.9498527487053,1893.2807870829672,0.7452218759990688,0.17648417124164842,-0.18642273618123037,49,0.0,0.014624375392590372,1.4308092647485144,-0.388954359053193,2137.9498527487053,1893.2807870829672,1260.420843767302,0.0,0.0,226.066764690175,-1.876238515730067,88.71866610446259,54.58479353349411,69.77481703990264,92.31752278366511,87.06653356882259,96.34884954744865,88.2424385699187,104.90666224713755,101.23566629653384,95.4807294848637,91.06419817708641,92.41389027498815,81.33416884672909,104.20093100041868,12.730976291830034
1122,2883.461638924309,1894.0605253128163,0.7195215231937414,0.17212150111386754,-0.44630402447086137,49,0.0,0.0404235115778125,4.73284718818743,-1.687806206026132,2883.461638924309,1894.0605253128163,1743.258187999078,0.0,0.0,225.75598335573324,-1.875846290423103,127.96708462772347,115.49797739753075,138.0788638888642,120.76867190460759,126.7169541707327,116.5510077740541,128.42303372811435,119.56938050468662,170.30508115985555,100.09893395766582,94.00765704904367,123.00094264927736,119.43221798436002,124.94261458321748,17.897766619344228
1123,1806.4992421602785,1898.2561216902468,0.7226097745183611,0.15457593357789876,0.5438307317601943,49,0.0,0.010880360760183911,1.0225870672083168,-0.02425073961608458,1806.4992421602785,1898.2561216902468,1222.0133535222674,0.0,0.0,226.20494191005562,-1.8741777011037655,77.00472733994542,79.47838075437764,82.82033754574474,95.60703302615143,87.29384271866931,94.5366521501433,97.58424317952182,92.17475178899429,87.23754298164583,68.63252624124661,66.68831590297071,99.78298011570803,85.60068097237261,80.94628968037708,26.62504912439853
1124,2981.807191645611,1897.308856202196,0.585338847376665,0.6405321569309028,0.45150975179018843,49,0.0,0.013481136244618865,1.5202675578146523,-0.454800069626317,2981.807191645611,1897.308856202196,1315.8231300619054,0.0,4.142537039806685,225.7149884900106,-1.8744798938240546,94.75737062160448,87.92642446953498,84.64026190871215,90.75907212018237,116.30526536609429,97.469484954922,95.78531990695544,91.75835877469945,73.12709386377952,70.55873518738495,100.5262106051018,96.53897744395437,101.44946797312664,104.32145883679061,9.899628029062468
1125,873.9453122082748,1899.6014053137517,0.2463544805600573,0.2208441170641391,-0.15129781703363657,49,0.0,0.01777126625265984,2.2946379602150957,-0.9017854346135884,873.9453122082748,1899.6014053137517,1904.4083189053956,0.0,0.0,226.5937101182587,-1.8735931110877617,148.24041612659548,125.04110593034909,155.4606634086319,126.37964650062509,128.48810328639945,124.14034244060727,151.6813963500383,145.90771584410237,130.5716441237889,106.6307226866621,126.00115112940142,124.89782096047796,137.8933463550502,141.07450401192767,31.99973975073833
1126,640.9109372143333,1901.0824647615304,0.49777860571708404,-0.8334955544557549,-0.0015516606025071046,49,0.0,0.010233981215141305,1.1792172140927204,-0.17898452586959876,640.9109372143333,1901.0824647615304,1101.1438094516136,0.0,0.0,226.6908556541418,-1.8729565482690917,78.41913113484794,65.23320642082174,88.11058622181719,84.95366089501911,88.27972473063957,70.06134109567458,74.97663686917949,105.32568568264267,64.10636996589194,64.38300715023175,77.33482023155489,68.26516288310134,89.64106088946909,69.47326533206842,12.580149948653862
1127,1288.8999740344123,1901.519571751376,0.4732087833627105,0.8754778793089382,0.4549983461645775,49,0.0,0.012963183877499014,1.7127896989839817,-0.5842601059286658,1288.8999740344123,1901.519571751376,1174.7844218634286,0.0,0.0,226.42072280269085,-1.872815230463556,82.53769119266065,72.01673169548457,95.47682794226435,100.33571458131567,75.79460841815272,74.66224886247934,91.55776781820603,73.19746939311335,95.60675611844425,70.36012230502534,84.87539578672687,74.44378266375358,81.17866090707079,85.84495685881372,16.895687319917396
1128,2421.488217561222,1901.489791648403,0.20339086849542373,0.3689014067623397,0.15508846486264988,49,0.0,0.009120650012729513,1.529413451309624,-0.4613122638081873,2421.488217561222,1901.489791648403,1231.9790299105598,0.0,0.0,225.94856424173247,-1.8727990587995604,73.75528479956844,86.68089534341155,75.53650289779685,97.43063298239298,102.01446179751133,83.52850800145077,93.72203671713841,76.1219296413147,98.63327855485406,63.02996023169774,89.81236578357235,93.00052301222007,99.35444914439944,87.05092447279077,12.307276530440369
1129,588.5454952051415,1903.6483037111977,0.32526313309020105,-0.19330362175598498,-0.2529772191755979,49,0.0,0.013242433280883115,2.2432172718539016,-0.8771783504725235,588.5454952051415,1903.6483037111977,1237.965197694186,0.0,0.0,226.7126848017381,-1.8718823682517944,86.06650168963128,93.44941462908993,86.56924204099454,89.53864968813758,85.83076860071267,92.8481957829303,90.91551805366203,86.91339557486565,75.5874610929303,71.46580043719348,89.15856228154107,78.0376935705895,106.59589858990215,73.81781471252603,31.17028094947935
1130,259.33396744945713,1904.7420393490697,0.3364911682128647,0.021344846444611116,-0.5783664785063063,49,0.0,0.009348326271148266,1.007638907228266,-0.00826232061699081,259.33396744945713,1904.7420393490697,1346.5210988092012,0.0,1026.3242023498028,226.84991890238445,-1.87138831455668,84.50751511952225,92.9784275093585,105.54055348632401,95.40932464834387,83.68491424243385,90.51877741435453,102.11112270192058,85.47196168710846,98.1526465915703,85.81370626202107,89.88424820713988,105.9652670579998,95.83913685912302,109.51988487606164,21.12361214591945
1131,2382.168287767724,1905.3289408290061,0.9193941222472563,0.457163299848969,0.21566153866745705,49,0.0,0.012532399718524033,1.116184043393992,-0.11933952422899054,2382.168287767724,1905.3289408290061,1081.839648966973,0.0,0.0,225.96495602283494,-1.871202568599608,77.49412701390631,79.47232613675008,79.17640175309725,86.60901896485089,84.53883928332753,67.6947206042214,73.28563249931383,69.92751766002134,89.3808837233257,63.349964548357164,74.88848000497308,76.88926979027212,70.56922978781999,73.86313850285921,14.70009869387716
1132,212.06970131890662,1905.4229809758933,0.8511872661667264,0.15497933024556124,0.16068672360653993,49,0.0,0.011982848305274223,1.3268369185265005,-0.3070438675672008,212.06970131890662,1905.4229809758933,932.8409057264673,0.0,516.3970145245169,226.86962076548835,-1.8710982190819074,93.81760630639069,46.78288132497724,53.219898596773966,75.61422629777343,45.03863940545264,78.4426253873213,58.775012522191716,70.95793331617861,101.13342797167515,79.73072397598355,56.801764800899505,59.98454945157651,35.98921924992798,62.987369209023385,13.565027910321664
1133,934.1880491018089,1905.8900625090682,0.49467566823283604,0.1881438036994052,-0.33575952083291505,49,0.0,18.382511654490866,2407.073905561094,-8.453723562086223,934.1880491018089,1905.8900625090682,695846.4466280628,0.0,0.0,226.56859581252297,-1.870977039186359,48857.29649037976,45774.759599719546,49825.76527983526,50974.83876529005,50070.052211657094,48395.45734271624,52948.09656933493,51132.20532580995,51046.52230546545,39885.72684811621,48018.54598393905,49238.42413044415,51106.09737890873,49009.22066042815,9563.43773601843
1134,437.51548486230513,1906.8093924708705,0.9611480720839299,-0.1318978128669288,-0.1921955539885917,49,0.0,0.018204536527275782,1.5716094110683907,-0.49086155194466413,437.51548486230513,1906.8093924708705,1219.4686414078842,0.0,0.0,226.77564308374738,-1.8705490380486522,84.44925168873671,76.42945396109425,85.1304553872936,91.87350705541971,94.83992854183863,82.17577559377145,95.45068594634475,82.02244559297354,107.48150373889897,71.07321439764061,80.80240820527177,86.81738168158935,85.10603204710358,86.39318121646224,9.423416353444985
1135,2572.340717291824,1907.7734601572943,0.48648211567431854,-0.15684279420008854,-0.1434401549148585,49,0.0,0.05213057128840624,8.057739897764659,-2.265533110848601,2572.340717291824,1907.7734601572943,2030.7625417823335,0.0,0.0,225.88567891794509,-1.8701675445586834,125.92617835673076,119.6643351175712,145.21748721496982,158.49943848551916,145.78788046706484,125.36502414730121,147.69809421302654,173.1108262851933,147.179591060274,110.13206464516303,125.54135325154301,161.13050867808406,156.99569413667678,158.50284551933441,30.011220203881457
1136,1273.99484603823,1912.4249019569495,0.9242208137629065,-0.1561987573900467,0.21532268050701625,49,0.0,0.01724468767373218,1.5189905322680173,-0.4538876673815043,1273.99484603823,1912.4249019569495,1239.1929041908797,0.0,0.0,226.42693616691798,-1.8682709071073218,77.00881204563561,78.00662059959777,97.184809195642,85.23052762587218,99.19167775385576,81.42688916464616,97.72835984000673,94.60514982313768,87.33920612378364,79.68413489588927,70.29481276384027,88.29281272078904,101.74768738109708,76.66970258162962,24.781701675456933
1137,1799.3886874869756,1913.8301360461396,0.8360794664877358,-0.0800726541770779,-0.5258794199176967,49,0.0,0.02472607392693505,2.46301304445393,-0.978666779820413,1799.3886874869756,1913.8301360461396,1409.8928304130432,0.0,0.0,226.20790654114685,-1.8676887100220996,92.28582027366625,86.78947715910479,127.53841559257806,104.03056623587051,99.9517737305805,79.1554531857633,89.75187147235776,105.73012299807523,85.68174701204224,88.58962016086444,99.3841978213919,107.73636134937269,117.9739896448092,99.57608636699415,25.71732740957227
1138,489.10097355656234,1914.9840275981578,0.6866094553311446,-0.182107069922001,-0.15233607202503774,49,0.0,0.020474995731671823,2.3437087113673525,-0.9247590856573301,489.10097355656234,1914.9840275981578,1296.0442040850035,0.0,0.0,226.75413823461025,-1.8671488735926562,83.76909596461968,78.0149501864161,88.82514098175481,98.83748035162424,104.67058295876234,83.39068896815618,109.78537373830024,80.88802780393516,92.61126899924147,69.35263256910872,92.95614820701003,84.21927184225825,113.96441367576105,95.69166993292156,19.06745790513365
1139,2591.507605585544,1916.7711028170959,0.5478114695498557,-0.29749959131227377,-0.30903026927302213,49,0.0,0.01702319002175641,2.183420470687193,-0.8478434443064108,2591.507605585544,1916.7711028170959,1417.3065851254041,0.0,0.0,225.87768982855238,-1.8664167825092253,87.72654451148341,84.02107512360669,110.01533417002477,105.22633732855677,103.29730160720474,102.7012742745407,114.14902889333457,88.62987127343743,106.70498078108811,83.42199256847607,102.12027475399306,112.76761828179505,89.29753496895202,104.99694078838144,22.2304758005293
1140,951.17833472753,1919.871305925182,0.9539170296714915,-0.06279303060377392,0.24224474913704475,49,0.0,0.04093153083913811,1.1250301528551314,-0.12791040621424832,951.17833472753,1919.871305925182,10718.735343163036,0.0,0.0,226.56151197021828,-1.8651527224265505,730.0017301565144,682.6580173993242,737.4401989100679,836.1164347904238,748.3138284205929,733.8857237658528,866.0539504567164,727.0038407643269,811.750053117046,607.6748061149781,726.1945386870716,799.5987666833546,798.7334078482146,757.5905775990277,155.7194684495254
1141,202.43180132908486,1921.5030889861098,0.31516681254973483,-0.12575704339982255,0.4421390483561998,49,0.0,0.005712632163094529,1.094944191201234,-0.09847995987865091,202.43180132908486,1921.5030889861098,806.7280294393493,0.0,322.0236513142801,226.87363589941077,-1.8643972263977167,119.95253281292625,29.27864190518347,69.57095267202031,42.085840531189646,16.098428875625274,31.249489185606954,50.162775495973236,101.81355033281353,25.33930355594402,44.493594030598835,59.55775920627807,42.26151451910154,78.09556239047069,83.34090712206034,13.427176803557142
1142,1544.8102208278294,1920.631809918664,0.4499919012112263,0.30409784673405593,-0.19353762374072822,49,0.0,0.018836676769758504,2.7892375500164306,-1.1137137581176235,1544.8102208278294,1920.631809918664,1309.6527659814565,0.0,0.0,226.3140369091253,-1.8648564955343474,74.36941484671439,78.88457490556868,86.41783328716885,95.05993380130906,91.0666335063501,92.58992075374537,105.78359277305861,97.61071278647987,104.56684207730547,72.55118263641364,83.71592943920362,85.75240360838362,114.207894443549,95.79579056412452,31.28010655208152
1143,3098.8112916103037,1922.268067009541,0.9894927816470435,0.0273662689528012,-0.47589824871074904,49,0.0,0.012102650469258184,1.2943042334618688,-0.28009092920863105,3098.8112916103037,1922.268067009541,600.1706858096735,59.38008689640625,261.2039775868005,225.6662201015226,-1.8640641892488456,1.6491125140477076,19.226085191187032,14.458282545563485,6.426687166536665,17.662398973543116,19.28959584119432,28.593747668017862,21.4343939843125,87.64502007858381,30.208598587505037,60.16423836875231,84.69700467644904,110.70834883520074,88.23632863766699,9.770842741112867
1144,885.0207493540297,1926.345274719264,0.5543298629317401,0.10793423360227013,-0.15041940106250723,49,0.0,0.022607434588592688,2.9880400032468435,-1.1884660185621074,885.0207493540297,1926.345274719264,1403.9857455033018,0.0,0.0,226.5890909985206,-1.8624508322666191,118.11907478047596,79.95556510444365,104.37082456202353,104.7593357427512,85.13092103852554,96.8611211616834,110.12841288942178,121.1344472177046,94.52636853966476,89.53655104468032,92.73200634401192,83.97571538936559,96.3161411630312,106.63648719695124,19.802773328566957
1145,849.915603482962,1927.240637687828,0.7408000972030521,0.010087911592635862,-0.34980834607320993,49,0.0,0.028144652478107053,3.01617842352118,-1.1986425721544158,849.915603482962,1927.240637687828,1491.8216312752393,0.0,0.0,226.6037253454632,-1.8620752366154443,118.78305062800206,72.1026018408541,95.31710092609991,109.14176592438535,95.35823585685114,97.87052130496683,115.48661218013878,126.12371572004463,103.97495640511619,93.32444813382901,90.54985346449439,113.1742764902983,111.51656282038385,126.65174928387589,22.44618029589891
1146,933.2376020897553,1928.7882125569943,0.39593873788841993,0.5354618669793351,0.8827024662340516,49,0.0,0.03674148171312093,1.0613938591566137,-0.06469142657213964,933.2376020897553,1928.7882125569943,10947.833900021305,0.0,0.0,226.5689904170623,-1.8614362437397098,778.4630300073308,762.543518837498,777.6968090159157,783.9777820271615,812.8347727490818,764.0555770652007,812.1533726905419,762.5567885465905,817.4590071107789,608.2867725822215,721.3500715121534,794.7006845861517,845.1781104747415,755.0039867315511,151.5736160843851
1147,2785.490528153276,1928.960626357955,0.6641934221840603,-0.200582992496329,-0.35359348158742926,49,0.0,0.11257130700499507,14.514213778856154,-2.90448378871544,2785.490528153276,1928.960626357955,3022.3971463326334,0.0,0.0,225.796827528269,-1.8613171931612786,223.81022068657552,194.9788941960021,213.49302599714093,220.12534258391082,213.7020250582389,209.90414235467475,216.67167024476657,215.28110882514022,220.2728441460196,174.09699736235893,203.66118396006732,234.6174698255176,233.43532656035035,217.1139513427327,31.232943189136982
1148,411.48115920390273,1929.9153049333345,0.4242439263651104,-0.907604007860463,-0.21017016457300583,49,0.0,0.008738151568912299,1.0229711733440188,-0.02465848937811558,411.48115920390273,1929.9153049333345,1123.5991704077794,0.0,0.0,226.78649277624177,-1.8609189567746813,78.9159457231112,78.07535764372676,91.09734882569674,84.86844446144983,70.29184266120009,77.29834151387804,87.33281341252848,69.46602669418647,76.37867716154292,71.25315371168813,84.42765865769269,84.35089878969583,84.4878102947946,76.6109037872822,8.743947069305374
1149,770.4909508493315,1930.4041689130418,0.6026281126831706,0.1835879468280306,-0.1541528131565903,49,0.0,0.04661661973742055,6.494912758439479,-2.0314333046955224,770.4909508493315,1930.4041689130418,1786.6110721558698,0.0,0.0,226.63683496891693,-1.860750947001217,111.53543361483193,107.56537993627236,118.84226102967318,105.93536429205658,151.04741210356673,117.977835883212,138.37957702581272,141.38721803106407,123.02108715407202,94.86005659836084,128.88227250504485,148.89615396362552,144.8708600635744,126.3133024671222,27.096857487580518
1150,2147.9840999346534,1929.741794272603,0.2065931334030578,0.7499740175882543,-0.24896697255729225,49,0.0,0.011809817551409411,1.4164673866756832,-0.3780164489945772,2147.9840999346534,1929.741794272603,1700.4227059223463,0.0,0.0,226.06258369706063,-1.8610460874700008,121.16211187945555,116.39989373443751,109.49513417174768,123.8466030036616,145.80958481433862,124.86102946445237,143.90508471204606,124.44250545954914,125.84497096971954,93.07337364388107,104.24787120851688,107.09397576665907,109.284398959887,131.20553939587725,19.75062873811684
1151,943.3450008767836,1932.6709554957083,0.2702381433350156,-0.7831819999618573,0.3474709311137496,49,0.0,0.019715905074531775,1.2555910591609847,-0.24712053626451502,943.3450008767836,1932.6709554957083,5891.196116806104,0.0,0.0,226.56477661729764,-1.8598191211139072,384.8303627021467,406.65523442432436,404.687604067703,407.4250842437988,450.9583180275707,402.2105195126662,430.91742314535776,451.19509082694475,487.71990893670375,335.49913723014896,383.2513020804269,434.7839539927563,435.1199496341027,384.3958009517774,91.54642702967536
1152,755.2520187298226,1935.5111370066775,0.2929538254894033,0.23989369192487373,-0.11687386506441308,49,0.0,0.011121313167006033,1.567394862441152,-0.48794604729273056,755.2520187298226,1935.5111370066775,1459.3041754155743,0.0,0.0,226.64318716322293,-1.8586218398198866,115.27680278112467,88.8870347094612,96.10146371776932,95.01301699947697,116.66972996694139,84.2728468506837,122.29964495249833,96.31092742456853,100.57095359484956,74.37334179733399,109.49862081575472,104.08952663534231,111.29618576822844,116.25103994184474,28.39303945969653
1153,1260.6892068708262,1936.202298614271,0.5530167385311033,0.020963102174641084,-0.12691837707633405,49,0.0,0.02157724197211691,2.849224361519328,-1.1368166225136536,1260.6892068708262,1936.202298614271,1415.7330776534561,0.0,0.0,226.43248223044998,-1.8583633056150608,98.95785021503912,98.2943972097514,94.05529619745738,89.25675504540567,81.30229588675297,108.56616853585189,106.54543140638731,94.53004442854649,109.95457114868461,81.74088301290737,101.8723442492967,116.77648561022708,96.79741696221615,116.70737283502984,20.37576490990221
1154,684.9590028167298,1936.5957735775237,0.686720220062551,0.3078304380990422,-0.4895047392790565,49,0.0,0.014877301233225315,1.5943900888176008,-0.5064864650069126,684.9590028167298,1936.5957735775237,1249.9039319524313,0.0,0.0,226.67248994234066,-1.8581638358668284,93.70705567924473,90.27656063132002,90.10068915006815,78.30859798065877,108.9669779824111,80.84524351461874,96.8236902333305,84.37845015058909,99.36689715479007,83.51223247365336,79.14881788989379,67.79867278429536,91.3886021510776,84.80857870713717,20.472865469342878
1155,1367.4461406087275,1937.3404431935755,0.6303091444136629,0.32529394411310486,-0.1522937487401667,49,0.0,0.06481763815245906,8.453519791963982,-2.317593934488486,1367.4461406087275,1937.3404431935755,2184.740278399866,2.4750272430904365,0.0,226.38797706685972,-1.8578920885028474,152.1798084714761,133.7610009050087,164.66409029296466,178.3437111743278,146.3101933000716,163.0958413645295,170.2890724929999,154.92049760483957,161.52831732558315,116.02912810985241,163.42226893656823,144.79791839258382,152.90441723937766,151.22780339122016,31.266209398462443
1156,2454.7845905109343,1937.8953061631871,0.37492230769540463,0.11691041618418757,-0.19294762000587487,49,0.0,0.03477109364613606,6.324124014750303,-2.002500944419264,2454.7845905109343,1937.8953061631871,1797.1215148827805,0.0,0.0,225.9346871763802,-1.8576277061107425,129.07010083176226,123.87170387657147,117.64664525051671,120.41040943499078,131.97053954167467,125.50011284283028,155.3402611481132,137.1565232713766,116.86218581668388,107.05473865448579,103.62091979212363,133.80046694215025,136.64232784900014,136.23733559608797,21.93724403441304
1157,1812.7016004293505,1938.949861520013,0.7490602840721197,0.1972211167029878,-0.35168149605370236,49,0.0,0.015732727696634786,1.5776046618605164,-0.4949954523747275,1812.7016004293505,1938.949861520013,1167.5349757177314,0.0,0.0,226.20235713627983,-1.8572219586583236,67.59595245147247,85.02348219167432,87.01772817633992,94.04672831264756,96.67425266927597,93.73784233560748,95.11765142400445,82.29505305323455,79.15634885064165,61.467220213162435,74.72626514800697,70.70056840038856,73.31818926684568,91.37265881301815,15.28503441141123
1158,235.26602403683106,1940.3440666920706,0.7171041424394337,-0.43605064397639376,-0.2928979570966524,49,0.0,0.012438214067347884,1.2196034321363574,-0.21554659465272433,235.26602403683106,1940.3440666920706,1568.431641068484,0.0,782.4604236711587,226.85994642663098,-1.85655172578156,99.87800031793597,113.83387719071456,118.5180714173552,178.1994749846047,90.52398733796059,85.34719001428064,146.96835918615932,85.81530082766703,121.09012349054024,91.81055760184734,118.38980108190285,135.63821046121183,102.4572013623652,72.90960545678979,7.051880337148755
1159,1299.2168051463416,1941.611476945551,0.807280704756134,0.23619116710617225,-0.13837277203460768,49,0.0,0.03325260496056342,3.699355945593468,-1.4203153009634666,1299.2168051463416,1941.611476945551,1365.6302056231043,0.0,0.0,226.41642057974838,-1.8561107145313807,109.6375442296977,93.63825503891982,107.30096205194862,103.73022987245527,105.15947124194298,101.4894254966969,100.66524994459998,83.84895876047896,100.16800648131502,82.50172759889512,73.35034692143385,91.28169140510015,100.73116836929347,94.70465252513674,17.422515685189715
1160,2515.6418295551043,1940.8810202923196,0.6106082521570105,-0.08104927083170851,-0.13635473127857012,49,0.0,0.0160651787743308,1.9070844828852669,-0.7009248312492438,2515.6418295551043,1940.8810202923196,1266.722713438034,0.0,0.0,225.9093180767597,-1.8563784027078556,103.68882015875651,82.2968780409575,88.62989860659273,84.83591964917943,68.92748633736412,93.12274990493282,105.785972971441,103.12310635561394,92.7857557511436,71.92423284001468,89.48313782301074,81.5032817927216,87.84000091284872,96.78927140062297,15.986200892833487
1161,2158.1517113578466,1941.9542283400858,0.6383980304675079,0.18674629589749478,-0.05141573197276456,49,0.0,0.025345762607095125,3.073515360142823,-1.2190884697106794,2158.1517113578466,1941.9542283400858,1476.6720029191702,0.0,0.0,226.0583457573951,-1.855957092291201,101.22523134791271,85.57323233673048,104.82743239619325,103.28565050254792,111.79598127306441,108.65780414074953,98.0097208980563,125.04933309723557,102.0091108147012,86.35355799091965,91.38256259755278,99.5079123551633,129.83525560956448,115.2869952913415,13.872222267436872
1162,1333.2641656200185,1943.818787465187,0.795695818463294,-0.08215759121289853,0.2142824468936247,49,0.0,0.012093648840641971,1.1077372860679857,-0.1110919354135953,1333.2641656200185,1943.818787465187,1095.6584796859383,28.385862634597082,0.0,226.40222677436,-1.8551919595966928,48.566672075128224,51.924872317076556,63.63301789569725,98.65069870380245,69.74333666062857,77.21056612820244,100.24845995547437,85.27236027062138,78.83797685295073,68.08110370593569,73.40760001380448,74.23501897093986,105.04749296185054,91.83916892558298,8.96013424824291
1163,922.6615976016803,1945.9308626805578,0.23870723947511913,-0.04337770500597365,-0.022213780508234398,49,0.0,0.011380473490866374,1.878808782116523,-0.6847064538469969,922.6615976016803,1945.9308626805578,1584.5705790189418,0.0,0.0,226.57339806514702,-1.8542929021778065,120.58741994296331,95.82510567368621,88.82438077260119,117.37722222894347,128.7539464292462,110.75222655131293,125.32672228971452,114.1743550294447,102.52883723257294,103.13894036192653,111.18744760739928,112.2627894689634,120.4214673509422,112.39974547215593,21.00997260706916
1164,1458.5166270683146,1945.7598469248426,0.9903548361417149,-0.06104439615452329,-0.23295914395777315,49,0.0,0.012388083763965357,1.0234732046879096,-0.025191192463302058,1458.5166270683146,1945.7598469248426,1058.711281902575,0.0,0.0,226.35001113206417,-1.854385705576786,64.19570657133494,58.497628582950256,70.59577371751699,71.4650213066088,60.610551791922504,60.95848824930319,84.27708498638032,87.78943773000522,81.41252003245062,72.76311121511458,91.10508786078864,76.67243249970215,65.93926879611672,90.89404936439665,21.53511919798327
1165,2431.5594741191117,1948.3048710686137,0.5577739946181434,-0.21027796766734713,-0.12001711789351943,49,0.0,0.009891569088368982,1.069240559255472,-0.07268856097338638,2431.5594741191117,1948.3048710686137,1166.0861445317744,0.0,0.0,225.9443699185913,-1.8532924169024776,73.44376278619757,75.21313625408189,81.91219282186745,90.88504171804544,86.26790917022495,84.0588873939,92.16945128726587,70.53939976271894,100.90353815612326,62.88562110763888,87.65578962337523,81.02886145913374,80.14257430346878,85.20226737177796,13.777711315954496
1166,706.8197267340049,1950.8835084841605,0.8306081156290552,0.18073350404234484,-0.29168457351859234,49,0.0,0.014152154311144511,1.1174556307068462,-0.12057572051278011,706.8197267340049,1950.8835084841605,1232.632549186581,0.0,0.0,226.66337558654945,-1.8522127198555858,101.9668542283378,78.55366332727387,77.04033985720677,100.93577312947676,98.27742479906493,80.88667684300106,82.64848185664873,87.30949315659717,92.81521114999325,68.89212826513162,71.89261159986381,96.19314358127008,88.43249791576869,89.27385226321319,17.51439721373311
1167,608.6628462262045,1952.09455331445,0.262727236747567,0.0011785609205437074,0.010732345417822316,49,0.0,0.00858676361342085,1.3150834811116083,-0.2973833064662472,608.6628462262045,1952.09455331445,1170.7244576572564,0.0,0.0,226.70429348062248,-1.851699067109383,75.53936728114203,70.11224370830958,101.63870341169405,85.64507142933891,87.36404384463646,78.90902368177541,95.31754787119287,65.65121602693911,117.17729681501444,65.08382839563994,74.9116119152186,83.8479821920626,86.77852351185737,70.05780007145628,12.690197500978591
1168,2075.007509668498,1952.5837380457144,0.5111966915472663,0.10942124324784244,-0.013059666624363541,49,0.0,0.021870180573531916,2.918303001435568,-1.162825954517111,2075.007509668498,1952.5837380457144,1456.3708492477508,0.0,0.0,226.09300729511997,-1.8515323974909401,107.3342699296708,93.47792865246055,106.6062840924306,112.97307832941941,105.14122978877286,97.4123102097519,99.28974205726968,100.43360173127817,109.30313022233523,93.5980151208717,89.04507514120672,102.20134575084946,123.30067168733711,85.5232696007615,30.73089693333509
1169,210.6223640098553,1953.3151306605512,0.6095820815448079,0.17351949042343534,-0.0445028730613471,49,0.0,0.010057443136059963,1.3516607664413431,-0.3271692701589918,210.6223640098553,1953.3151306605512,958.8806276567233,0.0,321.3635259568241,226.87021704177138,-1.851144092510849,105.25229322142903,119.97849727328425,68.38817949286486,34.26194336021496,19.75388669750076,95.57954458861275,88.45485269430188,30.34220793195739,59.85621255687162,65.49483130465575,41.425745177957594,47.554394147044015,43.46250114438921,128.9103088540611,10.16522921157813
1170,2746.294525380987,1954.9379133371722,0.8147652655272537,-0.17715772719613782,-0.3016456682616,49,0.0,0.017817650626423806,1.6476379972802038,-0.5421544973873829,2746.294525380987,1954.9379133371722,1292.4717492859882,0.0,0.0,225.81316974466714,-1.8504982641923926,82.35045560930439,84.22759455399436,98.43963976845282,90.20731452862486,86.81511026683503,88.14555016608438,119.7248865699224,92.7094121242298,93.24678352020172,72.51466029813531,86.6097873369385,101.35081308610143,83.52375885571082,98.26728078720615,14.338701814246035
1171,1000.2164474310339,1956.1741929704729,0.551111060041262,0.053318125299678346,-0.21465387766170044,49,0.0,7.882975342868816,1136.9334938989334,-7.639337652314176,1000.2164474310339,1956.1741929704729,188218.55062198103,0.0,0.0,226.54106676506512,-1.8500297781992547,12715.110166159062,12087.271053583232,13407.773680635924,13667.145819326975,13407.049597580113,12888.591088993468,14634.673996417667,14085.281373668335,13973.035541199304,11027.77435565144,13197.368213605412,13384.060267164756,13996.769972305861,13295.066056064798,2451.5794396247456
1172,530.3802177110305,1960.3129845568021,0.7546196334136694,-0.003727251990448295,-0.48740063250449966,49,0.0,0.015619325542572744,1.5662087446563404,-0.4871241111163335,530.3802177110305,1960.3129845568021,1159.7599474042918,0.0,0.0,226.7369254109787,-1.8482669417774407,91.94156680827307,65.56588892201557,81.09401308055963,79.83833010599689,88.31774210003852,76.22662708472978,93.34448972275584,86.73752475716226,96.65637671488255,72.53695287691045,78.06730658115046,89.30975306064536,75.44391895622195,67.5285650726644,17.15089156028524
1173,1446.5563302196902,1962.6847876321515,0.46450520174740034,0.12759699821964296,-0.49539790297582276,49,0.0,0.009713920187896527,1.149099766318397,-0.1508943408256097,1446.5563302196902,1962.6847876321515,1175.8401531382337,0.0,0.0,226.35499690324932,-1.8473335244338036,77.99783541271216,64.10518794249619,88.0526722911882,97.55650610680297,75.43155323695089,67.57771604728234,79.28931995880397,76.89135654824494,94.18080337943186,70.96574739829823,70.88955445269205,105.66564619161026,83.68879260020252,106.14512222511199,17.40233934640493
1174,2707.3594146234695,1963.8598092283328,0.6663996515255354,-0.04621182432289089,-0.403338602425223,49,0.0,0.08353159290595105,10.601798177638393,-2.56344883117946,2707.3594146234695,1963.8598092283328,2474.8491339049488,0.0,0.0,225.8294010732935,-1.84678524631971,162.12286056410358,152.08533909728558,185.5524765431564,185.64791349014507,190.94121500493634,166.4205632553346,189.24040803916392,183.87616340573285,187.80215490677443,156.63135332170916,178.45254728999788,156.46766584821881,161.58299126862119,180.35403838871486,37.671443481054276
1175,1532.7566809665398,1964.678749516829,0.6613124561153052,0.5635493636339522,0.07826128573207718,49,0.0,0.011596411976606331,1.0629451872568962,-0.06627717474749728,1532.7566809665398,1964.678749516829,1210.0104533948543,0.0,0.0,226.31906154857728,-1.8465036466572136,89.97504140676315,87.39744563246578,81.25263735766285,94.20038338387855,92.8643496784685,73.97874654472432,66.66954472725335,89.81052710806219,84.01537784548123,80.9710674952472,87.28208103511572,93.18152604844542,91.67167615730227,78.69285238185854,18.047196592125367
1176,715.7364607775586,1966.3768884884057,0.7047031384467313,0.5244239143044079,-0.5210939250834855,49,0.0,0.011021627141595788,1.063699468240056,-0.0670473553267504,715.7364607775586,1966.3768884884057,1121.4835511182114,0.0,0.0,226.65965705633462,-1.845758099337551,74.2297384541352,62.98167202592445,72.27244439837756,83.4446897635544,74.96640005028267,90.34623177422628,79.3442683436906,83.6320481456885,91.32053081047688,55.304877797731095,82.6521012151542,93.21267807106213,83.16038712520128,79.73241347665461,14.883069666051444
1177,999.3454173962543,1965.8989689086545,0.6417718385984076,0.24476932750694574,-0.244758817460945,49,0.0,0.11467739705678742,12.113331074942591,-2.70815896820792,999.3454173962543,1965.8989689086545,42816.54019994447,0.0,0.0,226.54142925707316,-1.8459778036376544,2769.1941802148804,2741.854790284301,3272.857286914026,3198.748468412303,3107.493393406039,2980.73923958791,3182.718620458159,3170.9664475274744,3277.8657530022397,2361.1667824641204,2998.8209778188407,2987.1752242380535,3419.7150880377217,2759.3600184538054,587.8639291245881
1178,1780.7374062802523,1966.8264731730214,0.6520263630371853,-0.2108729633808534,-0.24103932576453863,49,0.0,0.01367197039126921,1.2887186504242922,-0.2753952842578592,1780.7374062802523,1966.8264731730214,2856.6272940845893,0.0,0.0,226.21568301430167,-1.8456074063514978,252.65987802122623,186.0931540669429,176.75338561267472,175.9424930229516,207.4442344779082,199.33186232794756,238.60931450924002,205.49949559201067,224.30396394986082,153.5492480788813,199.99201198483158,175.3736178501103,224.97284241485931,200.1020987823355,35.99969339280782
1179,2533.137810781637,1966.797687486055,0.5492396283338656,-0.10794909650469865,-0.29218777003863405,49,0.0,0.017736045318892817,2.1814040329515043,-0.8468402792956751,2533.137810781637,1966.797687486055,1327.7246779646994,0.0,0.0,225.90202716464324,-1.8455785239633187,99.19701190734628,96.51562391522964,101.9370760856668,76.7146165391885,97.38202450171948,71.21686774188447,110.71238736634066,94.52799653241891,109.30639213477119,70.25396916671929,73.79461963437487,94.45730187291572,93.04389601378418,114.96114527984027,23.703749272499046
1180,2175.5488760633452,1967.7279422859724,0.3920255016809877,-0.11193924478336977,-0.19338233286364778,49,0.0,0.009918281060381265,1.3579115432011624,-0.3321787003567001,2175.5488760633452,1967.7279422859724,1253.0924985999743,0.0,0.0,226.051094847085,-1.8452172427680966,82.66450993444323,83.12751142964999,87.0362420463635,80.8884775988662,82.31077893521119,103.4024045885008,104.15067388289225,74.25189948341867,95.1065969355632,62.48360550561777,85.4480860343348,104.73202121334609,107.28648097674659,84.23569593654952,15.967514098470538
1181,2013.9034568869274,1971.3090531174541,0.5124123624260192,0.7553065204674714,0.26234933166288166,49,0.0,0.01093471596252319,1.1760434881360016,-0.17605845381520313,2013.9034568869274,1971.3090531174541,1186.3218777091975,0.0,0.0,226.11848108578658,-1.8437329292528366,75.00379895520261,66.16913379820005,85.7824866046372,78.83463701998784,97.12562549987493,69.53480415819858,97.3784859522087,96.61982903612696,89.4623041853093,58.57143847233154,86.12123837217999,95.12117772869561,81.93949947837602,88.74898624189275,19.908432205975306
1182,2281.6139186535893,1970.81446254151,0.5547496506533531,0.2323225226436227,0.2908172499266122,49,0.0,0.010764291385622017,1.2255294503651852,-0.2208093803154288,2281.6139186535893,1970.81446254151,1103.73746542709,0.0,0.0,226.006879456417,-1.8439247148342857,75.49221323549713,87.92141313789966,60.89788753737385,86.98971491341247,84.2906575036113,60.99928845649906,85.54836602301089,90.86562735484785,71.11419220241623,50.46563249888344,83.33518436476308,89.33575746793002,85.50745103839569,67.68636426667469,23.287715425874715
1183,2411.497465792407,1971.1503577889243,0.6169282035452096,-0.5200372969677676,-0.04571016954352415,49,0.0,0.011589816108838266,1.2982817421624386,-0.28342237405155285,2411.497465792407,1971.1503577889243,1138.727029892824,0.0,0.0,225.95273509804585,-1.8437753097176812,66.56020520777643,71.92884156219243,81.56749610779202,96.22301487225683,75.83988220022867,84.15342312692836,97.74216582404826,70.45780489389215,84.81403898186583,81.4236345738191,82.76011978799245,82.14045565239657,77.34154571482611,72.15410876286299,13.620292623945739
1184,1788.0979695745448,1971.6161773918273,0.5436152126366117,0.04250912816554463,-0.11330623992643699,49,0.0,0.1911186235805466,28.779578265272956,-3.647711063785451,1788.0979695745448,1971.6161773918273,4900.8946755511,0.0,0.0,226.21261463253435,-1.8436115802930118,376.8746574919335,286.04181833732196,314.14930135343957,329.2329768615166,356.4750591096288,307.2780816681546,385.7780361698084,372.1850204532946,379.57949485158633,275.0405243229329,361.0531901469682,346.88596364575903,395.18137908748474,334.7301135786729,80.40905847259694
1185,1920.6603112462928,1972.1468303462996,0.5537442312957055,-0.0048913693302349735,-0.2138497784922383,49,0.0,1.0426508177004743,157.1152226979751,-5.490545663323162,1920.6603112462928,1972.1468303462996,22204.10232093699,0.0,0.0,226.15735212934507,-1.8433871946918141,1573.4954722882271,1430.4535763413694,1525.5501165009073,1544.007246005583,1623.966452245345,1462.5368683325285,1725.5063335093246,1685.3625114105444,1653.2409636225689,1229.2583359969244,1567.211007287739,1586.5577963771984,1649.1521789108292,1657.187606841278,290.615855266621
1186,1399.1813363087388,1975.3178313918322,0.6049471307757076,0.3440547905277766,-0.17192679309606135,49,0.0,0.01935194109147427,2.500822998439372,-0.9952073865420104,1399.1813363087388,1975.3178313918322,1270.002185936268,0.0,0.0,226.37474637796686,-1.8420689772353163,76.70499375009072,64.84206937727821,91.54038001851089,91.17394923281154,80.15971287737264,90.31551563774862,106.81204703093906,87.23259302150575,110.42366851672736,76.19339318090475,79.60082199928581,86.75689355608964,117.39779288933599,85.61888016511999,25.229474682547135
1187,537.4204940188142,1977.4633611934605,0.37347989717005303,0.35995344924428935,-0.2869831299882269,49,0.0,0.07833696655258493,13.42383299014504,-2.8196913508320884,537.4204940188142,1977.4633611934605,3277.954144993134,0.0,0.0,226.73398869408086,-1.8411219507941203,227.27640353653723,208.15842209095808,237.33342699680452,234.35496631694284,220.0316765212798,187.64185874289717,233.1171726984763,241.0491490805191,252.6356469539092,209.0717377030005,245.88746419473776,264.76107063570305,235.9638339667518,240.08905379548293,40.58226175913359
1188,1043.3911141253245,1979.714380145811,0.4829183348658596,0.12047920561074388,-0.11294458308967115,49,0.0,0.029003802628365095,4.22373964126128,-1.5642428491881708,1043.3911141253245,1979.714380145811,1629.8682271217021,0.0,0.0,226.52306693100508,-1.8402239628219466,139.69455197443915,95.15633776060469,126.3858443481118,139.79544038684713,101.95882822955852,103.0547818153093,121.49408900816903,120.85181884759021,100.28142559960288,89.60920172779628,106.3803557625393,110.71384840347685,122.65903001971455,131.5580803386341,20.27459289930836
1189,1492.6083616554897,1981.7704472055964,0.749171542844109,0.1649845629743285,-0.20475106298593104,49,0.0,0.03272493002692196,3.7564888881479845,-1.436955271290864,1492.6083616554897,1981.7704472055964,1447.4238348845415,0.0,0.0,226.3357984452646,-1.8393818160670834,90.69163002343875,84.9513756679751,110.59130518355364,106.44464178166439,80.05313036476781,107.2453594930545,122.19503055292977,99.4561523827991,115.25895717371287,89.37114016216918,112.01072761978432,102.30996951077677,98.44321574641305,114.93893765240892,13.462261569093487
1190,2794.0177470064828,1982.4035656054834,0.7898957190975359,0.42890313994073465,0.12654217242458998,49,0.0,0.013361270549081134,1.02385215548008,-0.02559312232514485,2794.0177470064828,1982.4035656054834,1481.6651272582421,0.0,0.0,225.79327966665147,-1.8390492918605454,92.9664073804303,95.14191325110676,120.78039717768917,120.26197663743677,105.7426448083796,101.66328189571145,124.46893846878785,115.63952576720351,100.85284819418037,66.80215071915498,100.64770131913514,103.56485901601509,114.49913575281393,99.28980181151994,19.3435450586774
1191,2816.0249245689433,1983.670069313026,0.4121623253517635,0.025915916721052135,-0.12969652365480192,49,0.0,0.0098064158859171,1.164536745403669,-0.16538299167497603,2816.0249245689433,1983.670069313026,1224.855544404654,0.0,0.0,225.78410618625813,-1.838519027912562,95.1188668589678,78.04701254432564,94.23142952692635,79.59203320529761,109.4215200237382,69.95299208524563,96.62985484715526,85.25832342380166,82.67002825682628,46.88161950496524,98.42862593339663,83.08591861029186,89.08322738676029,98.02150321497363,18.43258898198188
1192,213.49691058433277,1987.0590240276938,0.6280853949530234,-0.4727921165128894,-0.10721725285838056,49,0.0,0.01692711281355168,2.3279854748160886,-0.9174506656459792,213.49691058433277,1987.0590240276938,1190.4641863266047,0.0,336.9323636235374,226.86901386522888,-1.8370853454716258,44.81881219566131,64.91520753331038,105.35639252242194,138.5375817836909,79.16393190950204,55.730196892141834,134.61135813547057,199.6748294452134,52.02303684994624,93.43385074179776,42.50054788314496,55.220391795024504,46.61479725531098,61.87054439173878,15.99270699222918
1193,247.44178276904194,1987.9459792904477,0.2789682559309043,0.8751543647608956,-0.6969336797948867,49,0.0,0.011115350970442039,1.57414890509898,-0.49261452908570036,247.44178276904194,1987.9459792904477,1633.491052044614,0.0,957.3428041704695,226.85486422947446,-1.8367203208929697,103.37303356664836,141.7056141660454,109.21865775432168,100.81158205360637,82.8378177087757,133.6554208170024,101.26705703591333,190.0887888823915,120.85618473544835,98.79106002830895,99.49385082608254,100.18073856860246,70.94471933520589,154.85259307622024,25.41393349004091
1194,2269.639703056037,1987.6223352582924,0.4424005779606133,-0.1254145614832039,-0.4333985879251429,49,0.0,0.011026644535150735,1.488577645268567,-0.4319287317064658,2269.639703056037,1987.6223352582924,1121.3579816807473,0.0,0.0,226.01187234875167,-1.8369223592557276,75.0012967695894,75.77704274328187,77.70760773377239,88.62137110373752,106.22435194270125,77.7605939134473,75.30792141424821,101.63180092936281,73.291022334806,58.63050458594074,66.16758267454517,90.95996189483262,79.63332907477661,64.52596878962532,10.117625776080166
1195,2153.718807332578,1988.4797127379973,0.4804237974262436,0.25557144548352945,-0.13341030513074448,49,0.0,0.010810770932766478,1.3348454536389174,-0.3135774666538959,2153.718807332578,1988.4797127379973,1175.9398281715792,0.0,0.0,226.06019645654044,-1.8365720091650097,72.87074010243184,101.06851722230566,88.07397742463968,91.95995787191039,76.08680009041498,71.2010446512158,76.25770306212475,109.91758479556418,92.07443327812322,58.1052792757465,85.4286142916718,65.67056675096941,73.49194361123843,97.79178200126304,15.940883741959539
1196,1026.7670743943181,1991.037784710246,0.6039046914347603,-0.07349286034872768,-0.29344277649040845,49,0.0,0.16630528302624056,24.371053484770034,-3.467185756972235,1026.7670743943181,1991.037784710246,3837.30183209674,0.0,0.0,226.52999635773517,-1.8355050406039286,241.7604644719931,266.5446495793525,272.2459120854429,282.7037680147442,265.99318744309187,249.2412805323894,254.3875959611323,266.49869556265946,275.67223378494435,247.00729044508807,269.1085984949675,299.7990470620458,312.3877091727621,289.3779107149164,44.57348877120985
1197,2686.682562076471,1991.0624165185159,0.6943962101366812,0.11986951899611474,0.271138000214839,49,0.0,0.01327835803166724,1.22621562828514,-0.22141711742198197,2686.682562076471,1991.0624165185159,1223.8494641300658,0.0,0.0,225.8380234522082,-1.8354534808122849,92.43419915842092,84.83676959365269,88.62520181247513,87.93272957416606,73.68102860185196,105.03441974224532,84.65178459415043,89.24979374292982,100.36862249900017,65.54807834445228,88.11816568128263,88.79555623335216,88.79938743365675,69.36408096963814,16.409646148791424
1198,2061.8137003572874,1992.1343311564951,0.6629232653012175,0.11745529397153694,-0.17469197897746558,49,0.0,0.31872816888665556,43.22720089825428,-4.089392786162389,2061.8137003572874,1992.1343311564951,6327.665840069096,0.0,0.0,226.0985094352643,-1.835053801863307,469.2477404061116,390.530134013295,449.0891378921325,463.6393207965175,406.1008266851119,409.03489726094836,467.615196127888,512.8558955038558,487.52767892423935,398.3635740782324,439.7081959760807,404.9248406356662,507.90933939834656,438.83626028478875,82.28280208588001
1199,788.5105023607139,1993.2704341486633,0.2333224418651998,0.6233772191509434,-0.32610119603835863,49,0.0,0.007125933381095638,1.1797097323536654,-0.17943790567094306,788.5105023607139,1993.2704341486633,1107.0006605581248,0.0,0.0,226.62931775204228,-1.834558764626336,78.05255224574162,73.72613995965459,64.33362397425043,74.87532476590845,87.60354244616936,61.57326014325386,96.37964262565109,87.45594184797294,68.25066931850904,51.489267202114576,85.91137617011258,80.71059743006786,75.47845804416858,99.39405822438545,21.766206160164256
1200,1012.4626677317257,1993.315035652498,0.8807475814647588,0.025994142305656366,-0.05361503649637781,49,0.0,0.020637225947253868,1.9298075018589433,-0.7137849758226864,1012.4626677317257,1993.315035652498,1362.1240236376116,0.0,0.0,226.53595931474132,-1.8345553955929712,95.40297517573416,87.97263060125155,87.61448172239524,98.90623995898649,87.36488755064967,97.02350144932024,116.04884801503411,95.01473845385455,80.37416374961194,76.58657804391493,121.87152271796259,92.0084512557467,108.33658136411356,95.2711887694571,22.327234809578894
1201,1670.868399383918,1998.6195429659033,0.5646483389567367,0.13733087267346608,-0.07441764297888304,49,0.0,0.09128759128583615,13.479675093240429,-2.8241985608184743,1670.868399383918,1998.6195429659033,2620.8563755983537,0.0,0.0,226.26148556127322,-1.8323617422542735,177.50038237253955,145.17056824718753,204.75290387122317,175.04580897930913,159.0879643625001,181.81011720257385,194.94932676855592,202.10731231678153,201.07788463107207,146.2633162920595,226.74784138723447,175.16492508902664,188.15368853297161,197.9835336553,45.040801890018486
1202,2500.2806604046978,2000.1444048871167,0.4720564252749237,0.24301194881555582,-0.34244135085169985,49,0.0,0.00893879451351361,1.0414420998994425,-0.04408782470806298,2500.2806604046978,2000.1444048871167,1166.500196451239,0.0,0.0,225.91572726574975,-1.8316874031383112,86.74151007738858,66.48200129937544,83.085017841177,73.73202106096873,68.05334566600024,82.28089356564044,82.77787458115833,88.20589977086163,98.13771403103242,75.47601824931684,67.89063038179587,100.27329826752309,86.32280349173828,87.06489942257828,19.97626874468365
1203,1759.5597439620249,2000.4665381049858,0.41832990238270823,-0.10092518706925929,0.010914865138305856,49,0.0,0.03434626109886723,5.653188511662308,-1.880733669297601,1759.5597439620249,2000.4665381049858,1744.378882859811,0.0,0.0,226.22451214131735,-1.8315911816962136,113.65262186647361,122.35935486177718,115.61127733874332,128.86502085192242,131.01719701125234,114.99423530802264,131.98449634358988,126.77731574914462,125.11977785659695,102.07701719618244,121.2868741148231,143.53641629499256,127.9228237034642,118.35860248680973,20.815851876016087
1204,1974.5558930338914,2001.2665951234237,0.916125912307817,-0.16380413631693636,-0.07309676003511202,49,0.0,0.016359691295623452,1.374470202493252,-0.34533832273858966,1974.5558930338914,2001.2665951234237,1205.7027131418952,0.0,0.0,226.13488538701708,-1.8312522757046124,105.34977400220009,75.74700034999174,83.26803828693852,101.65252950473526,77.71336461703694,77.8868954771784,96.3462663217383,80.0614892583667,85.85989451171324,64.29337909879911,70.89341422858502,88.08939734851177,94.57544210949796,86.14606539971429,17.819762626887965
1205,1379.871373280727,2002.7309832525282,0.663744062683495,0.15757311674087643,-0.02598281487060066,49,0.0,0.03935185387294321,4.991560699229435,-1.7455908916580165,1379.871373280727,2002.7309832525282,1556.6990240596747,0.0,0.0,226.38279566735372,-1.8306465395643383,85.0107229743351,95.57954743475037,123.9956997700919,125.85215896629143,112.42010928279637,119.1807454097625,126.97872015479541,115.05270022914377,102.73434171494615,86.23442804720233,91.39557030174961,124.44342162268278,123.09654395096487,103.54122403968518,21.183090160477
1206,731.3244635884628,2003.6464492273262,0.44636347496503653,0.014634761144504085,-0.4945561311109291,49,0.0,0.010175013355193115,1.1048336599701127,-0.10824224257550681,731.3244635884628,2003.6464492273262,1236.594875715737,0.0,0.0,226.6531555450091,-1.8302308825719515,92.42369033803097,94.58596291806978,77.77989350503111,88.48861108082502,80.18339311510223,89.8363902175656,79.62722270650397,97.35194988741353,82.74719711980168,64.14561206880133,81.30037898397944,79.56837976589709,108.0531679807554,105.35576032080789,15.147265707152048
1207,2734.0040421075955,2004.3608894447398,0.7004984049098228,0.11501651976884969,-0.2602214327071176,49,0.0,0.04689370069045714,5.651205974151847,-1.880352841686327,2734.0040421075955,2004.3608894447398,1829.0226589414724,0.0,0.0,225.81829900694393,-1.8299075858167586,135.34142154670116,124.15049296701875,146.09490261473385,140.17391150477732,123.68220551570121,135.76763934981665,143.42379253850345,124.96434549278807,110.78008004331745,98.2222416547365,130.3772195990857,118.86769915489772,128.30324116673046,142.25865346711163,26.614812325552688
1208,755.7388509026816,2005.0258860015986,0.4550623868684004,0.4513058024753339,0.07626129572232657,49,0.0,0.011055595593462902,1.1941541463398406,-0.19265097733482106,755.7388509026816,2005.0258860015986,1255.2983462522957,0.0,0.0,226.64297800737071,-1.8296581587695218,78.50176671160217,69.25421280236313,103.87323568601717,95.40056983537688,85.12403855887656,72.14265382111773,88.33707037665755,112.0242622997126,99.87513784103588,72.4581093509028,91.00091610968892,86.92201326826402,94.03850941892128,83.83981349644321,22.506036675315794
1209,2481.0116121068936,2011.7131741316387,0.6945997095461254,-0.44184140681851897,-0.27000968345523246,49,0.0,0.012731281027819615,1.2861070138760924,-0.2731927667315142,2481.0116121068936,2011.7131741316387,1159.377261858424,0.0,0.0,225.92376084698714,-1.8268688854617812,77.93216396704278,65.7183410199587,77.0175756796178,66.68235245007403,88.18332376254656,94.33193579002895,84.48157171694503,88.85326005916215,86.18237440178454,49.55418896160037,86.04489598615493,100.1581606880583,92.22611467516084,88.63826431001651,13.372738390272396
1210,878.5227965567433,2013.246743699355,0.444135919189737,0.012902299372834483,-0.17324162363409304,49,0.0,0.031913384538702426,5.133431235566927,-1.7760193721074407,878.5227965567433,2013.246743699355,1650.4388956728203,0.0,0.0,226.59179319266974,-1.826242188728815,106.59902995578757,104.38545854971713,139.74975769421167,120.07733830452442,121.1986208394776,106.64390021097505,134.38059131812918,122.22342145304727,113.44396284823819,84.50987544471784,108.88177714529652,125.56980460933613,122.96126636505036,120.38829416805281,19.42579676625852
1211,1118.5727436142793,2013.032407329289,0.5607886041880383,-0.38836492596269306,-0.3912030346690858,49,0.0,0.017440277724760984,1.7947802203511742,-0.6350281866972851,1118.5727436142793,2013.032407329289,1451.101092790294,0.0,0.0,226.49172395718773,-1.8263454543587383,95.42720554630607,104.61343135489972,90.99423976295124,114.34577471379708,119.34386192785868,102.54744438084425,112.36317626154863,105.75783364752039,101.37107901385522,85.49902169358697,107.63917474281038,96.0043551192766,102.64712399253048,93.91267393114207,18.634696701366007
1212,583.3142805601531,2019.2506374557993,0.6576973674824348,0.16224854995946514,-0.3542297349672888,49,0.0,0.01483210327989145,1.5906639463101369,-0.503946093870054,583.3142805601531,2019.2506374557993,1233.9515399685192,0.0,0.0,226.71485307808422,-1.8237158576916745,84.27111400892943,89.98150375651343,90.18075565421839,74.35234847541447,77.30569733357221,74.72943924859968,94.38540795460561,81.91801834252561,96.67250567143972,85.14363689836742,85.36936325959185,102.61730849887326,83.29179513922901,91.94924792218094,21.783397804458133
1213,1054.8953573225708,2018.6282477033974,0.39318624317079504,-0.14714024279444016,-0.12344951420592132,49,0.0,0.008245967137017272,1.0227001118389691,-0.024370758603770096,1054.8953573225708,2018.6282477033974,1122.6867532719662,0.0,0.0,226.5182688728093,-1.8240107330083553,68.91749215452465,71.68526659396781,74.131633962891,95.72082399801499,69.22977826362953,88.5086002389418,79.88402583706664,91.25845105024797,74.27511077620171,57.41976011039786,74.84297410191186,87.6123154692278,82.35234595941701,90.82751269791345,16.020662057612284
1214,1919.0053377864806,2019.3587324918306,0.33836749422410134,0.13394531048604816,-0.10979939653787897,49,0.0,0.016397923744648126,2.5257353721954554,-1.005969616126636,1919.0053377864806,2019.3587324918306,1418.3928562331512,0.0,0.0,226.158043642801,-1.8237158358849257,110.28009175689903,89.2978749433957,93.91245211795359,96.14147810268298,95.40456164671761,101.01718247361752,111.96968584227498,107.68836258845634,113.81422192283165,67.4042042784654,85.6698422056548,106.83949612173917,104.09845336799174,117.2171939485309,17.63775491593978
1215,1386.4337565193644,2024.8560613551092,0.6327712734509506,-0.13237750886405295,-0.40097896710734177,49,0.0,0.04250058870240719,5.580007687774149,-1.8665869932021866,1386.4337565193644,2024.8560613551092,1707.2177926373433,0.0,0.0,226.3800594623654,-1.8214279896335925,124.59437464065473,109.60945898793128,105.74112679452446,143.15754441944097,122.64629817335415,113.84378101215339,142.4848006811849,113.09412434823858,114.4690392714809,105.96206883401038,102.0157829986359,125.27141216139712,152.16510920624518,106.63815558589698,25.524715522194434
1216,1560.4367514773214,2027.6324894467991,0.4214656506143956,0.20364682570550233,-0.06628971238712097,49,0.0,0.03422462991566029,5.816168380321711,-1.91159242756506,1560.4367514773214,2027.6324894467991,1702.390752859656,0.0,0.0,226.3075219694351,-1.82027328616721,113.5766162315133,117.61468448457596,114.43633957153264,117.26199666395166,127.83131796119218,103.88944832216546,125.77295535175388,146.81898168117704,134.92850834584,96.42522613629876,118.10645927791028,121.54656759468028,127.62048364905692,109.36362281002869,27.197544777979033
1217,461.0848262479179,2029.0419972511843,0.6126178223327186,0.08588553848847298,-0.4074299909434379,49,0.0,0.24029419061882584,32.157421161048184,-3.7682030339260257,461.0848262479179,2029.0419972511843,6289.877315425597,0.0,0.0,226.76580327308002,-1.819623588291736,452.18388667562476,414.57643318955945,442.5475024175953,478.6084891900539,439.8439648325302,420.7430549701839,460.012922869662,442.9708953564934,468.60175611657985,373.2859893324672,477.8065985534761,430.2070562257224,485.8934702633182,428.6941855849153,73.90110984741526
1218,815.1485701880687,2029.9871613245887,0.5562834280232439,-0.06747655671952993,-0.3315224152137392,49,0.0,0.015822933488617272,1.6934766632437743,-0.5719480406944832,815.1485701880687,2029.9871613245887,1303.7544588617272,0.0,0.0,226.6182102356159,-1.8192625796818838,101.20958106455251,81.44008625834226,79.35413786388187,78.92731886412614,106.7020522802433,93.19956048129829,87.54185563962051,105.77681098645556,101.89675328255785,70.50421157337873,96.33534059472113,81.99982213034787,101.57817283059443,99.08809033783695,18.200664673769985
1219,1662.375075858322,2030.5550609985164,0.5153989098133778,-0.023572325041355757,-0.11483554959664127,49,0.0,0.043594432400485855,6.610667598571991,-2.05061330065642,1662.375075858322,2030.5550609985164,1809.4634994159042,0.0,0.0,226.26502644990396,-1.8190554529180145,123.42844797003399,104.80265916110346,132.1115092467178,132.62783669391257,131.98463334450292,119.1152209847865,132.27476780535017,162.28330316764942,134.95205825590156,109.99344605981159,132.42834765051282,113.78090696449954,144.97150885026753,113.06067541885805,21.648177841996
1220,1407.8537866639977,2033.5807175093485,0.39289522201259003,0.09305359084359138,-0.17943244640015615,49,0.0,0.013989847295185747,2.17863578791898,-0.8454615835117828,1407.8537866639977,2033.5807175093485,1202.8587017771242,0.0,0.0,226.3711298224168,-1.8177931748675995,107.44495988960966,81.10556233471372,75.65920824193279,90.03593408621546,64.46027193664038,74.8218628400484,98.31879007957934,95.7824284996662,94.9181889029504,76.9484867933246,73.25791771573563,88.29443875372215,87.63013391262697,79.40908916830256,14.771428622056106
1221,904.409592657683,2038.5621337705081,0.5229007591201811,0.041461352156195286,-0.298149614225972,49,0.0,0.017619980281552493,2.2437175596444163,-0.877420467012928,904.409592657683,2038.5621337705081,1331.579731680386,0.0,0.0,226.58100001824576,-1.8156961190581122,105.7701086345112,104.620044797936,97.16331856593652,99.2247940663112,82.19894250862501,88.62043470809837,91.86896122719419,79.41316571737636,112.14635887305423,67.0567653849695,90.75313342777784,93.03882327411914,99.04117029919698,105.41150441969685,15.252205775582516
1222,970.4472566730511,2038.910266947042,0.6557602128000491,-0.1302554183698579,-0.35322293057087395,49,0.0,0.016186086326142407,1.9796241278110507,-0.7414568459647679,970.4472566730511,2038.910266947042,1160.0315524009998,0.0,0.0,226.55347126022272,-1.815555272465305,76.1939869427571,80.68588141488084,82.79637012570916,91.49118919289154,78.76818481913666,97.74214066739259,80.02316428600729,79.28227526908242,92.22658719560619,69.01889560964193,62.85807199410461,79.2595844155732,89.64079299181824,85.84089056919981,14.20353690719822
1223,1361.1635398929004,2039.0400549469837,0.6516965256269199,-0.06294858016904921,-0.1655906292704554,49,0.0,0.13216163342698795,17.765674426852858,-3.1239542474497997,1361.1635398929004,2039.0400549469837,3384.598439344828,0.0,0.0,226.39059360409007,-1.8155175074393568,237.96153113948824,229.70794852120636,231.35368716265594,250.20170292564057,243.08863367574128,240.23082351246816,257.64165267581524,240.92200588999202,218.9301904510264,176.75380166219327,242.81532836652207,272.6010454676181,230.07378653587574,262.2452688881308,50.071032470453844
1224,2879.137638529546,2038.6541005867352,0.5623407365259669,0.03293836397988102,-0.3263780265983393,49,0.0,0.2533265349452221,35.39428225559755,-3.8723327747393075,2879.137638529546,2038.6541005867352,7035.209452845176,0.0,0.0,225.75780538039734,-1.815602556479613,460.5479761655301,436.8812958003242,547.7725271585132,499.67002380903824,546.8618091607816,503.90195565591733,525.5538220515854,473.46663898311596,509.7620329803272,408.1561811938519,505.0466832653635,539.5856838772354,507.1624599705742,481.87376231419853,88.96660045882024
1225,1300.843026986422,2040.9458316864402,0.8332230386463922,-0.13685967922483935,-0.1053497710161567,49,0.0,0.010483155258478443,1.021504742952744,-0.02310096861896972,1300.843026986422,2040.9458316864402,1056.6236273889108,0.0,0.0,226.41573948877286,-1.814721882482802,90.5129669999225,69.72335400437122,75.51941803259984,62.24153037678411,82.26835480546316,64.89848925919205,70.48931558947501,75.19021444155095,86.86886674888416,51.55692942598391,70.47782587695431,77.48660252132566,89.09568259188288,75.54990466396644,14.744172050554551
1226,2897.779983534326,2041.881669390892,0.6676242126251573,0.15528733895370042,-0.05621962545901596,49,0.0,0.016903284143522195,1.6764149492661273,-0.5609538123939583,2897.779983534326,2041.881669390892,1803.444707618713,0.0,0.0,225.75003499940007,-1.8142555038178005,123.85985583642929,126.20483012421093,112.46612362303924,113.84893969496895,118.58229379117513,125.89161301788646,138.6924663211819,145.75204583521815,125.46415463757286,119.2556830993828,136.09858624657446,141.18571046613928,141.8650588488805,114.43700669281634,19.840339383236714
1227,1887.0239861923462,2044.5038678015708,0.5432898989131572,0.07969141412615127,-0.09925991043800227,49,0.0,0.08166220163852382,12.071381883102845,-2.7043924730589994,1887.0239861923462,2044.5038678015708,2625.3797343193137,0.0,0.0,226.1713765946493,-1.813239755516721,177.1868710548086,175.72322850021794,166.54807801342915,184.74926119142447,171.4777293638921,188.86130683536157,185.0129641693665,218.27793324626884,212.81533778046773,154.68552353597912,199.44189958230027,220.3147672729624,190.7803188477872,155.76191492634126,23.742599998706197
1228,647.348356875468,2046.3064841391622,0.7735884278993165,-0.4700921308389371,-0.6969173237982212,49,0.0,0.015542484221642417,1.315959587727913,-0.29810638144664064,647.348356875468,2046.3064841391622,1302.0175360513858,0.0,0.0,226.68815745924326,-1.8124490568150498,88.13510940192697,75.0823192754294,109.22637161905357,103.45241314027263,90.29255105207585,92.14291666495834,102.66593183473836,88.0656943709369,81.19313285574634,79.0207000489664,68.69439053381278,86.25565353235142,114.27552564705564,102.04210635272773,21.472719721333707
1229,1751.0432604204716,2046.1311470384928,0.45049630182997386,-0.7621379380795449,-0.4565388718163073,49,0.0,0.00897482482773332,1.0248278334076122,-0.02662727986652797,1751.0432604204716,2046.1311470384928,1139.2155022924067,0.0,0.0,226.2280631975732,-1.8125645805140904,75.41806430151641,83.30794003067848,64.64863419653915,79.19938744839766,75.86237960048766,77.15029759092711,90.59458339924882,101.30161109826311,79.36939433746545,62.40352685587175,82.61528754923583,75.0813147389689,80.39496936063824,92.26566968568514,19.602442098483024
1230,386.2390744894458,2046.5942419015519,0.572661159972135,-0.08923679114481027,-0.31815252712152337,49,0.0,0.011389036855363842,1.0914072009393831,-0.09496703716445942,386.2390744894458,2046.5942419015519,1241.0238430264553,0.0,0.0,226.79700004401096,-1.8123020341953187,96.70519242799854,94.48879040950163,87.88473543619307,83.74529727506852,78.83402437061383,106.18035917044459,88.56985579182918,105.96750199697871,90.40609925835722,68.13541446993757,68.64724782301195,82.16400237844829,93.14878727683933,77.63274259974969,18.513792341483313
1231,2125.1443540378323,2047.083524919696,0.6169852207139386,0.09137556439449442,-0.1799684503457692,49,0.0,0.34006962667443635,47.96912034919591,-4.20240438627351,2125.1443540378323,2047.083524919696,7137.232151092849,0.0,0.0,226.07211161913776,-1.8121556534502947,487.5070876549479,426.2229541651851,525.9960458615077,547.2724620851507,494.52905235498156,483.83215313836047,560.027033021226,517.8510314309094,552.3892676680223,412.5677576776103,465.441922718554,518.9217786790045,552.0588674155371,501.94108223821553,90.67365498363716
1232,2255.1066897763376,2049.891459003585,0.26911599033032335,0.6362645766703554,-0.40720864231271103,49,0.0,0.008073912691440654,1.1387133925674189,-0.14103607119519343,2255.1066897763376,2049.891459003585,1153.5816576155507,0.0,0.0,226.01793503086742,-1.8109783605728624,68.6684991877231,74.11838006357186,73.9541689165923,101.3892716418072,67.31462652182483,69.3795600283539,100.97361758921798,78.02614864381988,104.66181447542402,63.4267062435755,86.90884275456551,73.97560564482215,85.67496315881738,89.62992823008342,15.479524515351667
1233,2915.7881310681914,2050.0347767224494,0.5458122712634,-0.04320194561560882,-0.400915616456877,49,0.0,2.978528009504143,423.04400893044584,-6.565963872583387,2915.7881310681914,2050.0347767224494,77877.5482526701,0.0,0.0,225.7425296918156,-1.8108563094323886,5234.619169214857,5068.642624535991,5517.818013598167,5657.4616718823345,5662.088121022033,5398.753705239025,6095.202268350011,5856.190560073024,5691.497323454198,4562.5433453490505,5428.864035579214,5438.167256666848,5755.108901660388,5438.140106070781,1072.4511499741652
1234,1734.61274575716,2050.2686013083407,0.391212676805495,-0.6040576148778353,-0.5770298740021743,49,0.0,0.007986448729560483,1.0256035356094766,-0.027448773350855004,1734.61274575716,2050.2686013083407,1145.8411529041528,0.0,0.0,226.2349126878653,-1.8108408845665014,91.03338174841258,76.41667200411682,90.68748145683168,68.55888652689293,72.02028203609635,59.52148700935636,94.19679618542719,77.56345563517257,100.11490771411839,76.7937915160515,71.55154520978628,87.32903829947998,87.3836792114896,78.8482839982593,13.821464352661142
1235,1944.4998594354468,2053.114136311981,0.5001579141270271,0.13859802596474824,-0.08029731196845895,49,0.0,0.010923778908822334,1.152134391112348,-0.15375785117795687,1944.4998594354468,2053.114136311981,1234.377287699908,0.0,0.0,226.14741688114464,-1.8096504548784054,87.56623026130566,80.36949380541802,72.54968091148622,101.039174272183,97.45284592302716,80.54414656932718,92.86092076479008,102.94790311499438,88.22489187995001,75.32588817501365,92.57959293560627,78.59180965752817,78.14100018594777,91.74389679381255,14.439812449517927
1236,700.6731710950941,2055.1572458437327,0.6565237603530562,0.0011958514542800454,-0.2330091929608018,49,0.0,0.1731163787514867,23.249043537293446,-3.4160127269337535,700.6731710950941,2055.1572458437327,3961.7373071146044,0.0,0.0,226.6659279497459,-1.808766094863734,270.30908241313824,261.1363661360802,275.9261211252138,290.63112204915666,261.6167770146859,271.4353865708872,285.0132711594218,289.986211464373,312.4716560592509,255.86530935393972,270.6466438543173,272.162842193253,302.737537191759,292.8383065066628,48.96067402246544
1237,1018.4745470429401,2055.0647965198677,0.5400264981215734,0.023835843885868548,-0.23195231270834507,49,0.0,0.2375996795589278,37.115035509842535,-3.9238747010013153,1018.4745470429401,2055.0647965198677,5513.581737675425,0.0,0.0,226.53344933503604,-1.8088271453355311,378.22176095214166,389.3790275877267,422.68710746255124,400.86222938263455,380.69398683617896,394.31385508405714,430.5580457605844,414.26537683543324,368.4881077231354,323.1014057269915,389.0754114369677,362.89602977146114,407.67192039374373,380.2400517345679,71.12742098724901
1238,1107.8922994841166,2057.9188454883933,0.4530455630165443,0.1904017807767782,-0.08235761509441497,49,0.0,0.06615564387412023,10.990633954243824,-2.602556859559461,1107.8922994841166,2057.9188454883933,2361.8320196024188,0.0,0.0,226.49617398956727,-1.8076425764285828,177.45861824843155,173.30770417237363,158.87647258320328,162.90826632221183,179.20778691762325,162.4284063797607,179.43832471572978,176.59247370348373,155.6915259419279,154.4939465543829,116.72445806767789,164.7517374868766,183.1676519140456,174.37035423277416,42.41429236191575
1239,1366.3821555541738,2058.4246834319792,0.45391300013018226,0.3923027980695537,-0.10195496829018953,49,0.0,0.018156378472466324,2.6254184385399837,-1.0479963275134865,1366.3821555541738,2058.4246834319792,1386.5281748679058,0.0,0.0,226.38841762637048,-1.8074407951079907,102.84246704156827,95.53996337541547,99.96144908670419,99.57307237522282,124.9171463308944,73.85912764975967,125.65599921907578,95.69188161395414,101.39377964248297,72.43572168512392,102.65895339514066,104.58527857389777,76.29470269380712,92.32848264503478,18.790149539823865
1240,1744.0307055577125,2058.581333512766,0.4784690141817652,0.12462104663080063,0.07249717088449288,49,0.0,0.05023242548163653,8.106771289514132,-2.2721198018835507,1744.0307055577125,2058.581333512766,1879.9211688676908,0.0,0.0,226.23098672843733,-1.8073771605336584,142.81180423796258,111.72247075578943,130.96114737921755,124.27919312895862,165.1907291445255,137.5849894318987,162.5187504422396,123.29056411719523,140.16449936332435,116.72408133147056,122.82022540607024,116.16437875343519,148.09982090801518,110.88385275314354,26.704661714444818
1241,262.9539126919154,2060.351110670001,0.6196001183830385,-0.6153468661095642,-0.9578812928284562,49,0.0,0.014230137229543966,1.7625983971240224,-0.6153834271162943,262.9539126919154,2060.351110670001,1227.2107840642566,0.0,635.5818343334176,226.8483879229112,-1.8065552595159795,63.247235363791475,106.10542397580852,73.95109531021257,69.79947717226088,62.479635767498955,127.50594035044166,170.26001421270814,94.4517905323754,54.53487901748105,44.52550572828815,138.4872075254861,77.32335878167278,63.252644311892595,69.40913900050937,11.87743701382885
1242,1498.055606017239,2060.2508358114414,0.7639760447992264,0.4517681404131798,0.20537205267129593,49,0.0,0.017359664743265994,1.8117880883010948,-0.6452685000966909,1498.055606017239,2060.2508358114414,1144.5316791623768,0.0,0.0,226.3335267497674,-1.8066820256627136,85.36125521575727,70.57363898826789,76.96325479416024,83.49853667035065,85.08312423162158,86.38026719753995,96.63475722857861,72.33807056469934,80.33665801516675,74.90171246806827,61.1948542131553,91.74107114929757,82.00751597724664,85.5331956396445,11.983766808822342
1243,1828.0564682632482,2063.0825339324765,0.3468725326982184,0.5378110711081109,0.06223101244327843,49,0.0,0.01802311883640726,1.4275629691559186,-0.38648818468315776,1828.0564682632482,2063.0825339324765,3330.1203553086866,0.0,0.0,226.19595893533102,-1.8055001932908232,230.5011846523122,196.12419010007204,249.8326935733342,264.1977058054696,230.058854814069,243.19658727041002,241.17469387297442,234.13443637759255,288.4131280757248,190.68052885614466,230.1499115297814,205.57354876556946,224.32110360614638,255.14510615839941,46.61668185068662
1244,1832.0921284506244,2063.314550730155,0.530643136663268,-0.6028495740279903,0.1565171454848755,49,0.0,0.021569823238127193,1.503072295497474,-0.44244967498776333,1832.0921284506244,2063.314550730155,3302.0757488863746,0.0,0.0,226.19427659492257,-1.8054034323646875,227.91592658676268,198.21951897427775,247.46207564203075,269.06010937350413,217.96628386546692,229.52127184769682,227.6199116324815,231.73395675415287,287.8824235278849,210.57405948000547,229.04217809872478,208.40810927407776,225.0902356879031,249.3698263052293,42.20986183617569
1245,2846.6913104772984,2062.0295106142225,0.41329918049852893,0.0776312760991193,-0.2822522557693564,49,0.0,0.014288630137044362,1.8802456592004833,-0.6855364868099021,2846.6913104772984,2062.0295106142225,1593.3320328501172,0.0,0.0,225.77133334564644,-1.8058672408866425,102.32406858725008,112.63118742772775,114.68610910077388,113.49255515291344,115.7681904794247,130.46960373671484,124.66506182385208,111.96571524593497,106.75098117540611,88.75816339215112,140.92864768364421,94.79262304828016,108.32444046669174,110.21192379840357,17.562761730948715
1246,1829.9606100009742,2064.7703579949375,0.5013182597997329,-0.25591920403245627,-0.3889068532593307,49,0.0,0.025251430699767485,1.9196173282150193,-0.708036654039423,1829.9606100009742,2064.7703579949375,3332.4963617971516,0.0,0.0,226.19516519650122,-1.8047969006730773,225.37117786721842,195.6749986837018,254.52914863437348,273.7264304011875,226.7088050364976,241.15865339381546,244.1367233186497,223.52352575760517,281.4811739785017,203.40331876783745,234.73351966384206,197.59338093586592,234.69369010199296,251.13430186449878,44.62751339156362
1247,1473.34906082836,2067.0915832891706,0.4943567408335589,-0.5056284968641244,-0.7715332004789226,49,0.0,0.013946471154332828,1.215847906179682,-0.2121981280528666,1473.34906082836,2067.0915832891706,2273.6156253397558,0.0,0.0,226.34382610681828,-1.80383147669122,134.73126571974905,158.03032946224158,160.19160920639206,167.41234299115928,152.316953024761,156.08268230762343,142.1986859574011,181.7402738022437,183.91488745058908,138.24386182534317,183.67999745769623,153.4901812318247,167.92441392895398,159.20895685373318,34.44918412004387
1248,2839.0557742796473,2068.9230542099535,0.47881736821259846,0.35193460499896956,-0.047044667856988596,49,0.0,0.023295865836665344,2.537977872475847,-1.0112195783766895,2839.0557742796473,2068.9230542099535,2015.7768395997475,0.0,0.0,225.7745170250096,-1.8029959867158616,144.3102681590766,127.32146495578016,142.69624274177409,163.0132450560933,143.95986104124276,128.94030084767383,158.9308135003705,146.44143700238652,138.1575583163554,115.40522914363987,146.65547905924683,118.56067145359896,152.30656941677603,149.59586421392248,39.48183469181039
1249,1856.101384874867,2069.915595810265,0.7194791719815373,0.6295751334882593,-0.24729058726294256,49,0.0,0.011646242355395674,1.064673875490788,-0.06804149416740937,1856.101384874867,2069.915595810265,1204.9011245624765,0.0,0.0,226.18426803621475,-1.8026524746830122,77.59397685483114,80.53793249878053,89.81262292124936,79.02857699720337,94.76650745626122,82.04851219932462,87.08223048032147,81.9548514863374,90.78064064460308,73.64156723131009,92.5572165340512,72.68737432953091,83.5558175823265,99.53692358902057,19.31637375732502
1250,821.8747993468768,2071.218941257643,0.547577025969569,-0.32185566269991966,-0.4952684938320671,49,0.0,0.011056269989119261,1.2983053135158238,-0.2834420862901316,821.8747993468768,2071.218941257643,1121.1319756777366,0.0,0.0,226.61540293592765,-1.8020836375065519,81.5553260484169,86.18717404972404,75.50027810642695,82.60337413155504,98.00234378142227,62.56857945727045,75.27225888554486,72.11968754173972,98.24471987954917,52.576134046230635,72.33764532511361,94.25073924007586,80.53539318104842,77.46293747218083,11.915384531437928
1251,1162.0144458524571,2072.4378589639914,0.4176255474518193,0.3042119886854268,-0.17402751415021286,49,0.0,0.013386974712114173,1.7360902137333898,-0.5989307224765188,1162.0144458524571,2072.4378589639914,1283.1594958609778,0.0,0.0,226.47361157800285,-1.801595496808096,95.09510034019046,83.80130133733388,84.73536397998419,83.88422328647988,83.63532592294811,100.0983288247315,103.49411095654702,85.08603674556615,102.73587592414765,57.59184460125411,101.30394087872847,100.3099377520575,105.68516297498738,82.24204872476622,13.460893611255377
1252,1085.0437181193465,2072.836664064702,0.46860092814604604,-0.06814861005339205,-0.1562223547286317,49,0.0,0.03300621467806883,5.185054790931058,-1.7868833749434556,1085.0437181193465,2072.836664064702,1606.607913059667,0.0,0.0,226.50569797782208,-1.8014258321804522,104.86285441849542,100.97280321875522,119.46736499885291,128.8525893293152,97.46256151870348,95.02254275745813,142.77503680838032,117.92968245635996,130.4922504625918,107.36062490933881,115.55526254613261,104.28625608553585,108.32068337151341,109.97085747755041,23.276542700683542
1253,680.3945112965661,2074.153427340992,0.4145945166072199,-0.5792391944013426,-0.7068030259501639,49,0.0,0.010189974797126944,1.3699497620452203,-0.34176160317096693,680.3945112965661,2074.153427340992,1202.7243887715658,0.0,0.0,226.6743793384086,-1.8008495211940383,96.28477254623687,72.00386665676521,86.39164454135721,94.15806774285605,103.54996340726014,89.29766073449477,79.77257431639512,79.57166380579281,63.028666545377895,83.08360683694784,81.8462190428571,83.7389219414037,96.76069796199994,75.49654457315748,17.73951811866398
1254,943.778960360106,2073.8965035070764,0.5804427640542679,-0.09316405293627783,-0.12738386782016817,49,0.0,0.03136747056935768,4.333481664072186,-1.592092408267281,943.778960360106,2073.8965035070764,1519.811701674324,0.0,0.0,226.56458590138524,-1.8009763527159453,110.86123722439675,98.78001459599218,93.02663320916,125.268520116592,105.25501331528623,100.1978029884345,112.07588522801387,103.41229410279472,109.82586042279243,74.2995853804455,113.89510146439687,115.73281632429085,115.3399694803245,114.80948998417873,27.03147783722473
1255,510.93241610003116,2081.7132462556865,0.5690544438757639,0.248214495485565,-0.33380799345566087,49,0.0,0.10756505011168213,14.677857479101844,-2.9166566660428765,510.93241610003116,2081.7132462556865,3626.065005375767,0.0,0.0,226.7450183630151,-1.7976835121392596,265.1421548564002,211.19229488987088,290.9829544830211,269.9113288256172,265.83924043774977,255.47314033217464,263.123961986349,285.43329453885775,280.866386010011,216.8673257459108,251.2808160518518,207.68071110533475,257.82080263139915,257.3054074482799,47.14518603293939
1256,1144.6729901718386,2083.096558348505,0.5849875901373239,0.05283971310195799,-0.42281707150365994,49,0.0,0.022291246619198603,2.645358261231712,-1.0562112422887768,1144.6729901718386,2083.096558348505,1367.4982976167748,0.0,0.0,226.48084012513576,-1.7971537109546412,91.96763357931894,81.26099348531004,100.08618048001982,97.80191769861547,96.61779779100902,117.84623190042151,92.5121440724586,98.00844679256792,96.54180198237475,74.86318595905942,107.72499181889198,91.3981392866736,104.53777016532406,96.27806401290717,20.052998591822703
1257,2063.246311374871,2085.2112804551316,0.2688386925743213,-0.08670892158528962,-0.11986272885879737,49,0.0,0.012601525144260115,2.153218464350484,-0.832720238340206,2063.246311374871,2085.2112804551316,1319.768667608124,0.0,0.0,226.09791677206297,-1.7962722905075523,85.98320768329614,93.79253994631333,93.20333285467277,92.17978833920726,94.17223053705516,83.2549820192944,121.46568335468173,91.9947200494671,93.85708254933438,63.32884096310199,96.79098593353464,79.18648652137621,113.8992761850019,98.01354608326795,18.645964588519206
1258,772.4265389422497,2085.9969563983277,0.7535045131945282,-0.5709764398847775,-0.7724530985826391,49,0.0,0.011739971377575858,1.021940749937163,-0.02356429252689119,772.4265389422497,2085.9969563983277,1132.5715370396133,0.0,0.0,226.6360144538762,-1.7959225305006388,81.11550433909461,70.88489493596744,76.2616640896865,75.31010126464024,84.85587838557143,80.75694093944942,89.59662768139319,88.8278477293783,90.39890968868109,47.92962602102281,97.8257689907368,75.73939738079858,93.52132179079516,60.75409160664623,18.792962195751326
1259,497.0378748439593,2087.7420957594045,0.5889580557082379,0.07612000852306038,-0.3017647215724878,49,0.0,0.37812599137046227,50.81528250874634,-4.264985860979239,497.0378748439593,2087.7420957594045,10219.496145388184,0.0,0.0,226.75080949852267,-1.7951701548164425,682.3356310081579,669.3302664937003,727.9032169832674,744.207397939482,692.6323370151144,698.0050010633879,779.3786230982097,741.9867353709442,732.9705856763541,604.3759215709464,757.4991281292602,783.0013164509472,763.262095414823,680.5703530923256,162.03753608126218
1260,1461.5647239866807,2087.458458989407,0.48355667662099766,0.4696288315379707,0.03826728762989434,49,0.0,0.011231192945765519,1.3671132142992084,-0.33951120285971936,1461.5647239866807,2087.458458989407,1180.8001334273592,0.0,0.0,226.348738349411,-1.795345235239566,86.29355661087314,69.44169140290151,100.0836720787067,75.21321135187874,75.09415326563015,77.76700075553038,78.22708666380993,108.92849383839793,90.36802231418076,63.842824041467125,83.74376797505286,74.96545587961934,86.22140354041407,97.97998581237842,12.629807896518148
1261,638.2822960146123,2089.2495526617354,0.6572005639882043,-0.07579989101894836,-0.2603490188631486,49,0.0,0.032644161751576195,3.966306019356896,-1.495965547612502,638.2822960146123,2089.2495526617354,1507.0191427426469,0.0,0.0,226.69193230231983,-1.7945559244652425,108.12835453878193,88.50287436491212,108.50889927125321,115.6891710372135,109.55719306388684,103.28854003553545,110.4174347439961,122.70110096547003,110.3839274345793,83.74490282329214,93.02768048222447,106.60381524742735,100.4817828357261,124.79580940620667,21.187656492141475
1262,1846.412707980097,2089.1703853279787,0.7700169982479728,0.09006860654987985,-0.33137904999890433,49,0.0,0.015278749492225532,1.6052601276198253,-0.5138635464254346,1846.412707980097,2089.1703853279787,1185.6669981073417,0.0,0.0,226.18830744756832,-1.7946299876250722,78.1793272347611,73.0552405370099,82.5174758348279,72.15776037356059,89.83596517618226,67.56111512124687,91.2224279680095,79.10364164409131,82.86358793591326,76.76455167800499,98.90240089798458,91.73215145277604,85.18600499624785,98.23645245971629,18.348894797009223
1263,1707.2909981213318,2090.6819636994546,0.5649245017511954,-0.32568103085573225,0.07445272192438115,49,0.0,0.013320941552513952,1.5473540211581676,-0.473974219681289,1707.2909981213318,2090.6819636994546,1212.1981268074312,0.0,0.0,226.24630282415814,-1.7940025007331684,97.06144177408981,68.22021833659313,95.84678896495515,85.29192728333052,80.73816525516276,83.32893755585016,79.42387138198782,88.91406823281005,92.60555213875037,48.59750900547404,98.81535580880987,77.55383429193601,94.26762762245656,102.83715322821044,18.695675927014335
1264,1892.1781369974883,2089.997685238866,0.44076487444256024,0.05561756633111688,0.12335843070840187,49,0.0,0.01082730262525429,1.2050894159002756,-0.20254818032987015,1892.1781369974883,2089.997685238866,1261.6096380336485,0.0,0.0,226.1692293800116,-1.7942841165774344,90.85274661272804,80.40861939861496,85.74078616056703,96.49053841481687,87.58581324741147,77.09395775126545,86.45111925662584,93.52612025302395,102.33167723499217,72.32559036829208,103.01268075597483,89.74387117905793,82.24749424919716,92.64829506579206,21.150328085288614
1265,1632.3565161502484,2091.663157368698,0.7182333054363473,0.1576683062380598,-0.31194376401735024,49,0.0,0.020315392499024296,2.3182948980284426,-0.9129216986120979,1632.3565161502484,2091.663157368698,1261.1969650996639,0.0,0.0,226.27754063263836,-1.7935941682637222,94.35297188508056,93.18696712812562,86.80862237422545,63.07892812972342,81.9191780805651,91.45531479761996,90.60907082238414,83.43613471032775,93.86681801763956,79.1642518609979,103.21591782649162,97.91315848287195,91.0615067099406,92.85926820058539,18.268856073084756
1266,1249.689559314064,2094.2681940848215,0.7896575360846059,-0.21143746467465757,-0.06792001643012233,49,0.0,0.01838590445311161,1.7516746567408485,-0.6086336165908681,1249.689559314064,2094.2681940848215,1316.4382472614366,0.0,0.0,226.43706192155696,-1.7925029633429184,101.2260259832486,93.89750983637788,91.61890270247096,89.71978022237874,83.47909474173505,83.6913848202296,105.8390750039666,103.72833731873246,92.33275484949161,74.59603848449332,72.14170286057427,99.43205913787942,100.08684764411646,108.58442366633025,16.06430998941139
1267,232.37070468854992,2096.280982648473,0.4322696209484665,-0.3869196498274033,-0.5682366270500779,49,0.0,0.00901685533359023,1.6946381232798045,-0.5726924306224223,232.37070468854992,2096.280982648473,776.9956492857232,0.0,119.69568119155608,226.8611307591264,-1.791581448410087,0.0,37.85183121600592,0.0,0.0,92.98458454255162,0.5016434677165967,14.410221936360415,67.86380466864281,126.73233821270337,38.328919329771516,72.63216553220884,93.31927330059442,135.33305494467285,66.42776480926783,30.61004732522706
1268,1334.1096541119414,2096.345491845037,0.5063151958202669,0.386590897636776,0.4453621210146684,49,0.0,0.014497085401172139,1.6090777424518223,-0.5164425687655848,1334.1096541119414,2096.345491845037,1342.2067074010542,0.0,0.0,226.40187000790417,-1.7916399058502073,89.50604115306622,90.89224995169756,76.13977307035815,111.50431079839711,90.95974314991363,89.81029982444345,95.99852081128742,102.2575337859664,99.54044023682106,73.61144684619921,91.75942714247128,87.21275316302791,120.02303319071981,101.11854594693332,21.8725883297517
1269,1987.611919038467,2096.222453938278,0.5479700179312635,-0.20923312570384614,0.004017714675078398,49,0.0,0.017176160033222237,2.202655984763678,-0.8573666836561746,1987.611919038467,2096.222453938278,1322.7707066210633,0.0,0.0,226.12944654882656,-1.7916874320981582,104.01385737321809,85.81353931357779,83.05127629504318,82.8127819854171,111.13797834132765,108.09827162619692,99.23752544912567,87.41615975524576,87.63023550374481,68.40743170801665,101.81931893710507,92.61489436124134,109.11431121794993,87.93459196706947,13.66853278678391
1270,2126.084961308008,2094.9200259827485,0.3166504272465707,0.26065716717489257,0.2616353871780054,49,0.0,0.009039776517207842,1.2441817650788527,-0.2372095799148239,2126.084961308008,2094.9200259827485,1233.7763739174507,0.0,0.0,226.07172217009372,-1.7922241099646197,89.48376506488412,59.8072928004742,76.10733621457081,105.85637602923724,74.1231198778325,102.78273098274988,96.46309892156944,88.28749378468507,97.68873529274438,61.5561090960112,85.53636385800073,104.63077588480311,78.61010655801712,98.98063081518796,13.862438736682975
1271,993.6803795275896,2096.911557895109,0.3889172126229078,-0.18821519953493818,0.19441372566119045,49,0.0,0.011272613076386415,1.5876651113176787,-0.5018972533437498,993.6803795275896,2096.911557895109,1161.4635044346728,0.0,0.0,226.54378245326308,-1.7913899630658034,68.84838462773399,87.73011480543408,96.85435713033137,71.69476465570585,81.30796687652891,73.71177563645756,78.70723908278529,95.56123997920592,74.10643450961715,59.22223266895025,88.13752213757815,93.93516395466818,71.19191191991962,100.0483410757014,20.4060553740552
1272,1453.1204914781033,2098.1060931765132,0.429106148697418,0.20831650236068633,-0.2537850488658797,49,0.0,0.013846795301933912,1.9108819416123533,-0.7030846405965652,1453.1204914781033,2098.1060931765132,1297.421987325661,0.0,0.0,226.35225831578722,-1.7909086655941417,86.736396917971,82.61631083100241,90.15383601501753,94.03499500448982,97.11248477994599,81.17628129325595,110.43574439962774,97.71474940244921,82.82105080850765,63.92714876661434,85.81555592254963,93.03415802386905,112.79480346807134,98.35268230058045,20.6957893917087
1273,1509.0205396196357,2099.5289172204734,0.7750020046126187,0.012744136792966466,0.030977597562308008,49,0.0,0.04178853426512261,4.839054610471769,-1.7119013082642833,1509.0205396196357,2099.5289172204734,1582.2533692809309,0.0,0.0,226.3289554029665,-1.7903164626656236,99.77876765800667,113.93110034040517,115.45746461860676,121.44150650105365,131.24392601041842,100.50318595643978,108.31153909532331,113.542346258263,124.7440104782622,90.57852672612216,96.41869648995319,106.74922744592175,120.99685599777129,109.56546834611532,28.99074735826815
1274,1215.189890193405,2102.1529075828885,0.6513789764030656,0.17168065662130375,-0.1218796578504764,49,0.0,0.2733103367269078,37.39475503770411,-3.932026731576012,1215.189890193405,2102.1529075828885,5658.889421934424,0.0,0.0,226.45144330412703,-1.789216517913848,396.4711318494898,381.7497378590605,378.2972926757003,383.1724102327032,383.77880623743033,362.39882050152426,450.71395936512096,439.6033479699986,450.550767229998,313.7568357811499,393.9738506444829,409.6654496476108,416.47962087269036,408.36494608317685,89.9124449842871
1275,1146.6401493918474,2103.4249815331304,0.39082658796167813,0.7998616094794687,-0.4092788252931029,49,0.0,0.009835185285685782,1.3011030878443324,-0.28577926889875904,1146.6401493918474,2103.4249815331304,1144.765557230849,0.0,0.0,226.4800191103809,-1.7886837746635855,76.49871767222277,79.29665623019467,71.29001599628279,109.87286115789499,68.87583496162776,77.19027880554009,79.71121016228221,90.06319778796765,83.95293840703002,61.6161748406375,69.02817265719895,86.09451614267127,81.94464710008185,91.7668991206791,17.563436188537445
1276,2487.529041565536,2103.2647422180085,0.48669939819882585,-0.04384021968115274,-0.16966010361815836,49,0.0,0.015993806455915548,2.2124944493011887,-0.8622054745366481,2487.529041565536,2103.2647422180085,1254.0692319264786,0.0,0.0,225.92105258309988,-1.7887230593929737,78.58297155288335,76.62975678502977,93.84898004949333,89.83937892688922,81.95364024839436,80.50845919651738,106.97161378583681,103.9991123898901,98.7215316228284,72.09437390570159,79.08890000159525,74.33064267535907,87.49515294270213,110.97217939949883,19.03253844385879
1277,904.5031431325012,2107.0428141253396,0.7329695703585144,0.04564726613511104,-0.291551714183353,49,0.0,0.026337250575383872,2.960073978924474,-1.1782564129828104,904.5031431325012,2107.0428141253396,1299.48073202504,0.0,0.0,226.58095597990845,-1.787163211608919,90.1145916253445,90.94903575733233,90.9784332309172,100.03420239875565,88.99059816404184,67.0894310219348,98.75831938970094,100.19364942209764,84.36490582087904,78.90615800263876,103.24320009718721,87.88494714088174,93.95324066279044,100.10637847767441,23.913640812863612
1278,2902.0571587052114,2106.9671747103803,0.5360525695700699,0.038512487285642764,-0.46622792615795605,49,0.0,0.15787269748586294,22.587641342656173,-3.384677207961605,2902.0571587052114,2106.9671747103803,4824.104687461124,0.0,0.0,225.74826107602385,-1.7871375486572083,366.581966306896,317.3948130183736,338.9281184121828,354.1399454925121,341.7892333509344,337.0457036427755,359.5453157916336,366.1443621420493,352.95436281274215,278.85878904292775,317.5098612998328,324.07957724988466,368.5430787847404,340.16793727771847,60.42162283592023
1279,666.7596805767844,2107.998706215728,0.9249589422339589,0.036533304825549055,-0.1910767951870436,49,0.0,0.01788456606753213,1.486274794142241,-0.4302477815468403,666.7596805767844,2107.998706215728,1270.4678525169493,0.0,0.0,226.68005969103814,-1.7867466227235997,91.4727109699706,83.50325955124069,86.94990075564687,81.9279259308445,81.73140883768716,72.44211734191066,93.22250086987452,93.25816216456386,105.75460865599399,74.78118352151137,94.34104553168297,100.14178809504835,89.62555349070395,100.975319583213,20.340367217056777
1280,2296.6558111674835,2108.097640830907,0.6557467674728688,-0.006288647749717385,-0.3833047431541136,49,0.0,0.01160218408458586,1.1594015145853314,-0.16058465844038855,2296.6558111674835,2108.097640830907,1109.356773832022,0.0,0.0,226.00061904157758,-1.7867237016362911,83.70742422084058,72.28432927836306,74.14159031724196,82.89914719293523,74.1887962710922,80.56236047670183,77.99489359217009,71.9994947240144,84.89004914951245,71.77793762224682,90.6748313154985,61.14518891389739,91.96137367991007,81.53437507349457,9.594982004102992
1281,2442.1496279369367,2112.3713060094115,0.8508711849567135,0.03415539158134723,-0.2680244191905856,49,0.0,0.020401034945575217,1.9477154907897845,-0.7238137958789858,2442.1496279369367,2112.3713060094115,1246.9237576210242,0.0,0.0,225.93996982629878,-1.7849324920094676,80.17811632991584,84.69756192017336,63.82471740751899,97.65850998945447,90.52402818153254,107.39094328717121,84.3901282325815,117.37663023935855,101.71309782156186,78.79896085346644,77.81234822712833,90.19620159916255,87.15762937157095,76.15994848113795,9.044935679289646
1282,3023.24389509802,2112.182409198627,0.4229351255669418,0.19278502906686773,-0.33868665252061125,49,0.0,0.01691424675214189,2.0255523626743854,-0.7663586865929001,3023.24389509802,2112.182409198627,1863.1489235993358,0.0,1508.3218980744402,225.6977481191881,-1.7849490756133557,146.63635032553694,121.20684576759129,146.292153997178,139.13739283022213,118.75432965689582,104.78417319841978,142.8246749983054,164.20050480401176,138.13514808880439,108.03580680464955,132.38014824849438,128.77415089369347,107.51528356252288,131.61509266433703,32.85686775867304
1283,2344.630028565789,2113.450028118447,0.20508498182857057,0.38110233366856977,-0.3599317744287317,49,0.0,0.007130032240326392,1.1067654326529948,-0.11013896615580714,2344.630028565789,2113.450028118447,1121.8824534839468,0.0,0.0,225.98062116748028,-1.7844903382494135,79.53009868891516,85.05595136837448,72.75191837525897,68.69573405622774,88.7586756755454,68.60576078847205,84.61136007467789,76.37305528175969,84.4692264595432,75.15376287499461,61.96651216785415,95.89303150523804,91.23910476120352,76.77647630150256,12.001785104379314
1284,1860.9994874514744,2115.3821445347503,0.3939479229472699,0.08378426325759462,-0.040810731399907096,49,0.0,0.09209195841253723,16.797766563887997,-3.0631288540974024,1860.9994874514744,2115.3821445347503,3137.5972549549087,0.0,0.0,226.1822274213069,-1.7837082357134193,211.38113098056522,209.88763796648578,223.27338348107713,211.64317070049879,257.4586929004542,238.7853142186118,188.14383983285109,269.9955992937709,209.91312322181045,177.11677639672016,212.54746701701424,194.95342766024393,235.25035402477013,254.3868137315262,42.86052352850922
1285,2250.2160453560364,2117.3128220002945,0.37970963891348125,-0.5766005625700177,-0.24163351834688354,49,0.0,0.03868801553852412,5.257188058688722,-1.8018837818983453,2250.2160453560364,2117.3128220002945,2357.9264431111715,0.0,0.0,226.01997839355033,-1.7828870927793106,159.17585589060923,151.41142836097484,154.23076772130523,148.11013668839962,181.2740925605805,142.8092974394002,196.328655048497,190.5827063311931,188.69042689829251,132.7245764962489,166.84047694578987,178.9549216738367,155.29603381253503,177.9259104393695,33.571156804139775
1286,2092.5326697268006,2118.0657886344784,0.6015025301991543,-0.534808780816398,-0.4319260210415467,49,0.0,0.016377502163683392,1.939664866343238,-0.7193167484456354,2092.5326697268006,2118.0657886344784,1247.9606454985037,0.0,0.0,226.08571005615025,-1.7825818531759492,113.17841095568158,76.6594707291317,99.51905619907632,80.590313390412,77.23348886997451,93.12275786998384,99.6715061674073,89.13337743753081,98.25029725423713,68.98540974641057,83.8034312786236,72.87606028822174,90.2798127950296,91.98075939133544,12.676493125447443
1287,1293.4994233067803,2119.2605086647436,0.5116318480389879,-0.13776230775285095,-0.12032745340539573,49,0.0,0.060480110393192156,8.91729145157636,-2.3755824032433375,1293.4994233067803,2119.2605086647436,2322.7358103508986,0.0,0.0,226.4187982857383,-1.782091032466603,168.80128681698199,151.85287219484218,158.5819112690309,196.09267007292104,150.4051384086764,134.77921269492927,184.77437044151316,195.28518738765172,156.89977707239944,141.3713314989038,153.72190835122652,172.8977259518238,154.4286301189088,172.59572192590747,30.248066145182
1288,245.26012745481006,2121.374666376522,0.8048094605892555,0.003788941749866779,-0.47337846087363544,49,0.0,0.009646854434748657,1.1890715476998028,-0.18801996841459614,245.26012745481006,2121.374666376522,543.010894290285,0.0,124.84026100378583,226.85575450546767,-1.7811280614254401,0.0,0.0,0.0,7.647387660481781,53.94804687622819,9.722444902148835,43.96552451497435,24.429209937747626,77.59328593381328,46.78412871899103,68.32250520918197,59.23897854372416,45.118512697106624,88.37358939912514,17.86727989676215
1289,302.80814766316337,2120.5946971712265,0.5821819832204534,0.37482490510449157,-0.7649082031932429,49,0.0,0.17553857891647448,19.659747873865506,-3.233944859822302,302.80814766316337,2120.5946971712265,7827.980680172601,0.0,6097.3471265272465,226.8317670855983,-1.7814602214232538,478.1947240206889,465.00963854571785,515.4707196504676,543.9205869241482,511.0769459555493,526.1056769092659,552.0150549112983,586.1745257039125,537.6596881395797,484.0299673782056,524.6121629699273,571.4472421381776,696.4657683559622,739.1020349497785,96.69594361992233
1290,1915.9913825465912,2120.72482982159,0.8941640101070232,-0.6081883262163011,-0.48051455011983124,49,0.0,0.015200738298006628,1.337083052148889,-0.31539596013279203,1915.9913825465912,2120.72482982159,1183.065133716616,0.0,0.0,226.15930346357317,-1.7814806598250958,98.60353003110103,71.65904418500622,72.0577291049205,82.60976289961724,83.71701472659053,98.27627236519662,84.40944075230645,86.32856698216736,83.07027177869955,68.77923511871491,89.28417860446322,91.46321219467254,92.61022785372852,65.72048187966972,14.476165239761334
1291,1698.0820576961116,2121.61144909151,0.5012759638789225,-0.0037284196270786158,0.012145707088723107,49,0.0,0.02838782988845331,4.116470665341495,-1.5363125622586147,1698.0820576961116,2121.61144909151,1478.0655783240095,0.0,0.0,226.2501420570318,-1.781115482018904,116.42116890064,88.14663810517301,124.58198711187279,105.60033102311485,87.78207211034369,103.34498259897461,102.12220132246185,101.21214449401356,130.28916550974122,80.79519248557094,100.38906845438122,111.50778809425856,100.54036726984833,105.41292705475718,19.919543788857567
1292,2864.3844361057722,2121.4444489580123,0.6260075095429575,-0.2876107535388947,-0.5361239971307031,49,0.0,0.011620534913359097,1.0436095800153273,-0.046345142841004265,2864.3844361057722,2121.4444489580123,1447.6128213856098,0.0,0.0,225.7639661439749,-1.781110258544154,118.02916402442575,97.29507286918556,98.5598292505702,109.3398468529973,96.42501228335274,94.7595108282762,101.64549311817268,88.621659115087,94.9696068170391,84.21482167211458,103.6253909557851,108.31135483167041,122.23228828386858,111.07040982569625,18.51336065736831
1293,2490.5675996057043,2124.248221464379,0.4341064436275181,-0.16124361491498992,-0.22137722516073713,49,0.0,0.021279866779961822,3.359226664831627,-1.3155982724535447,2490.5675996057043,2124.248221464379,1392.2604909649272,0.0,0.0,225.9197879365082,-1.7799799927531967,94.97794815507442,80.31374850411768,116.7848739306562,102.75567143104308,81.42524170891538,93.58170570457042,108.54481259362134,102.29038344263961,89.12746786500068,84.87037670892406,90.13615757128116,117.20354038503403,94.89915858434517,115.2259476319139,20.123456747789948
1294,673.555044523689,2124.6638269269693,0.3846666345459169,-0.15126381109746131,-0.2849711911724015,49,0.0,0.04205310885806763,7.288416925899971,-2.1565830200381453,673.555044523689,2124.6638269269693,1995.0037906827702,0.0,0.0,226.6772254274921,-1.7798036756280269,146.9191947771496,139.55509763745192,127.70229848360407,162.6178277911162,141.9964403353082,140.30832030473624,151.09503242072316,150.46725516962942,139.1925160515218,114.45066709849306,145.49583625652863,139.61438346316802,150.63825410804844,124.97459472895005,19.976072056341376
1295,446.1465184589029,2129.419280615188,0.5137820568200374,0.042312067925821754,0.2249050077250649,49,0.0,0.017641489413595446,1.7213880573200322,-0.5896969639582094,446.1465184589029,2129.419280615188,1580.654584817924,0.0,0.0,226.77201799111424,-1.7778000552411666,121.08291481659924,111.4916091259667,110.14005572099904,86.09574730447488,113.65104199306907,110.04360250892384,124.05714048760733,115.71742903805008,132.111007109455,84.63576048490091,98.66524745584422,112.29097108650153,128.02728894050506,114.25650805211744,18.388260692909732
1296,2250.1292160794032,2129.2074066032774,0.5209628540525324,0.1466022840487061,-0.1014717447954938,49,0.0,0.0233228158742954,3.314427008351789,-1.301021148126598,2250.1292160794032,2129.2074066032774,1442.9833562302265,0.0,0.0,226.020015406042,-1.777931148180423,122.62000438477529,96.05815636948527,99.75767200385557,93.10676869027441,99.96495900385389,98.52578836608161,116.14497873970508,105.02186049822608,109.76102303900612,78.94433423803737,97.13483224386032,90.34172454693467,124.13599173784347,94.42926010451889,17.03600226376829
1297,1488.0100745244758,2130.506991750544,0.4493172808737304,0.3591584903455538,-0.1738912025751234,49,0.0,0.009524132250310995,1.1904439444190325,-0.1892723754491501,1488.0100745244758,2130.506991750544,1132.2051343123471,0.0,0.0,226.33771360786426,-1.7774089137548754,87.94508499683015,78.48615324143788,87.44959785340515,89.54383553206362,73.7064603333678,69.5457864144309,92.56514879466864,84.88682261754184,66.60436886456263,67.1193430123829,75.20232635658672,86.34598102142354,72.28245373307689,86.09421538027384,14.427556160294465
1298,2662.6470008037295,2130.089409206522,0.9517952570475599,0.03468230478170258,-0.009571019092783462,49,0.0,0.018561891701310493,1.6388078251164062,-0.5363200724790034,2662.6470008037295,2130.089409206522,1156.2229011403028,0.0,0.0,225.84805837447723,-1.7775304574025652,74.76586686185698,80.85257928801545,79.03248196808204,79.01539884837153,68.3189978075633,80.06818656770508,106.5674934623192,77.05785371639094,70.6942633396489,78.63031254753741,71.10689428732735,86.26835317238073,91.11812086926109,96.41382309327902,16.312275310563884
1299,1462.1382930620452,2131.821051851227,0.7739749382344778,-0.6453453892559035,-0.24733178834621958,49,0.0,0.012929900540491089,1.2942800940378272,-0.28007067949424747,1462.1382930620452,2131.821051851227,1091.531198615152,0.0,0.0,226.3484985975199,-1.7768610920280987,91.24454424321571,66.87865709177042,80.16869732757775,89.49631681267915,72.02688052533759,72.93663996335547,67.7005593869455,76.75905692201673,100.04496810577817,59.180429387781544,73.15320649622306,70.56631500446834,81.09875930466217,80.78073556776104,9.495432475579548
1300,1364.1209897078813,2133.8856893816837,0.6640416516991067,-0.0012095415045769568,-0.2092820441651094,49,0.0,0.03072805916256013,3.8414323613587786,-1.4612329767028598,1364.1209897078813,2133.8856893816837,1441.3455552324813,0.0,0.0,226.3893583533629,-1.7759991142369966,76.14455103104481,107.64922604530143,112.58272896537204,107.2261998658449,102.21317400579633,102.86973343971354,95.35370187295479,105.45174056638999,119.73748202890582,83.36277855866884,108.69645098645759,101.94496429386592,112.10397962292188,90.78668483445263,15.222159114790694
1301,1405.861296986404,2133.976777487415,0.7059047003627866,-0.3695716778058029,-0.018034389861723676,49,0.0,0.014473243729869752,1.5437423980386065,-0.4714370799538645,1405.861296986404,2133.976777487415,1169.3881036435023,0.0,0.0,226.37195837207025,-1.7759620066063138,84.26292851838856,77.23353654219838,85.41177262094952,86.30695666533757,88.28008836926207,81.31270830261843,78.58715233982537,87.88493834755664,88.01491521641933,70.62146564646247,75.6821898610159,83.40106566237853,95.17909056113766,73.25374940799537,13.955545581956711
1302,648.7787876194176,2138.655791916945,0.29455174494563313,0.0421175143356613,0.009341601455087811,49,0.0,0.010902940521794935,2.0115382119729825,-0.7588207175371329,648.7787876194176,2138.655791916945,1164.2897776880545,0.0,0.0,226.68755188515954,-1.7739717258452758,91.56487270299905,91.11741602468196,83.24355193697642,88.13279464682782,71.43652455538304,65.7971829017882,93.2027062143278,86.62845853889826,74.04570674840525,66.14367789070339,83.45374333965077,85.16686189575559,86.9942829076573,87.04399399013941,10.318003393860321
1303,1774.7325396551594,2139.1163954686785,0.7223815758012467,-0.08927994179348121,-0.27400576277469724,49,0.0,0.04179273632718389,4.847526460537361,-1.713800470954475,1774.7325396551594,2139.1163954686785,1724.5360108178638,0.0,0.0,226.21818950239495,-1.7738208869710683,106.30467475536253,114.94473184107086,102.65379196637254,141.97854532834987,150.18434858470332,101.4742139708845,133.97845688365396,126.2369818439154,122.34718360365112,107.78438966494183,110.95653806563277,103.42284222760085,146.39326040750097,127.48458182766366,28.391469846559744
1304,2080.4605235175222,2138.3760494906796,0.48240370013926076,-0.06217384514983906,-0.02410779870413514,49,0.0,0.017050945803804972,2.3753336776375003,-0.9393115656156046,2080.4605235175222,2138.3760494906796,1284.451244188031,0.0,0.0,226.09074348485277,-1.774119974003042,87.91577500075647,105.9698582506021,93.40754288404638,75.7524235368932,97.14875983624839,73.34419694543092,117.3679026988529,89.73648327375935,99.70904313003444,74.93904613990154,98.91271407123673,89.18726811321764,75.40171693292064,93.16008293426934,12.49843043986112
1305,1944.6486057289724,2141.741341582137,0.35509629370813534,-0.19242448233094026,-0.3351502200316507,49,0.0,0.013501896042609329,1.3964493769650235,-0.36256299151175037,1944.6486057289724,2141.741341582137,1460.5450136923641,0.0,0.0,226.147358099006,-1.772723047094221,104.33612846798792,99.68233236204877,104.1042297336061,96.62367471851958,99.99625701289136,88.6021982920087,107.62628676132435,113.35884449205756,122.82475789122272,86.94552138862248,97.39303356415505,99.99334357912193,93.74218199868852,122.86740715179783,22.448816278311227
1306,1636.0197135705905,2142.542731248569,0.5959549402068969,0.161787891570032,-0.10064963121876226,49,0.0,0.05959114558200477,8.605429421709976,-2.336931367607755,1636.0197135705905,2142.542731248569,1853.9657042163292,0.0,0.0,226.27601375317033,-1.7723946342616632,131.15008662188018,123.58062029261299,130.58309235288795,137.90437131236612,134.88164926199644,138.82117156626387,138.43169171268696,121.12168225925114,149.42458247846895,95.49527458031699,136.38441502364938,122.33443108106735,127.32856519617147,140.05450945355443,26.469561023154917
1307,251.63859163928862,2144.308195942777,0.386289541712926,0.1306455294265085,0.10549833710602358,49,0.0,0.005030466459736642,1.1551095039235142,-0.15655789281167995,251.63859163928862,2144.308195942777,451.6521028235951,15.781358356857597,79.09576276853312,226.8530925324575,-1.7715738400739913,0.0,0.0,0.0,30.82329687534394,80.0478282003529,24.154306063966665,17.83776121006177,31.12781434935801,69.11779645339145,7.3966249667932225,26.42088554159362,82.09871646498175,13.211363938832164,47.514511419431216,21.901197339488352
1308,617.030531895586,2145.9150198270836,0.5013299037479327,0.12479480361663109,-0.19243056606075004,49,0.0,0.06145276165667243,9.259832310206706,-2.416507804876726,617.030531895586,2145.9150198270836,2325.6194357645472,0.0,0.0,226.7007851561714,-1.770944289225103,156.9531980287448,143.31793756841432,147.95084652754736,176.34378324742397,145.5695931773709,169.3816870431528,169.0508798340332,182.91505674598875,153.7996721615604,137.84167295939727,149.7823694225354,189.87873123592766,173.88286396695392,198.9574319615695,29.993711883927332
1309,1479.6091722242707,2146.3327213165435,0.4406870365942802,0.12313700723185485,-0.35786463830143783,49,0.0,0.020774273697732316,3.1334873013997444,-1.2400698476033831,1479.6091722242707,2146.3327213165435,1406.5552266984294,0.0,0.0,226.34121543791125,-1.7708148710576774,113.24741939802419,85.3420507996052,85.82269706689591,88.37268060721402,105.45118280399522,92.14422970942563,107.34301199592552,114.81880847466516,106.11039737244899,89.10635185884583,91.13495803536564,87.58278247875836,119.97186976179167,104.11782092687552,15.988965408592522
1310,3057.3961135307936,2145.9532939849587,0.21189179622315799,0.17472554572672871,-0.8256688671523603,49,0.0,0.013377526045813675,1.981787861473666,-0.7426429100322934,3057.3961135307936,2145.9532939849587,1324.6113886175979,0.0,961.268897365485,225.68351798281543,-1.7708742294931585,85.66309696606352,65.04679886446786,68.38748127884983,93.58236388595866,102.13451705106866,97.87095776926779,104.09988229314888,101.9290653579418,118.38923599982776,77.17596350012604,120.52761850384573,96.22197717638711,115.15219686053682,77.93122622169798,0.4990068884095831
1311,290.417824695301,2145.6114935184355,0.25551480858877174,0.020704511831077636,0.9562871350758075,49,0.0,0.007807044714277197,1.5236305424771817,-0.4571991747011281,290.417824695301,2145.6114935184355,1247.2236474782335,43.77108718140387,643.4636064260067,226.8369282493679,-1.7710356638748583,67.79460585527761,53.21148102573663,57.82601066075764,70.12353013892915,77.57201858656234,96.26256163370952,118.72784731487774,82.88020135286766,146.1940983232579,42.00583875781029,77.87267763236271,126.6702250277812,129.9200770912354,80.94887308968163,19.213600987385995
1312,2710.7135834994524,2147.266774685536,0.5968680667872218,-0.11973393341951655,-0.34386946718214073,49,0.0,0.35653519542573725,50.498785486826314,-4.258202333281196,2710.7135834994524,2147.266774685536,8209.632159274915,0.0,0.0,225.8280244059346,-1.7703686558815006,580.7105777098595,537.8171042345787,600.4242988818568,607.3332813683171,608.1072400404032,574.0279517162008,632.1885830569752,544.4186234946429,572.0886915923409,501.6637775246999,574.0161431159827,587.9276215953885,606.4385476643763,573.5381774766207,108.93153980267093
1313,646.1527081601007,2148.3462986796585,0.32936527557900186,-0.2767255932276128,-0.2577323597902794,49,0.0,0.009310371582000238,1.1235174834881505,-0.12644958757845498,646.1527081601007,2148.3462986796585,1288.18619201592,0.0,0.0,226.68864557062963,-1.7699339401482517,78.19934992113127,94.87373885791956,80.00200701837001,96.01584000054766,84.25877714757402,94.82415656324243,92.80457174104589,101.33754099788237,79.69457787532738,74.25671903719011,86.81326644815007,95.73269687278653,99.55876398836334,109.66648827393206,20.147697272457204
1314,725.5321857530535,2149.8090163285474,0.5629355269593442,-0.02842355688386418,-0.15953184945682466,49,0.0,0.025515383400222427,3.4868305303336684,-1.3560770999215266,725.5321857530535,2149.8090163285474,1405.2942440481143,0.0,0.0,226.6555565937444,-1.7693312943212072,110.88683491067582,118.51865531700867,95.39459565877377,100.98884113917745,98.65895911423344,79.17355514584982,125.17029858560235,105.92028138384555,108.81078591630677,65.10320503635657,112.98329746229533,98.97607668471832,77.66961949989033,95.59840550904468,11.440832684335328
1315,1979.590021897236,2151.046109121113,0.7033115700574234,-0.20676024863871278,-0.22197152274053547,49,0.0,0.01791460774393915,1.73010354318972,-0.5951802388773041,1979.590021897236,2151.046109121113,1284.2192789551398,0.0,0.0,226.13279279109926,-1.7688449515366549,76.88229046534313,71.53402480649021,93.19645311803143,84.99898576835169,79.74014734532724,91.63085197386337,108.56847016627142,90.63062886251166,101.12324305934708,79.46252679410388,96.54213506913675,100.48838325118578,90.59856502024226,94.30699772642413,24.515575528509817
1316,2503.6899145710513,2150.3975686881427,0.46396938027890816,0.07752758823926345,-0.05135813158937966,49,0.0,0.011433284248086335,1.5067031484897784,-0.445069239492549,2503.6899145710513,2150.3975686881427,1085.8643025099063,0.0,0.0,225.9143204356939,-1.769083724921482,70.73521220944173,63.876170397891705,86.00752904268917,73.37592400888866,71.9513333829349,87.48570358838128,73.75717695575194,72.68178958949153,94.79034992309815,55.24763569552596,73.22040564327541,78.29563350603766,87.98276047207361,73.00822659984141,23.448451494583242
1317,1171.115429766034,2152.917079423702,0.6147857441439382,0.22966354829022095,-0.07617962355224522,49,0.0,0.07201245006554664,9.750000591737848,-2.4725116051408227,1171.115429766034,2152.917079423702,2248.9827913929867,0.0,0.0,226.46981403155613,-1.768063494500899,141.4050708592505,161.57888696748353,168.00885272680125,176.689714295072,170.65568081142976,154.63519230676346,149.18600036709563,145.93187821324943,157.4926203661364,153.7787875673347,173.79517110117476,159.37479219134872,174.34545995834216,141.6752156843953,20.429467977108924
1318,2275.8776492381207,2154.0463297007936,0.7898893268041449,-0.2308114169080463,-0.3702340695232803,49,0.0,0.04398868835291761,4.632851139582289,-1.6646208647445526,2275.8776492381207,2154.0463297007936,1763.1469849116588,0.0,0.0,226.00928382756956,-1.7675802777727208,109.14482411030887,99.89055723570085,129.1031152502908,98.24756464749555,118.14810439015795,110.4967485586487,159.0511298669116,134.15343029752793,129.62986258660996,108.66834655093709,123.84922031343464,129.28100490797547,143.34096914412817,139.40262235866635,30.7394846928647
1319,2291.842900774512,2154.6740199165615,0.7290217765004723,0.10891939951291256,-0.23040772739170487,49,0.0,0.019046489418976326,1.934701961918485,-0.7165351801529257,2291.842900774512,2154.6740199165615,1340.7254450993357,0.0,0.0,226.00262873689172,-1.7673177276018432,96.09370166136186,96.6286249944049,80.29684055776696,84.71171383992214,105.92733993803432,77.09188213917827,101.50685405842367,87.62950442841571,108.08461932906684,82.3499912934166,98.72017608110423,85.0474898760302,97.08203024638973,121.1679302234158,18.386746432404454
1320,1831.8794669562499,2155.97751848385,0.5726592474123243,0.04852832316949787,-0.07103725571528503,49,0.0,0.07655764268517616,11.1554868317386,-2.6187213197240466,1831.8794669562499,2155.97751848385,2440.2348193341513,0.0,0.0,226.19436751458866,-1.7667944526562105,153.20952012229702,152.06973154475438,165.7007505808873,196.19102480886085,173.99183890587247,170.88855842326979,190.07228114179736,182.9478359899229,184.15255381492113,114.55450528549093,187.45056901786342,169.83236261642097,183.94785291707805,177.2272447327747,37.998189431939934
1321,696.7359283701679,2158.806075700815,0.2793178531196426,0.23465593671954205,-0.24864054283400716,49,0.0,0.021009764098648125,4.019043221592813,-1.5103066917666788,696.7359283701679,2158.806075700815,1588.2340846082307,0.0,0.0,226.66755929948857,-1.7655802644315448,117.22474567368081,101.89624234390661,128.2435967216917,103.0925147575571,108.41891118983494,121.08750155648467,123.19766792977795,113.9092104757153,104.82888005959032,103.3414082222917,100.37375522018887,114.9202041543245,104.99675949516484,115.98341122495566,26.719275583065844
1322,1887.6701868436348,2158.6324729258645,0.5569104501047464,-0.09702100267278889,-0.11722001993986804,49,0.0,0.02659741311574236,3.3262990754341564,-1.3049032377133636,1887.6701868436348,2158.6324729258645,1612.3518657600794,0.0,0.0,226.17111067818055,-1.7656868902138014,91.76444230079142,116.12021274449725,112.15407752825125,118.25113392988175,127.29572856160934,115.25709613118244,107.8072703238855,110.28786954312551,121.3082887656054,95.78398783768372,107.73755901851624,122.60138368685453,122.20658134462865,118.67575524494022,25.10047879862629
1323,2166.0731867136374,2170.2568326820588,0.5691421572133706,0.14311198782480522,-0.1357925067895537,49,0.0,0.1199317942941366,17.63716253472872,-3.1160717928865553,2166.0731867136374,2170.2568326820588,3270.9470846760155,0.0,0.0,226.05505713124302,-1.7608324419884,227.91781355965617,224.29189544027912,248.87179898552264,216.3071827734192,251.55868040050302,218.5081109526776,238.00874860306791,239.19958734232245,257.6167031195727,210.11552016135158,226.8315215844516,243.30884635284838,201.37642188312884,224.7020144354368,42.3322390817778
1324,881.251868100023,2173.8128088689036,0.25402527775233025,-0.013674693006412912,-0.10141947141433201,49,0.0,0.0086459136130294,1.2043749143077545,-0.20190425274781743,881.251868100023,2173.8128088689036,1272.0970400450199,0.0,0.0,226.59064332473673,-1.7593416354334053,87.10051660790467,98.69314756057958,91.97831509571532,82.94837120886842,91.12695276252296,84.11983413273532,77.43616117724716,88.69129196919573,83.34816743812544,68.15995146433923,94.9849249258111,108.17648467762578,105.29759696227575,92.35741435476302,17.677909707310384
1325,2305.069086194318,2173.7902839175863,0.8111681954520056,0.19915437621775484,-0.09956538677509812,49,0.0,0.04116985759328395,4.488240656803759,-1.6301903387128505,2305.069086194318,2173.7902839175863,1563.1326650399055,0.0,0.0,225.99711681481128,-1.7593519931157333,109.40593255221947,89.49664599822363,108.91807628375221,115.19157993182989,109.80386026618052,92.85099077124408,122.20690944743498,128.81550983645354,122.47593387179207,93.39172167813474,129.72623849184353,101.56968213060398,129.93472963926556,86.36138506554235,22.98346907538491
1326,1994.402121031864,2174.487061741776,0.4623875558624665,-0.0895482305479538,-0.12171722386002218,49,0.0,0.015993499239062695,2.257717307206441,-0.8841739055243647,1994.402121031864,2174.487061741776,1292.6334007086266,0.0,0.0,226.12661921562096,-1.7590775556951155,102.83490142673148,82.80563389679081,93.45073672460812,106.64311400516769,87.96305165734535,80.53220581907124,79.18670055760057,90.76904855999429,116.1768753159768,67.15126502868935,73.36851557282318,98.4182687163944,111.05351751161355,78.12084259484922,24.158723320970477
1327,926.7429434996052,2176.2810447757856,0.6039949604326673,-0.09893678138584135,-0.2011819623919119,49,0.0,0.051516486489323846,7.071325318043226,-2.123752043817464,926.7429434996052,2176.2810447757856,1881.303953703094,0.0,0.0,226.57168024637045,-1.7583161829469216,132.67400295004973,135.90936789425155,124.84798541874359,144.14699620407828,115.78803743080124,138.06971262410008,133.23465113756242,142.33906771311018,158.97633971242595,109.89087024343455,112.66885609117949,133.33927811084092,134.40493878849495,140.6898668222935,24.323982561727586
1328,1138.5227453544783,2177.9261927844095,0.7833050817318707,0.18097271852903682,-0.28351770232501683,49,0.0,0.02772378041655136,3.0023370152705997,-1.1936486015613395,1138.5227453544783,2177.9261927844095,1343.9836350948954,0.0,0.0,226.48339931087997,-1.7576419067457094,99.48092265735079,85.41321433123989,81.61947013290373,90.05754331619363,106.15373986908259,98.29825439035454,95.7032094044299,111.9612265180434,97.4930721577806,88.57426229544514,78.82900509122588,97.38052662676398,97.55082582526721,102.71307503708948,12.755287441724693
1329,3057.724736046832,2180.813953420572,0.6830572025378927,-0.498122865194808,0.11090264465907992,49,0.0,0.01212648010820108,1.567373833079607,-0.48793148013233656,3057.724736046832,2180.813953420572,432.9218466511068,0.0,238.01498769619997,225.6833863794881,-1.7563499698228122,14.68388811373971,0.0,0.0,28.930128212405652,2.9980449230218977,11.769390912309444,12.997457182429523,7.016174182594101,28.968269585220547,41.932131930196995,69.34970622864847,65.7864061076667,88.20236716331385,60.2878821095599,0.0
1330,707.2454013459636,2182.4406352864153,0.8830992705240345,0.5377173149218186,-0.24320132008397347,49,0.0,0.014885691939563602,1.3135483210647712,-0.29611513415617524,707.2454013459636,2182.4406352864153,1226.4528256924846,0.0,0.0,226.66317626321188,-1.7557337905130397,86.12047360440346,84.27073025419826,87.14574338370527,77.7535053953224,91.25361326696024,75.81172623262657,94.38201069337634,80.61109525907767,84.04491805156994,62.58932521369944,93.93744322385754,104.95040016730306,96.86634849605676,86.72936240565684,19.986130044670617
1331,1803.217387441671,2182.1694215717584,0.5986948449149604,0.12553325734663442,-0.11612259812835186,49,0.0,0.2195804491668804,31.647726767407427,-3.7508563010629774,1803.217387441671,2182.1694215717584,4980.226420301639,0.0,0.0,226.20631616213996,-1.7558819396334286,358.64894014620023,292.451058755452,357.51300541748407,351.41711093586866,339.1751556146743,341.48397739233457,355.49909287827234,345.2191008573445,375.74819395807964,322.65726283252724,383.48351212360603,358.10534049561136,375.0381724444282,343.65010776476345,80.13638868499277
1332,2476.203256545947,2183.3586262488316,0.6166940166015783,0.10450806151552841,-0.3315729799663601,49,0.0,0.029120468669484204,3.8183391208276305,-1.4546862426767149,2476.203256545947,2183.3586262488316,1491.4468708109239,0.0,0.0,225.92578115241216,-1.7553527506851492,107.50393411430427,82.19931313518404,102.69397578316753,125.6560527771899,92.25269406457168,79.65095195319662,121.71780556412699,127.57024445429033,110.39197695432749,90.79836596635387,95.36611951492849,99.42507021360547,116.46978488618848,115.25275613834467,24.497825291144125
1333,624.1198194413043,2183.99707264707,0.5336900406984795,0.15221192588731763,-0.22454000912725453,49,0.0,0.03679339707711688,5.23651166258821,-1.7976051877936534,624.1198194413043,2183.99707264707,1881.012185279245,0.0,0.0,226.69782611618066,-1.7550780859101123,116.05938303003546,114.81719876670883,127.31357594937796,158.67976273892208,112.30268694361519,149.11951956436894,136.68092279053036,159.76137980299058,146.71309572394722,108.29936238516125,115.28829046094211,134.83987284541584,132.12120068898133,150.0237183508389,18.992215237408953
1334,2492.2214858370926,2183.4476866404634,0.8395736254224596,-0.7607191735030043,-0.03278850401257696,49,0.0,0.014942459432174812,1.3980256183530908,-0.3637878244602132,2492.2214858370926,2183.4476866404634,1142.4952498615335,0.0,0.0,225.9191041010103,-1.7553143292227924,84.62045709483945,84.74379635035365,74.13910403476567,79.57469127455403,86.4478305110783,84.21757728839795,96.48034627312815,79.76634510023405,85.23041998272649,71.41475327785423,66.88585681579778,74.53001611078112,80.8103387539984,81.7832803981185,11.850436594905592
1335,634.5584731979866,2184.4659521042845,0.701962545294033,0.05348500661049862,0.010174145705526834,49,0.0,0.04847440783867482,5.7011612249279064,-1.8899083068194333,634.5584731979866,2184.4659521042845,2049.903798678226,0.0,0.0,226.69347484416323,-1.7548836689916054,137.20513022457519,136.74135534467428,134.56752351218068,159.2346369444769,141.91396369626528,146.4941866066232,159.77138383297745,139.34378226682568,168.98668212596772,118.04184781566562,143.62140167543478,150.7119709720501,134.6991022881064,153.94721228094514,24.623619091457584
1336,2416.0325381551183,2184.4840193877653,0.5709667547127653,0.09176841325211378,-0.2266685422570403,49,0.0,0.07258938259833922,10.214269220992191,-2.5230182512969535,2416.0325381551183,2184.4840193877653,2434.6885993290516,0.0,0.0,225.9508629780794,-1.7548885782090902,193.03225349513275,173.48507379275756,190.66298001378308,155.98079673881614,187.45068512940026,154.53036436548842,165.9975111583683,170.63695648140867,164.16571769045999,130.25480650677758,181.60012628937335,157.49882031883988,191.71673155279518,179.0071023483333,38.66867344731732
1337,687.3812662243868,2185.629619066862,0.5690604842755032,0.10314901834191896,-0.11586246938977705,49,0.0,0.02651976359950479,3.2710152835382655,-1.2867064333335685,687.3812662243868,2185.629619066862,1590.1489573386846,0.0,0.0,226.6714561342057,-1.7544034342497123,119.37595881656412,112.58632463405496,138.92706058675662,111.57474113041079,114.85044663343297,102.70332719681153,121.42841572666325,104.49177840567486,121.5536368681233,70.46102073491508,111.97410605977274,100.91377829150787,121.72808363435527,111.56722223158329,26.013056388057997
1338,2590.3801762177295,2186.1953747839148,0.5123200255037771,0.26242250298583514,-0.05145667308390256,49,0.0,0.014964713874409554,1.6056068305701459,-0.514098017645715,2590.3801762177295,2186.1953747839148,1527.7562000325318,0.0,0.0,225.8781880190185,-1.7541609348061238,112.31278966229546,115.63048610607096,103.82190219470624,116.42940718346101,111.14358578773535,107.99288456748441,134.41598577146524,109.68256574126198,74.54269320774918,79.75902891206903,88.31349175825682,97.57755229062406,144.3190196233022,124.03188751057615,7.782919715473486
1339,2742.271487795292,2186.8413651584706,0.2264128951804945,-0.5445395276681204,-0.9791926225666168,49,0.0,0.007975035519902618,1.0381951172885089,-0.04069745506820156,2742.271487795292,2186.8413651584706,1276.6201215080873,0.0,0.0,225.8148747643487,-1.753876764573972,87.94539127520501,84.61354214005613,85.5792769589753,94.62790412138531,88.93773234045133,96.99347249368758,108.41054843417682,95.76298802011335,84.44866523509566,71.6746117916856,92.3802828390854,77.01135956282273,92.33407556362997,93.19694495289473,22.703325778822443
1340,2155.9122799047527,2188.418357950874,0.8367795873420567,0.20672908637563117,0.15550947601204373,49,0.0,0.022485844146875687,2.1867816466674492,-0.8495135506648361,2155.9122799047527,2188.418357950874,1330.082162891557,0.0,0.0,226.05929380248728,-1.7532658661738474,79.83473173595638,77.41451888243091,92.22911929187609,117.09827726305082,88.49263994530013,101.02791014350967,93.23503639058626,111.10315207907531,105.38540692503031,54.246937221724664,101.88571412236583,92.0834781480068,93.77908773057374,97.22269398270595,25.04345902936402
1341,1548.0251597006238,2190.2676272953254,0.3203652485626963,-0.033517532514959765,-0.012531708695462706,49,0.0,0.008568030816552314,1.1982754648601834,-0.19639166766414914,1548.0251597006238,2190.2676272953254,1123.0312362224336,0.0,0.0,226.31269514884096,-1.7525095293936668,77.09662596012048,80.9410400815488,92.4700860694168,73.73630055748893,77.31580985140727,70.94837579529076,94.6569090130653,79.07925288484668,65.75080251021656,47.99046833012336,75.51298436953553,77.97379866469792,95.76859759211325,94.63869504913055,19.151489493431374
1342,875.3382430181514,2191.0267747279486,0.8201598979414937,-0.32162916247590156,-0.25662354623948164,49,0.0,0.022834424058524917,1.9222814653006375,-0.7095424462049098,875.3382430181514,2191.0267747279486,1769.2376410608886,0.0,0.0,226.59310708775124,-1.7521689804832223,144.17171906464384,114.22120366409817,150.58506095736857,143.28990686297038,125.79741387981687,120.13271767842518,122.2741403905285,129.03779715270588,124.46329590719198,90.47228931539192,109.56206158955922,98.66143606776612,114.88196903313472,149.1671505357287,32.51947896155836
1343,937.7125166933561,2191.455786713333,0.7270487045321768,0.28162902567037074,0.08490896488775408,49,0.0,0.010238180009638154,1.0412855850083829,-0.04392464073988655,937.7125166933561,2191.455786713333,1023.181055521039,0.0,0.0,226.56710652228927,-1.7519942429891955,59.32525542144195,74.92721698655596,71.27949636795545,75.21008058132199,71.12509478924696,58.819378286317956,82.90478523611955,69.21438847366882,73.5307577195874,65.56904621097016,79.18939916973659,68.17501096770977,81.53701575112211,78.88496195514851,13.489167604135723
1344,1812.581021180338,2192.089957365036,0.5001577955724285,0.05283457462468413,-0.1542918268467461,49,0.0,0.11560657110201711,18.274747450723467,-3.1546284597635177,1812.581021180338,2192.089957365036,3510.241259656911,0.0,0.0,226.20241308157247,-1.7517482828165896,198.8353817611232,207.0870496535542,244.60478003333031,295.0428713714117,262.27341553237767,260.7060374843873,273.36668518070115,253.76196797538068,275.1836851337745,206.7311704309746,237.78988093721767,238.22259648772774,265.2057310494673,233.93009000191842,57.49991662356441
1345,2537.9373755449014,2191.7305825762155,0.9021792350776161,0.16424547452191482,-0.36370974235060494,49,0.0,0.0140553528153904,1.182606215376452,-0.18210039293330216,2537.9373755449014,2191.7305825762155,1156.5886826342132,0.0,0.0,225.9000487069927,-1.7518593835231073,77.24667439015187,82.273555061606,78.59024719692536,62.07645300332069,91.40701490079944,69.81925170445795,105.49151497979027,89.46290037812672,74.38950381265288,58.01577461431156,93.63463087482124,84.10311409596486,86.54597645699187,87.49279956793532,16.03927159635725
1346,1213.2910414835908,2193.487605335422,0.7659972482997663,0.25340471888975913,0.04395790170634079,49,0.0,0.011532798233044546,1.020204114698199,-0.021717676999679934,1213.2910414835908,2193.487605335422,1158.7458726616337,0.0,0.0,226.4522311254432,-1.7511610797608468,79.75996278373518,84.91886191443632,82.8592739001839,74.5687352135296,83.47317123385187,71.66645357426444,86.19403024263654,88.08995499273914,90.96908441673811,65.18959122663505,77.78431385924236,88.54324134324496,87.2204727176532,86.83118625566311,10.677538987079831
1347,2051.574731610044,2193.058846860504,0.6473221030941165,0.298220082711969,-0.2121531767517019,49,0.0,0.0241843629558078,2.9124694230694783,-1.1606534364054404,2051.574731610044,2193.058846860504,1391.54224425536,0.0,0.0,226.10278738190732,-1.751337245079346,79.91983487925027,79.91712591448093,92.77472831815945,103.26735686132999,99.79628669539892,101.93655569248541,91.37263036456532,118.07249690380729,93.34937767004787,68.66850146930653,108.27461511235035,114.45844225334132,106.17897107909425,119.95857681734509,13.596744224396948
1348,2800.3661024615826,2193.1552446459614,0.544949900392602,0.011190605218555607,-0.3825857229735604,49,0.0,0.08792460300892044,12.190666613062477,-2.715068636166346,2800.3661024615826,2193.1552446459614,3231.015564932965,0.0,0.0,225.7906601075353,-1.7512398197286987,233.59899486564933,195.57500345613602,216.30714643533867,262.02657170424413,251.90437477519433,222.19940541530812,250.92424812566333,224.3034834492494,229.14450303336892,171.1479560847363,255.0231550188106,218.48675371616665,227.6761589108639,228.2018838956911,44.49592604654437
1349,1857.5406638700526,2195.659599207422,0.5895043902544339,0.004999105257695191,-0.16262949470682916,49,0.0,0.013151065027236786,1.4060372230105138,-0.3699920455467826,1857.5406638700526,2195.659599207422,1637.183250879133,0.0,0.0,226.18367146343306,-1.7502599850894105,122.6211820094774,107.96681050761262,109.7931180165765,123.60140516087992,110.67593086570102,122.85458536292953,108.49858901841793,115.846455966673,111.147134709228,100.97292483743513,122.99610250737449,105.97791873658048,126.61232848056804,126.13384999648895,21.484914703190256
1350,1864.337952784805,2195.619354870452,0.5565427830593508,-0.22253786871802067,-0.09236909761876637,49,0.0,0.03155282794702328,4.29632305386434,-1.5827423246731687,1864.337952784805,2195.619354870452,1709.5469976448185,0.0,0.0,226.18083797332935,-1.7502765893092789,114.67414019237305,125.7544969716547,104.29591390577916,128.28880741395696,129.81340153276932,120.4709115723538,125.06790009653722,127.45137949496203,120.62618046305924,102.64141976640218,113.8575132769952,117.63798339914611,129.8940764684508,128.43496754313685,20.637905547242205
1351,414.49964296158873,2195.9836851689342,0.5235998880471618,0.18079864776093138,0.20111647881819508,49,0.0,0.009991321893368675,1.02771522693738,-0.029681978032092077,414.49964296158873,2195.9836851689342,1271.9945568558142,0.0,37.302466615956355,226.78520113782972,-1.7500629009799595,92.43490853600161,74.27496056548603,96.12311672686761,77.78352557506614,96.62087469726552,75.9376384254007,109.05920666654595,95.95525564293328,96.20412604166741,60.4267233428889,76.9034659708085,82.71584023838429,109.16040751556187,110.89665716863306,17.497849742303487
1352,1085.9915002420487,2196.567687534984,0.6283777987873341,0.43039274319416626,-0.39222180348093777,49,0.0,0.01205305482083351,1.273532329628845,-0.2625249358741186,1085.9915002420487,2196.567687534984,1112.2582595238464,0.0,0.0,226.50529614883078,-1.7498724283962697,82.59150891521865,77.27907633872898,74.46084988050643,80.2180606302355,67.50415956399182,74.20419702281482,83.88276224879613,87.21391503593549,79.15396642287773,57.89704473971129,71.34276025141332,84.47932703155215,87.40370901676647,83.4998063110539,21.12711611424367
1353,1749.1091580607397,2197.609882934446,0.24878085778976064,0.35606311419016706,0.13287017273911483,49,0.0,0.009568269728688978,1.7766402627106965,-0.623998749963914,1749.1091580607397,2197.609882934446,1155.017392082746,0.0,0.0,226.22887185248268,-1.7494494188985734,88.5269284830915,79.77595222422254,82.36613631574568,88.60495515339765,84.66891947129407,77.11640775081557,86.83299245374727,76.09131878489762,87.27272261814161,49.010717394007926,64.676225192427,93.17862813530233,89.18357951498488,88.76943505925098,18.94247353141939
1354,321.83099794279065,2198.9852512000184,0.5819305929932459,0.30566386455867645,-0.6355843976377671,49,0.0,0.13943689241478277,16.738150591498176,-3.0592686771123603,321.83099794279065,2198.9852512000184,6348.749690504239,0.0,3823.3642851852806,226.8238272186659,-1.7488017546314762,573.5761474807668,458.31327370898566,464.3844853367575,479.4436204386949,474.5550428215937,435.35285418159935,516.6079473082152,423.86584202263236,432.70173321279253,339.25665177257235,416.7348880165655,409.249807383325,437.45509385586985,408.27524178001624,78.97706118385207
1355,2097.44260124953,2199.995657768411,0.5460353214607859,0.3500193812412831,-0.023832106596700587,49,0.0,0.016108747540657758,1.9809727241570168,-0.7421962395409056,2097.44260124953,2199.995657768411,1318.2926892672383,0.0,0.0,226.08366760747944,-1.7484449661233514,87.78412488666174,87.44088943094431,98.96197843259856,92.02128488765149,100.26463889230155,85.56344694689636,104.03835495185852,92.6381604313651,105.20021706436145,71.27404142084828,93.60619371750431,82.59613362426543,92.25514709279331,104.5145368350725,20.133540652115467
1356,691.793471240105,2201.4665698816184,0.5655292896449146,-0.027587919263153838,-0.23856685949410467,49,0.0,0.29956195993963697,42.73477118889142,-4.076953457489511,691.793471240105,2201.4665698816184,7519.440490984686,5.1487300720935565,0.0,226.66961542883183,-1.7478053447243243,542.8131503048623,504.1969252456574,533.6053985429699,486.1184825455123,588.412275197949,510.57417124686816,535.0029243722738,539.3401876610676,600.485690088186,476.48699404686283,513.8849136917484,535.2209929067967,533.5377900704565,521.6391775466846,98.12141751679111
1357,1637.6601405398912,2201.132515415367,0.49861433359782115,0.019070080745088636,0.03203186847522692,49,0.0,0.04803994092224092,7.118211779749901,-2.1309272622773716,1637.6601405398912,2201.132515415367,2805.9882274212487,0.0,0.0,226.27533015037775,-1.7479826412902224,183.79467070437212,185.8433693699235,185.5563815997654,209.56130255472374,213.69384952836458,180.32837119526482,219.3928715878013,197.03296954815886,197.83381108047865,144.4245708077379,202.74104657065845,196.62408089956264,230.7439342736307,205.5657107491766,52.85128695162905
1358,806.9057119454284,2204.4233552443206,0.7668173260516136,0.06581808407045836,-0.13304891712011654,49,0.0,0.01330569182126325,1.2311310799962716,-0.22576073811302122,806.9057119454284,2204.4233552443206,1198.7718000698262,0.0,0.0,226.62163172231274,-1.7465824536704297,77.85818443741307,94.37619108050202,76.41667620416405,74.96419792663772,78.44270663395628,73.12929372972762,99.11572368442515,99.38707124952717,82.15602732960818,72.34892583553192,99.48226186373785,84.98303075366854,76.56535511964677,93.52863483551322,16.01751938576654
1359,1609.3974651594942,2205.6380594806437,0.6700424616040925,-0.08646860499533904,-0.19563419930957152,49,0.0,0.030212656507070213,3.648894845634022,-1.4054033699634714,1609.3974651594942,2205.6380594806437,1436.9305171040883,0.0,0.0,226.28711163898367,-1.7461054275362538,97.5022749817007,90.21818802489793,102.58382888867555,118.9660123372371,99.66680237624604,99.51268349788334,103.09857472337174,102.94005892211358,127.47481959461813,69.92538514377114,108.12843439826939,88.19973560929998,101.77019671586325,107.58339076476318,19.36013112537737
1360,1635.9967647013966,2207.1673472306584,0.41407515213024465,0.025554508238525942,-0.0030114334444933436,49,0.0,0.0412681839735276,6.390129517398688,-2.013774151703325,1635.9967647013966,2207.1673472306584,2781.2483546152203,0.0,0.0,226.27602356229582,-1.7454681821618931,187.17846454220893,184.52227397810722,183.767009740301,211.4047137760536,206.39347606538382,184.7842897509581,212.92868052787964,200.29521643158375,202.3102784741503,143.96860235216843,203.85967464890666,182.95906748342608,225.7826476857877,204.74271096452003,46.35124819378494
1361,2412.313995803668,2206.63476064919,0.7191748242467622,-0.22756868703329206,-0.16893889964299208,49,0.0,0.012361910023094714,1.1335342697525927,-0.1360866363426355,2412.313995803668,2206.63476064919,1145.765664618367,21.55415356083244,0.0,225.95241493108756,-1.7456597174341277,67.90124985068425,78.33638966178259,101.30108738482069,75.66843962742601,74.36735832016718,77.92132269156421,92.90586882202939,91.18337398822547,73.34286898638734,68.56443502247609,89.6295900677012,70.3318120366053,79.5827612882844,91.18507602314006,13.544030847072762
1362,1770.7109670243092,2210.1774339692533,0.5866144652191606,0.5723128085035143,-0.08634613887770251,49,0.0,0.0468145285431863,5.405085262032907,-1.832006372706834,1770.7109670243092,2210.1774339692533,2297.1462071353835,0.0,0.0,226.2198672246376,-1.7442127254568673,146.2392767684847,135.12532176065335,169.80126950847782,173.92572155343333,170.37486915354623,151.07635082781252,159.87225140750297,185.85204662656952,174.29789069484025,121.16807369177106,162.71629510338298,161.88695245043257,163.52978125607362,192.10034411154635,29.179762220856155
1363,1933.3714963076193,2212.5434549758197,0.5618107750559894,0.2766807197467536,-0.14414012166550008,49,0.0,0.05288413821643417,7.466179007040985,-2.1827459955984563,1933.3714963076193,2212.5434549758197,2002.675431119601,0.0,0.0,226.1520615719774,-1.7432231304588228,135.684777165685,142.55493867889984,141.17905870807755,168.18672285772928,145.36894373143485,136.26055947864586,175.5642327386163,138.71704737924298,149.50701481965802,100.93471346923366,130.49243030642094,137.1948913820985,158.3782855670812,115.77531099834303,26.876503838434125
1364,1950.0312919466267,2214.7368026277136,0.6174175707524564,0.09641439326574479,-0.026134671913796256,49,0.0,0.15203760933391255,21.41480891196641,-3.3267855086632703,1950.0312919466267,2214.7368026277136,3686.2837159388055,0.0,0.0,226.14511696902886,-1.7423087325394149,242.6732280673719,217.50227360992943,286.8519741315064,266.5007549341311,269.31087034389316,246.10633728538534,302.60024735609363,288.42630437037707,286.17769326855,238.7748900510765,221.36246215593104,217.72861624829406,292.40267636784847,274.9257188847532,34.93966886366421
1365,1339.4013865261218,2217.5770107477124,0.7047947544088387,-0.04176553329009775,-0.15580835366091808,49,0.0,0.0452420187533948,5.520011973819441,-1.8548500494670512,1339.4013865261218,2217.5770107477124,1661.3161201885016,0.0,0.0,226.39966071596066,-1.7411278268690826,104.12586340344066,97.93467298743286,104.09531447827439,121.40433100824632,127.6284100870774,114.11271139640586,139.64881400111346,135.88110186665932,116.66760299468329,99.58973018609933,117.14699105426075,123.40019980058958,112.71870894433452,118.65011699446941,28.311550985414527
1366,2019.3876985851061,2217.7399967011165,0.6609250917175803,0.3202814261524044,0.07902907753543476,49,0.0,0.015135114564969243,1.6259523903935866,-0.5277695621056644,2019.3876985851061,2217.7399967011165,1204.3260888928326,0.0,0.0,226.11620574766397,-1.7410549765480834,100.11138937426668,71.85195769300864,82.66356158989689,89.91691252146522,68.51850356949865,76.40852821230868,91.76690153469013,92.68823737242352,103.16347526088947,65.5490702247456,84.2758750087576,85.61349907857553,99.69301553178099,79.02492491330366,13.08023700722136
1367,321.7785953329889,2220.9853409741786,0.6817262414673092,-0.1970203025239047,0.3342208933454524,49,0.0,0.02223679567964284,3.230894680297266,-1.27330700312889,321.7785953329889,2220.9853409741786,1432.5772073409637,0.0,533.2562985139814,226.82384608642,-1.7396356212318487,98.24636004773052,84.10587003133142,118.09422933608892,68.97231484554158,151.68754749115695,132.67545321161464,113.20547180696337,153.64483840820657,70.29061507017845,28.54336689471802,55.28586758160155,145.151948200054,88.18569149753338,110.78536690332106,13.70226601492343
1368,2619.930823462481,2220.275360836393,0.5725031171560219,0.3500798030430721,-0.4414814714220619,49,0.0,0.011435989707337562,1.1848358681352469,-0.18414548240506923,2619.930823462481,2220.275360836393,1303.5922288674305,0.0,0.0,225.86587391994712,-1.7399588493559455,61.38641711530887,95.85139816176209,103.1767228299712,87.4631498952615,90.13879805867992,73.05955011178618,82.07996406689833,128.8321595500325,103.06027422991396,69.07154578531664,80.26692560911407,100.11664130742085,109.00547002580045,100.6342706816175,19.448941438546527
1369,306.80682780359507,2221.4082289020075,0.21173212042738673,0.5260037555362247,-0.8542942987635208,49,0.0,0.004351524267839241,1.093192375459154,-0.09674148504066332,306.80682780359507,2221.4082289020075,1051.8310808074518,0.0,364.5324992568548,226.8300865318157,-1.739457657336065,163.29836892657428,79.13965260665967,54.05747328960145,73.05155075637302,64.58134758166018,75.52663094962023,129.0965519257598,36.97353364657677,56.80049926955218,105.67445579419632,26.613635171105884,77.81148697533101,43.91760951421266,53.840536573735164,11.447747826493183
1370,688.6544542320045,2221.1699477593247,0.45414153152224257,0.6195345318000913,-0.24464427199280545,49,0.0,0.014913249822343598,1.7401148007057217,-0.6014447524139095,688.6544542320045,2221.1699477593247,1351.237187341211,12.458080299935567,0.0,226.67092199161297,-1.7395956824639258,94.29673609799543,86.70381339127248,86.1941583322201,85.48644249410575,105.9002829519184,80.62849486003753,99.64998777111484,101.64535648024932,81.3502516814348,66.98595615302699,118.11370887841856,107.32878170194182,124.99949996276789,91.16042472714469,20.793291857562394
1371,2264.846233569536,2222.810570091412,0.6132291450409952,0.21510279167497845,0.25441405606520373,49,0.0,0.01511976410603187,1.6762190246456488,-0.5608269136893849,2264.846233569536,2222.810570091412,1232.2975231877417,0.0,0.0,226.0138871234899,-1.7389300610085485,81.11399713290754,77.76127884767486,73.2451773096214,106.72956066290644,79.31013260856778,93.26606540357088,70.31956050647248,106.07514821790605,81.35019071196663,68.7760512153931,87.2218129854362,106.00547990947805,90.21113499959813,94.6686603830675,16.243272293174808
1372,1225.3762928193453,2223.736905171714,0.3529005007318651,0.04408506329768282,-0.07647425146247663,49,0.0,0.010736187987516117,1.5582604855703366,-0.4816001448783488,1225.3762928193453,2223.736905171714,1253.9573395290672,0.0,0.0,226.4471921368144,-1.738557925049118,103.21290136040648,78.07237071058603,84.08460203555725,70.1071211388433,93.1929596206419,75.65689761020249,82.6931463662127,94.44072121018789,103.2251293154388,75.17026809393022,81.97321355922114,82.32851240755768,112.48321643898359,99.97344202131077,17.342837639986953
1373,505.90156088113326,2228.0660166259045,0.5701234816465067,0.26094679102181195,-0.6094573866822841,49,0.0,0.011257478112581798,1.0386355422610511,-0.041157950335967655,505.90156088113326,2228.0660166259045,1267.886804913817,0.0,0.0,226.74709849916465,-1.7367055997506922,84.29927283865317,68.42683720947781,88.20527910010671,94.33593162954298,99.62625248810207,100.45128054105447,99.88757018148974,90.3812231145667,90.45535824514452,66.77471361803029,84.70095509935538,94.03917074844045,100.19587166952014,91.57400826019986,14.533080170132685
1374,2368.633259752482,2228.4276089151863,0.5107539203145056,-0.02159069081940223,-0.10763383316784547,49,0.0,0.05096940828983503,7.764267688661225,-2.225251250363823,2368.633259752482,2228.4276089151863,1921.3029839920796,5.035122701238311,0.0,225.97062468041221,-1.736582875111513,153.73151412941706,145.6610359046013,143.85895574789447,129.8018864871123,109.64820167770706,121.98057636235667,160.36191853324644,155.80953597826482,140.81147868223871,124.34825324302022,121.10811707094626,121.28330533638658,133.23298778867235,140.85232285535972,18.8128941948559
1375,2781.554831569865,2232.3817802874337,0.339617880412147,0.4139409929078403,-0.2140858460700467,49,0.0,0.008946087387910346,1.2560722107433562,-0.2475365185385781,2781.554831569865,2232.3817802874337,1234.0281416188477,0.0,0.0,225.79850603788418,-1.7348984319930498,97.51800441801451,76.24524548110952,83.32998363644893,93.36168688940913,92.93185083218174,63.80977655176471,94.85695438589161,108.26587111604587,84.55954915474264,68.79123388062763,85.80087688167231,86.595664300187,97.61535659527561,82.45177572196347,17.89431177351283
1376,2727.7599970534866,2232.7194240368494,0.5359786829763071,-0.19941757791075732,-0.04193403916135884,49,0.0,0.014146107134940829,1.7648586434641071,-0.6167748156382333,2727.7599970534866,2232.7194240368494,1184.5891860471243,0.0,0.0,225.82092905459456,-1.7347634525812246,80.17340080063278,57.21130784496687,78.5536898623762,100.39559713572686,95.89994395717699,81.1314245576801,90.06824604748661,86.42842614951867,98.74947276030925,77.3420494569393,67.69482024289644,73.35061796793408,84.13733068258549,92.17897301655171,21.273885564342937
1377,2552.0594508048885,2234.324067945616,0.8109684344047136,0.011248997168108253,-0.2552288405166436,49,0.0,0.14718085977887627,16.639682319263667,-3.0528625764751336,2552.0594508048885,2234.324067945616,3308.099341470501,0.0,0.0,225.89416637558813,-1.734111639567203,229.45375573548915,222.37455676518016,228.42959734987517,229.17919021065953,240.83911513685823,232.26655278860858,241.9765223740734,248.55131346124443,226.76847753992757,197.82733220124072,229.05192227020999,242.71538075200272,246.75010816219208,249.649355945349,42.26616077758989
1378,1098.692963617427,2236.7453286247633,0.5708666402368262,0.1886305885910664,-0.0894694318719468,49,0.0,0.22031979380151542,33.177709934908584,-3.802116014727481,1098.692963617427,2236.7453286247633,4924.61583962457,0.0,0.0,226.4999993932823,-1.7331327898957745,340.1421277608266,320.857275961975,307.9967814067372,350.3775427936183,366.92524761806885,341.0068068119169,364.4186213009615,359.5858792628444,361.32988359322525,321.1742698669684,361.0665888218472,306.7684437389238,415.78389981309624,346.45272397905717,60.729746894502526
1379,1153.3675826276713,2237.1142192454054,0.6233865594680242,-0.35267079772695886,-0.006736410200226725,49,0.0,0.018677734436769934,1.3883427426978217,-0.35624173605947046,1153.3675826276713,2237.1142192454054,2277.285941808006,0.0,0.0,226.4772083740286,-1.7329814679312905,172.45729587228428,145.96309365969037,170.8047200142492,156.05413093288212,179.7365112071816,147.5396303397632,180.69177261515927,143.64641194543162,168.12804364254663,147.05065214996145,156.47158515128604,168.18709785122041,182.2020567650727,134.53642967136005,23.816509989916945
1380,1435.449174297206,2237.129996940778,0.7674810091900925,-0.8494243559838293,-0.5820126311839885,49,0.0,0.010859406070779353,1.0355568078007304,-0.03793482021195389,1435.449174297206,2237.129996940778,1051.3565582305146,24.722892782850856,0.0,226.35962247860476,-1.7329828094559998,69.93408344793512,58.43613716200251,64.86142803087102,69.81904612387336,70.91515484769245,66.96383021191242,72.53232518706866,78.9811387366176,83.97599675323664,57.98375650941469,84.02153084199874,65.08589193589157,97.38214566157319,80.53046852723608,29.933624253190636
1381,854.939675880884,2238.996240275394,0.808544325758785,-0.0967709122617066,-0.22127128179310054,49,0.0,0.03299824410528671,3.445449233724075,-1.3431146381837795,854.939675880884,2238.996240275394,1429.8724274424503,0.0,0.0,226.60160636291624,-1.732181006290971,114.65958322122603,85.05769573171241,96.53582093071434,94.33813551601784,107.94069697668002,101.46047099862831,101.32934548119039,111.37132086114735,101.75076217902493,93.98700056885704,108.53532962955416,91.79491804968517,101.49743120491806,101.1993017702053,18.414614322888994
1382,1545.1320897562114,2238.8015307076366,0.6676471800162282,0.06747907220896757,-0.03373631459886688,49,0.0,0.044110575881847296,5.400126854275411,-1.8310099048651658,1545.1320897562114,2238.8015307076366,1771.5042315244345,0.0,0.0,226.31390086330478,-1.732287460248306,114.10408513713526,114.17512442824716,124.3395020451923,144.90558894938357,122.99692038466145,108.26316521210632,121.77243692825273,147.98723270132217,117.55674479509469,122.71207351526283,126.08042756688587,126.24245801262896,127.27009265083075,125.18335354800865,27.915025649421878
1383,2115.702820813969,2241.327906522027,0.5842482443121708,0.1454026398163015,-0.18230169196796173,49,0.0,0.025798076236521156,3.3148972173872044,-1.301175167739164,2115.702820813969,2241.327906522027,1417.4674516102762,0.0,0.0,226.07605806605116,-1.7312228125093818,90.60495513649549,86.76628545922566,99.55330463555251,93.04469887248783,110.44426212949719,90.15475745312952,101.91717955106904,113.92446003220284,97.41454081438965,92.72067518447669,115.9897865075645,89.34052207247666,109.27644201141568,110.8569281122862,15.458653638006652
1384,903.3655737156203,2242.5051289059784,0.6817435556967468,-0.24029863357106032,-0.29235311862951513,49,0.0,0.015667501204886452,1.7165927318615035,-0.5866681734212271,903.3655737156203,2242.5051289059784,1232.9584974883257,0.0,0.0,226.58142019582695,-1.730722220669772,81.23379822210399,81.94877238465794,77.96353728024707,101.25116544597839,77.837797266746,83.69567038146603,99.56055808220566,109.44084192766435,92.51611612997998,72.35331324123479,71.41812928733134,80.25105433496711,97.9743787049681,85.420076349205,20.09328844957001
1385,2464.786734661141,2242.4603341697098,0.8658713661147981,0.2260671849288811,0.21816292686045446,49,0.0,0.019356383014774988,1.7098073697505953,-0.5823679617015269,2464.786734661141,2242.4603341697098,1290.180727609395,0.0,0.0,225.93054543815364,-1.7307289370868768,85.31215873018888,86.31255417664573,95.62088971391861,112.05314476381133,101.06332634419803,107.57168889565143,84.38191188628744,102.791792513719,89.24016812770579,69.20203704877693,91.1494652489722,73.35244877269585,86.31701385807486,86.79614026108065,19.015987267668137
1386,2262.688191242219,2243.8283278606864,0.5477018872068046,0.10372555045455002,-0.21940211894663955,49,0.0,0.017598666922208822,2.4019681329058726,-0.9514181032178638,2262.688191242219,2243.8283278606864,1164.6254059935577,0.0,0.0,226.01478816370133,-1.7301730807414588,90.39225551889214,66.25762499684356,69.73719196731673,84.98017596281159,75.4344994233734,71.10608775684548,93.05997041660498,72.57571773808523,84.50163412504382,72.23498317038741,90.41877644114598,92.1401992060546,100.7667392750727,91.476581715059,9.54296828002126
1387,1582.9760381469487,2246.296959148726,0.5800200553199736,0.01599232665400929,0.031169824549645467,49,0.0,5.154785997392627,755.1878826758298,-7.195137532246344,1582.9760381469487,2246.296959148726,104188.97031221047,0.0,0.0,226.29812549907786,-1.7291645595669718,7198.599088054405,6624.882206319886,7309.587673171651,7652.7383946472655,7614.169894887704,7225.53997628212,8041.329709601577,7730.2111090445105,7626.743937426003,6049.617803242776,7204.505029667767,7428.940849372767,7711.144311549764,7292.218738885293,1478.7415900570145
1388,1064.9536002575126,2246.9302218572975,0.662354636157753,-0.2172556506845158,-0.19007661948937388,49,0.0,0.043930232100028735,5.716572414985584,-1.8928392732779442,1064.9536002575126,2246.9302218572975,1679.9382423712975,0.0,0.0,226.51406296772006,-1.7288876045065305,127.91761240961097,108.33371869748198,133.76437265514812,117.10879799278646,125.07176266377303,113.96919755718412,141.13090904289692,129.6036530251235,141.50767232848875,101.31973146792137,105.89829903749927,94.40612156110654,111.93111855486046,115.41288998896148,12.562385388454521
1389,708.4252715963813,2252.930373948004,0.5171136460227703,-0.5855212969796169,-0.5885252738193698,49,0.0,0.011778060014823549,1.4882154287671283,-0.4316645067088037,708.4252715963813,2252.930373948004,1102.7528284200002,9.394514362628545,0.0,226.66267779526368,-1.7263643749284394,93.08478517107747,78.98378151956393,83.86986996644828,78.82354332262432,75.86542844626337,77.05439808844766,71.26835682261253,77.81446112025526,67.65656191506014,63.98436041714489,75.26225175065603,84.1698036085737,79.43830983133435,82.75853582826039,12.718380611678047
1390,1445.6848377100557,2255.178476817171,0.742595529295,-0.0061043182460413835,0.38286676861125024,49,0.0,0.012609207357919386,1.2010286473104173,-0.19888341613519328,1445.6848377100557,2255.178476817171,1084.2865997703504,29.53435822550301,0.0,226.35535542330197,-1.7254629301506468,73.06849272491206,65.83825923537951,76.51855697178974,85.75872997808011,75.62972701107591,71.84567961728598,77.13531581486465,83.35503203970003,65.48843436998123,61.186570221899494,88.05354603991856,88.23431132232189,91.22683037548833,74.19252741289807,6.754586634754951
1391,340.87389870545513,2255.7383504825484,0.3189250575423586,0.05490932646584162,-0.019490545337509484,49,0.0,0.013964617076980384,2.8842622883705116,-1.1500868790335663,340.87389870545513,2255.7383504825484,1717.992554932137,0.0,707.8986292473098,226.8158821716862,-1.7251583505511394,174.06474957258584,121.01789598854197,76.89274535181607,130.41557958987283,95.23420217856938,196.56512935917598,134.85647917304505,107.04594020947177,112.6405319661092,145.0083685697625,60.19223993970422,124.09469628359315,174.09678456134804,52.68126070257154,13.185951485969461
1392,2772.075760421078,2262.273088640139,0.4821801404837416,-0.6313476997266493,-0.637517106612745,49,0.0,0.11120778191661104,14.789725216813695,-2.9249002629283156,2772.075760421078,2262.273088640139,4661.647842009226,0.0,0.0,225.80246083427215,-1.7224454715986723,313.79680512730306,295.50153439303745,332.93863824131836,337.25713102134694,340.758003242409,294.0385037938938,361.3367956274915,338.33309612893095,352.62053522132004,276.13848308744616,317.3884384946435,343.64702446803915,370.6893150559925,333.17132445819425,54.03221364785911
1393,958.8326842137302,2263.691859637361,0.47512767492980007,-0.014633700216895753,0.07478560107370474,49,0.0,0.028315121447731816,3.8217443880955217,-1.4556540913134834,958.8326842137302,2263.691859637361,1649.6871784504776,0.0,0.0,226.55829771464389,-1.7218981105962952,114.90026551956657,99.18338142175013,127.03918368960717,121.84741448252109,107.14553603502279,137.03266422939996,120.66916892521996,121.25954465866972,120.513012642684,95.85050888073343,112.88840932908309,115.47099776239612,131.5121069804324,103.45395760855425,20.92102628483707
1394,316.6634940880435,2264.9577057064794,0.7767496531909389,0.16677482122475315,-0.44228303108551675,49,0.0,0.020066415884703818,2.7351567720942596,-1.0924555600412482,316.6634940880435,2264.9577057064794,1193.9365001397407,0.0,249.95287159575577,226.8259721850699,-1.7213143990082147,146.30550535741588,137.54369560869728,28.59901735609795,87.45626375936271,56.57398188360785,51.907267542776154,57.120097854170936,25.167469802547878,89.38574243242375,58.62216929556014,94.64963496108595,37.54152222368813,211.00467562240937,95.35631172398232,16.703144715914533
1395,671.6639544450787,2264.6090277876247,0.28407280933518925,0.16775464302007,0.08975435824389377,49,0.0,0.010954909670501804,1.0727427929738693,-0.07623901371628655,671.6639544450787,2264.6090277876247,1386.566815707482,0.0,0.0,226.67799997464894,-1.7214954353620855,94.8773198297705,88.27827168390479,100.79795464160667,97.69571100550439,97.57475506405274,86.06337002374266,102.60965549772014,98.55953312414437,93.0706108866138,94.74584630592295,87.9360143298766,102.46879949755784,114.9570045940863,104.36306377184931,22.568905451128668
1396,1753.9045187664897,2268.569527921365,0.39832986659576747,0.7781585744733415,-0.24834809487587156,49,0.0,0.010396324681318863,1.3521701742191454,-0.32757838040739673,1753.9045187664897,2268.569527921365,1213.5281301976831,0.0,0.0,226.22687402616225,-1.7198834779156627,86.72792596227637,71.55857149386247,90.52047373624228,90.47702931062017,85.66606473565163,73.52573727503832,77.27643019792215,96.1397694201183,84.91817744089056,72.661726124001,88.61034521893373,91.09901971759861,104.48803762214511,86.53762969412605,13.321192248256377
1397,1649.6909990548154,2269.319746628248,0.8694342600896848,-0.07297215022432767,0.09478783390443762,49,0.0,0.020585680599902432,1.9771910832816972,-0.7401216080396615,1649.6909990548154,2269.319746628248,1205.287222516127,0.0,0.0,226.27031536196762,-1.7195718546451586,94.6511783996113,74.42030152488164,69.13479903884684,71.50299390430905,83.74530364994348,96.10138311165493,93.73412350323312,85.53561427554234,85.23303889498078,75.75438088481256,91.3631352728014,79.01228134175345,90.09380325305736,94.92593314342037,20.078952317278464
1398,2862.041471921575,2268.8263445147495,0.5533862988032537,0.4143943860720793,-0.20283607763139136,49,0.0,0.022237767891598488,2.9327283583671657,-1.1681795966556257,2862.041471921575,2268.8263445147495,1516.2515930685588,0.0,357.8403912151938,225.76496242225141,-1.7197051554238354,95.6525834361527,115.65255854189235,142.00166751387886,125.33084245865359,96.02558891201946,100.15669044291327,104.06996341954758,104.69345073704507,115.07907152757738,78.20339823454322,97.18066153905636,106.22748243101131,114.2655348827015,95.51033428184243,26.201764709723776
1399,1812.428471503757,2270.8143041319313,0.5519121409513826,0.1585418623832314,0.9442588511730923,49,0.0,0.010478661515972005,1.0075034782620107,-0.008116385388674865,1812.428471503757,2270.8143041319313,1221.6079835110745,0.0,0.0,226.20247843724601,-1.7189472051374137,76.99759664085903,81.28542545214316,95.93633684066896,80.80058611367326,84.55766104847537,82.54833371090632,76.74920885055703,108.74015977308055,97.3467831586987,60.09548371320523,78.32161234024261,94.32955147928278,88.70387986172068,95.15330824729764,20.042056280263143
1400,352.70618652519767,2273.6543425778577,0.4026298314462222,-0.8903930305788709,-0.8870727034104835,49,0.0,0.010670979110827145,1.7323689144684071,-0.5966009554291442,352.70618652519767,2273.6543425778577,1428.8182464810939,0.0,725.9798347047147,226.81094791837478,-1.7176951893552501,200.752179012062,127.72621516620245,135.87183101002844,65.03335443271025,103.62797968735232,92.48758130447192,108.40482289096826,133.30996181768847,46.12280764940482,60.93854633103866,116.22519045237817,61.463952536688495,82.49497738653798,73.48903819902554,20.86980860453602
1401,2775.733047822335,2274.2681188850415,0.4845568026022167,-0.09304055082830735,-0.47121745015312805,49,0.0,0.020361093944253846,2.4110589660657538,-0.9555195795767999,2775.733047822335,2274.2681188850415,1694.700040999572,0.0,0.0,225.80093789499574,-1.7174474519277403,110.00859948462886,117.74986213778851,132.33285594270063,130.82327190001843,118.37874547790469,107.12851769366331,141.1797963559066,123.38556823223456,103.33392440041393,90.21478258810404,110.21916496911774,121.21221922917974,136.27825838080443,120.49878035821801,31.955693848888505
1402,1889.7554812182616,2274.8799512254122,0.5363172484035009,0.3510491151732466,-0.10970238069350538,49,0.0,0.03493433535942935,4.838105423567992,-1.711688318795019,1889.7554812182616,2274.8799512254122,1646.3411705690382,0.0,0.0,226.1702449596545,-1.7172514677422297,112.93799804457753,98.25113909050208,115.2251096459829,100.72998448255649,126.36361450254994,107.53774602398904,126.58011358653218,128.32342957309385,122.56291033840273,106.09793376567688,113.83644080609079,108.9178342900521,124.23498727835761,128.62431307307787,26.11761606759618
1403,2721.5487560625347,2275.5967364623225,0.5064404964133274,-0.3955314115928599,-0.7958902293675759,49,0.0,0.011517087330514313,1.3398210739118248,-0.3176170112083107,2721.5487560625347,2275.5967364623225,1322.4587677501597,0.0,0.0,225.82352314066668,-1.716899544642583,91.7696375025312,84.30504460794558,101.74116505378569,97.70212224232779,84.6844937694176,75.38473269817428,114.00807609755053,94.46526648950513,99.73460513749018,76.51637694471071,115.70752670887796,78.23545455456404,95.44631283696813,99.14252060118972,13.615432505121193
1404,532.4060607892112,2278.0795238413457,0.44709524488209496,0.22464534556194832,-0.39886223744030147,49,0.0,0.5831798984458285,87.2865628167098,-4.85236848029155,532.4060607892112,2278.0795238413457,19498.65728642801,0.0,0.0,226.73604503223,-1.7158703702099232,1355.6633234285903,1307.6376577524732,1400.5474141936993,1410.38639142602,1358.0182447263167,1358.590245741139,1462.5221158478962,1425.623457112275,1534.895434922632,1138.7444225967529,1342.0169067161573,1319.5590506152607,1482.7062787318564,1340.5041828909002,261.24215972603815
1405,1291.3829722351438,2279.5739456320634,0.4890103316081786,0.5367030246421527,0.543003266052458,49,0.0,0.010624300692670872,1.285541100488903,-0.27271491545807225,1291.3829722351438,2279.5739456320634,1149.445854532703,0.0,0.0,226.41967531579,-1.7152951492476671,71.8732524760282,73.86622073624406,90.83031647958128,91.18695064761363,82.51266790630399,78.56723045099723,98.03841079190317,72.88176147323787,73.60218139160283,69.90744912335276,74.9172590832842,68.03038789022469,98.21299051364342,92.45198974652351,12.566785822162105
1406,2118.990137932592,2278.9821038152245,0.30703936114664415,-0.15868672482906404,-0.48087726050062657,49,0.0,0.016717052608657915,2.6831632418552185,-1.0716177391530957,2118.990137932592,2278.9821038152245,1439.6179522312427,0.0,0.0,226.0746898238751,-1.7155338808344407,110.07788793858035,96.93339352722737,84.26144498769625,111.50997223408291,112.92597773108616,95.50346712448734,126.61553471208822,98.56197537880075,103.36633985195044,63.42661958155346,105.53789793457622,90.61434563733593,119.90063234309986,94.7792998626526,25.60316338602484
1407,723.284789294632,2283.463946543871,0.5747547759627906,0.2311573525206666,-0.2036446342112052,49,0.0,0.010180008975968602,1.025714837474194,-0.027566594617300072,723.284789294632,2283.463946543871,1120.1589536685333,0.0,0.0,226.6564810118764,-1.7136438126181897,83.29731337723632,74.34143631865328,70.23106377134538,87.57957703650501,56.97555221119024,61.92104392507996,88.34252016926149,83.03539327174926,95.88113280529905,74.16346791716339,84.41726555762526,73.93095721251582,74.3020214114965,95.8281660773288,15.912042606083432
1408,1108.0268180216854,2283.966185717332,0.2725703235081442,0.0229219568349287,0.1060834509457935,49,0.0,0.014479730544926626,2.300224679562656,-0.9044256469228658,1108.0268180216854,2283.966185717332,1375.7800402299158,0.0,0.0,226.49610614071298,-1.7134584377607895,90.87854928086284,90.55785318937512,89.21011240306947,99.56090392695552,99.66268319882552,89.93102094522355,93.17240505237388,111.64515999289176,105.75405713151807,75.31899740871134,89.44051509963734,93.2906996679746,122.04140212104171,100.58478277670082,24.730898034754482
1409,1880.8325471758749,2284.509533902806,0.3699634445906385,0.3774556346043853,0.14541613804496462,49,0.0,0.00958590538303591,1.2190779124956928,-0.21507865675647642,1880.8325471758749,2284.509533902806,1225.4429849150924,0.0,0.0,226.1739647441301,-1.7132394787043805,82.76721054749642,90.96134733930614,99.95898182777086,79.85522546439088,86.40757275457582,69.71531739366333,109.13965927031506,89.73126538114374,99.80570506585101,67.7575922705719,81.78863700451593,76.82961880368877,89.15054321458477,84.39051002734307,17.183798549874854
1410,513.262840042886,2286.258928964619,0.6694759105826058,0.11493620671829095,-0.47754790295588717,49,0.0,0.0574214615451346,6.49124148753966,-2.0308194151999723,513.262840042886,2286.258928964619,2504.5648404294025,0.0,0.0,226.7440234248371,-1.712460602695047,177.06386844844423,171.3496181831026,171.90002745084325,191.8980013456542,173.40691973702383,157.39142452706605,170.0900314257216,216.13864794855004,195.27390094605528,136.21663115197128,160.54566841631504,159.93228281335496,175.48326095523277,209.11496252331622,38.75959455675122
1411,2756.850699979383,2288.4878812627726,0.4244993107074078,-0.22510923983898887,-0.23808096261891776,49,0.0,0.018587120588196043,2.4931928855067405,-0.9918896973331803,2756.850699979383,2288.4878812627726,1501.4408701606937,0.0,0.0,225.80881015409204,-1.7115249056951167,108.01476293696126,108.07343158700442,96.50088527776929,115.07926332447359,107.39723804865469,109.14247616020555,104.76616200677297,118.4139879932282,135.8336735302226,91.27038201212669,94.202820376171,81.45201799430185,106.38510136914891,108.67004063606771,16.23862690758495
1412,1426.2843999730726,2290.080208784368,0.2988691180593598,0.2470513234314862,-0.05782781945342089,49,0.0,0.010793691021029433,1.93372253793608,-0.7159853976250425,1426.2843999730726,2290.080208784368,1139.5578021201868,1.8833295752297676,0.0,226.36344185969622,-1.7109206096959755,85.12143780188117,77.91342802955612,88.28904598038494,87.34423928171216,64.58699720622624,78.40929708386679,86.19194641148701,65.96991542356953,88.68878034195652,61.1873918281717,70.9008589621084,74.18342011720596,90.8140343385597,102.04325208450493,17.91375722899578
1413,1922.462895805861,2290.713464203083,0.7598415342815372,-0.2921207489951806,-0.09230693413863766,49,0.0,0.011184096540506132,1.0713435346615214,-0.07482188269350581,1922.462895805861,2290.713464203083,1152.1046936523817,0.0,0.0,226.15661151735364,-1.7106534431759615,77.4864449912868,66.8474592732091,75.96784462523095,105.21958080918503,93.2289033021836,81.0751565821144,76.57445406565898,71.41282015682889,97.43684217317869,64.24569106108481,69.85765026872903,82.33722669991683,91.33675697074857,86.5514827394876,12.5263799335385
1414,556.4319602946905,2292.3630333398573,0.3099121302123655,-0.09786593899341905,-0.5323206193484155,49,0.0,0.011912130876521938,1.3842939780067363,-0.35307082405259566,556.4319602946905,2292.3630333398573,1524.3198620055327,0.0,0.0,226.72602888558816,-1.7099215301877515,111.9923784145109,94.53692401122419,104.06260327376968,111.45003236009543,115.66234505480202,80.09299499985062,116.75917622626298,104.24576569486035,97.42964826190241,81.22041079169301,114.42800394171988,131.87387509218433,118.43155526205152,121.18383827594474,20.950310344660934
1415,849.9864636159266,2293.9359645533077,0.5154021393329028,-0.16844815778581695,-0.23933380451990047,49,0.0,0.0210853208495613,2.90647103401403,-1.15841499780219,849.9864636159266,2293.9359645533077,1350.5723153909053,0.0,0.0,226.6036667012975,-1.7092899935548074,108.69592595338321,86.81878587816138,100.38029625746458,105.13452902423674,81.59461615738421,89.54882105454972,92.3930701527205,106.0902132042848,91.51126297097865,83.69390453121048,98.45669293415341,106.95627880992275,97.16009389264714,84.52192488428136,17.61589968552647
1416,1041.5476993315174,2294.2167843292173,0.47713057208779874,0.1424131100519204,-0.20765102738104874,49,0.0,0.03818510930271352,6.077030728563346,-1.9592285809175578,1041.5476993315174,2294.2167843292173,1717.6921149947907,0.0,0.0,226.5238168106071,-1.7091843296760305,125.07150962216119,129.1221970690286,103.27702208750534,121.7792266844341,141.53976694537386,123.67005805309002,127.71129452839547,118.74717193051883,147.6507226926614,81.81023943646545,103.27398124422228,113.62787449831087,125.5074742271944,124.11433842942024,30.789237546008742
1417,1949.2950940013966,2293.9545134298223,0.6985721088693031,-0.004581793574105676,0.12017274081809191,49,0.0,0.010336141924738852,1.0047709965920397,-0.005167725910578464,1949.2950940013966,2293.9545134298223,1106.2455629920541,0.0,0.0,226.14542677692413,-1.7093022301969685,77.98109553493956,68.51043054313448,79.81793085436178,78.9253767395308,65.91680131804594,79.60435755934908,107.37955757483282,91.69226680350721,76.90201150343819,56.278668909453984,59.351997853633065,90.13670979776714,83.81928990229568,77.66906339629227,12.260004701472267
1418,1309.958317649707,2294.848196161154,0.273455869820335,-0.3832712815056338,-0.7280396133594013,49,0.0,0.009866942955503584,1.5180074316199963,-0.453184744286756,1309.958317649707,2294.848196161154,1229.207113735535,0.0,0.0,226.4119317808175,-1.7089315564957661,101.81198016957386,90.97331759050874,88.20117462852365,83.4808983106445,87.34565862503268,69.08836304087212,81.78547049024071,94.42002626858476,91.15686095310676,70.6153960047863,75.67293311160034,101.79088848247027,95.88366429730894,80.77790566113309,16.20257610114828
1419,377.1646280147264,2296.282018889207,0.9982911088771751,0.6193714778824948,-0.5929352610451759,49,0.0,0.03643972851096975,2.933129010520487,-1.1683279134392417,377.1646280147264,2296.282018889207,1983.2068988489475,0.0,1298.0635912221042,226.80075033830695,-1.708270343734672,160.65619898276165,114.73453054281504,126.36654114396175,139.79844101207095,155.192202010134,137.53243233033686,155.62208836716857,116.84835180339326,143.64604163588916,131.02113433447144,157.53586634769673,168.00981739213887,124.19797871951027,125.97505169470314,26.070222531895894
1420,623.8677907156564,2303.611251622338,0.7101638505623676,-0.5274648593980026,-0.4538271034072758,49,0.0,0.021261525058038667,1.8774906138041305,-0.6839444362500866,623.8677907156564,2303.611251622338,1718.9968043820218,0.0,0.0,226.69791881822408,-1.7052411741188267,124.29536191133198,110.23429943698414,125.36382820607528,127.11539879711236,117.71576960178632,105.14245573688616,143.5362565732722,130.87460735316847,136.3263153624768,99.65203860000676,118.97858726960376,120.33959034429913,131.54883954409937,103.6874449340171,24.186010710901925
1421,1255.1502746734475,2305.080285552465,0.7524081712307884,0.10753731818453184,0.17773190230156746,49,0.0,0.010579112390998974,1.046970872266397,-0.04983649839495629,1255.1502746734475,2305.080285552465,1138.2865917357703,0.0,0.0,226.43477783970428,-1.7046667343640516,75.80090081967279,72.52589221993539,85.34273286775692,74.36524629680281,83.6270728538021,74.63335462292093,88.57618455342794,78.92633135359732,86.53924973078418,66.46655584506516,78.01150546277626,74.35894611564902,92.33218368730817,91.62482699487603,15.155608311395284
1422,2377.418850137709,2304.2379013369905,0.6168956888559977,0.11839310562715682,-0.3042856572961708,49,0.0,0.08936085755049085,11.999561202875766,-2.6979134128994797,2377.418850137709,2304.2379013369905,2685.273977051648,0.0,0.0,225.9669687177383,-1.7049958758935921,201.66038008667772,177.46303273190819,168.81219359881817,209.71906194225807,199.11260250167095,194.13651494317196,214.83375113981865,188.04246335420652,182.0092197137771,135.80934785086913,216.7813363064138,171.49996180466798,214.25727149789333,179.42891486002947,31.707924719466973
1423,2733.743233563644,2304.4549986245875,0.5918092589206327,-0.24196452241530564,-0.43376816381079053,49,0.0,0.02286444086751566,2.65684893839837,-1.060917155610703,2733.743233563644,2304.4549986245875,1475.326210607359,0.0,0.0,225.81844368728974,-1.7048747316112227,123.79005778764659,123.20645716951957,93.85669692827068,119.92667300717054,88.24498865251464,103.36009656045269,109.07754245710521,102.96458789463036,119.74530288796896,58.42409926518562,101.02206623141566,105.58950318195178,108.6463105472645,98.9144876083629,18.55734042789919
1424,2284.912718692434,2304.4503135518275,0.36099240310651365,0.21510609715889098,-0.27136519947197724,49,0.0,0.013179198079514695,1.8643688596855288,-0.6763296008899395,2284.912718692434,2304.4503135518275,1441.294905401331,0.0,0.0,226.00552843129816,-1.7049134702936077,113.50367355436009,100.38448103854057,111.51615286153644,104.1409723483242,109.05257622707828,93.02175043005862,96.94868717140068,100.40155539903583,106.90985582783514,76.37742960524815,95.95912468607486,99.8079824937713,110.35784420284102,101.69156766430028,21.22125189092538
1425,376.7298269940889,2304.987493949856,0.5377726798913732,-0.2899872747998478,0.34677040436194173,49,0.0,0.010906523538754504,1.5698143116408263,-0.48962071032390814,376.7298269940889,2304.987493949856,1729.6731401779493,0.0,961.7717223141054,226.80093044279292,-1.7046432522168324,142.11619277870537,120.05358570026003,116.1965358149132,103.73978118916237,143.94605109966386,117.49516725157756,125.38402769890087,108.25145287712738,95.87721669731505,119.33197128419113,136.54083621618435,135.8741565095198,120.11286081565572,127.50571602687177,17.247588217900805
1426,2693.4193391731424,2310.0630233038787,0.5313419960260041,-0.08194507011187303,-0.3106678733892593,49,0.0,0.1404386688916579,20.634702314029816,-3.2864955198028216,2693.4193391731424,2310.0630233038787,4135.490885263188,0.0,0.0,225.8352520767785,-1.7025422379209454,274.20567032898543,296.25924263369575,299.56578589107124,325.6308977553364,292.31843104256103,284.57486001923894,318.2913949408965,310.0187608295204,308.0202746817295,234.46528841095628,298.01051871881293,277.8682850333663,310.332906950768,257.20064612884283,48.72792189740585
1427,384.81241418433126,2313.4739647175325,0.5966590059678379,-0.784680651127488,-0.42194139428667277,49,0.0,0.009773298746028154,1.097328990294767,-0.10084213240360412,384.81241418433126,2313.4739647175325,1443.664476277163,0.0,825.8220795619079,226.7975604255857,-1.7011083439136678,110.76879043014972,141.7376350709385,97.84001182368522,90.73263190801924,58.71658004181621,93.92165629626581,101.41722033251706,146.9795077371881,123.12238734257294,70.88097689452563,132.26614738336565,106.64322708171734,81.68209234864781,76.06901206829157,10.88659951746221
1428,1316.1140911989924,2313.6313118250528,0.9275743607554505,0.014065826426987962,-0.2225720568229114,49,0.0,0.013105027916381172,1.1406501660445942,-0.14288117008932277,1316.1140911989924,2313.6313118250528,1089.7890407164066,0.0,0.0,226.40936521292687,-1.7011056400157976,79.05965450875999,60.6675581321591,73.17161249982583,77.25554195261803,79.93700864056488,82.9670534766274,85.18961265569305,75.53268560278656,86.87460030212162,69.18071540118004,61.23147699393988,83.81771997885926,81.20950474051952,81.07367796512,12.620617865631498
1429,414.4193872247461,2315.7961587466402,0.6079296808805222,0.18712186975809292,-0.5366502711207568,49,0.0,0.0197366263479152,1.9966557708734627,-0.7507579943046203,414.4193872247461,2315.7961587466402,1855.704257812445,0.0,1507.9693902788058,226.7852195639226,-1.7001440244044828,126.97073053517785,128.06379951800812,134.01815858431797,127.27745522216087,139.6767509726578,112.85407730539681,125.00373683588816,151.72277394396622,129.75825863992446,115.09762220437929,128.9539382104546,150.99560406566576,132.447344581581,123.80230436294579,29.06170282992019
1430,2522.6253615946016,2318.902319920081,0.8766328832528602,0.16726025043296663,0.16687630717819815,49,0.0,0.018139814592993395,1.6292227190015256,-0.5299511438924411,2522.6253615946016,2318.902319920081,1231.4957067021355,0.0,0.0,225.9064437457445,-1.698874877019121,82.11080974309283,82.3995545804213,74.24688424836583,88.85787830313899,90.38405714876585,102.460324453805,100.7729157621692,103.9016132196679,83.6226120309954,74.25636308933359,65.15557762147925,90.96939370068675,105.96676100170409,70.21491820177027,16.17604359673934
1431,955.7755125749508,2320.767359671241,0.24150636471811535,0.887192124998769,0.2142065769260997,49,0.0,0.010183480983892799,1.4323190688859524,-0.3900994346313966,955.7755125749508,2320.767359671241,1270.2130141555272,0.0,0.0,226.55956817770522,-1.6981173369393088,87.2921820625429,97.91526329114228,85.48289459289197,88.7777613604701,101.23724960673289,82.67012101102793,106.97662799184701,91.73938000488906,101.01879817188303,70.68004577262394,86.22077750980168,83.69403354175428,96.63086153943078,79.98661112835659,9.890406570132813
1432,1209.2722493731933,2320.853676300873,0.4680888687549003,0.14624223647905907,0.3783263226097318,49,0.0,0.017008429169632466,2.0530628062014626,-0.7810055881969471,1209.2722493731933,2320.853676300873,1405.5054011323296,0.0,0.0,226.45390110621204,-1.698093167656432,94.46780594534286,100.79154798336488,103.44023051781932,99.89380295251988,121.59830995309397,86.25495682193298,100.18021266129901,82.38670628142894,97.64982459489826,76.98627344922346,92.91755538278736,116.69319407830622,96.49245491925441,113.3965425656926,22.355983025365376
1433,417.1687383652107,2325.1229382196398,0.39859888473286437,0.1534021960077105,-0.4391874372227151,49,0.0,0.03905596267817532,5.203165073895288,-1.7906690109944643,417.1687383652107,2325.1229382196398,2586.0550636503226,0.0,2153.345001375309,226.78407243003872,-1.6962584097808477,162.23902895453307,168.15077891728077,170.03403038571923,179.05566538568274,167.8687972948787,178.62894765565375,182.84178068631846,221.89296770226335,182.9001590345813,137.4087513547549,203.0320664962848,191.99403245625302,215.3222457563612,188.00179909434144,36.68401247541597
1434,1330.323013898793,2324.855844334643,0.4779200233543364,-0.25290529571674075,-0.4211074964833566,49,0.0,0.009860361881983566,1.2841589570350327,-0.27154696332424066,1330.323013898793,2324.855844334643,1026.4706816969301,0.0,0.0,226.40344200119156,-1.6964292428146743,90.07296624495808,60.49165764258835,70.10770812905645,75.7793091182951,79.36881787398863,74.33350487870405,89.59001021423293,67.67876399235563,74.92156758177651,42.366497651300875,62.26494148962645,59.19139516534493,81.31189379671156,85.9420608067827,13.049587111207789
1435,1515.9118923503347,2329.6658255371353,0.5500597849185221,0.4529694020739631,0.24342158071528555,49,0.0,0.011681848959754326,1.3905627856499108,-0.3579765064555154,1515.9118923503347,2329.6658255371353,1157.8184873827922,0.0,0.0,226.32608056510358,-1.6944280945763759,95.22857958901241,61.463099433535035,82.83685779897242,63.419050118751315,92.36711841160013,81.95168671442045,91.53820153676143,72.25378783642054,79.9113048666245,80.97878862057621,74.82085115207727,90.14145853211022,97.7685563321571,76.94965807387675,16.189488365896366
1436,1782.8445345540458,2331.2648729801244,0.5124669983634784,-0.09802454871816917,-0.1717391610508201,49,0.0,0.012073242523392137,1.3583153395874155,-0.3325015131245974,1782.8445345540458,2331.2648729801244,1172.6716087405662,0.0,0.0,226.21481162089324,-1.6937606747074132,91.01449591109346,69.0205539963491,86.85955824833582,83.93266117150709,74.57384153290621,68.88224560950924,95.03888435965091,92.40660532894174,88.33850218274745,62.45220942285669,77.16979974556048,94.41637860947887,89.7146953327847,83.94939038643045,14.901786902414056
1437,709.656476246464,2332.9132378792287,0.4797837747862197,0.2258027696236518,-0.2867523962952097,49,0.0,0.0810886042180001,12.741768315425764,-2.7630742600178366,709.656476246464,2332.9132378792287,2906.029479497362,0.0,0.0,226.66215705332382,-1.6930398278972096,198.58990791044482,187.4791865096323,202.09603149623072,207.81128589837226,208.31055880996988,177.82675906616055,219.05606216682304,205.8333886591002,249.7588193424327,169.38171581436052,201.6937287451401,219.93831273539604,224.1815334257568,199.68820599939227,34.383982918149805
1438,1837.3854325962084,2334.623537875133,0.5920018416159691,-0.27774986393205553,-0.06279759894253768,49,0.0,0.01551486013469432,1.8416577240742773,-0.6630222970648127,1837.3854325962084,2334.623537875133,1168.6670313539528,0.0,0.0,226.19207677162586,-1.6923602484481841,76.7777220276491,85.29253358375217,75.55539071558385,83.2733276715567,78.92257164267642,73.30556167171355,80.00906436448889,95.37681665884026,84.69504911689215,54.82147190221846,90.53270342669072,91.13117045101163,101.7140201571575,72.29633592675549,24.96329203696594
1439,1121.6813288158205,2335.915861526886,0.3543216548466963,0.11864555308671244,-0.37793616005826774,49,0.0,0.01041333627167162,1.4951147702560392,-0.43668632977107413,1121.6813288158205,2335.915861526886,1157.2885079027035,0.0,0.0,226.4904117271345,-1.691814048329171,75.1817061005361,71.76916322069923,76.53095672609345,98.38999313053796,90.35513946649851,69.95903547065683,85.79671701973552,82.22950111080016,87.56777878353822,74.28825990121649,93.32206599475901,77.0469697160637,80.40302180250755,76.22707810732363,18.221121351737114
1440,2321.8470846408864,2336.4720036411964,0.622806102247116,0.20260907141277812,-0.3893760899834751,49,0.0,0.011449035442176828,1.0883730166178824,-0.09194441509375967,2321.8470846408864,2336.4720036411964,1199.7188538193018,0.0,0.0,225.9901353432523,-1.6915693077361431,76.31326334765846,80.3040823865206,95.86597761060531,104.3009381428761,71.05100326414313,82.75124831161658,102.38240560075592,80.28221782342058,82.33523125007713,42.887277488399995,94.38501876722091,100.00575111492775,89.78932652809831,86.83962006328422,10.22549211969669
1441,1870.904044034815,2339.451046932825,0.4765863083304383,0.2671560023385768,-0.38554410937812933,49,0.0,0.0104707388258262,1.2263608302562077,-0.2215456769509831,1870.904044034815,2339.451046932825,1154.9362225954164,0.0,0.0,226.17810497373344,-1.6903480868271528,62.01706289806535,70.22421704424491,79.13098038800287,79.23893658946932,89.71213870431725,70.77994938377913,70.70821693789534,92.40579288018375,93.99411403585819,75.96642063188304,76.60149384749059,87.91112083075363,78.65109102375857,110.85679316944311,16.73789423027135
1442,859.2927028409863,2341.3484004275165,0.8636723985545095,0.14417467336670278,-0.35298652251011864,49,0.0,0.02716307677803132,2.7316899024413583,-1.091078493286675,859.2927028409863,2341.3484004275165,1263.0354198319058,0.0,0.0,226.59978382290464,-1.6895362643399,79.21275800817341,77.48907700335624,103.50953248026934,89.27986194057524,81.0333437330751,83.94356512280227,87.02748468046691,110.31132923008525,104.58648160284349,58.89395276594208,97.67159728857277,106.17696585085727,82.20249248986352,86.7900645380656,14.906913096957206
1443,1018.9245433229607,2340.668933600702,0.5677976648319609,0.19097242513532517,-0.23127084810432166,49,0.0,0.025221500244637866,3.3866594457561097,-1.3244288181063093,1018.9245433229607,2340.668933600702,1349.9931938893142,0.0,0.0,226.5332441823248,-1.689828800647097,94.15515205702685,105.5314969838742,92.01093690294735,100.62767650709401,89.49924246871399,83.9369072528612,111.10653991518765,104.21462964009773,86.74255871837698,75.00510598686019,88.95770796305668,101.84333962721522,98.36049916080768,102.59394556231283,15.40745514288143
1444,350.55465968309824,2350.7243244830815,0.20497899218272347,0.2961657313300704,-0.26137992088060896,49,0.0,0.005514826921602127,1.231611016592859,-0.22618391238386482,350.55465968309824,2350.7243244830815,1101.483785160266,0.0,134.0203919438978,226.81183452012843,-1.6855846418363656,0.0,0.0,70.66075204489091,0.0,0.602702016131084,5.785628789464843,79.47056859245687,11.87375463847944,56.753158900504204,38.58467770431521,143.25680131438352,87.0430384927772,160.7137038030644,415.10948679580235,31.629512067996046
1445,531.8731338821092,2350.2205619494302,0.5187193848779817,0.44839986388848396,-0.46085114499916763,49,0.0,3.663345235233835,465.4126467591253,-6.669595450723781,531.8731338821092,2350.2205619494302,142456.46891272737,0.0,0.0,226.73625901694643,-1.6858132715837022,10203.333288396789,9321.616843235726,10033.952081564745,10450.508672359258,10202.882955136818,9759.71696671801,10966.901370337622,10694.028749842093,10441.202491593613,8217.14518482151,9786.624615147215,10027.61449576381,10431.062509857036,10007.041710527887,1912.8369774252867
1446,1034.9764743811058,2350.942635511597,0.5659755422733075,0.009757430591768815,-0.20354655727252657,49,0.0,0.032217865889390955,4.709519833851803,-1.6824415756041564,1034.9764743811058,2350.942635511597,1449.7540667228425,0.0,0.0,226.5265525668008,-1.6855490764703907,101.7984119448154,82.6165230707035,116.0733903838692,120.83854205432338,128.01024404626776,92.7084220920096,89.69836200707462,105.40804046477858,108.76219705065147,85.65984574501749,99.67127412168912,96.88467807334092,98.30378959185592,106.18443673722257,17.135909339223105
1447,1719.4458181059367,2352.0936208235944,0.5331831408104774,0.3187664215669077,0.08878744315367827,49,0.0,0.01278337914389562,1.5155288677994332,-0.45141053306328305,1719.4458181059367,2352.0936208235944,1221.5831045866166,0.0,0.0,226.24123915602058,-1.6850831408901625,87.25326825143694,96.40167310840913,79.67733222276458,81.80480609083199,101.82638173622377,81.60857287833628,93.80772669873102,96.06220207525743,84.94556293599952,65.35756692004053,74.40136589226297,93.59950795256242,92.76478568343987,81.61347411330571,10.458878027014563
1448,2500.051663788345,2354.2343237795358,0.4841308334718205,-0.19088553469863145,-0.3266070093435362,49,0.0,0.01895988456697537,2.5873312888237594,-1.0321301012622606,2500.051663788345,2354.2343237795358,1370.9063372208168,0.0,0.0,225.9158564086386,-1.6841557936908096,104.66448018426229,101.78114391030755,109.85085405502166,79.15051428627507,95.91094917377757,96.03593715323458,98.30582100484787,112.12862727676357,88.92862857742048,94.80687978782703,108.23469181099242,86.33172630333391,101.00900095380632,72.65031943949062,21.116763303455876
1449,511.0269045464453,2354.8320585528927,0.3983792442803774,-0.1661958540536367,-0.5713741941077617,49,0.0,0.013124896958146065,1.2778664131273136,-0.2662136387147442,511.0269045464453,2354.8320585528927,2432.425758171071,0.0,15.2291961679779,226.74494751128893,-1.683889926664579,192.97326769991327,177.19435365226212,167.6482068639017,182.00418385776211,194.54981719878876,163.7335497318374,167.83159115012575,173.24065032982895,173.12094814067387,132.5058373695145,173.2117706630263,170.08540469411932,152.5188706653911,178.01634924175244,33.79095691217307
1450,2120.903976331589,2356.8390049204218,0.8154422413100625,0.009918091111847518,-0.4713502799715025,49,0.0,0.01204179773443909,1.0011476296995203,-0.0012453086744148361,2120.903976331589,2356.8390049204218,1137.7806985620086,0.0,0.0,226.07389633916878,-1.683094531556434,91.93252280251022,73.0215801715305,87.9580283787312,91.68482613998603,87.62765588735273,76.12984446451415,71.28859679511858,81.07282293075761,93.16043908306717,58.64753152642657,84.03912206185268,69.56027827463356,80.86952553728557,76.4792574521523,14.308667056089671
1451,2771.2257945704728,2355.9319530012076,0.8415462926203796,-0.7322283345792524,0.03799565065723442,49,0.0,0.01322038995334929,1.0782671222971256,-0.08181590808396716,2771.2257945704728,2355.9319530012076,1337.2536661402196,0.0,0.0,225.80282671110533,-1.6834234890922828,91.82558985287054,101.34348567159425,80.90905965848835,91.90010813606482,114.46329512924825,83.7336700489092,98.20885037891716,94.41200055023253,96.64857130955085,65.41541767693553,100.02583403083514,97.68160343394129,109.82690581214797,93.41326720492404,17.446007245559652
1452,1067.5051611254378,2357.4032610097706,0.33170806794589014,0.44734430962557137,0.24880732906727926,49,0.0,0.03307836315048828,4.101257594423922,-1.5322926189780057,1067.5051611254378,2357.4032610097706,2758.9644186208234,0.0,0.0,226.5129931345479,-1.682858843313747,192.10918766631943,176.03746283409845,180.5522385506814,210.39829308155433,180.97043094008956,179.3321365578368,210.65370376068978,220.02398849986088,198.85590315613948,177.4825880359686,201.83777243052685,182.10829085166478,210.65215443867447,212.8828203674774,25.067447449241328
1453,394.87759183877654,2360.476963308246,0.20222441427795482,0.4393981354993471,0.8288851245182076,49,0.0,0.010506545744687977,2.9831679775125126,-1.1866942712301913,394.87759183877654,2360.476963308246,1512.2954366295298,0.0,559.2483135029229,226.7933591423203,-1.6815261731048567,75.14666522336665,50.17547622645321,134.788107961396,98.67082579848397,57.994418907429186,276.8751621175786,95.37430188738784,43.24378354119337,95.8885282311191,46.16636266944496,76.70208391589571,62.1650282597483,185.2081371137637,193.60450760050387,20.292047175765106
1454,978.652117676439,2363.38132146726,0.5285908751610144,-0.09241377217146161,-0.11233246292074722,49,0.0,0.17052960108267826,26.156893097714974,-3.543965393602073,978.652117676439,2363.38132146726,4464.206242983602,0.0,0.0,226.55002960203913,-1.6803635191661768,295.0710557127564,326.19565683519244,308.36041898638007,368.31323169689534,324.79900862389707,256.3195730741385,355.66552613166647,334.0488315210355,306.80806720488965,258.355336299124,302.4502882568686,317.3218675821013,330.9479931187079,312.5836313061066,66.96575663384226
1455,1704.12843538263,2363.8889232404053,0.6202184671129178,0.2221967277118596,0.07508330682239862,49,0.0,0.06414073642884163,8.640847565157445,-2.341390859327314,1704.12843538263,2363.8889232404053,2155.605158149524,0.0,0.0,226.2476241897099,-1.6801687340304639,143.51626232361062,127.73979955712682,140.47119155297156,150.56152797050294,139.8060456720118,143.9101732520677,172.2922192833368,163.9102587958555,162.0016424257394,122.47195599131692,147.97000415598524,188.82441835497826,166.86555138465258,161.15332007270138,24.110787356666478
1456,660.5252905486346,2364.960317276017,0.39841515255331994,0.40895127756604055,-0.5213425065045866,49,0.0,0.02081342118287648,2.726306749862115,-1.0889367970129262,660.5252905486346,2364.960317276017,1628.7186697744878,0.0,0.0,226.68263293733514,-1.6796835582895524,128.82341781577264,117.96050041454517,133.074095477857,108.01465653668922,110.42677939952574,121.59120720629852,120.87012041187164,117.07146926099692,99.97816070352407,80.32615148549414,132.09408743779593,94.41997820122893,124.80934949091491,122.15442232449965,17.104273607473502
1457,363.840053329702,2365.4195191579315,0.4554459659099395,0.5938607772291326,0.24606335740888172,49,0.0,0.015314374671862615,3.056046700689698,-1.212899966461412,363.840053329702,2365.4195191579315,823.9520172276432,0.0,155.11101033646906,226.8062951568856,-1.6794635504599165,0.0,47.308748812427446,112.91969015321774,43.694290455661616,39.33489282205596,43.16828668525066,36.642068495000004,114.49579265805706,73.74517987797552,29.477201840659287,34.36389408526733,110.27851881715674,72.841892098016,28.113406695057392,37.56815373184051
1458,2422.680333541709,2367.5976800483804,0.3569048382022223,0.03203640441350804,-0.14311399431570251,49,0.0,0.014713103558202488,1.9697288837749047,-0.736016133445372,2422.680333541709,2367.5976800483804,1332.467609933834,0.0,0.0,225.94810780694272,-1.6785939321889,101.33070879574356,70.61677226606405,100.60913058633466,103.15425190552361,84.18686599857688,88.64442491698014,126.98403636607227,98.85105828169483,83.93002506423667,73.33796013493523,95.9941037049822,80.14808188417574,97.23187402597645,107.17419305617241,20.274122946365154
1459,2047.6794321100672,2369.2073009171854,0.24886262479449167,-0.2124948021688093,0.006158844807005916,49,0.0,0.012135810116641213,2.0138469475205376,-0.7600661526678011,2047.6794321100672,2369.2073009171854,1298.7278378413566,0.0,0.0,226.10441947913313,-1.6779444146434195,95.21745203891929,87.37514249981265,63.0957236066171,85.91414759208739,105.30297189257001,64.80660781305177,91.50218984553803,72.31753208052325,121.01598810557641,85.32144158862336,101.33108668869681,127.9094380450344,87.23937797517033,87.03382786865967,23.344910200475933
1460,925.7311588097398,2371.5218292675163,0.5411948605789388,0.05868251597000773,-0.13907320698214495,49,0.0,0.11217150498939847,16.904288176388874,-3.0699922193908007,925.7311588097398,2371.5218292675163,3194.9544676419027,0.0,0.0,226.57208807689537,-1.6769687376879476,221.64630006115726,209.07380103961702,247.57452252824143,217.2460704461734,264.39017741126645,217.5730421560961,247.9931917062029,239.87545403598887,250.57883276438906,181.37306933089044,241.87698867120247,196.2080861985627,201.19245008772023,218.1649857632562,40.187495441137926
1461,1149.5454799772424,2373.0337556820264,0.3472156756901306,-0.43034799594899464,-0.3807764057064938,49,0.0,0.008765976800383721,1.1652990530399605,-0.16609348383066663,1149.5454799772424,2373.0337556820264,1113.3590202323762,0.0,0.0,226.4787951299567,-1.6763499666739163,91.93734245527006,69.53482816259262,91.97080527880344,82.77817384361165,83.20894514873339,61.39716080280425,72.10622265482885,88.49888499482765,67.24503320277276,64.56945560793507,77.83876495117786,79.35170293546417,76.67523633383009,88.78470409091726,17.461759768807042
1462,2421.3577516965483,2382.4295050675137,0.7058877777974093,0.152271552825727,-0.069468374075308,49,0.0,0.03288764393749469,3.812966035576385,-1.453157341909948,2421.3577516965483,2382.4295050675137,1600.1274200100697,0.0,0.0,225.9486603783846,-1.6724144078543397,101.72182091506163,87.97181856061837,137.70354004482687,108.39919050202487,108.59841829817508,133.86981027833778,134.14625225238734,94.81284120341098,122.6830098917975,98.5256191373998,96.85237665944025,112.6882132453284,126.49138288546798,119.09937781034957,16.563748325443342
1463,2137.889975111498,2384.2544798575977,0.25556084802855605,0.5473324602692016,0.3548038767421761,49,0.0,0.00610799445777207,1.0267743282009545,-0.028687504351742638,2137.889975111498,2384.2544798575977,1026.8731934347609,0.0,0.0,226.06681755467594,-1.6716710627243667,67.6325092593782,61.219171977536035,73.33273119566329,74.12470987300314,82.3604412284725,54.827321646793344,62.97347298041845,77.80400306611907,91.09350999818624,58.580501606347774,69.97546880779333,76.8559713602985,85.4694160983191,75.45134821348948,15.172616122942433
1464,1460.3426226474332,2387.488038053942,0.421403898267058,-0.7376615604988147,-0.44489249281850934,49,0.0,0.009845146309931512,1.2595571663401874,-0.2505447079947877,1460.3426226474332,2387.488038053942,1167.0898190018816,0.0,0.0,226.34924335774045,-1.6703356913976113,82.70047103578845,83.74308319420396,89.59178407927897,92.23939552123784,86.2960146016782,83.22511447068774,85.3228580357552,74.01840374520722,76.86670520273609,54.25061641634609,92.33615276628933,86.45213616178845,90.91241840649515,82.43354793564063,6.701117428747983
1465,2169.432281113747,2386.968644139315,0.6275192981942589,0.35011159257013486,-0.6241758066192281,49,0.0,0.016469483701539077,1.4385909131979933,-0.3948432819242342,2169.432281113747,2386.968644139315,1739.9988930414197,0.0,0.0,226.0536699211159,-1.6705386646220874,135.614473613448,85.22676534051561,140.06503587208445,132.04394042660988,102.84702185918843,107.18425675915769,154.6758338812345,110.08615831106553,128.96010795545436,90.21486329081824,132.8182688609582,117.36749391874142,144.8218782582611,136.61384576641578,21.458948927466373
1466,1360.506556593615,2391.102537874521,0.5123628259809669,0.08060526266626973,-0.049418521551001585,49,0.0,0.03358725785048814,5.227787237430673,-1.795794760445479,1360.506556593615,2391.102537874521,1511.078011104998,0.0,0.0,226.3908585472039,-1.6688280249497638,103.69624137899335,95.46688223442901,101.90644266368467,111.94042740086574,118.94574170842648,92.55469088494678,128.0762067426462,112.87173258988975,126.06998125413351,82.638377204697,80.57694577702028,110.57797032993535,114.94086991273181,111.80481515419538,19.01068586840266
1467,2385.1233580001403,2390.972163148528,0.6196618597353145,0.08141838750260792,-0.16038855439259578,49,0.0,0.2324843481187447,32.738670321610115,-3.7876525914990413,2385.1233580001403,2390.972163148528,5157.5018266122515,0.0,0.0,225.96376442593063,-1.6688577145081074,347.28532753733737,330.2125794720082,361.9373825307238,375.3942971433795,377.81101904213574,348.1818731588279,402.27587917045645,365.8275405408831,407.07315374397984,292.1466735270142,344.5054607717741,373.0479921517528,369.596180340962,402.482887702618,59.72357977839938
1468,2643.0442393761055,2392.1098494124362,0.5708932052157898,-0.2341153602739677,-0.3974514293507106,49,0.0,0.020895024567849543,2.7042637944806347,-1.0801226343161632,2643.0442393761055,2392.1098494124362,1280.987505118645,0.0,0.0,225.8562584701048,-1.6683629074420163,100.88943060189001,79.87075611285044,96.78206182274381,102.18081970077822,81.99254151588977,106.81396048387691,78.02605478909007,80.26714264822314,88.3908922050461,61.900502197509965,99.68443737950614,100.08966031632795,83.69043333918492,103.77555579898954,16.63325620673795
1469,1039.0863508313535,2394.643181564768,0.48546420153341535,-0.20797028505841375,0.3093740147965606,49,0.0,0.010137144306512044,1.3332707081478268,-0.3122958444996781,1039.0863508313535,2394.643181564768,986.4913464768808,36.09442549253488,0.0,226.52483683702803,-1.6673414484971574,73.41805751242515,46.947083259192524,68.77467442379402,59.21552168911748,78.44600214670234,48.935200113112444,70.13803825787306,75.22690020966044,78.84435385857337,44.25805252202709,71.07140379078578,84.17320397835798,86.11145336385071,79.03724668617305,21.894154665235348
1470,536.7403760898598,2394.9616724868397,0.5575808392252694,0.31931391144908355,-0.35103531075946476,49,0.0,0.12030540604790528,15.446665649612886,-2.972086865347681,536.7403760898598,2394.9616724868397,4516.410760340564,0.0,18.778001798045864,226.73422524096847,-1.6671727512110177,309.8968667795264,284.99832190955556,372.5818861219967,334.5911759545188,342.1323784184598,329.78300364163346,353.51521506745155,294.27255522972973,352.02041918835806,248.23815490879093,298.38322152279443,299.02770522781134,343.28714928675134,290.9964041256241,62.6863029575605
1471,2017.485018376011,2395.1170483199135,0.5975945141170504,-0.1889886625702213,-0.5615045548568457,49,0.0,0.024210392129460055,3.003874279944798,-1.1942043808596297,2017.485018376011,2395.1170483199135,1341.5860283993152,0.0,0.0,226.1170067032357,-1.667150243109487,95.94193955407738,88.41180121068645,98.20776463344438,90.42011111132288,97.88699938079395,91.5279145674948,103.224940946702,108.15746325108162,83.3539714554395,90.51554614986037,107.4208024518064,88.67994430455286,84.36884541408196,98.34947551484943,15.118508453121056
1472,1426.0223344295955,2395.598558109287,0.7301568378726245,0.43482077889517473,0.0064661972127220005,49,0.0,0.010659065023763315,1.0249714046091487,-0.026779373250926487,1426.0223344295955,2395.598558109287,1119.4535499766234,0.0,0.0,226.36354915400977,-1.666955945535766,77.57538386685792,76.05240030871292,80.64404586561153,84.59149916424948,70.21823465661417,61.89862160960959,89.60014646501935,80.04797678263927,104.74274316852501,69.92226698041843,78.63011309282953,62.044569579751894,82.5924243867037,77.95767484130985,22.935449207770578
1473,1970.419805833403,2396.63999077095,0.8660230387173913,-0.2301864508961207,-0.2608106804927859,49,0.0,0.031901881148997696,3.3414583460763274,-1.3098401291722837,1970.419805833403,2396.63999077095,1367.0371661938743,0.0,0.0,226.1366250841753,-1.6665173403497697,98.35627324340656,84.85794024094139,101.70111242366251,88.8657977086125,97.07481673786234,88.9490394235522,98.27114899869063,92.76466465506164,108.30007503423276,95.54349444299537,91.70686562000256,98.24695259156141,88.7491765568698,109.47424826478287,24.17556025163991
1474,2842.667322085376,2397.4101768218516,0.6766276938684425,-0.5654625286485999,-0.20661735774791742,49,0.0,0.020278987953979748,2.0686010077221986,-0.7891918297882422,2842.667322085376,2397.4101768218516,1451.8812806428778,0.0,1189.7590106430262,225.77305474575036,-1.6661344777445957,115.1373310942812,93.8052105157097,112.45835585918508,103.18773657648879,114.83854794991443,99.65369902891925,102.48173608399331,92.7889582303202,106.71987361710922,108.74224104677441,87.76215412650947,106.20000372830154,105.96733505723128,83.73164826788276,18.40644946025688
1475,591.2531036076994,2399.752968523322,0.6062369669452912,0.08734967325773803,-0.16443975750016462,49,0.0,0.08757170070466347,10.547917332004175,-2.5579167935137908,591.2531036076994,2399.752968523322,3358.887628979557,0.0,0.0,226.71150314526173,-1.665181481436959,236.28364094667742,231.38281803130388,248.3476333211541,247.28054733260902,245.26094446778256,219.92563223288158,264.3523923496103,244.72233411346258,252.5005813767791,185.05165174193272,243.46774035437363,242.46581811116525,241.53703996667412,210.34314793268638,45.96570670046444
1476,2449.3171143696277,2403.4527892811752,0.5396883647212256,0.1383677012095085,-0.13728091248217264,49,0.0,0.36976102989106496,56.0046529942597,-4.370560276702283,2449.3171143696277,2403.4527892811752,9249.018611833193,0.0,0.0,225.93700818442275,-1.6636530991847196,631.6646275388707,591.3287354848113,669.474865198554,675.1676892671344,646.7179450313237,649.7048395046929,681.6436769022032,683.1058267779767,693.9591564650814,552.0608646596097,602.6299541533356,656.2703700032223,719.2391061265876,700.9738518916811,95.07710282810659
1477,403.20189759077743,2404.003228192557,0.28586857268231164,-0.05162543133142354,-0.7154482686108461,49,0.0,0.006360993722290385,1.5715045116452633,-0.49078908043749614,403.20189759077743,2404.003228192557,2820.2344333492383,0.0,384.31343701103583,226.7898839950764,-1.663392393412665,71.11459956635574,121.18023795059261,350.68395455807735,292.4510324877771,987.6116771370981,44.50586444577164,185.60859547415149,73.16240967679494,365.68374505883406,34.546918179321544,36.33419200033015,116.45250070880174,49.53112032233966,75.0511932606781,16.31639252231428
1478,2441.912864875239,2406.2487320371097,0.6948738297321954,0.6248294980392165,-0.1736606417613971,49,0.0,0.05660112552078537,6.718966253694122,-2.0682561495798097,2441.912864875239,2406.2487320371097,6704.691433816528,0.0,0.0,225.94009466888218,-1.6624887353872302,489.70742105703187,436.95173168490544,498.31190929219673,497.513579835865,469.26236372169365,461.6924942887126,520.8779548209042,488.757643635556,481.70699893889946,418.5929686704526,428.22022559065203,476.315713394426,478.7007906247467,488.76732135655925,69.31231690392583
1479,1115.0732422372553,2406.6632506773944,0.5288916458983963,0.023928489470918496,-0.09987512404433155,49,0.0,0.14944316545039485,23.08570289765471,-3.4083577554727724,1115.0732422372553,2406.6632506773944,3988.655459072682,0.0,0.0,226.49316259257407,-1.6623367950934607,272.3251731051112,244.55492412357552,278.6793165802985,305.3190926037962,277.99123639928376,285.3035905248529,304.01216557405974,300.54383996426066,317.3512188259924,230.78015276827114,249.34391807682164,292.6865755642199,301.8295532238445,271.39112685100906,56.5435748872855
1480,1084.0587208379955,2408.3216664952456,0.5382944317936876,-0.11304628452374511,-0.1928824350656835,49,0.0,0.05112167609479992,7.684265566626479,-2.214005913940913,1084.0587208379955,2408.3216664952456,1945.5632432961872,2.004956311047187,0.0,226.50609026628842,-1.6616444510308834,144.5062550916277,115.2420300567168,152.91566097574827,139.0950526119291,168.65856122375249,139.83946266975818,146.0230710917219,109.03148058327352,133.8360388070852,96.98501032084681,145.99734832742894,132.9814699215814,148.86684709565878,146.48317142341796,25.101783095640172
1481,1328.4960651938925,2407.3144275695763,0.5014378799202632,0.45766750835517644,0.043119981224694834,49,0.0,0.00973215098527453,1.1875238973961049,-0.18660589501138136,1328.4960651938925,2407.3144275695763,1072.288999157909,0.0,0.0,226.40420117836769,-1.6620725886295558,62.384364575073505,65.77820614210208,77.24557155028262,82.05518127303995,75.57167728967013,71.26635940208946,76.52827082547455,80.28842613823514,69.85402008581121,56.362756289650605,64.49185462337533,73.16646775990809,108.96120838520295,90.47087067155567,17.863764146437823
1482,442.9572110709293,2409.0978320692025,0.9798509953825684,-0.33923929992040847,-0.15566709702572426,49,0.0,0.01230236482048892,1.015279617641131,-0.016464168861213126,442.9572110709293,2409.0978320692025,1117.221587408084,0.0,748.3079252550963,226.7733131727742,-1.6612739084335952,69.26536110591981,80.02044585346539,57.684521256314675,76.52296698058974,52.48495279872072,78.69869962664606,91.50545752038597,102.4467530530797,79.25548822748745,68.86816435239169,79.97078336434882,84.12837316601487,127.56736033167016,56.17025321185655,12.632006559192225
1483,1280.311095507656,2413.093947274473,0.7690417469983906,-0.2154885512017466,-0.1805703019156343,49,0.0,0.027274183995113766,2.934161318204743,-1.1687099684513569,1280.311095507656,2413.093947274473,1342.4469365245932,0.0,0.0,226.4242860647041,-1.6596632910606628,102.19913092777529,87.02651061228555,93.4965941591578,102.02033530492744,93.63173001332828,83.44866216109276,111.55307163324727,119.08118680518876,93.80454905972633,73.68178271954736,82.03162674493868,91.47199007769247,119.64136026736665,73.21358706649067,16.144818971827817
1484,716.6297341030457,2413.813542723585,0.7519440528535938,-0.22294794868145182,-0.4378728404128242,49,0.0,0.011838123707429217,1.0533718293122503,-0.05645424922245684,716.6297341030457,2413.813542723585,1150.0387490280846,0.0,0.0,226.65924286172518,-1.6593336845524453,76.8023010754562,68.62846996118026,100.2388699943078,79.8707047180546,69.66570450344352,64.29869379499635,84.70595290078307,90.86831593555817,80.07819911202073,75.06074559718006,64.61125730473636,80.35730814699889,102.50143221974798,93.00910734809385,19.34168641552688
1485,1092.0728670704584,2414.59974963793,0.49891161610124146,-0.17079722880355633,-0.21294173484402848,49,0.0,0.020562215227875977,2.321023945565768,-0.9141990525329811,1092.0728670704584,2414.59974963793,1805.3316511413077,0.0,0.0,226.50274940047868,-1.6590290528986538,142.36511115187753,96.47862248251553,134.82601899800906,117.95410600086532,135.53827316808577,127.58731077409836,134.1125816914987,141.3494516063762,133.0911446623871,107.060107553026,125.58835215773055,133.4932284671094,130.72913028403366,120.42759432050217,24.730617823192446
1486,1532.8632643165,2415.588745639291,0.5002321531687914,-0.2846806398853105,-0.07690611207077097,49,0.0,0.01157544024343429,1.5181991587153352,-0.45332186608194724,1532.8632643165,2415.588745639291,1115.8901770867262,0.0,0.0,226.3190138906902,-1.658628127753851,65.62407500175578,76.99213191307406,82.13954475574971,76.37190615199142,69.80693023295635,76.67009428667693,72.47351597465499,73.58771796024439,86.66645983283011,67.61665002962116,88.43103001349856,85.21447952081576,82.01300301972495,97.3399560934615,14.94268229967054
1487,2603.410939251252,2414.3107725741224,0.5096860773507352,0.12279845417304856,0.010489673228289647,49,0.0,0.013760584202485363,1.4886910636012256,-0.4320114534236849,2603.410939251252,2414.3107725741224,1402.7204812000696,0.0,0.0,225.87278051479842,-1.6591166613843258,96.59207715244449,84.74022484088887,91.91807732936485,108.15877955107904,120.42859061520095,95.32144931804032,111.51587236570164,91.95434532275627,104.19742398968779,96.54157859296176,81.60219709647609,118.8263832968168,104.47006315309685,79.45541888880351,16.997999686750344
1488,394.0332042523023,2417.4744289603564,0.4486218750280201,0.2582646566114895,0.9921969714621216,49,0.0,0.01062174564686798,1.9575494941741372,-0.729281878644843,394.0332042523023,2417.4744289603564,4466.738751502333,0.0,102.7832102916997,226.79370381874813,-1.6577788346788846,0.003202384788179662,186.7451485536011,0.0,76.4851550713621,31.87995515789916,0.9504752525237368,57.34885905855218,31.348591015292712,3815.5642840532983,37.58380386497651,49.12250821743169,30.238603036466337,49.69195883422957,47.451415028543764,52.32479197336712
1489,2698.271740571556,2416.22660026806,0.45115193674234616,-0.14541218892099703,-0.4463250257779259,49,0.0,0.1149231316073254,17.3835136896809,-3.1003439098282426,2698.271740571556,2416.22660026806,4292.71574289791,0.0,0.0,225.8332418281341,-1.6583097094153287,305.16140931753125,289.06153525915624,311.13952351969095,279.93653240763825,342.6538270436497,273.0115375089331,294.23041744222166,319.3938484849414,325.8180047582739,281.5564014785339,325.949165437214,290.84420614290593,294.30201492170517,301.05569031232983,58.601628863184985
1490,2345.8814457875164,2423.749876901783,0.7308863205364337,0.3522990253107891,0.06659516268604888,49,0.0,0.016264327010228695,1.693637876716184,-0.5720513943317795,2345.8814457875164,2423.749876901783,1178.1694186257018,0.0,0.0,225.98012396760103,-1.6552036549906797,78.62816314303348,99.45838196887183,64.77638488715985,89.6232407828799,75.78945278787778,85.53257278290164,94.9619920475267,67.46358029526883,82.02768514741976,69.72661811559945,81.85867270823945,87.61171463806748,85.22609554664437,93.42294003592329,22.061923738287994
1491,1088.6912955282817,2424.8281958045145,0.6929502419216111,0.17000175169038592,-0.06524439686287126,49,0.0,0.07985520232412666,10.21513576880312,-2.523110357976762,1088.6912955282817,2424.8281958045145,2364.2888288279764,0.0,0.0,226.5041583818398,-1.6547672297562783,161.6650269561074,155.82693049020511,169.7808448430164,156.91879048239377,182.6352887722499,163.403168057078,199.0398193742153,167.97128061604695,157.93320659182717,135.44480901947563,182.22321224002212,182.75131286683046,161.74934720088135,151.47008283663854,35.47570848098874
1492,1179.8983760224073,2426.2874551017876,0.26004016147826603,0.06809197665204422,0.013754014848099457,49,0.0,0.009602647707609624,1.6104685813705109,-0.5173806414696623,1179.8983760224073,2426.2874551017876,1203.5839468300078,0.0,0.0,226.46614063333573,-1.6541629517762855,77.08083056786998,70.04526856377512,100.03915582998191,74.69424018894927,93.62385802854544,110.22801793971912,96.12275741347474,75.43653772481116,78.56946495828731,68.47532133831598,73.5074319776219,79.76812005994826,97.82927766473678,84.35871630126537,23.80494827270533
1493,1189.6743729453563,2427.265611916149,0.3129443399712042,0.5559838508052743,-0.04546207490716581,49,0.0,0.00870975499544602,1.050016419212514,-0.05299022557398677,1189.6743729453563,2427.265611916149,1194.4519967141896,0.0,0.0,226.46206567135604,-1.653755758577326,74.13747236473114,65.75002509919153,98.46394643667853,70.95934657097027,84.04707996801791,94.0032431869714,96.82142228998552,86.42810737152453,75.37525422601932,76.70743778002281,85.26519410747494,87.80828582339666,79.60964762274278,103.20858152406889,15.866952342393327
1494,880.0925585483074,2428.5537155985025,0.6953585825402543,0.011657427510994552,-0.17240638357645635,49,0.0,0.039618367080671554,4.736108561115793,-1.688554121825786,880.0925585483074,2428.5537155985025,1645.4935495399736,0.0,0.0,226.59110717494084,-1.6532037577219043,98.31134274142242,109.85089026513066,118.7156414046593,108.1428763065484,109.16828652541527,109.03324927622164,143.8194849025281,137.72369216831248,141.70663570679528,89.35854244273679,101.86366389708522,108.77820928562461,133.7156930478752,112.59958450057204,22.705757069046193
1495,1397.3242249574553,2430.0040751539664,0.36627429056133426,0.10796728018707832,-0.17254128444984657,49,0.0,0.012153371834549715,1.605192283019977,-0.5138176579779875,1397.3242249574553,2430.0040751539664,1171.3885863069736,0.0,0.0,226.37551080041771,-1.6526203515648723,86.50254203106147,78.31235473170037,97.37941903456738,90.55361090628328,86.6498598115752,58.07428225472788,79.73567994374571,70.99793939309512,78.23067249283507,54.0165187062933,80.55688582335874,93.23619362729892,99.7653712750863,106.35039961366219,11.026856661682523
1496,1208.8468456044448,2430.734884427188,0.5630188634434256,0.002519528347794381,0.05261118750079835,49,0.0,0.015179880754228653,1.922050738375909,-0.7094121200194403,1208.8468456044448,2430.734884427188,1187.7378761842203,0.0,0.0,226.4540738811525,-1.6523109596621988,80.72763655338541,84.69783459042824,68.54780353831964,96.18089846206692,89.16404420247633,91.02678722874909,107.52014447876138,76.82586584453111,80.85672505629248,67.94391437658564,76.47808777132263,66.90096657866161,93.10150661912787,90.1190962328424,17.646564650669585
1497,1664.6797313174384,2432.6125868948816,0.7068267025673836,0.20332621339029103,-0.14105774109915098,49,0.0,0.036734146204793254,4.320749050178894,-1.5888976078705044,1664.6797313174384,2432.6125868948816,1537.1434378251672,0.0,0.0,226.26406842630863,-1.6515351357836023,113.90788173839323,75.86814034257769,102.37844297779672,117.31006916769941,111.00690921021734,112.6150767376887,117.54149870621534,119.82925562315563,112.01997667899835,79.39543616645886,112.97716852578304,107.249994832857,116.53090411991639,120.56862376107165,17.94405923633788
1498,449.88441817888446,2433.6491534872494,0.6466660545796605,-0.5540409805722538,0.4422488975240731,49,0.0,0.010297357174289921,1.0137333784458185,-0.01480936605434129,449.88441817888446,2433.6491534872494,1819.4136875236832,0.0,716.247370798683,226.77042288930582,-1.6510456167251542,77.74274215831927,66.33670383810805,112.85388435855762,110.63831783859936,72.25242361469586,154.3712279214629,100.81241915763098,75.81539245722584,108.85249388620997,319.1833241216393,260.9324203754892,101.86023783052984,92.57584564330634,143.31763326966814,21.86862105224061
1499,2321.1245462913407,2434.466224007078,0.844941575474734,0.09958987624268892,0.2138559623003943,49,0.0,0.019753824439397952,1.759125837346097,-0.6132422684991063,2321.1245462913407,2434.466224007078,1330.6265141106253,0.0,0.0,225.99044398654934,-1.6507403227061106,94.23274592222756,99.90510941137475,81.12055071528698,89.39600416383007,92.73596820557151,84.87166066664066,113.62446867368725,87.5126009218695,109.10881824997782,59.621003726787066,90.00003204751977,92.50351361911325,115.68457815947033,96.82549152490229,23.483968102366404
1500,2494.8829039619204,2434.149018632202,0.9659446454348828,0.423530117471515,-0.13793125136294473,49,0.0,0.024772918583692585,2.0151587743595405,-0.760773174718465,2494.8829039619204,2434.149018632202,1458.8411725549342,0.0,0.0,225.9180184227162,-1.6508602324702233,99.04163822406609,104.81233977372185,122.63021287437039,97.7520945743345,103.21961121729949,97.10814871514552,103.81596114007885,115.02292390862634,97.22122165366727,88.33568961064381,92.38925659373939,96.21981058175301,120.96085066572815,102.16849897015065,18.14291405160914
1501,1780.0301402275657,2436.1903805259585,0.36457088186691694,0.22306325224191423,0.031195909706220475,49,0.0,0.021049359811068546,3.7500552119552513,-1.4350941546999536,1780.0301402275657,2436.1903805259585,1382.7511795483001,0.0,0.0,226.21598677107153,-1.6500432165652024,109.65108448583015,91.07963830392777,88.34904048210646,97.69796882711717,80.06115018959204,100.76987479663637,133.04430806402115,106.86277336270547,94.41393505985297,65.73007199262565,71.37444278127256,111.90183521130865,112.22880564891057,99.75666180913606,19.829588533257176
1502,416.6525615286962,2437.3057070424,0.7385660737310102,-0.4144278282610186,-0.10512784237312263,49,0.0,0.01821883371572899,2.47860118232425,-0.9855166313106599,416.6525615286962,2437.3057070424,838.1127646944342,0.0,223.93441896645157,226.78427353675497,-1.6495187779676546,34.384291401934334,38.351106624666855,62.74733590475421,34.27203628707156,83.21614066526828,155.61112309945014,66.42338861117985,105.92523693136881,57.66233622966831,24.292791780900355,62.779857506431,37.85439157823246,32.73649844010419,29.223201763337627,12.63302787006627
1503,456.8648299853787,2437.0150582870197,0.9739022427436921,-0.05449675674363372,-0.26081900422703636,49,0.0,0.017609235756345185,1.5932780275341598,-0.5057289173562455,456.8648299853787,2437.0150582870197,1548.685870727453,0.0,814.75743744836,226.76751302535024,-1.6496439559260065,117.10459447930302,121.49619942574017,118.5755141611175,134.3126405722114,107.30617374961531,102.42471935224494,116.05020242525198,85.92393695983213,113.5841778173648,77.07165846718735,95.80901609269398,115.1645434280772,100.04497790028799,126.31257835163751,17.504937544887717
1504,914.3762519249688,2440.1086992694004,0.5893679851552954,-0.12977764794557003,-0.11340147403952129,49,0.0,0.02722241429434287,3.4546059056247356,-1.3459962777744228,914.3762519249688,2440.1086992694004,1550.5509817875918,0.0,0.0,226.57681614902324,-1.6483915266473232,96.42086001258033,115.99615982720954,100.73325563527294,98.22531970745028,109.02260563105722,107.30382898247129,118.89355975866467,145.7652949726026,101.55323108325047,70.62816068684046,120.02722062803198,115.03173251071395,113.10421890526084,110.39552916101528,27.450004285170085
1505,2216.85609696186,2441.9086647262498,0.6100931504756185,0.0781662084297948,-0.14791029792746788,49,0.0,0.267464345675567,37.20789507424471,-3.9265877545017176,2216.85609696186,2441.9086647262498,8586.294540852597,0.0,0.0,226.03390586738243,-1.6476455383066135,605.5594693056854,592.7273562526678,619.7603270788596,609.6220530554862,579.5155226463855,613.9421131708025,660.6932555456365,686.1108776426487,616.0965048712051,463.8468493565331,582.1325337743508,588.7679714897725,618.2825068456463,615.3139553056969,133.92324451121996
1506,2210.1259950755175,2442.831307928027,0.5728323182136984,0.15476198658959903,-0.1454986429269049,49,0.0,0.16152476098340882,23.72087154367084,-3.4378266041898184,2210.1259950755175,2442.831307928027,8090.768357780419,0.0,0.0,226.03671118756998,-1.6472614813861994,573.6807236934904,547.9504654228205,561.3803135607093,564.2898598972984,515.0121908500809,596.487373162063,633.842124181494,643.0016559306812,592.0269491474385,438.50744308447736,535.6675177902575,569.7497873128857,602.1951339971232,600.6388931078891,116.33792664171082
1507,468.7201575689272,2445.783064643765,0.8084322940530081,-0.020470455076937767,-0.2793646235769192,49,0.0,0.011880686869696457,1.1421245159042892,-0.14428363460444563,468.7201575689272,2445.783064643765,1371.2008766484228,0.0,856.1607795564489,226.7625706379833,-1.6459920573346964,96.67942898042693,75.81810533444148,106.37447850847032,83.92342765539246,110.57345984725167,98.42547440561395,110.82704371786681,125.03362397765665,69.78645519679563,126.42653878556706,80.65744579004769,90.98275175192711,92.38752652051454,85.25310792857238,18.052008247878128
1508,1147.6329089146448,2446.663526524397,0.567689584099986,0.13613313353437975,-0.06196761043127319,49,0.0,0.15476101278273427,22.177644834685715,-3.3647885603930567,1147.6329089146448,2446.663526524397,4044.8451916768386,0.0,0.0,226.47958882873812,-1.645672048886363,277.74508361127386,255.86421106652472,285.37391182010924,278.90838438069676,285.4718914810944,256.72281090083743,297.2534225083898,294.4691281609886,300.7470926200464,256.38703907248083,291.60826307812147,303.57094233582836,323.59393175695044,279.21042848442244,57.918650399074195
1509,1283.2671644318498,2446.9477978386794,0.48585201319227517,-0.251482289946801,0.2948452138053278,49,0.0,0.008728586195186952,1.0226040580941347,-0.02426877961210799,1283.2671644318498,2446.9477978386794,1080.3440589923196,0.0,0.0,226.42305274494697,-1.645558153649421,83.58406202961915,63.87704719771134,74.65625204125777,82.07910353251876,91.41925845217435,79.98924842791743,77.51643545005149,70.30462022665134,78.23937154742913,72.01870905468942,68.89169858322288,70.59626479268263,72.57570759909879,79.99883519002555,14.597444867269548
1510,2317.462198839185,2447.2726164109285,0.33951772539816494,0.0752002793907583,-0.15951378424290127,49,0.0,0.016191720826380804,2.712210337179584,-1.0833084172042151,2317.462198839185,2447.2726164109285,1338.190429484466,0.0,0.0,225.99197149924203,-1.645404827628188,115.71405492678673,85.36740383829098,82.4734655718832,83.10438959178066,95.61622503971319,108.5767482347188,87.67163555188921,85.31340523945768,103.00430959983699,74.57414144168634,87.18574308499235,103.79978415796555,114.18058785206134,82.62422004599108,28.984315307411922
1511,2422.622442786092,2448.22496038668,0.9878619222632896,-0.166817851293343,-0.4084217182332692,49,0.0,0.014523589066522482,1.190589279485692,-0.189404919205621,2422.622442786092,2448.22496038668,1119.509868440694,0.0,0.0,225.94813894605008,-1.6450009964803798,80.732075164662,71.86996750076149,91.85545377396343,86.05756748922994,82.00496124169594,65.00287362104393,84.68202466323424,76.18708711411061,87.95312296999026,73.12897555740793,82.78509826249918,69.70361618260628,86.04424506851547,67.80078002907467,13.702019801898667
1512,2476.9433434148846,2448.3852884277862,0.2744042516377403,-0.30841452142762005,-0.5734162479610132,49,0.0,0.008484781823778069,1.20940009210618,-0.2064249933629258,2476.9433434148846,2448.3852884277862,1170.6254940452966,0.0,0.0,225.92549721515852,-1.6449301827860747,72.5408301972806,76.1535204520597,87.14349202977947,83.5400404302433,91.55387038362942,95.67426206246637,74.78757600623791,86.1266522143379,97.41440737692659,58.01523438469446,79.17620935965056,78.35310982309986,103.98587340400879,69.68389605290157,16.47651986798009
1513,1333.5248912037061,2450.1830368160286,0.4979184990657358,0.016138190270516436,-0.2485653115364654,49,0.0,0.01919033066324757,2.8805740344465742,-1.148697604077715,1333.5248912037061,2450.1830368160286,1223.5906473737173,0.0,0.0,226.40210378623308,-1.6442114690939083,87.42434683264355,68.70355164563509,82.5017768581008,94.47792651061117,89.2589524609401,71.44479617830638,77.49450287498698,84.3621747510463,107.43242015817916,78.54193459887799,90.28097960651085,81.6306780632682,108.17880070217846,91.13282411062593,10.724982021806532
1514,1828.7385037380798,2451.229426227551,0.4179914948440802,0.08252229485406891,-0.10353947864053702,49,0.0,0.04112433052085216,6.638921753575927,-2.0552438751907083,1828.7385037380798,2451.229426227551,2001.3869860890932,0.0,0.0,226.19568398340897,-1.6437763249836221,136.76924278409882,124.09147466453973,156.23871648229857,153.6427728993074,146.10669088426056,150.67617130557264,153.16116748741075,142.1559372514675,132.08041239406958,112.59046674297656,115.05752436686605,157.2124112540342,152.68083477013363,131.89754316685202,37.0256196352051
1515,2611.9597547182557,2452.80634048174,0.5401176434390093,-0.04669596857501978,-0.299809120809861,49,0.0,0.24100793377071164,33.85935862555681,-3.824196818276086,2611.9597547182557,2452.80634048174,6836.153912039032,0.0,0.0,225.86922138501117,-1.643077108935824,512.001912634053,463.64678477265926,463.3722128845144,483.6316825800921,506.50104686956786,481.49260853867975,516.7422679825808,499.51196219087535,442.39235078293717,384.6831740488635,531.9650446665956,481.3785893090858,485.8866948848167,497.49279871565096,85.45478117805997
1516,1099.590545114271,2456.560218281849,0.23149473006340573,0.12371533809512887,-0.18470536511139152,49,0.0,0.009498715220322914,1.5961697460151334,-0.5076976872073024,1099.590545114271,2456.560218281849,1159.4359372734818,0.0,0.0,226.49961359574104,-1.641546618270596,86.87647285171312,70.96720586725013,90.4776827654,78.28424790860052,97.49395312630003,84.62187790185487,86.82399103344792,66.02603601380392,91.67494315073932,61.209347825548285,83.04713145682959,89.386916739035,73.55562847188199,84.35602125446938,14.634480906607806
1517,1851.89178646587,2455.9727053752817,0.6721043887154168,0.10053212799037835,-0.04971132984340541,49,0.0,0.10540858015876516,14.06707628719278,-2.8705096067206783,1851.89178646587,2455.9727053752817,2809.4410507554758,0.0,0.0,226.18603315088492,-1.6417995552456108,200.93399312453374,190.82754277153907,211.5132692484422,192.5493381807657,205.28585656726375,201.46915867086065,216.59647503933627,205.75226770458596,197.98742393401744,162.62579393868901,187.3545087016307,208.93689727781634,192.76640004435671,193.68262831072695,41.15949724091137
1518,2234.8533032947635,2455.865435731882,0.5627239939795775,0.3104878290523484,0.21372147968636312,49,0.0,0.01971235603907425,2.5094087015814437,-0.9989284990283873,2234.8533032947635,2455.865435731882,1371.6197628816144,0.0,0.0,226.02640516153238,-1.6418295194601311,97.18045628612313,89.12074887795298,98.9328915035077,103.65651203372589,100.6554178084175,90.37819269170885,111.62107835667042,107.09337891590886,121.57423724150647,75.55524873178548,82.24720814662183,91.15757800880374,100.86054374661643,82.53109742380768,19.0551731084572
1519,1276.4462067183067,2458.3088174239188,0.30965140016595905,0.31432052328281523,-0.0699625949305159,49,0.0,0.010296084681255735,1.5297041249213545,-0.4615185944621154,1276.4462067183067,2458.3088174239188,1126.6349369822233,0.0,0.0,226.42589552460663,-1.640824400047807,86.46541622800984,87.41273382631111,91.68802348571307,80.26423220149235,85.31478994807651,75.5928132940168,76.05301255741233,97.40905202891678,67.16629911952523,60.58424918465871,76.57838701006551,82.83176176297663,79.19308957623991,72.80380380408646,7.277272954722177
1520,1976.2814587152463,2460.719603858385,0.6343221454715257,-0.18449232412711836,0.005986658746992551,49,0.0,0.02375264238856818,2.631212280564107,-1.050389718616547,1976.2814587152463,2460.719603858385,1452.9215684762962,0.0,0.0,226.1341843004286,-1.639818377632405,89.59900684132725,71.84453193390326,94.46692024188323,113.5153738788085,95.74191364833473,103.23703133668872,105.83481764056916,107.62036835356481,126.71288421691814,88.00159098740457,100.19878077083503,110.67599003692195,124.23483960479547,102.46077712797643,18.77674185636493
1521,2523.786023199079,2462.3843180305107,0.8119762297018989,-0.03079567741490034,-0.5110421200764192,49,0.0,0.025761212010929114,2.5268643648178144,-1.0064548270078468,2523.786023199079,2462.3843180305107,1475.0034469932527,0.0,0.0,225.90597395998773,-1.6390939432400573,119.26237699848618,98.43363447615751,105.93032733753266,112.88055242885665,102.07968916236663,100.88116798291512,120.37942707866483,109.629586519025,96.24090549545787,70.53122179756602,105.29945577407204,96.6535190327561,106.71304886340056,109.70325237098484,20.385281675010688
1522,1855.373277722619,2464.9617987132524,0.6911841205786265,0.020388941372854845,-0.13527899326522583,49,0.0,0.07047414235187142,9.06778744751472,-2.393753328853072,1855.373277722619,2464.9617987132524,2413.5913048482307,0.0,0.0,226.18458220902858,-1.6380541760758716,187.57427566535014,158.98879901387846,153.43603393277755,164.37014373424785,189.13062030858922,167.81756703647437,175.60567989265056,201.8542669557161,176.58593518267543,121.03352552364953,157.9467329422128,184.23291846999444,179.2015908595206,158.80824189477306,37.00497343572041
1523,871.2011251815866,2468.0448332297005,0.8378132733498074,-0.1782848635953175,-0.18068178336445337,49,0.0,0.01242742997781768,1.0334505779933874,-0.03572428122304659,871.2011251815866,2468.0448332297005,1148.4564772136125,0.0,0.0,226.59481026607196,-1.6367494190028191,83.11179904582846,70.2762964729371,77.23967640124201,81.51631713046024,85.24342689229468,68.76318299301292,91.20502775197275,95.06471550873205,99.96851860208407,54.89094734879488,83.00992467978428,68.55049169989864,87.08445761527707,89.37251843730118,13.159176633992233
1524,1236.4174204024193,2467.911498919242,0.7581086872581742,-0.023467089191826444,-0.12671192824038494,49,0.0,0.06343043379745958,7.6811372546797605,-2.2135638140328586,1236.4174204024193,2467.911498919242,1864.082527638062,0.0,0.0,226.44258022824286,-1.6368222588514545,124.11841922445284,132.08178422006705,90.86302037403212,124.29663653970844,134.28425549816527,130.39716511937863,135.58141134761826,134.78836876650212,134.74871791525317,121.31216208891384,162.51034779033938,150.80008623726843,122.84724471402038,125.49605181673036,39.956855985611696
1525,626.1346975027548,2469.3752012810514,0.5230938680669219,0.047102090914923705,-0.21148548169270492,49,0.0,0.04323062003758702,5.314219675640559,-1.8135987575466763,626.1346975027548,2469.3752012810514,2345.6730092422877,0.0,0.0,226.69695683712746,-1.636177061863726,170.46105799209596,191.27767698195248,160.7188412512112,208.50427397924892,165.42351785627,135.49354719539238,177.73226059749737,166.70527501056495,178.08705254825787,127.71985044549562,153.14194221327998,151.67419740790353,159.07843268333028,151.84708776725816,47.80799531252925
1526,2291.824071633823,2472.3569365859694,0.5438158478029632,0.06395063231926826,-0.16896281846656683,49,0.0,0.03157026328336403,4.393659476825145,-1.6070659865667527,2291.824071633823,2472.3569365859694,1560.7172545020194,0.0,0.0,226.00265980939093,-1.634955139200046,96.28176089026788,111.53686244250568,115.47603083423937,118.74471047503255,113.64278895049142,104.22609691509011,131.95540916081217,100.36583697028976,128.0850452782625,85.78564275506301,100.09224591541553,117.207511755685,104.1969760865785,111.1396138532931,21.98072221899283
1527,813.522685479758,2474.2360933839177,0.7222361909385204,0.11199438537056973,-0.08789545077307266,49,0.0,0.021884977656259835,2.2968366962286404,-0.9028252955104539,813.522685479758,2474.2360933839177,1325.3099699145694,0.0,0.0,226.61885103353657,-1.6341660871237866,102.22067194189626,87.41562891760269,85.9482406263358,90.98114195579821,88.12741463707698,92.12551786436828,85.66395387172994,100.41271762416613,89.79016970565868,71.40385065400271,92.68155848391463,95.6459656015416,113.53612712744828,104.9071835261758,24.449827376853378
1528,834.5439161446997,2475.690796648999,0.6368216396249359,0.08536111087041091,-0.33748222919795035,49,0.0,0.021777871197722124,2.5435943634188405,-1.0136196348003987,834.5439161446997,2475.690796648999,1411.8261265262495,0.0,0.0,226.61008896219371,-1.6335614055868615,96.68340659835087,100.4656396744445,95.69285436834825,109.08130832141688,98.1435231689795,96.75257046662381,122.16783028946728,106.9064831376352,83.97391726524927,96.97162839043409,102.45913417943936,96.75476700913455,92.33325179835886,95.81971367286795,17.62009818549911
1529,1215.3621732457268,2477.252735452221,0.3445611770484032,-0.0651567392833173,-0.07784007394949474,49,0.0,0.018866415294004367,3.3326859034242555,-1.3069859612908514,1215.3621732457268,2477.252735452221,1365.200839695947,0.0,0.0,226.45135620886856,-1.6329295658636787,93.57498113659642,102.83388171771388,96.61943480570683,112.42693597580922,105.8911565032652,76.31801422040076,87.26559253211423,87.7888667498822,108.85945742552366,77.59012061798688,100.74905544606193,97.53722856269108,105.02061443913871,95.42579610083487,17.299703462220997
1530,1779.758937162974,2477.1159906973007,0.6595995814303169,0.08543656161471454,-0.22359291107772117,49,0.0,0.03254517099460492,4.017974130347505,-1.5100178405605065,1779.758937162974,2477.1159906973007,1428.6779426008757,0.0,0.0,226.21610059266922,-1.6329915588726966,96.52431067953617,88.8611174993901,103.21979493815255,78.90983901547037,114.04906958263155,91.29460438257607,112.03238331043485,128.651400555631,100.81632267036798,92.40758669007852,99.85773050290138,88.75776842812343,113.66438697572502,97.13833883329298,22.49328853656362
1531,2689.6804432005497,2479.267074249951,0.2434190414385826,-0.24316248312391744,-0.28956700724110973,49,0.0,0.009511301414953599,1.4537420882443595,-0.406218410414062,2689.6804432005497,2479.267074249951,1280.0126337399129,0.0,1.4363661868155446,225.83683000554592,-1.6320454916985527,93.17532168053353,82.75408041456701,93.7125895330781,110.26262569974993,78.72981336751387,76.75785093439103,100.91831310831981,97.70555031263001,86.89025191147869,77.51742868080515,83.7516550336999,78.98575239065458,100.17491161991755,91.42833144255957,27.24815761001428
1532,2610.0854841214127,2482.181784923972,0.3839297537990291,-0.5900008921036334,-0.14677611440534652,49,0.0,0.011128283000125007,1.6253536923966183,-0.5273697055053815,2610.0854841214127,2482.181784923972,1281.1803466647375,0.0,0.0,225.8700057308069,-1.630838321846565,84.69890182875191,80.33421728398345,94.56253557405634,84.16529589630599,89.60884443461805,96.879996668213,83.5441064606143,92.52447261912083,98.32013321631936,63.54731844423985,95.26911942274143,114.86591051613564,91.90820923797963,89.20948731107461,21.74179775058311
1533,1406.1709186209089,2485.1967013662606,0.334882695586661,-0.5877928881954333,-0.31075655108806377,49,0.0,0.008812397817594757,1.3315931128518899,-0.3109288506773387,1406.1709186209089,2485.1967013662606,1101.263590421779,0.0,0.0,226.3718220848819,-1.6296244943898721,69.10045526932903,76.27422667709087,69.50568173477234,69.73115828741726,80.72659478787554,68.57015178061903,72.29960925559485,74.21850422938635,72.24387114529367,80.88310255026971,85.24425010001977,94.46438999568542,87.31379923041858,86.94087760879813,13.74691776920856
1534,2401.5992566563737,2488.910300993269,0.47574402956076706,-0.08045420290655565,-0.45654880990601227,49,0.0,0.018678606878614716,2.542543597210853,-1.0131710213574245,2401.5992566563737,2488.910300993269,1330.727223472644,0.0,0.0,225.9569051927701,-1.6280512195501815,98.09835042925314,101.95069781969883,99.78438666118825,90.32030617492745,75.41230060382372,82.89573788439003,96.09417771214926,88.33260017815175,82.66843857199052,94.22773878624005,90.23754882866491,92.799021815508,110.31955203982713,100.55926845466601,27.02709751216492
1535,1538.9326761466166,2490.28193321655,0.5043028120538434,-0.47103326230572806,-0.41135595342756376,49,0.0,0.011305903562228546,1.1252553266057328,-0.12812769357306258,1538.9326761466166,2490.28193321655,1282.7609251830586,5.4009906277881585,0.0,226.31648346783257,-1.627507200489652,96.61686592210103,67.33716931084524,84.63398275514072,94.78906673449896,92.54021630946386,97.65532571623007,97.7974513391706,105.83976244138388,94.2316841422187,72.66660179181076,90.20278523036473,86.41985655847516,106.26668293514814,75.42005852328415,20.343415472922423
1536,1135.1881730416737,2492.9279819825906,0.639053663919481,-0.012342227307624534,-0.08154463386712554,49,0.0,0.14530370928750422,20.14127203104952,-3.2602172378653203,1135.1881730416737,2492.9279819825906,3376.5995014419123,0.0,0.0,226.48477384268,-1.6263955761141244,221.2303544882517,212.52980916528946,247.70854773108334,262.3771809565176,225.0527677566469,231.96995266812053,254.21376297681692,248.46388667567794,266.5567878902707,188.99875566130038,251.33489254993668,222.4094813740687,245.362422556615,246.7210214110966,51.66987758021991
1537,1346.6005308885176,2493.2590325123965,0.8428024091972224,-0.4113715769924052,0.154575143034825,49,0.0,0.019942302332048637,1.878248838856332,-0.6843828225716568,1346.6005308885176,2493.2590325123965,1174.6405868556822,0.0,0.0,226.39665232610318,-1.6262641849462398,78.196916517226,60.784682180132556,89.41209511729895,94.62216895507076,90.3635916842403,83.39007873421448,80.16800984143124,79.6954057387279,96.44630817917417,48.173264804748236,67.13562994261791,78.70881528214798,116.01905499123852,89.62327246112632,21.901292426287
1538,2775.274193041121,2497.125965926605,0.35766019350028205,0.14279849959622512,-0.5080911498076389,49,0.0,0.02728671505774261,4.112195785762459,-1.5351844591874602,2775.274193041121,2497.125965926605,1908.44067815676,0.0,1567.4164295749101,225.80115683623106,-1.6245965047782323,126.92162838799116,137.65698436048697,154.5441885151169,140.73022679825374,129.51515226437306,142.59978784797693,154.53186655755675,156.29531153180164,124.57637687143477,107.10149526463869,115.96047660249619,110.33451347024483,143.83533873006945,131.7786759766582,32.05865497766054
1539,1785.8740867076283,2498.4823520734967,0.7898467895819462,-0.16309594331148622,-0.13179431844694056,49,0.0,0.04793208638350289,5.347261055648737,-1.8203284676663,1785.8740867076283,2498.4823520734967,1664.1202352525045,0.0,0.0,226.21355205354035,-1.6240891907688,121.20993770984403,93.58678994460811,110.67118633029074,123.15978857822952,100.53853102686642,106.74295394563961,119.28446859350551,97.11669091218138,131.0906819179695,97.74792814732092,126.57359834069129,146.18463327842068,143.0219462565845,123.83448857620523,23.356611694147045
1540,1408.359657972441,2500.6282912097204,0.5914244111500431,-0.02992067823506755,-0.012745873925236361,49,0.0,0.11565743539363077,16.921411278637137,-3.071091453046646,1408.359657972441,2500.6282912097204,2960.7106149553865,0.0,0.0,226.37090944832244,-1.6231949788347122,183.00269651762892,171.7547058741631,203.95573099310081,228.17949289591624,196.78224844713452,218.4400635880317,230.29572711117916,241.3496738756727,217.51057252022105,186.67841918654585,197.65175205518466,212.64470336093967,199.97225689962113,237.07047981995936,35.422091810087316
1541,1724.3160223720777,2501.6273393774245,0.433336270986827,-0.03153446054097524,-0.27263989773702607,49,0.0,0.013894512656291522,2.010386821981726,-0.7581990720201723,1724.3160223720777,2501.6273393774245,1204.1224326226425,0.0,0.0,226.23921101595823,-1.6227796535607044,73.99346870644266,73.84313022974067,79.76528898129331,79.08293148237773,90.3995080215748,81.5473705169869,101.41825779144756,81.15674535672626,83.33395953910969,85.43166178642176,81.52978736896567,94.70660846739125,92.1959762858877,89.61275789595784,16.104980192318692
1542,459.29020873788954,2502.236693818985,0.9212580439237402,-0.1014658741393638,-0.16165967969753042,49,0.0,0.017533404486540026,1.9461433567191178,-0.7229370702251536,459.29020873788954,2502.236693818985,1021.0553586564761,0.0,184.29138545961422,226.7664942506902,-1.6224705391552199,102.11486001310718,31.157331584149198,45.24025333737838,297.28628426137607,39.02155374210332,28.097934601703486,60.358318404656515,47.78986131464272,55.98963181942375,36.26960060538385,58.971080324649876,91.27492381557983,47.63860859718164,49.366848634113644,30.478267601026673
1543,1338.7349251734615,2502.0584164942056,0.5520780127542948,-0.9592046379240722,-0.4519547775891926,49,0.0,0.009539776985147843,1.0513396393347485,-0.05435759801676711,1338.7349251734615,2502.0584164942056,1066.9487519936883,0.0,0.0,226.3999306582487,-1.622597763208489,71.33774231127899,72.1372559976125,81.70413977835375,64.74146253548109,88.96566631747527,74.96106224782882,71.97924669260199,69.82506208650457,63.0735502401853,57.72840701195442,76.04068539789813,83.97419945771591,96.28803178406204,82.23513459535735,11.957105539378212
1544,1616.1252151308026,2501.6766258433136,0.5600270671084617,-0.02986151187985006,0.053546389431568746,49,0.0,0.06859660508961035,9.857742107811927,-2.4844436305552726,1616.1252151308026,2501.6766258433136,2233.9728057946495,0.0,0.0,226.28430762389974,-1.6227597659168236,146.4192649302367,181.7022573377544,154.3997494964155,165.07117378820791,168.59766367958235,168.1651528283801,177.69153429849993,145.2788757699034,141.64804143840541,123.56055401380075,156.04382979232878,163.57509292897458,157.36416535206484,155.56048319100296,28.894966949091785
1545,1672.278563022923,2503.1067712615,0.9003418895869088,-0.12704926826370092,0.24594144628095846,49,0.0,0.013133989570893803,1.13141548415167,-0.13405529511388214,1672.278563022923,2503.1067712615,1092.7255256409094,0.0,0.0,226.2609015244395,-1.6221636870572145,72.05116390334865,70.44863897650123,85.31470448022225,88.16827613825859,79.74348262944524,62.73134474609095,97.98466414851956,74.00172352634465,82.97547510102493,56.14682569890444,65.45682646453925,87.90470551154016,81.56881519587446,76.96348004264996,11.265399077645107
1546,462.5994402682893,2503.9633737526274,0.43475515041442997,0.06792339909628044,-0.3842225998334881,49,0.0,0.0082110020788493,1.468875247410695,-0.41746228106546684,462.5994402682893,2503.9633737526274,1100.6299563620241,0.0,239.1833280638444,226.7651147678807,-1.6217514684598937,103.96419371458717,35.406713784465964,49.83128545170288,321.1566220465089,48.20257659628645,39.11655704827531,75.03713492864823,64.8249675370817,60.916518725920156,45.8060445504347,54.57240814193489,62.1285279758173,59.480812201284266,56.67966352647137,23.50593013260481
1547,493.9800132377056,2503.505731361483,0.7293952748368948,-0.2985149388579793,0.6980156495237209,49,0.0,0.010175445484479248,1.1602283358959147,-0.1613586697505108,493.9800132377056,2503.505731361483,1220.2739481238602,0.0,614.7246969473139,226.75203549697517,-1.621945159171804,81.87049067588845,102.69640500821242,82.39532568259244,140.3588408184301,143.05898112056673,71.17851095959251,78.32409272757627,53.94015093538337,107.49027661450474,43.69261770865795,61.4001367456594,62.19015080415293,85.550847073285,86.15714191727935,19.969979332078584
1548,663.2640889621434,2505.1648252595755,0.41528445965940575,0.057168635042045036,-0.5583289478239789,49,0.0,0.010605518917973693,1.1801771989755159,-0.17986804953568472,663.2640889621434,2505.1648252595755,1317.5884220889584,0.0,0.0,226.68147745760524,-1.6212687568328659,105.6967832081054,74.69183035628035,91.20916359667837,104.36819481989805,103.61785034082905,86.88183527004239,93.24821283415314,83.58441490471587,108.83219113534328,90.42725716721674,69.16420409790766,78.09596018816508,96.76392958489197,115.75616781931879,15.250426765412051
1549,1114.9716031889652,2505.5798441750135,0.3409309588550903,0.19221704296619424,-0.013152395349032385,49,0.0,0.0188116118485282,3.2196419325627317,-1.2695189375011828,1114.9716031889652,2505.5798441750135,1407.7200396907174,0.0,0.0,226.4931998805372,-1.621123398082845,78.59675304118608,91.04035149813913,104.91300840086808,106.3631212401919,108.7464176428402,94.12288782637614,116.36678900781371,111.49741489014075,99.01642797265558,87.59146300662593,88.49596339846201,96.86931329947721,116.07014444056617,94.41879966366182,13.61118436171272
1550,1809.902239439675,2506.1543379149084,0.4824214751367436,0.024694921342039232,-0.22125056559844003,49,0.0,0.030552173367809996,4.581213598502574,-1.6524513529331184,1809.902239439675,2506.1543379149084,1582.1915193012496,0.0,0.0,226.20353670387377,-1.6208922637398568,116.93119624147334,81.95100121037133,114.38160173892075,129.81795601570337,112.8474647290792,99.54397529802709,127.92340816207573,116.47558904416235,109.1547277255008,83.13532655887357,100.64283763146317,121.32684058993397,125.31868277360114,119.81385742173002,22.927054160334002
1551,1372.8076125818263,2506.674734417716,0.8080807905979995,-0.10851021215900795,-0.12506373395803919,49,0.0,0.028702492925706945,3.0320276686169367,-1.2043329002767136,1372.8076125818263,2506.674734417716,1493.7648702314764,0.0,0.0,226.38572824942756,-1.6206750988473506,94.15025285330742,83.77566057306859,126.38591968580963,106.12777142689092,109.088801589672,89.44643615460322,101.33840848914993,120.06928157280099,119.03686209397918,90.76632726516034,100.84396447593444,96.28627560179598,107.69790669253376,127.32620669667756,21.424795060092443
1552,646.6365273394193,2509.269767897895,0.5492811045080692,-0.046956238107508444,-0.027243459234234952,49,0.0,0.014773589971234744,1.3809924152403406,-0.35047823332508576,646.6365273394193,2509.269767897895,1518.2858497648804,0.0,0.0,226.6884074910615,-1.6195571313534591,105.2530313476133,100.20444111645952,125.07379845035021,97.35153188061852,115.2483122248062,115.08161972555281,103.80539008309515,114.15112814124666,105.67735875553686,72.03560099593926,103.90052467493123,103.67084301771874,125.60927295828634,119.81340822030432,11.40958817242118
1553,2183.4935887535876,2509.298919596206,0.7405656787494368,0.07827219935139944,-0.17400083385930784,49,0.0,0.028899689151580376,3.288421381346586,-1.2924686583226885,2183.4935887535876,2509.298919596206,1423.3615449785477,0.0,0.0,226.04781629140393,-1.6195693994679814,92.10014794270528,91.11683429869854,107.98821609805051,103.74208506767029,96.2837801898148,103.21194234800078,100.4717812676351,89.89706443734568,107.80411687212016,80.69827061166376,93.07909869177888,117.59786998996105,124.69573699822604,95.61607809503144,19.05852206984544
1554,1759.7116036699952,2509.9490245046077,0.5364556466442963,0.016035912418786685,-0.13809987706362012,49,0.0,0.7478289704602783,114.13366561932246,-5.143534414204318,1759.7116036699952,2509.9490245046077,16627.91630969035,0.0,0.0,226.22445741233471,-1.6193120073920035,1126.1869884451437,1118.5650602633268,1216.4909998840646,1131.4896630758403,1193.8389533638256,1134.8547586132654,1226.5202987347943,1147.4627500136205,1261.6272805547842,1024.8736000205324,1136.8432475504683,1190.3293430227914,1204.0807326923484,1261.3126977319423,253.43993572360432
1555,509.6504350117939,2512.0036314463805,0.9687970184086571,0.6964763707793282,-0.0010821304081093577,49,0.0,0.014214532466345069,1.2403806656004694,-0.23388747016187295,509.6504350117939,2512.0036314463805,1452.4235830677605,0.0,729.3678423993681,226.7455031153624,-1.618406110162487,200.1950229070946,102.05308114891723,125.11022031993632,76.94897266560454,178.50960778317892,89.79154150709427,72.39583713689429,87.35424427792181,70.01960990841673,76.69954715099996,95.59535369417394,89.52918862124456,88.62383506398065,80.59953543729145,18.997985445011324
1556,1279.6896933587796,2512.4708538695295,0.5976671429633941,-0.12599378241500794,-0.04517157073524353,49,0.0,0.07405835862672043,10.445100683990729,-2.5472815766335284,1279.6896933587796,2512.4708538695295,2267.29385496782,0.0,0.0,226.42454171396798,-1.6182579719009915,146.33730966377288,143.2562958410842,162.59804188871692,176.12105052022292,157.33534197226288,147.5985649904844,195.3138788421213,146.0515626231501,176.14555542614835,132.13728200569756,151.7841054654444,170.0114383490119,170.41246724830017,157.50350828624698,34.687451845155394
1557,898.3095503364896,2512.5933448880423,0.6759508003215221,-0.228821184931851,-0.09516869812137181,49,0.0,0.035223551044836786,4.169249132546674,-1.5501446176775677,898.3095503364896,2512.5933448880423,1569.8387176692418,0.0,0.0,226.58350770224652,-1.6181902386224138,112.76164957592503,92.49587250721765,105.5145642840378,107.28752822582811,119.90189339518679,119.87298431385295,122.5232292810324,119.15968239552512,115.80856385420475,84.87185085862018,101.13960738897669,116.940180517857,126.45552215981039,110.39590056956426,14.709688341602703
1558,2406.8283610719614,2514.949202376848,0.3861989479693738,0.08876031445903522,-0.2645740750366512,49,0.0,0.023859494531515875,3.6564710312482,-1.407655342582745,2406.8283610719614,2514.949202376848,1593.2737573626687,0.0,0.0,225.9547278593025,-1.6172019683601457,119.95472499705926,98.43550871551693,110.99512047067493,112.98029809626613,103.94242989256915,111.4357205524958,128.78095205874706,106.05534092087777,127.02509090858021,80.31179307303576,129.90603785615826,105.02297669090854,109.15184987185052,126.40682847136945,22.869084786559085
1559,693.2938868230246,2516.969710804727,0.641044287666642,0.7430202367880088,-0.5236349624711891,49,0.0,0.013025853187826508,1.3123314318640837,-0.2951088270276988,693.2938868230246,2516.969710804727,1252.973029050041,0.0,0.0,226.66895973264894,-1.616352752291506,96.32585608789391,76.36608070087425,95.85714223524865,100.03492022627185,67.29112923136879,77.21558641747309,103.8042960593582,97.31178187740122,102.19566038558526,76.51103557021867,75.85412708144574,90.59877947903453,93.28696078487266,89.87374648374941,10.44592642924491
1560,2672.7287779856183,2516.6414721862634,0.7888859767329164,0.3408228280029419,0.13034570988716235,49,0.0,0.013039943210159869,1.2413617037776539,-0.23474585799120057,2672.7287779856183,2516.6414721862634,1283.0878406773304,0.0,88.33290905654675,225.84389972193944,-1.616475544636923,88.11216637397061,76.0657287156044,87.14238974107819,81.47729697192196,81.4911667074474,79.36565680470002,106.30627678405983,99.53066311341803,77.17834165728948,69.18184918596103,117.57537857463257,93.70698196568031,95.67127501881356,116.18965021011209,14.093018852640824
1561,522.2168236813147,2518.3995817757113,0.6431801549255712,0.4248672997483563,0.133632069276994,49,0.0,0.01165736036534995,1.4000823801404343,-0.3653839752452933,522.2168236813147,2518.3995817757113,1262.568842715913,0.0,789.6905135970537,226.740264742419,-1.615742497483076,93.93266519358232,109.0953104431181,103.68200536706819,70.40689517742238,109.89791460689779,126.11956113029429,81.28079201816226,77.63782984521116,89.39067050815902,66.77240556605298,76.61716817449383,81.02975910616635,62.54878696384887,91.25901653742679,22.898062078008707
1562,514.2007463141174,2518.710020763392,0.3538043549722147,-0.9247881860196622,0.30192408290593276,49,0.0,0.006977439701212328,1.0223684541992253,-0.024018601501371327,514.2007463141174,2518.710020763392,1231.4976517132227,0.0,668.142127197216,226.74360578602307,-1.6156124162649323,188.08547483636295,76.91146382619452,93.94471852866135,57.96137331665178,78.64731205944743,106.6641778290833,70.1968120869791,65.90393306537854,62.88791354138709,113.22733762073386,86.9166438120738,67.56069166912361,47.08733085973138,92.45468127524924,23.04778738616482
1563,2285.4990514811284,2519.7162389340997,0.2917467018704839,-0.1332644861405534,0.17814852152013141,49,0.0,0.00844668662165849,1.071452059448425,-0.07493185985668405,2285.4990514811284,2519.7162389340997,1166.6605942346632,0.0,0.0,226.00529961885704,-1.6152235551770011,70.36488542962164,90.78534044007804,86.36304584171113,94.06056574764645,78.31978918276047,84.42141660712662,89.68676925525773,94.09968975445122,71.30569601223795,71.94280122369275,78.99093343900628,82.04936023653875,69.702838980329,77.67217204683507,26.895290037370327
1564,1050.8876674965409,2520.5560198769313,0.5420972806065146,-0.07525995675222873,-0.22992898079959173,49,0.0,0.02968352647464212,4.1326561904613275,-1.5405731909224596,1050.8876674965409,2520.5560198769313,1484.4513485373677,0.0,0.0,226.5199103839872,-1.614880805404457,83.92166290632035,84.7833109682116,101.3981324744416,121.02459279915135,103.68434101537187,111.39405560977127,108.55424295583205,91.35941872580884,133.353784654364,78.57178947568022,98.51116701651762,127.84880480257537,114.26785539974247,106.86851145765695,18.909678275922097
1565,1233.1513487662037,2530.605435527104,0.7596937108379698,-0.5349287177988915,-0.7353699253749404,49,0.0,0.012703501712443277,1.1323934423846669,-0.13499336432450446,1233.1513487662037,2530.605435527104,1175.1371486736368,0.0,0.0,226.44393917507324,-1.6107008914824221,71.77292454948247,75.50642300759102,86.9983039902302,89.55527899087636,89.23513236362916,84.23771969870438,82.6484034536908,84.62272359842247,86.90295099807263,62.495597401168936,91.24803651735978,87.5934188510882,84.5674105772857,83.22337540279815,14.529449273236729
1566,1508.0276416948443,2530.721246876016,0.8347258679708915,-0.0835543230397339,-0.0728038123770664,49,0.0,0.02976198585815329,3.1191756992725566,-1.2350995967801761,1508.0276416948443,2530.721246876016,1306.1004994653463,30.058096556905454,0.0,226.32936509312663,-1.6106580233671752,80.78442315919506,85.88892949709813,84.9423640251741,96.31507690553059,82.50207602625241,94.50565502970025,87.63741520183977,94.00909878870058,92.80332538345965,69.39845568317268,90.52667179133866,111.05625968013223,116.8163128669448,103.67892741115733,15.235508015650037
1567,1383.8414833117283,2533.08479921295,0.7152774308004408,-0.22711345523569218,-0.0860052336286225,49,0.0,0.05499848303414591,6.634512697592598,-2.0545225740227884,1383.8414833117283,2533.08479921295,1916.5775692669786,0.0,0.0,226.38112847032318,-1.609671620931085,136.8383403475541,125.4702134294383,120.84501726508228,130.28665224155554,144.90767801766046,119.40717768107982,163.21140372570807,146.12613049353038,123.8927038696123,110.6343019356668,140.8678124140231,151.98504106222262,146.10929587240727,133.9979737100126,21.997827201424847
1568,1415.1012591299918,2536.1450752099,0.8475577050547091,0.36722838597606244,0.2367608453582329,49,0.0,0.023050301816017988,2.2033287630817346,-0.8576982598304792,1415.1012591299918,2536.1450752099,1284.470825912571,0.0,0.0,226.36809868948131,-1.6083971009964426,89.66163856767463,85.13836965202127,83.09042574089466,94.59053272382414,104.44611243338142,91.67848721156558,82.45669737793207,104.67789564716787,88.49093358804663,69.82322600820184,68.70382844255855,95.6371141297739,99.77275696145139,107.09031803036164,19.212489397715522
1569,2030.3940650181466,2537.1867459919936,0.3510270265866984,-0.06980833052067567,-0.29292597586759417,49,0.0,0.030961531770416377,5.650666401007926,-1.880249171413213,2030.3940650181466,2537.1867459919936,1689.4384085754978,0.0,0.0,226.1116322547851,-1.607956694353477,113.26950891766235,113.7755407086643,95.38298137900325,124.13918557138595,116.36644377947444,110.05717105598069,152.60909688488886,99.48045876360834,126.65303198147518,114.29924526690301,114.02224998666694,121.98271495780622,138.15215542676142,127.32822072265172,21.9204031725652
1570,872.9317510837485,2541.170236459497,0.7750957996283409,-0.22636279077179267,-0.86569670132352,49,0.0,0.012418125964582607,1.1499171501892413,-0.15166637803228036,872.9317510837485,2541.170236459497,1165.0064707044876,0.0,0.0,226.5940832868464,-1.6062823548694682,76.69709410554628,84.43320376278194,89.89105145041208,80.75767522197481,85.9077038086394,82.07640538152822,91.64038973040687,89.05863394991782,91.21187557124114,61.097698773463044,72.90769804113916,89.95191358315255,72.73391648384624,79.32060244151924,17.320608398918928
1571,649.3949898635151,2543.2780499763403,0.5404046863512425,0.09717635061759462,-0.31155212388027204,49,0.0,0.050020100902045596,6.376799400631488,-2.0115068882541314,649.3949898635151,2543.2780499763403,2460.2333620281665,0.0,191.74103851988127,226.68725433277524,-1.605388220508702,162.03354445875584,167.72160232056046,175.15308956817609,188.43870728557283,164.79355609064373,176.429403841994,187.8126505977718,198.89469393105037,180.1645045772584,132.3640347865797,169.20932056667016,160.95493307846542,192.14360325024182,182.102956785425,22.016760889000736
1572,1338.1178758477843,2545.4031250566927,0.9978059531963464,-0.5850738523522813,-0.003664405892887604,49,0.0,0.022984772020353848,1.9392657972406908,-0.7190933447233506,1338.1178758477843,2545.4031250566927,1246.051994323039,0.0,0.0,226.40018665630157,-1.6045383012196615,100.40408272887368,84.23677515919161,67.11984508249857,75.1420111912445,99.3120307050444,92.9682017750614,91.73823007742178,100.99039524820449,79.70953756915962,75.57099435847408,75.72472106793555,115.43468648484445,90.71817367970492,76.69077972492077,20.291529470459043
1573,1602.0003251871503,2545.0513429996367,0.6297649416151625,-0.10025107674371388,-0.11192328168495415,49,0.0,0.05976836792559458,8.225943773021493,-2.2879643416011515,1602.0003251871503,2545.0513429996367,1951.0602946251918,0.0,0.0,226.29019523643635,-1.604687791614204,135.43126331854444,112.29508549464401,146.47976649290666,128.71808620290346,134.26504119797073,129.42178488875567,149.65830551903332,150.4089847385464,138.82194787835698,123.38373606203116,146.03421422251495,139.95540061808225,147.90483022775726,143.5332180422203,24.748629720924153
1574,2667.670391370816,2545.245331631813,0.5035775323602971,-0.20130782612867873,-0.4001751934944281,49,0.0,1.4340261908830794,201.94068426763164,-5.763059558787562,2667.670391370816,2545.245331631813,44408.11988658338,0.0,14214.839876486709,225.8460112750631,-1.6045586374713898,3065.249867995012,2925.092424971531,3187.616225062272,3189.6234444732686,3222.0327496106474,3066.7050540905784,3329.534466618079,3306.6017951753834,3228.169480597618,2685.4665428643293,3062.985423331336,3159.303278236197,3221.794608184073,3166.3178922714274,591.6266331016329
1575,2648.2150562023076,2547.6843297403493,0.5046998550841624,-0.2656348695202856,-0.4111118089850807,49,0.0,3.582287254241253,487.1149864917553,-6.719078728007392,2648.2150562023076,2547.6843297403493,116535.00826609923,0.0,12088.686904796936,225.8541204436458,-1.603544211905768,8091.714882731354,7552.307338434135,8270.236673876516,8522.36533935173,8139.626043741113,8135.270823991166,8958.249977153464,8768.610917974338,8687.275812852435,6757.6677498219615,8062.105941557711,8362.2036538293,8575.810023379487,8146.252202844565,1505.3108845599722
1576,1100.9869935301667,2550.023230912656,0.5277582551756927,-0.014602503996478396,-0.11662438743386612,49,0.0,0.5436663683092646,84.87724734294895,-4.821978216254397,1100.9869935301667,2550.023230912656,12488.030790498815,0.0,0.0,226.49902658601357,-1.602605694190495,850.8877808411894,791.8459537508603,950.9672512622699,905.5845609707509,891.5036927066503,867.168493083696,986.1356360535378,923.6917813344559,873.3068547459666,755.0931704316429,805.0079346282596,881.7965224913974,957.3500853113651,914.795908067146,132.89516481962607
1577,2559.1987862604888,2550.8283409996347,0.8001274846963837,0.1317065027372069,-0.12864385664982247,49,0.0,0.01882278602913698,1.7684515933509877,-0.6189829416488066,2559.1987862604888,2550.8283409996347,1341.6710656702853,0.0,0.0,225.89122254865958,-1.602241875765453,96.13184590241093,99.17629179042868,99.21873351964008,89.97587732086424,90.49702009990315,88.93137101337608,101.85920260600939,87.24001967433784,94.85370268806548,87.30500341882424,106.38716434854015,99.87902681497619,95.08619522602817,90.63318253735238,14.496428709528155
1578,1598.6543794923903,2551.705169291693,0.8642339561423007,0.5351386859384042,-0.25644264900999525,49,0.0,0.01285082228245016,1.1817986433438816,-0.18135871772943513,1598.6543794923903,2551.705169291693,1788.9824500864754,0.0,0.0,226.29158989323562,-1.6019154956719202,122.09084306707854,102.52790167149159,133.303927556034,136.64929550024402,137.45472904769548,109.30219616312677,137.12714287262486,138.2355885086081,124.40557975677044,107.84407257825436,130.54797301177058,129.98048818999436,125.217404979576,131.62231338091914,22.672993802287074
1579,793.6376873381026,2554.9536979185414,0.5513419051894173,0.07152672698814917,-0.2468328105055897,49,0.0,0.11533929642008973,15.47949914403634,-2.9743922612644322,793.6376873381026,2554.9536979185414,4068.795975694309,0.0,0.0,226.6271324886854,-1.60053444877738,292.9087646349793,252.5943910497315,312.2478961554342,269.97221019930225,275.42649330196025,292.89409716894863,316.22137145906095,332.0616720348927,307.6828227088959,206.428553412432,295.870616695149,269.05787273841315,305.0642696672247,277.96750443421666,62.397440033667905
1580,2088.4411918634914,2560.207913752274,0.5708999796013314,0.06652602960958598,-0.19733957473221106,49,0.0,1.4496962957127069,211.9357474297301,-5.815510539512932,2088.4411918634914,2560.207913752274,30997.637667850853,0.0,0.0,226.08743844325045,-1.5983627919146637,2222.0113748320587,1940.1672616345882,2199.789557205822,2148.2228505007865,2261.6843470838458,2180.600616314526,2349.716779298506,2333.182181309807,2258.681052791927,1839.227186760003,2088.7239688711347,2263.3248629210802,2272.0720455622954,2222.3221601108417,417.9114226536301
1581,1842.9324753116339,2561.557356460632,0.6064370482976938,-0.0680354605049387,-0.12450947979395609,49,0.0,0.06382201431818096,8.753942719575328,-2.3555092513250937,1842.9324753116339,2561.557356460632,2117.268981473261,0.0,0.0,226.18977035252874,-1.5978081325862967,144.52100536685384,135.36335710219433,157.24910469214925,148.77715828170176,155.42340628958857,143.72608587368933,177.27659893861338,162.95195316403334,160.34193180858432,105.53309241030074,144.916958227603,154.1380927061203,148.88567148558172,151.71854058297305,26.446024543274078
1582,1233.4765100314835,2563.1572249889873,0.7935948100341357,-0.2830763680384645,-0.20087298986854582,49,0.0,0.012594531096654779,1.193885773506112,-0.19240694280193243,1233.4765100314835,2563.1572249889873,1165.7962979682425,0.0,0.0,226.4438023785086,-1.5971383468756442,85.14910272781906,64.79256776239782,107.96066126904084,71.28600679922545,82.5318170492335,74.62452766378894,90.64822461471968,84.22938402088475,92.68211676827933,65.96993673963908,73.29477415364013,82.43178844363216,89.99340259818521,81.93455205295551,18.26743530480106
1583,507.12728700310925,2563.5242853386767,0.7671265416537709,-0.18014133232664425,0.7822148116360083,49,0.0,0.015834881517797994,1.9726586766817624,-0.7376298676448796,507.12728700310925,2563.5242853386767,1425.6981571577717,0.0,204.03165605542517,226.74654880135762,-1.5969406119533924,0.0,0.0,86.97565941235894,62.00031373857949,173.48102279318783,46.852356472306695,58.88251294625633,148.35125868275944,29.773386649007378,590.1854499874872,42.23371891397128,74.06381202768183,33.669467641488,60.32625064367906,18.902947249008
1584,1199.2810426042797,2565.2151347101794,0.3375521004832421,0.053827074078708126,0.3523396669291674,49,0.0,0.012603793222816998,1.528407045602365,-0.4605975775448148,1199.2810426042797,2565.2151347101794,1331.1631544254185,0.0,0.0,226.45805547946043,-1.5962798205727908,88.3503919398733,70.96460117465499,84.54259240814243,98.39979343081265,105.13241374199116,99.167902962055,95.34498927315654,112.9545005338338,99.81230002547653,68.43346003109389,93.41732606174106,98.98813132695071,104.03744218221165,90.49194308524302,21.125366248181823
1585,2324.8696991341735,2567.600698734851,0.38656341879211975,0.30412232544920104,-0.10565050019954125,49,0.0,0.014350651435819324,2.0077581423590103,-0.7567784896023748,2324.8696991341735,2567.600698734851,1345.6195715867102,0.0,0.0,225.9888931268886,-1.5952705424417277,90.8752963267509,93.59758034035087,109.58557051006255,92.52078762458143,85.66433420351242,87.8082349438082,90.68574786460083,97.0887575182604,117.09133574983233,97.98746136862349,82.44838593054334,70.6362737256094,99.98127722999558,108.78641895383028,20.862109296348294
1586,2168.40890863336,2571.2016140266874,0.32181205989708844,-0.0006291405316122909,-0.17160599134452942,49,0.0,0.02411379552076727,4.353220984981608,-1.597026785124199,2168.40890863336,2571.2016140266874,1541.40047658764,0.0,0.0,226.0541075561842,-1.593778778982356,97.80227892462318,112.76046223931606,109.33653146207452,116.5017928106037,97.91959688338035,103.86567385652518,145.80029182637557,105.97425391939433,117.53777821662113,93.96561770449506,102.20118618627563,96.4574090024587,108.97409317795405,112.88461777220897,19.418892605333376
1587,983.0437047338298,2578.8090339685523,0.5695325207714927,0.08239971449360715,0.19143921437391365,49,0.0,0.013306475127896594,1.4976632170885134,-0.4385354089025001,983.0437047338298,2578.8090339685523,1245.9796980892424,0.0,0.0,226.548184987601,-1.5906067362219196,86.72204408238021,72.25535238627569,71.3296491160337,97.61836173661874,90.51007704898231,88.03977269082,83.48097178524314,91.12417407268023,91.77086835415936,78.30926562937012,78.3910921336555,92.66149846149767,107.96656300816969,100.10208600054071,15.697921582815411
1588,969.5690098468395,2579.7814242798945,0.4292159635287275,-0.12416741752896644,-0.15204223200311723,49,0.0,0.03267974084333762,4.91551176432042,-1.728921849596479,969.5690098468395,2579.7814242798945,1796.2451406323294,0.0,0.0,226.55380128523063,-1.5902008907458227,127.71015815145863,120.50839656035104,127.10620642188192,126.71877614680271,130.45784693042452,128.00266554555708,126.68746467954541,140.31861152969213,137.14084094942598,109.71883704095043,130.43636908885964,124.33475719644575,117.2824280998322,118.69828634455183,31.123495946550086
1589,909.2847926566301,2580.59746714298,0.3187951630993022,0.16969188422249418,-0.2839208450206957,49,0.0,0.016369018127067578,2.6062099919327997,-1.0400235137287013,909.2847926566301,2580.59746714298,1382.323741930689,0.0,0.0,226.5789281083444,-1.58985754234908,104.10637025819588,87.5972361904106,86.9627254790046,107.93086824119214,98.38897003579098,103.46952806714704,118.93110639398375,101.40066020227248,89.09685060873463,80.2839591239178,89.14162992934587,111.52212632628328,91.0360146122054,96.91259195864352,15.54310450356106
1590,1654.0813886312903,2582.9573305753406,0.5768095900302861,-0.12806791539283782,-0.1324403603584615,49,0.0,0.053660889216813674,7.8129292112004025,-2.2320347235397415,1654.0813886312903,2582.9573305753406,1806.3234268956144,0.0,0.0,226.26848700767871,-1.58889428505391,103.02931658139406,114.91404209646853,123.20142549948646,124.1543944928357,128.02320541932687,124.7673119539282,142.18022593264863,147.1886112086187,153.40605526901302,101.9980287103314,136.62589459901864,108.46249829163342,144.54971312129175,130.6672598566397,23.155443862979205
1591,2441.8474840963368,2585.5372736265745,0.9513888470251892,0.11664140621759707,-0.0028830115454289004,49,0.0,0.02735370276770641,1.9597922316748835,-0.7305250796412261,2441.8474840963368,2585.5372736265745,1785.0898020003747,0.0,0.0,225.94013786993457,-1.5877897588247398,131.25277426931962,119.03676694310182,116.69522831065653,133.6123306830766,139.62085961559518,126.88633967678891,127.4251916067315,145.06730038721122,134.56382101558884,88.88703993088728,109.25912938131927,126.35143048676406,132.77328755234302,133.39561900442186,20.262683136569194
1592,1398.3917756100727,2585.487613192011,0.5430377311182503,0.00366039768127049,-0.0992643345996329,49,0.0,0.053903706439191734,7.909472980760481,-2.2453688670334584,1398.3917756100727,2585.487613192011,2008.9478075815823,0.0,0.0,226.37506248893018,-1.5878384598301116,130.7642707521137,126.48028651124628,142.9481108634477,121.93005807299215,161.45083296535873,142.75409224093488,140.8436422803021,159.86675820392253,150.6620602512154,112.18801129279686,151.0011045726309,134.2791732615022,175.3657254731741,127.99836441619894,30.415316423746006
1593,568.8929081459008,2586.109527819593,0.6444274347070444,0.7222280533793342,-0.38404966585079314,49,0.0,0.01142233551896659,1.3309969172492684,-0.3104426239925063,568.8929081459008,2586.109527819593,1547.7840990626069,0.0,768.4568391353105,226.7208028322324,-1.5875363749527156,157.98162116158932,158.2370932409254,83.26756618587909,65.08850426144052,110.18567677747997,116.1707106417971,117.2781325473336,124.97987667282585,77.95650904482436,133.34077586399596,137.52397324171469,63.722109305523794,83.2734698656414,105.23173179767814,13.546348453957629
1594,2387.153755292682,2589.2411320798096,0.44983129862351157,0.16821643036627043,-0.31790757649964135,49,0.0,0.023725668750064766,3.3851094078647033,-1.3239317744761392,2387.153755292682,2589.2411320798096,1501.2181662746348,0.0,0.0,225.96293460077402,-1.5862503282880458,107.50228083481062,85.57812947384255,119.7671245340015,108.73681797002749,94.92497992839954,109.80301719424358,120.23294217467954,112.55755033017272,104.31514717710056,89.25661980992618,89.71299379036614,113.87745478940141,117.42039351739945,112.0816633692914,15.451051380972082
1595,540.5553416330997,2591.2089036619486,0.8112494303551714,0.9757373605247058,0.2296181131637739,49,0.0,0.011685161740630721,1.473692797885468,-0.4210174026881838,540.5553416330997,2591.2089036619486,992.2415301167522,0.0,284.74949847303714,226.73261312717779,-1.5854093195180745,51.46111393236111,34.62765477283567,48.34883764052855,74.19143037525012,39.68568144917343,49.805076922156296,56.74997706740638,26.297968582312784,311.316370672669,21.514700386594235,33.777136330756704,68.50917642897569,83.63129141869703,78.34273901528977,13.982375121745378
1596,1202.3895744768183,2591.603999194698,0.6154512124161421,-0.29555055717070017,-0.45296571868238916,49,0.0,0.014077587068597281,1.4330019215464223,-0.39061693188388524,1202.3895744768183,2591.603999194698,1259.045975094149,0.0,0.0,226.45675868706877,-1.5852851674893522,76.80475027224784,91.44136441598204,104.0662517896267,75.31784621369567,88.54218665472749,96.3797614977386,87.68442391054049,115.1431652602997,86.44135906704648,69.3612062564408,76.10354351501843,84.17279477950456,100.8270095906907,91.46861708332824,15.291694787261587
1597,2767.346012023602,2593.9810718963663,0.343061002508405,-0.10357831088147164,-0.06416410572640582,49,0.0,0.005962174806282517,1.0032555671414582,-0.0035289458641976157,2767.346012023602,2593.9810718963663,814.5749123396279,0.0,619.3827243913922,225.80447321210255,-1.5842443703836975,57.29281589865499,47.19363990867218,60.91700707134001,60.75569023572278,52.52707510924665,49.31107228004706,59.33408749757734,69.00100565237781,59.00630471879653,52.786027641420866,56.19360659018193,65.18906757589356,67.59659291026946,38.69741667092207,18.773502578504687
1598,732.8219585067769,2594.9947240009897,0.3605836195775504,-0.24252628097212398,-0.23323546884962643,49,0.0,0.024369763844023194,3.2825408422100115,-1.290525345994492,732.8219585067769,2594.9947240009897,1958.5792698340815,0.0,0.0,226.65247704139998,-1.5838475475516314,155.4942706730861,138.3271498063536,151.31101566883055,143.35983255367282,140.27987186977577,107.37343405714614,152.53811966536247,150.48524622089502,127.6783046967758,131.00544903876482,112.57289841340223,149.07833816557894,128.91030349491348,145.78589113565113,24.37914437387274
1599,1604.824145886157,2599.129880433514,0.5975815028028986,-0.03392343400731979,-0.1502220068175463,49,0.0,0.19721043765023166,29.18279275044111,-3.6628171272271004,1604.824145886157,2599.129880433514,4338.282469271242,0.0,0.0,226.28901823536273,-1.5821561921272091,306.5531791806522,278.72252470811367,307.55865233026833,279.2233921052606,315.66367367861505,310.9121488502809,333.52889601112776,319.7452981730926,354.3496607244442,265.24290141458494,287.84096830940666,290.6866588689787,305.14259877387207,331.7692377955003,51.34267834704309
1600,1198.568938832909,2600.9078476062605,0.5543450179821364,0.0520889288964464,0.10456310629873551,49,0.0,0.015633408271233253,2.0866765850027025,-0.7986378569318376,1198.568938832909,2600.9078476062605,1396.890695426107,0.0,0.0,226.45835077790542,-1.5814086556731948,94.32211182611081,98.19672264607871,110.94504664542491,82.95729100297345,98.70629198252429,94.11680805928592,101.12366509841499,126.31783975543243,105.17455552237391,72.53787025422436,90.36348422393775,100.1688529720095,108.4956667034131,97.16074671568916,16.30374201821365
1601,647.9734839800831,2602.9106955153143,0.5846876104246317,-0.3538254308946333,-0.22222464901063776,49,0.0,0.015177105446110903,1.6586224566255094,-0.5493688528486597,647.9734839800831,2602.9106955153143,1405.6323527122674,0.0,1018.5468275305464,226.68784081167416,-1.580543010024426,85.94320075340923,90.86051081583346,102.83147592248852,115.60118041442797,108.36557029216682,95.12148507811268,112.77266339639306,97.67876428564117,103.12950320200274,87.58245519418071,76.94838536377118,100.47484727401887,103.37315127106685,108.63424686169581,16.314912587058334
1602,2525.371697066614,2604.3640835650885,0.4989841591608552,-0.39045981706357136,-0.3276777931829174,49,0.0,0.023959716102487125,2.897387661211744,-1.1550165157636758,2525.371697066614,2604.3640835650885,1638.6468892190444,0.0,0.0,225.90532691859528,-1.5799396478232122,112.51313810861568,108.7977596515793,115.83869683686513,128.1189706795946,84.20749464322775,127.37663737613184,128.5892670160311,136.19172156514355,114.88051897612462,100.93151640901328,108.92827840527055,130.84980546364096,101.24628285711627,117.95136344742787,22.225437783261818
1603,827.580027339319,2606.887858741312,0.6300032242651531,-0.6384428670076532,-0.4656023600622886,49,0.0,0.011952810014743565,1.047940922089271,-0.05084199971603977,827.580027339319,2606.887858741312,1346.402390809922,0.0,0.0,226.61298089097403,-1.578898927289834,97.51017766588134,90.32716869529659,87.00629732881599,100.98498445647428,116.8839635169916,90.54786584609965,111.16071512757858,93.73852748745801,103.8470814084656,67.61490550966653,95.51017075355884,91.05751309134017,90.3966808010037,88.1802315787209,21.636107542570123
1604,1531.9869261898564,2607.001591587535,0.5473362864607698,0.19468979231683461,-0.1373127359969986,49,0.0,0.03992600583012946,5.8442403811109,-1.9168201767982787,1531.9869261898564,2607.001591587535,1636.6339980415685,0.0,0.0,226.31937779147623,-1.5788762915887402,96.65238421936218,95.8382170153983,116.68005718761415,119.97007946039587,115.82596823737984,125.06403115476859,125.99589013395813,105.6503885744407,128.6210808846119,84.50573300305236,121.87798699029027,127.38902097223743,120.55435749248723,129.25330488714087,22.755497828430833
1605,997.6405481114846,2607.8135282399885,0.46137523485810744,0.2528029749740117,0.11415681981257016,49,0.0,0.024842082383919804,2.8731606737605526,-1.1458997835462075,997.6405481114846,2607.8135282399885,1826.4568982993237,0.0,0.0,226.54209905016538,-1.5785230258578387,124.3749782137671,129.80829463850284,123.30702450158319,128.1944841593111,118.87750349570959,141.0285549189154,139.07810159119572,135.40907756730468,141.61779392610558,88.60735706255895,138.73909266142513,139.96551448459104,127.94295228676499,129.23596501372998,20.27020377785864
1606,1202.2484429054673,2607.69905952113,0.3402629397597353,0.1105052122113048,0.015551729252564624,49,0.0,0.01567029852870036,2.6335380073172643,-1.0513489762316124,1202.2484429054673,2607.69905952113,1376.1662789220754,0.0,0.0,226.4568168346692,-1.5785792698445873,99.69324180748181,103.47457396417369,105.26192112439804,86.37659245269978,107.32224135062644,92.45857458575937,92.11360890577646,99.40178238607132,109.78479355208152,77.08746125932643,97.86748770420593,101.6136785548428,95.36901200757622,95.56071957814083,12.780589688915015
1607,816.7879134145152,2610.32605574261,0.5528119579977511,0.1364621154359719,0.19627376062303778,49,0.0,0.030017682213017323,3.5994587926845285,-1.3905930150986974,816.7879134145152,2610.32605574261,1823.7321231365302,0.0,0.0,226.6174787635129,-1.577465743997577,126.38570013804974,114.3171558591484,135.53919032703115,146.18129894995562,120.41877644453885,131.1953906817861,144.3659372905806,119.79425292278353,148.03867408047716,101.02997920742243,120.71942011798936,115.99171859383415,124.25265119037911,142.77109973638136,32.73087759617264
1608,728.9360690995442,2613.2432815352495,0.6102550005976464,0.8889701812828629,0.18692244258313037,49,0.0,0.008999196127861656,1.0417140991572567,-0.04437135548092409,728.9360690995442,2613.2432815352495,1109.4003529116121,0.0,11.779852796460917,226.6540949921058,-1.576244256718751,83.54081010470026,73.8079492352932,81.71709623920606,83.49345967758768,84.60868140564139,80.51942142737158,90.53063025968733,62.78602194167074,72.91555531709622,74.04840540932302,78.15070256913654,73.7314467352843,70.2993442663589,77.96705018555895,21.283778137695847
1609,1769.0929477658672,2613.178144231093,0.5188471492773957,0.30199070706993236,0.24573689555674047,49,0.0,0.014825121181557504,1.8649898557386744,-0.6766911847200792,1769.0929477658672,2613.178144231093,1283.9078706525422,0.0,0.0,226.2205488885277,-1.5763018777513416,89.67246062846723,91.69415236301846,111.35875923126945,77.39369918831358,105.41736714451453,79.7675593175376,89.23467873568298,85.21850137886865,102.04294557673657,84.35625416844,82.39238462115034,79.99735020511741,95.4459575341582,91.93123113551651,17.98456942375068
1610,923.0499736709888,2614.360309232447,0.5254496384309971,0.05970194120113452,-0.11241611816800808,49,0.0,0.7788329371525786,111.1102187273851,-5.114385006326792,923.0499736709888,2614.360309232447,21881.72385331177,0.0,0.0,226.5731882770798,-1.5757913940673738,1449.4767631014547,1462.4503709670214,1573.0041954483363,1594.2262881509328,1567.3256866527345,1596.0793521105556,1638.2775592112991,1629.3180344629222,1715.5406626207025,1254.723759978559,1520.89055058042,1554.0820294652574,1529.1442673060387,1526.7947999513542,270.3895333041851
1611,1470.0845047459786,2614.567028103915,0.3537436297117997,0.0828336664679331,-0.0034623324432110337,49,0.0,0.01901254425129976,3.1885927616495016,-1.258997639701875,1470.0845047459786,2614.567028103915,1449.9177232439397,0.0,0.0,226.3451794537977,-1.5757236837272277,100.71464828076137,77.69684659185175,106.36845452206644,105.90236935521159,89.97988973860689,94.52218048089026,120.15978832063357,118.68717100036176,98.45927861460449,83.52448495951052,90.09826978372857,111.84548312316225,112.57769146445025,116.7841345086875,22.597032499412638
1612,2677.193450892188,2613.8191297341623,0.578435398382922,-0.6663616816534425,-0.10030996949388954,49,0.0,0.02096436097357947,2.23126998435925,-0.8713803080754938,2677.193450892188,2613.8191297341623,1612.3998438408687,0.0,1349.6997049982801,225.84204991808787,-1.5759876808528195,120.4670654871953,109.29653505226116,121.34668432686314,108.08112874239289,120.96829410378116,95.31080607840785,117.20675255176073,102.64304526563326,131.48901817723595,88.19994755890608,116.86730078632229,118.41340951714402,111.00841753297877,114.70816101547177,36.39327764451457
1613,685.4303681390292,2616.8878637334183,0.3519890313436413,0.06923365072162316,0.17188732051017994,49,0.0,0.016858977924072482,2.1682890374818533,-0.8402929352292132,685.4303681390292,2616.8878637334183,1594.6097947136043,0.0,817.6007515961858,226.67222761932365,-1.5747225569016479,114.01001526857468,104.70763580097247,122.38440013017072,105.40665491554533,99.48241729853444,104.09682678171092,126.5945990291705,104.34068881036832,124.94338431646545,89.55649952198615,103.7941469640979,112.57381401655331,139.4253872784479,116.46509031280704,26.82823426819915
1614,2055.62466470365,2617.2708115872,0.4423164093940366,0.6137204355108227,0.21037901778743295,49,0.0,0.016617337955476055,2.261813239709171,-0.8861418547977737,2055.62466470365,2617.2708115872,1360.056793602789,0.0,0.0,226.10111957031668,-1.5745892514032536,120.74809503702178,91.45083691041089,91.32896282608269,85.22130231476481,83.95250551141709,103.55989318844098,106.05345260807962,92.28264209425865,109.24915633409887,69.12408886457376,95.11952836641878,113.0811688693498,92.12532286447879,94.05943740127339,12.700400412118961
1615,2335.561464280523,2616.979413393854,0.505076475601368,-0.1371429915397057,-0.27038683689668935,49,0.0,0.1063642949726592,16.081236264134496,-3.0157985814996358,2335.561464280523,2616.979413393854,3398.960931285119,0.0,0.0,225.984440570728,-1.574696784374821,251.81665926234308,203.33362191155737,251.1515544431759,222.1253812245308,245.5130341806635,243.24063572376747,285.50466792807504,244.25995311145988,229.1118366066267,183.00718945906985,244.27212950041937,260.6632598324645,226.4404317288462,269.9534060941694,38.56717027795012
1616,1269.7645164769024,2617.901333383042,0.5589861193158259,-0.061506606920196584,-0.2920811378496153,49,0.0,0.02346578871783581,3.0387532002414677,-1.206738573064497,1269.7645164769024,2617.901333383042,1357.6752637710242,0.0,0.0,226.42867505332416,-1.5743306199225804,91.51050012702922,85.89748083420695,80.4663780752135,118.97074902070531,97.18444471406465,81.13997494904001,91.08798490709148,93.05177083681723,105.71168614613924,83.79275820273179,107.7348263312598,107.21772051421195,114.63656573158227,82.25459234928718,17.01783103164366
1617,1647.7883828739014,2620.0275450808554,0.6682915681303471,0.08942065593034551,-0.1725275854702355,49,0.0,0.041737007728041994,5.226260368223389,-1.7954776053582626,1647.7883828739014,2620.0275450808554,1634.2642292754754,0.0,0.0,226.27111022001372,-1.5734492084620915,108.83050408646514,91.89682078290593,115.99969716683967,137.63774872781562,131.10859802594905,110.02479146721632,117.04071657218365,146.0211889335459,107.1903377464855,91.93351906552641,120.8726055238551,114.23816769432297,105.34856331604934,111.83985675165984,24.2811134146547
1618,2371.4688267251354,2624.5227086913515,0.5500196201991505,-0.005454398873735278,-0.1682712846016154,49,0.0,0.22055657971160766,29.454235887754155,-3.6728694014912366,2371.4688267251354,2624.5227086913515,6812.946546945547,0.0,0.0,225.96947499018174,-1.5715517150240337,477.8467960005937,423.5515072745634,495.01499555427034,497.31789256711374,495.63712366604966,474.35682441615444,542.8538888604321,490.4164632697582,483.939070675627,376.2064553863364,455.4317769654146,504.34835330687895,497.01085000649016,498.822642378863,100.19190661700165
1619,1732.0115909513438,2626.1203821315626,0.5933868186129257,0.13762633998944393,0.07360580224989091,49,0.0,0.010558074050019713,1.1320410214267096,-0.13465541133661793,1732.0115909513438,2626.1203821315626,1073.7963137157165,0.0,0.0,226.23600504524856,-1.5709100412300696,89.39366738232167,79.13398512932585,72.89676233699797,72.20956413730374,79.69980961009607,69.55220663587649,89.31002059786098,86.72205313105914,79.79582879374284,60.7897598606491,55.549966719203326,63.50585787954762,75.62491007182268,91.81341307404512,7.798508355863865
1620,572.8522401027283,2632.0729075002346,0.7862456539723894,-0.5226758597628813,-0.2602654694244941,49,0.0,0.00915805027384838,1.0602822149501872,-0.06355369165878434,572.8522401027283,2632.0729075002346,1037.131641690653,0.0,253.55315826397117,226.71914761826386,-1.568386874828773,54.42407202307535,33.64655207805754,156.65547529163155,167.51178921712204,40.63067109949499,22.290566870762028,55.67075258084558,67.14258135360762,154.78839975513847,57.10214707176513,26.933066162428698,36.70058277527016,57.78513699140528,89.26126903660395,16.588579383444596
1621,1121.2245722334185,2632.4996675606653,0.7559582372324255,-0.08543886022725657,-0.046875288532998584,49,0.0,0.013198464535872376,1.147534940722359,-0.1494147950698495,1121.2245722334185,2632.4996675606653,1172.6549786627863,0.0,0.0,226.49058709051857,-1.5682433457028244,84.71138162140775,72.85032804013957,82.63152007739856,88.69909156218237,87.56705026531178,80.00257094774798,90.31091761414177,81.55443228071499,68.89154947114716,71.24098561779527,71.3216431155839,86.80193875936041,96.8597033927267,90.97185002329397,18.240015873834192
1622,1401.325657766331,2636.7749938062357,0.5833974026908938,0.3614370962392891,0.6725922003349997,49,0.0,0.012633622556057943,1.4033943953266252,-0.36794934443457117,1401.325657766331,2636.7749938062357,1238.6970764871407,0.0,0.0,226.37383852238614,-1.5664699442697452,87.34345573722649,72.67241388910432,76.0769112346463,85.79719697280164,93.15241666633486,76.1288343735515,91.2071139120319,87.49703286571054,100.25771290231762,80.31393214834861,90.03459077193699,81.64722397385097,99.32809773119291,96.99126037934019,20.248882928745928
1623,643.1692684728966,2644.2274337549347,0.5719775747757005,-0.12712939972797335,0.2990389516897769,49,0.0,0.013535527227921455,1.1731352023347392,-0.1733701672117171,643.1692684728966,2644.2274337549347,1737.773020008353,0.0,1286.291566346149,226.6898389984183,-1.563328689513513,121.37641034301987,124.57868794090612,119.86002351424668,122.8429024490128,117.85263806883887,114.36570624161135,139.40787089312656,159.72515493399607,98.83507604242064,100.5174386719454,146.26732157334519,93.32294443874495,138.10058797786314,118.1056241085583,22.614632810716934
1624,1648.2386940974238,2644.2332371000266,0.3568595766345384,0.23571933958516927,-0.24442536656786246,49,0.0,0.01768433156572707,3.0017021010391693,-1.1934189730205536,1648.2386940974238,2644.2332371000266,1381.8186510972018,0.0,0.0,226.27092264692024,-1.5633640699338704,119.82016262367179,90.15198575702775,96.86537636315646,101.53829798895089,96.48902977331976,83.89219639339782,115.6445509339143,94.282368917011,132.2033954685193,74.17452684777041,94.54457267634474,85.32634044258265,94.43205242725057,87.53242718893055,14.92136729535394
1625,1866.5171449662212,2643.9989845448454,0.48486395858249653,-0.0257111131707251,-0.17550616650650303,49,0.0,0.10507684909892631,16.451090727058457,-3.040486743714842,1866.5171449662212,2643.9989845448454,3405.730091203513,0.0,0.0,226.17994217694573,-1.5634588376648673,236.86558209218947,256.0218393685018,207.22709791636217,255.77982594737924,253.33758996162862,218.27842432897336,279.3564255864814,253.9060735209614,263.114637907382,191.6860497771209,214.8598934494254,247.78887973022105,219.2991479758465,260.15054716653935,48.05807647450011
1626,1989.49773881447,2646.976842556796,0.46070893081822817,-0.027560328556386113,-0.24509574826915925,49,0.0,0.07355542404784608,11.910319212696828,-2.689808503298674,1989.49773881447,2646.976842556796,2635.365308679139,0.0,0.0,226.1286830720346,-1.5622148092550767,174.84128605944073,159.8777255705699,170.691348155732,174.92926574564754,188.07103070649407,176.02606316053715,217.63421831165812,213.81966401900422,219.1244325259985,167.12596276161347,172.1377565402768,190.97569094230226,182.1107941231872,198.78095449219828,29.21911556447902
1627,2271.732267503766,2647.1900683073736,0.7153923510626886,0.0003692995957634445,-0.9042477604724898,49,0.0,0.014142358344081727,1.2827447420444822,-0.27035060790782217,2271.732267503766,2647.1900683073736,1258.7656016737983,0.0,0.0,226.0110468378048,-1.5621136083060687,81.1533270946056,62.98460620773286,95.4743017357783,92.99270348625461,79.9196020716814,73.1793439485415,97.38610650973035,117.71326203145705,99.35358157250405,71.21868140274825,102.89942591623551,84.94070736229565,87.41820772771622,98.95502099557693,13.176723610939975
1628,1044.3635720687955,2649.8603214071222,0.49003345731200465,0.00974869757128481,-0.4053646904192281,49,0.0,0.014838198099752665,1.8925945421098995,-0.6926439583313225,1044.3635720687955,2649.8603214071222,1219.4255538777334,0.0,0.0,226.52262212921096,-1.5610069126985293,86.52431132209746,72.67911635312296,66.4353730924397,90.93423342069869,81.85107505430936,88.38862954769759,96.92021129516289,94.29955913149307,95.63106266157682,71.99229937877766,77.46933098075512,94.59897227878719,98.00666628701931,82.29711085307363,21.397602220721957
1629,1620.3420953558355,2653.241631517619,0.4378000977879365,0.2294581544756661,0.036873568911230545,49,0.0,0.008720590695686509,1.1385947118273256,-0.14092290602777957,1620.3420953558355,2653.241631517619,1083.480390130947,0.0,0.0,226.2825502412717,-1.5596108683544139,80.12626517367458,63.233905084880874,76.20650700090141,82.02941252158351,83.40153718402067,78.28499315321662,83.78865643235739,66.99566823863424,88.76962649831655,66.93732661426051,83.2299837533087,60.415251368858705,86.28277746731821,67.03700565449165,16.741473985123292
1630,2337.0252352545035,2656.7032848010713,0.5675662715644364,0.060268781405060465,-0.162364532173223,49,0.0,0.03448190664481576,3.980464337888419,-1.4998343432621182,2337.0252352545035,2656.7032848010713,2042.3888082647777,0.0,0.0,225.9838335631623,-1.5581462594147515,134.77848387584544,151.0576369212739,136.24475484105835,135.97466569537792,141.83460523012286,129.04878889153903,146.27861890508564,151.80285611631047,175.55156856877568,134.31109445653436,131.45090104547467,146.80301216479094,149.82648392871192,149.7148880650597,27.71044955881651
1631,921.3290376957495,2660.808904751244,0.8020781974124251,-0.2948958224313123,0.03198745272664632,49,0.0,0.02530371060768265,2.3899827785339345,-0.9459869289240798,921.3290376957495,2660.808904751244,1506.3356782690407,0.0,0.0,226.5739022327656,-1.556439052562155,118.72909866368212,94.8513480341567,103.98487980718689,109.38873768910847,104.39067233210756,94.343371611045,119.94914167071357,105.11781253844936,108.8074609491982,76.95936288177616,99.47086192382665,136.6638843845155,114.40831044892911,94.71512390830813,24.555611426037398
1632,1755.4313302829382,2660.641677454487,0.635635145722729,0.022569718521540393,-0.2526260159506616,49,0.0,0.016935408906152406,1.99824374213074,-0.7516211539267014,1755.4313302829382,2660.641677454487,1210.4817369529565,0.0,0.0,226.22624399925138,-1.5565267259604012,78.22717648854817,80.25270828726487,90.73132616028073,84.39612082450816,93.78609978504775,72.09916901703394,85.1184751123161,97.33745636095927,94.05699840063428,80.14281505704335,77.07744175263716,103.53803986433316,75.91431415657283,77.91429455072003,19.889301135056716
1633,2252.022358803977,2660.9191355184016,0.9584833560453424,-0.13482099348240312,-0.12117255576775886,49,0.0,0.016794677913826106,1.4413197557901436,-0.39690084858280894,2252.022358803977,2660.9191355184016,1254.3792621785028,0.0,0.0,226.01926287057498,-1.556394640778658,88.98353119845329,70.94265050084212,84.51038216766199,91.95259569727776,94.4224658191216,82.56985986230806,108.9957183627403,89.24866670321495,90.41466116081108,70.07675969552321,98.26296105429486,88.68713803019904,92.45075058022647,89.15926658161698,13.70185476421122
1634,1169.8300353815814,2662.5752629632225,0.4791811035051853,0.08149121239859103,-0.040507073493252194,49,0.0,0.008623000629845869,1.102495291822025,-0.1059418587508687,1169.8300353815814,2662.5752629632225,1054.6271950326163,0.0,0.0,226.47032664875462,-1.555714470097095,57.982253713220345,61.12383164440688,70.46084071205935,87.68549504621095,81.44499818624618,75.94382109159928,89.61487592186509,78.00801826521584,84.83670832704289,66.365328418109,66.14617614168796,63.2683193321371,82.02945452366687,70.76245924423007,18.95461446491866
1635,1211.1819820993312,2661.662151034397,0.6204026972864465,-0.00735092080830383,-0.035486140855686736,49,0.0,0.19435592960671946,26.2642456081376,-3.5484123275319757,1211.1819820993312,2661.662151034397,4757.148003324408,0.0,0.0,226.45309102267237,-1.5560963043227178,345.60068068732676,305.2576979356255,336.126888237457,336.3381705354716,359.5078405601744,307.45922722504696,364.4404166500289,340.6366617385517,353.58879240051596,269.3773711570724,316.1287216748651,353.1490435832988,370.67640364982486,330.73625502645075,68.12383226269722
1636,953.9379729883734,2665.87577481715,0.5849471871717933,0.00890853186999079,0.11733688477872013,49,0.0,0.03222084026012355,3.791699919527381,-1.4470848983724593,953.9379729883734,2665.87577481715,1787.068025160088,0.0,0.0,226.5603105353293,-1.5543297856804223,124.16090736630406,126.23762207243954,115.59064009046054,130.660589797658,130.92956583813424,118.58596560480635,133.7552666849174,145.50443482943956,107.63133523677102,106.09933993758884,141.92518918593402,125.57398906493833,129.38097774058252,128.27309030698703,22.759111403126294
1637,1240.6426441816045,2665.810266779632,0.5103542237637241,0.06234202099701424,-0.09277221030317699,49,0.0,0.043927844698643186,6.646753997591892,-2.056524013594962,1240.6426441816045,2665.810266779632,1831.6311725831395,0.0,0.0,226.44081151721878,-1.5543689403395262,123.89905464218997,109.0005733390341,137.19505415028038,148.2588621179625,121.09867606166443,105.16684549807732,139.67409003957084,129.32564342269387,143.4180581633415,109.25484049716277,115.54302423369165,140.15391119047885,140.9827021197563,137.70960710476413,30.95023000247067
1638,2129.4920865210447,2666.3471145852213,0.5210946134351344,-0.10313062934469314,-0.1152357134527884,49,0.0,0.019842975997004852,2.3763191294655077,-0.9397619102794458,2129.4920865210447,2666.3471145852213,1424.4486393293378,0.0,0.0,226.07033383325063,-1.5541390887876005,92.35655273445194,105.14171481201137,99.7119945896826,103.79821309916852,112.5822035835129,101.29190284828647,121.89355447814768,87.50062191424102,107.09663495145789,98.81903655134546,82.2132957552632,110.2715284084931,95.77664489791059,82.27292688600234,23.721813819362744
1639,2675.2950827225045,2666.101294609839,0.3624515998205071,0.18246110900913645,0.1402355364433231,49,0.0,0.008844243403513242,1.5564849787320598,-0.480362334413896,2675.2950827225045,2666.101294609839,1266.8356429347086,0.0,824.134586980431,225.84284707502295,-1.5542055267668327,68.33193791853924,69.19074056423065,76.33490891422719,122.82857307281009,72.31438107245162,177.18847169236653,70.78636726328614,85.39687599124291,101.49043693098658,68.00467036519808,64.68312822051108,72.94727274862258,79.29886229760189,117.25250521414301,20.786510668491125
1640,644.7249944120732,2667.5539935299275,0.6142803980287361,-0.014115017492634788,0.20575364671802238,49,0.0,0.01230939087756017,1.6360727653748164,-0.5345065382190601,644.7249944120732,2667.5539935299275,1213.6164879689393,0.0,599.9014512046804,226.68918823089388,-1.5536102201894761,168.0583709287228,90.70302129196179,63.460242358598606,75.0897844152742,44.71105992533528,106.19525311805788,76.74703159299105,129.42375679143865,85.53937445921167,52.80013415684501,73.91216207251973,93.32255441588971,76.13581002589865,56.41331512355016,21.10461729264385
1641,665.55294648541,2670.445267615525,0.2686343156067595,-0.09594683732136149,-0.13158143547529041,49,0.0,0.00684712251264634,1.2743683877682284,-0.26323747433183237,665.55294648541,2670.445267615525,1202.1952752150173,0.0,814.8045814463537,226.68050711216694,-1.5524072412606835,86.26936495911656,91.48197049658756,113.76731877463635,85.55742211745334,72.16409776552533,97.31876274341617,72.51207744673286,85.06202899554148,98.08595651198414,50.33017530761329,57.20089208960291,70.40412178401107,74.32384228158134,133.17688773812574,14.540356203089207
1642,2082.1493959088375,2669.8879138068005,0.6742565800251312,0.2749515570124705,-0.04534639594304071,49,0.0,0.014031101256047495,1.4443034953859806,-0.39914615573299517,2082.1493959088375,2669.8879138068005,1189.1830903334298,0.0,0.0,226.09006653419758,-1.5526658203683625,89.64125165288058,64.2573395341432,64.69548947435952,67.4100283921023,94.56860481577323,93.15055217919388,65.28454122551652,90.98139382045639,93.99228283965462,68.00072549073462,98.61581882176216,89.50833029227988,86.28594246244647,96.3764764173073,26.41431291481936
1643,864.5846928142886,2675.7481425221995,0.5748417444617953,-0.017402453907963557,0.05747442542978683,49,0.0,0.011175550416911022,1.2175074022328558,-0.21367902582368284,864.5846928142886,2675.7481425221995,1298.3328119935968,0.0,0.0,226.59755194403235,-1.550211529415629,87.07309563123741,101.89519582826404,85.37680647753211,103.67555822453981,85.00667457058297,86.77511302866947,107.16287090814092,116.41824640445692,86.9403678959027,70.05744222328926,77.02163043213386,89.11648417769936,90.26496798148729,89.67041867798628,21.87793953167438
1644,1456.065914011346,2679.328527536202,0.6215346287199516,0.01864659999232486,-0.0455972342678004,49,0.0,0.17347214113489465,23.99960427962999,-3.4505102021342315,1456.065914011346,2679.328527536202,4299.415011404635,0.0,0.0,226.35102158919582,-1.548741143058647,281.9026867246908,299.2866044433729,304.01365163529385,315.7071963034271,310.19323134191404,262.3385845818533,328.91556613864543,328.44855545286515,313.3450345317259,252.8732356563708,324.5984583215102,283.1988626959959,307.1951533352286,322.02441201181034,65.37377822993061
1645,719.0423744632329,2681.018856319493,0.5902799430818283,0.0020593424754235747,-0.13824840174249461,49,0.0,0.02260050226498186,2.123667581403459,-0.8177163435700375,719.0423744632329,2681.018856319493,1818.437516665782,0.0,1498.6676975465616,226.65821232982623,-1.5480059281321952,141.16458961272238,122.67798577611373,147.28683129199567,133.76636685781457,121.43441999826587,125.97497744009688,152.87660240657277,130.03447242516904,123.56972074837927,100.06380250039511,133.16482987808078,121.19374752728169,125.4154271410086,117.85270552448233,21.96103753740295
1646,2529.297779681926,2680.730214283238,0.4967045130869791,-0.2696140771168649,-0.32098995501650507,49,0.0,0.20085064107157935,27.304172500121158,-3.590572547575637,2529.297779681926,2680.730214283238,7112.755304306595,0.0,2622.592930940542,225.90369804549792,-1.5481226771193515,507.1359357089605,480.6736409770142,437.2834522467856,501.3361041868235,534.7944892151662,490.1925202099833,547.6157188459155,548.1044325556084,511.7373623690104,398.6660522983087,506.64356802099576,539.4503421872416,496.6940205647527,517.6234843569998,94.80418056302926
1647,1814.8841261052794,2683.32704715437,0.506373830551405,0.12356498516859561,-0.0346491529759853,49,0.0,0.08341797664903476,13.0742430239243,-2.791041383418171,1814.8841261052794,2683.32704715437,2640.262524649461,0.0,0.0,226.20146415278109,-1.5470741700986608,173.67050331522614,161.65218511422415,195.60855135745064,207.16253679368214,190.21712339725963,179.69425711463936,191.20899044839487,193.75948920557613,211.69961121638636,152.37449270358803,200.2884020813207,171.32924649901594,181.78331543155224,190.71558272227514,39.098237248869964
1648,2501.1729191081513,2683.1483492057014,0.619844621823392,0.03444024521347724,0.0819994857175548,49,0.0,0.011945031714970045,1.1155919356470336,-0.11876341548052172,2501.1729191081513,2683.1483492057014,1561.440731160989,0.0,156.7918278947203,225.91542036609405,-1.5471173114554841,118.8094246403235,90.97826977150771,125.52600527889865,107.81693078430803,117.21979804754505,106.01828503330663,121.53017080660008,99.76764054826941,105.04817217738403,85.99020094917051,105.58871623724667,97.11181984760825,113.39843808660052,139.75176516751299,26.88509378470684
1649,2399.2722072032143,2686.7765234531553,0.6011554841203501,-0.22075019352746855,-0.21473666084638784,49,0.0,0.09173263280447813,11.840112138326772,-2.6833895390808293,2399.2722072032143,2686.7765234531553,3066.6202622626333,0.0,0.0,225.95789184546754,-1.5456127772730472,232.00010114056138,195.15367161018344,204.70878203041974,249.8812221256884,233.8175748027266,212.86833666494852,227.42779758146148,195.43769934939561,223.13308532804228,194.27351123272862,206.99511277190277,187.41366182438696,239.5174644712907,230.92498292662518,33.06725840227169
1650,2611.590812437061,2688.0362157224863,0.3571175602537122,-0.28913499593831193,-0.4866491516270536,49,0.0,0.053480687404025375,7.528353929424945,-2.1917500708085673,2611.590812437061,2688.0362157224863,3237.4467057642123,0.0,2786.3850264907646,225.869400308788,-1.5450722454701011,217.68891521785363,204.98466186182043,216.59812308154392,233.8776781737194,261.49632282606217,216.01649678169514,259.5306233688216,236.67973230856765,255.8845871298206,181.2099235934605,197.25905839006012,232.43895568043678,249.94854163760465,237.3227888665254,36.51029684622011
1651,2063.447502318828,2688.671635937583,0.27488947529398927,0.25005551429729783,0.02764337202087349,49,0.0,0.010720932558000678,1.6494582489792389,-0.5433533179401304,2063.447502318828,2688.671635937583,1254.6681007302782,0.0,0.0,226.09786244364454,-1.5448405209699068,93.48404142980436,75.99291352174504,73.55141400491229,99.75597143889101,86.30172928768548,81.36887389987886,119.79666585334638,86.06314667591542,95.36430445540654,88.38651445429063,77.08645508787953,71.30742001084948,98.59166033663716,87.00830856470975,20.608681708326507
1652,688.1448345636329,2691.239057338161,0.7061559938569706,-0.48972520113813783,-0.01029569046276701,49,0.0,0.01080108543190323,1.1937243054993993,-0.19226009163673863,688.1448345636329,2691.239057338161,1274.0448593240103,0.0,842.7734346181971,226.6710890735165,-1.5437456012680268,82.85246031039034,61.92772361298905,95.23546500743714,77.03805804411371,64.87128589007779,84.16750301218534,102.54543789539011,107.26055058937578,71.40126718688488,93.64765960608027,89.59774445074234,123.5938562043505,115.90937178773387,86.85053427058445,17.145941455674848
1653,1142.856004753994,2691.201758899557,0.674106223009767,-0.18139232771438565,-0.2142671215562871,49,0.0,0.05906976932726859,6.090484544425277,-1.9616296136015072,1142.856004753994,2691.201758899557,2702.247475879065,0.0,0.0,226.48156813470197,-1.5437865745554364,177.1576561361591,166.08672089556785,178.3887280491628,209.68530346651482,213.76681644032112,192.56871849184023,225.70323513135173,196.48917780825155,191.2846672062363,145.65100171619525,179.3735988618883,191.04254983310813,220.9406105811657,174.39279784415697,39.71589341714535
1654,662.0210193810499,2692.9004294857905,0.64952728236858,0.21657711925066106,-0.7471386228991497,49,0.0,0.01326097114458968,1.8891059147106544,-0.6906407694537335,662.0210193810499,2692.9004294857905,1150.6227999634261,0.0,529.042497538123,226.68197694797206,-1.543051448661342,89.38271594340812,127.5208573305128,50.62799309213216,44.92614007085082,139.28167651361812,170.5849017781625,57.66658367085481,45.10239569972321,66.95306372603561,40.998253626362896,139.11848329388124,58.922054025122435,47.68312461803726,59.28426045004352,12.570296124680642
1655,1176.4757076653689,2693.3697450537347,0.42732620854187264,0.14497495268035993,-0.07208828879695385,49,0.0,0.08443516445091219,13.416741807657184,-2.8191176556859343,1176.4757076653689,2693.3697450537347,3191.103108138767,0.0,0.0,226.46755532644812,-1.5428845184450592,236.31440674462226,224.19885358448892,210.77824400257805,229.84117541246104,211.73447450760335,213.4800648428623,240.79446745312296,220.51929091776245,254.4021042000935,199.48002439658987,242.72997855472528,233.1699551378836,207.38533027870542,232.888248769094,33.386489336173646
1656,2185.3768001604226,2692.9560863694737,0.4271034657233076,0.4459475019163413,-0.19976044229362103,49,0.0,0.012524508129750372,1.4816465130854932,-0.4268615082179083,2185.3768001604226,2692.9560863694737,1407.1641294778265,0.0,0.0,226.04704269474112,-1.543050241885634,86.70070089559883,86.7587864006093,105.1376260194639,103.40131413220642,77.86353840762506,90.07716283755194,110.88223341273958,109.11220776176862,106.47823488529913,85.67581411712453,102.50363629978708,114.00065320235151,102.2351800257075,98.10254691605954,28.234494163933405
1657,1298.1342719498903,2696.992433098531,0.357409270160086,-0.3754511533558747,-0.4807218507220789,49,0.0,0.012503532240025603,1.8896447244945065,-0.6909503984023608,1298.1342719498903,2696.992433098531,1220.6311758755228,0.0,0.0,226.41684771612114,-1.5413787703781676,76.99956773324169,78.41327507259888,85.43468642929534,82.22915022733717,83.33766357755644,69.48473464964064,109.40209749079196,89.54244620796514,104.82483817476177,73.70152045790147,87.06652437351707,98.48310822291424,91.52742111268157,76.30665668995869,13.877485455360763
1658,782.3619228121078,2698.631354817361,0.5033461145660255,0.2784367775475914,0.05427306568748367,49,0.0,0.13309177604638917,15.893033832055728,-3.0030170197264856,782.3619228121078,2698.631354817361,6352.272866530593,0.0,2926.6965551699177,226.63181985242403,-1.5406723833821905,444.3448146415037,402.6928634322695,429.2412540265759,464.3123926408832,489.6505594244531,465.00068011841296,477.50540593034805,488.7974816092932,411.8043712299299,350.3181872503868,424.211472987311,445.69346445743116,480.28806390939565,471.81497629506083,106.59687857733863
1659,2488.9668779712624,2698.4997904191982,0.3030977761678415,0.06873156832823525,0.4710880716709749,49,0.0,0.0077130137498593,1.0329064502532352,-0.035152473744401176,2488.9668779712624,2698.4997904191982,1206.421552037329,0.0,254.75770551622267,225.9205091401467,-1.5407223069089608,91.89967912505685,66.1343301216717,85.44608179458129,96.56831429826605,90.58024093653106,82.94939150738469,96.55555179271462,79.03519662455344,77.67426464090798,70.54630143845678,69.85567527202039,95.73236570359626,91.7949304978512,88.66277414419405,22.986454139542857
1660,1713.4675409893518,2698.745275124589,0.34703605970190654,0.18400600414401594,-0.1123373031829051,49,0.0,0.008762211390029136,1.1188854562841473,-0.12196407188397981,1713.4675409893518,2698.745275124589,1166.5598452888566,0.0,0.0,226.24373528410794,-1.5406516730068998,86.47138879253782,77.43617900282624,75.88323558632504,82.0173186684126,80.61128273373323,107.8339514561564,86.39757912464643,88.62612266765612,72.14660013316835,65.87848386405192,92.04911956113443,79.75477333584169,72.60258296713039,78.74626771782363,20.10495967741258
1661,2310.0486409412733,2699.6003239650045,0.8733952287631366,-0.17853531811850376,-0.2330090606202627,49,0.0,0.019255646912231035,1.5734188366628938,-0.49211086288229644,2310.0486409412733,2699.6003239650045,1668.439316579332,0.0,0.0,225.99508054377418,-1.540275436642762,113.3440153718743,108.3480708448057,98.42773326612578,125.30876527942985,119.05178058409889,100.56825943091822,125.95903321055029,133.0673497752276,123.45930029843902,95.86912995977036,108.43611568785138,123.38259961695812,135.77736261714864,132.1925352065067,25.247265429626793
1662,1464.8845533864485,2702.2464812328817,0.45713148936613246,0.09446994953046008,-0.11413743777205655,49,0.0,0.031596786275482694,4.823798472357426,-1.7084728891178924,1464.8845533864485,2702.2464812328817,1637.5743296245132,0.0,0.0,226.3473456016768,-1.5391927017897469,127.98402791996443,100.00006134859828,102.46605859493356,119.5277987261409,122.88147013583645,121.2905613488735,119.45694683276858,134.8745132209555,123.91588262781022,95.14718276944163,96.96822666577381,122.06013431587951,119.60896057172121,111.72217515976894,19.670329386046934
1663,2437.761094863537,2702.5576853263265,0.45261053930884865,-0.2710319335812044,-0.1958441635788068,49,0.0,0.05364828418223264,7.836287593189147,-2.2352759157554205,2437.761094863537,2702.5576853263265,2571.406153279259,0.0,0.0,225.9418514374625,-1.5390352575595119,161.9281521367845,186.86107777987803,166.85528341195476,182.00111474553398,155.85261646476454,180.16613991176206,216.25230515004193,190.3457435087475,197.4567205780449,148.9992652686756,172.6914314030326,173.45542990945472,198.26934492615544,199.57938212443128,40.69214595999726
1664,1973.7288364184185,2703.3735804016997,0.3320989873340504,-0.27765934066153614,-0.2937918772032011,49,0.0,0.010574483231303299,1.5099610289139518,-0.447414346467968,1973.7288364184185,2703.3735804016997,1214.4405346068065,0.0,0.0,226.13525787565396,-1.5387181872300968,83.89462604008605,83.45976414954816,82.26915150911853,82.63269786024551,101.36417810834143,84.7096143646595,81.52079799875503,93.33147694446437,73.28056379666066,81.26305451910544,82.04158399665991,90.76605801942061,104.26316811750685,79.5938597791411,10.049939403093525
1665,2296.4883567471893,2705.0990428746163,0.7594562772522913,-0.3008261625100284,-0.03310093419355434,49,0.0,0.016817342137626614,1.6622524939376389,-0.5517424830291562,2296.4883567471893,2705.0990428746163,1509.1843005750643,0.0,0.0,226.00073278084082,-1.5379852566209877,110.58407971733874,92.76779254754075,114.0868696355761,101.86326337742378,117.15967415996674,91.91924588585316,118.07716711465658,125.90536584720658,116.47776701446915,72.04103270521179,85.12857440698829,108.08670207361833,106.36533503934952,131.18492657757744,17.536504472287362
1666,1945.043199645351,2710.3080582260745,0.40721128983469856,0.11227995707637024,0.2507476594306048,49,0.0,0.010510205228250543,1.429432924195747,-0.38790945251392767,1945.043199645351,2710.3080582260745,1211.8982109926478,0.0,0.0,226.14721432234563,-1.5358298554560224,85.54700621111152,65.26848786445899,87.03173096828752,98.46120870587279,109.10047194820297,86.50005028293731,92.1272260789228,88.33072058730974,87.7372908149403,68.75344672407206,88.82467413961889,85.67744960799831,76.34471722438649,74.78985835703773,17.403871477490387
1667,1393.3821433131357,2712.048771290442,0.274532962017288,0.12876616072726066,0.026892740523531817,49,0.0,0.008642413965951208,1.436787291833141,-0.3934811951775926,1393.3821433131357,2712.048771290442,1167.8142145199483,0.0,0.0,226.37714780788508,-1.535107685832708,86.21420349025799,70.76064042198047,76.73283314964615,81.76462581041405,95.2044331550417,70.86194639106273,77.5730301870696,82.8588912326889,76.02706383709403,72.51804961612018,92.9662546465461,87.37873996237369,90.26033039273926,92.65823890875043,14.03493331816315
1668,652.177207117663,2713.3474748725585,0.4922319937200862,0.6032212107259305,-0.31143978321040316,49,0.0,0.009592863242640212,1.7708043741830626,-0.6204264652204093,652.177207117663,2713.3474748725585,903.952788449963,0.0,209.00237453059282,226.68607765170935,-1.5345318390448508,14.644041303296238,54.39587551548331,64.65631398896325,7.615653468306606,69.4512312674227,90.31910207967746,173.56280308333191,39.910510740182126,54.07392705244935,35.2006690971645,53.5891584267889,72.77284782386897,77.67319705196442,76.54559665396064,19.54186089710256
1669,2332.2056101577023,2715.5783407047784,0.5027935702615763,-0.09240390010029811,-0.18681250705741162,49,0.0,0.0819996713163172,11.542329005154189,-2.655733623442819,2332.2056101577023,2715.5783407047784,3166.8327533633737,0.0,0.0,225.98584692103216,-1.5336171547035686,234.63049565425825,198.0875807922731,214.19511262091729,239.54888829969633,223.70411620231903,194.3780921227714,248.31927227822067,229.7018761965843,215.78566860021988,184.30797765899547,223.64401865729548,222.76746071147954,271.46174026344147,232.61982240848738,33.68063089641461
1670,873.6592793345636,2716.4353315126964,0.5227918330403957,-0.06335386375446919,0.07315788467148171,49,0.0,0.11531695534981533,14.083050232026494,-2.871741820869947,873.6592793345636,2716.4353315126964,5099.758670871425,0.0,0.0,226.5937665780529,-1.5332603914803198,357.88701293225097,339.95740700635366,368.3197024421333,365.2895032344778,351.49331975287896,331.45042356201714,384.2256683994056,390.1524592882825,386.18159618858977,299.96464971132343,364.93860660746094,378.2816176180695,364.09265756613604,358.01049624047573,59.513550321569305
1671,2000.7772982402694,2715.5106092979995,0.7479703401450939,0.4373943381013822,-0.25195795592152886,49,0.0,0.013861662628779171,1.3886148294421856,-0.356454497272029,2000.7772982402694,2715.5106092979995,1113.8647753140428,0.0,0.0,226.12398458327937,-1.5336605907621865,81.30871890795274,96.28370410377707,90.83909374922405,64.27294761756285,73.96382353403088,71.42163406597297,78.78995846024708,86.79222918293792,82.43265248459134,59.77208798459746,67.71375855430188,78.30392996834865,82.75304209693063,79.77338292493445,19.443811678633
1672,681.7333876664866,2717.2851017577154,0.9766126306796439,0.06800305168990506,-0.2652686865540857,49,0.0,0.010642600232293268,1.0664819075702106,-0.0698837305487793,681.7333876664866,2717.2851017577154,1115.2743449491072,0.0,446.9156973523566,226.6737587472028,-1.5328935451428276,57.12939626125609,30.605925295672954,159.45342395066191,55.6668408663096,60.33228067096265,44.082795843138925,34.23019429006239,119.6670398563807,46.773843402178045,84.50547925316972,225.1496494335321,48.74925988236426,56.62733806148131,78.38045652436537,13.920421357571147
1673,1224.1480294081475,2717.522058989536,0.45441625867883134,-0.05011049660951245,-0.0022310783358275746,49,0.0,0.050700257984866416,7.857113618980113,-2.2381575834283964,1224.1480294081475,2717.522058989536,2165.4434069286503,0.0,0.0,226.44768449003317,-1.5328232987258574,134.57483383956065,129.51846445676676,174.5273359019178,170.96626178124214,155.6858515944898,142.49641683592955,168.58453385714805,147.08906231847243,156.0844343272846,139.14148893236842,159.3911445486025,150.96363638633335,183.9990361497791,132.6186517534754,19.802254245279748
1674,1399.5753915770888,2718.521827563332,0.4064725475290684,0.3285629688604299,0.08224379647753344,49,0.0,0.016466256302192516,2.453275706772922,-0.9743658957927583,1399.5753915770888,2718.521827563332,1373.6401824393124,0.0,0.0,226.3745663138011,-1.5324108617823136,100.48860051790624,103.1924997439511,77.25611767360199,92.42508427037377,95.78019262989413,92.9489302839296,99.19336700075547,112.8731491352238,97.52418699246581,83.03229882186935,95.69654067252512,115.29566393566007,104.76018649597202,87.47011789794438,15.703246367239466
1675,650.0603149583571,2720.908347346826,0.32502279884221286,-0.842879368202797,-0.8818052114421835,49,0.0,0.006657668903086654,1.5603295492616023,-0.4830408329226782,650.0603149583571,2720.908347346826,788.4994162372031,0.0,100.06043301267682,226.68695917587456,-1.5313815954428949,0.0,5.617076021016447,23.523622768520603,0.0,7.297063807506609,55.882151531356755,122.95272699061658,120.78200090394219,55.34122721473409,21.927894255624604,72.01851047633987,77.76463448111784,113.20703342977833,85.71075356362238,26.474720793026847
1676,702.9690701614282,2724.8317434088685,0.6058950689558226,0.5788234598592966,0.3453405235797598,49,0.0,0.013551788428175605,1.7970572544416417,-0.6364047849983108,702.9690701614282,2724.8317434088685,3021.555074549309,0.0,565.835456933338,226.66490734052297,-1.5297509505536573,116.74517911466778,60.89703833395707,107.23415593138311,64.06595194946408,134.1045894765992,128.2779181337133,131.0664597390567,123.81558732562857,111.3488673173577,34.05344992710023,187.26627343355307,74.85793217439513,1655.8665555246146,76.1237041434162,15.831412024402635
1677,1381.9065464549747,2727.261949669367,0.47432692677235744,-0.10689791574712368,-0.028358853817104526,49,0.0,0.03992816362202748,5.984514755284898,-1.9425723552580658,1381.9065464549747,2727.261949669367,1814.4362663864645,0.0,0.0,226.381930503968,-1.5287690910426768,124.41854712172264,123.08937357380987,128.2757920511652,122.6067215056854,133.84598379711014,133.57398063287172,115.34235455513041,135.71682400514078,130.45383306405068,105.57320389629695,132.9003250136143,147.18574508778306,126.38061558401299,141.94933710938892,13.123629388681309
1678,1235.8183392512692,2732.261708894068,0.4389711567385105,0.31076586680518703,-0.0009912181682923884,49,0.0,0.029365898561580006,4.11983780189864,-1.537200295466924,1235.8183392512692,2732.261708894068,1831.9046928317853,0.0,0.0,226.4428197478087,-1.5266825607329813,123.95143439524765,101.94889471770823,143.08812208896668,148.63469312039024,143.30581300664127,132.9807580062479,129.89882330274,125.91495806814564,132.36652224430912,90.56523667312575,139.95417199610642,121.2505881506221,142.0443011936918,135.88167620473018,20.118699663112324
1679,1685.8884834930334,2731.7650891477906,0.32627361302665914,0.14393439670282432,-0.04180181781398594,49,0.0,0.014264900209240665,1.7038131703645873,-0.5785549274731844,1685.8884834930334,2731.7650891477906,1513.963831449955,0.0,0.0,226.2552306391159,-1.5268945469043689,109.69771667563884,105.87420900907387,103.38143586427739,112.23057841231235,112.01085809903839,103.00721657437562,113.12078971668095,98.08485651554003,112.9746514743692,80.11077573086028,90.36803711205638,127.88875933110944,116.985075185792,104.30137045718496,23.9275012916455
1680,1525.2817456811786,2732.670864274616,0.4222584318850625,0.012786399966070316,0.07598968555965947,49,0.0,0.019723509122994684,2.980611000847501,-1.1857632500370476,1525.2817456811786,2732.670864274616,1400.8022166151356,0.0,0.0,226.32217160276585,-1.5265172321794576,95.05040118007355,72.01638022568278,92.29015553099939,87.88297730987966,104.92921815462805,99.64892336410111,123.79530754265994,105.9367211274932,96.69693884791207,85.08174983508616,94.09100720918363,112.11595811879455,94.50663523408187,126.12800565899983,10.631837275559766
1681,1485.07257231923,2736.0710006517465,0.4867973426325422,-0.6864252847529879,-0.49413883065188635,49,0.0,0.0117844505304309,1.3496470023268636,-0.32555048607430803,1485.07257231923,2736.0710006517465,1163.452201724823,0.0,0.0,226.33893075529352,-1.5251002960307944,75.5627280054366,68.12807775032725,87.28734984475801,96.25798840125225,89.6449848738778,80.21209186434864,84.40878594230085,83.68728755655644,96.7268193554263,57.19279346275482,80.23610067765055,80.38590684217704,81.44794451151986,88.77374997038527,13.499592666051226
1682,1056.7333587752462,2736.8188034708314,0.3039825503510165,-0.07234090059967001,0.10723047477895871,49,0.0,0.042369216218261466,6.687475757193886,-2.063155551671902,1056.7333587752462,2736.8188034708314,2461.8055506229343,0.0,0.0,226.51746137139918,-1.5247773466426473,169.42616446596517,162.51542192005354,174.70158120883423,167.5139178098952,157.1699286485824,180.32546553121134,197.19743107054063,178.38809442376566,180.42254988786863,155.4592666851351,187.4431773419674,168.5885749355739,173.96375431251943,176.48641800321488,32.20380437780688
1683,1696.2899804707681,2737.203188027622,0.5481674914227219,-0.3353660666992521,0.5345380774034402,49,0.0,0.009507377011537164,1.0012811339740706,-0.001390083287338449,1696.2899804707681,2737.203188027622,1080.7037409941004,0.0,0.0,226.25089534628907,-1.5246287509035403,84.34965420860598,68.49536819123705,68.8555203035704,68.52119805778833,80.47926021372196,61.42357276061517,80.49040184976758,83.1588439230503,87.74079170839003,61.38862512453075,71.82597966191628,87.0395342681621,83.88432266344482,80.10289738961384,12.947770669685841
1684,1737.982299171713,2738.225795451255,0.3721538712193267,-0.22707655344295266,-0.2917034418471486,49,0.0,0.02212977433281548,3.5578756333798185,-1.3779769077952397,1737.982299171713,2738.225795451255,1510.0875764257398,0.0,0.0,226.23351801590638,-1.524202301674675,89.2736327353189,100.08415257020559,113.80769017511986,97.2477168699557,92.71978058784208,124.94696488347512,116.37142214015175,98.7051488493767,114.68074396746661,87.39108794173202,104.98438997538369,130.0706909636732,106.93778495273298,107.77575398923975,25.0906158240661
1685,2082.4281772746526,2738.5551254432594,0.5310891860698882,-0.26445710668428096,-0.1396062413372512,49,0.0,0.026336606897355893,3.5175233003301907,-1.3655924572863705,2082.4281772746526,2738.5551254432594,1553.4887041495977,0.0,0.0,226.0899538362527,-1.5240564907950505,100.59863037328921,97.24661960636902,119.98416044095784,93.43032007403431,111.65445700415337,102.28896298739039,111.72090719140364,124.92508081489724,122.3301861679822,85.24577128096722,105.72566125736836,117.39050193538127,115.85911585810568,119.95120542174291,25.137123735554837
1686,2013.8660263659474,2740.603905699757,0.7080174496964436,0.2155967557458506,-0.08772626903482438,49,0.0,0.016350733673346954,1.6779891233111979,-0.5619728535361769,2013.8660263659474,2740.603905699757,1193.173093896359,0.0,0.0,226.1185303159669,-1.5232053689151872,74.58197612968895,68.33435305439477,107.21150403003921,84.95848302527727,87.1206284115203,85.56132898370255,78.82211319648563,65.3677222197167,90.22054500394452,66.74793923884002,79.12641325827519,107.62414017886613,89.39612202464451,94.03575044514827,14.064074695814895
1687,1828.9540956843234,2742.426644218613,0.924904493648272,0.23191394999034273,0.05608574246478089,49,0.0,0.012967394213374624,1.0172093237712299,-0.01852583069546842,1828.9540956843234,2742.426644218613,1241.4928232068685,0.0,0.0,226.1956011521633,-1.522450728768189,95.94614843624541,75.16513124921212,87.15868870012088,90.37589107103328,82.68640725432172,70.24112814236963,89.2425342454856,81.69892924758119,98.70026161660562,69.27762073374201,79.22133904960806,92.28471484765484,87.14746894207664,121.81180339126519,20.534756279546293
1688,2129.3168869695837,2744.6484147719298,0.5200307605977423,-0.007149293870202879,-0.08667280465856869,49,0.0,0.019788126058058086,2.3923983293232736,-0.9470837261513599,2129.3168869695837,2744.6484147719298,1400.0238741621893,0.0,0.0,226.07041123434874,-1.5215159036505463,96.95573013762836,82.95822593128959,104.97960887129588,102.47224528699604,95.53434370452769,91.6814085581177,102.99811222341955,124.70004978388408,101.19431302074258,73.62536982948052,92.15570390254739,107.22359301862562,98.11323218554722,103.18664546986994,22.245292238217274
1689,1207.3360951717405,2748.4292446207687,0.6231583476399412,-0.263551641161216,0.025108681579569855,49,0.0,0.01561166682595613,1.689650969935609,-0.5694925048981131,1207.3360951717405,2748.4292446207687,1287.989356856971,0.0,0.0,226.45469039938246,-1.5199457064025308,108.34523661756702,73.8808893763806,109.66299209961242,83.67025773005557,96.08912792557818,80.16861104154476,103.60022245835123,83.4449165732828,85.30316191536795,78.77358007074531,93.00799476819711,117.9305517240926,77.05056803766496,83.40961452315165,13.651631995378771
1690,1135.984709949932,2751.1694472712225,0.5191941400061493,-0.17052498009109157,0.29266773826935316,49,0.0,0.013264008928703257,1.486307361298485,-0.4302715718670215,1135.984709949932,2751.1694472712225,1265.376723048707,0.0,0.0,226.48442914647427,-1.518801581630065,116.39195866900747,67.76311959613541,84.43389579831754,95.10797700502836,90.89262404271409,81.69611936901478,102.679283419411,88.4968484045344,93.97437766738693,65.7273669001533,82.3685788294072,90.92522533006596,88.13906248047556,102.08795238469884,14.692333152356024
1691,2060.4369377725648,2753.0064229521813,0.5435534945226496,0.22003672045061573,-0.2217278131810222,49,0.0,0.05165584929320495,7.174418240030243,-2.1394667267945024,2060.4369377725648,2753.0064229521813,2092.9283013807426,0.0,0.0,226.0991203765536,-1.518036403064723,157.22061446353086,138.77145656610253,153.40770401934685,161.35047532989734,147.67155998361238,149.4767703684159,164.78014568401022,163.7151742657845,142.51585561150915,116.0803849578053,131.85206439192189,133.96227355489702,159.65777993933904,148.90365223897152,23.56239000559815
1692,1149.1767013327478,2754.973963443367,0.7791636654375672,-0.5406259075051804,-0.8101729847874038,49,0.0,0.015588195193041698,1.3835255069719918,-0.35246792574170693,1149.1767013327478,2754.973963443367,1365.1003433312467,0.0,0.0,226.47893062360288,-1.5172169717518638,95.88356679248245,83.1186288122586,87.9890868623452,103.64939662550043,90.54866027705432,90.22113538044522,93.1452702494613,101.27808597040719,104.87738819024656,84.36945867354405,84.38019712126189,119.03483664982286,102.93612332701716,102.32994926379752,21.338559135601805
1693,2571.9460868672736,2756.979451927562,0.4631692574057115,0.22952810468861845,0.32971289013714855,49,0.0,0.008412629011503877,1.05118204747752,-0.05419483804490883,2571.9460868672736,2756.979451927562,1246.2480227310891,0.0,846.122860693159,225.88593065712155,-1.5163517391202788,101.94977925372828,65.75180367468607,81.97918422022968,65.31555941984328,98.80342665757124,85.3837824929339,61.37606227654686,92.41250145518917,93.66474557237564,65.29199528621109,78.90312007255397,147.93428667452113,84.22529668414845,103.70819542214,19.548283568410383
1694,752.8268875627457,2757.962704146316,0.5845909155300186,-0.7196140027366943,0.1684193247126001,49,0.0,0.010412980350096317,1.1340393023140363,-0.13657026532152475,752.8268875627457,2757.962704146316,1177.0001815385021,0.0,616.9081405054616,226.64412440617718,-1.5159511165385178,94.90055961230698,49.50515077208682,100.06108384458747,88.65851678529978,106.25839191154375,101.17313494182147,42.59646656080179,68.07082172528472,165.9262452246832,56.21612136751226,48.688514208626835,47.94335550087903,83.0055519412481,103.93040420681409,20.06586293500574
1695,1844.3834611336417,2758.3455656180104,0.29118053476094385,0.7640236269230947,0.04569639622746592,49,0.0,0.008851639486667564,1.3918125866076139,-0.3589518991026128,1844.3834611336417,2758.3455656180104,1514.5958437653562,0.0,0.0,226.18917063080661,-1.5158180256453089,101.13235727688317,94.19135523950436,100.45863234530381,103.81879966909457,118.86726518699737,86.3582973555371,133.1204103601283,86.51843545371409,127.58118613489808,90.9761146430784,111.76128905623978,114.54845198827476,106.25278947678919,112.37417669871232,26.63628288020071
1696,701.9733484189793,2763.1329465275553,0.7723389665342144,0.19089226460585723,0.27219348389006953,49,0.0,0.21825152611580514,20.34125986052734,-3.270944619934173,701.9733484189793,2763.1329465275553,9197.784757508758,0.0,3086.344229991877,226.66531870266073,-1.5137934881764041,0.0,25.976296749987853,63.7481078890047,69.95404850505108,52.56482370517548,320.16587904034554,1251.8042629665847,1000.0907612694535,1269.6563275642216,633.6719940966627,1120.3745540358964,961.2834495498496,995.0178946400606,1023.6364236844751,409.83993381198917
1697,1207.04269232225,2762.6741351728947,0.7268120715544101,-0.1851167383493061,0.17139419002938086,49,0.0,0.011718326709259572,1.0422252326247887,-0.04490395843517328,1207.04269232225,2762.6741351728947,1174.1868663671917,0.0,0.0,226.45481209579398,-1.5140107691354663,82.46161634738394,72.83715492594536,85.6556659852025,84.73491012097217,88.29487678461722,78.7972258659828,93.79093242801883,71.31783209506614,97.89621090524285,74.74249644694194,88.32194887672883,87.24847389823306,76.53781611673107,82.21231233123717,9.337393238887518
1698,1841.6783259067724,2764.4100810871146,0.7237890708494109,-0.24471870129484227,-0.04182103787453893,49,0.0,0.029702289301324247,3.42891260217963,-1.337891039358636,1841.6783259067724,2764.4100810871146,1611.764070073668,0.0,0.0,226.19029827620932,-1.51329138077036,109.67558076694073,94.3421588128941,122.20336359876973,116.61270422581367,117.4941083126795,102.1796483338566,135.1548658732149,108.81594990774794,122.09811198949583,102.19033551877286,110.25669306323293,98.52867242897983,128.27443851930065,114.0497902101713,29.887648511797366
1699,688.1857461799559,2769.121149892502,0.5807284892172595,0.2948746055687892,0.37057120543336014,49,0.0,0.01661350803197847,2.7308968547164816,-1.0907632431418894,688.1857461799559,2769.121149892502,2243.4453123710914,0.0,62.772867294235965,226.6710645104595,-1.5112976381626393,0.0,0.0,27.01806876335987,0.0,42.0647368970574,0.0,156.48505293531565,503.501370275715,370.20385336328536,0.0,262.6215032976711,106.28814788331289,79.63950969297184,580.8316152963694,114.7914539660331
1700,744.7095575211508,2770.0880279772746,0.2070934980709328,-0.32215105628051405,-0.6314963543447016,49,0.0,0.005266899687625161,1.3289851633734724,-0.3088003313993471,744.7095575211508,2770.0880279772746,1039.2080198343829,0.0,430.21561039369703,226.6475064645332,-1.5108988035492068,68.87619568092305,96.05083699204421,56.95208384449663,119.22966971290643,63.7055196287607,56.04610371133391,70.1324334514345,81.57648972698746,75.03014268397958,117.34377132908692,43.41637529180334,47.291577751218405,53.80244037455762,75.90030883001639,13.854070824833833
1701,687.107351377902,2776.40075920841,0.6236728479584395,-0.763180896833808,-0.09273200941414705,49,0.0,0.03915479030049045,6.340653540399821,-2.0053350588847367,687.107351377902,2776.40075920841,1182.0869900534672,0.0,24.941973645950462,226.6715132590151,-1.50826467632223,0.0,0.0,0.0,0.0,0.0,0.0,15.731522774216957,237.12762884263458,244.5575123712106,4.028006246689037,124.10574656138647,39.01114159770148,121.09098232571574,148.57530612127292,247.85914321263934
1702,2185.248438780658,2775.774117969097,0.9475692284232198,-0.012084806614389376,-0.6072592828342692,49,0.0,0.022379509844115256,1.9220120176666369,-0.7093902470800011,2185.248438780658,2775.774117969097,1504.613441181917,0.0,0.0,226.04710131524766,-1.5085453942601514,109.9774270119772,96.79183772583616,115.34927128746438,109.6682774902043,96.86993518380467,115.77909205385998,117.27245162337422,109.24501368448563,95.19271691324803,95.57217753772878,94.34812241444817,102.14128018826368,111.66957379125269,113.68285159750194,21.053412678467275
1703,1297.4433612292357,2777.975566501938,0.7022603027140071,0.15051917537514084,0.09990846583469648,49,0.0,0.014818820702696668,1.3074105760598205,-0.2910299844756251,1297.4433612292357,2777.975566501938,1237.8416347278865,0.0,0.0,226.41713309454246,-1.5076381707980773,91.72392989558566,81.87822205192248,88.21347595919518,92.46748476780519,75.86105806111951,84.42054657673847,93.90568022807093,105.78972349887177,92.69964057338495,61.14646941661295,87.70021232472432,94.31370913189878,84.3349074830369,80.04455538042924,23.342019378490036
1704,804.6793451705327,2781.35616659836,0.5104260966854682,0.6571520981284332,0.05786132619926942,49,0.0,0.021703759740883132,2.4375513273610796,-0.9673844234443785,804.6793451705327,2781.35616659836,2065.3462334197425,0.0,1456.0000061659032,226.62251122068633,-1.506208125009557,134.22117395039123,148.4127663397182,149.14644243427378,158.6826130712576,145.30164906222822,124.94369937460037,140.69032388326644,161.07169893467756,164.6387648734172,112.75343301270948,153.62976126941294,170.18643501488793,130.52556128297584,148.146925120306,22.994985795619503
1705,2542.5236211308475,2785.0697026709877,0.8585901438959855,0.031333441849478644,-0.3238935817807632,49,0.0,0.011112048359172956,1.162869981326615,-0.16382789914058074,2542.5236211308475,2785.0697026709877,1030.9874096099343,0.0,740.86514930554,225.89819608234862,-1.5046508485774233,84.26286989799667,82.42631701673119,67.50817495563675,63.791677280866,90.91117400223575,62.84865729720908,60.66895472017622,69.21880462211513,53.55620078500448,76.3379906015621,59.204693500811146,87.42406247135767,70.92875569973096,91.16155690911913,10.737519849381924
1706,2254.239425462276,2786.7873888659806,0.586824025058473,-0.2455909178383254,-0.3438651287026449,49,0.0,0.051768018963274896,6.159283549927427,-1.9738254945308145,2254.239425462276,2786.7873888659806,2248.0129802358533,0.0,0.0,226.01834749947753,-1.5039535128103034,176.60050258791577,147.48610441752578,149.9785714645853,164.95409184201503,153.6890249890652,156.0401936053273,149.93367211915,174.52520427661977,171.28842606173419,145.41879356360073,158.6795021245888,143.33487161167076,167.9687126097968,157.49942087222172,30.615888090036325
1707,1242.8562836115996,2787.360495100037,0.8163375721149889,0.06382266725842886,-0.3921626748339778,49,0.0,0.016474383679125352,1.0701385069608205,-0.07359997906317015,1242.8562836115996,2787.360495100037,1780.3907667423666,0.0,0.0,226.4398842659459,-1.503726648107794,102.08305926126951,101.5027736336802,123.23954925976689,149.73990368629762,118.30557992382681,124.35427647173347,126.17899135216257,126.22372129955615,146.13901955213836,107.27711167412474,122.42848381295077,131.52491309043654,133.6488097642693,141.08186067075013,26.662713289403506
1708,747.3798135195091,2788.6539227710223,0.6606255701835635,-0.03624487913570436,0.25255272963812736,49,0.0,0.007928771393886215,1.1321228792654066,-0.13473391803759316,747.3798135195091,2788.6539227710223,4098.2447590609845,0.0,247.21344670304774,226.64639187970417,-1.5031639139254942,0.0,73.05687721586203,57.80293495080561,16.40567133899035,121.84058886040185,68.64047914682004,46.74471006522196,123.32575691363603,51.27437526063402,3301.119407175404,25.601258464997166,62.49081141937695,35.452346736140676,100.30411802677224,14.185423485921419
1709,1940.7322185295088,2790.9885065715152,0.7469020724769984,-0.17840440429303475,-0.22477647211758103,49,0.0,0.015323310770778312,1.5050789783926952,-0.44389822487479735,1940.7322185295088,2790.9885065715152,1187.0935692594585,0.0,0.0,226.14901404240592,-1.5022155774681731,81.94242680265756,82.82653855952267,102.43023338489357,83.99813368162879,88.85408218562951,89.66812654813326,88.52590003314904,81.42951608493436,74.76131990174024,68.60825828475149,83.51340685148261,70.45417688891435,99.4124430093251,76.05344221308383,14.61556482961223
1710,1281.8401275987187,2795.762599614767,0.39233234252358,-0.4910460986801502,0.2869524221957043,49,0.0,0.011699567153401947,1.4197380241126438,-0.38052053493878457,1281.8401275987187,2795.762599614767,1255.4402120666914,0.0,0.0,226.4236358223721,-1.500227091752956,91.72593754613219,75.3398142578629,75.38314173247086,103.83335349299628,92.68311834307116,79.09711981421248,86.22654419830815,113.12647986203248,91.74369918537681,79.25437331654459,92.51581537210856,66.01370688740316,99.98881418242999,94.23141194749809,14.276881928243563
1711,2417.99737790496,2799.8236791512018,0.5116203083918333,-0.5231989758380593,-0.05079506579978062,49,0.0,0.010147740738419602,1.050501196790911,-0.05349137878827587,2417.99737790496,2799.8236791512018,1317.330970670963,0.0,1060.3743438533972,225.9500971346013,-1.4985126475364194,91.8060622449224,82.60577555136763,101.63543090645784,84.35107821087492,89.72909243887867,93.02736220354267,91.55029872799562,104.71974056615659,105.21952381852887,63.95808528642871,97.60517039727256,106.90344667339727,82.8203098394012,95.73228051262699,25.66731329311123
1712,1189.9431992347722,2799.909781156153,0.8533173710133046,-0.2536875019860684,-0.26741552205861063,49,0.0,0.01498361604697643,1.1288363703240347,-0.1315774840959103,1189.9431992347722,2799.909781156153,1404.2958560170177,0.0,0.0,226.46193744110494,-1.4984965793899807,110.69188541296606,90.27103903832513,92.90542731864929,104.1604177272358,102.16852573084918,89.72148147807724,117.06581537658514,101.59792294149972,88.40361206460109,88.44212084761017,94.89118429124194,111.54175078818753,102.0071976827916,92.64252009813688,17.784955220260926
1713,2321.280166996157,2803.4128037440614,0.5972315417880824,-0.1122521905167544,-0.06071041187640357,49,0.0,0.03186656402843125,4.010286091659079,-1.5079383901519878,2321.280166996157,2803.4128037440614,1642.6166016756995,0.0,233.55016287685046,225.99040723649108,-1.4970232095677127,139.89601153159782,88.83290061484561,131.72935364223792,118.90122349671944,130.45563794718962,115.2983614691457,119.20034692007687,113.84372263409148,114.16027739635165,76.3836627610341,125.68205702416458,97.31667021625671,133.78165694709375,122.94733003235115,14.187389042543119
1714,1682.4516198970327,2806.267446437713,0.5416534484594383,0.007813041371080584,-0.08769694510796833,49,0.0,0.04855146719495825,6.496005828847109,-2.0316160148111684,1682.4516198970327,2806.267446437713,2051.347915361698,0.0,0.0,226.25666377075538,-1.495854168986189,132.86645905016394,137.65123213666328,147.52469979488768,138.1780445024816,140.06301445050332,136.75868915182502,140.80729531374843,162.97361288369672,155.96400578858473,115.34556736964673,144.7340981836056,173.26344798055447,153.23178341159598,140.07554484575047,31.91042049798995
1715,2519.4532439200225,2805.972005081401,0.7303561858342041,0.24513084786110273,-0.32199173222440103,49,0.0,0.01150657793946835,1.3574057669080157,-0.33177422487438046,2519.4532439200225,2805.972005081401,1143.8700525707886,0.0,615.9289827888953,225.90781328857173,-1.495944116664989,76.05296330714299,58.70418199845355,57.797025377258095,58.82887682440524,62.38959824408623,110.43724799966598,181.33787332401047,169.86428908930029,81.0607289513726,63.130702129713576,43.81209276430991,56.10719428534995,64.372010622738,43.691681154751706,16.28358649822986
1716,834.8579112460246,2807.9437258442113,0.618568864257141,-0.05774008095439511,0.6269400602692597,49,0.0,0.012557444697873869,1.3874955364106762,-0.3555789866663686,834.8579112460246,2807.9437258442113,1303.1357400052502,0.0,810.8680564394527,226.6099311893358,-1.4951328596575648,87.65839902198418,84.61936108759679,91.1714562208524,63.679372084799326,68.99194189198657,75.11131887622068,105.78846121380423,101.14882894843291,88.96926494787456,96.79859443181452,132.05007758667892,118.36059311599249,85.92984030043495,86.43046621672318,16.427764060054443
1717,1936.8338146407816,2810.2443450853348,0.5413663824406163,0.032253075683580476,0.06805076330249342,49,0.0,0.02747343907846888,3.5545879319375135,-1.376973155239518,1936.8338146407816,2810.2443450853348,1604.5546385288765,0.0,0.0,226.15063954976816,-1.494193051319433,125.64111323681851,106.54508411675815,114.36976673782866,107.18441941348382,125.27632129720692,113.23946243697108,106.62458218395514,108.92811738351296,101.92448259587974,117.42592481079018,105.50316735796139,115.53021249550284,118.81500534569045,126.38574752356573,11.16123159295071
1718,2365.695003865584,2811.2228362686856,0.8084177442226157,-0.05248906177952073,-0.47441094736553224,49,0.0,0.047682388509450835,4.799881864528225,-1.7030763714520545,2365.695003865584,2811.2228362686856,2060.560321668563,0.0,1181.878885615762,225.97189661664837,-1.4937667175056402,164.13860446885747,138.56527423195752,130.19144535883004,152.9613450882878,160.41128596663486,146.1494926050264,150.39647206053408,132.79945822137398,144.71205338381918,113.45179449322032,130.06259396781897,139.8418813964949,163.9865158087253,165.85067373356443,27.04143088341793
1719,1486.8290467085062,2811.8934832494756,0.5781614645814305,-0.3416290927701914,0.02458903418680938,49,0.0,0.016473070911937397,1.7385840754264106,-0.6004892434597109,1486.8290467085062,2811.8934832494756,1376.5344807234092,0.0,0.0,226.33819774589725,-1.4935099233804656,91.12804054313779,85.65848739471195,114.33335295968877,87.41690184373046,62.06484906925104,99.04743475026469,112.05157761329158,118.69258346261032,98.52585408133783,96.66667185772516,96.1566335916266,79.09596612100577,117.23462848781311,97.2422182907095,21.21928065650449
1720,2391.078156482887,2811.404437449267,0.5610274704240076,0.0673942030733239,-0.02331497613040484,49,0.0,0.01960213665681779,2.314538019990451,-0.9111607978979996,2391.078156482887,2811.404437449267,1482.3914719379623,0.0,1095.331851122419,225.96131747156025,-1.493689497454667,99.04864885161031,106.35665017943771,100.49279541816753,108.52690219171367,99.15945292916584,94.55182256434315,112.56988814088763,117.56059592954432,104.2141434080535,81.0725218141536,100.9250444459147,105.97780905592433,111.77958459460822,120.86870104768087,19.286911366756993
1721,1017.3598524371706,2812.8847558265206,0.46966477765322123,-0.1508458931354054,0.12964801976367837,49,0.0,0.26820110994422036,34.55314598425093,-3.8462189875533985,1017.3598524371706,2812.8847558265206,11272.37152044046,0.0,26.306638886354307,226.53386728469877,-1.4930840080798533,796.0741251140882,758.7982487831689,780.3327927178011,830.1440534957649,826.6482435845819,755.4221366750926,873.8418837478566,857.0099419610301,793.2371867986055,681.7502263996353,783.6993567553877,749.9224376436271,827.3954102093771,801.086779526202,157.0086970282413
1722,1516.12069688783,2816.7450336321763,0.7062551338084494,0.18088164251752303,0.33083153471737675,49,0.0,0.031461471307335155,3.603690201908404,-1.3918686223986212,1516.12069688783,2816.7450336321763,1537.5615412039817,0.0,0.0,226.32598918088553,-1.4914888310701742,108.13140714192082,98.67230794762125,131.75547171823268,120.96109275622612,119.71173472491486,99.77328252806228,107.49997488290893,93.89282947700397,122.40415438494024,92.53305003891745,121.08965434871455,106.85064112949152,102.07233016687252,88.58669536043256,23.626914597722056
1723,2122.5357560828375,2816.4786964843765,0.7270790508879816,0.5642774768453197,-0.19893375566073454,49,0.0,0.025387818709990618,2.473318025882518,-0.9831999067602781,2122.5357560828375,2816.4786964843765,1644.921000039767,0.0,0.0,226.0732415272502,-1.4915893268897864,124.93786556539862,115.69931358956032,114.34409076370352,106.33421159459985,102.88517273937825,105.75785658044529,135.99104832408864,127.95354187759,109.79833719347613,100.9520696894358,120.45730793170254,122.48534296337047,108.25967634124456,127.81098882640656,21.25417605936653
1724,2075.000363120855,2819.6028916849937,0.5665372671463708,-0.1326598869061226,-0.22474289561325994,49,0.0,0.05355267797613585,6.81392507761001,-2.0834933849524706,2075.000363120855,2819.6028916849937,2305.9743522631306,0.0,0.0,226.09305377625347,-1.490289557309606,177.09926136065172,126.37379222052822,157.6716705585177,152.02927151677983,164.7530927198533,145.0434814746997,173.45420047889712,170.57589106953338,169.04118534920636,118.94216659965821,174.3557120282131,170.09774263581517,193.74058829190193,186.99490394963385,25.801392009240978
1725,821.38999615342,2823.055951060779,0.3791409242270655,0.8476618361054175,-0.3605155114560448,49,0.0,0.007355694948217504,1.2608754137945992,-0.25168044090815817,821.38999615342,2823.055951060779,2152.1052738203043,0.0,448.57000371624366,226.61554309353838,-1.4888358692657329,42.36013158294956,160.4410874626069,65.23728103048902,48.575312386958714,46.89336668304965,513.7956168017644,73.92108360792048,33.36417091012206,47.386256209509604,64.02551678573371,71.58668868844974,700.2150717657538,84.68895211340606,185.74229656996715,13.872441221623452
1726,856.4500669401675,2821.792508695714,0.7414592540846371,0.28427948649470086,0.8523658942245498,49,0.0,0.012033677871098993,1.0648111536852651,-0.06818147909712893,856.4500669401675,2821.792508695714,1459.0633583020376,0.0,896.5262755997948,226.60093092264876,-1.4893643569109527,113.99141871801162,107.32761059880433,81.33174642288284,120.52359360608774,68.27523107889442,93.6670772496683,128.96651129221146,97.81390100812816,111.74942810257346,70.19171345662971,106.63086723803309,119.98051557113502,128.24555166314263,94.08305714225406,16.285135153580953
1727,1414.698883840073,2825.442766946842,0.5352614402318351,-0.23945781541778494,0.5116575112290482,49,0.0,0.01869046196712,1.0796335289229453,-0.08319090868143728,1414.698883840073,2825.442766946842,4179.695916824363,0.0,0.0,226.36826072477066,-1.487863983490348,97.91048102123597,334.0067736157399,439.7358781839386,472.12548159183604,551.1396510746893,374.4059996186287,300.90733587711134,249.31553143338684,263.2917805824312,154.8599377809692,228.60239204429615,239.24098656181854,219.74965158714647,221.94438358017507,32.45965227095975
1728,1885.8753850113583,2828.65856036796,0.5949838135673283,0.19132557329860597,0.2587329616810058,49,0.0,0.012963744399209382,1.2173299910471855,-0.21352080437671167,1885.8753850113583,2828.65856036796,1214.3311463513173,0.0,0.0,226.1718790757705,-1.4865223329393145,80.82723137437478,92.0592636770368,85.16863629482461,86.2611177312106,83.88796035473122,84.60468274568854,82.8583637925241,88.70565583594004,91.18870410527342,74.6620003988246,91.74932678081458,77.66259199075505,93.99446613629226,80.4933094456134,20.207835687413493
1729,1443.608437169504,2830.2205200918543,0.6088501512783296,-0.29822920423985305,0.2483031107900925,49,0.0,0.08115783747921666,9.946616739881334,-2.4941884603913156,1443.608437169504,2830.2205200918543,2909.2488527396,0.0,0.0,226.35621143253024,-1.4858738027142706,205.12584122437306,194.152199029862,198.92360040555857,203.7780023941428,197.1203597268895,192.45253449069793,226.46383421792416,216.86638134989755,206.92894060900423,197.69345511881465,204.8705374028677,241.3794995383392,203.3829534729428,180.00289353525545,40.107820223030586
1730,833.8752274939429,2835.9600590750215,0.368023404844791,-0.32562952997910843,-0.6801837805064942,49,0.0,0.006744509453619311,1.2443647026682743,-0.23736920881223705,833.8752274939429,2835.9600590750215,877.241647042234,0.0,430.02681003540545,226.6103384812819,-1.4834604305496975,44.349197530459705,32.75427209847942,86.52087978112672,58.91008095053239,99.59093158787465,42.29612898100932,53.177366505298224,59.23966338334132,65.52368002483023,23.573188010270666,122.58605817436364,74.47620938413255,51.10961178175691,52.22828339857918,10.906095450179007
1731,837.259712026079,2839.779868802733,0.24962145840526473,-0.6640989734934036,-0.5583065500846547,49,0.0,0.0059803036490529956,1.2207200433907872,-0.2165401886269179,837.259712026079,2839.779868802733,988.0124769015094,0.0,455.7524184057126,226.60892759898022,-1.4818691996946889,74.29682250640818,37.427058314088725,46.71865025354235,53.53440068277263,97.34114037402958,54.58294399456873,111.48628440096881,72.22610437377,84.1212745421654,53.03170491911692,118.04783325215041,68.53524278047179,45.960820235731546,56.36641177624347,14.335784495480826
1732,1820.178863584979,2841.3097305458564,0.5770226727776702,-0.2319511581329775,-0.035203124105800176,49,0.0,0.015081019984484152,1.7340749842386074,-0.5976696828749303,1820.178863584979,2841.3097305458564,1245.097857718132,0.0,0.0,226.19926095073058,-1.4812527479864452,75.7588428042545,102.48272394634807,99.4204030209288,66.69253019714628,100.8526301119497,78.70862670700153,106.25538246131981,84.46819777489111,87.43162029786396,70.78486366885664,89.52111970629943,91.99624978067422,83.91615689322248,96.65784532943056,10.15066501794495
1733,2297.5352995050293,2848.4091284899255,0.4889910881839767,0.022356045757298652,-0.1467952002223786,49,0.0,0.026139652244569118,3.098636742595753,-1.2279266657248098,2297.5352995050293,2848.4091284899255,1797.3088135285543,0.0,1018.2087134063015,226.00030698321132,-1.4782778037864241,122.57311205667173,128.83797400731643,113.93349964348829,100.04552080810961,161.22321520260917,96.31835420269942,137.4212843870455,139.2357734629335,130.24306733806088,123.9655605151672,117.63559739391715,133.4078601808435,136.0798742271574,132.05871024056165,24.329409861972955
1734,1461.2961222802608,2849.2420042563203,0.6954919139707942,-0.20366519870417282,0.35178891394741796,49,0.0,0.01260254279454401,1.1733187696278897,-0.1735400453844586,1461.2961222802608,2849.2420042563203,1241.376764215081,0.0,0.0,226.34883910817993,-1.477949037819691,96.02289614368595,94.65917817170856,84.61339982507286,97.53694760250295,82.97914629410887,81.87047266098698,110.06405182437265,81.96670431578704,91.72299551437733,68.11745105342754,92.46669180345808,82.9416455979574,73.21444133556156,90.74372589746258,12.457016174610807
1735,894.729002737076,2853.8603785771697,0.7906362060222878,0.6495195660949046,0.6081737669807228,49,0.0,0.010987713072894487,1.097490088723681,-0.10100151720100063,894.729002737076,2853.8603785771697,1378.1883402403882,0.0,733.3066216557263,226.5849746561659,-1.476006188317985,83.29910117254113,88.1517648744568,88.37346973146019,91.42619385727065,76.41188590747987,93.32241857625795,64.49248128031729,86.58838434270125,94.57551446728914,65.2253982712307,86.34610390569041,194.40109840115514,120.96848563701434,135.4536481095395,9.152391705983677
1736,2128.0984025967678,2858.4959694993227,0.33886378846271337,-0.22298869033098614,-0.12736286803291177,49,0.0,0.023719854784282523,3.5671589356242532,-1.3808061496613173,2128.0984025967678,2858.4959694993227,1743.4262957908084,0.0,0.0,226.070925440215,-1.474083445194476,134.20282736837885,119.51588674904053,118.53157032532006,130.94721007152032,118.71009472800893,124.29329993664658,129.36900600227835,131.80300597876928,131.27424225633615,109.02356930349352,120.3994166398272,115.14234656159928,115.85157590075521,121.69752122230422,22.664722746529986
1737,901.6828630707014,2859.2910452969118,0.8061451019281402,0.47353534447932,0.203081380732492,49,0.0,0.014489169871903594,1.583270378105955,-0.4988877162344376,901.6828630707014,2859.2910452969118,2300.832645600659,0.0,728.9938515524018,226.58207604748267,-1.473744009805095,142.7065886246271,86.16047285472138,63.152338165296726,99.27046500870668,89.42287044227209,122.93799220680609,73.42092037788886,83.90954461778777,711.5534943487336,59.64412351651743,335.22869506129945,179.98927297017235,94.3128896546493,146.6955014517826,12.427476299397341
1738,1356.217704723298,2861.941778353316,0.442088601607831,-0.5330302482839784,0.19909145985031723,49,0.0,0.03140172035016218,4.076360980857592,-1.5256815896196279,1356.217704723298,2861.941778353316,2005.381165352585,0.0,0.0,226.392634131311,-1.4726563394172467,120.65059495412592,139.51443592733386,133.2763788358455,148.9076238822047,147.7212548792049,150.03782845708423,148.9404928327095,136.12170170268212,155.05035099172827,103.90413810959832,132.6554361069941,140.44801126543587,152.9056375765115,171.02303492553483,24.224244905591316
1739,915.9899014940495,2867.214729103068,0.6938986741703769,-0.07449697786596701,0.031362998662160496,49,0.0,0.012578906745900939,1.4744150429039813,-0.4215493829435494,915.9899014940495,2867.214729103068,1300.2672363152237,0.0,716.8997132719818,226.576112636295,-1.4704435655600714,140.61418728563146,55.061725549337,63.27364892332443,110.070495754453,60.11121613972148,143.81545469634278,100.96661021095885,63.97746869278477,107.24380091333835,89.55188594872186,82.1837722256567,95.23447789550704,84.22676273572787,91.04686586286839,12.88886348084992
1740,1194.8248557911206,2878.2667065370756,0.4506841737544084,-0.004267949495193171,0.3741676559577703,49,0.0,0.11409159767396633,15.46194625749226,-2.9731603985498105,1194.8248557911206,2878.2667065370756,5078.169759541832,0.0,0.0,226.45989945653955,-1.4658508100901717,356.31906847205397,304.5121812412011,385.3375139910408,340.24304614214066,376.3815602786217,335.0652988397982,358.37181826056064,410.63438380937885,379.8800860547333,284.8710082572703,357.30125202487943,349.3245016716487,384.1522315762792,385.63263444494737,70.14317447727711
1741,1400.9696904787781,2882.776519590035,0.40217933995662136,-0.7427008960283742,-0.7592582378537507,49,0.0,0.023647260933566453,1.483604907185481,-0.4282956528386064,1400.9696904787781,2882.776519590035,5948.600627538737,0.0,0.0,226.37398170368158,-1.463976722514945,94.0268559460043,85.92782995473306,94.6971427890722,66.69413001059829,73.01572626579802,63.208155789134494,430.4545211793437,815.1036676833144,844.9096447922502,523.7021097771166,835.1157431537854,662.1621170940805,559.0469482446875,517.9828941078595,282.5531407509589
1742,1819.8896611404305,2885.4922662998883,0.5873285697181698,-0.26104549191762255,0.44492606424910913,49,0.0,0.012837252361152615,1.334724065917139,-0.31347872785464515,1819.8896611404305,2885.4922662998883,1275.9961662519404,0.0,0.0,226.19938251154332,-1.4628449393242964,96.99093868562558,85.75072235173471,94.0341002891139,80.29228264912912,97.55990839177335,84.64942842052872,92.45454219333055,94.65577276463407,85.21657006946356,88.35073425053363,84.14882470530966,78.9282869149822,102.28141543520246,90.35028830162136,20.332350828957527
1743,1396.8335601967437,2887.377118303319,0.7661764237600994,0.030353769457077604,0.8460837857019399,49,0.0,0.02292812424857254,1.0104345088637596,-0.011270425106266625,1396.8335601967437,2887.377118303319,5430.915302188458,0.0,0.0,226.37570547631313,-1.46205991119304,77.68081525204227,83.69878774109313,87.07504065976642,60.12503398256062,82.9190752363341,72.55290013831174,224.1612575711272,639.3859170832575,719.5171371261422,443.13507004481244,757.9197478351646,727.0914807510508,610.1052684283568,508.3787857378425,337.16898460059565
1744,1402.1540687766042,2888.141831380085,0.47722071777624386,-0.9132600103856849,0.2433218108504067,49,0.0,0.02436060691196719,1.1941103107021036,-0.1926111208282983,1402.1540687766042,2888.141831380085,6166.311861345918,0.0,0.0,226.373487961583,-1.4617413916979174,80.70086618570801,78.22931603671087,84.47518632821402,59.57183515816077,74.48426409010169,67.77130224107066,197.86163940858603,724.5686618848413,796.4201072691462,535.1783325403651,925.6263081493843,864.9247878238068,731.7867207231561,630.6258616539568,314.0866718527097
1745,1393.6987025712885,2893.8075377301357,0.7328727952867597,0.015409184957593277,-0.15731965622515245,49,0.0,0.02205092180168301,1.2805864531699849,-0.26852225819670844,1393.6987025712885,2893.8075377301357,4722.213144177049,0.0,0.0,226.37701189166683,-1.4593807588562733,59.65584361976496,63.96148677508642,83.88044458465367,84.5875764637536,87.65515765551585,72.42982806606028,107.38509401526451,309.60926585509185,395.7272355996848,361.31284659642597,587.789462304767,733.3056931027234,760.0595975489873,626.717244987532,388.13636700173686
1746,1509.4219087894587,2895.4489954805244,0.3623741352068344,-0.1927284160645589,-0.4564278050860531,49,0.0,0.009534413909390953,1.2091961706348806,-0.20624190788623603,1509.4219087894587,2895.4489954805244,1294.4918375762675,0.0,0.0,226.32878042040744,-1.4586982092627523,87.18401698837081,75.2103292399466,85.08494181666757,96.83896175242941,115.68158308675838,83.00776402081634,96.91181332767593,98.11671827077568,101.2897200202563,82.7834684630783,75.72685260648612,92.27152547303625,93.35279261988211,88.97925158708827,22.052098302999454
1747,1520.208370883622,2899.003299645362,0.4159338268321214,0.030241336167089967,0.3592752999404791,49,0.0,0.01498863061955416,1.8291722742472853,-0.6556365248059055,1520.208370883622,2899.003299645362,1445.272755992387,0.0,0.0,226.32428477518062,-1.457217452438646,94.30588130238749,104.30990194391379,84.28906925390194,114.96293501271029,116.58882850239102,92.40843103219746,105.8796613819756,98.71864821244881,101.62575761463808,80.83923674701703,109.06562482344594,100.24741112905578,121.18549833226294,99.18989933589137,21.655971368149213
1748,1393.9231402175262,2900.168867313615,0.8992770577082779,-0.2310659729371609,-0.19939808691715635,49,0.0,0.027492189228573816,1.5133810807758643,-0.4498707510545509,1393.9231402175262,2900.168867313615,4219.952625486747,0.0,0.0,226.37691821106628,-1.4567304470338232,74.87579171980406,69.22405862805357,87.62930868615744,87.11044882693858,93.8931964680373,71.7501973017401,96.60559414484447,139.18695059895424,197.8601261047594,256.11324373221504,410.92889089906,555.8961777671537,778.7978632766867,791.6405005577602,508.4402767745811
1749,1713.675358981666,2901.004247599318,0.540208427900664,-0.21697360054362713,0.19209286278036644,49,0.0,0.12231388402806341,15.709255789735499,-2.99038902815262,1713.675358981666,2901.004247599318,4549.728745676497,0.0,0.0,226.24365108479043,-1.4563835536875185,315.85037657803593,283.27310764200297,323.1247592270038,326.06000503112915,325.3965796640682,311.1939110115013,332.436013144053,359.97461014495843,346.18309663804337,264.885124399347,304.5978571500309,318.31478668574437,351.8211344593118,314.7422414866365,71.87514241463039
1750,1896.003888092608,2903.8748994653006,0.5585456181690105,-0.02760427257993768,0.3472922114242632,49,0.0,0.019434677262841867,2.0948027131615006,-0.8028578193060834,1896.003888092608,2903.8748994653006,1555.347391860887,0.0,0.0,226.16765998231168,-1.4551846888094875,104.36969980827722,112.38628880039236,107.59485861649736,105.39379781182679,106.27165390809088,105.82709507311549,102.88395679722296,109.03432946753091,118.10630407559309,98.42636310685836,86.41289653133697,106.8817595920857,144.7092208380311,130.98304686837707,16.066120565650948
1751,1988.941779597858,2904.3373557144496,0.7609158993151246,-0.3199615825376365,0.12680031755950635,49,0.0,0.013883334577332533,1.077905327507845,-0.08145154603571172,1988.941779597858,2904.3373557144496,1419.6891749255458,0.0,0.0,226.12892536810295,-1.4549895706243074,111.47391006536576,78.7163352144891,110.07764444280645,107.11956706947211,83.09056543603187,102.9685839227488,111.62129664608608,115.01163962736229,105.18218986025877,73.94440645404066,97.84296253048191,110.92822876789776,103.72117949984181,86.73353951673025,21.257125871932132
1752,1501.5232028197306,2905.286330699106,0.8703657953519395,0.03048747096465798,0.36922164357593046,49,0.0,0.015162525448182014,1.1260472900335543,-0.12889157435527648,1501.5232028197306,2905.286330699106,1439.637674359416,0.0,0.0,226.33207236430545,-1.4545996289757022,83.0457746274717,114.22554821243915,113.28443807931143,106.14080887471479,108.02010461541033,100.73324661361953,105.2293619332809,101.26279295019992,103.0359375560578,68.43272646587451,98.71469905567798,114.93396221085496,112.2957346460575,90.78284730352944,19.49969121491625
1753,1817.7228615071356,2904.723495729966,0.4710721947198644,-0.2362799724204474,0.04576917309181122,49,0.0,0.0799117882444402,10.790299776468487,-2.582583776085767,1817.7228615071356,2904.723495729966,3474.5845845533463,0.0,0.0,226.20028603897447,-1.4548326838574637,247.7892425401732,232.0281286174481,262.4457984075702,239.0588764074627,253.9394482890229,251.35332961359032,264.28124187621995,258.3649446117391,249.89627339094676,194.60897294652017,196.88528281460634,253.5773962223698,254.17262531615646,268.41133615698243,47.77168734253779
1754,908.5855183466678,2905.805153214856,0.5599103305877825,0.5647844713304757,0.27989161668591167,49,0.0,0.00806788890199744,1.410958971707701,-0.373785963478696,908.5855183466678,2905.805153214856,2133.5313169491114,0.0,136.99091129360374,226.57919578131754,-1.4543654359273013,0.0,1.9831335358626279,53.06651248373505,1021.9876453244548,152.88323541789725,447.56821204972715,42.76723289756458,52.72016778495896,42.26289509409855,10.605450299484563,31.25035715622015,81.47654823691667,77.37990411357498,106.40234246018868,11.177680094427407
1755,1258.9488387993154,2908.301035027,0.7633276337694612,0.10761034472840308,0.3203125865578535,49,0.0,0.017575066553566047,1.548099955604443,-0.4744974954634224,1258.9488387993154,2908.301035027,1424.0449542398196,0.0,3.4019676075910295,226.43317265099412,-1.4533395086929206,107.07205178133142,101.5831904105695,90.58115223766342,101.35422355746113,102.86543500210696,112.80774276010754,112.5186435695807,98.01505847684807,105.8758863265738,79.22256471221513,82.54191786875253,101.48060582137369,109.81985291678595,101.88393435511621,16.422694443333587
1756,1617.4054839593443,2912.817990583494,0.27356110353648744,0.786320095710041,0.3035004237412902,49,0.0,0.0071583489904717135,1.0021618045520673,-0.002344616081056815,1617.4054839593443,2912.817990583494,1137.1889083748542,0.0,0.0,226.28377471084042,-1.4514620873906108,63.04628759052017,67.2895564174485,82.13384067254113,82.92649347064429,91.75515229258167,83.66894927084685,97.72917788979342,70.99185799896023,93.69970180935334,61.98494218448744,77.1804967562963,88.45093239038835,79.19312569561816,82.01411852612648,15.124275409247895
1757,1787.2656662950762,2917.1593813382588,0.3942333096437309,-0.41883637997541495,-0.23890169560176122,49,0.0,0.019991113171498466,2.559001833322793,-1.0201764925625194,1787.2656662950762,2917.1593813382588,1673.9255851083017,0.0,0.0,226.2129802762147,-1.4496520135773874,125.85893840432112,112.14235138079061,123.7062602303511,140.15692838764062,121.47253622341154,96.74520892885621,134.86192580879185,123.6609624177665,117.6092670399161,93.07342955174258,115.03170525095263,112.96624434080431,116.6471949506849,120.21812041027572,19.774511781995773
1758,942.0369296524738,2922.324836151861,0.6189995750047182,0.008950551247410433,-0.34876780262578855,49,0.0,0.0084241127056587,1.2690883444017265,-0.258729638670012,942.0369296524738,2922.324836151861,561.1014650148404,0.0,188.53834109462812,226.56525301626348,-1.4474846790959048,0.0,0.0,11.968894053581474,39.40789970358962,42.54840368739312,46.86359532398268,57.27581285240888,51.70721106997618,39.89976609276525,16.166522875225624,53.90779398800991,59.60393484837759,59.75458217463853,60.33801413551046,21.659034209381048
1759,2051.6236765366248,2925.35580326979,0.5351558242390726,-0.40113309057579394,-0.008845099423898837,49,0.0,0.027305814995235843,3.170882145687014,-1.2529502515286395,2051.6236765366248,2925.35580326979,1964.793234002418,0.0,585.0041903464596,226.10280190822598,-1.4462307064298556,126.22638532450823,139.008936029954,133.24938559182618,142.6437071398147,153.6086107013876,135.23853625283755,132.94344699601965,163.00498911947125,121.64685021031943,114.4623314184848,127.8527675068848,155.2076319976204,138.3879682384654,154.37275183682084,26.938935638003198
1760,1969.1485546647446,2927.1465203360167,0.4077125974424295,-0.4509477531543738,0.05292242747739029,49,0.0,0.022995753733517046,2.8041790373457984,-1.1195143460335277,1969.1485546647446,2927.1465203360167,1763.7896257106768,0.0,2.147042954735264,226.137175660595,-1.4454872322069126,111.03127915102485,107.72448429058244,129.62726366829304,134.30022777829913,138.28090893413778,122.34819686174373,141.1625543293983,113.25103664014851,132.71553188972064,102.54561576804983,124.79281308928384,127.77692821254524,131.64007914926734,119.84899562698493,26.743710321197327
1761,2083.7937260930203,2930.243582784479,0.9583370192083882,-0.8660920793842644,0.13023404712269115,49,0.0,0.024114519928743954,1.8504553158583545,-0.6681965059198302,2083.7937260930203,2930.243582784479,1661.7993530720082,0.0,770.1519177105265,226.08939447653003,-1.4441931842638331,101.30055593873946,107.26122632581922,118.95531699363629,123.34357397250658,131.67489912587774,113.01641993410772,127.7448778986496,116.19733849524741,132.2114143762596,98.7404887154861,115.97078883016144,89.41300405613694,118.68838614965014,139.6354449991797,27.645617260550168
1762,1169.1003159702211,2930.6236249562944,0.3133057086515436,-0.03314789829576078,0.5919897917256558,49,0.0,0.010684107611430845,1.2001364195725763,-0.19807653782781762,1169.1003159702211,2930.6236249562944,1521.0285516300169,0.0,1037.3441038352105,226.47061857363332,-1.444036661822671,109.45496787411814,101.0497136876289,105.58018395216547,106.44018455387129,116.05254337097492,95.55086352101196,93.5850230169242,114.56018347274107,114.74078074721605,96.25501456519575,88.37806222242392,126.65377151030332,121.37527717458096,116.2028594608203,15.149122500040974
1763,1004.8044781184376,2936.5214799750825,0.9738850868960987,0.17092228874204513,-0.38459378110223014,49,0.0,0.014805530075302371,1.3444709423423133,-0.3213785509524829,1004.8044781184376,2936.5214799750825,969.535217804915,0.0,421.3896492620722,226.53909238207257,-1.4415730321481448,32.0098466237337,45.76349858212944,72.42515937039845,28.3095521402194,104.07640219962477,115.6760087501053,56.398882685023665,83.4852000696859,65.81954139143514,28.39637434087158,68.5932474546966,92.93177859748401,63.2106531589125,97.10554585673188,15.333526583862664
1764,1331.518308381647,2937.86106597918,0.5172891435312446,-0.09970660787990501,0.015300609789978452,49,0.0,0.014654477103590063,1.6260094460877759,-0.5278076606049642,1331.518308381647,2937.86106597918,1505.5468898643007,0.0,204.9671871661651,226.40292631898149,-1.4410256949230829,100.97029481931268,96.76474074392016,124.52329761480118,115.99386005909221,92.65597118466701,88.539649317361,132.79750111721518,136.6216466597601,96.09010055285464,63.11226485174032,98.95216370902483,114.22344615267622,127.01416405524179,105.26482717910815,12.02296184752511
1765,1799.0552653819072,2939.3597746431346,0.5813784319374572,-0.2302179175497105,0.33145765301519575,49,0.0,0.031532613413385445,3.345331308454889,-1.3110978376277715,1799.0552653819072,2939.3597746431346,1942.2856525639563,0.0,0.0,226.20806707139943,-1.4404025475590907,142.849173377595,119.83009023336791,151.5318300120696,172.38609630341654,137.24284900386976,129.79241751215153,164.20293810219698,129.3778455099974,132.23530721960248,112.04301138426865,134.38459554593055,145.17656176868167,144.6846992813049,94.98970707618682,31.55853023331661
1766,1122.443377002661,2939.811647892756,0.5011161330610235,-0.4504095546130592,0.5135152506469185,49,0.0,0.013482558478978902,1.125773284737397,-0.12862734595703287,1122.443377002661,2939.811647892756,1795.2249839189135,37.87386043037823,1529.7828746259127,226.4900635538695,-1.4402070823263913,126.49023589224424,135.8068163594576,122.8813144228676,132.89524517123544,113.04443760360046,120.71948255613285,126.57027338050835,141.32290584606517,125.64634968785387,100.9702284989298,119.55907194914282,131.6191564588321,139.97166506003646,137.1279269824105,20.59987404959614
1767,1025.6085375324358,2940.794160564174,0.3697137110618754,0.2707890101582178,0.7856533133934708,49,0.0,0.008791060888119186,1.5302081102929672,-0.4618762486217865,1025.6085375324358,2940.794160564174,1110.0651222543595,0.0,532.1238449698544,226.53042158627684,-1.4397938611146162,106.69698160293902,139.24150411658215,77.73913225614508,56.4802323529663,145.598759429417,72.77829602430117,64.95489576555119,65.01399096148894,73.92966602146842,38.992484086437315,52.545348180814266,43.78516045173741,98.26858245306887,52.21828781487071,21.82180073657166
1768,1057.3810785340108,2942.519456774157,0.3310487090117589,-0.5573033744239206,-0.03474193992429299,49,0.0,0.006086226137003957,1.083215629896147,-0.0867872947316349,1057.3810785340108,2942.519456774157,1442.5075695421533,0.0,656.8436151096269,226.51717959540412,-1.4390764142014956,98.76391534095643,81.58238451575586,56.942647748338494,121.77915913486513,69.10252416703037,64.36111636604426,76.66546712658618,90.13546436670174,302.6692442784896,46.4436138571543,61.04642571575628,68.85023901316046,225.91818049041765,58.56042569635486,19.686761724541867
1769,2238.0311577534812,2942.492206280726,0.37385884473293235,-0.27146232888307775,-0.2906158070992145,49,0.0,0.018654516345693633,2.357611609663729,-0.9311806536440339,2238.0311577534812,2942.492206280726,1860.6897779235323,0.0,1546.8652379639327,226.02511336515718,-1.4390835253096024,130.62580683962184,112.72854098526045,116.35501793955038,131.57452972465924,105.60185739700576,119.568108738266,140.7048654951723,118.31329403003798,146.7898956991518,124.17259867187126,118.4336117205639,136.5743952183787,161.66823637806795,166.42829913873973,31.150719947185028
1770,1934.2488792987365,2943.7307208159577,0.4865151696520042,-0.14992362414829158,0.09551718693982135,49,0.0,0.013093300569332908,1.4002824492107344,-0.36553911376950976,1934.2488792987365,2943.7307208159577,1789.3322046200692,0.0,131.1086537952824,226.15172163413413,-1.438578757293289,147.24343706028745,112.71800662644029,114.46130870075993,125.50881055547407,115.58580771460724,123.80010344856365,131.4874681022003,132.3174738671711,130.4484452456623,96.17384552532475,116.64610441984212,136.61332014281024,135.27918652835535,141.16333687020776,29.88554981236266
1771,1928.387624549801,2947.8910946429646,0.46152278111381595,0.030689362875483545,0.038308128300274906,49,0.0,0.023020246076384084,3.0201868558328977,-1.2000845328454757,1928.387624549801,2947.8910946429646,1850.4556484856084,0.0,213.25395580290163,226.15416460712274,-1.436845586569922,157.788498137091,127.28064556681447,135.2827584067337,131.65388091015464,134.56128280217845,123.76630460514662,119.81424777688628,136.309061792374,126.61766693219963,100.53151247984007,131.09306833014463,139.0689452812512,119.68991053650612,132.53161568777597,34.4662492405117
1772,1587.101137906982,2958.531376713108,0.4641465061178273,-0.19282904295225403,0.11717238801664069,49,0.0,0.012837150382059155,1.2647554986606389,-0.25501644056676676,1587.101137906982,2958.531376713108,1399.725576477063,0.0,0.0,226.29640493445302,-1.4324166430735883,113.01129231922553,90.74701594618149,94.32657917221425,106.66730450600762,100.03202252483004,95.37876259830145,95.8567353020236,105.26741447387327,94.72212538632657,72.58085639062506,83.77192633444125,111.46622465062696,104.3620961460384,108.78798181448047,22.747238911866965
1773,1443.6656289303428,2963.2375826233097,0.37192102588746834,-0.24406042533338976,0.4210604376626396,49,0.0,0.04462948865708539,6.263600142983897,-1.9920600633820371,1443.6656289303428,2963.2375826233097,2832.2822486320683,0.0,587.0050670963456,226.3561853902175,-1.4304549921656842,179.84170917524293,172.0930315504878,182.60716116297692,206.19134225578654,204.90082973710207,178.49385561415397,233.2045089853729,203.50521715492107,210.48226992664146,165.08019933841257,193.2100911303289,226.32010658186962,236.75670989482572,199.2556877844645,40.33952833948139
1774,1149.5955263036515,2965.435463865626,0.4377406912129382,-0.8688377222406152,0.6994232687773916,49,0.0,0.008797656850556857,1.111672660963888,-0.11494231329220517,1149.5955263036515,2965.435463865626,1342.6174366831915,26.49286762455035,860.7389863066642,226.47874602782727,-1.429532542670968,80.33060365538851,84.4002621065798,75.72413495394383,63.431951865340544,92.72604555390384,76.47437037128881,163.60845356041375,82.03520457743004,86.76449043538713,105.99547914074799,100.35969257101326,139.61091482982027,82.8685197728636,83.46790854520874,24.819404743861206
1775,1326.2127542896003,2966.6478953291266,0.41945392566737416,-0.37938561910772844,0.5663226031836204,49,0.0,0.012243585675064688,1.0523964936257562,-0.05544848108470875,1326.2127542896003,2966.6478953291266,1606.565849558459,0.0,953.8782061117089,226.40513671799476,-1.4290322557393365,135.35795809078132,87.74960785954639,113.92242143959336,121.73348756529839,130.17642012624518,99.6980625518205,135.29577804939527,121.0078974797354,99.28073840801423,77.63331732552156,103.32969723169649,112.24420963391258,136.29893465390774,110.66016708780876,22.177152055181885
1776,2091.276214285565,2966.7462702037033,0.44141436291549263,-0.25283828127127184,0.030020859544862295,49,0.0,2.426706353949909,282.0132795644159,-6.125673897622521,2091.276214285565,2966.7462702037033,127736.34410118741,0.0,112000.41872475171,226.08627786116185,-1.4289850112963078,8835.216416478688,8240.868525711996,8972.922550179199,9359.811350889388,9312.041092118117,8850.463166776546,9858.358752500226,9390.153325106852,9420.705068213678,7331.791322711531,8717.826682347953,9117.027928384847,9503.226758109438,9067.983870713479,1757.9472909454767
1777,2160.069620928108,2975.0487325811932,0.2314127314759141,-0.24703177067407625,-0.30096536385087275,49,0.0,0.026337457449740916,3.860797327973141,-1.466692509982719,2160.069620928108,2975.0487325811932,2555.9790191383054,31.815700498926894,2129.2565957874112,226.05760734967396,-1.4255232936361237,147.90042745134122,138.5629529569506,186.4211760561,179.57124887698325,162.02166307360216,197.82161239845698,219.76849194117005,199.09951905895258,181.6626764790224,135.03539873677607,171.11309578904593,216.94714347562666,211.0810361002068,183.99610004675816,24.97647669731279
1778,1836.3175504101569,2981.395801863455,0.48356872971032155,-0.21545559961299393,0.25620548862279563,49,0.0,0.1095925853768252,13.959865809875023,-2.862203109057594,1836.3175504101569,2981.395801863455,5023.514159719814,0.0,2043.723034611956,226.19253803459281,-1.4228886583573999,357.6203958395771,324.30252088862983,322.21519576220265,347.109377199291,362.3126999938705,326.1318277402285,413.4255178567552,401.01092574779597,381.33395622945886,281.5553330970919,322.35790212747634,357.4894652737721,386.2829084743797,369.83354446711394,70.5325890221715
1779,2203.5997326395227,2984.6680289655264,0.9377703246024814,0.06301709161073037,-0.08142531523482875,49,0.0,0.010483762610519549,1.0259806215380438,-0.027847895022890125,2203.5997326395227,2984.6680289655264,1026.9028342381648,0.0,538.5034984428576,226.03946603203235,-1.4215137873891284,34.16269415159084,75.33017033536107,92.31940744330755,30.016893829016755,225.76553612514405,69.10308642710409,50.68768107685643,105.98894745445045,64.55199942346557,54.011630548433615,59.16625673495058,39.526819815320636,69.41804926950923,46.54671672236748,10.306944881286466
1780,1100.038213432033,2990.6860738574583,0.24534286289609386,0.460387315902203,-0.3540021458000599,49,0.0,0.005538803673549399,1.380032878651756,-0.34972358347941945,1100.038213432033,2990.6860738574583,524.6013263015865,0.0,216.95121645316686,226.4993987361109,-1.4190107983674138,0.0,0.0,12.742062710083259,46.08333122804672,15.896818055823678,44.21348946959053,31.24095441915956,48.655584802360835,78.81861575510285,14.357923633267745,49.29921175346063,46.36944232975159,68.46780744820325,48.99324422456603,19.462840472169873
1781,1776.7328623775377,2995.7336766818385,0.3807381562606427,-0.12910393870774253,0.46946268536469526,49,0.0,0.015585517574253936,1.7787161397356175,-0.6252666144723219,1776.7328623775377,2995.7336766818385,1629.6016160235927,0.0,803.88965965429,226.21737160453725,-1.4169160812875121,126.81482336670132,90.84960111192386,130.23040471639808,101.88109427215153,131.63173300378466,117.41609481558478,125.74641558281961,116.71339101530698,140.459208513232,88.09677536893372,112.63106865730842,124.73302609740512,110.27401411864463,96.34438877705892,15.779576606338871
1782,2160.7642974533082,3003.790513625845,0.4314467816043727,-0.09962422149961965,-0.6635169131951538,49,0.0,0.006886906657101712,1.0472492655278562,-0.05012516111904389,2160.7642974533082,3003.790513625845,874.812870694127,0.0,491.49855923912696,226.05731953299284,-1.4135488433859016,43.355671268288866,37.33230169052071,31.732485960814277,71.60667464650817,67.20094321772923,58.530640839002125,38.35316840627505,86.53731499180161,93.01702870301001,56.07368156905477,67.76221719496507,47.726348957581486,65.8295047486354,100.04732462996002,9.707563869980282
1783,1380.2578952108522,3016.8642340402616,0.8563515470359762,-0.08138575706343408,-0.11033398248201302,49,0.0,0.012398839618060683,1.0843125441198516,-0.08788620509611084,1380.2578952108522,3016.8642340402616,1672.2845384050593,0.0,1274.08224855074,226.38261091893642,-1.408111959998252,119.6686553052535,121.55679402323918,139.32697058111006,128.36680692372929,132.19608713206307,130.36855441142603,131.30681287114498,94.01999855550697,133.8967319619225,116.78029197949105,86.23067057481055,109.12517201265706,118.83487052982227,97.77927624055866,12.826845302324177
1784,1723.5848134248477,3021.9249824767576,0.6549206807495389,-0.08960301163593472,0.5138239450576222,49,0.0,0.02793474853392953,2.7632704766367313,-1.1035584923868749,1723.5848134248477,3021.9249824767576,1903.358186157971,0.0,1517.265220052475,226.23952257231346,-1.4060047822683166,119.45678770051974,128.8342698227161,142.74043122811509,137.99587157284446,112.87633066144996,135.26829814920615,127.97524061688574,158.6248144740025,133.49267537722142,112.38897109674411,136.96782146987036,150.07012978448697,144.79594014286246,143.84084670548842,18.029757355557443
1785,1276.3818553292383,3024.434035504563,0.9274849335071061,0.04032544623690929,-0.0006037166245424655,49,0.0,0.18571272584086995,22.325659349249236,-3.3720107346922887,1276.3818553292383,3024.434035504563,6495.464950227446,0.0,613.7332419237157,226.42590294883826,-1.404956115580065,374.80099218813587,91.06868050296166,456.9134286681729,75.04888487173298,82.91268820137064,57.83315293142479,69.86723387191576,62.961404164287885,59.6181161610391,59.10211629383625,129.66548414993028,310.03600646519783,2623.017259725282,2016.4110396936785,26.20846233847766
1786,1858.5480495215127,3022.624762856385,0.2557232250665823,0.46904943002729826,0.6843618749512219,49,0.0,0.01306288949606583,1.589668427144071,-0.5032663716841259,1858.5480495215127,3022.624762856385,1758.5640027948784,0.0,1567.6753907289785,226.1832740912932,-1.405711326207348,121.44435953493681,118.9183606806472,121.81574931691394,123.88382376149956,122.90144081855304,108.43484669803382,140.29604486735198,135.12199086574597,135.41216912960635,90.29601678523194,133.7575152940075,125.58228313684519,126.97311852851111,131.4155169194915,22.310766457502318
1787,2101.657937461028,3025.047088781878,0.7518297429493351,-0.6162937529157825,-0.7518283299058706,49,0.0,0.010307892170971897,1.2206795880677916,-0.2165042061451566,2101.657937461028,3025.047088781878,1168.2415115108463,0.0,512.6316482924011,226.08195415589412,-1.4046952774256718,49.289549100744814,179.0626902389273,80.37506690584412,64.9091484434083,37.067880217632265,62.77909507993901,191.78084544779213,46.51252247275758,86.1180844032296,83.72637801948899,42.493765529500045,54.98365845822664,137.74429580227817,42.22669528260179,9.171836108475567
1788,2121.3350718259385,3035.90604181366,0.4674215655097141,-0.30425124493996025,-0.7213479169305623,49,0.0,0.00782037580945092,1.4448791081980616,-0.3995787789098707,2121.3350718259385,3035.90604181366,1021.4648849139974,0.0,286.57040041301104,226.07375403647455,-1.4001704883723263,117.12591261967589,97.79609135048739,24.755719440991342,67.43597493638315,72.20642700730377,52.156294610231434,32.68012309783111,61.523686533027444,57.389212645475524,25.985325208417606,76.6330117053395,130.69448774565421,78.56860254318106,100.9418696919029,25.572145778094992
1789,1326.8974834031453,3037.734654003458,0.4151792638514824,0.832164101318952,-0.02937337652727444,49,0.0,1.041446579040537,133.64508194338484,-5.314882454043609,1326.8974834031453,3037.734654003458,200282.29672447697,0.0,24190.650780820237,226.4048492846687,-1.399415923774501,14540.191998068149,7369.328326926709,17140.458182960905,19423.44990118128,15477.19001122723,15339.472361017599,12729.770055531846,12053.792975446348,11211.040609662818,18951.29385304138,19863.91201708481,10857.361249727463,13656.61668610032,10818.375630404655,850.0428660954418
1790,1297.3748340721975,3039.7593629946846,0.3962524520519416,-0.8138258623944434,-0.7797142328932809,49,0.0,0.48196129747609656,97.84901546566101,-4.976391150611475,1297.3748340721975,3039.7593629946846,69944.50315927679,0.0,545.2469399923103,226.4171532675089,-1.398571759254963,5997.693113629599,12122.395474689341,4181.040557765554,3883.452075907723,1261.8467439519131,1800.694357574037,14445.090995758646,2348.8656841758284,6013.312943978051,3118.0529300039557,1996.380580126917,6826.850293032093,5429.302360804657,497.54729899286457,21.977748885607184
1791,1320.8990886183765,3039.0810261489255,0.42729902559084665,-0.0749341305535253,0.1429453875284043,49,0.0,2.454279385210163,319.3890743070118,-6.260800139170116,1320.8990886183765,3039.0810261489255,281920.32325189887,0.0,11157.895225083457,226.40734917504966,-1.3988548750729857,18520.918465793082,12084.309705181722,29022.680990102315,24672.053696212293,24463.90293588519,27479.568953513884,19473.810966941477,12992.053499817775,6849.465505280048,29161.413325261332,28936.431578503827,14548.293776791672,16489.899629375126,16712.506319667344,513.0139035717707
1792,1405.459113408818,3039.4853291955405,0.5332990647478794,0.029768106825980793,0.015304393866485029,49,0.0,0.1445491660446065,27.566497384299865,-3.60095396973425,1405.459113408818,3039.4853291955405,3673.191600399292,6.934062589220988,792.8195820906712,226.37210735418896,-1.3986879187972459,711.5604895032596,101.55102328283257,50.30760082614633,103.6950135354775,60.73561822681025,76.71542654074987,380.39065474479844,477.55566487737855,295.3151072731031,58.87026745476984,1133.1322510394311,70.358120355799,61.911841598416586,74.77155848444205,16.320962655877146
1793,1762.075828996451,3050.662494074198,0.31210900629977145,-0.34616586089417833,0.9386855940229061,49,0.0,0.011522329519173381,1.003904903643428,-0.004231438947452636,1762.075828996451,3050.662494074198,2662.212113608399,0.0,1672.0871823111265,226.22348118421692,-1.3940317253139753,168.92646559663754,170.46980906858215,135.46448188654085,159.87148050198664,169.74138351634747,209.07641690533387,165.69213035842844,144.36100028293137,179.86930492915178,152.25343425198048,160.42074644567356,132.06429285172135,154.47557032217827,526.9742616015043,32.55133508940099
1794,1296.5505346389687,3049.645835691175,0.8438685419413663,0.7617854962851413,-0.11749444148119115,49,0.0,2.1999724616127265,271.4024036377886,-6.084034224024158,1296.5505346389687,3049.645835691175,105554.59021801683,0.0,266.48322888355045,226.41749648981593,-1.394452841526883,13305.364079401983,21541.135592131075,10502.508456550715,8266.837657750079,4103.205846791983,2642.486307454129,11168.941727334646,3939.070118025319,5302.753721232419,5771.540383450316,1706.5735617531318,1063.9060112532045,13919.856347711926,2283.202143600209,37.20826357570034
1795,1715.587704586579,3053.1441332979052,0.6336218224398973,0.4446222180119702,0.7126776373594589,49,0.0,0.014715368878072595,1.4558484349697833,-0.4077904098282967,1715.587704586579,3053.1441332979052,2201.687594430431,0.0,1223.4430876068755,226.24285590376087,-1.392998298655231,158.4006123690591,140.7044266634315,139.01524463999436,131.46794166348772,154.37318407346552,501.80234177672855,168.9655892259537,143.24050074559437,113.29846773248084,98.56081811834923,110.828006603931,97.40992781523664,134.08431869917223,98.01547480934201,11.520739494204621
1796,1761.4558699575261,3053.3360951191466,0.7174290338127405,-0.9662894787967935,0.1241097716894236,49,0.0,0.01743028064142808,1.3477985759461797,-0.32406248292523265,1761.4558699575261,3053.3360951191466,3768.593435549313,0.0,1609.6838063005334,226.22373960772572,-1.3929178571226453,388.46549290019635,161.65888907423303,147.04796441913163,157.34850006184013,182.36535516740443,206.87398430803438,177.03921815997137,1023.6957772775346,162.95440894087,149.1346560966811,157.90438179069923,140.2444183172687,141.75479461753474,544.2479616854616,27.85763273245189
1797,2059.1459526529916,3062.279302373736,0.42393149446484274,0.7704908485154738,-0.22542553088566433,49,0.0,0.02933516985567315,6.19510884926779,-1.9801223535441537,2059.1459526529916,3062.279302373736,1242.9614155894392,0.0,124.30603145410026,226.09967344601577,-1.3891851657896253,0.0,0.0,430.42783036053976,8.009939189817976,252.98567638918098,13.198576121657688,64.46234990086292,39.61642174418347,66.5687028550328,28.445276401478075,23.60397953020074,42.19975527227343,209.4109178454868,49.77439828053807,14.257591698186568
1798,1797.0758208078578,3066.30024470758,0.5807577778800618,0.39500671841585566,0.17731284089972937,49,0.0,0.010225881461927057,1.3132628155273025,-0.2958791189394045,1797.0758208078578,3066.30024470758,1206.1550087075318,0.0,753.57843513882,226.20889469766232,-1.3875162728463617,63.677475412397705,82.02952523028185,93.94334240275707,111.02536244976979,74.7780920599999,160.23004494072663,118.78585934651156,77.74483518393127,91.80651357030813,54.39301208650828,79.1177982302303,58.06378988877194,70.8371158792365,59.03623136263052,10.686010663470455
1799,1905.5575651727015,3068.3721705512567,0.791151950372481,0.39606944036294695,0.1476082349593605,49,0.0,0.009537967091020883,1.0017633075565435,-0.0019128009212823467,1905.5575651727015,3068.3721705512567,914.1848836336001,0.0,534.6217461575982,226.16368350178794,-1.3866510740397724,38.14916337587507,43.94441193597761,69.04309951647932,53.083130283464605,110.66372058036303,116.61043717401405,65.5867724582933,71.67803516534471,61.42551723404095,33.30890085170247,68.19097845326795,52.34012473957576,46.72814826397358,66.9153483892795,16.51709521194821
1800,1590.0650660972174,3075.313789127336,0.3169529797110362,-0.023932231837450052,-0.7213629180257648,49,0.0,0.007465602041851018,1.1214492072528546,-0.12444902067943818,1590.0650660972174,3075.313789127336,1516.7547226178006,0.0,671.3488330483431,226.29516950976418,-1.3837624725450832,56.73998188882907,99.56476620652069,94.72095747072468,106.87664690714305,344.8513744605875,69.14271456431379,80.84650863247673,134.47817610103294,87.45142709565336,23.969132546413853,121.63142808796,89.64159785299273,69.71795524919493,118.54506920533204,18.576986348625386
1801,1927.9740383777437,3074.9652230901215,0.2889407857997324,0.5460339057182647,0.3379761734149214,49,0.0,0.027225066360531555,2.6865843644290344,-1.0730012072094102,1927.9740383777437,3074.9652230901215,2966.6179665897016,0.0,1724.5471295059679,226.15434137852014,-1.3839037710741908,13.711887687164625,12.398641040709018,193.0002758072624,190.45180911057093,226.97528830939186,207.90846192308578,216.5260914957288,247.86104895390298,284.86176281172123,169.59591633576088,276.1257100483806,255.88672386703803,230.7558374933103,364.5443743417827,76.01413736389105
1802,1665.978806126521,3083.875489756497,0.30267030303438847,0.2026965588004478,0.42250328519506375,49,0.0,0.008477074927307331,1.8682023017040164,-0.6785597570325663,1665.978806126521,3083.875489756497,847.9508042057635,0.0,458.7420409103753,226.2635314386361,-1.380195357470661,6.120402398608704,46.69985038546985,18.688039770155882,137.02471239788022,70.20045488981495,43.94606237499957,60.717550416874886,99.75373607462603,72.14310702836435,35.377710313743634,60.777715550747914,51.854396712177135,57.00473485916864,64.76362984483369,22.87870118829801
1803,1693.3177538596449,3086.326671735169,0.421321833020242,-0.6234087629297114,-0.05239249456644351,49,0.0,0.0076321538439754035,1.248135253859229,-0.24065412526892052,1693.3177538596449,3086.326671735169,960.4021669696508,0.0,480.01709394835086,226.2521375953625,-1.3791739929580258,13.518177616856192,33.46952487922769,13.362409443738922,66.79878538687842,104.83323117999348,64.37859597105715,72.59165323148517,129.8923849200946,68.03640343233934,50.056149274379294,69.15763482491742,65.23075070167774,104.8645195757274,73.04582724602864,31.16611928524935
1804,1569.031735598222,3089.344644634664,0.2542079762411873,0.6932020397638331,0.24757161667003824,49,0.0,0.0049399616007344506,1.1512276953433167,-0.15290307243537546,1569.031735598222,3089.344644634664,613.6570261932152,0.0,305.3908347489055,226.30393540295253,-1.3779169294712774,0.0,22.922230849573225,12.08216759519354,4.2030308035565485,57.75185066661808,11.294991731361597,93.93167883539797,43.19071553565222,60.14906690196413,26.37760984665335,72.32776599647704,55.47410477215938,79.48649932486256,53.983989582798415,20.481323750947087
1805,1768.1327379928673,3090.903230712676,0.3436428767496371,-0.39086307223264916,0.5816860353328328,49,0.0,0.02434907539290627,6.129086885380347,-1.9684894447874317,1768.1327379928673,3090.903230712676,1344.3842821289113,0.0,370.6647614580808,226.22095758200763,-1.3772666074294229,184.9317673080972,26.52976671727422,207.7813917685478,47.25035578042573,130.67883847372542,324.03801853183677,37.3043792988181,53.5648783122257,45.03498091839607,26.5363056051451,44.572391887577105,70.29525210959827,86.27039385339955,40.349688413125776,19.245873150718676
1806,1972.1481484556857,3091.859426681178,0.7418528050966948,0.578325230079579,0.7371270702463337,49,0.0,0.008506569010873445,1.2181294134619478,-0.21423357494325693,1972.1481484556857,3091.859426681178,284.4616907509941,0.0,22.959622473450857,226.13593197017593,-1.3768642336432673,0.0,0.0,0.0,0.0,0.0,0.0,0.0,11.693298978043787,76.38871775789565,0.6363413201308025,3.793775577015728,78.22339153390189,35.215003070175676,74.7173862693131,3.793776244517455
1807,1732.159030075875,3093.524993498722,0.5915820290786961,-0.44107085674812674,-0.3871456930687111,49,0.0,0.00980516331470968,1.5644098477088493,-0.4858763527568546,1732.159030075875,3093.524993498722,1882.7288211290447,0.0,313.7472776510516,226.23595009654244,-1.3761747274407492,732.6243574937984,41.69557857068533,118.80408141993618,46.684289843917,108.98819506506572,51.4031120527049,80.09840144228973,56.15879273736214,51.33835722495073,316.68748995528915,59.613100894871565,80.50425398147172,55.96967230822828,64.94187106588826,17.21726707258568
1808,1692.7928179453957,3095.082773683843,0.2033128764363025,-0.2282141505989816,-0.07469071577535136,49,0.0,0.005449991023279716,1.6867291221894087,-0.5676133582450775,1692.7928179453957,3095.082773683843,1191.491252475158,0.0,290.18406922013685,226.25235645459395,-1.3755260499366577,0.0,0.0,0.0,36.76287243450652,77.85477295437693,35.74411728558406,35.23180014117067,52.623565178295976,49.59962091037066,48.9281346171347,96.2903588261148,77.74905473303156,595.5048741366307,59.27905746756665,25.9230237903746
1809,1626.3297158598602,3097.6446320941996,0.588082965285041,-0.34154924388484953,-0.13279333456650952,49,0.0,0.01176928772663568,1.9071173971080586,-0.7009435697242704,1626.3297158598602,3097.6446320941996,565.0005145469873,0.0,209.4087700222698,226.28005576153365,-1.3744590208254135,0.0,0.0,17.541082332475757,6.433427739120669,101.14210353664336,11.741384865437636,12.782728904978955,60.381562242429474,40.92522780643105,13.269061907005433,70.92311320267103,43.111205238697394,78.34334701909265,58.64769701070681,49.758572741297186
