id,xcentroid,ycentroid,sharpness,roundness1,roundness2,npix,sky,peak,flux,mag,xcenter,ycenter,aperture_sum,aperture_sum_mask,aperture_sum_edge,ra,dec,aperture_sum_0,aperture_sum_1,aperture_sum_2,aperture_sum_3,aperture_sum_4,aperture_sum_5,aperture_sum_6,aperture_sum_7,aperture_sum_8,aperture_sum_9,aperture_sum_10,aperture_sum_11,aperture_sum_12
1,1728.0201428324533,98.70737474168165,0.20136224225018,0.5707870969642904,-0.11404338489028287,49,0.0,0.057218155747797296,10.353373406678203,-2.537704694096601,1728.0201428324533,98.70737474168165,11038.29142082386,0.0,135.12423882960246,7.679166925353508,-42.39751174550254,1200.7189903450055,680.0991351317476,559.3747787505582,979.4033791128526,1023.69014879887,633.2390055063099,1413.121150702769,1290.167458128511,881.0027849896143,458.1322354367496,745.111497858692,982.6916160134424,191.539240048738
2,1709.5734887837275,101.30442001198158,0.7716162601910548,0.046014019310526136,-0.2120344490280899,49,0.0,0.12107140088663301,15.475730487393598,-2.9741278944980243,1709.5734887837275,101.30442001198158,6311.506270007638,0.0,125.08804682047032,7.689575285578781,-42.39643580926576,714.0866908608036,667.4776760136552,208.39847933645137,141.26534716504887,541.5070541969571,700.1385578250403,214.9908728937645,617.9141055871721,808.3714640554439,270.0262477514246,720.7003188025664,499.11445504699753,207.51500047231224
3,1814.2975864916864,107.44909362460594,0.9317418184914343,0.09459068960370695,0.10894364848187049,49,0.0,0.030147221027729855,3.6798448506189665,-1.4145737709090114,1814.2975864916864,107.44909362460594,593.0167771278831,0.0,11.415492122980606,7.630497539982337,-42.39382907189362,10.574191858998692,326.52611813065846,0.0,89.57048906976603,166.3459780684599,0.0,0.0,0.0,0.0,0.0,0.0,0.0,0.0
4,1698.901185770831,107.70318278295402,0.5021815448626402,0.6062536319596603,-0.18535798713467688,49,0.0,0.01379555833735768,2.3875330460217903,-0.9448734784987168,1698.901185770831,107.70318278295402,2106.2605581261732,0.0,112.70993134281622,7.695598660358668,-42.393773037343806,126.85574904081847,136.2038852332334,64.51436131828105,21.84201314876878,490.5218775973964,96.84080284066414,193.90195650639393,59.790013684505105,208.4758972211786,100.57349654383171,513.6791871755693,25.758979155866463,67.3023386596659
5,1721.6740231595527,120.03893930602193,0.45239032901559467,0.3904879857883801,0.24088583712596293,49,0.0,0.8180630677018771,107.34472655150034,-5.076951785045752,1721.6740231595527,120.03893930602193,35365.307770987776,0.0,27074.17106003304,7.6827568704472595,-42.38862682781584,3397.6283368180657,3937.4174448269614,3832.189997301561,3585.39450652736,3532.186190319532,2643.655947779475,2685.668230559734,2305.73562951799,2203.2566008161502,2263.792710046894,2228.1633951449353,1996.4599832467663,753.7587980823491
6,1716.175420600692,124.14639911271472,0.42871988925795124,0.82922171109051,-0.9074769135503737,49,0.0,0.010548311858587726,1.479765094841178,-0.4254819470832749,1716.175420600692,124.14639911271472,24725.160572960267,0.0,20408.155713153476,7.685860419304842,-42.3869173858923,2396.166807172188,2826.630553310368,2773.627240789731,2680.3926594883956,2642.4519483459903,1803.9347928990153,1914.740088974884,1421.804194487855,1446.8884780989897,1522.3260247312598,1513.4013494136325,1311.4684638869883,471.3279713609667
7,1524.9573267226176,162.22664099079822,0.806585057367907,-0.3370733825672467,-0.36459572596937884,49,0.0,0.013835805550017262,1.3637238372570863,-0.3368160795796848,1524.9573267226176,162.22664099079822,819.6876888538312,0.0,731.055546923692,7.793714129691955,-42.371063015214375,78.15013183824338,63.10234534587887,86.29200417574177,67.48325827249671,80.58726930405408,98.51730242444194,63.994132347598416,63.269217943147936,50.54559116017795,56.41673362332392,45.69275344090994,38.88896359270956,26.747985385106695
8,1902.9855994338166,193.1251011550313,0.453969491286626,-0.20789647765927127,0.2787163337102318,49,0.0,0.011993967830449693,1.2533442311251,-0.24517591600587377,1902.9855994338166,193.1251011550313,1080.5965558905395,0.0,996.1102199338131,7.580560131167977,-42.35807154024787,100.54578245417531,84.19015525521039,98.6727624847049,81.11466627295744,80.33712235318923,85.41903066233411,86.46109342214768,97.02000020238509,92.80270167243708,71.10922928478502,79.422825209245,88.46567201151976,35.0355146054485
9,1272.7858485269514,195.11409244739983,0.5632870698209036,0.49287942197055173,0.21838126332693508,49,0.0,0.00907452230388311,1.151255352075722,-0.1529291555074857,1272.7858485269514,195.11409244739983,622.9841077980827,0.0,554.7306058105856,7.935885770168932,-42.35722092444956,80.06208586602156,61.27526410760764,69.2461284262016,53.5440932251173,53.189843421820456,33.225661736993644,72.68067096563908,44.16087251345337,46.93943436476885,31.274500002158753,23.943305331327007,39.134022347546505,14.308225489426905
10,1932.203211751436,200.50748535501674,0.5671272187062963,-0.014218817177504374,0.005501128020371088,49,0.0,0.08917241457214917,11.483508438071219,-2.6501864846390455,1932.203211751436,200.50748535501674,3106.357154165877,0.0,2866.0875337366733,7.564095406097292,-42.35497028988013,246.35182473106508,260.8154806563732,265.83916550411095,258.17011674965846,243.32008148431072,280.7458772890498,274.57608731451387,245.79356113393118,254.0953939832291,237.64138063136946,235.92082897057026,232.30041618358752,70.78693953410726
11,1782.334917249189,201.67831866734997,0.7496555137396262,0.19372457800085624,-0.2741742987488579,49,0.0,0.014128248773575719,1.3074325100109594,-0.2910481993237683,1782.334917249189,201.67831866734997,1010.2033186661771,0.0,842.2148888534016,7.648592661425853,-42.35458878739684,78.5103521315689,87.35394615734779,86.24644393448688,72.67395280883099,85.88760447200964,68.94217711407981,82.3313511086801,81.9152429809974,78.7473753604455,68.58190198243577,81.14566546573138,95.94114752718754,41.92615762237547
12,1845.0271014689783,210.2940444013186,0.47633494725471176,0.17943045351604736,0.14026523815429065,49,0.0,0.016504854371347435,2.3700854218236933,-0.9369099974705288,1845.0271014689783,210.2940444013186,981.4790497120784,0.0,811.2365513388227,7.613254486859653,-42.3509623655439,79.5651103847673,70.21303159358082,67.70664078817913,70.81774791705854,93.81908182545327,80.80841949659035,88.65833339230574,74.68464967938023,88.19947574058065,83.39937891792385,83.73897667158283,67.61177442001843,32.25642888465729
13,1486.4994862763297,218.04689949606205,0.5439417423067079,0.3390005984111786,0.018567692816975734,49,0.0,0.018499221824925766,2.186203295649119,-0.849226361638757,1486.4994862763297,218.04689949606205,1177.500820801683,0.0,697.4236242202834,7.815378889340349,-42.34779696235501,76.44912637533113,83.95542447248289,113.47744193491054,79.13172223616773,107.73106318451582,98.94755414719052,95.21513071371785,103.85692479185812,90.41589170270677,95.03598805752969,103.00536667752331,81.35907588023122,48.920110627517346
14,1783.4485410217535,218.08167095784088,0.6400954719403458,0.2711224181644312,-0.2380523477870342,49,0.0,0.011023819839635357,1.1445297973657855,-0.14656775959298315,1783.4485410217535,218.08167095784088,842.3059535870225,0.0,456.3282782317697,7.647975887634271,-42.34775420612579,58.9908609867461,73.83209168365293,51.885903634252195,69.66123718528509,60.762324901880476,73.99579495714912,74.09325882568822,59.33607688121975,70.39782759002793,72.63340549663462,57.47723202482533,88.0360220706286,31.20391734903218
15,1728.3824020683653,219.74685856313766,0.5596280620140518,-0.5329706261216646,-0.20908176942495396,49,0.0,0.016441649694147506,1.9600216291510995,-0.7306521597293809,1728.3824020683653,219.74685856313766,1100.1034676332963,0.0,532.6296239576036,7.679019783854141,-42.34708408184338,96.76115475707522,90.39915012332943,69.83123555280017,84.50936364422239,84.19556656555244,75.20279342086037,87.19452762015806,90.5760888283275,100.5951999682329,85.61212714427795,98.47999973400393,90.59091251261256,46.15534776184335
16,1246.6545754246672,227.8607516262455,0.54037871153572,-0.01842161796628647,-0.09588409141372664,49,0.0,0.041831084213247736,5.77700682798303,-1.9042572021119701,1246.6545754246672,227.8607516262455,1575.8045023459185,0.0,1470.8399488334367,7.950576341133666,-42.34355335794294,118.31626780033389,135.62674129303122,142.07732319932217,124.48323286848131,137.1300858943089,117.19848365069441,124.2962238607885,164.9570087165642,141.32622643631183,115.49626532150312,106.46010959302855,102.69468318426831,45.74185052728225
17,1962.908584730122,235.3773624553742,0.5049561865154472,-0.16329983410534368,0.11246774342500845,49,0.0,0.014472117225126346,1.8112101026222365,-0.644922079839422,1962.908584730122,235.3773624553742,1037.2069635777432,0.0,772.1877882407546,7.546830351487403,-42.340413299393006,75.93702160997557,93.73893360808813,83.16497814540534,99.1214213885967,70.79978111179864,79.46990145656363,90.63880162685902,63.66602625420403,76.68221735882771,92.5781849953089,88.8209197576715,89.20105297947465,33.387723284969326
18,1217.5996236104775,238.34931183840254,0.6282607118499092,-0.05910197469752095,-0.16569111173113976,49,0.0,0.1436043591554988,18.69828308656566,-3.1795043264665495,1217.5996236104775,238.34931183840254,3691.62411165231,0.0,3488.1827488199797,7.966939782296188,-42.33915403529495,248.65272783548383,242.30137882692708,289.86675202213564,304.8158556768647,285.13188800620185,321.31816348937645,267.5155071121985,313.0964300791531,326.4000456924651,330.5656521378884,328.7875015775106,301.0872005081312,132.08500868797324
19,1570.7372895822605,239.67785078457726,0.3809564356881062,0.06063169959236709,-0.026637670822830087,49,0.0,0.008533946278450008,1.1662612556465906,-0.16698962043219157,1570.7372895822605,239.67785078457726,1094.4730429773595,0.0,222.09597407327652,7.767888005022371,-42.33880168441282,64.53309366964233,85.77891814070813,82.60926222062957,90.84379464374295,81.50569367850812,93.24741469203694,81.80417524311285,94.4278848093638,98.72950352219469,89.41241523066537,84.19430410961198,93.0472296899813,54.339353327161575
20,2060.385179685236,239.43316955781611,0.32599518647512876,-0.5802013626280247,0.3200012881286499,49,0.0,0.010358809744369786,1.2571685760416937,-0.2484837923372638,2060.385179685236,239.43316955781611,1128.9825397098978,0.0,1046.587752704581,7.491892568413308,-42.33861291889976,92.98302643473225,96.90727001099035,100.13835249721096,88.92806999358581,100.80291249867692,77.44118291779837,79.49758828470064,95.12957574992187,88.02079361282654,90.6650414636512,84.42319042256314,97.0369412306411,37.008594592598755
21,1440.1679758189682,242.1302455328239,0.771272653605579,-0.057305624315060394,-0.033086746996567544,49,0.0,0.028140743729201164,2.855135393569882,-1.1390667694459697,1440.1679758189682,242.1302455328239,1272.7182285869758,0.0,418.38136436344826,7.841483673568268,-42.33774569405917,96.66841365902965,97.35883375004317,115.73076397268976,87.58034177217415,118.28237651476147,93.01622463802335,107.49605312241849,107.58897169163515,99.43633545858076,90.90092836042024,104.52993439122093,100.47114220641143,53.657909049567294
22,2290.078394711992,248.4128543744507,0.5537908469931663,-0.3702285185835427,0.45090047587957494,49,0.0,0.02459703065412667,2.7619245462371,-1.1030295244909656,2290.078394711992,248.4128543744507,1268.306041142126,20.228806720411228,1028.4237688005678,7.362449676306306,-42.33450740554423,247.54864893403652,275.33862166141057,276.5510934911937,261.7387244798948,200.00145012078139,0.8022596041007647,1.6970951621852572,0.0,1.1500432314255586,0.0,3.4781044570976505,0.0,0.0
23,1813.6785852759085,253.9207150603008,0.6301448511591683,0.09629263830330695,-0.07490264420861938,49,0.0,0.18365991041156826,23.355191226385923,-3.4209585688287407,1813.6785852759085,253.9207150603008,4887.731717512853,0.0,716.1675677807752,7.630962182906899,-42.332806239497096,366.0865509309742,388.281902949362,377.768790414332,375.57885705519186,382.5700364852911,426.49278590573005,389.71963856469563,379.3561298102725,394.481834001631,403.8643890347381,380.7176668944117,416.2590078285861,206.55412763763636
24,2235.339618989846,259.002291679494,0.5732354438842074,-0.33743165671110925,0.001324267477449972,49,0.0,0.03990172782226876,4.826433423304185,-1.7090657995769747,2235.339618989846,259.002291679494,1675.2354775345318,62.01463114543448,1627.772760240271,7.393325694376841,-42.330195700709936,168.67664790085854,212.93929858452617,162.23800041966854,168.50934039407548,152.53908107383194,142.4252018083527,96.66880392920939,112.13703941683212,109.20352569822343,106.10776938933247,107.75010149203919,107.9017193932108,28.138948034371122
25,1708.7629506524293,272.57142964840693,0.4564830105209814,-0.2780182629622221,-0.02139635657591119,49,0.0,0.03815781271612904,5.560651758594691,-1.8628142445002196,1708.7629506524293,272.57142964840693,1685.6340437429044,1.246310013942026,0.0,7.690101112207056,-42.32508238832351,122.95579478705956,155.74921511159457,127.44451990082177,114.56337887431869,133.16481676946376,123.18878515062516,115.34371852040346,138.58897828001892,147.48833761222633,157.54274509166555,135.66583640638635,153.11210449811784,60.82581274020234
26,1470.7241236635261,291.2042385205192,0.4664658025744636,0.4873473044903669,-0.19806151372048164,49,0.0,0.009165959031063637,1.2930815666293423,-0.2790648017983351,1470.7241236635261,291.2042385205192,800.9997126834927,0.0,0.0,7.824237073705199,-42.31731237291611,66.39750519734515,70.43422025700119,57.95761231574556,57.04508082415428,53.26803206048884,64.84099706249677,54.155829481202844,52.68015520004094,73.4977803529645,69.16379639841816,73.5673491902821,72.7095295506892,35.28182479266314
27,1356.1837686523243,298.64267577437835,0.3900430514648869,0.21198648261840497,-0.24156238437477215,49,0.0,0.05890627616152755,8.274931441479396,-2.2944110107385667,1356.1837686523243,298.64267577437835,2866.738890847819,0.0,0.0,7.888770597574489,-42.31415421155337,201.85428234402087,232.9140516739006,218.2967213926022,225.4297259047542,240.29073729253292,233.01768135228122,225.86077027463864,227.770098031043,258.36191510423964,220.6014117739474,229.8434128125698,251.5775603161428,100.92052257514595
28,1506.7877879136229,298.2268315036849,0.5107053965388035,0.28649621198952746,0.05727247585680008,49,0.0,0.024593092992576324,2.7082749362415695,-1.0817318764283033,1506.7877879136229,298.2268315036849,1428.084794805915,0.0,0.0,7.803913749191029,-42.314397674401,120.13101505643898,114.75743644609331,116.36012165647003,114.98931875784518,104.30573469054586,100.92482613830761,106.76088066838307,122.18200781402334,122.79723134356291,92.90662210547737,117.65341721760575,132.24672700934906,62.06945590181272
29,1395.3313724689904,300.080091295882,0.6457848785382331,0.8992677112439986,-0.519137664798397,49,0.0,0.011319077288355623,1.0187348463420602,-0.020152904188558952,1395.3313724689904,300.080091295882,1294.2984848405229,0.0,0.0,7.866712053671584,-42.31357961095155,92.85981037697906,114.74694231783317,100.46584716157645,90.38971158985511,98.40218621886271,108.71937198155736,113.30095446821484,95.55152781681934,95.14139513143967,104.80245515583127,122.42809504456494,93.15242295602494,64.33776462096404
30,1531.204540980913,322.1540175603141,0.4373672144921362,0.49349828788951333,0.4672818755848553,49,0.0,0.019213731657282088,1.8424673393978024,-0.6634994951336536,1531.204540980913,322.1540175603141,2535.968174237439,0.0,0.0,7.790150077957303,-42.30443438279365,171.03860228378085,199.83368830837094,195.79525609951116,208.2376069719324,201.48049899368215,248.33403866134438,205.54017055703466,201.8086298627799,206.56030506704624,199.30114818477028,195.39274731933972,199.7495333616523,102.89594856619394
31,1593.8354184330046,331.5491190428365,0.6227504100830796,0.31199245352629734,-0.10913326526927489,49,0.0,0.025485345682854692,3.1026447503687877,-1.2293301303986868,1593.8354184330046,331.5491190428365,1129.760221604739,0.0,0.0,7.7548661660016185,-42.30052665197209,80.5526370353025,93.93279367308077,97.13919201752026,90.16975864599118,102.35239168127079,76.50283141362455,69.27455955081075,79.37426828039972,99.89124894464888,105.50356848789508,124.63231622764205,78.07308949370724,32.36156615284514
32,1955.428113161124,331.49273854828294,0.4594161954707862,-0.1355101263686119,-0.02787749613090868,49,0.0,0.09972505558784335,14.626117037638714,-2.9128226107756285,1955.428113161124,331.49273854828294,3557.784852670753,0.0,0.0,7.551172833247667,-42.3003765500719,273.2328387520404,280.2670726459392,265.43624233337823,283.6952173839785,267.22815979079377,271.2109597798277,281.5948732689371,288.1979790150822,291.5971248710786,298.69670385460347,300.44870355895466,328.03602422430674,128.14295319183248
33,2033.6444590846313,333.0075302936512,0.7075981356320159,-0.44423449483384003,-0.5754199647526179,49,0.0,0.011825669045466053,1.1463914539249667,-0.1483323495987804,2033.6444590846313,333.0075302936512,859.6551402097248,0.0,0.0,7.50711470717185,-42.29966047708241,68.41598511106324,71.54716881097374,63.96923713079613,58.76469684020577,59.220440372917395,72.212121530097,68.07172878590589,69.06983563587589,76.2132967158305,74.04755015525596,73.02291767518173,73.61093680807775,31.489224637543728
34,1040.1848212025377,336.17703164228874,0.37470837574557814,0.1942335030626804,-0.3215984966864118,49,0.0,0.054132478834792705,8.813710604924932,-2.3628969662551658,1040.1848212025377,336.17703164228874,2316.8132293350054,0.0,1772.0623866588521,8.066738423290827,-42.29816583425163,156.00215942980856,198.6920705825954,179.83690712778485,197.15429282597796,184.71856577037747,182.69606413869388,184.61757163885045,193.47291040308977,166.24679691793565,189.98903728335995,206.208842631072,199.55051478167243,77.62749580378721
35,1867.5243286594045,336.4454858727618,0.9230446563285752,0.06980209639264248,0.29840697621289025,49,0.0,0.02193505837416622,1.7781763259785126,-0.6249370597556333,1867.5243286594045,336.4454858727618,1216.1185268437378,0.0,0.0,7.600695631613212,-42.298388451576486,80.9149161519501,110.05206611569491,98.34416989975276,99.5386804452549,94.63346411710279,103.20110568440595,83.16560753306436,98.83838810874227,115.52605016379958,86.39483482634947,109.12899470501587,97.73469894925174,38.645550143353105
36,1263.1163628040774,339.746836097139,0.5421544150829657,0.08540241143151393,-0.09289381788019455,49,0.0,0.0718611299262627,10.0747951732804,-2.5080905635791906,1263.1163628040774,339.746836097139,2274.7584623459616,0.0,0.0,7.941157454258245,-42.29695439578039,156.11537781613166,182.46502680368155,191.24227085673155,200.25281602396348,177.2700085799636,166.80751629645846,164.12624590214253,175.45735278963394,185.7226363402514,189.59613650870682,209.3403184254833,190.54112822001215,85.82162778280122
37,2042.9724678145167,341.0619686277219,0.6620606650039754,0.49168063665218004,0.057837881605214934,49,0.0,0.012580920239522796,1.4396843142369025,-0.3956681822951602,2042.9724678145167,341.0619686277219,883.2182249509236,0.0,0.0,7.501873305654978,-42.29629351714172,69.07806367533017,63.48009200156718,71.75845404150697,85.30408328399069,73.20856769584661,69.72802463022848,57.961198437481336,72.96851673709747,70.79607761853595,65.01045060327714,84.15989823846175,73.95817494807258,25.806623039527306
38,1240.0768189522692,341.733355622567,0.6058201899469323,0.2700549196181412,-0.2130704768576511,49,0.0,0.1339798071141568,18.04530236445799,-3.140910408578933,1240.0768189522692,341.733355622567,3465.5150478174874,0.0,0.0,7.954132705824829,-42.29610459461955,251.99895604331934,287.34529768614436,255.8324005302822,260.7154947263832,251.03562338442524,297.9471282586969,310.5206861540587,303.27870934438226,278.7572476736717,271.3607033939419,297.24777765490614,281.1031901374688,118.37183282980655
39,1160.900298528405,349.3018110139631,0.3385463737751135,0.1294245512643573,0.05221912192021195,49,0.0,0.008339897682674626,1.1390609563361054,-0.14136741443842168,1160.900298528405,349.3018110139631,788.8462162561309,0.0,0.0,7.998718849813498,-42.29286405987344,53.669379755997745,73.85103827004217,61.154080994331,54.96310123460528,58.08672241603674,70.24154429380634,63.575507235965624,60.71466761072506,81.64235382573698,68.02160059840737,64.32600782825641,56.13623704633338,22.463975145886927
40,2236.370705907243,359.2282927741721,0.4889789486188537,0.5945463719668027,0.13408023200048746,49,0.0,0.03949702232368937,5.769969868575022,-1.9029338630688053,2236.370705907243,359.2282927741721,1732.3749580097035,0.0,540.7448483954664,7.3929798041248205,-42.2884375522199,143.6274186694386,149.08091987877788,157.73710339924364,118.46762939494326,139.06031980655413,140.2206420590571,134.55770899734375,137.74461182822364,149.46079152465785,131.65051982841396,134.19942367095803,134.5124987459623,62.05537020612918
41,1858.366898862746,363.2635065225949,0.5211724114622488,0.09567178894009411,0.021892399038661088,49,0.0,0.1399549532148898,19.624001219612087,-3.2319689054732463,1858.366898862746,363.2635065225949,4350.2682885988515,0.0,0.0,7.605879546521657,-42.28722186156135,321.10041214458977,343.5188297316362,365.4737561374993,351.36253027743453,310.1668551021775,357.2505120729587,376.09627463550476,341.9807636778303,349.73706498964196,376.21570236485456,375.3866682891011,323.38660405882433,158.59231511679843
42,1542.3613531746541,366.3441175912472,0.3564102634382862,-0.5780455202616057,0.23664890278145595,49,0.0,0.030584789430380302,1.095297780299215,-0.09883051885214894,1542.3613531746541,366.3441175912472,12109.157791964071,0.0,0.0,7.783855309062986,-42.28602534100523,931.0040824335241,940.7396723669942,989.5054272601392,903.7295557693772,947.5156505910438,1005.4786501591303,961.1477754238649,956.2334661462544,1010.0713704654621,1019.2088113655213,1010.0359325825145,1023.5631405313333,410.9242568689116
43,2471.7205605010286,368.82168744579724,0.6005011508307991,-0.09142465928828392,0.05732695328135831,49,0.0,0.011576907708228447,1.2494515185575872,-0.2417985230421193,2471.7205605010286,368.82168744579724,673.1889237885578,0.0,591.452477319684,7.260463619262831,-42.283952055437645,66.11659221195163,73.94074658044663,78.02350893760575,74.44838317547348,74.14301164595108,38.43756722361987,52.36081552532329,42.07354721873051,46.796907858177704,37.52697710079532,48.80962936915404,35.83936860433866,4.671868336989727
44,1717.6094369341884,369.86629166769654,0.9461063180451308,-0.3509074942348673,-0.1988622357889059,49,0.0,0.016263279366038785,1.427194937619529,-0.38620824138932097,1717.6094369341884,369.86629166769654,926.7173231418836,0.0,0.0,7.68515779423533,-42.28454364845231,76.41649271657927,53.19015571514301,75.29990929522492,64.86280019733945,60.24359945757314,58.693858726667315,77.83936853564886,89.67748828183491,93.4632893046834,78.75454951664719,80.66533905569594,78.04600594102864,39.564466397817654
45,1551.2162490729638,373.61248700409396,0.6376351350037103,0.4606960016010085,0.3727658758934649,49,0.0,0.019194572213275852,1.1415257342845417,-0.14371426642019894,1551.2162490729638,373.61248700409396,4455.262152385669,0.0,0.0,7.778866945046743,-42.28299840717653,352.62444701821033,349.6860105942317,365.4351363257948,329.07064594568254,340.47706165396403,375.4199096428782,355.0229713285532,379.9360057243589,348.1062882907795,381.10381132794055,374.53396098496876,363.13547389349185,140.7104296548148
46,802.5407640438974,376.9429179389216,0.5143150691800501,-0.60406917415864,-0.4541003846876776,49,0.0,0.007498078401339465,1.2013168731156831,-0.19914394251723408,802.5407640438974,376.9429179389216,286.7188034752386,2.3046899328354677,86.02314429661244,8.200479113616126,-42.28073704997262,6.099743939648141,35.320356001695544,11.146488077713567,31.473801335644772,34.547384985331334,52.17740605844298,45.14920878813663,11.964918823618667,9.052434114720352,7.5272454089461,7.848616850738082,7.709499926682419,26.70169916392
47,1293.0215181893852,378.99525847202005,0.8282985438986611,-0.5872628548068614,-0.34555417936025246,49,0.0,0.015195433088729688,1.446255833967953,-0.40061280959697276,1293.0215181893852,378.99525847202005,860.2561142516862,0.0,0.0,7.9242677081570685,-42.28062887305793,79.84144934941105,74.81650509364519,51.97269925177968,73.87967650437481,67.3578648090457,65.36938901399708,70.95984718096948,71.19510086200519,64.41632897585066,75.75689376376012,68.82080230609617,68.84590104144026,27.023656099310784
48,1644.7398487110281,380.5602991864486,0.5348922266490367,0.2390015206299315,0.011576989521652118,49,0.0,0.33517506328659397,48.12460680877299,-4.205917985565273,1644.7398487110281,380.5602991864486,8637.961219005265,0.0,0.0,7.72619844564805,-42.28010436470653,625.516162131305,668.4632713008568,688.414160121798,722.8762870438416,700.2833015069637,737.7807460818216,673.2684453853316,708.1070874302454,643.8440395764346,737.3869149120386,722.2808150258679,721.174116374589,288.5658721141725
49,2268.0520606852324,387.37734410642736,0.3724106848205273,0.5184506124913889,0.03687613607963026,49,0.0,0.01590448944626899,2.165130499183675,-0.8387101944109163,2268.0520606852324,387.37734410642736,1160.2729818944126,0.0,205.95314417944326,7.375206173888954,-42.27665306672263,86.06693096075858,90.13617100580075,79.33342855366402,97.99939780995052,108.89858704773492,83.84133085698997,83.3970589287895,89.06767895910909,92.84301132893796,106.82866749219914,95.25746798645159,107.97500786286095,38.62824310116557
50,2360.6460342153946,388.092487115218,0.4601023392657045,0.500328981632827,-0.11790977812716692,49,0.0,0.013601440706524527,1.7422177214706773,-0.602756067443852,2360.6460342153946,388.092487115218,993.9403446534315,0.0,837.8374490387077,7.323069348062078,-42.27617304722727,62.28249779473102,76.15206548115697,75.52792224281045,87.08830538169406,96.33986969029839,77.82778286688591,93.9059773346625,70.9360540420405,57.58863810055972,87.96962280445018,80.45375870114289,76.17451461554396,51.69333559745502
51,1018.1316173961043,392.9254159397754,0.4762657147667199,-0.9481665481522699,-0.1691503744615968,49,0.0,0.03541649049676109,3.875469624576009,-1.4708108432373708,1018.1316173961043,392.9254159397754,2767.5324203765113,0.0,410.6028575474746,8.079038889271574,-42.27448823414958,229.85568662409776,231.09381291854947,235.3275119033211,214.3450742984407,210.8453296912386,222.37167337534027,186.25455240951783,241.63689375856194,210.63962768468758,226.73264538222858,219.65324475951218,230.87568989111583,107.90067767989922
52,1037.3725657310288,391.7234001193826,0.4296894875427019,-0.1822625826952653,-0.287436153964273,49,0.0,0.013818149407444864,1.758652670715488,-0.6129501897660897,1037.3725657310288,391.7234001193826,1038.1211978253473,0.0,52.10925140064687,8.06820718329239,-42.27501938234601,62.01899148346641,86.45741927931415,82.12360630079615,86.50360375733163,77.04602693754919,95.15377581869615,84.59035247532196,88.24715230854277,87.63863190795577,79.18236950671434,76.76627989074308,87.05666582396734,45.336322334948456
53,2314.324293520726,396.315217220955,0.22091763947348628,-0.40301832896296247,-0.10043967623784418,49,0.0,0.00884993184942633,1.3138048665421618,-0.29632716557636574,2314.324293520726,396.315217220955,1028.8873548441384,0.0,356.0167600405851,7.349174134463037,-42.27284129462224,81.5894715344089,79.09364403528059,82.10248957432634,77.61737597869384,91.76769255330221,77.67406871915676,62.85980210934597,91.63939899830233,75.95141827498671,84.86653028339731,86.96318244689331,88.82621271240725,47.93606762363689
54,1665.0262358343682,401.0537854281582,0.7441829063243774,0.30936796398116273,-0.09573195743574432,49,0.0,0.02872408558135919,3.065268563987289,-1.216171328251936,1665.0262358343682,401.0537854281582,1231.6425257975307,0.0,0.0,7.714779169876127,-42.27156303515661,95.30269934532268,100.02372577099356,93.42998622163655,83.35177982775677,76.3201532015853,102.91704968319044,112.03472032577265,90.77862141201203,102.62808286037185,116.19924861563689,101.57023078166081,108.35129567319306,48.73493207839814
55,1777.2050517876385,401.06019189615813,0.5417426676066062,0.20501191506698202,0.01715885993782983,49,0.0,0.013297969804178288,1.8418853739159637,-0.663156498114653,1777.2050517876385,401.06019189615813,852.2602623985274,0.0,0.0,7.6516149337424695,-42.27152310019054,82.32713275526815,68.90047600210463,61.91422439862756,63.39244974326276,54.501667220425276,56.86005325120858,62.049051835760224,79.66908872082544,79.56784269220645,72.79049023988526,62.408942372978395,68.2131373408894,39.66570582508528
56,1298.559686122444,408.60644958540473,0.5940751465058992,-0.17530722320928183,-0.38184523710797513,49,0.0,0.011425985410293922,1.2032280275973821,-0.20086984919503748,1298.559686122444,408.60644958540473,976.5785483928125,0.0,0.0,7.921115958248501,-42.26829652994653,84.74679243686884,94.75350485682856,66.20335235468292,84.05918817150223,83.58844424347436,71.29295115284489,66.86072673425299,76.20632330353263,85.44206043761882,75.50041733175736,73.98194535445315,74.63244377362344,39.310398241372454
57,1674.044801858266,410.4508698958924,0.5227238303583555,0.22483644092716024,-0.03437192066101205,49,0.0,0.24212861096345797,36.53886513799591,-3.9068876361428324,1674.044801858266,410.4508698958924,6129.766264054035,0.0,0.0,7.70970365097296,-42.26764616508873,439.09017178435636,488.4915333121773,477.88514096685776,500.36303159654943,475.8702619268379,492.7222676895797,480.09826956000006,495.2144995539038,476.06168401680964,541.7177669873786,496.6825534065741,548.4205946156353,217.14848863737518
58,1361.9530060400398,414.1440384378773,0.5105376297539832,0.06976040842006474,-0.028696100843018178,49,0.0,0.0313985637940029,4.554756788039865,-1.6461629793799886,1361.9530060400398,414.1440384378773,1274.901307341332,0.0,0.0,7.88541833821313,-42.266036558679104,90.7347236226814,102.75080229172343,108.72543018503914,90.35419416998889,119.94496012358373,98.30234186194605,111.06541116757565,83.37614353812019,103.41997568062928,95.98233416018763,109.55899702016437,109.52991229571863,51.15608122397364
59,2207.698891697603,418.4703536865144,0.2377910341990193,0.055068418516395386,-0.08804391477593576,49,0.0,0.015062922515891449,2.7021327270887756,-1.0792666937159043,2207.698891697603,418.4703536865144,1108.3015615826707,26.038766906675015,0.0,7.409260429036079,-42.26380482180707,71.56916421160172,92.63543576189122,83.58244480110619,75.29980009379042,79.65384104081835,93.29068414926518,102.49700072185945,86.3860748975286,98.26432723358232,82.22458352629052,93.65538247682987,103.96250649522224,45.28031617288457
60,1543.087506107225,421.6573018942917,0.3181195665424074,-0.21017378179607263,-0.014355052226498952,49,0.0,0.006918778238352171,1.0184722545806386,-0.019873005906350417,1543.087506107225,421.6573018942917,851.2080319094797,0.0,0.0,7.783434635263594,-42.26298007450234,63.40848633897627,68.63836220473826,68.32666563745914,75.79447705871397,76.13560099632672,64.13413511201665,69.74839373704745,63.991034616415405,75.95073861329786,64.57892035437119,71.92255370426042,63.25645302471338,25.322210511142963
61,2181.040578365953,423.7681387596913,0.5979007367620717,0.1893910723437326,0.023995154239846984,49,0.0,0.016474175772143246,1.531834605887034,-0.4630296912632722,2181.040578365953,423.7681387596913,1258.3204392179737,27.143820492102133,0.0,7.424279991721393,-42.26164120021395,106.69196180493034,111.16217314338334,91.78399326622187,111.94427275866624,86.28116232814781,87.92498078514356,87.57717759133666,111.12257070732579,106.66665592214787,105.29225480580803,103.96305965423494,101.95288964697431,45.95728680365294
62,997.3025122535935,426.4015861714892,0.48928228214507197,-0.11003443570241767,-0.17532463632832293,49,0.0,0.017812896340392573,1.7907280313146494,-0.6325740798260608,997.3025122535935,426.4015861714892,1611.7474489904985,0.0,0.0,8.090692900200954,-42.260507109462225,129.20039047874383,111.24399382818171,120.67664662637287,127.20541066584624,122.45266358941291,126.31846635891293,116.98864104425479,149.8218409633713,134.1846548498834,121.09554672959112,145.62207047773134,142.07330396477408,64.86381941342188
63,2473.9654583024794,427.27092125968363,0.5807791946946899,0.5332675386405682,0.7548364228531836,49,0.0,0.013746797139204703,1.355998157246147,-0.3306477483512588,2473.9654583024794,427.27092125968363,1278.8481771972831,0.0,1167.6132730110976,7.259387602420682,-42.25959556409808,87.67627969005501,109.81668834683076,92.64552524093361,111.80298303289845,105.26195037412228,106.79773724746362,88.55099910678629,112.15357285925387,92.87882399565441,116.6889355431568,102.341993648221,109.23914648984517,42.99354162206192
64,1596.0588940775187,430.32738138730724,0.5861907572613773,0.5614522342010724,0.3044364160224691,49,0.0,0.010780506735382066,1.1394986254193917,-0.14178451406493686,1596.0588940775187,430.32738138730724,839.159426900306,0.0,0.0,7.753612009897074,-42.259372315606925,59.58642322976105,64.66247936863336,70.77578229237602,72.52083608683033,69.72642065265352,71.65604854805669,59.32186061766604,61.53223962333455,70.62179448051063,70.39439390537588,67.13110642620576,63.75421714140689,37.47582452749534
65,1047.1869612031621,432.37850670229665,0.49718884789192996,0.29446628181620327,-0.24728690760052818,49,0.0,0.15618172009263456,22.99507337928554,-3.4040869994596323,1047.1869612031621,432.37850670229665,4767.571796085307,0.0,0.0,8.062597929828799,-42.258096358917825,332.17508166399534,381.74734487046067,379.8667812063397,402.7864428954119,405.1770569030123,394.05914384356856,372.2197733508663,393.9650148947504,387.2693394906463,370.37093752156795,407.625704978439,381.80331764289815,158.50585682335128
66,2181.462267368407,433.5395340606381,0.4603308293880042,-0.22705529303290348,0.026847846294823535,49,0.0,0.021231225788107554,3.1412242125580874,-1.2427473408382745,2181.462267368407,433.5395340606381,1294.4747902993977,14.32704762057428,0.0,7.424063512804295,-42.25756947267626,97.30808349092835,101.77971137489641,103.07119532680748,111.05991668071373,103.13577876090328,98.47624110110809,99.74209013052918,113.72995700694428,111.50903757537372,87.07022353783458,95.26977973488432,131.74998515630608,40.572790422168
67,2502.907737949752,433.32619195771827,0.8383934136625193,-0.5467207015669433,0.43295493186848466,49,0.0,0.013803538980717872,1.1875064539305578,-0.1865899465818628,2502.907737949752,433.32619195771827,978.341619106086,18.0,894.236680705678,7.243115292419735,-42.25700206802009,83.30406528155102,83.94772161455369,75.43406495410744,73.99751772063004,74.80465219366963,100.5744298572428,82.32964566287413,76.98748988513731,80.29686582990385,74.73636291220052,82.00002152314563,59.0725759122587,30.856205758811278
68,1605.0212934627298,441.37597310214164,0.7136630896775684,0.19616224178320396,-0.03466167861465017,49,0.0,0.015498120957269079,1.617452582463714,-0.522078894176871,1605.0212934627298,441.37597310214164,936.2858468019842,0.0,0.0,7.748566717890209,-42.254769064950565,58.128289750410886,79.91627891047077,68.17653761750458,63.884862306665816,79.67007949917186,76.84633149326277,78.80869222037852,82.821857042273,61.62641804831685,74.57396889789737,85.37442677054659,88.77336339699619,37.68474084808911
69,755.4472307729574,443.53763962018854,0.9555890005428372,-0.2668490264497001,-0.5428813821828765,49,0.0,0.01661673901475121,1.474241016428795,-0.4214212250023628,755.4472307729574,443.53763962018854,1077.7425653508653,0.0,631.2502182547605,8.226791039287566,-42.25288569326762,129.75931303395987,80.68477113038543,75.79717532670563,66.12422129046776,144.51908697788735,67.49586357085752,89.4279409770805,67.18413691250609,46.24030265439265,70.60809598184872,131.14930554467335,81.0831440157138,27.669207934386797
70,1773.7833831116016,446.5117114277531,0.20461758006083958,-0.07456784951474174,-0.16442414131567182,49,0.0,0.006230642854698701,1.1081867923386408,-0.11153242454746601,1773.7833831116016,446.5117114277531,721.8920304469575,0.0,0.0,7.653570585089811,-42.252588030269365,53.94629161848137,59.10648076330257,53.24097190184476,65.67466399579092,49.25581494878129,62.94675906564198,58.9252672418484,55.44200470616121,65.89868602961235,55.98118134705414,53.24165150402245,69.3561870464707,18.876070277945303
71,1853.549462359498,445.9290116439463,0.30911663203997114,-0.4437044005748924,-0.6175957282864981,49,0.0,0.008746228124382334,1.2276591258323484,-0.22269449127868132,1853.549462359498,445.9290116439463,888.7891172291841,0.0,0.0,7.6086698525506415,-42.2527840039938,60.66531819390498,89.36924712831092,66.97205352950012,63.94348727789269,57.771055814614535,62.7863825934119,64.44351328307998,85.32000105083654,71.50266370915848,75.56998141978963,80.10445869361872,72.21919575337695,38.12175878168863
72,1030.9458545822272,447.2150524491711,0.43986402922078066,0.04113328838953656,-0.10564541902835578,49,0.0,0.017009637746896372,2.4191791225617383,-0.9591700647245767,1030.9458545822272,447.2150524491711,1231.6954038314857,0.0,0.0,8.07170949633653,-42.25188989972815,112.13071948717105,125.58936166540451,94.90096636581146,108.41998513574384,103.65920761487726,86.3965672484815,89.13923764984753,99.51212159089157,110.045576797287,89.36041621528548,95.33969340408943,78.92378815200766,38.27776250458747
73,2288.963219794056,451.9151186293227,0.7131810074454245,0.5460198972831204,-0.14230736861693533,49,0.0,0.020862604663937922,1.9768478033752244,-0.7399330861588992,2288.963219794056,451.9151186293227,1872.8404142071013,0.0,0.0,7.3635949701489585,-42.24972586582019,131.21737306715042,158.5551658160723,148.70061667765316,143.63528557944386,139.85851889301642,157.25060971219818,151.4881320026123,161.08788289849738,140.8432112182202,156.60660964443204,163.95435331324182,148.74330195837734,70.89935342618588
74,2305.573917140581,455.40065817078977,0.49107782623829327,0.013591536785943322,-0.07870623623509546,49,0.0,2.8186094516850235,394.92146946610353,-6.491276860786076,2305.573917140581,455.40065817078977,89743.78556781763,0.0,0.0,7.354254616789368,-42.248241841582335,6762.357882176512,7243.6827694977455,7240.870494967548,7203.640927480015,7118.990493356459,7254.495998428583,7132.415140361283,7242.849493186362,7362.034618302585,7309.220095704397,7310.558580410963,7416.061934821055,3146.6071391241285
75,1753.1919616531952,462.15219668387545,0.653413189559293,0.06613507189821839,-0.0008536953361904404,49,0.0,0.032022859306012834,4.1867116781051505,-1.5546826345427247,1753.1919616531952,462.15219668387545,1084.2464894451275,0.0,0.0,7.665170279809755,-42.24608085884098,77.59314377125622,91.26767425319022,78.3916653038017,77.64068073949792,76.15719766518457,100.84880771114243,86.62769213200278,83.38619380077697,99.07329344756839,87.05481060832953,92.6675964423033,84.76270380534892,48.77502976472468
76,2164.5603470311084,466.8772374364156,0.4514499369292528,0.09485378262624959,-0.09465213328168032,49,0.0,0.009463238032393455,1.1744459143620267,-0.17458255356104296,2164.5603470311084,466.8772374364156,785.0927836872232,46.74327487682186,0.0,7.433647394543138,-42.243706584223894,68.64377950976109,41.98285295312867,67.36718484262268,61.48730537860739,60.79625530119131,63.965816071165804,64.75536630651995,71.46963792521349,70.62809316265157,57.321182701844386,64.34836000524923,65.66931867171974,26.657630857547886
77,2206.002020909618,468.8744695155962,0.4872882918933536,-0.09063913508325161,0.18289026955168003,49,0.0,0.038313781713595056,5.5842929976778395,-1.8674204921325064,2206.002020909618,468.8744695155962,1588.9683960719387,0.0,0.0,7.410328176424246,-42.24280779481493,111.19985711129654,123.37667565129726,125.46074007750165,137.31414624087614,118.14112549480066,136.3832837958675,103.64450014925958,124.95699697062423,132.125296140104,154.65575755034803,131.44753890255208,131.30503724180392,58.95744074560706
78,2507.84890653292,468.1476374866592,0.6574200725899696,0.29507661295718707,0.32027978116437483,49,0.0,0.013655479333039655,1.5667402868213693,-0.4874925273099367,2507.84890653292,468.1476374866592,876.0541763052634,0.0,802.2726101269784,7.240450266586433,-42.24248241056932,55.709210355521606,83.71815377165993,55.43799287449044,74.14757960144384,68.86663464673262,75.90543175170265,57.00241451934684,80.08135408093219,70.68644384697635,76.03098801393219,73.08845555817044,71.69585637450731,33.68366090984691
79,1192.0248525013778,472.3239535819428,0.4645109053299422,0.2996623678938192,-0.08385396983945256,49,0.0,0.014435188112089568,1.6297381550651977,-0.5302945831799063,1192.0248525013778,472.3239535819428,1096.1789756381577,0.0,0.0,7.981002753566086,-42.24164545966193,75.50178829384437,76.016390113803,85.30884230144085,90.17760421744399,86.35066306748962,90.37312364663318,85.02800711981493,83.10401387085088,100.60026670582667,86.23443014592534,107.31493665059978,92.06767118751421,38.10123831697089
80,2236.0219836121573,474.4814437758241,0.23227434735261993,0.31160332603627144,0.061970831413310015,49,0.0,0.00963566745917508,1.5314316530776206,-0.4627440481493364,2236.0219836121573,474.4814437758241,972.3197000124302,0.0,0.0,7.39344613922114,-42.240420505784066,70.08223367498316,64.77413304186945,77.64570703761723,65.67938496877181,70.65695001858583,70.72432561779306,81.0584376360006,70.99703187691394,84.92575072237356,95.87043181092918,85.7760319804807,94.91336713589035,39.215914490221394
81,1110.9392714745604,475.18356972694517,0.5719508247573684,0.29663252776136584,-0.19398166626281105,49,0.0,0.7664227251295757,108.76354769310008,-5.091208412846036,1110.9392714745604,475.18356972694517,17886.015569606465,0.0,0.0,8.026632135632589,-42.24035387447342,1357.8292300774574,1452.5188608232934,1431.99542487582,1390.2925024451388,1380.5739856524306,1456.7053956222203,1409.7912169083988,1474.7248191349809,1520.0346358750721,1484.8538227665829,1432.108667713855,1479.2455689905748,615.3414387206391
82,1790.3226128111771,477.72029091249914,0.8900794510253509,0.08447860183618387,-0.06059231959759773,49,0.0,0.02043443024687791,1.9846544872541094,-0.7442122760603725,1790.3226128111771,477.72029091249914,887.825033884497,0.0,0.0,7.644282489379167,-42.23957710437333,77.40189144369695,65.40938172969248,68.03390735580109,71.33147900039923,75.02953740856397,73.50137457332897,64.7623629976476,73.89237805413993,77.35606601891858,66.8990645504171,66.57695752337777,70.34588765876504,37.28474556974822
83,2563.963032440951,481.55767077698687,0.5441202050718668,0.4151439792565537,0.9146070612006072,49,0.0,0.016454224539656878,1.2352637244359224,-0.22939921957642756,2563.963032440951,481.55767077698687,2203.846884698146,0.0,1995.9719880893886,7.2089182962838345,-42.236751105465,173.5084579550495,188.3514594929066,215.26158732292316,181.85101606718155,161.1088713896987,203.22704565661616,183.51680174634316,174.07717397967667,171.2514335341288,182.24185525130528,161.76389796468243,161.31074537157485,46.37653896605933
84,1316.8564323932032,493.1658564547214,0.6234275481624935,-0.2950654946769132,-0.4006319500707767,49,0.0,0.015265841491014133,1.6715086148011564,-0.5577715481200978,1316.8564323932032,493.1658564547214,958.6577567656107,0.0,0.0,7.910725880307942,-42.23308079583242,63.26423872195932,71.31769786537606,69.23629289644107,69.76314814097299,84.2088792425042,84.26467776297868,86.56712890982475,90.1240694411202,70.39968983377841,74.76747855459865,69.80271469407742,79.16137906980678,45.78036163217213
85,2180.3947389077402,499.29623561577733,0.8256533519663929,-0.13301185973025256,-0.1048146162070058,49,0.0,0.013579087350538869,1.1739334180875218,-0.17410866438889905,2180.3947389077402,499.29623561577733,895.2910160900362,2.0,0.0,7.424804895092369,-42.23017485756622,71.76266131736723,89.10501668778672,55.91831330334917,68.05553226186558,88.49278372456462,68.02818977671127,62.156078461850925,60.62247830259278,72.3783122344998,70.39723390252917,83.07116157808954,72.19452592203639,33.108728616792945
86,2335.0941694050257,504.1389142483993,0.5259208458082912,0.0918072920435877,0.0008541296702736919,49,0.0,0.05695138175152386,7.773307303504451,-2.2265145927096737,2335.0941694050257,504.1389142483993,2016.1946468377241,0.0,0.0,7.3377712758028135,-42.227877631295925,154.68869845108452,153.2294587805793,162.68963060584096,156.34815866649916,156.01106598025785,175.4700148175334,172.02036757959593,145.17508619974387,178.84576954976694,146.39313175925815,158.54724655391618,177.4138817636566,79.3621361299913
87,1278.6347360822465,512.4336355055896,0.6573686431649582,0.4894421394455124,-0.08483493224234538,49,0.0,0.014569917255107302,1.633669774663574,-0.5329106850577434,1278.6347360822465,512.4336355055896,840.5701053229213,0.0,0.0,7.9322113154033325,-42.22502127759962,56.91834630244227,91.45001301654496,62.782953057552405,69.74312484802054,72.99627114165577,54.47575325726804,78.61290026318147,69.91488518125827,70.1197596074987,55.85938634018615,58.75475258277069,69.08340561497403,29.85855410956809
88,1325.8821433456012,513.7138420267078,0.8470729671072392,-0.1920505434007908,-0.3515073947478688,49,0.0,0.013024706690809355,1.234937875892762,-0.22911277691313903,1325.8821433456012,513.7138420267078,774.2612161597481,0.0,0.0,7.905626116755775,-42.2245266405055,52.20931149427594,59.89758641733181,62.31953194542796,47.38664925753973,61.16268037794628,65.98691910839588,54.65444302531934,60.12157775027017,62.96674963150561,67.38301255082865,71.43044420893159,79.81500788061187,28.927302511363248
89,2404.779453482422,515.9237108538853,0.7824169164897701,0.01414850539069077,0.1876231992825788,49,0.0,0.01443548257881127,1.3497916724751922,-0.3256668610965707,2404.779453482422,515.9237108538853,869.235207237326,0.0,0.0,7.298597290808963,-42.22282031301017,71.49620054867128,66.8710951822811,59.251466716807755,79.89960779725077,62.04021883307767,74.79560150820436,70.47000018835507,60.90210286013692,73.38808211020104,74.85924003552188,63.209813018390584,79.42435499364629,32.627423444781314
90,1666.069432198617,517.9573938502779,0.5366074119967168,0.10819745030139025,-0.24707506145674113,49,0.0,0.03028120129489487,4.309595057634302,-1.5860911611924227,1666.069432198617,517.9573938502779,1184.1444726575894,0.0,0.0,7.714220013716807,-42.222856377778704,94.357496706907,94.59452741323327,88.92634771954336,87.04330080110445,85.45921312752758,88.7085311282003,89.2304374147633,100.6073530362706,89.68674800837141,103.07077702455436,100.09805916471987,116.67393290468044,45.68774820771348
91,2186.1503350530975,525.0212687231269,0.6129761427800413,0.09833113539930707,-0.11754928654502966,49,0.0,0.060231901658853296,7.877818484280625,-2.2410149246229296,2186.1503350530975,525.0212687231269,1820.5776882392795,0.0,0.0,7.421621744101268,-42.21944771634013,119.27817188967757,153.4052080554144,127.03237032089561,147.85626953778217,135.23000330469685,137.48267836315944,156.0100803292321,143.3739357340165,142.0228540435683,160.7413658180443,156.61962535612497,161.9369367075839,79.58818877908321
92,1952.9188007456726,525.559865595328,0.4459337173808828,-0.12361168789263961,0.013526135843361773,49,0.0,0.009594760233601226,1.401801726799208,-0.36671647657584316,1952.9188007456726,525.559865595328,750.4888921358017,0.0,0.0,7.552838392163609,-42.21952406114614,61.1026556548392,49.171641943435205,65.62770856856324,51.50021863739063,59.03617831514439,64.22133516563586,53.020928940221076,64.28913489784507,58.443600179244754,71.74922425005275,56.75093368110116,64.81166707702754,30.763664825300907
93,2099.4970645218195,525.7565463777622,0.6566980170034258,-0.21263436970558786,-0.4282192784716604,49,0.0,0.015139500110041509,1.6938072877835086,-0.5721599928303543,2099.4970645218195,525.7565463777622,813.1780184308788,0.0,0.0,7.470373852814218,-42.21927056848991,67.26344296331631,61.46873247072972,67.21719930711241,74.9254447065051,66.14551541852632,59.91914240470298,51.15301653791231,68.74408603836496,60.60814511023195,62.39520593274139,74.83737047053687,69.47498653502979,29.025730535168726
94,611.0236001429219,528.1444455353312,0.7695846375016203,0.2687833044064584,-0.054126986519369764,49,0.0,0.009955446756697588,1.3544642302109988,-0.32941885080003347,611.0236001429219,528.1444455353312,269.52611573222805,11.868279248340215,33.32786520352341,8.307773954931612,-42.217272218730415,38.112803912643656,25.91247071864973,13.515437482981023,30.922141169191736,27.683226708380463,14.519795038352578,21.20050807749449,0.0,17.31350291459586,55.70591799720718,15.76885809315007,0.0,8.871453619581251
95,2453.1514647348363,528.5788735683266,0.5101482637453811,0.054091582550582204,-0.09248966572847972,49,0.0,0.08115366200446622,11.699484766338685,-2.6704168406767117,2453.1514647348363,528.5788735683266,2691.978873625748,0.0,11.30064909296463,7.2714225235501475,-42.217437653658564,189.83936228535433,207.41697790506188,212.16664967760164,246.03631132929272,216.32198737865662,220.3072743935121,234.0997361557842,217.75236927923308,217.74546733553854,205.70211615717272,217.49049515469744,230.62753250903387,76.47259406480907
96,713.1935032639524,531.727820202406,0.2831569991225808,0.06683826505938269,-0.6237857125831183,49,0.0,0.01842160009674133,3.053413065110818,-1.211963898859738,713.1935032639524,531.727820202406,1437.5628174837223,0.0,1252.563967690287,8.250286331072509,-42.21604284405277,131.08764152460546,132.89706938973552,125.95157765011714,105.5630856745966,109.9322126253264,109.94476421611995,113.51191899442985,99.76284015395936,115.63024205967324,90.21971350611253,118.79469677989545,130.22756259454167,54.03949231460922
97,1353.2974636589752,532.1086195143157,0.48408667042865827,0.28530944854573764,-0.024718262326701095,49,0.0,0.012253969622205303,1.7715642261830828,-0.6208922546016995,1353.2974636589752,532.1086195143157,779.616554357228,0.0,0.0,7.890184161850585,-42.216882311358994,54.912289260052866,68.25954187178147,49.56063933887112,58.22401185208191,72.74384169337856,66.78663017650568,57.69390375048596,55.52606254631865,67.16143740313822,62.7690377216184,51.30003678122447,76.39750520167642,38.281616760094224
98,1149.994493579143,532.679778145944,0.8338757259700544,0.06742516774505847,0.3598769351355695,49,0.0,0.016098494682291437,1.2872349384616975,-0.2741445474586263,1149.994493579143,532.679778145944,955.2263173191583,0.0,0.0,8.004557162282202,-42.216449381566505,75.45557565723853,71.083869039682,79.99686050417169,74.56210040893237,77.84355538756026,80.78898566472506,79.34430623375604,82.55402646049768,73.02722405769063,75.64241777862938,74.93743492723698,67.85070722160842,42.139253977429256
99,2295.030935191103,536.587694237278,0.5671617368028805,0.2335758188029541,0.4587703051091056,49,0.0,0.009674275444754063,1.2000284947159934,-0.19797889626696752,2295.030935191103,536.587694237278,791.0480931864242,0.0,0.0,7.360396230902305,-42.21443717735872,52.15219149070066,56.711808990993376,51.64223315576138,63.28102621789607,62.18264402174644,71.99845756093993,62.29722258781933,60.727224616782955,74.83549824870303,65.3014375550127,69.44887893219715,73.21996623623639,27.249503571634783
100,934.0878369352516,539.9230919883352,0.6568687651285965,0.2209650031497266,-0.42786875669580576,49,0.0,0.0133724308719747,1.2848965771176584,-0.27217043046259054,934.0878369352516,539.9230919883352,956.3359469255079,0.0,0.0,8.126001229592635,-42.21310013397438,70.49394679059786,74.60936962798893,80.42120835658982,67.70423482313348,86.84910657913301,89.99884732981458,81.16724543167747,73.45891774192324,66.62823078150252,72.17918534339455,74.74562340861974,89.78202109666938,28.298009614463332
101,1053.793761871653,541.522188008161,0.2187297832062337,0.47995290886659603,-0.055077817100781676,49,0.0,0.006202546575074567,1.0038232111162098,-0.004143083822218366,1053.793761871653,541.522188008161,841.2553601079085,0.0,0.0,8.058659019341091,-42.212633463135894,73.82684582212161,65.931992315308,48.90372100783745,65.38304034715611,59.127690368467626,69.90783997114622,59.679103245633264,59.25171701895603,68.78263678846491,60.97424179148173,85.45805644881987,86.35741436572974,37.671060616785866
102,1525.4554366469213,541.8475818490416,0.49168332787275004,0.355090969859999,-0.09305818933825033,49,0.0,0.013133730329207853,1.8511633182887959,-0.668611839835685,1525.4554366469213,541.8475818490416,818.3509678916794,0.0,0.0,7.793328138238581,-42.21290090717243,61.79021624510992,58.24402299922966,61.55105172544957,66.98228791991791,76.24192828968143,67.46325302447651,64.95921640905061,60.481256581235996,67.36737693114745,81.21989220384594,46.73397106519543,74.42897293441979,30.887521562919105
103,1643.34910005146,546.3000416573674,0.5825532963926326,0.2972466400388156,0.04887300341954087,49,0.0,0.009440029251157276,1.1600952636177129,-0.16123413419824384,1643.34910005146,546.3000416573674,721.5139062018766,0.0,0.0,7.727007794526063,-42.21105104157673,45.06974124460416,55.34209116862063,55.213577175149986,57.272059484283034,53.88309196493911,59.13001850645935,58.10099292258161,68.39709726926412,58.8442914136965,54.4805573114695,70.1659390684715,57.50190332542613,28.112545346910856
104,1657.432531429715,547.4220759428238,0.7107928390556951,-0.33236027906607596,-0.17894763045359255,49,0.0,0.017233204492777394,1.9134894583786601,-0.7045651849790467,1657.432531429715,547.4220759428238,1205.6341095465023,0.0,0.0,7.719085630921635,-42.2105816236792,72.87436812697271,100.32729780107934,105.18090229763007,91.17556858208745,87.00643656008704,109.0538336393854,94.98235913615775,103.3635482305649,95.42407010663341,115.91379345923936,90.56551388982373,98.15098858481645,41.61542913202453
105,2070.372007173951,547.4458071777501,0.9070223648218012,0.2587615599296142,-0.26145272636701006,49,0.0,0.013457400571492523,1.2128441075636271,-0.2095124564619717,2070.372007173951,547.4458071777501,842.4991063842677,0.0,0.0,7.486797000756291,-42.21027280142706,58.908600427758486,72.53136000003417,71.33557098513715,67.33295127252961,56.9936312889865,71.12677720981524,67.60566587259068,46.52769406143009,56.96889226568641,74.2878745728558,74.7718193087768,81.43666353548193,42.671605583184856
106,2130.067495685596,550.7765494861789,0.38311787308403095,0.21097396449384484,-0.10065561222070536,49,0.0,0.01681941686850792,2.787123553055059,-1.1128905534846234,2130.067495685596,550.7765494861789,984.9885834161355,0.0,0.0,7.453223844706602,-42.208803107225066,62.093220314316426,76.49232300831719,73.83476625597714,84.66073869631174,75.99454292052727,80.1549553724616,84.49788617713587,82.48668928746544,96.32932704448021,68.2504991564218,64.53270853444252,99.91052678585692,35.75039986242148
107,999.5075067315777,553.3266667829103,0.5120585101985283,0.28762664562506546,-0.27021503107819483,49,0.0,0.22974057052196217,32.59079352540745,-3.7827373371486073,999.5075067315777,553.3266667829103,7049.767958449081,0.0,0.0,8.0891707346208,-42.20762968157619,552.0198649558606,571.6275506902482,529.1359015112819,588.9462084316691,586.9564107625649,541.0932312580192,523.028202337556,589.3281105681356,591.7947398766169,552.4626681851703,605.1221856939453,576.6708157527414,241.58206842527096
108,1588.3578532041925,553.1378820701127,0.7013798395916986,0.0892658935619135,0.05221199399657519,49,0.0,0.013959047474488452,1.6158102063675075,-0.5209758676310486,1588.3578532041925,553.1378820701127,721.5601602807349,0.0,0.0,7.757941900708195,-42.20820442828918,57.737705118362314,62.11310536232218,52.69004779114047,70.78944564564972,45.499962985664624,52.232315293039605,44.554961382657936,57.33337938674485,64.51414013935168,66.30298427591538,67.86968970516288,57.18725067781614,22.735172516907085
109,1658.3806352903407,553.0372221874414,0.5343137880832959,0.11163624734454325,-0.16605803567484326,49,0.0,0.015633576936307434,1.871741943002314,-0.6806149309097455,1658.3806352903407,553.0372221874414,1273.2781412449674,0.0,0.0,7.7185534906323525,-42.20824196667587,77.5825233438168,103.61463777450575,107.12343151551097,102.24633667073907,86.55309762446483,110.9516510839765,103.37423205427586,113.37020962189716,102.41911385573911,120.34807624251144,93.0813237668273,112.3740900942665,40.2394175964362
110,1046.405063439894,553.4104069819151,0.7580075068301595,0.5538857074331469,0.31169980464587377,49,0.0,0.024154684672981874,2.2327075010505095,-0.8720795786142439,1046.405063439894,553.4104069819151,1262.1727065090288,0.0,0.0,8.062791182796907,-42.207669224223714,97.12879722268758,96.10766474609193,94.1625883406978,112.07619619540876,86.25878123581359,96.17440819010392,101.86263298235089,116.71970336003054,102.68818948029993,109.9534571026529,105.93676527225189,93.26045689881991,49.84306548181897
111,1608.0325663121632,555.7566604654488,0.6329569394104843,0.3481789710609516,-0.01568417148426696,49,0.0,0.028844094087396282,3.8301765160850088,-1.4580469729079786,1608.0325663121632,555.7566604654488,1103.771340614553,0.0,0.0,7.746874784999392,-42.20711345838466,99.0216418466343,88.80281928666918,98.34785033016746,101.5952083451291,82.60422415916368,94.8342311318689,64.97652999140882,98.73663653122382,78.54997484425304,96.41232758690282,65.84046588581832,79.89348024945335,54.15595042586024
112,1448.150396038012,556.9010269554043,0.9410011330532112,-0.0671151478196252,-0.056413385675978485,49,0.0,0.013204658786714825,1.279789780398613,-0.2678465946064924,1448.150396038012,556.9010269554043,730.0242832983758,0.0,0.0,7.836807578230877,-42.20660485346909,65.92144284688206,61.86502497505175,52.51806308576186,64.62448865711971,68.07355721871157,63.45874888645409,42.96708674074115,49.117792515395465,49.99355784711243,63.03241535684897,56.36335082635931,70.78211204400844,21.30664229792897
113,2190.4514502288666,557.4950523608128,0.5193036626831548,0.2314541216737669,-0.025236785147284235,49,0.0,0.017675821594234836,2.224878729946609,-0.8682658603706649,2190.4514502288666,557.4950523608128,1102.2682829059308,0.0,0.0,7.419272455684567,-42.205911050821406,79.00829427755497,85.40400962878988,81.82365913758622,80.12981297208255,101.70982367018402,80.78172311325685,101.07715275631352,94.18697126393968,81.91257954212591,98.99394013580265,80.71237535958612,92.70711982597267,43.820821222735844
114,838.8954185290092,561.7133356401409,0.455781562651531,-0.2232642106328804,0.07273782814538411,49,0.0,0.010444781516876899,1.2954519676447123,-0.281053287469848,838.8954185290092,561.7133356401409,1024.8138202608836,0.0,0.0,8.179488690602671,-42.20383483412338,68.26475439424298,97.69878040452267,61.568956920955074,90.31746568343496,89.85019022276609,76.70693237031773,87.56511621906279,85.29796470459834,79.91170068517735,80.57088741995855,86.34317108064727,81.14679383077083,39.571106324428854
115,1846.9795865442654,560.9866431177696,0.6585546686198908,0.027575834838924826,-0.5811395240622496,49,0.0,0.00950304448165712,1.0420779281199344,-0.04475049339484446,1846.9795865442654,560.9866431177696,749.959603356396,0.0,0.0,7.612472430961156,-42.20485103390638,55.44817978752163,64.30391917882223,54.24213013530941,52.11024884265057,59.083437091041304,66.37258072543607,49.63771036258159,61.10813133483738,54.0384947951314,61.28013935365979,75.45830251322968,62.67661457608672,34.199714660088205
116,2300.279109997813,562.7674273386862,0.5276961084585657,-0.2301802148806892,-0.336831221132192,49,0.0,0.0369074173404475,5.219655253006149,-1.7941045493345005,2300.279109997813,562.7674273386862,1552.041635561001,0.0,0.0,7.357511305401771,-42.20351979088719,105.03719555640936,118.25141893642586,120.87275783123803,126.52874307613774,126.41756955762926,130.0095602315219,112.28551614296887,135.97065450440437,150.81379470483859,127.53835473364687,128.54799383910512,120.07108571309047,49.696990733584556
117,917.8875760525299,564.3320200544551,0.5763047006629204,0.7785605488977894,-0.04585056695017806,49,0.0,0.017371998046714587,2.2318656291182934,-0.871670110196655,917.8875760525299,564.3320200544551,971.196170967566,0.0,0.0,8.135053102620363,-42.202900530950394,58.67827147049425,97.68522993223516,73.78324572587623,69.41522776590196,75.51934840145252,78.97135439330631,63.39431316360775,91.95941987298698,86.83357756173807,88.7051979801068,70.35429678059296,73.3101166118707,42.58657130739641
118,1008.0258476581686,565.5749295636007,0.22392544336500558,0.22251371919455024,-0.5266075211858292,49,0.0,0.007802615736607464,1.1382715452175531,-0.14061469847305874,1008.0258476581686,565.5749295636007,997.5167196859009,0.0,0.0,8.08435257417734,-42.20254058568488,74.22181668011396,80.81153902180304,79.75671677888613,78.5163356466932,84.63785988601492,79.0204723561971,68.75981899905254,78.4874149859134,87.3211858825216,82.669997930237,86.77240479589793,83.92649821137744,32.61465851119254
119,1790.3561466796148,568.491939050081,0.7587017282337594,-0.11076981315364519,-0.12182874859694752,49,0.0,0.010176491351386237,1.03813492770444,-0.04063450745469593,1790.3561466796148,568.491939050081,736.6848922397171,0.0,0.0,7.6443270421948615,-42.20175795501798,57.30093876855753,59.811418627113305,51.903064386909506,51.987568498352616,55.43161474922332,78.92660248617584,53.8499115499764,57.33949618616039,59.033212827043265,53.17669438537979,69.62520445856829,58.74809944560772,29.55106587064916
120,2286.7855357852636,569.8145849975563,0.6974980632184544,-0.02769823733751211,0.44971356421670344,49,0.0,0.09110233099086158,7.758572763140384,-2.2244545937057856,2286.7855357852636,569.8145849975563,5325.737608136025,0.0,0.0,7.365118511433945,-42.20060940180941,401.5861587530352,430.59665960405647,376.86302962940033,424.4950173736971,429.2439359228636,459.0707850398469,441.2491439360872,431.8974779470838,453.67362654447527,432.2303281418309,426.0233919449426,425.9583800925412,192.8496732061645
121,1087.9196832006533,571.0202401298823,0.5293454325300446,0.03566226558566494,-0.03625083241429173,49,0.0,0.010758956244486747,1.4073981518648468,-0.37104244098695754,1087.9196832006533,571.0202401298823,790.5482002625104,0.0,0.0,8.03940634652134,-42.20039314977978,48.740632525138736,70.3315688908041,67.92784275778564,63.386368047806606,71.406695613842,49.845942535959814,67.7279114220998,67.09881544897964,51.82453795927124,69.46473476317917,60.74085658409992,74.21018025844617,27.842113455097532
122,1048.5142996338645,571.8975319265929,0.23708495237044522,0.1896684779534852,-0.5284656100635453,49,0.0,0.01168075240269184,1.9103597504326035,-0.702787898375643,1048.5142996338645,571.8975319265929,973.0502181781469,0.0,0.0,8.06156722115868,-42.199970012088514,68.47311482712202,81.27987657554199,84.76535738030316,75.90189380891877,66.7001636210934,64.94651231954565,80.75278925488898,89.72840668000455,62.97303300880382,94.22871322901753,87.16511552548369,79.17525419937324,36.95998774804996
123,1782.3930600273475,577.1290014650291,0.673982154636891,-0.016794125303867317,-0.04887870924026977,49,0.0,0.05577074765782602,7.299578673980758,-2.158244484258038,1782.3930600273475,577.1290014650291,1464.6909572651002,0.0,0.0,7.648811657529806,-42.19816345240964,99.23215069140784,107.87046689572729,100.03130864228218,119.47026219729005,101.82272749268813,120.34269837676177,116.19218123967661,142.22057990006618,119.45722931146503,125.406406836092,123.9166187135748,129.22954435769202,59.498782610376395
124,1100.610952401293,579.0421484059577,0.5988742426770808,-0.17877409315571544,-0.13799316730907585,49,0.0,0.01230164065441126,1.421985665218765,-0.3822380459285166,1100.610952401293,579.0421484059577,815.481691507603,0.0,0.0,8.03225366605586,-42.19706856495157,64.94001340324408,68.5330646027333,56.15345140615506,65.66177748522293,74.04907338939066,65.10878486620722,56.3487616189252,57.37920344997423,64.45537245498477,66.2892894307184,65.01649884435041,80.7506662253683,30.795734330328415
125,1366.1636046694216,579.1940546172694,0.7844411503925809,0.04023351039871238,-0.36745640504852684,49,0.0,0.023948038613860207,2.5981296648549836,-1.0366520540305453,1366.1636046694216,579.1940546172694,920.2251089539031,0.0,0.0,7.882905305655248,-42.197273080092366,66.82904490544668,91.09283117070686,64.4118065101309,67.67164340068507,68.83314944800583,81.1818342902063,64.14274550470084,79.85081572369626,64.3801033692836,68.96138407800194,88.12276593249402,83.66585049158684,31.081134128958034
126,2117.907683898344,579.2633101312762,0.48368558222525154,0.18775781766673308,-0.22612129514458654,49,0.0,0.009654408544249739,1.301792989372835,-0.2863548209473487,2117.907683898344,579.2633101312762,773.6506566194498,0.0,0.0,7.460117978431386,-42.19695194209275,74.95438584808547,55.640350466711936,56.927790784069835,60.436974623992555,69.76970194119383,62.403005044845585,51.5218670739193,70.21967766603242,63.21615888201099,48.72607937649238,72.00941012368077,59.92964126445262,27.895613523962155
127,871.882762944345,579.8536242180677,0.4766505216520571,0.15684710494106285,-0.3949213594933689,49,0.0,0.012775414265613488,1.5076836652655723,-0.4457755739255029,871.882762944345,579.8536242180677,937.0454714551774,0.0,0.0,8.16088645951103,-42.19634453135177,78.25479962750654,79.9156388196828,78.01164308276853,69.5918253699169,74.51616382275185,64.37988348051661,64.28974923352916,86.06481393774536,63.685577679582494,80.9043267453011,73.34661318552703,79.30158404154817,44.782852428800936
128,1281.4074468864835,580.0553842850138,0.5101942757882737,0.004010775469629729,-0.14889510984898718,49,0.0,0.02158207451621511,3.2415947705852117,-1.2768968076674128,1281.4074468864835,580.0553842850138,964.5744520400126,0.0,0.0,7.930571854763861,-42.196849786171555,71.47313952853699,61.176778006948396,93.59777586638742,57.78687703142977,70.8162346821152,78.93569662395544,65.9982957980406,77.24960674439541,79.81379313565637,76.52380201469072,88.35651216351042,101.92426675072433,40.921673693621564
129,2556.418471975311,585.0326362483931,0.2261811256057827,0.2809112092928357,-0.11637143089066808,49,0.0,0.010622635108019519,1.5372166565102754,-0.4668377040385926,2556.418471975311,585.0326362483931,1060.889426240859,0.0,165.19436323234072,7.213527739486474,-42.19366093612362,72.66124339139475,95.62801577667572,94.03698585002667,87.14385294295249,89.86081344991804,80.82889091476616,69.63630347298125,92.07595618714143,81.79422287421025,94.82572947859722,88.452282283895,79.04854874671332,34.89658087158654
130,2477.841225249068,585.5731973973939,0.46529909496504956,0.11477199698520052,0.02605280340650072,49,0.0,0.03885356290091951,5.660456946357093,-1.882128728708833,2477.841225249068,585.5731973973939,1609.577489731596,0.0,0.0,7.257717035100015,-42.193633553085895,112.7630151724444,125.42793840643662,124.4187279503919,128.2334732422815,134.95703752251129,152.75703607447127,131.3831897171409,134.71451463025497,118.93536967781051,116.96630482439723,138.04425627865106,113.19514714032326,77.78147909448077
131,626.4136248583966,587.7632272589852,0.2717044448932448,-0.537756822693922,0.4777052011466694,49,0.0,0.005732011145889399,1.0852887346749849,-0.0888632376138674,626.4136248583966,587.7632272589852,719.8363828775593,2.0,532.6718236895188,8.298902713883109,-42.19247514950216,66.08472451307027,49.5125518534881,65.34726607068384,51.762165648786024,51.304898954023365,71.01626611318973,50.00864708549068,64.91875265880692,38.452455497542786,59.108315984635794,62.99846471954182,70.78809671493116,18.533777063368856
132,1870.5572743586008,587.9411843128931,0.575941263744888,-0.07540003985139455,-0.26050100360563555,49,0.0,0.02056429194281693,2.816045188674878,-1.1240990489687606,1870.5572743586008,587.9411843128931,926.0132671254913,0.0,0.0,7.59923732528634,-42.19360390706831,73.79495721592957,84.55043580125687,81.91583042415778,61.407913723318345,55.41485203656925,83.21031551872542,61.717165262718154,72.24579858550945,74.8297882041806,91.26396058915502,73.90733946490712,68.60808437694129,43.14682592212245
133,1478.9805052122983,588.8471428311849,0.7255190906542476,0.311607598845753,-0.08131679959219859,49,0.0,0.01533103122954429,1.730481507653701,-0.5954174066961894,1478.9805052122983,588.8471428311849,793.1703288505626,0.0,0.0,7.819451567901244,-42.193306325857264,63.562358602330654,65.28423927927349,61.43346716455727,77.22671464620251,49.16083690687189,54.92067949654145,55.963186030524334,80.09899691245593,64.79087739154639,47.88324426329848,64.01913316861682,74.75205484689921,34.07454014144395
134,796.5283770249529,600.8418950035294,0.35861149824176175,0.6325541699467888,-0.037313635763662,49,0.0,0.00818681309221913,1.2200414519189695,-0.21593646610049166,796.5283770249529,600.8418950035294,808.7662979022159,0.0,0.0,8.203202074820823,-42.18744154369748,59.61222198559963,72.2379581577355,60.99844550213949,54.702405659093344,67.41363065131061,55.19066345784876,56.345730794475045,69.937224867235,64.1333714049328,78.064637012306,67.66073808936414,73.48506998815728,28.98420033201836
135,2124.9632269838944,602.1376513701645,0.5474273272349983,0.07270917550168526,0.11913577679563395,49,0.0,0.014530969739909774,1.9992319906857463,-0.7521579813293147,2124.9632269838944,602.1376513701645,891.947081221598,0.0,0.0,7.456194070988047,-42.187411509236064,65.19303570537296,80.85187472591781,71.7646029407623,62.97734355200962,71.51345331032161,75.55222888436232,93.85010234561332,67.49554047361839,64.56456174255077,78.51720488732619,67.50194616100111,66.95865906369667,25.206527429044836
136,2307.2483745963164,601.8772940829565,0.578020377862956,-0.3048256332500769,-0.2700364793280746,49,0.0,0.038623671782265855,5.1935148939832745,-1.7886534535753151,2307.2483745963164,601.8772940829565,1394.960771175075,0.0,0.0,7.353693114356017,-42.1872118290127,102.44198137927162,110.62211790154491,113.65225438819778,99.31170692322303,112.12209191111755,105.13692244328493,108.41724122026949,110.78270311924331,128.20875657612126,111.15483642045359,117.92541826839096,126.9365803913551,48.248160232601606
137,1636.3113711785222,605.9324169439224,0.3758100513829243,-0.23494837783046196,-0.5274941757428306,49,0.0,0.011697013395166237,1.510128554648625,-0.44753479902443505,1636.3113711785222,605.9324169439224,1000.4699182190648,0.0,0.0,7.730974605471364,-42.18620636001319,59.4793185810802,80.02873533527908,75.12757901787296,79.08298792262703,84.6340088375504,84.60977676790317,86.1375777933558,88.44625169028072,65.80440630802336,83.11780314066388,78.5092096655276,102.7911710673597,32.70109209154093
138,642.013160534194,606.9345683661367,0.5879989526328402,0.3865625190914616,-0.651199217874611,49,0.0,0.02118682274411937,2.3982479684321096,-0.9497352131228293,642.013160534194,606.9345683661367,1340.2298360655914,0.0,1037.8920653934872,8.290063065849276,-42.18452926646424,87.81918135260582,106.82080211855745,89.78830532164162,101.76006505128518,127.03554017399193,119.53766526669538,107.06007470079952,103.49945918067462,113.99223236587338,119.28852541189848,123.86412513175527,88.97942158544554,50.784438404367016
139,1430.6788282042262,611.9219276411059,0.6427812977351383,0.19947081251973256,-0.12337264373663685,49,0.0,0.01770617111326794,2.2941832564554354,-0.9015702646112684,1430.6788282042262,611.9219276411059,844.4617724716445,14.912311245606634,0.0,7.846600852303873,-42.183673027791414,67.07649788109345,69.39894513500488,64.00881677752209,82.50676995501101,71.35799005370436,65.57146711951255,66.21333664465874,67.50461809005306,52.198887470566845,74.0025210251028,61.90681976592213,75.24729460124993,27.46780795224266
140,2442.7739172043466,614.9812345915119,0.530427891898301,0.16182354801042767,-0.39181715786388294,49,0.0,0.046198232059445545,6.128361765435489,-1.9683609859212732,2442.7739172043466,614.9812345915119,1787.2312545759064,0.0,0.0,7.277528159109278,-42.181464082711834,128.62196821361044,146.66470560094314,124.53821488090561,142.58877802296314,118.24202355751544,161.26672664458818,166.66345640640435,148.29085144064092,131.86088166992377,154.48105182262003,147.01843272332695,144.24809290129548,72.74607069116895
141,1960.1014967775213,621.2977970027472,0.3821638193089808,0.13777728891094673,0.12926637291296603,49,0.0,0.007992228425876506,1.2562783239536894,-0.24771466611165693,1960.1014967775213,621.2977970027472,738.9993292084635,0.0,0.0,7.548924006946068,-42.17962869990132,64.15953251987983,52.133989628792264,60.63365033984272,52.88134722006539,67.21101305869038,47.78250484331307,62.216693827144795,64.43753115181491,60.830283569625024,63.79044966577733,54.581351802522946,63.853083304936376,24.487898276058374
142,730.8674393226271,623.4402262078254,0.7600962675085328,0.3847420543514053,-0.35568492519728434,49,0.0,0.017442928499851806,1.5071233175302847,-0.4453719727437798,730.8674393226271,623.4402262078254,1184.6601946642336,0.0,0.0,8.240050644672927,-42.17787551695059,90.15450330113596,94.19208632025733,124.5273429114686,100.2013505093904,96.02862882531562,85.08866918137397,88.55301671865915,98.28248016038685,102.44517802804438,92.8124756997578,91.30780579912651,92.00209831310634,29.064558896210688
143,1261.165044875538,622.6027139556655,0.4879888919345837,0.13553431577303787,-0.13608125164999393,49,0.0,0.03779752489921857,6.034401017563934,-1.9515854198543523,1261.165044875538,622.6027139556655,1313.1165227976992,0.0,0.0,7.941903168581893,-42.17910445932579,96.34954816288533,98.3203622728613,105.97843357167622,105.32165895153025,114.08703765130528,120.52021758392823,105.8626916780742,105.99268018624278,90.23162869473475,102.5705324426788,98.15923375364814,118.61856220793321,51.10393564020069
144,979.8911811659852,628.3552189794414,0.31983396354696414,0.015782967009338938,-0.9172776057531825,49,0.0,0.05219151272237944,4.386058092777693,-1.6051859488859708,979.8911811659852,628.3552189794414,9746.74848275927,0.0,0.0,8.100033458042638,-42.176337120572356,733.6938338810223,775.8699366699151,803.2156228069738,786.5044889413009,756.1558309570197,836.4654295231458,727.0585076233456,833.6882527526236,826.275102149322,795.3040779049926,746.7937252392323,787.2559690235232,338.46770528685295
145,831.4735157832946,630.0714905398492,0.2951207062861116,0.2803555261636405,-0.42817820283296204,49,0.0,0.009631507857263695,1.4488221081219845,-0.4025376610489068,831.4735157832946,630.0714905398492,938.9610529849288,0.0,0.0,8.183469824745947,-42.175338988793534,59.873973366078566,74.62600510981456,90.11220928684796,85.55661209153328,78.80926232104687,68.64577612982367,74.77500494915004,70.14954813115065,79.44156992933543,66.34460457737043,72.77132476025051,75.39065016616406,42.46451216636271
146,982.836949915922,630.2503001210264,0.7761259715246975,0.6675181525292665,0.5101594968464311,49,0.0,0.06324168682262032,2.61604797599445,-1.0441142607500296,982.836949915922,630.2503001210264,11228.96333471396,0.0,0.0,8.098373012928231,-42.17555256370935,840.728540114633,887.3770962851047,927.9853284179775,898.6224161297112,876.7073514883783,939.7962607919926,846.6240656099969,946.7021622189357,941.4295788926345,920.2442823161737,910.564763759695,903.88375784426,388.2977308444673
147,2087.5697772296317,631.0161917426583,0.5501460319470778,0.16039463714492136,-0.4847223418480532,49,0.0,0.009650169055174221,1.1494487025455926,-0.1512239859934712,2087.5697772296317,631.0161917426583,762.8557383240587,0.0,0.0,7.477272640580472,-42.1754314722383,52.91477916295091,64.57723121261193,67.36518836962959,59.5039231658144,47.24056123186943,58.913808379092934,47.932269301471415,62.65555841870262,58.16727610905154,78.28406288765797,65.29208420039942,60.477386325491196,39.53160955931532
148,983.3497257070093,634.1929574804207,0.3248186416520636,0.20134135071702108,-0.20874979263450721,49,0.0,0.06949879711244032,4.496794628581511,-1.632257633801732,983.3497257070093,634.1929574804207,12393.168925848306,0.0,0.0,8.09807578634422,-42.17391077020088,919.3263978166555,976.3648018177532,1021.3871097629385,994.615068516725,991.9184058535046,1045.7930309495105,971.4875591625303,1019.6427992363025,1024.086864198276,996.6032644807942,995.797229159375,993.3557423081647,442.79065258577447
149,972.6184320541961,637.2617596236445,0.4992690875560923,0.8527923653677141,0.02058679992697898,49,0.0,0.03972667621677456,3.08525593380992,-1.2232279906403856,972.6184320541961,637.2617596236445,6708.991987637384,0.0,0.0,8.104101723339355,-42.172613853257836,507.39392528455903,566.1657830984356,506.035478657495,536.0736506490807,495.7975651267939,609.7392073092876,521.9160391183917,554.8780029759453,535.8463695448215,536.8312003549895,564.0154304742263,536.2624694046289,238.0368656387284
150,2290.7413419500144,638.8993481892425,0.8871173972272729,-0.20105182185114995,0.23541759766365156,49,0.0,0.017155487745386788,1.5558367372837678,-0.47991005519327995,2290.7413419500144,638.8993481892425,916.877745136062,0.0,0.0,7.363068985267429,-42.17181877056485,66.28174836881786,61.5016247040698,67.02142310439908,68.66759604025481,71.68293116842821,83.64069326426,69.04716362650595,84.62053775485573,73.27207173730523,66.3561865925308,76.50820574950833,94.19225982178025,34.08530320334602
151,1298.2272390064159,639.5761172807103,0.6379779149296373,0.08744568696944127,-0.09596250788941009,49,0.0,0.04336176168055624,5.6724479151358995,-1.8844262921227473,1298.2272390064159,639.5761172807103,1402.3526862737572,0.0,0.0,7.921046197147786,-42.172065231661925,96.52581817960161,107.99121805858712,108.22999131979049,127.68505606441744,99.04344255221494,121.83303536374204,109.15789942026092,82.73973785285742,123.07140542409924,125.7650315378375,121.68740458661495,124.4971940471014,54.12545186663206
152,985.1682520015437,641.6459932863852,0.5614621429004507,0.5809703174527338,-0.0041640441487938535,49,0.0,0.03503485046214079,1.479156824574743,-0.42503555405376253,985.1682520015437,641.6459932863852,8149.6307309524145,0.0,0.0,8.097036577245783,-42.17080862295565,586.6525786773527,676.0313310686153,677.0908509270733,652.8477410371086,665.4383167140419,682.4014419025607,647.0065401700692,635.595271076075,655.285735666697,665.6309044932245,665.1370329383477,636.7879863089653,303.7249999722832
153,998.9361908520979,641.4381137286595,0.6672271343069217,-0.19392642686295022,-0.1739682126120088,49,0.0,0.021950908868515587,1.6639768582230416,-0.5528682051032264,998.9361908520979,641.4381137286595,3115.1144380029555,0.0,0.0,8.089297213934717,-42.17091822473449,255.0816675575578,241.9170407309752,255.18844991741062,231.92001473184138,237.74234853071962,240.0151983048082,258.9666716048906,243.58724339020716,273.95415088965063,262.6400665975098,255.1674559370855,239.87180675574228,119.06232305455669
154,1183.1840094145573,646.6374391568862,0.6064247934520667,0.5629102618354409,0.23606975352546294,49,0.0,0.010864011197053434,1.2755969945354608,-0.26428371830131897,1183.1840094145573,646.6374391568862,753.680666915917,0.0,0.0,7.9857107584559825,-42.1690095744362,48.13118407113375,78.36866605000833,59.60723433677657,72.60101922435481,57.32873788331229,49.75153940018889,58.15731411318279,53.40078174134829,57.092235063077766,61.41404025689291,68.40672008576536,59.56172841514602,29.859466274729126
155,2290.7684405916675,651.2392920521584,0.8974329415753829,0.0060793244192762,0.32894983970603103,49,0.0,0.01295458122375832,1.0732083750037698,-0.07671013280009636,2290.7684405916675,651.2392920521584,846.407514097894,0.0,0.0,7.363085048580895,-42.166677441258045,62.05524413433135,74.83941625563064,61.804608338834925,61.770279486675236,65.1955310673419,69.68009557929429,71.91488537356169,76.6485136284212,56.06945838004841,69.98754463133562,69.02557852668363,76.14202232494301,31.274336370791996
156,1161.281082760069,656.7488970447522,0.36980595904658187,-0.048723704218052256,-0.2497723838522501,49,0.0,0.04947553350602726,7.377351579893295,-2.16975120243381,1161.281082760069,656.7488970447522,3036.6672763400793,0.0,0.0,7.998007271199438,-42.16477096337209,247.17763132131984,259.9720933554207,229.90997946643682,246.41980942443104,226.5710084042243,257.26358763915465,241.75220277287792,245.04411641305992,231.01866430540105,252.73673154089607,247.85489445383885,250.17112237524032,100.77543486777824
157,2148.8934689963926,660.2197617436483,0.5698198136314416,0.050746721867919904,-0.1123450204320497,49,0.0,0.48876470714251324,72.52029230218737,-4.651148864764248,2148.8934689963926,660.2197617436483,10287.388215540348,0.0,0.0,7.442854854718722,-42.163176929197874,800.8047022188773,826.0316879971954,829.9760818183179,824.3214166796377,758.5835893551648,850.3279099788688,811.7875879022959,806.6703093525007,794.5447385569761,872.0441817047979,849.5820985001279,883.6853303498399,379.0285811257477
158,2525.601089279625,659.6584869513526,0.5507597964714935,0.5888837038134636,0.2567703610653803,49,0.0,0.04828849028922117,5.7290137450584115,-1.8951996605270949,2525.601089279625,659.6584869513526,2241.9519032869252,0.0,0.0,7.2311114061893855,-42.16264928618609,151.7413887272672,166.70402705886193,196.33837225280072,203.91998301625193,201.35349609384716,161.47048535763798,152.35739304657199,164.15519433299562,191.7193639375169,197.0028150186119,182.63253969630154,180.74243464260735,91.81441010565322
159,1270.8043504581608,663.2046090707005,0.9772699393016381,0.7028457420079411,0.10635086399491231,49,0.0,0.016274717174860138,1.0130037310830684,-0.014027612378499758,1270.8043504581608,663.2046090707005,1279.0323626614795,0.0,0.0,7.9364343119883785,-42.162196763779114,90.66568083365026,116.39381487816512,98.04800757177037,93.81293721417006,94.55575720359658,109.34469650611553,102.055953987474,116.51874333978886,104.39178457763933,111.67246947291608,97.31612778729058,104.2629259005491,39.99346338835374
160,1709.8472351738671,666.017849001133,0.47151576189790756,-0.11392807239966891,-0.14454844440058956,49,0.0,0.022196229829995504,3.442523736109352,-1.3421923584703883,1709.8472351738671,666.017849001133,1045.8187803846517,0.0,0.0,7.68964852093694,-42.16115735359217,75.39173086756577,89.40230286750476,86.34579274925571,99.00283095372616,69.13584914756386,64.22306287424284,79.05933846726074,87.05830216663865,85.55750401717171,85.99998360688843,86.1449165225655,101.04445362017877,37.45271252408869
161,1145.7898712150493,668.1970423156756,0.6866387523196665,0.1708954780967741,-0.1612829458375588,49,0.0,0.08214017766364365,10.580605486948214,-2.5612763034908874,1145.7898712150493,668.1970423156756,1938.1101359876093,0.0,0.0,8.006696014015633,-42.15998217268861,140.84403098212618,157.98777215053929,134.34479815680962,144.58247850455047,151.9034278072662,175.7773144036744,155.70760713403445,142.49845121444392,143.79031036477903,156.72114239796343,183.34581386300488,174.23341524829132,76.37357376012602
162,1719.1799726048894,674.6304265732664,0.7778554323920517,-0.15568715117976248,-0.05679453135124667,49,0.0,0.04053307898423252,4.671716513571368,-1.6736912032365536,1719.1799726048894,674.6304265732664,1281.3643115335055,0.0,0.0,7.684406413125892,-42.15756602681794,106.26429357138363,113.70115963198826,97.18052409612704,87.96851941243696,100.58810834531049,96.11090914282889,86.67179778287536,108.472732965309,94.46727884331699,100.63982906919563,106.36529246092415,118.02587369605871,64.90799251575055
163,2359.696249320433,677.4902017214333,0.6994528181548428,0.00865075573452667,-0.06725155329181347,49,0.0,0.03108957643376935,3.474611482389175,-1.3522656262811026,2359.696249320433,677.4902017214333,1448.3113996453324,0.0,0.0,7.324412617099585,-42.15560329158357,109.0723887055933,109.71817309714187,129.8670951293192,104.49774277733272,108.83117535414422,109.98312540948243,110.42036086301941,126.90747958308474,134.89759900149966,120.44104516392318,118.84207124558816,118.64062901181555,46.192514303388066
164,925.9270643433969,677.5058183058451,0.5612587485152236,0.40045506569458483,-0.25125148075528664,49,0.0,0.6145629588748933,87.07151141281673,-4.849690207839632,925.9270643433969,677.5058183058451,14965.564025844009,0.0,0.0,8.130250755529364,-42.15576319252725,1183.8780483859912,1145.877296440513,1170.398440226035,1217.6152351664018,1156.7787945716937,1228.1299989838612,1163.8464455833791,1235.1791975584415,1256.3444076388355,1165.4326486079162,1217.8328462012892,1263.5448825231215,560.7057839565291
165,1784.0329544986844,677.6431301751065,0.44339549302804676,-0.019180144942402118,-0.016793822603744443,49,0.0,0.015883096452674755,1.6158304165475124,-0.5209894476832244,1784.0329544986844,677.6431301751065,1464.847401682488,0.0,0.0,7.647957151960312,-42.15628390888009,89.19734668086694,124.76124188490925,144.2027131523765,120.1216776501063,102.2938668661117,123.13992255164888,111.81352329191719,112.05065243050649,109.70637622627639,108.54123983621574,138.34072755857312,121.1212596453872,59.556853907592185
166,2229.620946840744,679.3808382382833,0.39611461237533463,-0.3201657804240146,-0.21660084098463425,49,0.0,0.008110408640377985,1.2601560666431235,-0.2510608363745348,2229.620946840744,679.3808382382833,738.0157311712967,0.0,0.0,7.3975225574573065,-42.15506325516095,43.67543153415859,50.18558246445932,61.90218397656847,53.5798862667554,51.10144074210152,59.27123205930234,60.1012572173957,55.37210924481984,74.7805158098461,75.11058918186373,63.53609868883492,65.6894712263996,23.70993275879116
167,2015.293631040173,679.9663743383347,0.9344026273404148,0.09165697445716073,-0.012847740859028628,49,0.0,0.029778895476131478,2.9463591313139967,-1.173214204571059,2015.293631040173,679.9663743383347,929.0215483727164,0.0,0.0,7.5179816703070115,-42.15512615746508,66.11876120135105,71.30802631027294,81.40765183766403,94.28913487421877,80.96975437635416,59.417017395988594,70.6655845563725,64.2551782722019,80.10562899426347,76.06290815668324,60.52406070829604,87.51071921376665,36.38712247528309
168,1083.680880323076,681.8213052838242,0.5375350416967126,0.7528050117525649,0.006427303334900128,49,0.0,0.019407885997729617,2.1893932865879497,-0.8508094551455103,1083.680880323076,681.8213052838242,1396.8299804197923,0.0,0.0,8.041579906939964,-42.154222953837056,96.72349233218249,108.64168579237744,113.49051363638239,117.75989572206704,103.36219275542494,107.70013306624064,109.70945392788965,111.43089489888766,118.34951519546358,111.86273861342116,120.65596411456602,122.58652567206296,54.55697469282637
169,2262.3428361380866,681.782512836952,0.5594212014642848,0.09102238200656576,-0.056209246378198574,49,0.0,0.05556135786599338,8.060700258446625,-2.265931929937364,2262.3428361380866,681.782512836952,1663.8323801411723,0.0,0.0,7.379137984825859,-42.15400468717565,110.94466350842558,125.78651547902606,125.5047982834166,165.4614271436697,137.89263676136372,133.4103210815358,106.54486512333386,123.70853237623263,139.57033858771894,153.0755712509398,116.75454803040816,156.06102667210536,69.11713584299585
170,2419.1128900386598,683.6227757795674,0.28206521074381125,-0.09887013604328422,0.14014979211361767,49,0.0,0.009891580775767279,1.6321484694901107,-0.5318991552656342,2419.1128900386598,683.6227757795674,907.3285349774885,0.0,0.0,7.291037864398474,-42.152919672180424,69.94559380878246,66.69409213302852,84.09274447929658,78.3643453765517,64.93388892754821,61.05162023972098,72.77025196558827,84.78908479079489,61.7197504860646,74.62932655376838,85.17515703213945,65.81395528402686,37.34872390017762
171,1086.1305102445851,683.7863554676672,0.5117050560689198,0.5161195139340821,-0.455178328262142,49,0.0,0.015524707810178083,1.5987173297456234,-0.5094292066078309,1086.1305102445851,683.7863554676672,1386.5164733488064,0.0,0.0,8.040199451749393,-42.15340769412524,94.78388496563738,105.45947651837812,105.2729072539145,118.86777444673572,102.58087478187099,108.9683355473295,112.73289732284869,111.83444177416857,120.18298041195823,107.09146614482239,120.29253309157254,125.73057437597635,52.71832671359356
172,2317.611653917532,687.3871190722068,0.6686591561759327,-0.038368736383807604,-0.1296901435834251,49,0.0,0.1539690349475784,19.652995282622054,-3.233571874765937,2317.611653917532,687.3871190722068,3552.650500378246,0.0,0.0,7.348091135721252,-42.15156507344858,292.8570665179674,290.21466446663965,250.7253549798791,262.94965359937544,284.29408016841,303.97473211084207,297.1256718391463,301.6458336976345,284.67917820724506,286.30633280919756,281.4681781160054,286.7082173667792,129.70153649912388
173,1359.3485405687463,689.8996251700455,0.3830795991166828,0.5172031822273265,-0.14536162404218633,49,0.0,0.01635773172477281,2.7453872249239533,-1.096509021134104,1359.3485405687463,689.8996251700455,885.7470604585362,0.0,0.0,7.886640051632457,-42.15114371484877,53.5179347959444,78.3705901930767,64.67814139049739,62.860250230444024,77.2435028062853,72.74909921163777,66.47373439896478,62.39562397192408,83.22864691970702,76.1307502706458,93.44863617220058,63.30096537646102,31.34918472074737
174,1477.075708230426,690.9935308477563,0.44838454119301857,-0.27031124777610377,-0.2972501585092729,49,0.0,0.01181099159696415,1.7394375587774475,-0.6010221083412094,1477.075708230426,690.9935308477563,753.4626296370666,0.0,0.0,7.820476451750493,-42.15074679980918,59.62904281417339,57.84893165054524,58.48930727949667,65.74877093432288,57.897661179907374,64.8241094126001,66.09173278366816,64.89449434294616,65.50413557247902,45.12862189345667,58.97350233534769,59.90697212826815,28.525347309855054
175,1773.7505762266478,692.388274819519,0.953745564509545,0.21961083700852957,0.08049901472923485,49,0.0,0.017461391883588247,1.50113513556865,-0.44104947542838385,1773.7505762266478,692.388274819519,938.1904809498059,0.0,0.0,7.653745732779876,-42.150145411518096,78.45001509970342,62.805619996946945,81.45143649013906,68.53669559143432,67.07474368995034,65.5029997739359,77.90931015301838,81.94962431401498,70.82818170849889,93.59150162342817,89.40797840028603,72.28248135778922,28.39989275066026
176,1883.341215082741,697.1473693712131,0.6348009139428696,0.30012087204576465,-0.3498227921760457,49,0.0,0.011904170457987667,1.2313952946910827,-0.22599372441849597,1883.341215082741,697.1473693712131,837.0272679620148,0.0,0.0,7.59216144274612,-42.14809400727793,63.57766399882626,78.44616553120053,59.800182590976306,63.2338527412579,70.22171183839995,56.799711395664055,60.018418951225996,75.46672689862612,60.972098428042784,70.89868646662403,67.28685831733696,73.21720524065998,37.08798556317379
177,639.5914826531721,700.0967441059187,0.6238819424106208,0.26254550063430276,-0.46529036870836504,49,0.0,0.02367490753396222,2.364577599677009,-0.9343839276808142,639.5914826531721,700.0967441059187,1640.6666862847833,0.0,0.587863146583077,8.291095805027673,-42.14570886732096,125.85961832121967,119.004679096984,117.53605403375772,124.58411205412912,149.36370960420166,126.84308213269898,135.40107378465794,130.01396198981467,132.71114083533095,147.15195066983253,109.29814746171209,143.97157226931125,78.9275840311326
178,1688.7519441736013,699.5984566950318,0.6446497769029276,0.19931799247670293,-0.008374077017937864,49,0.0,0.035586345832576895,4.7581106216421265,-1.6935863369024882,1688.7519441736013,699.5984566950318,1264.871601178765,0.0,0.0,7.701516915121361,-42.147171780456475,86.31990008988059,100.98111250212429,96.00707398309902,93.17079050156228,102.69421457789512,89.22833665232397,107.37007537991774,103.50376342024302,118.96687657936323,97.1371733770573,100.59227964990122,119.76803783289509,49.131966632502085
179,1514.1244303293192,700.6167157019719,0.6000961639370659,-0.046248208641082485,-0.08939727390194686,49,0.0,0.15513212198298748,22.22778602727823,-3.367240518643573,1514.1244303293192,700.6167157019719,3393.821995037244,0.0,0.0,7.7996519827663935,-42.14674797349263,240.12789290876157,285.62020533630107,272.0185848997223,305.2617234753583,249.93145020250648,263.277027239385,269.00383496025495,273.631489491763,276.61127777515986,283.9256700072976,302.0091577009911,249.48788175281976,122.91579928692335
180,2283.7134163786786,701.3984886631108,0.3683084311774164,0.38373908702372084,0.03058845148504364,49,0.0,0.030930174069049302,5.155088641707184,-1.7805903434345418,2283.7134163786786,701.3984886631108,1486.0298409849142,0.0,0.0,7.367176698371326,-42.14579248155845,114.3276723156059,131.03757053259247,121.65271085102728,109.02505540715057,105.28299942455965,112.82227767556054,112.67027464980089,122.58577356651088,140.73170674609722,121.51994570380216,125.20877706778268,116.28224536259506,52.88283168182896
181,2379.169665086675,702.7967358414427,0.6748000050582177,0.3847972203940378,0.0386554824300634,49,0.0,0.011460162673483015,1.2844765745395805,-0.27181547072552126,2379.169665086675,702.7967358414427,762.2781800066061,0.0,0.0,7.313540544612868,-42.14501859662396,55.09763226001649,57.47209888210402,70.52476738921162,53.22848589503139,52.21179385093838,69.02226719134208,52.31620191342037,64.37595296249958,51.89809392257361,75.5880088016504,62.388000768910544,68.67417231986235,29.480703849045334
182,1376.1871678171165,703.6739147896991,0.8503885961241647,0.292528199892376,-0.2694275110845008,49,0.0,0.019475836960241147,1.9462946733028514,-0.7230214851302366,1376.1871678171165,703.6739147896991,863.122084610068,0.0,0.0,7.8771653533291,-42.14541543745396,63.357371648189755,66.50165377673099,88.15114271996575,70.17550696894504,74.21179982012907,62.078956061254466,75.13631142924807,61.14567115371477,79.37309631893174,57.58190637197989,63.27563883296682,70.73202673257069,31.401002775440904
183,1699.922186509384,705.0434010536078,0.2878419084055846,-0.4850131908816624,-0.4493812640324969,49,0.0,0.018229340586532673,1.613584578033254,-0.5194793360486706,1699.922186509384,705.0434010536078,2213.1004037651755,0.0,0.0,7.695241567639517,-42.14490027706037,176.85280389701222,189.33252419449767,176.77785562914687,177.02194135264665,177.44441757943767,159.71375958012248,185.17926206071087,161.90583121807103,189.74161532784706,188.05859074822953,175.98476396398158,174.41766060754648,80.66937760592569
184,1778.7700883490456,704.8397025489218,0.5893706738442267,0.14823011211217935,-0.12822897906240288,49,0.0,0.17848126127861208,24.76073656739311,-3.4844088991735553,1778.7700883490456,704.8397025489218,4405.463389768049,0.0,0.0,7.65093294387375,-42.144955128080106,300.4974928690833,362.4809773889591,350.2423115821382,373.3671030339301,376.1156559943055,323.316331416081,348.1676942072927,350.2589759829059,387.9190809121676,348.35604106201504,323.42804419610854,379.18932632260453,182.1243548004565
185,1414.3917041204393,706.2695917920728,0.9166478580818743,0.3618559536713375,0.15488705731723895,49,0.0,0.012529440176693038,1.1069261932330046,-0.1102966607328479,1414.3917041204393,706.2695917920728,794.0812150522296,0.0,0.0,7.85569443737006,-42.14435545130736,60.577347944691255,61.601251725137516,67.21696466850568,56.48298190522513,65.5560834374323,63.27549962542405,44.51642630548313,68.36179778550988,65.29981747082434,59.54943832772699,80.01994173965105,69.66614184334014,31.957522273278133
186,1580.9669412660244,709.5225835499257,0.4822688771820032,-0.02360433766881363,-0.29920663789277596,49,0.0,0.008582667821144415,1.0614437681344242,-0.06474247897809356,1580.9669412660244,709.5225835499257,838.5378627966215,0.0,0.0,7.762088123167357,-42.14304705916574,67.03913766787421,72.90689248882984,69.80106023724511,62.0834774099266,70.61912036689424,55.47045454934612,61.68601756318313,72.48635999280745,84.2478897234378,58.11106263452905,64.04266121960623,81.79743265785487,18.246296285086874
187,841.582014259033,710.992947686988,0.5870487244353646,0.30475017538319366,-0.2815406589842432,49,0.0,0.011872749416673142,1.453923604157995,-0.4063539682259142,841.582014259033,710.992947686988,877.9366411823393,0.0,0.0,8.177561317947973,-42.14164538403299,63.69240936077527,81.63084956086087,70.93660719199764,70.1236100578345,75.12305150627027,64.00890837810007,66.90440166567113,80.57004057729614,74.2526278849302,66.99116305374892,59.905475770632535,75.7720410557553,28.025455118466397
188,1640.1151200040406,711.155573713992,0.7016907117970019,0.008457707392885046,-0.15439248761013416,49,0.0,0.09109702552551789,11.994602224029576,-2.6974646251794994,1640.1151200040406,711.155573713992,1899.3901468466138,0.0,0.0,7.728851018309367,-42.142365046712996,148.24434305787184,169.06849971905228,145.9573906499707,140.27068381185575,167.51185245967733,137.81024627361643,123.47184759766813,154.9306097401874,159.37164479148657,169.51313476700722,153.69273080593015,165.89008320453345,63.65707996775635
189,1077.1332902136148,712.7227072782309,0.70073283934874,-0.17065905024602052,-0.2036719328726379,49,0.0,0.03181679066920228,3.446452495788989,-1.3434307419232643,1077.1332902136148,712.7227072782309,1848.9224053224395,0.0,0.0,8.04520040314143,-42.14133875304518,126.75757418336636,151.501479091602,137.01229272551836,150.94643055618099,143.5019509676301,155.50378821806294,136.92123456407688,152.67140278677695,129.68923025097214,156.1938803501697,162.07909556903687,161.8641361964523,84.27990986259387
190,1096.9026093198909,713.1450928836682,0.5877476451561546,0.02936022081853248,-0.15615723591152697,49,0.0,0.022628428443404965,2.846573036963344,-1.135805828390367,1096.9026093198909,713.1450928836682,1198.8114989349283,0.0,0.0,8.03409109341056,-42.141190600177204,97.45042955097219,95.5783381659283,98.63801506819011,91.61240476573504,94.80039045388486,107.28398911279601,93.8873327785985,85.01603534263118,94.93906208540571,85.74545262874526,94.36219930763785,110.94535278902121,48.55249688538198
191,2480.058324029218,715.9618388723451,0.7701563394306921,0.07482931716954155,-0.2847502523712611,49,0.0,0.010740908185983396,1.037631655434256,-0.04010803117385115,2480.058324029218,715.9618388723451,793.7424361117138,0.0,0.0,7.25689159828225,-42.1393042074516,64.63549146684784,61.68793549967032,61.6855532455838,65.17823071509683,59.28430688612795,71.11999315904598,43.07153447672234,61.77774081579864,81.68129208940437,59.07148768206648,69.90700796624037,59.91623986708252,34.72562224202638
192,935.2143416586796,721.8736621945656,0.33614621413730045,-0.062486850987165506,-0.3411118055154745,49,0.0,0.00790764647792145,1.0337436734525072,-0.03603216167823498,935.2143416586796,721.8736621945656,818.4176020588761,0.0,0.0,8.12492267819374,-42.13729484220423,66.56292210546263,75.41213070910791,69.27236473040436,57.42285219034253,78.73641811906258,60.15628814788967,59.74126957966377,77.35472427468363,62.61589333960154,54.085333887115056,54.954914078107606,74.67102243767337,27.431468459761486
193,1110.3971212105414,722.5029132741295,0.5241994701876975,0.49503093260133474,-0.46150021848282247,49,0.0,0.009363805794815123,1.266779885487981,-0.25675289706913296,1110.3971212105414,722.5029132741295,755.2316753487847,0.0,0.0,8.026491598696387,-42.13731009617894,56.37921206065265,78.64606098163495,61.06222272422883,56.746570851798595,63.91347550901659,45.17512794477091,50.677291077952496,65.77735443890316,63.3259017587395,42.97111893722951,70.95862018168194,62.206901760374436,37.39181712180114
194,1925.5015986688418,722.6330932309206,0.7178667950680125,-0.013757749617980352,0.23779672115757586,49,0.0,0.014388009230557715,1.6020239317946132,-0.5116724987349527,1925.5015986688418,722.6330932309206,834.5651095476742,0.0,0.0,7.568498814901279,-42.13744031535913,68.66938171643244,57.35618548562985,63.02113055043757,77.47728948060688,60.77975099181781,46.40805465823398,64.92162024956727,62.43093039542426,77.75521499986442,65.10678070566638,62.81127590658967,87.85750566783369,39.969988739569885
195,1074.3549310381031,725.1884889676386,0.6016741512524064,0.30521576314201054,-0.26900054383506994,49,0.0,2.420601629856632,345.19570434461764,-6.345163456664734,1074.3549310381031,725.1884889676386,48231.65719962531,0.0,0.0,8.046737505989727,-42.136140962194986,3674.0408041013416,3870.710194556244,3799.234483998276,3792.2813907044065,3882.9683386692677,3986.7012835019764,3899.8726945099015,3878.4177875016485,3931.8914100965194,4021.2960851797907,3902.2575912430416,3913.9432638096487,1678.0418717532673
196,1444.30972845028,728.0586565094533,0.41828543956561387,0.4478292514484784,-0.19143030855589538,49,0.0,0.01419235165540766,1.8884894970878852,-0.6902864345590325,1444.30972845028,728.0586565094533,974.8373328485933,0.0,0.0,7.838869693843938,-42.1352911000226,65.92902326985131,73.28293670421654,93.82270938882982,75.69524386770027,79.4431758903539,92.73342244440909,77.41306503457183,48.575592981033324,77.46996180911287,88.86844906546463,74.02125442482945,95.40588020081438,32.176617767405965
197,1055.781187135527,729.7303827632928,0.6021423348484839,0.27422636420619917,-0.17216638850490568,49,0.0,0.01952161975110662,2.4435126100660276,-0.970036461508452,1055.781187135527,729.7303827632928,1289.3679579920185,0.0,0.0,8.05716427834178,-42.13422134826602,88.82669818659241,103.6393753364332,88.63808555755686,104.68711682857486,109.44521111170545,100.58007471757344,97.1729200348054,107.47657597538765,103.27967291531891,133.77459439270902,108.31761164518647,91.52817143985789,52.00184985031716
198,1639.7892270252285,729.7009044517335,0.7731937655063404,-0.0035545103931707697,0.1445613268025172,49,0.0,0.018326316990666468,2.0514524716955926,-0.7801536490781349,1639.7892270252285,729.7009044517335,856.8831939961774,0.0,0.0,7.729036821216257,-42.13463817790655,60.6323003760949,66.16118469705245,69.09689606513393,69.08714407062271,57.790312407794275,84.27755312432612,58.59855719708897,73.00351374701623,73.09936706303307,74.05642627575175,61.83140767443493,79.05813265073905,30.190398647089093
199,1134.2784244357654,731.8833696176845,0.6727040859674915,0.30109135088094563,-0.06285542932622769,49,0.0,0.04757685830301748,6.350148380486872,-2.0069596833377297,1134.2784244357654,731.8833696176845,1291.61193212557,0.0,0.0,8.013057275009245,-42.13343307461349,98.55303995518841,119.869189267027,104.14299160713821,95.6318339441008,95.83838203572927,89.65376736474316,109.00384511703928,107.3314479080418,97.89188287835336,96.15758220762206,114.46594874513629,112.97503743259219,50.096983662858236
200,1340.5365681984727,732.4031754343281,0.6369146643130735,-0.04324664683784328,0.5218979389275973,49,0.0,0.012539909254516726,1.5304352554942149,-0.4620374041304232,1340.5365681984727,732.4031754343281,812.4211501369919,0.0,0.0,7.897171855519353,-42.13342177275441,59.46481717483695,54.329876622934194,68.76416924964977,68.31156374602654,64.38382724080245,73.32777494140957,64.22149460579476,59.59967693911977,61.68012873578599,78.97166354337153,63.21779975642225,64.15380253459963,31.99455504623851
201,2794.5423194876435,735.633192520907,0.6055885488910505,0.18278850328483337,-0.16058390350408625,49,0.0,0.013099706611919367,1.4537207945392365,-0.4062025069631717,2794.5423194876435,735.633192520907,926.7029271497745,0.0,837.7526368485643,7.080284550779539,-42.130214861896164,83.43438971547104,73.21576969146541,66.54955350646205,77.4090448994614,80.41230627230459,72.50804049825453,78.76809049438941,80.03068813731615,76.11575944802968,70.94906456488683,74.49859433780478,60.69860523517115,32.11302034875743
202,493.47129500622987,736.9325653881219,0.8551143329631369,0.8784340826828795,-0.8595749723501622,49,0.0,0.026614616198066793,2.1614280983465237,-0.8368519823821039,493.47129500622987,736.9325653881219,1638.776758445876,0.0,1234.9288521568542,8.37305255573924,-42.12994786813644,124.525613120163,134.1375102761067,163.40754220130435,131.64014427187595,117.60432259786515,152.85322786212117,104.83959511181956,131.37532015268567,104.81608347194862,133.80431232760088,135.66048726858372,140.78812300704993,63.32447677675154
203,1033.5838612124985,737.330615310853,0.49806143178428897,-0.5035044648857137,-0.3514898391795176,49,0.0,0.010892761672353993,1.1673623529953938,-0.1680142084084625,1033.5838612124985,737.330615310853,934.2867264868902,0.0,0.0,8.069619869009543,-42.13102094136292,65.94097391816351,65.50161787055019,71.40361041873022,77.751931961601,90.89109601896358,78.21964865434938,72.4246239047235,97.67403335170926,59.996911429954,86.69420672162727,62.73781382671289,76.16657714166759,28.883681268137757
204,2026.031501726011,738.4758218343145,0.477031993373868,0.14501340350158337,0.21357258523286113,49,0.0,0.02763244762985205,4.288406489817254,-1.5807398614398338,2026.031501726011,738.4758218343145,1163.233413527833,0.0,0.0,7.512038045461671,-42.130736080784196,80.02342598371763,90.73295714162956,103.66991276048827,106.02527137531848,87.14961060722273,100.51934901390185,85.9272253621561,113.61696604574139,106.48101308770003,74.04071936075837,90.30667677608753,84.66913459870119,40.071151414409954
205,2241.3395954549023,737.8861262638471,0.37486927877392934,0.19869428192939814,0.4513504978681627,49,0.0,0.008899062073956418,1.1027173048191108,-0.1061604749061042,2241.3395954549023,737.8861262638471,1015.4439799870008,0.0,0.0,7.391074060038939,-42.13066714494191,66.2189004582421,82.61341856367893,69.53109019353269,76.45520471961801,87.42094009105915,73.51877897231873,83.04199259643413,89.61190275225236,79.05453297437865,107.1783116741606,91.18569349493211,77.06289970171802,32.550313794675404
206,1733.022137440509,739.5884609160111,0.302512845070369,0.3530599293031741,0.4364942773397219,49,0.0,0.033574887367073744,4.3210881258457565,-1.588982808903654,1733.022137440509,739.5884609160111,2161.9927596148063,0.0,0.0,7.676657880653561,-42.130496575315306,160.42098633984313,196.39929869993549,151.2290691326282,162.9158354320154,168.4404883710974,183.62352744370966,154.32018075771555,177.06516980697754,194.5918839920539,174.9309235591371,180.98543073852318,172.54083584650607,84.52912949466361
207,1185.8543606117335,740.4200757296609,0.7822427721964752,-0.16121597493069204,-0.24700985862653743,49,0.0,0.012478751374672747,1.249611545899894,-0.2419375731381351,1185.8543606117335,740.4200757296609,793.4942104525932,0.0,0.0,7.984066811997848,-42.12993854676694,58.84684603804711,72.21565441280691,57.842304668606864,44.252914526706974,62.555927114047606,62.99749386467862,70.7075338231524,75.87436600737715,64.42145464915794,65.35174518196739,70.03598481145366,67.10478260031954,21.287202754271064
208,979.8970464318634,741.0204338008432,0.8180003585667003,0.11793484055301284,-0.3405791145994764,49,0.0,0.023373752426914494,2.460193206296346,-0.977423037203058,979.8970464318634,741.0204338008432,976.8283605273048,0.0,0.0,8.099773382383791,-42.12939623981247,71.35136056150967,77.00733947805686,86.71196384594734,69.23714652184594,79.36562544839653,81.57968986599825,78.92576783770647,89.37068364287165,87.65126928202295,68.17525607737743,77.62988165751884,76.76378193013673,33.05859437791606
209,1925.5687039543627,740.4494034164878,0.3019244601515571,-0.002238859828506608,0.04451717963180542,49,0.0,0.014429802996403285,2.740262587587091,-1.0944804534706027,1925.5687039543627,740.4494034164878,967.929092503621,0.0,0.0,7.568482366367578,-42.13001712690425,65.69408071275485,88.36096011527646,70.77700545771692,80.2968060857533,63.73437155448589,71.38689853334537,83.9798975057359,84.48120969097923,74.34884199362291,87.42838971208543,79.45259545756701,84.43220518484489,33.555830499452824
210,2216.8566568737615,740.6385752762858,0.5804674980049284,-0.2528672203490563,-0.3623319093931342,49,0.0,0.013918009720190683,1.7885648819613003,-0.631261748082294,2216.8566568737615,740.6385752762858,823.0312496952022,0.0,0.0,7.4048349977609025,-42.1295625358053,49.09516275777947,85.6978230429088,66.29257920567359,68.54810168988179,63.864841885622276,72.91485820122838,64.19586308347759,63.71182908410404,71.356817651976,60.974093356692364,63.83499076731049,65.30838764341632,27.23590132513111
211,848.020849130026,743.4641319013642,0.7819313256681253,0.08447093597264504,-0.3234754889999113,49,0.0,0.014218188686880592,1.448030263672697,-0.401944096656802,848.020849130026,743.4641319013642,904.1078661363963,0.0,0.0,8.17385367388963,-42.12812997624693,69.98745400624492,74.06019513855509,69.0760037746485,68.56234341995022,81.91171951106499,65.61073799976245,72.01346848057202,68.63847437093551,83.60075531045737,84.1400715508897,65.84827102681652,73.23707727658393,27.42129426991501
212,1438.4249014614932,743.4415706090938,0.5788311427636921,-0.2983093463893339,-0.23858434900301276,49,0.0,0.00863007488067813,1.0423909729405663,-0.04507660437482058,1438.4249014614932,743.4415706090938,684.9436296391357,0.0,0.0,7.842167016556538,-42.12887924698066,53.44337832113425,45.96422970003823,53.464062436076944,73.04077748201146,54.0994731832902,52.338125605278364,59.203373886320406,57.506025474044925,59.702115577293725,47.214029393673805,50.61476861807032,57.30350698815754,21.049762973745576
213,2545.0666071785377,744.4427420822004,0.8891460151170824,0.354156633089305,-0.3198019151739462,49,0.0,0.012473650252312753,1.0661446850449667,-0.0695403655086578,2545.0666071785377,744.4427420822004,858.6489859580113,0.0,0.0,7.2204644587930025,-42.127275601924,61.32111707270289,71.85952446530186,69.55929298340945,64.04651243526129,75.72331788431107,66.40049607976675,73.21444916113117,62.77090934674109,79.26461386093813,57.56673257567722,69.12468321699907,71.84553064172069,35.95180623405059
214,1489.4178814288905,745.6629845334535,0.414126392450996,-0.26131527335630295,-0.17693971340302347,49,0.0,0.007818516728991705,1.1793682633957396,-0.1791235920164745,1489.4178814288905,745.6629845334535,725.5576493389862,0.0,0.0,7.813517847570539,-42.127972781016865,55.48983221969585,63.683092400918575,59.516122790790874,60.033019323384366,56.26990433377091,55.430188137318765,54.18853994950642,63.651698383641076,58.52779993801192,49.77298406854841,59.147236256643076,62.864680014453974,26.98255152230189
215,2240.3974737195576,745.7502079149334,0.2030515616520996,0.37179106128174905,-0.03370049058493911,49,0.0,0.010642003958644333,2.2729120909864133,-0.8914565972998773,2240.3974737195576,745.7502079149334,1042.9757104979344,0.0,0.0,7.391621817477689,-42.12739228957923,68.124797795896,82.60770484577293,82.67643169756626,82.76635625956166,90.80098687220169,73.3445095141358,93.15631652369046,92.6001059395623,88.20967256636764,97.5306664619132,82.29259079945733,77.8208863195911,31.04468490221804
216,1470.7499109556607,748.3035686283861,0.7258736359434228,-0.11030158673746594,-0.12748818925075497,49,0.0,0.018036434657302054,2.0343425825752885,-0.7710602244583902,1470.7499109556607,748.3035686283861,830.1967105544722,0.0,0.0,7.824004257435449,-42.126866420541134,63.34290299690371,64.8959648646578,75.42880327104284,59.827016113420626,64.629373069257,56.27784711965356,71.91438670263389,65.10994709553795,76.63711295695023,70.09111554916768,64.88492993127532,67.1154217039882,30.04188917998338
217,1480.7714417648467,748.3774028859335,0.3238601258870211,0.20498343071809644,-0.190896324060953,49,0.0,0.007117256596917688,1.0439456595220789,-0.04669473233631336,1480.7714417648467,748.3774028859335,820.9505049421446,0.0,0.0,7.818374225954294,-42.126839083144745,54.06404502093248,65.46074095905712,75.28949022441411,69.94542707720615,70.08461619085438,52.25096780868854,55.33879519236087,73.72015763141223,66.24339411027863,66.48934472806961,73.31594199489344,72.65016306654343,26.097420937433515
218,2039.1937154496222,748.2539791478455,0.6257008882969949,0.029151468275036386,-0.11587440973952595,49,0.0,0.051829874782946386,7.445124923411023,-2.17967997318318,2039.1937154496222,748.2539791478455,1358.0071518780096,0.0,0.0,7.504659029713552,-42.12664645636913,111.96150109957756,110.82931827883998,98.1930380354045,104.63408824073217,102.99210575170576,89.57193488321772,102.90862869333925,125.05653409709716,106.15517350070246,117.11392024963885,112.680402684363,120.14752749291922,55.76297887047183
219,2517.927947099028,749.3029563624733,0.6475050133773097,-0.513489657447418,-0.2563800935482757,49,0.0,0.014852202408498279,1.4312772658104684,-0.3893094326653512,2517.927947099028,749.3029563624733,1033.5474367146658,0.0,0.0,7.235726193196881,-42.12531990819313,68.7418824799942,72.28117522209047,89.25610514569627,86.00931100641611,78.38958870857623,73.8046574148603,75.78139552752052,102.8132238236204,101.7159208390137,103.30940216799667,75.87767052742072,79.13026351205588,26.436840339404352
220,2066.697639870599,749.4877825481449,0.671542987711262,0.23643511620027544,0.003625304351175066,49,0.0,0.08094450355419856,10.75530951583237,-2.579057282527871,2066.697639870599,749.4877825481449,1844.2056865641557,0.0,0.0,7.48920997778078,-42.12609829608786,136.45319754289372,155.51605833239375,134.2249517514217,152.51006922383857,153.88786269382598,144.40144445884548,146.41626797302123,157.5101473893553,152.28909593176752,153.43885289738495,150.53729029613072,132.6031310985844,74.41731697469231
221,858.5094220282996,750.5964632448901,0.975322582714018,-0.16031537417471725,-0.05734011694485814,49,0.0,0.015076331384991704,1.2539846389720197,-0.24573054129545935,858.5094220282996,750.5964632448901,946.3238891397014,0.0,0.0,8.167941997509477,-42.12517984191459,69.68190337670711,74.61294730172017,78.97168361717586,70.910563932169,68.12959329374064,69.40378473292228,86.73797453009956,83.30487964651809,81.80156229631461,83.72797556176582,68.73675534648095,73.94963493021872,36.35463057386852
222,1503.7227161690541,750.5924382870393,0.7327067529069492,0.05843752387662059,-0.215810576685287,49,0.0,0.01028451268880376,1.062240074724835,-0.06555670463482036,1503.7227161690541,750.5924382870393,748.8439695250946,0.0,0.0,7.805479636961954,-42.12592299604156,50.893286053252915,68.8720248887123,61.393184377549154,52.250829595686525,52.202192045928854,54.77710661601123,63.58952708157856,55.250957116090575,66.920992992418,72.19963181452104,66.71417366023944,67.73848917531362,16.041574107792414
223,1744.0488443182394,750.9068791760819,0.5268810494542085,0.1791629544945442,-0.13172822666255585,49,0.0,0.039381823211210545,5.74211953285274,-1.897680572246403,1744.0488443182394,750.9068791760819,1497.3739177576504,0.0,0.0,7.670468795114016,-42.125776583198785,78.174348767438,143.35656672831146,122.96699675963765,125.58450604862257,119.19410337823439,120.70412626484419,117.4827451881651,122.42975867547864,117.30823076513161,124.46688972101134,125.77284855047448,124.53665231379847,55.39614459650213
224,1832.4452114902185,755.1832006397159,0.8099622123397259,0.2289318562231836,-0.1792570988588283,49,0.0,0.03287604087533274,3.716681429318353,-1.425388344212032,1832.4452114902185,755.1832006397159,942.3668666904184,0.0,0.0,7.620813152283013,-42.12394937710404,74.195092977313,74.45733335924002,60.62544941268126,78.915501887727,75.51318948794636,83.63814410667791,77.70677563054474,73.98920026545676,67.260958682319,84.10394325915271,84.71117818951916,80.75596534358931,26.494134088251243
225,2868.5174939700637,755.6062383651824,0.6342170482131094,-0.360073676499588,0.23172983837976094,49,0.0,0.009226670766008306,1.141414933437507,-0.14360887560304908,2868.5174939700637,755.6062383651824,668.2153288906636,0.0,479.1082473283601,7.038821492719186,-42.12164415885658,58.18121982723099,77.95408570889654,70.37873545296642,43.40671917756984,51.969626597932155,31.009477651002214,34.649408638533494,41.30867775345607,37.43462146781502,140.95466337330112,37.330398328995315,40.52468583008555,3.1130090828788566
226,993.576469688619,757.0498495507078,0.516346093653965,-0.1075720231665663,-0.34232856328063715,49,0.0,0.051649491419002824,8.012333873898834,-2.259397595116879,993.576469688619,757.0498495507078,1636.8805516400084,0.0,0.0,8.09205261820307,-42.12274069970143,123.49486002512063,124.70912104693465,128.79942292191024,137.44795746847848,126.3030711472031,112.64946300857929,132.85409216080592,148.36405241607335,136.91980870435728,135.61346644686455,126.81025210628404,144.33362915520902,58.58135503218767
227,1058.9097241274817,757.1149203454052,0.8387819549919525,-0.03984752761818273,0.13774701089782518,49,0.0,0.011711853341663718,1.0470479111176296,-0.04991638676143859,1058.9097241274817,757.1149203454052,825.8426117826798,0.0,0.0,8.055352105180445,-42.12281638522137,68.69979546259333,66.04058347023751,55.437653200679144,69.91064409562841,77.70759941861843,60.766352770176674,59.99664303555883,57.69589909809257,72.82294258453311,62.59500344554409,62.44828080774293,69.39577249306457,42.325441900210194
228,1031.1593131578998,760.347450897481,0.3630436555704368,0.6137854787980529,0.1443029529015795,49,0.0,0.017122970175937637,2.5282419940556387,-1.0070466016891617,1031.1593131578998,760.347450897481,1228.2813874429476,0.0,0.0,8.070933928927046,-42.121427334373415,99.30416419789071,99.37797412260252,94.99569452710702,86.19062375800763,99.21997666477047,103.93368274830843,90.21813319122663,92.20070411645705,96.85966348507026,112.98167086515524,88.2333064696017,111.19109080655991,53.574702490189964
229,1038.2086322655887,760.9054883385629,0.5990876442828592,0.21670721937817772,-0.25220339385448626,49,0.0,0.009331306350166855,1.0165229436278427,-0.017792963530853287,1038.2086322655887,760.9054883385629,1211.230018330617,0.0,0.0,8.066972965915665,-42.12120575898603,92.93041994936041,104.18267960215746,91.3414541175905,93.25677332964275,86.19186690041965,89.7794773398546,94.11335135364084,88.41195561602434,96.61258076426938,115.33838048757804,98.7576161954926,114.1256278376057,46.18783483698088
230,2542.399294260728,762.2516111349895,0.6952960917335261,0.11603973587915867,-0.35727357857737013,49,0.0,0.02566868428708319,2.7746126157516677,-1.1080058915427586,2542.399294260728,762.2516111349895,1217.344295061424,0.0,0.0,7.222024385080735,-42.11986273017017,103.69561396525022,105.57395468598206,88.94659162594579,102.48955514625376,103.60489559290453,100.85903537043556,93.40967378183822,106.44040029226136,88.68584176575857,90.11082925750367,102.4787320655089,92.72521089049647,38.323960621284996
231,2467.873820299524,770.8722063312464,0.47258627595160835,0.3783643412065434,-0.03569640804956646,49,0.0,0.016683363296904456,2.242855063130299,-0.8770030242198981,2467.873820299524,770.8722063312464,1187.1443930306814,0.0,0.0,7.263912458597383,-42.11645577559833,88.11588706816718,99.93336584827111,92.99187781003889,90.70992894424029,100.93614871719822,87.87106104996779,111.446041736563,100.1926542934064,77.60063252244778,76.57638849708624,112.14220534409718,91.86702614040388,56.76117505879346
232,1651.9673187869269,772.9845865745101,0.48797160912252235,0.6899969389376428,-0.09447394976901566,49,0.0,0.00878878408258574,1.1537656804440277,-0.15529404106333736,1651.9673187869269,772.9845865745101,707.4021763958165,0.0,0.0,7.722202621055601,-42.11660248570066,51.64237919769957,64.92284053293918,49.692230632240545,68.97043257705087,57.16894588700992,53.95418852739914,53.5071860929464,55.36612732078609,48.04782021026713,54.217653180483346,63.19288495594504,53.787978837304834,32.9315084437444
233,1712.024048747958,773.1748018986764,0.46775516395315997,0.01615217171951363,-0.07556979496048055,49,0.0,0.09472184308068052,16.03069369624514,-3.0123807899672226,1712.024048747958,773.1748018986764,2576.7167702922407,0.0,0.0,7.688468819398906,-42.11650982467578,198.6088561141433,194.72168353730996,188.14420913486316,215.66977303382743,197.50246856603405,195.5352211302502,227.69509203504572,210.10469570894443,216.9043099733116,221.2952876632071,206.9137672094136,218.7192722512802,84.90213393460995
234,660.4789498867551,774.3161517386686,0.230082000483766,0.39918919025946986,-0.48381631271481756,49,0.0,0.010769236831945072,1.6348345019606405,-0.5336844864920367,660.4789498867551,774.3161517386686,1110.8758356893318,0.0,0.0,8.279102704643597,-42.114841076321774,96.44386304099783,86.35532443537626,95.38496710513925,88.88202221698448,87.66310422976049,98.60992812528559,77.8453453315694,84.00688401516689,85.80492237618343,90.28246347984955,92.0695088543981,81.54088141307476,45.98662106554562
235,513.8536358585983,777.015431063664,0.6114161187906563,0.32579185504079533,-0.4521906949209206,49,0.0,0.014121936818293703,1.4456580223772313,-0.4001639264495776,513.8536358585983,777.015431063664,1208.204940197119,0.0,602.6489324016015,8.361442617698852,-42.1133095113662,114.3062071005118,89.78351907404458,103.90251776697463,84.14516802446276,94.711820248977,86.0271064534262,98.46329617681963,92.65199214770152,100.54194989813256,101.30387206494913,103.43962215109012,106.7845789774751,32.14329011255393
236,845.8138719798227,778.0970158345119,0.32893099867936687,0.26850738564313525,-0.4532192722251509,49,0.0,0.01883959809713883,3.439478518424751,-1.3412315034212194,845.8138719798227,778.0970158345119,1269.8641914784466,0.0,0.0,8.174997616413311,-42.11369598102159,110.07746142018914,107.151404286791,110.79478029065707,83.27953817674336,106.94554143244233,115.17258952554246,92.90004512199525,93.8974310236293,82.7448661377918,116.11414638634199,91.40916809467022,99.7397102412576,59.63750934039516
237,1791.6862331364962,778.2192457218422,0.5327391770423342,-0.3483880443553092,-0.07157989199219307,49,0.0,0.015302154607906187,2.029986020469855,-0.7687326178696009,1791.6862331364962,778.2192457218422,881.3352246854607,0.0,0.0,7.643726215752455,-42.114375022961724,75.95671506149507,63.566746687494316,74.38221469905648,80.97143130591657,76.04080173409736,76.49416016102043,59.70242608604952,64.15521937107425,59.57606774318286,77.77924600580246,77.33779800241037,65.13267160268488,30.239726225176152
238,1020.8608161402993,778.8920464753207,0.7886461946086178,-0.7232484939659795,-0.06925463725925105,49,0.0,0.019611187576009582,1.783257232405508,-0.6280349851909827,1020.8608161402993,778.8920464753207,1070.8693858599427,0.0,0.0,8.076679462854836,-42.11368461595209,71.60711661140803,97.92974427315883,92.45807346089425,89.12157364111178,63.68266714903221,93.907288499955,80.89821313289718,87.37586719905795,88.55614471386065,86.69532128213851,83.70337569382684,98.20862368402828,36.72537651857296
239,2468.981052339225,779.1001503942538,0.25878194389742704,-0.1862856554797195,-0.029731419486145303,49,0.0,0.010687290053524784,1.6697377825768394,-0.5566206860705217,2468.981052339225,779.1001503942538,1142.456868924236,0.0,0.0,7.263316772805411,-42.11302508020317,75.29340306971295,106.0993163640835,88.3378863164448,97.74672027543104,104.31391167103749,62.13540606989713,105.02552601181208,84.00065278643447,83.37845738037285,77.108830397791,110.46040845146749,98.55375475610256,50.0025953736487
240,1740.022695305689,780.9816520771008,0.9003767318652379,-0.12422649111506383,-0.26151014210613316,49,0.0,0.020145399522042494,1.9542528095111067,-0.7274518624713068,1740.022695305689,780.9816520771008,887.1006452971612,0.0,0.0,7.672746001392176,-42.113247462596945,63.171081513679674,77.75232044816629,62.64665120685628,70.3261886751069,63.14410816764497,71.44552679117719,66.21685789637048,69.64310208805553,70.08263138603009,83.70851771407942,86.60188180842792,73.26688717743383,29.094890424132743
241,565.0251551913977,786.0339722557345,0.4079158019958067,0.5859962057226571,-0.757928235904603,49,0.0,0.025605897994231783,3.491821636902062,-1.3576301293309898,565.0251551913977,786.0339722557345,1548.0875249771802,0.0,3.6814677860315776,8.332669161413186,-42.10970082404169,130.6636194677355,123.35654356078018,130.54288997543472,120.15973273846927,114.9836441663829,135.05528578711971,98.04628974072077,131.67879806820434,126.02706413998817,137.29140788794768,122.1163516176877,124.29648775228745,53.8694100744218
242,1897.2786160670676,785.5255474416648,0.39166724147226034,0.044493216968431185,-0.15050693925595604,49,0.0,0.008873618711362663,1.103637243801976,-0.10706586984217141,1897.2786160670676,785.5255474416648,795.9311084622112,0.0,0.0,7.584425235043843,-42.111260283074316,57.480176544574725,65.37141771081801,56.438746478690696,61.24365470882237,61.12912850859509,53.60908508215542,55.155181879449415,68.13642888891232,65.89864430135529,85.22539176553211,73.6893776778717,61.89197366106734,30.661901254366754
243,2412.886359515289,787.7689911902366,0.451993830795915,0.36488553471861634,-0.3635548276577563,49,0.0,0.011560615132616333,1.6661133426264758,-0.5542613558265216,2412.886359515289,787.7689911902366,762.1912335087393,0.0,0.0,7.294847627315419,-42.1095424292769,50.68842780611311,60.529827122741416,58.26416380170214,67.85750651873812,46.76246048368409,83.79014164451173,55.499475329442305,70.5828024898569,64.4257260072839,59.602513365310514,56.29852669237222,55.248691070251766,32.6409711767311
244,2645.4118283941502,789.2813400641207,0.5741805626431499,0.28742160815878615,-0.33038017515476065,49,0.0,0.09677712998821024,13.262254728548854,-2.806543412910103,2645.4118283941502,789.2813400641207,2811.201994876978,0.0,0.0,7.164267211772103,-42.108320989359,237.34206633759658,212.87035110879165,208.9161218822888,237.45874910828246,243.52911611457478,205.2221398987997,221.82298246665403,213.7572918789105,234.3411574958003,225.4136597154169,257.7024652666795,219.03806683004024,93.78782677314233
245,1358.2453233449046,796.0278234749283,0.46867496758176386,-0.29004416401645133,-0.19457112268223653,49,0.0,0.018918901492582824,3.101026992824663,-1.228763866402556,1358.2453233449046,796.0278234749283,915.2944053954907,0.0,0.0,7.887165712719176,-42.1069247467058,53.86826630271433,62.896290102879384,55.4883085793979,75.28624522287606,84.52380884648372,61.55700694943788,77.4833970039086,78.27330279692292,72.66246277813426,66.94879641552164,90.55681682446001,83.48748565381501,52.26221791893893
246,2143.962208181308,796.4275679286633,0.235625144226214,-0.05766410374715328,-0.2677229937568145,49,0.0,0.005686175319464249,1.025901987802794,-0.02776467828044173,2143.962208181308,796.4275679286633,664.0408750133556,0.0,0.0,7.4458984039260905,-42.10643415174277,49.01609035501036,69.07926059829634,43.70775582978635,50.07594736344467,47.75616112910778,51.66455049368948,44.05149895154528,46.558288879529016,64.40652331621635,61.23344626513426,46.81598357110272,53.86141754690412,35.813950713588945
247,1972.9280348579275,797.9225885583667,0.8444203480761583,-0.2424285713641173,-0.2706760630064731,49,0.0,0.01134765857919718,1.138472903665969,-0.14080674651626918,1972.9280348579275,797.9225885583667,750.8877435933636,0.0,0.0,7.541953781557844,-42.10602573469971,55.82964499878099,64.60015882421634,59.17393769936673,54.54094465493263,77.71943023699617,73.16027720034003,66.12421437137954,52.408082893033566,52.04976305216731,50.619159715236535,59.768209164059215,52.629793704778855,32.26412707807571
248,2276.5258500425975,799.4252164785651,0.8230406371238126,-0.14015729237170008,-0.021828368298145107,49,0.0,0.017194323837446245,1.8303784152956781,-0.6563522143332811,2276.5258500425975,799.4252164785651,813.3128961796884,0.0,0.0,7.37145882435677,-42.10496386065112,56.90564471232598,57.19003462381858,66.1873911219738,78.8878945690567,60.46309198839242,45.80437306433023,69.3459796235288,58.09945828609285,72.13459033187932,69.57542300304993,74.4419007394183,70.19290536598675,34.084208749834794
249,1252.347987361789,801.1338804158245,0.40118440351044315,-0.07253382376841658,-0.2572693230888928,49,0.0,0.02284187876903146,3.82546304977486,-1.4567100286525838,1252.347987361789,801.1338804158245,1088.9404952854434,0.0,0.0,7.946632338774926,-42.104711700385764,83.86619063142027,73.71655801048908,98.96992824948553,87.34083190846053,93.20847828540852,90.0221025943805,69.85878832565828,92.14305108980517,76.60920944985284,94.8892279129912,88.502102030707,91.86472423858302,47.94930255820126
250,2194.415581066924,800.9700608785643,0.49826905408345856,0.31656775534081827,-0.09593637526558826,49,0.0,0.024415671910844847,3.759638330161632,-1.4378651716477409,2194.415581066924,800.9700608785643,1032.1459511991545,0.0,0.0,7.417573825660786,-42.10446297262953,75.20142956466425,76.19803204198121,89.37721295265547,92.5599784363977,81.61564846328628,72.84107241457392,83.53315813671598,75.6632642016297,85.93000214367981,86.0108245932116,94.729606788361,76.04199782748276,42.443723634514825
251,1130.536872615089,801.9202899113859,0.763325624838302,-0.02448300908755064,-0.23960552603172577,49,0.0,0.04397496134536106,5.260425000765101,-1.8025520828324306,1130.536872615089,801.9202899113859,1178.5855616622116,0.0,0.0,8.015038677391447,-42.104247604858024,100.04862540363825,92.17666901589641,109.43864203924053,96.76763780248575,93.30186587855518,93.55985090886679,83.01396535292713,93.27095470287492,83.78229454462308,88.45078176608718,104.06992072068412,103.11303090330208,37.59132262303004
252,2640.6820056823267,803.5555078585983,0.5351222527287502,0.6192566260523658,-0.10449066840664845,49,0.0,0.05081538554507191,7.1435262098218875,-2.134781606273388,2640.6820056823267,803.5555078585983,1768.2947761575863,0.0,0.0,7.166977840126142,-42.102387433532776,146.62518052282059,124.86131551141514,154.47269595695803,137.5015513609356,130.83234600492463,146.63891926820583,125.10452878825276,150.15261265324688,153.786716389948,143.08497298518688,143.10009698724173,142.28820947953545,69.84563024891487
253,936.3845967780888,810.1667538441998,0.23249233885004403,0.42252832219696257,0.0600574882791518,49,0.0,0.009420044754043067,1.381488226895837,-0.3508679704784854,936.3845967780888,810.1667538441998,1403.3999144774166,0.0,0.0,8.124050043531073,-42.10051031744425,114.22267976482186,117.75346109605738,104.96211787331478,116.09335532357079,99.62198832470533,111.48357235849832,92.06765405909437,110.30384503781616,132.55986039027852,118.99286885983362,123.40059319503467,106.99500622720606,54.94291196718489
254,2237.2080691123015,810.6232289315918,0.3688135696173649,-0.16111960846081494,-0.23228148464977177,49,0.0,0.013908909956626206,2.0973364564256585,-0.8041702648233489,2237.2080691123015,810.6232289315918,956.1298813165013,0.0,0.0,7.393565061677378,-42.10036893347428,73.43344502403426,70.53849078074342,54.86865094159586,71.73786344206675,77.33918521041214,73.38911595995836,78.56392528045616,93.15979956364026,85.70120214591253,87.1313955273922,76.53536194883814,73.72934741409426,40.00209807735703
255,738.9718350768031,812.8007176748185,0.42068815610251137,0.16268196775966481,-0.4440981708741246,49,0.0,0.02246015904279511,3.4999756734796503,-1.3601625645112125,738.9718350768031,812.8007176748185,1166.1731852385958,0.0,0.0,8.234895442028536,-42.099000628386364,88.36121881272835,100.3367677050339,91.24912851519463,103.53394616083962,97.46748359031696,84.51558506354553,96.15733002228353,98.20174864406346,92.62937691822503,84.9562832826584,91.03318704697153,85.16843843202409,52.5626910447108
256,779.4753907236932,813.5476567384509,0.5507633422015911,0.7147568544283455,-0.17175272329069521,49,0.0,0.014262960840390486,1.7138936147271098,-0.5849596519450624,779.4753907236932,813.5476567384509,1286.707781800262,0.0,0.0,8.212149782618322,-42.0987827071432,108.83373568536379,112.46526617980011,90.9473194671466,114.71847029831862,106.11649460166251,94.84020905702292,107.09768281267046,104.70207753055566,108.1526042802104,101.87994935286945,85.42122670866519,103.7683531620812,47.76439266389514
257,2047.3976111359211,812.6528952105296,0.7461786912559611,0.15742531468615653,0.19662992143235275,49,0.0,0.010635217145695125,1.1705935577534905,-0.17101532421943266,2047.3976111359211,812.6528952105296,835.2069969589778,0.0,0.0,7.500155800421122,-42.0998048307546,50.14690524840681,70.49744127438944,56.139362982333914,66.73957631803712,58.872794482220854,80.88343404382829,52.10007114413366,74.73150865439925,64.78600498327887,69.92492574241206,80.71671744327574,78.63410741613885,31.03414722612286
258,1544.365624262733,815.4966022695659,0.9088259527425034,0.28679067813735704,-0.528016996356819,49,0.0,0.019282046905491405,1.673845308323674,-0.5592882983520412,1544.365624262733,815.4966022695659,995.1852351863365,0.0,0.0,7.782633801464173,-42.09888906972715,75.87527991990544,79.87276358705805,80.98997903635234,75.5793948323059,68.80492747220684,82.21865552945644,88.05974829170424,91.81398524448278,73.8860742878567,81.52272922242011,90.14063648815075,68.7440748676994,37.67698640673761
259,1825.722503565318,814.4833920432052,0.5551743587908425,0.15454235573883884,-0.059656838789518246,49,0.0,0.4055743273766803,63.380331180265756,-4.50488626043115,1825.722503565318,814.4833920432052,7987.933953210999,0.0,0.0,7.6246387070691455,-42.09924610429128,611.5647733484855,660.6382502541037,667.0178718755699,658.3264771359937,604.7256181735447,672.6452052537925,611.2577235579142,617.5382862518898,627.260308027691,640.5570562054163,666.6934643650254,679.9441045180546,269.7648142435173
260,771.7544050515673,815.963956343432,0.4406138073408746,0.5051038581741002,-0.33050318720429017,49,0.0,0.0246903273181743,3.8636144687087666,-1.467484459429923,771.7544050515673,815.963956343432,1350.6732283336619,0.0,0.0,8.216477891703871,-42.0977585460466,96.25729567856655,121.52767306422275,106.02583661254776,117.53524555066323,109.5383146935105,96.10499615250453,126.50393651885415,111.09083911499124,101.34353636437464,127.97764416166713,90.24354672579238,95.07444653362103,51.44991716234597
261,1094.8552626823139,816.1219708746786,0.8616235891623825,0.10862704080361875,-0.06482009530814714,49,0.0,0.012517862099094827,1.2446696273614897,-0.23763522987655963,1094.8552626823139,816.1219708746786,735.7494336813675,0.0,0.0,8.035050485182756,-42.0982828464805,70.42432990349745,61.846263901922384,61.42730028839816,55.84334136202107,56.2094987517669,52.40301227191962,37.29140892106676,62.59646608361575,60.53226841047555,71.50366463750318,50.25239318081465,63.89403145803202,31.52545451033389
262,2194.8606123892896,816.8247571904353,0.702851470101531,-0.18866016929549462,-0.2707200206656098,49,0.0,0.01709610464030641,1.8957438659393948,-0.6944491485342987,2194.8606123892896,816.8247571904353,864.582277417267,0.0,0.0,7.417358456312717,-42.0978564555329,67.39997159084716,70.64165028705322,85.68058085204997,74.77988359641978,64.46466066345624,75.85738523773344,62.42528359050853,68.53663901466062,69.93198789533852,67.0473753978289,61.13919800729156,66.67332739195122,30.004333892127903
263,1500.1185777899593,818.7107739279667,0.6049097797545281,0.09001622826733904,-0.12259210747085161,49,0.0,0.5202500360743698,77.71134166562467,-4.72621101750876,1500.1185777899593,818.7107739279667,9089.81248360763,0.0,0.0,7.80747929832265,-42.09754039588138,711.8529311239272,686.7051157532203,719.3052457583119,736.8263855915882,727.726733017406,741.7118673514308,717.3874706220286,729.3977980282057,719.9463073788448,773.1265172163528,741.363710928656,788.0099158641666,296.45248497348837
264,2108.713076627966,819.0204039595486,0.2738113160883026,0.1567192678476753,0.7260268626534357,49,0.0,0.007335194010338617,1.01262270560792,-0.01361915290078998,2108.713076627966,819.0204039595486,822.4374883862656,0.0,0.0,7.465736405362345,-42.09707165581001,58.156200442164455,61.50575608864023,82.22713645903413,65.62354449025639,83.45041693934422,78.08231299139668,61.49078932610806,70.23885037581998,39.95345501754498,60.58545417229645,71.94619388299715,53.5405968888429,35.636781311819846
265,1746.7511411649068,821.029979958472,0.5713978017610325,-0.3384204136885446,0.3244047564061475,49,0.0,0.015480553047224309,1.7071674495948885,-0.5806903037657535,1746.7511411649068,821.029979958472,1010.2655958824541,0.0,0.0,7.668988311994791,-42.09655860717562,76.1032495135086,82.08444183368388,79.253006341373,93.24408167517124,71.24494439921612,87.75546576566617,74.16729832151277,75.35758850584256,79.29583607134839,84.36284303016234,76.30059463555807,94.16628242050561,36.92996336890542
266,999.4550904296598,821.7271289187579,0.6337086227966277,0.2679119572710718,-0.22538681311146794,49,0.0,0.08896659994770485,11.036086362740255,-2.6070377259646755,999.4550904296598,821.7271289187579,3023.8021246919097,0.0,0.0,8.08860779816346,-42.095802964706515,229.47783820865962,249.84338487558597,222.34838189096428,253.2482069484099,218.11952889179827,250.91874095664002,230.47024342219166,238.12384297611928,288.5690345442569,234.4118056036612,242.16381497443115,262.683403462577,103.4238979366147
267,1416.0454233904813,822.4365628232501,0.5522441046914642,0.519193943688338,0.23627455860911303,49,0.0,0.017409425378236722,2.3430750120871737,-0.9244654812171813,1416.0454233904813,822.4365628232501,908.6007328864484,0.0,0.0,7.854686528370789,-42.09595525801014,63.61354356081234,76.842588645353,77.76400594787188,69.57408245267115,72.60341223907028,55.50250269624629,84.6677373356997,62.15091409555354,71.69701224758617,73.7880785189815,77.82785771361574,83.04067581843003,39.52832161455675
268,613.0618818725087,822.977555279412,0.5779516583060681,0.3973148586572083,-0.5674333742148023,49,0.0,0.13007339531947676,16.946593751654625,-3.0727060463889275,613.0618818725087,822.977555279412,4357.261766451788,0.0,0.0,8.305558102939132,-42.09444195690277,318.879735116699,338.0080530853911,313.8840701664112,352.9114809925003,325.5284111930353,324.4092302370582,366.1308000621058,382.557426689272,359.8542047383036,395.5906966629973,366.67403977015255,348.5185486961543,164.3150690417079
269,911.932367085363,825.0205790085665,0.5995960835169208,0.5156542880817946,-0.0957329540931866,49,0.0,0.021989276560440422,2.41709351776614,-0.9582336341532781,911.932367085363,825.0205790085665,1328.4681561313557,0.0,0.0,8.13774344238122,-42.09427628676297,93.12895461020042,100.29982744780226,93.65975290998037,122.98893410003694,108.80981978190422,98.94325338822411,102.17689812307435,105.83833759874022,102.63241931436761,108.28324711199659,124.78059880236532,115.73214561409523,51.193967328568164
270,1927.9858845804476,825.2989181236605,0.6059110285317382,0.001759526409623216,-0.20447859561371332,49,0.0,0.02440196251774255,3.0699481737102547,-1.217827609652543,1927.9858845804476,825.2989181236605,1007.8596347207639,0.0,0.0,7.567226277856318,-42.09466243305241,70.675992136929,71.97576572342982,78.91483043689652,72.43698448189602,85.67570127468738,74.99188255900336,84.05992887751415,89.17614394559587,92.03959875348066,81.72472932041269,91.09982205410546,78.73335000573607,36.35490515107699
271,1484.7737934080374,825.3441943203937,0.596415554558909,0.37262562773727786,0.027724498865314348,49,0.0,0.01197155981339775,1.1874537147490982,-0.1865417261194866,1484.7737934080374,825.3441943203937,987.2025931488787,0.0,0.0,7.8160930760392695,-42.09477202201011,82.87575527591446,80.9688315602659,71.21932947593463,64.2123774154934,74.17574491492041,74.83514026674032,76.57176087387833,91.62414644745455,85.44117255636931,77.86312478561638,81.49400325386569,87.85917077118724,38.062035551238
272,1459.9457246292739,827.9022194718932,0.49600238459765755,-0.016828417427388463,-0.15201652010882108,49,0.0,0.027030909821639974,4.410138309032108,-1.611130524637587,1459.9457246292739,827.9022194718932,1029.2265931486647,0.0,0.0,7.83003291025739,-42.09369750430687,59.67877486877962,71.41925018445266,78.90163510518741,91.59167128063314,79.16170541338525,94.11422071920293,97.84917957524135,75.72914811375894,76.9679676607332,91.05970926789395,96.19883018751814,85.90122467949399,30.65327609238414
273,2591.5228462797786,828.4464349013724,0.43617913392287855,0.41105065062609075,-0.12323783772810357,49,0.0,0.025822026610407504,3.5311111418135637,-1.3697784680203942,2591.5228462797786,828.4464349013724,1566.2833270177266,0.0,0.0,7.19467275161255,-42.092153730062876,128.61681239016886,117.703928733911,123.10084648169902,126.19173085946224,130.8924712399822,116.38620201351488,102.28855749257613,123.70496860520811,113.2416800588737,151.63583969873196,137.25692485244218,135.17245126501396,60.0909133261424
274,959.7469789141359,830.9192598027595,0.5187828990144614,0.6567206860985205,-0.3835325607856196,49,0.0,9.947007353777419,1383.713832490692,-7.85261570611714,959.7469789141359,830.9192598027595,316312.5582946888,0.0,0.0,8.110882354933553,-42.091905618231046,24321.82107987092,25814.269276544812,25527.12276027009,25495.899374282115,25630.46815923228,25638.94992356306,24942.70174152674,25700.31741150715,25746.157890903705,25493.687857024022,25362.009094229797,25231.0428905659,11408.110835168254
275,1824.7698158559526,834.0803631167438,0.6025817326832724,0.4840848519145289,0.28653722454153335,49,0.0,0.014615681308506405,1.7294069557765464,-0.594743003502699,1824.7698158559526,834.0803631167438,1009.1533690250603,0.0,0.0,7.625189796258897,-42.091081565657944,78.97111846662952,78.78960266819601,89.32827860303885,84.82994148958316,77.65853827613515,77.44226052490163,84.77202519178391,81.27122306958421,81.90783768482581,73.87607369043641,81.84570926243433,85.58315262518985,32.87760747232154
276,2736.5280184241306,836.3200050278535,0.5081273782999526,0.4059413455016652,-0.23954801415530075,49,0.0,0.5079994499073814,71.5448552979755,-4.636446024099314,2736.5280184241306,836.3200050278535,14911.175065209243,0.0,0.0,7.1132943882908775,-42.088451309676294,1122.8622198611952,1181.6072299218436,1243.9250134757272,1153.546102722286,1209.5603575712512,1258.859364967197,1171.2480490365003,1197.083770937009,1182.9070629100088,1268.550279181465,1228.543156363072,1168.1000758159666,524.3823824457178
277,2589.0570902174736,836.5714392550619,0.7534225141673497,0.3364844635085624,-0.11386356261982714,49,0.0,0.016772704027698537,1.6915024793589521,-0.570681596754164,2589.0570902174736,836.5714392550619,1349.05832090682,0.0,0.0,7.196086575113174,-42.08877525479069,110.9455638187121,116.23924401271806,113.72997798229909,105.71604644745588,108.91878082383911,97.32076060473898,81.14171492907701,108.95769165964624,91.88894881698607,125.74483986446063,116.90263070160856,118.55015797534773,53.001963269930584
278,1388.3480696937847,838.0885653368904,0.5800722968812887,0.1065945284594543,-0.45928672763172507,49,0.0,0.007942027837200214,1.0132656130368116,-0.014308260872699298,1388.3480696937847,838.0885653368904,721.2831580414918,0.0,0.0,7.870226895266727,-42.08941877377332,59.80414301485187,68.61821079558035,64.49862431233166,49.98356076556546,52.14785761087714,48.10343755067497,45.235172988990556,59.23311979673765,59.560822661887194,65.79477348424747,57.53607091172738,69.38105760706486,21.386306540955225
279,2202.417493136209,837.8302170892347,0.46925791679131823,0.03058045020767553,-0.5892052195162852,49,0.0,0.015617122509210121,2.080963652709804,-0.7956612366109727,2202.417493136209,837.8302170892347,969.2438194966712,0.0,0.0,7.413161458868447,-42.08909223480989,74.90367034555884,87.16480915461784,82.84735049667748,86.8991674691037,74.64628075370177,89.90621358768996,76.90210610666648,54.30812359059267,68.6239890096305,71.82823673445165,90.64241948724312,80.70120443287009,29.870248327867085
280,2521.4375005175502,839.2160765502352,0.4961641092944348,0.18727875965073656,-0.14102776730240418,49,0.0,0.013377741802447019,1.9402798020648397,-0.7196609069526206,2521.4375005175502,839.2160765502352,873.2737495876968,0.0,0.0,7.234058375418498,-42.087850075353295,69.67750675071753,63.16129275221013,69.25768413770707,74.42284565945269,69.5202220132465,80.59683393669756,58.84219458897027,68.66630463304267,80.32519705775758,64.8336727416206,66.65366358174884,76.20594623705941,31.11038549746583
281,1344.7486790678802,840.0013371751749,0.7078586187886426,0.22933326666930484,-0.21837350747691445,49,0.0,0.06609295065474188,8.269520669812312,-2.293700842657501,1344.7486790678802,840.0013371751749,1703.4632988935623,0.0,0.0,7.894704369536681,-42.0885938968456,131.21894739579852,157.02350659203356,122.16421841318282,126.34642303002978,154.58585999112427,139.631026850253,132.45137557517342,145.89076682726267,133.49816511155524,139.76509187863508,143.96419611430053,128.25071588243054,48.67300523178294
282,2309.2367369699477,839.7764579755687,0.37912389568724547,-0.07549864229323175,-0.017860439239993198,49,0.0,0.022966625880203696,3.7389747747846496,-1.4318813379264783,2309.2367369699477,839.7764579755687,1134.9611416931123,0.0,0.0,7.353193957291297,-42.08808977299035,76.67065934310487,105.07452667641249,96.23746725399394,99.76476934870969,84.81769019769678,104.8160482237718,75.37526043237627,89.70510273977949,88.57440045649616,97.74519301073025,81.09187997807537,90.21240796510865,44.87573606685649
283,678.9941894371303,841.22275662418,0.9578381465594352,0.481346656347168,-0.3480911043462263,49,0.0,0.015557835361927857,1.4262021921577108,-0.3854527491220531,678.9941894371303,841.22275662418,931.6912756947713,0.0,0.0,8.268477589939305,-42.08701258543711,75.36468678320301,75.80575452234744,77.43480457551804,54.79460258783507,64.97627772654297,85.70828936674722,56.06978738325536,80.86022749647054,75.41211009335825,78.4173542349614,64.40977107763871,96.6664641536234,45.77114569326986
284,1430.9013308581325,841.1615919329629,0.4488390563898611,0.13081583833378221,0.2833642563177405,49,0.0,0.011223705179068021,1.466813492548575,-0.4159372404596905,1430.9013308581325,841.1615919329629,965.2250449668966,0.0,0.0,7.846333034552378,-42.08816061617722,75.63042824937078,82.78181236316712,68.49867833848575,65.9741339830415,72.38135773831681,74.89751506583319,71.62916992754278,75.56408506490783,92.97585861996743,84.77322602354485,83.0458118576637,84.58186379203151,32.491103943023234
285,1825.7607881265142,842.9950682341903,0.6046559498837311,-0.21303704992004582,0.08746721160532668,49,0.0,0.012183852152115914,1.4999870901038912,-0.44021880310458733,1825.7607881265142,842.9950682341903,945.0531271129458,0.0,0.0,7.624640751409397,-42.08736661862314,68.23308911279234,68.3474370727215,80.45148753780029,88.68354934519702,69.23850929069113,72.1721663340799,73.04517342221381,87.37652842138071,71.50450336349746,78.56128394233758,68.8357323734511,84.2274752329872,34.376191663795915
286,1888.9279028030774,844.5127701272488,0.4661708500907713,-0.10541153558279648,-0.2265908658867132,49,0.0,0.028498431857423994,4.447328969312546,-1.620248138594783,1888.9279028030774,844.5127701272488,1247.7806021333804,0.0,0.0,7.589177789817834,-42.086689865838224,90.8835249211708,96.82302339848404,92.81411358488064,90.57649087037102,98.94903818118063,114.12862941700848,97.2450050870963,95.63086043754805,97.27698201915875,115.22740228013357,92.71120010209253,110.191826865023,55.3225049692326
287,1713.189142625547,849.2356307463489,0.6979875185450907,-0.1235498764407336,-0.23709962746199245,49,0.0,0.01795302074493793,1.8886427219798696,-0.690374523512842,1713.189142625547,849.2356307463489,1024.88815792059,0.0,0.0,7.687845813501443,-42.084818518989636,81.62995162877914,98.8303511973341,84.65609289950774,84.43964607346715,52.65119080726425,88.86968650547202,68.83067713463234,69.79401754182481,106.9971749093533,87.89363829649386,85.6924304417642,85.49218439925185,29.111116085445186
288,1984.2551842643759,850.5209616668637,0.5360140967151064,-0.05172441191920535,-0.031130757912076704,49,0.0,0.15236458236289668,24.372343336881233,-3.4672432186686923,1984.2551842643759,850.5209616668637,3371.2579264392534,0.0,0.0,7.535666432694268,-42.08409887114366,261.2386355765644,279.5013907001671,268.6938654663591,262.9478817849907,263.32893137317427,258.4575174657904,269.539651669677,262.2368245386335,316.84241209729475,274.7186350204644,281.2423885117623,267.538976026913,104.97081620746255
289,2955.998907881283,853.0286777479565,0.7570581619217923,-0.325118981598278,-0.5224752873562475,49,0.0,0.014025633953249501,1.982360134342695,-0.7429563884280939,2955.998907881283,853.0286777479565,566.394060980039,16.392591373783137,137.36578689964975,6.990169824688863,-42.08074201787844,19.489958509097093,58.216632433519,95.78359322148513,108.1669992412649,19.946097776013396,12.782978409850024,46.067935481101976,9.750892801332508,56.89632184089215,8.82382835776517,103.1601912180338,27.308631689683754,0.0
290,1750.6813565415425,856.4526854956297,0.342725368397318,0.4564385100273822,-0.003979683330876705,49,0.0,0.009010389456112754,1.0997823285573562,-0.1032668427570734,1750.6813565415425,856.4526854956297,893.2019745193876,0.0,0.0,7.6668009028833595,-42.08179802079798,58.42479431961458,68.54422199416341,82.15013759434152,85.62177620053438,64.56252683509005,65.20073835060546,59.78973310007278,65.67805345724766,76.73333653177657,71.60806911799472,85.43276066831413,76.81719043439321,32.63863591523913
291,954.3026121960002,856.5087391807963,0.5857312806172396,0.3209700588490358,-0.17701814172951458,49,0.0,0.014128574172210032,1.1113324131149316,-0.11460995290725107,954.3026121960002,856.5087391807963,3043.1606614181146,0.0,0.0,8.113878580195108,-42.081234282229936,241.45850091647668,242.03281638865974,240.56957086296066,227.52655994794534,268.4984783716767,241.7345675924589,253.77360690675698,251.99473476101443,261.92931853505735,226.76252271679914,257.65192940154554,224.41864182859507,104.80941318816787
292,1360.4647129326202,859.6738946343711,0.2596469040845951,-0.2654665024088062,-0.11876303679737053,49,0.0,0.016826034524466578,2.977156137440265,-1.18450402972275,1360.4647129326202,859.6738946343711,1158.2562483061708,0.0,0.0,7.885863272902148,-42.08040792665697,83.73668409833087,95.69255664182727,105.67377329117065,119.0209857998425,85.82639009382221,105.8701901869934,84.01160122574207,90.70083904808126,92.36701246283974,77.34239474156524,87.77188121849376,83.30684566134626,46.93509383611561
293,398.22080205719556,866.8840781054924,0.7542929130880723,-0.32702532034904,-0.9288163883341372,49,0.0,0.009552097176083634,1.1050209234152142,-0.1084262535092485,398.22080205719556,866.8840781054924,887.6481425612969,0.0,461.4444548070064,8.425987714561275,-42.07550557322998,76.06874519313749,99.59333956545933,64.17541670747735,94.80613529976193,45.15881781368381,85.8883362953078,54.506720074043784,44.270313624069644,116.67236791272907,38.598734175849735,83.65833974970508,67.9103101042577,16.340566045814356
294,1699.8553987915084,866.8066624741919,0.6221949273644143,0.12726581222886207,-0.12737805071368039,49,0.0,1.6495531476434424,240.8699352769753,-5.954456489844951,1699.8553987915084,866.8066624741919,27678.55388927321,0.0,0.0,7.695338046685523,-42.07750134097705,2109.5671127192354,2234.402930893873,2212.661197934597,2248.875775097236,2231.659309728982,2254.5599006407483,2203.351670886311,2168.5000622031584,2233.5588017297578,2170.9949499800045,2295.8746787424393,2296.867942454548,1017.6795562623149
295,1477.7217661167097,867.9153681788813,0.4887245875733895,-0.24630183773301667,-0.22690731272753115,49,0.0,0.010510700567628107,1.5338636580774119,-0.46446689450796996,1477.7217661167097,867.9153681788813,752.9356978683709,0.0,0.0,7.820033689373287,-42.07703227693276,44.09694350869161,56.99294623368219,63.72127173948783,64.42795664097213,50.224877771121925,70.00805347589096,57.4224030965032,49.117355007159276,63.81129261356503,63.82344471892587,63.74470518406514,72.8701872367093,32.67426064159633
296,402.0343963687443,870.4968934905443,0.4596993811040643,0.5150884223719556,0.28602691594825974,49,0.0,0.006602854189145282,1.0210975648464398,-0.022668101177307536,402.0343963687443,870.4968934905443,1018.2830220526648,0.0,507.9152084350476,8.42383136389109,-42.07401290059435,55.879473357622224,82.52478789204399,81.79147367085369,88.53143922032166,54.929588815815805,98.92177030843595,49.65615898136522,42.14636058205513,184.78427840788902,85.06939629639729,96.04161409042496,74.89917431178262,23.107506117657227
297,2454.0399049582697,868.8408373810855,0.6010628801968168,0.26280074482474297,0.06953071595976588,49,0.0,0.015854437316660606,1.87872224464874,-0.6846564439542309,2454.0399049582697,868.8408373810855,890.986678765493,0.0,0.0,7.271989069408317,-42.07567085678096,51.775394353815955,86.88683718886733,78.46749692712947,59.37350940570276,76.92962014281154,72.93186005850436,70.61127161719835,72.10592687103475,65.0205697062902,82.81252468438504,69.09385961234379,66.77884334946056,38.198964847948844
298,2571.040325565876,869.8494111650753,0.5223762166399593,0.3713254368133993,-0.2598458378748305,49,0.0,0.018643252513030673,2.4517106237569366,-0.9736730223627146,2571.040325565876,869.8494111650753,1088.8126352271408,0.0,0.0,7.206319813827408,-42.07495876246128,77.86430786171998,88.58199607202255,77.14480237345502,74.96442123559538,89.04442046610095,94.06882380668402,94.5418405940298,83.35755826919325,97.7318979025066,106.42575345046976,80.00215753407662,93.59313753255012,31.491518128736722
299,2338.1753930393797,873.1633624527976,0.40052162405840425,-0.08454362100510937,-0.10492437627085001,49,0.0,0.012427429067606634,1.7875669172909399,-0.6306557713103902,2338.1753930393797,873.1633624527976,914.6600856917333,0.0,0.0,7.337037243121176,-42.07412205855953,65.79173241639899,65.85908636715513,86.14460521260922,69.61592137026693,72.42666809606271,81.00137222416109,69.25478295440308,69.93991940874258,73.60867069934969,70.40277290832421,69.00827044259165,83.2653648477504,38.34091874391763
300,2844.008777391163,878.1766640906204,0.5021561338958911,0.27735321430132925,-0.2508976293684426,49,0.0,1.0315116019055017,147.67263144477403,-5.423250034592041,2844.008777391163,878.1766640906204,29877.93204112645,0.0,16722.788345407644,7.053146244715858,-42.0706628990867,2234.0639084958416,2484.237245080965,2361.6022277922084,2442.2158881525247,2281.7176305858393,2442.1063432009414,2418.2492567840677,2385.623028678444,2476.2745173821268,2413.7200121438864,2432.8007138860694,2452.393918434611,1052.9273505089295
301,827.6279085046567,883.512186980934,0.3258852566715081,-0.13905457933772455,-0.1148905687797664,49,0.0,0.007897471183054217,1.205625184005605,-0.20303077817775367,827.6279085046567,883.512186980934,808.4902596858822,0.0,0.0,8.184913143709883,-42.06973757881099,48.74976250419603,54.72670436262551,64.19265276780374,72.34175110677238,63.70672427524545,64.39065446710782,75.9318212446021,56.4274702621377,62.73358181540954,74.87932600441599,79.29378222349332,63.89008995070952,27.22593870136309
302,1854.329290599334,882.375544103171,0.6953880601859861,0.38230475959085664,0.08991205066035574,49,0.0,0.009895337341490515,1.047731853881338,-0.0506253695951807,1854.329290599334,882.375544103171,720.907774656835,0.0,0.0,7.6086378534942005,-42.070939882290496,51.613474018968304,56.45738500504001,71.43689937574781,62.11571755670653,61.3862651100834,52.36739269026188,49.63237993828518,73.48111717502557,68.41453276150366,47.08879636543666,50.827118468449406,54.887765077805845,21.198931113520672
303,2552.343587502955,883.7405672376194,0.6050603129905519,0.7582720708969984,-0.44340865571816085,49,0.0,0.00920282836283198,1.0439557562233321,-0.04670523317128261,2552.343587502955,883.7405672376194,758.9590915596157,0.0,0.0,7.216862646602217,-42.069220347521934,66.40220956579704,48.20522974632861,55.535827970390194,51.931994054456865,76.05904309100025,61.92338060707841,54.337717552503335,70.60583480994906,72.60210033738424,55.28831799583042,58.924852050538306,60.78949778760711,26.353085990751744
304,661.6450147645342,885.1971856121203,0.5177737413580256,0.36832747940408517,-0.4866449418196431,49,0.0,0.21580053083081183,32.26162276092626,-3.7717155215808065,661.6450147645342,885.1971856121203,5911.203855143045,0.0,0.0,8.278066223332152,-42.06864704436202,461.38346653926135,504.78059316183817,458.74041338713965,459.3562158607205,458.14943851252013,504.11839604486966,495.408977424,466.2370568917056,469.51826763601616,468.15015288429555,464.3256770802004,475.04931380277196,225.98588591770576
305,2414.2068539199395,887.1936353641323,0.4084571103418033,0.4282976211363734,0.29700562229118155,49,0.0,0.00836596385065702,1.2381564394673499,-0.23193880174483017,2414.2068539199395,887.1936353641323,799.3187597922209,0.0,0.0,7.294402532636916,-42.068115140872294,59.65934279157945,45.5124064842472,61.64362417469603,76.33851281927612,74.4465078633018,56.81822659158848,64.41818378652611,55.815844015607325,70.12292056078445,64.27912831798336,74.82663788087852,54.14929173584327,41.288132769908756
306,1722.6540701299493,890.5587244250872,0.28018562763809374,-0.36442187393508485,-0.8085763299073692,49,0.0,0.007348741331365444,1.0078159083665121,-0.008453023522443415,1722.6540701299493,890.5587244250872,823.6566807893748,0.0,0.0,7.682550504664461,-42.06759802057168,68.18504139093008,57.21323856289568,66.87983498195665,80.26869791012342,54.826121111357146,71.41932272165323,74.64775609123795,67.41523682802836,53.58744165904529,56.91398853541841,71.07212602898637,72.98697826431763,28.240896703424504
307,1416.4545906600806,892.254536789465,0.5263096103630516,-0.11038971391178323,-0.17099630920449693,49,0.0,0.02095960375111118,2.9599480282130424,-1.178210214084471,1416.4545906600806,892.254536789465,1025.943116498572,0.0,0.0,7.854409688897633,-42.06686553920187,70.53821730079963,67.17610632612144,81.91762373018075,82.04650139129512,81.05487101552784,85.77919723265421,97.9471451690181,81.93411223844964,71.32710737817703,96.2074363870201,86.88233951086382,88.89570908348401,34.23674973498041
308,1359.8712693936945,894.742198336048,0.6642726311555025,0.08649479774483129,-0.16565216058966853,49,0.0,0.15064731387073801,21.171987802566473,-3.314404087792738,1359.8712693936945,894.742198336048,2741.5711404509566,0.0,0.0,7.886165507251991,-42.06579618795892,188.4166755665582,237.20160212051422,209.6870691440546,222.1216475825887,212.47216761214355,184.65543799251594,223.1040602425023,240.40154142346762,226.14938883951663,216.97431869004583,237.84902370113946,237.6158088951426,104.92239864076721
309,1379.9089757281386,894.8159874975339,0.7705626503741867,0.35740869754035004,0.016688481934548603,49,0.0,0.010467778758687325,1.1396762918240912,-0.14195378483646282,1379.9089757281386,894.8159874975339,716.7205479950208,0.0,0.0,7.874919255841676,-42.06577807932346,53.24872784783491,54.44882153456018,63.9245593258781,55.94909215471079,43.74099121067178,61.4809449647978,55.23142827676071,66.16377998964342,60.69694933223646,65.00500296041963,62.154280264525454,45.4350092451583,29.24096088782325
310,383.7208677646564,898.5042304946745,0.33259889794362024,-0.03514888065225518,-0.8443526288732796,49,0.0,0.019540447998861187,1.2869323711955156,-0.27388931289360896,383.7208677646564,898.5042304946745,4646.657549018317,0.0,3652.4377052279183,8.433985285780933,-42.062283828785574,547.3717580769386,510.59106919834215,439.7173221937769,516.0590922082151,392.44632544074216,316.33516798711946,274.3318324208445,333.6384386735693,303.23291038577815,287.51880638979947,258.1559154644724,263.37982539577257,203.8790851829459
311,383.9582632254474,899.2386652021896,0.6905871956118345,-0.512468527405221,-0.24187577260725515,49,0.0,0.027477150286773163,1.2819351421674021,-0.26966513294268335,383.9582632254474,899.2386652021896,4627.879537286581,0.0,3637.54593306448,8.433848797040598,-42.06197863356181,544.465930295567,517.1524686566846,431.9515474453652,510.6685487724911,383.5334849176317,313.1654854970967,280.6539875416571,328.2420856267263,307.13044768021007,285.4844357685438,260.63906660772693,263.3266477002193,201.46540077666066
312,392.1311462799828,901.0157128341765,0.9615066226199297,-0.023268077437845078,-0.5987617093807929,49,0.0,0.024599685218948345,1.6579464498105139,-0.5489262477923051,392.1311462799828,901.0157128341765,3867.7034753630587,0.0,3043.428485616233,8.429254649664035,-42.061265359359865,371.0740080853794,468.9950491552967,391.8870162841913,367.5266630232852,355.1715764611618,288.4332291269543,266.4469971378971,250.3258351369334,271.32907497699347,265.8829194024228,249.1718568452582,203.1072473905314,118.35200233675391
313,695.1289159316874,900.8879284116138,0.7555969901207885,0.5304666097361684,-0.02975414685677726,49,0.0,0.015901001410854473,1.5557804031928606,-0.4798707418977776,695.1289159316874,900.8879284116138,891.0106276166584,0.0,0.0,8.259221575733077,-42.062194099796066,67.03422035016999,76.32450305827247,87.48798410314555,77.62179343933792,71.04005265146407,62.76501398279976,72.70634479142944,71.69616574881024,57.66969361741892,64.65861244647868,77.33255671416524,65.51047466246614,39.16321205069997
314,1403.4882495308022,902.2067125182512,0.5918854672263155,-0.043686248735294336,-0.38119323229892704,49,0.0,0.011365740781588217,1.4391967349441455,-0.39530041267435645,1403.4882495308022,902.2067125182512,795.6360839179243,0.0,0.0,7.8616800158257245,-42.06271215966208,48.81096926279464,77.4433279109843,61.66571982843387,59.16497203956024,68.08776940081148,60.686016272628294,45.82631328338427,63.10199507807928,66.34122659842521,69.4181466394234,82.65202765467214,65.592612994831,26.84498695389619
315,1338.182552306505,902.7005119376299,0.6317433868167721,0.029014127693399037,-0.16404619963363165,49,0.0,0.09537198593584216,13.771908482660098,-2.8474853201513373,1338.182552306505,902.7005119376299,2162.857252101089,0.0,0.0,7.898330674048412,-42.06246540675415,177.2519914177962,143.92438644909063,168.14495929616393,170.52208040189208,183.6617819020358,173.8426652711236,181.6774133355513,165.18394711476037,175.1858778473836,197.0466132721637,173.68558988754177,174.66592233147452,78.0640235741118
316,1037.3671975489347,904.2940152016997,0.46916103801323683,-0.7149731279127106,0.08382400622451926,49,0.0,0.05480192832787745,6.735513536202041,-2.070926783160316,1037.3671975489347,904.2940152016997,4074.316255134622,0.0,0.0,8.067149656149178,-42.061462015350386,278.0536175999418,334.51683752527146,315.0746684457829,305.3881838527235,316.78585764361236,348.0609246327141,325.5482990384479,342.55477027248577,313.9646468424132,359.81139403602623,348.9103453720156,345.3172238100814,140.32948606310583
317,2624.652553065124,904.0102399034602,0.73290415907909,0.8612469450992245,0.07043437517954099,49,0.0,0.010923209147928194,1.0718279095705106,-0.07531265386884564,2624.652553065124,904.0102399034602,841.2669179431311,0.0,0.0,7.176355841250173,-42.06057992553373,57.78239056151298,89.74335758584539,46.98897497753828,81.96152617895086,70.83316710718253,72.3875098818049,73.92781434625385,67.42983860308249,59.70205560496452,51.07177903327917,71.58354903062411,77.07993066832182,20.775024363770385
318,1127.103579127285,909.0644942102614,0.23577771375239234,-0.13470540809599654,-0.2014958766428953,49,0.0,0.006349262490649809,1.0961249186882132,-0.0996501271717509,1127.103579127285,909.0644942102614,846.0004595679923,0.0,0.0,8.01678089490832,-42.05960154244591,66.91644775546423,72.73697109748119,68.34823392494717,73.71939255159647,68.4995723202799,58.022537628065734,71.23860294800448,68.98973805218924,67.46513203183919,78.28428700076185,67.27557305671469,57.019586545973176,27.48438465467498
319,1904.1481137143837,909.3958925672092,0.2291002954189571,-0.41839968383028764,-0.6459353223446073,49,0.0,0.0058060872063029016,1.1710086527944064,-0.17140026041143713,1904.1481137143837,909.3958925672092,696.2522733149842,2.6896457548230397,0.0,7.580704825307254,-42.059643769351254,51.356453795947154,53.30168876471019,50.508151386896806,52.05588587204102,43.076767871213455,50.291506149827256,56.14721087763006,58.75720754128955,64.1795518983958,63.25773655837106,62.78873920659355,65.04979072905999,25.481582663008258
320,2646.0042303060577,908.7535547216444,0.9193615442110741,0.21399458615291006,-0.28254667570680925,49,0.0,0.012528827640112351,1.0888270454230233,-0.09239724947263465,2646.0042303060577,908.7535547216444,846.7515307514361,0.0,0.0,7.164392234311443,-42.05854329185958,74.9233516769873,64.51021048828275,70.53943345990518,52.856932173256666,56.13158537460181,75.87109913311544,68.23180931250549,54.8859785484707,65.55028307985344,85.13609329233446,76.17155011925044,64.00714404528756,37.936060047584846
321,1778.4634204410443,912.5510408096521,0.3634151852301936,-0.1780665956407722,-0.010550015636524766,49,0.0,0.017372584564470807,3.1374410532317585,-1.2414389374206147,1778.4634204410443,912.5510408096521,959.1655946068964,0.0,0.0,7.65124081221917,-42.05841190374677,73.66693446828438,68.1196055437305,75.3081542582265,66.9557776517953,73.52300064693355,98.21869051698339,90.71910457080618,67.58855073905289,80.54423250271897,74.43871007539889,81.34442574640791,67.83911751041852,40.89929037613946
322,1694.058613445265,913.3536830579485,0.28781970256051126,-0.625806442726902,-0.5392271637339757,49,0.0,0.008181080762073025,1.2382412388049522,-0.23201315952009235,1694.058613445265,913.3536830579485,864.6901925151762,0.0,0.0,7.698608058527257,-42.05810880461447,50.796239891982665,51.87680950257504,85.57425514929844,77.68433182497824,67.20538772462405,81.01029004515706,64.61871022437526,66.56446487126762,58.94840008381675,69.89472352198464,66.84104279661071,81.66857666561734,42.0069602128884
323,2172.336057003744,913.3615956533636,0.8300247514648036,0.6463606325344097,-0.19942257992249693,49,0.0,0.016550316708775686,1.6641462323753786,-0.5529787152283001,2172.336057003744,913.3615956533636,1337.8229504989972,0.0,0.0,7.4302087328104065,-42.05767050788978,102.59427491931291,104.07228411283958,102.28326876419477,123.52884734489881,125.37499283281002,121.35706400675353,95.9767842180232,108.80328045085554,99.34954225156378,93.47809570820078,105.53053174720493,101.16133792605932,54.312646216280186
324,899.1286885167292,915.1419574189639,0.96038321694185,-0.0480972482499619,-0.2110832455151425,49,0.0,0.023602672305040144,1.9425639728002388,-0.7209383248942884,899.1286885167292,915.1419574189639,1112.0954168045373,0.0,0.0,8.144700934124119,-42.05670329909391,84.10589633923104,78.93748576322284,91.40060521704174,85.78740603818446,87.26728562495475,92.15251944216158,93.74869776213242,108.674906855046,79.9095689457198,85.21296227455551,97.35476715847648,81.70667631735388,45.83663906645683
325,2125.9430581452593,914.9551965484908,0.49031561653484357,0.5205221697658426,-0.061816128631038185,49,0.0,0.008397389637995942,1.0495546442446393,-0.052512636777033855,2125.9430581452593,914.9551965484908,803.6629309090347,0.0,0.0,7.456246154165119,-42.0570761142837,63.26021398183558,68.91878727158328,58.04926174297195,64.90520937554214,56.440541343444075,75.54796518153219,54.5389638599434,56.21746749266002,63.54376437675319,67.59665798687173,68.78815568803462,72.0681697348638,33.78777287299879
326,1228.9845576140872,916.454624987618,0.37911945463342467,0.38874204347227737,-0.13395178903020566,49,0.0,0.011187783416386538,1.7541264729498858,-0.6101522572445107,1228.9845576140872,916.454624987618,872.2729818528959,0.0,0.0,7.959596030035991,-42.05664008731261,68.68554422478199,74.6015137371038,48.62663340020961,56.55051096778058,66.20171603677532,76.56635025829293,78.52455959104724,66.06557804771093,75.85387958091567,71.87212760667543,66.25620757176168,87.42762604944295,35.0407347803977
327,2179.885510453686,916.2078646002446,0.7498610874142738,0.0426967201467342,-0.1980327599400734,49,0.0,0.05090304819156339,6.1879536412060725,-1.9788676285008524,2179.885510453686,916.2078646002446,1526.1251425854355,0.0,0.0,7.425978256906052,-42.05647273151128,111.76542065787098,116.34713304238625,120.49109435964942,140.03383948839792,131.83967393612483,141.98484825276887,102.22720820501547,136.07482373288425,119.10528939358393,102.18000019465777,136.51732207283712,113.82930851018908,53.72918073906952
328,1129.164766195674,921.951593104237,0.7177806237500973,0.3395245330427081,0.2489499626108001,49,0.0,0.017541438951258072,1.5279454349134618,-0.4602696131202587,1129.164766195674,921.951593104237,1269.2076041445407,0.0,0.0,8.015601937517385,-42.0542347699144,83.76209672346354,106.24097205246872,122.14790670104023,83.46899374722003,103.63340863663201,99.63895647399733,106.47405171393696,105.44431588301083,101.9095945854001,100.68338991410467,104.84520820397131,95.66313960243161,55.29556990686321
329,1855.8872848179496,922.0581006860803,0.396788869224201,0.03342584297377734,0.24277870644934074,49,0.0,0.009951891414722797,1.430340921153815,-0.38859890927353513,1855.8872848179496,922.0581006860803,808.8643962586818,0.0,0.0,7.607800470956883,-42.05440487673571,64.4464939260784,55.48174188811112,66.0188899305232,62.059219677090056,65.27606391871103,49.40292337732977,62.42550552098488,57.94892004489339,65.21726137971788,76.46722384140048,79.18806800609781,66.0928222980686,38.83926244967523
330,1961.9771062343907,923.2217170578045,0.2958973594475384,0.11603530252050369,-0.35381595828434004,49,0.0,0.012442199675953879,2.4141786650341466,-0.9569235189674976,1961.9771062343907,923.2217170578045,855.4400732896356,0.0,0.0,7.54826980088166,-42.05383060939297,57.77711052226543,57.83317948767673,66.82270875644073,71.05729996560868,59.739171247281604,63.422344379872804,87.79363410405915,77.11725683336178,68.95304587355415,83.02932841264587,68.03500754774905,59.86917415765853,33.99081200146121
331,1918.0048455277024,924.1360634050864,0.24643686475592452,0.11443612126394534,0.10303234833436412,49,0.0,0.016526493151435187,2.66031563919714,-1.0623329188607153,1918.0048455277024,924.1360634050864,1195.747626970302,21.49602948919527,0.0,7.572945626054427,-42.053490447205164,69.19422633294661,100.22518752995612,94.35937909745093,98.72954726902296,83.27788146517167,109.67664116474242,113.22841698390313,94.49548915669257,81.79212172567017,102.52477017524835,91.43688469511483,108.06954753533253,48.73753383904957
332,915.2129139443475,925.3324909125806,0.44829296419525194,-0.08735134204334061,-0.0039768200188270144,49,0.0,0.007853837202773356,1.0494317409121854,-0.05238548912250235,915.2129139443475,925.3324909125806,734.9878499439549,0.0,0.0,8.13564964366224,-42.05248792673322,53.333983477173646,61.615766182963725,70.6549267983832,55.14918706753447,54.434520563605176,58.60504278473007,50.94984853584164,57.32920649297488,51.7524708248628,71.04052686565484,66.1915502069377,55.146878357281224,28.783941786011585
333,992.235496174764,927.2178117027486,0.6293705666166848,0.18217904771863871,-0.23010153890760904,49,0.0,1.0361406875548667,147.5841314213903,-5.4225991591881755,992.235496174764,927.2178117027486,18459.269403882532,0.0,0.0,8.092426552397267,-42.051838567762566,1362.9303903032833,1492.8311953294033,1465.017700525136,1423.5022881769999,1380.740341037681,1528.466861886452,1498.6739394949027,1427.231389324293,1544.1543990100947,1609.2913682257772,1568.174555932162,1506.7447783676098,651.5101962687361
334,2117.458964979364,928.3701802464359,0.43191239642426776,0.12669804748709068,-0.37142124632666823,49,0.0,0.00909121120219287,1.1322434861956245,-0.13484957715778115,2117.458964979364,928.3701802464359,752.2378901705036,0.0,0.0,7.461032525956203,-42.05149883329699,60.25918156600067,68.8050410350084,55.900227008037646,60.03731380628125,56.5401508811556,65.4688315583015,62.115997783993684,38.465901340697506,62.629777144162475,61.11794376529447,57.709143029398625,68.51509708888099,34.673284163290816
335,2907.0683013209205,928.4754834778971,0.48166382332044005,0.36590758741424106,-0.40172172624856683,49,0.0,0.06676871538182007,8.826289958428253,-2.36444547661911,2907.0683013209205,928.4754834778971,2757.309325874842,2.0,2434.1217016266646,7.0179961411028575,-42.049487420729584,222.13990705451386,233.22200926533986,233.74596136038758,235.76145452794918,236.28426706827082,241.4418998222537,233.87076123533518,216.64159153090037,224.15510247364946,182.82030454171684,211.21295569417583,209.19670126268466,76.81641003766475
336,2495.1408609089763,929.5297892117609,0.3933967500373867,0.1115894330204455,-0.3108337390558689,49,0.0,0.00850574951411649,1.1104725306932206,-0.11376955012904888,2495.1408609089763,929.5297892117609,806.1762177198386,0.0,0.0,7.249117601558615,-42.05028714710866,55.57494847282412,70.59310101041379,64.9676789320919,70.4874382000268,50.92610080658473,63.50104587997126,56.59508514929017,68.5304820269711,60.51459738859321,58.24352863506221,76.5574068214594,76.40585489399419,33.27894950255569
337,1749.3341983947487,931.8893223010043,0.5685218071025155,0.4846073946894716,-0.07520366158344183,49,0.0,0.011512389240185137,1.3645019075395663,-0.3374353678479298,1749.3341983947487,931.8893223010043,903.9957502754472,0.0,0.0,7.667598309812166,-42.050367503179054,70.0106767164764,62.683374892553005,65.80838172079507,76.09983311086434,61.487287015054605,74.82107231292328,71.68665646051991,75.76423363645324,83.39699267505291,62.002419700882456,79.04698405182765,90.37950747379823,30.808330508246204
338,879.7994928673976,933.2629328446413,0.6118077517065905,-0.07329450156648666,0.004090311592306854,49,0.0,0.02985222915231651,4.100748854927621,-1.5321579307418909,879.7994928673976,933.2629328446413,1095.7281606519155,0.0,0.0,8.155499747708472,-42.04911569263263,86.24477074112008,76.3500598898069,85.729656115397,88.45477981494884,87.65768010539858,84.50678737097846,95.21438608434173,94.12422367563033,93.62918062364298,87.04414724380027,97.64167733648338,84.50942074417499,34.62139090619202
339,2689.2972444344423,935.7050425083966,0.2094740902082167,0.2937981942127104,0.027248486258816852,49,0.0,0.006691459321743187,1.1526817128119722,-0.15427350793260208,2689.2972444344423,935.7050425083966,809.876161350927,0.0,0.0,7.14020614374867,-42.04718811767321,72.69693205524058,67.21171068160498,64.69066623096872,74.83985559057199,71.94935852698868,59.92415618283005,70.28126793445773,53.48434933488072,62.138039310288576,55.04089548717801,67.58720326674955,53.78963579904355,36.24209095012388
340,1972.8106542392281,937.0822879783238,0.5262498684477394,0.02290378583478105,0.15042593191347994,49,0.0,0.010820777824333563,1.3065654135762108,-0.29032789421697525,1972.8106542392281,937.0822879783238,822.8825901321354,0.0,0.0,7.542209524756343,-42.048044682448115,62.20967557568582,53.7151186370446,63.267328826899934,56.8972617563546,75.07010297456777,67.10834749207251,81.19069385160574,61.29875005695553,69.55654935142093,62.767488798866964,70.04277848611855,68.32509768303181,31.433396641510722
341,1680.065804128682,937.8433434950921,0.7315908679674604,0.34446777581106286,-0.16642764951446049,49,0.0,0.01154044304089012,1.0741782962663853,-0.07769093305958251,1680.065804128682,937.8433434950921,1231.8744512586063,0.0,0.0,7.706467757502812,-42.04790833965085,80.88842740629617,91.14106577228242,96.4205224319966,93.53953543435371,78.23091000015171,111.4653152615546,113.1337022501953,104.79599828299602,96.66538447623822,109.89632909789223,97.51756036921337,118.49856032259945,39.681140152836605
342,1819.17907290091,942.6902441029107,0.6940080581079232,-0.24106318967583473,-0.16398253290541673,49,0.0,0.022324519164708703,2.87576661012611,-1.1468840922749324,1819.17907290091,942.6902441029107,821.8719090718423,0.0,0.0,7.628415846782785,-42.04583215674226,61.34692067842083,69.28979602712364,61.441572438312015,60.46767377553776,63.737940963099746,63.213660402912936,63.88599448260295,61.37967067631226,63.80851747817588,77.03499589068338,75.05195114045006,74.8260310203897,26.387184097821248
343,2261.7836960906834,942.7432148878042,0.2895583978508891,0.1570645968512639,-0.2681224974585446,49,0.0,0.00916323722496396,1.6418273776236179,-0.5383187332275715,2261.7836960906834,942.7432148878042,806.9164373670676,0.0,0.0,7.380084919006754,-42.045277951850636,51.7401255058994,59.31526337042715,65.8453072137313,66.70039947834863,61.22532445008446,68.22445902890678,70.54555649837064,64.27327826777503,69.07427369286853,64.69234422303688,69.98820857813686,68.61568357612293,26.676213483359064
344,2679.4535405956535,943.6148062543429,0.7721857810311752,0.3144354594398525,-0.0855423198004177,49,0.0,0.018298461277084104,1.8474567403766884,-0.6664356946148543,2679.4535405956535,943.6148062543429,969.0387390665762,0.0,0.0,7.14576010142785,-42.04392179693202,85.17443850842798,77.6863762321384,79.21386152227372,97.98614368434376,64.3365980336287,75.71388345861207,63.26709127375065,78.08171446490252,74.11134595126182,81.04746835367008,79.18569128552215,79.64170744634328,33.59241885170117
345,2636.6330122670533,944.2903205126639,0.27937273929797174,-0.050409222491501364,0.29555497241664297,49,0.0,0.0091567686300521,1.4011519610776564,-0.36621309745531927,2636.6330122670533,944.2903205126639,981.6718984052416,0.0,0.0,7.169785630382562,-42.043764084139156,84.62100458943856,76.05770188336658,84.33333192204307,69.46033058877993,74.50870518686646,65.75762598184912,80.1668368517196,82.35776878334937,76.21912577513154,83.25861248910726,89.01081350900593,82.20362594615375,33.7164148984304
346,748.7233816179096,944.8174702129942,0.43667891561713207,0.2930099525317058,-0.24150908180426747,49,0.0,0.019808648875443504,3.057040167259888,-1.2132528626843084,748.7233816179096,944.8174702129942,1029.8129011049687,0.0,0.0,8.2290079002983,-42.04401994154841,80.24777694325385,80.37371235955584,75.13210955693863,75.76693613254047,89.82527400313886,83.70438777901093,99.09558409024287,75.14287951290268,100.63747735747202,84.33871855162054,75.91431882106588,74.39306177502095,35.24066422220507
347,1079.945251228092,944.7561172923987,0.6218652764743761,-0.025169353016214795,-0.206412223628113,49,0.0,0.01919170198913777,2.104048360953626,-0.8076392943291641,1079.945251228092,944.7561172923987,1072.7815086034898,0.0,0.0,8.043177591968083,-42.04466650876808,85.80046106215468,87.06485593720751,88.426002116035,84.68584111505571,90.7708580900551,88.83487103226564,83.32213116646332,85.83795225347404,85.09346909632478,82.00447156466251,82.61439525284868,75.681346844465,52.64485307247797
348,1458.4246881112329,945.1247243051076,0.5490303244642092,-0.1386559154029895,-0.20452086394018204,49,0.0,0.007318462704325382,1.0026972338660196,-0.002924542144613517,1458.4246881112329,945.1247243051076,622.339946810765,0.0,0.0,7.830825965990127,-42.0448555723727,49.49105164671141,40.28294674565281,50.31505046779151,52.19262368935817,55.47321458427075,48.86412910647395,41.90063122116303,43.311043538871715,45.29566905740532,57.42271845342545,56.10823130368881,56.181784730213664,25.50085226573841
349,1176.2451823613499,946.3510087295997,0.6747175853782486,0.22811027372982892,-0.20352383127545443,49,0.0,0.025650641736507458,3.05363444407907,-1.2120426141998584,1176.2451823613499,946.3510087295997,1086.482188474159,0.0,0.0,7.989145157585014,-42.04412629951021,82.63513212664711,88.34955937458399,79.3460171330531,77.24241118992794,82.3012578881228,90.36723690415349,93.62058685973257,80.97355037999957,87.56698836355162,98.8537454737565,80.47784854131795,98.75355753063171,45.99429670868091
350,1619.8143291956208,947.7643955324144,0.7536209820485812,0.2432867832178378,0.01585948157928761,49,0.0,0.020681274793893572,2.4069406578989816,-0.9536634576519367,1619.8143291956208,947.7643955324144,861.2604200298014,0.0,0.0,7.740275341959053,-42.04378280325815,66.35029017372301,81.49882426089255,67.06926477492428,59.351106986055214,67.37249773692265,68.6477247433874,73.65345466854103,72.17867936346116,62.26720849782842,67.04722898619033,76.95098574884706,70.5515414217631,28.32161266726513
351,2613.19752203162,947.9141897943025,0.7001266194459111,-0.4803347189765474,-0.12946100323937876,49,0.0,0.011761061106025837,1.1066190747287463,-0.10999537962855764,2613.19752203162,947.9141897943025,898.8246764450205,0.0,0.0,7.182946756514947,-42.04231984247781,66.6532827155151,77.58846042411923,77.53181819504805,81.6345048152208,77.0140589628218,81.44203215725685,64.56582948572562,64.235022807245,61.116698188484314,77.88045799371031,85.1436811717166,61.28601315210549,22.732816376051197
352,1703.4125647075477,949.7679345545941,0.5581579897865178,-0.0486073895060658,-0.19272473395266249,49,0.0,9.078719992426967,1334.4958980029828,-7.813293107958859,1703.4125647075477,949.7679345545941,197135.28901581065,0.0,0.0,7.693372473974698,-42.04293405456687,14603.316889819831,15708.38348898821,15887.9948858268,15844.707926588482,15846.71116391267,15764.94900016426,15877.402743382236,16052.749753994389,16118.958280246392,16298.768225750366,16063.366652763534,16014.247708210925,7053.732296162445
353,2270.4386297564147,955.0792079968264,0.8007481124119095,0.36941243026220205,-0.1913550702834977,49,0.0,0.015043502934386893,1.5829721687138893,-0.49868319827364704,2270.4386297564147,955.0792079968264,756.3631907766717,0.0,0.0,7.375259273131622,-42.04012243869292,47.44921652215294,57.482881296286095,63.71518738461616,52.93013353237501,66.18754455828409,62.505830437547914,62.36199352972096,68.77954284420795,67.83199579263699,58.599088972114906,55.313356255239825,62.33431285526261,30.87210679622629
354,1655.9760987323505,956.0114401337576,0.9722561247115215,-0.3317919626092855,0.07709876096446318,49,0.0,0.01737640065452822,1.60877090160864,-0.5162355060659974,1655.9760987323505,956.0114401337576,764.8524001303713,0.0,0.0,7.719988089944548,-42.04034291662129,51.80558392495551,72.74990069157764,68.3266659819832,68.1275673957885,65.53556467398056,55.576652551450714,61.11249969392076,60.24290967290494,54.15836370816443,65.4153477455826,51.490063845908814,52.31923788952147,37.99204235463216
355,715.3798301713507,961.119833332178,0.5462290742964345,0.09825119889109117,-0.011042263679017134,49,0.0,0.010261326498526558,1.1778752017376477,-0.17774819627234498,715.3798301713507,961.119833332178,842.9958238669014,0.0,0.0,8.247661841914718,-42.03714857386788,50.297311944459,85.9016290896922,56.41329234204112,64.13348631772938,66.10368090685523,68.05238831304126,69.98272082323435,83.11632074745671,57.98927313075612,68.73298985756367,59.643151402488044,85.32205702651609,27.30752196506826
356,2258.615201829571,961.3075205541949,0.5497176973767318,0.11104973871102286,-0.20673231193466376,49,0.0,0.01441410399802855,1.9156475913590962,-0.7057890447308452,2258.615201829571,961.3075205541949,832.2466223195918,0.0,0.0,7.381907330308972,-42.03754886802529,68.26842070219584,65.55661747998428,76.93318999372273,80.99663832747876,58.123844290248094,50.0474695085737,66.8005369176748,64.13823931458519,58.91414196929493,78.02433396967706,77.58023156534418,57.11513131574336,29.74782696506882
357,741.3947574216476,962.2241865831431,0.49569522345949396,0.17740384659442865,-0.46027791038658905,49,0.0,0.04844312879473925,6.95167625772173,-2.1052238466197766,741.3947574216476,962.2241865831431,1780.7838568065472,0.0,0.0,8.23306476604676,-42.03675042936317,118.21445970727488,137.71591284326493,139.0659196877554,140.29211548124186,147.9034232570212,122.25494851638705,132.19780381388648,159.17104532020755,171.5671265722131,159.10855334816497,153.1274982570725,142.3006560508093,57.864393951248026
358,1042.2504288314528,963.1504652254581,0.3261593067039325,-0.3786158012318688,0.03973668694715128,49,0.0,0.04018515445913495,5.55379378947445,-1.8614743762579904,1042.2504288314528,963.1504652254581,2225.2502071163067,0.0,0.0,8.064288902143074,-42.03694692203977,163.32205545503348,181.57892796208512,189.79590436985194,181.13263538118213,171.40342254774953,180.87570080623453,170.53561527052682,185.59121287291228,183.44479702996605,184.35475282771478,187.2917682567412,172.86670895993353,73.05670537637572
359,2344.8561004381995,965.6947044538334,0.6346228306032937,0.2665153436070973,0.046123871727200234,49,0.0,0.019150930853451674,2.3822669190295684,-0.9424760500533516,2344.8561004381995,965.6947044538334,901.2500876401295,0.0,0.0,7.3335395022961745,-42.03555575852244,68.4974214860863,76.3483812815548,56.32808064701349,63.629822901879436,78.23907303779359,74.82818625765935,73.06994077605232,73.87963311385143,88.58415055407426,68.11636800482441,63.70606817890648,79.74791122162586,36.27505017880786
360,658.7007772425153,967.5516366855422,0.46118457811125463,0.17769131270049862,-0.20891522780508148,49,0.0,0.028697008478562873,4.458307055236072,-1.6229249404202135,658.7007772425153,967.5516366855422,1324.3180175114157,0.0,0.0,8.279434724085167,-42.03432739678763,102.9060291623235,110.54533173485561,102.91491142021445,115.0441820594562,95.50695147715885,104.07681769904833,112.56209213712624,100.54699539352976,118.39163737334135,115.33333333726526,100.29730799621575,92.2052975616746,53.98713015920595
361,2952.031238596967,969.9356359923008,0.4924662352730541,0.20691608532375516,-0.43382080351675006,49,0.0,0.01081080116092194,1.3661516464258237,-0.3387472746275615,2952.031238596967,969.9356359923008,1018.3604552591926,0.0,898.7410719453171,6.992975372406604,-42.032050948809406,79.96554204378535,90.45760271458235,77.34251163239614,64.68414132470193,81.43292489324828,76.17259650498785,83.13903787288791,86.46302967036785,87.78577636461806,81.82967595994836,82.75914912608218,84.89313060938542,41.435336542200886
362,921.2352916254747,971.1135735343396,0.6554768392839503,0.3290208609539913,-0.08592721894980608,49,0.0,0.02537674107552968,3.288361929037591,-1.2924490288104216,921.2352916254747,971.1135735343396,971.707910658021,0.0,0.0,8.132156573295548,-42.03342455549097,66.62246448661743,79.60141603299436,77.71969449853238,65.30101307886258,61.801562746340736,76.30497680111606,70.20011100734865,89.15475823907167,73.85584754204261,93.82089569850514,95.58401068601037,91.10949850096593,30.631661339613007
363,2318.1202838977447,973.0683138856629,0.620878253479315,0.21769670553590978,-0.036192206771838015,49,0.0,0.013410039638811787,1.5512713917624625,-0.4767194584834674,2318.1202838977447,973.0683138856629,880.5876590555033,0.0,0.0,7.348556742138729,-42.03253694618127,78.38419551572906,73.75040765721005,75.37265004378857,72.63702027297975,52.086702038319274,83.89049317078135,70.08040786358674,65.23717033459896,56.036706873988926,65.36080439582824,86.91624647743956,71.03638904928467,29.798465361968233
364,2520.2422084809546,973.1898282936493,0.4824992830952575,0.036615606319055714,0.10270955679914982,49,0.0,0.028520498606413456,3.852524186767894,-1.46436343492446,2520.2422084809546,973.1898282936493,1528.6065433663452,0.0,0.0,7.235180622265128,-42.032034370332696,135.11387811980202,122.00555296776955,109.51804435848257,128.52391859572805,111.72067728862228,141.35208994222072,139.1371970859409,121.55361466867382,132.78017733122806,109.54065078836021,123.83622227479844,108.53700338392005,44.987516560798625
365,2736.4005395499657,972.2916440369341,0.4600770796839598,-0.5564186555013885,-0.12363234868799683,49,0.0,0.008337215906695639,1.035467887581802,-0.0378415872328395,2736.4005395499657,972.2916440369341,867.7375239347846,0.0,0.0,7.113931490113589,-42.03180180185693,64.71783282828687,75.2277835475964,77.65605675195414,69.68286581221525,80.02900403455084,61.40285808161852,59.239916642155336,66.14876471921944,67.17272894912712,56.12543808305206,74.79451961590627,78.31482021977496,37.224934649327395
366,1960.6354822498665,974.8429452248489,0.5093653810943013,0.061875824663112464,-0.23322634409904086,49,0.0,0.010827014761898962,1.3965712394271268,-0.36265773516413446,1960.6354822498665,974.8429452248489,782.4185571687777,0.0,0.0,7.549090683175824,-42.03232370357735,62.866010876896404,65.51478353949543,47.98953721994122,66.29686286885095,65.35168568968922,66.54427393028307,53.89710350046056,48.166569851893016,73.26737867374476,65.89225509115684,71.40842605786277,67.88734618815035,27.336323680353146
367,2030.855735641503,974.627414694428,0.5519722403661771,0.10450924321756883,-0.110561519322081,49,0.0,0.05500057120558835,8.319596021633917,-2.3002555964255107,2030.855735641503,974.627414694428,1612.2671888367058,0.0,0.0,7.509700104479898,-42.0323376997149,106.78734335637941,132.0491224433248,127.18756892681179,131.08154185373195,127.6688773019486,129.682587002905,134.467040370424,140.31388599374978,135.6339265505086,127.55631977574777,126.89279591616489,128.52176191128137,64.42441743372761
368,2906.391736318905,977.0866361186519,0.40950565122565347,0.5259674985845235,-0.23622355246860996,49,0.0,0.025217239394781262,3.657627748489734,-1.4079987587263032,2906.391736318905,977.0866361186519,1467.274251421511,0.0,991.4295930649528,7.018608005983882,-42.029237286424355,114.57006589639539,134.24849722927672,111.82622076757751,111.54111364367242,119.76229697609843,112.1652494716069,105.89943120152822,123.1590337316679,133.15153535137625,110.99534668604726,117.04609512761346,121.50745824774904,51.401907090901545
369,313.06212692511195,980.1265389330298,0.8937270927582036,0.8200368071348317,-0.4110789028898474,49,0.0,0.012800556358360178,1.449596429330917,-0.40311777643237345,313.06212692511195,980.1265389330298,627.5520209626471,0.0,239.9387496311379,8.473251284274681,-42.028036130342535,35.50752964218131,28.61860357701554,73.14386057970833,39.12011465904185,49.67250442427938,36.167961296776,65.04375367861526,55.48265344687078,30.683044031674044,37.35271944903823,29.668433311053754,40.14630054745051,106.94454231894211
370,2306.5560186289995,980.3752650240726,0.43868470026222617,0.17942648560774535,-0.16890441676407048,49,0.0,0.030197782781672674,5.222210438267959,-1.7946359212724299,2306.5560186289995,980.3752650240726,1264.2589299109309,0.0,0.0,7.355062479346482,-42.02951500192768,87.3819828113555,118.53950421263588,108.80259189766021,102.20105964121635,102.96418340619192,102.44730244929772,88.69435646191664,104.37392369404468,103.06518975768037,99.91437096189722,108.1173175521219,93.47418009236586,44.282966972546674
371,2949.449517869344,979.5168572653723,0.5884287289102422,-0.31419625566151527,0.027259064246764376,49,0.0,0.010870980661248161,1.0326590908054147,-0.03489243153897796,2949.449517869344,979.5168572653723,1545.936402204013,0.0,1366.932698224193,6.994470689404509,-42.028068722788525,107.84408621374153,107.69349189263085,108.99163148117604,112.8383077928669,138.6297586057413,119.4811864529027,121.24988950903207,129.9456638923678,125.64765289689952,130.94664898264983,128.54955405646515,148.51761627658465,65.60091415095454
372,1653.056386132527,980.9809188283388,0.3610215162842467,0.4127865877582645,-0.16087833465413454,49,0.0,0.012379455010168993,2.066058229506922,-0.7878563936332171,1653.056386132527,980.9809188283388,836.917232109753,0.0,0.0,7.721630937582924,-42.029939619216755,55.95728604761091,68.08546359672188,73.16844050570896,58.38093349658348,77.71255882613161,61.13014404787407,65.65089447065193,65.32924233904824,60.39252208951625,67.30004206561176,72.3346333096569,72.45368296091709,39.021388353719885
373,1555.1107059724814,983.3030732663792,0.6809523373966027,0.10522336182196294,-0.1713452279309634,49,0.0,0.08276929699153027,11.034046546874887,-2.606837029217497,1555.1107059724814,983.3030732663792,1830.7358317376766,0.0,0.0,7.776572064948351,-42.02897303312931,150.7066768432609,137.0272455924687,154.36160927357693,135.54849958039216,136.55934606519668,158.31333385737807,147.63300466030427,156.4904837106879,154.16287210089178,145.27508820971047,157.6883874776863,143.23011144079126,53.73917292533102
374,2958.2086190799373,982.9623640798515,0.5853423604657445,0.4191670230298081,-0.2663548036839144,49,0.0,0.05939538388307004,7.3258013169328535,-2.1621378399675777,2958.2086190799373,982.9623640798515,2394.3571673293263,0.0,2065.4854908602833,6.989575297365362,-42.02660088110427,176.9278320114563,207.82073980681025,172.0288759602293,181.2502956553514,176.52275137192345,188.8694742079235,176.2035249976975,191.95770603285604,186.00651299214573,209.92696865772126,208.18013000028682,219.8379484336169,98.82440720130771
375,889.1278179749331,985.4768997629482,0.6232911798883288,0.34622568854659547,-0.2404824170648456,49,0.0,0.012657585040079316,1.5489450825248947,-0.47509005056457787,889.1278179749331,985.4768997629482,811.5760579730261,0.0,0.0,8.15012984059843,-42.02737912555296,62.740835435437035,63.21617016525956,72.75597500531714,62.152926404984406,71.78806850832393,62.6684589481207,50.90203398257868,73.08876368908213,60.014388113305074,62.94431607611245,75.15173028631193,64.00352621658966,30.148865141603395
376,663.8100813065261,987.0242449210423,0.2937879772246203,-0.6702791814990927,-0.1214210427333269,49,0.0,0.020726431855636614,2.9806598539544944,-1.185781045432785,663.8100813065261,987.0242449210423,1517.8173177896515,0.0,0.0,8.276501983382682,-42.02622742400315,125.2959935574201,120.49016737409848,117.39649218773782,123.09186957259345,111.5142440552573,105.70002397133482,117.24730395693607,116.74445568120268,130.97324119956602,146.95876858389875,122.53226148156008,123.34743665604748,56.52505951199842
377,2676.8601923363854,986.9786314297656,0.8829249688356728,-0.1560371017573355,-0.05915123722527937,49,0.0,0.01790239638928351,1.6181807894084685,-0.5225676026100937,2676.8601923363854,986.9786314297656,947.9904940229437,0.0,0.0,7.147385775059197,-42.02586255682933,81.90445003196973,74.56422430776459,71.75767857408678,79.83742671118118,70.81457951355395,71.32774571605796,73.62224824428357,90.47228133008497,82.87112965243057,58.25239015106162,70.87141485453438,75.94155629474393,45.75336864119042
378,1251.3144213368794,988.0074757164789,0.4559030459972835,0.11567852952683816,-0.12911635921359085,49,0.0,0.011347788234809869,1.7777344770044614,-0.624667237784717,1251.3144213368794,988.0074757164789,810.0440603242355,0.0,0.0,7.946973790204515,-42.02684923271811,75.80640323434284,78.26363948351383,78.15156638371744,64.7461199874299,64.88413855785713,56.79666006837266,68.66111944756527,49.18702686953865,63.50455593680622,57.2646866488495,59.07885497125701,66.40096494084408,27.298323794141073
379,2302.9724198768163,987.8697556553234,0.7685160276766019,0.5235263379098835,-0.31638441752903623,49,0.0,0.011729074645814712,1.2038701450762503,-0.20144911116197084,2302.9724198768163,987.8697556553234,1101.3530238931721,0.0,0.0,7.357091829300318,-42.026399326256026,81.79742076362518,89.33993918762732,88.86401808700738,93.61161862305997,86.20694474675648,95.39403909264692,83.4630293259143,84.80187661057852,88.58751638421253,95.108451589668,95.27426770203218,82.65599981276455,36.24790196727871
380,1714.0271534095893,990.6039741302563,0.5654132991928141,-0.487474085007982,-0.1993926024919271,49,0.0,0.009890201209040772,1.1389575315577656,-0.1412688269800788,1714.0271534095893,990.6039741302563,814.3456645226149,0.0,0.0,7.68743409800473,-42.02591626748102,55.74955420237202,68.44523105179128,66.46313975146451,57.25186031943008,72.91562516049888,62.60027127977202,65.77592617501772,74.24249001456013,69.06967483876532,65.96548013513762,63.648230166728254,68.82273624033013,23.395445186746983
381,2326.106427497041,989.6348163931202,0.5512579127482733,0.3294812034105163,0.028612583356223797,49,0.0,0.07671345256697948,11.341484097833135,-2.6366747204590455,2326.106427497041,989.6348163931202,2103.65033354435,0.0,0.0,7.344120972213498,-42.025618809981005,168.96063504065327,183.769406609312,152.5031283588699,151.4809157396118,159.35784171684026,170.93328834581027,158.74543595524187,159.25491878102554,160.66493128958695,199.99819398397884,173.6257853355795,187.08028391377337,77.27556847406657
382,2518.3435348282514,989.6799613334686,0.6158610672458068,-0.06053198563920468,-0.3206778401965454,49,0.0,0.010994702811501151,1.318113811720197,-0.2998822769122188,2518.3435348282514,989.6799613334686,771.7374376202298,0.0,0.0,7.236300995930895,-42.02516866149315,64.76096587129456,79.26669646596201,56.00972359719279,66.26127689299146,55.308366143183335,66.88935565195516,63.000910292433105,56.665706645896314,65.49971159816252,53.1859089885929,70.06445741008274,56.637525934374125,18.18683212810876
383,1238.9368207770328,990.8155352539457,0.5972089391294505,0.10796080351355586,-0.1566822470428236,49,0.0,0.0939402756745085,13.581683533156985,-2.832384016879449,1238.9368207770328,990.8155352539457,2270.0873737220836,0.0,0.0,7.953912748625136,-42.025667226390865,174.21419505793233,161.55964038037547,198.7559795257854,171.33101256135947,177.26279472237084,163.23992083273507,178.54539681187993,169.92551119466597,191.70990917623217,205.30383452002707,197.26561432238515,188.49292706317937,92.48063755315532
384,1179.9384944228364,992.7509772702118,0.4075161655183223,-0.1336201864467375,-0.4419776002123031,49,0.0,0.010413137778405876,1.5008753953230074,-0.44086159508197686,1179.9384944228364,992.7509772702118,778.9402630076246,0.0,0.0,7.987001604101795,-42.02479781248225,54.29255767670287,51.736527548376955,59.85396752275247,61.89968179029888,54.83019705558414,59.29084025141937,65.95357599389497,61.65633532445537,75.76947935862665,68.0607013435277,76.37639777832321,59.653194277841465,29.56680708582054
385,1897.6427828283863,993.1171411162305,0.35556695619491147,-0.08229136785348828,-0.1958117249013709,49,0.0,0.010802902821875605,1.7174850333507308,-0.5872324029585025,1897.6427828283863,993.1171411162305,828.2162974794276,0.0,0.0,7.584446634623131,-42.02476618402607,54.26166724496735,64.27848003758275,69.51482988943184,75.9609552609744,60.19236369536297,64.54006811927684,64.88648907914029,63.06443744383481,77.76251822922828,67.82949317931735,56.66256146016926,80.03050209134288,29.231931748798644
386,976.2057075906366,995.8266464595318,0.29084413423836986,-0.0784915165332917,0.05995512353220333,49,0.0,0.016727362789319192,2.9453309667583096,-1.1728352588100606,976.2057075906366,995.8266464595318,1087.0844492013694,0.0,0.0,8.101264375989054,-42.023225702423346,75.39622572157779,75.85768358555325,108.7531258451,82.19939097794497,102.11597524490654,85.82189517606747,98.37675582056414,69.97505709697626,89.71373138419632,93.95231105421045,63.83836765492771,103.39038896865031,37.693540670694304
387,710.0187492978466,997.8252711319838,0.48248700436607267,0.10045793760513658,0.14639461014503038,49,0.0,0.00874755498184934,1.0921155602407053,-0.09567148722110771,710.0187492978466,997.8252711319838,869.7952216774629,0.0,0.0,8.250549672012422,-42.02184253037118,63.82865664094818,71.47665121480085,68.1020197027324,69.46672185650013,70.57342381683314,69.63827718765634,69.82891604626724,70.90078000947126,68.72010659680853,80.79735740233843,64.6518517320989,68.3293744899634,33.48108498104395
388,1554.8764751529905,997.880909757322,0.9872348740587867,0.03718994195842897,-0.14847151368264644,49,0.0,0.011466304920185284,1.0256558411159538,-0.027504144195466023,1554.8764751529905,997.880909757322,689.0946230121692,0.0,0.0,7.776701019187967,-42.02289902558103,43.12852107583284,42.27148375200737,57.412037240792614,52.08825842961391,55.728292407148714,53.7092900885301,47.185741197907625,62.792745708228125,60.95927843591246,56.28796825135257,58.90361340063127,69.36833220841756,29.259060815794086
389,2630.0432790267064,999.2325432268476,0.454549121189723,0.23668435040103933,-0.2289230184153362,49,0.0,0.017089377820501222,2.501412083136026,-0.9954631084644521,2630.0432790267064,999.2325432268476,995.5675133819616,0.0,0.0,7.173689515283638,-42.0208917241051,70.0306992650911,77.96536492906216,74.93405606865682,76.58748861904103,79.74731061254938,75.61079081866072,76.29979239524725,74.53198076994451,86.19805252479318,72.55061966589508,75.91999003229172,85.46423025944594,69.72713742128278
390,2008.9726807045,1002.3097858167569,0.7048381379714014,0.27831086446839176,-0.2316122560376215,49,0.0,0.011826789866300444,1.39786228211783,-0.363660966681442,2008.9726807045,1002.3097858167569,777.8880945888036,0.0,0.0,7.52201681986723,-42.02082876696892,70.28935249161998,75.47107682002736,60.72962098175825,47.16972880296578,71.58757480676505,53.85519821794479,52.36427436578688,45.074719845247735,73.56742724134145,80.10856346395997,71.79705617451663,48.910814324350085,26.962687052519627
391,1544.7197707089856,1003.9672221416291,0.9855454716823995,0.08611964530514946,0.005299327072697884,49,0.0,0.014940437537122413,1.398645035812018,-0.36426877059594187,1544.7197707089856,1003.9672221416291,759.0307981853766,0.0,0.0,7.7823964362478675,-42.02036170459715,57.56564998461688,73.5677309330053,66.90623796930039,56.37299250034044,56.73873426298989,58.349431502871724,61.57850004640923,62.0871421375287,65.78267498063816,56.72308589625273,60.31328020618473,59.968185226394404,23.077152538844125
392,2311.4876649803423,1008.3735093089907,0.6459295349951596,0.11427834482725091,-0.29804731060740025,49,0.0,0.011714182092814168,1.3803367516933562,-0.34996262825126534,2311.4876649803423,1008.3735093089907,755.3098845961823,0.0,0.0,7.3523690596968745,-42.01784003221497,46.55930651466456,60.184435114518735,68.46259576769248,53.18282705494864,77.54707101486736,46.76003110626814,64.38535950843325,76.01834877888082,61.899835337778875,41.78172646198034,66.23583818622059,64.24028971916394,28.052220030764488
393,1576.1887285463022,1012.0385268229364,0.5635289027231983,0.1498187552627884,-0.07896833554918155,49,0.0,0.0174106459831694,2.3759525464027997,-0.9395944061756533,1576.1887285463022,1012.0385268229364,926.3606200753967,0.0,0.0,7.764746212801032,-42.01700216410383,77.6969854504749,73.45198008965808,50.74517356319454,94.41184642043433,65.61704418435944,82.8468004087301,71.16210103520237,76.02567092217011,61.118544483851366,72.65892254943,69.00100084297955,84.64650692930181,46.97804319561009
394,666.9220570070146,1017.2185678888688,0.23100543974115492,-0.14108275906566833,-0.08019754899186214,49,0.0,0.006380847957835167,1.0488007854779173,-0.05173250984531902,666.9220570070146,1017.2185678888688,779.0100467292889,0.0,0.0,8.274653482538639,-42.01365516386848,53.788798518905935,58.91415559952333,63.27595270875388,58.1784885347785,47.02324269186561,53.137362863647056,50.50780703404763,71.05866072511799,67.48896047237028,77.39381877972752,68.64671654744618,81.29140605215215,28.304676200952784
395,1874.2097967722575,1018.2010691970486,0.46451969738225923,-0.3731857153347959,0.04500752831753465,49,0.0,0.009158357160677467,1.1144345119936048,-0.11763638232004964,1874.2097967722575,1018.2010691970486,788.082996183688,0.0,0.0,7.5976150683311605,-42.01433304366154,59.55147418177053,57.78294034289439,59.75624875302549,48.89917343570252,59.84391796154485,70.18728798123252,66.92480003440942,61.31710715416493,74.14946209368374,68.71779136112066,69.20086291159015,57.783137872754104,33.968792099794726
396,1545.0407439841765,1021.0336030826717,0.8080166070391954,0.4019287028452298,-0.1553592674259324,49,0.0,0.013217018703763775,1.1767692180393143,-0.17672824895344214,1545.0407439841765,1021.0336030826717,894.887745142429,0.0,0.0,7.78221295577082,-42.01325089235107,75.3086289663822,68.05996016810522,79.4652099242798,70.29560349826514,82.26162048939467,64.54794699463338,58.332907077674655,62.09542031969351,78.08578961432293,70.86971596679857,79.44086371037469,65.93574614014027,40.18833227236401
397,2291.83895761458,1020.8867736691424,0.8545926580613281,-0.39146069142770984,-0.24519377899125883,49,0.0,0.011051769925351156,1.0586638129592758,-0.061895170909389785,2291.83895761458,1020.8867736691424,721.0794577272729,0.0,0.0,7.363419924289545,-42.012663995141324,55.03544382411158,62.83416066638733,41.00979742805164,64.24298039917323,46.697145696939174,50.7212413186101,59.581763618614744,61.764610896438654,46.53528355748022,50.44195930633319,65.65986727134333,86.06887086956718,30.486332874222505
398,2743.452047059554,1022.0886964586882,0.32447847527518664,-0.3624001220203279,-0.5170748548256436,49,0.0,0.00924908876599374,1.252939418240207,-0.24482518155551383,2743.452047059554,1022.0886964586882,878.027143341979,0.0,0.0,7.110184444807867,-42.01103277901146,63.261937262051546,54.006732189259665,79.12022776381313,65.1821952924075,58.089234629359865,85.37990370803124,60.99600194531011,59.40698002971861,81.51484513519986,62.37788245854843,75.21064608420825,96.00138862119611,37.47916822287466
399,338.5686035123869,1022.4769253227737,0.42222356889397994,0.8781965516563063,-0.12087221138333487,49,0.0,0.007654930941392637,1.11852171060254,-0.12161104551920388,338.5686035123869,1022.4769253227737,1059.9518722549187,0.0,713.9231033819274,8.458750429200279,-42.010480594046584,75.70247355587128,78.01119950613426,84.82861058133523,68.22478111439548,90.53517288722136,74.24174500446215,80.39672762983221,74.96144255078957,75.76441744796895,113.85834474511196,91.35018793209915,121.17462213108507,30.90214716861184
400,482.1851317064765,1023.4708149717089,0.6473747300534191,0.6329565348196189,-0.4445903780371968,49,0.0,0.12833340347581812,15.368124958381618,-2.9665522078021977,482.1851317064765,1023.4708149717089,4061.3323582506537,0.0,0.0,8.3782190407726,-42.01053296238145,327.5786338896866,285.44657998488594,291.9754234663479,349.01654495414016,325.27202801382145,314.0641760339758,347.95992917900764,354.05409433051364,299.9265461029787,329.4346909152568,335.3990318936027,349.3934841349199,151.81119535151714
401,1964.1303637100896,1030.6494582704827,0.37089857296049217,0.020656191654728207,-0.10070422378166351,49,0.0,0.01007639500571862,1.7057759059374962,-0.5798049392837414,1964.1303637100896,1030.6494582704827,810.9763082866106,0.0,0.0,7.547204432772529,-42.009068121769275,61.7806148271474,47.97442335556519,58.64811541720589,66.47124337168252,63.58860001579396,57.224681601027335,65.00470288863076,70.13695587433182,64.99546846162363,66.68055236153069,76.73542487632372,76.44787841174113,35.28764682400643
402,539.003281732792,1034.5502706686143,0.8593703353344718,0.8797190365065309,0.24879612876016546,49,0.0,0.014737617570976866,1.322842929376295,-0.3037707008791716,539.003281732792,1034.5502706686143,933.6029356724135,0.0,0.0,8.346317006402337,-42.00608585365338,61.09193167991243,69.33923963292031,74.9374554154368,71.95457318523322,76.69848589524251,70.85234790475897,71.1032226709847,92.21286819376257,58.43346257399188,68.18779732302825,85.89178622696014,90.9323621256854,41.96740284449638
403,1282.480075182433,1036.053128639715,0.5278501807498039,0.26205314811852387,-0.15990415131775024,49,0.0,0.061607088598945106,10.048218225954361,-2.5052226461227884,1282.480075182433,1036.053128639715,1608.6406727674962,0.0,0.0,7.929436883074176,-42.00685906609739,124.69321969718474,119.48921421970152,123.46558138386166,141.0355908083984,134.32261143639082,127.73967770253353,124.06013704568159,136.45557251886325,124.5818586091997,130.4032025859726,115.0071057226395,147.43917617199256,59.94772486507624
404,993.0078224183486,1037.6364080002231,0.5783827733583206,0.1847507691693047,-0.14240673592861036,49,0.0,0.13513206702833078,20.090943418523036,-3.2575008264200007,993.0078224183486,1037.6364080002231,3064.5859431757526,0.0,0.0,8.09174780218705,-42.00583384442007,200.1139837361143,242.0595936203804,245.32683868644278,256.8620313911874,261.72492700080034,236.20173261934488,243.55142756449362,273.4459706552379,256.5854244369726,250.24155032120075,246.91243070523967,246.10485692549508,105.45517551284323
405,1325.9889705616185,1038.0593794324093,0.9425908507072033,0.48502691344275745,0.2020435621801008,49,0.0,0.013200027046508682,1.1501853112985614,-0.15191954260324272,1325.9889705616185,1038.0593794324093,786.0385919217451,0.0,0.0,7.905038017183094,-42.006058321342515,57.62034531092761,62.3827107561186,62.16694894888377,48.10530593126195,65.2051911202366,63.85008167105204,75.54000370380645,59.21786994674579,57.184174924259636,67.93211318116413,58.60631803471679,72.44150756150894,35.78602083106296
406,713.519079853494,1040.2713882189337,0.42641719907434383,-0.2829797254384471,0.14832338327357913,49,0.0,0.007931789118882246,1.0373120394162683,-0.03977354625654409,713.519079853494,1040.2713882189337,767.3551605088398,0.0,0.0,8.248448909885267,-42.00416612157949,54.805782192512766,57.312872056626176,66.09595803394556,55.63350499709364,62.48215643749713,49.97288673223319,69.47822450469553,49.897845179436864,70.53795218246702,62.15241360478629,70.06929402073168,69.78573312068723,29.13053744612686
407,2194.5708874059965,1039.8960823004352,0.6646826973900892,-0.1075189316516534,0.020900343315003102,49,0.0,0.01347658590871191,1.5779602776731787,-0.495240166061072,2194.5708874059965,1039.8960823004352,820.2451588769068,0.0,0.0,7.418006270538568,-42.0049143477565,47.36322130808071,56.533890499716506,69.56518039461605,60.81873758316122,72.91399179149182,74.9552194541813,65.52116552266334,64.48319273849242,63.019820673875664,67.2355985020306,77.98344785875797,69.93668550163352,29.915007048205695
408,2338.900576065455,1041.1614615625676,0.41685159067104727,0.3677342474245395,-0.31774921888565455,49,0.0,0.010992067495956503,1.5983888992453181,-0.5092061368312003,2338.900576065455,1041.1614615625676,828.254543542461,0.0,0.0,7.337084135630933,-42.00412474850714,65.18749258261869,65.72084982524791,64.97118511240961,67.23892157052768,59.244745608857755,73.80642375384133,87.4263951604533,61.82702006162954,63.479737983055514,65.61568875435779,51.06112704805929,73.64954871580782,29.025407365594717
409,761.1061799560209,1044.365853219911,0.43431709068655683,-0.40786135926000433,0.2668984284198474,49,0.0,0.009587532820669252,1.2645819768353441,-0.25486746959697015,761.1061799560209,1044.365853219911,814.3295789588572,0.0,0.0,8.221755126361165,-42.002572259553915,48.65061139533225,58.618812297170834,56.341294126977246,63.07847447977065,62.76199554532731,78.86851060710427,76.26159925739867,49.20876185283291,72.04495306729848,75.19193405848641,76.64600460890459,67.76096169316182,28.8956659690918
410,1886.9579859584246,1045.6406987636296,0.4463934561899425,0.2777307780875904,0.02305063902952439,49,0.0,0.013618933874756144,2.111994037752741,-0.8117317195801714,1886.9579859584246,1045.6406987636296,855.4852269945734,0.0,0.0,7.590494642277104,-42.00289035867179,75.364434507661,52.674844594617895,62.21633905615835,74.77313897629327,69.76222949955553,59.92711981995671,67.19472032883507,77.79949495140585,69.09094623365154,54.21358152282532,75.93766642228366,86.73923337428403,29.791477707045296
411,1034.0564795954178,1048.2158220545105,0.5735316370804752,0.3015774036429613,-0.2137406899444541,49,0.0,0.012907357268029431,1.2762709399499836,-0.2648572017043603,1034.0564795954178,1048.2158220545105,1112.2703203947312,0.0,0.0,8.068709383693744,-42.00149164274566,86.04715287463915,90.50566053611085,91.85772700411214,84.0279240853639,86.94736926028185,100.55601408568103,84.89317581149024,78.19613537087918,86.30087399526153,89.74748986889118,92.46878401069978,104.69034939679953,36.03166409452107
412,2315.4259610469853,1047.9227368095333,0.7031176772332367,0.5304037944377314,-0.15384924680283987,49,0.0,0.01867508094413134,2.128723048335787,-0.820297906057714,2315.4259610469853,1047.9227368095333,1072.649375765502,0.0,0.0,7.3502637909369515,-42.0013542096589,64.62798281321946,93.40930137355055,84.76410261864942,73.45082219268542,106.84318345278608,91.6843000338261,99.86460597656207,69.58254110779657,92.96344811693561,98.90671288512617,82.28821247024456,86.92166077777546,27.34250194634464
413,301.652100896057,1049.614512818774,0.2033473810632603,0.3502908209361948,0.2313839547096319,49,0.0,0.005417494134319881,1.3100004764995847,-0.2931786340651791,301.652100896057,1049.614512818774,791.7081343464823,4.219563514844177,352.5824019182237,8.479320632316767,-41.999045372460756,39.14501496648802,141.51667569848107,38.83948280792472,23.590272239050957,42.676288104967355,36.20330750848754,39.71336629837303,42.24070098040096,35.48085251067833,204.9444784791109,75.61876875126293,36.01697315688176,35.7219528443747
414,1724.8379824119318,1049.9212924074009,0.7438598865329771,-0.3842445083002602,-0.8585333359305528,49,0.0,0.010918399741349364,1.0249027033006486,-0.026706596588503224,1724.8379824119318,1049.9212924074009,904.8201294073081,0.0,0.0,7.681397243250235,-42.00119766580168,55.00859854341705,71.00660413439661,71.14062368442121,74.15752359327062,91.7059363796397,69.44240058363731,77.58019459615525,71.75533253660379,73.81422180822047,61.36132071510559,75.40305373472425,79.44980110603758,32.99451799167869
415,2102.361108833241,1049.5008649771883,0.7577614509904378,-0.8345294640935621,-0.08413177020380189,49,0.0,0.010073868393035682,1.0750808926073525,-0.07860285805062558,2102.361108833241,1049.5008649771883,720.7384938142959,0.0,0.0,7.469726561101633,-42.00105034316622,57.12854522435745,74.29291720849332,78.11037216129705,47.33315641694687,53.05715613533066,65.26327388907383,50.04032043955487,51.98237498996376,55.67087186224998,45.664999902632005,64.71523964321528,47.56287249311531,29.916393448065506
416,1706.5094709214304,1051.1944549886923,0.4109863457792442,0.09095112134106875,-0.026097201878809987,49,0.0,0.023448964176747935,3.6399189706430937,-1.4027292894837196,1706.5094709214304,1051.1944549886923,1419.425113195565,0.0,0.0,7.691674273332908,-42.000672949650934,101.96980976135366,101.18032255249065,130.42759096813086,120.29662554645012,117.92408646911576,135.33751456502313,102.13701453621425,120.24873789379777,103.68373487091043,101.64846452945679,121.58306052067951,114.95791161435369,48.03023936758831
417,814.7674471281953,1051.6542506882586,0.543010014922027,-0.4438746814406301,-0.4909976274384117,49,0.0,0.010214889841951852,1.2389956799915096,-0.2326744803083589,814.7674471281953,1051.6542506882586,781.450183052434,0.0,0.0,8.191647858043794,-41.99965453317587,59.939790125730646,62.9023154594112,64.35644154018047,84.11716964327559,64.93391058150229,63.354357570380174,50.48955428566033,60.37049185267611,56.78756389080728,60.60080056381855,64.26825698096818,60.70166509540749,28.627865462615723
418,2028.6098085708502,1051.897226449039,0.7836024476916219,0.06391171745139401,-0.19852849976922138,49,0.0,0.14443137306601378,17.681377912076027,-3.118790266553085,2028.6098085708502,1051.897226449039,2526.077481998497,0.0,0.0,7.511080928166877,-42.00014544733696,170.80751557756798,190.31543963832337,198.37072075503272,190.63235557461653,220.04912583598212,206.3416892991534,223.18118013692072,194.89734311807769,197.03592123597207,197.92295216022285,202.42286745454894,228.5346055708377,105.56576564124092
419,353.4426514214303,1054.3140067359436,0.5869531302846509,0.7671437561827373,-0.8868929157403297,49,0.0,1.4623738078643669,175.7937040008383,-5.612508292221832,353.4426514214303,1054.3140067359436,62382.403554718876,2821.8933362083253,31211.36400065548,8.450265398031316,-41.99726727108647,4627.25092318122,4637.691762709346,4525.671860409715,4699.03704952853,4595.802739607265,5178.60111793121,5046.8082678116925,5255.763981509752,5305.375348349555,5348.9456652477365,5215.686493973235,5417.1023312752695,2528.666013184359
420,1070.479996333088,1053.9211164823055,0.9225843016762039,0.3704267136632323,-0.4136157879003595,49,0.0,0.012145075417947106,1.0829251370119308,-0.08649608683939887,1070.479996333088,1053.9211164823055,760.2845109837833,0.0,0.0,8.048276516479659,-41.9991689878524,56.11702727523793,53.946078816637566,60.48377198218016,75.02950258143053,64.51460045590176,43.53632057502388,73.68493791931705,67.85715458403729,52.25029704991591,62.41456982441338,52.587111280826306,61.3160479357352,36.54709070312637
421,2501.5640108133543,1054.8583547861972,0.614944586974806,0.2787140054066514,-0.29877059722283694,49,0.0,0.010137378745600972,1.191738927752552,-0.19045281415071585,2501.5640108133543,1054.8583547861972,737.6891709715264,0.0,0.0,7.245926724130338,-41.99805419851845,67.75574731660674,53.325337161475886,62.65423622199886,61.831804499181146,57.4201922038145,54.41343011048694,52.62741306434837,57.94875455256498,59.4623714474904,48.33570485453217,75.22182559571715,55.52135441517795,31.170999528131386
422,2261.999218681911,1055.7312515607305,0.4949097215434384,0.05767370309731502,-0.1336543072302005,49,0.0,0.009405450074494174,1.263665727203532,-0.25408051708451096,2261.999218681911,1055.7312515607305,734.0742706140427,0.0,0.0,7.380237356193736,-41.99820109913586,57.01235842170696,62.197296390402876,46.82397657472391,61.60707000949086,42.35495466597713,61.037670273345896,66.0007011632239,65.98252706250366,56.53404138997844,58.60405685531912,63.100572216821014,64.62385403934626,28.195191551202782
423,2317.579662017549,1055.7680557382785,0.7692665642771688,-0.3511767381575781,-0.2547629980185439,49,0.0,0.01870067859516469,2.0277770908720045,-0.7675505305918344,2317.579662017549,1055.7680557382785,1028.6411210435829,0.0,0.0,7.349076844387193,-41.99808125175671,75.59543222392405,81.85419203446898,73.05612650192401,64.96423248065224,92.18042487677126,72.6645113961284,102.98375767987835,75.71138740031355,88.95905724448323,86.11515273916356,79.51903552668827,99.03299722703127,36.00481371215561
424,2612.0634955278715,1057.021114802224,0.7912566911065749,0.12464802530357268,-0.29801584617156035,49,0.0,0.04244181425083261,4.617677712234772,-1.661059045856104,2612.0634955278715,1057.021114802224,1371.6814577982589,0.0,0.0,7.183986569475759,-41.99686484075788,100.97624214038635,91.68544944188339,110.6348578103805,111.55938784944584,98.50222475127879,108.51213151480243,104.78673017649703,113.61474781438602,129.78922671590735,127.84248597516722,104.01525154100645,110.56688352904237,59.19583853807505
425,324.7225424783001,1059.5182088995386,0.6367136625436315,0.8492074548502838,-0.7424075359950736,49,0.0,0.0357913597447198,3.8731854134254147,-1.4701707190338316,324.7225424783001,1059.5182088995386,2620.689325042871,7.614337213055117,2036.8032988572456,8.466341200748051,-41.995000234196226,218.1669869073099,225.45282343927536,217.34696033000165,189.05244227344465,178.19538528019098,222.70459190577284,200.24103021300064,244.48513976477156,186.17996153039087,190.5236466830343,216.38029947575467,201.87773950374967,130.08231773617376
426,715.6622897007595,1058.6887296421212,0.8108583852386549,0.2408339463975341,-0.156286993618618,49,0.0,0.01983801761893142,2.069984411570371,-0.7899176873204821,715.6622897007595,1058.6887296421212,967.1836411876029,0.0,0.0,8.247187694899997,-41.99649781971717,77.80871379803395,70.96070714113308,81.05585654387609,63.84626930344627,72.15066613130827,78.07954505424627,71.00900836834133,86.43700462217959,83.27145019110628,87.76253435038146,75.80891504322085,78.27691001805195,40.716060622277354
427,1709.4307927315065,1059.031312712466,0.2932817699003287,-0.016924499742281995,-0.07356823151578398,49,0.0,0.014287592826275335,2.49238970165192,-0.9915398702938906,1709.4307927315065,1059.031312712466,1286.608951822948,0.0,0.0,7.690039462953389,-41.99740678891007,97.84872898239232,93.44231439979276,119.03331220357431,120.82602889057199,99.15261260408852,113.98870995666266,92.92673267359453,105.48572822080948,87.73692377851327,99.94072073516674,105.54761127054442,117.33559359428047,33.34393451295661
428,1303.1885218782363,1060.1176567683287,0.20047546415354625,0.3011862874885649,-0.25802152281245194,49,0.0,0.00820504794785193,1.468672184318042,-0.41731217424539413,1303.1885218782363,1060.1176567683287,874.058615853749,0.0,0.0,7.91779883964732,-41.99684977006557,73.04313697723225,71.16787983306527,67.62738250169579,72.76089039077144,62.13543784246186,65.18206029135068,73.49625149525909,65.96904863023028,66.73782151841587,64.72422786429996,79.09119319963818,86.99497357078045,25.1283117385479
429,1334.0878918669805,1061.0899806714679,0.5030927137356153,0.7069877056853168,-0.5220945289259469,49,0.0,0.013188532203373488,1.679261006653818,-0.5627955088677247,1334.0878918669805,1061.0899806714679,906.2836689403784,0.0,0.0,7.900474315273815,-41.99646840137346,61.209100004767606,78.41432510918835,71.8039555910795,59.362469951747094,79.46067561496044,72.83292722082035,76.59072134922687,77.82033026434155,71.62552455350857,73.53808214054185,62.09636694101161,82.9232400570786,38.60595014210604
430,1776.2708593815935,1061.1388629915957,0.4547893129122531,-0.12018295792773648,-0.3561705321699941,49,0.0,0.02344294272286981,3.428026676292028,-1.3376104821662238,1776.2708593815935,1061.1388629915957,1219.2190303340599,0.0,0.0,7.652566790067311,-41.99650270154981,89.14974678825993,87.0562876179619,84.39464246275561,84.49697623009305,102.87623651399642,108.54664108991437,109.41522525548663,91.99054909190511,96.74163216694284,115.79507078128043,104.58675090297062,89.18631401425415,54.982957418238804
431,1789.7933989352023,1061.1140942772977,0.7510226558489287,-0.12989222034582298,-0.11378692552413744,49,0.0,0.020128262640221144,2.2903242714848435,-0.8997424387607479,1789.7933989352023,1061.1140942772977,931.1964429607501,0.0,0.0,7.644985445500602,-41.99650628835356,76.07222957751813,79.02510681594748,57.386976971717026,63.43623718370138,80.2371097413633,73.9292841728395,66.48621366550634,64.86875474896901,92.69768090636634,86.24858331766129,84.9062145211221,64.61357020775134,41.28848113028698
432,1031.0931852727479,1062.7195543267246,0.3283770853915991,0.09015788456551131,-0.6742103135044725,49,0.0,0.008047710580625663,1.1069200838070252,-0.11029066824362688,1031.0931852727479,1062.7195543267246,811.2739260562989,0.0,0.0,8.070340647460576,-41.99544401771895,64.33022153700905,63.09474153894441,58.81154669692472,56.54578389329787,61.98581493184427,73.89552381769258,56.096586976828945,64.14086682209826,78.34304345862417,77.31325603544207,55.143946335989995,70.20847377504663,31.36412023655604
433,1964.877950761902,1061.8573348268817,0.4982711710344813,-0.025677655039629314,-0.07616891394250784,49,0.0,0.01939210467825181,2.7475356651141354,-1.0973583465165588,1964.877950761902,1061.8573348268817,1006.7358965164929,0.0,0.0,7.546826788770753,-41.99606439084928,82.21884625376894,78.32273517248754,78.16394194028265,81.61339476482571,106.84138048208015,83.61226046814411,70.21197566255303,72.67033800394506,81.6613583679656,78.48722495002194,72.0751880816792,86.34877507859434,34.50847729014452
434,2395.458490259247,1062.1961069365866,0.6071452827627359,0.1775445203591943,-0.23228357969176827,49,0.0,0.20690847584402497,29.798091647967485,-3.6854711288738953,2395.458490259247,1062.1961069365866,4381.1575648346825,0.0,0.0,7.305433963311737,-41.99524240140547,331.78352349839554,360.5034632762335,341.95157989592593,355.3735974302383,385.0486984686181,362.14660973059256,361.32877591189094,354.2540423892997,384.9156309401601,332.5665186124381,345.92632199620596,315.5462282315502,149.81257445313275
435,2251.7542174118385,1063.7792179805062,0.6475048801167006,0.25163184650243287,-0.06155642721091657,49,0.0,0.029509840646330353,3.5320109678002507,-1.3700551087585413,2251.7542174118385,1063.7792179805062,1178.7065099832828,0.0,0.0,7.386000290248352,-41.99486624429295,90.85781760950809,88.28581179712468,89.88677093051191,78.26071438727689,93.24781907016494,89.02144134040313,97.30941352230255,99.11657364111751,101.9186804304318,103.25592900350085,100.97878097403236,108.277976683928,38.28878059298009
436,2564.1520634350604,1063.601241473855,0.33148292635520393,0.08478774896444687,-0.3249199680392437,49,0.0,0.007683190286725902,1.0927815333152369,-0.09633336837142689,2564.1520634350604,1063.601241473855,802.8553182241895,0.0,0.0,7.210869284312496,-41.994252359383154,63.27617838665894,70.77026759512503,67.40146606394215,75.05147491064196,76.81435121177776,56.44417948291384,50.515102626880434,57.09051365373697,53.724776089217116,59.43955253232586,75.24014158414136,58.3387735652515,38.748540521576494
437,1914.3771619338156,1064.9959545941247,0.44059834455478386,0.286511888978046,-0.16891702542986126,49,0.0,0.008416814849660812,1.2035658816149717,-0.2011746699275691,1914.3771619338156,1064.9959545941247,841.9107467480922,0.0,0.0,7.575142986492134,-41.99480337674507,49.02132608000303,63.775570358935575,67.88235139199583,75.0674350594313,57.23994549323201,71.10744692175217,71.96704196951947,64.46896003713331,66.7650046059997,66.77429758842568,81.79573035829434,73.14800396517177,32.89763291819803
438,575.3749202129002,1067.68646179389,0.4592720006323575,0.42596063084232316,-0.19264791222616165,49,0.0,0.00803010890546694,1.0025494815251517,-0.002764541816596907,575.3749202129002,1067.68646179389,863.1799427932107,0.0,0.0,8.32579985575544,-41.9923835649169,67.28822205888245,72.68850042757848,68.62939113903649,59.515465525424986,65.61327597610551,67.83592980641279,58.7585584726568,68.19437282872289,71.47233632319399,79.68306857831251,80.48936030547767,71.17826823725318,31.833193114153
439,2927.9692123692225,1072.3014175203496,0.22354510767055777,0.4481167681126511,-0.36574067239602287,49,0.0,0.0076534152320724075,1.2448703611977896,-0.2378103176398128,2927.9692123692225,1072.3014175203496,874.7690914640971,0.0,318.9942916667087,7.006968129372226,-41.989490908559716,70.38480956175813,63.35082417296847,67.31200762159196,67.98294343142734,78.96979103864894,81.24463825174402,66.02034288293993,71.74888920092846,57.02743974926278,70.05162801315765,71.41112510871889,77.95213067735219,31.31252175359833
440,1910.3493684511948,1072.817768123676,0.6082019000634212,-0.3717333934327006,-0.07161611463453028,49,0.0,0.012657742443026013,1.4931059514714722,-0.4352265663768289,1910.3493684511948,1072.817768123676,834.9863601377829,0.0,0.0,7.577409929364105,-41.99154777778283,53.22846103360645,66.48879535677311,60.8004665795053,74.29505039586387,61.497192929819704,64.22719273906277,75.10628222765752,60.398461775610926,68.60288734842239,59.29692810860094,80.77328385051342,72.22226846155893,38.04908933078754
441,483.36013026356125,1073.787185633674,0.9821854083257235,0.43261588150320945,-0.3427243535745287,49,0.0,0.014903113161020784,1.2051513640446747,-0.20260399163616466,483.36013026356125,1073.787185633674,891.1054068403953,0.0,0.0,8.377354766197023,-41.9895729777059,63.545729794217074,73.54974141861237,60.87861506251992,66.46392787181665,60.29285238704445,77.77416653063925,72.51608274892024,71.7039746764484,72.15057246839211,81.99888250897882,83.5733680468554,80.05894957089903,26.59854375505158
442,1099.5068557676793,1075.3139260502232,0.36819334163613154,0.12948714148853432,0.06139490421303064,49,0.0,0.008104043290917882,1.2189066997678186,-0.2149261604226285,1099.5068557676793,1075.3139260502232,873.043809460072,0.0,0.0,8.031963219747219,-41.990296381926775,60.578429890034506,65.05400995595431,63.92262914690713,72.76826339259725,69.09664162569865,72.70296829516705,74.84648466615306,62.53554929519758,67.84138861734718,70.90576053250089,72.52966619592792,82.41952070962071,37.84249713696589
443,991.826008407198,1076.6293682014395,0.49665113454932097,0.051509359652545994,-0.37167006177475936,49,0.0,0.06694472142749998,9.145605145282795,-2.403031117768389,991.826008407198,1076.6293682014395,2509.6025631930656,0.0,0.0,8.092323719973356,-41.98958535749786,184.09902243472334,178.11721258077043,208.70831188312275,199.98824126733376,196.73660745549432,214.40195663261548,210.7382332689046,209.11176971411646,222.98643924332032,210.59273037544887,189.82215276151481,201.20590248388766,83.09398309181319
444,1793.5806895091864,1076.9820072624611,0.8906339605781215,0.005666670924959996,-0.6073200423731921,49,0.0,0.016095483585604104,1.3635975690834992,-0.3367155458271527,1793.5806895091864,1076.9820072624611,918.4616310378159,0.0,0.0,7.642873320615118,-41.98989279322526,70.0167687442279,81.27990234031242,61.80375726908564,70.43587666307913,73.27949059298153,62.95143187283659,81.2941159177756,69.47996199047608,67.75157764486127,99.75553868327282,79.27495721477379,70.61262483199336,30.525627272139857
445,1940.8963178331685,1081.3854600261334,0.6022680579424428,0.011136092164476573,-0.16013887849465855,49,0.0,0.02630393190717744,3.220089717998394,-1.2696699303954917,1940.8963178331685,1081.3854600261334,1248.0624973789259,0.0,0.0,7.560296051119311,-41.98795089004628,89.11439652620732,112.60526201168119,99.55679028805318,104.24757804266181,80.72724358187779,85.79470255353846,95.55169787923623,98.29156960997173,102.3430512900641,108.04953416284886,118.28004991338081,103.35907808450838,50.14154343489594
446,2007.212578406305,1081.2806508779859,0.3721512374607849,0.4549512318226106,0.048960464425195666,49,0.0,0.014383428645333932,2.354766990286805,-0.9298698478350708,2007.212578406305,1081.2806508779859,959.1164677208354,0.0,0.0,7.523121383107968,-41.987927002199804,64.56421516056442,63.899096628517896,78.53321814608034,84.66903630517243,77.05408922573616,68.32621591888213,72.91727770918679,91.88474686444685,85.92357048844184,61.03806197662652,80.30614881445632,90.89966726408804,39.10112321863576
447,416.7463383041049,1087.7936712325113,0.7203353218096259,0.42322009261364596,-0.4962479364377623,49,0.0,0.02617294487750701,2.8134458562962292,-1.123096404342553,416.7463383041049,1087.7936712325113,1468.0694406376501,0.0,0.0,8.414633111019443,-41.98352842521883,115.68785893760281,144.15235878052684,114.44101654998624,131.93316020438942,108.63640616143883,137.7735456498811,100.90673827535281,112.04571933517705,106.21623215689084,119.78253789565488,110.08319721254901,116.64957975759006,49.76108972061013
448,956.1658364120512,1089.2602537580667,0.667778284915934,0.24834977256164176,-0.145892188707052,49,0.0,0.013656698980334767,1.6783959318085304,-0.5622360454577631,956.1658364120512,1089.2602537580667,855.8259344518322,0.0,0.0,8.112283933723695,-41.98426173810108,68.45598837697335,67.7742414614115,59.20124512789968,63.406120802593776,59.58486562439704,73.92512749989098,65.67206416271279,74.14069095057522,76.9135825659408,70.8798563526565,63.777179386550706,77.9404750108247,34.15449712940518
449,1421.5512222168854,1090.143479134221,0.5120326223804841,0.3707350073392199,-0.03211978928358239,49,0.0,0.010026500882786699,1.1233879026330411,-0.1263243570041186,1421.5512222168854,1090.143479134221,847.964099567031,0.0,0.0,7.8514196116953405,-41.98441610183313,58.65084711945769,65.76860710076443,60.839549292840125,56.00265967390278,81.22384142061982,62.54759849074036,74.01999099669517,83.71221169505894,74.2288477726236,62.04346445918866,69.62916967576754,71.55170678229356,27.745605087078356
450,1431.6161536633815,1089.4785903464654,0.41161848189096467,0.2754772037389695,0.19140553721819184,49,0.0,0.008296320689963417,1.1696725484900832,-0.17016074349362834,1431.6161536633815,1089.4785903464654,811.9016094831218,0.0,0.0,7.845778245892567,-41.984697907716345,66.78152213711644,61.33729983571645,52.746779442543115,58.613744100977456,74.83167928443405,59.44498119176561,76.50285676424662,66.07781589256882,70.00992769177816,71.84773297778793,54.3051590864586,59.077412418115905,40.324698659612494
451,578.0410011569367,1094.886931582439,0.5861257273285221,0.4222946175752664,-0.24635232663360412,49,0.0,0.08790571722447406,12.523096014016467,-2.744279275776858,578.0410011569367,1094.886931582439,2503.649806229374,0.0,0.0,8.324203741367013,-41.981058206772055,173.43248389687886,207.17411962220416,196.47896016817896,200.55808330798527,192.7213504646095,219.75086639960963,188.0873710702507,201.06285035599456,220.41456337890696,199.32800542557345,192.1197705734753,232.87036426211756,79.65101730358896
452,1223.0827526007445,1095.1979502204586,0.9759398888726863,0.17040443942928588,0.33946302837961073,49,0.0,0.0123058939031668,1.089204567238477,-0.09277363437434688,1223.0827526007445,1095.1979502204586,680.0635848811543,0.0,0.0,7.962661214879653,-41.982159569746464,59.88733375401731,49.167940996267504,55.22188454017407,56.324762580333854,54.288803651258625,43.17395493391391,67.41364803343318,45.44677543794277,66.10782661027697,49.76798709507775,57.23821531427846,62.27529321804839,13.749158716131522
453,2394.6072003988347,1094.8422665053668,0.7749756335662455,-0.12983509164673712,-0.006685052600655489,49,0.0,0.016090708892302633,1.6518013615259965,-0.5448945493797509,2394.6072003988347,1094.8422665053668,1580.6773612604366,0.0,0.0,7.306005918967383,-41.98164228493766,128.58280500283658,120.26156945998238,136.22968138641164,137.3683703203898,133.21068909426376,108.5839678660339,130.795324176071,117.22289585314564,139.91813692156683,111.0478190369937,138.12804779943386,130.32599237497686,49.00206196833065
454,513.5435207826127,1098.490208742802,0.4358862857515064,0.21034800413044388,-0.570568153366277,49,0.0,0.014628029337980143,1.9413703010776218,-0.7202709538445964,513.5435207826127,1098.490208742802,1265.5904319764256,0.0,0.0,8.360337858729311,-41.97937148799311,112.91642206499591,83.53030662970218,97.24783507235773,93.58975501977201,108.25580438619733,89.367196777531,108.5047845844048,95.93165680554745,110.85984691927382,107.6483429786347,121.15668416707891,94.60161147025386,41.980185100675996
455,2402.184161797272,1100.6475941501647,0.5539974369658226,0.15944198788562655,-0.1187355601214055,49,0.0,0.13990772562216375,21.168016325520405,-3.3142004044669227,2402.184161797272,1100.6475941501647,3334.242235478925,0.0,0.0,7.3017761204509615,-41.97920702199024,259.50238420066773,250.08901063449468,261.18120061610136,305.66301103177375,274.4133286337486,261.75201433672754,272.31577687190617,261.1318978706669,284.62187148817753,259.06430058399303,267.9752948559599,271.7888320973201,104.74331225738763
456,2628.6289418683805,1100.9001163017124,0.2917372664570931,0.2553158480788195,-0.543357681084215,49,0.0,0.01873268313138334,2.879919122592529,-1.1484507288555625,2628.6289418683805,1100.9001163017124,1320.6228405040765,0.0,0.0,7.174864715962399,-41.97853702391821,99.00711895835849,116.949596832532,124.11692868937614,104.63891225913707,102.4279340616493,121.76734775593182,90.76653567495605,114.02293023012261,87.16834068101996,98.613454418067,112.3692776289311,98.41216401440052,50.36229929959439
457,1990.5774037920844,1103.1500515757557,0.6826051736996428,-0.14245013792816755,-0.2451623142446619,49,0.0,0.010148315388046836,1.1118766843687793,-0.11514155834012377,1990.5774037920844,1103.1500515757557,729.721911630611,0.0,0.0,7.532477616868743,-41.97883301593182,58.09147323992083,55.01525414785152,62.04721802395587,38.81974546979809,55.626203057596044,63.602283237709585,67.64901595657335,63.78851387772457,55.73617328866271,69.71314062816934,53.039450051296086,68.14016395174276,18.453276699610235
458,1047.939046580866,1105.167868229327,0.7136154543365585,0.13126188695201346,0.099702374697056,49,0.0,0.016285304572450865,1.9972319945265227,-0.7510712864766868,1047.939046580866,1105.167868229327,872.0245735792032,0.0,0.0,8.060810781184461,-41.97778350567164,72.15210496695025,66.54564259585409,70.83313821023893,70.5216669452249,76.82676576335152,72.92521980683236,59.87859458835527,57.35232237120205,66.95590391516755,72.47525363666722,74.02724115210574,69.05813072362302,42.472588903630275
459,2083.762146746783,1105.4111389514264,0.6546164590715395,0.03703284757857154,-0.12973493667648575,49,0.0,0.5801882007702777,80.7401246493981,-4.767723538884153,2083.762146746783,1105.4111389514264,10208.675288524953,0.0,0.0,7.48025325603664,-41.97777998700064,774.8268618965798,784.2218578382985,751.7348927353501,820.834109639176,808.7261443486308,806.3713722405639,815.0922093408053,869.0823199662633,820.7983890006777,836.7668604707941,892.6613242142373,833.0568523907357,394.50209444284314
460,1955.6972362245674,1108.8799997086294,0.49082126566318424,0.07198419227482271,-0.15181941131265386,49,0.0,0.023084684938826743,3.338754489841545,-1.3089612126350456,1955.6972362245674,1108.8799997086294,1243.9404296239136,0.0,0.0,7.552034847418433,-41.9764810172476,79.67693078106495,97.24018161563268,107.28315777895051,116.25871885006556,103.19613334903167,102.4945843058614,90.06604896179212,100.1744702120127,109.79884230188108,87.33279352129995,104.89066814920099,97.00988512972769,48.51801466739222
461,742.7174180261801,1111.747458826719,0.5452117085856761,-0.2878698848709022,-0.2585473020965543,49,0.0,0.011279603454976622,1.3132691653151332,-0.2958843685952934,742.7174180261801,1111.747458826719,1036.8272362268906,0.0,0.0,8.231853951957229,-41.97445540609629,66.32980785866738,76.66531752846912,89.02473450890716,76.40785655297009,87.03364233923544,84.2160438916933,78.8406284509897,74.4388148447203,84.08946185634453,94.25228156699478,92.02990702689996,84.27104857642247,49.22769122457625
462,2579.5551641799266,1113.167331578219,0.704891923259615,-0.13140934785550157,-0.5254597479353977,49,0.0,0.009309052668104513,1.0511833763150924,-0.05419621056278445,2579.5551641799266,1113.167331578219,728.7670155128054,0.0,0.0,7.202411792628286,-41.97356024278884,53.27847528982482,61.23257225704417,55.104174016092315,59.42444547426668,59.731513692606235,56.66485808155292,51.45389622274875,53.48138132579369,66.33347183600648,59.55674522616064,65.26071546097108,55.99183828773899,31.252928341998608
463,816.6741878442821,1116.1666366374418,0.3039837198518566,-0.8862776650167903,-0.766272707360261,49,0.0,0.01517527144338827,2.09619401254007,-0.8035786903834568,816.6741878442821,1116.1666366374418,1157.895871507314,0.0,0.0,8.190394116256199,-41.972779621911926,80.29822704068442,85.52499540138099,72.06362785452825,101.53359386329963,100.86190849575547,96.99448870835398,100.3267269463258,92.54858671686483,97.71284430930216,114.50703140355672,88.98852916207849,90.03310500913454,36.50220659604896
464,1385.9674182731444,1116.6987875091222,0.41683411864102127,-0.056919433605145266,0.04213198562849194,49,0.0,0.023377258854511848,3.980691994636816,-1.499896438556755,1385.9674182731444,1116.6987875091222,1147.7524702836852,0.0,0.0,7.8713448593436555,-41.97333246941787,74.96817804992179,119.42260287668653,87.15597549799435,87.69240714872276,99.15671607991011,76.61075216909802,88.09893029484485,108.65631513935676,95.30253529229469,95.9711416680858,75.83286255424719,99.86519491411599,39.018858598406496
465,2636.6706635088885,1117.3097182468705,0.9700381270092933,-0.46652440851092636,-0.453935728960267,49,0.0,0.013590364050156721,1.1897522816946569,-0.1886413658926815,2636.6706635088885,1117.3097182468705,905.5776681414102,0.0,0.0,7.170419882225435,-41.97167750005807,78.31063119664148,66.42473039982737,55.9144792494026,79.78704818460224,80.07689027485993,73.40380990159372,67.62560534605906,63.263409389389516,88.59121476569545,66.56001494093067,78.25576848645616,61.95322442037639,45.41084158557558
466,1089.6709402168678,1120.5207310118735,0.5526781935241986,0.3078436794690585,0.14070018642326226,49,0.0,0.01957886872111777,1.834202980749081,-0.6586184871972757,1089.6709402168678,1120.5207310118735,1482.552461278597,0.0,0.0,8.037392685181093,-41.971447128024785,122.46899099944547,129.46833224047916,112.10688136668745,108.80128644063142,136.51924990402318,101.42172504153976,118.02767956456208,120.39937950779782,108.72253557932981,118.83176811239423,134.78735317262675,106.91567677752968,64.08160257155023
467,2567.481228602132,1120.301389651431,0.6122586102913543,0.34645895513215036,0.3951501511109374,49,0.0,0.013857037450176876,1.340370561209576,-0.3180622019579304,2567.481228602132,1120.301389651431,1005.8533785290317,0.0,0.0,7.209203273478636,-41.97061990867116,71.9438680001823,81.56178305787604,79.42437401505131,79.0716684308244,83.38312138815388,84.61510080253404,79.70524166991675,56.69935734571753,70.59719072708965,97.02600037133101,95.32593456846186,86.61960614681749,39.88013200507536
468,2769.0016109640947,1121.38044987426,0.4975697605684574,0.1615946960343638,-0.4062870133657934,49,0.0,0.010220802167818328,1.1046054022137501,-0.10801790716366118,2769.0016109640947,1121.38044987426,911.3094516999672,0.0,0.0,7.096282280290534,-41.969583935823096,71.27434209412348,67.44833370168934,74.94965307971621,84.7879485923939,71.34060181717665,67.03302195426699,73.12075489603762,81.71487366094814,73.317519667541,70.15663598017898,67.87101081306406,62.548040711981564,45.746714730849234
469,1874.0459257128578,1123.1099655317337,0.5270443536439702,0.5949787973419449,0.030006631701296044,49,0.0,0.02123606808750845,2.672022098463025,-1.0671001139257463,1874.0459257128578,1123.1099655317337,1137.5251617745084,0.0,0.0,7.597811829902338,-41.97062193297289,81.36911502786329,82.81906503629037,103.01585661361071,114.00283094703147,89.42371708123599,86.66797855089223,85.17026049802185,83.93634341102717,100.11713673092561,99.0552628523625,92.86998064558654,82.70569455279536,36.37191982686524
470,2001.9535809217632,1123.6714559951033,0.723188881262311,-0.2559681157814859,-0.39233102134988485,49,0.0,0.011115783549139996,1.1118541449987684,-0.11511954865286228,2001.9535809217632,1123.6714559951033,792.1469727387258,0.0,0.0,7.526131542310733,-41.97027032951431,66.55731427408418,72.24613601128483,59.926356160981,58.98012905518229,69.78389621811056,61.72081205566343,67.09639985378584,63.57522644554037,66.58909600077891,57.5266893344094,63.75577575449159,57.784477279932005,26.60466429448146
471,2975.4204335230743,1123.7761349313757,0.5137858367800489,0.1616332501500695,-0.3816781153607625,49,0.0,0.10539096309310549,14.564545817561935,-2.908242365216954,2975.4204335230743,1123.7761349313757,3562.529384089528,174.08747336179704,2799.3431083490186,6.980629874296378,-41.96787048621865,274.46125845228227,285.5637185525494,276.4796013092139,281.83458748049145,272.59716632767703,279.3558829381741,311.62717394828456,284.9237025002006,288.9675748817908,287.0415058325706,284.05336512745004,282.6053874176,153.01845932124266
472,1806.1323138508988,1127.909121026576,0.6127907577299582,-0.15205145939269027,0.02240437216964683,49,0.0,0.015288527670567235,1.9144172424592736,-0.7050914928882885,1806.1323138508988,1127.909121026576,872.1075114482783,0.0,0.0,7.635875312579758,-41.96866665952669,63.358273002110636,75.89184141886967,64.78255631176094,69.28127913431425,67.5258609998033,75.19824817155882,71.4103076336655,77.3912054568335,67.83429576135183,65.71707993421406,82.70840726767614,65.43919165878904,25.56896469733065
473,2904.186002631941,1127.930166614015,0.3581063041473221,0.10783480734292686,-0.20674291607432835,49,0.0,0.009387628677532565,1.2672359784075982,-0.2571437364541306,2904.186002631941,1127.930166614015,916.3615548758144,0.0,0.0,7.0205637616823084,-41.966399772739344,74.89552834185922,59.08912913613119,76.93530660000835,57.12792709719298,61.03482461608969,69.13551747895838,67.02927445085216,86.22097279666733,77.09130513991919,70.56869922148614,97.42100532021743,80.77010700978263,39.04195766664978
474,1400.3725075789584,1128.7954720790933,0.4088471959520458,0.15693787063781944,-0.04139017168563498,49,0.0,0.016756823755216962,2.5395482745071902,-1.0118911819672824,1400.3725075789584,1128.7954720790933,1060.635209201584,0.0,0.0,7.863262827063312,-41.96830039527029,78.8534429738011,86.70126729686686,81.35786570143861,89.5870495836358,72.00210490096279,87.04027044347659,95.26622456933819,84.98582252555687,68.36774624079882,90.12613342542383,78.2730862063323,102.7899010450762,45.28429428887598
475,2418.137407152516,1129.0384459925663,0.5112769752264679,0.29217311781647226,-0.25972156040659067,49,0.0,0.012925778543501838,1.5006472492043288,-0.4406965411871125,2418.137407152516,1129.0384459925663,947.1160885867608,0.0,0.0,7.29291963854267,-41.96734281170099,60.573600417219986,74.0788618109026,69.20238232003169,85.5768906385835,82.24901097534183,74.08441070272795,64.81771902692996,84.87231370371268,64.75794386343773,76.63609267338792,83.9749791687224,80.36186531923369,45.93001796652892
476,2534.7740191408584,1129.9677555962437,0.7099516742302373,0.07360754384060213,-0.45528182509175896,49,0.0,0.018175455050252153,2.120590008487775,-0.8161417770635504,2534.7740191408584,1129.9677555962437,924.7031513225944,0.0,0.0,7.2275647453401595,-41.96667720887967,51.04802574431695,72.08651147355859,65.38093005627027,74.95804366404941,74.35329079133375,68.87737366437885,71.46450292545433,72.82441242671794,89.25211561804076,104.31220169403875,71.86049784627899,81.18165742226395,27.103587995891917
477,423.1499939401111,1132.3552634613975,0.5465237655690743,0.6017500786058935,-0.5992234143963522,49,0.0,1.9719100136106702,270.7190655797672,-6.081297105851417,423.1499939401111,1132.3552634613975,59771.61346737243,0.0,0.0,8.410852444565311,-41.96498317013173,4639.213202646968,4853.907978233835,4734.335523932898,4915.793712104272,4793.702118942358,4811.308122385881,4730.386236628903,4841.186583377618,4869.609779915863,4818.716405553474,4802.9174580103545,4774.2466380859005,2186.2897075540923
478,1512.1892879998056,1131.9982742375025,0.6045791396456877,0.16834168932015225,-0.1376098181417947,49,0.0,0.12161035858831531,17.746197444540027,-3.122763272946767,1512.1892879998056,1131.9982742375025,2605.7744235854957,0.0,0.0,7.800599980037968,-41.967009857899,177.1908919899272,203.56561444122804,227.79225034485313,188.49694932707592,175.64668578976728,198.06734582723493,221.53385879803687,225.17769576075648,226.43434236739776,240.16025893558242,219.60784872968898,203.27885184877806,98.82182942516857
479,2295.207940532063,1134.4896778110556,0.6582700457477094,0.24797635113972652,0.14066775601263093,49,0.0,0.009450539171017052,1.0733684724285588,-0.07687208700258602,2295.207940532063,1134.4896778110556,712.6964354078078,0.0,0.0,7.361819056488519,-41.96532485534982,61.54840103828881,59.539721895503654,43.06524838860391,57.819182075680075,56.62933939380474,63.69283790752097,45.81738457750967,58.65503727472689,67.4023399297439,61.4902111596329,55.26904059701418,57.87476819511536,23.89292297466276
480,627.0669072809534,1135.2245521785326,0.5861421619303167,-0.08212829111183273,-0.16719184406440754,49,0.0,0.00863575289371823,1.0520926146511556,-0.055134930013729974,627.0669072809534,1135.2245521785326,765.3537366788014,0.0,0.0,8.296582863557518,-41.9643852190912,51.35236225954276,55.00719004149354,54.5024187123539,63.73703699488722,68.35332416995581,65.89014415798701,51.19648862554271,62.85478597115977,58.48402848709381,58.49981851572671,78.5259393487712,65.62990187804559,31.32029751624125
481,2543.046094601551,1135.1149973707898,0.42447997574055524,-0.2832001912884306,-0.590201927734992,49,0.0,0.00864969096871671,1.1371525678319383,-0.1395468409683095,2543.046094601551,1135.1149973707898,881.2924345789486,0.0,0.0,7.222947225546404,-41.964511487750435,50.76140125353291,69.86140075669148,77.5008763458569,72.85202098777955,70.06341217847586,64.84890126885023,59.07676125306797,71.44317342576278,81.65265234673495,79.71822042320316,76.18806763446347,83.30544579325527,24.02010091127405
482,2232.971726115909,1139.5916784995386,0.4918550717465088,0.16597796073982254,-0.2619956878309415,49,0.0,0.032505331511524134,5.019292976797454,-1.7516063656212273,2232.971726115909,1139.5916784995386,1268.933186463048,0.0,0.0,7.396705148383514,-41.96331162263814,81.20950305871075,101.42226415847738,99.21517821240326,103.02224243706851,105.83728936947932,95.21553037865318,86.88268589617248,108.65772621472024,108.35168874052584,114.13070593467248,103.68309572889962,110.09057396276086,51.21470237050431
483,2637.015745516398,1138.7554111150175,0.4740335737599198,-0.05627478632735325,-0.12158254292516578,49,0.0,0.022096358614673118,3.1684161267209032,-1.2521055377785908,2637.015745516398,1138.7554111150175,1106.5953423432077,0.0,0.0,7.170307661789231,-41.96274138312635,66.26264584303757,76.58934939146565,88.64591353227513,111.57616009966176,84.88269776791358,85.51568589882739,91.45668562580312,82.15278038266726,97.07196445337362,93.31234606702837,92.13049357839277,82.70047401254834,54.29814569021316
484,2698.979988547871,1139.4690765724115,0.4212722906105254,0.07103585292464529,0.03913865545357182,49,0.0,0.011110790411386889,1.5140056118132332,-0.45031871230743314,2698.979988547871,1139.4690765724115,916.9453562161627,0.0,0.0,7.135591899387603,-41.962263824190366,63.463936243271654,85.58469553765615,79.73924513304698,56.38824752869214,82.16196502459665,70.57020419637394,76.35059561597296,73.3697943669087,70.1884473358443,67.94597421472176,70.95349594995966,87.00578944122827,33.22296562788961
485,491.3605918513386,1140.8185172596218,0.40516196629065987,0.05647125945072033,-0.6125552171905094,49,0.0,0.00975788297818134,1.1543703124671465,-0.15586287313830036,491.3605918513386,1140.8185172596218,1077.594614748145,0.0,0.0,8.372598733455847,-41.96166954032992,84.16168086935178,84.87920194753707,89.98264458041277,87.9577495868099,77.93442915117936,104.92877816422757,78.86488920837647,86.01658856979773,71.92261680572238,89.24875525477134,83.70298449431876,100.86554415914603,37.128751956493964
486,2045.294255025229,1141.4575264117047,0.7121642535011741,-0.4287207211903045,-0.18990197138515685,49,0.0,0.009491687332009025,1.023036347083867,-0.024727659689827722,2045.294255025229,1141.4575264117047,711.577096894491,0.0,0.0,7.501871987587668,-41.962809642971365,49.34647441286582,58.75236897019609,51.48375922127082,55.83974931687074,46.604317869910716,59.61818110069254,58.2694455473011,55.89855975888834,46.982893488466466,59.05413257754469,68.21397227745359,74.73624471171388,26.776997641316264
487,2806.1246478879752,1141.451377665943,0.7761851535242821,0.2171808211949533,0.33777947760395494,49,0.0,0.015380474776711001,1.3408148127851331,-0.3184219980605763,2806.1246478879752,1141.451377665943,1016.5402390411036,0.0,0.0,7.075568729223577,-41.96110163579054,71.61147941420214,62.782936588022366,65.8978452704794,81.88550192795793,76.99224990053631,75.69405307135212,87.36380766368217,79.05033599438242,89.77332108896331,101.40056061686323,95.13462607069897,86.72990560365817,42.22361583030522
488,601.5018909535469,1141.908224005769,0.7564964199834208,0.02745807987689178,-0.3864389188818939,49,0.0,0.04678804852228773,5.201065111701457,-1.7902307267633861,601.5018909535469,1141.908224005769,1446.9243249281903,0.0,0.0,8.310883150443617,-41.96153182244903,88.58999416191057,111.29914650194482,104.45232788644823,116.5422874233107,128.11747941170512,144.57198220664813,86.16309070790417,122.04017537243692,133.35496991792473,122.06165094809333,116.24244081895333,109.79460762967464,63.69417194123574
489,1919.7358186561498,1141.6481600082311,0.30464707691785525,0.3989614263049226,0.2481627043565473,49,0.0,0.006787781089900299,1.1453401078042877,-0.14733617304294527,1919.7358186561498,1141.6481600082311,732.6423908677008,0.0,0.0,7.572228161592691,-41.962860904206785,71.80446365985088,52.78832351931012,65.4922281936335,63.58403285889232,42.82451518066062,63.85238952398561,60.900880657921064,51.419949158853356,49.8067033639027,63.26443214783242,59.337844099994655,49.25738820890449,38.30924029395908
490,1342.755956374792,1142.911867405133,0.6486682583390688,-0.1804268632720589,-0.05744345522282601,49,0.0,0.020892196044125205,2.0511178240040233,-0.7799765215267741,1342.755956374792,1142.911867405133,1188.9554716794137,0.0,0.0,7.895537603798818,-41.96238270260963,80.02056262314025,88.57070199750774,85.32270786562529,88.87021234789353,107.97743666927305,90.00248732395431,96.92277644247676,78.2882656852777,94.22874258690437,111.11896282662832,105.91815230350372,108.53643262236352,53.17803038486499
491,1108.122116321323,1143.9339940029872,0.5265174452267098,-0.16425461087139648,-0.1444710911442461,49,0.0,0.022058969861080156,2.838889914270014,-1.1328713797365946,1108.122116321323,1143.9339940029872,1193.5072227959408,0.0,0.0,8.027010276453979,-41.96171705264343,87.53789241831447,87.36231319387429,100.27533976924846,94.63789394521467,105.04622940447547,93.85823929581798,98.56904846311937,90.24989996125662,101.37961958945904,103.70898012950121,97.08492878983954,87.99934223168069,45.797495604138945
492,654.5171063290043,1144.4882756919071,0.4307240697746622,0.3574307299472415,-0.18546559178038166,49,0.0,0.010241106645852873,1.3056564306264147,-0.2895722801866237,654.5171063290043,1144.4882756919071,916.5759424081449,0.0,0.0,8.281169824801148,-41.96059732306422,55.278219036813944,72.17293577861801,79.32279956678033,79.37185609734294,64.96904446790002,87.81513297636184,79.64771128243706,44.453189748458286,55.84991831512802,84.16087320356725,94.14499481138193,77.60901976210172,41.780247361253515
493,946.7224041535503,1144.6154640580748,0.590732104515305,0.2683063926899643,-0.15890306870750706,49,0.0,0.25663835365821425,37.55683485053791,-3.9367224610573666,946.7224041535503,1144.6154640580748,5318.651101395919,0.0,0.0,8.117445010888849,-41.96118110984984,384.6001906579073,430.8491962471827,425.3528678195164,405.6991650370285,476.39254614423714,438.4895080151663,427.4600348016819,415.3594579100314,437.62574219616585,415.7100667276925,428.3420122629565,432.3016001363287,200.46871344002454
494,1382.1710994736925,1145.5295790145756,0.5471095186456152,0.22140347496085722,-0.09607752128995925,49,0.0,0.13005411271500444,19.894862656587513,-3.2468523633941233,1382.1710994736925,1145.5295790145756,3202.4279355127014,0.0,0.0,7.873449485529838,-41.96131756738158,237.97820882866628,261.5919983951759,286.752958769605,254.77456801084548,251.77194444779548,241.99424213278513,277.6077572721192,268.67764843520854,249.7430537059782,231.2299988812024,257.6223898605576,262.28551893578674,120.39764783697551
495,1578.511630684955,1145.1379043699417,0.35881853707579536,-0.8358788014559434,-0.22258076993407655,49,0.0,0.008534756640680959,1.1508669939198506,-0.15256283743149288,1578.511630684955,1145.1379043699417,874.3715360589538,0.0,0.0,7.763432777988854,-41.96154504141879,61.68784684528988,54.9350330719531,61.61196030269727,73.03599283458024,71.55566456343331,80.64403935103167,72.34960196639153,66.28698674427213,63.29171022985514,66.04193653180323,94.90106539827894,74.89351489854602,33.13618332082132
496,2836.8559665406856,1145.0385563861341,0.5801372447659355,0.18632059208084975,-0.19062038457862043,49,0.0,0.009450848658868985,1.1256855843589104,-0.12854276126623623,2836.8559665406856,1145.0385563861341,777.3979867192645,0.0,0.0,7.058367011055858,-41.959504879399326,60.67644022686628,61.641036309079134,68.53327728116221,84.30948776736369,58.83375521839049,66.70695446094226,52.96508247513515,68.74764008768653,51.93264880753978,50.58125257780179,55.173992949522116,65.25724184316154,32.039176714613596
497,1947.217213522148,1146.349004429284,0.5803534585210017,0.4359600871798242,0.05005436556841233,49,0.0,0.011119714451397821,1.4440562757435043,-0.3989602957028825,1947.217213522148,1146.349004429284,808.3766451190191,0.0,0.0,7.556835034722546,-41.96087731904579,61.09288690142622,59.902742367047324,64.19908669742786,52.62695380621176,56.454792919239,77.83503332696478,66.5432861673719,58.32435640373738,74.6645869757418,70.92766258494001,83.97972144718545,51.71710617905717,30.108429342668437
498,449.31053523642197,1146.7633130098832,0.3937538894295453,0.28686502328212454,-0.4512005674743733,49,0.0,0.014000739297559003,2.092969162139238,-0.8019070736997663,449.31053523642197,1146.7633130098832,1182.1254417086345,0.0,0.0,8.396133813244269,-41.95906325232821,92.46789541497213,90.88866544818445,92.27733051076329,99.25962362363735,99.75350553667208,80.75205085007494,85.91841584396006,104.40424040446953,94.97354699002801,105.02628689754619,82.41219799337063,115.4480427437289,38.54363945122681
499,973.9341455300663,1151.0658820359265,0.518678614927084,0.029550101584558557,-0.32227432191634986,49,0.0,0.01317190019773618,1.7849340387344335,-0.6290554290715688,973.9341455300663,1151.0658820359265,861.8618178284564,0.0,0.0,8.10218301078902,-41.95854097639752,65.37584849778884,65.22409653002079,74.31820853725301,78.20283451600756,65.3214680035916,56.205482579742565,71.27522158441707,59.559113182559344,65.71018265891509,70.42978230680586,75.79123896887165,79.66344038139817,34.78490008108487
500,1466.1979349563778,1150.8251438240204,0.7357595034376841,0.3869375567754163,0.2719715014897363,49,0.0,0.015221864565058314,1.551272934346769,-0.47672053813903686,1466.1979349563778,1150.8251438240204,956.3587636127796,0.0,0.0,7.82636366117974,-41.95915147290232,78.668348952395,74.1197832086047,78.28787914690614,71.00695694670581,73.21242164962837,84.9678865185967,76.7563950076244,73.89591073076647,66.37228956489567,68.53207189881127,81.52225589819128,89.61917881756662,39.397385272087135
501,1604.6249564824398,1150.8935201368308,0.4373900145397456,-0.07920347575114904,-0.276668004853572,49,0.0,0.03072580397071851,5.25101968257701,-1.8006091154274906,1604.6249564824398,1150.8935201368308,1274.3844102361481,0.0,0.0,7.748800556830032,-41.95914752962574,84.94224296305656,108.47066601585107,105.24880076923765,87.41329086949472,105.18456907609988,112.21387374886137,101.27192121724062,112.03496257276358,99.9326378619225,103.99037661883173,98.82610416225482,105.62540755203537,49.229556808498415
502,918.6286079423818,1151.6078643953529,0.7315745640547784,0.07277899635994119,0.05768144300635228,49,0.0,0.015251417215562972,1.6104133059504702,-0.5173433755736272,918.6286079423818,1151.6078643953529,840.9066283410634,0.0,0.0,8.133169031030697,-41.95821658968255,61.64923018577272,58.396749011996945,53.77627756461916,56.38683074298158,85.60350150225133,65.67924797706345,74.39815594206436,85.39631371844595,56.19733534671403,70.88117974979497,75.96745921814677,68.20347185992318,28.370875521288937
503,1870.1799983012327,1153.868402630606,0.5754568949197632,0.3222754883227461,0.5658880222737337,49,0.0,0.0120644825903708,1.5175856525692737,-0.45288303007406383,1870.1799983012327,1153.868402630606,855.7546199843443,0.0,0.0,7.600008638088106,-41.957808968484535,69.56015988803922,73.03279864733199,79.8883928593101,64.4165256611455,55.543042773748084,80.91230185991019,53.78775666189016,62.3690610902142,71.76088358752607,68.92736509128778,77.04442941014459,68.43034498513735,30.08155746865914
504,2371.4028562227654,1153.3512339257672,0.2692148827981174,-0.06310332351137472,0.05924273818096218,49,0.0,0.006839364344267493,1.1789890869970638,-0.17877446295211877,2371.4028562227654,1153.3512339257672,776.8451526754704,0.0,0.0,7.319176405413502,-41.95731403713269,58.921552852226625,54.31631063322742,64.14745332709452,49.79219888118145,62.552333854475705,71.93175777840206,71.21638217224267,60.799974606757175,74.29367794477217,54.917411502107086,68.67834302995044,64.10523704894348,21.17251904408954
505,597.799694562053,1157.0818521414558,0.553961401897252,0.22526520890785817,-0.4095276139622777,49,0.0,0.042765002461567045,6.284922581625116,-1.9957498309180712,597.799694562053,1157.0818521414558,1440.9217474772558,0.0,0.0,8.31290194590327,-41.95519975336106,103.57740394482533,114.5493377574085,120.75620272833312,113.41035993946537,113.44866447016341,103.82494468490425,139.25264059077975,119.40049196700365,100.45785483948805,127.11815051884491,108.65290317722064,126.16119688803141,50.31159597078725
506,818.6388662307944,1157.1655026474737,0.7031722582264835,-0.01739637572969596,-0.3894913562200921,49,0.0,0.014455743457848823,1.5961183828465801,-0.5076627487246573,818.6388662307944,1157.1655026474737,862.2669702375845,0.0,0.0,8.189176060894608,-41.955701645342664,68.33795327006206,56.475911290936914,78.75401201437569,64.98332005301468,72.02099987142611,66.01124943672575,69.57230519910692,75.4989930851716,66.33390425818254,70.05107718192417,65.38808848386824,80.50492550581593,28.334230586973938
507,2128.3587815530977,1156.9728110249375,0.7053621694547555,-0.05608535167998077,-0.2498348354551542,49,0.0,0.0310227717879991,3.600408092194281,-1.3908793228511462,2128.3587815530977,1156.9728110249375,1198.1620645880703,0.0,0.0,7.455357550443955,-41.95623502937198,79.73902696892944,94.77710630247576,97.42276813008147,92.06807538588785,81.60881974797326,98.06138439079096,92.90815003019182,115.36357347224131,88.17670042619598,110.13366868305054,96.5380513228693,110.3471585727504,41.017581154632055
508,1890.0563078443734,1158.528170534956,0.6235552852054622,0.07602109869606447,-0.05691127010738849,49,0.0,0.09358129047630416,13.314213813676325,-2.8107888175752898,1890.0563078443734,1158.528170534956,2059.7881810044855,0.0,0.0,7.588876813480957,-41.9558522859287,168.56163572492852,173.73057408476436,161.81621952116564,170.33509309900853,165.71108632359758,153.23300979484046,144.74500524541506,163.3724806167533,167.0332717051233,196.15280991337937,158.5765572739245,158.65750079537509,77.86293690620994
509,2793.4598856930156,1162.9533985295693,0.6313513889615815,0.24452657304820072,-0.28835548995709404,49,0.0,0.3068453420770924,40.81919076190832,-4.02716097650614,2793.4598856930156,1162.9533985295693,7251.673980079195,0.0,0.0,7.082758099985594,-41.95218454267783,574.2899746049028,612.5085599669932,564.1742727525534,559.1841385201153,579.5836874070965,599.410014458849,540.9529545212213,610.4667624788842,577.5303856706737,551.2247440610065,601.9118779078348,602.6664580009069,277.7701497281576
510,526.8847025946378,1164.7814138539536,0.7933107975751852,0.29467934884658875,-0.28709775083715755,49,0.0,0.027312726376248583,2.6757947869312013,-1.0686320082394358,526.8847025946378,1164.7814138539536,1290.8351180202,0.0,0.0,8.352601007427735,-41.951791281371335,81.71682523330954,102.14612808431397,95.59583298572706,112.57915317352615,114.3830918895674,98.06406011560325,102.11365107966625,108.97511759477199,118.26636459771625,103.40703616242206,94.77923552164603,114.33743290743371,44.47118867449647
511,844.4171570911652,1165.30254796369,0.2929067425363028,-0.130801594970175,-0.15384838898515343,49,0.0,0.020041276759116423,3.0905023403643295,-1.2250726920222712,844.4171570911652,1165.30254796369,1389.8285412401838,0.0,0.0,8.17471098106424,-41.95236533305684,104.81019594303676,110.75990340688412,106.34865816796628,110.63547855946867,112.55429291068748,105.12512846682124,108.88854168687087,114.64593320191901,120.67043101772364,94.84370688451823,126.15683488663741,126.60242902923773,47.78700707841246
512,2808.783376985086,1164.6766615548042,0.5296317171235658,0.3500159255870353,-0.22866617031145606,49,0.0,0.3179716375414093,46.087507730717064,-4.158958058656804,2808.783376985086,1164.6766615548042,8539.573738906578,0.0,0.0,7.074181532200928,-41.95141646765179,615.4353517023718,681.6032943869278,633.3580670992442,686.8143963500715,641.7163968178493,710.3974611095495,767.1250690050051,738.0721114499727,657.0563905153981,687.8068467039466,691.6580825194136,722.6345759756155,305.8956952712124
513,2302.0949042067027,1167.9012277749343,0.5045783804289754,0.6147983419497239,0.11148304649744105,49,0.0,0.008596574015456061,1.170294905706594,-0.17073828637951718,2302.0949042067027,1167.9012277749343,823.0988791888158,0.0,0.0,7.358045499792004,-41.951390749877135,55.42709742993874,71.98609441794196,69.08389902105357,64.50979129108032,44.31357308876903,66.49497587480462,63.43207126482379,70.28735240631684,59.03370160494414,66.19427758493622,86.7665576782392,71.68635533034606,33.88313219562133
514,1915.816741133776,1171.7693390427237,0.5879518732947987,0.13628954078210784,-0.15409579646431815,49,0.0,0.13349530752753072,19.874408763192715,-3.245735544616596,1915.816741133776,1171.7693390427237,2845.255809870695,0.0,0.0,7.574458867852112,-41.950313991163036,191.27450390536168,225.56873722015354,219.59569849457392,227.740204387951,209.31841370954015,242.49944048781293,198.31952387740114,265.9333251375813,233.9377101547932,237.07167544806012,257.21656107042,232.4907964007643,104.28921957628143
515,2940.169075849749,1172.8194690653847,0.5033682053914442,0.21250994232098266,-0.3148112079174053,49,0.0,0.026730092609895735,3.765138760479356,-1.439452465817238,2940.169075849749,1172.8194690653847,1316.57474047638,0.0,102.1462258938896,7.0006216417351155,-41.947568111161765,111.1899091675832,107.93734908890669,116.56439116353248,107.44967195321524,98.52904187722045,102.60485004473877,85.97865461797379,98.69395967854507,103.29231640306492,120.44825163273633,116.00859934757055,95.27388095380186,52.60386454749066
516,1977.1379734704722,1173.7838971934366,0.38242526846451486,0.7423643004933956,-0.3637111644870041,49,0.0,0.008577700147692697,1.1376072415344518,-0.13998086983123537,1977.1379734704722,1173.7838971934366,779.3546970937457,0.0,0.0,7.540107329607693,-41.94941682460428,64.0054732185967,67.2456743588211,77.64737988897272,64.22439947975982,38.99541474255343,57.20132571399995,51.11774371455998,64.65879102461778,60.948170769184486,58.03498924002036,75.05072902630377,71.34744565414728,28.877160262208236
517,558.2161405192231,1178.3785008413736,0.5410204915578203,0.32057423130298196,-0.3362955128016174,49,0.0,0.15685992618199188,23.183889082188426,-3.4129657258831445,558.2161405192231,1178.3785008413736,4157.627362432126,0.0,0.0,8.334997201343274,-41.94621645308315,296.5516138653422,328.1558169705155,284.50577328925556,305.31982894415023,362.99522440726423,345.0341854159635,326.4606094918454,342.9765481093274,377.9778284120131,353.9790731738514,328.78418360542275,359.961825723777,144.92485102339782
518,1686.6832415890747,1178.215776078389,0.678299592062735,-0.4495654371448948,-0.09365357584236944,49,0.0,0.014545843263064283,1.7197019088606258,-0.5886329333205408,1686.6832415890747,1178.215776078389,795.3905440785747,0.0,0.0,7.702830450341115,-41.94775328031333,51.27665771435676,71.48375625970391,61.033385306270276,55.60705914566055,74.67421735164524,67.0148642696411,45.26828031686989,60.61987824326013,73.1731957537418,64.98196579862946,66.84319651767493,68.4059678230054,35.008119578115384
519,2162.2131691180034,1179.1687216215926,0.27439473262572606,0.8466413112767874,-0.1397618926597907,49,0.0,0.007759492907099084,1.0548319464612852,-0.057958185723843925,2162.2131691180034,1179.1687216215926,824.2501465607377,0.0,0.0,7.436435126095555,-41.94693672329058,61.68753216343022,60.82347810801436,68.18798911618359,77.23050895589864,49.76199907348834,81.00156889121918,68.86461056467823,52.46216053869644,66.50047337211885,55.694120466298294,84.56596821301036,65.85749816918158,31.61223892851964
520,1390.2937418350384,1180.2711920033978,0.722252304664115,0.4018009620891685,-0.12754838706740917,49,0.0,0.04727080717554809,5.931831309430337,-1.9329719799530432,1390.2937418350384,1180.2711920033978,1298.1745642810204,0.0,0.0,7.868871432467761,-41.946846814340475,101.44222908721005,96.39345237682248,128.41011501587442,103.234917362716,113.36949105903199,102.72382690802118,95.445188687724,103.20845176389304,129.78050979152374,84.27821877460428,95.54292311573369,107.12531100825251,37.21992932961302
521,2540.7505566594077,1179.7967317852108,0.30674025254844467,0.19931692468795942,-0.04878185828720922,49,0.0,0.014616225872276328,2.629707195033588,-1.0497684865661785,2540.7505566594077,1179.7967317852108,963.6434506399996,0.0,0.0,7.224386809678967,-41.945900964451425,83.38535476077368,84.39155473598748,83.29563087988181,62.93708587386783,70.27444655433985,90.70236335295326,63.67204505877908,84.34456562486079,76.82010906503938,76.77038252510843,77.202783661924,73.74834057775817,36.0987879687258
522,2900.976070683694,1183.965678828272,0.3151340671011479,0.1510748035282881,-0.7888356270326419,49,0.0,0.011968045272431345,1.720671783651349,-0.5892450925197337,2900.976070683694,1183.965678828272,983.3770405041862,0.0,0.0,7.022628267922091,-41.943065157351846,80.70027750422918,88.46935884109959,78.65876347168117,80.42595257603023,78.12281899259264,76.9308865657108,78.53659321214874,82.72785766630685,77.99354972503092,85.4441237227559,65.23384999486126,65.45988870497024,44.67311952676861
523,1929.248943162585,1186.9145692117283,0.6681521480670206,0.08642004314071676,0.44292942163969706,49,0.0,0.010302542593618624,1.0720386863215536,-0.07552614471842053,1929.248943162585,1186.9145692117283,1095.55396725788,0.0,0.0,7.566951832830743,-41.94399178947339,86.84446194022053,77.1090888670081,95.79164039892876,93.61558945766082,90.16366127493379,66.84851625422648,87.532180153557,71.81416753408698,80.70348862037778,79.90937897470226,117.12229787231992,106.47546450449447,41.62403140536315
524,3018.9958671771574,1187.155200609627,0.5164360755141113,0.7146358988146513,-0.49525656178475436,49,0.0,0.011604432334633263,1.0349393575993588,-0.03728725749791461,3018.9958671771574,1187.155200609627,1111.684650098822,16.269087956923364,932.5056458320428,6.956542119236477,-41.941299507848605,75.05078432998414,109.86977679869719,119.08362507649565,111.07512121532838,114.90170959458342,74.37866735242145,96.61594753315288,96.07109641886254,92.74846862261347,61.5298086494644,71.9506994864235,71.73474857600851,16.674196444786574
525,1815.7449642530482,1189.7145085413401,0.5933734137089064,0.020749993430594957,-0.13515202841723328,49,0.0,0.008635165118340084,1.0241593647587168,-0.025918851194791617,1815.7449642530482,1189.7145085413401,695.1013116518866,0.0,0.0,7.630536946138083,-41.94290922485359,52.99462349788503,75.89853180448954,56.3924762045024,54.244158985981215,57.22920843979949,41.66905194171703,61.79819092162699,58.08701484150475,55.795457350477264,49.27282919127774,53.16443620392363,52.56355243024133,25.991779838460054
526,2327.245552916062,1189.7130888513518,0.5939230879564984,0.3250598906292266,-0.29140677010640814,49,0.0,0.016482879231376913,2.13166815500291,-0.821798993301629,2327.245552916062,1189.7130888513518,917.7929551473802,0.0,0.0,7.344013233308365,-41.94225386872054,51.174605415657794,83.13386220403936,63.46628086070079,69.94883073100232,69.73382341012086,85.20889828591693,81.41721967538406,67.47949074198338,85.34757601870439,85.42198503902125,66.91837089347048,68.40079474661295,40.141217124765625
527,1923.0464226991091,1191.3409387165404,0.6629857164348035,-0.33357534503379527,-0.1815338618085945,49,0.0,0.018204471895365087,1.743934345080081,-0.6038253269125904,1923.0464226991091,1191.3409387165404,1207.7251504549154,0.0,0.0,7.570431573333181,-41.94215299431399,91.17650250063421,81.58413842323725,92.13936634632385,90.48812928168608,97.62417125960835,94.94904106064388,85.47387995640165,78.94845829227809,96.85759031217658,99.9771851302244,124.77042306844871,129.28388774024017,44.452377083012124
528,798.9429630392641,1191.9893962044139,0.4712091309327211,0.07524200456097231,-0.14513541560862667,49,0.0,0.012056224183288803,1.548917535187549,-0.4750707410307525,798.9429630392641,1191.9893962044139,945.9740372910828,0.0,0.0,8.20010905792241,-41.94114979765077,77.34986692970543,68.51781827940924,66.74156639347339,88.59182326306134,70.99145059647368,75.25155421346646,76.5367893453017,71.91451567700885,74.01289457552915,64.85631656803946,84.15304579101337,83.196828579016,43.859567079584636
529,1178.153228046919,1194.942163382317,0.6927938275089797,0.35547963657075915,-0.29239701433430676,49,0.0,0.04250838028316069,5.460386478678235,-1.8430584564034416,1178.153228046919,1194.942163382317,1247.8863142689543,0.0,0.0,7.9876909920117685,-41.94055130572888,107.55053103649806,97.8504165898402,77.2489148020386,90.10030499776349,113.3336050313772,99.79815114124841,98.44286036436897,91.91474363560482,113.08631904436075,111.11115242257138,105.67318522317048,97.14767634482973,44.62845363528203
530,1049.396157564767,1196.016390903446,0.4854609368072895,0.025009659656426247,-0.16206907238283255,49,0.0,0.0626806187015431,9.750432190916266,-2.4725596659053455,1049.396157564767,1196.016390903446,2011.0924233469286,0.0,0.0,8.059811361799914,-41.93993310109497,161.10927037418847,151.72424189093272,152.22450472564088,148.77444479416812,150.97236155204678,169.34187604686585,185.05302517042247,169.58039959110312,151.81758484462569,190.16645564517705,150.08151335412816,163.8753069144069,66.37143844322247
531,2975.7845695916562,1196.283124358823,0.20644003751658258,0.8282283663080844,-0.3211809448055477,49,0.0,0.007854641442627918,1.192116068055183,-0.1907963542443677,2975.7845695916562,1196.283124358823,933.7737094533763,0.0,331.84295522101,6.980789733620523,-41.93766090986119,68.22360857354803,63.21804717974086,83.87294383597015,61.11798519973031,69.24207890255755,67.60854056823038,63.553485282081205,79.4941941235418,75.61382581376569,87.88733921485712,99.51167778212601,81.0712036367853,33.35877934044193
532,629.2301476625897,1198.224903905946,0.7863428866240956,0.1303346288018683,-0.4850207890681461,49,0.0,0.0301030029352499,3.3266144170436998,-1.3050061633873533,629.2301476625897,1198.224903905946,1107.1399008931803,0.0,0.0,8.295147450718735,-41.93814224557235,72.57593343963204,95.86383603067611,82.12542450768805,89.68236350067733,87.27132109196783,78.70798856642674,90.3220696384522,97.37263908834123,95.94852884659943,90.46619829715993,83.65076402498994,100.73961589474348,42.413217965826135
533,938.7523003052643,1197.812738817975,0.7026501545224346,0.18157886719763366,-0.25376546520898774,49,0.0,0.03725435695907275,4.636881761659191,-1.6655650543213196,938.7523003052643,1197.812738817975,1177.3396632491026,0.0,0.0,8.12178233653503,-41.93900197458163,79.6795086582654,95.13159626674747,95.04620181450782,95.01585489653041,93.36144917993832,86.30511740135029,88.24434487155003,101.98824227546635,79.53157592230781,99.9203172145814,111.57627420853447,110.44747287782911,41.091707661493714
534,1276.152624341511,1198.1407315897395,0.6657019577773445,0.2452232169194311,-0.0067711000409004475,49,0.0,0.047768267521944616,6.222832426633328,-1.9849702652892585,1276.152624341511,1198.1407315897395,1369.8819915048966,0.0,0.0,7.932792896720765,-41.939318200132284,102.1861119951516,117.0472027977802,112.77918362395408,99.37596723573287,101.91776063011494,89.15549986374208,111.18464154538076,117.75528853439945,110.34805542821215,120.66798838236798,115.5796326024761,123.25419398115169,48.63046488443258
535,2571.1580289436465,1201.0485601066007,0.6446125003188116,0.6718689716245791,0.3505832720030459,49,0.0,0.014600307240041466,1.8043739523088496,-0.640816372640628,2571.1580289436465,1201.0485601066007,787.7373916625284,0.0,0.0,7.207428911865136,-41.936967402129135,64.34515918072262,53.625230601434296,60.68057408900596,61.09789460690701,64.21237948788304,61.68640344312304,83.67023673837198,66.23704457558598,66.33068619451441,48.67837283366503,55.67219120726738,77.26932575206942,24.231892951978164
536,1838.0255616177708,1205.0961641727051,0.7664687452871054,-0.45617841955451055,0.09950686192234241,49,0.0,0.010392170899357801,1.0142564988820535,-0.015369497853830242,1838.0255616177708,1205.0961641727051,737.0389740259143,0.0,0.0,7.618069278543034,-41.93648654014808,63.70007406406281,49.982898043926326,47.51075003399005,71.981346106083,46.265042395963526,54.59128710119217,65.04962294994147,57.47666181316625,59.532807335467886,61.28911075432392,67.74411277645859,65.08285390256265,26.83240674877556
537,1099.0903224100225,1206.3913000880389,0.8561716388942642,0.49801082506092753,0.14790962428478047,49,0.0,0.024855180427181964,2.513596557761523,-1.0007389323820515,1099.0903224100225,1206.3913000880389,959.4793612688007,0.0,0.0,8.031956784237208,-41.935681508882126,91.29063251518052,76.03294095429334,63.36904459070042,91.94878792983312,85.22644815796008,69.54876606203442,64.10363810597599,91.1176200694332,83.94657984128418,50.79171109689547,78.1390417879099,80.38009419871173,33.584055958588344
538,325.05278467614585,1209.2712184998707,0.5154560581618338,0.6391645373508693,-0.655443968015614,49,0.0,0.07684985910806252,10.515790432454368,-2.554604806334113,325.05278467614585,1209.2712184998707,3242.6606350810725,0.0,576.0405810057842,8.465458822813227,-41.93260985680952,227.01000567218153,243.05185167807582,273.78761403986096,279.7324096081654,245.24096745202104,274.8068508462204,249.86009530829196,271.3879258818064,247.00138461530923,272.93561683446103,290.21407778283503,262.51011625545857,105.12171910638487
539,1900.227566002253,1208.9713977591966,0.5383422835373985,0.08985697137230228,-0.14023298157780184,49,0.0,0.012069234735764845,1.7049867332467679,-0.5793025100806203,1900.227566002253,1208.9713977591966,794.2311931142563,0.0,0.0,7.583233173575087,-41.934826394244006,49.071914110530805,69.00037352802275,70.50446622707273,59.163838694708616,72.93353240901845,68.92499744174896,60.78929940037791,63.29068655375316,66.43388946655399,68.2422230769055,62.36265533847764,55.647241569425624,27.866075297660164
540,2177.8234206616007,1208.5772921310304,0.43042698452097744,0.9412257751449332,-0.337223834966911,49,0.0,0.017251791380856363,1.9833983816645757,-0.7435248863475025,2177.8234206616007,1208.5772921310304,1278.2248724821352,0.0,0.0,7.427752246521716,-41.93465924435508,75.71162831011662,102.03067237714966,112.64267644587763,103.84570649719403,111.20863205837071,119.54675337693305,101.65861230825456,101.24200361795269,107.63339317057577,89.72171996334876,103.0818796878967,106.65689759828555,43.244297070179464
541,1502.843700716873,1209.959036707848,0.47334421901418533,-0.1427545365587109,-0.45724753545218566,49,0.0,0.008539413217090265,1.0671028346417974,-0.07051568390674183,1502.843700716873,1209.959036707848,784.3317863490015,0.0,0.0,7.805809334868546,-41.934524171350894,69.86893175801923,52.557513638184005,56.56506433581808,57.39268039358172,65.9053058360571,50.91884442765797,49.382176295833546,77.6007439556067,79.77799220939652,70.06392129768668,60.74447181870406,64.90954934004293,28.64459104241286
542,1411.1866888625636,1212.4108346619232,0.8014589117878416,-0.01831737350365717,-0.1361738198464803,49,0.0,0.028107998226249608,3.16705356778915,-1.251638522811283,1411.1866888625636,1212.4108346619232,968.0428058738419,0.0,0.0,7.85714483175857,-41.93346680058187,77.52108326463171,92.42906855004634,64.24280503035448,78.8283999884541,90.0333226761476,70.1725293519276,68.76608562145307,73.19241620172525,82.83863876777127,78.14966611916898,88.80759065233997,76.49095064758953,26.570249002231975
543,2785.468921020049,1216.2611639396475,0.21840637811367994,0.44293497989920266,0.2111065222718284,49,0.0,0.01371696420043407,1.6597480816760959,-0.5501054384126721,2785.468921020049,1216.2611639396475,1475.7809946560178,0.0,0.0,7.087465057288609,-41.930000534244805,114.02186216868769,123.07503935608366,132.15668220529352,111.63923470441296,120.17476436159009,96.50185728780635,113.85701398924199,118.84660470063683,104.6002130047149,136.6145510821919,124.58081674960978,115.99583563668119,63.71651940906711
544,355.7307745208292,1217.9773330834494,0.42665493101415297,0.6445943954609992,-0.9153761544729857,49,0.0,0.009437840725489038,1.1862030930903404,-0.1853976303643392,355.7307745208292,1217.9773330834494,987.3297939627887,0.0,0.0,8.448239022761069,-41.92908781639504,89.90608501406044,71.61634514984908,89.88222169205028,71.36474575230541,75.94181612715244,72.39157009541901,57.056746921375094,78.7880547663412,79.31336477631345,102.73920270634376,83.65187313104518,72.28105085452216,42.396716976011156
545,770.5755936534457,1217.8647611608278,0.896313654251554,-0.46894099418983254,-0.2399514209118206,49,0.0,0.011928676768899785,1.1024205962117386,-0.10586829610034257,770.5755936534457,1217.8647611608278,788.9060345958467,0.0,0.0,8.215920204428704,-41.93030583774597,57.91737573062594,53.021534572865136,53.086213351978095,68.9556795255086,66.72566985209777,65.44213700152923,71.73255920232761,61.164562956602815,64.65480888615187,59.81338537490387,74.99336363019879,59.58368866895094,31.815055842106123
546,1533.508250072153,1218.7075226612847,0.5655777957844735,-0.22044643228352137,-0.306520382669874,49,0.0,0.011965953171649115,1.2518081279138116,-0.24384441768502524,1533.508250072153,1218.7075226612847,972.7826547438765,0.0,0.0,7.788631926872111,-41.93088586993254,73.67720381822926,79.97565576006906,86.10766233673053,73.30866052697792,76.2710160587155,68.54707438984369,82.53722006038572,81.2915442933934,92.40149187196184,78.88741041663404,80.63093961137677,70.33506605102049,28.811709548538264
547,2832.8181795305677,1218.5874216094494,0.7897434982197347,-0.046538796775182086,-0.2746146088389966,49,0.0,0.012840425398593924,1.266794162146239,-0.2567651332891624,2832.8181795305677,1218.5874216094494,810.5818259598128,0.0,0.0,7.060959877077009,-41.92887559847884,55.459239306499,49.884970301818484,69.23494229813477,56.47910477337598,58.28428867180935,74.28680650210022,52.71016376668766,67.17764459517593,67.21396540053382,79.90969784036479,79.43158002739067,75.76034189885004,24.749080577072043
548,2732.93781616906,1219.6787944453542,0.8226521900572548,-0.17698071566576135,-0.45818812303600515,49,0.0,0.013918882954183266,1.370478555167173,-0.34218061055083576,2732.93781616906,1219.6787944453542,767.0711085037335,0.0,0.0,7.116896976196955,-41.92874226556637,49.59496412669232,69.29752244775094,59.221266415760056,56.34440513557793,66.11304834489147,54.57980927963667,65.71996447203605,54.60790223846172,46.84069394320616,68.40442267249475,64.35589900775163,71.08530369358664,40.90590672588715
549,2032.2126152485487,1221.005004748686,0.4783110394643207,0.021036987294012804,-0.12408456845457633,49,0.0,0.035609903082088036,5.677614497515302,-1.885414752930748,2032.2126152485487,1221.005004748686,1319.5142725114429,0.0,0.0,7.509327483694635,-41.92968108457189,80.60059276605902,94.72178591269395,91.88520339302477,90.85833183454396,111.02180657169288,106.59481669809203,117.47732613851069,117.39300863337257,108.00215995717743,113.5229169376432,117.4641503872771,120.65695264033587,49.31522064101911
550,2917.7315333426845,1221.260168449359,0.5854556083597099,0.449157492526118,-0.15138715609184597,49,0.0,0.024377316068498148,3.0026804036445713,-1.1937727741204884,2917.7315333426845,1221.260168449359,1206.9871200813236,0.0,0.0,7.013422616565505,-41.92746749402224,97.10510073572166,108.31473846839386,84.59175716192377,96.46698033951583,109.43108896525247,97.74518035437498,101.38144877728477,79.74223127182879,99.81946073555542,96.3774164690724,110.48047115591719,82.16624377531984,43.36500187116262
551,1196.357902453917,1221.478049841147,0.6601677741679408,-0.07180477830962485,-0.28127304763265343,49,0.0,0.020026711339850387,2.1332054604785977,-0.8225817167469179,1196.357902453917,1221.478049841147,1002.3387928816144,0.0,0.0,7.977454566048601,-41.9295153442466,88.27184971682141,76.83174280590065,80.29122676038968,69.72823895631787,72.03536379627081,72.43086837130656,82.36963434663357,84.07096387080377,84.45748610859638,94.68441156914298,84.30457225068714,73.66893583854167,39.19349849020189
552,1926.176673669633,1222.6702949231976,0.3392956680868532,-0.008171921128011876,0.3643597112561449,49,0.0,0.0095097886845673,1.4676510605160697,-0.41655703182162723,1926.176673669633,1222.6702949231976,811.555338011,0.0,0.0,7.568715335151438,-41.929096506468554,71.9889038957293,70.51181975177494,60.5052017489614,59.29900681248367,60.55974679828258,55.958378886753714,56.26394955237424,65.89311750724531,59.10397707458907,59.71226907040295,78.37648649126095,78.66727777830705,34.71520264283488
553,2419.752343945423,1223.2649611077318,0.7153708771739214,0.34673879589267703,-0.8771383923547534,49,0.0,0.01739213862571038,1.5682373440220028,-0.4885294784580929,2419.752343945423,1223.2649611077318,1236.92528761388,0.0,0.0,7.292296365029269,-41.928079793066765,94.44057029625817,100.25619225823203,98.18768771266144,95.34056908270911,105.55711491619488,93.54348920033028,109.74860354074124,92.46520531794836,85.28247604242483,100.49974625273859,103.12298756868381,104.43084768561644,54.04979773934086
554,2581.015277888535,1223.8589843119244,0.5865892583047054,0.3338535053615413,-0.14853275985040137,49,0.0,0.10426488139057502,14.895445364172266,-2.9326337321725315,2581.015277888535,1223.8589843119244,2610.3588371125898,0.0,0.0,7.201989596345506,-41.927437392308285,174.50854048181878,191.28934072807155,207.8695171996303,221.00464062557478,207.44838583341172,209.8751184359017,210.13817264583685,223.43117541226397,191.80175284205006,230.32805954837252,248.89315579929828,199.0285681867715,94.7424093735878
555,2860.7108247529873,1229.5340709885836,0.5692052741973855,0.40171711670165056,-0.22826424435992437,49,0.0,0.013746923707106246,1.6219264630394448,-0.5250778993176715,2860.7108247529873,1229.5340709885836,1010.6929247506619,0.0,0.0,7.045390641564245,-41.92422027881597,63.062970621801725,74.56650646588255,88.659339692027,72.34536809457049,66.10860526558366,87.15495249790158,71.22843861631449,90.93723441650914,85.13067147050631,101.26252141207851,82.38226923211758,92.48812819825797,35.36591876711082
556,997.4577371025681,1232.2460697992267,0.4451443881584711,0.03346908889581328,-0.1693601083336693,49,0.0,0.050954013843395096,8.346057207908213,-2.3037033931252147,997.4577371025681,1232.2460697992267,1776.085974720846,0.0,0.0,8.088824217151876,-41.92475618350709,129.27640548574604,128.65104619521446,161.2348417454607,133.10386687997988,129.6954336046589,162.29944339704005,143.04592784640994,142.37219217421213,139.66253486223434,142.9871100737465,154.6406378819765,137.4261648459065,71.69036972826015
557,1818.670332890261,1233.2505197750475,0.6911918883907756,0.569274624599389,-0.1980794387304876,49,0.0,0.014886119017820075,1.5389230331434758,-0.4680422495186808,1818.670332890261,1233.2505197750475,940.6017018288944,0.0,0.0,7.628932876021848,-41.92476768051892,72.92016168125164,59.192911576720505,89.36890029603074,67.87621825781726,89.51478185238841,75.97553322687361,70.06216690611555,80.88771226140041,71.15225086254975,75.37263597109029,89.33727402246762,63.56537408003746,35.375780834151115
558,2189.6109128408993,1233.250757163056,0.3812523388580483,0.36464091759694994,-0.13859965396499296,49,0.0,0.009549089038509359,1.5891355418059283,-0.502902352439355,2189.6109128408993,1233.250757163056,803.8375122172484,0.0,0.0,7.421203209818477,-41.924360169572886,69.73399832933276,58.4483965036979,49.240620156233135,55.474907600246596,76.65972803668943,58.44886027839272,70.10960883763504,65.71991155449867,65.04046804662998,66.47307719301486,60.4788017095502,71.38504559150417,36.624088379823036
559,714.5267350512688,1234.805112256789,0.262072279543669,-0.14581083064316286,-0.40330419825395736,49,0.0,0.009606107464395438,1.8870878094513965,-0.6894802727665139,714.5267350512688,1234.805112256789,990.2081374873501,0.0,0.0,8.247254740659223,-41.92311680536319,77.13473640181898,69.95676477906505,85.48228093925084,59.90647872879961,70.96246571223375,80.25899800784586,78.6906392686908,73.34728805888781,103.7637023491423,94.2615204860565,68.30051590285831,85.40250938198255,42.74023747071759
560,1830.4185504887616,1235.0319323313454,0.5743398296475023,0.14988208836162112,0.31618552257444693,49,0.0,0.009664479449755084,1.1970771540235194,-0.19530535614725678,1830.4185504887616,1235.0319323313454,898.7561505275376,0.0,0.0,7.62235519639903,-41.92401827021206,63.779399655686454,78.78983609266652,66.39788223334236,52.61963752996829,83.56550789200173,68.51190922556623,75.59069048269939,85.21287931600358,73.68342733976678,70.24417596332722,71.83766306855722,68.51558976828828,40.00755195966346
561,861.5657731114557,1236.285454707247,0.22443305093830804,-0.5167316028172108,-0.3330340177194994,49,0.0,0.005665073688481395,1.0555684276275201,-0.0587159796558221,861.5657731114557,1236.285454707247,704.5245692121146,14.564041584181762,0.0,8.164912392785556,-41.92282505551168,43.58528410694589,44.986294886103266,67.096786570526,58.19776626881327,75.2235835862181,61.825179030433546,42.21030446040563,61.155754517964496,41.65183794242669,45.1349028310014,63.13633690609466,77.14874985582924,23.17178824935239
562,2037.884940548824,1236.2377025514868,0.7122858195207752,0.08679684676471407,-0.15651902000727022,49,0.0,0.11979961837101759,15.374183114498651,-2.9669801235917275,2037.884940548824,1236.2377025514868,2434.8442136925414,0.0,0.0,7.506174982882888,-41.9233275231284,179.1064554958128,195.8516707934169,180.84737131488922,182.39223744381593,201.4674438602578,182.78058889654784,190.3188635839831,196.03026467173822,220.95289934292214,203.72907143177312,191.8984201983097,220.56771087607768,88.90121578299673
563,2725.3087876345458,1237.1265915295387,0.5133922184139875,0.49519900815845613,0.168788211978537,49,0.0,0.020632349851957478,2.5607874453180575,-1.020933829852788,2725.3087876345458,1237.1265915295387,1193.2459671675629,0.0,0.0,7.12124077919833,-41.921496272566635,102.43735602431428,96.84725639565767,93.45256337633369,100.94511279784975,94.46753692918168,80.63815338964156,96.91171075870801,102.8114674847684,97.0728508074624,81.07127895583363,99.10943331284658,106.29090079691645,41.19034613804897
564,1275.2742216982174,1238.4028010496802,0.6859508757008137,0.6165404524253927,0.7530553133426864,49,0.0,0.010117215827425526,1.0846800123198261,-0.08825409343343348,1275.2742216982174,1238.4028010496802,819.6193895146251,0.0,0.0,7.933237169338842,-41.922541775433544,71.41783228773633,62.37084395141003,70.35900179115978,62.4187241502646,62.690650952120826,60.47040078262211,56.354082847049824,66.91354462611139,62.64923727703654,62.7120988436341,57.550863333554716,85.60689070495987,38.105217966965014
565,2134.951053002186,1239.9922862186545,0.5925729862008728,0.12853497757951218,-0.1757432242214797,49,0.0,2.7894733510619125,419.37126335390764,-6.55649666979156,2134.951053002186,1239.9922862186545,49044.21630456226,0.0,0.0,7.451825888195976,-41.9216348105901,3631.393048833088,3949.286626579217,3740.100602941008,3914.419814511939,3936.1008959232067,3925.1675910256363,3970.3674733315006,3989.0647840963306,4008.3691032046045,4058.9156229899436,4123.90523510234,4043.8734709400514,1753.2520350834075
566,2843.456878667333,1240.3387387282821,0.5957695633784449,-0.46687843127829104,-0.35837132979082587,49,0.0,0.012966470344823762,1.2894400908184827,-0.276002922541307,2843.456878667333,1240.3387387282821,998.9248670388845,0.0,0.0,7.055100898782923,-41.919777452306505,60.54711202717009,89.21107624663927,72.65032125307197,76.14587402174661,77.63519570117722,88.83770167302009,91.43826746831849,76.9305298624865,74.86962656966946,98.62905487457306,72.02075104130319,79.10247584292387,40.90688045678462
567,2242.3308310549687,1244.3925237919466,0.44010747260773486,-0.17471918159836916,0.05123888478082199,49,0.0,0.006993325918840417,1.010276984469515,-0.011101148157157632,2242.3308310549687,1244.3925237919466,726.2061174679648,0.0,0.0,7.391706287567512,-41.919629600561095,62.43358074826513,45.773327936288005,55.14557347103687,79.25813034973929,49.83358792814886,52.46676477780788,46.32053819543234,56.64414240532287,53.86039881105056,49.470703022608475,78.06994547134079,60.94420545163749,35.985218899286274
568,2429.3891264895774,1244.9044495045314,0.3205606310983106,-0.3492649785040135,-0.15627995366511835,49,0.0,0.0069459568304060726,1.0734339914486155,-0.07693835893341792,2429.3891264895774,1244.9044495045314,732.9288148118762,0.0,0.0,7.286964998956905,-41.91904208778296,58.63423194863866,61.31504578671626,60.36755802194314,51.636485709218434,67.51065204165764,55.26141023351339,56.559683832125764,57.218370767565084,61.024364477966756,64.07013577379578,46.95311799380545,58.454647692234474,33.923110532695304
569,2384.3567962822644,1247.283379849385,0.7603083864033797,0.2437088569343613,-0.7769778046114876,49,0.0,0.010441900503862418,1.0547255447306754,-0.05784866113231008,2384.3567962822644,1247.283379849385,879.6368235890774,0.0,0.0,7.312187199164475,-41.91814968975571,73.13229273583248,59.32029843775254,71.50769696816798,76.94217794067107,69.71535769277966,62.45218139032631,64.85254648098703,71.4769474474076,78.41578935399326,65.85191572398733,87.35320440065004,64.57445617772,34.04195883880211
570,2658.5873964481398,1247.9286808696097,0.36846022604163103,0.10679553801175029,-0.4667610535488454,49,0.0,0.012960552384255938,1.992931813131851,-0.748731099627326,2658.5873964481398,1247.9286808696097,957.1861035491988,0.0,0.0,7.158642381119851,-41.917193795476415,79.40617129589612,63.91241391920686,76.68489025094816,78.31955830231274,81.19812320925027,74.32260743497024,85.13913864651339,79.51220694943211,77.3364261129393,67.70913394399517,80.8158335164949,81.38554921721327,31.44405075002623
571,2773.409377934844,1247.9020861012025,0.6031991476497846,0.08821525992084249,-0.20282548365092926,49,0.0,0.012953547196888154,1.3467223528084584,-0.32319517143049586,2773.409377934844,1247.9020861012025,935.1018350727669,0.0,0.0,7.0943537684514375,-41.91685646655317,82.00973781350137,78.11719258825185,77.35094951540123,73.37561019209453,77.89594450490925,71.6752005797457,69.67811314229395,82.36297891242097,84.29039830124694,52.31454698844045,75.5311546176506,75.9757111920962,34.524296724713814
572,537.3236266045132,1248.8086544685912,0.397059572241762,0.042191720891469046,-0.44228279330400233,49,0.0,0.012778515370418643,1.8446613239261778,-0.66479160557177,537.3236266045132,1248.8086544685912,908.2136675917176,0.0,0.0,8.346427231046892,-41.916812479582426,78.82185320965739,75.89402184827686,56.734658804134256,64.0786885836902,83.39667556506373,75.33050607810071,73.8578711546323,69.14002580934988,72.34899392554799,78.82339399543216,79.55966752221397,71.74916156256788,28.478149533050242
573,2136.249321463704,1250.7437914694892,0.3078392969693024,0.3523741405953267,0.18648932073754249,49,0.0,0.010553232090560803,1.2917603434775802,-0.2779548693651345,2136.249321463704,1250.7437914694892,4380.714048309017,0.0,0.0,7.451119886937355,-41.91715321775531,316.60665532436747,332.4060255984768,342.9565469801132,342.7697759172666,370.6538085330469,358.0941359510583,338.03943531971754,369.6084705745177,375.9354106914601,359.95838045977206,348.7416879220016,341.7347923320354,183.20892270518297
574,2988.911435126541,1255.1273122824032,0.4967434578904261,-0.14974067289991944,-0.19682266159628561,49,0.0,0.015684946668924026,1.8125518370008145,-0.6457260894199813,2988.911435126541,1255.1273122824032,1129.0551114910154,0.0,364.79519335337784,6.973735918017877,-41.91309555623568,82.11753063327689,91.84577447571988,79.89657113502665,83.37461492886096,88.55733828081205,93.3649961155505,92.34218650372966,93.67538925264617,106.42826574847427,92.36665339756661,97.38318331476454,88.28452412536035,39.418083579226916
575,633.1488942975901,1258.7005511817865,0.8118345593505453,0.3668600769242646,-0.5148007346926657,49,0.0,0.011969268616597372,1.0759908220139327,-0.07952141725319442,633.1488942975901,1258.7005511817865,891.3466183369624,0.0,0.0,8.292739269430067,-41.912955707670505,58.28265177761165,81.20507636316104,71.51135630674227,70.02190353046748,63.61966376274793,81.24563233235784,74.67757308440703,63.036559377372626,78.74479816483962,63.462226232902516,84.42114792814242,65.7146341655685,35.40339531064134
576,1215.654573012075,1259.0440515533571,0.925609634027765,-0.13836162548321812,-0.22637581713722046,49,0.0,0.015182579325445991,1.4225066354788405,-0.38263575224619734,1215.654573012075,1259.0440515533571,814.7685528411611,0.0,0.0,7.966594719181068,-41.913883778807,69.88167218685729,65.76734648067844,64.98850122785092,68.88300378883737,60.4709963966394,62.99964570208715,64.68788312584176,70.10534905426908,53.24906372998966,77.05853080438065,63.58902147878838,54.21497477829046,38.872564086650485
577,1718.8307438071977,1259.044765963912,0.5631220088491157,0.0856774643502278,-0.13476047438210767,49,0.0,0.23481165465180415,36.42430805013811,-3.9034782756513193,1718.8307438071977,1259.044765963912,5028.139165249145,0.0,0.0,7.684855741388651,-41.9140658654517,396.37940441219155,421.0108411777081,417.4694164070702,370.3421746904795,396.3363557177033,373.3107114367355,389.4494740659327,410.071696907663,416.3584572474115,445.84747348330427,406.29741319331674,420.11853743924814,165.14720907038048
578,2517.260004062219,1258.5663363349572,0.4291378684319073,-0.5134504446727504,-0.5656997205992689,49,0.0,0.008815346660838157,1.1712150852501428,-0.1715916436580246,2517.260004062219,1258.5663363349572,759.38607766455,0.0,0.0,7.237808763042847,-41.91314125444929,61.99251109870911,69.65726035316621,59.53481534519432,58.00017227279007,63.18574188237716,62.539336481943515,63.73374602806278,54.158577265809896,55.14864181263033,73.78353501603125,52.12391403243056,64.13281869165232,21.395007383752464
579,891.2343455003619,1265.6607842168048,0.5243161112318772,-0.24659488087298215,-0.5185400936907589,49,0.0,0.013187267302205244,1.6256964802399143,-0.527598663628839,891.2343455003619,1265.6607842168048,842.0973848182539,0.0,0.0,8.148222689820798,-41.910644158881794,72.27824208733014,68.31100005334251,63.941176702525,49.08640038690739,86.1084656245407,57.55603957774569,67.74917801191471,78.88480866543334,69.70049970909533,84.20178949383961,62.43707348931039,57.434008388908126,24.408702627360867
580,951.7293395084839,1265.29581361575,0.4144696962631642,-0.2133473193478553,-0.349925395370243,49,0.0,0.007447302490953984,1.0021365826104043,-0.0023172904339429446,951.7293395084839,1265.29581361575,755.889340805102,0.0,0.0,8.114353952009898,-41.910907942821424,45.794702340289064,71.46770280021553,62.66715536207985,68.63330646060894,51.85711070655762,65.15621355185463,60.3966048898027,58.793953605794,64.58439308094762,55.02461706343631,61.96186583072485,67.37546337801612,22.176251734774738
581,1715.5385259744369,1266.1148702466483,0.7315962863274098,0.7017400374937083,0.06528262736005562,49,0.0,0.026116102641074387,2.9530656704484017,-1.1756827623468684,1715.5385259744369,1266.1148702466483,3833.9951960580793,0.0,0.0,7.6867020927981216,-41.91112105323085,293.9545811796084,306.2945287497591,318.37188932728725,307.2451483526555,297.7659482583309,293.8920973464909,288.15330414355117,321.9424416859461,309.62024486340556,338.93767924204843,301.02669418491473,326.6156885478205,130.17495017626095
582,2477.1940489963167,1265.7224418662474,0.35863134302868355,0.5286840377620576,-0.33813461232006253,49,0.0,0.013111231238155927,2.1132507775492884,-0.8123775936049702,2477.1940489963167,1265.7224418662474,1092.2493919447033,0.0,0.0,7.26026383464517,-41.91025739101356,67.14951464526058,98.9932132218095,78.32393269725596,71.02862147563332,88.09673243541225,89.12700503802486,95.46776847302911,111.83872713637496,89.74300160414377,86.75843204736698,90.16970887864665,88.65266568930734,36.9000686024383
583,681.448205068703,1270.4849595071003,0.5229011961797735,0.3804792997213488,-0.14390266876427793,49,0.0,0.03679426487908209,5.558675660039301,-1.8624283359488176,681.448205068703,1270.4849595071003,1359.839168712825,0.0,0.0,8.265658128374977,-41.90816966927123,83.70488952844437,100.90639673994819,121.87931255239943,96.98707963702759,107.56777327890137,99.626330724298,98.53520293981452,123.26062536593709,130.5750151386896,123.34664823035648,101.88831262903051,118.1841244810698,53.37745746690828
584,1743.1698647405256,1271.9068827121353,0.37888741337545867,0.2230556194662294,0.36482662827111717,49,0.0,0.008809721937779603,1.0946259480921103,-0.09816434718214682,1743.1698647405256,1271.9068827121353,840.256584281417,0.0,0.0,7.671234413056554,-41.908698047514555,55.799676085429695,67.94049247868263,58.74731503770127,64.71693532158321,57.994038041627334,67.64954514431366,72.90781196316323,69.8244090042221,70.12154791617382,79.1282602115831,79.97854923211068,69.20046731781073,26.24753652701539
585,1758.3206825091943,1272.251865155501,0.34857807033889526,0.3425812720703955,-0.12746724798335785,49,0.0,0.007758017269063595,1.2299774102857235,-0.22474283819534863,1758.3206825091943,1272.251865155501,729.6789064266821,0.0,0.0,7.662752045376687,-41.90854811519958,46.26981734480731,58.81044775386256,64.54270076050031,44.88828551943116,65.5094880323109,55.24527980567731,68.71582840577233,66.19751843960594,65.80130054708704,57.078448897887924,57.9390995429072,52.7168263773475,25.96386499948464
586,2100.4075465757974,1271.5163763396476,0.7125060508347276,-0.14797724626204714,-0.107568803088104,49,0.0,0.02090459466338267,2.4497347841418677,-0.9727976721170016,2100.4075465757974,1271.5163763396476,949.968313080715,0.0,0.0,7.4712269501113395,-41.90854861874101,66.40732166743327,59.49908642380068,74.87077360552826,68.09736148897696,78.08463929315815,88.10707731719963,64.01494959314056,80.60755536357235,80.18721744943747,99.99438734207163,76.52269023985909,83.21331446998732,30.36193882654967
587,2471.1224273874373,1272.0214312917233,0.5109409711014757,0.6635087289696696,-0.14175226436628421,49,0.0,0.021975062310744316,2.926198457565452,-1.1657594426335092,2471.1224273874373,1272.0214312917233,1264.1729829390422,0.0,0.0,7.263683067225542,-41.90764734824978,75.77797761912055,94.1765986678975,101.27657642973917,99.18304699543029,90.1432610892676,95.72276469627599,107.92053337449696,125.52708486796482,107.15349113757627,113.92001866558587,108.75694454379563,108.13236900586945,36.48231584602216
588,1473.2313328508665,1272.744606220544,0.4987431526221809,0.54528348662857,-0.3421492255222341,49,0.0,0.011250622239114098,1.538096587469649,-0.46745902151135504,1473.2313328508665,1272.744606220544,820.9760232243269,0.0,0.0,7.822366133388626,-41.9083546514127,72.54417199334806,67.3459694610677,68.31293192774527,70.8526340905152,64.79551363426515,65.50887437760153,57.34244213266767,79.57751749094027,64.27514640417293,67.24969687230316,54.205648649510906,69.18788743787185,19.777588752317158
589,1834.706367087399,1272.170838837224,0.3301801823278334,-0.6009496269876516,0.1012252815802691,49,0.0,0.006943674593033922,1.0286623601245986,-0.03068212204385067,1834.706367087399,1272.170838837224,778.0304512242251,0.0,0.0,7.619985693591831,-41.90854115732835,56.79090731441737,56.421293584955414,71.25080838562582,48.247152773049116,50.31607532632941,59.9038382508884,76.59432935261854,64.24406882026584,66.41995108375241,62.93358239890929,73.40019576712763,67.33859478811054,24.169653378175397
590,1137.8834137124697,1280.7701262270755,0.6028226750003517,0.19217190083202662,-0.1234650792687964,49,0.0,0.08378990832724913,12.146769507978325,-2.7111519764392,1137.8834137124697,1280.7701262270755,2177.004889841519,0.0,0.0,8.010103217631722,-41.90474175667001,169.60726809745177,187.17247458869275,155.39999310475957,157.64276627630142,152.32394457411078,192.09606289556962,191.28036471460598,182.55598562916413,192.91285169451106,179.0839410091832,173.70236522407924,174.6695733540678,68.55729867902146
591,1432.1754977572268,1281.2434525768995,0.6143840162424546,0.03474667590349056,-0.22307877680058624,49,0.0,0.010356487245325027,1.2491067867323769,-0.2414989200069243,1432.1754977572268,1281.2434525768995,847.8875039479757,0.0,0.0,7.845346937093665,-41.90479698801094,71.2974506236103,63.45298703017241,43.669319651975,70.7489110219662,74.40295958194767,82.22141714394866,57.65380364731912,64.63093671489256,62.371795329122065,63.5988747878728,73.42554843531815,86.9917441163235,33.42175586350729
592,1452.26552004094,1281.611068970026,0.40626756260762414,0.7019573612483103,-0.5506887235081562,49,0.0,0.012086502792030416,1.7496750305979945,-0.6073934852534215,1452.26552004094,1281.611068970026,940.3829417667087,0.0,0.0,7.834099520870338,-41.90465246205311,70.6345722002348,69.77998986286693,75.0500695412479,82.40905936583582,67.59278436745484,79.79792395883631,76.64172512306507,58.708711764267505,71.27934329736424,86.73560578143206,71.73571317795388,91.31892243567233,38.69852089047695
593,1577.4252178994686,1282.248746355203,0.6987898369371627,0.2098098512144223,-0.30330725608001746,49,0.0,0.012063043917194365,1.1949850116417893,-0.19340614521439525,1577.4252178994686,1282.248746355203,826.8449309046853,0.0,0.0,7.764029997747445,-41.90441591545351,73.78546471678601,83.70236068722701,62.81919341939951,65.12702424599613,66.99646659645472,65.530777811042,59.20336780755273,60.29187180987118,70.25827997420907,64.91329930884241,63.69029649168822,59.276707248821225,31.24982078679498
594,794.191889637352,1282.967287756209,0.558380761074015,0.3393186532142124,-0.22472069311789716,49,0.0,0.04009773671724631,5.650726548170855,-1.8802607282102735,794.191889637352,1282.967287756209,1493.2387840261592,0.0,0.0,8.202502838024937,-41.90323338349654,117.52012793070318,131.94227131913178,119.63966101672162,122.05880406968642,110.68713952257377,147.57267663137955,119.99369150814015,100.6921798714826,109.61758731807737,126.67031448319608,102.64650197165791,129.48526322410422,54.712565159304695
595,1025.5952443436636,1284.1517140522235,0.3661929772055292,0.3911927539794659,0.06961449855633832,49,0.0,0.01903129391702101,2.4578854226364784,-0.9764040846220913,1025.5952443436636,1284.1517140522235,1347.1046695828618,0.0,0.0,8.07295837439772,-41.90317440018314,96.78259610555762,103.17525024975393,109.96998058643105,110.6014340027329,100.59700594683203,94.11344186817749,114.46629373310626,121.83022572467894,110.46050019247893,121.18512246451627,108.81977585343003,89.82836359932503,65.27467925584128
596,2398.568469749012,1283.6054030928412,0.5896443458650649,0.23018291417151684,0.3724646029742324,49,0.0,0.012326965730027119,1.3525340981328169,-0.32787055680189126,2398.568469749012,1283.6054030928412,913.403556427744,0.0,0.0,7.304335268081805,-41.902985483099265,60.013990606616375,62.242794320491,82.37907803139616,60.57383359832903,68.75817728402495,73.44545453614472,76.31409238438926,66.29706373733471,77.01186329444482,69.37425832125095,84.18377176353981,81.88477912251182,50.9243994272704
597,2590.6945684141433,1285.4411975022217,0.2751472716425979,0.6064256765854622,0.07233895687646877,49,0.0,0.008638908357268554,1.1269658434793126,-0.12977688369723078,2590.6945684141433,1285.4411975022217,896.445537427984,0.0,0.0,7.1967914657475935,-41.90175354433142,71.46252936901075,79.47150553209205,74.62376174967886,65.70210523363653,74.27382669741232,76.3998135150501,77.09088309394255,78.88327033550756,64.2326301794673,73.93174102285616,64.25221808862453,71.8263218777372,24.294930732968183
598,2878.614535490328,1286.4781482714002,0.8437719423423905,-0.09855358491106962,-0.3057106270628811,49,0.0,0.025106888166368573,2.438965085864282,-0.968013958425765,2878.614535490328,1286.4781482714002,1050.0676792526713,0.0,0.0,7.035630815452102,-41.90043374953603,81.38015126624654,84.1402753527719,90.5713458902911,79.62748646585952,78.39029933778488,90.72333025667409,84.66791552289405,95.27150923097922,69.1190158301449,85.99471406027827,71.34288645051427,92.40065020360228,46.43809938463017
599,1068.3637353752895,1286.9885405644482,0.5782877866222376,0.16683421531068915,-0.2750364844619889,49,0.0,0.0685523081595501,9.91957249066973,-2.491232388816925,1068.3637353752895,1286.9885405644482,1902.5327186582902,0.0,0.0,8.049010416703467,-41.90205677852002,152.54022006691542,140.63340811573653,159.49479495675888,151.22498406195268,142.92015591602922,162.73058278726052,128.8031818582304,144.15867767193623,169.35985872310445,171.58191403301367,152.84010112143983,156.15004116707448,70.09479817883805
600,361.4813702880407,1287.9986909870295,0.42588791073033266,0.6480360871876751,-0.36842073260704766,49,0.0,0.009835650713318501,1.2423950158308965,-0.2356492511157264,361.4813702880407,1287.9986909870295,1130.2187331748485,0.0,0.0,8.444702519653577,-41.899934005191874,85.87670405858738,88.49038109530738,89.99941273661844,92.02113943467211,80.76286390044113,97.08985227641739,96.65715535757184,106.26411815267306,87.84177577168786,87.27686988031459,82.70359238206564,84.12296967551748,51.111898452974074
601,773.5795987687968,1290.9021514445117,0.7069622694915164,0.115644059018971,0.4156038326573669,49,0.0,0.009658771372559466,1.0696432344729534,-0.07309737146493876,773.5795987687968,1290.9021514445117,714.0198897817704,0.0,0.0,8.214017699034455,-41.89988154922327,51.0032079000955,46.8719488825474,64.78250379127294,47.6914183791709,80.95610586015468,54.467581786698005,62.406988760947414,43.069130713241535,53.537302320980814,67.47168275256104,56.319305348868326,62.15644940342787,23.286263881803897
602,2419.8041709121067,1290.5898362859893,0.32681390808420746,-0.05338641895185646,-0.1608750216640702,49,0.0,0.007043242537790657,1.0557019542682826,-0.05885331375534059,2419.8041709121067,1290.5898362859893,825.8490951699223,0.0,0.0,7.292468399039777,-41.900028718773505,55.303491234625824,77.55014366497291,58.59852182455441,58.2816152501997,71.02327416622623,62.89706527541966,75.32333383863258,67.59438866318568,60.77518447650181,63.93396904812396,76.58198616764938,59.82076078395794,38.165360775872195
603,608.2493056160198,1292.1896128949065,0.3978995016769176,-0.02198786298180638,-0.22244896960960805,49,0.0,0.02763012161674412,4.292213947245008,-1.5817034035703879,608.2493056160198,1292.1896128949065,1412.0951234439892,0.0,0.0,8.306558790628353,-41.89893630983729,105.1423796830795,93.9527510272064,125.72542463646136,98.67109886978551,110.16807661684761,108.73897243940044,106.42446584239764,122.65808979433687,110.68397093061864,129.31432322468896,125.33686718952362,127.8795399081799,47.39916328146285
604,1310.3377785000603,1296.0710997017468,0.6215744734282979,0.4010699314854277,0.195585594517789,49,0.0,0.011090488436978263,1.3558819744759492,-0.33055471780866624,1310.3377785000603,1296.0710997017468,787.5516029021494,0.0,0.0,7.913540820749166,-41.898542910464016,67.53434230878341,48.71141902108416,53.90423111527872,67.79212525295505,65.31958305945619,47.28993812941051,54.15481686299759,63.89300750642933,67.19547643610034,74.95801910425033,80.05102101760258,69.95102090627611,26.796602181525216
605,2600.981384830337,1295.729937943218,0.47482653249317325,0.09785795153177301,-0.2041930070953703,49,0.0,0.019952778558103013,3.021183138923849,-1.2004426306387839,2600.981384830337,1295.729937943218,989.4786537396027,0.0,0.0,7.191070675782231,-41.89743895837664,83.32704877156122,82.42972710327561,81.10597546774432,77.84380764493395,74.84522957258235,77.8927098906891,82.32963855175561,64.61369674779303,82.32853541541556,78.72232400585312,93.79372881316681,66.8621771433321,43.38405461149988
606,1362.8771448029054,1297.5396451348224,0.5641035101279488,0.23729237299337216,-0.07089516234124074,49,0.0,0.10945392972596638,16.190071696495934,-3.0231219299939367,1362.8771448029054,1297.5396451348224,2715.989168541437,0.0,0.0,7.884128823676416,-41.89796871357983,177.51388236650536,232.9120846274601,207.23893804859603,222.8408860278049,223.02514504237794,187.714970580558,231.53188452771664,212.44386564569663,206.28529668668705,234.34251252069404,231.54659918554046,236.07393569993815,112.51916758186144
607,1478.303159678987,1299.8355127812526,0.7211431943208745,-0.1000359588494356,-0.0779163734613037,49,0.0,0.017404181802854822,2.0425996615291497,-0.7754581390163253,1478.303159678987,1299.8355127812526,866.3010987830701,0.0,0.0,7.819514494524191,-41.89706856110995,56.48788904107876,77.93317280717766,79.171044966859,75.87715208144442,63.783302541741776,63.5025264204734,59.98856009497307,68.33953304423594,61.87823479245995,77.23817963224045,84.55522709191938,65.38301808984045,32.16325817862591
608,2105.3500253436937,1301.1379455153078,0.3230253816358059,0.011036493335474847,-0.4068130279387291,49,0.0,0.008672343351456755,1.486973131724871,-0.43075780319955925,2105.3500253436937,1301.1379455153078,802.5870252648685,0.0,0.0,7.468514323511226,-41.89619976001951,54.043412277912076,73.2890988267412,70.89247379450586,68.78073879330792,63.86983873126424,75.74222310697233,49.99948744701885,68.9676359407015,49.421393715198086,66.50598889686685,62.234867264190186,64.13375045324209,34.70611601694738
609,1592.9211442088724,1301.7280954048188,0.7505490315356426,-0.1380450525777673,-0.06971840864339549,49,0.0,0.01131036388958193,1.134419733389071,-0.13693443129406535,1592.9211442088724,1301.7280954048188,814.587963745825,0.0,0.0,7.755354241560488,-41.8963002067124,61.49277880712666,74.84594014920381,76.60850949740043,55.00114206367472,55.31253717589331,57.42947811225285,69.37626129678281,63.533971369428244,54.29843460498119,58.17000824433187,77.10123757360574,74.64758525052589,36.770079600617635
610,2898.1177324780733,1301.8283440721425,0.536440106299372,0.3645203079464681,-0.0009344858545298817,49,0.0,0.012946096535720061,1.547002587453734,-0.4737276002082429,2898.1177324780733,1301.8283440721425,922.048536567379,0.0,0.0,7.024786763076817,-41.893970096597144,52.78738940260783,81.16020173162039,82.65342866266515,81.8211736192819,74.28392627629327,60.34012862018075,85.47881279714579,97.0723963120025,63.88973385353786,74.05069182723176,65.52070191814548,66.59424227022743,36.39570927643889
611,1713.8096500587221,1304.7188469966022,0.5822513752030566,0.10699411227711672,-0.2999187912864824,49,0.0,0.009687047600867785,1.185001478750661,-0.18429723074474025,1713.8096500587221,1304.7188469966022,735.4757777708076,0.0,0.0,7.687686023986353,-41.89503669417561,52.28317150509724,59.033610478104656,62.01933144679242,53.59959063283014,52.4096116202706,52.05418968500955,47.44446182870291,43.075806357017036,74.36096810769129,62.869832155910174,71.58664084416424,73.56325084623055,31.17531226298674
612,964.14850604292,1307.4366857971586,0.4397197524793113,0.041365516588544066,-0.2402355695299381,49,0.0,0.014025885387404775,2.122547823653393,-0.8171437105582788,964.14850604292,1307.4366857971586,953.2775910983489,0.0,0.0,8.107303017869722,-41.89337137993035,78.99208372811492,75.0165820684114,94.56042074578224,70.0953293329269,91.89230115522697,79.50114661418937,60.950256716663446,69.18074348008997,83.81794068127246,74.21090854409505,65.8790299247695,86.56357591133133,22.617272195475337
613,2542.0700305773557,1309.7628063768766,0.6341916981702579,0.41993348462337265,0.05258387952903838,49,0.0,0.012260136144858174,1.3321658733475001,-0.31139575989813895,2542.0700305773557,1309.7628063768766,910.0757460909524,0.0,0.0,7.2240937980174165,-41.891747706044725,53.74357310134476,61.21907814643357,65.11231662545647,81.28200602584187,64.70511436628166,76.04921311543691,65.0396488554476,84.44743479531536,79.20496898183409,88.14637415231556,68.5085449433921,77.52633703972151,45.09113594213109
614,347.9542574353083,1313.2425415995717,0.8552766070843514,0.9448581820664443,-0.07591555081635562,49,0.0,0.015727168215867154,1.4159999520741118,-0.3776580966365839,347.9542574353083,1313.2425415995717,993.5679260490197,0.0,0.0,8.452158938053453,-41.889370758281,83.49490078308091,83.198268978323,73.69898578286575,77.74992245222788,73.1699175571556,72.56365438447739,77.74040517902637,88.79259995381551,77.60951761151388,79.34541393553482,81.02445994975326,83.78837416725486,41.391505313990436
615,1858.0460534283704,1313.4086850601063,0.5826954480910034,0.5052410830396641,0.10770892614591634,49,0.0,0.01068335776696195,1.279719820363271,-0.2677872409371385,1858.0460534283704,1313.4086850601063,779.1726105086807,0.0,0.0,7.606957150053659,-41.89134325534812,47.68817046604403,64.09959667619023,66.22472103359028,62.97349755688116,64.03738808548606,58.71991358220103,53.07757964046087,69.78854105430634,67.47771763607042,64.92962525472782,67.82551553407475,65.84436672406285,26.485977264584957
616,1228.8864249367332,1315.552613850262,0.6436040748525612,0.20282489404680334,0.2638618003470445,49,0.0,0.010244068858078544,1.1193096175687978,-0.12237558853352914,1228.8864249367332,1315.552613850262,744.2723321408648,0.0,0.0,7.959109482405832,-41.89035243471328,62.984758017865545,70.30881611645194,57.34219670564349,51.00141641980338,52.462974969679294,63.94102524194196,59.471447188108826,43.78528348562268,57.67748128310928,66.85583656986653,52.01175698669215,60.62246465199871,45.80687450408104
617,1553.783981510889,1321.1316794565748,0.45900655706997934,-0.24530747820747664,-0.03460083870409645,49,0.0,0.00871875589770658,1.15584477555378,-0.15724878580193807,1553.783981510889,1321.1316794565748,778.903889849616,0.0,0.0,7.777258656455549,-41.888212528404964,54.536423439927916,52.55105219762511,58.79779456069663,62.19567875162291,67.56449078331273,49.80955089287269,59.976981413914466,51.67979756805656,68.9204256557878,70.67018644673169,64.28250651944458,84.37965245064595,33.53934916897709
618,2513.968192001567,1321.242040520374,0.5874741899533217,0.1235077825451449,-0.19081257799789314,49,0.0,4.90366420688973,718.7454684911155,-7.1414377989728886,2513.968192001567,1321.242040520374,95702.26961209666,0.0,0.0,7.239860376596958,-41.88703574235942,7076.024200362288,7552.357658485907,7730.901672669261,7683.573647381465,7686.650346276147,7827.379433212736,7534.8257230873,7985.722640362771,7675.271518946003,7902.846456852397,7837.8858425321505,7750.50006659688,3458.330405331338
619,2089.2800262658416,1321.997887851471,0.4551881447117851,0.006732505009815914,-0.3106311405379733,49,0.0,0.010596339336231126,1.5594498777131738,-0.4824285516405607,2089.2800262658416,1321.997887851471,792.6422188254415,0.0,0.0,7.477546751685694,-41.88752995729655,53.225698054738416,45.762568101617674,73.26339806360559,65.45060086182907,70.87654107330539,77.12852986627868,48.04395645603745,55.46753029633068,85.95574141554025,70.33680058976971,67.40490930630071,51.186650190446244,28.539294549641667
620,1182.710494938424,1325.631452469626,0.6443415000913348,0.18547772400713247,-0.13365868347713167,49,0.0,0.04914560026182226,6.550084891624374,-2.0406173216302643,1182.710494938424,1325.631452469626,1465.246440307148,0.0,0.0,7.984939228743472,-41.88610343740201,103.501535541876,117.04949126101545,116.19289406410465,107.84611180505112,119.97330283032741,95.14139397142999,124.51634753118664,121.01069824458841,124.32610995964964,134.77286579191156,102.55241191933368,133.36117613246955,65.00210125420384
621,1770.6279661863641,1325.8721924488718,0.6819543234794178,0.07006421757250975,-0.17115408070938695,49,0.0,0.01586977169161047,1.824975515182953,-0.6531426052794985,1770.6279661863641,1325.8721924488718,951.2970698183344,0.0,0.0,7.6558947564964,-41.88620096236017,79.9024417689717,66.97484830427871,80.54295907039256,75.0364080118769,73.86154407122797,61.917538890200326,78.23983596994756,75.34425222967354,88.38644401148508,79.39064357495654,85.44570499670095,77.5247730810233,28.729675837599345
622,1091.7924642798193,1326.402202261317,0.2737851776463362,0.2813789415345155,0.21205133031852377,49,0.0,0.011782754267369785,2.035669328651249,-0.7717680829765637,1091.7924642798193,1326.402202261317,999.996603011685,0.0,0.0,8.035821814109974,-41.885667847819505,63.44404482605589,90.0202832569768,91.93485372235837,91.68090577325196,63.62285651603779,75.45176274720858,74.14993990117075,82.77494433126338,85.35803725621157,90.58589791897299,78.57142769421837,78.14177323970928,34.259875828249356
623,2119.065508170854,1326.600127985169,0.9465936677162341,-0.35761157186267706,0.07232060041885677,49,0.0,0.014041939287061628,1.2449836961834349,-0.2379091602984024,2119.065508170854,1326.600127985169,790.1086181401796,0.0,0.0,7.460885096378776,-41.88557162121796,51.38033476180247,63.25747468840777,74.50626630303509,54.14310959365211,65.61097154206301,64.29936956680558,54.95586165663617,69.59137490977002,76.39036508279182,65.69557258589391,56.18609305881645,70.18152525295184,23.910299137553267
624,981.4266417770503,1327.996982189862,0.5909466150229653,0.18548668109769706,-0.04499641813426679,49,0.0,0.010766024901774399,1.2808727238800528,-0.26876494367720444,981.4266417770503,1327.996982189862,828.255982435317,0.0,0.0,8.097585639326486,-41.8848342613915,56.341652880358254,62.65631897527022,69.71752033331636,81.71136760011524,63.93814434756853,66.73664712200343,68.44943406987429,64.66550046888847,55.98073321001066,61.67402737070879,85.41468089789899,59.00827267311817,31.961682486185637
625,1412.454988547544,1328.1967938797202,0.6989479120765419,0.2501942667383851,-0.04002643561226523,49,0.0,0.011258732362448481,1.1229507468631932,-0.12590177080809592,1412.454988547544,1328.1967938797202,805.4065012064874,0.0,0.0,7.856355114000352,-41.88522366454508,52.03611792186682,57.57550110496623,58.237311432113486,82.40525001444065,54.24306064878871,64.58040632099733,61.8077683793058,69.11308369522737,63.330211658825775,76.20306270356386,52.62416367234318,81.16939981544259,32.08116383860564
626,2154.971154240262,1328.3631383697057,0.568661202612289,0.1526954389336513,0.10336569898231,49,0.0,0.03959890465653783,5.023250532266834,-1.7524620973338156,2154.971154240262,1328.3631383697057,1613.3749936742497,0.0,0.0,7.440793641407327,-41.88478470087375,116.72619658861234,147.54450085563184,130.37888114684307,123.36489556534123,126.5984611847498,135.9476030440224,124.67544797934644,123.4116147063167,120.61312272644733,138.20120760795595,126.41865854868735,138.54790487679006,60.946498843505026
627,1305.7992806855495,1330.096696410009,0.5496302489238749,-0.20877125006255556,-0.39255007799868563,49,0.0,0.0094381326746529,1.0485545048887743,-0.051477526100200705,1305.7992806855495,1330.096696410009,802.8960300349768,0.0,0.0,7.916044872575247,-41.88436209104975,57.83389080688861,57.117375260900914,66.10868338118783,57.3441443361918,65.2424304210991,82.73447882444144,73.8594522578021,58.27417216656391,66.15191256276091,60.3471377140216,66.11046952313882,66.99978129670261,24.772101483277073
628,1442.2469683984375,1330.0226740228532,0.6960540601564337,0.23342400264515623,0.001482745016514624,49,0.0,0.02262009175723664,2.7105866185317375,-1.0826582249918233,1442.2469683984375,1330.0226740228532,1023.221593935768,0.0,0.0,7.839680394477734,-41.88447690216556,71.52215281627066,77.37346271870788,99.02446378469662,83.1979952203221,76.34796045066471,82.25752875488524,78.21505229635083,108.00506288222718,70.96766359449731,79.13004298963564,88.72958595484548,80.87575780982127,27.574864662843126
629,2106.958525607433,1330.9183749093802,0.46082071048649165,0.559776945592575,0.044010364396198993,49,0.0,0.008820531987524204,1.1476646034128568,-0.14953746804439705,2106.958525607433,1330.9183749093802,769.5543932378177,0.0,0.0,7.467668891770135,-41.8837892415388,51.88131955264791,50.09335375431033,55.107799129034376,53.24954085183268,64.0257148318068,71.93300616398756,50.59231843196595,67.88664046628386,78.86567377114515,57.84068146584067,64.78583333442955,77.0007447965802,26.291766687952695
630,1105.7495459747718,1331.8497275304526,0.33870582611266953,0.11103736038587818,-0.1824294432691697,49,0.0,0.015170279462601678,2.469411258673483,-0.9814835596809457,1105.7495459747718,1331.8497275304526,1015.7062871406079,0.0,0.0,8.028000717848643,-41.8834171094644,92.38678826706588,66.83124180457094,87.96386182845018,82.57965057335225,82.48902478719054,88.1819107411037,89.16193046749655,94.41851732586392,72.92647197410369,76.21126361771728,67.5224279023801,76.62133449278633,38.41186335852644
631,1513.2485953329278,1334.6108084371863,0.5825168183914828,0.0677307612005516,-0.08174419818674647,49,0.0,4.063845970883715,594.2866845316073,-6.934989999130165,1513.2485953329278,1334.6108084371863,80244.34840241008,0.0,0.0,7.799941897178146,-41.88258886991518,5815.480220040164,6291.760782792046,6611.920128999622,6453.780851783722,6477.6098817888105,6639.4545325594845,6349.521896464175,6564.176897230764,6484.641250198262,6516.265995988579,6604.096380881023,6511.888679315849,2923.7509043675177
632,1676.4258101791254,1337.8742356213297,0.57724388635398,-0.15325501437188843,-0.4280977827182696,49,0.0,0.010612613372289982,1.3159822181995502,-0.298125052621157,1676.4258101791254,1337.8742356213297,831.4104321919979,0.0,0.0,7.708621032455461,-41.881231624661154,55.145734309632466,82.14169207847519,68.47238488438067,71.80546696820343,68.91105133244024,67.19714162147487,70.54945043961764,59.982528874253795,55.20074259510873,72.92147394698092,73.79543236493669,63.48930895012545,21.79802382636775
633,2774.0277962975615,1338.613648009808,0.923395025070355,-0.06682909086000838,0.06563524280433758,49,0.0,0.01392209766360682,1.1656740858451933,-0.16644285439297302,2774.0277962975615,1338.613648009808,1004.5078555083242,0.0,0.0,7.094395334803662,-41.879060677569896,89.61399830581453,89.93416329292349,72.86315647516929,79.4241634469621,97.28192790630108,71.91387564691546,68.8675328549502,60.77681835595794,97.80513580630594,68.43693399956442,76.59386333066794,89.79777718168123,41.1985089051105
634,2600.1339033703816,1341.894551482413,0.7353230833747848,-0.07676767323424752,-0.16171513096338988,49,0.0,0.020120867497212466,2.363605206512583,-0.9339373449144377,2600.1339033703816,1341.894551482413,830.1079038951027,0.0,0.0,7.19171311067409,-41.878207002685286,68.55607699523956,59.46244169150698,67.29344738836639,69.72667943233719,52.62241749035259,55.4314007516065,69.99948095949901,63.90846103823735,81.0439773662044,69.34496266420182,76.37623447936696,64.21846904442374,32.12385459376017
635,2389.958561104344,1344.644598459872,0.845693007531959,0.652241948761996,-0.35142562534059707,49,0.0,0.013237612636273776,1.2786812322105083,-0.26690572721191835,2389.958561104344,1344.644598459872,820.7702851187538,0.0,0.0,7.309330611542909,-41.877571932242425,82.56352943817609,61.716884240546094,57.74402647747295,60.68709045953627,57.84277439006827,58.37272908767052,64.1445112031063,73.67117325424289,68.06412910284568,46.805868808357715,64.21235135718022,93.95054994506224,30.994667354488595
636,2775.1220365254753,1344.540350591552,0.22921302339244387,0.12127258028094878,-0.39269648551351394,49,0.0,0.0069525388910870334,1.0752104168591998,-0.07873365816052305,2775.1220365254753,1344.540350591552,1011.4087895677515,0.0,0.0,7.093808387712223,-41.87658789913271,88.22010514397033,82.37066781309996,80.4683368869322,74.11620953713162,96.61384908335168,75.35871792098575,71.02211546831352,61.33966703100438,92.90596638853819,83.04302696913679,76.6841890140609,97.39361688050221,31.87232143072388
637,477.87266532588245,1347.331348213051,0.43944595202945874,0.09780508639674751,-0.8468273225633295,49,0.0,0.01903255270622543,2.382038304869723,-0.942371852417478,477.87266532588245,1347.331348213051,1352.740271857771,0.0,0.0,8.379310707722802,-41.875587282048194,103.10926238158763,93.55077484087793,112.76776241353042,106.23224445439749,120.60756526661498,111.65413584025731,88.02816749899051,114.7376655047381,119.92966396745793,119.68604604455791,97.05234467700802,109.01473278900434,56.36990617874866
638,1581.0452552025538,1347.158419728115,0.9078671001766246,0.3879599385241265,-0.1429630259591738,49,0.0,0.022125051178238698,2.180248790200514,-0.8462651354407091,1581.0452552025538,1347.158419728115,986.7755600208995,0.0,0.0,7.761998761255086,-41.877370545348974,72.91233029994737,72.51576045746,71.47126690951734,84.02934067268089,94.1632032481439,78.34917716820786,95.45774807938741,68.3933684538213,82.24626672207509,72.63027100949145,62.730787456639845,89.6113555799794,42.26468396354768
639,2938.3111654520753,1347.2644306233549,0.42748388282981054,0.0017417356240940851,-0.2428104942147979,49,0.0,0.008734143734883947,1.1265741633812756,-0.12939946748441933,2938.3111654520753,1347.2644306233549,881.7679012199411,0.0,0.0,7.002512865722968,-41.87489613423787,66.09014796140386,58.45978589685822,73.3135127066607,71.162173922948,79.81398552590295,75.34430094347377,78.59097019991074,57.98639595852336,59.41488321100263,75.79191903546456,73.27587998395248,79.83821143789118,32.68573443594868
640,535.5478744272557,1347.5696439053474,0.3372278569919559,0.3203757239949184,-0.5809695711878441,49,0.0,0.009517652305052577,1.537386629192043,-0.46695774911592736,535.5478744272557,1347.5696439053474,850.8126868560896,0.0,0.0,8.347038329116906,-41.87565935050804,79.44519824347927,62.83944749697974,68.00761104346279,59.64653356626934,68.22479299773087,82.72569016839711,67.61845415737127,70.27918199296778,66.90504418600865,69.65632425724026,57.54028454091538,60.67587406372741,37.2482501415397
641,1878.85642814121,1349.4497043759409,0.690922577351256,-0.3488433197722331,-0.25013372417567464,49,0.0,0.01318978987630407,1.4299584557891472,-0.3883085505094783,1878.85642814121,1349.4497043759409,803.7137022471575,0.0,0.0,7.59534567473906,-41.87631112153924,38.31633807851775,71.00212838418929,48.5516618983422,71.00187139542639,59.90622945354199,71.31974350264308,71.15428585992427,68.6039067441597,65.74816364653768,68.52410868395344,64.62279092655166,79.8442336677593,25.118240005610772
642,373.950852430562,1351.21086377882,0.5037022855142271,0.3335757763745537,-0.5552059553484595,49,0.0,0.12355823773327272,18.06817114672007,-3.142285489166065,373.950852430562,1351.21086377882,3885.507272740127,0.0,0.0,8.437440539168461,-41.8736393860888,289.96818319214583,349.76704098737116,285.35325208598886,291.7888643867841,325.88296094691964,316.2566420084554,294.1953652254133,319.48359651724104,313.0201945787477,316.6165469123238,329.27126978015855,320.3649577312467,133.5383983873318
643,2696.938111974232,1351.0555806154098,0.5008180497486285,0.04684390859767493,-0.15081444395433344,49,0.0,0.01472332341662684,2.229099016097065,-0.8703234004395893,2696.938111974232,1351.0555806154098,840.3439898142306,0.0,0.0,7.137581653525352,-41.87411454015476,55.51992458111645,60.0272311174962,67.86470311510277,78.50929796715383,81.99884250199587,69.65370715200051,63.16393343883952,65.31051667430455,68.55874178175237,59.49983285946871,63.75282873134219,74.99450885743563,31.489921036221933
644,1365.803395435208,1351.8484239728868,0.8266151622695315,-0.14161694982456546,-0.40225694923178346,49,0.0,0.015646163602336918,1.5476621585361252,-0.4741904097681701,1365.803395435208,1351.8484239728868,922.8182132041027,0.0,0.0,7.882444345638726,-41.87534208507719,76.1554471265139,73.75420809741253,72.82650416947646,94.2671029670521,83.68214038154628,76.58102487470572,68.05445162685893,68.56644386088661,65.92823419245651,66.00381640089654,73.73368677581142,70.74154787817653,32.52360485230907
645,1765.449519248018,1354.0095975006195,0.4683570295021281,-0.2983017538008977,0.38415697160294077,49,0.0,0.008910533476732563,1.1625872471146834,-0.16356388674080316,1765.449519248018,1354.0095975006195,787.0968835260538,0.0,0.0,7.6588099207721525,-41.8744794585081,57.11237001192626,70.07999492332243,72.82270338593592,57.74019486916671,62.45590164283009,65.87608220535682,43.74902704022732,54.57326861453875,65.38169493849266,56.57380862578317,71.17378981592911,79.25146988422443,30.306577568320193
646,1823.1460622440102,1352.5717273769735,0.5960659638673852,0.06205781499931712,-0.01067318033524453,49,0.0,1.3312315142745645,194.94334427542267,-5.7247710304104125,1823.1460622440102,1352.5717273769735,24678.07158195485,0.0,0.0,7.626523197589404,-41.87504819562213,1858.884416956118,1947.0292702905172,2046.1138469173336,1896.67088764048,1922.8317457458195,2048.6270241401908,1928.0721220370801,1980.4631183528695,2064.9875265553205,1914.4461057977878,2055.7514809582,2093.784764100753,920.4092724623852
647,2130.4836704889185,1358.1087516417765,0.3849762882571527,-0.048165166574823226,-0.14305215965389445,49,0.0,0.012337978820894324,1.800035257315775,-0.6382025292967763,2130.4836704889185,1358.1087516417765,956.6531364290986,0.0,0.0,7.454555583371041,-41.8724269833994,71.46167799519199,99.99781217307681,65.45761298483326,72.04594610997955,65.94578531949122,57.23685224311747,64.12212713816108,84.56707671420803,96.22078572717223,86.38485652421573,86.89595054948283,70.53081919515868,35.785833755009676
648,299.93378449071554,1360.4120094211955,0.5801674068215961,0.6261443030413044,-0.7113941531509729,49,0.0,0.35364683793754487,44.97304944253199,-4.132380840843574,299.93378449071554,1360.4120094211955,12068.404858065478,0.0,60.32226462011912,8.478809695108197,-41.86955188517487,945.2121893238012,958.6023634589194,963.5862983613649,1021.5342580234997,920.7996226050645,972.0343842791156,935.4075850893765,1011.152042738312,1003.1730570594134,940.4323790592586,999.9092750658976,940.0062115027645,456.55519149869036
649,1505.4093498294392,1359.9017466130736,0.5245945854703312,0.3760719237726256,0.17258051477358322,49,0.0,0.013384864156523266,1.3917341843363407,-0.3588907367141323,1505.4093498294392,1359.9017466130736,1332.0495806489862,0.0,0.0,7.804320354735629,-41.8720490773946,89.25039371748781,115.42571372381335,107.62123107024853,113.35914850775312,93.19932945507284,103.30390040760223,105.26798700801747,110.8902545543632,121.15972271572822,81.55191788004419,123.63864786641015,118.66932883154874,48.71200491089624
650,1621.736413282944,1360.0650926809865,0.6057296293469224,0.07751704162206553,-0.10504857655158249,49,0.0,2.9383346149971996,424.559917437566,-6.569847475414656,1621.736413282944,1360.0650926809865,54548.17887473249,0.0,0.0,7.739228897168739,-41.87199268393359,4069.41978178362,4448.754150301549,4455.311565278158,4449.050541321406,4406.991126987205,4432.882627134738,4294.836751683608,4483.180050796307,4305.471883408265,4391.744931187352,4390.578123863229,4471.17270419403,1948.7846367929965
651,2893.655883163115,1361.0486757718368,0.23549117912968232,0.4123919467159279,0.18146596222237674,49,0.0,0.007820779496090958,1.345012690254948,-0.32181595486409303,2893.655883163115,1361.0486757718368,841.4506688283603,0.0,0.0,7.027562803499387,-41.86931272670214,68.41103057212524,81.23114812057537,77.79969976254189,78.32174641502488,63.330736290297295,47.85755212817681,59.83750647087032,62.724582222694735,59.63453524066285,67.62340399297089,64.95598791297219,82.72662896181477,26.996110737633106
652,1137.238345325077,1362.2934673639968,0.28190390164481477,0.18585125123785354,-0.032705335383010604,49,0.0,0.008502717009011163,1.5099402071820356,-0.4473993745159602,1137.238345325077,1362.2934673639968,834.2718605817558,0.0,0.0,8.01032679725317,-41.8707733737567,61.02322635336878,58.96041652311632,72.00581206068276,70.01579818293582,80.5024647395908,75.13443739693192,56.031003243843685,63.26584641447994,71.49916835936779,52.655745881697314,71.8998732001716,70.51542797899816,30.76264024657101
653,1793.1161297138817,1363.587498258594,0.2741433026562135,-0.6083076753029603,0.010221839660435578,49,0.0,0.0071034967957864575,1.0287646272451056,-0.030790057942489107,1793.1161297138817,1363.587498258594,825.0051752352033,0.0,0.0,7.643335077684471,-41.87047525027499,65.05967800667385,67.90907593164854,62.113144040164656,77.80821116988207,64.35269114519332,57.79276499718048,61.375140174169715,67.85587316901633,58.47720225934707,68.54106064731457,71.69994173481052,69.21325816963088,32.80713379017121
654,1949.4264353697513,1366.0529576850217,0.4139972651571919,-0.004185641497421093,-0.3151714682319162,49,0.0,0.00797242031173972,1.145314401155899,-0.14731180390412446,1949.4264353697513,1366.0529576850217,723.4195373848609,0.0,0.0,7.5558765932952126,-41.86933303588365,52.18465147696581,43.700224118302536,69.19819944774164,57.128965616763374,67.89023285888054,63.10510376904274,39.244829135788464,55.94659000616364,57.9538680304995,51.24623528037765,69.78046197697043,73.32671807049275,22.713457596871866
655,2773.407225550481,1365.4909629351625,0.22163191582486444,-0.3063553021373988,-0.2794599626729526,49,0.0,0.008705869341278542,1.581791962737302,-0.4978734112790844,2773.407225550481,1365.4909629351625,919.0919939215403,0.0,0.0,7.094857339378145,-41.86786454414307,63.86219292176973,69.09225642925601,72.33827164474368,71.5330518578345,89.34302701338954,84.16293290200647,60.41884905140614,74.27449092121552,85.48914179668265,74.19457383902505,63.36677574759725,78.38706033132787,32.629369465285784
656,2905.5212067054495,1371.044023584776,0.44519313272629085,-0.09524482497759051,-0.35461265657619684,49,0.0,0.014733880109408487,2.292188499328478,-0.9006258229984536,2905.5212067054495,1371.044023584776,977.7035462826494,0.0,0.0,7.020972084735518,-41.86510649023604,57.12481379193198,63.518076229143816,73.75979971750795,79.08770695000476,68.9546965162109,81.07068475825332,78.71592516583003,91.88175319196714,76.36058414530402,89.19239399151542,96.48819519760096,77.0331263605576,44.51579026682158
657,2382.0853599177644,1373.2997567196637,0.47700147818747024,-0.6712361278348075,-0.19027116817055517,49,0.0,0.008767562256400362,1.2760551653927668,-0.2646736246536819,2382.0853599177644,1373.2997567196637,732.2628704996004,0.0,0.0,7.313817812887939,-41.86564946745519,47.402500402378934,64.39803394152136,64.82719598543515,63.03895272131663,44.440431475424234,62.22107875810731,60.85137479172458,50.13802523854224,57.01443644446226,52.430263545550524,57.04806629825648,68.51170388506151,39.94080701181912
658,2568.4610347414323,1373.0982537582229,0.6588503480381784,-0.4583833560150175,-0.5901005421368835,49,0.0,0.01055835100183505,1.071872770562953,-0.07535809603727389,2568.4610347414323,1373.0982537582229,758.7465026114787,0.0,0.0,7.209546236120879,-41.86529072640209,56.78855075578732,69.45142701684662,60.319069227511136,66.49045014953516,58.288008301829,54.25359108708397,49.93988835184511,70.5171801140257,66.87265432024822,58.339418818843455,66.75647979936184,54.69900464035596,26.030780028205246
659,2543.388783906604,1374.7472050490228,0.6312166891372133,0.4936401655935499,0.32918753195290607,49,0.0,0.010448302280300095,1.2967941112753119,-0.2821775742987787,2543.388783906604,1374.7472050490228,767.9623930036491,0.0,0.0,7.223578793061022,-41.8646687382114,54.534894903036346,58.83056942959618,64.65128651278808,42.202922873301446,54.22454998196532,67.62388549729027,65.20358574234419,66.10419135351063,61.3643090984808,59.48374907136116,71.4179976987055,65.43633630859836,36.88411453267084
660,2508.8936613473606,1375.9704280924407,0.9597940437982996,-0.18964346644796762,-0.666702482867478,49,0.0,0.01318090117677516,1.1235379705398618,-0.1264693855177826,2508.8936613473606,1375.9704280924407,762.7689773439279,0.0,0.0,7.242881342685022,-41.864245781332116,56.48146455094182,44.73552465050574,64.33497780542722,76.22302335262681,57.484236447183996,61.71666259084378,55.95870456954994,48.143669850702,61.768587852952095,65.53546137893831,65.9651171328545,69.97914948203334,34.44239767936827
661,2441.1587908554457,1379.475336216575,0.9080972143817075,-0.33747615415302856,0.08031573253460447,49,0.0,0.012375539123654524,1.1060436537697662,-0.10943067053468737,2441.1587908554457,1379.475336216575,767.7099064522454,0.0,0.0,7.280786779975189,-41.862946294429705,52.68020535950973,56.23525350067853,56.53472532613693,74.86852868394743,47.82338902155851,46.64254143979731,77.4499259163954,55.7455246907803,57.718487722723296,82.80201548850695,62.36584284381253,69.10321660708189,27.74024985131655
662,1211.2652388293313,1383.518789670794,0.5884750618869118,-0.6224284815615496,-0.23880312156718886,49,0.0,0.012023570989054799,1.1625710880602795,-0.16354879575096748,1211.2652388293313,1383.518789670794,4558.91683825448,0.0,0.0,7.968875912111198,-41.86201527520317,314.5017170414371,389.73007637000205,338.8165265676001,364.0432055312267,379.75596075615135,380.5417575004713,340.53348304365414,381.3855731192321,377.28491918366086,360.6897233487057,364.7299990865548,390.4317516744418,176.47214503134217
663,1470.2521447509018,1383.576301954224,0.41761851122724214,-0.01288815616468361,-0.08734622513175301,49,0.0,0.021289320254655977,3.2569763994523875,-1.2820365290305946,1470.2521447509018,1383.576301954224,1214.3883547501255,0.0,0.0,7.823981525950008,-41.86217395593326,94.61755145799873,79.34913113834342,104.5728464431042,98.11464749177867,106.147568452275,116.00262292001926,103.2809544800979,94.24966947745956,102.19043205293755,91.27593487437738,82.48999064769755,101.36946095636263,40.72754435767345
664,633.0478501483171,1386.113744554288,0.4958136910972201,-0.08480353917072964,-0.13103757541688682,49,0.0,0.009514094676861522,1.3141011150293633,-0.29657195950109344,633.0478501483171,1386.113744554288,785.0723795714257,0.0,0.0,8.292346927083445,-41.85986919797473,55.350605061082895,54.97496410680857,64.98092199220994,68.6126311395715,62.650759359306555,71.43775323543936,70.24050506482757,59.77135692514671,58.010456831948375,64.55807556639776,62.974128949872245,66.6805408060662,24.829680532747986
665,1216.61133394814,1386.0088434190238,0.5991092134380789,0.12424956451941901,-0.1804560992541784,49,0.0,0.22614824429486827,32.91121998877009,-3.7933599537282214,1216.61133394814,1386.0088434190238,4784.551074557468,0.0,0.0,7.965881496959605,-41.86098337362956,331.5202811157908,401.2150792813777,360.35601051255185,375.1182013189438,395.16323476122193,396.83792542540107,354.0021971327123,408.2866857864376,404.1510298459918,382.8343132177629,382.8034617311207,408.318558801259,183.9440956268964
666,1952.0370016461395,1386.9171153727434,0.47999346431275963,-0.17513580020719052,-0.13753020912744027,49,0.0,0.009722469071361105,1.294101260574955,-0.2799206506237137,1952.0370016461395,1386.9171153727434,786.8016824763456,0.0,0.0,7.554442605638137,-41.86063722801896,57.267369025133675,67.67470706598485,75.99374917149643,67.16145706614644,62.604097759804475,44.36668372606694,53.64033457816052,62.62224051608085,68.85596119961582,64.50381654070804,62.35672299974867,67.96630470412961,31.788238123269217
667,2382.2274434364886,1386.508530183947,0.6713721665416081,0.2090389333777492,-0.21516014614725773,49,0.0,0.010588734797058704,1.1340591014580697,-0.13658922097835607,2382.2274434364886,1386.508530183947,725.7616843933388,0.0,0.0,7.313775898121714,-41.860145684526735,50.676669741592356,57.127462563761824,56.0754781934583,53.455127338218404,48.910339222376635,52.35607586453666,47.85287738637487,57.89838594368778,56.53702628468247,68.42745135606441,80.81167541993953,63.020020173654856,32.61309490499084
668,2845.4254636025553,1386.5629291333425,0.5493389105928048,0.7678737514952236,-0.32712846273148133,49,0.0,0.00862032604585748,1.1458780393931813,-0.14784599076867386,2845.4254636025553,1386.5629291333425,785.268710714573,0.0,0.0,7.05466166169521,-41.85884881174156,61.74384693622355,66.57650421684963,54.552642516354744,58.06980988503442,52.87515888633742,59.11458116764846,77.07478880236178,57.09458387565624,64.12994502783452,68.16209052838113,63.363764606126544,80.95149907586382,21.559495189900733
669,1349.5276268650944,1387.9569745122405,0.6539511444660278,-0.005071492579086145,-0.3936464505433272,49,0.0,0.03854147393822863,4.757276758494347,-1.693396043985236,1349.5276268650944,1387.9569745122405,1345.6556969319452,0.0,0.0,7.891518987126073,-41.860286207236754,105.87890969350677,96.26864489419921,110.13897682295377,116.86924940787452,98.62782317273735,86.41677103859672,96.99135792512914,100.73911653656339,104.24655032669372,118.05291167330148,114.86736446359832,135.70746553857214,60.85055543821862
670,615.5526122342571,1388.708585884554,0.4733950900789534,0.33486194317515183,-0.2300106245075652,49,0.0,0.05380965021077747,9.117778334534236,-2.399722574276944,615.5526122342571,1388.708585884554,1669.9072256493446,0.0,0.0,8.302124631094816,-41.85874170152871,122.68178039773858,125.1502756242541,127.96700955173208,129.90686806246174,138.016839240305,132.1436080273155,119.68055718052157,145.6092717468827,129.6246489183328,143.77078550886765,155.69848769347317,143.81540607411222,55.841687623347674
671,686.1363547475971,1388.6227804161758,0.5448614488735097,0.6780718175986846,-0.3349719570029829,49,0.0,0.015226191772465997,1.1488117614173516,-0.15062218295871546,686.1363547475971,1388.6227804161758,1913.3826706633213,0.0,0.0,8.262640169627451,-41.858959417740294,159.7583301928962,149.03967678587145,145.58460706260811,153.8394947162972,148.71873021143062,158.23036629243063,164.03287736113197,147.95640982225302,160.11299859102934,154.58522835308605,175.73739900413696,132.65247571428546,63.1340765558641
672,1202.3501556962226,1388.5263988997951,0.6524725871932106,-0.12393836593880282,-0.31835968349309995,49,0.0,0.011074144245527936,1.2321598112563443,-0.2266675988032698,1202.3501556962226,1388.5263988997951,918.298547129562,0.0,0.0,7.973856303186068,-41.85991926276634,52.44165556810448,73.26081715709634,72.2613489083102,66.62319110180931,86.82602704571909,89.85715728563099,81.26563236597786,58.99194564104802,65.36823064301666,81.70710637799566,76.3900136016138,75.8349956905039,37.470425742735756
673,2787.0677729221134,1390.4239906420844,0.20037460365725243,0.09953610238061539,-0.026638373102050198,49,0.0,0.006099905354319838,1.1314591730630847,-0.13409721933865013,2787.0677729221134,1390.4239906420844,762.5722869518281,0.0,0.0,7.087322452758665,-41.8574327439638,52.45108561671872,70.18394172725164,48.786027790998965,62.270991281879375,57.609645930684174,54.30961035764921,53.972258135015586,53.859878463421886,66.64926760301842,75.11334557998069,65.10032195142877,67.03672424436019,35.22918826942056
674,708.5063158763377,1393.0164874873096,0.6032623624976635,-0.048949337815817895,-0.2351096914947522,49,0.0,0.00960509840490206,1.035166539118625,-0.037525563375793256,708.5063158763377,1393.0164874873096,778.2468351479145,0.0,0.0,8.250111978985672,-41.85718362811832,66.15356319306605,64.01113808456745,64.00273638888112,82.94155022741124,63.28914807736494,80.24358317582076,46.95298899991893,61.697478701423734,68.84875350907039,50.43145406437042,47.02802379907826,67.5222114424908,15.124205484450336
675,1582.1987500660027,1394.2286267022403,0.7941165585156742,-0.30083245463812275,-0.03265398980892188,49,0.0,0.011583647650789904,1.2728329445000393,-0.26192851886967433,1582.1987500660027,1394.2286267022403,803.1641694026007,0.0,0.0,7.761350127454658,-41.857758073545135,64.19477187250317,67.97981234382138,77.12030901525529,81.13556654959966,73.68694320112652,53.6776949489755,55.8243937754644,47.616847058369245,70.65191244850847,61.12229126624,61.126745358576244,64.64269998592971,24.384181578231136
676,2747.614511683468,1395.5057843543707,0.48346371422819434,0.04875770134084065,-0.1880640233588992,49,0.0,0.19136565069614214,30.87979833831038,-3.724186138741097,2747.614511683468,1395.5057843543707,5008.2274362092485,0.0,0.0,7.109412716391999,-41.85544043046216,381.42005857542676,381.78639499754286,386.2843497482446,411.7208665398706,433.1649805222926,396.1548937733063,439.24168063369245,370.18173247533423,421.00284547872235,405.83240010731186,395.2804698927964,398.1752485290208,187.98151493568668
677,1072.1314589900228,1396.9190828932176,0.7869012853537749,-0.04268148209908118,0.1257754913845034,49,0.0,0.011006822657709548,1.1238085590154665,-0.12673083848207659,1072.1314589900228,1396.9190828932176,776.6338714286137,0.0,0.0,8.046689730192135,-41.85625859094691,72.52931307125982,67.45023417585048,68.3300891601972,45.8309188024774,82.31103297499942,44.510705827544996,49.55445516309176,66.14548617618996,62.15443241987305,70.3820790420816,53.983508855821285,56.378492736088035,37.07312302313871
678,1144.8945982940224,1396.5586189111757,0.7797582834258631,-0.42077718930556285,-0.35096484497953545,49,0.0,0.010167256504319537,1.00204931586683,-0.002222739660881607,1144.8945982940224,1396.5586189111757,768.369353552566,0.0,0.0,8.005986033441465,-41.85650595865161,75.50487037616159,70.28133221464302,56.26902711784925,58.521069838565616,62.37463410331857,65.60724089035993,51.674600287650115,59.11056547160772,71.11577770708882,50.260211505084314,58.047399309942634,57.447016096484404,32.15560863381013
679,1456.2168374866994,1397.0050753015619,0.5999213027569413,0.1638011885359172,-0.15324684631533844,49,0.0,0.5827036679951613,86.30310401021117,-4.8400660399909174,1456.2168374866994,1397.0050753015619,10868.527357257308,0.0,0.0,7.831826789696513,-41.85657342147458,839.8180892899683,812.627873043862,856.2547630088125,859.3533989955613,898.4125069228326,882.449721233457,863.9576454383922,838.7635388706576,923.638024740414,927.1425148586147,862.5572176233904,894.5798745555696,408.97218867577556
680,2108.9578552211037,1402.4611762843879,0.6185883847360099,-0.10212739795531564,-0.09454547767004527,49,0.0,0.008972429339864411,1.0372018401447547,-0.03965819649666867,2108.9578552211037,1402.4611762843879,703.6554884881944,0.0,0.0,7.4666823809862946,-41.85397743792287,61.14804676661589,51.439838142723595,53.55982614068945,69.83654878191155,58.314387310959134,50.22432818369222,46.97585761001506,64.97167089874004,60.9277488216758,43.04902176289813,62.97172036094081,60.52215541717617,19.714338290156604
681,2304.937339300709,1404.8536774603158,0.9586360716492086,-0.002717099571381794,-0.03285484838900206,49,0.0,0.03408297196101211,3.470272153289272,-1.3509088383006573,2304.937339300709,1404.8536774603158,1042.801469447787,0.0,0.0,7.357061283108899,-41.85265799295322,87.48774063859227,89.04932560924806,78.67114502433918,85.76138428441637,82.00184977354577,65.72037206508195,75.18836837685919,85.51816927288024,98.9921802238915,85.19511913303558,80.45956494042392,83.3230441511889,45.43320595428396
682,1814.9837165100328,1408.5072011465438,0.8567203523141855,0.3511572254778879,0.15308158304270392,49,0.0,0.011671262849644893,1.1351538732006983,-0.13763683829979012,1814.9837165100328,1408.5072011465438,705.0880760999327,0.0,0.0,7.631134345267719,-41.85174670517192,46.73588713624153,64.23069353520195,55.2279646560164,55.722273457150564,57.877518725865386,51.39715520061305,51.44641826661338,60.645116813602115,59.76579811784147,69.25826067619323,54.81250857583194,47.66603556872401,30.302445370037617
683,1709.260823133218,1409.5847690303772,0.6492047005432203,-0.14272675446155597,-0.016344625525104878,49,0.0,0.008918507775975535,1.029150259430376,-0.03119696964994588,1709.260823133218,1409.5847690303772,667.1675565383057,0.0,0.0,7.690273778764418,-41.85134409649187,59.89666665946899,39.143355326865944,42.26319692464083,55.579127942754795,55.60752044992417,67.77358184998849,60.459122220858305,56.914776687359456,54.65465604055224,51.78849047992664,42.57953068344275,61.46488391672337,19.042647355799673
684,2534.0540422904273,1411.1847768510215,0.8656960476166705,-0.5049360698509789,-0.3937897311735934,49,0.0,0.0229401706435446,2.04214141052499,-0.7752145300827877,2534.0540422904273,1411.1847768510215,1126.254493607914,0.0,0.0,7.2289249284401835,-41.84951086123029,81.36665057203919,91.33482143337166,90.12146008184982,107.97918738779927,76.34464258392217,85.21502453193818,96.13570855823718,93.93387514077963,79.26994742009455,93.64942216985645,114.50865549505576,79.51991284770332,36.87518538526684
685,2893.1762824334432,1412.6858022624342,0.7696367938500474,0.5594288432114601,-0.43160410947006883,49,0.0,0.01578939452804347,1.5518064433810947,-0.4770938770126718,2893.1762824334432,1412.6858022624342,1018.9167062466445,0.0,0.0,7.028073993702748,-41.84780070445128,80.76038671303897,85.05023632142286,79.93579488271186,92.77452094384573,85.43525138819471,63.188679164508684,76.97590277159418,74.11473652604087,80.73371800116996,68.77813262408475,88.37307464023813,98.60754127776133,44.18873099203245
686,617.1515922389794,1413.3753444643141,0.37615026277554997,-0.29032130102337805,-0.42452699845784997,49,0.0,0.01286141251844243,1.9120870022005412,-0.7037691232445208,617.1515922389794,1413.3753444643141,935.6722816323758,0.0,0.0,8.301141917089202,-41.84846865195577,85.84754973925766,77.21205465335294,60.852053264355334,65.81011683521949,81.11524572687831,80.40911511896343,58.71494764543993,64.41936275007818,63.42792215338473,89.7081209540067,86.44853370563314,82.26070386348079,39.44655522232519
687,1608.5163761803033,1414.6224790500273,0.696612870036533,-0.2645887741175591,-0.26670592720351116,49,0.0,0.01859319468093716,2.2496682424367416,-0.8802961940536592,1608.5163761803033,1414.6224790500273,842.13816492028,0.0,0.0,7.746627829439901,-41.8492610197844,57.06944224116172,70.44815781088036,65.29078056437467,64.32116049230696,61.8952593979877,78.64307652322316,57.88689228722856,63.12848328628444,75.17102512020786,60.60708618373553,68.94493476575676,78.54033144085221,40.19153480628008
688,2098.60982886036,1416.9053606653438,0.7526302910725892,0.4273294886587779,0.1681579860379637,49,0.0,0.01504068381089559,1.3632619018236012,-0.3364482448513949,2098.60982886036,1416.9053606653438,963.8386031413692,0.0,0.0,7.47249711099375,-41.847973246528376,82.28113840710334,62.161838795092315,72.58340372249756,77.84067098507393,72.72324259829483,80.99292872902627,72.6844350185562,86.03785892940255,78.15875113738235,65.88712375788703,81.58108169940357,88.71207911124027,42.19405025040905
689,2190.665334637697,1418.2425497550944,0.5791592000395536,-0.06134843761369205,-0.17311731030262575,49,0.0,4.512867515054808,665.9935092525271,-7.058674991433458,2190.665334637697,1418.2425497550944,87962.79094991765,0.0,0.0,7.421010339572293,-41.84728016187495,6547.186156306312,6930.959376740697,7203.656559070958,7065.075446656156,6890.502342667893,7061.821670007437,6894.531612230692,7113.336819672721,7293.862512702082,7323.960495121641,7180.59790006261,7279.887306576342,3177.412752102113
690,1431.717615294398,1418.9096666528583,0.5377849820875769,-0.345686817613652,-0.38179505926503504,49,0.0,0.008119229899762246,1.0820197116606969,-0.08558793147233892,1431.717615294398,1418.9096666528583,764.8488599456672,0.0,0.0,7.845518681300662,-41.84743612844243,61.772926390787276,60.522266084674726,69.18286288434604,54.5340128494402,61.30655173123826,69.34625541094678,48.446286734018635,56.04194913703943,68.92602313969635,62.895618801937005,53.31343423620484,64.40024739615205,34.1604251491855
691,2115.787475281002,1420.3617347489967,0.43608786125335863,-0.22013166823806518,0.1597873765573092,49,0.0,0.03742218834409222,5.56881360803351,-1.8644067050057718,2115.787475281002,1420.3617347489967,1699.8031815631234,0.0,0.0,7.462895535831541,-41.84650949132532,116.90954737603712,128.6145177898917,130.57281256140539,133.68878576565132,141.99568235054204,158.37699377164716,136.42904268837142,144.59684462298156,142.5328220921654,122.6707192856654,142.26555389531478,146.27692442881502,54.872934934635296
692,1588.1012514830231,1421.940446504833,0.8508371315254084,-0.0007484737316896702,0.11601016398802548,49,0.0,0.011673198382887622,1.129200098476758,-0.13192726837351046,1588.1012514830231,1421.940446504833,749.0671954299887,0.0,0.0,7.758046835903032,-41.84621175065387,63.75174728597257,53.30211308668724,62.73586410240005,65.90277549062557,66.6455652106308,62.95317570103891,30.07947845518457,65.73804156541802,58.786288500136024,70.18712394492707,55.384175204079085,65.7436374520781,27.857209430810848
693,2013.1763122442771,1424.2259601021547,0.5410462556118952,0.10283954979040802,-0.2735594492345573,49,0.0,0.042094211368587334,6.092732175732171,-1.962030219577512,2013.1763122442771,1424.2259601021547,1575.4845148876498,0.0,0.0,7.5202942521216265,-41.84502860732728,108.21316601201744,109.52862513574351,106.64710791798343,156.09762734005636,134.7515843626144,123.74242891811176,126.79446099596551,134.49633959763463,128.30234835889036,111.24940592649142,131.52307956556683,139.99498205224614,64.1433587043278
694,2216.5862092024277,1426.3170954034922,0.659006086964935,0.4780856360956491,-0.1662664925595182,49,0.0,0.010757871105197036,1.1588876116162836,-0.1601033008201841,2216.5862092024277,1426.3170954034922,1011.3967786137235,0.0,0.0,7.406530263176164,-41.843873410256755,80.80880528518053,65.69123119367669,83.74566146938798,95.47310327194722,71.16615113267954,77.03397480916476,98.40623875307776,75.8157391044235,87.80274755569755,88.99018199215759,72.61922937215334,76.4188629139319,37.42485176024516
695,169.00749396014547,1426.8565173887387,0.8482210996768735,-0.5092237110490602,-0.9745860204622118,49,0.0,0.009409961538578164,1.0674758369979496,-0.07089513318358238,169.00749396014547,1426.8565173887387,5238.918251725659,0.0,131.4898239023069,8.551710939600941,-41.84138376537615,59.37895127595253,342.3157711060529,54.93857173255834,4381.665616374033,63.019313065125694,17.485245385612743,70.13532312149361,18.67296597758092,16.28114873358959,52.36591454386064,64.96564202343278,19.436087549201623,78.25770083716588
696,618.6460404225553,1428.148166727947,0.5181873199329035,0.2750582776307165,-0.17157790125794817,49,0.0,0.009587051871588616,1.1760908011278344,-0.17610213280787773,618.6460404225553,1428.148166727947,818.2576277047251,0.0,0.0,8.300253301493242,-41.84231758713455,65.59881679517895,61.42558337803756,44.521613632758864,54.89739960296406,68.77821680860764,71.12625666317233,50.80648845162466,72.00082374379096,69.80950946719554,76.83356206987276,72.50398884770661,66.28146880549887,43.673899438316276
697,2040.8617654414804,1428.8273765958213,0.9339014449604721,-0.20137501185624887,-0.3123060083276654,49,0.0,0.03405685359437349,3.434045294130614,-1.3395150477241982,2040.8617654414804,1428.8273765958213,982.2428128987597,0.0,0.0,7.504816814293959,-41.843079329609104,64.73460962460231,100.06173117274396,77.92741502696737,79.8838135035943,92.41310266220064,82.10185935102861,86.6620813949223,69.41875955733747,73.27171566226366,57.186030895364084,78.52447789922168,83.28630820229989,36.77090794621331
698,830.797653252479,1430.5580497227854,0.506640581601984,-0.9602962223417335,-0.8895822683581276,49,0.0,0.06271045656639603,6.8469302465836455,-2.0887397587371868,830.797653252479,1430.5580497227854,3420.0795523671677,0.0,0.0,8.181597283597265,-41.84181759566772,239.65379337741246,268.93846967705883,275.2998852709303,286.659343040039,288.4068749103119,271.8553987462708,282.9682882358119,305.6736112720637,256.5693197710568,288.8478094161944,252.74357359713426,270.0490185580173,132.41416649486592
699,1560.9790932924257,1430.0878113427616,0.635545841223698,-0.12778963329370546,-0.34861803679662906,49,0.0,0.0258819226808973,3.2527831945581656,-1.2806377938141722,1560.9790932924257,1430.0878113427616,1166.289105145517,0.0,0.0,7.773215902297254,-41.84281511041102,83.46372991756186,93.0859062499469,86.59472897349181,85.10244975620964,94.2950144398365,122.4538086406344,97.59557121912701,92.82645206079839,88.99583471098349,96.96775750580204,84.93415195139755,102.73609841214345,37.23760130758384
700,2263.61737488769,1431.9601444734142,0.5901924412150646,-0.2683502865506773,-0.5617419956991258,49,0.0,0.019573457675204742,2.5038155294647786,-0.9965058218424878,2263.61737488769,1431.9601444734142,959.5181911985948,0.0,0.0,7.380239702097004,-41.84144057268949,71.14427112512885,72.79346635782154,61.00873471437009,86.33902524083766,79.67229127719435,81.29229322629983,73.34348240235532,76.02807282875902,87.42979578402054,84.66392185296671,65.93460337537513,91.7627047198487,28.105528293617077
701,2606.0309081587416,1431.5138630634738,0.47207118295707606,0.11587563650871245,-0.1522366980131201,49,0.0,0.09580878501480092,15.812254529846937,-2.9974844914127097,2606.0309081587416,1431.5138630634738,2745.3181854865957,0.0,0.0,7.188741243745069,-41.840851450785806,211.95225410169067,220.58092748579563,220.2934807291591,199.16635603420752,239.7165633216622,224.2824478334961,197.05632538889375,239.08330348456852,217.05533598273385,249.83844522758068,211.70221280025956,210.23314576839982,104.35738732814835
702,2765.1689951412336,1435.3735955971406,0.6442881162027291,-0.2144222003793665,-0.1036338951843839,49,0.0,0.010483754720815424,1.2761924989819209,-0.2647904691528261,2765.1689951412336,1435.3735955971406,758.7992456167224,0.0,0.0,7.09976241744951,-41.83877486901756,57.8799286842282,53.213869479701515,54.381844778202485,70.93627373948564,54.418092663017035,63.288961007468586,42.406942946873905,72.83306062013321,54.636114425600184,67.27381501525818,67.39988698434007,69.12974865861808,31.000706613795227
703,1946.2786076697228,1443.6599000546378,0.4148277915081041,0.22475294268740886,0.06519923379293535,49,0.0,0.014412489124346287,2.131920002254731,-0.8219272606997001,1946.2786076697228,1443.6599000546378,1049.6359932479704,0.0,0.0,7.557735518516607,-41.837000029673334,71.94745173372601,95.35193888417203,98.08334828906807,76.13617011166974,86.88639180092426,70.96175036482293,90.61913243496255,86.7511344525676,94.68960220537312,87.41694030685922,76.27127745600797,81.44734053830513,33.07351466951187
704,2253.271616842255,1446.9151200641966,0.6343305902911336,-0.14020935792207403,-0.5604150037023009,49,0.0,0.01163190470010455,1.3198535688639328,-0.30131437770785746,2253.271616842255,1446.9151200641966,864.5794118390443,0.0,0.0,7.386061279792586,-41.83522793558003,62.37982967898775,74.91654210362009,64.38201116680928,80.39699193476177,61.96012493616061,76.59290495100153,64.75943343079406,105.13987197021025,38.05224903884376,58.76928835352298,86.27546683627425,52.2989367740431,38.655760664014934
705,167.78534644790568,1448.958209386087,0.4448516786724835,0.4194622880270074,0.975077265802021,49,0.0,0.006068430969791955,1.1227635956769988,-0.12572080672443134,167.78534644790568,1448.958209386087,752.1913205854007,0.0,186.19425365492057,8.552279233382357,-41.83217089114519,54.89004314511947,96.63063042643735,31.947986801561274,21.283324371178683,59.023116197101295,59.281405120579365,44.47737353660999,57.069745606241,168.09954056664438,40.4431611940126,44.90463780789895,48.52240190045523,25.617953911561226
706,976.1995453774234,1447.8429021940756,0.5229497307814122,0.14685576626440788,-0.5252553385683252,49,0.0,0.009175131286643639,1.142874461309447,-0.14499632018140013,976.1995453774234,1447.8429021940756,771.9236351938823,0.0,0.0,8.100238727694402,-41.83489068028804,64.81250009682387,60.15633896819661,56.63525574524863,57.56223342441038,69.11254180809308,57.74973980647977,58.9949856150825,61.66225253119411,63.01926826862785,65.92017119037367,58.41156385829841,67.47470348635613,30.4120803946973
707,1631.7442536111532,1448.4167723313205,0.9229910318856751,0.012282683571761613,-0.134535404378904,49,0.0,0.0206163095163174,1.9826733899022144,-0.7431279445579173,1631.7442536111532,1448.4167723313205,890.619690070864,0.0,0.0,7.733639001569069,-41.83517884878271,63.4499360418782,82.32735663150822,80.5795197058332,65.85828656945671,66.46907010852487,67.52473271480024,84.72423668088783,74.20165123786734,71.61303461733232,70.420442404522,75.10372401438747,67.30230380974861,21.04539553411687
708,1173.9362608840333,1448.5940886235499,0.4507623603914311,0.5612132636195176,0.23653463758905216,49,0.0,0.010226471498835233,1.4889806174835682,-0.4322226111119388,1173.9362608840333,1448.5940886235499,758.9205138805387,0.0,0.0,7.989659041827337,-41.83485951026671,58.467918839106154,67.49104040651903,50.609614866757624,63.60613733299938,61.685184338254466,46.7956673200698,64.50678299979789,69.71569302533815,64.80089631291936,61.60467475355945,49.10515344244567,69.66619583946525,30.865554403306426
709,499.1095412455002,1453.827612118928,0.4808593040697264,0.6240686288012269,-0.5328894503063014,49,0.0,0.011133227738478236,1.4220981212520898,-0.38232390668090976,499.1095412455002,1453.827612118928,929.1685501321267,0.0,0.0,8.367001200838244,-41.83128064173497,73.1804640412285,68.93075213621503,65.57970600978611,85.65852579695746,62.19741313748797,77.14669665761537,92.39169423478765,86.71635733322687,70.79522578806112,60.35712326031957,74.66630741756072,74.46269845005169,37.08558586882876
710,476.1428835722083,1455.5005820773554,0.5179807254784068,0.6176507056936446,-0.7054190436287552,49,0.0,0.03914436189003946,4.710217690756377,-1.6826024481351463,476.1428835722083,1455.5005820773554,2602.9849639550634,0.0,0.0,8.379836126314231,-41.8305142975589,186.79740825817828,214.3155569828134,201.47265216431452,230.32380661050786,204.38101455582256,192.42753800606022,211.3238622419045,197.14109840000037,226.49846892244858,205.3020666354373,235.56473085735902,195.3632790769782,102.07348124323903
711,1937.721729849307,1456.459066022215,0.7842971088400911,0.1636971294766407,-0.11444355220838627,49,0.0,0.06733607593721153,7.781301490189597,-2.2276306064636655,1937.721729849307,1456.459066022215,1647.8324279673843,0.0,0.0,7.562536602336847,-41.83167500611648,111.4163644774334,124.80919253510703,131.76439542511042,148.71321604435218,145.3766223618108,129.5050055768453,135.94103560382626,140.91760942982182,124.75856612630416,130.6293128497104,124.79047418576647,124.1881452802585,75.02248807103753
712,2667.0479981327094,1456.233181055756,0.6064609150093806,0.1996102049641231,-0.15817318718535137,49,0.0,1.1892999019347499,172.00654322803996,-5.588862420085459,2667.0479981327094,1456.233181055756,22219.012544598736,0.0,0.0,7.154714027324001,-41.830380804722544,1710.407185203771,1712.2245354537558,1792.3574300994833,1833.2783139528478,1808.189709047163,1735.2078577323914,1853.7928263830777,1812.5380993901003,1752.05889028837,1818.3579163096683,1824.2656211662215,1802.5953515422768,763.7388080296034
713,2691.3526514103073,1456.8455707514468,0.3596893401893079,0.6558509949151337,0.22199377052172845,49,0.0,0.0070637048470861994,1.1452024949504922,-0.14720571377307096,2691.3526514103073,1456.8455707514468,748.2142499459788,0.0,0.0,7.141126669860092,-41.8300545572632,53.825070191676964,67.64977987555619,65.28520144000962,49.69191571125457,48.79420659165735,57.50747889927024,60.58944886298941,55.993489378617,47.69832664275773,70.55237187002344,61.01273096867531,75.33302998598052,34.28119952751047
714,2828.303127883209,1456.8192867329963,0.9623263610793786,-0.20504903207901115,-0.16042073932635278,49,0.0,0.012322880955224956,1.0501661554870394,-0.05314504458510674,2828.303127883209,1456.8192867329963,708.1595474451469,0.0,0.0,7.064553232027981,-41.829634945764944,57.99422298548866,51.36187486736134,59.275407900399784,52.941031091944026,58.55623146284788,49.77509596186124,53.47437732849766,46.879013881686646,58.697570087587025,59.01373362294274,68.10149549116827,58.60051951799581,33.48897324536584
715,297.081922155097,1458.569725527486,0.5825544948250798,0.5831141567119122,-0.5549584699200227,49,0.0,0.023021743135556466,2.6080914592607525,-1.0408070423772855,297.081922155097,1458.569725527486,1357.5789411840628,0.0,0.0,8.47993983182818,-41.82864614063423,119.12225953863688,100.75690775841929,86.85651938529826,105.38490428367365,126.7510350215509,111.17791298255187,100.07244012272443,110.99583408505333,90.12254496514177,105.48794477176445,123.07801505115373,122.19412130359277,55.578501914501146
716,803.3804748731645,1459.104566605673,0.28776344545359284,-0.039301285053875014,-0.08624208540024954,49,0.0,0.00984127524210138,1.7240341434103892,-0.591364656256381,803.3804748731645,1459.104566605673,887.2520972771208,0.1655395395529824,0.0,8.196848039415517,-41.8298653141437,62.78874378176256,68.26635899253512,69.87681598961052,57.6942400139251,58.87748417697685,89.66454735662774,86.17439779482868,62.274473570558854,67.01387190913373,76.47367778597592,104.62008799253877,57.485740837932184,26.041657074714767
717,1499.3533987056774,1459.8504723021222,0.9308595806932486,-0.20649420211892874,-0.04509312393287387,49,0.0,0.012691978481319942,1.1287001313455087,-0.13144643895749936,1499.3533987056774,1459.8504723021222,806.1091979353273,0.0,0.0,7.807672215983471,-41.83040226327496,54.89050741493265,69.37200030575278,77.13439061989845,70.78828451796448,68.56728407734693,61.938950886928865,70.56039813232577,62.97829752644721,62.08274883334258,62.41444878195212,56.999716183066376,66.6794134453222,21.702757210046876
718,489.55919488046874,1461.0171035558528,0.5294338568285142,0.5654959605521275,-0.7015639141348973,49,0.0,0.035118100576629015,4.3914781182723415,-1.6065268077595063,489.55919488046874,1461.0171035558528,2206.3716239339537,0.0,0.0,8.372312231010183,-41.82825654907253,164.43252880156032,177.95174860950982,180.70928464122443,163.18808677895169,156.56639752911417,165.4129326388773,181.94682581561887,200.87993721970017,174.07463295452305,177.57678304015144,177.9344176379866,208.1119005152017,77.58614775153384
719,517.7282421346088,1462.864905059399,0.6311275215927138,0.34617998753747414,-0.3131721504198061,49,0.0,0.560255946165839,79.00145777167907,-4.74408776292088,517.7282421346088,1462.864905059399,10699.772332902954,0.0,0.0,8.356554970745952,-41.82757046083497,810.2182020468596,873.7341619376398,841.3080124650827,838.6955381798161,826.3019020030302,855.3491214344388,879.8189101672262,882.4690604032439,896.1524625260204,856.1754546437159,869.5332576617266,897.9425882102946,372.0736612238585
720,2740.516805442009,1462.7051779658848,0.5303128324628049,-0.011853207982190812,-0.06941072101066206,49,0.0,0.02283402046439402,3.0845954628393657,-1.222995538608218,2740.516805442009,1462.7051779658848,1096.4613879488902,0.0,0.0,7.1136614627479,-41.827464489776155,91.87700663709627,84.89448705669564,93.03817137946943,74.90161468747854,96.59714114461133,81.88802258193776,84.89165630328526,78.31115482952784,90.96970340005079,99.15075822929555,80.94691877402198,91.66926055291904,47.32549237250058
721,1106.4416958521415,1467.402564623581,0.5091653583337593,0.37129528973197945,0.010127822547543632,49,0.0,0.032209890815910726,4.8402764244820435,-1.7121754114453176,1106.4416958521415,1467.402564623581,1335.2252079773198,0.0,0.0,8.027369691537062,-41.82693847172208,85.17379814553586,112.28569143363524,100.01525168689217,108.74061915562417,114.18963744246844,112.85453249831038,100.38007831861495,98.42333028087633,117.11128554243851,94.44095375912173,123.99874968836052,119.88912551310467,47.72215451233678
722,2375.0559442660046,1468.826380482962,0.46481076670418475,0.1093938888471137,-0.2584659951401921,49,0.0,0.014235713038015189,2.186451591813492,-0.8493496661950919,2375.0559442660046,1468.826380482962,904.7650537228113,0.0,0.0,7.318019718030729,-41.82586276464402,58.28103682582325,66.76001534492337,71.45240510615139,67.69207450466047,79.32301558927324,85.41128611431688,65.96812367952245,58.11734631594736,63.98686387169784,84.32579611755821,74.37290585178314,93.6437272638131,35.43045713734062
723,2231.790538648529,1470.2381237468483,0.6994891176277149,-0.1285544044883263,0.11662281795896663,49,0.0,0.00977884955443819,1.0361267965303114,-0.03853226415979591,2231.790538648529,1470.2381237468483,757.1833137970382,0.0,0.0,7.398127398508264,-41.82554762154552,55.030576028987475,65.9383852505434,75.39021313814797,63.420280042324315,55.054490181565235,61.89937028739005,53.533390967687794,67.49716999075817,52.701922456904015,59.40550358629454,70.53336963700107,50.362426942705056,26.41621528672904
724,281.1097349556882,1472.2020871234524,0.7286244710508621,0.610681737163675,-0.29636374618228745,49,0.0,0.0184995164638609,1.7998785584165475,-0.6381080083293572,281.1097349556882,1472.2020871234524,1209.6967397117392,0.0,11.48759966031654,8.488804589213348,-41.8229096669151,101.18314696053703,93.3899225169996,99.51850466480522,81.35226637801671,78.52255836059078,92.12825471891675,111.97725621664434,116.1618494238873,103.43506350473609,97.63758801334612,95.63776992267607,98.97279860259152,39.77976042799147
725,1788.7367843752304,1472.2302623109472,0.36032307553965887,0.026409631415687522,0.28924728831326213,49,0.0,0.009889018013743705,1.414983164270138,-0.3768781814386251,1788.7367843752304,1472.2302623109472,1294.5438528994941,0.0,0.0,7.645859890009595,-41.82520985533551,114.88318838294113,103.42769635341695,109.79912670002098,99.37437140351888,116.3224786671235,92.86687246449816,99.72017233727756,100.41762124573143,102.02241871260262,92.6513660394364,101.28528113711602,105.32780286545588,56.44545659035458
726,3105.819013063239,1472.075868950352,0.6112655319790458,-0.031999010716652405,-0.8730913676015537,49,0.0,0.012527978113068416,1.1996533905056792,-0.19763946442183797,3105.819013063239,1472.075868950352,1047.5807797461737,0.0,865.0719177789324,6.909476622753028,-41.82225033327067,84.70254394140031,94.15409895555888,82.44520465824422,74.22832987840917,81.53778133131449,87.75225026535449,80.91164091817282,95.08963995466732,77.33018132073747,94.58392621244059,62.48503131799668,95.42276084951446,36.93739014236276
727,731.5707918042053,1474.249049261313,0.7048418928102472,-0.2861969492701319,-0.46497219386059335,49,0.0,0.013781530247443425,1.543516984507687,-0.4712785318037609,731.5707918042053,1474.249049261313,820.7531200169724,0.0,0.0,8.236953158082805,-41.823393119425326,54.71076367693388,59.29009864766419,52.42504618805984,58.692552226597485,54.33164503976353,74.68249568737238,79.60344333317714,76.39831906042266,75.77087771291136,72.27451869566573,60.49720100264939,67.62998739691362,34.44617134884102
728,1815.4401362507313,1478.52704782962,0.5531428550238253,0.2119586740767276,-0.04976332412175095,49,0.0,5.75049813798155,850.2568372946441,-7.323875332436321,1815.4401362507313,1478.52704782962,124622.20564376784,0.0,0.0,7.630933762960443,-41.82257160586051,9387.064424101187,10019.759055670052,9957.072531915084,9961.66972350398,9860.751378941988,10227.538631903168,9959.670808640542,10133.377856551906,10144.543606921081,10348.31374579946,10079.883519541443,10123.690369981927,4418.869990296066
729,1115.1141800926137,1478.8174687687326,0.5793241091819377,0.1602563818461391,-0.14772852204966364,49,0.0,0.263621505589006,39.41258463999615,-3.989087291051419,1115.1141800926137,1478.8174687687326,5458.361566835416,0.0,0.0,8.022500314938597,-41.82219383609338,382.6718131916641,431.0025478367352,444.3089566973664,444.6722269189016,443.4481202021284,497.59299680485344,414.0882660150561,448.29235355626815,419.3994538139883,380.03084159451475,460.6005682724576,486.05625726669336,206.1971646647898
730,2542.2639134067385,1479.0652382823087,0.6671654191616255,0.0030127023322752693,-0.2627105946310824,49,0.0,0.05311480788503357,6.800135129582632,-2.081293857298305,2542.2639134067385,1479.0652382823087,1493.9904526398861,0.0,0.0,7.224565406533608,-41.82120767491173,117.33837742624786,111.81042176337803,130.5450430261789,114.18822609993171,126.79392648394509,118.2508720880607,105.06483381198422,112.86898924054421,130.36080943441016,134.88727946712385,106.94190966860826,128.33281446187584,56.606949667597185
731,1351.5883295487065,1481.2046102639579,0.38364304799900867,0.15433045611502783,-0.11875789489312462,49,0.0,0.013496839441512427,1.8547164309707262,-0.6706937985183486,1351.5883295487065,1481.2046102639579,975.5383037292765,0.0,0.0,7.890281714056098,-41.82143459661935,85.67415027991325,88.69544824561694,59.884904338234755,69.72479627620736,82.1419954955687,73.67342665593625,75.78255517091154,94.64306288324201,74.59070931013133,68.79626954347748,85.1774441164626,76.0434588673318,40.71008254624259
732,1937.4761260712346,1481.2282645354142,0.5150462286854269,-0.3372110729658517,-0.04579969174319233,49,0.0,0.016286773732966026,2.208321449915653,-0.8601557271758511,1937.4761260712346,1481.2282645354142,1007.952645907907,0.0,0.0,7.562704285123783,-41.82135479652967,76.32688986051342,72.9089494309147,69.12810624871305,73.8376533428783,101.28864024496949,79.99471370699119,75.57931522594586,71.4468476742418,93.18188835789223,80.39531312726865,83.2006080946874,81.63285997674333,49.03086061614772
733,1166.9380102074383,1483.2124908940216,0.36045854095552393,0.31524674331134084,-0.21550638295138771,49,0.0,0.006846333432505607,1.0518385372767916,-0.05487269614239333,1166.9380102074383,1483.2124908940216,720.8397675960712,0.0,0.0,7.99351806355353,-41.8204271551089,52.60063159158487,49.75701744578002,61.71513326436914,60.514760866969,68.10059037446248,57.89099236371423,71.46512893288016,58.07208769651797,54.19073297579935,58.34339239160411,60.33764181981188,47.56197469686147,20.289683175716547
734,1920.823326830497,1482.8649973736362,0.5725067850438255,0.05191153109191192,-0.1708860285241344,49,0.0,0.2489113930844812,37.60525307826427,-3.938121289417062,1920.823326830497,1482.8649973736362,5182.708190208532,0.0,0.0,7.572016916342548,-41.82068766671548,392.87183015811866,438.19978696016017,444.3054040658459,394.0861345043879,400.74845154299175,409.2519214508187,402.5554877152266,435.6837530452342,479.49186475907754,394.62871023048376,422.86518410586973,423.04715375010437,144.9725079202111
735,2080.993913557146,1482.4945180036582,0.5322239380222311,0.29519895099977556,-0.22241842108733573,49,0.0,0.01526215936936367,1.8580416460789972,-0.6726386100692499,2080.993913557146,1482.4945180036582,996.56269936268,0.0,0.0,7.4824649106576695,-41.82066815564183,55.99283182235625,80.23567266096408,90.36665789604854,89.08759188307491,69.2367606922671,80.17920190380967,80.9345609006609,81.24237912974945,61.374232278463296,85.99806912435358,92.9943120942898,90.11763843783115,38.80279053881125
736,1409.3703556361295,1483.7423722775163,0.3548225704989725,-0.5283581114964176,-0.5837324662460902,49,0.0,0.008251336007818707,1.0654163503483818,-0.0687983934356948,1409.3703556361295,1483.7423722775163,834.6745907230356,0.0,0.0,7.857973327536952,-41.820411667066864,53.563735222898906,61.404537408950034,93.39176638483741,66.72423688569674,71.30223514556499,73.30602568334055,66.34177956959635,76.57043749287176,57.54099876413883,56.133900209299384,74.27271950378936,62.451398600714754,21.670819851336514
737,960.1248995881924,1488.1566811461753,0.6253315812616805,-0.01332896332958702,-0.08294742318192071,49,0.0,0.030963400352655397,4.109699650509935,-1.5345252086484793,960.1248995881924,1488.1566811461753,1148.1567920760913,0.0,0.0,8.109134059658922,-41.81806604463228,77.86245038874085,104.96351091804479,80.10049949370597,102.32797065649558,89.53898796392433,91.15507552299172,77.31383591450034,119.6187535000903,78.65976801048828,82.67204613803398,98.95952013968954,109.3971383114121,35.58723511797362
738,1785.2326310526903,1492.0228589811693,0.8178206553675185,0.10024175255696913,0.01290356727891546,49,0.0,0.06053985760833873,6.80634922215574,-2.0822855705992587,1785.2326310526903,1492.0228589811693,1626.025086456515,0.0,0.0,7.647832510315073,-41.81696473152328,132.5548861830743,130.98857080896823,122.196494709668,141.3446409308944,131.4002795793868,118.33559087773511,110.49963261437651,130.7825252777849,144.27537752402407,152.52817742664806,125.89161115672675,142.21444882879382,43.01285053843389
739,2638.1053968706938,1491.8626417798062,0.3788739728319446,0.06190303695116131,-0.2412303514777635,49,0.0,0.02213936253192159,3.569925289850859,-1.3816478186102987,2638.1053968706938,1491.8626417798062,1303.7844431543385,0.0,0.0,7.171031547501942,-41.81561854729201,95.79410886188171,99.03077849896135,93.76399615977746,100.1656395932554,116.36596770913242,104.88827452256173,105.99110261986402,106.53607893404957,101.50996824640688,109.78938243653555,108.41703426277745,115.83953522649855,45.692576082636435
740,1618.2407208886395,1494.7498415567698,0.6850704682892818,0.05134117945986087,-0.08473987088415123,49,0.0,0.12500890194283773,16.819250492908616,-3.064516596662088,1618.2407208886395,1494.7498415567698,2701.1597881384682,291.2659216701178,0.0,7.741193620752556,-41.81587431784902,198.1318374925578,174.70659304788842,176.61366297537214,204.3317178372781,192.5298779112037,229.64630714579368,230.66724375052885,234.29798152661954,223.74657100896724,236.47152614091505,234.1680958306825,261.88305597381463,103.96531749684625
741,1541.9373248135805,1496.5256711100617,0.39281894413377694,0.21379144454529356,0.03448222117759058,49,0.0,0.01808241418398791,2.4609772059581876,-0.9777689780070835,1541.9373248135805,1496.5256711100617,1193.936393600899,0.0,0.0,7.783851824362119,-41.815130167674354,100.97746808649359,93.03129740292715,87.2079738237166,79.64013569767012,96.89011457199302,100.1828137803786,85.72654655383559,113.81464942100448,101.06250288627622,110.23978603056928,91.7107176891206,102.3129393565872,31.139448300326592
742,1627.1301568808897,1498.221805051382,0.47745946895326763,0.08837140240444115,-0.05431165211909763,49,0.0,0.03929086892230476,6.261889021689971,-1.9917634160692366,1627.1301568808897,1498.221805051382,1898.2220945020467,178.06449010629575,0.0,7.736224181290225,-41.814427132672385,123.53603573029773,143.8331621407413,154.18592525361385,154.9639097989147,161.4996113922497,144.29120770214644,132.75666994212847,184.0717775042293,165.18094132193602,155.00020781237424,165.64565335142976,145.98947353570728,67.26751901627782
743,621.4219424489341,1499.0903528386525,0.7278253328164085,0.05476599819836818,-0.15962701705056795,49,0.0,0.038381010497624754,3.8920004594272224,-1.4754322071554156,621.4219424489341,1499.0903528386525,1577.9988113667582,0.0,0.0,8.298448371719726,-41.81276710505347,124.56145342412097,125.64203221959364,132.76361630805573,119.71846176284029,130.23820314699432,123.19218774937647,109.4169130608984,113.1459681686483,137.1276516165812,134.75932654620325,120.28694666973973,138.2253916411597,68.92065905254634
744,2022.7715868014661,1499.41704551967,0.5451658359611969,0.28286455246933256,-0.18227718580954352,49,0.0,0.01630413715836755,2.208444780573612,-0.8602163618363923,2022.7715868014661,1499.41704551967,989.1999769123036,0.0,0.0,7.515042926205098,-41.813688417290095,75.43919098779429,85.96009005767093,75.84041602386426,79.91489806721566,72.8457518910869,94.68105329374816,82.27690075684507,76.20143694760152,73.94506121884613,70.39241975198799,73.4512111640025,88.19096905261861,40.060577699021515
745,2085.2923695348295,1498.778281123942,0.7090247756847607,0.34215913335315934,0.41266709339866114,49,0.0,0.009869990739712769,1.0410967938827262,-0.04372777261143727,2085.2923695348295,1498.778281123942,734.7905941004553,0.0,0.0,7.480090343264842,-41.81387770994612,57.72900533153209,59.84630496891377,55.28716589310988,53.17504490008819,66.43886803430833,44.10008439758113,68.37037089970318,63.102827476806645,51.28548773082946,62.13942860857983,73.7792963324356,46.98096555719845,32.55574396936879
746,1828.68851436651,1501.4345489945315,0.817087201630199,0.28597213292378776,0.3952030249339661,49,0.0,0.01452237923519151,1.2343041723039623,-0.22855549258772992,1828.68851436651,1501.4345489945315,1309.2480987975714,0.0,0.0,7.623545304092073,-41.81301888473311,98.15184817322942,81.50750360831002,104.3290017821211,127.63501369386178,115.00467132067854,104.03706552347231,104.97191972539622,109.2523579141856,99.89768758987489,100.73714408194252,114.90304657663907,114.94777735218938,33.87306145567055
747,2709.92400024681,1501.8005477500317,0.673561077062769,-0.11667964318563533,-0.2168349103479795,49,0.0,0.016643833099874022,2.0306197588623376,-0.7690715193833366,2709.92400024681,1501.8005477500317,838.2559827048653,0.0,0.0,7.130923968230343,-41.81126902144451,66.34305828550964,91.81069896338596,49.50208452495303,63.739920622882,76.96592143248694,71.36388320939184,52.830423363398815,74.67018053769648,55.81345562706709,65.05735940212122,80.02012990468256,53.063680612565946,37.075186218723665
748,1227.6090613971699,1503.0336614379353,0.24861565159506271,0.40728036744846413,-0.34442670464443015,49,0.0,0.008775142940181424,1.5604434266857918,-0.48312007024199294,1227.6090613971699,1503.0336614379353,845.4171687539192,0.0,0.0,7.959570103459875,-41.81223471931332,59.97237034413068,53.292341074510205,64.8289912497758,72.88170900644775,55.18904514369006,69.22016692386381,75.36331792145873,61.19493098825216,73.93797185696195,64.07356598778979,76.6487491122697,73.20470195103984,45.60930719372868
749,1589.7869720094245,1503.6351303955194,0.5712505549514324,0.3195104748181756,0.019550088860934,49,0.0,0.056280853778095566,8.366243182716994,-2.306326210310649,1589.7869720094245,1503.6351303955194,1627.090508727579,0.0,0.0,7.757100779947904,-41.81217238722049,91.98146353111912,117.3577143431481,129.3325141488149,135.88712198861,125.01206694577894,136.7596372347479,139.62086122595917,126.76621821586951,125.42484726173595,145.39014689795562,132.23730436187705,138.6468575506693,82.67375502129326
750,1855.7339701773665,1504.3052380271179,0.8463217700252953,-0.2792276584018501,-0.35887168931178653,49,0.0,0.01458248523262294,1.2930173826691562,-0.27901090838534565,1855.7339701773665,1504.3052380271179,926.9851611778438,0.0,0.0,7.608428530217458,-41.811805049964484,68.1791883451186,70.32109914849501,63.877552091279966,83.39148573421056,77.72770262801384,88.96930599059726,54.91964887114512,90.32577900276787,67.27824660182009,86.51916354942927,74.29530284540331,65.39939360934153,35.78129276022132
751,2461.1182819034593,1509.4248021507808,0.28542725843144606,-0.21329600709816227,-0.3941440377884594,49,0.0,0.00708445563251381,1.0674873714308784,-0.0709068648625011,2461.1182819034593,1509.4248021507808,880.6774692115007,0.0,0.0,7.270027175394721,-41.80875656781942,79.37477176476555,79.68154541476224,60.86359422877175,77.55614787987943,48.18739818828307,70.27067235371501,76.61633724941225,62.6659754240607,69.61112624572026,77.23626894220811,62.81765827404655,82.47731077711583,33.31866246876007
752,1506.2776510954052,1510.694442964938,0.7012114921351961,-0.3597466469531063,0.318378533046603,49,0.0,0.014610527169462791,1.1587247612768747,-0.1599507192135165,1506.2776510954052,1510.694442964938,1068.279440633268,0.0,0.0,7.803782820219453,-41.809219134005,84.80581632114038,79.74500552638469,93.9103852666376,69.75521234289931,72.60464292149825,88.83050662603483,96.82912501509067,72.52611686716092,88.54949903519552,111.91167107656182,87.0142298014649,82.15579070041717,39.64143913278188
753,1906.5385126844817,1510.8602904175673,0.3773595029022936,0.556080964533784,0.33737508554543433,49,0.0,0.02363250749468116,2.896587208409197,-1.154716521161348,1906.5385126844817,1510.8602904175673,1668.7211672712183,0.0,0.0,7.580034737076427,-41.80903514892896,146.29256175432351,129.72865287082365,163.01971495389057,119.9391269750289,118.25936429251772,138.63341659276279,119.94976500499106,144.32189041703285,139.85087013159088,138.5958269172986,138.85554807708934,109.60946359422269,61.66496568964579
754,1035.8429742360352,1513.947933231822,0.6670617941299196,0.536317994678281,-0.20199900190009415,49,0.0,0.0347654080024568,3.798911966690324,-1.449148074092383,1035.8429742360352,1513.947933231822,1525.5568144136096,0.0,0.0,8.06674944158052,-41.80744353227572,102.79741283392732,100.27093860522979,119.39367689374834,124.98202491083212,121.60131510862433,133.99030473101266,116.1631925612592,139.56521923073606,129.62929333259012,140.7673460168853,124.9082844620157,115.70914995014593,55.77865577660278
755,2438.940403884034,1516.446857342365,0.6395550960529308,0.10107911526865306,-0.0724415502994094,49,0.0,0.7845459299165477,110.32362250386103,-5.106671283925839,2438.940403884034,1516.446857342365,13975.035632057177,0.0,0.0,7.282445413273949,-41.805881867831374,987.7002477667302,1062.367683648136,1176.9098320868734,1054.2318378460886,1147.7559885788773,1212.1972591639283,1096.6610335364992,1125.1049858355345,1171.191369068696,1185.136108093916,1139.8808477746338,1113.7557034101283,502.14273524713815
756,2329.0652859475167,1517.0730921876914,0.8434272282388363,0.08767574960246609,-0.12522080278714856,49,0.0,0.028843217239357365,3.1201725654755186,-1.2354465348548402,2329.0652859475167,1517.0730921876914,921.1900232845744,0.0,0.0,7.343862186043393,-41.8058542137306,59.374068498680316,73.17130122690804,54.640338163239456,56.29887246147145,71.2298065494995,76.87434869646529,73.74857245373755,75.91622985963215,82.84597928427758,88.26851242403131,79.8470718428006,79.54688811160644,49.42803371222469
757,1416.02806172472,1518.6881356676772,0.3560158675323818,0.07088094227754613,-0.073725257450273,49,0.0,0.02652850875061227,5.070825339534226,-1.762696629710817,1416.02806172472,1518.6881356676772,1251.885474826262,0.0,0.0,7.854227556315057,-41.805854353365085,82.93190950327696,95.9433166427367,127.63964076101661,108.83127051271512,90.11964531941123,126.16671998084031,96.3389530408969,110.89439328330135,84.51388584014633,94.4583868076084,94.7649699101913,91.13387203611384,48.14851118800692
758,2733.068090522427,1520.2451359249742,0.5163414614107035,-0.22205973120297126,-0.16666965923661578,49,0.0,0.013325091439956114,1.1292988256109149,-0.1320221912648797,2733.068090522427,1520.2451359249742,1338.0896305555873,0.0,0.0,7.118062937901117,-41.803513936548455,101.50500849316234,118.10020661379937,108.51310125240656,89.44494234956315,115.20906340155105,89.99741683043666,110.93644773771072,116.1293289273465,95.77602648333094,113.35892676420795,116.14280764222622,98.21043026583231,64.76592379401359
759,1327.8245139990322,1524.1023281630942,0.4939901686666608,-0.44090504382560264,0.03307000851966666,49,0.0,0.011683977610910482,1.5246507711575956,-0.4579259444069711,1327.8245139990322,1524.1023281630942,924.928619957022,0.0,0.0,7.903525820970158,-41.80354381714643,63.653759167385374,82.4731871240223,72.10463039523577,64.25894833748347,75.82225504676991,63.48616510677972,73.20329120679133,65.36387050970582,68.47061503328032,88.8793602701612,83.1273651068546,87.08233562353068,37.00283702902136
760,357.5434715085904,1526.6105711377634,0.7375836491609036,0.3531527125579179,-0.26040281719354896,49,0.0,0.012365474791978033,1.1936441655880876,-0.19218719899009137,357.5434715085904,1526.6105711377634,944.2526660798278,0.0,0.0,8.445827846418966,-41.800506634057335,80.35608358710618,73.39207416264932,79.90760411707438,70.54707293856731,71.10630647626044,85.55988038857916,74.09798056334384,65.70682738544664,58.48187374330061,71.809423689789,84.79017096350167,84.55569224010709,43.94167582410222
761,3086.0195149410024,1527.1436765214603,0.4181481443223285,0.2910486923011538,-0.4587078143920837,49,0.0,0.03306755432609287,5.072381094015881,-1.7630296878992233,3086.0195149410024,1527.1436765214603,1476.3239610384294,0.0,1210.9833979173854,6.920842305994515,-41.799388103260085,108.32028893374695,131.75441195177058,104.22551528160977,109.92322364632034,131.88026058926422,101.81580391210503,123.31608609714542,109.15471598423707,122.7880285252841,121.43223000520179,124.35470834035962,121.58252922153358,65.77615854985093
762,2658.3861463067683,1529.1486036137785,0.930236546802764,-0.17612634585919218,0.1574288624351543,49,0.0,0.012379430602579289,1.0878503750504456,-0.0914229145116413,2658.3861463067683,1529.1486036137785,707.3806872222357,0.0,0.0,7.159837551287941,-41.80002596719071,54.876591635732495,52.852062458341265,51.859784288832714,64.75989915058669,69.70933361725551,50.05366040990302,45.02605345484148,54.64783917703694,54.44706025156431,59.88569274443483,58.53613812443379,67.75148710635749,22.97508480291517
763,1181.7278752900268,1530.4511305115482,0.4092308277928665,0.045153328487682866,-0.17312612791840007,49,0.0,0.08270414018720107,15.04531112371648,-2.943502932486056,1181.7278752900268,1530.4511305115482,2575.717067912514,0.0,0.0,7.985177209177718,-41.800761650212436,154.89341188432894,210.30458645255817,207.1797552239228,219.1587952796923,217.06846772783626,201.24465318170084,186.78208822926467,226.40019250749134,236.67934798617193,201.6622517572206,211.1427260436878,206.5638714208597,96.63692021777862
764,1977.7965356727482,1530.9237407986668,0.8178958239041855,0.050475403301448264,-0.16114987949506196,49,0.0,0.04612884445776704,5.449667864673439,-1.8409250864553477,1977.7965356727482,1530.9237407986668,1103.7367041561306,0.0,0.0,7.540228959980923,-41.80060945703082,76.07856319161397,85.40730311873307,103.30026139409931,72.75353868471703,89.03106721835427,100.18022044927028,86.31748191065391,79.06982200623942,88.51367152956682,98.75730257156697,103.07442080615499,78.86512612578737,42.38792514937327
765,1993.4680142732418,1533.554366596096,0.4631962768753743,0.5440141665889133,0.6354842330915935,49,0.0,0.010922933014246535,1.2791661794415372,-0.2673174208649763,1993.4680142732418,1533.554366596096,934.2693342904493,0.0,0.0,7.531473517286445,-41.79949701937413,75.75942699233457,76.24621579821505,73.88242939757197,72.49977287330495,65.68316105765388,65.0528065267892,64.54658459149411,52.75107700826082,77.53464813205413,63.961940520417855,91.83537040542535,106.46092645461053,48.05497453231689
766,2230.855539186824,1533.4079171510707,0.6382997545313797,0.017478476341029902,-0.1073756346523607,49,0.0,0.21219507785922948,29.450072747608974,-3.6727159297981347,2230.855539186824,1533.4079171510707,4338.479960468809,0.0,0.0,7.398794872776826,-41.79922898511209,351.801264492737,308.39219699377816,350.7005814176849,335.53240699626804,349.1010626284734,334.82534769552615,364.43188849616286,379.9421037832152,359.9981436664992,324.5935528836856,369.695367818465,369.90506752761365,139.56097606869992
767,1368.6343744617252,1535.7014366762548,0.5215020786731629,-0.19370812417319735,-0.1689827188127331,49,0.0,0.011843730038213417,1.6481951869266391,-0.5425216039392032,1368.6343744617252,1535.7014366762548,781.4310064908378,0.0,0.0,7.880705163661772,-41.79873876393214,62.191079883836274,53.83155383180231,61.00736148217934,64.79221015264349,70.28668312927465,57.79266016464751,58.785833468771166,66.34172533069886,57.2298955415682,59.37722241869574,71.66843350387876,61.41047619143766,36.71587139140375
768,311.7316132204846,1536.097202262781,0.3932120522878074,0.5490132677898448,-0.4859574245153399,49,0.0,0.018395425205987657,3.0026934556840614,-1.1937774935841396,311.7316132204846,1536.097202262781,1247.154663027426,0.0,0.0,8.471386059917403,-41.79639708415251,120.4227248001396,104.53431929031915,97.34814754028189,88.22135980723266,80.40041007537181,85.13140173549472,92.42684342782177,99.45903600774692,94.9818702173466,112.64831768909667,117.91683384997292,104.63903763308191,49.024360953519725
769,2574.4838601894235,1535.6948505935213,0.3533912977868635,0.1776420505944489,-0.10824523678296882,49,0.0,0.00972799531795713,1.4561076947977447,-0.4079837422617927,2574.4838601894235,1535.6948505935213,815.4005930765217,0.0,0.0,7.206752474979876,-41.7975294074657,53.56189833566138,73.22599710356008,59.64739920941394,63.08331239819968,78.18415571505327,73.36409285456253,58.213246350937006,75.07529021748002,60.14812246302201,63.499701588879134,70.65030611280521,61.342407276080685,25.40466345086675
770,1175.3108930710603,1537.441834809325,0.6639907358508246,0.05707297734607197,-0.06698152232939832,49,0.0,0.02055259126819644,2.4302576989020133,-0.9641308190546345,1175.3108930710603,1537.441834809325,1415.20428158358,0.0,0.0,7.988753032597303,-41.7978415462462,84.69929572983347,130.38041657721212,95.90079783040699,130.78011525262667,120.62106678637033,115.53158287600148,109.79608720509165,113.96092523420283,115.11481066589596,104.3470987413512,131.09910687512536,106.95296838281907,56.02000942664279
771,2218.3021287035253,1540.7857918705963,0.2868545453065367,-0.08723712104516804,-0.5189947374135421,49,0.0,0.0071659339537563,1.0831038985198571,-0.08667529758720469,2218.3021287035253,1540.7857918705963,926.6159789188978,0.0,0.0,7.405827580802275,-41.79617615089394,73.45332918577887,70.14032252558083,78.38659796163095,65.3569322065783,77.90855411909214,71.32853894365036,89.64193268558937,62.14647377238224,73.45918564609408,78.41829839262928,79.94635608206075,71.33519721705433,35.09426018077625
772,921.644445834997,1542.8596788846094,0.5185405768979452,-0.3728087453202547,-0.15360797846515176,49,0.0,0.01330264870685116,1.621873311670004,-0.5250423185974373,921.644445834997,1542.8596788846094,906.5468251877967,0.0,0.0,8.13051227090232,-41.795204829610185,64.05912494218039,64.0564946947255,60.392394068554836,79.48688324236737,68.59165747158013,58.431830135752435,85.46746436260466,76.86397772372736,74.58117320591492,91.65356049215049,69.56853186906936,77.09467363382183,36.29905934534749
773,1434.6575803881829,1542.677346440581,0.9234476880564968,0.1298469053580817,-0.15212931889325765,49,0.0,0.012118009739120961,1.0378416354456392,-0.04032772361934203,1434.6575803881829,1542.677346440581,983.5758233100995,0.0,0.0,7.8437996378386705,-41.79586770675864,72.00700752508027,68.9864520535775,76.69196405750952,57.049671305755446,86.16015535925428,82.54989125136352,87.17588205704446,69.18447565157557,77.46321116388262,92.981559334833,93.07034385495182,82.60848931356009,37.64672038171136
774,1288.7924801370775,1543.9442336050233,0.9575603533108464,-0.29027744461120397,0.04338859884289414,49,0.0,0.015974284220523667,1.5395672685404034,-0.4684966733670582,1288.7924801370775,1543.9442336050233,834.9658660561508,0.0,0.0,7.925320474522746,-41.7952454949482,72.48830502244485,59.86578005946828,63.78458583353198,67.14813597881417,55.44785392673725,56.25424400449124,75.2479005818625,59.296990916628666,85.92013596864047,54.14051152290415,68.95067703282899,86.61301284792243,29.807732359875793
775,452.8458737448059,1547.15514991343,0.6352342213349523,0.33020495600711464,-0.33978767000657073,49,0.0,0.6729566245336723,91.98555135830827,-4.909299039609747,452.8458737448059,1547.15514991343,13501.507049288892,0.0,0.0,8.392480228189845,-41.79225553543912,1007.2874025117972,1059.230500807252,1094.4585195486934,1114.5209576461425,1054.9413657461082,1058.9511297184945,1061.8032625763285,1102.3459083004584,1043.0051847483255,1174.4157888655586,1112.3340394871236,1138.6977184270027,479.515270905609
776,2322.9092430124447,1551.1782269406128,0.38167886465411194,-0.3350652437535199,0.09302813009835882,49,0.0,0.00898771847077194,1.1042952082369855,-0.10771296919434578,2322.9092430124447,1551.1782269406128,995.0744763813016,0.0,0.0,7.347392628372857,-41.791656198810095,63.20610555218727,67.93816215743287,97.85784704137288,76.93176372136602,63.02219655762194,93.88000388895128,68.25635857759264,80.72585830925487,79.90021560691429,93.98786229089862,93.0049219717095,71.08437077697374,45.27880992902558
777,1636.4884286919626,1556.3479908974607,0.7777920304012513,0.2292583352070176,0.036104449355581526,49,0.0,0.012843522697169476,1.2373020657503773,-0.23118934501849964,1636.4884286919626,1556.3479908974607,846.9655535088956,0.0,0.0,7.731000012942097,-41.79020710308566,61.533741618992465,72.99218738078449,56.85332740836107,56.9602459697208,66.6690965203965,60.626677151040056,57.49428687958225,70.84871502703177,69.29334025325805,63.215085859031554,83.1762842363374,89.46585903533051,37.836706169028645
778,1023.9587460566468,1559.6357336860103,0.308013594517773,0.845972215111451,0.5158845729535905,49,0.0,0.010118992880467888,1.6022939375863032,-0.5118554737556441,1023.9587460566468,1559.6357336860103,937.1627792862643,0.0,0.0,8.07329679945368,-41.78838887796048,60.85643923922824,74.94465420069366,62.94504520784338,84.11829973128363,86.36671219593794,63.322954603931834,62.3231671640949,75.5033793323409,97.34110512568145,80.06791423265334,81.48764468844888,81.8275710363157,26.057892527810385
779,944.7526190453688,1560.2041001441996,0.3982865057841223,-0.04485566680145039,0.030135412324529876,49,0.0,0.008351258611155073,1.0612808189626717,-0.06457578772032986,944.7526190453688,1560.2041001441996,790.6619653930926,0.0,0.0,8.117556578529165,-41.78801990444142,52.235164519742426,68.15038289256262,53.93844740077918,59.804344672759484,66.23397935131518,62.39053816700908,64.72093730547259,68.8805496263094,57.60699751115705,54.51712156371429,65.55215446704625,84.65297268547243,31.978375229752675
780,2209.992274528281,1562.6650610735167,0.7074169734894821,-0.18686579350762367,0.2385810851356551,49,0.0,0.012548627070146907,1.2875529300356021,-0.27441272874888006,2209.992274528281,1562.6650610735167,1041.3908820237605,0.0,0.0,7.4105201988666,-41.78707376391881,84.39898756174244,73.30510485590995,89.3908075056492,67.6014693246268,90.60607801366365,89.15223171075729,78.5170997798798,76.55211261932337,99.31946051940022,76.42813136793526,80.67289794159103,97.6243225669864,37.82217825629517
781,1426.8587890159163,1562.8807623608284,0.6675090310989881,0.11048993374083577,-0.1212884342956166,49,0.0,0.061576054534111385,8.021424104008686,-2.260628696772635,1426.8587890159163,1562.8807623608284,1763.5539060044975,0.0,0.0,7.8481455631240085,-41.78744604401765,130.76364679552822,152.3157287367749,134.89151572336897,132.6415782685307,124.12652389696825,140.15288829383127,140.07635325708577,136.16334370123167,128.68490415252455,139.06302989370727,169.20244047729602,167.73774271133,67.7342100963198
782,2381.8292224173865,1562.676476150821,0.5450045553454279,0.08743813530136066,-0.13816972215833778,49,0.0,0.01330179156736965,1.6645503212278292,-0.5532423222541343,2381.8292224173865,1562.676476150821,855.428584639663,0.0,0.0,7.314498977987881,-41.78674542193518,52.13095126396328,73.4091004778435,64.9472008462464,68.46978238741849,65.55876306587201,65.10621936214106,64.8073227610548,68.59924830188558,55.53164826574612,84.00584276329374,71.68547143911738,75.98187841535392,45.195155289726614
783,1882.5718205222397,1565.0682176037058,0.31046628093074896,-0.07927224629428296,-0.17300982015035354,49,0.0,0.010742323482120382,1.9346637100401998,-0.7165137133531053,1882.5718205222397,1565.0682176037058,827.0097969820648,0.0,0.0,7.593487705144013,-41.78646770223101,56.35163101920663,69.09127337581697,71.21816193821654,64.66430765645919,81.53678681188029,59.27783343020341,62.49936388733131,63.07824202060439,69.9469434402168,64.00658078353575,65.87530275658342,73.98667988848935,25.47668997352079
784,2480.6361570396984,1565.7625566105294,0.7915841093362279,-0.004610652023153643,0.35780003850966746,49,0.0,0.00978972480405733,1.0562455710019292,-0.059412252247140515,2480.6361570396984,1565.7625566105294,716.2432008513674,0.0,0.0,7.25929731300042,-41.78523733735291,55.26436525480298,66.66096593077891,51.27045936514426,50.65733000564819,62.589910042895056,54.92033952205172,51.410354787681946,59.723919762274,53.974743634398195,56.36246107948108,65.89742068804853,64.42553427041484,23.08539650774769
785,1097.266022348825,1565.9652464779674,0.7678683949321451,0.20268226195541084,-0.02798962724451867,49,0.0,0.011940435534212096,1.2191842865703675,-0.21517339159199944,1097.266022348825,1565.9652464779674,763.1536056852751,0.0,0.0,8.032320092285328,-41.78585879196931,67.50726632078258,55.53328491363408,60.277827996111064,61.67803204761319,59.0242700653069,67.13027748283348,55.701307604344244,38.83312320553141,78.7875743116478,56.51704905656388,68.94469346021921,63.04457411381001,30.174325106877333
786,1902.6525513540541,1565.920864852932,0.8699733286064507,0.0655633691596913,-0.7148788823194885,49,0.0,0.013682125724912349,1.26134382984143,-0.25208371771929494,1902.6525513540541,1565.920864852932,849.248176170446,0.0,0.0,7.582267419733768,-41.78609654998874,50.72139034667418,72.25853240336434,72.53865740484466,63.880114480436745,71.51295016126615,55.54959290947922,73.15187410388168,76.00036242158885,60.97884570902285,69.76351083043562,76.78970494463317,74.24753742119384,31.85510303362461
787,530.2361163926489,1567.997189833776,0.2797334338545466,0.15281264641569553,0.0024606713033946395,49,0.0,0.008040758792018913,1.2298374396129539,-0.22461927505221158,530.2361163926489,1567.997189833776,857.5125594187183,0.0,0.0,8.349152833461865,-41.78380425989902,79.23365191276915,67.38847111246834,62.66258238460456,62.04784467372772,68.70392768799321,69.83011289184651,54.040595956903886,86.54504377255398,69.04823536004776,75.4275009637465,69.8057531863299,66.99060347676037,25.788236038966428
788,1530.335936117761,1567.8511398244502,0.4417494105471493,-0.30915655168039996,-0.08198542116354295,49,0.0,0.01814452244523889,2.950218545980318,-1.174635471977372,1530.335936117761,1567.8511398244502,976.7446846762235,0.0,0.0,7.790319503981894,-41.785409213282996,70.39509042172784,88.13586409747526,72.03583781831072,87.59104389905559,74.87314401261622,85.26506971889904,61.1556265048618,73.96034571529454,68.45641441639253,91.5232759167433,80.64021440826487,86.39333725634646,36.31942049023529
789,613.036730183328,1568.8482013571947,0.5229965964189277,0.5326060036409455,-0.15778186349950848,49,0.0,0.03618525008972227,4.825851746936923,-1.7089349399761624,613.036730183328,1568.8482013571947,1533.504187838983,0.0,0.0,8.30288551860029,-41.78368034392219,118.54326625574998,117.18414655317807,123.8688609943928,107.26530525000533,114.58061167537166,133.07199493516737,121.94286256304396,121.66643272360388,131.97853206078685,124.12528346214543,107.50674597443407,145.21579617246536,66.55434921863844
790,1010.168258438801,1569.0307666899014,0.3102229639625311,-0.07273914176488085,-0.2281597179213493,49,0.0,0.04312278163775563,6.572084556940279,-2.044257856162099,1010.168258438801,1569.0307666899014,2616.9945427813514,0.0,0.0,8.080982947444761,-41.784452557349574,182.35722337394122,209.30892255278334,184.91248748940853,222.19322502912397,224.03810845315593,235.92372216989355,206.44168636369983,216.52178176744388,230.13287214838385,195.8065743596665,225.4341203481247,191.7054458783938,92.21837284733206
791,2201.646485948044,1569.0522637014765,0.5544630008983805,0.0007490267995759334,-0.3357011719229251,49,0.0,0.01810412225695104,2.3745227341892687,-0.9389408299158395,2201.646485948044,1569.0522637014765,1079.8346288989849,0.0,0.0,7.41519775859621,-41.7844261554784,80.34384058705669,94.73215626534225,83.84949793320826,91.09049275371079,87.79420266748802,90.23027003924275,91.16444207705737,70.01652457536665,92.27402692854942,85.34259297369108,93.66551480879174,75.07368611610636,44.25738117337356
792,2358.6205901499443,1569.7986018108218,0.6659975013479181,0.24207159521875593,-0.19225005133053377,49,0.0,0.038745502765340396,4.853464455438468,-1.7151296334923676,2358.6205901499443,1569.7986018108218,1432.037937636322,0.0,0.0,7.327487265068376,-41.78382632487267,97.0840094065305,108.30375431031307,131.8382241558957,109.56203064539356,101.23693359278909,140.3447606366018,106.94409023092626,100.40011544530995,122.08126188360426,107.53368990357441,121.40970004910285,116.69685550915935,68.60251186712127
793,2543.223434605167,1571.4507264013048,0.7120886812220837,0.24782408738398137,-0.1253238340779939,49,0.0,0.028568024116090423,3.582493734749743,-1.3854635988835085,2543.223434605167,1571.4507264013048,991.4614237750308,0.0,0.0,7.224345309258021,-41.78271291034281,75.84045531866403,95.06212269016834,96.38060596505538,75.59055764258567,67.52804180550214,72.32828254563327,73.55784813954395,92.22987886855503,63.913292493262404,77.13852733077829,79.93695542444358,79.84043338384404,42.114422166994615
794,389.4983481589917,1571.9485923597374,0.6404520464226372,0.06786582585504496,-0.5311640098100998,49,0.0,0.021986458278996944,2.770149300596088,-1.106257941323276,389.4983481589917,1571.9485923597374,989.8135798636947,0.0,0.0,8.427769886455145,-41.78172332812653,72.03995240537294,82.57414531952583,88.67200247511863,66.03022712675431,74.76246219776905,72.4654378804832,93.84052523292331,76.042874747284,63.62654811563014,85.17098534496947,96.64056394597999,81.3895064935733,36.55834857831051
795,2614.7513521531987,1571.6485232587013,0.8117390279796943,0.37753127311456763,0.04131533826253972,49,0.0,0.05868737910243653,6.727544602499773,-2.0696414643634746,2614.7513521531987,1571.6485232587013,1488.363493162738,0.0,0.0,7.1843808251078185,-41.7824410090875,114.76709223508486,115.57996194368532,113.27128783222787,129.06516796186833,98.51137060664203,102.18605333778251,131.0472549607836,124.84240949009912,109.70495261674428,121.15228085709691,130.55558501444577,132.93015324772935,64.74992305854803
796,2030.491435561587,1575.643234459159,0.6004168481957471,0.5634608267836173,-0.1689531569510977,49,0.0,0.010895132527830306,1.4116869571543467,-0.37434600550550734,2030.491435561587,1575.643234459159,757.5211522122478,0.0,0.0,7.510846273605572,-41.78191887537069,67.71117329100338,48.660336764804896,65.1439458747219,60.343303418907915,56.783601570674136,51.23131819009906,60.19029662116735,60.954769656873424,57.43690641810476,55.845368290075726,67.46531391962316,82.14988660901948,23.6049315871726
797,1312.1723206525646,1579.1715544700687,0.6690097723492939,0.15652386188474418,-0.21693090601097867,49,0.0,0.07711735101455544,10.059267936098891,-2.506415940149397,1312.1723206525646,1579.1715544700687,1976.8739995824358,0.0,0.0,7.912217027749829,-41.78058650398378,147.60559678891394,156.4575773972815,147.13892081594776,186.88637244382005,164.11680357375022,146.3019630231822,150.7838423865195,145.1915073663671,159.0271376969766,171.58174457051257,169.20209450558576,165.54621967647984,67.03421933709845
798,806.5407357677924,1579.295339831663,0.7802477880376784,0.3448998221034804,0.016460094538293845,49,0.0,0.02863870573277095,3.257588394337769,-1.2822405227054365,806.5407357677924,1579.295339831663,1038.1507599432505,0.0,0.0,8.194734295003448,-41.77979416555153,83.25519379829288,91.58111092981471,76.22731093398163,90.33135914207496,79.19686012662032,66.90383109854784,90.44303292906466,84.0226697343997,82.12604202942747,68.41054183483034,86.29931379528693,93.49645186295862,45.85704172795044
799,553.1765878199424,1581.8324515267732,0.5568169924048461,0.6766560035585832,0.13962931336980697,49,0.0,0.009576400429529135,1.1504970553700438,-0.15221377863686672,553.1765878199424,1581.8324515267732,827.497503247989,0.0,0.0,8.336282484617971,-41.7781056316918,38.9521801220161,58.411808325947966,56.15348745416268,58.14376953855387,75.36444220697575,89.25170030480646,66.00293722538312,69.13854585360967,90.02411917513135,70.47224150421783,67.2216149370999,60.27928433577582,28.081372264308428
800,2663.5349429449993,1580.4525588683628,0.8639373493810376,-0.07351138286376283,-0.3466283917014078,49,0.0,0.011594697452008224,1.0460764122890507,-0.04890852352559019,2663.5349429449993,1580.4525588683628,782.1606766082593,0.0,0.0,7.157158003641774,-41.77863567870539,49.64448063869423,52.31595227263515,75.9092377710163,64.61100453011437,56.70212234933528,54.31479244263193,64.09440878153826,75.32635245344449,65.52219012488771,70.52249383540715,45.073462679127545,79.01944085398452,29.104737875442417
801,686.1966432617816,1582.5867959561695,0.800223530321678,-0.271365922106773,-0.5022751306580248,49,0.0,0.01690997563846496,1.8062480536064602,-0.6419434802744929,686.1966432617816,1582.5867959561695,857.1744316653836,0.0,0.0,8.261961957850218,-41.77814451109583,55.85609908252665,73.5625581475268,55.615289882967105,61.388077385166795,69.71086811324079,70.42907905993854,70.69482041962101,82.87376422699327,64.03106837213427,71.89704139491536,60.70217825170744,68.0977198214624,52.31586750718323
802,1179.158480486816,1584.1545700100407,0.2926045949741852,0.23522470278013982,0.0016476274782169507,49,0.0,0.008699909208476601,1.4187785288388597,-0.3797865185768673,1179.158480486816,1584.1545700100407,930.399012388945,0.0,0.0,7.986531151358663,-41.77838248439601,67.44509356838557,81.72360414003508,76.17791412577677,74.99623572180673,80.12281911246114,64.57292137957853,73.18487058237676,80.68217320971571,69.95313064617497,64.65520388443572,68.81306352613767,80.7355581075168,47.336424384543555
803,2177.2237257202246,1586.6026259842727,0.5315879891131889,0.16634432989261905,-0.02890685079754245,49,0.0,0.04763273125915074,6.605313000054373,-2.0497335049050185,2177.2237257202246,1586.6026259842727,1779.7418753029956,0.0,0.0,7.428881377517326,-41.77715256606975,131.5141491378454,140.23210426299713,133.89429526917266,115.67350880916442,150.4490396803757,142.38696061076803,144.0123741534463,151.0605881782285,142.37574045473661,137.822973380648,146.2201328076573,178.56183333187388,65.53817522608173
804,3098.868911533926,1586.7302034468744,0.8052575983485717,-0.1507670413275638,-0.23472229232526562,49,0.0,0.018945364817339154,1.6118130863146978,-0.51828669372123,3098.868911533926,1586.7302034468744,1284.2684005430879,0.0,1050.9119283618024,6.9139858084447585,-41.77451110688965,95.87267681284654,101.71652646260696,96.62260288806694,75.51682298565572,112.6971724755035,115.2181887634523,109.22740460578274,110.44071918834487,114.4082462853582,99.50203975585441,95.71886046005373,99.29393203581971,58.03320782374234
805,470.8016398969927,1588.3496501209722,0.5216519716039717,0.5097542186560474,-0.1355320837911035,49,0.0,0.00816414831098728,1.0647212819048486,-0.0680898373412097,470.8016398969927,1588.3496501209722,827.5180292157379,0.0,0.0,8.382277501778935,-41.77514757607021,68.77073253544633,70.17862248884268,63.54867490906829,70.05877039975067,56.71188069328096,53.972232345731044,71.83965810219826,71.712491945713,61.18032869659107,65.34311874676867,76.39369848096464,55.630140009597895,42.17767986178431
806,1369.4101654001674,1588.4898449428856,0.5331382409072802,0.5385428082079711,0.13344542710948876,49,0.0,0.008068391504848862,1.0697649635460937,-0.07322092494308766,1369.4101654001674,1588.4898449428856,761.7794207400752,0.0,0.0,7.880227271811166,-41.776744138150704,53.30604103812111,60.72087685536542,55.578504290290155,64.94560296961312,65.60542183727074,55.068364979002894,53.58175145855277,41.01887220627762,74.8452730993924,70.81669122988885,61.4976516631043,73.8624162588938,30.93195285430213
807,2108.1005481499806,1591.1090129255094,0.6143649209705491,0.13789605490813805,-0.15533868316620245,49,0.0,0.02995157875025699,4.2194041222304906,-1.563127807084486,2108.1005481499806,1591.1090129255094,1105.408428365123,0.0,0.0,7.467509913462284,-41.7753763752417,78.68785834732493,82.37940640191044,109.38794226608701,82.59141730866894,88.70251563139435,91.88362293228522,99.46274676493397,76.43141363547306,99.26067505610357,91.56225326560161,85.00073333642621,80.75241600427272,39.30542741464085
808,2452.3133239340623,1591.450055693015,0.30858050074680615,0.3081053930685616,-0.07146058865849493,49,0.0,0.012587265626162584,2.3828057318952465,-0.9427215903341429,2452.3133239340623,1591.450055693015,887.8047475492104,0.0,0.0,7.275202616373263,-41.77460099363498,72.39848033917701,85.25548757888276,76.442084183316,60.24595472807722,84.46968264216403,64.52954224695776,72.1655325836632,55.479103556588385,64.97472396547278,69.01907996070204,71.32597418915698,78.2945411198722,33.20456045518007
809,254.33764968199947,1591.7741250523743,0.7811530601916036,0.8202382375547552,-0.03538733413690727,49,0.0,0.01841938419212399,1.8281729893819083,-0.6550432202606691,254.33764968199947,1591.7741250523743,1059.1908217208072,0.0,319.3293450412082,8.50318703961602,-41.77299555684009,64.3448723226583,81.67097554851478,84.57570212152476,81.52026028452337,89.2004265995196,72.73950388720489,91.71623415727822,101.51929977230762,76.59619089431348,85.03105500630394,96.40351772343095,103.46835314727062,30.40443025595667
810,1965.2614123128444,1597.0253684859185,0.6777280523431412,-0.01749628382594453,0.0028811516182322126,49,0.0,0.014581997659928618,1.7746040504583405,-0.6227536711068872,1965.2614123128444,1597.0253684859185,785.5581708557165,0.0,0.0,7.547322714555942,-41.773079889301094,63.090663184259625,50.33716653278785,61.47843265322732,65.20906034168631,57.157792596315375,53.70378350214463,72.97647139123097,76.88025911638618,65.28702208173831,58.2253418541341,75.02345618153319,63.11736609865222,23.071355321620427
811,1722.6865697627325,1601.5330684054722,0.748857644739301,0.3354865052355379,-0.3012167551746366,49,0.0,0.009815190865452302,1.0370586036254705,-0.0395082470768216,1722.6865697627325,1601.5330684054722,746.126205012204,0.0,0.0,7.682848979023711,-41.771361538613434,50.15166712759823,51.097017111542,58.20303927344749,55.720914939669925,51.396816645139346,61.127667479512354,52.39685176670644,70.27734081664097,65.63875358760126,71.66234810370582,65.93379920594637,60.75856559648147,31.7614233582123
812,676.980626412373,1605.4726015012782,0.587073502753588,0.26181991577386354,-0.1850548592126393,49,0.0,0.3205677205490601,47.6842081564554,-4.195936437849891,676.980626412373,1605.4726015012782,6327.0484344169745,0.0,0.0,8.267034258961083,-41.768586220607716,468.3655057264603,526.0908205550253,530.662999676378,512.0674107564821,507.6590859663337,479.25694189226203,523.2117138620071,484.5442678769567,521.4744688133754,481.07243957111234,528.2302614232801,521.0507772168845,243.36174108041814
813,1656.0056796283889,1606.6002426338312,0.4465084759565697,-0.6557449761625481,-0.46863376087213554,49,0.0,0.009993048585512157,1.2973567464408606,-0.28264853640729887,1656.0056796283889,1606.6002426338312,962.0727697828305,0.0,0.0,7.720103088307482,-41.769266250460035,77.14012528782584,91.96185948656961,88.14748512799528,73.3180662373008,55.85004964927316,77.55669992488411,65.7877826509571,77.5521283293456,87.01971606406539,67.58801077420063,71.89718238383227,82.31104792782585,45.94261593875486
814,1962.8437827184882,1607.0316666800509,0.8155841644248539,0.10803510562645305,-0.08269996836128614,49,0.0,0.010985196251149874,1.1127485971247977,-0.11599263856738612,1962.8437827184882,1607.0316666800509,727.8218464169731,0.0,0.0,7.548686569907311,-41.76891300336463,53.12333025225815,53.608440213750285,53.397855395789904,60.02816513213598,66.70258747834097,51.05477706391664,37.645746349922774,67.2812867110469,78.28960759105996,71.16073014888394,63.3434908612804,56.153384050125354,16.032445168461845
815,447.6759071125333,1608.9862907032484,0.5368996102814566,0.19286335327770227,-0.24087492840925234,49,0.0,0.011127560234706171,1.3972080328099876,-0.3631526845322297,447.6759071125333,1608.9862907032484,992.2458252929989,0.0,0.0,8.395110509578846,-41.766478083656594,81.3893749342713,81.7744900056221,73.41935267317561,70.04110523287872,68.01833139908422,85.81888535189597,84.32509904334599,106.53722379789487,70.94557906508783,70.12149207406154,73.33272282756639,91.49891303591922,35.02325585219515
816,1798.9441373751852,1609.2461663790025,0.5684484649171595,0.17733543315041814,-0.12950967237195346,49,0.0,0.11157940082265795,16.706591489525525,-3.0572196333680033,1798.9441373751852,1609.2461663790025,2724.644819679464,0.0,0.0,7.640251246488998,-41.76811466639882,184.61290913881413,202.7841284466167,224.9597528259186,230.40050090169603,217.6766586062207,197.16807436304123,237.08027610450296,230.62380049298085,229.0803467140198,224.3964633189866,219.6472940801699,230.20446809580898,96.01014659068764
817,2198.9581890624404,1608.859914072019,0.5404048356383317,0.16963323230741464,-0.14184082830864383,49,0.0,0.01081456684222197,1.295721065461892,-0.281278798649573,2198.9581890624404,1608.859914072019,803.1634940207148,0.0,0.0,7.416786379969052,-41.767844283125676,63.63067683102567,59.887101795455585,54.3218250015948,79.40550382991668,48.21980726601117,55.671398976824776,51.68421028177791,83.02119509866424,69.82716160148124,60.48136740383392,71.77773006720003,68.2873494806511,36.94816638627755
818,851.8028790493587,1611.647493000401,0.606863355898119,0.16630079912398885,-0.18169433291123474,49,0.0,0.0448968941117546,6.076715101235924,-1.9591721887531222,851.8028790493587,1611.647493000401,1393.1753534988402,0.0,0.0,8.16935722601328,-41.76640897491433,93.92079043057286,108.96766303154277,106.07012163605964,107.36867705635791,127.39354309957992,135.89550163847596,115.76669191294266,112.66733022863069,111.29165931761572,111.7875347289775,105.41032021802675,101.04685867282129,55.58866152723658
819,2240.6108981355483,1616.2324587957435,0.22836441470982433,0.05263943921358552,-0.48504149644891154,49,0.0,0.010880719178288015,1.989179513681955,-0.7466849445928367,2240.6108981355483,1616.2324587957435,976.1842465876324,0.0,0.0,7.393535024488245,-41.76470264602116,87.2561780307939,80.60145718737658,66.5608494945078,75.54956641106749,77.07380852031864,81.49232393097105,77.46292290643086,82.97290311961645,73.22179262416029,67.64494111808438,93.47113719089107,72.54457907166852,40.331786981745296
820,2460.1262988842427,1616.0770593395334,0.6514362113372532,0.5880578017114403,-0.30434434838431423,49,0.0,0.02703521335668173,3.28633775583998,-1.2917804908390706,2460.1262988842427,1616.0770593395334,1007.9314949763918,0.0,0.0,7.2709145180275785,-41.764322006449135,61.61317652872612,88.84736318059807,88.91326690326028,62.76488959010277,85.60233359827797,80.50109169567384,101.17294501100707,62.78923118723918,95.52307626920775,81.5340460014599,78.2687868233946,81.15562075082232,39.24566743662196
821,788.4686558770098,1615.9087279085654,0.3385889329873134,0.7252831282463138,0.3292496917006875,49,0.0,0.05258461873534914,4.105557031548086,-1.5334302235628767,788.4686558770098,1615.9087279085654,6540.520968849431,0.0,0.0,8.20472370802003,-41.764499779262785,495.44265730853647,526.447990559288,515.5521154865291,550.1119557178554,504.36837640176213,537.4306343819937,485.73928714798507,528.6872066688974,525.4290890969446,578.3233751290666,518.9529020157146,529.1625477777734,244.87283115708522
822,1287.5105696848022,1617.2698842061955,0.7518661832695087,0.2032868238508545,-0.3047585576052546,49,0.0,0.01857320496615263,2.037758655708886,-0.7728818663735936,1287.5105696848022,1617.2698842061955,889.1324415301483,0.0,0.0,7.925953603453911,-41.76469219960615,74.49590172452636,57.63481450084942,76.1006651275089,59.3620738847312,77.26762788241139,67.2920812021683,80.20051038554718,74.13386698396367,65.40907360179123,64.99377956933341,74.310432258454,76.94244029051579,40.98917411834735
823,1946.6145204354677,1616.7638969287223,0.2932715012620377,0.4408255460468052,0.5100811939578475,49,0.0,0.006417015373704778,1.0558186547069761,-0.05897332763632392,1946.6145204354677,1616.7638969287223,692.3156598546959,0.0,0.0,7.557765285019159,-41.764873488363634,41.68317221812262,52.66779348802076,51.99962005175242,53.152350925415675,67.44001767968304,62.129392654853774,63.6869904886716,56.17731015694379,53.785250808177324,51.72308165591081,53.846864635647066,57.527201366898794,26.49661372459813
824,688.1180910876633,1617.7066238032367,0.4477125834445359,0.06468274168916381,-0.4904957661902013,49,0.0,0.0072882184754994,1.0587091828010429,-0.06194169996205725,688.1180910876633,1617.7066238032367,754.6859852596795,0.0,0.0,8.260772166555576,-41.763516579273315,50.93565817107634,83.9265700223883,49.8246644772385,70.74202790242738,58.94704120506047,53.95353685539976,49.97128089184668,56.643728456046546,60.77988926422628,65.72596097480216,69.4953067713019,62.0598341483844,21.680486119480683
825,2723.5467900465796,1621.8100932433392,0.6540592098741324,0.733547738347104,-0.31160521195034174,49,0.0,0.009669313196665644,1.0237528049086968,-0.025487761657940554,2723.5467900465796,1621.8100932433392,775.9986320842656,0.0,0.0,7.123798482414923,-41.76122683940965,61.22082497930913,51.55155580695278,57.279937563714995,57.698646211844924,59.56103400668978,59.32907781713887,71.3114450090742,64.50810307526277,75.4142398834014,68.25470164538777,60.1014759660014,57.287428340327,32.48016177916067
826,1079.9758334437574,1623.7001001869485,0.565094930784596,0.0665552346910115,-0.17949244181200902,49,0.0,0.03335486012134401,4.069732148866522,-1.5239145672293963,1079.9758334437574,1623.7001001869485,1915.68192085201,0.0,0.0,8.041872658910034,-41.761778947613884,145.28277109713991,165.41990510891708,151.22745785789033,144.5891685424038,170.0917555585093,131.51203886782247,161.57253423285283,157.27702511646487,164.3092332446648,137.48793160635142,157.31615311829933,147.97422239090332,81.6217241097904
827,540.1330853237408,1627.7558652250968,0.7117747627748531,0.5642964058042488,0.2023786978968194,49,0.0,0.013549757766375417,1.4199708859605753,-0.3806986000486807,540.1330853237408,1627.7558652250968,852.1669413047294,0.0,0.0,8.343393071678532,-41.75893468937463,56.21149516981473,66.68638942408191,62.56931653834516,56.98492113459158,63.137267444887925,70.29742262813663,68.37212478894082,66.5387719915075,75.31288840187864,75.617547432424,80.58037001157788,75.22046325037061,34.637963088171986
828,2878.135216401483,1628.371491097043,0.5937702200993066,-0.2741014081119069,-0.30682988777103604,49,0.0,0.015043906213560375,1.8493163198643712,-0.6675280056184225,2878.135216401483,1628.371491097043,889.8103035008554,0.0,0.0,7.037487018186113,-41.75799114525717,52.680758122062585,69.63471623370597,92.06321637915521,70.8640073504731,48.57883374710512,69.34926866084771,65.26183360212497,62.37576630139436,92.67139882750891,74.71019585135241,73.34572499754219,82.47851002238286,35.796073405200076
829,1074.0103898653424,1632.548801085624,0.5867668302932978,-0.28651279333183655,-0.039312955679126724,49,0.0,0.02816859584362169,3.0825131267925463,-1.2222623367553351,1074.0103898653424,1632.548801085624,1711.1693455022453,0.0,0.0,8.04518795171636,-41.75808358838151,128.53385551400368,125.99713094914227,141.9087828448923,134.85701096419302,146.86218492734145,129.74669812637975,147.1719829037531,139.61449091858378,151.0722677660985,117.96073024163604,140.90858447040085,145.39202499576618,61.14360088005442
830,187.1846823810843,1634.1917224482452,0.5914604745405276,-0.041567863803012785,0.6443868366553781,49,0.0,0.013535040856349075,1.9909650451244731,-0.7476590882367583,187.1846823810843,1634.1917224482452,925.277027280547,0.0,429.93192467937195,8.540482002570865,-41.75507248264272,103.98732454920437,108.99258015105926,38.99194263460998,48.289697546091396,44.545201255292284,67.19969441128696,44.33499091156233,106.01515280269876,106.17750573624545,60.47817300002005,69.05572134252162,100.69696116885085,26.51208177110378
831,1831.0544837381897,1634.525078931207,0.6737699905793084,0.16277827833540173,0.0517275928981522,49,0.0,0.009196149967743983,1.0023979139815264,-0.0026003855197659314,1831.0544837381897,1634.525078931207,758.6055038898663,0.0,0.0,7.622334037919881,-41.75756317393,70.29038338625212,56.48267609286853,45.90890627727357,45.381013232732045,56.61313583470931,57.67355494346798,64.32565293085185,74.23450667774416,51.76253288633358,58.19833232498851,68.89943885654463,73.4262620041365,35.4091084419635
832,2433.2318696755283,1635.418648186613,0.234997486774293,0.14591516160788862,0.17358862431943908,49,0.0,0.00713934877648228,1.2834138993694584,-0.27091684597210075,2433.2318696755283,1635.418648186613,780.0762244208029,0.0,0.0,7.285995817615395,-41.75632485234673,63.148411991268524,47.56416488049983,73.35706779364855,68.03600924122142,63.70277314403739,60.72077814872588,45.80970647022022,42.34393811485144,67.30056696999934,70.85641418056242,67.09969947142042,85.29195603429221,24.84473798005516
833,664.4180627430144,1636.2937697723626,0.7689305379157739,-0.003339006989077553,-0.5421540193935458,49,0.0,0.012146524480202535,1.2698597033117744,-0.2593893546669762,664.4180627430144,1636.2937697723626,726.938499716463,0.0,0.0,8.273947260574607,-41.75571299331722,46.85054506819531,62.53289778211476,60.58989824465648,51.37936261752319,47.113743898778466,43.51447646733955,58.14292673447181,59.89207392994722,69.82216766856448,63.71276867009312,72.24791896667075,61.98618300514418,29.15353666296366
834,2264.937894427886,1638.8484915880524,0.4818470442526576,0.28023869311487054,0.18801849190663103,49,0.0,0.009891455675816604,1.3510503703401062,-0.3266788521127531,2264.937894427886,1638.8484915880524,820.5108045043055,0.0,0.0,7.3800004359238995,-41.755236562019185,67.67157075482257,58.605509295825016,63.036039179209155,65.10177925987796,69.6399863396059,61.71909329799749,56.178641307740364,74.40378057607893,58.63013596629493,72.41950282472148,71.50708443991931,63.805425166978274,37.79225609523414
835,1923.6070188691613,1639.9964941841613,0.9806206376616309,0.34607133072356183,0.24103611375176914,49,0.0,0.013798493178624747,1.195974696850145,-0.19430497853189374,1923.6070188691613,1639.9964941841613,730.4173843035791,0.0,0.0,7.570644883214281,-41.75521411913017,42.50741197061194,73.09183275633936,49.31756165140438,49.28770574231787,65.56637569421893,59.88850390069612,65.37947516566155,64.6014076983558,49.27468433936478,58.18434370357333,64.56343037551588,57.738180412561356,31.01647089295776
836,161.94461927207237,1640.9628571331189,0.9583049236659085,0.18619060067221216,-0.5737334899455759,49,0.0,0.021870942574105236,2.0361358404209255,-0.7720168712655258,161.94461927207237,1640.9628571331189,946.1858799432955,0.0,465.6986514284082,8.554542020288634,-41.75215411226872,62.36103075018215,71.2520324964959,76.41249588988438,88.38675057580437,47.0787924481218,61.53175231456857,88.09497531835325,58.120980253622676,71.62247143824776,105.60402263143513,92.60738528199218,71.75154209394853,51.36164845063901
837,485.5631906955024,1643.1648964083686,0.4639637667875322,0.3438021410976391,-0.6853767288228441,49,0.0,0.012799736951861868,1.7018133215184978,-0.5772797973019851,485.5631906955024,1643.1648964083686,1009.6317739362676,0.0,0.0,8.373809117298972,-41.752354081932396,79.10965050373704,72.17083476411955,102.1138410540735,79.66925739152907,78.42185284013071,72.990516944392,86.82413106609313,90.33994381662916,65.741432311988,75.52348162707463,80.71690355662786,90.7317913921979,35.278136667675085
838,2245.942592638526,1644.0439656470883,0.7978393690965037,-0.2860940084414722,-0.6321471046698329,49,0.0,0.012696893353298584,1.2958662049365044,-0.2814004099757984,2245.942592638526,1644.0439656470883,903.8670995426352,0.0,0.0,7.390621843385695,-41.75310547520565,54.74316142059598,74.16113582416119,81.96379550120722,81.72953378595452,62.744233215698,64.8260901342725,87.30654303813392,66.847376359198,79.37677781394879,54.3798573049045,96.73168485533449,69.98307832185513,29.073831967370925
839,1223.7094741828932,1644.8808538730877,0.4759421929251926,-0.43297353029770325,-0.6273296633111424,49,0.0,0.009603925570210276,1.2089841330356361,-0.20605150281304085,1223.7094741828932,1644.8808538730877,869.3245127745948,0.0,0.0,7.96155605829306,-41.753128167076994,56.33040758389636,77.18259309589055,73.51600948983187,46.35313880839814,63.688279122426835,79.19744907583522,71.95902718354857,70.09901143549257,76.72154680061769,75.13742486667701,65.42176336636072,75.46242620122376,38.2554357443955
840,159.69212301324035,1646.6825387281513,0.6156265695950232,0.15374723172009705,0.5643471336233967,49,0.0,0.008235112887099508,1.1540335555000263,-0.15554609214596674,159.69212301324035,1646.6825387281513,975.7072519492963,0.0,395.05607087090266,8.555769985660387,-41.74976237702561,72.70173561238632,52.627231372076864,55.09483207461021,263.3026545513055,38.98594338674428,43.137806087126336,51.39174071142936,50.693739984586315,60.617328370550865,91.97166951109247,80.25290840022474,69.6718377382087,45.25782414895427
841,1697.4597590229391,1645.71566125028,0.6540550747437672,0.2530373726942665,0.21676588132612157,49,0.0,0.010121024717621866,1.136847973004104,-0.13925597944176113,1697.4597590229391,1645.71566125028,739.0567887299995,0.0,0.0,7.6969581580283934,-41.75295961504562,49.18828732824907,60.685904993828814,61.22339543771663,60.9073308061665,59.669136214347525,64.83240692716163,64.23012585786894,62.47220332174902,53.73348684557894,51.05103654138941,54.7523634955142,61.66328635566694,34.647824604761986
842,1366.832433918401,1646.681012104279,0.5196825244784739,0.12524487038037857,0.0003847614541031568,49,0.0,0.035135330969143466,5.267389474575458,-1.8039885789796126,1366.832433918401,1646.681012104279,1281.3192688082227,0.0,0.0,7.881618173385325,-41.75249626065213,112.47179106799219,114.34286424179612,98.14200130521957,100.08073963858408,104.45928624781686,102.4112362828269,99.15067247752637,96.27292461661935,93.46147191976026,101.6914798185241,110.27961837079721,106.5182602252892,42.036922595470514
843,1248.058039591022,1649.096607995261,0.21744695078467485,0.3447202497950053,0.2568547177006602,49,0.0,0.006162123218760219,1.1275956583810889,-0.13038348756088944,1248.058039591022,1649.096607995261,767.0344040198944,0.0,0.0,7.947951673142047,-41.75139562573864,59.40082490039452,57.60710241446423,60.20739783731781,76.63545274517163,80.85880891760495,67.10995078886111,64.72528159258854,40.270810997162904,50.39107785151213,57.86849878671749,56.442940743288354,64.07344697666798,31.4428094681427
844,2034.5344612615545,1652.0282817337702,0.6519452052406315,0.31493929597049314,-0.4615570602251373,49,0.0,0.009066995954877543,1.0114466939816804,-0.01235749799532015,2034.5344612615545,1652.0282817337702,702.1670713330594,0.0,0.0,7.508707478200945,-41.75008732950704,53.97954533233907,48.79784548512079,59.18973339042215,70.84744368776836,52.88445199220228,44.80372216394386,50.256268798563596,48.53247144289514,55.41975704526927,65.76658657809413,55.15710917380021,70.72897454551557,25.803161697124978
845,2415.944361138317,1652.103579982373,0.5873419971111435,-0.019092093262499124,-0.08089814699620484,49,0.0,0.04618396430094791,6.623789921481711,-2.0527663750413754,2415.944361138317,1652.103579982373,1402.0420977489262,0.0,0.0,7.295700556481513,-41.749411553853705,121.30217610261586,104.1480558170159,97.24962318136231,108.95230779734935,109.44433646552244,104.0208674531238,103.76808567998432,125.64083684255448,120.04847869390451,102.00322509219833,118.9328862905162,134.01479056447522,52.516427768303316
846,1612.5764905194515,1654.339526092886,0.34512345270899764,0.19247212957008208,-0.15987272976350786,49,0.0,0.018180021155953536,3.391984834037077,-1.3261347545183424,1612.5764905194515,1654.339526092886,1024.8158103654719,353.91530658523214,0.0,7.744367292132269,-41.749378855161574,85.185992823961,79.78345407167805,87.4304336453027,72.01495597875694,70.16229344264642,67.28993267328343,104.19751308234461,80.36169764063779,84.49945153028094,92.48145221375576,100.1230615528408,65.97290244358885,35.31266926639459
847,1147.5594356507447,1655.5802345821803,0.8640512805141067,0.2310088410275965,-0.28243132239221524,49,0.0,0.01474510497970687,1.44923779130972,-0.4028491261706715,1147.5594356507447,1655.5802345821803,845.260345146587,0.0,0.0,8.004069128801648,-41.748584688157315,55.137760803910155,60.3729195154465,68.47616444143222,69.01717986108406,63.56254326015876,68.63772380476098,59.85560725738634,69.05292170530606,69.99921034740098,64.64929382664059,80.77519749569203,90.07829829737861,25.64552452998989
848,2193.0684044180452,1657.7221898023845,0.511520171101238,-0.08529161048733307,0.16514068674420204,49,0.0,0.009065948424611262,1.1351198147541537,-0.1376042620613478,2193.0684044180452,1657.7221898023845,809.1145858210709,0.0,0.0,7.42018162995498,-41.74749483422288,55.74948663571553,65.56771716260835,67.42059411435434,69.8989750369679,69.34910475665963,59.02772919649727,58.98239648973485,67.38646627494215,69.06806117689698,77.68265889695634,53.177686365434155,65.2797407487655,30.52396896553782
849,2501.260024975639,1658.9832363749756,0.8730752103219054,0.49387962158586934,0.07369438286391633,49,0.0,0.010759889352916835,1.0108676248819104,-0.011735718979075814,2501.260024975639,1658.9832363749756,761.2054958412241,0.0,0.0,7.248078067253092,-41.746347161945785,59.261035345267906,63.107948977230436,41.36084573365479,61.729261066739056,64.6233919827514,56.76584969930967,65.85386784145649,51.261643548673995,56.06893198260411,67.12811067466146,79.02410385869088,77.68112879134527,17.339376338838573
850,2944.0042995871977,1661.5999930526352,0.7504359677247411,0.5041412961339884,-0.3686085467270932,49,0.0,0.011698598519013744,1.1919942127792171,-0.19068536719310944,2944.0042995871977,1661.5999930526352,865.5333743323455,0.0,0.0,7.000861746626521,-41.74391361701079,57.5224457606028,61.41374682975991,81.68241591583909,72.79633807331703,76.58172922729884,62.560600175968254,64.91833756688828,74.85023066365261,64.61030589367053,78.65830882161902,72.65589028672946,66.72194673261818,30.561078384381474
851,2904.8175021859793,1663.5528147936711,0.6913026272882793,0.32196629782093605,-0.31491653743727477,49,0.0,0.010701123912100107,1.0998945887966922,-0.10337766358293753,2904.8175021859793,1663.5528147936711,830.7066248467452,0.0,0.0,7.022751583666918,-41.743240271187304,70.88921364694482,63.964197299796254,58.30322096727936,74.66607782960463,75.57672872338439,66.18672878413201,54.064540398332284,70.75562442348843,46.99019310383612,85.926309104815,67.99793368255413,71.42775082203444,23.95810606054333
852,214.329080548135,1664.9557377280096,0.3667720120845923,0.5592797737069185,-0.017591987231475918,49,0.0,0.009563135486519232,1.021055398212049,-0.02262326433851476,214.329080548135,1664.9557377280096,1060.7971584649972,0.0,864.296847338725,8.525168445965711,-41.7423580791331,70.95745330971276,90.88702327792751,102.3732756197994,82.06902407213627,95.70440193719963,81.24071132999644,83.73633294121436,88.51102918845731,71.76112889814112,86.49924637916568,73.1014071174094,101.30374689444038,32.6523774993971
853,468.94543743132243,1664.858017207104,0.8202141204602815,0.5219888126891448,0.04152527700511298,49,0.0,0.012676060706295178,1.2612274726649688,-0.25198355547679957,468.94543743132243,1664.858017207104,746.3302742600638,0.0,0.0,8.383000452427746,-41.743265351338856,55.2563012759704,43.013461846291676,66.05062268158773,55.83602032202135,59.29333805953775,49.20415674559344,45.548922945063566,70.57295486259858,69.91222885400427,65.02474512770527,68.70320015388953,72.02261785588206,25.891703529918118
854,2750.9447903456567,1664.9109030438228,0.35872973581530493,0.234219531329488,-0.7420296737524974,49,0.0,0.008052929274937575,1.1383802741108084,-0.1407184041824677,2750.9447903456567,1664.9109030438228,830.3051848283244,0.0,0.0,7.108675551501996,-41.74318504371553,69.58633122442842,65.59777923191187,57.026582320418825,55.379842540792076,62.931203339329414,84.51913102565703,78.31997593244145,56.414100752621486,59.33193481678666,64.63566568503748,75.1501141991763,67.05905207425181,34.35347168547165
855,624.9814356792793,1666.8192044678226,0.5909597449538554,0.2773186652631701,-0.13617100121891487,49,0.0,0.028019849302001944,3.5683381686658793,-1.3811650135218394,624.9814356792793,1666.8192044678226,1315.9862165124384,0.0,0.0,8.295864749927732,-41.742892683386124,128.2410386108595,88.32775037953226,83.86108229840488,115.66569092012134,114.38141778458396,98.57898587794878,96.61718857582161,104.28214552471235,120.39582107407836,112.50388185694594,103.82763584882841,98.85866822311377,50.44490953748722
856,1532.8312498500031,1667.0095524322624,0.8067625179761614,0.11943727266356409,-0.09369744178183902,49,0.0,0.07037106136320545,8.066949017837297,-2.266773280654825,1532.8312498500031,1667.0095524322624,1717.4314319063037,0.0,0.0,7.788900778710165,-41.74409368509792,112.71043904346226,130.633100559556,123.66916073854262,150.31418870872417,158.35395789567278,134.35626692250315,152.91466466775347,128.1935218260102,123.29322882954749,160.78320100424142,141.87829795866,141.07228748326406,59.259116268366284
857,1758.1057224299013,1666.985501126537,0.5440352785527887,0.06170177836403146,0.034383820336095224,49,0.0,0.029697819598764302,4.4972769595899695,-1.632374084784789,1758.1057224299013,1666.985501126537,1150.211539891452,0.0,0.0,7.663098548938553,-41.74407631537866,76.40080515580331,93.4200303616112,98.97078861844007,101.2040488454614,96.68005252225993,92.13820506005999,74.46524520696434,70.76627432871871,109.63908181148801,86.46423817632065,112.18162312278845,96.31641086570474,41.564735815831135
858,854.487780162739,1668.164669611346,0.594097601173507,0.5819103314572422,0.10922076476927042,49,0.0,0.010034175484420645,1.1883879142954668,-0.18739556613124111,854.487780162739,1668.164669611346,790.2405113990814,0.0,0.0,8.167704488478513,-41.74286620611912,64.77023138484348,65.08794457053101,60.50185975652341,62.39310219295612,53.228417695069844,53.60696982564823,63.282066373622,61.85910920814064,65.22320036369472,70.9543120936368,59.90442832996348,71.89217361421004,37.5366959902416
859,268.1678780092311,1669.8475732475506,0.4724829384577922,0.6402286576632085,-0.5781580877983011,49,0.0,0.01028889710531182,1.089761992699304,-0.09332914268604305,268.1678780092311,1669.8475732475506,1001.0257091303256,0.0,113.0039657866197,8.495083952736993,-41.74051782816835,78.89733086662139,88.94183007110269,74.36017787517062,89.54947880793512,89.46909542277511,62.22556144915037,65.44356610363214,91.64116962017158,79.34616776814892,71.7619147247465,92.85869219379092,84.96154729071208,31.569176936368148
860,2278.027350665229,1670.3319528432776,0.26647504875761585,0.029358621319403054,0.1957103904215176,49,0.0,0.013603504359397953,2.488450233356186,-0.9898223992231978,2278.027350665229,1670.3319528432776,1064.0673892084053,0.0,0.0,7.372767087445422,-41.74209498495127,63.94086546698358,76.14207682621826,83.60626567033592,82.34465755556747,75.46534947259042,78.46096939409867,88.02450521519873,109.76435009516628,88.64958006266443,92.00181934933534,79.16360687899743,95.6255732838363,50.87776993741252
861,1836.9368592926864,1671.6113312133364,0.35638873687033157,-0.0527243573712815,-0.003993883373028523,49,0.0,0.0075553356517463035,1.1888533328041666,-0.18782069903042234,1836.9368592926864,1671.6113312133364,728.976996144117,0.0,0.0,7.6190802070410415,-41.742106896648586,49.2232810518185,47.782171410476614,65.14040658944305,61.40877337288049,61.75632207924597,56.43729826151139,43.779726953130066,66.24486021465178,53.77494070662281,68.68529664579542,62.938893435865076,63.66978471745272,28.135240705223218
862,909.1391040633508,1672.7629376903851,0.8983059402187795,0.0950569189034824,-0.1549222411987802,49,0.0,0.03934739094263733,4.166546619653945,-1.5494406138172305,909.1391040633508,1672.7629376903851,1063.19103438563,0.0,0.0,8.1371752008572,-41.74105649907955,81.99710909263763,97.70161660090466,54.54974905274139,92.17557662386656,84.50380841547539,77.35912070664003,74.79235062627026,67.31057431053779,114.4705705409983,94.10905048650733,97.233079647539,89.4423166179619,37.546111663549695
863,879.4746752581075,1675.0843396571672,0.8325307534596611,-0.06529422850811091,-0.03798705404524835,49,0.0,0.022343295102104855,2.4542863252297504,-0.9748130689741185,879.4746752581075,1675.0843396571672,946.6964330069318,0.0,0.0,8.153733534638402,-41.74003263667324,67.5992656634839,80.46148288076859,87.74139939867511,94.4400444172172,92.42534621960104,75.44018985631818,70.02901144615507,77.19414711551785,63.661994878275024,66.78878737499382,63.549354937630156,75.53429687226955,31.831111946026354
864,1979.8646146971325,1675.1086730476104,0.6744669787104121,0.13266748978562032,-0.1141951667219572,49,0.0,0.2903601232290226,39.49266663523103,-3.9912911482098243,1979.8646146971325,1675.1086730476104,5197.892416506108,0.0,0.0,7.539271548896352,-41.74053069871157,370.76842867603494,422.13437367979384,457.0232467858216,386.52715416415174,387.2692018184072,415.904347280297,397.58002435551964,425.5256902589576,429.74818493822835,444.2075231162337,425.38599865716566,452.6337194489365,183.1845233265603
865,2464.435433312948,1674.6915121207692,0.4346126312514783,-0.32562410503762823,-0.1943834378475094,49,0.0,0.01895515291359922,2.783653057551051,-1.111537764325049,2464.435433312948,1674.6915121207692,1091.319263592878,0.0,0.0,7.268691148171108,-41.73989013934201,73.6966289633313,94.65922670880191,75.7220782076962,84.55253580758567,77.43666786900609,93.74677135394245,76.39100556260266,90.77582262506706,92.52277106809143,104.72216575795696,89.56586938358274,97.68131448245293,39.84640580276063
866,2557.4188324143724,1675.131240930644,0.9147575176835591,-0.09216921361953899,-0.14094369908850474,49,0.0,0.0127519660942634,1.2065831074773554,-0.20389310192733323,2557.4188324143724,1675.131240930644,755.7101021347303,0.0,0.0,7.21677369939647,-41.739478074821726,55.91098856158206,45.53710933954017,79.62293293043294,56.495898380626954,57.62155063737781,59.34158430815411,63.9113719910852,71.82887103908692,66.14096012968864,49.770799564496194,59.37767596994918,60.6480641771424,29.5022951055677
867,2254.197279094985,1676.4107092162708,0.2123763515631304,-0.23162888309220475,0.2586829881322129,49,0.0,0.009077999237771603,1.6723265320878544,-0.5583027001592182,2254.197279094985,1676.4107092162708,928.6431062430644,0.0,0.0,7.386088313213686,-41.73960510599088,56.762907216006816,76.45445427914456,84.7732985092885,78.15086889934479,64.5360527436396,81.95822861641378,63.64737643077937,60.01658751311922,77.75961893894237,65.53516379044352,89.37750611181846,91.23310708627136,38.43793610785198
868,2344.0120921550933,1676.5387540970157,0.6936625832934218,-0.03573628421010481,-0.6652116624234853,49,0.0,0.010790251063153365,1.088191029771803,-0.09176285396913622,2344.0120921550933,1676.5387540970157,790.9161547161707,0.0,0.0,7.335937857877077,-41.73938213114481,57.37733632272875,60.77636385903487,73.09166376430011,62.2985978906121,49.69986173963919,64.66381786536553,68.86794777398208,58.95028716456209,56.48610430592874,72.28280772297698,62.89332388588458,73.84224267427827,29.685799746877432
869,923.4733533740182,1678.0900993179882,0.7972740699898728,0.14686830529213998,-0.18138345727153857,49,0.0,0.02933899021035415,3.329372521715723,-1.3059059771333479,923.4733533740182,1678.0900993179882,979.4106187085571,0.0,0.0,8.129157961521987,-41.73886341210121,73.32642883721675,83.48636441110366,72.11546006369193,67.66913930779046,80.22400553246882,67.41181558884344,79.57950921509949,86.54467509078916,88.34811717106376,76.3695514207599,94.86394791196012,74.8871613181747,34.58444283959498
870,2926.4712727620317,1681.2697791790483,0.4665318631307529,-0.1419055237834257,-0.5030781710468143,49,0.0,0.013629838189162122,1.7267178447504072,-0.5930534431092596,2926.4712727620317,1681.2697791790483,1050.0321664162834,0.0,0.0,7.010746125461367,-41.73578182984648,82.97811893187281,86.56284233315787,92.67985348051586,80.66872207921202,76.822151407652,83.19358737682455,72.23552118738104,77.93745700709371,93.26731386431806,88.98581286771432,76.13628666432757,101.8904752364285,36.67402397978491
871,2542.3615034482905,1683.9400606341096,0.8459202988820377,-0.05643394432626491,-0.27661421066980363,49,0.0,0.019831272780826,2.046103631708349,-0.7773190655460605,2542.3615034482905,1683.9400606341096,815.0802928020141,0.0,0.0,7.22521122724849,-41.73584653401988,68.13179963144546,75.08920919213021,61.69429207555117,65.96068491331391,70.37687708982693,59.04369159874811,61.56606835760514,57.613700005710406,54.28096487812399,80.35645519769577,71.41158691150132,61.934917504600534,27.62004544576113
872,898.9520183200157,1685.9967924370444,0.6854214352224844,0.2681767805040765,-0.3463097607120072,49,0.0,0.019217700266986118,1.9260366434828435,-0.71166136365744,898.9520183200157,1685.9967924370444,1124.6491702750657,0.0,0.0,8.142829946761218,-41.735523342561834,75.15860837341035,86.2051229060966,74.96248538213112,92.69831424889053,90.93203348761786,88.83189440267196,87.4319365525063,92.13576016890008,101.17759778332177,104.5382614619085,82.01641762856528,103.86365823046577,44.69707964857954
873,1800.7752905957407,1685.9073452800512,0.3916822091905253,0.5452957427971651,0.014741336057346663,49,0.0,0.014113069598355536,2.2872601942910107,-0.8982889297910082,1800.7752905957407,1685.9073452800512,962.0349164239448,0.0,0.0,7.639283960488717,-41.7361715860757,62.509906374426514,85.11233715536613,71.68436384588239,91.93594922539361,71.8275388462315,84.12065432878563,68.99747041007804,82.76600754432968,87.21923398038095,73.35187923511604,88.05137970051629,62.48399938984566,31.97419638759241
874,1144.1972972982398,1687.6640342768073,0.5833000039768389,0.009397616001997278,0.12168056090291672,49,0.0,0.01125894488894753,1.3741668885456855,-0.3450986992999833,1144.1972972982398,1687.6640342768073,849.6637528319278,0.0,0.0,8.00589370573058,-41.73521244067801,80.63263596639435,67.67389280699234,68.60495036170771,67.41455434976453,75.88549881488565,78.94504692421948,57.22883921448785,75.30772047330542,70.43598140701889,57.84713762399039,65.40065376758272,50.96919649004816,33.31764463153024
875,1478.1136134694514,1688.2607710711518,0.5441477731398286,0.4018616540134017,0.06904531194611548,49,0.0,0.012601902666368523,1.7644325592018018,-0.6165126581196013,1478.1136134694514,1688.2607710711518,832.6713335169374,0.0,0.0,7.819447843022735,-41.73522496039317,68.63307124696237,74.86012807768643,58.89946971175778,68.16911494254538,69.21165442241498,62.76225925155212,52.78542507999964,78.5042218059311,64.81444116015739,63.24742489706215,69.89225853780151,60.5897857967548,40.30207858631162
876,190.45487108038776,1688.3231802583944,0.22946318937050042,0.27700289534858474,0.7075887283122035,49,0.0,0.006515244131641671,1.1185921111729857,-0.1216793803955519,190.45487108038776,1688.3231802583944,1090.4094124033059,0.0,581.6997489038014,8.538379031447423,-41.732532329975285,96.58563621514469,65.62065589666312,82.59997246109106,79.7758421312602,90.27614080643468,88.82366289675146,92.96726827179054,96.14183790967574,117.00149045912056,86.73349239875225,94.44610031908788,51.98751979202785,47.44979284550598
877,429.750872327723,1689.5821283153002,0.33541065614149856,0.0048926277600164665,-0.2705102187470288,49,0.0,0.02715908730781503,4.846717450790848,-1.7136192559609458,429.750872327723,1689.5821283153002,1390.666516346596,0.0,0.0,8.404780892232086,-41.73284232820453,99.34002931183662,124.09424621721354,111.17066569912728,102.8367405156443,111.98213302888931,106.93915558146713,113.8774815189421,102.55333057110336,117.65384339404525,126.84692284651334,122.07259879580508,110.92066678005,40.37870208595871
878,708.6572899807904,1688.6430848465288,0.39949019750125275,-0.12719933827225963,-0.30813558779844585,49,0.0,0.014439926999121703,2.429672972708046,-0.9638695567261686,708.6572899807904,1688.6430848465288,908.0950124981172,0.0,0.0,8.249070057885712,-41.73401097431809,84.01079828494477,67.97995529332033,62.456817642839496,86.53087153112378,82.1278978087867,74.16139548730214,62.1468788750673,64.19456069353352,81.14112053435002,68.08728565284,72.26923860069925,67.3139208021194,35.67427129119044
879,849.464570789601,1688.8816895959844,0.577565720192312,-0.18580420530764052,-0.5716084910671708,49,0.0,0.021489077161469406,2.525923769717565,-1.0060505994253857,849.464570789601,1688.8816895959844,1155.4749181908478,0.0,0.0,8.170453075201166,-41.73422418273421,98.89967810404161,115.86191169854044,93.71502738784608,92.07877539056389,83.43533395984475,80.88175543155458,106.42568391700449,96.14602476603787,94.03195399446378,92.67035420707094,81.99335428207809,81.17235613357533,38.16270891822603
880,2874.784775537479,1690.4925155769513,0.5297512764321245,0.18857932562399587,-0.10190198883402836,49,0.0,0.06499213241619135,9.598529223226437,-2.4555117286478727,2874.784775537479,1690.4925155769513,2106.1959649210903,0.0,0.0,7.0396452262797675,-41.73212095129719,168.55912061789707,150.43235792787283,164.8247125426243,176.21940501554872,184.10561936067518,168.80093106907697,162.7157998416114,161.5715800873893,167.08037343186882,197.4437399347887,158.1313266710107,167.44092148774985,78.87007693297643
881,1355.1328291335333,1690.4239199802225,0.449285027767757,0.5598480623146856,0.08157319891180777,49,0.0,0.008971143181648855,1.0512330743796607,-0.05424754100970943,1355.1328291335333,1690.4239199802225,922.5221070687937,0.0,0.0,7.888113612498868,-41.73426252657831,53.301173484817845,73.3154421265468,67.90037478915761,71.43172953715097,78.85628644911574,66.13466265179969,77.00885355764348,59.17163768037227,70.78135002433905,83.94327884424865,99.76038835652696,84.75487687747741,36.162052689597296
882,693.4454871735808,1691.8050171055418,0.6290638689528777,-0.012426339054715034,-0.6775593990514616,49,0.0,0.012075589395484986,1.4753345604829093,-0.4222262902698834,693.4454871735808,1691.8050171055418,797.5160143853592,0.0,0.0,8.257552697184728,-41.73265657402232,50.26118352375738,66.32800237939921,62.66886923777283,59.95935960004482,67.20496451330138,72.83713619491076,58.33729511119361,72.095612836992,62.98140714098269,68.8456011663977,66.73106861182843,58.455346260143756,30.810167808634574
883,815.5047372092574,1692.2940355793842,0.3006259848650743,0.1543545153272343,-0.5227193766070738,49,0.0,0.014750480273882517,2.5624300358658565,-1.0216300408159174,815.5047372092574,1692.2940355793842,1125.8881105964756,0.0,0.0,8.189404142684689,-41.73273191884294,90.96011844431467,83.90549797513546,75.23765487972915,113.98623183872448,100.55286465008069,81.22093586651246,79.26150056093633,99.49451862770181,76.92065874435268,89.10689531765726,92.01926491410367,103.82526104027924,39.39670773694762
884,2899.8481571826005,1692.0256929631648,0.8752426307649513,0.6336148959690941,-0.0587672949136359,49,0.0,0.014341800471010554,1.3231218673583347,-0.3039996178076796,2899.8481571826005,1692.0256929631648,853.9477342452795,0.0,0.0,7.025660383772822,-41.73139501748343,50.21019719864169,86.65846817416485,79.02750983935965,57.8874282028904,63.28680803593029,60.01921692236932,74.52733152208143,64.3632557976245,64.1031854550308,69.23695202059506,75.28393832725567,77.1451748697825,32.198267879553455
885,1379.9086103810926,1692.7546150724788,0.4041086767551266,-0.30681291601671973,0.1923505078420046,49,0.0,0.00812834295153243,1.1934262299765281,-0.1919889471204579,1379.9086103810926,1692.7546150724788,790.4300149291896,0.0,0.0,7.8742781345380495,-41.73330700838997,71.01248703107396,55.94475080970963,69.6357476214477,67.69869218833233,62.777877490915955,50.66393250958107,53.411800519886256,77.73189684199714,51.25592369593808,77.39036491645277,56.52393244879911,64.82191370094078,31.56069515411468
886,2424.884720425165,1695.7591642818124,0.6409093812944924,0.1380326220479955,0.12087297683918286,49,0.0,0.008919331775112546,1.0287308628716834,-0.030754423159487215,2424.884720425165,1695.7591642818124,739.5460860215503,0.0,0.0,7.290838208770809,-41.73120249638281,38.67900738768883,69.62941033120237,53.99904054152866,59.929074627905095,58.94435069247395,57.679143528682445,59.6433230778183,68.47087237482168,53.53051945321005,58.674050181887125,72.91534565994175,59.62857134277158,27.823376821618453
887,656.9434204625823,1698.3146373388329,0.5257351479851607,-0.0781330446732949,-0.19274071421436717,49,0.0,0.013759668399968132,1.8814601896261203,-0.6862375834685502,656.9434204625823,1698.3146373388329,863.9690162974223,0.0,0.0,8.277909714365006,-41.72985306374825,81.71007449709556,77.97274424458809,79.52464191828449,69.12423835929692,68.94211496627422,66.44819829377029,58.16083933493198,70.76795207893538,61.21115959477861,55.551806831907584,83.49314595408607,57.19864684630829,33.86345337716473
888,431.09007483741067,1702.341642266877,0.48148741964987335,0.11464879428452943,-0.536218713459869,49,0.0,0.013550597384411816,1.8114285424700025,-0.6450530164714212,431.09007483741067,1702.341642266877,934.8417895016776,0.0,0.0,8.403979160017366,-41.72753044697532,63.15642603793728,78.03918554156542,63.20546772221243,74.66467474934208,82.63108751623541,70.89030603271272,78.92673734443173,65.79172912175946,78.94152957013267,95.63961279988251,68.47050379744522,77.99007124634655,36.49445802167415
889,851.7823561209503,1704.6805848317467,0.8356279140670252,0.549313024792515,0.4317014550644079,49,0.0,0.012502034780461968,1.1395787841702518,-0.14186088817808168,851.7823561209503,1704.6805848317467,805.622176782763,0.0,0.0,8.16911611262298,-41.72764618601902,57.83019671734972,71.96791434183918,79.06234622805198,64.1702488630473,72.36249079144804,56.13537302464708,59.410857291712134,58.26120805951735,57.13675892566313,56.06744838142825,73.01029344921008,66.18446563221514,34.02257507663363
890,1521.499720370201,1708.4515916245632,0.2124709562209,-0.16202426344110246,-0.11202573667738401,49,0.0,0.0072038934519343635,1.2700931513959506,-0.2595889355664133,1521.499720370201,1708.4515916245632,869.6472836334626,0.0,0.0,7.795216887843531,-41.72682393405449,81.39574014461769,70.68397149188644,60.34745219369164,66.38232594413637,62.04441062015151,65.04486601950792,63.070522382623714,82.04685785205322,86.15034146416684,65.70220794426125,67.80958565670906,64.25948419752497,34.70951772213198
891,397.360593985886,1710.7625343406376,0.6026659944990306,0.6744638660198742,0.7709120556356858,49,0.0,0.02002337249843635,1.785464628548861,-0.6293781272514214,397.360593985886,1710.7625343406376,1950.9843091417663,0.0,0.0,8.422771505536355,-41.72391386721766,175.09524681768997,139.3726581819796,163.32626446979376,135.11512885382757,161.20658560309442,168.4020160476233,153.35832409894,150.88526778404503,180.09791184491746,130.64939774108043,175.27373344218324,147.8531294756661,70.34864478092521
892,2187.667385532025,1714.9903756244655,0.48926701123103244,-0.6230681428782804,-0.3552985117022172,49,0.0,0.011721567755767211,1.48784704607892,-0.43139571771178675,2187.667385532025,1714.9903756244655,850.2468055426302,0.0,0.0,7.423319746536212,-41.72364210583796,91.44197882537586,61.93204089765316,61.33434401188471,60.148712959228256,65.16144762720373,75.33560525320674,57.235187315648645,76.66939687171825,63.18516894151363,74.73917954548631,53.74975755038251,85.78801301277332,23.525972730555075
893,767.4690223233715,1716.4641916520343,0.6167455386804434,0.5208795667252112,-0.25556389534406126,49,0.0,0.017358523291520746,2.2034091720896964,-0.8577378823233195,767.4690223233715,1716.4641916520343,1061.369435039486,0.0,0.0,8.216150174908181,-41.72255632666255,79.7520237698188,84.98978246034537,84.60076173806499,89.53975976776417,101.57666467563676,96.086157392645,66.72851568471872,79.7047536897955,73.22367730987371,81.6806741849505,83.73761944931138,97.02143411823326,42.72761079832779
894,884.1224274082509,1715.7029958809617,0.6728741401962199,0.17167199718898496,0.33373846438613997,49,0.0,0.009997200736932048,1.0702787913130858,-0.07374229878797935,884.1224274082509,1715.7029958809617,727.9188694371696,0.0,0.0,8.151032844296855,-41.723117647831984,58.4447210544255,51.65862218069175,74.32597143728651,58.502248420405174,61.14557623451644,58.47620793195986,45.52191283240133,51.13260052819969,61.08222278573225,59.09873607699203,56.22473442835063,68.03977376344699,24.265541762761416
895,758.0575510409667,1717.5273867986737,0.5709484889611957,0.6238949958694239,-0.05246839204341471,49,0.0,0.011475432839762597,1.3475780330726173,-0.32388480728446223,758.0575510409667,1717.5273867986737,979.988773671312,0.0,0.0,8.221400635101416,-41.722092042474905,72.74964895658087,91.26914933300147,86.5262838531151,54.38430076393203,81.60405427012157,82.05654592618161,75.75766254416274,77.22378974120139,76.8260445717364,88.14085723511587,90.83778867770899,75.72064441332782,26.892003385126003
896,2799.1241087819562,1717.531471226365,0.44764555638156456,0.3881017746661658,0.10852805138960388,49,0.0,0.025827140222767615,3.9523035811485947,-1.492125739683955,2799.1241087819562,1717.531471226365,1208.6954160032208,0.0,0.0,7.082002038461287,-41.72110832117232,81.11587180178856,89.51476286985644,90.44620080386372,95.83526799862642,96.8981241677205,105.56699457573569,110.05160166185843,104.56572227385527,96.00499930263543,92.89659102875811,102.69202810407182,93.76728129368317,49.33997012076734
897,1602.9991263874788,1720.625320191351,0.3140458531885023,0.25685132252231113,0.053633683760191925,49,0.0,0.015433186728742006,2.8320658544199264,-1.1302583696123532,1602.9991263874788,1720.625320191351,1031.155996681547,0.0,0.0,7.7497167164436185,-41.72175997464267,64.29103994286575,76.61993004761139,77.19733639628994,84.23221781237899,85.66706276590324,96.00614144623876,95.1544525904154,79.88800000770294,93.25714236158167,72.8584042366978,77.36659265366646,94.3526303338972,34.265046086297446
898,2375.350824043892,1721.839623877107,0.5925815548109834,0.05780932428148443,-0.15882032542604607,49,0.0,0.24975226549541482,36.694196191048356,-3.911493446629813,2375.350824043892,1721.839623877107,5133.440157617024,0.0,0.0,7.318566308204534,-41.720442999295315,383.10176285397984,413.4849724996324,417.29364000372675,429.96948426574306,389.2888082379526,407.5960867165127,430.0810596991658,395.5378851641349,433.3847849295255,366.7625237106689,447.36544547515354,437.93351377067495,181.64019029015157
899,2098.501733191122,1724.5226558330287,0.42472794681933135,0.14820798714840044,-0.21529218248742313,49,0.0,0.022053903078102413,3.782622069509385,-1.4444823802436209,2098.501733191122,1724.5226558330287,1042.023444173168,0.0,0.0,7.473113717351847,-41.719801090515595,78.06855775157601,70.16826447881584,64.16584730135921,82.38415899900536,84.18365368089036,88.22649100093953,86.23310730218466,84.22421949672668,91.48044414811807,85.33909527180288,92.54007539663064,88.18651855834858,46.82301078677017
900,2979.0382335293702,1725.1307552367705,0.7992915833948221,-0.23626028935782253,-0.2794919622922,49,0.0,0.011721291489380248,1.08087574495772,-0.08443942826708585,2979.0382335293702,1725.1307552367705,838.2816671776943,0.0,0.0,6.981617536459026,-41.71731595540359,76.61184482388816,59.37386501936264,54.41913631459549,67.34546958634314,57.660570422858456,82.24847208494293,61.86458572500224,74.63402477671008,72.57782078417372,70.23989098115015,57.314485465866326,82.62346840205504,21.3680327907459
901,660.7458369104488,1728.1930297964418,0.5155225816325059,-0.4301371635716726,-0.3484643057419114,49,0.0,0.010448902890467831,1.3575949128781035,-0.3319255048571589,660.7458369104488,1728.1930297964418,902.5470623467536,0.0,0.0,8.275685164041363,-41.717413940443315,79.48726878103369,71.14241249387331,72.76598003825646,69.6525178853057,69.41100631704785,67.819200216757,81.29683483805623,78.65578164953921,73.73015173602556,81.14690488450036,63.34375848545206,62.3681679217942,31.72707709911187
902,536.648476291034,1728.5161799506452,0.5112678782727322,0.003585247888841545,-0.615521731469861,49,0.0,0.009508974431656755,1.0375555435841222,-0.040028387861308044,536.648476291034,1728.5161799506452,862.7538732161606,0.0,0.0,8.34495073025545,-41.71694348602856,62.201294165257785,68.68902894712718,65.93400444876306,70.04874652037613,81.18497054001955,72.93958776412748,66.38849515123006,60.24514521615006,71.19222808432168,74.00788393052,67.10285894796405,67.52867853255768,35.290950967745914
903,950.5774796572441,1731.040701779292,0.5874113709334503,0.20057635505553165,-0.13822384257003703,49,0.0,0.019431561002208348,2.6180175461821484,-1.0449313822600566,950.5774796572441,1731.040701779292,931.8446176594464,0.0,0.0,8.113898939033485,-41.71684973054221,84.42137678256734,71.55969991697994,65.70937980553764,61.01264618413708,76.636793487272,66.65399061694784,77.1853263577139,75.98633530811823,67.45447918859954,74.48666767670778,84.70891424969267,90.81072480328096,35.21828328189146
904,871.3004054106689,1732.2557070388136,0.49060415082488207,-0.2113241798037257,-0.3570173362701866,49,0.0,0.009954180979651563,1.409048482450719,-0.372314841358507,871.3004054106689,1732.2557070388136,768.857346576224,0.0,0.0,8.158146826399335,-41.7161958251784,59.04548209718869,70.68700427220888,57.892128131751136,64.20626877849621,63.23322609171127,61.741458641644215,63.105675258808276,55.688740158120524,64.42019560930416,67.79719159648407,67.8408005619198,47.68470313879345,25.5144722397933
905,2873.085513407742,1732.675707931091,0.24685076626049457,-0.1790486219648245,-0.45076404025812733,49,0.0,0.008958263261447195,1.5832994048682216,-0.4989076213108204,2873.085513407742,1732.675707931091,870.7399682099294,0.0,0.0,7.040788372215033,-41.714551832904704,63.30246958381012,72.52257158082944,72.94754393556397,78.13406969112273,68.79555649863237,64.06718917770635,65.03490443346348,59.53855205507803,66.28907630404754,76.16797129471371,66.05949800137827,80.35835546181283,37.52221019177053
906,2296.4280373215684,1733.9147560349334,0.4760643805710443,0.18178884700968392,-0.1686683447675412,49,0.0,0.09528108210807097,16.342192621556823,-3.0332758127980948,2296.4280373215684,1733.9147560349334,2399.8508248596804,0.0,0.0,7.3626524498184285,-41.71556861099846,172.31772234565597,157.4831017774276,177.47316771416578,214.41866601609064,188.9396482433283,198.63249623558664,203.8582926285909,202.74424955554395,200.1866693403427,199.28664793885298,199.8521396139219,199.39533341787853,85.26269003229434
907,1058.810079526216,1734.7485177458136,0.7136000489631885,0.06071285484298784,-0.2744440650688105,49,0.0,0.07599107791931409,9.646196893236747,-2.460890305682871,1058.810079526216,1734.7485177458136,1815.6379987784137,0.0,0.0,8.05347740203371,-41.715479022796565,146.91262551879058,124.58504922614917,145.91951867852612,134.56049540670313,166.62504017431723,134.44199161656454,151.02243923033734,133.8059089006889,164.02282103184984,141.09422349607536,136.40247748546764,172.51402475616464,63.73138325677927
908,2776.8459845096613,1735.3362698387186,0.5569076352088385,-0.15041711460126278,0.00932141988782914,49,0.0,0.016248467035499845,2.0736702811812524,-0.7918492590535451,2776.8459845096613,1735.3362698387186,972.6569480893629,0.0,0.0,7.094513165107015,-41.7137616172509,78.75396119836009,76.93989204340576,55.19130144398366,60.2206768723249,65.78535287425544,85.52711257830472,81.69471637235095,90.06780924630382,80.3443305922234,91.10395772668295,76.31181469814081,88.95183564347269,41.76418679955364
909,1188.0382001931632,1736.9635864032916,0.5952051505232682,0.6847923343653501,0.4222553851319982,49,0.0,0.011281954089002462,1.1071195851385591,-0.11048633395112814,1188.0382001931632,1736.9635864032916,938.2151653727092,0.0,0.0,7.981341226359648,-41.71472261606118,67.33674547332207,85.75862315232146,69.46392419016232,80.1488844918351,69.62442015324478,72.62131662220659,78.60601710389555,74.52969598980809,74.38140771619581,68.29563770016152,86.93259369767804,73.61688104966912,36.899018032208865
910,1036.8409207566028,1739.0510341164127,0.5279935726466854,-0.157046087331665,-0.12600531379033644,49,0.0,0.00943065465587576,1.18216902381766,-0.18169893853599978,1036.8409207566028,1739.0510341164127,795.8395919174583,0.0,0.0,8.0657313262965,-41.713653539913025,71.85146078233569,51.7544007813772,61.843097382032184,57.44344114259247,74.57151170148663,74.47893649443365,56.58074775394902,53.95517250208712,63.09421562915573,49.754453297057196,66.06509250537786,72.17693709147872,42.270124854094774
911,769.0979232056492,1742.543377834518,0.34526823574746945,0.5910993665661706,-0.15225941148818453,49,0.0,0.012233067486074362,1.904550029155678,-0.6994809632339101,769.0979232056492,1742.543377834518,935.2320806638838,0.0,0.0,8.21516233483867,-41.711694027957435,60.18698879390535,79.08613360572883,89.72190952449023,82.04832614042931,66.067862995824,88.93267760684928,74.33770438748806,77.44812042558402,79.47502966465437,70.16372350078615,62.38510817174253,69.28774599894612,36.090749847455484
912,1237.9080387191573,1746.990915664164,0.6409963219462295,0.029389011782433493,-0.1363144968323987,49,0.0,0.02550004864016574,3.247452568581457,-1.278857041507564,1237.9080387191573,1746.990915664164,1051.0089385988222,0.0,0.0,7.953491781281977,-41.71059679358641,73.50883394215305,81.49893032951519,93.74131646581002,83.70503051532441,69.74333018477108,78.94465051052387,88.17903297239627,90.8299780058596,99.98016506560353,74.49583333649873,89.14218455811815,93.31539199040037,33.92426072184795
913,3091.542982121336,1749.173165127064,0.5993053539742985,-0.03443970421848219,-0.49173936333380847,49,0.0,0.4017639795285911,50.59448148652201,-4.260257873588974,3091.542982121336,1749.173165127064,12004.620183063478,0.0,9876.136226793476,6.918956190053745,-41.7068633494393,915.4757161376453,950.3903214527307,1012.8561431716396,991.2214334628027,993.6882295241616,981.9257874833822,968.4261802503707,891.2788744126274,933.1991888400458,995.700104660255,954.5167996157018,1003.3955300360661,412.5458740160475
914,2913.581368723187,1751.8601366930338,0.5513120632700259,0.2907156035097887,-0.19625317085208807,49,0.0,0.03725414543751135,4.842903484596647,-1.7127645349306317,2913.581368723187,1751.8601366930338,1665.2619036649644,0.0,0.0,7.018278322133295,-41.70641758314052,119.77375923084801,126.62218017645806,129.37649744969832,114.44661041522097,122.23674263774825,125.13194173437245,149.0255723248941,139.78188144226687,149.13356680361196,158.92346964252613,122.43595013123982,156.96319369557997,51.41053798049953
915,2922.7361361226954,1753.2521375704143,0.4808291247605185,0.3333834815332891,0.004168429683753626,49,0.0,0.01265436667546857,1.6759769593050087,-0.5606701095490749,2922.7361361226954,1753.2521375704143,1229.6251626170306,0.0,0.0,7.013176255019191,-41.70580506115119,91.30828943585257,88.59985620118985,89.09210418137022,101.46991766241302,84.68235421916127,105.65854380459636,99.55059593619275,102.01939085529978,87.47024486567186,119.55688482869684,110.67905256909091,106.42496994325828,43.11295811423673
916,817.8381497839551,1755.5379282736785,0.30201330171365093,-0.5973637262472471,-0.4787714504197454,49,0.0,0.006541831827417963,1.0261677730451564,-0.028045928623332328,817.8381497839551,1755.5379282736785,781.1202853167877,0.0,0.0,8.187922028861905,-41.70638602864805,61.97947236799233,69.85398666202951,75.50767784160055,62.19758309799052,60.341392802398644,58.702491868366664,48.841777686680594,50.11570460372103,71.61100812926622,60.194310921880906,61.074152842868656,63.18207829134859,37.51864820064344
917,1918.3613348878666,1756.6523737806108,0.36002598113479767,-0.5381103489823302,0.19136476825690754,49,0.0,0.008279467108189952,1.0394328631737735,-0.04199110888067123,1918.3613348878666,1756.6523737806108,942.6138319517127,0.0,0.0,7.573709161510035,-41.70661231090455,70.74180367812914,73.40266546700617,76.26179047096608,89.8955098586581,77.44746947854775,72.69574887179544,65.49312088089422,73.9324687660787,74.19151729698363,70.9059291644028,65.21602189991839,98.02029796603362,34.40948815229862
918,2323.2740697252098,1759.6802033980634,0.8410344082497375,0.21987974321505918,-0.1605890123174541,49,0.0,0.08118344072044135,8.850326986313561,-2.367398291357069,2323.2740697252098,1759.6802033980634,3608.3479426436525,0.0,0.0,7.347735225209291,-41.7047818485857,270.22626054714937,295.53065063293354,271.88181161586647,284.89236469343945,300.3671734157492,306.258604121506,255.75520540161185,293.88201362238783,304.218795343543,321.42208579772097,281.1016173184194,294.6220762718898,128.18928386143497
919,2316.880038554665,1760.939178229819,0.5498619876114027,0.22082105064726149,-0.07344183206633212,49,0.0,0.107100182133572,16.132397668813496,-3.0192472974169786,2316.880038554665,1760.939178229819,3685.039892649328,0.0,0.0,7.351306851963594,-41.70426971231675,268.25706170648755,304.5912978100057,263.6948529431267,299.7864224451212,288.8683862033248,313.1013605635518,254.18965588633216,320.990970342408,317.5510018403389,313.0046813276723,292.6836682031337,312.3014293444599,136.01910403336512
920,1795.9932707060007,1763.73133776463,0.5385845873300323,-0.10138189109631127,0.22557232252992424,49,0.0,0.02236086939051019,2.7394532518671024,-1.094159734248975,1795.9932707060007,1763.73133776463,1320.830987612213,0.0,0.0,7.6420092171264775,-41.70374756672158,98.51735107056382,117.14875473857735,93.42317735947275,120.0030798619034,113.6252127387101,102.8304685350877,75.69233716860535,115.63048056871159,108.12874092085805,108.7238834605912,101.09062658247588,114.47851956601279,51.53835504064307
921,1817.974344278647,1763.259462457126,0.7250954918674456,-0.0769107196762212,-0.24315757490236775,49,0.0,0.015774491595528583,1.8155057854009724,-0.647494093000706,1817.974344278647,1763.259462457126,825.2866882260328,0.0,0.0,7.629741487003022,-41.70393192588914,58.24823166587541,67.4819095655401,66.80820853448917,64.61833039333663,64.30093340108431,49.52089012279772,66.57553086020437,67.02771799515209,61.30900824558496,76.11922861079202,66.51083864993146,82.87667730443444,33.889182876810146
922,1538.3249566866634,1764.4561723571946,0.33366666654418076,0.6139647895107744,0.12140347454126353,49,0.0,0.009089178779184028,1.1927870964835827,-0.19140733073112348,1538.3249566866634,1764.4561723571946,922.569131162255,0.0,0.0,7.785810919586957,-41.70349192883998,72.09138867103468,69.77183000272846,68.66445299050363,72.41066207299463,66.21037658185953,74.82865180877553,70.41278245114128,83.50686359751327,75.93261264263832,94.75194824166783,65.40608240611476,74.1612132786383,34.420266416644544
923,1522.4982528183943,1764.8435893712779,0.6067801741529962,0.04941439113682562,0.07225641601727718,49,0.0,0.009958778985824666,1.2308718842083763,-0.22553212892272378,1522.4982528183943,1764.8435893712779,740.8570562182551,0.0,0.0,7.794643483030691,-41.70332751029837,59.067651764587566,57.32936080922593,61.085391693474975,62.4587243853878,69.85935749157933,61.47150512765721,48.718800333734464,67.47134104551532,62.84103391070797,46.506133913256924,41.06238474061759,71.93786187457611,31.04750912793409
924,1152.5532766896629,1766.3410605961615,0.46134556631968054,0.3954510053446598,-0.2937303127802475,49,0.0,0.01641561560739518,2.4585192992244047,-0.9766840545609425,1152.5532766896629,1766.3410605961615,994.18722886306,0.0,0.0,8.00110042316255,-41.70244089935528,70.0842175814064,80.40064476431158,80.19353294465736,69.0639371746035,79.42975646166019,78.30662538451588,84.53504815158543,83.82085560839431,77.73083443866939,75.1179780497403,92.8106212864675,84.33154240859784,38.36163460845016
925,1993.7354165144345,1766.6539425913668,0.20270903805852322,0.8059602666551964,0.011509403812663842,49,0.0,0.0055148090034731765,1.016413165602565,-0.01767570458099697,1993.7354165144345,1766.6539425913668,706.7891783607947,0.0,0.0,7.53165648867141,-41.70237266093622,53.212785838003725,54.403329395479275,50.334215124060584,54.48808061676696,45.875232535891236,45.30123573692738,50.74000234811797,69.79501151141926,62.73081658791033,50.78708113875834,73.49123110236509,67.383934202444,28.246222222650573
926,1738.7191937577768,1771.9869085071396,0.642551896305624,0.18653740634277888,-0.14217792158078366,49,0.0,0.07497685436686796,10.362133173608134,-2.538622923793865,1738.7191937577768,1771.9869085071396,1836.0352205272854,0.0,0.0,7.673977329538019,-41.70033355698595,139.5586023712922,145.49467547678745,135.87873380917964,137.0457868498111,149.23918244766156,145.714734250843,144.20123135908608,160.52988330103446,143.71277219469582,146.9274267081662,143.00118080913413,162.90126428598467,81.82974666360903
927,915.405399914334,1773.0831284168873,0.2866319012447711,0.184879483539561,-0.24511486629190557,49,0.0,0.010028236740347168,1.4462119112479725,-0.40057983534004166,915.405399914334,1773.0831284168873,942.1125971261533,0.0,0.0,8.133427128206671,-41.69926904596115,57.10408298278074,89.32133032331589,57.692506596568144,82.46719479505697,73.50452559051531,78.2134820228587,79.89026639478101,82.91331224892683,77.27661284398552,79.11119071672472,67.1563733283082,74.20292630633156,43.25879297599978
928,1269.7435840975268,1774.296305973899,0.27012019855270564,-0.2936527290555538,-0.4096918968929233,49,0.0,0.007898454714631036,1.5601292488540728,-0.4829014473908374,1269.7435840975268,1774.296305973899,766.0832192865378,0.0,0.0,7.9356902609741296,-41.699249428587486,43.26024101098281,65.58258284535563,46.09501747355185,69.63058090177488,65.71390065429446,58.48317914894346,75.18665861499372,63.82582057401596,58.497429673229156,50.62912211580712,62.48327412205096,63.99343052383314,42.70198162770467
929,689.1161212847247,1774.495903754442,0.6845602715590389,0.07319108070345669,0.25887343503809884,49,0.0,0.013762001556134742,1.5636928478813819,-0.48537862441422863,689.1161212847247,1774.495903754442,842.7741134830206,0.0,0.0,8.259696808398873,-41.698192791705225,65.4960099536047,56.52381307453143,60.035625923200634,52.82322561454814,59.598322810853254,65.17462633961199,57.148983870787454,72.2211114707987,80.22200995668405,75.87928734866216,74.47461681426796,82.71385928236913,40.46262102310108
930,3075.3380604290205,1775.72003459705,0.3625981689466684,0.13548826888237175,-0.5670009480896354,49,0.0,0.009961517716129315,1.4235101025905719,-0.38340138415838193,3075.3380604290205,1775.72003459705,985.6656677523619,0.0,808.7236000225037,6.928140711733003,-41.69586819634119,80.42760641187348,58.693086333263665,77.1889874521012,94.18444816718204,67.18275011985764,76.41632202449212,88.77071083576978,88.61801508994716,73.0594334811358,86.09584638577475,80.85219562120025,72.66412390857562,41.51214192118837
931,201.8764304990562,1779.7949396058789,0.367599038700999,0.9472699326137185,0.6376690946844525,49,0.0,0.006498320444093816,1.03931761847806,-0.04187072373606138,201.8764304990562,1779.7949396058789,827.4003734088628,0.0,459.6629278220902,8.531539466871173,-41.69446602284091,58.77456744661482,108.15956555655612,41.96857814438701,52.294147073710405,90.88508036094834,66.37518726084478,43.10232409604162,66.35563813169709,64.80692602634952,86.2156636335564,59.154137397548915,68.36591608446204,20.942642196145783
932,2652.1825828751807,1781.21601344049,0.31551495024748627,0.23358297374827677,-0.28878059892613306,49,0.0,0.008067700141810285,1.0972209866199472,-0.100735264479586,2652.1825828751807,1781.21601344049,793.8183438021565,0.0,0.0,7.164265854326859,-41.69502117247523,75.20459512549544,63.654891876337885,53.500941857150345,49.61901968578354,49.80978604705193,70.2154523439637,66.3338354613712,64.41960522300086,69.19839197770524,65.68108419785472,61.33461979331685,74.09211250729186,30.754007705833015
933,2172.896539728184,1782.0002936092724,0.49636003592165434,-0.07076098845880649,0.3456611228125412,49,0.0,0.008251291365111785,1.031246050016091,-0.03340574520525516,2172.896539728184,1782.0002936092724,746.0168368626948,0.0,0.0,7.431704470081518,-41.695744912817446,56.569121446075336,69.41469792624626,58.260067157577794,49.035501915225865,47.04368597952727,62.86504449905079,54.08355442340031,79.21537858835597,65.93083376402643,62.84090109387988,59.05636260494816,45.05302646203697,36.64866100234396
934,2433.4020891914,1783.0501065113513,0.8671273767718898,0.02923715009900045,-0.3674919614011636,49,0.0,0.012584115261073246,1.0748821475732857,-0.07840212466536817,2433.4020891914,1783.0501065113513,816.1765063600421,0.0,0.0,7.286346320106947,-41.69481343290698,57.96929945432598,55.09038031049362,78.2588771148399,61.32141742698161,59.904414598518194,50.33149615307045,56.671829668369455,77.85719746487209,78.8950584699607,65.51228324403067,66.22788011440517,70.81303093452618,37.3233414056481
935,1385.4801685579193,1783.819457411895,0.6512846328716041,0.10117737576829883,-0.19721050829117043,49,0.0,0.160338508027629,21.63145419769983,-3.337714290831645,1385.4801685579193,1783.819457411895,3581.0588194082975,0.0,0.0,7.871096355909781,-41.69536672686267,283.6476935765601,260.7547276932205,293.1706573924322,279.0788919063332,297.38636391009504,264.1412256108799,291.1446215934934,274.3269353384061,295.9049466072304,306.1033762503438,284.4988800154777,313.12374246406614,137.77675704975883
936,2493.381983253892,1784.1848423266727,0.6885490423580279,0.3867178652133078,-0.30867086407650035,49,0.0,0.024348027162334657,2.9610006917065856,-1.178596272107424,2493.381983253892,1784.1848423266727,961.5849840557745,0.0,0.0,7.252882394208529,-41.6942009500763,76.42175397549394,83.24788369999601,87.04310437090038,97.98154214183936,64.73759334528063,62.07328727328911,66.67371561633212,92.97394743936032,80.96074802671228,64.13023527216421,80.89739065455794,72.23282221784578,32.21096002200242
937,1675.6680191464595,1784.9506234242456,0.7235290142768838,-0.20656935884104502,-0.44484760858273625,49,0.0,0.011951126824475952,1.0861283994592172,-0.0897029238143768,1675.6680191464595,1784.9506234242456,897.7078572695248,0.0,0.0,7.709167137406995,-41.69495018114165,84.25677574178664,59.592012953087476,82.28354031529493,77.42779024936692,74.97794924629426,64.64026951372445,67.57275835282613,68.61804210898536,68.70624205542615,73.79722358593826,55.20825510110811,83.24742376991881,37.37957427576721
938,1086.9839583079745,1792.3315348119488,0.4392903232877634,-0.049399414366979755,-0.11052021813762924,49,0.0,0.025705538960832292,3.673845537759425,-1.4128022324633172,1086.9839583079745,1792.3315348119488,1530.3892173711247,0.0,0.0,8.037644232361139,-41.691526584954055,102.73844027664501,127.20084945086836,115.45449097225797,128.03393497541333,119.05505914693572,123.50883309485462,114.59959162910232,110.80572518243845,127.95305167034746,132.1185814283499,129.7933743373014,128.9888873395305,70.13839786707943
939,1127.1665187225278,1792.2217606932575,0.3704708396601409,-0.3672540249824973,0.0414805615952489,49,0.0,0.0223022403268832,3.0762846372313284,-1.2200662916237524,1127.1665187225278,1792.2217606932575,1490.9643129030333,0.0,0.0,8.01522363105327,-41.691625834209425,116.3496272089524,113.74553585284436,108.49776978174901,140.85335193088724,110.22600725110586,121.87215657284344,134.99595655664206,105.46589353193144,127.25828841210733,126.03513113409639,133.30048134062338,107.27633648689022,45.08777684235997
940,566.9207707394855,1793.7314256272768,0.80526222617822,0.6772898818798051,-0.2620031133727276,49,0.0,0.012034158178267567,1.1322371053448068,-0.1348434583853122,566.9207707394855,1793.7314256272768,818.045134833505,0.0,0.0,8.32780990141429,-41.68985763698088,69.37841988806262,51.88875828688269,53.7953530982881,77.1314980207507,60.67588130126109,69.08841842337901,74.04212075996766,55.12543162190033,63.92964119129598,63.5218179980186,71.78092067948947,69.33518942772014,38.351684136488686
941,3022.5751453596804,1796.8343661704646,0.6150053339181771,0.3472092628453781,0.0370258020671127,49,0.0,0.01625516360357008,1.7158317195253527,-0.5861867302484101,3022.5751453596804,1796.8343661704646,1080.3577464367556,0.0,322.2501274724376,6.957687676702742,-41.68727769119165,87.86089107327605,76.91559048439694,87.02410631771303,87.82779031549467,66.54748268874937,102.04324728241569,95.14667948054753,84.00678362896168,78.33198454832825,94.21738432740003,88.49207819858454,93.4486475956191,38.49508049526875
942,595.0310584981789,1800.3129983514552,0.5874648686653818,0.20921914564657645,0.049439993826214196,49,0.0,0.01514436992976044,1.8956206078675102,-0.6943785535006926,595.0310584981789,1800.3129983514552,893.7482361911018,0.0,0.0,8.312102490428481,-41.68719279161761,88.25331841570107,70.1480577953454,70.38666199363777,87.52655248487291,62.93713574779656,56.4625327782072,81.90611194436502,76.09519791235829,66.23791113929163,66.40752526320699,69.10581831682272,61.55688615663155,36.72452624286473
943,1099.8931354577455,1802.4097120324686,0.8146723856141411,-0.4591931194093813,-0.9455637562341357,49,0.0,0.012778149784720421,1.1456923682871134,-0.14767005042505538,1099.8931354577455,1802.4097120324686,1207.1398517044006,0.0,0.0,8.030423005577873,-41.687345069096466,89.7216491001711,116.96923642248669,88.88124490989131,104.1851880873861,77.78710643744958,93.01785872646738,102.78124028417835,100.15428822846035,88.13853720581031,104.72672177183563,96.29013645731945,103.80496735641148,40.68167671653269
944,198.18559044830923,1803.1229933875193,0.5906593531672789,0.13066305097083697,0.3433501502248032,49,0.0,0.008094107562094732,1.0566742654417454,-0.0598528265391185,198.18559044830923,1803.1229933875193,905.2451893608874,0.0,444.1962278736122,8.533480287817175,-41.68473297640107,129.93950357445772,43.28348768698369,45.448636240181216,46.41804551951398,40.973397448128324,73.84806067778054,54.33668284017962,54.38905226432334,102.37153858259524,132.4080312917823,58.9438309042573,101.11713043549436,21.767791895209726
945,1512.257946805979,1804.4554915210779,0.6027273520507798,0.334850708665863,-0.012279947916960937,49,0.0,0.0663045592822239,9.371923056305047,-2.4295717859307215,1512.257946805979,1804.4554915210779,1777.962701886329,0.0,0.0,7.800345791478713,-41.68682028864764,129.66679631475546,124.39524027669508,143.5707714581208,139.12851911219354,126.39449067599095,145.60430581077978,132.43464242343788,154.829776863785,159.08313888103484,150.07778584504928,157.61757061101878,156.3261795853719,58.83348402809559
946,1095.13488282341,1804.642508498361,0.5345655557395111,-0.14120350638357537,0.0679888402418172,49,0.0,0.017895250212163108,2.1161616093380364,-0.8138720782609455,1095.13488282341,1804.642508498361,1258.4174328217384,0.0,0.0,8.033073722791542,-41.686408292216065,94.76546936141557,120.08581878940288,104.15443793807941,104.03627677837383,95.93590239323844,105.60080511980208,97.73278957570221,101.16567762113482,95.6698165702484,106.91910429794785,89.27364192127098,102.55805809945193,40.51963435567003
947,1906.511951341955,1807.2690746517603,0.46592059145478154,0.5496995129817898,-0.21098206073104056,49,0.0,0.014825534374425168,2.0866755114578788,-0.7986372983465779,1906.511951341955,1807.2690746517603,996.1961397062678,0.0,0.0,7.580378499805167,-41.685532130698746,67.76272600167863,53.33344971917218,79.42023795946793,87.1354658839777,80.36876368114014,79.44455918574118,102.08042871091314,75.45007949733801,88.73186860774845,80.7131325524031,89.8097302214446,80.26274969212447,31.682947993118248
948,1272.9048616763937,1808.0135514610781,0.8562629940852053,0.6269335249828822,-0.49179881164777295,49,0.0,0.012408121047582264,1.1108689989178842,-0.11415711764569242,1272.9048616763937,1808.0135514610781,810.0726303952979,0.0,0.0,7.933886138881167,-41.68520348423832,53.96577294680047,60.78396051125424,77.88241664525137,54.44292062307309,56.8555256534825,72.69149936594789,70.09665515917963,46.70261482830178,63.70424319126377,63.61150324878601,66.7242987171868,82.35864717297332,40.252572331797076
949,765.0482175532392,1810.6957684477964,0.7530381473906543,-0.5766968210884627,-0.6204639557658117,49,0.0,0.013754133859898847,1.369053615536085,-0.3410511412909871,765.0482175532392,1810.6957684477964,863.8694091090877,0.0,0.0,8.217216452173048,-41.68328907166936,61.170844387622566,65.80286409228786,68.24580487152957,62.22572867825647,71.37481578984537,67.52409979375349,73.71164196912599,72.29059028841297,75.92468272435968,74.01305595955398,68.5806992482653,67.60566854645377,35.398912759620586
950,371.04657970862996,1813.0095153484901,0.9406347612717638,-0.3220408340445605,-0.26620560922279024,49,0.0,0.02184183871379177,1.721500499960148,-0.5897678829225294,371.04657970862996,1813.0095153484901,1203.1191259353318,0.0,0.0,8.437004894061078,-41.68122760574444,92.8345265182651,91.46535327282103,106.74258790456585,113.02346445567203,76.13075348505669,101.47039083579159,88.11139046008498,95.2550175161274,97.51453819819605,101.26961907547903,96.75596335481205,105.03380821550371,37.5117126429562
951,2144.4940371106127,1812.502841201275,0.5280535463748228,0.21617495791217903,-0.07701227966592951,49,0.0,0.07140265494806607,10.880654955309655,-2.591637595693027,2144.4940371106127,1812.502841201275,2018.055606609937,0.0,0.0,7.447613325126551,-41.68307851705645,157.06584523016275,179.91179643236714,173.61875136601458,158.39161479133884,154.6390309409157,142.53483097070844,153.72194606402576,152.50708795203218,149.67043762241832,185.37636260217457,171.28026129683224,150.6395092163285,88.69813212461801
952,2992.7601852019097,1812.409031606828,0.31366787314061495,0.3677088897635747,-0.17204216739181094,49,0.0,0.010798503163280442,1.8864299822385286,-0.6891017258147579,2992.7601852019097,1812.409031606828,897.3993662969058,0.0,2.326362733408391,6.974398867143215,-41.68090206157858,80.58668273910173,93.80565303876601,55.82779408740991,76.87326268186148,74.36482499553719,67.24511462376492,65.26887820697894,54.41064490470056,81.20885595869103,70.56912713294115,73.72652094640475,69.19292896999173,34.31907801075637
953,1094.545870047292,1814.2520577565147,0.38661688440982733,0.18695047031297377,-0.13317810519481238,49,0.0,0.00767254060497173,1.0291294472926051,-0.03117501297282052,1094.545870047292,1814.2520577565147,989.1117395026779,0.0,0.0,8.03338475349848,-41.68240356758768,70.35492069762273,77.25364688100353,82.27625430046302,80.29678447570666,82.40737195270805,86.56929611395329,72.2041037462981,85.4661748352425,83.38085130373636,84.66725360644057,83.13808691555465,71.14380469959346,29.95318997435492
954,1666.6283036891784,1815.7390532065663,0.31500928730046884,-0.8319526305641627,-0.5091114418591939,49,0.0,0.00731725353297643,1.1245886539354562,-0.12748424390963,1666.6283036891784,1815.7390532065663,796.1702650864917,0.0,0.0,7.714218780969859,-41.682123422374936,65.5892575289632,70.76200616095579,64.73705513276985,70.41094594330897,62.42908573896332,51.18783431050835,71.21942526564193,65.59901669872345,63.902380754714564,61.63200204319318,48.74996903465678,57.05531461241685,42.89597186167545
955,2304.2859891316593,1816.257065375368,0.4300221527677294,-0.15851837750015288,0.0162435652319052,49,0.0,0.010982440166800634,1.6524825159830925,-0.545342182871904,2304.2859891316593,1816.257065375368,812.8490025774536,0.0,0.0,7.358476183970462,-41.68124532419649,54.779274703375755,74.126438520699,70.09068922113802,61.32729886212631,66.17221286215714,77.36995884945952,59.71049374277835,74.24049730463938,61.4148461518087,56.63039507608052,53.31176377418394,75.6726943124065,28.002439196600477
956,594.4889478059565,1816.7527146492241,0.3364100001015118,0.30178726450172194,0.03718007078159995,49,0.0,0.018312675447692703,2.9380098746056307,-1.170133127784275,594.4889478059565,1816.7527146492241,1264.02303662812,0.0,0.0,8.312345085093606,-41.680341783461586,88.99937967545551,104.31367435666269,109.92702844990137,116.26714180714738,134.1001365280789,86.60884856140144,85.3430740508702,100.93963546396532,101.83022217932755,96.0089534388571,84.12734150805476,98.2715083482733,57.28609226012441
957,902.364045341313,1816.8838881864135,0.5486446099342359,-0.3948823532980152,-0.19952496901668057,49,0.0,0.050829570519407945,6.240094075418424,-1.9879778428467363,902.364045341313,1816.8838881864135,2036.4081481756807,0.0,0.0,8.140593914412701,-41.680994839434845,164.82340087786162,166.69566285185576,178.89349686949376,174.83327442925258,161.4584495095346,163.37864823440378,161.86020738145908,154.84849815421018,142.6254136677645,150.18440683616024,159.19574229541468,177.71463808312046,79.89630898514926
958,1249.38803942734,1817.9122507739246,0.5981320290062567,0.2853952177782617,0.1531298661541484,49,0.0,0.009755947957654899,1.1457174904621836,-0.14769385765003784,1249.38803942734,1817.9122507739246,733.7363249089477,0.0,0.0,7.946994141061142,-41.68105752650581,58.867630193778766,51.63958364741829,69.59386710696819,62.9928690400448,66.71446785300122,47.21504056199137,57.04988588275412,55.064520199874536,48.19119485857513,59.85665652278611,50.21678463859497,77.31987493859043,29.01394946456982
959,2952.0991644170867,1819.2950192138837,0.4949853371222624,0.3332393206551533,-0.18770223675571152,49,0.0,0.25071117689640915,38.44282448526872,-3.962038222029678,2952.0991644170867,1819.2950192138837,6965.515771807815,0.0,0.0,6.997113821175888,-41.67818364062663,489.20203599977685,578.9798805649478,544.9111616207067,571.6758352169179,548.4053377008231,545.4705384166817,566.7632638047155,555.1647399910339,554.1568587331062,577.6275723576769,590.4567773309954,579.5150991573062,263.18667091312716
960,1388.3817063204658,1821.417150846924,0.863471629365636,0.06322960106004227,-0.2605974842996517,49,0.0,0.032405390729082224,3.3876169041207977,-1.3247357282954786,1388.3817063204658,1821.417150846924,1091.5784610029423,0.0,0.0,7.869448390019137,-41.67970276134886,94.1319599956587,84.12221185153413,89.97437417089222,117.95985560601785,77.04096288050715,87.06057803589076,81.64800490065765,89.5580910378711,85.8029389802069,76.38979793642207,84.22818578584688,84.17817688324496,39.48332293819173
961,1132.626677549014,1825.0194223041065,0.6629782589639844,0.4121266604363374,0.1995068700334001,49,0.0,0.010275989678444201,1.0686731066924924,-0.07211220111714815,1132.626677549014,1825.0194223041065,848.2084498207621,0.0,0.0,8.012121464266286,-41.67796725023161,65.87200007108495,63.61673303344165,61.36067871811186,65.89547497152085,66.55100100045763,67.56609697772404,64.94957647371058,68.38766648317319,72.49982058897086,72.79832204318492,57.966539980320455,81.80840725010671,38.936132228954435
962,584.1874568455943,1826.5192898115095,0.8038221041440015,0.06617477273980621,0.014348138089056287,49,0.0,0.013538063158877504,1.2485436533810388,-0.2410093284546436,584.1874568455943,1826.5192898115095,889.9625412369415,0.0,0.0,8.318055791147941,-41.67624448680698,65.68502257433201,58.79612119325041,70.54419341109508,73.01219736036884,68.99984099429523,71.21403853822046,76.75164803594579,73.24247441964755,64.91400336963902,66.27794083678018,81.78995939734176,89.01053842319669,29.72456268282861
963,318.4906481849719,1828.435541736337,0.3255422476289811,0.3623621780756125,-0.6307794123793539,49,0.0,0.016503252376336302,2.4492448766924317,-0.9725805206718307,318.4906481849719,1828.435541736337,1235.2696260987877,0.0,0.0,8.466250499935555,-41.67462257580967,96.93807350322513,104.79656112288379,96.00354531014966,93.34759853640116,91.78844429221047,93.12023455875422,98.87642737591015,119.33464172091574,101.50447220580355,96.04975044775861,100.05382174103985,90.96360021623565,52.49245506749991
964,3136.5781465518385,1828.8763383782957,0.47839040309740727,0.7457565773546858,-0.28858709897394774,49,0.0,0.04563588772412965,5.861250756931882,-1.9199757545810916,3136.5781465518385,1828.8763383782957,2071.279710327422,200.79945802532478,1636.500555773348,6.8942687382716015,-41.673473435081355,245.3660098674007,283.3875375317956,215.90634746382864,287.16475101830787,222.60841488031963,154.63974150544476,120.33218382229644,123.66822738760384,124.40427191683611,110.54849536966327,99.22902991187047,84.0246996520547,0.0
965,974.8244169826501,1832.1515965565463,0.382586731500601,0.12046982043481104,-0.6961654110767194,49,0.0,0.00670602287192254,1.0512239798005003,-0.05423814789146053,974.8244169826501,1832.1515965565463,734.3680619487044,0.0,0.0,8.100135594628153,-41.67476282313701,54.896527658786155,60.228966600508016,57.84411089883079,49.570216742117694,62.07730963320041,49.4688359117278,53.98901855238487,60.4379296973825,67.96668058389673,57.53911099542323,76.3842520811265,51.0591805378799,32.90592205543985
966,390.4118922484518,1833.3238849429258,0.5925843835296245,0.8304830812648782,-0.15934580844315507,49,0.0,0.012058460199816405,1.1448049347663654,-0.14682873203562163,390.4118922484518,1833.3238849429258,997.4793768731929,0.0,0.0,8.426113354463526,-41.67282761899311,81.64477695213924,73.89417799784395,94.92676981794823,79.15671868682256,81.88584113256988,76.9446293996522,83.45277934872874,91.22418566189486,65.29324675640815,79.8165366996206,79.0597123624139,84.08882077531885,26.09118128183181
967,572.4146242458455,1833.8281798265748,0.4225624325550028,0.4350963339618771,-0.3325620592397392,49,0.0,0.0184256581102925,2.123033388611418,-0.8173920607513997,572.4146242458455,1833.8281798265748,1351.8394705754986,0.0,0.0,8.324595575060666,-41.67316681751959,91.91424216335662,105.13008851463974,98.8999123306082,113.91364346245332,106.21611275869401,114.61735546737674,128.3318700877831,96.06598138985363,101.7613989188444,104.07782025676337,123.76010830509856,125.90537782007635,41.24555909995058
968,2339.714260958858,1833.6263142657726,0.2616181995030454,0.536757543451715,0.1663519940118106,49,0.0,0.010903632711751349,1.9120059999687544,-0.7037231269490958,2339.714260958858,1833.6263142657726,967.8541673744232,0.0,0.0,7.338758203864498,-41.673939383232955,69.78558550256005,83.34990748360204,91.95496030242896,59.851896618619094,97.21144491505657,80.42715016976086,59.99915111166376,75.47265206601394,64.42975301671444,76.07335314226415,72.86982053580786,95.94264388084687,40.48584862908463
969,2902.289923855115,1834.4038456814683,0.4784267058090196,0.4444433091311149,-0.14280295441409258,49,0.0,0.07183547758463095,10.432879123157921,-2.5460104390317984,2902.289923855115,1834.4038456814683,2670.427044452823,0.0,0.0,7.024968340182967,-41.67206706770021,207.95487802237687,212.67344157336368,256.7762603638216,226.75848827517342,183.9324822766702,218.24288236503273,214.7406609515005,203.53017079619673,204.16545564070995,215.69039296959852,216.57297346073125,215.8166892809333,93.57226847671404
970,167.08501359956963,1839.275083419606,0.9549244689873241,-0.5863551201174868,-0.4152725802803474,49,0.0,0.021313620303494485,2.4160781758996657,-0.9577774560943442,167.08501359956963,1839.275083419606,635.6754805182466,0.0,193.47623571672003,8.550641968789016,-41.6695521433043,45.64456658657215,3.089242810901085,33.78831431787656,79.08435799005022,27.715787027489256,57.19570542312805,53.16934588808939,37.35532727002317,63.76351906093963,42.7890760027792,55.33128870417202,43.94191634686506,92.80703308936076
971,1389.1598824695386,1840.7240500879977,0.9874632201448682,0.263797009887033,0.010685763090196481,49,0.0,0.013606686514810486,1.1882115460855949,-0.18723442046545263,1389.1598824695386,1840.7240500879977,768.9404265838821,0.0,0.0,7.868999499157711,-41.671658704178874,65.19630725130895,72.50370657170079,43.82630933059396,62.09310139213297,65.93616914181504,57.61229423429681,68.00902587300786,48.580316574105396,52.8657926073606,68.70165249786392,62.4812928774265,69.47469644129222,31.65976179097703
972,1471.2321687466085,1840.984700494967,0.29275689105688946,0.04046014681340814,-0.2614712030667017,49,0.0,0.008176877580933264,1.2365075775142866,-0.23049195532711092,1471.2321687466085,1840.984700494967,940.2575742288302,0.0,0.0,7.8232186891823385,-41.67158779699945,59.36930892268404,75.8944804313935,69.35769315450327,88.64867883141764,64.93465886643446,67.0819313949846,68.10564308888732,71.73942728529073,68.98604992325613,96.49647639327394,88.60142002337903,79.29102064432449,41.750785269001035
973,3084.607205257855,1841.7854162851916,0.48592974252958515,0.002558269030252513,-0.1336755230029746,49,0.0,0.01106651779291121,1.1847119647081796,-0.1840319363226323,3084.607205257855,1841.7854162851916,1216.7045469697186,0.0,990.154414345195,6.923323957333558,-41.66830688351515,98.48768412868029,102.5846063319081,74.64788332291509,92.01134652640272,102.00529678633836,99.83329198426578,91.6750999676681,127.61151556125392,104.12050347128812,85.88564816025523,99.04659210068054,101.3033278394434,37.49175078861914
974,1279.0868395334448,1842.378545861993,0.4715500715659339,0.2355323720610689,-0.05679314067637014,49,0.0,0.02935980948690643,4.759775892131105,-1.693966262524932,1279.0868395334448,1842.378545861993,1204.7985554740392,0.0,0.0,7.930397100380602,-41.67089025807271,70.79941475518444,92.83295634841716,96.8543634736775,105.61749067199162,109.42071678059042,98.14096842503744,125.16756467574159,96.07506509954686,85.92394857860202,98.73147397411537,101.68509821400266,82.7819700558843,40.767524421247884
975,1497.253112857605,1841.7831957323497,0.5950773397241095,0.07836735319943415,-0.10328577257475444,49,0.0,1.2815740567409366,189.87974148842963,-5.696196579442421,1497.253112857605,1841.7831957323497,23431.68924284393,0.0,0.0,7.808703667731153,-41.671263250616626,1735.0504826071915,1894.9967693184653,1933.7888017719038,1899.7710616296888,1832.146231889958,1907.0639131898847,1784.6534710717733,2001.0521527376468,1895.8769017121401,1912.6770656458016,1861.7923404678982,1908.224363294842,864.5956875067359
976,2167.031881532316,1842.135101359605,0.7033703893338614,0.33012200627844374,-0.06802093456554315,49,0.0,0.02386269162226465,2.7016434903023145,-1.079070097087235,2167.031881532316,1842.135101359605,1071.8611993601676,0.0,0.0,7.435100277325323,-41.67069819920003,81.80246396783645,73.17959597755726,83.25525332943974,83.13310594791989,89.1779100745652,86.93962040098032,83.45268806122075,95.2041296135427,81.1143079167354,85.71561306635489,88.70068958779682,102.69505070269074,37.4907707135272
977,948.6077559406449,1842.5472574930754,0.33927441261269453,0.26418315731511904,0.0656446816063727,49,0.0,0.007509420545233583,1.1565296637354647,-0.15789194108351867,948.6077559406449,1842.5472574930754,861.2272836313895,0.0,0.0,8.114735264671904,-41.67038622778773,67.08072416122485,76.90662188678108,69.7546157365662,61.07606680800261,60.93816881891621,81.5871704059553,59.24328982154143,86.39716386737373,68.2869751950339,60.15552602684636,70.15993979686144,65.64492632570753,33.99609478057883
978,2793.7305295087476,1843.3879744567546,0.8891810864996564,-0.4820539527133249,-0.21865989119120013,49,0.0,0.01083355556682734,1.0092387711447317,-0.009984815302461942,2793.7305295087476,1843.3879744567546,676.0378811350233,0.0,0.0,7.085556276717509,-41.668689176012066,60.053839156415236,56.99776153596794,64.73099811323775,53.89237081928505,50.60325954661773,45.42834431543389,41.89119806598701,55.38302503355218,46.744095991210465,58.81022171029012,54.126364438827146,67.69921137034098,19.67719103785771
979,176.71415525685933,1843.8917775030707,0.44212089946209737,-0.5081733348161159,-0.5496794462535247,49,0.0,0.006736577492704947,1.2477471008698247,-0.24031642364914635,176.71415525685933,1843.8917775030707,871.3942854070746,0.0,225.53846518042954,8.545247941904622,-41.66766580567823,39.282383128009926,24.3498968651389,111.86840114280733,74.209458129105,16.03246489423048,38.666692137647715,142.2077514151637,130.20489300504352,81.48556171771955,91.1880500243616,45.68918663818703,38.660594668264665,37.54895164139516
980,1039.366338681838,1843.9768260808348,0.4150004043888889,-0.027341538596482563,-0.13391583019045522,49,0.0,0.01363361344888504,2.006438932864908,-0.756064865665069,1039.366338681838,1843.9768260808348,930.8026363463036,0.0,0.0,8.064108602481824,-41.66993903622132,76.3277320387457,73.70981203704616,91.85619586048172,78.899335240379,62.241518927769725,67.21993855843772,86.6686240587444,78.53564587948972,64.37644939617273,75.2884613228604,74.29688801790088,70.69071158106253,30.691323427213085
981,1983.1617251160737,1844.3383046509784,0.2933193636667795,0.22039444504242123,-0.18125487635391993,49,0.0,0.006480024493785158,1.0205030311499244,-0.022035747543821833,1983.1617251160737,1844.3383046509784,809.6568788106434,0.0,0.0,7.537664950209036,-41.6700155497484,61.72217290405537,67.57157835701065,50.623219429305614,68.21991108287565,64.54682562306292,61.934914205913365,60.60158194034963,59.50453915161344,68.39516168541763,72.67391114091518,66.61874932540533,71.61786489044846,35.62644907427026
982,1149.3561993254718,1851.2880372301663,0.5219673680657109,0.17342437146422904,0.4459164434744127,49,0.0,0.007783403889025604,1.0079045511903066,-0.00854851565548342,1149.3561993254718,1851.2880372301663,823.0776849112656,0.0,0.0,8.002745917031456,-41.667042869773674,74.62955774645087,59.400299791990626,70.27954421009287,56.3090073262757,79.59153913494153,67.64749519740027,68.46441706904466,53.830685687907746,63.721173892730675,51.685167598189125,74.23623788403047,69.02588760371766,34.256671768493476
983,1194.9532343086491,1851.7689193487415,0.6990526200881189,0.026926548187822082,0.022738492739278766,49,0.0,0.01404419769079147,1.6158581784622699,-0.5210081017800412,1194.9532343086491,1851.7689193487415,796.606770402276,0.0,0.0,7.977312873342911,-41.666895171517034,50.23724243151081,64.83376791566276,54.30357163672272,71.07681017163807,59.219307853118494,63.52537093938274,66.53920229581435,69.82715938264693,72.60560255694872,52.68655777135923,66.91040280402687,83.20403528408133,21.63773935936277
984,369.07607275935266,1852.6665438821026,0.5924433820713084,0.3794634685242587,-0.3275384281677516,49,0.0,0.057028043150444546,7.755021368825574,-2.2239574971052796,369.07607275935266,1852.6665438821026,1886.5388567141886,0.0,0.0,8.43792744205013,-41.6646985397728,154.45164770567243,161.95986458299905,150.40671180058126,140.58411314205097,147.81729620053747,150.3914693464501,159.02575162493787,138.34044797006183,156.7249022628284,154.41233727527106,164.32639207805227,122.94248429774545,85.15543842700038
985,288.5951153027331,1854.0976041099532,0.6959583884833261,0.35034206025140485,-0.642098100130942,49,0.0,0.03728474465771983,4.167917115783842,-1.5497976847284145,288.5951153027331,1854.0976041099532,1620.324157285787,0.0,116.9311057274785,8.482803450584841,-41.6638263828867,134.6185429590164,120.8827818987252,124.10361523832532,131.44747884411407,121.77571694225554,142.4409650072979,101.82820631519233,129.843432145135,124.27878721655875,131.5136425541558,149.14986711239692,152.78722834905318,55.653892703560544
986,2932.5205149059784,1857.0504414656782,0.23798546985313324,0.42737625874540763,-0.013460495975901137,49,0.0,0.012670044344626829,2.1385669524877255,-0.8253071283464695,2932.5205149059784,1857.0504414656782,1037.4543216549582,0.0,0.0,7.008216572822555,-41.66252444906572,78.05794345668505,74.95275540186555,74.64383605368005,76.90747808200577,96.29086244056455,85.90480369645839,77.98311198891798,85.2068748382747,98.08208080467305,94.65031386601026,82.32196385461494,77.58356460986707,34.868732561340956
987,2288.502653523933,1860.691112360595,0.5105797680788767,-0.0710857980362858,-0.1552544424338757,49,0.0,0.04821600784435767,7.531599574919834,-2.192218055636695,2288.502653523933,1860.691112360595,1549.2237997699604,0.0,0.0,7.367391887987118,-41.662761241572234,129.1783605556912,117.07646459455067,96.58840706767452,154.5115102919146,108.61286686109906,142.7252761961161,127.19291658832637,122.36624688665412,118.25270847347822,125.8401476004459,124.99285628998749,119.13938736823314,62.74665099578884
988,1112.001847088361,1862.2250646435305,0.3889459897095344,-0.3860665266773433,0.09609696781179049,49,0.0,0.01035415241165119,1.327626115370632,-0.3076894667717549,1112.001847088361,1862.2250646435305,891.5072606866768,0.0,0.0,8.023561394601753,-41.662438518570575,76.56751164192619,68.80794742006506,57.97916133001136,75.65624673434414,56.87281843954824,68.49348354644066,78.58504670589363,73.95726532461933,67.97542923599181,60.153342100492495,90.40192403552487,80.83912851112348,35.21795566069551
989,2831.539751220428,1865.9329589971687,0.928760634084826,0.26676655736055904,-0.17761508971457626,49,0.0,0.017066988454688795,1.5850251954356132,-0.5000904252987586,2831.539751220428,1865.9329589971687,892.1593584022654,0.0,0.0,7.064569554127,-41.65917255928751,53.98848112105678,78.03269899205037,95.10306605484064,63.5795082861178,68.80293708153923,80.53783966565109,71.79868969531965,63.92092436711997,59.09463030201317,68.4656344342737,69.5444031016,80.37531991584956,38.91522538483349
990,1174.2799110609194,1867.1250395414759,0.7659507503172918,0.2579447652924369,0.1900829482770468,49,0.0,0.02781513039143868,3.1174094997414485,-1.2344846362638604,1174.2799110609194,1867.1250395414759,1054.1792407337366,0.0,0.0,7.988819991424256,-41.660473682003285,72.7411713588915,93.5456882319905,95.30719996156799,72.15129849595859,76.54549934012184,80.66774740571134,86.89790985020373,68.88385411162764,94.06433155860816,89.53065581475667,97.72176035506115,82.07199804260645,44.050126206631106
991,1851.7753379928056,1868.2166880351765,0.3659694549689625,0.4820190318606884,0.32357322564090696,49,0.0,0.008429246420811517,1.1212189761453881,-0.12422609849097849,1851.7753379928056,1868.2166880351765,900.8747241404928,0.0,0.0,7.610972986050384,-41.66017859871951,65.88256314762722,60.7210937432833,77.51264064324505,74.00212771187755,59.579824592805906,60.39678735058811,94.30273684467771,76.96861009347559,84.70043351277315,62.507071287863646,77.67134410942762,84.8862087675005,21.743282335347494
992,1902.7362077504195,1869.4101100771982,0.4113733459527349,0.24092858114491822,0.08157015443490724,49,0.0,0.021599733760446473,3.4705103531314405,-1.3509833607892883,1902.7362077504195,1869.4101100771982,1092.6770731479273,0.0,0.0,7.582553036045371,-41.659643321248346,88.31158525894514,83.04323728100948,76.49942333845644,101.15838865602089,92.21607323349741,81.80296997344028,74.72055513236822,93.79199250317959,96.12539009918193,80.31481796998567,92.50247566002919,83.63420685881088,48.55595718300226
993,1282.7107202388963,1869.8843819148765,0.5020607014160858,0.20909808861168316,0.030645514922685104,49,0.0,0.028336700141318092,3.6931651303021917,-1.4184968160917941,1282.7107202388963,1869.8843819148765,1457.101674038545,4.647199153458407,0.0,7.928344085474237,-41.65943271120671,109.89355223597585,94.71137124120912,131.0375162979148,119.73141114222801,117.37963985607875,118.25284467014441,122.04022206466698,132.14822747212264,104.43383103857578,125.03096723939713,115.66054101918748,111.64113919053622,55.14041057050794
994,2247.758122694673,1870.102918973035,0.49740361648864345,-0.07502090289566102,-0.05277648742671317,49,0.0,0.010133380031757826,1.324805885353544,-0.3053806219166463,2247.758122694673,1870.102918973035,844.0110054887975,0.0,0.0,7.39013775944927,-41.65891308830291,71.25105185644516,68.50562748641534,70.03532185071555,71.37282923686402,65.3965360932697,56.487581375820376,62.06278746121543,78.63317924602472,64.821182867005,73.60357326752367,59.43368819425108,68.9361331548306,33.47151339841693
995,1444.9674884149197,1870.7744657948795,0.34282964761860574,-0.10464394214551653,-0.14771759210423954,49,0.0,0.01184367187492516,1.8954740035819868,-0.6942945811407498,1444.9674884149197,1870.7744657948795,969.7140336474722,0.0,0.0,7.837852602796871,-41.659165364860925,50.903218137710496,79.14688620481124,85.11715666347988,79.28347337185713,82.48843613634982,70.8354193093084,67.06070650036506,74.07335563517574,77.72419207409214,78.29373078582174,97.39896553087911,80.00430566655955,47.384187631062
996,1486.4046232933501,1870.7929481909543,0.4579208625927033,-0.21897513849195965,-0.25083108289140255,49,0.0,0.011880006429234884,1.779702937915226,-0.6258687934256577,1486.4046232933501,1870.7929481909543,846.6371958044605,0.0,0.0,7.81474305343247,-41.65917272358823,59.88041860509106,73.4740166069146,64.11899194975004,68.740713895559,62.55800509697606,75.26862827367216,69.75047054590335,76.3177461419654,61.96767344347675,62.23900426804941,71.93991879762126,76.01587129363065,24.36573688585075
997,2033.579120195938,1872.053293228577,0.5347607438432627,-0.8737540207058783,0.05999642506595759,49,0.0,0.008234234477716046,1.0773374104715834,-0.08087935238812513,2033.579120195938,1872.053293228577,720.0632189546286,0.0,0.0,7.509586092521291,-41.6584123242783,64.16832279055266,59.68143300507768,46.53915615786799,49.70760364502327,74.8350157050134,62.367563081593914,65.88172469433411,43.55856767019712,56.0141989916578,41.307745809463015,66.92276640504083,67.78866152764459,21.290459471162194
998,2712.463458752471,1871.623056932602,0.40224721508342615,0.07251123523236856,-0.11327251381172658,49,0.0,0.059319829098500934,9.404489241724209,-2.4333380349301974,2712.463458752471,1871.623056932602,2379.142777524363,0.0,0.0,7.130994987474514,-41.657177871081146,169.8346169966515,196.4341081968218,190.56702684544405,200.24321098867543,188.49521950404704,207.56308204973305,181.1651529094038,141.2170838813455,233.8426044655314,200.75007434587434,190.19009610506004,187.75028558964217,91.0902156461328
999,1565.504587246905,1872.8575092217986,0.6692564584762675,-0.14548416008575393,-0.14874403391664892,49,0.0,0.014543010190827653,1.5863590526979683,-0.5010037281935219,1565.504587246905,1872.8575092217986,923.5025717650699,0.0,0.0,7.770628597859294,-41.65832838926716,54.629440822200436,81.6313820812206,68.04846181075952,78.75646032211543,74.30799282918863,65.13066598354197,72.96873949508321,78.42325371626379,75.2916177302329,89.29539184886177,68.10765484402684,72.86712902268508,44.04438125888968
1000,2906.363636444207,1873.6994800742148,0.8095546140969646,0.3138368638890353,-0.19155764804097808,49,0.0,0.04446362228418931,4.751935157518988,-1.6921762646320069,2906.363636444207,1873.6994800742148,1443.3440163492246,0.0,0.0,7.022881831556952,-41.655680943848296,115.73016974114077,105.02908670030362,100.5134171435939,128.94908221157303,128.47494510710624,120.99276106436227,108.81469023611034,130.41981143292963,113.07694217363357,101.74033062652603,103.75683391473817,126.30978595448927,59.53616004271785
1001,278.71104062802226,1875.2937622252716,0.36864413388330053,0.13107048482160386,-0.6697635385953595,49,0.0,0.026463587806525662,4.163866307299315,-1.5487419420252266,278.71104062802226,1875.2937622252716,1558.7445741367683,0.0,448.1146193648962,8.488214202736966,-41.654960324394224,139.82470910338995,120.74542331041653,102.41367713294886,108.48087951129853,126.6740084081546,127.99952216307452,130.22648113878944,139.17219332503132,120.6365943135487,137.06265226928974,121.43649398928285,123.21118006181493,60.86075940972849
1002,860.7048573327062,1876.063832326557,0.600077954281112,-0.07490125696554516,0.19734827165689137,49,0.0,0.016289756973217082,2.1472628901001163,-0.829713046268197,860.7048573327062,1876.063832326557,868.5337908730844,0.0,0.0,8.163675951018089,-41.656256445441805,67.29620935346222,51.77395441503396,85.79494777347116,72.05916786779078,71.46726402690123,75.6535869102627,74.55383402271463,68.57714669167429,66.37366673697488,61.50565034936469,68.68839480875131,70.50553374043412,34.28443417624838
1003,1316.0214565281933,1875.8762789044592,0.5871638165658013,0.11259746645927414,-0.1712468563185039,49,0.0,0.24483240716311036,36.098615007585856,-3.893726349216947,1316.0214565281933,1875.8762789044592,5051.400651431829,0.0,0.0,7.909760502659123,-41.65696314879381,348.8204906148334,412.06683551384145,398.9813158838208,408.73677691832023,381.8908312697142,390.75425453071307,362.1112413873218,408.7729149079363,469.54586271190533,404.82186034947017,412.8655176651861,432.6058651071659,219.4268845716009
1004,998.9129962883237,1877.1828444040066,0.9573032063087477,0.030938812860349243,0.1312946380527913,49,0.0,0.012645790688410949,1.1167467178556616,-0.1198867118606539,998.9129962883237,1877.1828444040066,797.2496859074151,0.0,0.0,8.086600471550982,-41.656040059293694,55.32807516283739,67.61108086329178,70.95126925112069,56.21188357521855,62.76223958121935,54.616803962266545,61.82831886470569,76.48398515789103,63.678454202173015,62.2900643990458,73.56556132487938,60.08053817229709,31.841411390468714
1005,1941.0416260144893,1877.0697770351067,0.5494624576091017,-0.1588811355340415,0.05860119926650546,49,0.0,0.013948554892456244,1.7475146805987452,-0.6060520821834182,1941.0416260144893,1877.0697770351067,970.5534352389153,0.0,0.0,7.561199472284363,-41.656418634972304,58.938465069044,82.06194135341227,74.34886895792577,67.21790877839588,98.1060093897742,72.06435177272277,73.037602225944,59.11859961681852,96.33112150408732,78.37413416723268,93.68490252914614,81.57481277652354,35.694717097888244
1006,1292.7086308836463,1877.760317932822,0.4524552694578289,0.9135739797522264,-0.0802213604183005,49,0.0,0.01244103497232772,1.7171771136112541,-0.5870377290162629,1292.7086308836463,1877.760317932822,961.3929531780259,23.670369056409935,0.0,7.9227594820778995,-41.65615952947896,53.71041344773603,61.387775963510954,76.8343801880853,81.11872998086358,67.84817762195593,87.49648269986125,90.94722313809311,95.05927639307498,64.8909803448951,83.3121721651982,93.01596846822605,71.51480861960707,34.25656414691834
1007,2240.4443375405717,1879.0494122368793,0.20121567934183027,-0.2057074717473117,-0.04585568063944403,49,0.0,0.010877652974103235,1.4094959455940654,-0.3726595774104021,2240.4443375405717,1879.0494122368793,1375.976337240109,0.0,0.0,7.394237233723012,-41.6551981593425,104.4811623621778,98.25448432322398,94.76359340647045,112.70453888471809,107.0105287362658,121.98548001727093,118.01212565118021,120.51964485169752,107.33091935118902,112.71736791403413,112.63277657779796,107.78967654257575,57.77403862150743
1008,1625.5036051229845,1879.7998492142053,0.745256695989616,0.12787112514682156,-0.1996490784317765,49,0.0,0.021107280059148054,2.2537805188380196,-0.8822790515704133,1625.5036051229845,1879.7998492142053,1059.9650551846594,0.0,0.0,7.73716809345303,-41.65543656737693,101.29818441512782,90.03147823097618,82.92197349385887,84.12484224929494,74.72470417187205,79.6533943555382,80.9194216820248,95.85519427064852,75.50501824489417,82.29448335332648,78.67432564135422,83.42543932378214,50.53659575196109
1009,1305.0961675881117,1881.4867860978102,0.32096937137366854,0.5134948527044984,0.11863726892355758,49,0.0,0.009770134955170429,1.582167799406154,-0.498131353548294,1305.0961675881117,1881.4867860978102,962.8980003417466,25.413659948669082,0.0,7.915847317528058,-41.65461691787008,92.72005779867399,58.789069889235535,61.70940725994788,68.10569978009802,86.08735197458265,78.89110985042626,74.60240946682191,71.19995514629646,73.23265735505446,89.3233090562805,70.54997421094839,95.21204311455506,42.474955438825596
1010,188.0466370544173,1881.5820754383778,0.6461506821044193,0.24860539679404628,-0.7253052023822278,49,0.0,0.01683539439359176,2.5269751647074465,-1.006502434159191,188.0466370544173,1881.5820754383778,1067.784620434023,0.0,303.0633409211588,8.538735394269064,-41.65200639156497,24.6879491688994,165.3954575063302,75.3056188360016,57.58959420385788,162.7796671495044,30.43073580741276,125.7058260412572,63.88975492244257,37.26663699809137,108.71576013283965,141.3264236609221,35.15202424232304,39.539171764140875
1011,1508.4227914745554,1881.971359238681,0.6530338882363999,-0.07957657554344492,-0.1700621148598938,49,0.0,0.03739878954268845,4.915861594302902,-1.7289991171487926,1508.4227914745554,1881.971359238681,1242.2764571753864,0.0,0.0,7.802459764281768,-41.654521191849966,80.93463552274171,82.33241058448547,105.79994908321729,82.11457492246323,97.44553663622358,95.24734075958006,132.1397579880342,103.65587325959677,109.73641939539806,106.04020162390587,88.30446540750327,109.95036659718039,48.574925395056646
1012,2185.936084132447,1882.9991189007505,0.5794961950633578,0.25420053031106504,-0.14070911593367433,49,0.0,0.025624026373289862,1.9006480459079698,-0.6972542586662366,2185.936084132447,1882.9991189007505,3776.5313171349985,0.0,0.0,7.424642255140456,-41.653642499247276,275.4792109124825,317.24877785602365,277.0722500881633,308.12575020442125,311.34041920677424,341.0754200732978,267.1091888158669,289.3850138696989,279.97405480500163,323.0289603916862,323.37349281891744,316.74055322739747,146.5782248652671
1013,367.09901067895106,1883.747165687961,0.3863292485207947,0.3829730853911317,-0.2819103266896319,49,0.0,0.01057373544064037,1.3925696552676132,-0.35954231866609293,367.09901067895106,1883.747165687961,912.040076030458,0.0,0.0,8.438891409737645,-41.65174269556268,86.6743287858294,75.95877688840794,83.68092859755721,62.734848812916404,57.7999323987636,71.89650301688823,80.86053212863436,71.73785121062102,75.04676206753123,78.57613947014593,74.1028351338687,62.29467516440003,30.67596235489392
1014,2183.0256400388466,1884.0381760421208,0.29712045050921904,0.3991363011593189,0.2080349582477667,49,0.0,0.02743094645618299,2.1638631682859955,-0.8380744868150984,2183.0256400388466,1884.0381760421208,3924.6227778987977,0.0,0.0,7.426267423598665,-41.653214148548436,283.92399111874226,329.5416680057307,298.5109803096383,321.4336704427402,332.41885734889985,346.19647957381363,267.80636441792893,306.1965673760593,298.74112199041724,328.74539197333576,331.7245721879494,330.41042089832064,148.97269225522183
1015,2951.5730430519925,1884.738151252035,0.4307551852780465,0.1791400763258599,-0.0927846603392198,49,0.0,0.028248137667236748,4.021319799099649,-1.5109215303459322,2951.5730430519925,1884.738151252035,1401.8166341687797,0.0,0.0,6.9977270574474995,-41.650920040949,122.41330579340527,122.85765012266197,113.63312733928313,95.54067421878676,114.04241835341816,91.78733525286401,130.0393059622167,102.16971879781408,106.20483004639786,131.84430664853926,129.65124513738863,100.18851465236693,41.44420184363708
1016,1072.1346352563244,1885.129045085677,0.5298438012047015,-0.5591647791462604,-0.23066936279604403,49,0.0,0.01522942550460028,1.6104402459091591,-0.5173615382674802,1072.1346352563244,1885.129045085677,1154.0176970260084,0.0,0.0,8.045752354174828,-41.6528407082901,83.62610301098137,94.68773092451363,74.96217430889135,109.99854188800958,79.51613690755876,96.38891861599076,85.62885056560667,112.72354925270089,86.18496768246857,76.73747562975474,108.0047399108395,105.89938494693448,39.6591233817582
1017,2017.4868754092217,1884.9913356220666,0.36072542715366646,-0.0209227791770265,-0.2120806688505731,49,0.0,0.010179200516855906,1.6802139194030448,-0.5634114455377879,2017.4868754092217,1884.9913356220666,818.5936942714488,0.0,0.0,7.518580052646413,-41.65303997788678,51.76242914430225,52.864116005983455,81.28012323993872,62.301626873802235,56.926874361879314,60.305426577832634,54.26961021848904,70.05858372861017,72.07961813595688,74.50411503579764,70.8062511644289,76.3920635656265,35.04285621880105
1018,2588.366031393477,1887.00987302815,0.2540582010104009,0.12523546243928044,0.2402689496745406,49,0.0,0.006308979737735525,1.097686150100939,-0.10119546147977417,2588.366031393477,1887.00987302815,786.5371438366409,0.0,0.0,7.200251737795197,-41.65111822187704,53.90494068109606,66.47262087072396,79.12837079588675,52.007258474741825,66.5255420076594,77.38209782277316,59.73814926495446,57.314345653624216,71.36069196111904,67.12371477260346,41.87202594057531,68.85099616532705,24.856389425556166
1019,717.7097577819663,1887.1314839823576,0.5833849215144487,-0.1210762927803704,-0.3242917094862104,49,0.0,0.008862670797618977,1.0582235255484331,-0.06144353044591455,717.7097577819663,1887.1314839823576,818.6271976589353,0.0,0.0,8.243381589014929,-41.65133241332513,70.08701143255101,62.180952342544046,67.7273899619208,66.53246075387513,65.66872649265531,51.011154483385354,61.91656823718591,63.71627269908658,75.04653891248655,63.928283685363084,59.15132090397826,82.9976131572123,28.662904596690918
1020,1579.9990446071924,1887.1164824028476,0.39365881440052,-0.23154613171838656,-0.04767958129151254,49,0.0,0.008299003650530932,1.0560297013739706,-0.05919033280845422,1579.9990446071924,1887.1164824028476,852.5834715705314,0.0,0.0,7.762544059692353,-41.65238825932409,91.83796231770793,57.0741437457639,76.35422329478138,64.24168245739534,65.25525331672699,62.246495220834305,64.13706515636318,62.96996134419834,67.38493661117789,75.74012072387751,64.93618738977943,61.86129536050916,38.544144631416124
1021,2299.7644013885824,1889.978922886352,0.7981007384674208,0.30348535630983897,0.05744247426359269,49,0.0,0.010984148861844343,1.0980344806932454,-0.10153994532089726,2299.7644013885824,1889.978922886352,767.92141856942,0.0,0.0,7.3611851156640435,-41.65053725855093,60.482742352581475,58.25139234840404,58.87831595102084,62.59551752629349,67.15468147189313,56.06199022170896,67.22016182059342,72.3788961886915,68.49794308922142,58.91085369189641,49.87297483463342,69.61053935787456,18.00540971460724
1022,3035.821382939244,1889.9907346328773,0.6117097826598443,0.11326656342372524,-0.4410056763796016,49,0.0,0.04786014137833041,5.488032463839214,-1.8485416793162224,3035.821382939244,1889.9907346328773,1903.9112713299592,0.0,1177.4462455971056,6.950781717697912,-41.64841539272999,130.66430236124737,150.8391324053035,145.40089921283572,140.32959733829273,142.25818384237698,151.57437913872627,167.60350150225256,167.9344990350592,146.0064755707445,174.42520209143953,177.03100371135923,150.21667783964762,59.62741728067394
1023,274.56069184734764,1896.1053735377857,0.759016261675658,0.6105704067705844,-0.23726668334908504,49,0.0,0.0221675915810322,2.244345235842153,-0.8777241574059749,274.56069184734764,1896.1053735377857,1144.4426346554126,0.0,480.50304429241555,8.490428653748141,-41.64627477183277,84.30168690675077,88.71836753021626,108.1469643743961,84.84349896621853,110.58382240653512,89.79219062293211,88.82408622208214,87.2939981886985,81.83286181466889,93.11122510382887,92.31361437189298,91.06826463285432,43.612053514337894
1024,2007.9237065456807,1896.0207270321266,0.6093319805774553,0.005138748927050906,0.17365702175566053,49,0.0,0.012180603579222541,1.4350672379274263,-0.392180624411542,2007.9237065456807,1896.0207270321266,911.1283475910764,0.0,0.0,7.52392912154786,-41.64845507930907,63.78208286538898,82.83379803663375,80.61315869237984,65.69178294142418,58.26921952108656,73.66101581085132,76.74618520245915,82.74627611195694,80.56083042149388,58.00450938340199,79.3074251896258,74.58233534113921,34.3297280732348
1025,1616.7663283711502,1897.4477519315615,0.5459430823286975,0.000969913783971028,0.1891666846041635,49,0.0,0.012921817457134981,1.5760137815546822,-0.49390002721598153,1616.7663283711502,1897.4477519315615,855.2799786543795,0.0,0.0,7.742041644562214,-41.64808379293904,56.231187359352674,62.787646922875766,78.84583418037593,66.21667573873333,47.523438481637214,70.6122673187683,71.73468426153026,64.12878969170131,83.88924492040543,89.18274589153431,60.58187999664242,81.66459632169386,21.880987569128738
1026,216.79337666377012,1897.9758615282328,0.9828085960458044,-0.31383119191322284,-0.6555699092087168,49,0.0,0.012503563437486145,1.2430521709575477,-0.23622339095950717,216.79337666377012,1897.9758615282328,860.5869562631631,0.0,458.81325272026345,8.522625367631628,-41.6452846058286,63.10351443904655,99.56053748190375,77.29885565455155,67.4158729849764,51.87537019391037,58.63674913340654,81.36057241228166,67.29547456918337,53.93143208905068,85.12050153817994,65.84154386326392,63.91482906226355,25.231702841144816
1027,2820.059638730776,1898.179737086484,0.6075592856064786,-0.04047493466307573,-0.26271418931116275,49,0.0,0.0494430479818678,6.5791107664405075,-2.045417995689322,2820.059638730776,1898.179737086484,1605.967568402385,0.0,0.0,7.071113505460241,-41.64577532459561,108.2300949088667,133.0933408010027,118.55816329316022,125.39540434050461,136.12969552873204,127.75171523763807,120.08171098739393,131.53205635961703,108.27072764492766,160.55060054516719,127.23795979375925,141.77084736871146,67.36525159290392
1028,633.7452979579742,1899.3389205753413,0.5406938469532815,0.1782280292198168,-0.14400703643502044,49,0.0,0.05258572073304399,7.881634655065344,-2.2415407493236805,633.7452979579742,1899.3389205753413,1667.4068306736344,0.0,0.0,8.290157330745158,-41.646036972488396,121.02894568566732,133.74885847552446,128.2218999881826,137.6997053353508,136.32034317956408,144.11520829021663,114.38722450507277,138.07176130825047,142.18587339764161,148.4644051744549,157.07077713907904,115.44738927478366,50.64443891984617
1029,956.4872303216691,1902.0647816746828,0.5565682735885831,0.653885198796456,-0.26578660861445214,49,0.0,0.870043937275515,121.69531000908083,-5.213184603413607,956.4872303216691,1902.0647816746828,23923.68305127185,0.0,0.0,8.110201630081123,-41.64560161358142,1822.284805690488,1929.5987617930068,1893.6044273819791,1897.2381379068474,1869.7951460753839,1911.691349160182,1879.116154636446,1977.2747594462185,1894.9607315542385,2026.2728278917525,2004.1413520482365,1970.9422285010742,846.7623691859985
1030,2880.0402034933322,1903.7379980376425,0.42077897230563327,0.3214004929265456,-0.24230988885313504,49,0.0,0.017169657419940795,2.4818947993369838,-0.9869584225243013,2880.0402034933322,1903.7379980376425,1169.3402822782678,0.0,0.0,7.0376988063608446,-41.64325763746704,79.32729799345677,94.47982570877505,92.10019301801809,82.51005954983903,83.69775215360224,92.05107060565852,83.8271873528296,95.52508296987162,94.53173388430176,95.65838885371778,109.36069705465405,122.4264876152883,43.844505518255026
1031,3010.140291617702,1903.0725485418388,0.43233269866181484,0.43263065414555685,0.1463715351151012,49,0.0,0.008190298523501238,1.070961643448065,-0.07443479207228403,3010.140291617702,1903.0725485418388,781.3754575776929,17.12860168746457,304.5515866339557,6.965166242552181,-41.64306360937103,58.51362994299418,75.49477267879516,61.30596212369813,61.39292644395524,50.92408404642168,55.06166125686372,61.451486338217926,73.49995262728636,62.48495745995869,57.706169573409476,66.69771715150148,62.91403981341065,33.92809812118023
1032,2720.5524985926445,1905.5665162707892,0.4964302042786152,-0.04863709609887065,-0.043814638848921054,49,0.0,0.00896651898805042,1.2467827579613697,-0.23947696922613154,2720.5524985926445,1905.5665162707892,761.9959922373728,0.0,0.0,7.126621707156555,-41.64301133410172,58.37298569509909,61.748735964899815,57.9156938947405,57.08052530168102,66.84430247708963,60.47410839084222,61.820827323658484,50.21561219227674,54.79477757527822,58.20298801982361,68.79680331640665,74.80687132786025,30.92176075771659
1033,2624.3417620474315,1909.3404892711094,0.5136536028430879,-0.9718370597863261,-0.9138521061256093,49,0.0,0.008955007317619081,1.0186423967946343,-0.020054369838908324,2624.3417620474315,1909.3404892711094,874.6028222065145,0.0,0.0,7.1802746697806645,-41.64171678587837,65.14582207103932,64.59067066054753,62.17889356115223,64.9981047067787,68.74965133607165,76.23582779237088,59.4868974456803,64.95347522637591,79.57923710422159,72.89349472248549,75.51187191209718,84.18139860844383,36.09747705924992
1034,1185.3477355298628,1910.0525134916252,0.22414110991738112,0.005683456421320544,0.04505421148052104,49,0.0,0.005154637326464138,1.016145132090993,-0.01738935246050018,1185.3477355298628,1910.0525134916252,740.629314612878,0.0,0.0,7.982582966948607,-41.6426000119295,49.77423561939642,51.50189612829317,53.226370937582324,61.8018545527203,48.41555979013352,61.27751739603731,65.53904449851848,71.74408188573636,64.2985208183408,61.87862316968871,77.24199093848232,48.52184304461229,25.407775833336004
1035,858.6472915404679,1912.6565139524125,0.8524275357642424,0.31758878138903357,-0.2346720063679001,49,0.0,0.01892508551253578,1.8608915718800072,-0.6743026723405494,858.6472915404679,1912.6565139524125,959.8971647378844,0.0,0.0,8.164725226707825,-41.6410058540074,65.95240145586996,71.04749852883688,75.0845048891757,59.65279284698761,86.68102380734769,67.27078932852058,80.15016180448413,82.15599241548506,78.89523923766463,82.06408088272588,87.84598929122525,79.20443407929024,43.892256170270855
1036,1971.310060474039,1914.2513732369678,0.5971245447092013,0.30489138858143283,0.0038435397887540417,49,0.0,0.018663408894383997,2.318612061531767,-0.9130702268883508,1971.310060474039,1914.2513732369678,973.3855342922856,0.0,0.0,7.5443694331638,-41.64089745621404,74.11279045891379,67.16958813146879,71.98614753456482,84.97919322128024,89.11818631289105,94.91594696825734,59.242891454294465,70.8079692272455,94.66411901158524,88.2367090985866,66.23234858844748,74.13216839689814,37.78747588785207
1037,2523.744065312906,1914.73566874938,0.49716366090416275,0.07488178810965765,-0.12715911190878273,49,0.0,0.026191819983714552,3.8163089281604794,-1.4541088084009834,2523.744065312906,1914.73566874938,1208.2435110016727,0.0,0.0,7.236377165123406,-41.63973274155905,98.13627417790231,98.12089733688964,109.38824098377265,99.3778824315005,91.44967916415426,83.95910933057681,105.89879133776714,91.51421236278523,97.44025881761962,74.25319840111064,107.54986754026042,98.0637145114839,53.09138460584948
1038,429.80888792876965,1917.0055169500038,0.7309414227322198,-0.09172503585214105,-0.28249764509285563,49,0.0,0.012893959698282113,1.2534970729855126,-0.24530831045891402,429.80888792876965,1917.0055169500038,830.7480267006538,0.0,0.0,8.403784971893336,-41.63808916029504,62.31574850081731,71.64773259008643,55.74820093005417,69.36176951226307,60.02298001246299,77.85062156409937,70.07698957850891,62.76281692855664,69.85466819917274,52.71692317768871,69.97783971500837,69.43156665163548,38.980169340299646
1039,840.2266038283379,1918.2810749231576,0.88570456252055,0.2083304357596724,-0.1496401160771445,49,0.0,0.024497715127683752,2.3684502896309576,-0.9361606848559201,840.2266038283379,1918.2810749231576,1089.398032715616,0.0,0.0,8.17497969297813,-41.638625091475795,72.24271349629642,90.19506767928677,73.73726214923838,89.6779697181423,79.61592210777107,107.21613477528291,77.13198710171278,76.45180077083205,94.18692020708721,94.7848660949279,106.79162315427632,86.76491320930253,40.6008522514593
1040,1668.9576307170325,1922.0638973766531,0.6149203132433756,0.0464414796725512,-0.189272030021119,49,0.0,0.030223360337956473,4.076028105197885,-1.52559292477505,1668.9576307170325,1922.0638973766531,1151.498232081764,0.0,0.0,7.712945569685628,-41.63782116190873,78.3652291384057,92.76381916548556,103.40146220387675,95.4573482207773,96.50121283505023,61.41420806440176,75.69328459286481,105.67512429457352,96.96734060884435,100.95904898171351,110.79995787257937,104.50126976868893,28.99892633450223
1041,516.1755237976602,1924.2011260568047,0.7799394074964354,0.6039553074267066,-0.1303536697947577,49,0.0,0.014285016826438332,1.5879559867087698,-0.5020961523523627,516.1755237976602,1924.2011260568047,745.5366622152047,0.0,0.0,8.355610146945835,-41.63535347910227,55.52657715884853,57.193620749723785,65.1730980858643,58.18628355492742,60.196611883272716,53.3120948338799,46.168906423204795,55.01603722433239,66.74579243732633,65.60371109916306,72.53267511300308,54.820344399041865,35.060909252616476
1042,725.3178005675302,1930.4268749842229,0.2746368558798749,0.14386385197640256,-0.30111766010368957,49,0.0,0.0153889665726521,2.617548008106002,-1.044736639405683,725.3178005675302,1930.4268749842229,1113.5164058536714,0.0,0.0,8.239002378143782,-41.63331143582622,95.04161892467958,86.95305772891481,82.88051691210194,80.38628213362539,81.99803099806815,114.26820881062478,93.94474643378553,91.55050421825182,77.86527631647684,98.87645576884475,88.35735106783383,84.94860201870188,36.4457545217621
1043,2301.4904060281638,1930.9245905161242,0.34963061361654413,-0.048777087717424346,-0.04203575257045699,49,0.0,0.006367790021880765,1.0137539843416845,-0.014831435308714608,2301.4904060281638,1930.9245905161242,771.0855538876241,0.0,0.0,7.360326422277499,-41.63347379170072,61.341204849063644,61.44905844619515,69.54060698453516,65.82552527557763,74.46741612281058,66.18513573693092,58.738800688041934,54.632609484723474,50.61720512080027,58.19711285524645,65.44594955949596,58.365645593816176,26.279283170386755
1044,2345.9777538193166,1930.4450008409324,0.24714001114688045,0.09501311327535186,0.10417355285198933,49,0.0,0.007287287272149052,1.1457526753824832,-0.14772720003642636,2345.9777538193166,1930.4450008409324,845.5371774632804,0.0,0.0,7.335525339717439,-41.63358695772685,83.33114088933574,70.38323008920196,56.969447270258655,69.8690941005627,54.767572783774895,52.86533988151707,77.592282611268,77.91870264777667,59.15908340785238,59.708789614599695,61.66509632274114,84.31471340563755,36.992684438753884
1045,2933.4885490917086,1933.6214171853374,0.3944719657874349,0.4732708074648886,-0.19229112857068703,49,0.0,0.016171836718296948,2.4930909717068497,-0.9918453149813168,2933.4885490917086,1933.6214171853374,1100.3744820658296,0.0,0.0,7.0080456704390555,-41.63061923595864,91.15271209397604,90.11145800766452,79.38788796155207,77.69930125337302,97.47484447317187,84.16227595461433,78.80103826576055,78.53743843337709,85.53739576931012,89.51768997590884,91.91160559681853,110.26621688814183,45.814617392160805
1046,629.4835210339552,1936.5729322797542,0.6523923948257936,0.14432492410786063,-0.15013054668192555,49,0.0,0.061072728438104795,8.167288992267995,-2.2801948074623746,629.4835210339552,1936.5729322797542,1685.5406415628183,0.0,0.0,8.292402826678114,-41.63051245196729,131.77784233123182,140.6299567251561,147.02133239889184,134.803849020359,135.03283624610924,138.07268395751032,127.34381066137642,124.51482912582622,140.6491269056002,138.34215096273616,127.62644494308633,137.63395817815822,62.09182010677654
1047,997.3946671204402,1936.467796902243,0.5335841548043988,0.590269821920311,-0.12139397223623394,49,0.0,0.015065601171589124,1.8962903125138788,-0.6947620659849703,997.3946671204402,1936.467796902243,948.2448173068344,0.0,0.0,8.087317946649788,-41.63133607991848,69.3081060193727,68.79730043640275,64.29772012292165,95.27953638463399,75.89668658260315,61.31006022041112,87.829073325249,70.33031579890385,74.5247964762617,91.98251077761114,77.03957967270486,88.65814658017487,22.990984909583595
1048,1385.0718088397753,1937.990026256659,0.39375753515105877,0.3683689356596252,-0.1157645947516559,49,0.0,0.009034576948862658,1.3700661394357152,-0.34185383266954994,1385.0718088397753,1937.990026256659,789.0635684295539,0.0,0.0,7.871204104628255,-41.63112913121651,61.87370525135384,77.58659380227803,63.99506397842488,55.71231459515111,61.89412772527547,58.99788621148693,73.65706695284331,50.4363295044919,61.07457717026684,66.53828807330673,74.1026952990157,53.19170913715869,30.00321072850049
1049,984.7303999787816,1940.5574245949977,0.8003816323909899,0.38137312592688544,0.3460494183956187,49,0.0,0.011761643371275476,1.2183336506785893,-0.2144155992425371,984.7303999787816,1940.5574245949977,766.6939646480895,0.0,0.0,8.09436848242533,-41.62961132353503,53.69358527492096,58.6800197854338,59.90304902627797,60.90328651864462,62.00722098426463,68.8069297007215,64.87168053642519,58.12349494856758,58.028233004998555,58.44173951171864,68.2540850824683,65.46629390129318,29.514346372354574
1050,1027.8502145494226,1940.8585077991618,0.476425713347679,0.08933883842813836,-0.4358497061583273,49,0.0,0.028629320844192667,3.7837233027781414,-1.4447984241933445,1027.8502145494226,1940.8585077991618,1493.3446061436257,0.0,0.0,8.070331523813769,-41.629554874868234,107.65796440662294,124.0187005754353,118.8246010487216,110.50534429965441,102.93077678250302,121.88804203856017,132.6054947280902,109.0994747195091,122.84846328499515,119.64587160899767,138.2261044354322,119.45797805724487,65.63579015785943
1051,694.4551446177255,1943.262101308223,0.6134350253880884,0.008773468371927327,-0.4769743858039317,49,0.0,0.047173247536302566,5.926802309440016,-1.9320511035913928,694.4551446177255,1943.262101308223,1781.969630797605,0.0,0.0,8.25616458676615,-41.62788963644079,125.98050006968703,140.10772285425787,134.45508852497807,137.95078860774203,121.49979085660101,120.77206525743593,172.2510041821272,149.2587853019495,167.1766847874709,149.30306479979131,137.08949479167757,144.38101212970173,81.74362863418474
1052,2049.3200248155836,1943.5103020492363,0.33195966196874016,-0.0775724906347674,-0.2345053693538719,49,0.0,0.010131695720415761,1.694308094535558,-0.5724809642052284,2049.3200248155836,1943.5103020492363,854.5600196402034,0.0,0.0,7.500923511393168,-41.62862029367461,56.353380485870915,70.33846170915474,48.30528735109611,59.43928006650394,68.62489792439183,81.75523495412186,64.61562899016542,63.89917602313842,73.4434920205252,69.0052303812916,95.6284525486372,70.59974443587427,32.55175274943201
1053,707.8122926523296,1947.2697994089233,0.6058041523388339,-0.10700107547755884,-0.2138719202489227,49,0.0,0.010428627010126949,1.172364766621616,-0.17265689499825956,707.8122926523296,1947.2697994089233,808.259404073985,0.0,0.0,8.248706421255624,-41.62625218371124,64.36814615086834,76.42062563045684,62.24501750070555,56.09958594171063,63.75785241827856,57.64720275924384,51.178782977517585,82.75477015631371,60.509181991993174,67.85355274681473,70.19774407909047,64.37489877866278,30.852042942328804
1054,1041.131773625201,1948.831347487744,0.5956551715734028,0.1608172354949604,-0.09427487611128979,49,0.0,0.10805680970625746,15.756172532547614,-2.9936268193887,1041.131773625201,1948.831347487744,2508.3557879247232,0.0,0.0,8.062911846217279,-41.626253172839334,179.01955099908258,197.17792537426632,178.83072071960993,206.29970426732382,223.3115842441833,209.13332923048097,187.26875826185278,226.89479184501914,205.58352793191548,213.81771355065462,198.2368556707259,195.98022962178817,86.80109620782036
1055,1206.6933149145225,1949.9398512203743,0.6346912724048135,0.41737499680849344,-0.07922669020607884,49,0.0,0.020837380103245963,2.585392862021129,-1.0313163635886355,1206.6933149145225,1949.9398512203743,919.9470186087412,0.0,0.0,7.970624945652175,-41.626003767297334,71.0406355270792,65.69707876556464,77.99325679846328,56.33927042841911,70.5728809486954,81.26422697621025,78.19743864460108,99.19371734377066,69.83635268279556,63.832950542807474,62.949929037800885,73.13284896480228,49.89643194773147
1056,605.6857888794178,1955.2486889789304,0.822365742170826,0.6175785463138032,-0.3145934776866481,49,0.0,0.016663745852342024,1.7020577131153434,-0.5774357049745085,605.6857888794178,1955.2486889789304,879.4797324228468,0.0,0.0,8.305600885951899,-41.622668309543045,71.3915642465168,74.62525715409063,60.3815505103679,69.5682093742521,66.6204774959726,86.04447453534888,63.36814792738785,59.395866504954625,62.54924867510117,81.18615445839825,71.75665744696134,76.28090530476416,36.31121878873049
1057,690.1631331928722,1958.622979310686,0.3839580454033375,-0.26300300913838726,-0.06650397172069887,49,0.0,0.02086902346083271,1.5619719848553566,-0.48418310053079944,690.1631331928722,1958.622979310686,5243.1409445362915,0.0,0.0,8.258506427404118,-41.621479067601356,410.0408346916644,418.29063201773397,410.9573877388002,435.74240985225686,451.75433225629604,401.4882718306843,415.8481327354606,422.6894367040326,422.9903999507069,422.3409968530752,449.6510927174827,412.23747440378753,169.10954278431035
1058,1560.820047466824,1955.2087343806074,0.3620631931809439,0.3799896583586401,0.42999121301032645,49,0.0,0.009070689813157673,1.3396763843486312,-0.3174997543720497,1560.820047466824,1955.2087343806074,832.6227518397029,0.0,0.0,7.77322933010461,-41.62401508924484,58.70333291724903,59.55118213552081,64.87808696227899,65.8503070306629,63.39961571740132,73.18706716420155,65.33687744532835,66.77440470776848,71.64128005948854,51.57517301402848,81.62703926702167,76.0919130627509,34.00647235600181
1059,755.2860667793863,1958.8503721596123,0.5009275901293784,-0.2393380091780426,-0.2764798475261561,49,0.0,0.008802595613335585,1.0636841939596227,-0.06703176449603841,755.2860667793863,1958.8503721596123,818.467761372983,0.0,0.0,8.222209853706136,-41.621538216464444,59.64229532328926,61.49707903532993,65.6231564280413,56.089121412313965,64.22380671012738,76.30485602848302,58.08310651962883,58.312324545313956,60.71384237338778,90.02150113608529,66.28312207357641,79.79066268372246,21.88288710368345
1060,1091.4367755128533,1958.778333370875,0.4297603267095636,-0.16774022435560954,-0.07587096769160981,49,0.0,0.03321062824329623,5.7871313320251705,-1.9061583456732674,1091.4367755128533,1958.778333370875,1273.9338930821514,0.0,0.0,8.03485329454725,-41.62218103563861,85.51645842950927,94.6211416762163,109.39912869605578,110.82846851064814,91.83624172042067,99.66037940699746,89.73606052982812,114.77500201265269,91.93441266865759,108.91163866183473,116.32924592881434,102.60907990558026,57.77663493493592
1061,1727.9518440244879,1959.1960148250384,0.845641798515905,-0.3284396562447245,-0.3363579048602929,49,0.0,0.011162676316973302,1.0425039348565137,-0.04519425715584501,1727.9518440244879,1959.1960148250384,736.9337314612285,0.0,0.0,7.680072434426253,-41.62233398616356,56.57884060256974,72.04884961337261,66.59624733935044,40.641296868834836,78.63496172179498,64.27118899447672,55.261779866270665,63.726988715135406,55.80102026576482,69.24213677940327,44.31981822371401,43.99684773103839,25.81375473950256
1062,687.5346506576092,1960.4176223794216,0.4230433894204065,0.38725672153720664,0.11434975194608547,49,0.0,0.07096797505917327,8.265772295824505,-2.293208593088569,687.5346506576092,1960.4176223794216,5147.624872422824,0.0,0.0,8.259965470315072,-41.6207248832769,395.3574129794433,417.5560550496005,404.44986728194726,440.8485203990467,439.91603479043886,401.62369752362406,407.9329921279956,417.14452793886466,407.04637874080174,405.93397158570554,440.81821785945107,412.61910937064533,156.3780867752602
1063,2452.585968068497,1960.0840202193287,0.39793549090355884,-0.23054360768760299,-0.15507941569467273,49,0.0,0.009100134668730655,1.4555364077056858,-0.4075576825750435,2452.585968068497,1960.0840202193287,751.3437644078685,0.0,0.0,7.276187528728723,-41.62100851714622,67.24038094883868,46.24087065580766,65.7163013869071,60.54441819310343,54.85111938238671,56.751151399710345,55.30407910410275,65.48687776764565,63.391049938341524,56.662682691287635,73.40248838696877,60.165991173921356,25.586353378846944
1064,1461.16262455456,1961.643160418244,0.6620405644521874,-0.2072603039967195,-0.05056289853444526,49,0.0,0.03252766313779633,3.9913169473624186,-1.5027905403477604,1461.16262455456,1961.643160418244,1256.2198516176784,0.0,0.0,7.8287747977620095,-41.62131008149746,108.06579718679299,103.74678341175485,110.70696378195024,89.45647024704789,95.76888214037417,88.0841654536085,93.0410630806178,113.46952830393855,77.06520997606783,84.8934847397151,123.12705431051978,126.3054853883948,42.4889635968957
1065,1603.8199366832955,1962.8759702040297,0.582198859983354,0.2344958689351503,0.0008382894097125492,49,0.0,0.029266191208279935,4.057904999332928,-1.5207546885887857,1603.8199366832955,1962.8759702040297,1159.298009305374,0.0,0.0,7.749261412133669,-41.62082253419566,86.37104262466003,87.54347066312394,104.13492539481847,86.86460868778722,90.4353620099245,84.54215521096265,104.10148651554826,85.82478262681754,90.44970023958629,97.5634929776985,91.5682907887626,100.36909495796604,49.52959660771811
1066,1379.408064089652,1965.393443992798,0.3079133972174231,-0.003881083093123523,0.1998935620267177,49,0.0,0.008953476704461507,1.3379193366545863,-0.3160748263638619,1379.408064089652,1965.393443992798,861.3045042280216,0.0,0.0,7.874339510374114,-41.6197078122863,67.20541445813801,72.55206268262091,77.07218746471642,65.73355990237351,55.373946991323635,61.80988510001153,58.55707129752362,67.96521101976074,70.84370427636225,69.8171415734646,63.125517675365266,95.27619165830811,35.97261012805296
1067,2593.968722863883,1966.9117620480795,0.2494294351747671,0.47739996507516136,0.1483826622322744,49,0.0,0.01346609023026517,1.808597914504502,-0.6433550643004973,2593.968722863883,1966.9117620480795,1290.1049110408903,0.0,0.0,7.1974145497751225,-41.61781255783686,97.30725391948428,83.19816664527637,95.09978535232017,104.93343785709669,93.83924971332891,121.2631920120214,113.91762326710268,119.31539677621987,95.92285510424713,124.21729068588253,94.72556791880731,107.08950404798841,39.27558774111459
1068,1648.4513331157636,1968.2294028789831,0.6221558778427851,0.08014889701370086,-0.05392848386968769,49,0.0,0.03382610606887202,4.568265214943346,-1.6493782733631235,1648.4513331157636,1968.2294028789831,1165.638515786636,0.0,0.0,7.7243861690191675,-41.61858887293504,87.2371315133016,86.75650682848452,95.50783417914624,80.63178860274549,82.52749620715991,83.09881312362299,113.59570608825977,106.90741201230676,101.1817133058386,82.24294757889461,115.02394789254564,85.63634419422073,45.29087426010909
1069,2405.135661024362,1969.0067837197864,0.7254370711129738,0.2559618287234364,-0.10113066428900573,49,0.0,0.05289766732450329,6.489436392045045,-2.0305174498384773,2405.135661024362,1969.0067837197864,1383.3227786337006,0.0,0.0,7.302659566381511,-41.617396655354284,102.96454792921827,128.44391728378042,103.02354452565166,109.16325661883926,118.30604315075371,107.54612319943621,85.81481618960214,117.58584268812047,123.56013028846465,125.72343467595176,104.95673799405881,114.93557223066671,41.298811859156665
1070,1070.4466211865245,1969.691864630072,0.6156885066422471,-0.045417271937189155,-0.023026275447279455,49,0.0,0.012685929249391617,1.625176342287684,-0.5272512291754757,1070.4466211865245,1969.691864630072,772.3669604554927,0.0,0.0,8.04653168137748,-41.61760446246298,71.66466117994673,43.37274716419398,54.47244721820243,69.06707229224017,71.44328135270439,48.04943780799469,54.81373599162423,52.906214081373804,72.13806728020836,65.94185872371185,63.40629504783686,75.43506565314885,29.65607666230639
1071,1410.396292589732,1970.3456530826084,0.6148305275607749,0.5990369312466494,-0.061225648751106414,49,0.0,0.01261333651469647,1.341730485423575,-0.319163218702434,1410.396292589732,1970.3456530826084,985.3223461845107,0.0,0.0,7.857064572509047,-41.61766156161561,79.50625583300314,83.1260603580026,72.82472898294375,72.23905893049022,90.7795061827222,96.29200770465924,83.58059119517553,69.12012769593488,69.98602977613425,81.96277119355388,87.78042609085495,69.3985957833317,28.72618645770429
1072,275.07093688693556,1970.6448689559502,0.38421270586173883,0.5777929576472538,-0.4308732056338484,49,0.0,0.07614218421653426,11.134171690857105,-2.6166447847968275,275.07093688693556,1970.6448689559502,3635.0494705376814,0.0,2280.143319588493,8.489787253443886,-41.615221242542844,304.6145863724527,304.1674372911883,278.0340495961075,288.08921162110624,297.989030850128,282.05870997213606,261.90466320131054,322.54295208536166,296.244912649767,299.86888497812237,297.432072157858,286.9556302060471,115.14732955609608
1073,388.8985003361468,1971.073731899486,0.44758154481437296,0.8500256841474548,0.002186497020845949,49,0.0,0.017829944775429613,2.427969226512078,-0.9631079448458904,388.8985003361468,1971.073731899486,1134.4571534306292,0.0,0.0,8.426354241031598,-41.61543118652914,99.03481346938187,81.99079858523368,89.17976000735817,101.25003528219031,71.0276515341964,93.23847946999166,90.58754384783417,88.52329661960054,90.09363659478127,105.36681330137904,97.39943616956111,87.22084318480472,39.54404536431621
1074,333.00362871138447,1973.6701390855994,0.7554351995166529,0.3051593004818271,-0.5835759161089518,49,0.0,0.015705066188928918,1.408527318664117,-0.3719131865757309,333.00362871138447,1973.6701390855994,1089.664690183655,0.0,0.0,8.457490261322421,-41.61416296509096,73.33708520691431,90.73415859276872,82.8104897554683,87.86970450854741,94.54543739425509,94.61282371561374,87.77496891232802,93.38932478400284,93.01374525933801,82.87516016595758,88.12143877162961,71.28019631068636,49.30015680614498
1075,717.2564845578825,1973.425817029902,0.3985308712764238,-0.40916847871073114,-0.3319226119449736,49,0.0,0.016681402864252723,2.6453798262035897,-1.056220093178893,717.2564845578825,1973.425817029902,1073.2065936440713,0.0,0.0,8.243358937545045,-41.61537690140466,69.59602793449601,90.64396445178869,98.15350478368323,70.95955040055972,90.86637903233104,73.49252414618883,92.53307701268042,89.3705746215694,85.16793568227848,90.75481812483164,72.00350229568926,101.96860630691805,47.696128851056685
1076,996.5629234392549,1974.0155944577575,0.5490487156598378,0.05596110225256042,-0.0937021568576536,49,0.0,0.009164229084827648,1.2482370344997245,-0.24074265928037863,996.5629234392549,1974.0155944577575,726.37206634379,0.0,0.0,8.087699685997054,-41.61569018731269,62.25460826595734,62.30656980323772,50.75477245026546,50.37931591461667,55.68770951833309,56.32373139642248,67.0184278976483,51.86104905033194,45.65162956859781,57.07937845757764,72.76782377273562,58.53084594512948,35.75620430293644
1077,2077.6193341749618,1974.8934419717673,0.9024210647228851,0.38645692468927323,-0.06373146637390163,49,0.0,0.012168368688230293,1.0947163848326191,-0.09825404575691049,2077.6193341749618,1974.8934419717673,824.4579250434089,0.0,0.0,7.485202769713702,-41.615508934065936,56.97667766003724,51.56520754471329,66.51908635045494,64.54373559710683,63.345366918828326,81.71571064953199,62.9235786593455,69.7864853306904,65.53775187355399,67.77092010288774,72.73837572687302,76.41223674729292,24.622791882092617
1078,2178.2761589383344,1974.810125890603,0.6326601649391781,-0.32760556733198826,-0.2007167777988947,49,0.0,0.031205174370359648,3.8002386232234326,-1.4495271688416884,2178.2761589383344,1974.810125890603,1276.3659082587171,0.0,0.0,7.429105417281725,-41.61540074605591,81.10003186456791,85.20038495988096,99.40336332470218,88.94316563216171,120.00199819618193,97.89739339865848,124.46864184543426,95.81699826233843,113.62384719512525,82.7609450234365,128.20008793895832,120.61878011524911,38.33027050202197
1079,1610.2847580632676,1976.2681973231092,0.48371329739989033,-0.2764016009179532,-0.2931468812414054,49,0.0,0.011039980878960779,1.4988985020064154,-0.4394305639236593,1610.2847580632676,1976.2681973231092,944.8967393372936,0.0,0.0,7.745658592158427,-41.61524236574903,62.46348512745293,74.32082114367202,64.6370877530423,84.66725636377336,82.19399567979701,88.78098852213193,63.25421928075177,89.92744258589914,58.217961509106715,70.93367555349953,97.48184672091968,67.28154471928968,40.73641437795766
1080,1594.7031935671364,1977.1636981952768,0.6130621689813737,0.05173203558784706,-0.09778039034873813,49,0.0,0.2514190449655641,36.024926399484244,-3.891507755510313,1594.7031935671364,1977.1636981952768,5081.691896701342,0.0,0.0,7.754342506147717,-41.614869326806954,362.5116402884888,407.0054978038694,409.54978603203654,398.6329500949738,392.22603091446877,376.8544026084703,410.93521162432285,442.1023793297649,494.92192234517097,387.12947714705996,426.42933078199604,391.4233291229288,181.969938607791
1081,1404.9133972832267,1979.2031481742508,0.7174643302973793,0.13976651012424962,-0.07674859347045358,49,0.0,0.021603979928961934,2.597795698797483,-1.0365124834959782,1404.9133972832267,1979.2031481742508,997.7445529471113,0.0,0.0,7.860114155162251,-41.61396812643934,77.1511503046938,87.37305730840356,75.0832895648156,88.16935221103145,71.7694397347414,83.97341613506603,75.60135265951398,84.47958203140594,74.51461940835992,78.26704012477627,88.23302443542995,91.14519061761573,21.984038411257607
1082,586.3794562761555,1979.5982319438508,0.32524043514391376,0.059015350712978545,-0.6186914140492701,49,0.0,0.011864041167999752,1.482182028099935,-0.42725385753071005,586.3794562761555,1979.5982319438508,1159.666384204355,0.0,0.0,8.316271970193755,-41.61247102482799,96.44297483743625,92.53647254417052,92.37424380548734,91.3838288575621,91.43030555032271,89.77292079623406,102.04057173711674,91.69595037785302,89.29620723685616,98.68631781557984,93.15551321964163,90.82055762590139,40.03051980019312
1083,1535.2434223650368,1980.4326130299387,0.3767432781149969,0.1529931257711124,-0.1312951203424073,49,0.0,0.013614878966687463,2.069051239140058,-0.7894281147748259,1535.2434223650368,1980.4326130299387,1010.9583056262013,0.0,0.0,7.787479716441624,-41.61350160373717,81.58868572431503,59.698809705033725,78.55448068072144,87.5659923276273,70.75512812907976,91.42918857812383,75.7605505931327,77.81348819148542,91.68544879346798,68.09391858952785,103.77065630593688,85.42622366559854,38.81573434215091
1084,1206.9480066743126,1981.0049346823394,0.4775340504831513,0.1297395630677053,-0.10215187559976678,49,0.0,0.020294578476695104,2.8433206136479727,-1.1345645840550092,1206.9480066743126,1981.0049346823394,1142.8954675663574,0.0,0.0,7.97043882146794,-41.61306043884676,83.48344050355917,94.8796845256015,96.44504390842714,109.14970176732461,87.47780997659514,96.41836814458759,88.87949419254485,81.15342693883915,92.97043022111279,78.14018298744045,94.50887784721078,100.1165003471217,39.27250620599261
1085,1382.5437534400612,1985.4893624124793,0.5562125015061902,-0.1449909333607356,-0.11272946182837756,49,0.0,0.276162495616714,41.73953317432702,-4.051368968738566,1382.5437534400612,1985.4893624124793,6043.253176852395,0.0,0.0,7.872575991782841,-41.611336447195,463.83665025599834,445.97499091923714,475.68483430053584,457.8529349576877,480.88339189361585,492.5375890191484,471.0295680036628,475.4029644820361,502.25379000417365,502.98275290837444,498.9521099013019,549.1520633314559,226.70953687516632
1086,331.2939333002274,1991.9287800309096,0.5337674480447914,0.2750561596994668,-0.39074338853931,49,0.0,0.03665348117905349,4.684805467163753,-1.676728904659608,331.2939333002274,1991.9287800309096,1748.3791221041645,0.0,1.6009573359150115,8.458359311799326,-41.60655000196991,122.10406944606444,139.1336306868996,155.68405185358077,125.89761729867735,146.7755324541496,144.05911036533485,133.01669888379774,138.27968514714632,129.94000213768382,138.5488650376544,164.47742350476085,156.39108486234846,54.07135042606633
1087,2036.5498450502928,1992.9354127589127,0.5625128364213476,0.1316806715619063,-0.1965764713418375,49,0.0,0.3995533008828295,60.736555201196566,-4.4586253909371445,2036.5498450502928,1992.9354127589127,8196.659587757144,0.0,0.0,7.508119817590386,-41.60804204559894,576.0415436908079,709.4311290798962,613.9757548063042,627.6989186840891,686.4025372321282,683.4231774029358,687.3888642182308,651.2898665500496,687.2944865304112,694.7965624209404,631.9231683375983,674.1566879850579,272.8368908186945
1088,2617.9077642560246,1992.9770000186413,0.7560765967873629,-0.21867761233849328,-0.5653680176663429,49,0.0,0.01530016973283245,1.5295872210925132,-0.4614356166053807,2617.9077642560246,1992.9770000186413,886.1530734586164,0.0,0.0,7.184169042709815,-41.606887869507496,47.89711027907951,58.0021506244886,84.81946229563427,61.240403271731594,93.77832092289464,69.20997957327953,79.62205651494466,80.34407715935987,69.38720690585608,64.37767124619245,60.45601608949523,83.27764375460193,33.7409748210581
1089,940.3047001529883,1993.9260142484152,0.22034649147304838,-0.40512757257029874,-0.3688217660331562,49,0.0,0.009161349482474934,1.8215036739327681,-0.651075128853043,940.3047001529883,1993.9260142484152,924.6831002269421,0.0,0.0,8.11900538195159,-41.60729870334135,60.11580187914519,88.03518591781247,67.56470513479928,90.0534040354097,78.3728735194425,70.57452746566878,59.345241754630464,63.12521231416443,85.62571018724725,78.6031663959734,68.35245166120677,88.56504989043931,26.349770071002453
1090,648.3697398942899,1995.1820626606618,0.681660142756044,0.31349210966194696,-0.0032148280356407155,49,0.0,0.021461497201031503,2.1744434885683863,-0.8433703132618033,648.3697398942899,1995.1820626606618,1144.1042540404515,0.0,0.0,8.281673817814715,-41.6061421096882,77.7289768062124,83.03764961324694,89.67357435574996,96.76902557673975,108.94829864085746,78.49371086868655,97.97923395927623,114.84043368954218,82.06147157553002,73.93549476366486,91.92678485904923,100.8571688686271,47.85243046326896
1091,541.7713333884539,1999.2711210152652,0.6802445339629976,0.15849454682259087,-0.522194270114123,49,0.0,0.014916682820781641,1.5596499213165866,-0.48256781911967184,541.7713333884539,1999.2711210152652,1004.6938490181874,0.0,0.0,8.34105475225702,-41.60415006528161,68.24728215072709,71.96344188238831,80.96751188789416,90.15322980301056,102.6576899650243,87.58093254806612,72.34720476585872,83.94926907070638,74.6384914338615,79.84430195492335,80.74933674353241,73.99865960434602,37.596497207848515
1092,965.2187060098546,1999.4580417924794,0.20069688203660266,0.47354739995186595,0.1214860966102906,49,0.0,0.006611269828167416,1.3930921527814932,-0.3599496146793629,965.2187060098546,1999.4580417924794,754.4335576949961,0.0,0.0,8.10510973558255,-41.605037179343206,39.121407637432775,56.23778829618999,76.04721949179623,65.88052601571117,51.47205485257997,59.95475216904172,58.50922594593723,67.99920298568706,64.08203206701907,69.12521875042876,71.50281298875746,53.42193035305686,21.079386141357837
1093,2139.701619934866,2000.4124292794097,0.6563033070841053,0.17146834841490505,-0.25641613466978747,49,0.0,0.03481327680214825,3.9072965151030044,-1.4796909250332357,2139.701619934866,2000.4124292794097,1448.7700933453882,0.0,0.0,7.450653230849237,-41.604791338347034,115.260476116251,126.0611347691962,133.06833057816078,88.37255008164098,82.33056675908404,117.5177297203831,112.4986403095909,126.54307164561578,116.48319003310073,115.57493433452193,132.24952795897303,126.28764708471293,56.52229395415681
1094,246.75793447341715,2004.7461408813722,0.6616044061059664,-0.34879741937659836,-0.5270929943728057,49,0.0,0.07635831211732863,8.870552270477331,-2.36987664838268,246.75793447341715,2004.7461408813722,3277.6055720541426,0.0,2001.8320984999928,8.50539791726403,-41.60091164850767,359.66961934133684,328.4583559274287,282.65402250488273,234.7650412110674,286.2593947792415,221.84079634840816,225.07166014540243,205.41978092455398,301.3512366479429,235.77329731804542,246.8347048547671,268.0580820796849,81.44957997137976
1095,2582.266600700886,2005.6019444044546,0.9556111387920363,0.35943116267269287,-0.10131447302604991,49,0.0,0.02309719534380255,1.8492310199909683,-0.6674779247881282,2582.266600700886,2005.6019444044546,1470.7916472019833,0.0,0.0,7.20407332756595,-41.601723621801526,96.48641456375867,123.11611655034926,115.53171527905354,117.24736959302939,123.98492710176951,116.04099144306102,117.79722448704996,112.62112599687873,136.70917664738332,128.55852134901943,114.83568826745122,107.19103112829433,60.67134479488497
1096,933.1126212542141,2008.0885262574677,0.6202682590008345,-0.24049451072452183,0.33108143892247993,49,0.0,0.010699787622384814,1.2790515586804747,-0.2672201282003753,933.1126212542141,2008.0885262574677,843.8772010050664,0.0,0.0,8.122978931037752,-41.601384985211375,66.73543406016283,77.96613010241332,57.06188266014707,50.236534589292006,67.08745523145863,91.14605649072129,64.17487683094626,59.36587857943337,69.92123489009964,69.21684335283757,58.803423519295535,71.65737377366234,40.50407692459643
1097,2024.5829710110413,2008.6076619309158,0.30912072372119004,0.07926973167542806,-0.0960414242573114,49,0.0,0.010241701774892448,1.6164806432914138,-0.5214262711903741,2024.5829710110413,2008.6076619309158,878.7854847534061,0.0,0.0,7.514812364876193,-41.60152590191939,61.01132595601208,74.21850057938488,75.17146539241438,90.9904314026341,82.48254448763998,58.313896603336545,59.29736499305503,79.99250217220009,71.51281533127037,67.46071124699584,65.7955266057186,75.3253634546206,17.213036528123563
1098,2938.9941911463984,2008.5351124680744,0.7572680488529184,0.42639959131902533,0.06288117319370887,49,0.0,0.012671259543110304,1.1735941483824048,-0.17379483854945077,2938.9941911463984,2008.5351124680744,853.370325665595,0.0,0.0,7.005339010097144,-41.59938827257537,71.40322633194323,81.98371776061661,71.49079602248493,79.33155314165873,65.7851685125528,68.12758424207155,59.20202689713999,62.97248970113918,68.64239568212199,64.16510014403278,63.208481896847104,60.0479899430556,37.00979538993044
1099,405.16501112977977,2009.042417185201,0.35144782510663997,0.213867195420867,-0.5651474686805342,49,0.0,0.017007243571957327,2.3737232391157717,-0.9385752040574047,405.16501112977977,2009.042417185201,1254.8114670692598,0.0,0.0,8.417125659414689,-41.59966478901039,89.82340102982272,113.82372633932745,95.488069699681,90.86462751047928,114.78025510754328,107.44042431316359,94.03848459347489,109.65202366907732,95.58444569074378,96.9813347848708,94.1439007877432,97.80041816013994,54.390355383192755
1100,1535.3798348824225,2009.287977094884,0.566258494641378,0.0005018003203798769,-0.7801195956560649,49,0.0,0.034359329778663066,4.166750858433837,-1.5494938339112863,1535.3798348824225,2009.287977094884,1737.7028330557682,0.0,0.0,7.787396908625909,-41.60147866065826,96.66874554346676,129.8691905577125,130.62658758632315,144.24127608979148,153.3797050930977,164.67077449893003,132.58455457487287,149.71214167317567,144.27689377215228,148.70748414224892,133.07550013539498,152.84661553996733,57.04336384863437
1101,2307.7333419636384,2009.6216202287465,0.43794363625134547,0.5426941847475002,-0.3042892329914442,49,0.0,0.014590572656384353,1.7664917899900987,-0.6177790583327902,2307.7333419636384,2009.6216202287465,1108.4162908771284,0.0,0.0,7.357047247853693,-41.600672539581204,77.42530452697812,82.71201947375825,73.53336116672403,90.24885327390137,85.90042677380941,84.31757842771466,95.5025683025371,106.91712963365714,106.17212238336992,76.28640240388634,89.85166921639012,98.00549517019327,41.543360124208725
1102,2839.08002958829,2008.7992544845467,0.6519932842829785,0.08434116986990271,-0.5089699352201623,49,0.0,0.010827851231462316,1.049044877219812,-0.05198516832002556,2839.08002958829,2008.7992544845467,866.8383470936722,0.0,0.0,7.061004063634904,-41.599624532845404,67.27092718761136,63.54950358559788,62.6804922282471,76.80350875861294,72.07978637131825,64.24292079282617,68.5790412086346,69.66159216629272,78.15673905662382,68.3455686905497,64.08824583927091,73.22315120840406,38.15686999968265
1103,2477.5311060339923,2011.0331188764376,0.754774229191698,0.12539591890228707,-0.004209897142750163,49,0.0,0.047147563120570835,5.742706353933939,-1.8977915243671242,2477.5311060339923,2011.0331188764376,1318.160274755916,0.0,0.0,7.262445943947743,-41.59972260806627,84.43519987872912,102.37761156020127,109.84052842548738,112.61163045237842,122.05914711561329,105.00808185646899,120.45645016986622,116.60125641850964,111.20494403809843,95.97661956490576,90.77190050362597,91.46960873261412,55.34729603941734
1104,213.0710568942312,2011.8704610467248,0.9243901555283851,-0.028361204854180404,0.23960819013146922,49,0.0,0.013798562136726582,1.4787782043437179,-0.4247576022455557,213.0710568942312,2011.8704610467248,1190.9133411415478,10.157690597452685,220.48506705580013,8.524129847217791,-41.5978192783619,52.865513183683824,70.53838174210756,56.67310894839656,126.99135353471371,114.32726306612385,425.8113979401849,59.24131582625882,37.85090227950401,36.75647946471644,32.8856020426421,61.080739378475876,76.92087812203033,38.970405612709484
1105,1692.1649149885525,2013.182194224093,0.478569696942927,0.2165804794768674,-0.6301300395587787,49,0.0,0.013898799073938166,1.6135481438356354,-0.5194548202131863,1692.1649149885525,2013.182194224093,1047.564281360425,0.0,0.0,7.700037293467351,-41.5998504869322,93.46916711029198,85.61699835392264,69.61590320435423,85.6206374973614,91.3463106264759,78.82288101479094,94.70609801383165,84.61345325454522,69.37299629842579,90.08114809790214,76.29355948696278,82.19363661669759,45.811491784862824
1106,1973.9745634010342,2014.1312022747654,0.6047187552591453,0.13993657169608686,-0.15140246955847142,49,0.0,0.0683797998100986,9.79892371521691,-2.477945941728284,1973.9745634010342,2014.1312022747654,1777.6629591486267,0.0,0.0,7.543018604499691,-41.599278757726154,133.81074210387013,149.24805337354266,143.35782753940202,144.9082356795196,153.1933310583628,154.4986312362646,128.5844257026593,145.649584260982,144.1045475224158,141.00697336046304,131.70477812847264,140.27001208387287,67.32581709879904
1107,1587.6998367779333,2014.5189274469506,0.6802714814749133,-0.03829739700442267,-0.26419040537103833,49,0.0,0.019860058241886604,2.292105138408028,-0.9005863368849727,1587.6998367779333,2014.5189274469506,1086.6979991116673,0.0,0.0,7.758243874774032,-41.59930460153971,71.56299354939964,91.35076734685266,101.47441291978376,97.17624817445434,81.26269955880248,73.67525369596456,94.56220845980191,83.27183112533248,79.70552752017777,77.60568241093753,97.61525625006651,93.16381579263356,44.27130230746032
1108,1792.0780563627343,2017.3427531189084,0.5565298055991655,0.17493507480919357,-0.09943901751512366,49,0.0,0.4321449914259206,66.12489654718445,-4.5509125139683295,1792.0780563627343,2017.3427531189084,8828.783252320676,0.0,0.0,7.644369907069146,-41.598078873702356,663.683463396845,753.6814762714457,744.424877593659,711.442174978361,649.7970162269979,707.9793237052409,692.2664038029355,706.1393863530054,674.3052107780118,736.3915385129271,746.7762576584498,753.6233548489386,288.2727681938578
1109,1825.9216265188154,2018.0710076129537,0.5843473542495697,0.11938974411422779,-0.08705130260685053,49,0.0,1.7803540514874512,263.61614599438155,-6.052430016147125,1825.9216265188154,2018.0710076129537,33579.65162472874,0.0,0.0,7.625513864538076,-41.59775645603754,2483.8087560447843,2733.0128404619327,2667.7819971560457,2676.7647473122115,2672.6689111654,2747.9224701752382,2638.54883107113,2737.952778490144,2749.2409072959526,2788.683384076352,2745.3580757774234,2730.5417087497126,1207.3662169524036
1110,2150.534016063137,2020.4841412362175,0.4370693995139715,0.39362313865053994,0.11910321627885412,49,0.0,0.009180179933249254,1.1492348857303936,-0.15102200198897292,2150.534016063137,2020.4841412362175,870.0657553161218,0.0,0.0,7.444657073994353,-41.59641244599686,60.32031160662918,61.20460674645761,69.61967285580596,65.87589433921785,55.815851477629884,57.58005326357103,74.2109029641689,90.06371188182897,89.36713197167956,68.01894187342866,80.05356662610023,63.93473034984788,34.000379359756025
1111,2436.875029915024,2020.4343336725385,0.21481110429679637,0.19198333515520982,-0.003123413079784196,49,0.0,0.009142168559685623,1.5621301041790572,-0.4842930046694399,2436.875029915024,2020.4343336725385,1006.9391492109426,0.0,0.0,7.285126131772435,-41.595899297077736,68.61992751424017,75.09367705627456,77.65306572383889,71.65696522255419,93.20288637978413,83.73030911321871,68.66305429683788,81.83857747321801,78.50777469693935,79.53895756284672,88.20888304650626,90.23155325094814,49.993517873735556
1112,356.4178119458914,2027.9714609921143,0.8529669811308788,0.2311743377572275,-0.24787019001079058,49,0.0,0.03075745650334742,3.1112958563484105,-1.2323532764621246,356.4178119458914,2027.9714609921143,1264.300265689259,0.0,0.0,8.444198920086219,-41.59161840114248,98.73917288928538,97.50914337064427,109.82640846185737,110.50695493495576,87.57463322620589,107.04938436145838,117.01474903984156,91.05786972340223,101.80519134670227,103.29790787396114,100.00449765638295,100.74974590394189,39.164606900619894
1113,1680.145552167248,2028.0374709463815,0.31521377147348956,-0.3635021511023937,-0.20423377973291296,49,0.0,0.006409186626895843,1.095150296755724,-0.0986843129459753,1680.145552167248,2028.0374709463815,773.6369823647276,0.0,0.0,7.706738600279943,-41.59366361755347,55.92261533889952,49.684236540698606,55.87266150178574,70.94574092676399,70.44957987155018,71.82997043352341,67.27350779213509,50.541220906885926,73.71917974995978,56.006755460009366,56.23602328913087,55.502767369933025,39.65272318345208
1114,592.2266389515066,2029.0135857033667,0.432523655081577,0.7217195539689037,0.15062896484454105,49,0.0,0.011021274568013485,1.2768527192013512,-0.2653520142490293,592.2266389515066,2029.0135857033667,984.8074008419518,0.0,0.0,8.31283374792298,-41.59189837698917,85.0694676951138,74.68779482879216,99.41890981509174,85.57789904450755,78.81031699555234,60.021605362901724,67.22772856393243,72.02197283734355,69.84191298448002,75.22028964178759,81.25631471121255,99.06350528640058,36.58968307483568
1115,772.548942591249,2029.1984247054113,0.6263931763336864,0.3039933648338414,0.5102473896259737,49,0.0,0.015145130036563405,1.7856585131209293,-0.6294960215335811,772.548942591249,2029.1984247054113,952.8047056574794,0.0,0.0,8.212378161656828,-41.59226660125072,68.25263509471193,66.08692324930996,62.26823623397259,89.64503474799668,75.85719720809334,78.00472940250602,72.63364042309817,87.7432083195159,81.04799110650984,74.82019319538814,74.215881480473,87.68597535633697,34.54305983956695
1116,2027.196952721928,2033.7585169350752,0.267799531341638,0.7446237158584673,0.44970521332448005,49,0.0,0.017644972122993485,2.8118624965302663,-1.1224851983568052,2027.196952721928,2033.7585169350752,1269.736199674203,0.0,0.0,7.513394601298127,-41.59104357604971,100.57985887533141,88.72253529022682,111.0957587294325,97.74479136955487,97.61253010548887,121.98937392720242,103.19133101045826,109.86206260054439,109.04292758228853,106.43052823707995,80.89222169481248,95.70012611195779,46.87215413982449
1117,1285.183822750056,2034.5396208850204,0.5163783667925791,-0.3453013787904138,0.03631631926512148,49,0.0,0.010553235249396262,1.3095246979604598,-0.2927842343502294,1285.183822750056,2034.5396208850204,810.8055658457129,0.0,0.0,7.926777283032385,-41.5908292527425,44.086421281266354,54.87011723499795,58.28025906774981,65.39698805781026,56.2021611975602,63.776267067627344,62.55054323392901,73.1531919676768,63.39432342361943,81.26704732306118,75.91710539539858,75.42207943583978,36.4890611591761
1118,431.26057865690944,2035.9096058422056,0.5343957802330714,0.4592231046681356,0.14628860545212788,49,0.0,0.016962289090030967,1.8545400883983296,-0.6705905640753084,431.26057865690944,2035.9096058422056,1132.8994624637448,0.0,0.0,8.402473697041675,-41.588553950897676,85.95983554277322,91.14108255798428,108.21657381872882,86.24253355738993,102.7621576771727,95.32232099154515,108.05086117974713,80.05538210290317,91.37205923806366,76.82550909523545,89.82970730559231,80.82606561253539,36.295373784073504
1119,2247.955409817172,2037.1465978042052,0.43110309192029533,0.09382077237792082,-0.32169306197316555,49,0.0,0.013863953345694076,1.6913168581654334,-0.57056244427792,2247.955409817172,2037.1465978042052,1053.5285642724034,0.0,0.0,7.390418415385238,-41.58931306289715,70.21482637736244,63.097521628460555,82.69841817375324,85.95308847184228,95.59069522969449,105.49265814531691,73.5111084531126,82.14214242134192,89.75050888585567,84.27670367604976,100.62416945048834,77.59592478724039,42.58079857188474
1120,2605.3050379481183,2039.7467205134678,0.7608078966294566,0.3660033317100067,0.6156301732269727,49,0.0,0.01621996462261476,1.224932740158074,-0.22028060668984883,2605.3050379481183,2039.7467205134678,1187.6502473594649,0.0,0.0,7.19136097632313,-41.58743588446163,80.98724108578948,92.06585538082138,105.2187097882479,105.75221458161687,87.17051273178356,78.30165123709313,111.21340035585277,92.70102468776074,108.18694514839714,83.8322746654963,79.3986772139611,110.63296571387757,52.18877476876689
1121,1986.167917699657,2041.8831749172173,0.5013125570532998,-0.21139471508119598,-0.20201757992858027,49,0.0,0.012092125589013998,1.4774756787300258,-0.4238008513277679,1986.167917699657,2041.8831749172173,943.641234424525,0.0,0.0,7.536263377876121,-41.58770317860638,86.8901485973767,76.345108211174,66.81950273772229,79.66408964427819,70.31849415277145,81.83664346172732,69.55259233872408,76.83122293038409,82.4232415705319,66.30054693676291,78.91544775527734,73.35280741954989,34.39138866824473
1122,2457.851402402837,2041.5890487997237,0.5549975611740914,-0.23527603393293695,-0.4203072938351692,49,0.0,0.016322493443402874,2.292701785891723,-0.900868923170013,2457.851402402837,2041.5890487997237,899.1667086271652,0.0,0.0,7.273505144980308,-41.5870374456038,63.0545816106363,51.055131273881706,74.89149360199745,87.47628783901393,68.44315268457606,64.23271789512573,80.07637012260255,77.06376997397385,77.01054391465559,76.26407087936133,72.55801691921755,66.28359733759865,40.75697457452451
1123,1332.0329097120832,2042.9449448855928,0.8854512657412728,0.15147045097784614,0.09865929125116239,49,0.0,0.028103550109553725,2.9225339870056666,-1.1643989260031637,1332.0329097120832,2042.9449448855928,977.0254942647434,0.0,0.0,7.900669227366784,-41.5873638581715,62.975565182599105,87.1597637249321,83.77991073694949,80.76074095026569,79.18719571157283,73.45197945804651,77.56350480385933,65.839398218311,87.54872657999047,83.89302037718699,84.7483640959752,69.91823273422881,40.19909169082598
1124,1255.8768093174772,2045.0276382552872,0.5116533711820958,0.10135123259539167,-0.4371885001181047,49,0.0,0.015331176939045522,2.122935186805036,-0.8173418384029829,1255.8768093174772,2045.0276382552872,1024.029804690872,0.0,0.0,7.943091321162621,-41.58643330779459,67.44849339501008,88.80907461707457,95.33173907681882,69.39035031260934,76.85462432394291,85.90508718989432,66.65741046831374,73.85470447953438,78.98836761014935,98.51081541224352,77.76427713478643,97.45374403668578,47.06111663380879
1125,1799.063159849477,2045.2772589291374,0.5055506447359276,0.2582143797386611,-0.133964962590692,49,0.0,0.05746470377335441,8.914462135527723,-2.3752378615941403,1799.063159849477,2045.2772589291374,1834.7411163897439,0.0,0.0,7.6404980292173095,-41.58643596693104,141.84683409040588,145.6985747211474,147.06514175722174,161.30604571234733,155.67873079556207,152.84642132980846,152.45297334756597,120.97665754804152,156.34520475214066,156.85614176070277,144.1650169170961,148.03154739613245,51.471826261571664
1126,253.0258701043622,2047.4562267942574,0.8736926212772124,0.824993865829744,0.5424455008268008,49,0.0,0.011650738980699108,1.1644558148590178,-0.16530753482386096,253.0258701043622,2047.4562267942574,919.9030876853473,0.0,450.19060760375885,8.501698245806526,-41.58314025469692,114.06155284650221,119.8138357630026,53.714013424491185,75.37825046925657,63.109026445287654,65.31383893760452,70.43979999037452,90.62319151133497,73.50659235177926,62.46502900366996,58.95326608782362,52.768943142739815,19.75574771148039
1127,988.997345595998,2047.6389113979499,0.31254629987828725,-0.11095792573027502,-0.04100788178397107,49,0.0,0.006624545982121135,1.1342376673065013,-0.13676016457766452,988.997345595998,2047.6389113979499,705.4022877152427,0.0,0.0,8.091753547613784,-41.58500224762241,43.45694712378109,53.81819906506542,51.25768976750433,62.35766843872686,60.31234750629445,59.21772109974913,49.407834614741674,50.0666228905463,52.50848054729043,61.98605546616751,68.74038135443405,74.5844384024964,17.687901438445046
1128,1481.752563260352,2049.2780371399513,0.6234474639300984,-0.11210989601676472,-0.019560179294871163,49,0.0,0.008963662959347073,1.0424130099956306,-0.04509955754329713,1481.752563260352,2049.2780371399513,708.0435602013342,0.0,0.0,7.817260956511657,-41.584803045057036,43.57667143785783,49.88497325911042,63.02115328367621,49.19801034887165,66.38935391136215,57.335632329523875,46.102476525841944,54.21577225169521,66.94015153912011,55.83736540277255,68.6471807185938,65.27829790825888,21.616521284649494
1129,914.3869425574128,2052.1235112662507,0.3257635366375158,0.6219057552455098,0.19939489665597507,49,0.0,0.00984860709269891,1.5568099398813173,-0.4805889895142918,914.3869425574128,2052.1235112662507,838.904784447413,0.0,0.0,8.133303512318795,-41.58300357079408,53.53375084252892,65.8210232752741,73.85536570404263,67.30879848513429,71.52218453186093,59.58190062018371,74.0694797380035,60.27358223138888,71.20401310851621,62.53197833780947,58.860918913373034,86.78444484123509,33.557343818062265
1130,1523.670659902447,2052.7380390455437,0.4953333291809611,-0.45419675412103766,0.15191448039582836,49,0.0,0.04414741513288495,5.488108532193551,-1.8485567283514657,1523.670659902447,2052.7380390455437,2163.00009045541,0.0,0.0,7.793909231361535,-41.58337241501675,173.52472038642946,170.82026434226725,164.92578059832258,181.5620326168502,179.58779097466038,163.68775310519817,161.4347620168716,178.56166384028495,180.58428569007785,179.64432757953935,176.90369434267717,169.77531617375416,81.98769878847698
1131,1673.9054704634068,2053.3022194337013,0.36932799814492095,0.1175038528481676,0.12867515925100986,49,0.0,0.018317165937544167,3.0645153337350095,-1.2159044968682589,1673.9054704634068,2053.3022194337013,1137.8796891984948,0.0,0.0,7.7102218524775195,-41.583138033956445,77.96619668414593,123.30092085011776,84.0059996250792,68.63520757026949,88.6970523518151,97.65683413946866,87.94380556014042,89.28721609355884,112.18823883708117,81.40285231410661,82.57507075650801,103.52144066746794,40.69885374873566
1132,2487.440942814646,2054.8771431618557,0.5942354926089694,0.00433807276184533,-0.12009560511669573,49,0.0,0.043186373108481,6.026592497057023,-1.9501795664154637,2487.440942814646,2054.8771431618557,1379.9412972323184,0.0,0.0,7.257064955606461,-41.58143161473999,99.44300810175984,99.90498983531569,120.30285924056506,97.32887083090257,106.90703989324234,125.68295981185231,105.62941619950116,116.97333676618659,129.91438189717115,116.7760150807097,107.82797668890896,107.14564132953478,46.10480155666831
1133,1184.4378258809706,2060.3607577770304,0.5740871315138611,0.301202501379625,-0.08697596939197874,49,0.0,0.6733629469498144,100.96444940816043,-5.010421203176076,1184.4378258809706,2060.3607577770304,13151.796740741014,0.0,0.0,7.982864472384036,-41.57997156861174,986.6077195477064,1054.9289325715395,1032.8331692490137,1111.2176464157756,994.3578099605402,1073.1538711016556,1032.9669782864116,1106.8897931658164,1115.2448784494409,1094.7364424555574,1043.4032461651057,1065.5906812879962,439.8655720844568
1134,234.5700652547945,2060.8247427422693,0.6110665613589781,0.14163619426687993,-0.49917082933649287,49,0.0,0.008454910272512247,1.2340575134220964,-0.22833850130909594,234.5700652547945,2060.8247427422693,665.4463461981973,0.0,293.9825156940234,8.511911655016158,-41.577503279413285,26.2434909299997,92.69391541981891,57.30608916780696,37.46715424799883,55.284798994545625,76.02068139792979,42.20482381816474,45.47259293870505,39.89859706914507,78.77770922309465,37.24064267417752,44.22294677593177,32.61290354087866
1135,1022.0204347757843,2060.385506308378,0.6635707587893547,0.35339652690330353,0.029583106079200408,49,0.0,0.010001624591142294,1.0704969113889526,-0.07396354650101515,1022.0204347757843,2060.385506308378,746.0736357258293,0.0,0.0,8.073331609417096,-41.57974413803661,47.24445760558023,70.79171971725683,67.82285797475556,54.335602764762655,57.14245191743616,70.85732609628683,52.8392840758322,69.60303709764014,47.827430347867555,57.230879896930716,62.6968166160593,52.150352804020486,35.53141881140061
1136,1993.722188768977,2062.4348874810944,0.824853371234145,0.4030212557474591,-0.2495083785995386,49,0.0,0.012090402048916775,1.1837420659802051,-0.18314270291625787,1993.722188768977,2062.4348874810944,754.5366575259848,0.0,0.0,7.532084229442726,-41.579132209180656,51.05140969806139,56.176126030988044,49.732954962417,69.50068413983145,66.07477392173833,65.38408809908586,51.82291655446129,62.37949599180838,55.1585372332676,63.85867477234322,68.26959752813848,64.19057389669317,30.936824697150584
1137,351.95845818083325,2063.0313576737367,0.5097739852665865,-0.05269720188970387,-0.7822074116447781,49,0.0,0.013317340540574601,1.6079410420405724,-0.515675301351563,351.95845818083325,2063.0313576737367,996.1337561532824,0.0,1.3038136163565792,8.446525096719528,-41.57699639773027,69.45355550244123,89.17969150780013,91.51745624375371,79.41218094481624,60.631928061724444,91.6079616756096,72.1078400412495,76.0340977578866,81.75020606564098,99.71189753237044,76.58111488678787,75.8750289485168,32.27079698468489
1138,1851.0571358971213,2063.382231150087,0.3672113467636914,0.028183936414883953,0.2083442066142431,49,0.0,0.01578651264118793,2.5383063419493395,-1.0113600871366257,1851.0571358971213,2063.382231150087,1064.5396269156631,0.0,0.0,7.6115501519552,-41.5788609379561,94.8808562910479,83.8180821772841,89.15372874105532,74.08531544535835,86.48216548475324,85.21479325828608,94.29619205753903,88.75407135093852,80.37656263462723,77.81542203009542,88.23727992893123,85.11975433038012,36.3054031853667
1139,257.55733101688,2064.2621271595417,0.5696909752229409,0.6550216416531688,0.6704414812933586,49,0.0,0.01252346749334196,1.5812129660975538,-0.497475917354558,257.55733101688,2064.2621271595417,1042.0646611924824,0.0,487.53356272588655,8.49909295562133,-41.57615485929564,124.17755169133245,86.74959071942558,60.54897062742185,81.27775578244855,118.47306188884754,69.82129617928496,108.2316621562568,72.8322308686401,67.24069646260017,107.33304721998576,69.85795381274096,58.180832259116826,17.340011524380877
1140,700.7679894442008,2065.153086957083,0.7194074042464162,-0.35994878598518437,-0.08652859223076002,49,0.0,0.010242026950478256,1.0923671315011798,-0.09592156018146016,700.7679894442008,2065.153086957083,781.8014591026351,0.0,0.0,8.252249943759466,-41.57711946475101,73.98154439550703,72.52683043549683,61.32301558975006,48.42240652914613,49.86520683506687,75.06479255640747,58.96297637228497,69.98068986835342,57.16298806677795,57.15478538767552,74.16546357716479,60.66166898753126,22.529090501472872
1141,768.9317082253152,2065.397801788736,0.3486054692413277,-0.2582572854768464,0.03310516558849662,49,0.0,0.015188708189952582,2.503149910711561,-0.9962171494352877,768.9317082253152,2065.397801788736,1192.2960586002987,0.0,0.0,8.214284696993975,-41.57717610932073,82.78250765805988,93.33156408486013,119.22515827296982,86.59685379417542,98.37591364653017,81.4087573804171,99.08624400836032,94.90555768569399,92.27211131047673,101.15888356319377,99.96527222944998,94.1631971343059,49.02403783180566
1142,1695.4016378503773,2068.0334576454925,0.8234974223366902,0.7001282809085206,-0.0006125062393349951,49,0.0,0.010010833066694147,1.026374149117388,-0.028264262750156435,1695.4016378503773,2068.0334576454925,681.1115794724365,0.0,0.0,7.698252615930569,-41.57699522575758,39.96184192483395,55.28830234780685,62.99348631243342,59.891885514350335,63.95796633600905,55.557167932480795,57.2322875185523,46.879593795257705,46.2062919631816,61.70266201209458,54.95146327948279,56.10649299250698,20.38213754344609
1143,472.93913687885396,2068.8024912653905,0.5771829765724733,0.41447212985259396,-0.1035848753906079,49,0.0,0.0254873817841314,3.2272588229275025,-1.2720844919585423,472.93913687885396,2068.8024912653905,1298.791133584522,0.0,0.0,8.379123438260736,-41.57497825890959,89.18098044247859,105.83603025054182,93.93070494683182,102.30592075965086,89.9283670138335,125.76332128142684,103.12511915493695,101.16733861054885,103.96312485075623,106.61253990119482,122.69768425134413,115.02315852262996,39.25684359834731
1144,899.5896189443085,2069.1008125967223,0.4043849591342483,0.04288065077574031,-0.16812389047876936,49,0.0,0.012224991787767443,1.9721207495609456,-0.737333756308298,899.5896189443085,2069.1008125967223,917.4194187892518,0.0,0.0,8.14150302020202,-41.57590234919912,59.548750968129895,82.62539043411846,74.56232619774482,73.30189377069084,68.97017968696609,78.84106125216053,56.56294444929233,74.33105327291008,89.26383084849591,73.60260783238897,74.08489740145573,78.06850239698392,33.655980277914225
1145,2838.3607866449556,2070.077108841267,0.5489979171072031,0.24688796340642363,-0.15537818214410093,49,0.0,0.03878396030695069,5.77536375734527,-1.9039483579180894,2838.3607866449556,2070.077108841267,1385.0559262108557,0.0,0.0,7.061678440344146,-41.57409660470848,89.95959627142207,111.60940718022518,104.2326980869981,120.7283758464743,120.62173014319622,108.12706215519914,125.89839865271526,95.00998176609676,125.89723207761125,112.2440784911426,95.01629479947816,123.12325820977816,52.587812530518576
1146,1886.2108069580815,2070.7873458527856,0.7353854152742298,0.2512558941487416,0.11401575818319379,49,0.0,0.01293214399694481,1.4071459546781302,-0.3708478662304613,1886.2108069580815,2070.7873458527856,745.3079780304674,0.0,0.0,7.591977091555839,-41.57575018231859,52.214653810608645,45.3523042561837,52.69850595761028,67.32718671281927,49.27016759726551,55.433089581561944,58.23376343864027,70.54601687775771,71.99614449393256,61.33042343397713,66.39530594369835,68.19803886857564,26.312377057836407
1147,990.923364163751,2072.4341367215625,0.2361739124591812,-0.4205477161530948,-0.00586245202316279,49,0.0,0.009131440566044943,1.6710642986926272,-0.5574829021574135,990.923364163751,2072.4341367215625,919.4424458226625,0.0,0.0,8.090626148008644,-41.574674362869864,79.7315207695536,79.96950015693423,76.47971501869668,74.43980239571734,67.56178549435162,61.739136234970715,75.2520333583816,87.02698744061539,72.01233542336209,72.66027562779568,78.83631885714846,58.097225370142255,35.635809674992856
1148,2166.5380270482015,2074.7578334718582,0.6746262336006477,0.0813116287408558,-0.14972901971831956,49,0.0,0.014639385118323835,1.7012945804981712,-0.5769487963891488,2166.5380270482015,2074.7578334718582,934.5817793937631,0.0,0.0,7.435851358830606,-41.573774968157494,73.63965156053649,71.34872756937256,80.99535064482743,81.7394675690189,77.54881437888949,80.77718019109645,73.39257550135073,68.93240573130946,61.27473200982047,72.62860706167908,93.1306943687221,71.50135440944614,27.67221839769379
1149,666.5962884047299,2078.4437060662917,0.7605595093147534,0.1576457778335472,-0.09503760702671128,49,0.0,0.03962492793866765,4.41393195425673,-1.612064084343992,666.5962884047299,2078.4437060662917,1358.1915572612666,0.0,0.0,8.271237309294701,-41.5714977904085,99.4661275387642,118.20548533334681,105.86976265491569,102.8707438639191,115.95947807658975,107.03388550825953,92.2632754236401,100.02941541251809,115.20306000499994,105.53017389294081,110.63661044675398,116.08320863951691,69.04033046510156
1150,2009.9235315060157,2078.0557575828266,0.9873855428045439,0.23391820726974283,-0.029472856508503405,49,0.0,0.023099091199076986,2.054158213424169,-0.7815847259171537,2009.9235315060157,2078.0557575828266,902.513505267211,0.0,0.0,7.523083125502827,-41.57260616233966,76.90437657087088,72.21715566618099,92.11549494459507,59.88800639311607,58.55775935838361,80.15242076120391,81.9304275733897,76.62219708239658,67.59772843075942,70.83036988977146,66.8218879484711,59.56873939292489,39.3069412551473
1151,2494.1238148283846,2080.9048258674197,0.6905238678339364,0.7050369517248137,0.2822140274694293,49,0.0,0.01265029668647262,1.4919884833553627,-0.43441367708673273,2494.1238148283846,2080.9048258674197,950.3705560706101,0.0,0.0,7.253426516319218,-41.570571288188525,74.79867338041106,82.72708215528834,82.37795749854644,78.51672030035763,86.51575854727281,69.9425994483395,79.52879207577277,71.74177286593171,61.25612980569096,74.73911889429272,78.28139981974093,73.71863713055367,36.22591414841142
1152,2357.546392365968,2081.771019612946,0.3667517503328251,0.7411579638143158,0.12283236535244035,49,0.0,0.00730147248777547,1.0823819990219157,-0.08595140236254722,2357.546392365968,2081.771019612946,744.4466348614635,0.0,0.0,7.329489862076336,-41.57051331083639,63.07489619596501,52.724131912221395,65.44615217244068,54.53688363036336,44.623138901782355,56.28043466577546,58.15283443927599,68.5928345696054,66.10938541026731,72.30198510318007,58.314097256775845,54.582317016360754,29.707543587449933
1153,2069.7313480368807,2084.668881210802,0.4058833424289378,-0.3627107086307692,-0.6190974062880226,49,0.0,0.009232562091035438,1.1728432752856333,-0.1730999552118866,2069.7313480368807,2084.668881210802,877.485554583293,0.0,0.0,7.48978474436049,-41.56978013979981,64.13306186969766,57.70382188549348,74.12986710508886,71.80048341328872,77.290340066824,76.06819581145722,65.17408661830858,79.47560345903824,81.50476096658313,62.900656218065166,49.46994637870408,75.92585238185247,41.908878408891454
1154,2194.067651551925,2088.3577114494738,0.5097588301180258,-0.06755066143745522,-0.07518336148260794,49,0.0,0.015634593090781926,2.0579863034232253,-0.7836062001579834,2194.067651551925,2088.3577114494738,1051.7986525496249,0.0,0.0,7.420547906052878,-41.568065616326884,92.97570938704482,78.4558366476899,79.09940297359128,86.64298428608316,73.99723583769403,74.8744249172813,77.03579696817879,93.00270560193073,80.29664010453082,96.77370859727485,92.30661414309486,84.71605135677399,41.621541728456236
1155,1946.1788103025217,2089.066109615323,0.6270516410527723,-0.08298328914462723,-0.20849373613659364,49,0.0,0.013002892128575598,1.5397379179233561,-0.46861701234118486,1946.1788103025217,2089.066109615323,816.4054909779788,0.0,0.0,7.558599225693943,-41.56808328036232,84.84665805423327,67.94314433470251,65.08716831653703,56.654672310347905,64.74210215299473,72.45402735710263,56.98772565128628,69.97276183763745,68.48577241367028,52.467880014655066,56.124663219323615,61.92239042743676,38.71652488805115
1156,1286.5564645620161,2089.4921742681095,0.5413820884337669,0.39049646668869736,-0.06744962661785112,49,0.0,0.26954124385900025,40.89153762432795,-4.029083603556638,1286.5564645620161,2089.4921742681095,6070.179442486829,0.0,0.0,7.925950343496426,-41.567933882167225,469.4180118454756,535.1607947083257,477.34522252604893,518.8473756436601,481.0143820978672,459.11648800928083,497.30169227248547,501.580988654295,498.65240140583865,468.0408947176851,475.1838972042916,462.8714412200541,225.64585218152007
1157,1960.9618786907704,2093.382913051073,0.33030910578060885,0.09365320471956905,-0.2930366631928514,49,0.0,0.011034705344486159,1.5042952057885772,-0.4433326785121666,1960.9618786907704,2093.382913051073,1030.4155064816982,0.0,0.0,7.550372037076765,-41.56627062068255,62.04562534261294,87.8571640823518,97.97092819909636,84.06013950469223,85.28710314839971,98.51291074076903,76.17387203126418,76.11786260803771,78.08764144980185,76.11380292338009,78.89310500110646,93.0159767400265,36.279374710159196
1158,2913.267412940138,2094.1309752737916,0.8478822291247579,-0.07722306083094424,-0.38927597778273826,49,0.0,0.019011328884610074,1.906549728770303,-0.7006203437840901,2913.267412940138,2094.1309752737916,907.8778046265015,0.0,0.0,7.020077042358102,-41.56381836541425,77.27249503487631,57.72209371109888,68.021493661878,74.0256089787643,77.76487685369264,70.58508024430887,61.0828680168286,68.49541245038955,76.12752870975166,90.4011947601829,65.35957330712954,76.89780994090545,44.12176895669489
1159,1156.5697970946608,2094.4927246705556,0.5788725986901804,-0.3708817141251882,-0.04386900832612075,49,0.0,0.008455458946427614,1.0459303658726993,-0.04875692948323739,1156.5697970946608,2094.4927246705556,758.9691788747409,0.0,0.0,7.998332532134331,-41.565718005650865,44.83893252005306,55.815839272607576,51.67355664975349,59.113056391711716,70.27174283086097,75.44835828300646,47.80443118545588,57.529117955906386,61.91700130169714,64.94033396383315,74.01775892113828,56.861461032016656,38.73758856670014
1160,1310.0683849159273,2098.89403949287,0.6171746874298093,-0.2711702088934566,-0.033771594462845354,49,0.0,0.013905773461640986,1.6839528895222444,-0.5658248436413813,1310.0683849159273,2098.89403949287,874.6337743020889,0.0,0.0,7.9128465308433995,-41.56403559677319,72.79209189188342,73.09044736046408,63.246764890897154,53.290958718425344,60.83920282996452,80.22317228700132,74.58857749479964,71.56262363330191,79.20470469868603,68.22842498054527,75.85097027270227,70.85382110186936,30.86201414154857
1161,2976.0723791679384,2098.4909787364104,0.5257666790916197,0.38304465046965164,-0.3893828840299358,49,0.0,0.0755274028377587,9.886748892347175,-2.4876337597726534,2976.0723791679384,2098.4909787364104,2916.28878198177,0.0,1825.0305536151757,6.985128821093041,-41.5617750868925,218.00625249058942,208.88699276041336,230.4499576795954,219.59962715234974,218.88460509345634,251.61395687310556,251.46314048780124,220.88066213006948,238.4420271984364,226.52189231484007,262.69888576262485,250.34750813227498,118.49327390621352
1162,1574.426172942905,2101.9829327870825,0.4992610481430198,0.03305851889130651,-0.20228653905969526,49,0.0,0.033229933052556414,4.974717083202114,-1.7419209676300207,1574.426172942905,2101.9829327870825,1321.3265655944874,0.0,0.0,7.765631505640166,-41.56286097816174,110.53428599814089,101.79806493427583,88.70873793574836,110.59386101264691,109.40622208821233,124.89870438371302,93.71082451745247,104.31514634897957,103.77039438905396,106.66571679234349,127.69582783459872,106.72399535271182,32.504784006610144
1163,1251.1236773919616,2103.3508380952576,0.5738606056348479,0.7858866254268616,0.03607292288583926,49,0.0,0.011201412437469804,1.344162959282252,-0.3211298087492238,1251.1236773919616,2103.3508380952576,798.5055020908841,0.0,0.0,7.945665637854875,-41.56212796897645,61.02364637741689,71.41400799581591,65.57804721973137,60.06666119144367,58.706825551789436,69.34643951680519,66.46137717344673,68.02981427623777,53.850907206424615,52.11999716773076,73.47828864448925,70.68969557237021,27.739794197182285
1164,1951.0756469188643,2103.4164447551357,0.7165150031491676,0.1486116242636692,-0.3050520950845256,49,0.0,0.015624753857016154,1.7168145110111026,-0.5868084385488288,1951.0756469188643,2103.4164447551357,879.9650834187185,0.0,0.0,7.555890280305173,-41.562099505732526,54.946717882962666,73.29196984855596,66.09494835821135,65.66227188207588,80.28656484339061,72.7452456963894,76.26507867405893,85.8613610095494,62.117912089795055,65.55913635553871,66.49901270046679,59.554078539028794,51.08078553869487
1165,841.8402087189943,2109.551793780901,0.3611409126000454,0.7770832596998096,0.9148280782014488,49,0.0,0.00881073702439343,1.0051277916548822,-0.005553203352270075,841.8402087189943,2109.551793780901,957.180757799053,0.0,0.0,8.173556350314534,-41.55893516834522,68.99198361218198,93.66833654580611,68.76547155851374,70.36880326017045,72.2310815452199,81.77250469005456,74.5695626531355,77.42968612331394,74.80007315499017,72.11927004972361,89.12447706397137,79.68210556446321,33.65740197750839
1166,724.3908641055722,2110.126446549375,0.7123206777272632,-0.38578690600176047,-0.6429329181464323,49,0.0,0.017353706164356334,1.6555031800764362,-0.5473250483262612,724.3908641055722,2110.126446549375,1044.3393734502151,0.0,0.0,8.238950901335379,-41.55843786209002,77.2078120892749,96.19301838272614,90.25515111145405,73.39518933623782,77.74076636525953,95.81381275629025,61.799567936987515,87.51221960695571,97.11796815316302,89.95455759526243,76.75403674985473,90.34706106357797,30.248212303171126
1167,2190.5838845015915,2110.308423999488,0.3602570525531437,-0.5513795752930488,-0.12867209319831266,49,0.0,0.009131471158492638,1.243386754548632,-0.23651559159779692,2190.5838845015915,2110.308423999488,880.2272039637464,0.0,0.0,7.422534710110933,-41.55892529771905,58.63967641832936,60.41893168760667,77.19760116489074,79.53672828237906,49.15785952629065,78.84184550615764,85.10630933888461,58.91735795105066,68.3242878736524,85.05332629978145,76.23556017420924,68.246654045067,34.55106569544692
1168,2663.8510712290613,2110.559202238958,0.6022594004025313,0.03976037266339307,-0.15974460112393116,49,0.0,0.2773433447938595,38.05628740952139,-3.9510660457811535,2663.8510712290613,2110.559202238958,6496.391510711952,0.0,0.0,7.15902031000089,-41.5577698307091,525.9766395429294,523.6540674638554,526.9378801830717,528.1630705786155,508.3897717190432,551.6493112661811,540.9841725738277,499.5766085830629,512.690564640154,526.6677338731906,530.690976534635,501.36533155998933,219.64538219339667
1169,947.7644240556316,2113.9168478409533,0.5949206412741119,0.21455354100353768,-0.03149509629462419,49,0.0,0.01959585566166093,2.6174088181630513,-1.044678903089816,947.7644240556316,2113.9168478409533,982.7241000166373,0.0,0.0,8.114566012498763,-41.55731725661066,73.5230515177327,63.86039858854758,94.7502817246104,75.1390858741074,76.76272018297959,75.97517122720868,73.06486776302575,89.01120622164217,81.09455457991817,79.98519101876497,92.51317011307411,66.62650037384442,40.41790083118137
1170,971.3603510208181,2115.9415312591905,0.5336928455526645,0.0007732855985388482,-0.13361826865363316,49,0.0,0.04831041172963952,7.350587653213209,-2.165805151909723,971.3603510208181,2115.9415312591905,1558.164235661182,0.0,0.0,8.101423144523665,-41.556514289552595,107.17497323372875,122.89597314636192,121.42969207010348,121.05062762988929,125.18113665761773,125.72337848721843,126.08513338522296,146.14130252633714,118.8407935388511,124.36275011888897,125.70756845936609,124.22436859804418,69.34653780955199
1171,2390.925131926579,2118.4283714910325,0.6914039384703137,0.2826578198877613,0.535854316893795,49,0.0,0.020994111385825347,2.055054264287481,-0.7820582350794564,2390.925131926579,2118.4283714910325,1160.346782406144,0.0,0.0,7.311005415653814,-41.55517066446561,70.051332007107,80.45215676068088,88.25258315445515,95.02629981754666,94.9470849328359,80.76754475551697,102.43062757784878,103.38862075685165,114.74417579836938,98.69090242252385,89.39061403140568,92.78022698954686,49.4246134014551
1172,1853.4704785942574,2119.669520601655,0.30552711758740014,-0.29077521897474345,-0.5842158592777346,49,0.0,0.008273200840560473,1.2604214772450462,-0.2512894870672285,1853.4704785942574,2119.669520601655,849.5985703227705,0.0,0.0,7.610257257461583,-41.5554066378741,66.97064588587122,66.40872012952215,73.08925775809001,54.60117778264574,56.16749697468384,83.92441944791942,54.018675826982545,71.97972210134819,68.94218957078677,90.65294043679303,76.62548604285891,57.64548411838273,28.572354246885894
1173,1037.5963756459691,2121.0782605654235,0.7055472530064456,0.12572308283723752,-0.035018447440630526,49,0.0,0.029842285754388603,3.846848934875243,-1.4627628299220579,1037.5963756459691,2121.0782605654235,1006.0496925337779,0.0,0.0,8.064532614440571,-41.554480088062036,67.76259110734418,92.64188708434844,88.61675769371986,85.6943712013955,62.91444540377173,65.39225037789359,82.50831328971302,89.56408784711914,81.52648701921001,76.97959378632498,75.45959652634905,106.74522776615652,30.24408343043194
1174,2521.9832531172265,2121.1112562521757,0.36467209560649977,0.23581262562359978,-0.42517695235815306,49,0.0,0.008004228551533118,1.213201549980536,-0.20983239122886738,2521.9832531172265,2121.1112562521757,779.4538924899338,0.0,0.0,7.238045167282625,-41.55375155964895,61.38307121442447,60.92397448923818,49.29362359895352,58.50698490343806,74.54808355863472,51.25111920436487,56.460050930359664,69.92663955306367,70.0565944653362,74.54573195697556,70.44847459977791,55.59827175770542,26.511272257661545
1175,696.3300775732808,2122.486363956861,0.5510943673075794,0.2985634558959206,0.2638255873565903,49,0.0,0.013446186645375335,1.7005585099272837,-0.5764789474807461,696.3300775732808,2122.486363956861,956.4657399777959,0.0,0.0,8.254534761479526,-41.55322107368824,77.11920275262592,84.22238394290366,78.99822561961005,58.25745550805879,64.91463613447964,89.44537880135653,78.00115243051548,83.93809856707126,60.33199220032622,82.34917055723503,78.26793014562351,81.91368228196532,38.706431036024526
1176,1598.5559509281748,2122.6063696050005,0.4163324751480012,0.2424411985354513,0.03818307861692641,49,0.0,0.008956515941550103,1.3262078647367077,-0.30652899764006947,1598.5559509281748,2122.6063696050005,774.6068564938821,0.0,0.0,7.7521942759826965,-41.554268906726925,53.96158823791029,55.520020541654816,59.1175758078427,73.48304732152656,67.47522722353352,59.017593114937014,50.48227709019817,60.71766289653279,61.65390233711358,69.02021371700647,55.65238069118908,75.98428811088837,32.52107940354867
1177,2062.448844487714,2123.693100909615,0.7440450107329374,-0.07055481650302664,-0.3595741420939422,49,0.0,0.022965903310605194,2.634106134901576,-1.0515831745460569,2062.448844487714,2123.693100909615,981.2809171991312,0.0,0.0,7.493905497907655,-41.55352954276917,62.71145264163174,78.52603322421542,70.46400488511095,71.1085157940864,74.02055113814015,90.27531320986722,79.85275107872069,80.74160908504338,94.50889670629097,66.55343693292184,87.55952330963432,81.44466310284307,43.51416609062507
1178,1301.286547620619,2126.242562478974,0.6365785135104389,0.1353055606841234,0.07786302828074589,49,0.0,0.03538412016133906,4.755842031503125,-1.6930685520061046,1301.286547620619,2126.242562478974,1196.7789446514612,0.0,0.0,7.9177074074041105,-41.55263362895304,87.14505062140896,85.55508251041584,78.93520136812667,102.60418141940164,118.6752766986063,97.01249204204845,82.62226004373007,122.86543760739937,108.93590361565359,86.35576758820173,98.82910965672554,89.21898427482293,38.02419720492007
1179,1055.093639821053,2127.135291870517,0.6372255090078522,0.2243477761712566,-0.0296025573030716,49,0.0,0.04063092740669383,5.372562981726597,-1.825453788401255,1055.093639821053,2127.135291870517,1295.3887014663874,0.0,0.0,8.054778539314324,-41.551982439749494,98.14070607665893,88.35640660674952,90.80813468412569,110.60298104823222,108.84405104822739,111.80093169581207,98.75602254119869,101.18218599662735,108.72897409295436,108.88153028645354,107.6190646079407,110.11798788147408,51.54972489993263
1180,2323.615559021434,2126.8435951135025,0.7361756524081545,-0.34962662947535106,-0.6783773497956657,49,0.0,0.01374836324846331,1.3466728214353478,-0.3231552381852165,2323.615559021434,2126.8435951135025,1087.9965874507775,0.0,0.0,7.348503832999081,-41.55180127209984,91.25879617559089,70.62926376123144,81.88764647738655,93.22784983739174,96.89899315115044,84.43147973164443,86.73566511568481,77.542896795617,103.48498231432964,97.92399972915835,90.15318934189696,82.19267802181614,31.629146997879026
1181,2736.1112633353264,2131.7663389436693,0.27428726048502605,-0.20876614147426656,0.20802438058039435,49,0.0,0.01096848536264007,1.3603236282278033,-0.3341056040751877,2736.1112633353264,2131.7663389436693,1169.3930229246494,0.0,0.0,7.1188745970816845,-41.54872078919436,105.29936440938795,88.49212465229868,83.2054155423842,82.84250280361454,71.61665772304582,95.44746318119186,103.45034757211332,100.4064706471068,85.4209126968922,111.20895296934934,109.15445939948037,94.32348382656866,38.52486750121561
1182,2175.9473576939017,2133.155692946905,0.3656968763954814,-0.17696139965024787,-0.6424908269875795,49,0.0,0.00917790426888944,1.4162042592158954,-0.37781474046913366,2175.9473576939017,2133.155692946905,818.9278606490366,0.0,0.0,7.430732002273702,-41.549428801507254,45.42489338749219,61.09490051858984,59.6187035564449,70.1478127705588,67.00752694531104,76.96844354923195,73.18798646714457,60.64479113273161,53.43430902317674,65.77288246859528,67.41823909811758,88.50135430818024,29.706017423461848
1183,2324.624633774318,2132.7250233507284,0.20058490114225797,0.18535951933479286,-0.35271056947098695,49,0.0,0.007350666076638498,1.3960396249990386,-0.3622443635441411,2324.624633774318,2132.7250233507284,1047.7944705983296,0.0,0.0,7.3479573794781246,-41.54934881323965,84.01796831712763,70.24790885603178,77.09638124179062,89.11508056680916,87.26412756960337,83.20532852494104,75.25248759493725,79.78268549688929,91.9395174469969,106.27660742480637,86.70674915045021,82.67422033228736,34.21540807565838
1184,1831.9297732678199,2135.593357948547,0.5330341220445793,0.184088994803144,-0.27907666399470177,49,0.0,0.009138261171114805,1.024461905094762,-0.026239534186290096,1831.9297732678199,2135.593357948547,873.0056853081726,0.0,0.0,7.622264415536676,-41.54878583316271,69.8075034219187,56.307873602378265,62.24986439312973,67.68142052219017,65.75872109401296,64.82167916987214,69.8052734053279,72.20794043914312,84.82116567550696,64.45981223151952,92.75718499391189,75.03768379000707,27.289562569254077
1185,1047.9812099751098,2136.644038586112,0.9495775306825472,0.09964321484926651,-0.24562832585402847,49,0.0,0.024016552013616032,2.3005520900588072,-0.9045801779718123,1047.9812099751098,2136.644038586112,940.2944289334819,0.0,0.0,8.058719527208593,-41.548010092566884,70.29607789404588,63.16285080098067,60.335672721433305,82.95460325170444,87.82493593277677,75.35012012224982,83.1554778345612,80.69752261187685,67.48489272560636,69.6341356848828,70.10075401334406,79.15556531705585,50.14182002296388
1186,981.6547470481224,2137.869138878966,0.6302105638223044,0.19448066957329835,-0.0035110477383187883,49,0.0,0.04756804698098569,6.493142871182817,-2.031137397326538,981.6547470481224,2137.869138878966,1416.5075168164758,0.0,0.0,8.09564235228363,-41.5473953401908,110.5329543888243,134.1072403631203,112.22419106010787,98.03899554784371,102.76990732612622,101.9486483362511,121.13085352538076,122.50966020539106,111.56906639823035,124.60705497482009,107.8522112324669,119.21577539336616,50.000958064546936
1187,2623.3391490378413,2139.653760516178,0.5131561900473414,0.1390940403247208,-0.2240790179421364,49,0.0,0.010833200667993963,1.3742890695775234,-0.34519523085945514,2623.3391490378413,2139.653760516178,827.2469785717628,0.0,0.0,7.181683758593402,-41.545761382521974,53.88083275386391,71.534202794458,67.90524737647968,73.9008050732177,60.61022270786327,65.39977008158937,57.66463771736386,65.74489352115775,74.66075032376588,56.699286941657405,78.55546533546166,66.02984851618392,34.66101542870054
1188,1744.004366533469,2142.138863236416,0.5733261041595333,-0.07910205828308009,0.6472188527592604,49,0.0,0.012678859323654278,1.7007474140557195,-0.5765995482477843,1744.004366533469,2142.138863236416,840.2698342584439,0.0,0.0,7.6712197704404845,-41.5461028467394,69.87442492421376,61.75508344449075,69.86052960224109,55.318438039094126,69.13138582496396,50.36775060276915,83.22338637891357,63.83954301152228,66.07264216840404,68.71370068193144,75.4611180683069,79.60693686803631,27.044894643556464
1189,1933.1106505465316,2141.3557820809947,0.7262575848145576,0.30410190057468356,0.2400557029314144,49,0.0,0.0109727044449661,1.133000233831235,-0.13557499873529055,1933.1106505465316,2141.3557820809947,810.2124724201685,0.0,0.0,7.565939682179148,-41.54630824611956,65.00621344458962,52.16496114603392,72.8590829960091,70.86970130342611,60.88142746710761,53.6634468002445,53.99893644084408,77.67279654236768,58.043654072348126,67.7277826442041,69.74908748065866,77.7374780876286,29.83790399470653
1190,2138.918647953839,2142.04791538122,0.31669258219430946,-0.36296959480803737,0.2450851134283402,49,0.0,0.007372143156516118,1.1539927256556872,-0.15550767799046067,2138.918647953839,2142.04791538122,823.4473743029151,0.0,0.0,7.451364570345032,-41.54577919543091,64.27717382290527,47.868933466657374,69.65339103831641,73.54312817312632,64.90506737918557,76.54293628520557,55.4153718255678,77.52200871819312,72.56803852954116,56.52378801510385,59.51324478517266,71.27920061395143,33.83509164998859
1191,2305.148314743563,2143.872931590215,0.7794739352233556,-0.4974586378880157,-0.41402925576616295,49,0.0,0.010917012346808237,1.1463231235827334,-0.1482676326669861,2305.148314743563,2143.872931590215,731.5570433642134,0.0,0.0,7.358828732377807,-41.544741394596194,61.41583507221796,57.68207936768732,60.28418704458569,81.16227391910576,66.5416164087751,56.24995968364048,48.708355666252245,59.57839836026334,41.072426479798125,51.18031008199573,63.35494637237226,59.78868850097249,24.537966406546953
1192,2366.750947493011,2145.974272254819,0.36855121921492506,0.4621510499617013,-0.4407675571358191,49,0.0,0.010038720406850164,1.5817400107191966,-0.4978377510186883,2366.750947493011,2145.974272254819,866.7850559027472,0.0,0.0,7.324541093366664,-41.54374423344028,82.34349894791251,59.287014559684536,60.21204179152397,57.5518541818592,75.40177096648026,72.24476991756495,61.14977830794733,66.61914294888754,82.19685694882565,65.32961253473478,73.57357057390274,80.98224609298241,29.892898130441257
1193,876.955037825537,2147.0188930198783,0.28988459413128104,0.01699004936511336,0.13096566939605228,49,0.0,0.00888205036478174,1.5839711836632029,-0.4993681910978656,876.955037825537,2147.0188930198783,958.9425213518872,0.0,0.0,8.15390631800813,-41.543394400334634,87.49649096620796,71.85902367861715,80.34757004077971,77.83918686335673,72.59875830463886,81.41412630618177,71.18261968009523,70.92411685407264,71.3058077512518,81.79645115907232,93.12384232936591,71.25970815184309,27.79481926640407
1194,1733.6663879225355,2147.3192006179656,0.5201666829031881,0.26148380535084226,-0.10675424091702758,49,0.0,0.010947044223685204,1.243645186740864,-0.23674123340314163,1733.6663879225355,2147.3192006179656,955.362881037232,0.0,0.0,7.676977632242666,-41.54394824843544,87.28647601018126,83.17037896636373,59.37722727973314,84.5984814937741,78.79979837549149,57.514566602323036,78.21855011399455,70.95834022101658,72.30091300917896,66.32121538700855,83.46410718715083,91.50579707539555,41.847029315620105
1195,2185.578886303257,2149.386619463327,0.5741067670474905,0.38227886311308357,-0.12181366254756391,49,0.0,0.1511637737553632,21.790597908817496,-3.3456728673707548,2185.578886303257,2149.386619463327,3683.419754636917,0.0,0.0,7.4254039917410894,-41.54265112172328,296.30707705244254,242.25110990229945,287.67593336681125,298.8516816002342,268.8438742283253,294.97302417149757,285.443411595741,313.67692811041763,317.0788584402054,312.91470448153694,323.3480089056226,286.67814901259567,155.37699376918707
1196,812.0647374771694,2150.4256898018916,0.36363490917558483,0.11821341161379001,0.12808408010035519,49,0.0,0.00960067165051085,1.413342167599106,-0.3756182912290539,812.0647374771694,2150.4256898018916,926.5054104791204,0.0,0.0,8.190019445530364,-41.54184326145732,63.903589040723716,65.75644226322761,56.524672670321394,77.47694024346433,60.63172677625636,76.98100837192607,68.92735486046297,99.22367235706339,68.61043317022799,68.10166350479608,90.46112300986026,88.9951398389976,40.91164437179265
1197,2794.0888960782863,2152.5240402261584,0.6794877921953831,0.1609659338155438,-0.24783883403694174,49,0.0,0.05896333231464348,7.383015653753961,-2.170584473078294,2794.0888960782863,2152.5240402261584,1745.0834156732622,0.0,0.0,7.086688377089457,-41.53989116181197,127.44002416410481,161.23528647323167,139.92000831001874,144.32577579223152,126.43849589030472,144.53345490874335,121.96064530871568,153.35676183420316,148.83799902921075,137.84853824999448,137.67451512744168,129.49195557933186,72.01995500572988
1198,878.8613135744177,2153.3227683285104,0.6141251754900341,-0.17274067811703683,-0.15283061817627475,49,0.0,0.009739661614299202,1.2101013208176978,-0.207054337422955,878.8613135744177,2153.3227683285104,919.5333341882487,0.0,0.0,8.152828746316802,-41.540771590571644,72.30160178196289,71.76812762050298,59.22435933024129,72.97118830531264,73.95386665216597,79.26929049367354,75.56012854702414,80.64612274284858,70.3622334486295,80.82816356688272,78.82216197596635,76.56923975929695,27.256849963741153
1199,937.7178684331113,2152.881409602082,0.624938469551132,0.21901331581702413,0.012236383275582503,49,0.0,0.016198858004496844,2.1129203927381566,-0.8122078367554604,937.7178684331113,2152.881409602082,862.7640262852126,0.0,0.0,8.120066880584707,-41.54106485413208,82.12880986823346,73.34131185617214,53.63977404330282,62.202087633784174,62.42156399407842,60.6529531777942,65.56683565295187,83.72957749718984,63.14712162565157,69.84240177654034,81.02196581555454,70.42566427164103,34.64395907231814
1200,1717.568193712167,2152.19432027071,0.8000769414117208,-0.2381108011093103,-0.15117157389193608,49,0.0,0.012495857072164364,1.2994911653435068,-0.28443332818510075,1717.568193712167,2152.19432027071,807.3924240272345,0.0,0.0,7.685941603496729,-41.54192239012217,57.242214402772575,69.15943319695471,58.9915152539393,58.78817774859547,68.60900888339941,82.15090463633416,60.94746235915475,59.18135757790223,63.361591636267164,57.30523647794401,71.62765666816642,77.44604058090808,22.58182460489626
1201,2619.4082559068597,2155.658866263017,0.4746577492099065,-0.12419295172607157,-0.01476593856922906,49,0.0,0.008978019527290519,1.2918155775291937,-0.2780012930905562,2619.4082559068597,2155.658866263017,737.978658517005,0.0,0.0,7.1839307522236275,-41.53910379656343,51.19777916901131,63.85775816954589,53.25022170644307,55.01395715465232,55.021266930704684,69.35259498076219,59.143106261252974,63.036526012693955,65.69306735584686,60.90403750125816,60.273236445513945,63.193002564824084,18.042104264495492
1202,1943.7374171656375,2157.6502802288182,0.37527169417390344,-0.023542882945788008,0.16191843482100463,49,0.0,0.009123768378442393,1.287322309811882,-0.2742182395377238,1943.7374171656375,2157.6502802288182,892.0242176757152,0.0,0.0,7.560043707207928,-41.539509375707034,71.08745326759015,70.76376486341266,67.4370389655891,78.58724376402556,71.79471896299806,63.59198725025873,77.30680770401723,68.81468149270387,80.23582827722129,64.0274599956866,63.056360166845906,86.34058017976636,28.98029278559972
1203,1141.117932910947,2162.9143351344915,0.49415110144735697,0.2711342477567178,0.0221094641720099,49,0.0,0.013438385363476543,1.7376700352738725,-0.5999182803036925,1141.117932910947,2162.9143351344915,883.367047449075,0.0,0.0,8.006824137428875,-41.53719095575218,83.77514228796687,72.45851499380476,73.3546456012508,75.2876941958271,66.75909438701127,85.6796541900612,53.13782900479845,53.79314328512952,83.48090442614192,78.96197294821796,67.34372475432683,58.097078508379525,31.237648866158825
1204,1789.5914633242405,2163.409899592918,0.4340658738032516,0.3699923995755028,-0.11632942895236663,49,0.0,0.017285208032494417,2.587753630476637,-1.0323073163733072,1789.5914633242405,2163.409899592918,1088.441936500178,0.0,0.0,7.645854962231238,-41.53721971709838,72.81912849748667,80.651132337673,83.0697440704327,96.60576425927316,83.47142205385,84.67961997017514,102.29001976107826,82.47353219736198,75.23712830920329,94.78397158781195,92.17958729245053,94.8147491972408,45.36613696614033
1205,2969.4020584977175,2162.6374058949077,0.49666883820645574,-0.34133251501181494,-0.5131279784544793,49,0.0,0.011761188402406069,1.5064311067764402,-0.4448731874662166,2969.4020584977175,2162.6374058949077,946.4166341437144,0.0,763.0342580608221,6.989159152923155,-41.535074768523174,56.05684204013723,75.70774701367719,74.83037299272124,76.28667517969345,65.89578553110015,84.28817009051585,78.9435396957961,105.63308232081398,71.46864345200704,77.11743879102113,86.90213508288394,64.03825899862748,29.24794295471954
1206,1030.265260828033,2165.1600839142857,0.7425676243367775,-0.5250547356836187,0.2912866528374357,49,0.0,0.014748226945424693,1.0324624570387018,-0.034685671408596,1030.265260828033,2165.1600839142857,1456.7436281604864,0.0,0.0,8.068523864614509,-41.5361020749536,114.8570917897874,126.82112707251954,134.20968602803276,92.17320160302454,108.01565682186018,116.0362606195755,124.56738946910734,117.43693716869765,103.50649649628053,138.0054939308348,122.41633167672195,102.23261601010275,56.465339473941214
1207,2078.9403135488583,2166.72348642036,0.7620215356020337,-0.05339523177550374,-0.1326370682596362,49,0.0,0.02202764905671832,2.3465401650616586,-0.9260699807686367,2078.9403135488583,2166.72348642036,1065.2929184811624,0.0,0.0,7.484797604302298,-41.53557986542108,88.08646518843625,72.2056085398618,77.81438238116328,82.76694830816407,107.9773150105996,96.12377648776756,53.86792552036388,93.50112014411403,89.40478379090547,88.71750270864149,89.2192961872602,85.16010558480644,40.44768862907834
1208,2544.5384574068094,2166.7205191761755,0.3975576727667191,-0.07891849167985986,-0.19349765948326786,49,0.0,0.010906831197820687,1.3325154000349024,-0.311680592298178,2544.5384574068094,2166.7205191761755,904.3273469850229,0.0,0.0,7.225642641231365,-41.53469229620721,75.09511196228343,71.29465327541847,78.54213504129962,78.31438090319853,76.63731791196534,66.81390491762636,51.03628935245022,63.226523079994934,80.40121229535933,68.80316558905672,92.01884102008268,67.4093331762034,34.734478460084034
1209,995.1707918168102,2172.4722566708183,0.3855935927266965,-0.004054177524645607,-0.07638182151572721,49,0.0,0.011463401382010399,1.6619557843689579,-0.551548663451741,995.1707918168102,2172.4722566708183,936.5394292031351,0.0,0.0,8.08804225609109,-41.533000073868486,74.2129705523674,71.51716978020703,60.20764773258913,78.51910347894471,64.631187607536,74.41381432559149,79.68495045128704,80.92795579314516,80.09906497019783,64.12989991524115,77.60113841189755,99.72060431928966,30.87392186484093
1210,1610.030486233997,2172.7921804644247,0.5460948894661852,0.4129182098597568,0.34201155988096876,49,0.0,0.010803704650135346,1.2089952572977125,-0.20606149298428547,1610.030486233997,2172.7921804644247,855.4576880517056,0.0,0.0,7.745807058538357,-41.533358366740934,72.86996649107274,69.60258876258692,72.4224519123749,69.13898767169577,65.05134476779898,67.66199443036587,73.67181753393965,57.589731921087164,75.40192069374717,62.332905584155924,60.728949826480275,77.30758335806232,31.677445098338016
1211,1894.0753401432667,2172.8596588594596,0.6300726209298635,0.05488950117296946,-0.09764272842778986,49,0.0,0.05363597147012107,6.792072677090323,-2.0800058108350363,1894.0753401432667,2172.8596588594596,1766.5017705035327,0.0,0.0,7.587704752703835,-41.53321471607099,122.60888020047787,135.39196439143007,147.01682962727347,145.55749683415763,147.33324860263403,149.0130017165311,117.26675960412669,139.70023233448427,161.91612148604565,137.17646124377308,139.73045393137744,148.43736912896412,75.35295140225735
1212,856.7554594929285,2173.631706020817,0.9640476914343518,0.0701974923888809,-0.13513223193173698,49,0.0,0.015995319278890988,1.4534326976735505,-0.40598731557447176,856.7554594929285,2173.631706020817,841.7502408710429,0.0,0.0,8.165079647057,-41.53226641631116,57.71441711838395,71.43224478796505,71.66457482563874,80.2188780485181,52.82806651895335,74.7310509754761,52.87824562230453,60.950068058112194,60.65968007243479,72.86271106952357,75.76811413661972,68.58741213219892,41.454777504913906
1213,1675.4678337223297,2174.0545600180944,0.620246655812686,-0.1930044602242839,-0.24771830420220636,49,0.0,0.06732222678384815,8.171347121151165,-2.280734149609669,1675.4678337223297,2174.0545600180944,2483.912062165891,0.0,0.0,7.7093841833428405,-41.53282496444553,167.81702914417275,214.6874192023219,194.65403848426766,217.8982178387395,214.2672700191107,199.578734895865,182.56166637809434,197.51309838145136,192.6574382296283,185.7388911463851,194.88790889032194,227.30849803813305,94.34185151739922
1214,2534.548683803802,2175.4532030624077,0.4771253447046252,0.08659536218167721,0.31752867040669647,49,0.0,0.0081644989739504,1.0178099596299683,-0.019166740707441315,2534.548683803802,2175.4532030624077,806.7246150926529,0.0,0.0,7.231232206735836,-41.531079068158256,56.96286112631374,52.697985211829106,65.79781626080063,63.94712891784926,76.80619550281861,60.095457833467805,66.7468834703437,63.86097203864076,65.44213300702381,66.09905789419375,70.35567998260808,71.98682027164188,25.92562357512178
1215,1231.3125701230742,2176.6390016114406,0.816670726118106,-0.43498001759193083,-0.13666360564586366,49,0.0,0.019626632690971653,2.153807717080282,-0.8330173217567145,1231.3125701230742,2176.6390016114406,845.3043698296715,0.0,0.0,7.956600059858024,-41.53157277956055,69.72357205609453,65.10046202584682,57.91981690198274,70.14416522140806,79.33522811117064,86.50876910792927,57.35576368682957,58.09874248507174,54.917721952623964,69.33790664024085,73.01663471171898,69.47724135312879,34.36834557562554
1216,2641.9314376151406,2178.2026225741715,0.7345357180093487,-0.2872190949618841,-0.1935111120241624,49,0.0,0.012644850775031368,1.0729126518808636,-0.07641091640071039,2641.9314376151406,2178.2026225741715,1082.5862511726014,0.0,0.0,7.171478509957235,-41.52964892419953,84.42340811028029,95.0711035587432,72.91545619157185,83.1504335385226,74.66164661829308,83.7276557438447,87.53718134688424,81.78667671443085,91.54483618960026,103.79180205055127,97.13486636478362,86.0206682058685,40.82051653922715
1217,1414.5974382070629,2177.9167859020104,0.5011446249580296,0.6587496861835404,-0.04548106641330149,49,0.0,0.011330422279580296,1.5163043725231042,-0.45196596834423153,1414.5974382070629,2177.9167859020104,853.0126810256166,0.0,0.0,7.854583925815398,-41.53117689989813,76.9848401298432,70.93264017604963,75.08012425822155,70.71765518179227,55.359011987756666,63.470738081678434,78.65346868673026,70.76017061284973,73.91542388876186,55.52330126673034,63.32216405253216,71.64536820655181,26.647774496118593
1218,1813.9417659362755,2177.869564547583,0.9645480698458297,0.20794182735206757,0.16540866155870626,49,0.0,0.015361791305914021,1.3766504877650745,-0.347059232446617,1813.9417659362755,2177.869564547583,778.4533978883608,0.0,0.0,7.632311634176416,-41.53118181801849,59.29883483198,62.957990414213114,60.84685539614602,55.39998812474617,59.70302124418632,55.64422888586785,59.93113638694607,78.53688730525855,70.20407664780925,64.64941980496683,73.70950035114991,51.49049221047211,26.08096628461856
1219,832.607288248503,2178.8658176989493,0.35370441787078544,-0.2034602861871565,-0.16798574107481695,49,0.0,0.007968143993466794,1.121272484007952,-0.12427791177514755,832.607288248503,2178.8658176989493,859.2415157654252,0.0,0.0,8.178505538621886,-41.530036653562036,66.36309718634125,79.9563730178137,72.19758888486871,59.828402540250586,61.76105877132078,70.91194896955368,66.38930705426606,67.98836244083718,73.84474952434124,69.8182041901394,68.4872910837625,70.89018453642396,30.804947565506144
1220,1073.2947445203142,2185.6318075551694,0.8238753485214985,0.5530758379856671,0.15644550998173773,49,0.0,0.01745237289848316,1.8312842712882722,-0.6568894132790628,1073.2947445203142,2185.6318075551694,880.7889526306544,0.0,0.0,8.04453375340897,-41.52763582651972,61.72283051202194,88.11108607209235,86.01986484007891,62.79631999461705,69.41066700075768,63.318849771702816,44.35142655388159,90.4758844811389,74.16225661425997,72.64889105575833,69.9313488528586,63.23961203006036,34.59991485142602
1221,1943.4622796168364,2187.0222304317485,0.8268954984724324,-0.7092568684943384,0.12442399892481067,49,0.0,0.010925692083179943,1.0724471516730443,-0.07593975027179695,1943.4622796168364,2187.0222304317485,793.0879244338495,0.0,0.0,7.560233151651655,-41.527271596423475,78.84984027663361,59.76633367077924,73.29754643923457,74.70239041892859,59.604985339347095,71.94956329148944,63.023051093077186,50.28055129288998,50.842653094463344,60.163952361065554,59.98722966473407,72.66052111304705,17.95930637815968
1222,964.5303377715203,2188.0758478182884,0.35227766737963545,-0.2655111779892405,-0.12669518867384036,49,0.0,0.009691717518009976,1.4922436399197399,-0.43459934141112655,964.5303377715203,2188.0758478182884,865.3248899656734,0.0,0.0,8.105060779600716,-41.52644777990276,70.49213346160629,81.73585725001635,77.00529140811369,79.33595381570717,71.63824355879123,50.71281851074802,71.91156974684603,57.81213512117219,73.08504010462195,55.548652853516415,63.722410273779985,79.51920602812703,32.805577832626994
1223,1797.5778098801632,2190.1097603305366,0.435710707765317,-0.07898530797670805,-0.057466269150502514,49,0.0,0.021683443216219546,3.0706048560146817,-1.2180598310020558,1797.5778098801632,2190.1097603305366,1470.4924921870333,0.0,0.0,7.641428363756195,-41.52609085177355,114.1787520588225,108.90272140040202,108.87105999643488,113.81511075674841,105.39802453480071,123.8864872455828,87.57675056627704,147.79318936375196,145.0098832023944,106.12445230335848,127.04306133152892,127.93044706050273,53.96255236642847
1224,2354.70318490824,2190.5943018393673,0.5933808280815774,0.32639719943309864,-0.10166038360685452,49,0.0,0.34077974790299714,50.70071112109268,-4.262535126824496,2354.70318490824,2190.5943018393673,6653.081020730577,0.0,0.0,7.3313690457050615,-41.525177962799276,487.42454969429116,540.6717460215941,516.2292808619968,495.21986695412454,549.0643968965335,587.9826005331638,527.7258417836456,537.3997159585981,541.9533131549172,537.496622860702,528.7196045099529,561.2003719469244,241.99310955413233
1225,2928.9031340769598,2193.644889172319,0.3474939032578704,-0.002806049855779826,-0.01077880583162229,49,0.0,0.007230471858498887,1.031951974836618,-0.03414871622031021,2928.9031340769598,2193.644889172319,822.2889598939042,0.0,432.12781161772006,7.011847298667343,-41.52230287867825,58.13816552378831,59.53680319147678,72.5989765341286,60.31526497984911,74.89109859473444,64.3099039417012,64.7811590644344,67.78133738644426,65.45787676927972,69.69825946249428,68.84664475945634,72.03665678663845,23.89681289947835
1226,1948.689382782056,2195.5034172707824,0.5088607136768966,-0.2757881509008292,-0.39207516336219667,49,0.0,0.01815596604528797,2.6009280673868944,-1.0378208532223514,1948.689382782056,2195.5034172707824,977.150573197045,0.0,0.0,7.557334617928964,-41.52373300708843,76.38513615443944,74.74239111982277,59.36546256646075,69.48897779019613,69.37584547300628,76.30965708952428,100.22977497693668,77.86634809883103,82.64546791400522,87.07898535768935,86.4049402644705,94.2736301638725,22.983956227790166
1227,2430.8492348973996,2195.450126541701,0.7977979448456141,0.46753026252893526,-0.19202929970569918,49,0.0,0.012744297278369506,1.2282323237237769,-0.22320130660606716,2430.8492348973996,2195.450126541701,791.171822488149,0.0,0.0,7.289007141665738,-41.522992942943674,59.911467793044494,65.29337353333153,67.1089381122007,59.95652933665711,52.28530474580627,73.50414442541276,69.06631250253491,60.89258075601862,62.28262908137591,68.2125013970072,60.79584537681248,62.6175323900197,29.244663037927374
1228,1798.953789209535,2199.277525279718,0.5044367449145323,-0.23312992348563302,-0.1376055522371092,49,0.0,0.03872897273227445,5.916765638364385,-1.93021091829948,1798.953789209535,2199.277525279718,1624.5534425769256,0.0,0.0,7.640669117415903,-41.522270298007044,126.97361207663235,137.91752733267407,124.51576205822583,144.28610128499167,130.42072049875387,123.69107200424892,119.32213459325826,132.11610467354132,135.6992914221708,118.42673145005507,133.5569963561613,143.04826110339644,54.579127722815784
1229,1094.2340823838886,2201.094216845939,0.5385364119019821,0.21332466457024785,0.024831579920944407,49,0.0,0.01162799226785908,1.3637203882119848,-0.3368133336000578,1094.2340823838886,2201.094216845939,879.8306701910813,0.0,0.0,8.032851735356834,-41.52122238771182,68.86522174133421,74.92764899656163,90.36329781223544,47.692071638188835,78.34332004390325,73.86416167827622,65.60846407831968,59.833134697780196,77.05285318351454,58.94397461677188,77.33683596619709,80.20998549215062,26.789700245847587
1230,1463.2647078554496,2202.2319534334833,0.5461645398567916,-0.2780689254294462,0.06398124399011135,49,0.0,0.008748213000897518,1.1366478755339882,-0.13906486137265547,1463.2647078554496,2202.2319534334833,722.26017455057,0.0,0.0,7.8274840798403975,-41.52106687752169,52.63752469515542,65.90549842714313,52.34097698304214,45.00138689178221,70.62820995668713,52.97470643313632,67.02449133393377,51.08119317293575,51.3175463601508,58.875812454091445,64.2131859048485,64.6226738198914,25.636968117772046
1231,2136.960606334206,2208.2733197702155,0.8817845005581547,0.0446524469106238,0.2217655262797738,49,0.0,0.012801433668013755,1.184354675814986,-0.18370444744308467,2136.960606334206,2208.2733197702155,743.5733511797728,0.0,0.0,7.4525825955700356,-41.51818896116775,44.05259805949375,49.41188358552506,60.018042696448646,47.596768507956185,76.45177903649576,66.51382475735227,42.82424140760331,59.821529285194316,71.85561539736877,69.40114192894049,57.79059326371678,65.34958133561068,32.48575191806673
1232,601.595985025243,2208.8896688608643,0.4513511701381555,0.1413929495807182,-0.679966060224939,49,0.0,0.016543843795831185,1.9939475619525684,-0.7492843319625437,601.595985025243,2208.8896688608643,1255.6351006495809,0.0,0.0,8.30696667024591,-41.51697991677539,97.31216747251008,96.79507840956192,87.8481064965276,99.23277307640757,87.06119283625353,89.95010944785142,104.39445218202238,109.93061484113218,94.01509382919562,102.89796146435106,117.3529520090749,119.67062958748977,49.17396899720286
1233,2428.7178874200868,2210.777164768191,0.26228261079195775,-0.17523250794263137,-0.08186483860392775,49,0.0,0.0071993688346334165,1.1845143926732993,-0.18385085517675845,2428.7178874200868,2210.777164768191,773.957685940479,0.0,0.0,7.29023893029183,-41.51661174903435,52.72813615688006,72.8752670408113,69.54424094375531,59.43446011111854,48.967436494044975,74.24924731942288,61.30917532415782,57.300962768773964,66.35735593410556,56.43690297712823,64.22666406968106,67.12688788245806,23.400948918141268
1234,1831.7665295694187,2211.6758811407904,0.5134907679246067,0.39962141171734383,0.09922179419782283,49,0.0,0.0198559532446787,2.7604940115543646,-1.1024670233637166,1831.7665295694187,2211.6758811407904,1034.3231406882774,0.0,0.0,7.622418680900076,-41.517085515087814,77.31751904332108,93.12598033010909,76.97183591761674,83.17780405517402,67.36275177029756,70.94999224610368,71.53088269555431,83.38947555676143,93.28634481876072,89.66333951587566,84.53588396247673,95.83737500660223,47.173955769624044
1235,326.48518306832267,2212.9685284877946,0.588636087390619,-0.4524280654192913,0.3160176073413382,49,0.0,0.022752579114438346,3.494893219260278,-1.3585847778190767,326.48518306832267,2212.9685284877946,1510.0340404550366,0.0,828.9931210302314,8.460023476931603,-41.51444198627506,126.3771128062559,282.87002192039836,105.3810244821347,127.17161167387519,93.46305855804627,87.78519076377613,174.7118807574334,70.75678015390133,113.44423074882124,88.27384695689877,104.53525497976554,74.21755619518218,61.04647045854754
1236,750.5344267845477,2212.906784664504,0.29606158992761683,0.018004194889498393,0.041919835981101515,49,0.0,0.007134964829135519,1.2212700142828707,-0.2170292351054795,750.5344267845477,2212.906784664504,777.0876235215794,0.0,0.0,8.224079486959946,-41.51567550962938,65.4979030165323,57.74556736709508,55.04555413371196,51.687985852268724,83.94559136428687,53.716972088075366,65.23191076865933,72.87928785793662,67.22495925687798,53.3109359698454,59.43416338398929,68.61236843894761,22.75442402335278
1237,1572.5890026933027,2220.185037185833,0.6033491473063556,-0.024304001986204776,-0.022356842898390294,49,0.0,0.03157589090919044,3.985137347488058,-1.501108234799745,1572.5890026933027,2220.185037185833,1323.609964283161,0.0,0.0,7.766642679809997,-41.513610791450446,87.2911466092159,114.15479264441866,97.89626192353269,102.01180247785143,103.58619713368442,98.28691019638356,112.6452509707355,107.2701708956397,113.91771480559996,109.74883581430163,101.91335947417153,118.63785070846603,56.24967062915985
1238,2288.730222170831,2221.2183321018483,0.5422027020214627,0.14040314719159544,0.06965225653273116,49,0.0,0.011875988377860676,1.4374784573377086,-0.3940033622224942,2288.730222170831,2221.2183321018483,987.0365787653022,0.0,0.0,7.3681602507442525,-41.51254614557534,74.62618229651297,74.33125806796392,92.24778031555996,76.49687444333958,67.76644204594999,69.6721615752358,75.06880605523494,90.63662449151084,77.5608631074031,80.19733416523755,82.35967077522288,75.64254604566335,50.43003538046734
1239,518.7052545777104,2221.9572768969037,0.476606192195004,0.4158889924635005,0.36778478230736467,49,0.0,0.029723241951428434,3.1371259056513865,-1.2413298726388118,518.7052545777104,2221.9572768969037,2100.9163251473274,0.0,0.0,8.35303828335849,-41.51130419237687,177.65721301905162,162.58992369460498,167.4266264380034,175.22054893009943,175.07521018877242,148.9729743794857,152.94190322850727,171.52731926039465,163.87148013761092,179.56258497040554,171.56301164823424,179.16481005457138,75.34271919758585
1240,418.12087147827555,2223.2970628580265,0.4218328756838576,0.427785624203883,-0.2525586991168984,49,0.0,0.037697784037049965,5.2414636862787205,-1.7986314531987344,418.12087147827555,2223.2970628580265,1949.3949025100178,0.0,11.178687286581,8.408994495475223,-41.510440641215745,151.3802385393131,159.88298517245465,153.99254547109268,154.71023858707866,164.59049930027976,156.61456253588216,135.74746736315075,140.27708862016232,173.94349692243608,172.41869471767967,162.3396699977581,156.98484571939213,66.51256956333782
1241,2067.701196578204,2222.72480872134,0.8345187917107554,0.48853110507769254,-0.10578736372673969,49,0.0,0.01373842290785499,1.3191826993416444,-0.30076236760213604,2067.701196578204,2222.72480872134,821.0871587202098,0.0,0.0,7.491147765435059,-41.51226092186862,58.38044238992755,54.29883279502687,59.064707590286474,79.30653138660966,76.76968192357916,57.949684448703366,61.66703604987843,60.72347741004231,56.71099705506583,68.94613618296988,69.20196838051439,83.34564067653548,34.72202243107047
1242,966.3261175356183,2229.2345786666524,0.4348987980591568,-0.40856541913995637,-0.193308803574896,49,0.0,0.009737755560573604,1.4389550343896496,-0.3951180574239216,966.3261175356183,2229.2345786666524,894.9191806767111,0.0,0.0,8.103967387565863,-41.50930203102836,85.72588360877877,69.0338269889592,79.16791228593813,67.85484568760191,71.74497538282344,65.58846995311133,77.74643009431463,77.71564240373544,70.48662104022436,65.53796190390341,66.30985486580504,60.31893974230519,37.6878167192103
1243,1342.1626247811757,2230.000968272894,0.5655268796933295,0.11298265794295528,-0.048369477728515284,49,0.0,0.07486004892485579,11.472293260129005,-2.649125600261008,1342.1626247811757,2230.000968272894,1874.2156744356907,25.919163755020357,0.0,7.894852048976768,-41.50943246578258,162.67056557123544,166.19913218055353,170.5130452813499,175.78846243606185,129.52083044004823,133.39596967808006,142.61844310354434,144.6530219834811,145.5323347745378,141.50776217870512,144.22208106350644,150.74302063525715,66.85100510932973
1244,1683.3957722555579,2232.225958674751,0.5707903744293001,0.20272314604701241,-0.05551642045192494,49,0.0,1.0530223408286579,156.82018634510248,-5.488504913951703,1683.3957722555579,2232.225958674751,21159.6764179119,0.0,0.0,7.704988798433532,-41.5085856759856,1582.9566077205866,1603.3303944666316,1715.3257469878417,1707.1584136898405,1715.0240845647081,1719.0963442333768,1755.1530764170755,1818.380016055413,1715.8856469547695,1716.5723046381283,1758.047304294159,1656.4371231208956,696.3093547684743
1245,2002.0120599566587,2232.566968690357,0.5956580581469837,0.245302464475852,-0.01363269680468189,49,0.0,0.043695356500471016,6.145706060705162,-1.9714294620159527,2002.0120599566587,2232.566968690357,1410.6182977201056,0.0,0.0,7.527712899295719,-41.5082366590169,111.38518236915405,114.17919941931467,105.59298218138221,107.80048013095214,102.13989429671386,118.07619218674455,110.64519698438957,104.33393741930774,130.16300299543573,130.01029145474212,120.74064137063279,128.9969881146182,26.554308796718093
1246,413.3418576109307,2235.3144136662568,0.562652201567655,0.26849182694921536,0.10489587369746375,49,0.0,0.010128408142775196,1.109200063603451,-0.11252471452255455,413.3418576109307,2235.3144136662568,983.8561104530419,0.0,125.03313480083153,8.411601985531059,-41.50541866779233,75.13103785839843,78.7725546210788,73.68083501873983,91.96719329463897,97.71999852928546,74.41916506146927,68.59399411773225,76.97606308158258,72.96527047514056,84.72251520760253,64.7330758014277,89.49708225882495,34.67732512712057
1247,1171.223739652853,2236.4973675597075,0.3456965314012789,-0.03696919465700214,-0.6108260924209614,49,0.0,0.007555199155782899,1.0003265790023126,-0.00035452076015689266,1171.223739652853,2236.4973675597075,817.6978002837121,0.0,0.0,7.989952378401474,-41.506568116105825,57.289867596870124,83.453463173018,62.134168229541324,54.81060657750608,70.04900850766424,52.36550048025857,53.731242652720574,72.22236335838289,71.38107056053475,62.441531214201305,74.72741603816795,78.87036602483967,24.221195870006706
1248,2375.428684912019,2236.414400347272,0.7097652945853451,0.1629547891714649,-0.07271370907224085,49,0.0,0.0217038537414461,2.7319720648892374,-1.0911906356510415,2375.428684912019,2236.414400347272,941.2262907416971,0.0,0.0,7.319962774428409,-41.506044662358214,83.09337829403611,74.95061650324342,68.44518239767578,68.46507628584021,73.30380999156023,67.08764497763022,85.82280776002658,73.84148162334185,83.34738933623007,62.50402915513921,80.28610892850315,80.53703888765162,39.54172660081855
1249,505.28826931841985,2238.0800452139297,0.4127079386276061,0.39205660324922553,-0.009966065503952183,49,0.0,0.015399020689540941,1.436395164426676,-0.3931848360488551,505.28826931841985,2238.0800452139297,1456.2961373303774,0.0,0.0,8.360439578524113,-41.50454773093503,100.73463737253421,112.97191638648513,116.75521771484718,121.5351656999697,123.05044724784844,127.80175213845231,111.02940826945186,117.51126483328764,110.11170340296607,119.5105490701084,129.06946477105402,116.05268106124066,50.16192936213149
1250,1412.839099451933,2239.010078877341,0.4344410596692661,0.03232396650675548,-0.041855591140631296,49,0.0,0.03024917690479407,5.1898607720811505,-1.7878892680662637,1412.839099451933,2239.010078877341,1264.943318393987,0.0,0.0,7.855521323755508,-41.505721020232215,91.11347712223787,88.00578007452273,105.3420554365774,93.50629909148037,96.6261770422522,100.55876356067928,99.61106078617934,102.6091530564413,83.16586223255823,117.36251739832622,121.32810770920406,108.05053901387375,57.66352586965435
1251,2226.544753973347,2239.8327670134627,0.49755593082066496,0.3309542511319244,-0.2996670183099022,49,0.0,0.013740476523435425,1.9429649326791798,-0.7211624059238508,2226.544753973347,2239.8327670134627,844.2953289993923,0.0,0.0,7.4028031290824,-41.50490003065797,77.71998504415286,67.37563767769838,73.8156654276957,76.07983376818635,49.86698212933466,64.6869361778067,66.298051001038,63.896802391914804,65.11292348826126,65.53766153739934,75.28681943727508,65.2990877568752,33.31894316175391
1252,1860.7955601236822,2240.6996243907574,0.6521225902383844,0.6188786114437885,-0.5329931822243404,49,0.0,0.012681246174433707,1.3393642515947264,-0.31724675796087765,1860.7955601236822,2240.6996243907574,870.2741374091149,0.0,0.0,7.606292121130721,-41.50497344002395,58.75881759907435,69.5119693693833,60.01870767406101,56.90035494564075,83.78565805968718,70.27584855970025,58.70758855744399,87.06476156616897,80.25021351165684,68.92221838324421,79.09322468122244,53.4990773757134,43.48569712611824
1253,1098.6627816336475,2241.5522682288597,0.6667686346518762,0.13373065389010325,-0.032519307138002496,49,0.0,0.010730991434443242,1.2298497121768552,-0.22463010957394602,1098.6627816336475,2241.5522682288597,821.3220795445014,0.0,0.0,8.030314089368494,-41.504371399708425,60.411676580403764,73.69695402794707,61.9089889216985,56.51585262640972,68.88038007776422,56.90213384112931,79.00879252427937,72.53991494769369,70.36506075878168,67.73509200833641,64.55597749423382,62.93971987797838,25.86153585784539
1254,777.2831954916378,2249.8897284462428,0.5319708532213646,0.17559928799995445,-0.10452166816087831,49,0.0,0.010226556444303994,1.1881417733251776,-0.1871706632695054,777.2831954916378,2249.8897284462428,940.424625463564,0.0,0.0,8.20908606580547,-41.50032678872897,69.98473323190564,65.39921330956956,75.58456975666803,60.23684608303748,85.71548468903315,86.88487642853254,69.78076308576664,89.28656542552233,84.02017268839185,74.08355946678574,74.6086570845698,79.22493743335592,25.61424678042534
1255,1927.9571829724982,2251.3322376780766,0.3883138761578957,-0.016304116819467536,0.12831990646235766,49,0.0,0.011908804189893282,1.5670483306772136,-0.4877059778063442,1927.9571829724982,2251.3322376780766,995.8536762022063,0.0,0.0,7.56893840193267,-41.500490385411226,61.40335030130563,71.71598495176679,84.54050722125767,68.22350511395464,77.21725565332237,77.85427174905008,84.84689440092006,81.35466352796979,82.46962504429986,93.62826087433939,95.11774045487849,84.30228275198183,33.1793341571598
1256,2880.783851546778,2252.468427599942,0.4945422038843324,0.3438857599699597,-0.25973829929772413,49,0.0,0.17657509545934105,24.68259238926608,-3.4809769282355782,2880.783851546778,2252.468427599942,5930.176516064807,0.0,1815.5570926332173,7.038894228603175,-41.497963848250635,447.71943440517475,476.24975719861806,485.3389995632393,488.7982931354424,428.2248665161744,481.0630836992659,447.2578078988819,510.7175059869238,521.3259918525607,469.0929710129458,485.3090542220437,479.74950854776273,209.32924202577402
1257,1194.9779055107006,2254.594543243549,0.845265772047221,-0.32591618545053974,-0.7068981022845217,49,0.0,0.012424456880949421,1.1420955386496896,-0.14425608764865014,1194.9779055107006,2254.594543243549,796.4429848517149,0.0,0.0,7.976709776385345,-41.499054436220554,55.585319147985224,72.71299527833092,72.7781680422745,58.37288870618865,74.74898258996014,39.60574287983566,62.283606022757354,57.828175256436424,77.57535435184909,60.812285363172045,77.2805523818076,62.11564785846231,24.743266972654915
1258,330.6009462559416,2262.510065798792,0.5756918656436452,0.4794130375808748,-0.042274263194475165,49,0.0,0.00938302015524367,1.249820541499181,-0.24211914565651144,330.6009462559416,2262.510065798792,1212.095734589132,0.0,465.7194772166664,8.457507140016133,-41.493815738883356,106.76678920460661,75.42608873086233,81.236288262472,60.798900973339855,135.60737842848354,62.76711719145562,109.31307543609645,65.78279266691796,84.75878230322049,103.55990883473703,197.8322866222339,107.33531343428038,20.91101250042574
1259,983.4545852260375,2261.660781314486,0.934008129524277,0.21737842708266764,0.025856358609564253,49,0.0,0.014464399478097899,1.291090977714808,-0.27739211559516375,983.4545852260375,2261.660781314486,867.5168796099747,0.0,0.0,8.094365303511823,-41.49582038904617,63.38232835506231,68.62373581901794,61.33833148622226,69.58735965882677,78.43552194428003,62.20442776214653,67.9841185446357,70.91072460567247,83.05950654134148,71.66934777567863,65.51600503289283,76.06426577565472,28.74120630854311
1260,2350.737618937709,2263.5658104011673,0.444935470603741,-0.01914449912368946,0.028196461798843633,49,0.0,0.008130516711504122,1.1869762398442065,-0.18610506400857513,2350.737618937709,2263.5658104011673,708.0767504855955,0.0,0.0,7.333773011561025,-41.49478261358728,69.5306871495541,51.16016416392455,58.38800680903961,59.32883448111173,57.512427260399434,66.86796229727688,41.8829189033016,50.78524234421685,49.08684403981354,63.97329604680927,45.29173923335226,60.93921811229701,33.32940964449873
1261,2407.37930478784,2265.0812456184453,0.6019626004821883,0.5642818579279293,0.0703974852260113,49,0.0,0.009872491811796716,1.205321922307118,-0.2027576388737532,2407.37930478784,2265.0812456184453,783.0697125622028,0.0,0.0,7.302270270558792,-41.49403302497232,46.487678917488964,65.68020899993164,62.62769525112995,73.1206688264451,53.214533836376845,59.09412576002798,62.84630408849796,70.05738449557026,75.4453345029792,65.83558918132859,59.356991855145935,59.72924429139509,29.57395255588517
1262,549.4888333069167,2265.580659444537,0.5575358834021886,0.017351207453297143,-0.21264084320778964,49,0.0,0.01942177955526033,2.3056457555740573,-0.9069814553395948,549.4888333069167,2265.580659444537,1127.8865709787315,0.0,0.0,8.335746070104564,-41.493217164071005,86.59852577524352,96.1648371271752,77.88081106784318,88.49773407023716,77.66091035615617,98.09681953460037,90.39343679826517,91.37692481458478,89.43427651224769,103.36184966998887,97.04331540332565,93.48886115911598,37.888268689947765
1263,762.9180200824574,2269.0624614623653,0.6484324017838997,0.10352355749611819,-0.10879858723813193,49,0.0,0.42665441074682253,59.13063396508465,-4.429531338207303,762.9180200824574,2269.0624614623653,7958.73552379815,0.0,0.0,8.217019612370128,-41.49230662163709,615.6210051202273,670.3547732509556,620.4568034947233,623.7566960200187,653.1076725680186,611.7387684130244,647.8946222161162,650.360973277076,667.7957686626758,614.3867215642342,655.9964125866029,655.4282656552805,271.8370409691956
1264,732.4307765537947,2270.1989685440944,0.9912352327237478,0.19045751351110585,-0.34472060137607313,49,0.0,0.019715749580553003,1.7279359779979349,-0.5938191183356246,732.4307765537947,2270.1989685440944,976.4152740829135,0.0,0.0,8.233973905286122,-41.491763426967154,64.03834878923954,77.7405071090732,82.3852520999165,72.51324740138496,72.29650214467773,85.10595556484799,52.63164398317649,71.41914385910115,96.5342938711164,84.75511951358072,98.12798195523345,85.05183553280912,33.81544225875621
1265,1595.1570260263993,2270.3182194842384,0.6266240370956919,0.35185346567653425,-0.04438823410968053,49,0.0,0.012302270938088573,1.4302244578754308,-0.38851050129736137,1595.1570260263993,2270.3182194842384,846.4651309654394,0.0,0.0,7.754083931527392,-41.49272343137046,57.939337679610354,64.0051914233261,74.17278927871355,45.12537703356665,76.15754650299846,74.20280784327844,70.51793778656611,72.53610956065738,72.46013074296124,64.35798136835822,71.54673853181833,66.13624678853648,37.306936425048114
1266,2325.524031119283,2271.6003520499576,0.942354463739208,0.6039485339627385,0.09954304183480205,49,0.0,0.01535719078187181,1.400935880791849,-0.366045646466528,2325.524031119283,2271.6003520499576,795.5230565936201,0.0,0.0,7.34781919897306,-41.49148489656705,57.991792679547764,75.07635919099494,53.921602404657364,60.04106464387773,49.37838501167683,59.35433357135053,67.43532056459644,68.29141255724332,63.8808742141982,78.26037676870762,52.16893763928503,70.60210443259614,39.12049291488822
1267,2152.960341734745,2274.3000311405676,0.4924853758673123,0.3224198418633396,-0.1180978979664737,49,0.0,0.025311659683666554,3.8138172765946665,-1.453399704425974,2152.960341734745,2274.3000311405676,1166.2848918917196,0.0,0.0,7.443810518600152,-41.49065545993667,79.84274622037424,103.73096146151488,108.80791617868188,88.14429902328295,81.62886909903412,99.04670172487477,75.8673373438917,101.76064106375512,92.16445046598727,88.2386123672087,85.09461192359822,100.48111791197726,61.47662710753845
1268,588.3998331817581,2274.9440929649636,0.24596368918286177,0.858970909964796,0.14273357952767743,49,0.0,0.007248334065751193,1.0564568214563879,-0.05962937915366607,588.3998331817581,2274.9440929649636,922.1764125591982,0.0,0.0,8.314068812803448,-41.48942358518364,77.33859299741334,69.28702939852978,62.84683888187175,92.69462975667048,89.33207162928375,76.68242062655142,68.41617324151872,75.84094466049656,53.54149529118297,85.13914160208262,62.37020931978971,75.39044683515328,33.296418318653814
1269,805.6357473005473,2276.4516301154476,0.8793754857197159,-0.11047203180196416,-0.12679605102857053,49,0.0,0.028400836923039654,2.7846520049455923,-1.111927323931559,805.6357473005473,2276.4516301154476,1168.2318649355493,0.0,0.0,8.19323757448908,-41.48932140816566,88.26792583691463,84.27918870845684,96.10003993459885,83.10017262333612,95.44224865379974,96.25960701604447,90.8739811322273,93.4246298558809,105.28216869080077,92.37847336367994,90.8621870605252,107.5436281560455,44.4176139032389
1270,1007.9599394319481,2278.296454101945,0.5181429512858077,0.3234123450403909,-0.07378118645549298,49,0.0,0.012910687380334194,1.6392340586355758,-0.5366024222368547,1007.9599394319481,2278.296454101945,956.7375108038331,0.0,0.0,8.08069817362765,-41.48892886189248,58.88833371311558,68.60370649725019,84.81170832593183,82.55321079393862,74.61124330618202,76.28991255110036,76.31249346824848,79.5541727122106,86.72106912154341,68.73465520953332,82.64153971459712,80.50720942306114,36.50825596712047
1271,2030.213198290324,2279.5578286439577,0.41448898251658833,0.5678982282714478,0.08690202213839127,49,0.0,0.0288982526435959,4.801744769856543,-1.7034976800205688,2030.213198290324,2279.5578286439577,1261.4275805004545,0.0,0.0,7.512094785996195,-41.488626321400886,102.78127352185165,107.81914013104095,102.8693709709373,104.03500923190414,91.1524458582426,93.31768869068844,88.58213794486348,103.61568167161084,110.63084614929699,105.87811488203675,94.1553714387073,115.15557473661804,41.43492527265619
1272,2779.4026101101335,2281.077704376516,0.3629694127629236,0.6179653987876811,0.6560581998565752,49,0.0,0.011007147157325094,1.2638518313207325,-0.25424040517516555,2779.4026101101335,2281.077704376516,1071.019755160418,0.0,0.0,7.095408464633858,-41.48637850588025,85.47759142001084,78.25262048605589,81.41147193620225,93.01619757672142,96.14820796026154,74.97283004654017,87.83230516720371,82.13964255105796,76.7178881522324,99.9625986396828,89.50888047575593,81.41258391613611,44.16693683255694
1273,1541.3609530117074,2283.648347125573,0.32527059185418006,0.023253443816430366,0.1886316713881306,49,0.0,0.01055246096017389,1.382302492765143,-0.3515077280070817,1541.3609530117074,2283.648347125573,980.4365220291439,0.0,0.0,7.784005753576496,-41.487164698489124,74.53442503900507,91.71113315533927,88.39996847967139,76.09521245467943,51.06484198285035,73.0157804572645,59.305419616248365,107.32296306590729,79.96434074553645,76.44951485102546,66.71643969333094,101.4152127259039,34.44126976238155
1274,2745.356176744223,2284.4494731162267,0.4752102593624206,0.32624130513383,-0.2587878735326042,49,0.0,0.01201747478794991,1.6590617160260988,-0.549656354498888,2745.356176744223,2284.4494731162267,885.9572303786264,0.0,0.0,7.114357326961334,-41.48507970966364,73.99145553581774,72.45108463723284,72.90098135868612,87.06424631948903,61.76965965114871,74.42074621358223,71.26143679489053,72.75517380925898,70.95557557833109,62.23745321351426,79.01246331330094,68.115915014509,19.021038938864898
1275,1415.8862552440414,2286.036526880154,0.6651991650777553,0.41494555785440457,-0.0029170056044669737,49,0.0,0.011912133222343121,1.1987548508545443,-0.19682594397151038,1415.8862552440414,2286.036526880154,882.1889983235504,0.0,0.0,7.853794735114248,-41.48612867365296,65.56770786680558,62.26809207030212,76.27372013254666,65.53993296843794,76.90850839860789,80.48018695039656,62.0294534424859,74.92713709264112,74.11650267196201,78.78174205069845,73.26677363726662,61.400979513797495,30.628261527602135
1276,2115.2782599163916,2286.3422574375163,0.5979687546665127,0.1459619359965469,-0.5763966055261326,49,0.0,0.014472717210272082,1.7357350750291656,-0.5987085990007321,2115.2782599163916,2286.3422574375163,955.1560421446825,0.0,0.0,7.464792790053029,-41.485691936559576,79.79240771270344,76.27093006362753,62.4994667111968,75.53633155126232,85.31374819667579,65.3039536340294,77.97335080328628,80.10567308386057,85.87972654498186,67.3394987581806,82.32277194714084,73.4826955765662,43.33548756117092
1277,1458.2366990741316,2288.721657758463,0.5886078809969292,0.03854090003200777,0.018157325178917605,49,0.0,1.8883144710899087,279.291080012125,-6.1151426636046935,1458.2366990741316,2288.721657758463,35188.430493341075,0.0,0.0,7.830237911868212,-41.4850284442059,2604.324218942402,2846.2602974859656,2792.4587201214918,2852.201936142784,2789.9350169358904,2878.413884972197,2723.7278533796316,2799.2208609505587,2841.426133445504,2969.4023874205227,2865.3866873080697,3016.9061993601417,1208.7662968759155
1278,2364.412281278754,2289.9542621020887,0.5455268849811378,0.35690263811180317,0.03093832291712128,49,0.0,0.011765082524446252,1.5920809195295962,-0.5049128438245957,2364.412281278754,2289.9542621020887,783.1685185085814,0.0,0.0,7.326238920665277,-41.4837602481819,50.60163047470037,64.49128837833038,57.76622656259824,59.014667391710574,73.1599061858644,45.85937836068179,65.34731401596167,56.65870224923309,77.6894937164269,79.54670175011695,75.1366841757124,47.91799923863389,29.978526008610743
1279,2220.247652550814,2292.2571079744885,0.6454123887108719,0.13335476943010327,-0.004782998298444231,49,0.0,0.0382652318337152,4.607277558978818,-1.6586109412578542,2220.247652550814,2292.2571079744885,1476.5767837649962,0.0,0.0,7.406423412957906,-41.48306798112372,80.68389902369333,116.1714510642557,108.40267799683538,116.40302660560295,117.46386414009824,126.26755839268785,116.39298983362008,126.94390405590858,135.62919883252135,105.76485088929431,141.05644039135382,123.40147437736101,61.99544816176379
1280,368.9228726084318,2294.0358872260176,0.6449768287133599,0.4384995281097514,-0.00782395159836922,49,0.0,0.028340392621206124,2.697527972070603,-1.0774148920091733,368.9228726084318,2294.0358872260176,1823.8634838348576,0.0,1461.2254095951075,8.436052561748351,-41.480809693503815,135.44979974176664,214.81881568248525,132.002847599143,183.65788347486367,126.62884300794383,136.9792965678228,149.67428840116565,142.23287885300158,132.83668282494506,139.771497644203,128.1704637794935,134.4036296410401,67.23655661698349
1281,2831.423721187857,2296.759422349231,0.5487185610068964,0.6378136109721054,-0.008796409307520006,49,0.0,0.01169295483126747,1.2551847222667785,-0.24676911127110565,2831.423721187857,2296.759422349231,1021.7339086430362,0.0,5.039544160921509,7.066546536486246,-41.479677152617924,65.20198752350069,76.66122915175617,74.87503904230648,72.0646963549825,89.16236228596901,90.05841937756267,96.90043224586812,74.16472443757613,87.70964253388591,79.46809012454104,78.42202044603252,99.90637658992958,37.13888852912538
1282,606.9876247216007,2298.038128579146,0.3579486541889247,0.18981760309223036,-0.16966624989261972,49,0.0,0.015220522352239647,2.2920510160683887,-0.9005606996328133,606.9876247216007,2298.038128579146,1077.8439674849826,0.0,0.0,8.3036479171697,-41.47985170700614,79.22575909074389,91.99923513301408,71.63283930179784,92.63238445379389,66.2392055201376,96.36519791062182,80.57265434837748,88.2467447670584,75.26872110736997,95.94578697612641,99.41642323813645,100.3809083026189,39.91810733518581
1283,2736.684813420264,2298.0784018388918,0.36105334446753556,0.6224522623665868,0.007671574742919689,49,0.0,0.007331711261555671,1.0928977679866447,-0.0964488475188384,2736.684813420264,2298.0784018388918,831.1294560620016,0.0,0.0,7.119235524319192,-41.47942797605132,70.40661400118836,61.21707508073921,70.35756190716593,58.94367250619896,48.726634290193445,74.29336011611491,71.55757040200082,62.71500858627777,70.82787577892717,77.8501190778345,62.578045204377716,54.64507781276877,47.01084129821403
1284,744.1051955822721,2298.674743742333,0.733119732509205,-0.10099125671055356,-0.021112758345969974,49,0.0,0.015087826875414377,1.647605962330277,-0.5421333872629851,744.1051955822721,2298.674743742333,881.3650667984384,0.0,0.0,8.227392618777992,-41.47992620172148,70.47290721839332,68.20978806390228,65.52550833872992,69.03898083200988,76.49119628302174,65.56984201356458,62.73122915749455,74.82824213822397,60.415114222401506,86.92110490820313,69.7992482262038,72.24836403103177,39.11354136525783
1285,1226.3971509804076,2298.6878071815036,0.3766909346035482,-0.3936372375314372,0.018902405818460026,49,0.0,0.008223474873461202,1.2017461210359792,-0.19953182249705448,1226.3971509804076,2298.6878071815036,780.0193799713888,0.0,0.0,7.959171607241265,-41.48071564024425,46.6294945280807,63.539231066591455,57.28865931242339,56.088404604549936,64.38264090531817,68.63188747836757,59.195124110101034,58.07258968115204,69.99736801880375,59.774898632757626,69.3160228978335,79.43886384132418,27.664194894085522
1286,968.042621909157,2307.6944572992843,0.37228395968814115,0.03203985789704742,-0.6236067376998662,49,0.0,0.013665046155007857,1.3495063811386692,-0.3254373561453072,968.042621909157,2307.6944572992843,1426.6889856889916,22.1722667389763,0.0,8.10283382410164,-41.47661472152245,101.44033706643057,114.21742831434509,98.74877653443463,115.21845133213417,113.1870190767141,97.4798434430196,141.67472264913084,147.1963417525592,101.05226491064508,109.7784346990659,119.83852169722687,106.55855652754666,60.29828768573908
1287,872.9653650791888,2309.088747597154,0.5602359911624691,0.04959116073534716,-0.08530993127643856,49,0.0,0.07232464836532093,10.91329035571945,-2.5948892751628003,872.9653650791888,2309.088747597154,1966.313084961731,0.0,0.0,8.15570286539446,-41.47586062998202,168.00387696124093,146.89779153610337,158.1045696864237,155.83944276026648,168.39839580042698,141.153288325725,151.3718995518911,140.9144606450547,174.22274673305014,153.34666798683787,183.83393503781912,157.11832975380386,67.1076801830879
1288,2165.256709923467,2309.2131411533715,0.4134682690733502,-0.08154144360180386,-0.11494554758436855,49,0.0,0.022509321108161277,3.6800296173133704,-1.4146282848522762,2165.256709923467,2309.2131411533715,1183.8386304837513,0.0,0.0,7.437041819121856,-41.47609051094974,80.75704068356748,114.32540395745012,83.1013431217991,96.01952836142763,92.47261124144462,78.78017532573367,119.62351217056592,99.18238439188016,84.15718960998026,109.21485803756627,94.12604389417606,98.35863176360246,33.71990792455757
1289,2309.0072303472807,2310.282462375722,0.44494685205358003,0.2173888568450741,0.0015864597867703619,49,0.0,0.023428808340121888,3.7575516036039063,-1.4372623839966874,2309.0072303472807,2310.282462375722,1097.6397993764072,0.0,0.0,7.357104899073136,-41.47539986604349,82.56753337996363,99.06606934564965,76.16641840374997,106.40330191170699,79.61019793969791,86.65408114128903,84.16264705646006,67.52013316085637,97.35340949982708,87.36784056812229,88.05676542682377,102.8393149008092,39.872086641451304
1290,2108.4411994135035,2312.0839473296487,0.4489213551668512,0.17652172763469742,0.016395629606207416,49,0.0,0.015306748342760901,2.2228399214185672,-0.867270469896571,2108.4411994135035,2312.0839473296487,1028.5813086475978,0.0,0.0,7.468642514175642,-41.474976007909085,93.54981272971415,85.82051339583668,87.04269979894443,77.26135172309186,77.54241909938595,72.66423379993404,73.66467173036656,79.72702401244398,85.29717207276941,74.47892971692417,82.83669137504234,98.42428995477138,40.2714992383729
1291,2786.5984016673783,2312.7562091551345,0.42270223565555626,-0.003383992167145017,-0.2101467774816915,49,0.0,0.020761425948866798,3.304921256514319,-1.2979027909696428,2786.5984016673783,2312.7562091551345,1198.4897763604342,0.0,0.0,7.091541644220008,-41.473157548851596,103.09051848325902,116.84041300424984,83.25467245413414,96.74015232329387,85.09278948770674,87.2818020820957,105.06446807449612,96.84633818090458,113.86636974383765,87.72351763059487,90.0215558264191,87.08081806680845,45.586361002634206
1292,2531.6940230632335,2314.9317463699313,0.5127034215744597,-0.6545664903751182,-0.20660988411123302,49,0.0,0.011713971591899611,1.4138781277108412,-0.37602994030044257,2531.6940230632335,2314.9317463699313,840.095782998703,0.0,0.0,7.233288367996849,-41.47297382189621,67.87473361184344,68.9226234539147,64.33905387587944,61.435375092543076,65.20980630737864,64.12822262766417,71.81623153540525,65.12694526430019,59.949298214914236,67.578711439709,65.22804949583352,81.09273864267892,37.393993436638475
1293,635.8814299654508,2318.5045660795377,0.5626262838317697,0.11153399070137442,-0.04289744193589857,49,0.0,0.0153181508423522,1.7840049949584185,-0.6284901650103526,635.8814299654508,2318.5045660795377,1048.9611586139754,0.0,0.0,8.28750876574259,-41.47140040364342,89.09311243412921,87.57498022659277,70.37052665799557,77.43484189139286,80.37267329035595,80.52086437663897,91.37713155618569,82.47715485071978,84.01409799083068,76.77366231140245,87.00675911445475,93.62624424079361,48.31910967248322
1294,2178.032828726165,2318.9687256285715,0.23676170461080434,0.39774295428691236,0.2528314634394027,49,0.0,0.014498184735747884,2.1944380806482258,-0.8533083277141762,2178.032828726165,2318.9687256285715,1228.1072876823696,0.0,0.0,7.4299572247440375,-41.472006313256166,97.2478157055287,92.95958214766046,110.60230052226183,106.32938982667405,96.39197029348469,77.83826270863966,104.42036640667027,105.26068731284988,94.06213950163115,100.68760786706909,90.05034165656603,106.13405047216847,46.1227732611654
1295,1779.9505718110333,2322.1371541345684,0.3704023720176861,0.6734997300480805,-0.18119378650120205,49,0.0,0.01953324758863081,2.6681414597841915,-1.0655221283053076,1779.9505718110333,2322.1371541345684,1332.9597081747947,0.0,0.0,7.651324018487525,-41.47108968071986,99.17585722543642,94.084771519242,109.54314482582583,115.07211460365447,109.39681922585856,98.0081112563869,109.47583155773629,116.64362036302015,104.02721314030033,118.20218484624424,108.10564066381872,104.58921400961816,46.635184937652525
1296,842.2070145930315,2327.041377006128,0.46817049441939607,0.17316262017061507,-0.21411744676674613,49,0.0,0.021378463671665734,2.9247264759090705,-1.1652131413806432,842.2070145930315,2327.041377006128,1301.6961048619958,0.0,0.0,8.172758416946271,-41.46831957222922,109.05221913552887,96.492741291507,89.15140834669484,106.59595318303695,109.45975563361579,111.42619294335263,85.35551347301413,103.24412882882083,92.4279939920614,116.52491499267384,98.52007544612044,120.38863546272087,63.0565721328482
1297,832.964477777664,2329.084238786088,0.5953099705652043,0.4415815168019661,-0.18889889420138983,49,0.0,0.010251665034268843,1.0183646137493751,-0.01975824998304702,832.964477777664,2329.084238786088,1091.8484174880446,0.0,0.0,8.177891876822695,-41.46744954657307,85.20601937965202,84.2370212295081,87.83786929153761,75.36644747851004,80.94146350379125,97.56231777340035,73.09617313337472,75.92121945383167,85.70044622746883,93.0481947748787,101.05052437140915,100.56052358488603,51.320197285796
1298,1252.873776248098,2328.868535630374,0.5399345999398995,0.3068292074111789,-0.3773064235426787,49,0.0,0.017418929601268545,2.4823618034273367,-0.987162700139556,1252.873776248098,2328.868535630374,873.9355241294903,0.0,0.0,7.944408850354141,-41.46816634244233,74.33564832185971,67.97228837059525,68.30417192090783,57.62706845247284,63.41295388173664,73.47701316922613,54.152420749445916,70.71747034605013,74.79434034196903,73.68874653730583,85.75845853832848,70.66846508810485,39.02647841148776
1299,1981.393916889238,2331.7235181328315,0.4920650814974085,0.6105844029217925,-0.06865839777388714,49,0.0,0.008024195975733001,1.1071507692763358,-0.11051691535446316,1981.393916889238,2331.7235181328315,740.291265468424,0.0,0.0,7.539320458372902,-41.466944359484586,50.455210041735285,55.2381424517165,69.12493076832848,56.305097871120545,55.669557943951574,57.4624746351949,59.044630769511976,64.4386839274575,71.39082230331042,67.47280985618555,42.99158307759003,67.74512027913177,22.952201543189545
1300,807.3540156486781,2333.732352037231,0.4749452749864074,0.057026383422313996,-0.33489724992529557,49,0.0,0.013440115295163516,1.9542218190042497,-0.727434644749051,807.3540156486781,2333.732352037231,952.1954293399641,0.0,0.0,8.192118498955905,-41.46545943433235,58.40092432282116,86.34608251532603,69.66151072727459,65.84289159285714,84.70101556061921,85.82111737665312,72.93888519460809,78.03169731855738,82.6213829312355,76.33592503098922,80.92166251116814,66.04704871689061,44.52528554096385
1301,362.6633757381371,2334.7656550921683,0.4525033002806318,0.015547860052686298,0.2723175096879563,49,0.0,0.013713188035650878,2.443036039411544,-0.9698246842184033,362.6633757381371,2334.7656550921683,1084.1510159375946,0.0,439.6076383908563,8.439352190534846,-41.46381994263867,41.80641978048554,125.15060090723293,54.99497986302301,56.25555651297668,58.53994821738253,167.42371184470406,147.0961109171641,82.58813754799203,61.92494343407813,79.13643405538377,120.21952019613853,70.32537880487263,18.68927385616061
1302,1872.7090175359172,2334.6289909890606,0.9676185066676442,0.10987263368547187,0.15075380241542796,49,0.0,0.013406960349926467,1.1336338385694653,-0.13618200242423847,1872.7090175359172,2334.6289909890606,828.8785152474907,0.0,0.0,7.599755867624748,-41.465828815381336,67.88698361308529,53.78194094139755,62.46635348076501,59.32349182170287,63.93068051427075,46.268604727775845,79.23466842540974,66.49092194691202,82.21859815875908,60.61476380728083,78.70516528103504,70.76493895092214,37.19140357817435
1303,1355.6285371193812,2335.6966716229017,0.40861424487273423,-0.3374390713747758,0.1923441583778703,49,0.0,0.06031866452323683,8.30415925075434,-2.2982391728712286,1355.6285371193812,2335.6966716229017,2744.8914922717327,0.0,0.0,7.887266479263766,-41.46540288651817,199.80127774423033,235.17249969464214,212.13311265546685,196.62099359687397,240.890524409491,216.5620293255331,209.55069442771645,214.843958862722,241.28126109781044,237.10307209040852,207.96489656981078,225.1689544536237,107.79821734340348
1304,2671.7554319877277,2339.9371771156984,0.845863461346679,-0.012622668137001268,-0.006484340320159291,49,0.0,0.017200454941782798,1.70486475264363,-0.5792248300070397,2671.7554319877277,2339.9371771156984,905.3262148397711,0.0,0.0,7.155503787063856,-41.46218020384662,64.99352374117073,77.87027396862584,89.95470607059305,66.79123472550371,67.45525510765617,63.359250663946426,69.64444143850609,56.740242792824176,81.02843330775394,78.06620176501607,68.26014318005804,79.78605497127376,41.37645310684305
1305,1231.247474702099,2341.0618107466034,0.83213029771726,0.03856252703810457,-0.3258015333046231,49,0.0,0.014907034843864016,1.3895081163294147,-0.35715271975322027,1231.247474702099,2341.0618107466034,814.3134625530065,0.0,0.0,7.9564178366677885,-41.46306523210442,47.20002672569814,57.90035085132344,63.53900773003565,63.076938289460216,80.42528827648974,51.48766687465755,54.979430082603514,71.61819712593086,68.30853915058388,73.72620492695856,60.940952203297314,78.67256403541477,42.43829628055292
1306,948.7609653891053,2341.777926127089,0.6764140033951459,0.12862073271487756,-0.15128903693992726,49,0.0,0.13869102402576364,18.656223614781805,-3.1770593464842585,948.7609653891053,2341.777926127089,2862.1721656907953,155.71238196329642,0.0,8.113476593794504,-41.46238079449785,192.61062498804137,195.84179636907305,205.92251540112213,228.7295114582308,229.73310680422298,233.67887206348632,244.88417376080702,243.93267684852736,199.82584764984287,274.32940168331305,216.83690329625114,279.9177033982749,115.9290319696025
1307,1401.6965227535006,2342.061204981715,0.8725842851942947,-0.05648295656180241,-0.04100849409952313,49,0.0,0.01189546967919464,1.0385955135798255,-0.04111610560394462,1401.6965227535006,2342.061204981715,769.3139621722037,0.0,0.0,7.861647054039704,-41.462778441531256,53.77866954381439,60.21641406167521,71.2575891667073,74.53933912469112,50.11884143033985,77.47741961948158,44.416607363515624,67.34161765629648,63.413599857480484,45.146647568742935,69.36631961579646,57.18975399222458,35.05114317143771
1308,791.8207447779448,2344.267531355963,0.2994766413966908,-0.2808876639695494,-0.013486738124493781,49,0.0,0.012650599389481751,1.6611533068479116,-0.5510242876993209,791.8207447779448,2344.267531355963,1206.309524372216,0.0,0.0,8.200724367626274,-41.46103673016606,83.28576657146135,99.81783814987017,120.46679664419925,86.33581276201443,85.60684458414448,88.26689445142244,112.04131652119733,111.59801455618222,91.59092609843042,107.71176275478571,88.23255874267255,94.9645102987945,36.390482237040985
1309,1675.6850076108221,2344.6877951208503,0.6211039880909607,0.2542780499069724,-0.21608833853288698,49,0.0,0.02707717302226186,3.418617822214341,-1.3346263809907182,1675.6850076108221,2344.6877951208503,1133.918163802709,0.0,0.0,7.70930946355492,-41.46172939975697,69.5561477359651,95.55721803336871,102.80803509434324,91.01065593918665,104.796237919916,85.10759974824154,81.24632180507291,91.79027394619536,92.52148516696587,85.2759525650288,89.85264097338478,100.63296085710107,43.762634017939035
1310,2340.148101970066,2345.5613952384333,0.6978377871405796,0.01913870722909036,-0.28131816087451317,49,0.0,0.017984247165707044,1.9570932838967905,-0.7290288164650114,2340.148101970066,2345.5613952384333,980.4446147853279,4.0,0.0,7.339881577802257,-41.46064071078111,71.40701661648939,73.56962237970387,73.85311158722004,70.1207756363676,79.11904953302636,93.09124754620493,88.01225044335825,76.24861166717889,63.785849833531216,77.47569768354889,99.31584561634051,71.60723322955482,42.838303012803124
1311,752.3276148895219,2347.464776169679,0.4864541005786236,-0.16477424786925007,-0.689961318824781,49,0.0,0.017356547067916606,1.9362995295544154,-0.7174313498517373,752.3276148895219,2347.464776169679,1305.4408892912566,0.0,0.0,8.222671191631148,-41.45961704746343,104.63601754185918,90.69061676444733,127.95207143601401,107.04941997333661,105.90288953144068,91.39836226230598,84.75931806652315,106.94632133142088,119.06184862236663,120.8951572731801,104.12852691364135,100.00996364448632,42.01037593023417
1312,1148.3794919488341,2347.9445169395954,0.5707903659705673,-0.08091391159081111,-0.3480548628251162,49,0.0,0.008984968627560362,1.0513320078163906,-0.054349716790243,1148.3794919488341,2347.9445169395954,729.5578350822932,0.0,0.0,8.002481070501778,-41.46010643680627,50.49618947984173,58.65915413489358,56.89141767370836,42.18993620321417,49.26940819921187,59.4061678644128,61.36733273887401,59.3190469147106,78.94012254222335,54.83710381354276,61.07714146635286,68.53320483643199,28.57160921487504
1313,775.9653293146004,2349.4513232429613,0.7594080862332226,0.8106637120063377,0.12698408034692463,49,0.0,0.03238263598608772,3.0285451954579647,-1.2030851477319513,775.9653293146004,2349.4513232429613,1539.9113369565946,0.0,0.0,8.209523987499278,-41.458842289851106,104.28256688376177,143.39405803508333,118.22816454968611,116.25105638574192,114.20365539114468,106.20063830383279,120.02783988015092,132.78275647609865,129.50638994700145,131.90543673764753,132.86205652794624,131.7048626720549,58.56185516644409
1314,1637.8618690561211,2348.498773761398,0.43732380390442194,0.16513772247150593,-0.08193272656782333,49,0.0,0.008765656447888237,1.215063173682573,-0.21149714600558772,1637.8618690561211,2348.498773761398,813.3942014029307,0.0,0.0,7.730339393715674,-41.46014723689936,52.124081125042295,58.46235536860994,77.93699961865028,71.97596942649602,61.73133193765511,65.12915401263878,47.595144211189705,80.6439412495737,78.40128128921435,71.52649937445315,72.24637704585588,49.00720792288222,26.613858820669172
1315,723.5550727964522,2352.3986452403333,0.6797586424955583,-0.004489094013067675,-0.05161211427915996,49,0.0,0.02137402473262555,2.2822641686126444,-0.8959147797966059,723.5550727964522,2352.3986452403333,1116.351886238928,0.0,0.0,8.238651585610302,-41.45749497171601,68.85815039026498,106.94189761336102,78.72913555253643,93.36525703221774,84.24546360368569,79.55613956980412,100.04815903624487,92.8533562874313,94.36875617289483,104.0172610580845,90.15291497366147,84.62533432680951,38.59006062193154
1316,1420.1910801251452,2351.6239569795216,0.47638892633020663,-0.31708051081248156,-0.3195157987396945,49,0.0,0.016042761884328658,2.185435397384764,-0.8488449326075407,1420.1910801251452,2351.6239569795216,984.9534331240507,0.0,0.0,7.851357860709411,-41.45880347066563,72.28209810824171,71.20568527284593,83.8085957978636,62.8750861864351,91.26968086978454,77.28370416007718,82.47196864411467,71.31630950210204,75.71685623958227,77.99433076321432,86.84182361069745,88.3706290465569,43.516664922534915
1317,661.1362055694924,2359.181978642616,0.4652605325999722,0.23335470435358444,-0.22486538862151495,49,0.0,0.11812205297509941,18.008644252396003,-3.138702547475563,661.1362055694924,2359.181978642616,3779.4963339403057,0.0,0.0,8.273328757072985,-41.45451706133002,266.1464030255545,286.4258861598786,287.8296950734628,319.6338042444096,310.6318685903045,321.619201046875,321.7148982372628,317.15497941149874,291.31515394304176,320.9826563920824,298.6780595605552,307.18113641984246,130.18259183553704
1318,1212.4687603293871,2360.5266138719217,0.719171939375196,0.3476811786677017,-0.014561036776931456,49,0.0,0.051222596826035666,6.37424374305451,-2.011071665823436,1212.4687603293871,2360.5266138719217,1636.862675978702,0.0,0.0,7.966831642284395,-41.454936160645396,130.9207080011872,124.94977683281772,119.41063862059737,120.74965399587501,147.13735090526632,119.02061230155849,115.13402753498463,148.3438703033112,133.04173073505353,132.31667097055595,138.00182043978404,143.34942114350056,64.4863941942103
1319,1478.8000794201234,2361.221555667105,0.8996820295960729,0.10763033968069297,-0.17924820884770395,49,0.0,0.016117368628965484,1.5731260071650413,-0.4919087773539868,1478.8000794201234,2361.221555667105,804.0136630550093,0.0,0.0,7.818768963601547,-41.454828285386505,61.900506160432144,58.8871072336186,59.509539497286326,64.76108805678726,72.66330692970658,59.223459373000956,52.88656858052797,62.384714591698994,64.85068840633251,68.08005691493622,78.63602652459596,71.56048604378472,28.670114742300996
1320,1203.6597540955897,2361.9068625127557,0.684557266181659,0.43392177175946883,0.00166178121904255,49,0.0,0.022136469376745706,2.403813618289927,-0.9522519781206574,1203.6597540955897,2361.9068625127557,1471.4756756017102,0.0,0.0,7.971726853179367,-41.45435182654946,95.75194538012485,121.01888058265078,127.45576316393442,113.09414246575238,140.70457762094648,115.10532705924808,103.86637564809087,117.70204538518799,114.86414714554698,114.27527487445471,123.62552981904474,133.27926985290756,50.73239660382034
1321,1259.0642272309174,2364.009961241917,0.5986478387363016,0.08986252068449975,-0.05525150272876883,49,0.0,0.495479837880011,73.73685023861157,-4.6692114555916335,1259.0642272309174,2364.009961241917,8993.563624119779,0.0,0.0,7.940923561976737,-41.45353030451434,689.6180291623608,759.8695017816303,737.7569992379838,708.2582513536183,714.9113719179461,724.3452240274169,736.4585298133757,670.3178813043597,696.1885145049819,726.3315854660439,723.6599511196798,764.8969822069521,340.9508022234311
1322,2902.64063000426,2364.8646400430125,0.5573687765935899,0.28078258821723306,-0.5668716805412504,49,0.0,0.042359895223344685,5.250569182878318,-1.8005159630788947,2902.64063000426,2364.8646400430125,1879.5499256592973,684.6678489956585,2214.8390766292264,7.027262849783254,-41.4510614539509,134.90124164825548,120.7489146590344,137.27955212199248,125.94896194836272,123.64063047016677,158.61961384661802,143.78630971220213,173.66101852706285,152.4924555377729,198.62810959980897,158.94056032870014,179.3875020754773,71.51505518384315
1323,2036.3920243885038,2366.053109827207,0.5751527705879281,0.1360331323886845,-0.17704184667636283,49,0.0,0.18788481339004542,27.65181470396207,-3.604309094983857,2036.3920243885038,2366.053109827207,4185.141181773536,0.0,0.0,7.5087935572799065,-41.452580774724545,301.0653539239813,328.88842051278993,333.8183247714463,339.5991612739222,307.9418528731848,345.41329149335047,317.1353989208869,339.32519529293415,336.4905681199,330.65037284294397,367.1154596098106,356.6796953387071,181.0180867996781
1324,683.082980055897,2368.2835705452476,0.3889176138696526,-0.014067238582136215,-0.16250451865948898,49,0.0,0.04605655554442282,7.399423131902882,-2.1729946573014445,683.082980055897,2368.2835705452476,1997.6175072877431,0.0,0.0,8.26109862160252,-41.45077952948231,164.27482266262834,166.79673419616097,156.5787253152248,162.1281982091148,145.1094418954233,153.89636059902887,139.0383879593022,150.49654376755052,165.3964194034911,188.6883606033866,136.15821074722942,171.03244574283457,98.02285618636786
1325,1006.7460600351657,2371.3720693855016,0.37962606066125754,-0.2824524859616014,-0.08524541418902132,49,0.0,0.01932965407206322,3.4256085051054765,-1.3368443205465868,1006.7460600351657,2371.3720693855016,1078.8304065835396,0.0,0.0,8.081174677292244,-41.450147150895035,71.60187585433908,79.98852609078612,87.9371077573561,98.31956603613204,89.53920398291142,92.72608000935804,92.7901404756683,74.79455133180812,95.2380411570643,91.32910054601699,93.84864978011777,74.41497574974483,36.3025878122363
1326,968.5605994742954,2371.7350122003077,0.6764034063675052,0.1164129203276563,-0.029457928504738846,49,0.0,0.015961525597080906,1.6848894384634945,-0.5664285199314776,968.5605994742954,2371.7350122003077,1012.5952142317396,0.0,0.0,8.10240031455726,-41.44993331005093,73.70192955041804,92.00699320342505,78.1838945498514,78.9089942945524,82.9729842535614,72.6660392550343,89.18976276734436,83.02961977530866,79.8765565191259,92.47661236656515,85.46081233081266,78.76840309338456,25.352612272355714
1327,2246.2826294654205,2371.497693286729,0.5516545401754758,0.10134091452205199,-0.06750293970843387,49,0.0,0.031338500858639595,4.580466546615341,-1.6522742890606077,2246.2826294654205,2371.497693286729,1202.2656030832004,0.0,0.0,7.392127714711993,-41.45000852218417,120.12881081597192,116.93158697984727,91.93550417966628,85.64053144114493,94.17793112847141,80.6822284867169,106.95437768313697,84.16452404287759,87.11354130589473,93.33312570523174,86.51684247382866,106.83491423554096,47.85168460487111
1328,2441.7389390016415,2371.7519109346313,0.6674729716744987,0.2215083162282697,-0.024480768493947636,49,0.0,0.015254285509879565,1.7478651084881935,-0.6062697822738025,2441.7389390016415,2371.7519109346313,908.0788059738355,0.0,0.0,7.283480532904936,-41.4495137326516,71.87948107305682,68.84424951022422,87.76063485633279,64.37884567278616,83.74373695935148,78.47934474408318,86.46493498008135,67.04007827978579,67.05083600166046,75.47298557972542,66.26891842150867,66.98330636307898,23.711453532160185
1329,2514.9635547186094,2374.176598584496,0.7657909616953411,-0.3570554842287947,-0.01650096998557083,49,0.0,0.01703815784006423,1.7889023377839615,-0.6314665790326569,2514.9635547186094,2374.176598584496,876.131037236882,0.0,0.0,7.242786153054839,-41.44833151442661,68.37498941131912,61.313365956616565,87.05908099725868,73.75231257775968,63.7969374559965,76.25575862109838,56.1904859373611,72.39745448128349,72.8078329666431,68.50556920125113,61.2138774359248,77.18989290783341,37.273479286536016
1330,1474.6369128813958,2378.926673534144,0.6280849467307812,-0.06763583795957036,-0.0030069084221963378,49,0.0,0.01272443446945692,1.5155827562597355,-0.4514491384725399,1474.6369128813958,2378.926673534144,766.8255606937578,0.0,0.0,7.821075400363331,-41.447450010295704,55.492453722003724,55.34923015202647,59.35951179122964,54.008313570040876,68.0419380869102,63.96963178808434,67.74137224377479,58.6478514053346,60.139661581622015,58.23485915646104,71.36132976485538,63.765496452530975,30.7139109788836
1331,1617.4269246460797,2379.7281447243454,0.6341404441685552,-0.08689208865461233,-0.017929487981806345,49,0.0,0.04067689005979744,5.3858269884507814,-1.82813099561485,1617.4269246460797,2379.7281447243454,1307.5624765367415,0.0,0.0,7.74170271182307,-41.44713688537692,83.98812082514962,89.4950675128012,111.47177806103521,105.18292605768656,104.54632000196656,106.83562025887946,94.96379132800504,104.84454485480765,125.48856452722988,125.79078024271867,101.46832671802953,106.78331420387636,46.70332194455597
1332,1544.4164013719967,2381.148873163526,0.3933551947429384,0.1558937670283217,-0.3825788934925405,49,0.0,0.006840160579537893,1.0804302004431028,-0.08399178797050212,1544.4164013719967,2381.148873163526,683.2321423429469,0.0,0.0,7.782286616910005,-41.446541109575165,42.30282752075155,67.81326409766977,43.66766013284499,60.88566309031107,51.35055865025587,43.330859134652655,46.58523525525473,65.70801610426963,47.385584432689406,57.522463315627604,69.47363417812207,63.78575604896101,23.420620381536487
1333,2234.5301988068436,2380.962558075203,0.5630020366885801,0.4733629739866962,0.06903373865086641,49,0.0,0.017890677370576813,2.392296064287265,-0.9470373144715499,2234.5301988068436,2380.962558075203,967.7291381893822,0.0,0.0,7.398682166539195,-41.44608515335631,81.22694780520199,96.01313805479518,90.9246913931967,64.22561620863152,71.08167229623749,90.41423320550349,73.15613106147211,69.72382900332087,79.06182852335145,67.3721032937231,76.63084425544177,77.32973870604553,30.568364382461077
1334,2593.0375295432705,2381.6630170514413,0.6294895015541135,-0.18784301315775753,-0.37467049267183594,49,0.0,0.021400318708617503,2.65453103479995,-1.059969517886268,2593.0375295432705,2381.6630170514413,1057.658762535726,0.0,0.0,7.199416200717567,-41.4450132296268,70.04393923533581,78.5734680905602,95.90551682131182,85.17965401551449,83.51108865426286,80.6757264807652,88.29452456941857,97.33819578959745,90.33121272707169,89.14397111205639,69.53718276487176,88.74669892850653,40.377583346453235
1335,2754.0351966686744,2383.1772984410813,0.7045114117265148,0.26372331023825757,-0.2720422938887582,49,0.0,0.05080250378339979,6.0967450877776415,-1.962745092571241,2754.0351966686744,2383.1772984410813,1589.4423586059295,0.0,0.0,7.109939900536946,-41.443920156935405,126.69302134770174,135.8635899591116,122.42418036906062,132.25278818417925,120.84832878425529,139.16801149194913,125.46908832696619,126.81283421645156,119.63400637138581,111.88404909112178,139.89037759535904,136.21082104412244,52.291261824264836
1336,1323.616871367079,2383.3632408045437,0.392672421643709,0.5092830463926217,0.19025650526963564,49,0.0,0.010849445502006328,1.5889756815918472,-0.5027931265437999,1323.616871367079,2383.3632408045437,818.0953496603433,0.0,0.0,7.905018255783838,-41.44552013374525,82.86815710304344,61.95694847449999,54.452531789092575,61.19711298554286,80.8833770161016,60.41048696034164,61.44062311027827,63.85746356876206,75.85015456310066,59.26522216692295,64.99524511303007,59.2755580832741,31.642468726353194
1337,1111.074798647446,2385.4894387618206,0.5384912772700041,0.0636355157008835,-0.1482551852582234,49,0.0,0.02031081940889508,2.93939540065556,-1.1706450257230616,1111.074798647446,2385.4894387618206,950.4026627355167,0.0,0.0,8.023155349224329,-41.444416370322976,85.38672819326975,72.26997412912047,64.47428435707285,85.42940048571612,78.594629493506,98.7201537918226,68.12335285380001,75.40078862142258,61.69667796905887,62.849125313956456,88.7062121873553,76.60099290263605,32.15034243677976
1338,828.4359637167146,2386.3491193091263,0.5955103145234697,0.20936413562830292,-0.14767447011364268,49,0.0,0.817987664926676,115.90432729226694,-5.160249126666335,828.4359637167146,2386.3491193091263,17095.112465136885,0.0,0.0,8.180250944788755,-41.44358124254964,1310.6881453432547,1343.6741066398517,1361.7680596028881,1423.1398341815475,1381.5615581122279,1392.0224357064485,1317.9533525172133,1377.8913292218776,1387.124439131262,1386.3943049158875,1402.3444418080028,1386.696319903975,623.8541380524503
1339,2881.027426095817,2387.0186713417693,0.6479318131520336,0.2385660997824554,-0.4279649223963169,49,0.0,0.04554345611053735,5.361800517636516,-1.8232766307465529,2881.027426095817,2387.0186713417693,1591.2479815537863,370.5560089820865,1679.9884714846326,7.03937810650757,-41.441906300490096,138.52281314723155,152.89726870301413,124.94546926885309,113.04981976464761,132.5752723746403,114.03433120804182,130.33859566894802,110.07666863893749,125.81169753509292,141.09094510004454,152.7904672060311,127.5822967400898,27.532336198213777
1340,396.4639142226632,2389.961729910637,0.8544579999014685,-0.7666310505019688,-0.07533025560089751,49,0.0,0.019077962124470542,2.1994225827015463,-0.8557716997135039,396.4639142226632,2389.961729910637,841.4997307911236,0.0,396.1322380193173,8.420321963762177,-41.440934341687594,75.67554231895346,67.06255318111582,34.160476828180634,40.08256291137794,122.74416681235208,108.93654473072516,67.08563351317994,52.54496217707005,46.77818564778258,106.242357019698,38.16153802843259,55.42996613398071,26.595241488274638
1341,2618.2606679891164,2390.5162653079346,0.4838736581616051,0.014570611746776806,-0.15942480257658603,49,0.0,0.13417394882421754,20.687815157138946,-3.289286567976383,2618.2606679891164,2390.5162653079346,4047.0198085063485,0.0,0.0,7.1854293450925315,-41.441256848418575,321.74327906597637,317.5546352925809,305.48002073905127,320.38134168202686,336.4324328544732,336.799706244009,337.2303586346342,317.6846349945537,327.1984369243216,326.13243296129065,332.06875975131413,322.35006459897977,145.9637047631372
1342,2703.6926347946396,2392.6973861218544,0.3712053787403377,0.14956427443490128,-0.9095734863114076,49,0.0,0.010818417935325236,1.4299232453412314,-0.3882818156567222,2703.6926347946396,2392.6973861218544,977.577628377094,0.0,0.0,7.1379574516986075,-41.440105779144,70.89807279646021,88.18970556137728,85.71093297491906,65.98627364671557,64.19190262417571,79.33076125347387,73.9032531433339,75.99412796861728,93.97002321844568,76.66665902328104,76.32050634465527,99.38712364659192,27.02828617504705
1343,1019.0709798468317,2394.378572792959,0.5620823811456713,-0.06261331953573288,0.3248201481543026,49,0.0,0.011235860503251581,1.4118292629329494,-0.37445544814657095,1019.0709798468317,2394.378572792959,852.4791199575684,0.0,0.0,8.07427545188714,-41.440580950875926,61.76463287840477,71.43155537430755,67.19888055082151,65.98242341291294,70.83841129160187,62.34339890921089,74.19134494074257,57.408146738538164,81.83159624658964,58.16682168274494,76.72881483183912,75.4629811569389,29.130111942915526
1344,1176.9025659967767,2397.2346694571393,0.2094876667351642,0.3004693320977714,0.14521026663083636,49,0.0,0.008124887403883676,1.7961011540731686,-0.6358269797963616,1176.9025659967767,2397.2346694571393,817.1249801918144,0.0,0.0,7.986548027537399,-41.43960312772542,69.88571630847957,74.45470158034541,53.03791420424757,71.0363376321844,67.30520545640027,64.34629551284803,56.74255092690913,51.702482652922846,67.48378135099598,66.35229141117267,70.48856999768577,70.31933850074219,33.96979465688058
1345,408.68532931901285,2397.2593421606443,0.4453582235503655,-0.5223096631710583,-0.0570056619313153,49,0.0,0.01723548281718107,3.1204080106489887,-1.2355284603571473,408.68532931901285,2397.2593421606443,1393.4058379277271,0.0,667.0133112458052,8.413498603919132,-41.43793313746867,68.74029489334343,115.94151780995982,204.13548858372582,64.93012358159811,146.8155998690122,109.7068025518335,103.97899562927356,85.72200419023909,107.87914441828798,111.12649299004927,106.65024808742588,121.00409133038401,46.77503399259463
1346,1165.9707685371186,2397.892994865442,0.9983061671803515,0.2631858388620505,0.04626774593631798,49,0.0,0.012129828412539644,1.0490645130642442,-0.052005490756320244,1165.9707685371186,2397.892994865442,730.6037904470768,0.0,0.0,7.99262284092181,-41.43931629028611,49.11808230440654,71.94624799351794,52.87810438804169,57.74366239625434,57.95315324975006,45.88121920372754,61.580078715592336,62.86992404130066,55.10724753322178,57.26547255713801,57.13062476560412,65.7677104469163,35.36226285160556
1347,1294.0745314133385,2399.671947443102,0.6839475952376202,0.11344963928114064,-0.12129798077579397,49,0.0,0.031458282822392346,3.922461741947533,-1.4838967908819138,1294.0745314133385,2399.671947443102,1134.6209500656412,0.0,0.0,7.921421421613982,-41.43870204132842,86.57900247734966,98.09543227082645,64.52235397061071,85.5967868770523,88.27996545833136,89.07000892464205,88.94470531300107,99.43367931696227,109.49126620265946,111.05751316648772,79.20377379796022,90.1407461524182,44.20571613733972
1348,1970.5341537934196,2400.171649465973,0.5317329346062991,-0.3163483418801245,-0.2575065586236388,49,0.0,0.019627130824003497,2.8328703759385703,-1.1305667572483833,1970.5341537934196,2400.171649465973,1003.1497828831908,0.0,0.0,7.5454498512112105,-41.43843629157613,84.9623433745451,83.20033874793378,68.31668045565013,69.36268631108537,94.43521658579371,74.66246148566299,75.90569967870618,79.39990231425803,78.8179336213664,83.36512700629983,95.34099748430901,72.07910316472424,43.301292652856056
1349,552.2166318401487,2401.548420827561,0.7222246527186027,0.4796852053364005,-0.06126315316372505,49,0.0,0.011644930179685464,1.103209997632636,-0.10664547224374896,552.2166318401487,2401.548420827561,973.9515527118795,0.0,0.0,8.333716504604851,-41.43657616487462,65.25534790401949,58.28874249598717,73.19297550977947,91.88857709186702,88.05795659336884,78.23613479660335,66.51577189368015,88.6358918846605,92.73952274465825,68.77664631667619,86.06390126370155,86.4772178434128,29.822866373464564
1350,1053.7353544869404,2405.0660548294304,0.557197519060398,-0.02495965736875802,-0.1585845754500458,49,0.0,0.08886008783459906,13.294815381053976,-2.8092057771576417,1053.7353544869404,2405.0660548294304,2366.7393946237567,0.0,0.0,8.054988058566831,-41.4361803551633,172.8169232218612,182.47616563966423,192.68604288915583,171.7881523803478,183.51733894299173,182.21066991155797,194.37467337401205,198.79134154087484,212.78587100282013,177.1889557930951,200.14587994110542,209.49876813470033,88.45861185157011
1351,1762.1054677260274,2405.518994450634,0.35608206434917944,-0.08827681895988779,0.0792383328653577,49,0.0,0.013251012355088262,2.323625493138637,-0.9154153314883373,1762.1054677260274,2405.518994450634,921.9978660428194,0.0,0.0,7.66129562171561,-41.43635651116881,76.52903821190128,80.66204852762979,70.20118046413586,67.29830158975008,68.21648449456016,62.838910714325536,66.62557708789618,73.28670365222088,72.3401074770521,79.73167667242821,80.76595819190115,83.7369240818742,39.76495487714397
1352,872.9992952871465,2406.463673798466,0.2901519013528958,-0.09657040185379755,-0.37222890855008767,49,0.0,0.011877183699852434,1.5757817701413745,-0.49374017979715723,872.9992952871465,2406.463673798466,1446.019005352922,0.0,0.0,8.155429440193537,-41.435290058645634,101.67409260943725,130.40365506218305,108.31440847940165,121.26567156172122,109.16980745102258,119.60318457640902,115.81992887460123,115.90236033688541,102.77457932354031,130.55061094008346,119.65166834714913,118.01282268555805,52.876215104929706
1353,878.7419099618304,2406.8506923856794,0.8877611661040311,0.15181114033346438,-0.08898240202602602,49,0.0,0.019167421446099103,1.5483777890942023,-0.4746923322453447,878.7419099618304,2406.8506923856794,1468.895862597945,0.0,0.0,8.152237011988053,-41.43513993986406,110.64230338014032,114.00469859657736,118.96192231762109,134.8802017916338,124.0230060762819,109.90000544625318,102.20702219253825,116.34953957075567,110.2600731631364,132.19695492027384,118.53265117782965,117.48532909534029,59.45215486956343
1354,2223.033916059218,2408.923362557508,0.4119170204120693,-0.08733053076932232,-0.2754655404603441,49,0.0,0.020566962878890444,2.7291885030420344,-1.0900838327655311,2223.033916059218,2408.923362557508,1433.872133685919,0.0,0.0,7.40513481011369,-41.434454746114575,113.64638747547347,103.44502696063843,136.73929141436986,99.3549822536321,119.88724640140059,108.406353533337,125.67657494404159,122.2642643916759,117.49554361712642,100.3366608918804,109.14687788322311,131.54809087472893,45.92483304439095
1355,1702.1247977960047,2410.880322273307,0.643301842212761,0.1209014505588349,-0.05569326798342529,49,0.0,0.055822359249301984,7.593599492990542,-2.201119218850679,1702.1247977960047,2410.880322273307,1542.0818771231227,0.0,0.0,7.694633285901867,-41.43414381783525,128.97512931700004,102.87564681759177,123.11651275279581,145.41817883530214,120.92860413135317,118.51698280174413,109.52763113091387,112.69693294432477,136.12283379512903,113.17457566398471,133.21141130723623,143.2785898796829,54.23884774606422
1356,2116.4538545430546,2411.4661429480843,0.9483949222485658,-0.27200442979148054,-0.165659636493791,49,0.0,0.013397360612342578,1.1210098826979322,-0.12402360325875161,2116.4538545430546,2411.4661429480843,850.1666016536608,0.0,0.0,7.4643709515376395,-41.43355756572793,70.83318653379345,58.87939798066896,60.38755034071576,61.155596062635425,66.71507407903582,73.1164389678977,81.61834055039162,62.060340790911354,55.4822544372778,67.90885747122084,73.47654153120877,87.25551351846647,31.277509389436787
1357,1456.0101012231582,2412.01552568579,0.5861841540509585,-0.09371053688383249,-0.30881044856185186,49,0.0,0.009270297970156166,1.148112691967124,-0.149961294844551,1456.0101012231582,2412.01552568579,729.8154727851035,0.0,0.0,7.831412307382264,-41.43365672572969,61.96667118329643,52.47895984496817,55.25893410979559,70.84272541289137,54.489809650756534,56.25941685265692,52.76614752335389,54.336455911502796,65.904411664277,69.40980397466117,44.6911487799773,65.98787336857362,25.423114508392686
1358,2022.7279925202229,2412.0086642943575,0.5649684213164602,0.12906525816958928,-0.2124752514936274,49,0.0,0.07193378933194906,10.405927758226648,-2.543202016346605,2022.7279925202229,2412.0086642943575,2066.3874935389003,0.0,0.0,7.516459190721328,-41.433449108206254,139.90027331193497,163.01197809421225,156.71422021655712,167.27000341218454,148.20840465858794,174.90202006498777,176.32790665448437,177.32989408274028,162.61922175917132,163.9209694092424,202.6139379539243,166.23572250240474,67.33294141846838
1359,1266.2289304160468,2413.115224817892,0.6460690453378314,-0.0780743641265348,-0.21838185711468816,49,0.0,0.016392997551704473,2.1002702854034987,-0.8056879700560726,1266.2289304160468,2413.115224817892,808.4783269864829,0.0,0.0,7.93688161038933,-41.433077036753765,73.64715523958941,62.27972353136367,65.680078783576,58.76680181118482,69.92756015080218,47.603313097107645,63.029714327732414,67.1063616463075,61.68615571893608,66.39264704443359,64.24327429714948,79.00929006872636,29.106251269573846
1360,1405.4442240819394,2412.8966111591094,0.3627002260076048,-0.0732226235981448,-0.1798650670524957,49,0.0,0.017555118252563683,2.913566362590564,-1.1610622862684905,1405.4442240819394,2412.8966111591094,1084.6757134587433,0.0,0.0,7.859513689144251,-41.43326666088984,75.36823157515869,80.70344122726436,86.10440262188641,81.84541520201014,77.4577982209588,100.72205586558431,83.29389741667305,92.00322783975716,85.44988358470962,90.4764961944451,88.13633467314983,82.46764839897713,60.646880638168845
1361,2361.2240322060834,2412.7953621223774,0.4612151176369523,-0.14690663670453025,-0.20672926768952013,49,0.0,0.014263505266722052,1.7987933411102686,-0.6374531779985739,2361.2240322060834,2412.7953621223774,1007.8917017260577,0.0,0.0,7.328347919080042,-41.432585899442586,63.60665903093225,71.93789086165822,100.20009640313899,72.50756166799749,91.73880373717566,114.39914211396236,73.8117791108972,76.46007125414424,61.04592980991682,82.11229099988344,82.137558681255,77.06907615805838,40.864841897037614
1362,2002.8063869825946,2413.3837927421573,0.39903120714421864,0.5236800329955538,0.1725281012898556,49,0.0,0.014207932096377917,2.0945542555852334,-0.8027290361117991,2002.8063869825946,2413.3837927421573,895.3308037335164,0.0,0.0,7.527532468264665,-41.43289812738219,69.38446691691303,87.34122264649879,62.87417715416069,55.401253835872296,88.80319545726218,56.433384553298225,71.48469068244805,64.27131865652325,67.14537332796635,66.58933693542794,88.85742211249219,79.9430495666895,36.80191188796386
1363,1111.0650508441752,2416.778774127704,0.6235514488257402,0.036477377130889464,0.03215492383175713,49,0.0,0.01689590150590223,1.8854214261088185,-0.68852109534335,1111.0650508441752,2416.778774127704,947.077255725932,0.0,0.0,8.023105767235503,-41.431379724269064,55.54766962665097,70.91300077364376,76.86788432643185,77.73197655918611,74.00707562906766,76.90098084614544,75.77047607150321,99.67250151968216,65.37499057516635,79.428030740805,77.74290031751795,81.18667377578913,35.933094964342416
1364,2849.524202903362,2417.680003814979,0.3592586050999639,0.28796400673377176,-0.47393195192101023,49,0.0,0.01108067874538893,1.632475696808618,-0.5321168112835899,2849.524202903362,2417.680003814979,937.2568837401814,36.45120551818138,800.8728872275958,7.057023793345254,-41.429238707287645,73.2379847236165,81.42400667279219,78.31530352416814,86.255985301316,71.80213690156798,72.83164410812748,84.56135721697456,66.12704201076727,61.08309655253072,73.81129923884181,74.32749265333305,83.39851431658735,30.081020519558194
1365,1362.8286710229547,2419.6386360356237,0.843567854570515,-0.8876236826419129,0.020763033943904666,49,0.0,0.012489080440589542,1.158264782153564,-0.15951962879656725,1362.8286710229547,2419.6386360356237,865.2492827792936,0.0,0.0,7.883191364773451,-41.430432930987216,63.45348837714822,72.66039120592123,67.97644463752926,67.8816501227353,67.32852395986004,67.26742685694333,62.07925914050257,71.19562290082757,71.76477264432086,58.1267655426759,70.19257174548198,91.85978718809992,33.462578457247446
1366,2440.947204939427,2421.670428342179,0.4046030064452269,-0.14021576901661054,-0.0003788901480519212,49,0.0,0.008035890149067729,1.169308642205449,-0.16982289876608114,2440.947204939427,2421.670428342179,714.858713866146,0.0,0.0,7.284071303940042,-41.428717524491816,40.85253350475013,61.056808033256694,54.46787616539072,48.99520911401359,54.47112517342708,65.08865092302023,49.22258752855656,62.20879485930249,62.95023971007336,67.10660019235252,59.52537717365599,57.31505069672461,31.597860791622047
1367,890.0125426157524,2421.934675800993,0.7263333568684709,0.6790766189235486,0.14293514591185286,49,0.0,0.013550474731170619,1.294453107516667,-0.28021580607434804,890.0125426157524,2421.934675800993,1055.4436654645697,0.0,0.0,8.14593494895282,-41.42887690353403,98.34943021612207,82.61863362655026,69.00786831273761,94.55911348506399,87.55698969639506,101.30215822116712,84.27985853304564,63.89785276336608,84.53927463410659,90.20984092874897,92.5376933909912,78.49802244239115,28.086929213884048
1368,1867.7122132096888,2422.1039318731573,0.5777965499178424,-0.18996541907045894,-0.31733567126985435,49,0.0,0.04675023373931687,6.361211307091216,-2.0088495555894537,1867.7122132096888,2422.1039318731573,1592.9999504821244,0.0,0.0,7.602618195202694,-41.429385822436785,105.67243879506975,128.93275588706774,123.35424583883868,138.49004215639795,118.33954601109883,133.22629727322,121.45365792463977,139.81485993637335,127.7957609184018,123.6870587699039,136.73579396535973,140.99989631170192,54.4975966940511
1369,383.4694292645661,2423.27043450904,0.6748696270829887,-0.22505262229577236,-0.5634908385184976,49,0.0,0.014991829756591317,2.258030070011583,-0.8843243027336065,383.4694292645661,2423.27043450904,549.4025521423017,0.0,150.30669724322433,8.427398142300884,-41.42701508698308,0.0,11.60201777613743,0.04928680453618777,83.27282515869155,94.0407355637018,107.02614390685811,56.90730650181792,51.878551573525506,17.44874525278289,22.59557017426357,51.94666119444109,30.405612177095684,22.229096058450036
1370,881.2645558621315,2422.983835369046,0.6630730728633621,-0.2482093839336413,-0.5799268584217957,49,0.0,0.015945731846762377,1.788281750059144,-0.6310898611723083,881.2645558621315,2422.983835369046,1109.324887372754,0.0,0.0,8.150793403506873,-41.42842305836834,98.27480521699157,95.8651178052771,85.50474860053625,100.47343178282122,78.7205161569579,102.18678804971671,80.05045410312036,76.79966361183529,88.67141986281455,80.41741077005442,89.41351164631453,93.2924826214377,39.65453714487644
1371,1939.5537796982778,2422.6449155521877,0.5438832798293838,-0.12565085622423794,-0.14404058166277828,49,0.0,0.009711922568225747,1.016614057950697,-0.017890277306643526,1939.5537796982778,2422.6449155521877,860.7489940833257,0.0,0.0,7.5626957253265665,-41.42910218799423,56.98137739635428,73.19483212507568,64.08160818875419,78.31205339295119,66.9926984839968,51.723999265790326,69.4578300155685,70.31849717268383,88.24118830250906,73.4497425046502,61.42255462159015,71.05349188981498,35.519120723586525
1372,2196.187850621635,2424.0568988545565,0.727904194248657,-0.07857262674570499,-0.01455315643534374,49,0.0,0.015084503350369217,1.3840135116036048,-0.3528508249879809,2196.187850621635,2424.0568988545565,1144.3192746108477,0.0,0.0,7.420086705552136,-41.42819316755808,69.45899620875247,104.34402377922893,86.85282934410247,90.61998871230217,85.00329918866495,83.4109156827138,67.54016044414116,96.17847643830402,78.23228546336387,119.06727462795328,102.21863130704638,117.78552091630684,43.6068724979674
1373,2300.413920209214,2424.0227503483884,0.4486642064143371,0.08553856142192744,-0.21836289192603886,49,0.0,0.09228509259108132,15.6469854121766,-2.986076694168225,2300.413920209214,2424.0227503483884,2657.474525854088,0.0,0.0,7.362169594924269,-41.428026861830794,210.8612341551145,219.1750712806279,201.44539641887474,254.42306625966927,213.10794914075683,219.5356037704874,201.16613614385165,218.14301630329544,195.67957899569393,190.77096295086113,209.21696186042215,235.53990461113165,88.40964396330142
1374,1154.6914491495484,2425.2685178448123,0.6574364606878859,0.3697554483476429,0.2337590683349557,49,0.0,0.02827032736575424,3.0670680406964057,-1.2168085264994335,1154.6914491495484,2425.2685178448123,1428.2499080197867,0.0,0.0,7.9988479749491646,-41.427897045848745,98.61866296447367,97.73889875562992,116.8182583941655,115.55168576981018,106.20464128373231,126.63559365397295,106.92346749718983,120.37604897793028,119.63985018805127,113.62248554080577,121.89484646961978,122.49356861231901,61.731899912086114
1375,419.9825787900051,2430.159869690128,0.3859946343459907,-0.4770350847976395,0.40206957861030446,49,0.0,0.009590341934406084,1.9924121860987003,-0.7484479733094128,419.9825787900051,2430.159869690128,1172.333000745387,0.0,433.5092690890772,8.407080916359995,-41.42426180921469,35.02357967714881,59.720263377015364,112.33667116472073,247.17303560598975,71.7812637639544,80.2199826779189,77.46934025923463,92.56688258488661,32.293036169455966,238.01006311789644,37.809359986223285,54.15427024620044,33.77525211474175
1376,1491.3731569158854,2429.456141723363,0.6087113721907688,-0.42213874569051346,-0.1712564566441053,49,0.0,0.01518501780464361,1.739405543221031,-0.6010021244283402,1491.3731569158854,2429.456141723363,976.4493560681037,0.0,0.0,7.811752422692289,-41.426402058154785,80.27532048739045,76.45632042456343,73.91012653502219,79.85117178929124,84.20373149648691,79.99544342422757,62.0494428923702,70.85928808918564,77.64972304719265,79.95202480281273,85.5515926180974,85.55830584577735,40.13686461568595
1377,1385.6462508920258,2433.7651964574957,0.627719031648133,0.5571228520917996,0.5887037972144681,49,0.0,0.02076117162668657,1.5659434977169386,-0.4869402195403736,1385.6462508920258,2433.7651964574957,2300.3948229499574,0.0,0.0,7.870500242875491,-41.42456089543551,179.02544456941524,160.7825863725385,170.82243104076693,182.46857599167413,163.4414431968602,197.597434097564,198.22974895092938,196.57101767900696,206.72965951752096,182.21139792403966,193.9254441644219,192.255418442402,76.33422100281743
1378,1076.9407020572758,2434.540633001019,0.46882384790340553,-0.6782291745658495,-0.23274511016250846,49,0.0,0.008021085664661524,1.066460052295875,-0.06986148047066333,1076.9407020572758,2434.540633001019,739.6962975196941,0.0,0.0,8.04203600511039,-41.42393309168448,56.340783294045714,55.806957069800106,58.69561403534207,69.9883111016213,53.0937496639458,68.35616235476908,61.50443038061859,55.60189556721304,48.73313517250695,61.30625862769206,55.705471432803705,64.2996658642707,30.263862955065036
1379,1915.2571911355228,2434.445685925851,0.6786239171535696,0.17102525014877365,0.11690909399938412,49,0.0,0.040329573342761105,4.218580923844631,-1.5629159611783414,1915.2571911355228,2434.445685925851,1777.2961094767302,0.0,0.0,7.5762108697937895,-41.424206640477,121.1289163004526,137.57945075693215,132.77373835283962,146.11714019121786,129.57656777815652,144.0635774291372,148.77090237575027,157.1251449658077,156.91163333196008,151.81737006448975,132.26107466897824,145.25951610741475,73.91107715359311
1380,2093.5918121116815,2435.723787869618,0.8573510817428027,0.12225200928479664,-0.1944655904456748,49,0.0,0.07085385163675502,7.894917007870531,-2.24336892255701,2093.5918121116815,2435.723787869618,1497.777213812934,0.0,0.0,7.477119258852554,-41.4234815398432,89.74519594598232,115.48692232064306,132.4980078578937,129.91213398822615,130.64603630937467,104.77823388706108,117.67423230084094,134.33895962094383,126.4001478136398,115.71946788378241,119.65709317867993,125.31038365655883,55.61039904930733
1381,1383.0063092450168,2436.4494374976225,0.6257183240553958,0.8156157048840775,-0.3343432201003971,49,0.0,0.018404715157921362,1.2926642404984319,-0.2787143372691411,1383.0063092450168,2436.4494374976225,2331.72524648083,0.0,0.0,7.871965086668176,-41.423440979594076,183.0131762952227,160.00399469989003,165.2438805024796,198.29093494504957,176.7831294973234,198.8508250174995,189.1072619973822,199.6444398920745,213.37536723517277,186.0971397108206,193.70775353045372,189.4213528963697,78.18599026109159
1382,2757.024012986616,2437.804671376632,0.7797388350358823,0.1172992409473486,-0.45407852759258105,49,0.0,0.018968638447961702,2.006010964896783,-0.7558332563834222,2757.024012986616,2437.804671376632,967.208076944154,0.0,184.67159869388914,7.10850561031752,-41.42115174658645,70.60469879128986,72.56503488868906,74.5937591315118,85.01477073639154,64.63841887243063,69.95727837938468,73.89429192059976,97.51013090037159,69.86255637352556,83.267762406365,65.97706298451197,94.44482230592723,44.87748925315529
1383,1046.5685999877771,2439.386099605674,0.4887766155424587,-0.24081912999571786,-0.1871340796096425,49,0.0,0.019221570658011826,2.865213774367684,-1.1428925758499044,1046.5685999877771,2439.386099605674,1000.4327030965719,0.0,0.0,8.058902802133888,-41.421870505440346,66.30943549157155,76.39061414694606,78.67239410833068,83.66717372546148,73.18160832021667,82.84052042188442,69.75131237011749,87.28659953740362,101.01315890343622,99.82356021563558,74.91912573220131,69.29834707125792,37.278853052108786
1384,1908.5753147730366,2442.3026755464034,0.44332404344662674,0.3464240421066836,0.02279800610321621,49,0.0,0.013209401984963688,1.9508351028134199,-0.7255514039261156,1908.5753147730366,2442.3026755464034,1022.7641949998919,0.0,0.0,7.5799324516586974,-41.4209385942721,86.00217117057795,79.36531683387331,75.27569737287843,81.4893282686723,81.63387019112032,75.14486962339329,86.15728394589344,95.9088137610945,84.69245762321168,71.63932972368197,83.94849467257706,76.4770438448595,45.029517968058066
1385,1668.3271554739533,2443.5634926095477,0.36626038657063964,0.29155273140112614,0.061609322194264134,49,0.0,0.021547229869130068,3.8786216229489834,-1.4716935356974226,1668.3271554739533,2443.5634926095477,1105.4843937714356,0.0,0.0,7.713424469437645,-41.42053398395545,77.64385874808094,89.4907107208454,77.21470569768753,75.06833579084665,89.0514174893533,95.61654864115252,82.33795454088254,83.0482609525825,91.761013399214,96.27034676429687,104.49021853096117,96.44754656356912,47.043475931963016
1386,2182.3115324109394,2446.3610990687835,0.5939260488767115,0.14750704861988828,0.31868783622116953,49,0.0,0.013352563359293997,1.5601978860580406,-0.48294921282960784,2182.3115324109394,2446.3610990687835,866.8664393251031,0.0,0.0,7.427844227546534,-41.41892208686499,66.21399235006723,65.24529059792513,58.299405023943706,74.47809581048969,91.43419044015097,58.81565855670227,62.362513091137885,59.63376640026445,62.05371094334848,70.02041676663507,79.38917771457734,80.16582516005873,38.754396469802145
1387,1895.2753352459672,2446.9361607160567,0.4542914964404367,0.35385664547016976,-0.2653185577046436,49,0.0,0.01243025504361614,1.7457869658833354,-0.6049781167714406,1895.2753352459672,2446.9361607160567,942.0176922378483,0.0,0.0,7.587327332079532,-41.41901877300598,61.40126272482696,64.83198741579221,92.63156719073751,69.91020733899308,75.74026601310496,76.68233051900162,75.01513904103645,98.78435774061396,57.79689210591694,58.09027974945427,83.29760220652024,78.00193922465215,49.83386096719795
1388,2244.898532337073,2447.6645722211883,0.6860776779012836,0.17742494421221802,0.0797835922981195,49,0.0,0.013156376260012323,1.3621297751205497,-0.3355462159569965,2244.898532337073,2447.6645722211883,898.9814625335127,0.0,0.0,7.393073354338488,-41.418276434883744,70.19520759894505,56.866088654278336,79.18396233900242,80.74233391860918,63.831205232952634,61.688107274834934,62.75733157681154,90.25146710580725,78.70162694948817,85.49603059495021,64.67716409880062,63.60002031229932,40.990916876733095
1389,2362.6685151852594,2451.2077234706726,0.5621025373540404,-0.14319441551957984,0.0058983578891128865,49,0.0,0.027383941086281182,3.419281509011038,-1.3348371441947822,2362.6685151852594,2451.2077234706726,1364.8336557368543,0.0,0.0,7.327650294082059,-41.41657883260991,103.35983205757245,99.01236968757216,107.6580179803397,112.8398746925173,118.91247810670754,123.70544755905763,95.84861992996866,99.75313740067772,126.76899102364808,99.97943323297406,118.6317657196814,115.62249075908782,42.74119758704981
1390,955.5869166242749,2452.2863898605024,0.42644747729036914,0.011874878817190076,-0.05824314032827447,49,0.0,0.02150744898384145,3.261772237352893,-1.2836340797478503,955.5869166242749,2452.2863898605024,1148.371492773782,0.0,0.0,8.109425519356613,-41.41634990227496,96.4153993603299,89.88780902369301,99.59945381756916,95.38427531792067,83.4907222556186,90.0022180122682,93.61727578852978,95.36621384302967,87.5157252679208,95.32452858799127,88.65878321472763,87.09041180930939,46.018676474873836
1391,2200.457472843841,2454.747015121687,0.29713517329782535,0.5077258135551549,0.14609067037818624,49,0.0,0.007945373985225391,1.202361235861372,-0.20008741536496016,2200.457472843841,2454.747015121687,863.7987706408219,0.0,0.0,7.417780215326171,-41.415399487798695,62.93461022681627,53.77790803849064,78.53430287329384,57.645718640205885,73.8505092545906,66.19876829485193,60.98585260786287,82.0074549758155,67.34014486875745,79.72986969782127,77.29016820477514,66.31298740059653,37.19047555694394
1392,408.24527317128906,2458.4392326858765,0.3719293332637027,-0.16364979732121865,-0.485993872811612,49,0.0,0.0050010200156872225,1.0746944106402987,-0.07821247542040068,408.24527317128906,2458.4392326858765,663.8597833138222,0.0,176.51140261967447,8.41348130678679,-41.41244275076895,6.4855596133331845,0.0,24.78387673513174,88.27562388655926,50.421996379246636,100.16952220240647,28.547894662736255,27.961794920608778,41.49891795804198,66.9004979073091,124.50543355910311,65.68814518878263,38.62052030056293
1393,780.1973331399143,2458.306386094717,0.7297284022931575,0.11119400851030747,-0.10538454461338918,49,0.0,0.04830772317611211,5.610150804970641,-1.8724363389186234,780.1973331399143,2458.306386094717,1498.2708490701962,0.0,0.0,8.20685056961458,-41.41349832454287,121.65651480914237,125.20111195316426,130.518993437137,132.9459572554114,115.14879665811573,131.79132866323909,118.51618286432989,108.02615890301966,125.92915755510602,137.15422087142176,96.50931793808039,105.63817978007236,49.23492838195619
1394,2392.5513995420333,2457.661713369802,0.5402370138412593,-0.293796065844407,-0.17952498534629982,49,0.0,0.02204507513304791,2.8595204801940057,-1.1407330283943424,2392.5513995420333,2457.661713369802,1306.9061533180698,0.0,0.0,7.311066321765043,-41.413827786337926,106.69271800785985,83.10290366053546,107.19869287545615,114.53387134529328,89.50612965678883,108.61704846124637,109.96437622800076,118.08367379879573,109.90964405448233,75.56574675115412,129.82413088283408,111.40937185587012,42.49784573975239
1395,1879.978392014877,2459.7845854518782,0.6070438779668471,0.21144485610085606,0.006914160982213902,49,0.0,0.038291543734591954,5.573026658684781,-1.8652278012938308,1879.978392014877,2459.7845854518782,1225.1420891848607,0.0,0.0,7.595839539565354,-41.41367722890515,67.24982953639001,95.59105232797037,100.70730041889368,103.88499548572734,79.48457948300052,107.96184036653591,95.4960503282019,112.52124079596291,98.08907962900619,98.31040865667879,109.14762824825642,113.46564048517736,43.23244342305908
1396,2094.85152584081,2462.4931925174856,0.4299266442959646,0.639860170833653,-0.10879779803888533,49,0.0,0.008827915057310072,1.1415174189313857,-0.14370635743261434,2094.85152584081,2462.4931925174856,832.0944667571646,0.0,0.0,7.476466792265731,-41.412326512244654,60.29715843193508,71.5923769703937,74.95149195283057,66.55597315038911,62.54122960138343,70.92007927188968,59.20858986134261,72.04768391041465,71.10269615711263,72.00497664908107,69.94486058811876,61.8494712180989,19.07787899417436
1397,2107.0390854772777,2463.7060237205183,0.6060452905785869,0.3744979353570717,-0.0009312428840994692,49,0.0,0.020154304503145908,2.5391526553132278,-1.0117220292296092,2107.0390854772777,2463.7060237205183,1028.6775073348672,0.0,0.0,7.4696981070109425,-41.41180489242361,89.68990445477613,71.98102947198198,95.23230735554318,112.98075827281613,59.230203242777,82.39542085779996,68.22005234791817,78.39643429603333,85.49355783840912,102.07177626499166,74.91620635483554,77.4616528867873,30.608203690197676
1398,456.9418668371962,2464.581333735615,0.5140991163932961,0.3381161057997362,-0.16278569713109242,49,0.0,0.008625694782368562,1.3529405156066825,-0.3281967562544386,456.9418668371962,2464.581333735615,1104.6469289195907,0.0,565.4642565911661,8.386404470693334,-41.410035780223716,66.86547360808494,240.2110782903626,110.48885948009065,88.90079897086308,108.39038876855821,74.64445934501097,78.79450534164536,68.69543266094857,58.0185193966562,50.39850859991361,50.66633494672763,82.17248081360987,26.400088697119052
1399,1895.7986825052415,2470.7558677893494,0.6227797781906357,0.23020485287561665,-0.10810792222498639,49,0.0,0.10198723419764107,14.439095324475241,-2.8988499588637575,1895.7986825052415,2470.7558677893494,2372.094087266938,0.0,0.0,7.587061792600549,-41.40909390997657,176.16672219158306,197.55249070417398,198.11041042372267,163.89671456655327,195.0042198744708,174.2597923834603,181.16874604809988,198.09349250565452,176.83106408557282,198.92711122208001,224.22325705881616,203.00732083850795,84.85274536424257
1400,2748.1126548332736,2470.5221566988757,0.8219947773008369,-0.19006065618319562,-0.4763540901932728,49,0.0,0.01272055583550757,1.1203779076437155,-0.1234113413217437,2748.1126548332736,2470.5221566988757,857.7214885689051,0.0,330.97896905834136,7.113591413188268,-41.40754827886691,60.8752123164568,55.39515333881137,64.37310292949589,57.43378572253413,59.8956565557629,67.64065588671336,69.56708932582225,73.13744504692097,79.055355240999,68.26380022943766,83.50429169977306,89.11414711098698,29.46579316519083
1401,1386.396714719131,2475.6748591002483,0.4694278938194771,-0.40634213527424323,-0.288498296878807,49,0.0,0.01401749121408878,1.8158840325213674,-0.6477202744987192,1386.396714719131,2475.6748591002483,907.100476777475,7.009262193174435,0.0,7.8700510271321376,-41.40709967817947,54.939932897981066,87.089661093986,59.89534247760471,67.67254542570069,59.87786590172128,69.18591969528165,73.26397870630913,105.69777755593603,74.4093310205931,63.69048809935268,71.45987002477416,85.55021583341752,34.36754804481711
1402,1642.0836651218945,2476.9319755337224,0.44341237667071814,-0.8321429162791771,-0.24692620088836262,49,0.0,0.03942092521620425,3.9123816015624304,-1.4811030197944794,1642.0836651218945,2476.9319755337224,2807.87781044066,0.0,0.0,7.728011338699401,-41.406634831910395,196.1089403704525,248.8650392330702,261.7205647239121,243.17062144628062,227.48033796305606,206.93963163414708,204.270153599587,234.00213500732727,216.92106746163867,227.75379755286178,235.72755279988212,198.88202336560684,106.03594528283793
1403,2268.6662096238397,2476.6486510240684,0.4972491984734333,-0.5264029310841694,-0.18955706380142923,49,0.0,0.014871171116385725,1.8258137043243818,-0.6536411562823403,2268.6662096238397,2476.6486510240684,985.2195383800444,0.0,0.0,7.37993749948526,-41.406158771378344,61.613082967314504,73.90235263978093,86.61139019385122,78.1622152278572,83.34450128113865,86.2888689513172,66.91576524859882,80.18707320163155,86.79695851996141,82.70508048238622,85.94570309443172,75.18165413586642,37.56489243590842
1404,1482.6728292203534,2477.8316206292156,0.49385055406756656,-0.35538851553274253,-0.36943905776736263,49,0.0,0.012538907067524347,1.541721290025482,-0.4700146743258734,1482.6728292203534,2477.8316206292156,930.563997036839,0.0,0.0,7.81656663675252,-41.40624375812754,83.23422320564525,63.54515645094021,89.9800465434403,77.83793726658456,66.35505544789979,79.2965407341834,68.09246122756437,79.85749826627162,68.66492235353242,77.07648284765591,76.92781010455963,64.37992801567614,35.31593457288551
1405,1748.7976016483183,2477.5961185323636,0.5744308375341047,0.3210811333220624,-0.0023239066745505943,49,0.0,0.2203955561883146,32.45508714395495,-3.7782069489419245,1748.7976016483183,2477.5961185323636,4860.5240337619525,0.0,0.0,7.66873015509815,-41.40633104695555,372.65660292687795,375.2245742249031,384.2568302886709,410.3705865214164,415.534570789668,404.95843540166186,348.83846767744194,389.1286272860925,395.995575027417,405.04956925515467,370.59070246221086,421.8314827816738,166.08800911876457
1406,2455.1585633859754,2478.269601878819,0.7210104898314951,0.09233963357236627,-0.7163152088072229,49,0.0,0.01045494410475681,1.007132609699173,-0.007716645273987004,2455.1585633859754,2478.269601878819,801.4226815969027,0.0,0.0,7.276347955292192,-41.40510404404773,64.3167877330769,68.94449301357398,67.58795139137484,52.6697186743814,64.60744481102404,66.54329105001172,60.99439474794805,73.73658314065162,64.71561392650024,67.0998302670319,64.03520066943105,57.13577263502852,29.035599536868403
1407,826.2934151215928,2479.962998483119,0.41467843935986576,-0.295137994434354,-0.4155354313195403,49,0.0,0.01818065884913817,2.5264329025695305,-1.0062694216535606,826.2934151215928,2479.962998483119,1210.5000582716643,0.0,0.0,8.18118161963396,-41.40457356566605,98.64688421546083,106.67834571747153,113.55871742681911,90.51476311540608,85.75786188733696,95.68567770332349,93.78321733142671,78.64589243753478,108.85237311253789,96.68568512033248,96.75922255723036,93.33346448917226,51.59795315761184
1408,766.706239637844,2482.3134396639143,0.46254818663276165,-0.6088018939633488,-0.0526407178544982,49,0.0,0.06233903308846201,7.41055692081605,-2.17462711864892,766.706239637844,2482.3134396639143,3442.5899596233467,0.0,0.0,8.21427372168878,-41.403466296124144,258.0281792489066,279.81254090768005,250.49581280001001,269.2600096257868,286.8464811065802,277.2332747322587,258.58891537789964,281.5620374454368,316.83744737127665,276.265281172441,282.4037827678419,288.15702517762304,117.09917188960554
1409,1395.77432543527,2486.218564844202,0.8466372791175537,-0.3794232793403497,-0.24607301617380511,49,0.0,0.011580193506266632,1.0308375032619865,-0.032975525966693016,1395.77432543527,2486.218564844202,816.2809677100503,25.124895410856126,0.0,7.864833823151646,-41.402711903420965,53.583878848540095,55.44982573046131,60.665693458875396,59.97808722829331,60.45777579626696,58.044482983616746,72.80648579793123,68.61559411450423,80.82072155516569,61.72938033991693,63.3316207615721,84.14670170094996,36.65071939395634
1410,978.1370808865479,2490.010129199593,0.729230690032874,0.1558859016663534,-0.10934211643257465,49,0.0,0.10278699245833203,12.931814832898931,-2.779148693601898,978.1370808865479,2490.010129199593,2240.502812397601,0.0,0.0,8.096812716300086,-41.40067078580134,166.56627924937146,172.06690209733648,159.2219259713001,177.86044125159646,204.0992185548268,171.34233175284672,177.42664061341623,192.1454250263905,190.65399081208022,186.36802441433383,192.38777145388906,187.69392969610539,62.66993150410789
1411,2646.2870760384085,2490.7290619577825,0.5262676818089781,0.03639299861004944,-0.3511628504903266,49,0.0,0.28357439899834186,39.82391243887514,-4.000359810947859,2646.2870760384085,2490.7290619577825,8272.976627218868,0.0,0.0,7.1702291844215775,-41.39942788382819,595.3741889360547,693.1503121855112,680.8005006933255,682.7928199895821,649.8881213532088,685.3214356773633,670.569805549735,644.101377831732,689.3880007956038,655.061393680846,664.3301790448609,671.3500194711141,290.84847200993266
1412,1200.9350152626464,2492.974938725787,0.5660765152990718,0.08535487707702138,-0.02206362260596044,49,0.0,2.0956122236012518,319.375562434258,-6.260754205727338,1200.9350152626464,2492.974938725787,40088.730390138066,0.0,0.0,7.973053575731949,-41.39973961581235,2904.835021273864,3238.6964982620466,3236.6499287158563,3253.3699731362526,3114.98541232276,3155.2461809347305,3183.3616149037543,3347.7547873693566,3241.4430189488867,3258.1193566013126,3371.6191857684603,3307.8630770113664,1474.7863348894114
1413,1087.2786362009037,2495.3840510890486,0.438156433839446,0.2578663899473632,-0.08258956976229724,49,0.0,0.017612199702064915,2.667269642794515,-1.065167305308601,1087.2786362009037,2495.3840510890486,1010.921808261317,0.0,0.0,8.036179606077619,-41.39859731309091,63.59569241571646,84.35023405059448,75.10135317297633,79.30383256508529,87.24871785042147,81.98189108950126,87.25928096998365,86.73785333401618,81.10291503163015,63.362603349215895,92.5502141605635,90.32805634133334,37.999163930278996
1414,1415.4621159503708,2497.244958027075,0.20834312479057446,-0.2755500116096529,-0.3195916590642313,49,0.0,0.00573871876195488,1.0408775079517452,-0.043499060205975895,1415.4621159503708,2497.244958027075,793.1429551981782,32.65924042943341,0.0,7.8538902621872895,-41.398128023413804,58.05585928092869,44.49144761816542,47.72490927075886,60.39112539021427,61.41319046797699,49.264647563452755,62.227533931237616,68.06951832676668,80.47798836600224,76.00888540208666,78.69472103083979,71.82165639434501,34.50147215540335
1415,1519.560299521163,2499.0047216205753,0.5554649216282495,0.039790467830304564,-0.10909444636277901,49,0.0,0.14299630547238215,20.8183574630905,-3.2961161533714174,1519.560299521163,2499.0047216205753,3548.9081447167746,0.0,0.0,7.796068945652384,-41.39743179832033,245.28896299335736,270.38670014050706,263.3638752390948,288.7398617293182,304.5159870270269,294.8191278298389,273.69559384294007,292.3203651513449,327.48014312699274,268.84273584693227,265.1410474193177,316.3957708147275,137.91797355537585
1416,1573.849668498002,2500.454569126622,0.5255610085816392,-0.06380928064524267,-0.07994685663347503,49,0.0,0.16565177469687598,24.833533395453895,-3.4875962919365104,1573.849668498002,2500.454569126622,4130.479909947166,0.0,0.0,7.765914352609057,-41.396835521764864,301.58308050403014,333.34265453919977,316.9378191488232,341.41278118584086,328.38327053334797,324.9763171817797,328.8569017922223,341.9561133039807,329.9205928242658,337.1479859505009,357.0219064563553,327.8678112563673,161.07267527045158
1417,1328.5500923349623,2500.8972003285726,0.4822314255311372,-0.2026950889613572,-0.09791374941923259,49,0.0,0.019500409586785835,2.933533357040536,-1.1684775772955454,1328.5500923349623,2500.8972003285726,987.5339116401606,0.0,0.0,7.9021613847492125,-41.39655328146569,68.73188219803231,72.17458771333432,77.74192907807279,72.01996205857516,94.46899152438948,77.0789624499404,69.93070059044305,67.40543053671293,80.1072106561672,78.18633652816811,96.89009838074355,92.92102063859434,39.876799286986895
1418,2687.275663694938,2501.222468146133,0.21059439164753585,-0.1444009006177617,-0.9753827864259138,49,0.0,0.008109845919102595,1.1987382834341365,-0.19681093842434183,2687.275663694938,2501.222468146133,1027.7653368247916,0.0,5.804182196931413,7.147504620765098,-41.3949393217298,78.66719142214835,97.82538339793811,82.551068392453,73.86359940700734,79.58210505216564,81.01487639783554,82.44563202519012,61.015368601065845,88.94414260031157,89.25853816499944,77.56955718933835,83.88012886195325,51.14774531238486
1419,2177.1739630650923,2501.5243945595116,0.44007487825548963,0.4259145965174397,0.21712937595217327,49,0.0,0.014039473593779926,2.0412439980376336,-0.7747373019270675,2177.1739630650923,2501.5243945595116,904.9435537317963,0.0,0.0,7.430812857989151,-41.39594662416079,64.94067636074587,89.11026289090327,69.55706499856248,64.28519848411717,56.466052502273406,84.4439869414926,66.81849958911458,82.46622587804471,89.10920930400923,77.66532311339246,60.902819451867664,72.39126008423378,26.786974133039138
1420,1614.0908213444764,2502.950220276024,0.7644735015304083,0.10197899378033601,-0.19416123367185592,49,0.0,0.027009883029338436,3.1963131769142477,-1.2616233129802557,1614.0908213444764,2502.950220276024,940.7837355919094,0.0,0.0,7.743563155594837,-41.3957964136262,75.49617459903507,73.0669851204907,75.97458426500803,85.36347185767644,63.28589080499452,80.04720650320094,76.86982219031111,52.60681135231518,73.88944973588053,74.98992873278252,77.4373361520294,80.06714176726133,51.68893251092365
1421,2780.702187295787,2502.725674871396,0.5174895337665659,0.1068920074786003,-0.5237100757484552,49,0.0,0.22686351746557962,31.451583810363346,-3.7441063003500457,2780.702187295787,2502.725674871396,7419.4102858804035,0.0,5970.581790929705,7.0956252074195465,-41.39403024333896,555.1444353693131,540.6617983090837,602.6219148284333,612.2624382672738,597.7230650029115,646.2393456259058,554.1356955377028,597.5649045579094,628.6219148566083,579.0402508883571,616.073931586857,593.6252057782986,295.69538527174893
1422,1035.5234254438649,2503.9355587568916,0.5473396773322446,-0.31931153141004465,0.005488014959155633,49,0.0,0.04296736124253749,4.879727037215614,-1.7209888226570897,1035.5234254438649,2503.9355587568916,4138.605108918948,0.0,0.0,8.064909054432514,-41.394959864456574,299.988587127199,343.30637573312595,348.8830348676446,364.462000855873,302.7960033332542,353.38017228697544,318.20330084344477,349.1369448482533,341.63996702794464,325.5422318120309,315.2136064788494,331.2005003046945,144.85238339965795
1423,1125.9069658805686,2503.83817037137,0.2753061179160755,0.256331995344269,0.12086796318996092,49,0.0,0.010498393916156184,1.9758111931986033,-0.7393636035772968,1125.9069658805686,2503.83817037137,879.8214688546175,0.0,0.0,8.014709502368612,-41.39512591296289,69.56605357041991,76.25708701571354,61.24995115646893,68.01264794416497,55.853089633490164,71.43127434496975,79.10166281400922,75.5511240643505,84.87855288504805,66.06408706169648,68.837664753247,71.91099213823955,31.107281472799457
1424,1042.0903158687163,2508.8497433370912,0.7286560250793803,-0.08239663170611575,0.055708898266844706,49,0.0,0.05247708530208278,4.151507983362414,-1.5455146935241886,1042.0903158687163,2508.8497433370912,6321.331911266404,0.0,0.0,8.061251925968621,-41.39292225785669,446.9641637487441,519.5285715315706,523.0219321467083,514.4069195898226,517.6160528904645,529.3430490125974,495.0159585061066,487.7407690441112,545.0725048446102,521.6088201263251,492.4930313596477,491.8436974542777,236.67644101141758
1425,1683.7532839467585,2514.3293411049926,0.5571233932395198,-0.07783603205927132,-0.06194003989177307,49,0.0,12.600678355233581,1802.4869255309113,-8.139680308041257,1683.7532839467585,2514.3293411049926,307866.91537628206,0.0,0.0,7.704874261460777,-41.39104631224843,23067.422109384657,24774.258058146537,24486.29561871349,24651.951443185288,24799.8113932775,25097.373855095204,24406.23650890121,25147.456011115974,25400.920760292785,25238.519862607245,25089.905504957125,25023.25523193839,10683.509018666675
1426,2077.179388588933,2514.2029811687516,0.6124481660352671,0.15790839368634677,-0.10821729966225914,49,0.0,0.033787219008326284,4.4132543548969965,-1.611897396085047,2077.179388588933,2514.2029811687516,1246.1470107492,0.0,0.0,7.48637312043029,-41.39080482638138,83.98195313396403,122.90024933810245,118.45087948046836,100.75296887356252,102.74144740957664,88.83047088052174,102.51863866339177,100.23450767745311,90.06759488432547,93.47190695337744,88.65146200198953,98.77291457119182,54.77201688127515
1427,1033.6973590398804,2514.5236993170392,0.7746715705233759,0.2752102917433143,0.3523166941960973,49,0.0,0.026224037221852396,1.8552731645216411,-0.6710196569940186,1033.6973590398804,2514.5236993170392,6140.885280169502,0.0,0.0,8.065901737569261,-41.39054563908786,452.9269572552886,465.4510563252343,469.5548408636544,489.8565215024474,472.6183950632841,488.19183789779936,499.97710368040174,535.77250306445,501.9463819904791,504.5542780719445,533.2309073100712,510.48192898660005,216.3225681578474
1428,1886.3516177029524,2520.0225142244904,0.5892388823601702,0.04690546880859342,-0.21583469219981236,49,0.0,0.04974649941364622,7.151753021987639,-2.1360312703980746,1886.3516177029524,2520.0225142244904,1576.2717125081995,0.0,0.0,7.592360499643334,-41.388574424701304,114.04803392574343,122.47256050257721,110.21546396188751,132.6459866088707,133.1511821030482,129.03219348637595,123.56007718931505,127.85899483246052,127.92791129858962,114.57709310196594,140.74235955203324,143.0739842394495,56.96587170588258
1429,1045.1196619305156,2520.6027462934076,0.6604639296638686,0.12428064566458315,-0.025197717375423208,49,0.0,0.0977586343089455,6.597636945987862,-2.048471033899255,1045.1196619305156,2520.6027462934076,14416.1757010853,0.0,0.0,8.059546054917352,-41.388029966469894,1083.0192187646376,1155.5902074649757,1127.727491226706,1185.7523700161878,1190.8303456364972,1145.5027918547944,1111.056596196238,1160.4607239853017,1127.9892719357022,1191.7441558122773,1209.2828213573257,1198.2885638816708,528.9311429529862
1430,2529.947432277515,2520.9344471287027,0.8037530446708652,0.10032669020704857,-0.2357155268750744,49,0.0,0.016619145290146433,1.6614131189587036,-0.5511940886179755,2529.947432277515,2520.9344471287027,868.8753342112963,85.35715289582305,0.0,7.234947034259669,-41.38715027204758,69.85192357878603,53.330451739467996,51.996853232966075,67.49764511530674,69.65468161697711,66.3874017603207,78.5161121716012,64.29506921223164,59.1834867992839,80.8710184719555,82.25209652301925,80.40375643391553,44.63483755546457
1431,1273.6731858295618,2523.0390452772135,0.7525440806092425,0.14059092614477817,0.04276115868269091,49,0.0,0.012960468264340434,1.3609468772042759,-0.33460293353127496,1273.6731858295618,2523.0390452772135,799.1958677300564,0.0,0.0,7.9326156066916225,-41.38728408267303,56.99285556990317,63.9772574794138,58.97793848680331,68.50362207024024,60.42636300892582,72.6149315362807,68.93554290670012,62.87219444796776,70.86643557176457,60.00278181805692,58.17737442482307,75.99888450307319,20.849685906103833
1432,1729.8354304106256,2522.6668608234186,0.7543881512020222,-0.16750495172087443,-0.1332580378590392,49,0.0,0.019591365662835897,2.1554724981558353,-0.8338562150689923,1729.8354304106256,2522.6668608234186,956.1128972754095,0.0,0.0,7.679284841692353,-41.38755942283189,74.58657591826878,67.05299923382222,93.88318253753664,70.41788623706127,69.71415309063738,79.18706670355104,71.02834164342757,68.62740463139474,94.48986361702163,81.84165280086398,72.67188284018962,87.39087207792929,25.221015943705286
1433,823.7574683700329,2523.5680314843216,0.80855128264449,0.06725103252122477,-0.5289466015805669,49,0.0,0.012648124948975938,1.1358851182297733,-0.13833602420813376,823.7574683700329,2523.5680314843216,848.0089025066275,0.0,0.0,8.182468797821965,-41.38640084698963,65.40103970609454,66.99498800256812,79.38439175753669,62.003491351897395,64.11612971458322,76.94630334549217,81.81075677197973,76.8354124191857,84.01331441682848,53.35083019041883,58.279460469834184,55.8352974675635,23.037486892644964
1434,1039.8087888911266,2524.425649734851,0.5143040876945644,0.0344097389493545,0.1618422701730807,49,0.0,0.11671747709719127,9.195591890060456,-2.408949221459464,1039.8087888911266,2524.425649734851,17832.094029897373,0.0,0.0,8.062487740141833,-41.38642927208931,1350.56262597996,1392.823066068407,1352.9701872085839,1469.6096135228245,1470.7044160995401,1392.8026750725344,1371.870329537027,1459.9808124719964,1443.3192910408702,1482.280662565423,1470.3443511992991,1542.4793360340045,632.3466630969009
1435,1588.0055669250905,2524.7582776869394,0.5805178066951341,0.2450053804869091,-0.12123197131484093,49,0.0,0.01260423461043677,1.4383081716117023,-0.39462986965723035,1588.0055669250905,2524.7582776869394,899.5545426034112,0.0,0.0,7.758050591451177,-41.38671016218154,59.42342871084882,55.87349992776433,80.6255006873422,53.924814540033424,78.266230629356,73.61128364614464,66.16821113928944,88.19358009866404,68.35152272006583,84.57700918000833,83.10143272390758,76.81943169432458,30.618596905661995
1436,1032.3626387367979,2525.953474793031,0.9471798961230767,0.13220503207622364,-0.6307079335737029,49,0.0,0.03721805655679123,1.1999296840431637,-0.1978894927715918,1032.3626387367979,2525.953474793031,8780.48530798827,0.0,0.0,8.066619711465082,-41.3857814958296,674.4555865757075,657.3977743308159,688.2346811103423,685.1232720377195,685.9218677930568,682.6063109006272,707.7398909822624,735.4662902349253,723.429768236598,725.210126023984,745.881123792061,759.8646273416308,309.15398862853993
1437,1880.1080321267766,2527.382953045024,0.32808385700710674,-0.42482775208298407,-0.6788572365882634,49,0.0,0.009499422631574437,1.1298039586942203,-0.13250773029366242,1880.1080321267766,2527.382953045024,1133.1938497734413,0.0,0.0,7.595835317197907,-41.385512438281566,79.47762414155018,95.53898740125899,74.89302328600436,88.77654344772554,92.77538302875774,85.19566232967877,85.10033003357029,99.34546463547443,91.8698391751968,89.89368922842183,98.04574656306795,110.5711780640867,41.71037843864777
1438,1265.4187393746547,2531.1172460675166,0.45430569201112647,-0.5506231466952475,-0.2220863558225551,49,0.0,0.010488584346365215,1.3359197506114768,-0.31445092657378804,1265.4187393746547,2531.1172460675166,1178.6953837404485,0.0,0.0,7.9371899882226415,-41.38391104221512,92.15192575466324,98.18847356973413,91.67640021453158,94.4339330261773,99.55563488967212,76.46251107251729,83.35280376979303,93.21371530003196,103.92449869100852,96.95220446718206,101.26739818949142,101.10453429736143,46.41135049828448
1439,1042.2422252251397,2531.27572461561,0.661976829225436,-0.10727337745306538,0.9289251354235395,49,0.0,0.09744470855367106,5.473572280429356,-1.8456771436704245,1042.2422252251397,2531.27572461561,16576.299343152503,0.0,0.0,8.061122663304648,-41.38357888106252,1204.4639295831407,1276.3829116513084,1294.0983600709174,1382.599335129713,1402.1929862372785,1336.410678630373,1301.7522711135305,1352.8858434252247,1354.0809547279318,1370.129076033356,1340.9982284140053,1400.3078327608123,559.9969353749117
1440,1273.0651222503668,2534.14892992898,0.4614921184283221,-0.13616258850746898,-0.44297198972109225,49,0.0,0.008917662299909711,1.1610755298330577,-0.16215118053242786,1273.0651222503668,2534.14892992898,979.7169452354228,0.0,0.0,7.932940249854006,-41.38265466728127,69.16983616396125,77.51997019966831,70.57031765346672,73.51757979867915,86.18030548044655,73.88574460188624,69.76647357888241,67.02123311726127,105.57068936599066,78.65061530845534,90.69240295850234,80.2570815071497,36.91469550107294
1441,1263.357415224694,2535.223943406201,0.6065878699566255,0.19057769450650833,0.19275960127789768,49,0.0,0.016132769865868524,1.891444230953942,-0.6919838517192435,1263.357415224694,2535.223943406201,1149.2493535531235,0.0,0.0,7.938329715536162,-41.38219815655017,98.98978343704307,98.17716659218809,89.82933690553726,90.88295546499295,99.11168250543088,68.05551008120727,83.83905885311955,90.23715765143263,95.38270861449891,89.7087721765298,92.57569299628372,106.07760021710797,46.381928057751296
1442,1443.8899412058101,2536.4655109066525,0.5808262536502451,-0.03125012528359596,0.008987942974393802,49,0.0,6.26065663323034,912.862050199772,-7.401012882051545,1443.8899412058101,2536.4655109066525,127949.64924871651,0.0,0.0,7.838078159813065,-41.38179984232936,9336.125587709059,10109.911049005896,10328.383552724395,10312.047769229835,10289.645233357058,10161.10035683929,10158.806957942546,10524.257049930631,10575.490293828107,10716.346537796615,10467.343678609632,10426.28995832719,4543.901223416249
1443,774.8154747243511,2539.794844608702,0.5302420999600451,0.31763169908123756,0.1044607882105101,49,0.0,0.008850365464406242,1.0502831477810963,-0.053265992773924284,774.8154747243511,2539.794844608702,761.9498768437418,0.0,0.0,8.209599129883022,-41.37953550862904,65.76716479912518,68.24600971753283,53.087288235983635,61.20139589843443,45.690090490243904,60.18617093391717,62.54496131071666,59.3563705637541,62.701276930312915,65.54216545815046,58.837075993848494,69.78920162856159,29.00070488316048
1444,1040.8103250212396,2542.0010830401793,0.6382465555625967,-0.6992494877848686,0.02798243294345404,49,0.0,0.09421213570301763,8.179572874690722,-2.2818265651049465,1040.8103250212396,2542.0010830401793,9740.698909864906,0.0,0.0,8.061896286972607,-41.379108118225204,686.9285396417887,716.8517249239853,791.4918265571212,814.2669908387008,801.3062318309785,864.1512687201721,761.6623059829494,784.9649920316099,794.4708278631847,814.0166066635325,789.0022112039532,793.2829024861812,328.3024811207502
1445,1704.7202923831462,2541.4195489258577,0.5457236406238303,0.5348223061758522,0.2065544050413778,49,0.0,0.012827486785126378,1.5477715368004628,-0.47426713952777255,1704.7202923831462,2541.4195489258577,1172.1643617254406,0.0,0.0,7.693239641171992,-41.37975399646438,96.46243506767404,90.259047302366,86.41602467241546,91.11707923247248,111.14100763737136,86.8231541521591,98.36352423085377,101.22125707482776,102.28752561168918,87.33950058681043,83.83891714115197,97.2032038814932,39.691685134155925
1446,865.9324609025858,2543.1656475999557,0.4441535638373763,-0.004487953644227867,0.22990578932875433,49,0.0,0.011945560539468332,1.488865447458123,-0.43213862808282044,865.9324609025858,2543.1656475999557,904.0829418832798,0.0,0.0,8.158996498258897,-41.37832084692022,63.75592588127081,63.189640778953034,79.76816375969705,71.87100409103493,73.48937553623607,74.1828776513525,57.98515849775111,74.21138295678645,80.10006980163392,85.05348597448123,74.2904884248988,69.38341850801046,36.80195002117346
1447,818.8741600988101,2546.4358353188695,0.5876432889233538,-0.09065026059227903,-0.1334597597768167,49,0.0,0.008772194792051024,1.0500410083793081,-0.05301565092501154,818.8741600988101,2546.4358353188695,805.8982998283361,0.0,0.0,8.185116514486086,-41.376863151729296,71.07275758813496,64.62411817806063,65.38158335199184,45.64637111450247,66.88483726955239,61.191214271175774,64.5048528894724,59.54647999052352,62.67415685802271,57.43601659101425,88.52188487165489,67.71934435955714,30.694682494673238
1448,1049.6378474751689,2545.164059765688,0.7484124044378511,-0.03492479968702585,0.9003741744541873,49,0.0,0.026225785534646974,1.6188180135351233,-0.5229950709880014,1049.6378474751689,2545.164059765688,5019.542324147017,0.0,0.0,8.056988388688048,-41.37780337603468,369.43528471832457,401.18145489024334,410.788154168333,394.43800447943363,402.7622929782158,424.7457396608481,388.8912062871841,414.43040198666677,404.86961005829704,422.3920423322023,390.29831687467527,425.6152673232857,169.69454838930756
1449,1531.147892710065,2545.966147133097,0.8506997840625792,0.049686542227502455,0.02690637938995737,49,0.0,0.013299000862935543,1.3033555530418657,-0.28765726656496465,1531.147892710065,2545.966147133097,825.75866927745,0.0,0.0,7.789621062476931,-41.37786774776282,59.315259889128214,57.53338226328735,65.49705114114728,59.55992584474507,77.50735983619685,73.56406064570015,63.5497089438993,57.23389980209749,67.51537468238371,79.68125250481376,64.15158844995995,75.5508011189373,25.099004155153615
1450,2644.6448340358747,2549.6599608408324,0.3647467165634427,0.22390830980937745,-0.22781856503972472,49,0.0,0.029514220794646297,4.73991642632566,-1.6894267107750989,2644.6448340358747,2549.6599608408324,1502.9943915023036,0.0,3.7327590867251352,7.171361940384355,-41.37488029086323,103.03596795315471,107.99134467116119,125.04605024055797,116.82311422162434,128.01377909465356,129.09855668104126,117.09959203510958,116.03691819442811,137.48356405343708,118.55156729270253,136.01034879938962,115.84372318568441,51.95986507935929
1451,1047.813409145522,2548.7403192492293,0.5243315579241571,-0.27545706613456733,0.47994196715648924,49,0.0,0.022276624427757793,1.3812563651416672,-0.35068573090243665,1047.813409145522,2548.7403192492293,5289.853282498872,0.0,0.0,8.05799433763216,-41.37631067307301,377.41349278483676,419.88136085213625,414.6584553277088,410.0037085919193,421.09818623020936,443.54705571939326,413.76950326047967,422.98574054060634,405.23435684387096,468.41903495237534,430.9443735730947,470.6383793603595,191.259634461882
1452,1264.4525002394819,2551.1778310533505,0.6194870699920624,0.11791819150635566,-0.0953223300207246,49,0.0,0.23655390377100244,34.168320123972705,-3.834059068388261,1264.4525002394819,2551.1778310533505,4647.797408386063,0.0,0.0,7.937702390946779,-41.375552035269,360.02326593708426,343.96661027421584,397.56414181204264,409.7694518964039,347.355116234694,390.3041927798639,350.10520494357274,374.5060701722623,382.01096509100034,376.79544595149,373.5872558763981,332.528666425046,209.281020991988
1453,1039.7383926540576,2550.951930687842,0.5529802640977961,0.3007267726506916,-0.01739778891998243,49,0.0,0.04195652045108011,4.2665037350619865,-1.575180325417425,1039.7383926540576,2550.951930687842,5418.0331001983,0.0,0.0,8.062473505084423,-41.37537722736379,405.04346816983445,419.24734658014444,418.23181972936334,419.8773898169437,446.84796355931826,447.8891952647993,419.36297779373604,423.0697089542289,442.59105059633487,446.9962443185198,452.7498017368125,470.27274176913807,205.8533919091269
1454,1403.0664721002327,2555.320730895839,0.5406451404593533,0.25854540014714394,-0.10795441784132861,49,0.0,0.013834050440625712,1.8105306720471968,-0.6445147164037212,1403.0664721002327,2555.320730895839,887.2969177677203,0.0,0.0,7.860734233300161,-41.37392459466743,72.35684383716598,86.57605381925853,76.32272491065936,62.40901282016756,66.74184414153419,74.83813338138928,74.55220022476436,80.7584651556803,70.00937873360363,58.18795255133936,64.72043781168,63.85395820477851,35.96991217569915
1455,1481.391660000526,2559.9484335280777,0.6664350263840975,0.11612243313106153,-0.10326978761509766,49,0.0,0.015616758639255034,1.654753144505876,-0.5468330376129507,1481.391660000526,2559.9484335280777,1058.3937765315286,0.0,0.0,7.817243270385235,-41.372029563980064,68.25701844604436,78.80636924547946,77.01097001557388,98.81463766940355,87.54555809041861,74.91212320846859,73.78160380589591,78.04625484033365,85.25737825724748,105.61217830267952,94.71394531837613,80.7840774717893,54.851661859818336
1456,1520.1652012467944,2560.222312749354,0.526705189812858,-0.6833212740369421,0.15950957623750783,49,0.0,0.009140050745492755,1.0108002364840987,-0.011663337135638387,1520.1652012467944,2560.222312749354,1165.5088134313773,0.0,0.0,7.795715325897738,-41.371925771608495,84.99722043775475,100.99039753903438,106.89155715357727,96.58716109912162,88.06211356655905,87.34962694117478,85.73970637570156,98.70747008251956,89.05410021305248,93.48456494257877,99.31815987365971,85.57181005068449,48.75492515595887
1457,1954.9202132620262,2565.1780443010566,0.28054959210840236,0.1914799484780526,-0.013965373942260292,49,0.0,0.012847187548062113,2.317543846079123,-0.9125698984977383,1954.9202132620262,2565.1780443010566,918.1409806483223,0.0,0.0,7.55433769949554,-41.369702001897316,74.87095085276782,70.45489390869204,67.62826155912518,67.24103092810229,63.41741550907001,65.82356566699596,73.39942389631297,83.7570209647139,76.25118196049706,87.29653773493524,82.39680331737834,63.71645519498237,41.88743915474917
1458,1390.599009083396,2565.9159852170524,0.318047617312331,-0.5359731892280872,-0.3922541549437831,49,0.0,0.01056630331585357,1.566692749126139,-0.48745958363683817,1390.599009083396,2565.9159852170524,914.7567759318521,0.0,0.0,7.867648639955437,-41.36950335313163,70.16902105931972,73.67818068742196,61.562266959024214,74.29551743037217,70.88910133875555,80.58451196826095,77.87338567032243,87.85022892018365,56.782126558344366,81.62173823717558,78.9896359834231,69.73743003635747,30.723631082891036
1459,2157.2639655949492,2565.617963585848,0.5774290927321524,0.031207055455740283,-0.09079226842301821,49,0.0,0.5962944433451481,86.03447790974731,-4.836681318959417,2157.2639655949492,2565.617963585848,12648.740591956266,0.0,0.0,7.4419990862780825,-41.36927272792762,983.7005146345675,1002.6671513392479,985.5350673540875,1021.8946813469692,933.0114637741844,1042.6177026479652,1022.2304332466387,1052.1466261346036,1043.3338165098662,1001.2368787413925,1056.0770315017262,1059.2110222663625,445.07820245865605
1460,2505.3741845141035,2568.2382189841815,0.24444201007007274,0.09192763709641043,-0.09368776643553159,49,0.0,0.01142391159289767,1.8355369539064286,-0.6594078308797657,2505.3741845141035,2568.2382189841815,1046.852971943619,0.0,0.0,7.248746413326986,-41.36750223329439,80.83047821388968,82.3043242352415,84.05411952697662,85.79506787173456,83.4541369242769,92.2128263292291,84.00054355555878,77.57515764520979,83.53193068905502,78.41146070760192,90.50007001975459,88.01102720800887,36.171829017081656
1461,508.2960404289418,2570.6359753986703,0.7376727148981844,-0.09556457919050362,-0.20772820119022517,49,0.0,0.014677619142348162,1.7300700996847205,-0.5951592510148782,508.2960404289418,2570.6359753986703,1088.3403100897508,0.0,321.5712161292721,8.357461991362722,-41.36600420290474,14.153266166459705,11.924786276151313,29.59280461855687,157.07069508534636,76.6775959254987,75.64946053370808,187.93196693687332,44.813161275064026,45.53192663675047,117.23689919871302,37.881917699831476,132.59484469524492,157.28098504155264
1462,1524.9604294536396,2573.3506379853575,0.30195616629720906,0.046453489958813494,-0.045345466007095235,49,0.0,0.04050777171825378,4.199838161827883,-1.558081388626122,1524.9604294536396,2573.3506379853575,5182.331496527457,0.0,0.0,7.793049366363189,-41.366456905001826,378.8054265808747,407.53125027319015,425.25181012983955,412.7823440663798,438.0721129575127,419.2915213133294,410.66615175618847,413.3192768571489,454.7892848723165,405.914535545297,413.3456134965404,413.3514636736984,189.210705005141
1463,2104.693296451032,2573.8773291618177,0.47905769682391647,-0.5740347956465652,-0.2748327822181161,49,0.0,0.01126148684183028,1.3552333537102235,-0.33003520389893237,2104.693296451032,2573.8773291618177,918.4202613302335,0.0,0.0,7.4712005113926185,-41.36590595116088,63.00045275308043,70.99433678173381,86.14136363838713,73.4243261978713,74.59492555371223,68.53726820459462,63.66877473328396,71.49564004329,71.6601539872293,80.10060544222623,84.24543857513015,79.17592311246798,31.38105230722642
1464,534.3018219371677,2575.8258614264278,0.5944396486444474,-0.9848978847635508,-0.20736650016802843,49,0.0,0.01598992664468528,2.331633568649147,-0.9191507481313679,534.3018219371677,2575.8258614264278,1041.0289893373877,0.0,456.0553149444303,8.343005781675517,-41.3639168504411,36.7221208534421,38.678542211970324,52.34171901793172,30.752723152936753,59.40496070706985,53.3163302184914,147.57892463915636,199.05206211887509,155.56125966711807,82.59917044107691,91.11786160450697,60.03618754011342,33.86712716469872
1465,591.5015199324109,2575.3067534991433,0.6332647013184812,0.16113320894958408,0.4165656300872437,49,0.0,0.013573492424973629,1.2154918594785924,-0.21188013646470497,591.5015199324109,2575.3067534991433,1241.3995069272344,0.0,894.4074767141876,8.311255647514518,-41.36429145362714,101.00506001941453,98.90142497908636,104.44660037879254,89.87131122462941,100.77811426952326,98.77884607025302,106.85692932478057,96.13874262190129,83.18344562884164,101.21681513739794,116.5663251170021,103.11246177890001,40.5434303767118
1466,1526.3573770404887,2575.387062809248,0.4211033907808899,0.7099291138713753,0.4730288590127863,49,0.0,0.048931297531147944,4.903651630457821,-1.7262990226870305,1526.3573770404887,2575.387062809248,5228.534732539641,0.0,0.0,7.792273278112371,-41.36560871638263,377.43154871779666,413.0334445695349,435.18198593846915,426.1865550480686,432.32723741588217,426.867761130855,407.99749023247557,422.228696720779,446.71030183213793,407.07267281704935,412.85765243933224,426.1798433860168,194.45954229124294
1467,2716.7418915910343,2576.335180924397,0.2594678045737144,-0.3768118740355137,-0.2337525720382868,49,0.0,0.010810361920038656,1.8729531551142746,-0.6813172881660778,2716.7418915910343,2576.335180924397,1002.467067664993,0.0,819.8964127059245,7.1314405724372305,-41.363558978562544,85.4917598132083,86.91107995618586,76.73364882966976,73.5130079867333,71.49392379564695,76.88972087857175,84.2071448348904,83.3744504890359,93.20225244976933,65.82579837713654,80.01002207320737,78.09839688526262,46.71586129567493
1468,2241.5241927157635,2577.232215311087,0.7941030742343799,-0.5680976288765384,-0.3630049979282956,49,0.0,0.013938097520954115,1.3106671468369149,-0.29373103386669985,2241.5241927157635,2577.232215311087,866.3313771314356,0.0,0.0,7.395246004788024,-41.36429914110848,60.053088277862685,75.30157766812184,77.94226125619784,65.92828478995541,63.569824672047076,67.94585332103877,76.976400720007,50.19352065448243,91.42812068531273,67.54759882753504,60.471132480062266,77.41476185807312,31.55895192073932
1469,509.1782107003657,2580.1753806658494,0.46237584332451087,0.16646535115204564,-0.533211222861,49,0.0,0.009023209002679496,1.7975559306565367,-0.6367060306659565,509.1782107003657,2580.1753806658494,800.8146760848471,0.0,234.85915676513787,8.35693497861429,-41.362032443738485,121.67485361173603,15.289589077944452,25.281580096464847,111.7200891313252,21.02157878883739,65.22246558269204,38.646064618790426,46.801723540919554,108.22679124060456,95.3954575272378,25.783673184254056,90.34398961514712,35.40682006889355
1470,1279.4778622577987,2579.704617670084,0.3808262069770987,0.15483768810934598,0.07972928858431773,49,0.0,0.011296350698417348,1.3779659353496294,-0.3480962038119194,1279.4778622577987,2579.704617670084,974.3911421580109,0.0,0.0,7.92932678558226,-41.363679692231614,71.55943726795374,82.59607713647694,73.40157931126575,79.85853935269711,58.218085592304746,78.12963545131406,91.86011827418388,86.23112535201872,82.52535697050882,67.9461135792993,68.17603150377276,96.60844663008007,37.28059573613496
1471,1203.0955229433591,2581.8499386769854,0.5620345927829712,0.06875169699868783,-0.015520460002344277,49,0.0,0.43179922367588114,66.66189101195026,-4.559694073056505,1203.0955229433591,2581.8499386769854,8527.871063349732,0.0,0.0,7.971726889215047,-41.3627126623778,631.0638562575439,619.6821547401755,692.9434287231531,665.1794282125035,692.8385180528267,687.2593229259746,720.5817736815616,700.4986649916899,710.6853349212429,736.8664730648138,703.5045784557465,655.8656323824341,310.90189694006517
1472,2565.2012759185095,2583.636100852229,0.6387461878424605,-0.19287840513511112,-0.4760804170303471,49,0.0,0.019368462080383356,2.0700863892128902,-0.7899711747239151,2565.2012759185095,2583.636100852229,1079.3374988344335,0.0,0.0,7.215586881982279,-41.3609378410597,85.15004761338412,86.2583244992355,78.80287544949249,100.9762505429488,85.06555905266055,80.6102912478592,82.23852877479999,95.85307839736551,90.22699474943468,87.79141379923422,85.76788935968875,77.03630236281148,43.55994298551809
1473,986.2851025235068,2588.0518894472684,0.6820037137875923,-0.15335637684599202,0.10661475636727123,49,0.0,0.01032069001338779,1.0957459755710524,-0.09927471065700805,986.2851025235068,2588.0518894472684,855.13142485416,0.0,0.0,8.092070996273861,-41.35983614305147,51.41757522573205,58.652831652364554,76.01463606237311,61.490640062392714,61.993925952469795,64.4000297255612,64.1178270253675,78.63447544521863,81.07375808397688,82.03527538638023,72.57453360288383,73.6170290593894,29.10888757005001
1474,1641.651792920382,2587.949508859686,0.6013168874585713,0.3151551330980318,-0.10621341216856771,49,0.0,0.03337997403724231,4.536326884960674,-1.6417608550227423,1641.651792920382,2587.949508859686,1264.1075574628608,0.0,0.0,7.72826763222246,-41.36037970486972,92.3475172582016,103.60784622325605,110.43587008685694,94.03938914722501,105.38908402556856,96.25961842779026,83.09554926704243,104.7717818630164,112.17929432805782,100.62022572566221,122.94521924042888,102.38289849204583,36.03326337770895
1475,1816.3329127216648,2587.5491183024606,0.439677796213793,-0.09334856113610437,0.03630490911431862,49,0.0,0.0170684577165948,2.616529867528878,-1.0443142413725144,1816.3329127216648,2587.5491183024606,981.7663764278609,0.0,0.0,7.631298390672235,-41.36048665244202,86.74328707929405,75.42531362909479,71.29074052437191,79.72254217807426,75.10660467419234,86.73449993133121,66.27771435243994,83.52618030317326,75.24519878542131,90.92056395403498,71.49397029771006,82.49416267879563,36.78559803992724
1476,1135.0019331841384,2590.160057363259,0.6640021880454079,-0.21044356832793495,-0.24662247694837974,49,0.0,0.013532868727668245,1.454171945592605,-0.4065394045588958,1135.0019331841384,2590.160057363259,858.1566685801228,0.0,0.0,8.009514016649735,-41.35917195136711,73.19523328536337,84.7193729397168,68.24002209043624,58.74531296380699,73.26151152886102,68.33207085120395,61.25939439442948,62.049037481237484,70.85745077258066,64.99011666947696,60.36645690388396,73.51716485264329,38.62352384648255
1477,1790.4556805430711,2590.479789903701,0.354330042498505,-0.3079474539686276,-0.12324317586370391,49,0.0,0.01258125815031321,2.180585031285627,-0.8464325663198952,1790.4556805430711,2590.479789903701,873.9925603138931,0.0,0.0,7.645665353985506,-41.35927960988127,59.48440476938691,69.57724584109371,65.65346199452482,77.31488622364924,63.13415775849671,59.54744135252637,69.99729919874737,80.84643123232308,71.25304267167104,67.97440807365419,83.96290516244204,72.56277103652542,32.68410499885229
1478,2045.8558275390699,2593.2135896365226,0.4661136630078493,0.1703230608224481,-0.06760434211873853,49,0.0,0.02393168628769035,3.601798144849911,-1.3912984251272555,2045.8558275390699,2593.2135896365226,1141.5200137851157,0.0,0.0,7.503895538276835,-41.3579241929943,79.44897079209792,94.22418524816217,93.33841854499919,66.51717409305962,90.21865806042103,108.26155168212509,84.15015272650223,85.73712751425153,111.41037089473443,96.00088480137646,89.24828243767914,94.95645977461716,48.00777721508966
1479,1178.4544031688176,2596.3488897099337,0.2983552130937415,0.10678676603695174,-0.5591471726923066,49,0.0,0.015143047587708392,2.1375433823863057,-0.8247873442195813,1178.4544031688176,2596.3488897099337,1260.4006908176939,0.0,0.0,7.985384083896993,-41.35664486239278,94.22073739153721,85.28015211858772,88.13625200061999,108.75801758791434,111.95255759214777,95.98324638661764,111.76300001734414,111.91159153865223,91.26333885957959,105.7978270073624,113.27837230828808,98.67149195713375,43.38410605190886
1480,974.7628978229366,2596.179389988135,0.845829086369732,0.12004997121784589,0.28551570207673094,49,0.0,0.014975996717416224,1.0363903518323387,-0.03880840328379364,974.7628978229366,2596.179389988135,1220.024918383928,0.0,0.0,8.098448755778632,-41.356430868608996,94.86253897955018,109.11133442094268,88.17076322944237,99.9793967456487,101.95193771776874,98.98908669162134,98.29767988751291,84.27977269781863,89.39662461420613,102.2351912099001,104.7384696811364,105.96344955375588,42.048672954624
1481,760.8419028911155,2598.3487576255948,0.6709863325026227,-0.043715132183711196,-0.08158951247283719,49,0.0,0.034021627016443345,3.6333961794998415,-1.4007818879886011,760.8419028911155,2598.3487576255948,1529.3892915323438,0.0,0.0,8.217181869781964,-41.35510901112459,109.0273695693479,121.78969343156294,123.03234123670335,128.44228918512684,122.14693209250493,122.78461947653216,126.74282686936442,121.4457352983639,129.0096151155471,141.1246940013762,125.12472615573377,110.97647578840358,47.74197331177683
1482,1593.012985040647,2599.659789320563,0.4196707844147568,0.042245792025758365,0.40325501555115695,49,0.0,0.0150043105397304,1.6839133466908052,-0.5657993479234857,1593.012985040647,2599.659789320563,1245.681254331662,0.0,0.0,7.755267725934962,-41.35550285986254,91.72267001389565,77.81638858957703,101.3200266522964,90.62126381074603,95.12880935244098,117.90717557091105,116.34474212778369,108.34985931629996,93.5412463360884,95.93844397648354,113.9653358509162,100.90621884884379,42.11907388537945
1483,2039.6444676584101,2601.5413985995074,0.8941848997148885,-0.009464614015987248,-0.31017517203098177,49,0.0,0.028220402484993332,2.7760614753664927,-1.1085726981501474,2039.6444676584101,2601.5413985995074,1084.058304159661,0.0,0.0,7.507356513496231,-41.3544618134741,85.86498347796618,69.68978740286589,82.1203834787514,76.02606399893341,73.94159785358488,90.04696620049745,79.91675207503854,103.20474719711073,89.13068430201119,82.4955664415094,98.83278193943423,99.76174425548007,53.026245536477504
1484,1277.0037144528274,2601.853251681577,0.6442227604030124,-0.36800134766114306,0.29891971600831824,49,0.0,0.012873205374640593,1.4315362186619307,-0.3895058509709443,1277.0037144528274,2601.853251681577,902.5525818334684,0.0,0.0,7.930674625664981,-41.354449491885234,67.86113432018081,58.02534047955865,76.21496284680656,73.80245815211319,74.79661001007977,81.17872697119267,60.758548452421394,74.94966023307569,72.30658624733198,58.84709045851849,82.19402348540584,80.08090119491209,41.536538981871225
1485,1664.931295350468,2601.9779437675056,0.5713013869018384,0.11949298063989236,0.11337436489103439,49,0.0,0.020933707396179738,2.6811005795164524,-1.070782766316435,1664.931295350468,2601.9779437675056,1090.9700052585563,0.0,0.0,7.715347940172927,-41.354531552225374,78.8243949365077,79.24898032148155,77.76853029074489,91.79049456114365,84.27476817972703,87.82555350371841,108.54235036008293,81.72850651111872,83.3515960438882,86.9824989517769,82.01151610186442,99.74287350883719,48.87794198766488
1486,2024.458505386667,2603.1615485219463,0.6090912162442823,-0.11235033822291197,-0.40747335676983015,49,0.0,0.013805331969692452,1.7074848610189628,-0.580892154522179,2024.458505386667,2603.1615485219463,826.2776869695444,0.0,0.0,7.515788129183453,-41.35380427040151,61.84161703390312,61.43141065847415,47.264466689157885,81.97123166736979,58.57334492172826,66.64261344118054,57.22392914846546,70.50432705431164,67.74639390019428,81.08984586973678,58.29710200134727,74.85937319622859,38.8320313874466
1487,1661.1252409063559,2609.473847933366,0.6546263251965839,0.08055158237479734,0.1938593197225835,49,0.0,0.009968901114575665,1.1216635393493133,-0.1246565074569331,1661.1252409063559,2609.473847933366,997.7759489171867,0.0,0.0,7.717462195558867,-41.35140906096433,77.13490761365222,76.89019846690842,76.30475729616434,83.39660048357169,72.31210048969251,82.67351114593866,79.95902143974288,74.74447328142838,82.53948131188494,67.62334234966197,87.05045771501935,95.97579651174908,41.17130081177232
1488,2100.6601040333085,2609.1932814183483,0.7139596772427509,-0.5628748766963044,-0.28465152571278063,49,0.0,0.015508740762338156,1.7293392770781506,-0.594700513416291,2100.6601040333085,2609.1932814183483,841.7733023594533,0.0,0.0,7.473502852912744,-41.35119731311203,74.16277434123427,74.85230559956426,66.86721023438403,56.09809836126463,67.23482337951359,60.56301940986064,71.66597139115564,63.24378045683808,70.47004435555138,78.15881262259126,73.19556553032834,59.13411016644862,26.12678651071859
1489,1930.411338456936,2610.305219987829,0.23063240720899458,0.2333539229868701,-0.39292730621996463,49,0.0,0.008460104839835855,1.6481809683265178,-0.5425122375027254,1930.411338456936,2610.305219987829,806.1272875484951,0.0,0.0,7.567998275145492,-41.350922455415386,57.13088503517371,70.34026764097347,62.89492853249847,58.92193723490801,52.96147494036716,54.99308070727402,76.72665319136098,69.81297371203343,65.51924849204372,71.75085439807926,54.357236165578826,75.70238545352912,35.015362044675
1490,2476.5864058957422,2609.9424134854603,0.7994127605074126,0.33922491661111676,0.04130387811014277,49,0.0,0.013076522328461276,1.176793872351047,-0.17675099580816783,2476.5864058957422,2609.9424134854603,861.071919662767,0.0,0.0,7.264858843595551,-41.35019541040903,57.305939385858075,69.66006557324522,70.20615016196683,81.99751546163415,67.57872510642184,73.70176991058867,76.05750428573444,65.17394893967291,74.86858942696075,62.984955898802475,63.71918327378513,74.405341062601,23.412231175495585
1491,1078.3439641240475,2614.157123176506,0.6349020852924369,0.3556684222324203,0.2577137635258362,49,0.0,0.01664255661821017,2.031455789768711,-0.7695184382184475,1078.3439641240475,2614.157123176506,976.8242769233152,0.0,0.0,8.040919973487552,-41.34909920238796,69.82759664841683,84.97711575907142,93.54945183467251,80.10902332714352,66.62704714481285,68.81902268968365,76.8225089598054,84.8975153098844,72.79890020577199,82.53739426142396,74.41913497030095,77.3920576510069,44.04750816132086
1492,1146.4522093916903,2615.2782143170916,0.4379234940995693,0.12167855126255996,-0.23786946706927045,49,0.0,0.008733681832557157,1.224889980255061,-0.2202427051923804,1146.4522093916903,2615.2782143170916,784.3937518208224,0.0,0.0,8.00311709432025,-41.34872075303958,52.271893961243194,62.52845644300621,70.55763823373924,65.63179068618112,65.0285742027678,58.45368445686466,49.2813939524766,80.91406773784058,66.12130707573422,57.80011373531111,66.15549034992415,70.80131629997697,18.84802468575653
1493,1574.1696154124816,2617.717901668236,0.5292432797512654,0.2847542338411365,-0.03322172116313928,49,0.0,0.0173009678550728,2.4338262471536884,-0.9657239259061547,1574.1696154124816,2617.717901668236,927.6931737388751,0.0,0.0,7.765725576471824,-41.34797820131125,69.74398773686191,56.29250845757751,82.33534190729415,87.50706407484724,68.54500292872011,75.00492216364714,58.80284066253858,79.64473902492657,69.92135822370068,70.32164390659528,85.46979144349848,92.24400919146052,31.859964017206927
1494,1512.646008805749,2617.8692418803153,0.5331587827236614,0.17031176835428477,-0.11038089372562877,49,0.0,0.09425370551080414,14.779306066685455,-2.924135107730854,1512.646008805749,2617.8692418803153,2358.2830014297647,0.0,0.0,7.799871984243604,-41.347905780772976,186.4162311361132,198.58624624985953,187.83266776204795,193.53473027636267,213.377682452128,189.9629537387773,180.968245959713,181.36214441614257,184.00773059607326,182.83666077771667,189.12548494203952,190.42654776537236,79.84567535741854
1495,2238.5517590146105,2624.812102202444,0.7922009354571601,0.4928280818914606,0.15566502997537274,49,0.0,0.01985968604705219,1.9656984939147504,-0.7337922622871039,2238.5517590146105,2624.812102202444,985.6220889883446,0.0,0.0,7.39700486369863,-41.34448069087704,52.58382317473626,85.14062785466939,61.10891081526606,76.22401698164032,89.12793227015891,88.38710253955864,79.9811306976838,88.10752153315792,84.50149691751307,60.00771435029213,92.82945160900621,89.69483015156872,37.92753009309327
1496,2485.784959370455,2632.481260055782,0.38008916175079627,0.06502286159684464,-0.32770898695792067,49,0.0,0.04187093185728838,6.700645998363244,-2.0652916858566135,2485.784959370455,2632.481260055782,1904.3955933478396,0.0,0.0,7.2598250871826835,-41.340783488588194,130.1111983696636,134.48690127219442,150.64332747065686,138.45150650711957,162.29218437632355,146.24241816642234,152.2227687550889,151.53154735412505,161.655729629873,174.92843162469518,155.31237907317274,191.1457415619307,55.3714591865735
1497,926.8411929416582,2640.2755598421854,0.5362794943180227,0.029707502939782315,-0.5797206666842628,49,0.0,0.012727029881175396,1.3869705071455058,-0.35516806558850467,926.8411929416582,2640.2755598421854,1180.9941765606145,0.0,0.0,8.124942232130376,-41.33797582639163,93.35343845510197,82.03022447679038,114.5113698994127,88.87001416842885,88.83127822892993,92.3584469036364,93.9288189878327,107.1056829603055,83.09073290424737,103.369545061138,94.18881750925706,93.80790157876578,45.54790542676781
1498,920.9548623047555,2641.093395493245,0.6636302295456875,-0.07904326558737536,-0.39737092371150834,49,0.0,0.011192099499429248,1.122975661228163,-0.12592585924480504,920.9548623047555,2641.093395493245,1176.7688006887133,0.0,0.0,8.128206622869563,-41.3376244732198,93.2914937316219,80.69147804035751,109.2333809998219,100.66031591497095,91.07595492898514,91.093169747893,90.40225816350389,96.17800459207159,94.96136041364028,97.2219828755865,93.50989836196692,87.48647612678946,50.9630267915042
1499,947.7649856497015,2642.1770563276223,0.49887347186088726,0.3819379811871212,0.21898548898596867,49,0.0,0.011155721966156914,1.3922525327643247,-0.3592950415608387,947.7649856497015,2642.1770563276223,855.0317492653221,0.0,0.0,8.113326958468903,-41.33722058340366,57.44513101275275,76.07987242894089,76.53708425933408,65.48398250515977,82.10182474703421,70.37927008076707,57.80859405581576,76.42200807453341,68.02459849221364,72.0265644776851,60.22314492872024,64.82792196305375,27.671752239311225
1500,1685.8086512150396,2642.07704910884,0.8114198920829679,-0.3244294653812434,-0.5148157316465106,49,0.0,0.01332753948528869,1.210367930084695,-0.20729352024650513,1685.8086512150396,2642.07704910884,927.2839988635749,0.0,0.0,7.703771794158112,-41.33782035083192,58.13676254732876,78.89161904972492,69.13834089316597,80.30643818991794,62.819747113743006,86.60230582959946,41.479198036628084,84.12147477099936,86.35958497466595,105.3737805623464,67.9687346712129,78.73852789822024,27.34748432602192
1501,580.9397301308012,2643.2835614693945,0.6972964384523069,-0.47172073672416814,0.5818503603431817,49,0.0,0.011292386338841238,1.418123931413337,-0.37928546494742255,580.9397301308012,2643.2835614693945,703.5218678481651,0.0,326.3828475605777,8.316870402492622,-41.33594212138724,83.6214140685768,44.43167571104902,74.35162356376927,30.392175154263356,87.99765001739033,32.943340268347214,46.21805063081402,42.91794581908357,67.18647382678247,36.91911053365657,79.81103876636924,61.48240631336715,15.24896317469607
1502,1120.7373588207784,2648.9482404386144,0.8349641711803184,-0.14116407047369664,-0.44342771049433427,49,0.0,0.01349575260993105,1.3185739224738042,-0.30026120605273265,1120.7373588207784,2648.9482404386144,796.8651754863105,0.0,0.0,8.017331288121648,-41.33466050399327,64.39433576245196,65.84830568593298,61.28917681495743,52.67544967978759,50.382238072654815,78.23089965398337,51.73411840981214,60.55335208246715,77.41483236156157,56.67275801968392,63.530480358074065,77.9492610522762,36.18996753266724
1503,2159.5629764067357,2654.1304719073073,0.4765821937090441,-0.02301108958574129,-0.19603355391987887,49,0.0,0.8798790180381928,138.53772064757618,-5.353920094849362,2159.5629764067357,2654.1304719073073,22310.99986858037,0.0,0.0,7.440899952127963,-41.332391626690196,1692.3245704961723,1702.158830904572,1746.9089130226378,1825.8741586436195,1742.199815733474,1838.7179932766348,1821.6141217046118,1907.1751890556652,1826.7645380177094,1756.4228624753396,1842.659816686224,1785.2645657331893,822.9144928305221
1504,1764.4877940171411,2658.554369957218,0.5557096961388918,0.23202386702177485,-0.11125392930317402,49,0.0,5.921808912584925,847.5779115257754,-7.320449075419369,1764.4877940171411,2658.554369957218,142016.25664698263,0.0,0.0,7.66012036579308,-41.33092906934746,10611.301626058172,11263.868919073453,11460.73365895265,11349.377649578499,11571.973540749437,11449.916646597287,11250.795337216392,11532.869863482774,11618.144495977967,11691.90682861923,11506.895209680104,11566.376495887742,5142.096375108962
1505,926.8499677672258,2659.9223586268017,0.7919093343731977,-0.12228180237838962,-0.0023382997414922663,49,0.0,0.016061015209481347,1.3621181956827944,-0.33553698609617877,926.8499677672258,2659.9223586268017,1077.5590149507673,0.0,0.0,8.124889983038539,-41.329790328432374,76.74477222132485,83.20430212282253,94.14876340847707,69.38866397774592,78.55608877760437,85.08682379382651,96.96649495605928,95.93382360214164,77.22681172469292,99.3603664545741,90.35592144806873,95.29272230539596,35.2934601580334
1506,1527.2089469305065,2660.5318922330534,0.4523536915533364,0.21986235668621126,0.05581405434495545,49,0.0,0.014788726684892273,2.4301871213352864,-0.96409928752932,1527.2089469305065,2660.5318922330534,860.6427862320879,0.0,0.0,7.791778166064754,-41.330133823927774,52.566846889744156,67.84758302630622,62.90658701190851,74.5764667324259,70.78034544165659,72.59109060611395,55.384785092286194,68.28293549713041,73.68729180790126,70.26742810312021,69.05721679532229,76.96537143854874,45.72883778962348
1507,1412.281959872244,2661.3551349291565,0.869522699155098,-0.02184617333637593,-0.3237132183806762,49,0.0,0.02258559129161843,2.2328789303999046,-0.8721629392452137,1412.281959872244,2661.3551349291565,984.3899443482568,0.0,0.0,7.855545978630807,-41.32975078470787,71.43528580146183,82.66043319524783,88.09073725967323,67.29868214787378,78.3616581519037,83.21044214303369,84.95362603267847,99.00609229135797,50.031265147809464,77.81372250035736,89.78419771761023,76.6427647745075,35.10103718474165
1508,1369.17061039418,2664.098979823461,0.712047486178213,0.07534216609898146,-0.4978965111530065,49,0.0,0.012147506797981917,1.0854828822794986,-0.08905744789578127,1369.17061039418,2664.098979823461,855.0423601830028,0.0,0.0,7.879464276930914,-41.328583489293905,58.304671128768604,56.16011595238464,75.80807647264416,65.25321351962589,70.3788326304005,69.15728594597839,74.8845421449746,71.16712349186969,69.23768942139702,69.53850541558018,80.96689911882281,67.74809208605922,26.4373128544971
1509,1237.7995721900575,2666.882648738623,0.3320020626702297,-0.20649025913941849,-0.19231736322260082,49,0.0,0.007174404966714232,1.061917005443668,-0.0652264390238749,1237.7995721900575,2666.882648738623,764.5915546788021,0.0,0.0,7.952351007783853,-41.32731973758224,56.17136232686386,54.883528285778695,54.29697349748882,57.03800955511729,70.57255507652083,59.04105451011385,55.584602691071076,63.94853242507145,72.8277508461631,71.15202604183743,55.358850212180535,63.6284822477624,30.087826962832796
1510,1407.4462162117657,2671.9316782552014,0.343695541525331,-0.1949514581374151,-0.007242611953726899,49,0.0,0.01221658723383928,1.822564310207295,-0.6517071539639157,1407.4462162117657,2671.9316782552014,940.0379975617086,0.0,0.0,7.858221811406471,-41.325341707885975,52.727934560961,74.87315916366123,74.09841403552272,67.89433739705993,88.55129201182366,73.39222343662895,77.2177907854356,74.21289232378925,71.0951729883042,81.78427185686841,92.44288322395849,70.99447243560351,40.75315334209166
1511,2516.039346723004,2674.278230685334,0.9107386686915487,-0.2886187739903551,0.10014551794746916,49,0.0,0.021964646135396188,1.7441001351650418,-0.6039285393657853,2516.039346723004,2674.278230685334,1232.840788336271,0.0,9.808406487389494,7.243173332836746,-41.32329718152543,77.47312578959432,100.54874925237283,129.03910372786675,101.60201780069424,100.9493067945479,76.0705953306901,104.29063350147678,106.04889570131218,91.19732625343457,101.72663076518087,92.71147627886886,107.12484058718616,44.05808655304546
1512,1865.3088393915566,2675.245938713855,0.7402714084224512,0.0319839282693255,-0.12250327347331046,49,0.0,0.015974613764190813,1.7545520491536544,-0.6104156404479989,1865.3088393915566,2675.245938713855,887.3868572983673,0.0,0.0,7.60419407573274,-41.3239170899491,70.5840751991268,64.45888609256399,69.44852974316599,75.02463594056394,59.014841647416034,63.837397217549636,81.35653097847504,73.44373134969285,60.252697229509685,84.01392673664733,74.41690083285786,70.77350393982492,40.7612003909732
1513,1936.0998828515897,2675.327136332408,0.5177971672236666,0.06589079570863567,-0.0545939703032368,49,0.0,0.043143091931977046,6.453631391909984,-2.024510391114434,1936.0998828515897,2675.327136332408,1446.1391097912124,0.0,0.0,7.5649190622840505,-41.32382664386359,105.9219225407729,117.27740212140192,96.4034261438631,123.11343704844353,106.55803907842102,127.25513760460474,125.16821133971322,110.3914966592199,120.20359717138581,112.92716971907106,120.83424691085858,114.79619736521701,65.28882608823955
1514,1341.1924824143914,2675.7363169933055,0.25977391556166185,-0.10774656578580863,0.0956603932599692,49,0.0,0.01042934700749417,1.9611415607700546,-0.7312723585223013,1341.1924824143914,2675.7363169933055,879.4972138975693,0.0,0.0,7.894976997077791,-41.323716619494064,64.1810629812207,73.76777454715258,71.74457633833357,77.53248824613738,62.73322121885843,77.2473263550269,65.74241362693479,86.13242844770735,70.7995295709119,65.33397203236319,68.48926679485844,64.41394814770285,31.37920559036124
1515,2558.866250358882,2676.4003055200315,0.46854295689600645,-0.009744032425410332,-0.47073213675260744,49,0.0,0.013361365848406238,1.6588330538322478,-0.5495067012759034,2558.866250358882,2676.4003055200315,1027.8482451461373,0.0,444.7139641404233,7.219421705284802,-41.32230618280343,64.99150906212756,72.22786595799744,76.37493513694103,77.06731257995162,83.02944355833107,87.54723072555018,84.32029699834123,95.4808409626819,77.3263779453871,85.51090739133039,71.94408265450926,96.73376704039427,55.293675132594274
1516,1783.2070468789923,2678.913458929571,0.6653999579325397,-0.7750512787219778,-0.19920626968085964,49,0.0,0.015830180762123294,1.4163427868695442,-0.3779209378149143,1783.2070468789923,2678.913458929571,3617.720162053345,0.0,0.0,7.649746997161348,-41.322437994023225,293.6426247037115,281.24684278940146,264.4121897795618,280.59463382260697,285.4196219314157,283.2783730861604,271.9690025088746,278.9048425910226,278.80240335398076,306.20497950486373,323.7338679945,300.66531960609495,168.84546038115042
1517,971.2170435003748,2681.2357740837265,0.7204701598834862,-0.37897181758091325,-0.3774815423781522,49,0.0,0.01847981791329154,1.0664384857069182,-0.06983952384588535,971.2170435003748,2681.2357740837265,12137.263727769736,0.0,0.0,8.100225315371594,-41.32098745849677,840.4934154255936,986.8253491541338,1025.3059476849369,1065.2475043473164,952.3818405620956,946.6872530927742,932.4349081041959,1026.6004151278764,1084.378649527708,952.2077040046914,950.6644762385793,948.5867032113364,425.44956128849924
1518,2146.4193489543063,2681.5777223271516,0.4314664896237354,-0.25410871558302334,-0.2758763805056633,49,0.0,0.015389368751714661,2.161117833156521,-0.8366961176876488,2146.4193489543063,2681.5777223271516,983.2602490044837,0.0,0.0,7.448246556964787,-41.32097547371831,68.58049465855953,77.01590187056912,77.38510770086992,79.24232540984798,63.84927827499163,83.96488190681066,87.54705177145951,73.39548216197767,85.15969523651239,92.03123801792694,81.33398604015117,76.78097346722038,36.97383248758679
1519,1784.7157077058248,2684.0860974000248,0.7035254114957863,0.011366805324165025,-0.1918522148023129,49,0.0,0.14367978292493305,18.18885972409411,-3.1495136840171196,1784.7157077058248,2684.0860974000248,3450.166464524185,0.0,0.0,7.6489134123020905,-41.32028212730988,283.76067895274576,266.8020355798179,248.81802489598238,282.3758560702592,262.1844039251029,282.751661668809,247.0101965069821,261.2115172432269,259.16885958529224,291.6549053279267,307.3305518526588,296.69664662439214,160.40112629098917
1520,821.6047834632394,2686.045497022747,0.5373473643161896,-0.48212155083983727,0.6088564300660432,49,0.0,0.015521137101473731,1.635479068791166,-0.5341124757586371,821.6047834632394,2686.045497022747,1207.2762282126798,0.0,0.0,8.183210924732855,-41.318702992443434,78.77121376282003,88.59286638332503,94.70287504147673,96.85410208758432,95.52391187864114,83.51623153467412,95.56394113816862,96.33606663907292,115.02141717254028,94.69813399187714,114.36498435756434,96.61236765527673,56.71811656965842
1521,919.9304180265989,2685.33907905824,0.6292152030378174,0.25934180501018395,0.25535489540531625,49,0.0,0.035187848037293565,3.990122395939492,-1.502465544395974,919.9304180265989,2685.33907905824,1571.0573814261238,0.0,0.0,8.128667313683875,-41.319188419481215,110.41772945903679,133.28617285747492,130.44994803445766,105.41124269098319,136.76197839357542,140.03562103576076,156.97182285603924,119.13145780245006,123.83753388810935,124.15641566818331,121.23296334133329,130.4867540962037,38.87774130251637
1522,981.0782657056604,2686.9660055740305,0.5012338625263647,0.0714005326097213,-0.03516826501806509,49,0.0,5.098523109089596,679.1221960649499,-7.0798698123655,981.0782657056604,2686.9660055740305,184224.09474679883,0.0,0.0,8.094741939719137,-41.31861645391396,14040.950124130002,14832.85660623711,14741.52939842317,14646.79006617542,14542.379892801628,14890.545968373648,14455.177330695096,15215.865971892617,15258.989185632461,15036.708549702662,14936.033393265494,14972.66143568138,6653.606823788122
1523,1719.3646131357889,2694.569435301277,0.5681722467667562,-0.0908312239858076,-0.06929975877548522,49,0.0,0.12099617480631164,17.61461797368526,-3.1146830715720957,1719.3646131357889,2694.569435301277,2975.509637003673,0.0,0.0,7.685173041074937,-41.31594072636291,235.4788073259627,228.69938783719354,218.87881759451346,247.88837376068082,225.71244286834838,225.19548632206983,241.90924713802434,252.05940111797472,238.13813028539477,237.1918381440688,259.50328746188205,255.16799243114195,109.68642471641773
1524,1962.551492608774,2700.4576851342727,0.6229114802267278,-0.15210564874684923,-0.07827996505068366,49,0.0,0.02102593544291514,2.6510785648525,-1.0585564956589586,1962.551492608774,2700.4576851342727,1021.7361871780449,0.0,0.0,7.550276226875311,-41.3133317203009,85.66510601604799,84.60464353066445,72.51233290936598,88.94502964246351,84.2252427376429,75.13946806822395,75.07602428179993,75.738085230881,79.74074897501511,87.23277386439793,94.00973751102714,83.68389873060448,35.16309567991056
1525,1540.8088150963283,2705.998615506367,0.42667376611860575,-0.5314449792017328,-0.3709089050887645,49,0.0,0.013025359511679182,1.9176226058854415,-0.7069078518357892,1540.8088150963283,2705.998615506367,889.8851829957096,0.0,0.0,7.78422242404598,-41.31119294334191,78.37307444483673,77.69496928831884,89.46609185804539,70.34212576429938,62.63346760509228,62.90625796816858,62.52323010794649,67.64526250261024,71.54913512722686,71.83020465362566,71.0927806943182,63.8694444874586,39.95913849376227
1526,1127.3341085929592,2708.1713793966255,0.3955399273566126,0.8090279345108485,-0.09754227441119594,49,0.0,0.008710639964839078,1.038580116713511,-0.041100009771744335,1127.3341085929592,2708.1713793966255,1122.290610253227,0.0,0.0,8.013570533031643,-41.30999435065538,80.13238607486213,106.41852460263871,90.4438565689229,107.75187817201996,82.42620883381497,84.37279730883165,86.16982402770806,81.77788064506305,97.21720480579762,86.46120898864842,89.1022759013521,89.52941728777523,40.48714703579227
1527,612.290555838054,2709.5913535957434,0.7597403575180535,-0.4959830234894785,0.8361275735856941,49,0.0,0.012317301329866094,1.2061241949672779,-0.2034800738467935,612.290555838054,2709.5913535957434,1446.0462296099424,0.0,306.4288274954166,8.299240284572106,-41.30840071793951,161.74683552853858,0.0,0.0,0.0,0.0,57.88717667693632,75.74675478402506,114.75899646682858,740.75973992188,67.11675005046945,99.57587139788073,72.85914511990433,55.59495966347909
1528,2470.146443608863,2712.6700598523425,0.5328880762365488,0.004323494406306666,-0.1640289650698644,49,0.0,0.028134675825235947,3.7210701027816553,-1.4266696298807982,2470.146443608863,2712.6700598523425,1316.8015805847947,0.0,19.294166515839535,7.268752795891723,-41.307411291658674,102.83159381392966,102.41168561504364,89.91853907971434,104.68064669393422,89.52418671611647,114.60125033025199,99.86382091146888,119.5491157743602,113.31382103355566,106.9837895966451,103.68014880396052,115.24942793164219,54.19355428417187
1529,638.0234390256827,2712.7626064552696,0.8356735781335333,0.4253270767815945,0.5579416321826884,49,0.0,0.05657735266893712,7.450814859797369,-2.1805094301127594,638.0234390256827,2712.7626064552696,1245.2631108781893,0.0,259.8545805508795,8.284956989813832,-41.30714633050602,40.666069398295775,297.0121247504045,24.144224097101578,57.0038552013328,55.87866179684265,32.92841426206678,25.514724852616688,67.92683977252942,354.5887773266189,75.6929604467373,131.2645725174934,49.27706201994445,33.3648244362049
1530,1684.388518676094,2714.995778407936,0.5400220717664259,0.206793912996927,-0.40840676768951373,49,0.0,0.009857429162137813,1.1357492140374876,-0.1382061123644685,1684.388518676094,2714.995778407936,825.4176319794484,0.0,0.0,7.704581754407966,-41.30743974523328,65.3180985918538,74.71435563011039,68.43928280789733,80.8007655892126,63.21556411025115,64.02504079991448,53.403600658461215,56.02407171570405,66.14945260704242,69.15380865007377,69.47848337495275,67.91949341427767,26.775614029696754
1531,2588.6112438263244,2716.611624628586,0.5196900091410964,0.23567452359137767,-0.513103416548806,49,0.0,0.08553139905118282,10.82809877910667,-2.5863805223973726,2588.6112438263244,2716.611624628586,3650.2535599070457,0.0,3022.8740494402236,7.203062678361651,-41.30547618973634,275.34188547853864,299.9742002780448,294.8782177043547,286.6361560297561,330.8589796320267,279.36059127844567,296.81868637183925,286.4839085879033,297.6155097620498,317.61124828197455,284.2991933920489,278.90824879702143,121.46673431304202
1532,1116.7474146231707,2718.2010847024535,0.522121339454038,-0.14859770167931205,0.06747186011016715,49,0.0,0.993564936779624,143.28776018186147,-5.390522735021505,1116.7474146231707,2718.2010847024535,26342.33657911527,0.0,0.0,8.019425387988274,-41.30580213906627,1957.6780001238048,2093.7091043597334,2150.2278746435422,2097.2384795730186,2157.66020215585,2132.9958561880967,2086.9876057845395,2090.959527495179,2096.880126144012,2186.651027630458,2119.319866055212,2234.736058690991,937.2928502708278
1533,1465.347119492643,2718.0531632663947,0.3850691322349976,-0.5998762468985089,-0.5801447368565715,49,0.0,0.00806187533154354,1.177381800430952,-0.17729329587761278,1465.347119492643,2718.0531632663947,768.7960132590092,0.0,0.0,7.826075013418077,-41.3061509711664,56.71218655512878,62.13729277403115,58.43589158041562,67.25430691012268,55.38340910289448,65.47696141625585,64.77398954473334,59.5214384818201,55.77848981065627,71.95895862290212,54.738831831062924,66.58275776548086,30.041498863505126
1534,1953.2042533893773,2717.6145769548493,0.34841788632358933,0.14938086249765964,-0.8054964937510528,49,0.0,0.008432842810740653,1.0763419929243883,-0.07987571095003954,1953.2042533893773,2717.6145769548493,844.7438891081532,0.0,0.0,7.55548289270172,-41.30619241786934,68.44130145910565,76.95051708303112,62.99177330363599,66.68172282668294,80.72320953971844,60.98617133649115,58.04963942524985,70.92960047927151,62.64260034714319,68.3373276372307,65.64011668985687,67.84085591285236,34.52905306788338
1535,1674.2191296518142,2722.6805356996756,0.4665226925251465,-0.19345735340681344,0.12390724043077439,49,0.0,0.012320771822330094,1.6335646668852961,-0.532840828227841,1674.2191296518142,2722.6805356996756,877.9648435451875,0.0,0.0,7.710224390550001,-41.304240109328774,63.46158336101891,86.06364478786199,75.85384934116162,80.78020890630077,59.38903825757787,51.140194859136926,71.75271762457423,70.59843775272583,60.53761009037012,73.57907145715347,67.89110046397737,77.67462413417121,39.2427625091572
1536,2133.392582670859,2724.520987529935,0.3929829085283943,-0.0023120399076555108,-0.020986160492751517,49,0.0,0.017151843606014933,2.6988910814935605,-1.0779633954772465,2133.392582670859,2724.520987529935,1015.3744447758413,0.0,0.0,7.455555287795547,-41.30310255438867,83.06049278442357,87.20663372516279,92.91801470845121,91.4947526664363,81.54603491233404,79.64236516649244,69.01000737731533,62.30043141683697,90.34641615114916,84.64527397361428,82.375783829045,77.00064781086917,33.827590253711016
1537,2255.766437627208,2725.4792927480903,0.4347744162572258,0.41090697902062284,-0.2538871913366004,49,0.0,0.011200960421037635,1.2322080559248945,-0.22671010948849313,2255.766437627208,2725.4792927480903,1006.5554824888374,0.0,0.0,7.387687353614605,-41.30250976493449,78.76369552674979,84.79633558662239,68.62558097499019,91.91724789225499,73.81249663288406,71.30818547130285,64.39555131398794,78.32650685006874,72.67962296716249,90.32840489017903,115.02576689821835,79.44161498308245,37.1344725013341
1538,2611.8068544594094,2725.158755339581,0.5249929377189755,0.11288119281336327,-0.3949437760702153,49,0.0,0.13464519355920365,17.343875204472464,-3.097865349904617,2611.8068544594094,2725.158755339581,5054.922270920619,0.0,4222.74783520092,7.19022911734372,-41.301853560548125,346.9908257975642,425.5828935384749,405.6263612538885,435.1363396880662,383.68768930703743,416.7073051108755,371.5011141709862,413.01113676734076,414.46821151091876,411.6842142580508,404.21340789840826,415.02048442486324,211.29228719414436
1539,954.5203890584689,2725.6546666158815,0.7120471061504612,0.1240420345672754,0.07830402726826703,49,0.0,0.027863715386576022,2.9988117453143515,-1.1923730078988573,954.5203890584689,2725.6546666158815,1333.3629467252617,0.0,0.0,8.109385394017618,-41.30245278317886,106.44768350664665,108.20571242036596,110.80446467554557,97.99630278475556,117.77404551295601,100.1612087555012,103.85625606586225,107.84223077692226,102.65814456110127,109.98444569036994,113.52490841619263,111.51754494654398,42.589998612498576
1540,1851.6333778075402,2726.6413190750077,0.46717509041984057,0.3167386196257107,0.04317539040131134,49,0.0,0.010087893349451848,1.3392644214132157,-0.3171658290560719,1851.6333778075402,2726.6413190750077,925.8517635437814,0.0,0.0,7.611827462406534,-41.302513182028235,73.94283785521964,81.98075054125147,73.62390719200756,72.66058469572457,67.54110544225938,61.760525924035576,84.69657073729829,69.51459571206802,78.43654956545774,85.05085576517786,72.22158563933169,75.50065627029883,28.921238203650756
1541,2536.1410517024524,2732.1306746336504,0.4811480645815932,-0.19405586043964992,-0.5363014512248034,49,0.0,0.013282624928755348,1.7080399047044512,-0.5812450320863587,2536.1410517024524,2732.1306746336504,987.1805615117206,0.0,763.324146293046,7.2322152053375826,-41.29914497937078,70.09533149706326,81.65104650004292,75.37086761510892,72.91008933482804,74.62345859527242,74.93278813912912,76.91325679216385,76.19776180972949,78.58380387025579,88.53082358209039,96.18392409094639,71.66630344863563,49.521106236454315
1542,2373.6423482293335,2734.357034886469,0.28872644133739533,-0.10480688670728379,-0.1624328806302215,49,0.0,0.007796403777387204,1.2105095442209195,-0.20742054492793718,2373.6423482293335,2734.357034886469,873.9475824649721,0.0,0.0,7.322337705729003,-41.298586955123355,85.03748527069209,79.06654246660116,68.30089089060716,62.344563076157975,78.82812763957926,61.82956774478856,64.81833303110812,62.518552919884996,59.65076093562885,76.78233610829129,61.73011299052224,70.5490822688624,42.491227122248034
1543,1960.0255369898375,2741.3848055217595,0.8741855412437046,0.4260388446196066,0.1836263980978196,49,0.0,0.015151588696092172,1.515985563064496,-0.4517376636766315,1960.0255369898375,2741.3848055217595,825.837896273048,0.0,0.0,7.551730031524804,-41.29628241669406,62.49165165667938,69.64133679458254,62.98640005639729,61.80687000034737,59.887506459207486,65.78467871379124,64.04643794475814,64.22791571489279,61.29545756784415,87.50390861961145,61.44664468300934,76.58042925176784,28.13865881015904
1544,932.861702890415,2742.366935078861,0.3898329780057598,0.07250029268255975,-0.10099425433537224,49,0.0,0.09989524615178316,12.850352480165629,-2.7722876008981334,932.861702890415,2742.366935078861,6010.635512322055,0.0,0.0,8.121357516715182,-41.29545208933014,483.29253053653605,503.2722758177909,454.5866251573193,511.5887654771579,457.5363852195717,484.87273941470244,450.1603120926111,475.40888964521423,491.7028669786787,495.1630683497585,507.83655384497956,489.12050381597686,206.0939959717569
1545,715.9531199270273,2748.705196627175,0.34747328023966256,-0.44300287029264895,-0.4735297714138072,49,0.0,0.006047158103246168,1.0967562350999605,-0.1002752801606806,715.9531199270273,2748.705196627175,880.9971889344098,0.0,485.11957127259836,8.24162119648192,-41.292363425094514,70.3149873599526,43.76185539223655,112.82621586151978,36.97216500689804,43.32590016152163,67.78670035305552,90.96811156778766,58.98350442501429,72.02464870083227,95.18376197215562,64.81740586603605,95.58717040738972,28.444761860010082
1546,1275.6153421764795,2748.8425172207185,0.6895285571166067,-0.04897843253459969,-0.08869722599919984,49,0.0,0.055505302734507864,6.6215490846068805,-2.0523990069059046,1275.6153421764795,2748.8425172207185,1691.034368761911,0.0,0.0,7.931274357912755,-41.29320681716522,113.61982538492187,129.0684864329911,136.89306560982584,149.2072957027186,134.384220195453,136.4280012919359,120.89794767108862,138.42698379482783,158.461084255297,136.09877949867717,134.18528984226822,132.19694085654015,71.16644822536583
1547,2044.8703659245634,2749.4083846600365,0.7620906566453942,-0.1751796012878011,-0.2636121036249227,49,0.0,0.031192680036227077,3.4942562810093745,-1.3583868862383945,2044.8703659245634,2749.4083846600365,1108.2845175779717,0.0,0.0,7.504690970739904,-41.29284875811887,93.98356533448207,69.93037659950184,93.83213108161331,89.64161218410322,79.57940462074666,87.5406808196651,89.73982125980845,99.436595395711,72.44810553925365,93.00993197319903,102.8131137004817,95.78020491891994,40.54897415048559
1548,2375.516541932615,2749.2837219184576,0.5857923395777619,-0.4670696782935087,-0.7226667120711466,49,0.0,0.009536881854775605,1.1027353971520952,-0.10617828848327376,2375.516541932615,2749.2837219184576,848.5192753048476,0.0,0.0,7.321339706535673,-41.29236424565105,65.81628295313332,75.1322664547539,68.64164997336343,65.56690123282563,57.41783121084117,57.49861165634337,56.99520955335103,78.6240124478537,69.42906988074706,60.70632765422028,92.87430163185556,67.10057989308517,32.716230762473955
1549,1332.0609815970276,2754.450072540311,0.5051098705728003,-0.41886333566534406,-0.24699943871262012,49,0.0,0.008771357265507818,1.0521841557106073,-0.055229394243845764,1332.0609815970276,2754.450072540311,906.6173537577474,0.0,0.0,7.899967597134334,-41.29091506934203,66.08466130481341,72.516709405976,70.65455776854235,94.12001725491493,67.76352538468919,60.289607810916905,75.95631398599767,74.77442213516244,75.36880837440727,70.30358576279485,72.96209011008636,70.03795577407804,35.785098685368055
1550,1041.4650934380597,2757.1364695540515,0.763529437602635,-0.20834804866448978,0.2878878478405622,49,0.0,0.01204042029410515,1.2187645222421049,-0.21479950898091504,1041.4650934380597,2757.1364695540515,803.2536552285792,0.0,0.0,8.061102160637711,-41.289475910322544,48.96577715563534,58.88739455102902,82.52872559942963,69.69378986912669,59.24264795588585,68.23764541862163,60.91058305070919,74.93926696413588,58.156820711756836,58.95322746262484,66.38106349176395,68.47352898995804,27.88318400790221
1551,1975.052094724412,2772.5444856856084,0.691377993224573,0.00552173366132283,-0.2760165348534243,49,0.0,0.015185194944507712,1.4968422045032226,-0.4379400497461461,1975.052094724412,2772.5444856856084,1035.9262006355057,0.0,0.0,7.543438560147329,-41.28328554216865,77.86688105534378,81.673257444377,79.21023848628045,85.1411620503606,90.01842914662438,79.43237766678102,78.88419987349377,83.40651872717483,90.40004744541947,80.80950003050799,86.04679769749211,80.11062987825346,42.926161133396604
1552,1547.3220512001012,2773.3593673470064,0.3415482705359487,0.7182960587697038,0.20115018739733664,49,0.0,0.007249637990109451,1.0498051364607,-0.0527717333566458,1547.3220512001012,2773.3593673470064,750.5622300633119,0.0,0.0,7.780596736454023,-41.283128872628104,45.37181393673562,65.84175759070526,77.31976195520059,46.522075089411985,66.99955520559995,56.369519066421006,60.14011567844211,60.086744213790624,59.5820950209755,51.85976717697889,61.49941313569755,75.29365905198677,23.67595294136602
1553,1377.6226560626083,2773.902910045913,0.5311609938710999,-0.048056007567294744,0.10058209268816762,49,0.0,0.05605203855410204,8.209866003186052,-2.285840172167727,1377.6226560626083,2773.902910045913,1829.6477400593458,0.0,0.0,7.874687163969094,-41.282840102757234,127.27562125469098,134.33669122139355,141.61207293090737,160.41539673698838,156.88132606210218,165.3945430905635,130.58541961555278,156.90115087377455,142.88243981764623,134.08241652387824,160.2027490556136,148.5405759864677,70.53733688976713
1554,1240.3263275854745,2774.838458065089,0.4375726366098284,-0.02501591326379644,0.000566834087686396,49,0.0,0.034225643884038225,5.612745826003704,-1.8729384389433426,1240.3263275854745,2774.838458065089,1434.8231133317868,0.0,0.0,7.950810012098659,-41.28234384730015,117.73042497088736,118.29061565922571,109.76171831647514,122.61949827676429,99.48563238391887,110.96251298535718,98.64116118696433,110.61839306375775,116.63799588727315,118.84021040736422,129.86998740765415,119.5158007433808,61.84916204276374
1555,1852.2533462922672,2779.573180695847,0.5293648849965761,-0.652613269691483,0.05177069864839605,49,0.0,0.010031350483999701,1.198548213857243,-0.1966387725845709,1852.2533462922672,2779.573180695847,769.3995873445192,0.0,0.0,7.611531257880505,-41.28045944041236,69.78460139091376,63.96766923002802,71.2739048857843,53.77776491409641,53.46472089971867,64.00341797681733,38.66742379699006,69.6805725503572,69.52993246297622,58.89739089846558,56.913097583390126,71.5742402157139,27.864850539267636
1556,1955.8533856601503,2779.419373645138,0.3239674846355126,0.10645461996210305,-0.21766291384327108,49,0.0,0.010972150859441315,1.4327014825584905,-0.39038927574386306,1955.8533856601503,2779.419373645138,973.8539803834778,0.0,0.0,7.55409207727906,-41.28043987104884,65.7105358301651,71.44753178551738,69.46678531253707,92.25574454365963,85.2952659445484,67.93102378478028,79.40488309703491,76.19953345172698,78.0933210781653,84.14184131261928,81.57024746085196,79.63921520075847,42.69805158111303
1557,1104.7636237679862,2781.624447197582,0.5375975254466723,-0.10723739396370592,0.15968550217932082,49,0.0,0.2389150827635505,32.06609935077386,-3.765115334536964,1104.7636237679862,2781.624447197582,7255.639135744334,0.0,0.0,8.025959687946099,-41.279362266232695,580.8106888844702,565.6428369397245,536.135086330518,614.0098403420357,580.581711477093,547.5846526669084,586.3266065890399,616.3967374351071,598.9222511286199,617.7935503110552,567.7756702105364,587.746929876528,255.9125735526993
1558,2176.4738762162438,2782.4609387542337,0.6655877793743692,0.21517566919376632,-0.03819527938551924,49,0.0,0.017805490891283193,2.1587047446193743,-0.8354831151555258,2176.4738762162438,2782.4609387542337,983.0356553662325,0.0,0.0,7.431781029945018,-41.27889939852504,63.019081772784816,90.14593756013491,65.06910291689464,73.85937870696853,80.43754856194022,89.03751667825307,83.21813065997512,63.03520538598294,85.10116188613854,74.55822841895144,85.80648551187787,94.92844334269608,34.81943396363428
1559,1305.9941559369004,2783.5059450135823,0.4530981066423545,-0.18910839715552188,0.3030054520123993,49,0.0,0.039752846956430145,5.984090193879484,-1.9424953267837948,1305.9941559369004,2783.5059450135823,1669.5049218471484,0.0,0.0,7.9143916031495865,-41.27878985594659,118.10006928775806,148.844148394865,119.16592188851953,134.56070277039697,126.66490749012192,118.83898900424106,125.33422196779557,142.65548016047597,145.6989902476226,146.05165366125914,132.83107992743228,143.68308826622177,67.07566878043843
1560,1783.8609415327094,2785.8577367467806,0.3999689679785917,0.059053667056276335,-0.078440246089735,49,0.0,0.023948343818679354,3.612541642423995,-1.3945321549621812,1783.8609415327094,2785.8577367467806,1387.3996329015472,0.0,0.0,7.649454348299923,-41.27788065137085,103.69281643943154,104.21660661774106,100.70283602010903,110.52193376887074,126.95522917790319,121.97790604208099,103.47086061025084,115.54293233503084,120.4215093349541,98.7812553326331,116.09203201436347,105.21926508845209,59.80445011972617
1561,773.2276623980193,2793.084365517168,0.35065327887738934,-0.11687407538566386,0.12242014589569652,49,0.0,0.288010103428987,39.96380481337195,-4.004167072933258,773.2276623980193,2793.084365517168,16407.768092806713,0.0,9093.115330624634,8.209730824220596,-41.27400448880313,863.5579413757298,1116.7877210137626,1000.7708552144518,928.5835575497297,1458.4296438622387,1539.6643765697804,1444.406402294699,1502.650960623812,1527.5105291868235,1607.389818125439,1586.674139765781,1430.8192582362735,400.5228889881936
1562,1740.3792656032497,2793.916350055662,0.29912202174182295,-0.22922482401297054,-0.21249226890544276,49,0.0,0.021330584099208374,3.485302542294443,-1.35560120769632,1740.3792656032497,2793.916350055662,1400.556969241944,0.0,0.0,7.673565102704333,-41.27454184135011,102.36576338031826,108.59699152309072,108.49048024706657,94.76224287565533,114.6159533128353,120.78680372110406,103.87780577983987,114.13785950841512,111.44504501049941,106.67534387051171,137.15617096362146,131.3225050558522,46.32400399313395
1563,1376.1623374304609,2797.1306781058342,0.545437457347904,-0.18656089712755605,-0.15177246928310653,49,0.0,0.01841164296164396,2.3123710456412,-0.9101438067946899,1376.1623374304609,2797.1306781058342,1144.283349463124,0.0,0.0,7.87547821912392,-41.27316173912811,75.2229475651998,77.64977052244774,81.12798092280221,94.47059266671889,87.3462339846985,104.80739614260865,100.24360821401504,77.6276182288008,93.93860589645453,103.53113829024102,94.09197408388223,111.36582064516838,42.85966230008633
1564,1683.790306254373,2797.129353629863,0.8030631980747085,0.7069410452113551,-0.02460710389342146,49,0.0,0.01316112019069538,1.3377553664641428,-0.31594175460272383,1683.790306254373,2797.129353629863,880.5371743626976,0.0,0.0,7.704938019447794,-41.273219984151154,75.96543784767017,84.75427553278797,57.61252334631756,72.58830624090224,64.05841407783291,73.76888080128958,64.30537060706983,78.48658708437442,62.37876354700927,76.44765693705136,58.1092294774598,80.11657592724723,31.945152935685197
1565,786.4550708103759,2804.7340024706955,0.22317981294199318,-0.23346405543740184,-0.16098318898042757,49,0.0,0.006291386924041936,1.2499963425837335,-0.24227185572408833,786.4550708103759,2804.7340024706955,1708.7027000098942,0.0,645.6065466530746,8.202364304003538,-41.269179860739705,118.94769165374738,108.67502165364272,61.22106998466023,97.66209085013598,77.33325731452277,153.89495615452483,304.29746711378453,102.0984137090031,149.13463332848642,227.58441207247384,120.87537560531067,159.28108667400804,27.697223895593535
1566,1728.480801757194,2806.750627776115,0.6441576714742608,0.21313568320406406,-0.19192536404993596,49,0.0,0.016434228352099643,1.8821465145114298,-0.6866335694697696,1728.480801757194,2806.750627776115,975.9537599889578,0.0,0.0,7.680167275224757,-41.269198874802875,65.45999994905077,71.62284276675527,81.0310382134549,80.90890583412667,81.01842370873885,77.69020924723362,79.98539795499863,86.19310955504366,81.70795238120124,68.75482697663293,73.03877896977758,84.214693866179,44.32758056576464
1567,1307.799740515444,2809.107186541626,0.513421136111852,-0.11558130464341392,-0.09431280810254013,49,0.0,0.059299665067345284,5.613195383408531,-1.8730253983780472,1307.799740515444,2809.107186541626,4093.5715715228635,0.0,0.0,7.913363781229991,-41.268124931801935,336.026239560228,329.53259288636787,328.2575051530432,341.1495260868304,336.675247824609,337.42693786384837,313.7377846162725,341.86740087915933,339.4691116242907,322.7607368211651,306.7303138509708,321.57559633933477,138.3625780167432
1568,2532.031348996009,2809.1706379303846,0.3848556144032,0.47396011993018883,0.15090020388070932,49,0.0,0.010428701664325295,1.2748850727498646,-0.2636775903166783,2532.031348996009,2809.1706379303846,945.6048987030509,24.741696017807516,718.3580889993796,7.234750780224359,-41.26705884688513,71.40183554209455,76.16862168316413,71.62084757782044,63.90354309020314,90.27717979710711,117.2630016234346,69.21481707264516,65.32232808223608,71.68817804985176,68.14604064308595,72.58251008789071,57.31035879491699,50.705636658600255
1569,1212.9099603586421,2816.3837599821077,0.5846788965414882,-0.44810583225337536,0.17364319429752068,49,0.0,0.12911247985348182,15.121100103475952,-2.9489584712147514,1212.9099603586421,2816.3837599821077,5241.6363892687095,0.0,0.0,7.965953331352259,-41.26500746761139,410.976996317956,448.28147232350545,452.90134134591005,419.52413253501044,403.3160475904328,436.5623361837427,402.117939850788,408.78735095194423,447.2884301102067,402.4652625538472,413.56115869706184,425.3078322876078,170.54608852069688
1570,1225.0504815439028,2818.5605470503133,0.32826972229153517,-0.5261526139338049,0.22281143264719955,49,0.0,0.02226184063066348,3.368926929251549,-1.3187289785013387,1225.0504815439028,2818.5605470503133,2053.8998132623715,0.0,0.0,7.959220970776942,-41.264112863793926,166.08087209786788,165.12688423569824,157.992357078042,167.27473613776996,171.96259616091947,137.80562949499836,157.76487540616876,178.0733253408544,181.14953865185024,172.15100122720142,149.29813659054284,177.1427285888591,72.07713225159866
1571,764.2000010760952,2822.615359816257,0.9469254935916536,0.5759202021962324,0.03422314275419085,49,0.0,0.017123490582939303,1.8319186053608576,-0.6572654336626411,764.2000010760952,2822.615359816257,1004.3457831160306,0.0,212.34219786175072,8.214647085775779,-41.26168129398539,403.80972324307703,4.238766818526461,61.004363528368,42.235449827871136,31.130437769783498,44.10453366758501,86.92974382742842,33.01252090765409,60.08858680193893,68.92282431974618,89.33103749857293,70.05082216248675,9.486972742992311
1572,2422.85452978628,2822.478893022283,0.7469121669316252,-0.6924425597472468,-0.41151463568588303,49,0.0,0.012128892974828885,1.0967122715748507,-0.10023175750169411,2422.85452978628,2822.478893022283,999.6294585053696,0.0,833.8213284236097,7.295305413180925,-41.261768890739376,74.74228701376232,81.47779615170924,75.24521481572484,64.54921658670264,75.89912745223437,79.20368283577059,65.75256502563326,85.47354584149397,89.57133708695173,91.45309063232497,92.11181021202427,85.320241503845,38.82954334719243
1573,1300.3878121574087,2823.129102058041,0.5257750520273606,0.7409648071336437,0.14173722946230216,49,0.0,0.01120029633684169,1.3747193817606997,-0.3455351392509419,1300.3878121574087,2823.129102058041,943.5406980410341,0.0,0.0,7.917457364632973,-41.26227710718749,82.83467979773988,71.17438455370404,77.89407382504811,83.2829255373376,82.40662801487534,65.26314704320957,64.03170336994216,69.54291514991702,71.94226001491282,74.58910943854102,80.66958656926818,80.58874340207805,39.320541324460464
1574,886.7761451351572,2827.3122945045006,0.452858406590888,-0.4730046991489549,-0.24586991429525976,49,0.0,0.013328670786406963,1.4329817583840676,-0.39060165484269027,886.7761451351572,2827.3122945045006,1277.053135221014,0.0,991.8748520284211,8.14669728829906,-41.259976956444454,99.93533512578193,100.22283677638447,122.36611278695621,110.47289956068937,112.67557271555168,95.78598804243576,92.6456396503919,103.242297892842,86.68048670744035,99.90766042313844,91.96093460826336,110.87499579636724,50.28237513477106
1575,1282.2040500245866,2827.9155505586054,0.4350591417438398,-0.3115381636612259,0.16264686408603907,49,0.0,0.12322474825379381,19.210840473224035,-3.208865914093149,1282.2040500245866,2827.9155505586054,4131.380844379493,0.0,0.0,7.9275307164971816,-41.260267975522574,276.5767742237401,320.98704644717014,347.1819028512865,320.60408226198933,326.91291617511376,355.0726123110336,318.6690082553149,339.6405264271964,329.98505607475323,353.7648024114658,348.0886582033173,347.0275201937395,146.86993854337294
1576,1803.8697863639582,2831.364600855115,0.4844625168472102,0.08821017267819933,-0.11437003139992817,49,0.0,0.07811438023269841,11.98958007967594,-2.6970099318352854,1803.8697863639582,2831.364600855115,2489.838136828025,0.0,0.0,7.638394297455176,-41.25891066813334,176.20186653055708,217.63692005716277,189.32034099098178,201.23173879943892,205.8805198191412,181.87852635863743,202.2510206646822,211.36086114809436,195.68970893607644,202.84695543980297,194.03507133032002,229.83226226564102,81.6723444874891
1577,2069.6718304105,2831.49089694863,0.7838255169746621,0.33877738304603605,-0.15855349495194587,49,0.0,0.012748091055115238,1.172823018534229,-0.1730812027674755,2069.6718304105,2831.49089694863,1029.3101636732179,0.0,0.0,7.491075383254723,-41.258620482072956,76.19083365776,87.9913400271538,84.4597711280689,90.78660591733487,82.15799775956563,80.98117787593931,74.33678814213548,82.33970205996172,74.9226447318721,71.428487249657,98.28476660698381,95.84478126865024,29.585267248135107
1578,1232.9561282356656,2832.8667373603585,0.3538176033516659,-0.261955465026988,-0.04868525706481527,49,0.0,0.012811325193522826,1.90735669729422,-0.7010797965643701,1232.9561282356656,2832.8667373603585,1036.6124160130894,0.0,0.0,7.954820180141394,-41.25816026989918,74.22443576896563,81.3330943831468,75.89470351124541,93.28328817897857,76.85038075169456,80.25599612854569,84.72791760069555,74.77577459451855,82.35497843219417,90.80372037923561,86.79995809509842,95.57427827526234,39.73388991350808
1579,1970.7196170548434,2841.3285718266584,0.7460680773881943,-0.21303046257975053,-0.41236584060730797,49,0.0,0.017570762285258067,1.8983519202355927,-0.6959418148131401,1970.7196170548434,2841.3285718266584,891.070015495751,0.0,0.0,7.545931695704429,-41.25463219007235,66.665126041403,68.62369941915236,69.02244547294164,74.29010578805446,72.26817672183941,72.72887883818815,72.18291993358866,87.10744984452573,89.34715041226184,66.65077981193642,59.79852762301901,65.59407521340907,26.79068037543126
1580,1449.0836072402305,2848.072075164603,0.49902715997591707,-0.48121238807624817,0.18458834779873967,49,0.0,0.011231099205728278,1.1089703973381848,-0.11229988330737714,1449.0836072402305,2848.072075164603,1100.8148870601076,0.0,0.0,7.835025274457858,-41.25197428931606,83.42500362708071,83.23381299727444,83.85110948418917,99.41010383486196,74.8696047333632,78.71675239360539,87.7837259913473,98.02158690942134,88.94886673102215,90.64392789370135,92.84372630138105,97.55047207496266,41.51619408789678
1581,1580.5688265246824,2847.3718267058475,0.6166117960858296,-0.3583058607696287,-0.206414748496808,49,0.0,0.02018142969470003,2.431336289374898,-0.9646125806943584,1580.5688265246824,2847.3718267058475,1025.872167962843,0.0,0.0,7.762157555155036,-41.25229596931829,85.7926653723496,79.56137879232827,77.64234251508381,73.90203886822243,67.66829764407049,90.98147744263737,81.2171429931285,101.26028534221714,85.94519279045008,91.79866062140633,69.55451833593008,89.18781027763943,31.360356967379364
1582,1798.5631644407263,2855.4055591941337,0.5075838914382148,-0.10269006105880943,-0.15310328332578527,49,0.0,0.13021923411630765,19.327261596848075,-3.2154258123054946,1798.5631644407263,2855.4055591941337,3935.928427820543,0.0,0.0,7.641352485477955,-41.24889727003581,312.7728597059987,288.12118373686667,290.11515350177706,298.4595588785186,318.9527804235369,335.89554414625104,301.76381753766736,328.79679351012294,329.729952168881,329.37790436351776,361.9969031423267,306.080412053386,133.86556465169244
1583,831.3315673260852,2862.75813467274,0.9632410469312794,-0.4366132633165618,-0.9304987221910681,49,0.0,0.010170914236291486,1.0333680378733616,-0.03563756166670365,831.3315673260852,2862.75813467274,1031.9227973115908,0.0,271.5567456058628,8.177329308124875,-41.24510021224167,18.44413721144,47.294969365041304,24.500552577209408,62.43597887531834,63.44674153475421,432.1553758754294,51.68455537107532,61.96663090759309,55.33033147918209,30.50366240251474,110.12256671763083,43.11200684979367,30.925288144608437
1584,2076.693794843651,2866.4591222108334,0.45638831785647116,-0.10982012360777478,-0.18301813224632704,49,0.0,0.10601890584955943,16.064670162411087,-3.014679532761895,2076.693794843651,2866.4591222108334,3651.4873089473394,0.0,0.0,7.487243003846571,-41.244042923230666,256.26982652989284,273.27425266024113,261.8823401389331,275.54582930021763,272.57887251105046,288.6835016038191,287.93889029201773,325.24746612862566,320.90297959713496,333.21150311491033,284.0265072136191,329.25676896678976,142.6685708900876
1585,1792.2762554984347,2867.999764343269,0.5313720324343795,-0.04285054580868479,-0.12822992619961068,49,0.0,0.4140780331065225,60.18151814869147,-4.448657847812383,1792.2762554984347,2867.999764343269,10596.726375167216,0.0,0.0,7.644845075357138,-41.24365339104201,821.1402648109456,823.227848638989,858.9784565587233,847.1191733037323,844.9496761845043,893.5057165026632,803.6656796762967,857.703967260088,865.9913601484149,865.6156413050037,829.4475226565198,887.1906770487294,398.19039107260744
1586,2037.9033318753472,2870.9849989426757,0.512804097681431,-0.3496198280614085,-0.3699111916283134,49,0.0,0.02435480194635807,2.975318914438228,-1.1838338078148938,2037.9033318753472,2870.9849989426757,1308.5210431880478,0.0,0.0,7.508744401626705,-41.24220439040638,88.12103497345944,109.1843419618483,102.55879330401275,103.99321798502837,101.33697800855225,97.2605777214846,107.57499207790578,102.28461883973995,93.87259503449376,114.10612723434775,121.09849078612119,111.35569965380716,55.77357560724632
1587,967.1360999452103,2874.36428524144,0.896966622339195,-0.3481731509688191,0.3920740858718135,49,0.0,0.016770209779460764,1.2974874962082692,-0.28275795319157143,967.1360999452103,2874.36428524144,1168.986585642519,49.711031007103486,926.3297227860877,8.102052109839763,-41.2405178180249,99.55847357103414,78.92330756836853,88.25836985674803,88.42067370595163,89.80207783290886,112.09646942403342,96.29558845016265,87.23240953063224,86.54549568722081,87.81958163729985,105.59774822610277,98.80826081688335,49.62812933517286
1588,2270.3857012748435,2875.0905345841534,0.49535540715418436,-0.08683580235250286,-0.3573177675540715,49,0.0,0.13732692120418663,19.22414359645912,-3.2096175045235382,2270.3857012748435,2875.0905345841534,4923.218036683269,0.0,2457.146135517891,7.379937518202825,-41.240152034436406,376.88651253136163,378.9721310731268,424.956743723552,368.0980211924586,352.829823288887,394.8408637122451,387.9782907172046,384.24255221727674,432.9265976787141,442.74694707354263,415.4304712556073,400.90105869648437,162.4080235228085
1589,1539.3486689820968,2876.345512111612,0.44933756004848247,-0.11770699986559101,0.04057722494847775,49,0.0,0.01539347188603948,2.0634232634975516,-0.7864708064170982,1539.3486689820968,2876.345512111612,981.5330173025743,0.0,0.0,7.784995138878262,-41.24022017759962,76.08610678965921,78.52028004294478,76.80835461164877,75.76725707160051,85.94086096668075,65.03794652805567,79.28346131735223,82.97252008321199,61.85516437703993,74.45591619275092,94.61392678426353,88.4689380459175,41.722284491448605
1590,1356.167297169452,2879.9511594480628,0.6807529916622855,0.1213516658027604,0.09241617422852219,49,0.0,0.06140790874727227,5.615187204112458,-1.8734105993377523,1356.167297169452,2879.9511594480628,3157.0549053170407,0.0,0.0,7.886490588987298,-41.23864364038921,239.1119339517748,279.6260255561798,232.53593301660823,247.61895317199148,245.32017603514373,296.45857980716255,247.55002994847996,255.67985278847385,230.78471483677697,238.40248154468753,267.56114129272885,271.66226655496376,104.74281681206931
1591,1282.360645043263,2882.3781955802824,0.7283004731862154,-0.4318064917893376,-0.2995884031944105,49,0.0,0.02337700057419396,2.0778755013268144,-0.7940488066735087,1282.360645043263,2882.3781955802824,1480.3244445272248,0.0,0.0,7.927382056927652,-41.23757733688267,94.56814287623378,129.2294027143683,135.43585956051157,124.9460653793941,120.09549423568652,115.80569534321003,103.06730761721259,122.38081939574973,119.65766978607337,123.9594641587021,133.00977038720953,104.86643969753727,53.30231337533603
1592,1478.257615647115,2883.4803482855536,0.37740056286427887,-0.3223414742661333,0.19429165490237774,49,0.0,0.10518472440973277,17.084966623471324,-3.0815353367868537,1478.257615647115,2883.4803482855536,4058.395152930391,0.0,0.0,7.818841898631373,-41.2372327091439,289.1205487276394,334.37718835343014,318.5872318593307,314.5102487933606,313.78218666368673,324.4631287853236,321.2356353150604,341.6522966356191,297.2396928366775,340.9081910629399,326.59757342936166,365.468682502628,170.45254796533305
1593,1892.1001523126583,2883.695780432277,0.5349667454917653,0.0497117264805719,-0.24173814786191739,49,0.0,0.05615942592345473,7.68899629177242,-2.214674128634079,1892.1001523126583,2883.695780432277,2014.4585712712249,0.0,0.0,7.589547390076183,-41.23704988210846,141.81918654547334,163.84882268436633,161.98826047365588,154.80251019574555,172.15631995986553,170.26069722553865,141.72806214840335,173.0760852699545,156.04510673533622,163.23917686505393,181.91952192400692,168.12422541833757,65.45059582548674
1594,1435.574271781139,2885.8944918578436,0.5321501567080387,-0.4753866506631172,-0.1329069241426054,49,0.0,0.02421417299418375,2.621592537277102,-1.0464129802431035,1435.574271781139,2885.8944918578436,1502.275253741542,0.0,0.0,7.842489729790782,-41.2362106280204,97.92059688671142,120.74174517280355,109.16200235752031,119.77750683583182,123.17726859526937,123.9139758267893,121.62670622935502,131.76416599135425,116.55714374247006,129.70302389533427,123.27624216130029,133.10585106677277,51.54902498002939
1595,1191.536331312767,2899.6084812162826,0.4699679726139301,-0.05453258910607278,0.4243058253297123,49,0.0,0.01055488109469274,1.152192920791828,-0.15381300635643316,1191.536331312767,2899.6084812162826,1041.1946838369608,0.0,0.8592001753691529,7.977679110455839,-41.23031104417816,82.05210584377414,79.60494352743086,90.88787147050789,76.29348214349153,90.60893065093047,98.33951818905463,95.67084786778199,84.92492078440587,71.37348542508029,87.68695899844147,77.4885595181221,66.18423160036593,40.07882781757371
1596,1715.0444498403774,2899.3256467365054,0.3630422105196451,-0.01976253600888292,-0.05849596410019436,49,0.0,0.01140973358824489,1.5486106400099977,-0.4748555970917294,1715.0444498403774,2899.3256467365054,957.8652656854783,0.0,0.0,7.687653406734002,-41.230633507880384,60.72507845614027,66.30228380388651,63.26661579045275,74.10886917287488,85.25395462694169,73.9032327706349,75.73346157569065,75.59449985694816,76.38597267013361,81.34853027997542,77.34408819562375,109.32373260569679,38.574945880478936
1597,2204.8574846806996,2904.947074342705,0.6352222814432644,0.018655564026735228,-0.29493795641864085,49,0.0,0.021430181607537534,2.2499916877779174,-0.8804522842130162,2204.8574846806996,2904.947074342705,1228.8040116006946,0.0,594.0580994134008,7.4163093138637715,-41.22782400907468,80.99355778258479,125.08773380841725,84.47362647690073,99.0412565144673,85.17490246275727,103.68668924494402,112.38107674967125,100.8589713107454,91.38211114129425,99.19856467625254,92.69938696575696,112.32223383766129,41.50390062924164
1598,1488.1592913813433,2905.63501750617,0.595062605535138,-0.580089902705654,0.17389261091555713,49,0.0,0.02516111960426169,2.8791934587304486,-1.1481771174195678,1488.1592913813433,2905.63501750617,1378.0214552601683,0.0,0.0,7.813346862861599,-41.22800550442485,86.29804490038288,123.39018504859098,114.70400230319038,107.01338167822263,98.3953240597156,108.06768380216192,99.7429085758259,106.60194585950283,124.35926346344401,137.91555645557418,129.07143699530064,100.71339039326392,41.74833172499254
1599,1382.2993225470077,2913.3442277437543,0.7452153633667078,-0.5273053839147385,0.2631525837563563,49,0.0,0.017026069738417065,1.5825102848143737,-0.49836635300091525,1382.2993225470077,2913.3442277437543,1039.2705340856837,0.0,0.0,7.871985518941871,-41.22474718087681,72.87367887174241,91.49054328950743,65.55903033666463,72.89947603706884,90.12048069045994,87.41142910755035,99.0216608794634,95.04588629822322,70.62893371456613,72.37916165357615,84.86355596911517,83.56799229367712,53.408704944068894
1600,2392.273714345304,2922.7992245688984,0.31331359616419563,0.15214719257673823,-0.17679364475753354,49,0.0,0.06086679994964249,8.863544284038197,-2.369018547156932,2392.273714345304,2922.7992245688984,3692.8260945324705,0.0,2409.883093032262,7.312538299036461,-41.22003917225661,304.2094193744838,242.98131255984657,260.17552946778466,249.24093766203328,305.3778708270014,356.8012130618928,264.4611953318085,337.5992451266451,306.740865153611,303.05938592027246,297.1304965645021,351.0103821179598,114.03824136462885
1601,1813.8592936582772,2948.840525661937,0.6912943210983375,-0.5458414076717362,-0.07070580157364283,49,0.0,0.014085119032189659,1.384006012329045,-0.35284494191249793,1813.8592936582772,2948.840525661937,976.6917780557518,0.0,0.0,7.632947090397562,-41.209961246578054,65.65236567174284,79.54205913481205,80.37478162743682,80.5194682440663,93.84853759175542,76.47122330256761,82.78087627757833,77.2696511659162,66.16581435467883,88.762111649698,84.73706218015458,66.98580253231691,33.58202432302793
1602,1103.703812075263,2948.63641318253,0.2754885291170199,-0.4760283994769283,0.004175952768965703,49,0.0,0.006152498790825594,1.0144432473065088,-0.015569388967896114,1103.703812075263,2948.63641318253,1061.7119099973345,0.0,780.6489645034699,8.026251054563936,-41.20977925232974,109.19061589289757,107.74933598712606,93.98180885316216,80.37873002786301,85.83163481408346,82.24641861836841,80.33394071116685,82.45934769849524,77.6557302764095,63.63173563695702,74.65178667046521,92.10206787597093,31.498756934368995
1603,1934.0520520171037,2949.2929710980907,0.6309075566852537,-0.7006961757948684,-0.12854131386297366,49,0.0,0.011772482169294123,1.2418328531764251,-0.23515786273307782,1934.0520520171037,2949.2929710980907,1021.3719627946166,0.0,0.8291813649997366,7.56638166547268,-41.209685539720596,63.25183135391693,84.23955205635829,83.28732782234269,72.93458992281965,69.38084186333268,86.2025165444553,85.91164472978369,94.77081160282242,83.02308718206838,91.33443792736945,83.82410586611667,95.09050379608261,28.120712127147762
1604,1314.9184598227034,2950.9800752492374,0.5702505134950444,-0.4055111007290956,0.29452490922805435,49,0.0,0.056798944634646804,7.208475196597648,-2.1446085211129007,1314.9184598227034,2950.9800752492374,2354.9708323615732,0.0,140.86617028636778,7.909273077589212,-41.209022051445814,189.62073303274474,176.57203208265543,206.1798966968486,183.5503687133699,193.40659540573176,169.52267170343944,175.42591873240517,192.65147607198327,191.464976755471,188.62778199316818,182.49099472692245,213.0333860250547,92.42400042177812
1605,1939.4118312258586,2955.373041356432,0.39290282683008343,-0.20639854874872102,-0.4421365736678657,49,0.0,0.008314350244869092,1.0868694417818578,-0.09044344595836504,1939.4118312258586,2955.373041356432,971.6358307505772,0.0,18.54933044183682,7.563420643638488,-41.207147654110486,62.33805274659612,84.13398217586939,81.43435519428338,82.9186071280415,77.27069035527947,96.19278809507577,69.41788248229125,70.28454551251303,74.06058254708466,77.72726956717264,79.66124739225688,82.77226536682167,33.42356218729142
1606,2154.346585704827,2956.2815712979286,0.5469178609207429,0.21752877557580116,-0.04040983310068028,49,0.0,0.013840343802637784,1.7203580601456252,-0.5890471163411743,2154.346585704827,2956.2815712979286,1011.3346522497853,0.0,823.9140384510156,7.444392244895224,-41.20651460623784,64.54106751626185,97.01336778485722,87.78850804169957,81.48031560447893,82.34299716166623,87.90071916485005,79.52449125061423,71.20633762733004,83.33193523335405,83.0683461188977,93.24105093755936,61.013717078704516,38.881798729511516
1607,1604.7726813541708,2963.999816117237,0.26661191417790175,-0.40969916799773975,0.13718299592720726,49,0.0,0.025457754641442214,3.815935697277735,-1.454002619382591,1604.7726813541708,2963.999816117237,1772.2712013281443,0.0,0.0,7.748745732068948,-41.20370585777072,135.1248350280049,136.591045698013,124.26298261866394,179.85571672303382,125.62523056317517,150.99506648322188,136.57889627482382,126.44813163242492,141.1272748874111,171.71215125398015,147.213501360539,134.66376350658976,62.072605298262985
1608,1125.9568022245105,2972.0403948449607,0.8429207047050438,0.08546799896102666,-0.2814163641556372,49,0.0,0.011046749803615034,1.1436308926766359,-0.14571469588981614,1125.9568022245105,2972.0403948449607,2205.9277046315033,0.0,697.6242363222517,8.013887320662628,-41.200057325892914,66.99992393068632,424.5505915665162,59.37436187954388,81.8086075213009,788.4123818622967,81.35982492692577,68.84186652099297,209.30792511453717,83.36051309828903,90.60035342222375,97.13033255749141,102.05042576355316,52.13059646714574
1609,1575.7421693978959,2974.6632460797346,0.47942767062055175,-0.5586506427743947,0.1861975897783373,49,0.0,0.21373742827136205,28.74442113323634,-3.646383917680886,1575.7421693978959,2974.6632460797346,8041.465954587458,0.0,0.0,7.7648212090918936,-41.19926241352868,624.0247201943309,623.0581596543946,625.8701602803746,673.0007985798811,596.3110253722343,651.5993436042818,653.2659175848186,668.6203074177289,628.2291821521503,664.0535485820052,651.3155456570323,663.2652708179324,318.8519746902929
1610,2087.5263780934515,2974.399815331109,0.6841155462605609,-0.20746100492236533,-0.4149571023911901,49,0.0,0.04122599193705174,4.349537581612033,-1.5961077191514328,2087.5263780934515,2974.399815331109,1787.2283542406426,0.0,1367.1064076855641,7.48142807591868,-41.199058424323674,136.61033697775434,156.11275386902244,136.3586510596105,129.01453587978466,152.1017450868051,138.49362225561927,153.9043856246274,132.7826573094144,153.31608856487566,143.91326846618688,160.13708433756142,140.29186258065596,54.19136222872453
1611,1115.9429573959796,2975.145219375541,0.27930610415323687,0.5475850834875264,-0.16803236500433172,49,0.0,0.006474039063034488,1.440277814500111,-0.39611567757712324,1115.9429573959796,2975.145219375541,2657.4104335198117,0.0,588.6166003589383,8.019426984039528,-41.19875105535992,122.80568558617881,407.6721633789353,488.9684737709621,42.74353842276973,77.38957378643246,354.099099359645,47.232251781676304,53.876724587007885,805.2365613572797,73.11847006094231,66.76176062941666,84.58779704405856,32.91833375450672
1612,2141.598602372765,2979.4860369977264,0.8936430130333529,-0.15203037355542764,-0.20623399642432558,49,0.0,0.014556768399550543,1.2065453535585369,-0.20385912876991702,2141.598602372765,2979.4860369977264,914.1855644616071,0.0,789.3321728335313,7.451496698530349,-41.196865683714435,71.93903288822848,61.23565961390766,72.49513356035993,76.72037244298998,70.58205126817012,74.62110020017028,67.56950194785195,74.46334063064805,87.57480750032573,75.51291805586393,67.76386499686689,74.62956737255334,39.07821398367062
1613,1432.9282679649866,2987.054484712218,0.2727988863605486,-0.39824821302411756,0.4287471895684243,49,0.0,0.008313797800311946,1.0040246338709216,-0.004360921023909046,1432.9282679649866,2987.054484712218,1015.6137102852799,0.0,234.75044123477988,7.843895295072784,-41.19406349864693,78.40640669657236,73.85173339921509,76.35379182996773,70.19928811256256,93.1423150840685,77.12043800811496,73.6288500060855,76.13719536724847,88.1457199375125,90.66689226358758,99.91031519008214,79.57507161737978,38.47569277288274
1614,1644.0008032716523,2991.2411561484596,0.3693236023398421,-0.7099838019918173,-0.2401698742278999,49,0.0,0.011653425344567753,1.236749621894852,-0.2307044656540108,1644.0008032716523,2991.2411561484596,1118.459553556938,0.0,56.911724688427874,7.727026341582199,-41.1923539530684,89.00108992250594,95.49637503987492,82.14166509010074,71.02752540477846,78.93738287180253,93.37812175505411,92.95205515700518,107.51400885067889,72.85876660864113,82.60621068874013,97.0354495099285,117.5079567443284,38.002945913499296
1615,1961.3467759601717,2995.5209778334734,0.5074388355973526,-0.04421238863738282,-0.024843688203304196,49,0.0,0.017784150141017824,2.267734996329885,-0.8889807556712831,1961.3467759601717,2995.5209778334734,1088.5514952386586,0.0,685.7727244084068,7.551324695559666,-41.19040076146993,77.8571971322346,81.69625233888434,80.32295448446888,76.0257849494874,103.47642630698138,85.8680889385773,101.26969998658149,104.14805987465516,94.71872048897782,84.40504062670007,67.9252948212966,88.22061078635952,42.61736450345403
1616,2214.7634374708387,3001.8381646795033,0.7458328171376059,0.23453338229254986,0.18101868096179013,49,0.0,0.008629061493622294,1.0942653871395476,-0.09780665552568207,2214.7634374708387,3001.8381646795033,803.0480799668538,0.0,470.1896623175453,7.4110339650540515,-41.18744132423217,51.73818443888386,41.12674409889314,40.35196429056395,93.7768797838951,59.00776595820781,75.31742508668424,54.91008421235563,96.77632628566937,82.46906608003735,44.57020481247234,56.55307590621369,74.24522233178453,32.205136681192926
1617,1777.3141914391895,3005.3792127577562,0.29221856417718395,-0.2682087639399715,-0.06571877854073448,49,0.0,0.010934159473205345,1.3540343182888515,-0.3290741794374359,1777.3141914391895,3005.3792127577562,1125.7078832630493,0.0,408.6840846161682,7.653222454909577,-41.18642477275824,69.081272869809,89.5237732192399,102.06333043733349,82.19339794695847,78.41531297080269,98.3282326586294,95.24181236838997,98.73137187230455,91.95081424944712,105.72908839520959,92.29715648778358,82.66565024055217,39.486669546589454
1618,1214.6119605030058,3009.0737187239524,0.4297729593341547,0.9227361479269931,0.05075200554106057,49,0.0,0.009360348515212643,1.3891243007257474,-0.3568527718385949,1214.6119605030058,3009.0737187239524,1322.2636332802226,99.03531727916013,835.1785898581558,7.96474462436656,-41.18472962256344,137.23594233622094,71.99117377532887,240.5738071248575,68.62048915863969,111.38426480581302,77.81250206501598,127.53978405614706,89.67751041959326,86.1212503960976,86.28058504004802,92.28932810365649,99.1084640428164,33.628531955987725
1619,1679.3804639655673,3018.2432475763367,0.6704534218629462,-0.5330390317311068,0.15121805493798757,49,0.0,0.041827359096471325,4.469368362931081,-1.6256153761314724,1679.3804639655673,3018.2432475763367,1855.8765530961257,0.0,907.2534910626096,7.707444946310511,-41.18109851756282,142.94788276234397,158.62635618985007,142.7462981555075,144.28630953099952,145.02144931439534,170.13544013073317,149.10882146853805,144.28463978689967,143.2390343901515,138.30657366661234,173.98567183198827,143.6012477369557,59.58682813115082
1620,2107.0519320629255,3020.852342808274,0.20731360998240136,-0.3811912347076569,-0.30553830707679386,49,0.0,0.006842035168463455,1.7829284674362846,-0.6278347981783046,2107.0519320629255,3020.852342808274,881.106775307549,0.0,554.7820330000245,7.470700115774465,-41.17967970967381,50.75339509531537,41.243238779895385,120.80235254840963,51.93217123258221,82.92631874773889,83.08495883687036,55.754261601154965,56.904337124671734,84.44137447871518,58.15500770242028,92.34672606214389,82.20807978463006,20.554553313001115
1621,1364.4106002088054,3043.9284733494574,0.38813495854605745,-0.44205826095024914,-0.9386570941582737,49,0.0,0.0086470048932598,1.4074096896509,-0.3710513417665106,1364.4106002088054,3043.9284733494574,1143.3956992353408,0.0,701.654189681496,7.881785155575547,-41.17033190322952,100.16407931062182,92.06725535473106,62.75989947358251,118.48116061318281,126.85350371552352,97.98027291286624,88.74677386826366,85.36380211024468,85.20645082751835,95.00610779127177,85.9571170884301,69.1985531981502,35.6107229709539
1622,1530.1855584378197,3076.039478424226,0.39653590873226624,0.08101813468258287,0.36959664360256667,49,0.0,0.0074437404883426666,1.2113455332368726,-0.20817010553203688,1530.1855584378197,3076.039478424226,1142.8842693056765,0.0,696.9054728891886,7.790022260957589,-41.157021119395296,108.19504677712291,55.13589720006973,62.78003646811486,126.6938253981732,116.53077190335549,76.54658132293385,66.72804469078874,95.33066870080054,90.62917896331555,101.51546017265177,90.60166085555724,110.13297883591193,42.06411801688065
1623,1611.7337729338508,3085.2427560423666,0.6872509037312442,-0.5411561012442988,-0.07392434858798125,49,0.0,0.009893038405131546,1.0209174799484653,-0.022476599459760088,1611.7337729338508,3085.2427560423666,1274.4090598048156,0.0,773.5507481106557,7.744895694956451,-41.153193244359834,143.79662779255685,119.5999828976017,55.151491503671565,80.08615099772115,105.3708360303424,70.9626027750547,94.18059716553326,140.73645892513736,119.60158182156627,102.03120562347766,89.28917413997371,119.75203328915785,33.85031684302098
1624,1601.4142124343423,3098.394788739752,0.347398102743599,0.0636948598499439,0.9665773068224187,49,0.0,0.20767295032745545,18.787352073567522,-3.1846639352334165,1601.4142124343423,3098.394788739752,23967.62027615115,0.0,14205.325336070011,7.750606011312957,-41.147714041188614,2376.7851188492746,1879.515225576944,1437.262534757037,1595.1506104598786,1709.0176413179154,1860.1296712481742,1879.458746837287,1887.2768104585123,1826.1665159950203,1830.2677987265997,2420.0126313408073,2519.31691345894,747.2600571247592
1625,1723.0074829212735,3105.4512952325604,0.31500454269407324,-0.09746433075219998,0.396411049037891,49,0.0,0.0064330597650850835,1.2588050497853092,-0.24989619111911432,1723.0074829212735,3105.4512952325604,1023.7730184081547,0.0,383.1309179489956,7.683331826939735,-41.14475431729665,24.839803904928473,32.6005229554726,56.496295460561,47.10662999518861,73.1828075738286,68.92761981475795,81.45370891267501,345.1216387031658,46.80256562956872,84.8111074205255,90.56827190475829,51.23220576512134,20.629840367602792
1626,1560.4968765570395,3106.929358194615,0.6246969200086523,-0.5539283974890116,-0.6249015285826502,49,0.0,0.008309918629775754,1.1946028693468005,-0.19305888388797435,1560.4968765570395,3106.929358194615,797.5234133283011,0.0,274.58020526629826,7.773244268270118,-41.14415627798271,20.939384425984603,15.929177184466948,32.524311960234044,189.6339398816601,25.999840555442425,34.61704885631903,69.0338444674218,45.73635319805557,59.13476561967898,61.02435231233517,146.12884038077104,75.21128717046386,21.610267315467496
1627,1670.406006601819,3127.5014672416005,0.8310123033688571,-0.391925098617501,-0.10480686993990632,49,0.0,0.013354865994788714,1.6608807574869882,-0.5508461337709315,1670.406006601819,3127.5014672416005,446.1412095768137,0.0,164.35771393893293,7.712440248170775,-41.13558126056586,0.0,0.0,3.9811706578509507,40.339823636569704,39.24027687777567,35.879838918492084,54.47623964902846,25.157498265331114,66.09584707857786,74.25566431544397,49.91238962384848,37.58841120525621,19.214049348639175
