id,xcentroid,ycentroid,sharpness,roundness1,roundness2,npix,sky,peak,flux,mag,xcenter,ycenter,aperture_sum,aperture_sum_mask,aperture_sum_edge,ra,dec,aperture_sum_0,aperture_sum_1,aperture_sum_2,aperture_sum_3,aperture_sum_4,aperture_sum_5,aperture_sum_6,aperture_sum_7,aperture_sum_8,aperture_sum_9,aperture_sum_10,aperture_sum_11,aperture_sum_12,aperture_sum_13,aperture_sum_14
1,961.1647444362511,230.16725890826297,0.6927571074178998,0.7780058363647584,0.4439272161304092,49,0.0,0.03316189550844413,4.102098509256373,-1.5325152136503248,961.1647444362511,230.16725890826297,896.8187494822741,44.0,740.831894404475,40.5522084041656,-8.817364914542802,60.076721614831655,83.3765616781979,69.70644086373828,61.13327051107193,61.7700207750445,40.74899180487621,70.0286119153289,60.580635255949296,61.466352412320944,52.72379430426798,47.77896428307639,59.17365249705559,71.38850079517589,76.16484885349004,20.70138191784863
2,1728.0066667924937,265.3052591719752,0.29594589256649767,-0.17950114232286302,0.0720936436796988,49,0.0,0.005842624009224875,1.3272201107277657,-0.3073573843037288,1728.0066667924937,265.3052591719752,255.64866013964615,0.0,0.0,40.22888967830963,-8.80281773459981,21.5016547512802,10.369526341926699,18.183560901895316,11.167184771590492,22.787265951804876,18.68514043251098,19.241724704954866,9.05535055709696,16.0489353132151,19.275186284245244,20.912844051593943,26.425391885801922,21.08653412641889,15.398112315671803,5.510247749638834
3,1472.1139324954695,268.9304405894649,0.26689098103550646,-0.4277074134641949,-0.15845276845562017,49,0.0,0.005745657160340446,1.3024317834535317,-0.2868874645823717,1472.1139324954695,268.9304405894649,255.81573296151737,0.0,0.0,40.33677721277278,-8.801307332233272,17.22723811688831,20.207925725365044,17.30529189789117,25.75529783034057,24.54006252290562,20.95333361180573,14.145296227320511,12.387398854501411,17.051082869877426,16.32577228879616,19.858344708068792,12.811703497802746,17.59534222705452,16.528435913032848,3.1232066698665077
4,1156.0320510990277,595.1281105123572,0.4213825393821204,-0.2802165858973818,0.16415539962226167,49,0.0,0.006769447710944751,1.111641346710543,-0.11491172920154903,1156.0320510990277,595.1281105123572,283.1416950413983,0.0,0.0,40.46997587399772,-8.665359767883487,11.317934370202213,27.150616320053587,19.378266213829917,16.126212585763657,31.678681788206926,14.821070340620096,18.42805249814287,17.126680927927637,15.982247399164548,20.67500661246494,23.8755898419688,23.863457762116674,20.50473115000689,16.693054970307998,5.520092260621571
5,2352.7434701594398,598.2794569003995,0.48680631030566496,-0.2752141132409765,-0.10354390200959061,49,0.0,0.020334228460434964,3.583351483745345,-1.3857235233209397,2352.7434701594398,598.2794569003995,542.7517404018564,0.0,0.0,39.96560699100504,-8.663961760044796,29.923012919964357,43.2052550254098,36.80812231440718,33.251121118527465,40.06921197777953,36.116351524236094,40.568595737307696,39.15589037667539,33.230936110415634,40.02607574036607,46.890540470722975,38.485476342455705,41.40818024433407,39.56041666805636,4.05255383119813
6,782.8929749245185,627.9652359586289,0.7654847237035098,0.008732109434383241,-0.05656349093964186,49,0.0,0.05038509981114964,6.629364820832889,-2.0536797983791617,782.8929749245185,627.9652359586289,748.6770866996924,0.0,0.0,40.627226090154345,-8.651569859776458,43.54066518081965,57.454435957549165,52.19950191151473,45.29884570509666,49.90126408125275,56.793864537968346,63.312005439357776,41.05057154581538,49.879918595218165,43.45594089577999,73.29593484206762,53.79887358234145,46.94272235868312,59.50301870600241,12.249523360225279
7,700.9259592881758,679.2365256525292,0.4210819166744575,-0.25409052389375464,-0.10490483237977596,49,0.0,0.008731250696764148,1.6132463225999354,-0.5192517095116349,700.9259592881758,679.2365256525292,297.96438776747294,4.0,0.0,40.66174936384581,-8.630175858492057,21.907738475413247,18.075513446574348,18.75589405634264,19.773069937151753,28.5609174473937,21.420918459726213,19.52746371203508,23.017883069763855,14.875302602188897,15.948174357119875,20.203196883856833,17.640944570457023,21.30034040830174,32.12004524110185,4.83698510004588
8,2421.5098304004105,681.1907051664642,0.6644341265502532,-0.1856970269033057,-0.03809397117745386,49,0.0,0.011910214022074818,1.4963373266339337,-0.4375737742313202,2421.5098304004105,681.1907051664642,345.1295635099984,0.0,0.0,39.936655603378334,-8.629392748860296,27.370713744392617,33.32957319630767,16.48604291688242,31.46898579592145,28.004749108412952,24.89772800249497,22.76407086873901,20.21466834254491,36.516966928453286,18.842845262271553,17.809923334393105,22.358271107850946,15.432160342259888,26.596585012308893,3.03627954676472
9,1802.3135615456695,791.5682303947541,0.5112179604056563,-0.3070069911241423,0.6554399594745524,49,0.0,0.007612003149531918,1.0827380568060767,-0.08630850480561404,1802.3135615456695,791.5682303947541,381.46202158595327,0.0,0.0,40.19760818692254,-8.583549591678052,22.011508206489168,27.844615095622693,34.39794309652464,26.788855809894066,22.106590320584328,19.68779708084878,35.00796208065493,27.264422711457485,32.20117757357011,25.416874780579082,31.68382799094541,21.686241446976403,15.862060155881867,37.977486419417545,1.524658816506772
10,1923.120814492293,858.3516818452268,0.6934303558222072,0.1742369376474207,0.3031065821113348,49,0.0,0.012864402848167047,1.6110708189194354,-0.5177865785308637,1923.120814492293,858.3516818452268,379.14936805585853,0.0,0.0,40.14671228981709,-8.555709629594466,30.225989870452842,21.33282858301955,26.725195489738276,25.861892361184424,21.88439969184123,29.842550499105926,27.82513498603226,28.026664183696536,25.638392440283834,28.062020634874983,26.44519874526966,18.906056023233532,25.438975982850646,32.17294680690492,10.761121757369917
11,951.8483167611342,879.4101372196807,0.6796560629045252,0.042821380287253026,0.2329563935685163,49,0.0,0.008569774299938868,1.16997069057115,-0.17043745547084263,951.8483167611342,879.4101372196807,207.89445266273555,0.0,0.0,40.5559491090195,-8.546863446966066,15.26938723889829,12.951837375404509,17.666198754990116,11.674140779422647,17.54665025820708,10.950303987918666,17.975662242515412,16.471949201451018,17.47785446134002,13.881431137899225,15.612059852655888,13.133597915589368,9.357745720466502,15.650012178166168,2.2756215578106787
12,1338.9218019107848,882.6666661911853,0.3957847715235339,0.20009054812110044,0.16360314314127233,49,0.0,0.011794977289601258,1.9869365682985822,-0.7454600068817023,1338.9218019107848,882.6666661911853,480.178085826229,0.0,0.0,40.392861055957106,-8.545586818346607,28.340124345468475,27.201310320422266,32.694959923514176,36.604515649472965,40.26541374707702,33.17206517700999,45.39319808661175,33.329870536955,32.76564515736204,32.07459383133677,39.22932505313432,37.23476523954172,25.198465337169864,31.49817813312998,5.175655288022693
13,967.2425450835877,885.1236105043856,0.6335901089080757,0.041752196720167827,0.07629637858020896,49,0.0,0.011483193517652465,1.6849772184678693,-0.5664850835516607,967.2425450835877,885.1236105043856,272.3249512216499,0.0,0.0,40.54946143831434,-8.544487416862134,10.17166585101285,13.661338138781456,23.80033821157354,20.804019273209015,23.504190347378128,8.93837653038139,7.069729400495127,22.372696712486196,29.0281592865733,25.480772357120507,26.236590907131863,15.637406022454982,21.44247158647121,19.446482298535976,4.730714298044356
14,422.6281085241773,951.139524840026,0.44501066076492246,0.29245642931726984,-0.06414819442844923,49,0.0,0.008019195524731515,1.515475620944195,-0.4513723859481982,422.6281085241773,951.139524840026,259.8152471691913,6.0,0.0,40.7788829656986,-8.516757989399204,18.33229508186508,18.257782921567838,23.684876612567855,13.717009675652548,20.73669321959099,21.821420684289933,22.111398149225955,19.042621077736317,14.99138650781942,15.952130179246733,12.106081825130682,16.83658738671822,27.081205557940997,13.789523402153185,1.354234887685536
15,2755.9643937860988,962.3298427504649,0.501623793204776,0.07479302293550252,-0.3403626658893955,49,0.0,0.016992042519349004,2.5891909921155696,-1.0329102185577386,2755.9643937860988,962.3298427504649,569.6214005642862,0.0,0.0,39.79585888085681,-8.512107488193038,37.80284099151945,39.88913723040365,40.277198048447794,42.57378163076925,45.80447320297277,48.32475781821443,43.661597870983925,43.373789962095074,35.48214987753493,40.740183098244856,36.84970204182798,40.517341417576475,40.056213616837525,26.886217292965462,7.382016463892532
16,944.0017908968213,979.8198822725404,0.7178613734240339,-0.2124095676072314,0.05173504242404471,49,0.0,0.015101884804025113,1.8931147192752953,-0.6929423305231196,944.0017908968213,979.8198822725404,579.3688526253632,0.0,0.0,40.55922579787362,-8.505025206012133,24.058520855806705,35.36134149969184,47.523998104564555,31.75011142795301,47.832407582706566,39.30611836764522,51.66354420923669,47.454407350575835,41.96057571711334,28.04692752727641,50.05234209699195,39.55185249264757,48.04804762889607,33.08418961762821,13.674468146629183
17,1650.6562987286075,989.8964472367592,0.5072920961901761,0.2898985202279467,0.16353020645940922,49,0.0,0.01825239113131803,2.471505718961247,-0.9824040493432313,1650.6562987286075,989.8964472367592,993.9298505767962,0.0,0.0,40.26151776532981,-8.500923794532309,80.88859688455216,93.41453145384693,79.654587134468,62.98068919201795,72.04226333700987,63.33711290500762,68.70388505501278,76.1042307440585,57.17780993082536,67.84313308529659,60.33227535292319,71.88380516092981,64.98881793681485,63.64904454568853,10.929067858344023
18,938.5266391285062,992.136340400881,0.4853907729908229,-0.07280613767896531,-0.3113728415354441,49,0.0,0.04824762784358744,7.0809078689846485,-2.1252223593420236,938.5266391285062,992.136340400881,1800.077639946875,0.0,0.0,40.561528778302495,-8.499891876229452,80.50474409140362,109.96122333537623,137.80953316054155,114.22615688002702,118.59414364933733,116.6106576366145,127.12819063934963,130.60929839238273,123.96935431106473,125.07223049116794,138.4097639547893,122.75570901648035,152.82184450880146,177.41127490063602,24.193514978902513
19,953.1243014682581,1000.6667028944916,0.7399772458266013,-0.07275261550426317,0.3072317284207218,49,0.0,0.04440529457584948,5.273169386492372,-1.805179305266559,953.1243014682581,1000.6667028944916,2322.6780732545312,0.0,0.0,40.55537661680926,-8.496341994850038,101.07555087565449,167.09264760447402,156.16490581112598,179.21292615733466,169.126595100462,163.40778335802682,152.31848522512604,149.88760559115914,173.5117540946414,174.93098142200455,168.9902351032158,169.4546570188186,173.6591918936724,184.28664118034658,39.55811281846903
20,953.4110076247523,1008.1106579098594,0.7172589317683964,-0.18401574327797318,0.571946932741378,49,0.0,0.05838954537061815,6.663205399737966,-2.0592080025527024,953.4110076247523,1008.1106579098594,2668.05370255004,0.0,0.0,40.55525369407243,-8.493240524269238,119.05583433883882,183.73902895783,184.87435720674824,201.95084579424622,193.96108660149437,184.31091025500137,186.5960055246698,166.83909662061,210.88288378913813,200.49058456826012,192.18277410129673,194.2594548135795,203.1499663613759,208.70527777880412,37.055595838146495
21,1754.599617150265,1053.3076387852295,0.7548222265183692,-0.10338263985015834,-0.07150821081764305,49,0.0,0.039891647423237475,5.304691623946613,-1.8116503556494767,1754.599617150265,1053.3076387852295,627.2450513134069,0.0,0.0,40.217731740396594,-8.474498142721906,45.438180763646756,53.32732820382299,49.73222405668297,46.30037926290929,38.889283283478434,50.03448092483735,39.14527789134661,31.77300277874354,33.91727880224606,48.11273765409712,48.38713179877237,38.99284261613734,46.893492983539375,44.549777976180806,11.75163231696584
22,2056.8343315028333,1071.2045813816196,0.32225201639855033,-0.0871796352111069,-0.047041162989513795,49,0.0,0.01327376439616581,2.1641302168396304,-0.8382084723634471,2056.8343315028333,1071.2045813816196,1200.7605908456715,0.0,0.0,40.09041578682228,-8.46699959362316,66.60438282831099,87.37253891039069,81.15011917319342,87.18544795574962,96.588739742539,77.48229010574423,83.4829290739378,89.38579233210606,82.49593156251879,78.29873978267648,73.58227881935599,82.62838017056481,103.51262588249638,93.61757716007635,17.372817346010994
23,791.8620408052742,1073.8500996381692,0.5058706133541844,0.6028332722563576,0.056530983303582125,49,0.0,0.006267603704158704,1.044945044594038,-0.04773362693790389,791.8620408052742,1073.8500996381692,202.23866811517857,0.0,0.0,40.62328595252597,-8.465796824851378,8.031153045115207,22.040230233928778,15.205566287935248,7.823035786637195,19.7753687212138,6.528669484294749,12.726201680690915,14.483146398629966,19.064961912873848,19.35606772522179,13.913087629879321,10.689349864563113,9.288891575099568,19.443759678900413,3.869178090194638
24,2082.4333586725115,1077.4383020114692,0.5740103486736042,0.49889135925288935,-0.03669398677401496,49,0.0,0.010389317110413356,1.1803354242187885,-0.1800136034070743,2082.4333586725115,1077.4383020114692,816.4724747392974,0.0,0.0,40.079633532566156,-8.464396847479975,55.86403080330351,47.21224849231733,49.24372999310599,64.29879895858112,55.60733407978477,64.58924993609345,49.41354935591159,67.18681610107481,47.652443583192046,61.34504016526074,59.91082220378508,68.04931622556971,56.176511845466905,60.99039367995866,8.932189315891605
25,2062.4882299590895,1085.2236729978138,0.4827910031466669,-0.2951889519747003,-0.19484621537586466,49,0.0,0.016307034345902083,2.054268817125764,-0.7816431845157062,2062.4882299590895,1085.2236729978138,1244.693562466561,0.0,0.0,40.08803695829407,-8.461157252420518,78.06510082576365,95.50246545237853,91.2306182045619,86.72307880168397,98.11487955254995,77.96194609763707,87.56317955618454,81.58361647476988,76.9367463033459,96.50945532796732,88.26672983927325,84.47415996942149,98.89394463255681,85.03742515942407,17.830216269042584
26,2060.9160850917915,1095.0799027089827,0.4269159994856222,-0.05558242458448434,-0.05822371934939968,49,0.0,0.009879939261176895,1.606516263641458,-0.5147128162750021,2060.9160850917915,1095.0799027089827,975.5920501323799,0.0,0.0,40.08870123053827,-8.45705089693147,62.189465330062816,81.80292380236779,71.07014834794171,59.10510047763788,75.91218107901283,55.713980902287425,68.41181667247484,68.59147897718245,72.90336577604657,65.8771764743017,74.86701337641657,68.32733793952703,70.56584003958315,57.749802993830315,22.504417943706905
27,2037.0688668628757,1099.374234251782,0.6013072582916615,0.14130237994975545,0.1419946344302867,49,0.0,0.013665396916174482,1.5790615944117534,-0.4959976771287364,2037.0688668628757,1099.374234251782,1258.7641954335706,0.0,0.0,40.098747460100384,-8.455266443706769,84.85610451381314,86.28842832399974,77.74632809144994,78.29043870822898,93.74477881482753,69.2966204416686,84.07662418417311,106.62180474566455,93.26522563319988,85.8703001419598,109.3830333594671,87.4029232212211,97.66062480841853,88.47214186202186,15.788818583456916
28,2080.317561668792,1106.9695609177013,0.3210646555008716,0.2289793336232954,0.9584974283178673,49,0.0,0.009358144509228419,1.0385675694147039,-0.041086892691357714,2080.317561668792,1106.9695609177013,1772.4336054957366,0.0,0.0,40.08053109985292,-8.452092859693604,114.84351758916681,127.76040976050867,118.81572245607126,130.51853142025752,120.51225902579972,122.98079514900536,131.24633222524827,129.50830259648387,109.43169243988855,123.05741060832483,117.79866675658803,141.4923834214494,136.7680932501675,131.44325975779938,16.256229038977715
29,2081.7352367321037,1115.7433937032617,0.652719817155851,-0.20783711266458046,-0.1383958010856147,49,0.0,0.042139521587235294,5.099706039824611,-1.768862857420587,2081.7352367321037,1115.7433937032617,2305.081312687538,0.0,0.0,40.07993580268661,-8.44843685842512,130.56880942628442,161.74223049251745,165.71414733006895,169.92289919583715,144.18125563630997,154.85363531801767,181.47761675329082,155.94524403204773,155.99761190516034,169.29818149407186,163.71896553205355,176.54419292581576,177.08736239507746,166.33205933658292,31.69710091440185
30,2005.9433645947693,1119.0695724542547,0.6383978864797775,-0.4180033613645542,-0.022828981291102758,49,0.0,0.030502696119731082,3.3184751903600906,-1.3023464377762617,2005.9433645947693,1119.0695724542547,3071.8388262505655,0.0,0.0,40.11186226419264,-8.447066096296103,222.48315348886507,236.61018160331366,222.36981927526213,212.3732250677478,232.33098128790965,220.7593773365095,215.39150016980756,192.44219884917598,223.72326428221675,204.56607618663014,229.56793156546087,196.27737884967377,212.4632608005736,204.1771367190288,46.30334076839014
31,2044.754845977047,1119.7786700741983,0.7659394712301234,-0.17652147120386957,0.5132526134010256,49,0.0,0.02407981881421416,1.8487174827153836,-0.6671763705529781,2044.754845977047,1119.7786700741983,2476.229770498484,0.0,0.0,40.095513859940134,-8.446763224451313,189.7339052794544,166.7815566618219,181.5136451580104,180.54986566553185,164.50282095437876,154.54308488067537,181.58579005655062,179.31544267783835,179.7030176108695,183.7241535414469,176.48842746803632,160.62302714852797,177.18426370583245,155.23796768864116,44.742802000867925
32,2024.6778682795828,1123.459065053695,0.49497198853169355,-0.2436408395685767,-0.5485283748185361,49,0.0,0.012493949380868475,1.3021087071481787,-0.2866181075539929,2024.6778682795828,1123.459065053695,1709.2231418159217,0.0,0.0,40.103971560391784,-8.445233675243298,131.71755884255015,106.88164831815686,133.89057940570584,122.41269205503579,116.52038254418332,123.7186375417167,105.86750547781745,112.95304577481639,110.65820971874075,115.98724471927022,110.92633589906234,123.32843522215862,135.7175253332602,127.18984013704252,31.453500826404603
33,1999.546741655358,1128.5828311317405,0.6323840721368187,0.575930272276498,0.22380215292069375,49,0.0,0.06287037942489382,6.206613538968592,-1.9821367611118734,1999.546741655358,1128.5828311317405,6401.329947426364,0.0,0.0,40.11455839998181,-8.443103460985828,431.925487913898,461.0181730970305,459.47349629719963,472.35344517287865,443.9528327368562,447.2920468198709,446.18351476072513,408.26260359777507,468.19688702383525,429.9542105901878,434.55407320100335,489.526256091779,465.75678459298626,448.24542447229607,94.63471105804237
34,2097.6565171938396,1130.5331570488022,0.46706945594896504,-0.29712936316357136,0.27550108479191515,49,0.0,0.008600052200049241,1.124561041537855,-0.12745758514179656,2097.6565171938396,1130.5331570488022,1069.9178504778206,0.0,0.0,40.07323255208538,-8.44227106714596,73.90853244897382,83.97959088493275,67.08758853943598,68.07686654787764,69.63964744278852,74.93974624286822,85.75219186589675,79.50499446129322,75.36321497282584,72.50216927468632,76.53928265294124,62.535850158407854,85.861845876455,81.58297480578594,12.643354302651455
35,2009.4338501243913,1131.1367174667735,0.5219390094534123,-0.5444992355922005,-0.8504979492512132,49,0.0,0.05186052783388166,4.7582201064038285,-1.6936113195503282,2009.4338501243913,1131.1367174667735,5632.291762197316,0.0,0.0,40.11039415913501,-8.442037562456914,383.380018167417,405.8316971042092,422.7510126789224,403.0232800189848,395.0764897102979,394.9868937184774,397.2856774003486,380.8730053008838,387.26552682682177,398.85945227629117,395.43183190131236,423.7690656695236,390.29134433948116,369.88436962560934,83.58209745873597
36,2063.7879158926426,1133.0519539862457,0.5120488246199894,-0.5156314217963555,-0.4550656729825967,49,0.0,0.027611983900916546,3.407085235385202,-1.3309574962284842,2063.7879158926426,1133.0519539862457,2881.2287652898967,0.0,0.0,40.08749931618904,-8.441228901115458,186.73750173485635,189.67934034901813,204.2951362160208,212.26897850221914,234.26861342054514,205.69079407231072,238.12020201056515,189.02121613150535,199.0134101170475,196.35422720714723,205.11646026232714,190.76628577554757,182.40776743585195,214.19978500182629,33.28904705310825
37,2058.5827725774225,1133.9796255765934,0.8041200214425157,-0.1976117531764082,-0.6041627680450925,49,0.0,0.020377456309520873,1.5047540388941265,-0.44366379420884583,2058.5827725774225,1133.9796255765934,3308.0881934720433,0.0,0.0,40.08969202922409,-8.440843456193214,213.62877606664534,217.9251803459051,247.13764306164768,243.56311269119044,271.88095528075155,226.18036373487445,251.13567828012967,216.0570555395323,232.58332196775797,237.20710501767056,221.43550756105498,219.44896478057433,235.51681093937952,230.90129291782722,43.48642528710234
38,1999.724880765427,1135.1706231140845,0.32120968348295803,0.7014717294936346,-0.3833363766019747,49,0.0,0.025329592919293046,2.2567402823239933,-0.8837039525861224,1999.724880765427,1135.1706231140845,7261.60813404955,0.0,0.0,40.11448453137228,-8.44035855937123,495.3004697682665,503.4870315786749,519.8243131444735,555.110899701179,529.13936803718,524.3381204468873,523.6130311509012,474.5930796650888,516.7567858414542,494.3625511150617,493.331116267269,534.5429552821179,517.172129807575,481.6703309909255,98.36595125249619
39,1180.8854169845772,1136.3656642237563,0.6954340167785694,0.47073385694764114,0.055501599347648374,49,0.0,0.010448931000807193,1.2888917189488938,-0.2755410834566667,1180.8854169845772,1136.3656642237563,288.5663255476053,0.0,0.0,40.45940018340819,-8.439856880259585,21.6935321323066,20.71271225165681,27.58237758107846,17.24671350692992,19.465312036211746,19.425715507159634,19.617330000697834,12.086273681018366,18.408409587114456,18.504781930803833,16.07625404638605,20.641530676922645,19.30465087050962,31.751924005952446,6.04880773285687
40,1992.6122543673537,1139.823964703824,0.4957189819711688,-0.5152514627730643,-0.16646425339248827,49,0.0,0.07823730985163595,7.958390707049113,-2.2520631411696295,1992.6122543673537,1139.823964703824,8085.695590539093,0.0,0.0,40.11748134351372,-8.438420962401187,568.906561687791,529.1320744052719,587.4708080463389,563.1554017071734,593.882178333969,565.20399258568,564.9554264508382,513.2200532994946,577.5664581814495,580.1881981279537,584.7730547362339,578.0702204137053,585.9685139735342,561.7987770067584,131.4038715829006
41,2079.385084061459,1140.0886758663369,0.24594609638424353,-0.6877583222690894,-0.3718311704308025,49,0.0,0.01088545072790879,1.9841616205951325,-0.7439426121787622,2079.385084061459,1140.0886758663369,1557.6133082583283,0.0,0.0,40.08093093581594,-8.438293681250194,108.56770610406463,114.01221925575186,100.18973341653214,108.78512491171443,101.93199368770655,108.75875742832056,117.06017129925388,99.81214049780476,104.87305304486938,109.96415286197187,120.97508140788024,120.17746466371932,104.8855196257412,118.06013769233749,19.560052360659867
42,2052.567314208881,1141.1089108486738,0.6721317910329618,-0.0003600029720529663,-0.2804879814524534,49,0.0,0.021965959506642395,2.455283222253332,-0.9752539904012723,2052.567314208881,1141.1089108486738,2301.3202427520555,0.0,0.0,40.09222730631177,-8.437874201609523,139.6312479765415,170.3618082681314,155.5569339014852,164.44395706725604,158.0292388314911,163.49504671324354,163.70290636123005,158.19939739261793,189.78875073469817,182.7119440660206,161.7149129125636,163.4336870419669,165.77985470794127,137.43903995155148,27.0315168253168
43,2015.6070571109365,1142.7625034854238,0.33974443657393333,0.43979515190830976,-0.35271001857351386,49,0.0,0.031687620430411456,3.517710502166297,-1.3656502383969382,2015.6070571109365,1142.7625034854238,4846.410697340612,0.0,0.0,40.107795996827015,-8.437192418710287,325.3246287221983,354.8775058469361,314.04754599511114,362.42628763363797,375.06333993663367,331.80876391037424,352.3147323486201,322.4591257886868,370.72643271880327,361.59806952086814,318.8220089301718,325.52475303193415,347.2890752534187,321.2844598524354,62.843967850782775
44,2018.7992797338202,1142.8313495092527,0.7948858522673641,-0.451605891301718,-0.9912085154856194,49,0.0,0.03592831124810565,2.6490631502332516,-1.0577307785959764,2018.7992797338202,1142.8313495092527,4396.504655994135,0.0,0.0,40.106451384095344,-8.437163135464461,286.09948727849724,302.11183216370773,294.7455325305757,342.2031246906397,346.0115162498071,301.2216447097618,324.5257401474427,309.02816682308855,337.3273845768346,323.43539559698513,291.7039630366754,297.1803949925352,316.9704039675353,270.03709832200997,53.90297090803814
45,1990.944485407326,1143.5576332390563,0.44914034205259235,-0.6467317447257094,0.39409281556503584,49,0.0,0.09176474069625962,11.747012002781997,-2.674818531257899,1990.944485407326,1143.5576332390563,7865.632963106319,0.0,0.0,40.11818449031299,-8.436865584234035,571.6697118858087,532.2003568879642,584.3808706204239,546.3473206459121,582.6740254621278,526.9523185620438,539.9963468617442,509.703957935346,553.2607826651904,562.1277286300515,555.3118479562124,574.8115799799591,570.6554560423498,533.1717616549286,122.36889731625705
46,2012.151040675675,1147.2266198098414,0.5616725833352664,-0.176853594810346,0.6825939041133607,49,0.0,0.027374699726740625,2.4821498093964216,-0.9870699741626028,2012.151040675675,1147.2266198098414,4477.172583460853,0.0,0.0,40.1092525538114,-8.435333041258616,301.3907042503225,320.19734816778555,287.15576854958414,348.60729705837196,354.99792948116715,325.06342055496214,311.95587186781836,309.51086467936994,324.4186010690928,331.0221100097696,286.1149020936456,316.2958517782135,310.6948064814036,303.381033825078,46.366073594268656
47,2034.0225802157777,1151.1944159115799,0.590138020208039,-0.09890241944786377,-0.1088680198215497,49,0.0,0.03566661351618555,4.906162658718964,-1.726854856726997,2034.0225802157777,1151.1944159115799,1870.8621374225413,0.0,0.0,40.100040650844235,-8.433675665956828,110.96437569238833,140.83823078315015,134.1019637903522,125.57623932641475,114.54856991726511,118.989254116218,110.62511375206782,145.87443747339046,141.07903217376514,139.21337959273984,162.72582899102196,126.41968110554265,142.85251500408964,128.78813959131344,28.26537611282182
48,2085.5009323571376,1151.2253767245343,0.43081164372583675,-0.06374058103756533,-0.14533598148164326,49,0.0,0.012615499427691189,1.0308818174433032,-0.03302219915888164,2085.5009323571376,1151.2253767245343,2523.350919601755,0.0,0.0,40.07835722292084,-8.43365214455935,175.27950259054273,197.23656357172456,151.76867707703047,189.45301815709246,181.8839191206418,179.35858799533793,180.7856590480261,181.3221435317909,173.69988578946658,170.747266001367,165.63956482335414,185.81295242969165,174.01640708966758,182.34867788797175,33.998094488049205
49,2052.7498801785873,1154.1162975461161,0.25771939463454957,-0.965119092787608,-0.30556247520442237,49,0.0,0.012481141744703838,1.6067506252772998,-0.5148711939773764,2052.7498801785873,1154.1162975461161,2259.7619128139695,0.0,0.0,40.09215301882214,-8.432454508766504,159.8617274443764,169.6531834962699,170.05763250054724,170.8265009239807,168.56039256473508,140.63955462281078,168.72682451118936,160.8705343359419,150.86662852727414,158.07618426233867,147.21348297662064,149.20408541013455,161.10737158929777,147.97156194214986,36.12624770630238
50,2079.630769808617,1154.3007631972055,0.6604141261160373,0.6771461638301361,0.21997622355145108,49,0.0,0.024699616112850604,2.221393738318974,-0.8665638583520051,2079.630769808617,1154.3007631972055,2754.2009561912773,0.0,0.0,40.08083047276184,-8.43237202635284,185.44076575486966,216.29917262692678,167.51885740346808,188.7983743722538,178.38494478356802,199.79789734261408,195.99203608750202,201.57805073549378,195.98652709572656,200.24555706565218,179.18982441953608,201.47883368462885,192.89122093665713,214.23982161424686,36.35907226813393
51,2012.7774005971717,1158.8920731063852,0.8413718356208647,-0.41303566744050285,-0.3541945438024763,49,0.0,0.014419492006550363,1.0334023279776823,-0.03567358889870235,2012.7774005971717,1158.8920731063852,2611.0077227141705,0.0,0.0,40.108990856284414,-8.430472393540075,186.37802330042265,197.01853640666656,170.1517030208771,180.21699619008874,192.5436902469287,179.8146384731,179.92948679540098,184.38154720486017,176.84724073866684,183.69403207732813,189.62879914586475,194.47533976657937,185.22855476384467,183.08767323826095,27.61146134528106
52,1992.3788736426634,1160.3648084994154,0.4148673335474959,0.23925954676127087,-0.9322010716177259,49,0.0,0.023029435386701498,2.5877692337620033,-1.0323138629782704,1992.3788736426634,1160.3648084994154,4086.418611055023,0.0,0.0,40.11758322363977,-8.429862445930578,276.8706915189027,298.7973213180816,303.3068618677218,307.10893897065193,287.7670593620624,276.7362749264563,272.66558146171013,286.0237910436835,311.2547567511648,271.68911696032234,293.4552333816317,285.94024471561147,293.75972218756766,276.7123055215839,44.33071106787115
53,2042.901675956605,1161.3270133778622,0.7377335893091403,0.8247817458483073,-0.6167425135731509,49,0.0,0.01233523707823719,1.145212837315509,-0.1472155190516015,2042.901675956605,1161.3270133778622,1665.5325021459466,0.0,0.0,40.096302632981406,-8.429452069698806,107.11558688262949,116.86290782536497,133.9991374859418,108.08564750210829,105.05476182003916,125.47640660813477,131.33548896722283,111.25940586897426,118.18323287004233,114.97486302365228,116.5359569325603,109.20476126134751,112.79981701234513,130.909954455929,23.73457362965444
54,2001.713800708662,1162.527642282534,0.6978674590795115,0.20280047689554698,0.04175300126810169,49,0.0,0.03293607774212415,3.797658517764451,-1.4487897769121563,2001.713800708662,1162.527642282534,2675.3711856076734,0.0,0.0,40.11365162785581,-8.428959616030324,181.79483932380873,199.70971748757236,180.7150116541559,183.4415425240159,180.3876695830059,154.813210894828,186.40449690509146,203.16305402356062,215.40457300458507,189.85706921128366,191.4229220784147,192.67627771708774,196.04075318254849,185.74769590329055,33.79235211442432
55,1985.7790972493572,1162.597527744528,0.3744622151898739,-0.8962538769785686,0.6240082640539902,49,0.0,0.016473791788487433,1.6549493544635774,-0.5469617695791176,1985.7790972493572,1162.597527744528,3525.6798390060885,0.0,0.0,40.120363510173796,-8.4289333110593,251.6666238035018,261.00076919509854,264.0863333203791,262.0868245866909,251.53027680272652,246.96123570303405,229.65567969165664,232.9274188306173,268.4317353779822,215.32104591468843,261.4864203501987,235.26358553929356,260.82875175509713,250.4048607669539,34.028277368169626
56,2088.298810681555,1166.017779615517,0.33416852371149425,0.11140310540097256,-0.15942640407443923,49,0.0,0.01978126056488355,2.4155862994913253,-0.9575563943756067,2088.298810681555,1166.017779615517,2207.797067624685,0.0,0.0,40.07718192217522,-8.427488135217338,155.65131075137015,177.2160896837794,159.859335622248,146.05959938252573,158.4122310605378,131.60011434259624,156.02390503790264,162.1195746608476,174.02430830131215,149.85430271772015,157.1403634722789,145.57259340826684,150.2257117597659,155.34268694402556,28.694940479507686
57,2014.410996122902,1167.7663191229167,0.3656737612669467,0.6713350628559438,0.20956874098308534,49,0.0,0.01731753560856431,1.7408482487980312,-0.6019022873825898,2014.410996122902,1167.7663191229167,2559.216412742283,0.0,0.0,40.10830439745797,-8.426774542455577,184.48495362707015,181.5653415128458,195.57207033686882,179.63975259810087,163.49029005223392,157.17334191506944,183.5609040956776,190.16582759129744,185.20882089832375,191.38945747894923,176.8173738845377,160.49786707896243,208.01751944629254,175.45198987839274,26.18090234766019
58,1988.5834152025504,1171.3805291573358,0.2898279480002964,0.3144793670637731,-0.3009803913579342,49,0.0,0.01023732627606966,1.1951246371893136,-0.19353299840065216,1988.5834152025504,1171.3805291573358,2234.5965230733573,0.0,0.0,40.119183814597704,-8.425273291505059,154.20467808796036,160.68187867928498,139.52340617971058,137.5809517690411,176.0498770653315,158.9270457576705,146.26746296825124,152.1994857891042,173.14676983245272,154.13690372143088,148.43201682680075,163.1158654185827,165.28888586555723,186.81635123214016,18.224943880038143
59,2026.3700596868787,1171.781041938572,0.5659696642729035,0.6192923215725891,0.08688815665916436,49,0.0,0.02858534039658802,3.389973817188466,-1.3254908597448125,2026.3700596868787,1171.781041938572,3300.1357876040515,0.0,0.0,40.103267902939926,-8.425099511824117,209.54569266833607,212.50300974072056,244.4354272608902,216.31228668371688,231.48786973719228,212.25903714693922,267.4743296008029,229.59618876168855,210.8959154739301,254.80509953992532,231.8112632884568,256.0588503900577,243.74836937346657,228.29251787959333,50.90993005833498
60,2083.90976122407,1177.0940154629925,0.32262124124746117,-0.22924823309099737,-0.7924680584750171,49,0.0,0.01364952968199068,1.7955227390562094,-0.6354772738419499,2083.90976122407,1177.0940154629925,1655.5517928810957,0.0,0.0,40.07903300068849,-8.422874067773543,117.51229102470961,107.58502419466188,138.44736067472985,104.61743859188971,127.7500199136659,102.29483040943063,129.69506215686593,109.70161022847414,121.23236002586444,111.040027642996,111.17198178409328,115.78723270334004,112.83870337815881,122.57553424447659,23.302315907738983
61,2023.850828103878,1177.2364198160174,0.4411706559579039,-0.37372689776317036,-0.45214817979588184,49,0.0,0.020594443504623774,1.7025757709499745,-0.5777661218338804,2023.850828103878,1177.2364198160174,3578.993261053938,0.0,0.0,40.10433004459998,-8.422826950590899,235.3199475434658,230.0081344526687,270.89563959363136,249.57563510586812,266.918222466799,229.12201910504982,283.2893993399226,250.9239411740518,233.43627280556404,259.31699970040995,238.64813276254017,276.302758616101,254.81630442508714,246.45455308372564,53.96530087905316
62,1980.1330992739072,1179.2119829272715,0.6090886621673551,0.7157652714661673,0.5719435022699444,49,0.0,0.010310852650137788,1.005974520597981,-0.0064674525357740695,1980.1330992739072,1179.2119829272715,1287.5897499474659,0.0,0.0,40.12274446818046,-8.422011685454722,92.78995025339644,93.49241552863666,93.86099461206427,106.50531638424744,91.14299525170581,92.25749476697345,75.1873931611636,88.54585804643719,88.65591634709475,100.54136961502817,81.62690793398305,90.8411934538785,76.60953892525416,100.66017822033139,14.87222744727094
63,2034.0678704179147,1178.7834572398326,0.5592715254430931,0.10120763534221969,-0.12087689023511239,49,0.0,0.0201174106391584,2.065695944186672,-0.78766599203955,2034.0678704179147,1178.7834572398326,2579.5297070006545,0.0,0.0,40.10002688665548,-8.422180396932637,155.96936414338847,168.75478378482185,201.32917211999057,174.11281994958267,192.43503730740846,183.72875284489908,211.99169579401303,157.0914315231794,193.59466593359406,184.39053026173195,172.80776014619286,184.41919872525028,176.95667184997455,177.27819566901684,44.66962694761051
64,1993.3126087125,1180.6137995780064,0.4873725854283749,0.09860336769648158,-0.12641385390021806,49,0.0,0.011473425893750609,1.159337401456692,-0.1605246172304875,1993.3126087125,1180.6137995780064,1731.7033491204704,0.0,0.0,40.11719345607851,-8.42142531947327,126.08842033708639,119.40813381760083,127.07964310920943,110.32915454995876,131.00890710422067,127.7424657196872,110.55312182319315,120.19615869339947,117.183252240147,120.28325985375909,122.4731623724793,138.18755467421946,110.41150202627972,130.7917729426149,19.96683985661499
65,2006.3399701952228,1183.3890934857293,0.7936892457473337,0.2149950459897139,0.019462363515284915,49,0.0,0.013536082719404506,1.1290064768991013,-0.13174108349592503,2006.3399701952228,1183.3890934857293,1515.0145863743867,0.0,0.0,40.11170679607664,-8.420266629203452,105.17170713187848,115.26141767665106,97.15692589054686,105.16686685519778,118.16515764764961,106.22642928078574,92.73026886874369,116.79874195823871,111.37138276843085,105.39586345360962,99.6336656068226,112.3092766977991,111.20626833427494,103.10371929181011,15.316894911947436
66,1998.9532472534024,1190.8012953985415,0.6463624863767938,-0.10492888211036135,-0.018279367379510858,49,0.0,0.019995283974345114,1.9854816296949265,-0.7446646829708797,1998.9532472534024,1190.8012953985415,1634.567488770037,0.0,0.0,40.11481940615421,-8.417179585274814,128.80947163280717,112.7410563412696,118.35139337553879,108.74719975529169,112.31773441052678,84.69074278428488,114.15524038639415,118.74160586780152,118.20002368994855,123.75082655159252,121.95543376210946,123.14565186167219,109.48310478058956,120.18702236255686,19.290981207653275
67,2064.2945892025355,1191.2224642337358,0.657877174009985,0.14250788799305056,-0.08480577488348794,49,0.0,0.05342273620158885,6.141654435623441,-1.9707134422979546,2064.2945892025355,1191.2224642337358,3042.832849865572,0.0,0.0,40.087297876640854,-8.41699147033232,186.92363157957487,213.4734426963174,224.803922501488,209.22491690940524,225.01512059452818,217.51774201488135,213.0820715297648,202.31515462243257,214.73113234788107,200.17753947979102,217.72542164398135,222.73964147855668,234.2212906189244,208.26370801080537,52.61811383723991
68,2052.3827446206806,1192.2900935605758,0.6588057030075243,-0.10780805629090015,-0.17269620856665685,49,0.0,0.04532111838371665,5.5146141165862,-1.8537878205440774,2052.3827446206806,1192.2900935605758,2315.7736937985264,0.0,0.0,40.09231532265223,-8.416549076348836,141.99371238962382,171.17834792095704,173.45874954388074,161.08379251797965,167.54462090919668,157.37200076606894,170.6901862923031,135.07368630315094,151.86562668453408,184.82706678684627,164.18877336364733,148.47897779943625,169.3787736309554,172.30199775609543,46.337381133850855
69,1991.9814482994427,1201.6538541681898,0.7073580432025964,0.6080678642876539,0.02113678548716741,49,0.0,0.01675100378233041,1.603953911412399,-0.5129797123846311,1991.9814482994427,1201.6538541681898,1733.4971149783682,0.0,0.0,40.11775780278149,-8.41265897821562,121.29549151574707,129.3185031440451,114.70485889956021,123.73485905190665,114.79906383153059,116.67727648835606,129.00571777678653,134.31804877030353,128.81841142620218,133.55976418176522,115.64108432261472,115.3456898307991,109.2477289827217,115.07055750966252,31.96005924636711
70,2945.549705409858,1203.8325114412344,0.31706982611044676,-0.4814124861243473,-0.12594902644799455,49,0.0,0.011204961942097831,1.8906389881014805,-0.6915215238004149,2945.549705409858,1203.8325114412344,599.6983256346741,0.0,492.1096491932118,39.71613700557584,-8.411380258999705,39.793018841986296,48.08364274325102,34.2666677880309,44.39821101738825,56.93136578351627,49.968207024972116,33.30828404733316,47.127772588869206,53.30896934507587,34.961479502227135,45.16747042240358,37.490251863987936,39.19367794910938,29.841949876794928,5.8573568397280855
71,2004.2672599050495,1205.9271058287993,0.27896947102914316,0.13801191790856238,-0.19511216345166194,49,0.0,0.01117898286215058,1.930091956574634,-0.7139450021587734,2004.2672599050495,1205.9271058287993,1155.3662630859671,0.0,0.0,40.11258386606484,-8.410876290215304,88.24948270503688,75.18248038189546,82.20379955118125,86.11233319551246,91.75110099090834,88.66970551267418,75.82582296102669,82.34439474846855,89.49284938038302,67.94624446613973,87.470554283956,81.63974883946696,74.03478983000575,69.63116497329834,14.811791266013568
72,2325.2681451483913,1227.575477093847,0.6289407033444276,0.91173912644628,0.5679617854641529,49,0.0,0.020150969915995336,2.15391745127,-0.8330726374410008,2325.2681451483913,1227.575477093847,1394.7199554537722,0.0,0.0,39.97738921681357,-8.40177518404595,95.42443521986296,111.30798816997378,84.33817538108102,85.84940793982693,111.0933308311977,106.53005888764525,104.96513519110403,95.27135033731349,98.35578865803922,92.73484350648059,101.04012325593271,96.53478710830495,99.48649813497903,92.72191583052489,19.066117001505585
73,2056.8056330530285,1228.6841928552547,0.6938900739285383,0.64637282488341,-0.0046761559991446025,49,0.0,0.012524083256919387,1.3238678021668429,-0.3046115495116449,2056.8056330530285,1228.6841928552547,818.4033073414168,0.0,0.0,40.09045979271911,-8.401384175196497,68.27215612756254,63.0909763415121,50.48437574980693,65.55275356509968,67.3322553329809,51.64960707566766,51.44348473949292,57.28282719787737,48.73854072663394,63.03657787541746,54.45668240404477,49.4199994006822,56.624080669298,60.400372124950295,10.618618010390094
74,2004.676992695094,1238.1089724986132,0.5647774485451383,0.09812040683812848,-0.022560081234622824,49,0.0,0.011132591513395396,1.5309039109519136,-0.46236983132929954,2004.676992695094,1238.1089724986132,613.134545471468,0.0,0.0,40.11241706650878,-8.397467265727586,46.030882223134824,47.8056856835764,41.51304150208736,44.09052512054163,41.533094871260985,44.28570180092547,41.30654560482709,49.27563479631037,50.5432378344981,35.1453097381006,35.53382846106247,44.29939545856023,38.89505943600235,43.0457636329517,9.830839307628422
75,239.51021904817273,1247.1912222568192,0.6262454485442499,-0.1336243426157463,-0.3077945470005148,49,0.0,0.006899481753960064,1.0082600732944513,-0.00893142409398572,239.51021904817273,1247.1912222568192,179.40709029638714,0.0,20.38763329206589,40.85584635503013,-8.393305504994249,11.118480641880927,14.81681097513304,6.187228098457633,9.851829754172655,10.96024224167927,12.616865660710477,14.627229178191378,11.037328828958252,22.849531759060632,14.343388137202453,15.919099222033449,19.04035365492542,7.998350459767005,8.040351684214553,0.0
76,411.5486751562724,1256.801177889214,0.6223877536869858,-0.024619320020823628,-0.11192098751358417,49,0.0,0.011046036048910898,1.6302835023787143,-0.5306578343421332,411.5486751562724,1256.801177889214,269.64995676785566,0.0,0.0,40.78338904994232,-8.389399591621983,15.963537988569389,23.649225859063947,21.705901462450857,16.60279649388132,29.37944550845256,12.66002187463873,18.807922243787534,14.674779461290967,19.107423577251915,14.680298795561692,21.452620384176683,18.085588056954958,25.979826924297747,15.377213712511642,1.523354424965682
77,2896.864327721907,1265.6621189861048,0.7906620758223964,-0.039180884113763415,-0.39522044922026645,49,0.0,0.010729725557208004,1.2493464089643023,-0.24170718208997008,2896.864327721907,1265.6621189861048,279.71918576829114,0.0,0.0,39.736676753037585,-8.38564808096637,22.31900805019282,24.409112344402402,20.400048698644085,25.402486108357657,13.341172534294557,30.083834479321617,19.753420049976036,12.30820228700344,12.950756362100279,16.25993980325339,19.56744118257979,20.481334816569593,19.12118496544069,19.274820625592493,4.046423460562286
78,1614.2174821312549,1297.7534514608913,0.5235814231478714,0.04703135450723576,0.010856236864380168,49,0.0,0.009039142423057188,1.456133081936974,-0.408002671834112,1614.2174821312549,1297.7534514608913,260.32025364854616,12.0,0.0,40.27687098861212,-8.372652038796476,16.524184958145288,18.084296964181174,17.138671130789877,14.277454190451065,18.702929859571313,27.143721295454363,25.509936478763798,16.286814607349818,9.647936838056284,18.245549183347304,18.760294649162866,19.860063803039427,15.991726958568483,20.24798583080694,3.898686900858219
79,1943.7595188522437,1323.400231257387,0.6808883456115875,0.38272763960757933,0.6541274904583998,49,0.0,0.009211941792809888,1.081205220143365,-0.08477033459868714,1943.7595188522437,1323.400231257387,361.79409468564097,0.0,0.0,40.138087144575294,-8.361939730822819,23.120593471655305,29.260556300585872,26.695201239728974,25.800339912655158,25.760838598502282,24.606770014551568,22.88487984986132,24.162183482516102,28.7315731417916,13.94465211742687,29.614341059225197,30.797441579263104,33.35658988647241,18.148131178075943,4.910002853329225
80,2160.531322511136,1370.8137131892702,0.514556422724974,-0.9634991997739165,-0.2168476505818847,49,0.0,0.007621598334367542,1.0739366999811362,-0.077446709789046,2160.531322511136,1370.8137131892702,374.141388969843,0.0,0.0,40.0468080409023,-8.342140743474461,23.65873509216526,27.649272440635283,28.616116329626124,24.03634101753746,37.016006091452695,26.19129143090702,26.546447057305027,22.90058142485025,21.67998274123346,33.07337309645633,28.131815367912456,25.05658392939469,21.84641831153203,23.84535205325807,3.893072585576845
81,2373.6686666854475,1371.7364673857596,0.5801795263207538,-0.16681199065039146,-0.1702961931628816,49,0.0,0.010709556961602605,1.6462521775554515,-0.5412409060668801,2373.6686666854475,1371.7364673857596,283.36789065977524,0.0,0.0,39.95705372635904,-8.341693144253483,19.368004016563955,13.032872980419626,22.461189865867667,19.12448128028411,28.22062320092863,13.001351714685775,21.900126671500757,20.603188297710247,16.94128690511099,21.932403499515814,19.97740756188784,15.950756903915975,19.832768665202416,26.039082992909755,4.982346103271688
82,1694.6280134635956,1376.7582693185698,0.6726327087563088,0.231515249032238,-0.05417986783509433,49,0.0,0.009178107740276876,1.2088126568514388,-0.2058974965685726,1694.6280134635956,1376.7582693185698,244.17853706277361,0.0,0.0,40.243009052246705,-8.339731560427778,13.319465997395127,26.215109631211995,10.462043164611268,19.38989804330349,13.638004810733886,16.747552187344635,21.070090728604036,19.85804886133846,16.31958915177772,17.550689451676867,9.716609530567355,15.45341416140756,19.10242038314786,20.72599044152728,4.609610518126078
83,2628.800079817173,1386.7730992821653,0.6805212680811724,0.1725157671944731,-0.10929035996011344,49,0.0,0.00953143525558098,1.334221869763181,-0.31307013767273983,2628.800079817173,1386.7730992821653,224.53482266041527,0.0,0.0,39.84962400876259,-8.335325980211405,21.53405930912472,16.53836005686479,9.983378676981484,16.911475706824294,14.743647710093226,16.49908473976864,20.571898144371367,18.896888794030325,9.116586071167893,9.756614811702123,22.23260644409167,24.834298324944022,13.75026601005063,9.165657860400081,0.0
84,2767.025647998465,1464.0162794817038,0.6487016834049399,0.010604561094199563,-0.25823789777923883,49,0.0,0.01381468138544344,1.8885294051227297,-0.690309378367054,2767.025647998465,1464.0162794817038,332.8311184505063,0.0,0.0,39.79145896096106,-8.303075218944507,21.047245925514574,26.586026376491954,23.023116831594955,24.225667967574484,24.72602379852043,27.32570148435554,23.480370516275993,18.925918739241325,24.62438889598858,25.255037115143196,23.780960336722917,19.844920239135682,23.28664386276745,21.731197057500992,4.967899303678258
85,2743.6784021607336,1466.5120129474246,0.7347291139585014,0.07894293551412453,0.6092857160350691,49,0.0,0.0102131010329783,1.0016761309313624,-0.0018183125964454149,2743.6784021607336,1466.5120129474246,458.2810736987594,0.0,0.0,39.80129058976712,-8.302047289927517,34.659870421191016,29.926485911296695,34.282768367823635,27.078203526319832,39.372269759387635,38.50171528209394,25.96031101791135,30.589381786805486,35.82165454413363,39.898464852315996,23.93400852412445,30.68499004822172,35.201032344542504,23.384446538628865,8.985470773962657
86,488.007483158491,1478.3782046929218,0.7349335531038317,0.3146983834489564,-0.5811186655007751,49,0.0,0.011823825765013026,1.2760727316571192,-0.2646885708710812,488.007483158491,1478.3782046929218,1386.6924385216987,0.0,0.0,40.751079575550555,-8.297118514108895,99.28688920496296,117.69055088001748,93.82076823279243,85.97548863732783,91.02529758192296,107.44167834681573,90.0249993138964,90.23131540845965,100.2478844821097,112.16917667831584,91.22097957530903,96.14094334109546,97.18155936465028,89.29324806243184,24.941659411591154
87,490.82771961473725,1486.1851716577157,0.6676351556933882,0.8059282446300984,-0.3182633632782659,49,0.0,0.012533196470233316,1.132225263534201,-0.13483210285767658,490.82771961473725,1486.1851716577157,2038.5826591143632,0.0,0.0,40.749888281130445,-8.293867106313197,132.23676897764756,152.48766837219273,129.53663818523938,130.60230255287564,140.82329012389238,116.58909388061619,145.8865605610747,140.88814599876204,154.2480263053507,159.34295407054853,135.42950432116828,142.62382121249996,170.14361772944272,149.89083838756414,37.853428435488155
88,493.4577738861247,1488.4962601083416,0.25009257441520066,0.852686512726396,0.3543489554432803,49,0.0,0.008819952238148538,1.0063534714844642,-0.006876372655915787,493.4577738861247,1488.4962601083416,1941.7594172950837,0.0,0.0,40.7487797803385,-8.292905472823094,102.74985305135125,130.651596307526,121.35198651337461,132.9031310010235,140.8514315986437,114.31795070938702,132.28663512456194,132.56633152839785,153.18990389557186,145.9535836177939,140.36194094672018,138.804678414016,176.02482067960207,148.03178261286052,31.713791294253294
89,500.3234501518437,1502.2051553207086,0.7192636853510318,-0.1506981210405906,0.6898893690124062,49,0.0,0.014954253169628236,1.3171740175882076,-0.29910788821279266,500.3234501518437,1502.2051553207086,2184.6925282465536,0.0,0.0,40.74588234884841,-8.287196969385395,111.85596923563739,130.81445856139248,154.63742639375783,139.9301685352118,140.32202806296834,154.9573499798663,200.97960855664454,164.80310237550037,174.26889824213532,154.17672354194968,173.60925250223232,150.92392507558677,159.82166899953924,148.7342782992091,24.857669884921687
90,471.3679684107568,1502.3698596876627,0.7237955017185,0.37122948611030787,-0.10873310955394568,49,0.0,0.017204107500291218,2.322213809201688,-0.9147555082325389,471.3679684107568,1502.3698596876627,548.2999269687775,0.09612618305174174,0.0,40.75807354701967,-8.287114101185795,42.67043541152364,20.645263530764304,42.061458713236824,39.919427295862334,42.219599151952,35.94798522481366,39.13401759811191,35.97327058081772,41.967737813505614,44.28510771177562,37.716116964669915,34.14584365104007,41.74651197097566,41.06451217705609,8.802639172672304
91,493.64749992826023,1508.194446413195,0.9734346878663603,0.3679505251961182,-0.11182645457248788,49,0.0,0.016607369374256883,1.492368328361956,-0.4346900592381315,493.64749992826023,1508.194446413195,1898.7894615259065,0.0,0.0,40.74869022141816,-8.284698263948373,108.14085761160153,165.68363254184715,143.33164483440868,128.93432575381127,116.92914718334787,131.04341797775405,140.61669122922362,128.5127365618264,141.57513129969652,138.3669427331581,153.85323075854075,115.46078994781593,118.34812148388119,145.2681930518488,22.72459855714429
92,500.65034055831774,1509.6722072602804,0.5337371340709414,-0.8360912344371465,-0.4853060753861412,49,0.0,0.010741932887395608,1.1349827584940668,-0.1374731605458485,500.65034055831774,1509.6722072602804,2009.1592672946906,0.0,0.0,40.74574107142557,-8.284085959512959,118.28926110330508,150.63306685723845,145.51108461312484,122.95144923387593,135.94881052478982,119.09702065394183,169.78458085540618,129.2593376479209,154.55401723092197,138.1633837262707,174.79167310770703,135.91066908755448,144.59776898003153,138.61112682230254,31.05601685029937
93,506.45870178069816,1513.2992868276724,0.3714343845459641,-0.4812026318815652,-0.2101969524440736,49,0.0,0.015841161683847336,2.6947765511895354,-1.0763068991235822,506.45870178069816,1513.2992868276724,1194.28921545002,0.0,0.0,40.74329379916774,-8.282577536620433,81.39105208932025,78.64300381415947,95.88678324394077,68.98348768453023,82.75316600117597,58.05420463637251,90.94492543702768,76.15225055138913,100.57295971625607,94.03917512358126,104.03681108252925,81.34319654165239,91.92193086985583,73.16743752169047,16.398831136538774
94,1818.7570163594949,1528.608740359344,0.5617498754808555,0.20522756587228969,0.1308661542940283,49,0.0,0.00925103630843527,1.4577724324308736,-0.40922433284029525,1818.7570163594949,1528.608740359344,261.5021922247968,0.0,0.0,40.190750721524736,-8.276452079856986,17.357020569639268,16.557359497971234,15.538231868248726,18.38245543193421,24.204981008106316,17.52110440801854,22.31439667881355,11.75641172399452,27.601767662766832,11.292782126173634,13.52209197007171,26.7792317599405,16.984545440777765,19.747764233452703,1.942047844887313
95,1629.6872297348496,1577.8949342013302,0.518072548616819,-0.10786895241668921,-0.17246898441268743,49,0.0,0.04975332130928898,6.509782762176442,-2.033916239944977,1629.6872297348496,1577.8949342013302,2752.724317290071,0.0,0.0,40.27035946692619,-8.255926479403895,194.93130490567125,187.01551099614187,191.47263405317122,198.70263547675864,204.28656614753098,186.03997421697346,176.5650329991683,166.66818054691973,205.76394380675708,182.3623802731052,201.3951107753313,199.10080644065226,218.56368249543635,202.36202616130723,37.494527995146285
96,2665.687986232271,1594.3230176644227,0.609117947445124,-0.05403348027140032,-0.1562431531177266,49,0.0,0.19711414340936803,30.08245693924169,-3.6957832592853492,2665.687986232271,1594.3230176644227,3690.9765939002414,0.0,0.0,39.83418900309485,-8.248832427393081,259.16719561574615,243.16327095711648,282.40527631276024,244.65098210117026,283.41901351635204,246.28631031907673,276.56784312251443,250.82458992501273,251.55640058716693,264.29744232983467,288.0205934799337,233.4186443078562,244.9349889265581,261.49322886448675,60.77081353465622
97,1079.3940973323968,1594.8104623674335,0.48848323963567863,0.9458919637323161,0.7245043434291324,49,0.0,0.007571304085594195,1.08141030130873,-0.08497625566473829,1079.3940973323968,1594.8104623674335,361.1883407916429,0.0,0.0,40.50204439432997,-8.248818887003203,24.051366098912897,31.054792728199864,28.068002800132255,21.14446825099212,26.167241324814984,22.082506381640222,20.219443742489027,32.13887401860279,25.701945109136943,30.06229849474231,23.15316608817199,23.27117310791803,23.110514102925883,26.53450720260985,4.428041340353673
98,2659.133586948895,1696.3912968297288,0.5005067675913116,0.03737057214794372,-0.2094627623418078,49,0.0,0.033444828191193335,5.572894693606153,-1.865202091572919,2659.133586948895,1696.3912968297288,863.3480189668147,0.0,0.0,39.836996326042055,-8.20630832820627,63.204426676460955,58.67522743690216,67.08680714911361,50.87102575905299,72.99325062464374,58.27093116558551,57.88725144110852,64.04272971117119,64.51861338213371,43.62917723930572,76.5012594592402,55.366516084846985,51.069396076124164,64.87746918416174,14.353937576963467
99,31.903995780404077,1770.789364397116,0.3216264279914333,-0.6443658945382602,0.5008036420287015,49,0.0,0.00398901043259712,1.1378141118120288,-0.14017828957535639,31.903995780404077,1770.789364397116,1730.5141826389117,3.0,19.882291918903626,40.94291065234713,-8.175018523271326,0.0,0.0,0.0,61.30743154273556,0.0,30.753898843453396,1.0823097587025197,8.655502357138737,1.2361405435408477,14.873126784419705,1.7256326854420199,0.0,1.082309979567378,534.4108154117691,1075.3870147321422
100,52.00966602836883,1800.4685551973344,0.6877855085901616,0.43229167240816574,-0.26413315319203967,49,0.0,0.07899350325533203,12.205174524370667,-2.7163599846655324,52.00966602836883,1800.4685551973344,3269.883921915144,2.8717496714011554,79.30933215929977,40.934428009586256,-8.162666655095796,23.287551614307205,904.133896883596,4.709403849341429,569.5920400698212,2.2356251895593022,155.638218547767,11.460962451338911,5.852240305864535,6.031054038872097,1200.716875494304,50.57880768644465,3.0675371319147997,41.841315513414784,67.2123446195664,223.52604851903143
101,39.35558241866844,1803.5460604191896,0.6940730176794724,0.6768221221973181,0.15033665668280174,49,0.0,0.019117406840728327,2.8637001080376994,-1.1423188397427244,39.35558241866844,1803.5460604191896,1492.8605050788397,1.0,45.401824206669104,40.93975168308233,-8.161375898295422,0.0,57.565858969890705,44.641629631980585,1082.622220233034,1.0148415547926712,8.536304572247747,9.153948403471441,1.6757272505193124,3.4882796949194645,15.294145120796916,5.9516018779361985,4.625437989491131,138.85559198761288,49.808664870918136,69.62625292122848
102,1930.6133418991087,1814.4779981336014,0.7042670368463827,0.0988507050736056,0.04703299197528223,49,0.0,0.012093482662979613,1.2969991312923128,-0.28234921300302734,1930.6133418991087,1814.4779981336014,498.278167632182,0.0,0.0,40.14369547029918,-8.157326796190816,28.981777396201178,44.57436759512043,41.171843875742674,26.363350332019685,38.93244094642218,28.81497783390854,35.03286663622092,41.855029486079985,37.911106481630156,30.47658680859925,37.570233341944466,21.40010399373366,38.36525571116772,41.54854830356403,5.2796788898270535
103,381.8935639375851,1818.10235757538,0.924203534017311,0.10182838361666849,0.09150971589355308,49,0.0,0.02379597206540605,2.6206282378296804,-1.0460135408150375,381.8935639375851,1818.10235757538,469.6933172262976,0.0,0.0,40.795574452815465,-8.15551789876235,36.9906272729101,23.77088725650522,33.63073436104766,36.06339298138958,30.340878624591042,34.623322315355225,32.15448515978794,35.729555757903704,34.244304947515694,37.90905833853988,20.458788908448632,43.471700834962746,24.214749181691907,33.714835218172475,12.375996067475763
104,1609.9135775962507,1821.2674942492815,0.4892185146909521,-0.050696492461975995,0.25080347985666746,49,0.0,0.008549326151584737,1.330528737491826,-0.3100606477997706,1609.9135775962507,1821.2674942492815,305.7931834835511,0.0,0.0,40.27868578368898,-8.15452149320248,19.44956089095627,22.076435083121773,13.396816514685245,22.04941672293609,30.511526161837384,21.1777612517555,20.353784643609952,18.704394402113326,18.27311557298443,21.583632304636975,32.178195114768236,20.670002615653324,19.560157417349878,24.715332099551496,1.0930526875912263
105,375.0233378764301,1837.143833309287,0.4798016294550985,-0.30844148474885874,0.1126606090102421,49,0.0,0.009102547767268486,1.516880363647086,-0.4523783233300561,375.0233378764301,1837.143833309287,283.05649622507195,0.0,0.0,40.79845570995548,-8.147580648395772,11.721392522289499,24.215636516505278,38.04941052591245,13.441496695903023,17.91913010190497,12.406941600857078,14.525563357051313,28.23114201346094,17.16622425112098,16.488456647749643,22.675835199501023,24.497087456051098,18.754621272345975,18.251523640929076,4.712034423489582
106,89.08685229193935,1845.9992404443497,0.30221523115246685,-0.32000585506022144,-0.5778408278834768,49,0.0,0.10646239476990739,31.85699455907044,-3.7580120033662503,89.08685229193935,1845.9992404443497,2135.1194501215978,0.0,111.67681457523278,40.91879251684446,-8.143721407777344,5.400951261099453,1.2841837576890636,4.029773407699133,15.100579332616002,35.28504312868722,17.901432285827504,22.38769677252404,8.590120994791924,18.831023504374997,13.33377368592042,35.88900482851861,6.543751825435837,1020.0762189114747,930.4658964249387,0.0
107,2566.377508608813,1855.329963247088,0.4778798841095261,0.21669596138345526,-0.46235215599785784,49,0.0,0.02455181564470891,2.3371751075893608,-0.921728130371726,2566.377508608813,1855.329963247088,3597.52596714874,0.0,0.0,39.87611047084773,-8.140126694234658,246.13558128998,236.36578873021787,239.31715029952937,213.8316648459334,235.1069029996966,261.0606749230823,272.23740138477615,262.30018831281353,258.17772725236773,251.86675837011597,266.6254786772617,256.8978877122975,274.99005621708704,272.9766803083562,49.636025825225154
108,2568.0571267311466,1855.4821612173891,0.756342041471816,0.08611424230826124,-0.5157551313585348,49,0.0,0.029910318142978704,2.1935450071339977,-0.8528663742052868,2568.0571267311466,1855.4821612173891,3672.2737928979614,0.0,0.0,39.87540360893457,-8.140062576536302,243.55012144823573,245.91540891228243,249.1112763377095,218.59458875834395,244.23007107831927,263.6943911164918,283.16432951733145,281.80923158094845,262.2982178318174,251.2288411535261,264.96138485210645,261.59626687232753,279.0065961057418,275.08505505781494,48.02801227496478
109,2566.715566549563,1864.2801128537742,0.5527716300253804,0.1990224935646332,0.19828033852734797,49,0.0,0.037827169167288656,4.184742011100405,-1.5541717223649296,2566.715566549563,1864.2801128537742,4395.133767814428,0.0,0.0,39.87597202217386,-8.136397430946278,252.9726608581985,309.5714538348783,307.1156695172108,306.61241943222547,302.2656317225435,321.46275870005667,298.4022380022512,288.49887120940224,313.3532541175416,302.33896778622346,334.0519103520973,339.9287273152871,355.8860309782616,306.4790372672975,56.194136720952955
110,2568.65673288598,1867.966387116606,0.24343657510274835,-0.38290522646618913,-0.08976251356735454,49,0.0,0.016136951944249633,1.2808916438526596,-0.26878098113912824,2568.65673288598,1867.966387116606,4206.928746071381,0.0,0.0,39.87515660349658,-8.134860714640714,261.5630330298127,305.99097093760236,311.01261116438,295.1533576231026,297.3401617261828,296.70329038769927,300.4290724162474,270.69187137005883,285.63974663277156,298.5455947769437,317.9777367907858,295.5862499747868,331.6666325214265,282.60423740622156,56.02417931335924
111,815.1150314400743,1871.4747228237904,0.606458844568932,0.05226542691995151,0.0354476710150853,49,0.0,0.02921994254160001,4.389413835365024,-1.6060163205009315,815.1150314400743,1871.4747228237904,627.1968093378061,0.0,0.0,40.61321283461764,-8.133468343238924,54.95835428798594,46.45253645031034,44.43995180837219,39.037145774821425,57.15674727279924,41.18121223803091,52.717967077923724,42.01525259812183,44.00069421147282,35.48804781129152,39.955979228339984,32.96420727471671,43.691353881402634,43.092652348314815,10.044707073902199
112,2578.392037188664,1880.669315298883,0.7770812355420292,0.4542497160001624,0.062200063622856794,49,0.0,0.029340204338064856,2.5047106933571914,-0.9968939247750851,2578.392037188664,1880.669315298883,3865.1267657602484,0.0,0.0,39.871064719284604,-8.129563882881547,251.3240924668515,300.4706481923407,250.96516028582448,243.2698661118017,247.70031490149753,274.45824604015155,266.83429886828645,295.13661889043345,278.3171444650593,273.0442936582945,302.21790050642466,250.66048869787738,313.8908112384304,279.56852576632554,37.26835567064942
113,2242.176289484704,1890.1337785096766,0.6230013974821774,0.3131866210740819,-0.09570481312875165,49,0.0,0.023636989961845743,2.86922181860444,-1.1444103117721915,2242.176289484704,1890.1337785096766,854.107935915932,0.0,0.0,40.012574086183406,-8.125738259469829,63.35590604271152,68.14597745087158,40.825890492721456,59.389652688376856,63.478684164979256,60.443224532841725,67.72704767170313,58.00654809832925,58.598653156917436,70.51243271867747,56.30387236897968,56.164472635988055,51.86597243556767,64.30863971243079,14.980961744836048
114,351.71426847855,1890.844843773891,0.5315820427605975,-0.3489711675631619,0.050641227834875326,49,0.0,0.008186659596836572,1.125719894560772,-0.12857585333135327,351.71426847855,1890.844843773891,411.6693524401892,0.0,0.0,40.808236297258496,-8.125193743262338,31.866282992675387,28.491087288893443,24.79591181680605,23.541773538815498,24.328552760413338,23.061112640495036,27.87125386124059,26.56707971721356,26.010748827336805,28.666424917750298,29.90955915938487,26.654156669284887,43.2552875815295,43.64054021811921,3.009580450230689
115,2589.1380832851496,1893.7234468423699,0.6309867095665592,0.6919745416967027,0.19010957641746262,49,0.0,0.023236474928427717,1.761811507443676,-0.6148986057405563,2589.1380832851496,1893.7234468423699,3126.7439319800965,0.0,0.0,39.86654771403551,-8.124120255344877,213.90820645049993,211.62346109900187,229.38565920041702,215.16126414816625,229.97491932429392,225.8923500252085,196.8949096327805,201.10937063352043,200.66041326541466,247.01200796053664,234.453420853094,226.62714217315636,220.42330552977432,235.38974717657536,38.227754507656584
116,2306.753681711758,1901.4652739160567,0.670926215030008,0.8652666200599819,0.12924547409466003,49,0.0,0.009967691529833438,1.2238404926716404,-0.21931204602173715,2306.753681711758,1901.4652739160567,375.0494100779461,0.0,0.0,39.985398227962925,-8.120998059483341,24.417714940010164,28.743724755633515,23.906472226398563,27.636868901333735,23.48804833512937,34.180697836405024,20.226630481713663,26.466433983419552,29.65444613895466,25.682818810088563,38.19592179800267,22.837658628252303,27.376655335767936,18.69499255351601,3.5403253533203927
117,2327.8468636459183,1923.0282675769897,0.26795556731402853,0.38932315796417283,0.13571278728532382,49,0.0,0.005229614377514346,1.008943124609795,-0.009666713004781646,2327.8468636459183,1923.0282675769897,302.9581628647861,0.0,0.0,39.97652759442748,-8.112007116134773,20.394676221087558,26.497076740140642,19.188419452254927,20.522093033879806,24.380755972194155,20.535386540646684,16.309465081928945,14.93152256340514,19.499845182978305,19.403543039624417,24.814572744788624,23.45698264039686,21.16691712324806,24.311194455626346,7.5457120725856175
118,2436.4385200595016,1925.7178917176936,0.9903782676378944,-0.10886302027037738,0.08651845190918538,49,0.0,0.011645164951018435,1.1545119757752336,-0.15599610555422053,2436.4385200595016,1925.7178917176936,254.6708841336731,0.0,0.0,39.93082638212549,-8.110849809227648,19.381327758843938,12.214774064665047,24.696945614992163,14.538772899546874,28.127719910635047,13.424150835146257,12.353354838338081,13.44268630993055,17.47914935187002,20.195463581862683,18.77978892402269,16.79774338737202,21.170803706696304,17.976898786590304,4.091304163161096
119,221.3360850612744,1928.1180253383593,0.6894734358931423,-0.4205954391804733,-0.3865611664418828,49,0.0,0.02064739397472521,2.2919679094180228,-0.9005213316019935,221.3360850612744,1928.1180253383593,697.1561159914834,0.0,222.56060371804693,40.86308341202273,-8.109590023301092,58.340198014217464,59.2690416901252,54.70913628553565,67.47788385513773,41.517716772807134,45.6478015007001,39.67876522711086,46.72592730641394,58.31397497574939,35.68755797977575,52.30951243236177,43.40489559379364,45.13076110382309,38.425340301660675,10.517602952270973
120,2487.139696582104,1947.8819203543392,0.41752999918798644,0.5708204294045497,0.2410310827937417,49,0.0,0.020909956063430386,3.4960845642663907,-1.3589548223130141,2487.139696582104,1947.8819203543392,774.6585946114054,0.0,0.0,39.90949705721773,-8.101596192076947,50.52955593515785,55.57447199778756,51.65178289440439,54.584417433272684,41.393591254876426,52.78352625686122,76.75006228277692,51.278994136170695,51.21024542491117,48.29801723543593,61.94195632075355,65.74774016881226,54.118419521922476,46.73146104073432,12.064352707528043
121,388.24114181261376,1949.0246441948914,0.4406401798499276,-0.00416612305709737,-0.13905907617391802,49,0.0,0.010786784563933179,1.715783484762901,-0.5861562080454196,388.24114181261376,1949.0246441948914,455.2321697298297,0.0,0.0,40.792832442301986,-8.10097269534705,34.00635470050031,45.6038533660461,41.06908236382753,40.82113668943464,36.3324851761735,20.108391487883765,19.042316117551884,32.545012518948354,33.67243706084968,40.10755484800697,30.322734387164665,26.247945934820265,18.867285543196644,27.932358175797226,8.55322135962812
122,2661.3822589509277,1956.838673998431,0.27480359838520885,-0.05353635652459913,-0.43193490166914267,49,0.0,0.004720747512198121,1.0050216821403821,-0.005438578103579958,2661.3822589509277,1956.838673998431,252.07542101516577,0.0,0.0,39.83617228491196,-8.09779116949859,16.976925180381365,18.85708007254835,14.396640315821827,17.298408040446777,18.78150172235013,22.750583512103816,19.758691780822637,14.784877617934232,9.075459113322697,22.31731885007408,16.54197619617783,19.390767438793752,18.701063355978572,18.61419413030902,3.8299336881006996
123,1089.899092979798,1963.3599948809726,0.9381854995359805,-0.026396195918142167,0.08455132938452238,49,0.0,0.028598947177818128,3.185270678164168,-1.2578658593692948,1089.899092979798,1963.3599948809726,412.5504304263221,0.0,0.0,40.49753814715476,-8.095260393999657,29.452366359493077,25.07849215622921,34.387228139044396,26.200009104412004,31.172094873324937,24.6732244995318,31.891363300522958,31.603195925010613,30.4206731124996,41.63433295703197,19.945174947621297,28.524406432440017,30.491165131391,23.658782218716823,3.4179212690524396
124,104.96711024593166,1993.04958892407,0.98316229839942,0.15493177985862175,0.6023462634492348,49,0.0,1.601890807354833,167.76741544570086,-5.561769035059136,104.96711024593166,1993.04958892407,48201.57683531867,0.0,68.33751946655053,40.91201164655285,-8.082464815484967,539.9222305262994,686.0088921259184,5911.2794314877165,1.0886181958520118,4122.379976848714,7665.107626522863,617.3017605347067,2646.6318759281894,3383.530377654863,13265.64504202587,676.5726060589604,8008.048080121241,61.76258256687592,614.1908344715406,2.1069002490581044
125,305.9947530702807,1997.0805081891317,0.5043185835506571,-0.07283545770077031,-0.07992295193041013,49,0.0,0.02492196114335808,4.184017323884846,-1.553983685138017,305.9947530702807,1997.0805081891317,639.970438887683,1.4697951283330901,0.0,40.82741658311455,-8.080906014956875,50.1426417357461,54.17423857897323,52.767711578664546,44.626741810537666,35.11457477424136,37.57774505710464,62.367630540268465,47.02271379146744,47.07712061653588,39.988505927666694,32.400429686441484,51.121036441958154,36.515027334769364,41.12710032217857,7.947220691129535
126,335.474086776966,2082.0850683337335,0.38368710000566075,-0.42714405189067584,-0.02459106955698902,49,0.0,0.029748816141848468,5.534496725916217,-1.857695337158418,335.474086776966,2082.0850683337335,1006.3838636337514,0.0,0.0,40.814963808467766,-8.045505569579523,71.08436487900659,71.54311460115161,69.66511195889814,60.38878836632733,86.92549587535675,69.65624745017249,78.5229532337882,74.20268206737346,79.30706059155142,43.452339960287944,76.42958211453515,80.15666265910029,69.31820654193473,58.74565014504511,16.985603189222086
127,2290.7301056038336,2089.510027705343,0.6737292827323093,0.3926822306829008,0.022390581395260796,49,0.0,0.010826642703412506,1.3746232293697909,-0.3454591966371667,2290.7301056038336,2089.510027705343,332.4768025570499,9.389716147144123,0.0,39.992199702194974,-8.042652582579722,13.992412967121496,14.967030916415748,25.99446694609877,21.135923492496815,21.7663235952122,26.42347185730543,20.00369937751642,30.135130135735928,21.144575048943558,24.37206521124641,19.710270287632966,25.448820396263418,32.07727396433461,31.043193957733763,4.262144402992372
128,498.56656418677915,2126.4462307146223,0.5970835446401077,-0.33844405740682726,0.04277156284354285,49,0.0,0.020593243136304003,2.7541367845797344,-1.0999637643783244,498.56656418677915,2126.4462307146223,661.4217398041325,0.0,0.0,40.746316981439186,-8.027105269303924,47.64233909263095,51.37451025139975,45.4040833182065,34.70389995401238,45.36092645350399,53.42321974054181,44.976830658734315,37.32945151732311,50.189890915764494,24.349571707671018,57.972173422758146,48.57179522000689,58.45132830728892,51.318358015052645,10.353361229237544
129,531.4015228870355,2127.592891105049,0.5609882848023698,-0.293060387807507,-0.247796705943673,49,0.0,0.00630814906748131,1.0029233703936307,-0.0031693786962171356,531.4015228870355,2127.592891105049,191.54203718317405,0.0,0.0,40.73250080219422,-8.026642745378583,19.308003804068754,14.478366013978938,10.81233713840775,7.4854498057601875,10.810536987816114,15.223725850796601,9.753761382230097,19.993952389581494,16.292889470009033,13.854195396958811,15.00891604812395,4.974511204334453,11.905189071884806,18.24571105161776,3.394491567605298
130,1872.7844348041594,2134.7422132588063,0.8473221928354864,0.3672919972611637,0.20414207887750735,49,0.0,0.05889473971786006,6.963557698955898,-2.1070779461035145,1872.7844348041594,2134.7422132588063,934.7912542197951,0.0,0.0,40.16807565001195,-8.023892253587471,50.2900417697208,64.97746887041492,71.26980371236806,61.32389436130907,65.55393966300461,66.21167309748854,74.86415409202252,55.796244392714996,74.2157729687996,62.382010917271685,67.50608644195732,64.30377141050673,85.22617991903931,59.09107140825619,11.779141194920811
131,358.02326002487695,2154.589978809836,0.7272759940953903,-0.20447241247148057,0.30380860641656526,49,0.0,0.011017334784867877,1.4248781658058267,-0.3844443289660793,358.02326002487695,2154.589978809836,273.4292811139136,0.0,0.0,40.805435849501805,-8.015308985773931,16.717271898313193,15.648079216093022,12.288772070674629,20.97114655133561,18.408864825968813,17.101994453216243,17.51365444522944,21.164363921553594,25.375098570100697,24.184256489238898,18.917082537039512,16.05980400274182,17.837526224573796,25.290053838446784,5.951312069387507
132,579.7841194650067,2221.504376108759,0.6316307238760056,-0.2053448793078304,-0.058921921156054956,49,0.0,0.16758854889306504,24.099544992044176,-3.455022107546105,579.7841194650067,2221.504376108759,3356.2804614352126,0.0,0.0,40.7121007906583,-7.987536344040029,245.73350912474774,225.61027818488782,231.9376189469623,228.50632127006952,243.0775122699159,253.6299466325343,227.29806956429093,274.50822963100694,233.16101298567276,231.02658835064977,243.12180457780045,232.33628188071896,210.34455557036745,224.60439298353165,51.38433946205565
133,430.18439104262944,2235.7748793522433,0.6825342335679417,0.7209966095214452,-0.2662473669806535,49,0.0,0.01837527460515412,1.7766647089009053,-0.624013689359204,430.18439104262944,2235.7748793522433,1474.5413295982112,0.0,0.0,40.775032584290415,-7.9815209690692255,91.63916833566181,120.04851610873834,86.97082703175732,120.55225745605121,119.58306944110917,78.87149785028797,91.54012052086017,98.7405505452065,108.35356008838808,97.69223824865502,113.98924042196148,113.10852735569037,109.61014742078953,96.37337137605697,27.468237396997587
134,1773.94868047366,2245.87733404761,0.527544069992773,-0.9452850663776885,-0.2668254099054906,49,0.0,0.010179247057218352,1.0268989649266598,-0.02881929026546097,1773.94868047366,2245.87733404761,1649.9400580462109,22.713932443160424,0.0,40.20967248759685,-7.977596253800309,120.59056229643183,120.1899155627596,120.24016615626051,132.32703982558067,110.64272994311064,108.47587996763339,110.61955095402826,113.83518210825278,111.79987814100764,105.24548517369092,111.10529318822242,114.62038065256824,133.95333502467454,108.13757707124932,28.1570819807403
135,1778.3994578581942,2246.8776885941306,0.5712789938821748,0.9126376813797884,-0.013136569395064674,49,0.0,0.013566661687786636,1.3008794507093515,-0.28559263356883097,1778.3994578581942,2246.8776885941306,2000.0381038052058,29.08948352881097,0.0,40.2077999772168,-7.977179116943019,151.7774959833455,142.5640837968073,142.26504474071655,165.58091377950055,134.641128515742,136.96350124626485,139.32768529382986,141.73241042243276,143.76852261819067,139.2161918075008,123.42168066233111,133.2376953560105,147.22022217803,127.45715037539534,30.86437702910802
136,1486.4012018192977,2251.244694258408,0.5403739096122082,0.12338043330278356,-0.19904672921467884,49,0.0,0.2091602389205896,33.47614005893968,-3.8118384405264387,1486.4012018192977,2251.244694258408,4631.850139230573,0.0,0.0,40.330653100901245,-7.975363527542629,322.46846048448026,308.83945781828265,325.81593020412816,300.1947159723546,359.11044599249476,338.32341865260173,340.89181271504606,324.4740193757608,315.2688085726207,346.1111147508987,300.338540134573,313.936357345259,325.16093808478445,343.62655699891747,67.28956212837129
137,2310.369074353979,2251.371329181237,0.46849109825516916,0.5542184972089416,0.02986338004754851,49,0.0,0.014025186428625373,2.4690181158302855,-0.9813106911889484,2310.369074353979,2251.371329181237,390.38856687673905,0.0,0.0,39.98398670562667,-7.975206571306916,27.09618426943831,32.15840510052635,23.37519453507536,26.427007034030666,25.490481831558824,24.08228696774757,24.362657290387403,33.58679904956193,21.268979825354478,27.14251838546304,25.656219012540898,32.561708710741534,24.906630034977503,35.7802244400289,6.4932703893062005
138,1780.9162217289522,2252.4509908009086,0.28293043867413037,-0.5503562297728709,0.0640235401637743,49,0.0,0.008942787792091516,1.2521634199463805,-0.24415253095088135,1780.9162217289522,2252.4509908009086,1594.8939761177671,41.72348829008341,0.0,40.20674153818541,-7.974856770027983,124.86209429084364,117.8413921207684,112.19797999050925,130.51638444566248,108.96093114990859,114.01593754855828,108.10436925984988,107.5263190384499,118.00042919733482,109.3054593227773,103.55124830099219,105.73909545945143,104.41034855758812,107.78873998605921,22.073247449013436
139,1698.4666279418927,2319.0726194788654,0.5354737258571247,-0.0692807954660863,-0.20073492547899358,49,0.0,0.021880235861982907,3.465938287528638,-1.3495520641325842,1698.4666279418927,2319.0726194788654,551.2453764650435,0.0,0.0,40.241433481302366,-7.947103326668679,36.229080217367084,54.93527899486326,36.09410263318586,41.61907954879692,30.262181934750842,42.68128232384595,44.17305360184051,49.2758135534138,26.414784509526026,26.843362639566756,39.93257857221393,43.40854437943689,44.923273586509,29.033283603167998,5.419676366558619
140,1182.145208240704,2360.2850229044566,0.8009023811791337,0.7115681315747651,0.4113950796117405,49,0.0,0.015577942065542033,1.4589280969830962,-0.4100847207326497,1182.145208240704,2360.2850229044566,949.8167403694059,3.44438895404693,0.0,40.45864239452327,-7.929897083655026,63.067870747310906,66.10957049840138,58.661460410521286,57.42416474939755,60.93959108326084,60.98315515769947,74.68291294566968,59.31575360656203,71.94252010312776,73.64489344390543,70.59992724415198,61.492229853673386,81.66515531513573,84.35501173487577,4.932523475712653
141,503.80981380382957,2364.51003455199,0.5084102473633463,-0.2331826785876946,-0.2468965867639312,49,0.0,0.012135168644883414,1.8633824571179611,-0.6757550062273381,503.80981380382957,2364.51003455199,402.2315578672617,0.0,0.0,40.74399514743468,-7.927919907964978,23.443065934833697,14.575672802736474,24.6698656049119,25.864987616309307,20.536488196291103,31.750436396448535,19.093553387942492,31.553769031143506,39.37155952092051,42.28040902198379,37.727870265924174,20.572403778084045,30.89372036416793,35.49809727675334,4.399658668810894
142,1165.990704229935,2375.185169542011,0.37090236150333117,-0.04417479375331937,0.030293777084513973,49,0.0,0.00761778232984551,1.4664700487133355,-0.41568299336582515,1165.990704229935,2375.185169542011,442.6135221246802,0.0,0.0,40.46543538617376,-7.923686006692436,36.31576319629001,24.800983828847514,27.065338979155403,32.698507203062626,36.103747373084886,30.23338069088379,27.229772463671146,32.168625061785605,36.56689178021666,28.410645301767715,39.18513319659213,24.981769951927564,34.392113162226835,25.300800645772213,7.160049289396092
143,542.0793758996643,2392.973162393269,0.3760712758551169,-0.40978593912640576,0.09217627633321233,49,0.0,0.00884439722658809,1.5857624972443494,-0.5005953567918728,542.0793758996643,2392.973162393269,377.62389502748425,21.91145650367718,0.0,40.72788352417815,-7.9160784090819245,27.359356195035808,36.984567451772264,26.59586755083452,28.042809283440235,36.05850613253136,33.320301708112595,38.592238647833376,26.662514758007756,25.100581335815807,22.36544807093445,26.410146126598647,14.576524560425966,15.919291185158857,12.067479016711097,7.5682630042715475
144,524.4304604462507,2416.649126817813,0.7969664485282077,-0.44997714538333805,-0.1114535724781766,49,0.0,0.0184953700129618,2.2682945638215957,-0.8892486298902585,524.4304604462507,2416.649126817813,345.83302555335877,0.0,0.0,40.73529612753654,-7.906206134530115,25.42977445557098,20.092373994327843,28.11635659476567,20.610993890379884,28.023440215736557,34.18226480361755,22.05075923193396,26.8483450215424,27.305240836180893,25.024011961245876,22.94863493105826,22.379823188250374,17.68381340978623,20.656427720127446,4.480765298834829
145,2631.0514846158303,2452.1820900208886,0.7462300744862966,0.3382598318515447,0.08054112374048168,49,0.0,0.010808307121402133,1.279925002695,-0.2679613071861784,2631.0514846158303,2452.1820900208886,277.168311739566,0.0,0.0,39.84916281744971,-7.891421875122068,16.79257152907138,20.59359689465153,13.103938343830045,15.92536857565743,24.218117254889794,19.129287056526678,26.05866787407961,16.194307437074816,17.672846128703817,15.774111673903548,27.903059202407633,13.99087305336953,29.31501834333786,12.982458120941097,7.51409025112121
146,987.9644036111395,2515.242716606643,0.7167878852177519,-0.0018365319442857338,0.21489106731298366,49,0.0,0.011830524370094683,1.51541933747496,-0.45133206188476266,987.9644036111395,2515.242716606643,296.9004859167794,0.0,0.0,40.540287746099345,-7.865292189387365,21.91493068018644,22.117119217048568,11.860226330001074,25.83923771059208,27.876482160336636,10.198323410478512,19.39612875119549,27.066955602833012,23.488202680650076,13.139722229282896,23.66824342293441,20.684771776695374,21.544766778883584,22.856562464862517,5.248812700798763
147,1167.5837131002272,2528.636626007888,0.7913010112171699,0.16793495452205287,0.277613050740053,49,0.0,0.012018017014244495,1.2814677439109623,-0.2692691973545342,1167.5837131002272,2528.636626007888,395.4409395770329,0.0,0.0,40.46473582628818,-7.859750972359697,24.803873313165244,27.276576457552174,26.88477451518959,20.1119107805747,29.06269427754155,20.83424427668695,30.427690920357264,34.20774610177798,30.601080102880687,27.139914274374032,35.19142474089114,37.075460041677104,14.400016552368132,34.86393611650024,2.5595971054961275
148,1902.176917349571,2593.305240793385,0.5463636973547125,0.37770112286248525,0.41384483831909424,49,0.0,0.013444286080555664,2.1365718556317446,-0.824293758187973,1902.176917349571,2593.305240793385,338.6659157921499,0.0,0.0,40.15576913447981,-7.832827259497525,19.945047087058693,25.48571824830713,19.172860459993103,26.681419945418753,23.471589236014772,25.3558959230452,25.57641415270352,24.67858877993274,20.70862034532954,27.607647603912678,20.089978205677852,20.32112150748311,26.327148192471718,27.656730310723475,5.587135794077651
149,1704.9164191430639,2594.107553387932,0.7611616800428452,0.08344720878434969,0.19744621505498963,49,0.0,0.012383712009538672,1.6232839438576845,-0.5259862325058428,1704.9164191430639,2594.107553387932,239.14764176303805,0.0,0.0,40.23873276746387,-7.832509674906678,28.2042330999151,17.749287383117107,11.454659188687742,20.63526652078034,14.761034131382395,17.766867567203654,12.47624127612833,21.028175174071166,13.609131583702371,11.256091699500965,12.844818268320088,18.3800354710689,14.903562350220414,20.76185535238563,3.316382696553851
150,574.3185508817177,2644.8042511495205,0.23962018935524765,0.22737655654614417,-0.22795773574753386,49,0.0,0.006099744490065484,1.4262302880750033,-0.3854741377121934,574.3185508817177,2644.8042511495205,442.4668434683739,0.0,265.68930720478136,40.7142078644958,-7.81117063731206,38.37483434088905,28.720850136480543,24.544927818843867,26.386244082780877,33.55875953098318,30.885454910375792,40.6261443285458,22.589057891489045,32.96698570789583,24.73756384129269,40.87702978389835,26.569801293434033,28.967455407945817,39.305831649747134,3.355902743771863
151,1270.8478938453643,2652.0378056082063,0.9439561224180784,0.3653348201198246,-0.06038954753886566,49,0.0,0.010829077396562319,1.1046274652442882,-0.10803959309038763,1270.8478938453643,2652.0378056082063,246.74068630671326,0.0,0.0,40.42128436220407,-7.808353100993685,18.281962599822904,12.758973709188453,13.006959490036415,16.351547456049524,23.452610073340438,10.2532433885689,21.712473112077973,24.431104927838074,12.642912391506481,20.181684886649574,15.27504624689488,20.65396064245372,18.54809704406869,16.648714764847647,2.541395573369569
152,2573.8302486144667,2679.001244020385,0.33760310204503247,-0.18265151949529088,-0.22831245900812802,49,0.0,0.012056763683321224,1.5787132496903578,-0.49575813473197794,2573.8302486144667,2679.001244020385,846.1772887035652,0.0,615.7008274689065,39.87332895188099,-7.7969450645774305,59.703056288860694,59.3761539862187,62.653293030287585,51.85490905078862,53.04481900434953,75.84137079112654,53.60369426385119,58.59353216273725,71.2478193363902,47.59294606589668,61.9686456801968,53.97876843998348,57.69676442920262,64.44692503400287,14.574591139672494
