id,xcentroid,ycentroid,sharpness,roundness1,roundness2,npix,sky,peak,flux,mag,xcenter,ycenter,aperture_sum,aperture_sum_mask,aperture_sum_edge,ra,dec,aperture_sum_0,aperture_sum_1,aperture_sum_2,aperture_sum_3,aperture_sum_4,aperture_sum_5,aperture_sum_6,aperture_sum_7,aperture_sum_8,aperture_sum_9,aperture_sum_10,aperture_sum_11,aperture_sum_12
1,1538.022052589919,14.054579784996141,0.27108501664921414,-0.41617243187935543,-0.3096158103440256,49,0.0,0.004727911427570744,1.0313348005649108,-0.03349918123621433,1538.022052589919,14.054579784996141,579.220157943881,53.43898852722711,380.4813498156684,129.43464183907622,15.497175018590506,23.400168381698826,25.84283641008038,75.10819499528492,36.37089090319817,38.98171913039851,75.58613097490897,86.68892833561316,34.82505722729448,20.719152349354783,31.29527348967386,38.365349012317196,61.07209979741181,30.964356936645906
2,1526.3906866355558,25.694216751117448,0.7828886274344807,0.4746883554386404,-0.49089519144960536,49,0.0,0.010641488764149214,1.0928689080785985,-0.09642017634603962,1526.3906866355558,25.694216751117448,897.9631075299794,96.94833460639808,732.5797444220835,129.43967153401084,15.502023558563744,59.2900076250514,68.00016972133406,102.93515786975753,96.58755806604296,85.569181604732,67.07448589417476,53.90354711174572,72.4259154425499,44.3205913478418,64.17954315194424,70.79625314089708,56.371389720747906,56.50930683316009
3,1317.4572623650356,41.97468640504773,0.40151439423146235,0.15668781762538747,0.09992240421120598,49,0.0,0.008953604294163605,1.0976717343475917,-0.10118120256969933,1317.4572623650356,41.97468640504773,1153.2988225278154,0.0,881.4709716179099,129.5300117618269,15.508774838872533,96.74216856875694,106.46093180098339,77.74132645278348,90.70801229569291,134.3659641207505,96.29808584751143,110.72172313801335,80.68554026589248,69.34743031337621,79.45531672456252,78.09930258355195,61.51817378810128,71.15484662783899
4,1378.3055108218468,44.79812333823987,0.6338898616265985,0.5820115332312851,0.3403617217292244,49,0.0,0.012302671887683117,1.0971022571260274,-0.10061777138861638,1378.3055108218468,44.79812333823987,1366.0440361784679,0.0,1143.0790415217361,129.50370266356848,15.509964041269626,98.96887514051895,113.16606771724827,92.32394741708093,126.14536708745356,121.0818809039107,112.23578175700538,102.68327642627312,107.81501382884788,108.7584694721204,102.72634153868123,92.07538476608303,107.95048508897776,80.1131450342666
5,1703.354540032669,61.1219180472802,0.6405822730765609,-0.5355937177970103,0.696841852807286,49,0.0,0.01263591777494094,1.0564038685363228,-0.05957495729542753,1703.354540032669,61.1219180472802,1767.9151750614378,0.0,1417.4383649247463,129.36315464569844,15.516781066410756,124.89177953302848,142.31422549257638,142.7631460442475,167.04925869711272,148.98673367051717,141.89654957545713,138.395056129338,120.08968383071223,139.4309305686981,159.40318402980776,108.68556387078905,121.00694691345876,113.00211670569456
6,1317.2197696630433,63.68962295517996,0.8919608340298905,-0.3037954551759919,0.6799213453182826,49,0.0,0.015259244374400701,1.1973461734617932,-0.1955493264943493,1317.2197696630433,63.68962295517996,1379.6117526401824,0.0,1147.8592224596125,129.53012003528133,15.51782150576549,121.56575479670964,104.41211560995757,102.63756320072572,110.51591059841198,108.2604266160928,102.40488532264033,126.15337291258197,97.06443671322089,108.5966963464024,96.00936370045434,117.54382614195869,118.05025331477657,66.39714736624964
7,1896.5148812486814,64.16387881714918,0.6978676253398418,-0.48665862448633185,-0.4212161794317601,49,0.0,0.008301832333678646,1.1444802120425634,-0.14652072040972577,1896.5148812486814,64.16387881714918,372.388211047572,190.25977535892807,340.0993223649077,129.27963137541963,15.51801598430496,11.032183947108443,0.08746488737225067,25.838881004675542,11.303164700885375,81.45281324690507,57.356655762041534,44.8557643424581,19.83231410187331,26.955261545114027,16.17672745413752,26.412330947585257,28.257276765407372,22.827372342008204
8,1712.2697382938118,73.0398228579183,0.48359175183987085,0.025931170491682413,0.811755597559107,49,0.0,0.04616293421792445,5.252224870794655,-1.8008582796701278,1712.2697382938118,73.0398228579183,3124.654811183428,0.0,2536.1871213172535,129.3592985010187,15.521745436118875,234.3169984255245,241.10765131327975,247.11711195907571,252.50834721425358,239.64340897276213,254.93052921628657,275.0543239773576,258.41665956433474,265.2774787805806,230.13866317762992,254.3256851852929,209.9558007662256,161.86215263082426
9,1739.3829572161856,98.31194986982646,0.2784760112443627,-0.3380632505038632,-0.11426923868261407,49,0.0,0.00830683262643188,1.1236894036705058,-0.12661571377515063,1739.3829572161856,98.31194986982646,1212.625646330664,0.0,980.6908248828611,129.34757125695046,15.532271346226336,68.14362562922085,108.3822699362648,106.14554603721258,100.27446458037723,94.20180716678341,95.41643959734279,106.66655859324689,90.10649661374407,101.28760066226985,85.80570708254709,87.3665664422573,96.92654360018824,71.90202038920899
10,1036.0273957266852,101.92567065060666,0.649478702665922,-0.28253360902089186,0.37214607773768354,49,0.0,0.011240987757889785,1.4944593854845207,-0.43621029208221634,1036.0273957266852,101.92567065060666,1702.8147539560975,0.0,701.5504997213677,129.65172676732485,15.5336508412062,93.3706649463387,109.6398406689565,65.76501515869558,104.83686530672064,149.39826136144785,127.88890420805369,85.1619669798722,158.29505705242244,101.1822526352067,364.2783276293653,61.69174399352266,48.83590404100646,232.46994997448877
11,912.5761059059668,104.42733743152668,0.8607419337662845,0.4403442959073111,-0.24050378680829312,49,0.0,0.00929064015644174,1.1629736521442258,-0.16392468910402594,912.5761059059668,104.42733743152668,800.6276255822971,0.0,17.840425428686345,129.70511212660156,15.534627965026099,45.759638214836556,45.39978202470783,0.0,463.74371377000256,154.81032520015242,4.761025055039767,29.008894351886088,18.98622772275608,1.483923722730112,0.0,6.473729157830592,17.854170116442653,12.34619624591242
12,1977.9636650649445,106.6667037762175,0.6542732077252544,-0.12933476213079262,0.49280760960589653,49,0.0,0.021150578996233065,2.100454298904768,-0.8057830917983388,1977.9636650649445,106.6667037762175,1462.003275010784,102.2678661810186,1254.3441614462308,129.24439830142495,15.535700200205673,129.17285941011818,104.90897559961999,106.3100288612396,129.44774489173602,111.65550509110106,108.23903327029291,126.00385959474727,132.89774857941495,113.05852810464108,91.13107024154155,104.85564365754593,106.9571629163171,97.36511479246848
13,1014.6708790018995,107.75561816156835,0.5381440622919405,-0.9754394066950975,-0.2505238970067308,49,0.0,0.013423033769356775,2.2194656415984464,-0.8656210658120034,1014.6708790018995,107.75561816156835,1341.4420270295589,26.825322740947772,565.161927297383,129.6609650584559,15.536069330854447,70.10485127602078,182.0665499361935,115.92797990571707,212.388223877451,54.81658400634879,76.96831045668527,162.14817523802918,56.704387954723295,70.54660914949872,81.63102938318919,144.35495227419653,82.92951323549727,30.854860336008237
14,1022.9644946111063,108.5799654586398,0.8646834370364462,-0.9000226043675807,-0.06100047638377765,49,0.0,0.016923778613801167,1.7138060705759075,-0.584904192095471,1022.9644946111063,108.5799654586398,2733.45905041906,53.92344887840609,1505.344643414708,129.65737904399208,15.536416828424711,150.20912161260418,237.84559894927276,209.01208799684605,203.07947949025487,201.88527682224634,253.60219116681813,268.72740586594796,153.58853937097035,226.13581383091287,304.6750545646312,197.17833558965995,227.82778433938128,99.69236081951401
15,1405.1490752305076,115.76808692328062,0.3880035411575018,-0.09170738233581405,0.337362016582155,49,0.0,0.02282274023066705,3.567961922185835,-1.3810505271856501,1405.1490752305076,115.76808692328062,1551.025307361674,0.0,700.9088706795446,129.49210850704446,15.539535924618775,113.60994686785129,126.25510507524216,102.4125428624796,115.59478397685209,112.80146548807204,126.60924665961348,144.83156277440534,122.35523777166539,116.56380857371606,109.78336975403911,134.48864823759888,130.13578232614486,95.58380699399359
16,1025.5592878407288,121.76251292275342,0.46254049284415344,0.06650378238292583,0.4539668571264285,49,0.0,0.6616303753067583,88.01191800450158,-4.861353713702964,1025.5592878407288,121.76251292275342,25923.495671956734,914.1141875834169,22753.061790869262,129.6562638474117,15.541910123132823,1741.6295163007107,2037.002933596109,2021.1805045228107,2220.4375483205786,2214.3180237392535,2317.5210763765826,2313.02614756484,2175.455415438758,2082.109353751086,1862.4639782898225,1883.831250829907,1851.0172847658189,1203.5026384604537
17,1305.0356037344557,129.2417131360579,0.5782706623489104,0.0773467941297843,0.4254652543132215,49,0.0,0.02185911486863706,2.5489899254542556,-1.0159202974528168,1305.0356037344557,129.2417131360579,1493.3011263653339,0.0,684.486243515226,129.535406071238,15.54512857475351,114.41888977852327,107.33973739630156,109.91202909662944,109.82088295070358,104.73637227332472,119.9806996318521,136.75085227955563,112.12191611394954,117.93192623893992,137.1756714135862,108.62437505867646,131.3037121118415,83.18406202144986
18,2006.1513494571675,130.85881803335718,0.70968179729094,-0.4156685457210812,0.5748596154274688,49,0.0,0.012065524223522426,1.0431098464525683,-0.04582511238045376,2006.1513494571675,130.85881803335718,1358.80956700157,0.0,1101.9674230770597,129.23219995493548,15.545769734078892,96.93117188253458,96.79640594010672,109.36880920880364,94.92685213008752,120.76903565537512,107.42844926864527,115.76682076524531,119.11534007732294,106.71608265799799,104.9553596688512,112.81363895735284,99.84534499425624,73.37625579499064
19,826.3113404672603,132.06510459523653,0.5310454684137313,-0.6113817667864465,-0.7648282016729526,49,0.0,0.0056691667880652465,1.0041715960379798,-0.0045198319345195245,826.3113404672603,132.06510459523653,170.8151392819707,0.0,16.33880820080489,129.74243475793233,15.546089055157967,0.9997226023991469,9.167361521223087,12.421043157784005,24.79948625872733,18.61989958208428,4.9841566217588475,9.949854786229938,10.228628890987562,24.194809797709226,33.12186831720113,22.328307439498122,0.0,3.063680225013523e-07
20,1340.5479731184905,132.31009453296522,0.31384333495395705,0.32782043992400944,0.03910976368423044,49,0.0,0.009972555984603653,1.147415335284448,-0.14930162490167545,1340.5479731184905,132.31009453296522,1236.1268071745176,0.0,415.7002141022414,129.5200490947027,15.546415230135494,105.54649260677436,100.33474533299245,91.1502818420297,106.96601616834194,97.01580336227141,92.99298567003791,110.78289232661427,86.12462848308273,95.70384904279362,86.0672005916903,93.72465029309728,96.56768697099794,73.14957448379371
21,1606.6420225223912,133.5016386577624,0.5219147553819388,0.18260041277948907,0.06478466498575881,49,0.0,0.00915164157463768,1.053658850257641,-0.056750048459633315,1606.6420225223912,133.5016386577624,1076.28657000961,0.0,129.66268816217513,129.40497278814408,15.546940112713305,102.91451149005829,89.85280145030512,84.75337760149534,74.88683482189,77.12201399374312,72.27963919638057,88.61929935512649,85.6811309164521,101.83543619389272,66.44658769294882,90.7560544627048,85.0112316385518,56.12765119606093
22,941.666380741168,136.1938677418109,0.7614800365418668,-0.3877881062054008,-0.3913486809858928,49,0.0,0.009176574823258466,1.3049124291852325,-0.28895341941999964,941.666380741168,136.1938677418109,180.59723447142653,95.61847793267941,144.85548451596196,129.69255166413873,15.547878818336583,11.736533502723555,5.973052957159293,17.714137454271448,5.885681095292569,26.65009928368206,21.109690787812305,10.861620198313037,1.1392659256454503,18.90261626131583,21.426694572321985,4.892074885277577,15.230551199650405,19.07521634796103
23,1991.8126332476795,138.8608561777936,0.5263997348746943,-0.1308726767254757,0.7862187963588042,49,0.0,0.0201522450397401,2.382228825571762,-0.9424586885324173,1991.8126332476795,138.8608561777936,1488.6464335616051,0.0,1224.478726383757,129.23839803272784,15.54910833893285,92.59890826393388,102.81816446689734,113.86349978685661,132.9934241864087,114.24328836367248,128.6116336034392,110.94676660580019,124.00653470366888,123.74670095926503,117.60240471675638,121.2439746852564,108.45356326856478,97.51756995108538
24,812.951253778002,141.91758905750527,0.9107150148226315,-0.13874144997929175,0.30663645273029805,49,0.0,0.014387170968453374,1.7028163766609448,-0.5779195457689711,812.951253778002,141.91758905750527,300.6879044441894,0.0,22.682379631295067,129.74821937666306,15.550184926456728,2.543675284302136,0.0,0.0,17.2844559258732,33.3455072591549,26.358716116658123,97.35554419108841,8.663201008639566,22.936344107341476,21.369661468913037,22.34992071263605,11.96362919404756,36.517249175534985
25,1558.8913485286516,147.49932327825223,0.6163003094772852,0.03385606398490232,-0.043858111228385364,49,0.0,0.020075278429929042,1.5004309936448716,-0.4405400664325148,1558.8913485286516,147.49932327825223,2270.325668712954,0.0,5.247790974787957,129.42562387811182,15.55277110986021,183.5248077916586,157.9041709851535,181.37155702421646,167.11042898471572,175.96403999457414,162.9412023800963,155.18307160316118,188.81495319911733,178.7288243010025,174.77547232266335,202.0260521100984,211.43611559394014,130.54497242255673
26,1741.6761677550946,154.6529487839741,0.9486175415951478,0.13940523262456103,0.03373241203980355,49,0.0,0.024714173687843406,2.0468244166322136,-0.7777014726084523,1741.6761677550946,154.6529487839741,1504.5581848285226,0.0,49.07367131930515,129.34657236964404,15.555743781190182,125.13193601766721,112.92257070334733,115.03909644036463,107.49068353555096,109.25256786241124,124.90956488623358,131.57732259150765,124.67555327466619,123.90259321333293,118.15774906000937,117.99298710493579,111.73648802492669,81.76907211356908
27,1787.7191125341985,154.079800092046,0.6031424690752076,0.21808971898388266,0.3703695891803445,49,0.0,0.024003132067123796,2.263985171809432,-0.8871839451792447,1787.7191125341985,154.079800092046,1759.0168634110432,0.0,275.1430542390225,129.32665958722689,15.555498619674692,133.86788557650146,140.97933815770224,118.98097840111052,115.17244073041249,141.15246996273697,148.73260084476516,145.6345746279342,146.11591404093696,132.2760749996589,134.26224594953445,152.20921936894916,145.64979529391388,103.98332545688686
28,1394.7626146766981,154.76664403418454,0.535291633318724,-0.05010953589499158,0.2339063768745317,49,0.0,0.030191992780794197,3.7303662525825216,-1.4293786838560871,1394.7626146766981,154.76664403418454,1769.2295973288644,0.0,4.338738050329383,129.49660741309958,15.555781704059315,118.88312279188283,120.90453956495581,145.50106991055065,140.42377587688947,151.2812540321783,128.9831562657241,144.75425161653072,158.99339067725236,141.58082958966048,132.82494496054244,135.41624646610518,135.8251917735926,113.85782380299945
29,1591.5867164274996,155.8895356325942,0.3524391028121105,-0.36095176850732463,0.20391303833162597,49,0.0,0.03647958676970282,5.900949161651663,-1.927304682712877,1591.5867164274996,155.8895356325942,2053.719135849618,0.0,0.0,129.41148388325178,15.5562673400718,152.50449131050183,139.11237764025537,169.65947415375004,158.9388017705848,143.88201639263923,155.35316453414347,155.2808639945797,183.97473042882564,177.35699501986295,154.39796129064433,150.94268102079653,170.45909399266728,141.85648430036656
30,1216.5106064722909,156.67794413526158,0.4349433123744212,0.47977831830470513,-0.0703707694167443,49,0.0,0.009148294506754895,1.0191447101816924,-0.020589636589436543,1216.5106064722909,156.67794413526158,1146.8423836350194,0.0,367.9585204382748,129.57369913181532,15.55653365894288,94.51605380640144,87.21673106453665,74.94427364948659,99.72471180190793,93.92616227935066,93.4694282787689,77.85006337354629,80.24373644432765,83.08171264726727,88.63270772657492,104.97414449191645,103.81780826278943,64.4448498081451
31,2199.2210912872924,165.98586404970283,0.92485967276936,-0.28367196146354734,0.3373894810035103,49,0.0,0.01296986592825289,1.2722490420317634,-0.2614303313343945,2199.2210912872924,165.98586404970283,873.9396234130716,169.13529701141812,484.04265600385315,129.14868635336205,15.560322504315195,95.38461087859079,47.65976901786637,54.0056588708248,63.690781988916854,50.27513631667283,109.72750844185683,86.4990489221033,143.6750259751213,53.30781398720535,62.027588990624125,26.358602889246157,48.249417669339394,33.07865946470342
32,1215.3253395110698,174.31491412650948,0.6236395084603267,-0.27632319387766463,0.11265182268332438,49,0.0,0.010897935214281418,1.089716917394635,-0.09328423296932133,1215.3253395110698,174.31491412650948,1126.3894143498305,0.0,91.56101575116664,129.57421791242885,15.563881180528396,69.76740368022288,85.41307604957531,93.88128116829095,75.71407106630717,85.64447975551471,79.577410024911,87.8117710988588,102.38716596582606,89.54942413159833,89.91626418945287,86.72955857669558,95.50549921586382,84.4920094267131
33,1741.519585464235,191.12445709776398,0.5230973300881608,-0.1550690707628544,0.24746145517249066,49,0.0,0.5228362672009775,73.98065575241706,-4.6727954412790025,1741.519585464235,191.12445709776398,14596.437309911793,0.0,0.0,129.3466354162799,15.570938615125854,1059.5654963794714,1182.3120878449647,1092.5605855728336,1152.1838080096545,1149.172885142673,1157.7856670666065,1137.7220886825462,1141.953555889163,1168.623378601993,1070.2543766353342,1199.576220703103,1178.295515727595,906.431643655855
34,1201.723916654655,193.08651982882125,0.488807514309727,0.1524658459546403,0.42615843215208415,49,0.0,0.013607798455514675,1.7533809504010038,-0.609690709634042,1201.723916654655,193.08651982882125,1242.749338614924,0.0,2.88430602073653,129.58010732483135,15.57169731808271,83.41379009748044,97.89629249076755,95.21045362668156,90.92773688102483,112.87519510929394,99.81874170533185,96.61031695906644,124.64556562463574,86.57182364419293,73.96169033657912,112.25032385129546,89.15660618082123,79.410802107753
35,1937.281086812341,204.65508834611873,0.4582134454347054,-0.10177939050407925,0.38408581063696323,49,0.0,0.018220868618254036,2.3037311422674236,-0.9060794830553798,1937.281086812341,204.65508834611873,1503.3925657741183,0.0,4.42623318971607,129.26196104891034,15.57653628913644,92.86073133503905,103.10669681718525,126.6628266589525,106.60307444475654,129.82330162430733,119.37684796500491,121.93262743555754,130.17678396595966,99.76587185152668,124.95885029840008,128.05023419254655,133.56050240986144,86.51421677502104
36,1337.159434141716,213.24483601298184,0.2083804990324713,0.08701933244014169,0.10811581747594738,49,0.0,0.010968918893278572,1.0192344508987623,-0.02068523680698887,1337.159434141716,213.24483601298184,1584.8186771102655,0.0,0.0,129.5215338788465,15.580133588917239,120.09640379345015,121.95543189867522,140.263723055585,128.61820747932464,115.63399712166601,111.37175135066718,124.09334794604342,138.2269493449631,118.28161013304182,109.1250124464587,133.6782040501866,123.23871472710353,100.23532376310041
37,1129.214747342404,213.60323004497354,0.5478233890030708,0.07427375747426056,0.22199097050159863,49,0.0,0.014170047308945272,1.4552411260601645,-0.4073373991830468,1129.214747342404,213.60323004497354,1334.393904603206,0.0,0.0,129.61147747556325,15.580218378040675,95.68190628157944,105.98447379191961,96.73996782869764,102.8130337603838,116.74335725130342,102.6523460880149,101.90014251251935,111.99532140395789,79.07580888251671,116.14707119972984,107.09936664756682,107.01057487321563,90.55053408180113
38,1283.3607258948798,219.32611230122927,0.5495189593529265,0.0484696312985073,0.43626644443266355,49,0.0,1.977265170461437,274.5859726162957,-6.096695868204657,1283.3607258948798,219.32611230122927,52615.150971179035,0.0,0.0,129.5448055501458,15.582653998966494,3788.8217029551215,4136.121717396442,4067.5033684407395,4069.0750081065835,4236.575484488459,4254.391153798576,4196.95833854791,4136.200371988749,4170.741734739649,4000.9166086725213,4137.60921100404,4232.910163484986,3187.326107555271
39,2036.8649058094659,223.23730897154482,0.5195740731033203,0.0020154513144152084,0.39732807988023616,49,0.0,1.454234360443222,209.37562558540014,-5.8023153049867044,2036.8649058094659,223.23730897154482,39031.01637291419,0.0,5997.017906087666,129.21888095732987,15.584245538280562,2749.9300416194637,3090.610904582911,2976.009024892792,3012.1988227629736,3178.851142333376,3168.9836513474006,3125.627133496644,3045.5342265207246,3134.0023786348247,3004.28521639485,3046.243479232916,3158.267080259292,2340.4732708360298
40,1151.7005939229748,228.16063539108305,0.7593441396364313,-0.360735126169891,0.36140600691077046,49,0.0,0.03483251422270201,3.587857929702485,-1.3870880943137571,1151.7005939229748,228.16063539108305,1617.3538007149396,0.0,0.0,129.60175752065402,15.586292057017955,143.99943032453342,101.7676577836517,132.7462302250529,112.8682157951301,134.56798835543816,122.06380563315129,122.2617783311357,110.27362564681938,106.40243854658438,126.35339099562184,138.80251575023362,174.21779151993738,91.02893180764974
41,1629.8423139661538,228.26707225620666,0.5601824235363569,-0.23508706624373457,0.3522793385219932,49,0.0,1.3294710163468542,184.61487558633786,-5.665666729871775,1629.8423139661538,228.26707225620666,33653.19896118872,0.0,0.0,129.39493691567972,15.586421152647224,2400.8174738399666,2678.4058371786004,2570.866221705671,2605.486436432908,2727.555725728166,2677.9256629727115,2594.738010148627,2626.415530116484,2720.8501750565106,2572.6416454761093,2708.248986904635,2680.739628025167,2088.5076276031523
42,2334.5778330198823,231.26852065926104,0.5689918675180323,-0.08338640424773242,0.6334733812277917,49,0.0,0.025796484386698695,2.5409472281590935,-1.01248911367148,2334.5778330198823,231.26852065926104,1501.2392581935878,0.0,1148.9498098283507,129.09010306050845,15.587444266455329,133.09549271552635,97.94789731198452,161.10536206052439,85.07391221158144,120.60130311003846,109.90531781964496,114.04443862936765,108.78377078305245,113.28453840181342,101.80447060085635,117.48535259972746,101.43152730802666,136.67587464144367
43,745.3247476421783,234.76222514929543,0.23538235887623868,0.31250104917442156,-0.8290002103828927,49,0.0,0.005379600841342954,1.2106574394735812,-0.20755318776637643,745.3247476421783,234.76222514929543,679.6593670122854,70.46295872115816,294.2842698939171,129.77753709928433,15.588818472428606,25.89949714280901,63.84013739743598,31.127923514988485,39.81891767368897,69.89041206912646,48.75379973622837,32.62423372800761,49.53095257059617,23.13895114610269,27.192501985984638,64.36316446391835,127.86865975350865,75.61021582989007
44,1635.890489051338,237.90471981543035,0.538102109666763,-0.3487403526447869,0.4715826763746588,49,0.0,0.028370095519952808,3.409543439892485,-1.3317405700542986,1635.890489051338,237.90471981543035,3380.98735656823,0.0,0.0,129.3923204526756,15.590436276484951,200.0676268229612,264.43007110767064,236.9762740243247,261.61124722328526,311.737205832693,263.1763726036477,248.1388070279316,273.80899156543666,282.49595692548246,249.83672057305483,280.5712357513303,292.5068267262535,215.63002038415857
45,2007.066454308473,239.65723878229937,0.6050749994185314,-0.10619275461845212,0.44350274619075625,49,0.0,0.04481293486643679,5.372628678260808,-1.8254670648709503,2007.066454308473,239.65723878229937,2031.1455171313933,0.0,0.0,129.2317640182081,15.591097077894366,156.98475955690571,161.48845068433346,149.82738343187367,162.5232623616519,178.32086047340113,144.60518532840734,157.55238721744283,169.20610558913697,150.94343167873504,163.6956287146425,174.59059773214008,143.66115289843208,117.74631146429056
46,876.9414891121836,245.74812857771872,0.24474989067970412,0.13165684059247648,-0.06633258192097378,49,0.0,0.00790414592784155,1.0206658717830865,-0.02220898354712461,876.9414891121836,245.74812857771872,1124.3629213222534,27.603339050316812,972.2607967802692,129.72061442357042,15.593483233948504,95.64461582827255,90.02867034999805,90.1353046116994,80.05592987065387,84.5329576819112,81.80736855880592,88.14953673851602,100.7959399897125,78.33477916405212,103.48075035910267,73.87572296095716,103.69542628739144,53.82591892118075
47,1121.2783002812548,245.90325116945536,0.44280167099904727,0.11881979841762566,0.3140176005283179,49,0.0,0.028384998449568873,4.345677944885466,-1.595143844801522,1121.2783002812548,245.90325116945536,1590.8335635867938,0.0,0.0,129.61492432213927,15.593672107990242,137.6257317616936,121.13931580690323,126.69105708052334,98.0569907118572,109.19686447732258,111.78628977286334,129.33758785565243,133.70976503969442,120.36555612132858,143.52220707214497,150.03182731514818,110.24878295694776,99.12158761471423
48,1243.3576321057237,246.95320317847919,0.5452089587565824,-0.11214694510867268,0.33826800313846184,49,0.0,0.21806745345695272,31.56194071535382,-3.747909249339003,1243.3576321057237,246.95320317847919,6070.485752985987,0.0,0.0,129.56211751745468,15.594152711269896,440.45735238892894,453.95890468735,520.963929481289,419.87768961935114,495.9351657385828,463.6156081748775,494.434024951003,493.8691160901452,471.1282494903685,488.08403067483226,470.95966381227606,492.99092471757,364.2110931594122
49,1925.7649887771752,247.1947838293306,0.5759776779869863,-0.24713704195184133,0.2512475414120313,49,0.0,0.08039269109758612,10.928611849933155,-2.596412503639029,1925.7649887771752,247.1947838293306,2748.142595530162,0.0,0.0,129.2669295134727,15.59426255708312,185.48698812515627,229.14461383191917,222.17335320033888,230.69861452909174,209.65765349464598,206.50164087030805,206.80644727590666,212.60372334167891,215.10181377501266,200.89673115967366,233.33351102119354,226.19802398612143,169.53948091911502
50,961.6171276272478,250.05874830926066,0.29099659672914735,0.2544633577608734,0.7064801040174722,49,0.0,0.008807790586949235,1.2031755025935629,-0.20082245207514865,961.6171276272478,250.05874830926066,1214.3732063995662,0.0,330.5765529890032,129.68398989302665,15.595327903975125,88.34559476717686,84.28308276403965,108.26927803931514,104.17831937260357,86.95304647331415,86.70449961998915,97.94409000614664,105.22197351847348,73.69073458061558,90.66392302766589,106.52042530369201,96.90006862343674,84.69817030309736
51,1887.7292767736508,250.66084809960822,0.9885592588248052,-0.4516362098698923,-0.03488411731240358,49,0.0,0.014536607903032418,1.0682630440451435,-0.071695511205513,1887.7292767736508,250.66084809960822,1199.61114634658,0.0,0.0,129.28338161680298,15.595716457461263,73.54320811483203,87.46577177823372,83.28285807180808,78.57658206525721,108.13057876430804,91.43644722781525,110.14333423987593,103.41622106549275,104.71063608120097,106.1922863103766,94.58817153071053,91.53973721657519,66.58531388009376
52,2045.7125239883876,256.4890593135474,0.4388673764779898,-0.22593165159184453,0.4065815340980163,49,0.0,0.03052637610673526,4.59289204652394,-1.6552155941947446,2045.7125239883876,256.4890593135474,1719.5002028943704,0.0,0.0,129.21504052690548,15.598095703632127,128.7569265772969,121.5260176970836,139.25693231077418,122.20003851216302,155.1094849295883,123.62218113118972,132.30354988783304,146.64476298259257,141.2482203399292,131.8320559594901,138.53699524795013,119.35310788087016,119.10992943760944
53,831.0771668717312,257.3947777054063,0.7192089171975653,0.057315449402038546,0.42983388716319976,49,0.0,0.025537725834500955,2.7765686957328697,-1.1087710573061251,831.0771668717312,257.3947777054063,1325.9084638233026,64.46320985381254,1238.209689909488,129.74046139281646,15.59830650634374,93.09552852022091,106.53757128968297,94.43372071271551,88.96604338925006,97.64527730052592,105.21265062752967,101.01017179088566,88.12519474561203,100.96892722965893,130.2090482644797,121.83551207527898,126.42901069496236,71.43980718249962
54,2014.5087010750246,256.83453906321705,0.4853435546305604,-0.04861733999747004,0.5215088347092206,49,0.0,0.04051713417693556,5.881439927763938,-1.923709163882846,2014.5087010750246,256.83453906321705,1812.0851999861093,0.0,0.0,129.22853834647046,15.598250977679115,114.5579985507866,140.83730743621675,139.06847344599026,155.34691354989081,149.96915198411267,124.09500321485277,135.58751506253867,160.260802883132,132.55986689318243,138.87633070094165,136.45597740102107,165.9398068049896,118.53005205845389
55,1936.9195400908122,258.0994561270588,0.8967716419410515,-0.9125798070048364,-0.5244617088576907,49,0.0,0.013755866541884864,1.0732664088689396,-0.07676884252173463,1936.9195400908122,258.0994561270588,1298.8830680233311,0.0,0.0,129.26210108858913,15.598802598712933,107.01207835716266,95.06043778932786,115.67761615197955,102.88095827094759,91.99432477152953,103.47913680246779,104.07363010183354,97.52991803766577,86.41541512501851,97.49169217923212,102.96414559494076,111.46752199569556,82.83619284552995
56,972.06938347715,269.7637759461162,0.5981291988463278,0.47389986050900296,0.748240786784469,49,0.0,0.016739896643347036,1.8561072259577753,-0.6715076537058466,972.06938347715,269.7637759461162,3309.5337738686553,0.0,7.662241241085137,129.67947989493462,15.603543059853072,263.6558147491128,260.3480934119923,232.7348606109146,267.7423424932839,248.01463799902115,251.22062880670723,261.1720365886408,271.75676912120986,270.69111758896116,237.95652619532083,283.3027484639821,246.3151662160946,214.62303162341402
57,1725.4756760325456,268.64083698135704,0.5905185001582538,-0.2843443020448691,0.3366823520039364,49,0.0,0.21560580484320005,28.623271386519406,-3.641798170687378,1725.4756760325456,268.64083698135704,6156.790643774255,0.0,0.0,129.35356589686597,15.603235684430675,407.47978129967277,461.4921073358621,465.3002725492968,475.5730975097979,504.5188823529422,431.53717783647414,520.9470777618185,547.0611305091933,475.57336356193713,523.000858472906,503.00878840934865,479.8149496051203,361.483156569885
58,972.6973549445858,278.97331334608896,0.5967821861351744,-0.058820120901311626,0.29883666747550175,49,0.0,0.2636283451220345,34.494776382901414,-3.844383334796129,972.6973549445858,278.97331334608896,7249.950044827275,0.0,0.0,129.6792135019208,15.607380300671034,531.0067734828232,555.5666431596418,561.375590912201,569.937276788854,559.2484149381314,568.1962676844181,576.6919224837869,570.5144976023341,590.0817048159406,534.8561078274696,583.3440704243937,556.2467238451434,492.8840508621371
59,718.8054087453836,280.1281957130348,0.22641439557497736,-0.030732103249771454,0.8260463908795972,49,0.0,0.023766894136256753,2.8606092775117293,-1.1411463570186382,718.8054087453836,280.1281957130348,3463.1251560896167,0.0,2096.200913052523,129.7890441213217,15.607699269508341,266.13220915797666,268.1033879156525,249.21705620617934,268.21981498455233,314.7312392997585,313.91170832494134,291.01481317201603,302.0855260850478,272.3423600068446,271.5889931427842,328.63981196994945,247.92130994022128,69.21692588369218
60,1031.8688705391853,280.5870077026104,0.676933370983543,0.2853939066997703,0.09657539372198716,49,0.0,0.009743413205148065,1.0039312283398,-0.004259909075544068,1031.8688705391853,280.5870077026104,1069.4651792467466,0.0,0.0,129.65361734527247,15.60808256339596,65.33312141632098,86.75016362674874,66.14930209121448,80.15482721335098,61.92304493708653,86.49301135444057,89.8450547357429,74.73365713735437,109.65359887349565,91.78261947739983,92.84657345874027,98.99421244863159,64.80599247621979
61,721.9366498726719,285.42517460382544,0.27369950171790075,0.13414683551657142,0.31633386781916517,49,0.0,0.031913886917486214,4.637529158255798,-1.6657166330967232,721.9366498726719,285.42517460382544,4140.81426118745,0.0,2538.030416425453,129.78769383733894,15.609908425025933,404.9990617782986,361.3615556412299,335.8508139489014,331.99846034979464,388.1802231802725,352.8427567556355,283.03326325095384,348.61975224067686,302.7189400939433,334.7266503021027,333.738123779149,276.94211160155595,85.80254826493623
62,1513.4057147235847,289.6187841946599,0.5787037201370102,-0.11189384765948347,-0.029406980095141488,49,0.0,0.01082439474821151,1.1817419675808554,-0.18130664760415166,1513.4057147235847,289.6187841946599,1099.8766915632962,0.0,0.0,129.44530670745382,15.611979085471148,76.72038182895201,91.36687425773279,70.52233642984913,95.77353083105513,76.35613664470415,97.88156829827251,72.24424147467738,76.7986010976404,80.21877924417802,98.89515247982521,97.92525407091028,81.46253524480157,83.71129966069759
63,727.8254914120706,291.7423086857461,0.605811887852401,0.7745395526941127,0.35614705073404734,49,0.0,0.02493752203333397,1.6825116656400907,-0.5648952101829122,727.8254914120706,291.7423086857461,3773.44467727195,0.0,2817.236812746886,129.7851514205947,15.612544631966347,413.0900033218223,442.0418518644917,405.11547104078824,298.37903676068737,351.34312695523454,324.6456887680802,241.2108499262966,282.93975540382354,244.5786563872892,250.16362222753483,205.68643315886032,199.36897313789365,114.88120831914694
64,832.1026961873912,293.2299986604099,0.5994310835200177,-0.18123387415817752,-0.090059631568802,49,0.0,0.014694023257287341,1.719187420047483,-0.5883080614900669,832.1026961873912,293.2299986604099,1205.871188045325,39.32598221740438,707.9738700505858,129.7400428129814,15.613236876192545,96.01015660739768,117.155461557667,86.3185619498941,96.40041630638925,81.86594757868131,95.35318217286725,88.1962129687357,89.6297907714786,101.26305565265496,86.34280290298614,102.5658580125106,96.40899529545368,68.36074626860875
65,2209.0918499633103,295.01591556951183,0.4064272871439139,0.1109307438625712,0.3225073021489695,49,0.0,0.014526303128239349,2.111958480711424,-0.8117134402236094,2209.0918499633103,295.01591556951183,1251.609751285879,0.0,336.8914768911877,129.14434601780334,15.614074088693295,110.01460525554577,105.85011069898769,91.06911347178192,97.62161026364944,95.26925874281815,93.94404178128588,95.49183494896413,114.55527110379278,99.01887933043174,103.97383425815356,89.5185899526794,79.6477644273917,75.63483705039677
66,878.9840881672379,295.83340121307594,0.5266824387085588,0.7833161493721567,0.2532357900808612,49,0.0,0.012115215433396255,1.2714860842797489,-0.2607790285550011,878.9840881672379,295.83340121307594,1315.18400017762,49.37134512225495,258.08324954251174,129.71976373139404,15.614351082832576,81.02937554979249,96.8518560923809,85.87586677516592,105.20484826865828,103.7342138353726,110.96264078630068,101.82473325282038,112.17388293004026,121.59967939001294,109.04023011193487,96.35981204063181,107.07420723519502,83.45265390931385
67,1832.5089077599066,295.5848594494893,0.5561826068895864,-0.24095143541035755,0.32695922674081634,49,0.0,0.16405124081744443,22.656164738863463,-3.3879659847230803,1832.5089077599066,295.5848594494893,4977.5544193852165,0.0,0.0,129.30725888299014,15.614445146478985,384.5892163877696,363.8614171822935,329.50993955854005,394.03120045708977,405.7393099643107,359.1343191855993,386.6043444200144,426.1047304828164,400.5269184759978,402.9445828995624,425.561226898522,374.5158095416033,324.4314039310966
68,2063.7376549164046,296.48204050471537,0.49147767648997087,0.10941903360325295,0.40484099299007054,49,0.0,1.4118184882534313,206.27436262054403,-5.78611313459211,2063.7376549164046,296.48204050471537,40169.64079279172,0.0,0.0,129.20722650178436,15.614750873443535,2879.3670480279898,3059.6369156446644,3162.9733341425044,3140.6010813265975,3194.5373677463767,3389.161606562324,3069.3597447786415,3201.38074362477,3145.925335205257,3086.152540490093,3194.787228332146,3193.644136078856,2452.1137108314997
69,732.9952808732115,297.59131238431,0.7542210727310928,-0.23469795970680285,0.06210176645286513,49,0.0,0.023614710301441695,1.1066695107095303,-0.11004486271063692,732.9952808732115,297.59131238431,3684.8850980395973,0.0,3112.8498578889466,129.78291962576566,15.614985252802219,258.47586416494585,431.23732270976535,422.70877393872513,366.1914634506278,352.00561311125847,319.47154528237604,281.7138247234592,248.02263492496593,245.14280069400502,213.02856375503887,221.3287904912403,207.3406251092942,118.21727568389502
70,1527.994930142908,297.8362804898627,0.9275153187187497,0.38876423971626706,0.2539078345544099,49,0.0,0.01276191272916089,1.0284432084576511,-0.03045078641997983,1527.994930142908,297.8362804898627,1111.797194127613,0.0,0.0,129.4389958363822,15.615403718205593,85.7408351627381,69.65445179415721,94.89046555142724,81.37367260949847,78.39892934105265,93.24690165421387,80.84643518442326,100.7060799502811,69.67942158016217,93.86422559725088,103.05136049027021,91.46492995917099,68.87948525296687
71,1746.6570346140707,297.9322301810926,0.5013792853891161,-0.21730646934806996,0.3006345942113369,49,0.0,0.034904540941031986,4.7513665516869095,-1.6920463401157173,1746.6570346140707,297.9322301810926,1732.1134997929569,0.0,0.0,129.34439918842213,15.615436874687228,155.21288951860325,149.65865676908527,138.79781233050824,146.09111862022297,142.70905963512726,117.53104059426545,137.6764016276331,123.31891750030577,141.02069227113066,124.39080682723227,146.72021117707027,124.853019944934,84.1328729768382
72,818.544442240437,299.26392842789704,0.5826113536296312,0.03387255091069858,0.18243001092516437,49,0.0,0.04042214027311359,4.807088209580794,-1.7047052286535835,818.544442240437,299.26392842789704,2080.83811132187,35.39734852888616,1200.953536099435,129.7459123579641,15.615741844916224,167.51885680888307,158.61403913658788,183.61619927737073,155.94003270830547,132.4012687952782,138.34536002609968,136.50321238894978,179.19784647783246,172.19209209741962,168.30860790215877,168.61321251304037,177.03217964182383,142.55520354812026
73,1219.8738577341305,298.96277937144197,0.686630895018605,0.3626776547765772,0.38928109792170357,49,0.0,0.017729502863962476,2.0090082190203487,-0.7574542837171666,1219.8738577341305,298.96277937144197,1136.442689961738,0.0,0.0,129.57229379587514,15.61581393305459,80.48860326016833,88.27026113229655,96.74039367622063,93.92186481718446,86.177489200769,105.61603621122214,94.60200628863996,71.14169689093501,84.03715086509601,89.89210972562945,76.12866661343284,93.7766926559076,75.64971862423613
74,946.8569534550227,303.2457573440138,0.8380418248861226,-0.22390394200991506,0.29805730996292507,49,0.0,0.020862132889610155,1.7541084612618263,-0.6101411086514421,946.8569534550227,303.2457573440138,1386.1392564573555,0.0,0.0,129.69040618264876,15.617478765849976,123.64206562599698,111.83415166865313,105.65959734088287,113.38791362781578,105.40029408090706,111.03159215896848,93.45713971534664,132.7755505683854,104.85710355026794,87.83629236799815,104.56738137421536,97.59090781121674,94.09926656670116
75,2049.198931702948,303.52806125075614,0.6391136121614731,-0.035672280520138856,0.4670440541604168,49,0.0,0.040586149682637525,4.910324693394409,-1.7277755265839987,2049.198931702948,303.52806125075614,2063.0385240716896,0.0,0.0,129.21351321562025,15.61769204933131,155.47530836452268,158.04092688837764,162.1601622764306,159.30170746745478,173.5588014537321,150.54328414781997,192.07049529275702,164.16098596302731,174.8918947212738,141.374148031236,166.91303528929825,139.3943335534428,125.15344062231681
76,2187.386069495925,303.57459785941984,0.5960557643727453,0.004456523184531226,0.40694692032686275,49,0.0,0.18955909866280807,24.979739693627362,-3.493969771023007,2187.386069495925,303.57459785941984,5405.529449782748,0.0,140.50565325886882,129.15373146675245,15.617650837591805,402.6270317651059,472.03130176903187,428.4797039237748,426.93437505409395,413.0912675646422,433.89445393550477,447.61571627500723,406.1063335445748,417.0679969739179,428.6339863248503,413.1655459796367,404.4721656499007,311.4095710227074
77,877.8360007083414,306.13258262438126,0.5226804941358741,-0.39828931563139236,0.2876809550147234,49,0.0,0.012218963538310852,1.2286512805479917,-0.22357159406771052,877.8360007083414,306.13258262438126,1218.1073715206976,39.41941669579347,72.68983953953959,129.72026716090187,15.61864125904586,93.80946826823842,81.76707129768313,96.37160705583231,70.50096696906257,101.45075682780912,86.1629594351327,98.42073534227124,105.9337211120696,103.13030790391822,104.98159521611468,103.63122642043976,102.52509400926023,69.42186166286558
78,1585.116275935712,305.63615996389206,0.5128124012444769,-0.9947963436105516,0.04359788347669954,49,0.0,0.00905385665324339,1.047494166315311,-0.05037903245114389,1585.116275935712,305.63615996389206,1203.4366288202086,0.0,0.0,129.4142843563603,15.618655503724678,98.70131542989488,105.74070135178229,84.58807283639679,104.88321116672606,95.31275685125178,78.86727581724668,85.4324238846475,94.04958192611305,107.40168512799511,81.80367978501184,93.42280603918871,102.79763031252632,70.43548829142755
79,1184.2554494575586,305.6619407892467,0.45476312658839296,0.3303953548342554,0.6629522708085507,49,0.0,0.010657580754853884,1.2194385717586096,-0.2153998199101511,1184.2554494575586,305.6619407892467,1214.3267280086184,0.0,0.0,129.58770531102886,15.618592969753117,96.86673607151727,90.40896814875468,84.70601213665945,100.24530639626113,92.83218828809412,105.7802059170879,106.89338452629771,83.19181095655088,78.98447116097984,122.50008058686517,97.26948113125007,100.72017296774837,53.92790972055187
80,738.718505451705,307.72323886694045,0.20423024051054856,0.5524456225721492,0.464022704538526,49,0.0,0.017025601551097773,1.2625605734476606,-0.2531305582302218,738.718505451705,307.72323886694045,3543.1980244733822,0.0,3139.0809755344626,129.78045171268528,15.619210613238788,119.10874549406428,280.4681077088885,325.20039476211736,365.2554175156153,387.7535543721623,417.7746419271691,329.15815995082346,266.45187901282077,251.40586306427952,246.5646065162496,249.22443601766207,196.93863137978605,107.89358675174384
81,2332.6769127122534,308.0598793927691,0.5068185089747838,-0.09783945049049027,0.3445326342404749,49,0.0,0.4332488679268478,59.81959134448075,-4.442108604593346,2332.6769127122534,308.0598793927691,13681.166543812233,0.0,11343.248528194483,129.09087418570732,15.619438354996761,997.872538172968,1098.848407845262,1080.2955736572399,1094.6297321300278,1074.4601571909013,1044.2930740523038,1088.494103231393,1128.7494430925422,1056.0518648707643,1009.5105881113393,1119.4512039733286,1064.6392631960643,823.8705942880986
82,820.5534611748885,310.6780297808323,0.5604084604645867,-0.2596585980143202,0.3069886345235846,49,0.0,0.09893250011472696,12.637166352110864,-2.754124256146509,820.5534611748885,310.6780297808323,3796.349448241557,2.1998535546999562,1660.2323898652435,129.74505134492318,15.620498544107354,267.6888840311373,291.5870974210511,316.6672584116062,309.5294573342875,308.190896009709,284.70899891799127,299.37505065212224,283.7782295760906,281.72999389435574,278.48646217229856,299.36035223848046,311.9061260573818,263.3406415250454
83,741.7583487984317,311.8027594525735,0.3415869065259442,0.2900567275084776,-0.03397857855703726,49,0.0,0.017738155457379463,1.1545906090817892,-0.15607005205483965,741.7583487984317,311.8027594525735,3299.4553195992576,0.0,2938.6979154643423,129.77913984142577,15.620912442791846,101.59202418555532,200.53571051592786,248.60782381884925,273.8674696832887,347.7002977105624,399.859915398953,347.34861463456264,286.5363691795311,249.94145316075196,257.6432756058333,255.9359892342993,219.45836059231894,110.42801587882335
84,1609.6231374817728,313.57707420684153,0.5317590879156292,-0.004026866596450965,0.17050967556601485,49,0.0,0.07688128325542928,10.848711825074535,-2.5884454329095514,1609.6231374817728,313.57707420684153,2790.484268108584,0.0,0.0,129.4036820631916,15.621963991396454,229.55600819034112,198.02129097782304,214.62505098817735,230.32748664260674,216.15968562127546,237.9990875347375,215.89452234459196,236.20873782646862,207.39614709951485,201.47476468736198,186.79213228590152,248.01897986201158,168.01037404777185
85,2165.8678148080453,313.7999746573542,0.5871448477089617,0.4633011905936996,0.8457361445594906,49,0.0,0.011799259495605117,1.132357718612233,-0.13495911191410892,2165.8678148080453,313.7999746573542,1201.0957397908417,0.0,0.0,129.16303528273653,15.621921495889671,86.00470621080731,80.87443216951907,103.80014755697611,89.99480850527016,109.27907871672329,86.36959769201727,90.32133365779947,101.34545787865147,81.41404322990553,96.91507750457974,98.70890925416602,107.80003898773248,68.2681084266938
86,1306.3003138730385,318.42158332488293,0.4474035523697549,-0.6752113775956011,0.2548417190994346,49,0.0,0.01352016831079598,1.6138791603024099,-0.5196775341768115,1306.3003138730385,318.42158332488293,1276.6600241294468,0.0,0.0,129.53490971194594,15.623945727380345,83.93498589747603,94.21438979237232,105.03579719254671,119.96227243484896,110.88703499594848,72.1512056184223,122.57043302524158,102.82081921428968,88.11206775962418,98.43554266987465,102.23967658969394,94.1116222560013,82.18417668310673
87,1820.8589870370874,321.00520551049647,0.47692706089447545,-0.48467901148329906,-0.13589382092493502,49,0.0,0.012819159444277299,1.6482742713269205,-0.5425736989443115,1820.8589870370874,321.00520551049647,1227.30598387309,0.0,0.0,129.31229369105205,15.625038238561768,96.56030239314946,91.88050434803577,85.339055592974,88.97916803271937,98.05727410687861,101.05225050443444,73.6067490871413,98.56474723102208,104.85166940259337,99.89712456963518,89.95657380505679,118.18108854452377,80.37947625492615
88,2486.3925890529995,324.5988111762614,0.9647748132676539,0.054120775412730665,0.25862983003363,49,0.0,0.01788437930112968,1.724819420164538,-0.591859083405433,2486.3925890529995,324.5988111762614,713.5921998808035,0.0,418.16890867115944,129.0243621086399,15.626223484693229,16.19712239225692,36.412569770517905,61.23546130040796,54.050070762593734,46.302354003860344,51.12250656329583,55.41357166152474,56.51221441886195,66.44964568475785,94.3182279896764,51.061678680874124,90.16493739725632,34.35183925491941
89,1013.7795101168249,324.7258390447163,0.3965901507686752,-0.03821731833799967,0.4689914547058167,49,0.0,0.009543318153387364,1.0979254510895413,-0.10143213152473832,1013.7795101168249,324.7258390447163,1155.5858981475485,0.0,0.0,129.66146619583495,15.626463078981446,87.59086358986687,89.61487771210685,107.05074575065831,88.69573920525971,91.96093344828745,93.01445393988247,84.45260726306657,104.54720143709164,108.5259525865253,71.9152510524222,84.60316854973584,84.86338082014176,58.750722792503524
90,1630.0182448618232,325.4058882104259,0.7434953872516404,-0.30396141020856293,0.28351151103012306,49,0.0,0.035195440600822865,3.7616187594929,-1.4384369441187481,1630.0182448618232,325.4058882104259,1600.836629041489,0.0,0.0,129.3948582100367,15.626891902248051,132.43419479075794,125.44988057798454,102.13400280773362,123.99549513560278,128.23593999415354,128.909998908723,117.25116854145728,137.85789122651434,115.5605269461377,131.14847312708335,119.7395883864052,134.21397995878547,103.90548864015031
91,2393.232121517515,330.5465900516576,0.9021882944953649,0.6948665769100821,0.5374974537672453,49,0.0,0.02430247452536451,2.0714098672325374,-0.7906651017310014,2393.232121517515,330.5465900516576,1448.2450233514692,0.0,1203.243689962062,129.06466115108233,15.628767728346155,110.14646385814055,115.58778463252676,142.0843467804312,112.46748155223105,105.36734827797378,99.35538370201,119.70352269747528,124.86172396831319,111.37785927001853,93.36253412631893,102.58830435411717,134.8063574060052,76.53591272590775
92,2205.265734654381,332.9242730761269,0.4564107620786022,0.19621135714471163,0.4218881443587535,49,0.0,0.013646804039569981,1.643690350685827,-0.539550014070453,2205.265734654381,332.9242730761269,1261.9748140986712,0.0,0.0,129.14598036973462,15.629869655046717,96.23297795903561,88.38201203644935,93.77067705165769,105.53556362469368,112.91680538428338,111.8605408588389,112.85553068752489,102.91902279702212,100.71007558695001,99.43633851791398,75.27409444427163,86.01146109562913,76.0697140544009
93,2270.127451704267,340.0447299104258,0.5204260556998189,0.10950652557032681,0.40633778837971557,49,0.0,0.030827766280682085,3.8612191333967627,-1.4668111239283217,2270.127451704267,340.0447299104258,1848.3490834276035,0.0,279.9158209748511,129.11791441755582,15.632801191154343,130.73966101162426,142.98023591586764,141.6824983530985,145.89503684050337,166.8894045838782,143.9616070523868,147.79935543353653,140.42206037504212,121.17109319198815,139.52740868636738,168.9412082307714,141.02173161998127,117.31778213255777
94,1727.1808303544806,346.5958371670399,0.677380956216896,-0.06192474724038716,0.296741149330467,49,0.0,0.0728492708810644,8.968380456799615,-2.3817850590653973,1727.1808303544806,346.5958371670399,2191.570478862178,0.0,0.0,129.3528192887927,15.63571386609513,152.43523820314311,155.00769364290855,196.34168486997206,162.2672708128017,195.24962186351502,164.15440174140164,191.37853648153413,155.5921395822212,174.42071157716873,168.34394272077654,166.9880398393321,178.00448753257476,131.38670999482798
95,1194.8030364132578,352.42708669504896,0.5040513312867527,-0.21019405286492965,0.39732168071951296,49,0.0,0.014317607981373739,1.8017174827076734,-0.639216731701656,1194.8030364132578,352.42708669504896,1177.0098480065794,0.0,0.0,129.58315947669715,15.638080360919306,82.79751568663016,114.16249949894066,85.01342927565699,97.77839736991452,85.2702677115937,112.91735587491354,81.30412699516775,109.66418744716694,84.89547269108662,76.55834055739358,85.62254368521337,84.51079283644913,76.51491837645247
96,1096.4254943284693,363.8503232029527,0.8621145517702303,-0.22439602460311167,0.12819013673629978,49,0.0,0.04945069910066876,5.1976636954883775,-1.7895204397792406,1096.4254943284693,363.8503232029527,1603.3974291077282,0.0,0.0,129.62572876195378,15.642801666469014,110.82416452069859,120.43390106983883,130.50282017417368,151.4389420837163,124.88736593431977,116.23292225913352,127.21457781727885,146.82473910584383,121.48077786452637,118.0306786778163,93.1235745006766,125.27156401287986,117.13140108682559
97,1248.8516125677197,366.7844474257666,0.6070863067997951,-0.04510205566354998,0.3338205754556916,49,0.0,0.1157548448932666,15.833611124776136,-2.9989499360365497,1248.8516125677197,366.7844474257666,3194.0597559061175,0.0,0.0,129.5597793126575,15.644079444288884,217.7051202357298,215.7897732534653,288.13383489688624,271.15060125899987,227.83287730759167,257.9957912822753,255.94936547035078,264.71316609873173,246.32321406512816,224.33004870845625,266.8053484654789,251.6301543265156,205.70046053650742
98,1591.2052387266197,368.9526023919939,0.3257938449275758,-0.2833818549369378,0.2714625911350534,49,0.0,0.01083386320521593,1.5876459991555523,-0.5018841832755578,1591.2052387266197,368.9526023919939,1221.2034890554266,0.0,0.0,129.41165066724574,15.645035191721284,80.36918349224464,115.20457850554229,88.52633850773566,74.17125683060104,101.48995840945364,95.539946078908,108.64443214725844,95.2402619725597,100.3956261208931,91.14315281894066,96.38874208781131,94.01263695048955,80.07737513298855
99,1742.553671097391,370.94707455714797,0.689765576509858,-0.3166869410017421,0.03308563616769458,49,0.0,0.012704285732684116,1.240801965926032,-0.2342561822551495,1742.553671097391,370.94707455714797,1107.6989062992657,0.0,0.0,129.34616493629662,15.64585763022932,76.76410529188428,87.25448419782467,79.57863171402863,98.48035927415765,89.23450411391208,76.488009272255,80.89026651979773,90.95446148626354,89.69183703113481,84.33762533906844,89.55340616114438,86.65791151989276,77.81330437790177
100,1287.2378580827638,374.92559454242945,0.4793501819038028,-0.7573566992152103,-0.26267027617389865,49,0.0,0.018760738361911267,2.083447887304264,-0.7969566051087039,1287.2378580827638,374.92559454242945,1542.3444318971874,0.0,0.0,129.54317283694076,15.647482135901408,102.27847717640384,133.31804433521137,131.49825061468337,126.28840003267305,93.82530774584131,122.20410520005524,104.78103712049375,143.41549920749824,121.9849860922238,118.3065037514312,110.62386156881215,135.9546342682924,97.86532478356753
101,1531.1652843674233,376.15500812422897,0.7731323405940579,-0.16551072366169364,0.3594345637552088,49,0.0,0.06314287818691693,7.117021019716624,-2.130745621232151,1531.1652843674233,376.15500812422897,1956.693386010692,0.0,0.0,129.4376292287416,15.648033951525838,131.8060571801417,151.72674771391524,153.37424830062446,154.01114900294144,140.4683685114681,134.5730647151504,192.43479976040845,153.34622276912367,164.94433429243867,163.31865105371432,151.46660146618586,155.93353919917783,109.28960204540158
102,2140.3683759291926,375.8492433068638,0.7490251471935097,0.3431574713018017,0.5317542219426395,49,0.0,0.015536118334987371,1.4773882670058607,-0.4237366141409349,2140.3683759291926,375.8492433068638,1172.6225388005782,0.0,0.0,129.17403646213646,15.64778492386911,108.11641729470948,92.99537043306361,83.53758105441773,93.3528570446783,78.00237194576401,79.36964900222532,108.49046355228336,74.31584544072345,98.24941403655066,88.4035614090363,98.57950471781479,94.26066624236864,74.94883662694264
103,2265.4276940395234,377.0163310362067,0.3512145913730881,-0.8808157657800519,-0.14393677557449167,49,0.0,0.0108873443111257,1.4069349403958085,-0.37068503804249536,2265.4276940395234,377.0163310362067,1312.0022680929,0.0,0.0,129.11992538303932,15.648207231955068,76.13331341921861,112.21325036892483,94.76890394239678,112.20155240087476,119.35441774585948,106.49084944512563,94.32623545264175,98.16569483041869,104.97892811736564,91.12038028642962,101.56015084950548,117.49764111824038,83.19095011589837
104,1771.3678839711436,380.0053225040184,0.3663813650723832,0.2268546332904018,0.6374111729120552,49,0.0,0.01535964404682907,1.5876980830098673,-0.5019198010384553,1771.3678839711436,380.0053225040184,1722.3419449672747,0.0,0.0,129.33369614955578,15.649627771971714,135.52230511846605,126.96494552660474,143.4419409924842,146.272325953498,144.01922484151265,129.62004088783567,114.43497295759127,144.68846033834862,148.13902331392052,119.68522401771294,137.35295390965504,134.53742643926887,97.66310067037608
105,1927.5600247066805,379.2592152372498,0.6563417970896496,0.24288760518042765,0.2685665336847016,49,0.0,0.0319368362935826,3.8119228560525085,-1.4528602575064116,1927.5600247066805,379.2592152372498,1604.2666655196601,0.0,0.0,129.26611377390705,15.64928391379087,104.41313751378779,136.5419434752366,125.71978325508536,138.15383830039352,128.33847851038726,110.47501184607799,114.92047820358812,124.7414459414862,134.1345113662896,140.80441533142096,121.3981115623656,128.89423009415532,95.73128011938599
106,2405.025375769221,380.3850772503408,0.6821049849419903,0.610431238328608,0.5333563793421651,49,0.0,0.019091027938197516,1.8095341244947658,-0.6439169437971077,2405.025375769221,380.3850772503408,1480.8441563901492,0.0,1175.7061969812594,129.0595225824022,15.64952369461529,95.09020584726153,107.41971275775879,118.30866929593844,109.62886492391412,113.18706731296078,126.73762294354933,125.51615430286256,116.72571490138344,123.84962195940547,112.81376691944,125.3294533429699,118.87880811669002,87.35849376601466
107,2056.697202087404,382.5068239929429,0.5340508087352476,0.13886385063486134,0.3848117279675121,49,0.0,2.6245141098702263,378.4690715920404,-6.445075987095331,2056.697202087404,382.5068239929429,66174.03023371025,0.0,0.0,129.21023658686306,15.650594045072866,4653.200562133498,5104.929530781408,5215.455861593278,5167.969169488411,5254.764087769568,5296.551673843756,5237.384981822196,5328.515009622019,5348.201533679034,5153.465572178745,5238.218553116674,5113.807043367868,4061.5666543137886
108,1984.0587009050928,385.4893140168841,0.6090823486690338,-0.031858583192705285,0.3235977941041137,49,0.0,0.12839410140583232,17.81312071884189,-3.1268500277773894,1984.0587009050928,385.4893140168841,3381.327221702795,0.0,0.0,129.2416653792264,15.651862535371478,252.85778478914034,281.6929144185418,283.9335733398698,249.06840191900045,273.6803505672767,269.1403243177261,255.5305639650736,252.69675371110696,270.60905223057347,276.6021319753328,258.5915135924476,266.1661718174752,190.75768505923028
109,1628.586133628763,387.02374162890277,0.4492604690878494,0.20722896269342336,0.13550026968079476,49,0.0,0.012608296512634022,1.674908912390158,-0.5599779837724865,1628.586133628763,387.02374162890277,1337.1251171210345,0.0,0.0,129.39547622617027,15.652563939790223,106.71324824939056,103.65374298690408,114.59409302834075,100.93171226708915,106.69903185631654,97.2974266525722,114.02462873050075,99.30206634740465,101.39489424008272,109.1630058903371,101.43362806208327,97.88595583366208,84.03168297635068
110,1789.2465379148298,387.5299862173902,0.7218510144279917,0.15781828182546143,0.14722925529913258,49,0.0,0.011824189232070478,1.0373222875205879,-0.03978427271348693,1789.2465379148298,387.5299862173902,1282.7339525512289,0.0,0.0,129.32595894987674,15.652760071296898,91.0967704878831,88.25734253221249,111.42279524781735,107.62791322833554,109.56551649354367,113.65067983317552,85.28567725702882,96.91388432919095,96.01153031966005,78.210795075217,107.63421829264445,113.5555908401805,83.5012386143394
111,645.3713401891673,391.0321799268919,0.5704028713175248,-0.43588845132386467,0.1633534475616826,49,0.0,0.017694822431239828,1.7356930268397395,-0.5986822967180593,645.3713401891673,391.0321799268919,1566.6200039037153,0.0,1405.630765433255,129.82090644542052,15.653847063919539,113.30147766419222,135.35457152557876,102.5357693165688,131.94276889914485,128.79602596303772,120.10765251990296,132.26405794411707,124.63086422280853,119.45472497498517,106.91984430207033,122.55505898268916,127.51075745184977,101.24643013677023
112,1729.8585465146475,390.513699215587,0.6831703874961708,-0.03132896912582034,0.33631538182926124,49,0.0,0.04430100926911126,5.320051219472586,-1.8147895338519202,1729.8585465146475,390.513699215587,1697.2923012998071,0.0,0.0,129.3516555831878,15.654011207045038,105.35068972432514,120.34071524652188,145.218300996499,143.73718346764502,111.51984883822476,133.42713890495673,129.90490956981262,119.09544089979966,140.89478315248797,140.2741343484139,143.39399959300727,142.73192247906167,121.40323407905137
113,1537.4052865529231,390.5513024861752,0.5464654429443161,-0.10084722383040211,-0.09826320855789142,49,0.0,0.01710691527823054,2.4011620031066747,-0.9510536557462539,1537.4052865529231,390.5513024861752,1143.2859081693211,0.0,0.0,129.4349300880444,15.654032287561067,74.60489663478906,85.88842175387794,81.70652016871351,98.9839048889239,92.86033903683533,83.12456489145147,95.40426871951216,81.06570290721282,91.29609474133426,90.64141512359062,84.129923470616,101.28912955758527,82.29072627487872
114,2521.9570165599625,389.7558662164057,0.3394176576501362,0.5709563362813744,0.5032774637755735,49,0.0,0.005849993844599102,1.0618719253591942,-0.06518034679773678,2521.9570165599625,389.7558662164057,871.9608304022139,0.0,607.1068638780764,129.00892164066124,15.653342143246642,76.54738955794465,124.77790457626338,60.28231275826038,54.11933409350134,46.508909848298806,84.52545781435475,46.51777939931796,73.11916542641173,83.35943720307225,44.69972735244801,66.82217104307833,53.75432738870345,56.92691394055879
115,1632.7177038443322,392.45240786307374,0.6295126399946749,0.13501806992998094,0.13296029456901307,49,0.0,0.012513526859604851,1.1714951262244089,-0.17185121534942313,1632.7177038443322,392.45240786307374,1351.4698660289182,0.0,0.0,129.39368834995747,15.654825602882777,98.5983565291279,101.53977078286069,98.11843624630238,108.28469237920008,115.93260001686063,107.09420996876565,107.64597560075526,80.93807053871534,115.80925486504647,107.24157998727833,113.45487349349682,123.03097809364577,73.78106752686276
116,1551.5139966751158,395.9397663253229,0.5244503656830916,-0.30960972196706027,0.07469744893161101,49,0.0,0.016309537464554498,1.7564711920089449,-0.6116025782404817,1551.5139966751158,395.9397663253229,1324.598741936867,0.0,0.0,129.42882549005603,15.656277978923185,102.39377091508456,122.61373939612153,107.14684124621876,93.17101806001955,116.50699262500079,98.53549543707688,100.63209951896326,102.39800465024396,100.0460946723318,99.82379594248135,104.70606325220203,100.53565594342976,76.08917027769282
117,1619.9813653878505,401.13893155643586,0.6394863108731204,0.07249708704001344,0.3005535829962515,49,0.0,0.07643888190996308,9.969661452975442,-2.4967010272733745,1619.9813653878505,401.13893155643586,2451.4990835401313,0.0,0.0,129.39919923175327,15.658444989939339,185.2647399410571,201.12150275549624,202.5460763733381,201.77808638859807,193.15883437928176,205.2019194698056,195.08661194253654,189.7232799661484,182.2783321958338,157.63793350803695,204.61457848920224,173.56784279866602,159.51934533213017
118,1821.288215368747,400.9362418454074,0.408918454115264,0.33270945269754837,0.2903420968684062,49,0.0,0.020087877110065846,3.1100844982168407,-1.2319304714503623,1821.288215368747,400.9362418454074,1407.182173920242,0.0,0.0,129.31209194493874,15.658340003448727,85.16506635990375,133.5561577029884,101.37907801610746,119.3472528684041,120.19374799240857,102.70147172505779,116.20771637995665,101.5962281220684,112.94695076564703,116.1818798928974,106.08793917406162,100.40549960309568,91.41318531764523
119,2335.023441205787,402.92066888792135,0.6923680075936892,0.09211049352892126,0.5408549518641423,49,0.0,0.037327047506025356,4.167963966667073,-1.5498098892451648,2335.023441205787,402.92066888792135,1723.1481889574857,0.0,2.3416301912714217,129.08979569742377,15.658958374189293,131.03450433885848,129.22386528125898,112.9433447297275,152.19621345733003,132.09223051756095,135.00937408571502,143.76898944886068,140.24041408803018,125.45686543267541,155.79753930532348,133.02760971768961,127.9447002112535,104.41253834320175
120,1333.7467813570668,406.0191709991047,0.6723002813141297,-0.06890815505292903,0.20605464125620757,49,0.0,0.06820605743557209,9.008753126288594,-2.386661714449557,1333.7467813570668,406.0191709991047,1917.2764893210633,0.0,0.0,129.52305672527186,15.660448209752644,129.28626613571294,154.64727829017616,146.33381665854938,169.96788436037608,131.7872337233256,147.2705058791612,163.4403389477064,155.15249355014618,144.7374344241766,154.22012085425152,147.5445134047231,151.04789162503016,121.84071146772798
121,1270.1100939514129,408.8119380471134,0.5425651135333988,0.17518474496177425,0.33361713188938263,49,0.0,0.015906321953415414,2.071502370647689,-0.7907135866136848,1270.1100939514129,408.8119380471134,1254.2915431112408,0.0,0.0,129.55059391485904,15.66159563289271,93.76655028730593,86.52016684809244,96.70795388231852,112.35635535187507,82.88199153831944,98.48709738873531,102.0112844228129,124.30012475867342,91.79267416785447,102.85534185388497,82.20561211275445,99.06743616832513,81.33895433028877
122,1712.6481052446925,409.00100909255764,0.5135029421779296,-0.01689605160080471,0.2111875675021193,49,0.0,0.100923436458093,15.352567602683356,-2.965452546019361,1712.6481052446925,409.00100909255764,3001.0961941242144,0.0,0.0,129.3591006491339,15.661715427204806,226.7019866153857,249.273873907735,249.2932212094159,231.68164436706243,230.607915607674,232.25170280035996,239.63563809040204,249.9960291074924,218.821956809501,235.6029890809809,229.30070213453834,214.5352365869624,193.39329780670437
123,1315.9074216564027,409.824242346984,0.46519723013933506,0.03701057893762723,0.4101473719052757,49,0.0,0.0328281442491456,4.991510517564592,-1.7455799763696944,1315.9074216564027,409.824242346984,1587.9968216283078,0.0,0.0,129.5307770188528,15.662029356052432,127.97048671928542,118.13890287292823,125.77694198172897,126.52976858138526,114.36058121744412,110.97723219714933,118.28619227259892,130.0617780344504,137.7849005035169,107.22506413529382,134.0942752045438,140.62590438847775,96.16479351950471
124,1213.6504993529074,411.02926335898616,0.3392755724689849,-0.3159492445870689,0.12046304247409698,49,0.0,0.008855131870076369,1.33919578590868,-0.31711018510659766,1213.6504993529074,411.02926335898616,1110.635150501503,0.0,0.0,129.57502552061118,15.662502245817086,84.03862245013114,77.1576565352307,102.05977035481786,102.63367542702046,82.88711438463278,85.12358464803086,76.33245415767699,73.55755985985394,88.54399924529807,92.99437555241161,89.46898226496505,85.19145686232707,70.64589875910636
125,1584.3980714814218,414.86450214882035,0.5355736530232903,-0.0019032649475503062,0.2284344306407205,49,0.0,0.009045413107099174,1.0146193013786238,-0.015757799404719622,1584.3980714814218,414.86450214882035,1104.7681056562933,0.0,0.0,129.41459666720007,15.66416359863756,98.68616778125039,90.16278723248023,79.35887732621116,76.98452326108311,83.19680207898412,87.88253384372186,113.50333522859037,71.698092139338,82.6885850380236,91.75697732003505,81.1894845268209,84.99181869790084,62.66812118185358
126,814.174915706586,417.4774381784358,0.7396541907037153,-0.37059328727950985,0.5312107740339348,49,0.0,0.012027544283990619,1.1132994963818514,-0.1165300315217552,814.174915706586,417.4774381784358,1086.7170662969377,0.0,0.0,129.74788714019306,15.664989678461001,73.92819343536775,73.99962909711431,79.47601257969691,90.59032909018961,85.8438916927196,90.5880074620029,81.22562772722202,67.19833791420238,106.07009182672732,77.69701423836374,93.50247481195021,91.59690836790327,75.00054805347753
127,1810.2807488552833,420.635051195415,0.827588260123107,-0.09721985883652139,0.3016175939158129,49,0.0,0.10789126150859454,11.695455106669376,-2.6700428155701856,1810.2807488552833,420.635051195415,2694.2033351147265,0.0,0.0,129.31685120897737,15.66654922852837,210.5521106099859,196.85498090046468,220.3058526751642,220.80620540764477,192.17686911463764,220.94711789227665,200.2082178224921,228.55706009289185,242.3475545857229,198.50555759909412,220.33354459626605,188.97127731361385,153.6369865044718
128,1800.5588166322432,424.54711515990056,0.6075307481645772,0.4863551959810955,0.20653774864030752,49,0.0,0.015409884925202412,1.8473349047793561,-0.6663640904044933,1800.5588166322432,424.54711515990056,1322.7419693274796,0.0,0.0,129.32105743331974,15.668180826592025,88.33558682513697,107.13971566840101,99.04512951638687,105.61395446969402,87.26892397049069,105.72478295613266,120.89196813311077,112.36127692525767,114.16223411580964,118.40278348483592,85.16709053797246,103.83910754955677,74.78941517469411
129,1680.2240094253461,426.0356181640919,0.5753522513458105,-0.10206069357010215,0.17614432638579783,49,0.0,0.02377129980422432,3.177686702484922,-1.2552776915166515,1680.2240094253461,426.0356181640919,1336.5370948917252,0.0,0.0,129.37312985744236,15.668815296816053,118.58316121029489,102.82126391298203,104.39531600210276,93.70598243705145,86.944011901609,99.2183993938294,107.85786930256941,93.4227156164691,106.6887643230375,116.41573081128422,117.67088726743913,123.27077327619733,65.5422194368592
130,2121.430902299455,429.8379845428441,0.511854399557362,-0.5625604802564969,-0.20628764533305707,49,0.0,0.009963737475239072,1.1529531955238328,-0.1545291933488226,2121.430902299455,429.8379845428441,1166.8513735239972,0.0,0.0,129.1822047457831,15.670286875571104,88.19297190216247,80.71649183469816,105.46912650534051,72.8564085968498,120.82097856845164,92.58844135137748,89.73517749459835,86.14614340889952,88.85138293337006,83.19190880187853,86.91532434210475,91.09029679174793,80.2767209925179
131,2023.774125775362,431.6530292616813,0.2435278064259141,-0.26884010329789443,0.1290741377484254,49,0.0,0.024507234543353892,3.6026971951172704,-1.3915694035606296,2023.774125775362,431.6530292616813,2410.6687097043778,0.0,0.0,129.22446308610304,15.671082271829002,177.62055578946735,172.09078822427844,204.63057400527265,193.53825887846006,184.15090403050084,192.69437322804964,201.20731779891582,204.1837272264803,183.45003056742001,185.80771913375145,186.0510230511848,186.15526780730534,139.08816996329108
132,626.8874133639573,432.98814381050585,0.34656957901100005,0.041332499990888984,0.2907442374431566,49,0.0,0.014380988245098526,1.8831449936786235,-0.6872094000553018,626.8874133639573,432.98814381050585,1361.3479884919777,0.0,854.5098993657894,129.82894117351447,15.671311801615063,94.09019127443709,121.96982839788083,118.22286672183472,85.52399004609399,107.70475073995185,90.93936850723605,105.85931760326264,100.8188997834082,108.54148490302957,113.59033293754166,130.48835027007829,108.21771526690877,75.38089204031408
133,1910.8815899698527,441.2469193026617,0.5385491808214652,-0.0013578023364247606,0.1991992925971632,49,0.0,0.03362188686569744,4.455629649855982,-1.6222727132080241,1910.8815899698527,441.2469193026617,1561.231970181912,0.0,0.0,129.2733128220344,15.675114628938905,101.33517902401988,132.91627257251338,137.24298416930336,120.09279802200305,119.9171073026952,132.60050422431004,125.78210519824711,141.75432199110153,106.14284616033328,113.32303759714094,105.9229673538201,135.9317405777938,88.27010598863026
134,2015.7865834579684,441.0077403394153,0.30715516036079915,0.35852414757894807,0.08870372381505583,49,0.0,0.020776169311691954,2.8932619966675133,-1.1534694064108606,2015.7865834579684,441.0077403394153,1795.5082888297416,0.0,0.0,129.2279160262195,15.674982616165899,139.98961242957355,132.38306216264203,159.74827691938128,144.06002185628964,142.40436482338998,133.66080673536604,152.8344687183569,160.04427494691612,129.91270853401505,127.87119323486034,139.3820198458559,145.36853239578573,87.84894622730894
135,2087.3556478724518,440.753962871795,0.5713391118641025,0.2084480482781612,0.12511573547478888,49,0.0,0.010984500411532618,1.1800171921247022,-0.17972083688925278,2087.3556478724518,440.753962871795,1104.154646355913,0.0,0.0,129.19694527907265,15.674849436337073,88.3320646870188,95.01552083257565,77.3731268556096,87.43814960535018,84.66599606556618,75.57280046983928,86.82353144254662,83.8054085185046,90.73162951650659,84.47864824144025,91.86634678815852,83.36355677424027,74.68786655855641
136,1495.6155846000356,443.19520784854325,0.35198604695148683,-0.7263531148440316,-0.04140935368535053,49,0.0,0.008098439283657435,1.0229126924019842,-0.02459641852733501,1495.6155846000356,443.19520784854325,1130.5571517487049,0.0,0.0,129.45301750718323,15.675962635890354,86.83468209945264,93.69967663941338,75.59297178541894,76.70799663913992,82.83448977978628,92.58285584564669,88.94197015812338,99.12162636649543,82.23291391923195,94.57503962434403,87.41730198423471,108.42999784859899,61.5856290588185
137,1629.199347266773,442.32589464623015,0.5576834834177322,0.06591808664071283,0.1591026800917261,49,0.0,0.013656791056262718,1.6757730936052004,-0.5605380326531435,1629.199347266773,442.32589464623015,1262.491903772364,0.0,0.0,129.3952094471306,15.675604774459906,112.38402494445418,84.25849144805282,98.17053063015535,83.56453227125391,98.68071580566439,107.49905238031774,99.24226742002764,92.57884938341235,109.97687972902783,97.82428688614354,110.98715523464531,81.45504363848192,85.87007400072697
138,1464.8902973059942,444.9263752167912,0.6504151103399672,0.5020020491370416,0.9576577030626896,49,0.0,0.011733138835474851,1.1077527995666452,-0.11110714068782925,1464.8902973059942,444.9263752167912,1135.6320895493134,0.0,0.0,129.4663140131711,15.676680762745981,80.81071824317274,79.65301322549819,81.7540583554489,89.94107668251024,72.29820555171031,82.71603192003249,113.27610762443868,96.90706957088128,97.52094626762835,92.35248915871182,86.83617958953,91.63901531917628,69.92717804057412
139,1622.2594047794123,445.8809452711075,0.5662566888918626,-0.06238977133835647,0.23386912458099374,49,0.0,0.011808083605655594,1.285903815595919,-0.2730212124538574,1622.2594047794123,445.8809452711075,1246.9732220117753,0.0,0.0,129.3982126166914,15.677086089657987,107.83957611561084,68.66581830894054,84.50161927926831,98.4701201376313,89.41434774391931,109.8168482474395,102.15774754443854,102.6209660148024,116.73777971581823,97.88598548094993,98.16354314274918,82.19533728003313,88.50353300017414
140,2123.6741025411106,447.76679165542384,0.4027819798483633,0.08562013686284412,-0.22486438071025733,49,0.0,0.01183896455560303,1.4314689646104866,-0.38945484152184545,2123.6741025411106,447.76679165542384,1219.3841176788628,0.0,0.0,129.18122551639638,15.677755624813662,89.62776231007709,97.40927170609783,108.953078487887,82.8410663114098,106.1281375371046,86.03792198774298,74.96165560004717,106.69261959109824,86.04900086318892,103.09683537712097,92.13499825724566,86.98206999503228,98.46969965481011
141,2267.0925153918547,450.97481725977036,0.6277169789412356,0.3586990027259798,0.2265575617531925,49,0.0,0.020752894017088068,2.381073373786477,-0.9419319464496196,2267.0925153918547,450.97481725977036,1405.3534295235004,0.0,0.0,129.1191602173023,15.679019640142142,117.56033765599327,118.63838474113842,106.5600291033733,122.68603159133889,134.3613432882742,117.1944762624863,110.67338544877266,111.22050962033418,88.65924681708206,96.38007795434908,110.27811987296315,107.38725084733147,63.75423632006339
142,964.8155002530074,453.9217888097833,0.6219298935240573,-0.026821751607434437,0.297977191007067,49,0.0,0.45318652691879796,61.63460321834501,-4.474561511232839,964.8155002530074,453.9217888097833,9808.37616816386,0.0,0.0,129.68272422562984,15.680264560672757,700.0886346401737,789.0945323185408,736.0272627706115,761.5439772873364,776.2937158237942,785.6838881179324,774.8137940608773,746.0073904357355,786.6923348652854,753.5613484578828,795.652836111562,770.6242763306072,632.2921769435231
143,1747.2194792853027,456.0399877954327,0.663082965227009,0.0024566113160438066,0.15189273684117183,49,0.0,0.01995316963617382,2.0717402535112104,-0.790838260962319,1747.2194792853027,456.0399877954327,1334.9558412548945,0.0,0.0,129.34413477200368,15.681309774363962,82.06263300624457,106.05705711635345,104.53787315741295,105.65028109487983,113.06547287433216,119.03329221222822,115.71338997075502,95.28243664960796,98.96671977375465,90.37856082640461,118.88572221463359,119.50438717454529,65.81801518374195
144,1696.9204359104874,457.3801385286755,0.439525536029841,-0.167347038571415,0.16535937768496656,49,0.0,0.021730678288638047,2.3027541247273677,-0.9056189222284825,1696.9204359104874,457.3801385286755,1681.760811490728,0.0,0.0,129.3659020287967,15.681873332972126,105.55872040152619,135.66603925173013,129.41581478696057,146.69388933854611,151.79615559690194,129.55237781219859,146.91006065984823,140.8530493312826,106.77441820743792,115.97869900340015,146.63290174707993,122.39884555107889,103.529839802737
145,2032.2028919020179,461.0201796978282,0.46471379252238565,-0.057466778107940764,-0.007308902734655616,49,0.0,0.015337341456187821,2.2313129642136724,-0.8714012218756678,2032.2028919020179,461.0201796978282,1131.59357825823,0.0,0.0,129.22080415011416,15.683314594462882,86.86506396750727,77.9651638752853,74.3155541226904,77.2875299333737,97.73715473996316,102.94912181411229,81.59384888487119,104.49473833480985,87.04655511671876,90.63188159952209,93.58633993961902,71.04275670152467,86.07786922823239
146,990.6739775630095,464.1812796553619,0.9728683004086314,0.31983993080721446,0.5138028130571985,49,0.0,0.018968247814462574,1.643234771784134,-0.5392490406728676,990.6739775630095,464.1812796553619,1243.866985080231,0.0,0.0,129.67153971035694,15.684552704746592,90.81403768442965,101.41659061361715,104.32869031611668,101.5374506480996,99.94539146648486,98.82330158128426,102.20023563951924,94.02116295840737,103.01456887178949,85.85964515630926,94.66207365423142,104.28965342904746,62.954183060894636
147,1741.0885941135382,468.2261599214682,0.6752830670000484,0.08875703635828759,0.21185164049655608,49,0.0,0.020814872127423095,2.3303875548989565,-0.9185703808457769,1741.0885941135382,468.2261599214682,1379.7182253015644,0.0,0.0,129.34678640971745,15.686387744389064,109.63158188633274,115.31842379155955,93.52982688615324,103.1117830635821,113.12602681628886,97.83982454827444,93.87468077827597,117.57777224722379,114.86358192283764,101.91995013163228,120.12273840163081,118.47650655431548,80.32552827345765
148,938.0203694074646,469.2023841620165,0.384649886448858,-0.13717163017698564,0.3250276440816159,49,0.0,0.013067629150366807,1.987819397651319,-0.74594231060795,938.0203694074646,469.2023841620165,1148.9495238891432,0.0,0.0,129.69432895318437,15.686616166259403,74.02517212755612,109.9739372138378,87.15784492727903,64.56962018259053,92.6437358058105,99.6635979871185,90.40774237349311,85.66510818818647,94.70684450721976,90.92405198714283,90.21108198457593,105.32048654295454,63.68030006137794
149,1748.6030458198436,472.94976742441656,0.38530330256653944,-0.5646414580305065,0.7953330080425557,49,0.0,0.011822027619590761,1.4485087673391848,-0.4023028204675147,1748.6030458198436,472.94976742441656,1380.395867070345,0.0,0.0,129.34353374290768,15.688354857130784,109.33213328592376,104.57793522006547,84.56665807620507,104.41698410781665,119.91577649196657,107.59165738814238,100.99348827426323,102.83727534810703,122.7719077821192,98.05885403011543,114.01923988333724,114.2675844739936,97.04637270828941
150,2236.494976189977,472.8943757128645,0.5992081074986605,0.04494791971569231,0.29023693230315434,49,0.0,0.09870790990843166,13.14689872281988,-2.797058293392804,2236.494976189977,472.8943757128645,2929.635100401485,0.0,0.0,129.13238845308112,15.688169005186374,201.7979248502797,233.6754426753409,221.9028862911647,249.31206548099692,240.5601054252949,243.7133089400313,229.44793724261336,216.09794246784787,222.37592865820955,222.12801437276443,249.11593636843207,217.38484345520874,182.12276417330105
151,591.819594541606,474.617588007365,0.6364133187491939,-0.12647411422518237,0.2172481359865425,49,0.0,0.05766767082890719,6.743315953270059,-2.072183771780611,591.819594541606,474.617588007365,2283.3035567444385,0.0,1221.0969802133407,129.84415371620088,15.688626148698479,176.76949116372433,174.27619435960014,181.70033398059547,185.89218408546702,182.68499611686133,183.56147857107936,212.65162551650866,177.91702449508054,136.13036662955142,172.97298137284946,184.12529521903014,182.22272611216567,132.39885912192523
152,1926.627795640928,476.46425337886814,0.5051731751284533,-0.9918811022998688,-0.29782744935616734,49,0.0,0.009081001777261118,1.0327805526017144,-0.03502012877797547,1926.627795640928,476.46425337886814,1084.1801641945158,0.0,0.0,129.2664883043577,15.689783201201903,85.6137491771338,97.4483543458085,83.2958632100489,84.35342413678171,90.93432063832093,94.46306766048684,88.69557322284862,74.24774726316674,72.24800306370881,80.47941453992391,65.07377421260915,107.45609891263868,59.87077381103921
153,1624.8104518901548,478.4193926827646,0.5014777482704177,-0.10846065530284399,0.035820836129766526,49,0.0,0.011728658303697036,1.390569129771331,-0.35798145986479096,1624.8104518901548,478.4193926827646,1289.4434722654278,0.0,0.0,129.39710793065564,15.690642796766365,90.66699359002905,90.2651148850938,98.64266536276608,93.13754869197689,101.47620693677194,102.53097686075232,93.00051844047961,106.64554147709632,92.64796110874946,117.51826000141367,117.04021190602236,116.95111467137329,68.92035833290294
154,1680.4131806607138,480.8019329686932,0.7184779492652461,0.6612220543949611,0.6559392309340722,49,0.0,0.013486557096501707,1.293663707292168,-0.2795534863324747,1680.4131806607138,480.8019329686932,1079.3860051059644,0.0,0.0,129.37304401594284,15.691632989554186,81.20500052221001,87.95328397741804,79.2878675509202,77.03700651135247,86.2921855049437,79.02753032426611,89.06261879657157,76.84357188535463,74.29138748315708,87.21606083303635,94.37092084753581,99.74871422401776,67.04985664518064
155,918.7418232528031,480.5962179801965,0.3566376465833485,-0.04752065455054856,-0.09188990039500217,49,0.0,0.010426583714373164,1.566558566598131,-0.4873665896097952,918.7418232528031,480.5962179801965,1064.776738101369,0.0,0.0,129.7026790108239,15.691352190515262,74.90316266285761,75.84410913024736,93.78589139083422,77.16387842006273,71.1726416466629,105.07909276391467,75.15892840578616,95.8531909122383,87.57817964487867,66.75600924939644,87.68487820615543,92.93221811367161,60.86455755466261
156,1235.2017641652417,480.81534274384825,0.8326754311583385,-0.15306830411592393,0.32065908274137145,49,0.0,0.024680142827515707,2.3474276544888966,-0.9264805414929606,1235.2017641652417,480.81534274384825,1322.9382194008078,0.0,0.0,129.5657231497964,15.691584502509992,114.49858161328612,105.61636737428938,100.5987148933691,98.1971089716466,99.75464252130112,124.81917218527987,99.25114010786751,96.55415848417042,102.87644938834345,92.06227435938862,93.35767196666978,110.53014996152274,84.82178757367319
157,1658.625473818107,481.89201796036815,0.5961512176125277,-0.354442314139171,0.04655794508568737,49,0.0,0.013468530161507335,1.504392803558393,-0.4434031181402708,1658.625473818107,481.89201796036815,1071.4000271445248,0.0,0.0,129.38247328538688,15.692088441494613,66.6622484686843,93.60717045464136,76.07298795345352,89.51934733314495,74.15720373821247,80.27642621898612,87.39519812482251,87.90202563024208,79.16553580271871,80.57970271188778,84.33587305883842,101.37518687870562,70.35112077018688
158,1492.3119851796691,482.83517200751385,0.633211934303505,-0.24197534621146669,0.1732754363297385,49,0.0,0.014376070785326751,1.7313620828877099,-0.5959697554133925,1492.3119851796691,482.83517200751385,1079.8087851870025,0.0,0.0,129.45445103311425,15.692477852613072,84.6067523043983,62.96883947961887,79.7235190306629,80.68880372882379,94.8586397267735,90.41183050761393,65.63598143065211,90.0543112355487,101.50778113312582,73.93628787431277,98.03000130119983,93.09202585954971,64.29401157472226
159,2619.6422316400426,483.5360142919773,0.4798149390084181,0.050635786549613836,0.06629875901782765,49,0.0,0.024462001644646538,2.694381796122572,-1.0761478390843853,2619.6422316400426,483.5360142919773,1953.001320945993,0.0,1519.2905567335138,128.96656866175297,15.692332775455577,196.59036772421064,185.7857868531082,148.379048274899,127.03786973659813,159.9361223701587,141.17383865627545,163.2680286242293,136.46791072484075,167.99618847555286,133.07634529986268,164.93734684613514,104.2046104895208,124.1478568706014
160,1012.9248787469476,484.71651404914803,0.48418051186164274,-0.2409135948610906,-0.01735545309549961,49,0.0,0.011261269145625044,1.417352681030578,-0.3786948238675627,1012.9248787469476,484.71651404914803,1073.2261812587792,0.0,0.0,129.66192142813722,15.693119727595038,61.37194743243195,89.76690404127461,89.58370544710263,85.7197423531932,102.99595213558493,90.74560287347958,89.41152877187284,73.44253259099241,81.71154999422916,70.99096761100279,89.25330654118211,77.91311757705175,70.31932388938122
161,2615.9215238403726,485.93252537259247,0.594552519705074,0.961119084558724,-0.8878381818573242,49,0.0,0.011003066728769885,1.0373205178549412,-0.03978242045240571,2615.9215238403726,485.93252537259247,1979.4548694007688,0.0,1545.3955058586666,128.9681766179853,15.693334448226034,195.66871848461548,187.49821508949964,154.82497602661238,114.01246611752512,165.41679605957154,157.36664701671006,167.4579534977941,131.86017870430842,167.1705832793616,129.6838002579026,165.49162801399524,109.64698945702885,133.3559173958436
162,1994.9629546835313,487.38343845622063,0.44022344075777087,0.18472003752640506,0.35362950959274997,49,0.0,0.010998934317691347,1.4035222245643406,-0.36804823503255096,1994.9629546835313,487.38343845622063,1054.2195515697551,0.0,0.0,129.23691064120908,15.694311586219943,89.03344483353206,73.50480517102942,81.873051529683,78.27792425970316,84.99277494074784,87.58909598414643,89.04383070146636,78.4902358808744,60.43649980976368,90.04399279065643,93.98912622333556,80.01555242090129,66.92921702391553
163,1620.7957331681043,490.1991865093203,0.6596750416065866,-0.03319608188215157,0.25711641564218624,49,0.0,0.2684910824416944,36.40972120224984,-3.9030433836306555,1620.7957331681043,490.1991865093203,5358.76242475531,0.0,0.0,129.39884520282985,15.6955507969684,368.7801707509738,446.59682509390154,411.6832345653529,407.5722088325906,420.8314690647138,412.2659239564035,446.5637179967461,426.4767200529204,392.8152802232638,407.1558127362307,434.06981878656904,466.0629549417988,317.8882877538457
164,2559.731856492663,490.6952890887341,0.7062066925320146,0.5965289007203102,0.39585477049016016,49,0.0,0.013374429116363318,1.1779466374099357,-0.17781404191011704,2559.731856492663,490.6952890887341,1307.0437428792113,0.0,1103.2559062595237,128.99248925391478,15.695365975696541,97.40300833994331,99.26220202246589,91.83888005626176,105.7187388996391,117.80858095266322,101.93793014823679,113.28259506177753,102.08388987923165,101.9030766653919,93.84919512823748,95.96003485673359,121.99985559153089,63.99575527709819
165,1218.6087479078951,492.5191265843263,0.463761835121895,-0.19473269517477784,0.13476715997519373,49,0.0,0.035346770269642704,5.43260821558373,-1.8375209651679127,1218.6087479078951,492.5191265843263,1673.5566944010566,0.0,0.0,129.5729083195174,15.696455462309459,124.83711506725766,150.823155444316,125.3047557031148,131.90884911391197,127.45807800251987,129.94815630265575,144.62223949720345,112.75178208138038,139.5394835003242,134.82649893436573,109.40438500240269,144.06628838228124,98.06590736932267
166,2237.6220510752482,497.0845928061699,0.7657892517848323,0.35006312519227334,0.4428481877941516,49,0.0,0.01600625539743993,1.5555532946583857,-0.47971223755033515,2237.6220510752482,497.0845928061699,1207.6011494780773,0.0,0.0,129.13188667380288,15.698246871299581,93.50800887886473,108.68023427347975,97.62285444366907,97.57466551361752,103.1153125461976,95.88398437712715,83.18432212893057,93.12627567361834,93.63898602118653,87.00015339785787,85.66863463924571,97.88890711464617,70.7088104696364
167,1473.7526644501481,499.48343386762184,0.8146838362677298,0.5805540888867863,0.035167254211513795,49,0.0,0.010644352981325062,1.0239899748215082,-0.025739261958387494,1473.7526644501481,499.48343386762184,988.8636871964759,0.0,0.0,129.46248512276128,15.699412317966956,72.2774995392397,59.959280967113,72.35925328334369,74.54022142287585,72.37578823986459,85.31483424730104,95.09052243069331,83.50983828745362,68.45031899441999,94.09069313834284,83.25021537746939,67.70369858261891,59.94152268573999
168,1713.1470173388816,500.3233104633689,0.2229658036231927,0.34458745952699515,0.1319803345399426,49,0.0,0.01079109972277902,1.8095077897450036,-0.6439011426033454,1713.1470173388816,500.3233104633689,1272.4305425663922,0.0,0.0,129.35887540410167,15.699763681358858,95.20079697825892,111.85657254106673,96.52949823644717,101.26158773533612,118.71477156467907,104.21168494408678,80.44635932107565,100.15405599517044,82.09160946411313,87.7895516231682,110.29055554821159,108.71873573019502,75.16476288458335
169,1443.0703105967125,501.2281437077382,0.34139102502533886,-0.14692891832057503,0.35499399655845754,49,0.0,0.010823098856636872,1.6820808019840103,-0.5646171353326713,1443.0703105967125,501.2281437077382,1060.4614351916348,0.0,0.0,129.47576465251495,15.700135520583707,86.27899685747357,76.90753533556702,84.27811055594874,82.31952648339801,69.0912105251735,102.94490999468681,84.06992814125434,84.19006491647156,105.95884816442191,76.76876565671772,76.16847757722812,75.09319840974129,56.39186257355232
170,1031.077427420357,502.1913470772132,0.6154846329939745,-0.3243164839129953,0.13377609052032702,49,0.0,0.019144083957050126,2.194300590583683,-0.8532402999950067,1031.077427420357,502.1913470772132,1307.8106793692527,0.0,0.0,129.65407446790925,15.70040930772212,87.0249092923821,87.50441146572268,118.71028390307194,110.34731007585958,116.62799453272319,103.86614837896931,104.83981172909267,100.42914760694487,102.50914920316328,105.93157278446056,96.4275854604404,107.27096032264555,66.32139461377648
171,2133.9786335092263,502.81632155424927,0.5933318379001615,-0.06951000587816991,0.3042420926781637,49,0.0,0.02085807961010048,2.3924171673691665,-0.947092275341383,2133.9786335092263,502.81632155424927,1311.6474634847546,0.0,0.0,129.17673956472245,15.700686576329305,87.64684986192114,102.9758999939393,101.94685068687019,104.6484792194561,118.09969829733377,107.07605089503144,109.96869217767821,107.58170246810806,101.8386230925524,86.7043451980351,97.5848114658784,108.82703182768196,76.74842830026839
172,856.7437334148248,504.278960197041,0.6207761397004656,-0.23552210745980098,0.31887190598611226,49,0.0,0.061667641489613095,7.80798297605956,-2.2313471443913846,856.7437334148248,504.278960197041,2183.852696864685,0.0,0.0,129.72952590943794,15.701181590948737,159.08729746716267,167.2634416079011,176.18782336777946,166.23152247820644,171.42858619907338,186.2939049565288,149.65835629382283,153.20051011764963,164.15422085677773,165.83019061959965,178.15425529386454,187.82180439410246,158.54078321221664
173,1656.4500593073865,504.01415225339537,0.48415605728473915,-0.022236044665261093,-0.06772347818995514,49,0.0,0.013680094588818432,1.5133515413557563,-0.4498495585530097,1656.4500593073865,504.01415225339537,1246.0353329819438,0.0,0.0,129.38341364178063,15.701305504301025,87.26559156433424,101.23271358160474,98.40962993252657,103.94491637101872,81.79428013880622,103.3898164951905,105.11645794265203,83.18403041955762,101.0952080120593,84.43019341638663,115.11592051013423,101.70071953431273,79.35585506336031
174,748.4354994517097,506.3013551423413,0.6523708526760407,-0.06864584802221017,0.9036693735240894,49,0.0,0.04653373941469058,3.883444475522325,-1.4730427502638803,748.4354994517097,506.3013551423413,3859.574076071691,0.0,0.0,129.77640195073414,15.701950580306278,284.46819830693283,306.09358685074045,334.5730623785058,303.6905314892323,288.26379958713926,333.75947583441626,310.9777291768138,259.62916669216145,318.6256334807915,279.2084664157437,327.3310364411349,283.6586630622476,229.2947263558304
175,1532.058961777634,506.1317014124516,0.5257939369237918,-0.02051261268568131,0.22082516126781934,49,0.0,0.4441026306874866,70.45513620776424,-4.619781647104607,1532.058961777634,506.1317014124516,9517.713834432127,0.0,0.0,129.43725063770023,15.702187098642751,668.8277785104437,783.1424517934558,745.5073575539816,714.5641484396554,777.1918861047996,788.0222733557054,750.893757961946,726.6655173057457,784.1078028299612,657.777392709547,714.7021196744902,780.0486895409695,626.2626586514245
176,698.7185706582661,507.51569639851067,0.5867425404499721,-0.2916152928414737,0.11998700475685352,49,0.0,0.00847854949163272,1.0040455082071376,-0.004383493963076771,698.7185706582661,507.51569639851067,1030.9050850320907,0.0,0.0,129.79791975318125,15.702419377941757,74.17409827555457,87.1798437607751,94.25699591174386,75.26195081745779,68.2666514910758,79.03473444618905,89.97024192561582,66.10183500385573,81.22664533222745,83.7831242801685,82.757964297542,73.12200784726389,75.76899164262107
177,1329.1075439353533,506.6151957782359,0.5598961195798194,-0.04787365138806262,0.2306297141355695,49,0.0,0.20467681525056253,30.093764830535044,-3.6961913070743293,1329.1075439353533,506.6151957782359,5058.325244435556,0.0,0.0,129.5250890142891,15.702359167712022,379.3032804970567,377.76345136190207,393.4217550820491,410.9914583654679,456.7798731686885,419.5392617673782,372.8518048828467,370.3446974046784,400.41546859550124,399.02123060521285,401.71612852151463,384.15295830829155,292.02387587496725
178,802.4864335274126,509.89769585939376,0.49402173514088865,-0.18231804521905606,0.3914026201765079,49,0.0,0.04864106702768692,6.5353384061195525,-2.0381702017138363,802.4864335274126,509.89769585939376,2188.954989744534,0.0,0.0,129.75301193967223,15.703486916596034,158.24521366537112,166.83737220236696,160.17534155438108,204.3409769462467,163.99426384935694,163.29067578789108,166.78937881024632,190.84579796813944,172.01103467370862,167.07797237046015,160.59813224538055,188.58439913471364,126.16443053627103
179,849.8926893872996,511.013816136327,0.28567122847586846,0.1330155382612609,0.3648735096683687,49,0.0,0.007723418790592189,1.0557657801558586,-0.058918953476784997,849.8926893872996,511.013816136327,1435.0291937732586,0.0,0.0,129.7324955698582,15.703983198533013,117.4173653446932,96.27634282244492,120.99158478867781,116.03120923719436,102.1419435514245,110.10069408806567,94.72997884465796,115.51956681069237,112.0771358082195,111.20701820952722,113.96015607503652,127.22268535886116,97.3535128337632
180,820.4203514754564,514.2447810083814,0.5346614124482535,-0.17975157093630928,0.2955633600293863,49,0.0,0.20031944178821431,27.7165303671421,-3.6068471578584544,820.4203514754564,514.2447810083814,5906.150553677511,0.0,0.0,129.7452533471727,15.705310111105083,421.6491374126565,452.4683733071687,427.6593839730817,458.07298601299823,483.7196192473773,436.04593959066597,484.68484252140456,498.5729778622932,466.33674444757054,410.861917779931,470.1517775188511,515.9708495356342,379.9560044678782
181,996.0882065959785,518.1889673915864,0.48754949540961584,-0.4692321499048016,-0.1061311430308469,49,0.0,0.026884593886915355,3.671870364159217,-1.4122183499476453,996.0882065959785,518.1889673915864,1558.248589169277,0.0,0.0,129.66922635698978,15.707057004318855,128.60022182617132,132.69539554579998,130.9985414907964,113.69568820069489,115.0494970311415,116.39259786245464,122.06129520109408,111.36821099331678,143.55354434297914,116.56012944055074,122.0868445584988,119.45070243543132,85.73592024034755
182,2296.6127069245354,517.659101719358,0.3373369067616094,0.35247098168553337,0.6011729910286844,49,0.0,0.013346171737431554,2.1313792808300995,-0.8216518491972103,2296.6127069245354,517.659101719358,1118.826577502024,33.37324835955955,0.0,129.10634331695837,15.70678543638825,72.22162933657472,92.62367467887685,67.0548060605999,90.67843032491442,87.07731908492985,81.67635898912332,85.32841901810421,87.84382943383257,84.96089402051223,88.54424127040427,80.82369326243987,106.03772847227201,93.95555354943986
183,2033.9729341318784,519.615860089934,0.9430454542637738,-0.0879637882523154,0.024789430551198487,49,0.0,0.01827589883563267,1.4673550938174795,-0.4163380600414987,2033.9729341318784,519.615860089934,1342.1495143635275,0.0,0.0,129.22001504000022,15.707727086847205,103.25219255412628,111.96720318011845,113.40812934633323,99.29410222984998,114.87384891455237,101.27978163568429,107.20935785542748,97.79941832017364,90.07156164397415,111.65966171053786,118.64091903465473,87.05671600561121,85.6366219324839
184,2047.8677989859452,522.0181159973614,0.6668302014063394,0.07135231044082474,0.3251318781160107,49,0.0,0.010931993008477288,1.0971419496622936,-0.1006570519969956,2047.8677989859452,522.0181159973614,1068.9153497457405,0.0,0.0,129.21400018917998,15.708722744883532,88.44049997811871,100.12806198513428,71.59176047567775,76.24652259874574,84.19115799661138,67.8625422072379,81.39784005059565,86.65606654522338,103.65648140306699,79.36909976774518,101.85834617597096,68.91808681587712,58.59888374573552
185,2386.871231113548,524.2290144487,0.998564892508817,-0.26277132031143446,-0.9389816781560805,49,0.0,0.03493094039815685,1.0169636584737274,-0.018263583864568618,2386.871231113548,524.2290144487,10306.68436897315,0.0,0.0,129.06727454172108,15.70946567934421,758.591919144282,780.201668463641,781.2840844808857,796.5671014550268,825.4259398152224,828.3869470362889,803.524606821877,803.4482912646065,827.3071635768929,808.9930770142237,833.5840860275619,818.7123107515931,640.6571731210489
186,2377.130832183812,529.8010947380503,0.5430870091197438,-0.8199625908554917,0.33489125023394983,49,0.0,0.024125340776740476,1.0066652589084681,-0.007212702260827367,2377.130832183812,529.8010947380503,7924.978548856622,0.0,0.0,129.0714863125634,15.711793684767146,544.9199928425428,657.4685281730171,587.7039657898908,598.5781592233321,606.5313207304794,626.3293935517297,612.2360567744937,638.8488992460985,639.2792600769409,627.9101029161682,633.6364926316829,635.7564433444796,515.7799335557668
187,1807.8433061442158,527.5935781631108,0.5948917263553541,0.04952009326319499,0.21675744149009746,49,0.0,0.971247727085594,143.8273010709713,-5.394603327410122,1807.8433061442158,527.5935781631108,18007.183907833423,0.0,0.0,129.31788577992526,15.711112666204343,1256.7094930397752,1376.3200234363717,1329.3992266185946,1449.2710364445597,1435.7130537598919,1488.9101549318007,1421.1388690086592,1503.1336138647234,1486.8379472789813,1328.3955860536266,1433.7644121578069,1413.4963715736671,1084.0941196649655
188,2016.874568709275,527.4795527559105,0.6441994368686726,0.09287344066376019,0.29476752031728715,49,0.0,0.2912855410642063,39.403146893225994,-3.9888272692712654,2016.874568709275,527.4795527559105,6169.806974658361,0.0,0.0,129.2274124549601,15.711009599148648,441.9960497409089,438.82350693416413,497.0970251641219,506.59874264355255,509.0442797896756,478.25157950653477,486.6687248026731,478.8196259960604,506.76391679509464,508.33444571384354,484.8092882707025,496.22043523417545,336.37935406685347
189,343.0,531.1558972867493,0.9547009431666037,0.19132594651206383,0.43077562302425987,49,0.0,0.018480613793822244,2.2080132249923197,-0.8600041757271276,343.0,531.1558972867493,267.9606598284561,0.0,7.730176679994048,129.9518937450212,15.71194129745752,0.0,44.28444216075022,0.0,0.0,90.62598732848467,0.0,32.79190245764115,0.0,8.952354213995767,38.364931489361496,52.941042178222794,0.0,0.0
190,1120.0507601935542,532.0186796979723,0.8048132865457185,0.25971058947631387,-0.01819619303661476,49,0.0,0.011393785178400019,1.0821020649221937,-0.0856705644540849,1120.0507601935542,532.0186796979723,983.0144791534648,0.0,0.0,129.61558031578141,15.712876287139538,65.26904492687045,79.43295228468897,74.07657443236191,77.86434545118354,76.09435019135017,80.5584930082407,70.43585361507105,88.85954629408292,84.62340402539039,73.72297149595508,73.17551514024521,83.55519381505745,55.34623447296684
191,620.9295256223523,532.4427353059826,0.33620226823511623,-0.24613780351086648,0.21996675705280025,49,0.0,0.037872519936973575,5.7548705082894385,-1.9000888897807076,620.9295256223523,532.4427353059826,2313.600476468077,0.0,0.0,129.83160786580297,15.71274239036236,161.4147620464941,152.9438772136213,201.6329958040603,166.0771584497079,199.52550701639748,166.03212301340068,172.2113130885421,189.77820534987393,193.46495309306522,196.90108529715502,166.1533475212264,209.33313268407812,138.13201589045457
192,1812.1120332055877,536.1555291689596,0.7100872785265777,-0.3918986999159968,0.1010282128157203,49,0.0,0.050865187300388026,6.356619567266993,-2.0080655510786425,1812.1120332055877,536.1555291689596,5577.720325842962,0.0,0.0,129.31603652551988,15.714679163648169,409.8306326134491,442.01404108711324,412.6948149188945,431.9265201547353,425.99345081685135,470.1996866013914,457.51599860988574,419.43749624370315,444.6846424943032,405.76741494482235,479.3189927477874,437.5702081261931,340.7664264838301
193,908.2516768460802,538.3022767078543,0.7244129469938754,0.13167348104048004,0.2160360722462927,49,0.0,0.03893113048892562,4.397952962704157,-1.6081264503818078,908.2516768460802,538.3022767078543,1629.8364990944453,0.0,0.0,129.70725517864088,15.71538840363271,115.36578851915223,121.64871572406666,136.5309785680962,112.3644381773526,126.08335694668423,124.15699268798932,150.5274921722856,102.23408303183712,159.5347748915426,125.84191949645584,123.63425166985905,134.86428373196554,97.04942347715814
194,2396.259281426547,540.5268957009202,0.5169158012936551,-0.9348619136393164,0.520416649888868,49,0.0,3.319981413165809,251.27831367281195,-6.000387522131705,2396.259281426547,540.5268957009202,400354.75994601526,0.0,0.0,129.06319953508398,15.716249601551688,31277.977327034798,32603.197423737314,31470.572799349386,31444.945858047948,31380.239410272585,31720.382007377928,31250.427405610157,31548.180763859902,31340.605499998823,30318.415392150513,31042.647069216044,30946.893365719487,24010.275623640282
195,1184.6278637062494,541.3688480844453,0.5785695574056123,-0.24608311907453345,0.25276744584868505,49,0.0,0.16308297394738833,23.462766339835028,-3.4259480389817796,1184.6278637062494,541.3688480844453,3929.2283580705775,0.0,0.0,129.58763335085638,15.716796607231254,291.14427198127703,292.11670904898574,313.7045021723874,316.29429117258087,335.77282520765743,298.61424324595373,310.2981797182649,319.5313847749694,336.47522907871974,281.1282052884956,283.66168124642263,309.5177405568204,240.96909457804273
196,1696.6160478263448,541.9585784821869,0.557622667948833,0.43345479008847193,0.3233067142711271,49,0.0,0.01722276937538466,2.0554563285934355,-0.7822706348605268,1696.6160478263448,541.9585784821869,1241.9184345391923,0.0,0.0,129.366026359851,15.717112105744539,83.41643956654221,104.59214511746393,101.0701438700606,95.57195210208478,107.76538943201669,83.23277921648844,89.73050689656179,76.51553521057183,101.83837634094644,97.52909634690279,101.13661162146211,114.75165001238453,84.76780880570621
197,2419.0089039389813,543.3212643052224,0.2089980030152308,-0.7917820352218934,0.9678985751391997,49,0.0,0.021902653204725567,1.271008744145142,-0.26037134593836664,2419.0089039389813,543.3212643052224,8762.895354464752,0.0,0.0,129.05335095419295,15.717398175658065,636.3912801498598,715.5068515456466,661.846644889516,699.4856395580978,707.0361802846143,696.6937703762651,690.3880926441095,709.2456798894557,730.3107614672297,635.6240288579424,679.1640813354691,669.94735715057,531.2549863159742
198,1385.3586691569217,543.1247050433676,0.49287649761033614,0.32054745868137907,0.05472639329574445,49,0.0,0.020568913351809028,3.0467983164729993,-1.2096092673733685,1385.3586691569217,543.1247050433676,1247.7192979598021,0.0,0.0,129.5007504423357,15.717582168264267,92.69574240650564,90.68746619968856,97.05721900241957,79.71994539824938,121.79506065398786,92.6204562258337,115.41275156880337,84.52951356156055,103.06536811414841,94.77540625656752,110.90515412289079,89.88361824393304,74.57159620521387
199,2393.2561841805586,543.6661339638487,0.4610173136351894,-0.3755651487193308,0.3592541081407804,49,0.0,5.584487279700359,598.6734269014144,-6.9429749542576396,2393.2561841805586,543.6661339638487,402158.4981207052,0.0,0.0,129.06449707372468,15.717559550030774,31937.774363821896,33039.22342154579,31939.829327416744,31743.602603820473,31585.98088245627,31841.37259633962,31244.771409727342,31528.18800792265,31254.776614577626,30288.35449049639,30915.0963716097,30740.280300606628,24099.247730363997
200,1616.303859063522,546.1781207893561,0.5639904931801814,0.12734419366531077,0.22045969761359768,49,0.0,0.1448330300802268,21.27578872482836,-3.3197141724780983,1616.303859063522,546.1781207893561,3672.5980411951477,0.0,0.0,129.4007884389829,15.718873976608249,264.520295357414,294.87264618593673,289.96726137056373,317.4624789165903,269.71157796198804,284.0142950532063,290.84951610707026,277.6984737018754,264.0954693627603,280.1971729207308,301.3033018065224,296.4112201734981,241.49433227699095
201,1878.481356539487,545.5697368482482,0.546742709058084,-0.08574737346180183,0.06505131817368101,49,0.0,0.031845422961721166,4.450554257971916,-1.6210352500306584,1878.481356539487,545.5697368482482,1476.6308460662299,0.0,0.0,129.28730744490113,15.718587657989284,101.84372665419792,113.78355562490412,114.19855092191564,109.87098187338495,106.47696512237043,123.88534184853499,134.42103697015432,118.50750828974601,121.4032434938552,111.27609645275126,121.04454892809338,113.2449359427933,86.67435394352844
202,2299.228240575529,545.6592390875538,0.5312149003157017,-0.08978485180890355,0.23608997445963617,49,0.0,0.03968031457780843,5.482250933924562,-1.8473972755299595,2299.228240575529,545.6592390875538,1758.6868688044176,40.65562572263766,0.0,129.1051935027619,15.718449738043297,124.6678365092704,139.79597416353914,138.417972587358,137.05669259299702,149.91020346187796,139.2695955921771,141.1663004183827,116.84473899034379,167.36793069319913,134.13657250006978,148.79678399746126,131.46114518648415,89.79512211125719
203,1761.0823320203788,546.7018446201668,0.43727109528169067,0.09792667685432924,0.2910088877740575,49,0.0,0.011799802903188557,1.5721959060850763,-0.49126665265331093,1761.0823320203788,546.7018446201668,1141.2349030544267,0.0,0.0,129.33812225211264,15.719081293650554,87.37877244734253,97.11604625728022,84.68812936700512,76.13736587629661,80.84494092394107,88.31357870816547,88.02920793470119,96.37132414064054,104.85362566483009,95.2013095387174,95.02469669690664,85.72720602419625,61.54869947440368
204,379.8775204877003,553.4486545415259,0.9706449172142291,0.502837974113076,-0.21519879668372682,49,0.0,0.011379647981507658,1.2241842324543784,-0.21961695366891615,379.8775204877003,553.4486545415259,485.03973980876685,6.0,306.71812761417016,129.93595828200253,15.721267943497061,42.74760691117621,57.990470121123984,32.95521459404354,36.552840389256374,21.7552808345491,33.91397042060133,29.078148560697542,75.268533488857,38.866390398734524,37.69190575190218,25.39682227282038,23.827781258802506,28.994774806202138
205,1034.186838108399,552.5835248017733,0.4583166311966949,-0.4025271978497462,0.18290815443330113,49,0.0,0.14830841462409342,18.78547385709161,-3.1845553861648037,1034.186838108399,552.5835248017733,7104.038873688498,0.0,0.0,129.6527547011677,15.721406080489075,493.4225044016247,589.3808871885822,545.5863096312894,603.3773659884246,561.3209340088899,580.1348816305001,557.6045877067529,574.9931391729723,544.9126474985036,553.1494764986871,531.32426248161,573.1008360680266,395.7310414126338
206,1681.1221329109112,555.4820479997287,0.3895122395012501,0.3621778768992493,-0.3421526398860064,49,0.0,0.010830547115518042,1.1190183226051864,-0.12209299411618259,1681.1221329109112,555.4820479997287,1302.0895073926215,0.0,0.0,129.37273171597204,15.722747721447693,110.32985665981093,110.22118711956801,105.45149798098086,111.21675533050637,110.19929926918252,80.75994883253077,94.10182431357907,88.68785262901535,112.22049777732258,95.64433545315667,113.54776973428505,90.76767709130382,78.9410052013795
207,1622.7597403568188,556.6036069053378,0.42559893721583536,0.49054195297309927,0.28320543471978427,49,0.0,0.010874173021316987,1.3370372021120462,-0.31535872841524654,1622.7597403568188,556.6036069053378,1215.8307958546268,0.0,0.0,129.39799385393573,15.723217571485744,98.36811099844589,109.05277434119375,100.90966808468924,105.64816957575177,92.48421465416475,86.32597716414223,89.84997755203952,100.76856540060831,93.60479448970719,92.13578787088537,86.74189293624761,87.57568786093466,72.36517492581645
208,2391.0106590464243,558.7330196817105,0.743270528819049,0.020316288478680576,0.4269245760307359,49,0.0,0.07260964434476837,1.3723677001943726,-0.3436762200640534,2391.0106590464243,558.7330196817105,28834.420061915444,0.0,0.0,129.06545815228773,15.72383845684677,2165.68485226742,2408.1960688087734,2335.4238566166023,2234.0741429282084,2256.247721617775,2174.1071973517946,2287.2548992759994,2348.5542353378823,2282.7839713306566,2259.2240619080853,2188.1964558449667,2204.4028299790407,1690.269768648244
209,2408.952621479232,557.9516871341124,0.6791917403728185,-0.6738431822929724,-0.26732865156042784,49,0.0,0.04207513464312556,1.456321095928282,-0.40814285161733327,2408.952621479232,557.9516871341124,14619.888819394617,0.0,0.0,129.0576927778854,15.723500690736893,1030.1489935445609,1143.3860019302974,1024.0717215823593,1180.4832434700413,1178.2929432654373,1151.9436180867929,1141.4252411983196,1242.8201035926272,1170.0492097219199,1099.9770254472837,1235.9828873337685,1180.8676732305914,840.4401569906156
210,1403.1296651308562,561.9081223749616,0.34766149525315776,0.06864757609871,0.23767693482425117,49,0.0,0.00993251220338108,1.3584192648307456,-0.332584580052919,1403.1296651308562,561.9081223749616,1113.261837022789,0.0,0.0,129.49306185789828,15.72541125421009,84.58320778553377,91.13534531110123,76.00389288902437,94.33583343531251,80.13241017429146,86.3827239163077,109.66793021245141,81.27887997315024,76.41631858294683,88.93587530793317,89.21955511576822,86.22792572205628,68.94193859691181
211,2625.6836263723326,561.8178340436008,0.6028057413913244,0.17383834640189091,0.4371524818171948,49,0.0,0.09462235522184236,10.932101470214032,-2.5967591352476598,2625.6836263723326,561.8178340436008,3751.5699543266564,0.0,3233.606180683823,128.96388117763985,15.724941957408182,284.8871369600548,247.31976055034852,285.7629532727219,312.20389854602234,317.11854650794936,296.6980772715816,300.5210293270905,274.7364062159745,281.7070525547084,313.2967039086378,305.1931875333148,315.71240599966006,216.41279567859186
212,2683.5573932263756,562.963932305744,0.459949895936805,-0.31917469855235586,0.20331641575786458,49,0.0,0.09643190325643608,11.23985884044193,-2.626902142583919,2683.5573932263756,562.963932305744,5484.333455245538,0.0,3738.862392764171,128.93883064017157,15.725367414488607,487.06788520520934,533.3911494071674,446.57362742241446,407.0745327395673,376.1527373050647,352.3823095997679,376.4116190750516,359.46826217577916,566.5922341063881,348.73646051692157,353.61904160059487,555.2855021372751,321.5780939543363
213,2366.3782893503044,563.5611006790887,0.6843651354301035,0.1746923486745639,0.5767715366811236,49,0.0,0.019492402424197523,1.8566255683367305,-0.6718108175057373,2366.3782893503044,563.5611006790887,2593.7820020830322,0.0,0.0,129.07611661427777,15.72586635956483,207.9448918909244,184.25555220408268,214.7075852339372,217.46405021940797,218.99589689723217,203.04735419561422,208.5293242146043,209.73141098115326,193.57268148156595,192.40896340584325,195.96119372684512,173.02831877665622,174.13477885516522
214,2484.9307320190455,567.1244642040009,0.3112359924475979,0.36755499075689013,0.4043805781081226,49,0.0,0.00973144465970232,1.2886616184064486,-0.2753472341293141,2484.9307320190455,567.1244642040009,1166.2171100416222,0.0,0.0,129.0247994407679,15.727267521959938,89.05299021965948,97.78971234228806,94.57248458938338,72.05233713654944,86.84035096085108,70.94545735640918,119.50058752614663,101.40469094054035,95.38321277191119,79.9117635838301,93.24009675565375,105.86407776973618,59.659348088663265
215,645.1733363118144,568.8681087005903,0.7746992893986279,-0.36799649576298044,-0.45127929818706886,49,0.0,0.010955298964507733,1.0168650803160573,-0.01815833422105311,645.1733363118144,568.8681087005903,1103.969486041868,0.0,0.0,129.82114666435086,15.72793833940955,67.74839048826942,97.91399351715278,92.95924257408987,105.23162723507726,91.8928929097487,71.55776894434851,76.17939011263132,89.31418513834014,93.6063782065309,80.0249232116308,89.3014162935205,81.72883189463002,66.51044551589774
216,1641.0496748825058,568.5366108897082,0.695003668901062,-0.24742953474898555,-0.30924032375850513,49,0.0,0.05656637372763224,4.885412538222939,-1.7222531066820475,1641.0496748825058,568.5366108897082,4155.039454831861,0.0,0.0,129.3900765961841,15.728188883032455,314.8883029472495,309.98500082920816,331.0330502485627,318.0603293235132,323.6385290127512,331.0528205758086,325.2763120096997,348.1027504064046,337.93965866360054,320.3340705400545,337.30566291008216,348.9293047845418,208.49366258038384
217,1376.9221406402335,569.823604204024,0.4346882472298913,-0.06582713812155552,0.3076691608839084,49,0.0,0.013652684883468694,1.6413042737975423,-0.5379727508985486,1376.9221406402335,569.823604204024,1234.059585922814,0.0,0.0,129.50440752143993,15.728704474410153,96.24024483384878,114.83734454746839,102.84272250577318,105.32506905350431,94.54505894455232,92.5143561118583,93.65777152868266,98.98747219660115,91.74177691942566,81.95760564240052,98.56660387907664,102.94511920088738,59.89844055873476
218,2401.391658783654,569.8007143965201,0.5450790061781723,0.6448210458111681,0.3105435002949852,49,0.0,0.030807917531645995,1.388107540762421,-0.35605778372376634,2401.391658783654,569.8007143965201,7832.383012174864,0.0,0.0,129.06095680120436,15.728442603772164,539.9282516958764,642.9248606540266,583.2020698362389,655.1757733366438,642.2946566907451,596.1229866567796,609.5960016825235,632.5608930060419,589.4326045121579,590.6754362328488,647.4414127752808,645.3135309939216,457.71453410177986
219,826.9527087174591,571.7278938485791,0.4974316937693737,0.18197040135779224,0.35535866220822027,49,0.0,0.02154684525414278,2.5179162195335403,-1.0026031885364333,826.9527087174591,571.7278938485791,1526.5746880189413,0.0,0.0,129.74246661968604,15.729263903849445,107.02242988339616,114.7758440309907,98.56849979421544,130.1961209183853,138.2177843326863,101.98340371395636,120.01214840610028,116.00251907286349,119.19439258479392,134.28075135340367,136.25144562971911,113.69960662133957,96.36974167709087
220,2397.7434627690723,569.5471662674798,0.26024334024500845,0.2578578986488444,-0.08000143798382256,49,0.0,0.024582823790771986,1.1600444918469137,-0.16118661572474216,2397.7434627690723,569.5471662674798,8570.075474448742,0.0,0.0,129.06253609699928,15.728339453978862,578.3457543659513,713.8945017433202,653.0097142337685,727.8759795513956,697.2571864512712,665.4492415882916,680.321357743534,676.2616700020175,624.6032098171895,671.2448425769334,697.551628481327,681.9636968312699,502.29669106247263
221,2323.984525530964,572.7481895701226,0.3313807976121935,-0.02449510429420002,0.209000389682744,49,0.0,0.009776271171122694,1.4361835488070396,-0.3930248691598096,2323.984525530964,572.7481895701226,1086.5058008876517,7.333664706978647,0.0,129.09446043930842,15.729720973064287,76.67111519675058,98.26522823000244,89.99421860931955,91.45352735696696,71.66429542762639,84.3908097326405,79.56836648295771,71.91470902050236,89.5351815931173,76.96998843776525,87.71067739973357,94.41454717867197,73.95313622159702
222,1758.1210165169557,574.6164788272565,0.6416527542011404,-0.07335922930095946,0.14349688096591226,49,0.0,0.5140161179781269,71.71529655476517,-4.6390294965890515,1758.1210165169557,574.6164788272565,9740.468711372901,0.0,0.0,129.339400028085,15.730712119633372,695.3638034901404,703.6258042123295,725.0642526250467,826.1277367860453,769.7280464631647,814.973957357184,739.447636376224,803.6194544171362,794.8554975062689,744.6305642402357,784.2306384230104,775.4794225709443,563.3218969051709
223,398.20289199273844,576.4284045046332,0.21962608182416293,0.13428686723189656,0.3130463056328699,49,0.0,0.012605045723893763,1.8080424007583442,-0.6430215274604405,398.20289199273844,576.4284045046332,1398.046575406211,0.0,1225.115971611386,129.92805198351658,15.730860832744014,116.08087403145623,92.22375900926994,139.78986672046844,95.26987357534578,124.5897417653711,105.17270557177582,113.5330741656532,108.16410264419393,105.51791785831348,97.74416002133896,125.7612498246896,110.60135956539938,63.5978906529354
224,968.0679675989161,577.2438335782722,0.5380893075893111,-0.029967146597210507,0.2746489107457961,49,0.0,0.4056865474672592,61.31883658058743,-4.468984765675011,968.0679675989161,577.2438335782722,9454.99945092071,0.0,0.0,129.68138768907093,15.731646709413992,669.5120595511643,743.4598549862578,706.5483391645812,713.9859775230864,737.9642196222705,795.2309623018268,772.9314856998442,769.7807880138135,768.8628432083808,731.2812942456338,714.9909883178377,757.92404334167,572.5265949443443
225,2375.879763348778,576.7848778821897,0.8086102185552305,-0.04819345432068988,-0.3317131657352227,49,0.0,0.019513208282129702,1.8670885245107574,-0.6779122742448236,2375.879763348778,576.7848778821897,2084.1533846377038,0.0,0.0,129.07199463919025,15.73136961587903,152.60029153887058,158.63216016415146,180.6410542336552,173.99732084269,158.9637659756986,190.9446794018497,146.5208754233803,168.5958242219174,168.35646868987936,153.69652199424294,135.12788293462333,167.10805833990196,128.96848087684276
226,467.66759609684425,579.8258872661472,0.6115450645785305,0.07963404421244855,0.3710307275244165,49,0.0,0.03237329760007946,3.3394374625436183,-1.309183287171799,467.66759609684425,579.8258872661472,1908.3744913942794,0.0,1366.787172856963,129.8979887009551,15.732345532695064,119.04926537869127,150.59093953536512,110.777071799306,137.84546125035513,129.89888719907356,149.18677245958827,149.1459303759535,155.30360148282836,182.15848024816304,172.90764475871322,171.17707008454755,160.37691870742532,119.95644811426911
227,521.5555508890932,582.8490175442098,0.5872075698579732,-0.05503295391099718,0.2343167256353416,49,0.0,0.042358334824821764,5.256465586432529,-1.8017345636887305,521.5555508890932,582.8490175442098,1823.519772219219,0.0,204.6235574310855,129.87466669979815,15.73365592049549,126.99232848970979,136.86571437745795,158.9675219239864,143.1422362761507,148.85239365079696,143.01558570831324,131.41141208189413,134.9257835607313,139.1068807878175,151.74340388089536,149.20369998137141,149.58995896955727,109.70285253053692
228,868.8759588610625,583.9422969012694,0.5613218626872627,-0.1957202383255973,0.2971124577930076,49,0.0,0.036047336788512054,4.787175958802486,-1.7001984770673766,868.8759588610625,583.9422969012694,1611.8582882987157,0.0,0.0,129.72432823821683,15.734379801777447,155.58273911750354,116.34929665346294,141.91236366206226,113.88402932933793,128.06914726680083,131.19103311147887,123.62960035362792,104.71720088106184,118.59814060901165,117.0683420564141,125.4593515929083,121.87570555427902,113.52133811076635
229,798.5265633260673,588.0266074873992,0.5282785538062865,-0.1935695858417784,0.24743873298981148,49,0.0,0.03777842490122201,5.007203750607956,-1.7489881596258656,798.5265633260673,588.0266074873992,1738.3451369570935,0.0,0.0,129.75478275847087,15.736035427086065,109.89193110173626,114.7150247190995,132.86480339012638,131.45369875773756,143.24323306818656,141.46778008451997,150.64319242081342,161.70363824601623,135.72636255663812,116.10123016073078,147.79775516636911,138.36919354736605,114.36729373775361
230,1046.900155339155,589.7835048177064,0.3717899497336204,0.5074947674211244,0.5188642208894418,49,0.0,0.009670363682433101,1.3236060483845669,-0.30439685763922747,1046.900155339155,589.7835048177064,1102.6721516273606,0.0,0.0,129.64727061482102,15.736911139094886,76.42497743952659,106.73222968814626,87.22384473777893,101.18685129451843,80.37555876585655,85.96626505290479,68.44380181339923,87.87285713838209,76.26181521716268,104.415583080729,65.81776249244285,93.81553398596753,68.13507092054581
231,2283.621565854608,590.1856624208796,0.6148903217105965,-0.1116325745683511,0.24147357852786064,49,0.0,0.019277789668040543,2.2480858338156287,-0.8795322223591541,2283.621565854608,590.1856624208796,1272.7184334511467,0.0,0.0,129.11192084857086,15.73701031487991,102.86098646068388,99.14467813963626,103.08770569449223,91.6645351332989,86.5330910065356,97.04128536010728,101.96176275083624,110.73019174011972,101.36014722163486,92.30170891448817,104.01068353521983,104.83091516892014,77.1907423251735
232,1723.1610424497912,591.539187763782,0.49944024225948463,0.2328996377131786,0.39232220899138337,49,0.0,0.05210909202834455,8.01097999238145,-2.2592141176919043,1723.1610424497912,591.539187763782,1902.611844710541,0.0,0.0,129.3545311573572,15.737767040523407,168.46025236092154,138.20684575786396,169.8621314949653,132.63549153755807,156.61527369555358,156.5359410229799,157.88757425215374,141.92689836288883,148.10295256762998,132.0796796678598,150.62158671620472,146.8950223336925,102.7821949402688
233,2210.3048427522504,591.157481136519,0.5384317692107919,0.00997091250181521,0.1724489073672116,49,0.0,0.8941104355461931,134.8051260883531,-5.324266017396578,2210.3048427522504,591.157481136519,19543.12932725651,0.0,0.0,129.1436570146205,15.737455678820615,1435.057458217896,1514.1335036675325,1567.3598667477145,1514.4886428371287,1568.7121816535082,1604.161301501102,1506.0615417685367,1494.2399237695806,1620.3067736400862,1510.3368234714985,1528.476764200509,1507.636131585171,1172.1584141962403
234,2249.7456045934173,591.1686070732632,0.7697141736241593,0.15687700886852346,0.13297000910391119,49,0.0,0.01416060227526028,1.32783464294492,-0.3078599877910177,2249.7456045934173,591.1686070732632,1108.7156899599127,0.0,0.0,129.12658417784777,15.737439115562964,90.01918621956328,85.69064717827894,87.52274236963194,88.15693340934854,99.3460861688497,87.26412532498344,88.51921651115794,95.03122489324319,86.56176755933711,81.62597043871352,79.55285498952225,84.39624276168229,55.02869213560048
235,2663.5278329600874,590.6858560637017,0.4980494395865922,0.10744904165943317,0.26399719664514193,49,0.0,0.08654359660529476,10.969264699980311,-2.6004437914883125,2663.5278329600874,590.6858560637017,3879.592477595269,0.0,3372.8693515434697,128.94747318495422,15.736935536589675,254.79209713459323,307.2375416475179,286.4227470918269,315.40497573213537,283.8689684451835,330.56413366770227,294.1604006590836,302.6765747772937,293.703348366839,315.51442090473324,345.70774692008746,315.13620044863535,234.40332179963752
236,1345.0175755484072,591.5426798279492,0.5365510593155367,-0.2317562552731868,0.13138319047176558,49,0.0,0.04772524830939941,6.959962930012585,-2.1065173162197053,1345.0175755484072,591.5426798279492,1839.4675797356726,0.0,0.0,129.51822283540776,15.73774705354039,146.3865024957583,144.843679794401,134.5164524762621,137.16870337950098,154.0212721157507,135.5023868881425,153.12026753929766,128.65386899998336,152.41315860593033,124.28335703315287,145.87847356435003,176.27999484110393,106.39946200203912
237,2160.944556694774,595.3354231537907,0.8601415659797382,0.06441539390938662,0.3654954674970185,49,0.0,0.018009716178437354,1.510449937730042,-0.4477658390383188,2160.944556694774,595.3354231537907,1213.293647678003,0.0,0.0,129.16502167090863,15.739221038189815,91.69047034948196,104.01377805480959,100.10614480172828,82.40794317743591,85.94049468063378,92.92421511528292,100.65204711160366,97.72364702735956,108.04253367681906,78.2922177106374,100.17527643742054,105.65094831126801,65.67393122352226
238,1916.4555220811287,600.3805189644945,0.5332906245139053,0.16238161629937115,0.1904368854149181,49,0.0,0.20542723469110838,31.101928132652183,-3.7319682837740475,1916.4555220811287,600.3805189644945,5165.136721524777,0.0,0.0,129.27085499003658,15.74141452685706,369.42075301071986,401.00517954310135,385.6642438652282,393.0322533567022,419.4371726368898,421.77076146377686,406.8058922010423,411.6066770147087,443.12537977491894,394.13178574506026,459.63118456004554,377.70320676521703,281.8022315873662
239,1272.9164355552218,603.9302406516141,0.7173741633049485,0.05638220490797096,0.3243669825665661,49,0.0,0.010794936333034588,1.0660610773931645,-0.06945521814042328,1272.9164355552218,603.9302406516141,914.4346849644106,21.97665695063017,0.0,129.54943772541336,15.742890299651306,75.34454810285324,63.38155280629506,57.851486392986956,82.86155559176184,63.01366304662176,65.43748990248432,69.49447334150321,75.6143700289894,51.097990480831456,89.48187051229061,68.47858914137247,78.72420120821516,73.65289440820511
240,1828.1346917961164,604.347952173791,0.9106990383472432,-0.0018664592144208324,-0.07501131181302288,49,0.0,0.013562461601532095,1.2199838628600792,-0.2158852153811913,1828.1346917961164,604.347952173791,1041.5427999502533,0.0,0.0,129.3090872907286,15.743088035718868,73.44124322139788,91.25680286217403,80.03968467636398,73.82693546452677,79.86272924776381,73.83829172647279,89.96421058348184,75.75322558690988,69.61062637093545,92.71311258154184,90.96608750661002,80.43417900187369,69.83567112020125
241,2102.151716386689,604.6579014614763,0.706404036718101,0.1480206419548999,0.3815857125950612,49,0.0,0.018958401874451518,2.025549932305086,-0.7663573838660137,2102.151716386689,604.6579014614763,1150.8851451875312,0.0,0.0,129.19046762091338,15.743131830828622,82.0329236658192,90.10754120133558,91.71099294849562,116.11590580304805,86.90703539456848,82.65359986590568,80.08614693519458,82.59564410633898,102.02593602616729,92.07012871773068,78.87343151633743,84.85536704899721,80.85049195759248
242,514.9265749594853,604.6044360014664,0.8785918183871135,-0.16111601145016374,0.6891181928332791,49,0.0,0.016509044939331845,1.3820762062109269,-0.35132997558466417,514.9265749594853,604.6044360014664,1291.4715284598128,0.0,19.50587588738803,129.87755751965926,15.742713762740578,113.75343555922836,92.3954216276606,93.36830854833774,96.55098825881618,98.91291308467287,96.39237158714903,97.22137489738259,92.01912851160137,103.22768809484722,115.07938454450705,111.70222204235063,94.437471116816,86.41082058644301
243,1580.329307251901,604.8725293380476,0.8532944901881298,-0.17349283839748936,0.13772714345242285,49,0.0,0.012629570623142005,1.2058466714750582,-0.20323022231774257,1580.329307251901,604.8725293380476,921.7172967478178,0.0,0.0,129.41636079854828,15.743328553844583,73.83026143989389,69.25575634868531,74.2911913100738,78.78908514504732,86.87156724034739,78.16954290248873,58.65477744922278,57.610567983641474,65.73543102591486,69.53714813523229,74.99243818060937,69.32543193704356,64.65409764961706
244,1671.1760384538773,610.4045999069647,0.5799036007543709,0.06638474861331217,0.23898784013776406,49,0.0,0.47967486978475965,70.90826632034387,-4.6267421679310425,1671.1760384538773,610.4045999069647,9758.177515010088,0.0,0.0,129.37703334928082,15.745631503239837,693.4801119375469,762.9355171495317,718.9850940468021,739.4644380789714,800.6149307078108,755.1295870298013,806.2164038260532,773.068810053948,774.5778897167721,804.0889140614602,747.020543559064,761.4671819052485,621.1280929370778
245,621.8802380832188,611.337705756541,0.689471859439852,-0.26704265147633444,0.41522065247494705,49,0.0,0.0450711648642368,5.00483320721781,-1.7484740215253833,621.8802380832188,611.337705756541,1845.3545546482344,0.0,0.0,129.83126665410325,15.745613346064811,142.37459762545816,158.34090153340088,150.65521227188378,155.72402188008277,124.65257902753054,147.53457677308108,122.60076543901297,167.88516708276404,134.15279312102888,145.6977451485006,134.11535539122485,148.11885777192515,113.5019815823407
246,976.4534680897925,610.8873972711533,0.5237476008571538,-0.056565614881923826,0.08282282208802144,49,0.0,0.01056519885427809,1.1329759706486504,-0.135551747462198,976.4534680897925,610.8873972711533,1170.5504052813828,0.0,0.0,129.67777704904023,15.745668449720682,86.19540271509993,92.58959984994384,88.00189659778127,83.44269039984216,85.1301660005615,103.23138752026621,98.4548435465148,77.67989475852028,76.65923073859369,86.47968039977079,103.6221994994275,114.8141119910823,74.24930126397877
247,869.7671006375101,611.9449142436073,0.5060151092145645,-0.12400216693639184,0.23471500313691976,49,0.0,0.526866373549297,80.39150268202586,-4.763025366481415,869.7671006375101,611.9449142436073,13331.95108552688,0.0,0.0,129.72396112006905,15.746047316502583,925.0357270065766,1009.6432450214588,1061.91587212586,1036.3229433472839,1074.8600877283325,1104.8071994253278,1097.465912557253,1027.5784023969875,1030.7500110172239,969.4273931033108,1132.6894152138398,1066.9251739185183,794.5297026649064
248,688.0260636460883,614.6504121397757,0.6998105136701916,-0.10010271180497968,0.08639450408009779,49,0.0,0.015218294301654492,1.398758869777003,-0.36435713370785205,688.0260636460883,614.6504121397757,1180.6936387991825,0.0,0.0,129.80263628050147,15.747046963787893,99.99523025873913,99.30103793182795,86.35931376757674,99.10697706825005,69.71970434680068,92.18874775294931,85.14541503810312,97.30354280395608,108.51049237743416,80.10506600951638,85.36877990924171,104.61629406291621,72.97303747187105
249,1181.009512522015,615.6477594556775,0.3206805967559439,0.19734660886189348,0.7881767462247206,49,0.0,0.009661994914980338,1.465848498813077,-0.41522271646961256,1181.009512522015,615.6477594556775,1171.380701741158,0.0,0.0,129.58922785027397,15.74774299882734,87.62777936768465,108.59982412265673,101.88646254791443,78.78409077155192,80.69001641827919,80.33868424938196,109.9482112148984,93.69169073201842,83.5455873310882,87.80519071051047,90.0875127878025,109.04855134379038,59.327100143580665
250,1945.2768235739188,616.1927419119758,0.5447006206902963,0.04922383759452,0.14226520855425215,49,0.0,0.1481366832963974,21.514006913414256,-3.3318032596185585,1945.2768235739188,616.1927419119758,3987.7926921711187,0.0,0.0,129.25837362593762,15.74799445589845,262.9672320830386,344.83211043761355,310.4259629137823,330.32432316365225,317.008953573271,288.73022874411475,315.4667847235903,312.44132033597486,325.29834150976285,303.1684100404449,316.27753541900654,327.7073145798509,233.14417464701575
251,320.6768596012032,616.8443258416207,0.7980069486752874,0.12196726003839967,-0.3189124758074979,49,0.0,0.016435555449425508,2.1147868881980862,-0.8131665227258285,320.6768596012032,616.8443258416207,955.8091209174452,0.0,192.96414544269985,129.96165473250844,15.747617006616847,101.60208152884546,16.129864491798052,21.20366284223384,25.09785517212102,20.076334987504758,19.442008883645027,102.45519038945343,18.590140853028633,100.77470701653378,58.20461683860306,25.953670533808797,118.19963036658704,328.0793570132822
252,927.6615259930826,618.9060595928795,0.5138830006339166,-0.05443484342598808,0.22659370965100573,49,0.0,2.288872976411994,345.16748145091736,-6.34507468420948,927.6615259930826,618.9060595928795,54701.504974757394,0.0,0.0,129.69890350795166,15.7489823162816,3882.911590949618,4228.977615633517,4277.683274499541,4349.692761861862,4347.826884940027,4359.958544094151,4379.007734585626,4363.799290036272,4311.767063398948,4263.378289993661,4308.345265051005,4334.881551416356,3293.2751082967943
253,1155.6788551951736,619.0036525097603,0.99534249689722,-0.21053507019156242,0.14146841792550383,49,0.0,0.014206019674724185,1.1060395988145904,-0.10942669002297926,1155.6788551951736,619.0036525097603,1104.8819119612508,0.0,0.0,129.60019485564436,15.74913185535544,97.07647466730953,84.31298815461547,77.17590112255975,76.50838680202254,92.7784443270425,87.04192164421366,71.75928336792475,103.3514194036906,75.11733731396907,102.07750674897443,87.1817804427302,77.9305130509849,72.56995491521339
254,1854.5606154650181,621.549796168245,0.4911170934675731,-0.6345421415550361,-0.08186667408529677,49,0.0,0.044755477625101646,4.954754462545839,-1.7375553437214437,1854.5606154650181,621.549796168245,2562.394420294298,0.0,0.0,129.2976437128404,15.75024965158531,183.07664661261364,211.06342252520125,192.4372341560459,203.39942325340866,197.96397799322574,197.8742602983407,205.17742436418803,204.01028911669448,219.55610765715056,198.8972891470301,186.46164428300608,214.1504242559248,148.326276631468
255,1810.8727231726539,623.8297640591484,0.48789955194323487,0.21697797380903522,0.20839004298357894,49,0.0,0.022866534419602687,3.3119092817831985,-1.3001960807285502,1810.8727231726539,623.8297640591484,1355.6115212768495,0.0,0.0,129.31655615148517,15.751208258338627,93.98735621362601,105.60394172289764,108.34838652546159,88.54117291695076,99.90938785312181,99.83351972387779,105.66000119222406,120.95060373324387,106.27754746558668,121.23301937590853,107.41489103346342,124.4672278759835,73.38446564450413
256,2216.67608128535,624.5675718740883,0.3758650511933071,0.1480085056033534,0.22195837190603937,49,0.0,0.0618240340261436,10.776199004024562,-2.581164007258676,2216.67608128535,624.5675718740883,2391.9841170747704,0.0,0.0,129.14088033816262,15.751372338612029,175.00366332445248,168.11270995144116,190.09672824548153,204.46773674585845,208.2901633737544,201.43750863568403,174.12471114773604,167.12815653127393,192.02483916964417,173.61181146593702,200.68622362595025,198.50015698290213,138.49970787465443
257,1601.809522809328,628.0393435227182,0.4308331476516661,-0.09349746649216599,0.38468299398961847,49,0.0,0.014607970706595783,2.2437768098881987,-0.8774491378610767,1601.809522809328,628.0393435227182,1131.9907293270473,0.0,0.0,129.40706209293177,15.752981071786218,83.99986526317785,94.31791897254128,94.46223028579132,86.79207949310764,93.62733364834628,70.77722650485299,88.15522164433415,83.96057300551853,104.74190506435707,73.52081184605171,92.02983275382158,89.23550462995658,76.37022621519043
258,1588.7557619836114,633.146886425326,0.37678173341540766,-0.34868592768141965,0.24517686137039213,49,0.0,0.012705103562874668,1.7153012444632145,-0.5858510067475614,1588.7557619836114,633.146886425326,1194.7173025811758,0.0,0.0,129.41271333068224,15.755109050573651,80.75310488732259,106.61858539306321,99.47423069548731,83.57375601160055,68.30839868420134,77.62998088451931,112.57098079461417,86.23618633381223,92.52122881406382,106.43860525815955,113.54507680666445,96.11006399370567,70.93710402396151
259,475.90785977660204,633.3026532164719,0.5038004415161872,-0.5909438453347953,-0.07240613182060501,49,0.0,0.016528580269886357,1.9580006613057666,-0.729532085370296,475.90785977660204,633.3026532164719,1302.209673675447,0.0,159.55959857597895,129.89447671501281,15.754633484806984,94.63582362011246,108.37697146389391,98.82693427090506,105.80681401936945,112.39014449755851,103.78099121057929,97.03348072083617,84.41322121429984,94.28095310628592,95.94136771664469,97.89828823848217,122.68382940761434,86.14085418886515
260,1948.8211341174867,633.7626294964488,0.5034835836899353,0.07681388265418317,0.13162692883774194,49,0.0,0.02550990801508429,2.9898527120888785,-1.1891244859426804,1948.8211341174867,633.7626294964488,1697.692504348688,0.0,0.0,129.2568337147354,15.755313799065327,105.4338278717243,153.13143468837126,136.03794593707912,154.84637387699917,132.77479667414474,142.3185125681332,138.30084684686759,126.92513085757916,120.90260230661175,135.331312797316,111.36763779169199,139.2264140276011,101.09566810456889
261,2035.7810650360113,634.058319441786,0.5200801795860184,0.13067400723274686,0.27969860166250826,49,0.0,0.03353491082233069,4.693394947381307,-1.6787177536600053,2035.7810650360113,634.058319441786,1501.6462716150959,0.0,0.0,129.21918712210177,15.755407871687385,125.90542921230593,112.35147725757085,105.70016898282289,116.03705419238801,132.49291283601139,102.45380106153314,127.70532760450072,106.92259729212452,112.58454056758464,119.94526048047464,109.34807128596763,138.78289768741132,91.41673315440039
262,1762.5013750937292,636.8556982308548,0.2533072512341031,0.07520292706121177,0.7705572306668265,49,0.0,0.00916952858532084,1.1199542571604746,-0.12300071232616268,1762.5013750937292,636.8556982308548,1263.9552522299387,0.0,0.0,129.3374947386299,15.756643153284843,84.73151985768685,85.93544911152787,92.43019820249552,111.64661146081994,98.75523037893552,91.23004146701722,102.42165484949264,97.90585405394776,112.14266267279606,79.93238904056905,100.26152845756046,118.67513827626848,87.88697440082116
263,750.3094537959897,639.4448875554353,0.8929743099124577,0.7610468802711462,0.7494444589462269,49,0.0,0.012734576235793878,1.0813491734057068,-0.08491488150064211,750.3094537959897,639.4448875554353,1047.1985379058274,0.0,0.0,129.7756939417518,15.75742415952587,77.4451461122857,75.02385931427649,69.60812732270678,91.18441327057332,78.30879540244541,84.83266225253068,90.34210217135237,86.72046179442484,72.32264705704372,81.98709645071034,93.8837813145436,75.69317978196483,69.84626566096935
264,2475.8098739251964,639.0198602382441,0.4862564966347399,0.09245394199600349,0.3918695612492192,49,0.0,0.076274443529593,11.302921317613079,-2.6329767609544437,2475.8098739251964,639.0198602382441,2838.8477635545914,0.0,0.0,129.02869004985885,15.757228549767946,203.14112807804614,253.96065332118525,220.0958544751043,210.19072598199557,230.6125040509549,220.3205249765146,232.7171312897417,202.62137823863247,208.7497683062832,222.37614414566588,226.21364055458855,242.00889553482156,165.83941460105711
265,429.660242280652,639.8524601848881,0.738178081276128,-0.3575467201106425,0.09730354125553976,49,0.0,0.030352047380599427,3.048742349737384,-1.2103018088509965,429.660242280652,639.8524601848881,1626.4748744716226,0.0,1045.1891674082049,129.91450374932032,15.757316961241926,138.2827229292586,142.55954281906185,92.79053125806934,126.85454373673139,120.2491944739161,117.98263714440237,137.9498529661026,128.24859412535554,149.33817136804504,120.62280090559013,123.09075507027809,123.3218127399274,105.18371493488439
266,1777.7048337934093,640.1013547863179,0.5136984674391911,-0.15274808240241508,-0.09905749304231132,49,0.0,0.03651097465739384,5.553522095079156,-1.861421260195618,1777.7048337934093,640.1013547863179,1510.5359320647576,0.0,0.0,129.33091228188576,15.757993238352052,98.72199113318129,117.89880657944029,115.77209572258539,141.2882813754589,127.75623909594076,113.70626284401331,90.4447731965682,115.41674809662138,140.6614525904953,108.62210161633777,130.9872890844788,113.49582480207734,95.76406592755896
267,1672.4816341416015,641.2646549906043,0.6722123493885577,0.08985182082926137,0.1263995665698778,49,0.0,0.04943848735221803,6.35051256853381,-2.007021949726793,1672.4816341416015,641.2646549906043,1658.430340113727,0.0,0.0,129.37646613494465,15.758489132043938,123.75593337430405,112.38327511225539,135.68781044079614,137.88554039443713,123.33257778444555,124.97101530598033,134.03178652560672,135.6156358210213,122.48692256002566,129.66959545824074,139.97930336315397,138.20501265164984,100.42593132180997
268,2560.4179325158257,643.4965676847337,0.5473794409912726,-0.22971323379948236,0.29150199637232266,49,0.0,0.01839392465030882,1.1060334895843145,-0.10942069292231515,2560.4179325158257,643.4965676847337,5815.361007089648,0.0,0.0,128.99205886405642,15.75902733194741,433.377332776235,463.84981066970596,463.84475349582596,449.75243658177294,465.6711550640326,466.9495615705272,456.96468235174063,443.95880549650974,456.19738551427946,457.5377405422507,467.18471021727476,460.3148843189632,329.75774849053107
269,893.7841600083066,645.0102496143779,0.5674036084254143,-0.11531575351959752,0.2747868158594312,49,0.0,1.051278001380629,149.44449200220026,-5.436199782761896,893.7841600083066,645.0102496143779,23730.2364464618,0.0,0.0,129.71358567801167,15.759838400276635,1731.041817787644,1800.3373247908453,1804.375478651118,1953.1781810718408,1897.192782684071,1902.584938924264,1878.210521806097,1804.5642788146286,1924.680197752234,1801.7171607201617,1927.5775037323756,1842.1430117495938,1462.633247976928
270,651.4981555146043,646.6770825398529,0.6514800366772605,0.22976264723144793,-0.21107176218495094,49,0.0,0.013474725188459085,1.4047572788178855,-0.36900322772665584,651.4981555146043,646.6770825398529,1074.1109235932247,0.0,0.0,129.81847623841375,15.760361356583717,96.57563758286587,73.12849187030172,86.59901914510388,83.51906818685256,92.17783688350728,88.38199668510048,78.57242446816326,89.1221110032225,86.13191003494569,85.6201338381312,85.88431856046029,89.63881052783418,38.75916480673581
271,1984.4362951568464,647.1294697955407,0.5453027196427778,0.07443217260786399,-0.09127342626458038,49,0.0,0.012808331364887675,1.555042411191192,-0.47935559545718953,1984.4362951568464,647.1294697955407,1124.2918173055637,0.0,0.0,129.24141059898696,15.760871874143865,96.71887823484447,73.53630268978301,95.86570630932884,88.13865763075657,99.67070608899367,90.98351589391089,79.85789779336646,84.81837338202716,94.70058982535673,94.29848790339864,80.3085541965637,81.46615307610583,63.92799428112782
272,2720.209577588073,648.4458174822264,0.5564673603324369,-0.06750254952835516,0.10649737613984246,49,0.0,0.01709285276706124,1.8877646455150459,-0.6898696206605746,2720.209577588073,648.4458174822264,1322.836027632987,0.0,1157.0916349556878,128.92287947460008,15.760947285767676,96.86354265679539,92.22440839268612,100.14871718800819,80.54088105348623,96.91856596402039,118.19043635400848,97.94771458184773,92.73110711617323,106.20004080169318,114.1679813376322,105.88368137397026,138.68300841974383,82.33594239292185
273,2503.8661638772514,649.3008346133327,0.4579762858827713,0.11680913406428486,0.3358887430711326,49,0.0,0.02256840507280212,2.7061624865083735,-1.0808846736283229,2503.8661638772514,649.3008346133327,1622.877837522062,0.0,0.0,129.016535843901,15.761490650519164,122.76323959994463,117.80289382604872,110.82767197408353,132.32539054470416,114.91782890680611,134.79274545824336,140.4574808486017,138.60551030479343,135.10391406824772,118.39649081199724,140.04327029585113,128.20746183516243,88.63393904757794
274,2467.7995528080396,651.0501329878786,0.7122630752212541,-0.11827505619231239,0.27156170337968244,49,0.0,0.013117744101625374,1.3635884177428916,-0.3367082592380696,2467.7995528080396,651.0501329878786,1131.6315248140686,0.0,0.0,129.0321482784059,15.76224678017557,75.1230589380501,100.52176519531493,78.82597203231171,84.25819401030316,108.0615547344269,75.0366524553671,98.24564464391452,75.94963061447248,81.46507895141022,94.40993266093375,94.41239393715489,93.0348629195851,72.2867837208237
275,2755.3087809040103,652.3542042902211,0.45734978116583225,0.20907812277768323,0.4012566465267139,49,0.0,0.008551793305448582,1.1732983140884927,-0.17352111658702857,2755.3087809040103,652.3542042902211,1018.2245985623387,0.0,620.2412560218306,128.90768082602702,15.762541507500364,73.28966790526812,59.987947602308225,65.7121866002548,93.06322298780793,79.0605473187889,139.7400813563896,66.64539109583923,60.28958689199659,98.77743147760408,73.53922981432771,59.245264748616975,89.47978047263737,59.39426029049905
276,2240.097123983835,655.8414971861267,0.6998657219253395,-0.29044539106641293,0.019579472874536548,49,0.0,0.017819762996871446,2.0467660228539635,-0.7776704972384829,2240.097123983835,655.8414971861267,1143.414791916012,0.0,0.0,129.13072308518443,15.764389785196114,85.36032310327721,75.54950823577548,84.99373905488972,89.11017144447204,90.18370140110912,90.27945670050875,95.43600266982281,70.2040950566184,89.67689020084964,101.35673991213275,86.72429785337835,105.51734937336292,79.02251690981478
277,1907.8259477741985,656.5987485867242,0.7470079263134166,0.03651066131014658,0.2952834337522721,49,0.0,0.01452082776483508,1.4077615803567165,-0.37132277142017533,1907.8259477741985,656.5987485867242,1103.4044260538108,0.0,0.0,129.27457490626685,15.764839851906872,64.77121857207662,77.94579288989092,75.32751079607613,87.92641382380944,88.98870365557192,101.20084036944328,80.50313499302592,101.04887248017819,88.84006729673895,90.68049789714678,92.34480412688166,80.42779233463948,73.39877681833144
278,1590.0767516889614,656.5538164953236,0.28879054322496667,-0.06775903860610628,0.23714393826316219,49,0.0,0.020014358141238968,1.702460578067152,-0.5776926606013773,1590.0767516889614,656.5538164953236,2593.665125452286,0.0,0.0,129.41214166894594,15.764861479542022,192.41248845709995,208.28087472230916,217.79147277046295,208.8541067458705,175.57329383589007,205.49854633358103,208.09225300040526,181.81896467521824,196.71664299474293,187.79034703578156,217.325165559181,216.95022537317897,176.56074394856404
279,624.147113420104,658.8855808355978,0.4566258385697072,0.24376984445517091,0.04158461606064746,49,0.0,0.00921822376276547,1.114987594563859,-0.11817508854467958,624.147113420104,658.8855808355978,1082.0208124975336,0.0,0.0,129.83032763332284,15.76542533587415,82.08810044497193,76.9285917762584,78.37903519170416,87.44263925903414,90.21145407241926,82.07078263708023,85.62355463213169,75.12426024196539,101.83359391430912,98.9039627878023,80.10272827928453,89.517874847841,53.79423441273151
280,2565.3446214971477,660.3050713415658,0.5045560444381924,0.054547027498207085,0.2578384619514982,49,0.0,7.342780175663094,936.2869090651074,-7.428522378070167,2565.3446214971477,660.3050713415658,317086.1421457378,0.0,0.0,128.98991130106387,15.766026301200167,23609.03491737877,25397.558327837123,25158.51846296629,25001.988133677776,25381.750067005036,25244.20823525224,25161.274525692617,25093.72328438075,24838.19875713022,24193.72787613479,24709.806652323783,24755.214362490176,18541.13854346815
281,2644.0602659425645,661.3220598070307,0.40616872663245146,0.18228128081251518,0.3490314341875019,49,0.0,0.05430903337430981,8.610143133063715,-2.3375259278162113,2644.0602659425645,661.3220598070307,2507.632555334113,0.0,881.0963428751702,128.95583271652407,15.766382397065753,190.7914617369543,200.7385562211261,194.27386616140927,193.34964506099067,219.9857468015768,167.29552007125116,205.78292305449236,195.7349311626749,183.9698264773168,214.11144910472976,199.64724722084287,195.40421608473258,146.54716617601528
282,906.1420913473728,661.8130910993511,0.4092577098829788,0.15102624395414257,0.16202714328354442,49,0.0,0.013845625416003544,2.0576829490112627,-0.7834461470301269,906.1420913473728,661.8130910993511,1211.7614437596105,0.0,0.0,129.70824631104745,15.766846557927476,93.78608362553031,105.78668826084247,94.32628357832786,104.38863734934199,97.15325074413232,76.33428823469376,89.10426776859424,77.62141818846196,107.65073708557216,96.20183308254877,106.13184287512564,94.52511220976713,68.75100075667184
283,2364.7009114483603,661.8166680852219,0.8989749296948345,0.05361799194112923,-0.2429403884448129,49,0.0,0.014917422192847078,1.2759244753988013,-0.2645624208996206,2364.7009114483603,661.8166680852219,1328.6031841352944,0.0,0.0,129.07677431083536,15.766804474868298,110.32127362519674,106.39796208357622,107.37852943498385,97.16302352595103,115.3799338548112,103.27345873338348,106.9837224093431,107.77223196317377,107.56152743759348,88.78968932493666,92.40067841575606,104.37631670658703,80.80483662000191
284,1555.8309937117583,663.0310025746292,0.6777262500444081,0.21644012021710612,0.16160560705674654,49,0.0,0.02091505542935361,2.495685509490191,-0.99297464353335,1555.8309937117583,663.0310025746292,1250.458729543372,0.0,0.0,129.42696836039656,15.767559373709268,80.97463370154225,108.70639472654203,107.18195253445673,97.26906209785088,108.93778888571033,88.16915104875497,118.70413166573988,67.85562437435206,92.78613723626678,86.28662861327541,110.75112600487981,108.44874714228534,74.38735151171554
285,1469.3754918433299,664.7609767182597,0.7629797565834331,-0.5222743590753197,-0.21860907533817117,49,0.0,0.010954357170561932,1.0962998228932481,-0.0998233598712111,1469.3754918433299,664.7609767182597,1009.5911842747012,0.0,0.0,129.4643992813727,15.768273661131591,84.51271654103972,61.374446213956105,82.38598575039353,80.92116890911262,89.71356746655029,92.94174423708387,91.00893054724403,74.34049424506847,54.324042827811766,80.4665039033189,76.15076079866849,73.31261015215475,68.13821268229869
286,482.55799712247784,667.299723957253,0.5014264913223633,-0.2052674946179477,-0.017687309638786657,49,0.0,0.03136153695178486,4.198260379583932,-1.5576734259623857,482.55799712247784,667.299723957253,1663.9011826491628,0.0,0.0,129.89163253642906,15.768804120768987,110.05725987692063,117.806946686913,127.44366165554398,165.794380682633,128.44377039079166,131.35645799019736,133.50038717489383,133.7727015834762,146.06845289940202,137.1753392274224,133.26661086483682,98.38316165595432,100.83205196017761
287,2217.157364456969,669.2977444454372,0.2328942037728051,0.49514787015342593,0.6743385711034177,49,0.0,0.007173628047074923,1.0999161080131619,-0.10339890558567325,2217.157364456969,669.2977444454372,1139.7303903547404,0.0,0.0,129.1406468786761,15.770008557580525,71.92700804512492,70.24848914634995,99.77961059870552,92.23774642566079,98.0155500965221,87.2677875261775,92.19530661617756,83.43046606791803,93.61348494634008,73.35743481396287,98.73615247223258,119.32671140058888,59.59464219897944
288,1954.135713367623,672.8516809264622,0.9621922128134497,-0.3810542055871581,0.004811883384550953,49,0.0,0.020340195846666995,1.6480652915264526,-0.5424360329475848,1954.135713367623,672.8516809264622,1253.675034192123,0.0,0.0,129.2545203518163,15.771598478112793,83.33734690814808,112.55970502907823,91.61029258992804,113.20421686848923,101.23458697211275,90.24871617986715,85.65164547270598,77.7595770735328,78.45187726056997,110.90221000725236,103.46487272206579,119.61528453308208,85.63470257529046
289,1730.7240778882067,673.7730906182595,0.3169475471851887,0.7966570050495984,0.5962994680354501,49,0.0,0.012942786708611235,1.5578962767253406,-0.48134634844827795,1730.7240778882067,673.7730906182595,1373.3306794433624,0.0,0.0,129.3512475034678,15.77202863522937,99.39650994134348,100.30522323212807,103.77958801603393,132.39409613807214,107.98916591246083,105.21932558999185,111.126751143007,97.77718892668977,111.36315348555864,94.49838384707493,114.5509691515746,105.55633609596094,89.37398796346622
290,2044.1016298614966,675.4830595290927,0.4719309546490034,-0.007377244644324939,0.3268532531268259,49,0.0,0.0484183317132455,7.5581025021216055,-2.196031943682555,2044.1016298614966,675.4830595290927,2105.9216320923642,0.0,0.0,129.21556828044308,15.772664140633767,162.56165167962686,168.85018317709873,176.16713167947074,133.99991005594018,153.5987717418693,144.70351619078323,178.92219218632545,164.85494697694952,161.04447664828245,156.86607597607357,196.2398442263626,160.38293102695764,147.73000052662434
291,1834.6304325661333,675.8728281348425,0.6558185523374112,-0.162535437644356,-0.3724124629016974,49,0.0,0.020149700952491776,1.9393675502487902,-0.7191503116573008,1834.6304325661333,675.8728281348425,1425.3967136927022,0.0,0.0,129.30626008397334,15.772887285285917,110.75448015907433,110.4341499645474,117.22290460601448,128.3302050518194,113.19829209489458,98.14699873152595,122.4868848168073,114.59358702675232,114.47239957145997,93.82310555142547,110.22323311405613,108.44115132887956,83.26932167544516
292,1134.0104212080703,677.655299619107,0.31400829208514724,-0.41968922132596415,0.17941954125558815,49,0.0,0.011456079459577861,1.8816690767192579,-0.6863581194713857,1134.0104212080703,677.655299619107,1126.5980673786548,0.0,0.0,129.60960008788228,15.773560280770848,88.67148040250876,89.54024524744055,76.30020848000386,73.18973531823116,86.38299846597408,95.33689203624496,99.69397645632868,91.8954132660103,83.56106194642399,81.67175361085125,83.6427500950268,103.25470461766537,73.4568474359451
293,1890.7165029908565,676.6239317434915,0.5203890978935185,0.09791610390896818,0.4462374696965744,49,0.0,0.015424383444418351,1.800937038364287,-0.6387463248459821,1890.7165029908565,676.6239317434915,1329.8463815365621,0.0,0.0,129.28197697621377,15.773187645761714,102.65970272482525,100.82139902993302,105.81352864117233,90.21779776353813,89.38922676592767,102.60271405722557,103.29424865888143,107.48458974474181,118.83084504711456,98.70728375783082,107.42240863561281,117.1863678709189,85.41626883884005
294,2034.629849337557,679.286199584191,0.4998753167692736,-0.12481658845333574,0.25086600153368094,49,0.0,0.06578985658900999,10.256896195433264,-2.5275399006901615,2034.629849337557,679.286199584191,2286.7639808507447,0.0,0.0,129.2196676274375,15.774252259860969,163.7555795183386,153.86498964143993,174.0227066250526,153.52383831376105,183.55474192137677,167.2253407902582,175.0238131938549,199.63473540240568,192.5559478111153,191.4939004571754,196.34454032829188,201.21295374143898,134.55089310623575
295,2364.1495533675193,679.6071382865096,0.5787644468418764,0.042828883943682255,0.22823547055617976,49,0.0,0.27397222700918283,38.99520395329073,-3.9775279903416343,2364.1495533675193,679.6071382865096,7629.166332096125,0.0,0.0,129.0770006428314,15.774217068361295,566.7095156289065,578.6145766746386,608.2110533300084,548.6681744408677,613.5387810574123,581.9353105470467,620.2853498210479,604.7029856758004,607.1942846521829,631.549238014997,633.3685383936881,581.1401196157178,453.2484042438104
296,1407.7745450664406,681.3726381244553,0.605252989214679,-0.12485048161434871,0.3765046544961721,49,0.0,0.11334402021559753,15.965566101394083,-3.0079608055214004,1407.7745450664406,681.3726381244553,3002.703284642703,0.0,0.0,129.49107225645423,15.775186330381871,195.81906620998856,234.1458032304341,198.06189671680812,255.7035300683575,239.1771289165065,262.18335376678306,255.9527231980582,252.59956140235903,211.01535964522105,256.16736182454173,228.85600508148622,236.02508061305298,176.99641396910528
297,1981.7598666774688,681.4008824107882,0.8146872942198075,0.2746008477036889,0.39514913973270266,49,0.0,0.013831985558153096,1.363215263035479,-0.33641109990738594,1981.7598666774688,681.4008824107882,1049.0188456116568,0.0,0.0,129.2425574088636,15.775151783609022,78.25651169212938,85.3713905301209,92.70272291845863,84.2521856084043,77.80950878332592,63.842522476905735,84.39811616387519,78.02114154748004,74.50628160645095,85.28800338814895,93.89658438043806,88.45337289918879,62.220503616730085
298,2012.3589528388934,681.783030463746,0.36888050814031476,0.242060272448551,0.5042833311819164,49,0.0,0.011933360087447874,1.2750065342730914,-0.263781026221945,2012.3589528388934,681.783030463746,1323.1915209617937,0.0,0.0,129.22930906119106,15.775300617521568,99.20820957552823,94.12659799685993,96.34194814208794,123.16933237073457,119.42095717764995,96.55772525279204,112.89093677458604,107.3106345993463,96.31307500157057,93.12896284529937,98.61331231724328,112.72278559414991,73.3870433139455
299,2229.1248132563433,681.3855261958464,0.34083734547569156,-0.11322140841078944,0.2667769887313501,49,0.0,0.03964868905307213,7.3885704106803844,-2.1714010409081292,2229.1248132563433,681.3855261958464,1859.5760565558828,0.0,0.0,129.13545872440952,15.775038472442759,137.67954832049264,148.4665683643443,154.0861881864939,130.36913743310407,139.52195774737436,164.64309489604545,146.54010589922598,151.5873166232817,161.17514848834145,118.31874138290516,142.48936022948521,134.38044741986064,130.31844156492807
300,2416.183387380547,684.2927861819657,0.6935804851140452,-0.11286600957650401,0.3666077033493459,49,0.0,0.02722577503898909,3.1141113148405553,-1.2333353312393511,2416.183387380547,684.2927861819657,1439.5473835241141,0.0,0.0,129.05446923842496,15.77613412943842,105.38713871531806,110.70973456165859,102.44670848493888,116.66809337873671,114.81294656132818,119.28578093786537,100.33630678321245,107.72174990699735,126.91475450231458,113.59193281112611,117.44085448319483,117.28825666811514,86.94312572930778
301,703.0384607839494,688.7060685963783,0.5649035419604947,-0.0946187272114711,0.2806452808877171,49,0.0,0.07055469847192969,9.576006227557677,-2.4529610495822096,703.0384607839494,688.7060685963783,2370.5541689565343,0.0,0.0,129.7961981623223,15.777912912151807,163.6841408277656,200.39555021102223,190.93565746619294,177.9297637770222,145.16243537914414,189.99492090347036,166.80827391354052,185.99231451766124,198.69801693115994,191.54435259232696,204.10816049585912,207.0197542192683,148.28082772210067
302,967.6511394558795,688.5965881528866,0.6162388619183139,-0.03913143527950776,0.2126962639264479,49,0.0,0.02072556531342346,2.34307005377764,-0.9244631836288225,967.6511394558795,688.5965881528866,1300.2059695052963,0.0,0.0,129.68163226515534,15.77804063347532,111.85956640971662,91.71689916449698,91.23175387904591,87.3993407628619,108.45956026624634,93.93605391706299,107.4935923367706,112.98607124125371,121.54251842816379,92.54233513801145,92.41630386159275,102.93494915283206,85.68702494724113
303,1363.8778002445995,689.0477194646438,0.4090716491514237,0.5845606920019605,0.13137438067426846,49,0.0,0.014453212023594338,1.7828556633980082,-0.6277904623591299,1363.8778002445995,689.0477194646438,1335.6114440557637,0.0,0.0,129.5100795985686,15.778376067913436,75.71511666166133,106.53080235324437,106.53115947026069,113.69843521102077,120.57491868662423,105.68104712787485,102.16404317148961,91.27478296728948,120.94197414483163,103.67035922149134,100.05833578761394,107.32546372099758,81.44500553136382
304,1421.4760378263948,689.4657799011148,0.4896252751539703,0.04486391076479283,0.12271344859002853,49,0.0,0.06402579183604279,10.226052006214768,-2.52426999267458,1421.4760378263948,689.4657799011148,2299.3944906407787,0.0,0.0,129.48514132536673,15.778560500317806,149.23206978206866,176.56005614811545,179.34144128829394,162.08454199177356,182.9675640128004,185.22630832203282,203.9989327089948,190.27483932889155,196.7883519497039,179.06030268259306,192.059396761218,157.7893538402539,144.0113318240388
305,2059.4842659921474,688.6227111621614,0.4961078372924629,0.8910662666862855,0.26665176618011704,49,0.0,0.010109922216092675,1.2150681233420062,-0.21150156883200408,2059.4842659921474,688.6227111621614,1083.130039611964,0.0,0.0,129.20890281165853,15.778132777049724,80.19202830231484,81.57506613940006,79.9473087555914,70.63508191947822,96.05917973014476,88.06464592151195,92.53669859819533,69.4701993279884,66.75826254364387,93.94150317149459,107.9054398853637,83.75681867500037,72.2878066418367
306,829.742813169983,689.7339373872031,0.7294189372038244,0.3746433532287202,0.23997591999258935,49,0.0,0.028137826473958728,3.137913587291866,-1.2416024492434197,829.742813169983,689.7339373872031,1292.364377388308,0.0,0.0,129.7413417157906,15.778431641845442,107.11544373219348,97.41128548787471,97.84144723085853,117.5252498641003,110.1718645108328,94.2486529838821,82.62109523783812,101.20942640375901,99.11243996541717,103.99790027658571,101.92698817321525,102.65098772456383,76.53159579718691
307,1731.0030615524408,692.3552148593542,0.6832827064509062,0.049388142464969656,0.22599558881693585,49,0.0,0.027473044670999786,3.007832499104907,-1.195634118745215,1731.0030615524408,692.3552148593542,1396.0729163000187,0.0,0.0,129.35112450745444,15.77977080745594,100.84052522388151,106.33051700113359,113.547185529436,88.81221062049698,128.4504180524215,97.95728010380681,110.02796452640243,98.60786640724587,105.42499282505139,115.85967954882051,136.0914040062994,120.04913590589922,74.07373654912354
308,2592.0108515872175,692.2085782464142,0.8843439589074369,-0.056098834931344516,0.36904748717071467,49,0.0,0.013937405996915552,1.2549298206010677,-0.24654859865039436,2592.0108515872175,692.2085782464142,1191.4548148813228,0.0,0.0,128.97833810904493,15.779296141509237,91.51764137056071,84.49469873295487,94.08452191056722,103.35939341288599,81.87322011692493,92.33140725869958,81.75646199758144,100.48592460049943,100.04038807698714,101.1973835558928,95.77305336564874,88.91964962830812,75.621070853812
309,606.777911689746,692.471584004704,0.35772218087861907,-0.539175470050177,0.6109403710119443,49,0.0,0.00920088786192159,1.020963620068045,-0.02252566793718287,606.777911689746,692.471584004704,1109.4494269938627,0.0,0.0,129.837877497064,15.779403840160686,80.7299636497478,98.16866710099043,83.73874264015383,84.45575678653557,107.17637555102769,64.24878371074021,89.24138113959584,84.15111090684066,79.35200339665673,79.98567612014199,79.1236555373878,110.22209641340314,68.85521404064109
310,2377.636966956286,692.4048889116636,0.5583509052645409,-0.15139395851816567,-0.9341688455374939,49,0.0,0.015919738364114457,1.2588611863955155,-0.24994460861723033,2377.636966956286,692.4048889116636,2134.4803658147675,0.0,0.0,129.07115223379054,15.779540243139271,153.60478753173095,176.6502762960198,167.40747288671065,162.14915207344745,165.05114226556015,158.08889130042584,150.8617257552309,165.2578183967794,164.01093885720422,173.69721163144777,177.93449061537365,189.10656226199214,130.65989594284417
311,472.0717209002117,695.0015019330104,0.6409207796973921,-0.07543064670982079,0.2667292334217262,49,0.0,0.10056989338763765,12.241431522466135,-2.7195805187794058,472.0717209002117,695.0015019330104,3225.8742917321542,0.0,0.0,129.89620072159238,15.780335514565193,243.81264201449102,236.7354825914271,248.46991310127004,263.7894633712277,264.5663112379003,280.05516192588857,271.09121226003845,238.6566014818447,246.44638348504566,235.62851670201468,241.1019538697393,276.26464573270613,179.2560039585606
312,487.01161158644976,696.5328118555177,0.6129979350058053,-0.034392345463226934,0.22695076694242453,49,0.0,0.14214542188826523,17.741915968632764,-3.1225012948939614,487.01161158644976,696.5328118555177,4409.781787074807,0.0,0.0,129.88973410827958,15.780987849045589,314.95217662520014,330.7072949511512,334.8295963580117,336.37122954612045,348.6690972463407,353.6504073452612,352.43858997585346,358.5496526119004,360.32184810363367,336.96172647567187,364.98574695384576,352.67505662658345,264.6693642552324
313,2613.9996713468504,696.380441899442,0.30535467171852504,0.19046161501737224,0.36221013440375954,49,0.0,0.0637705407000078,10.867122674967645,-2.590286424198979,2613.9996713468504,696.380441899442,3121.9547160314655,0.0,0.0,128.96881420711634,15.781015418234627,219.53389210104834,258.9302512036484,242.93495540391902,271.7337977532667,228.97051893016106,223.69362221507004,222.78991173243492,227.65034357031473,261.97682835340123,240.44731597253408,277.1478964272669,261.0782889388547,185.06709342954548
314,2142.8677635637973,696.7642971781863,0.939672645475525,0.11640395080768556,0.24115726608157334,49,0.0,0.016204516292892268,1.4154837283798547,-0.37726220330003535,2142.8677635637973,696.7642971781863,1099.3973178698661,0.0,0.0,129.17279665177637,15.78148918635983,75.01386147956697,87.94028286835672,80.54534304401554,83.25864867397713,93.62063129658665,78.1870694203385,80.86309848896869,92.02094244455692,94.20557678242398,87.30688274331521,90.46796381310702,84.06874564079617,71.8982711738565
315,2228.351316799177,697.2115734824876,0.4609589419969639,-0.16024223245120245,0.1109070743043201,49,0.0,0.01980881685381087,2.8254162302079666,-1.1277060889434503,2228.351316799177,697.2115734824876,1358.3279584766017,0.0,0.0,129.13578456630486,15.781632710734359,104.0345800943535,101.95890187141882,116.6054259956908,104.84686296121714,118.70542727836327,102.65956814565894,97.16586478024578,89.99601712620058,97.52268847697816,103.4110650378534,115.70582892266609,125.67476455267447,80.04096323328065
316,1714.4069595973942,702.3967157298259,0.3595309749768134,-0.2085922185324084,0.06293910187911744,49,0.0,0.007262573268961383,1.0941327931939655,-0.09767508710388381,1714.4069595973942,702.3967157298259,917.4883975366995,0.0,0.0,129.35830915124345,15.783956320680664,63.638757299149944,71.31344496407209,73.53527529286544,65.54168709904312,84.8619724710528,75.10753132745137,66.70162208468476,71.51240452136531,65.49985921103124,78.13977946739399,74.7550287037505,65.21440041363957,61.66663468119944
317,2204.504160265353,702.9756193048321,0.7957970398537085,0.21332174087890532,0.024728669254478235,49,0.0,0.011717124780993717,1.014589990984555,-0.015726434127477765,2204.504160265353,702.9756193048321,1024.0038716306924,0.0,0.0,129.14610649218102,15.784046846229671,63.21843364701405,74.8986932522057,90.99681590777938,89.51725294354416,84.80671161968901,78.69079737293002,76.80038080891968,90.18610861531383,84.82276865767287,78.54050377397016,79.16739112526997,76.95183503174096,55.40617887464272
318,2777.093002624123,709.8016745332318,0.7058353926439754,-0.2949903653342973,-0.40513917659493026,49,0.0,0.0239634514604369,1.351951290793428,-0.32740261192693687,2777.093002624123,709.8016745332318,7281.200906158509,0.0,4485.354998497855,128.8981887975307,15.786454217229267,365.7242273132425,425.83839169311005,426.63492804740287,454.48138067454124,454.53505335879277,505.19193098663555,588.2104119911221,567.6962264354793,1059.1551153402427,1003.3612448894709,558.0750029215455,570.2660738220493,302.0309186848742
319,871.1664233331521,711.0661868094392,0.9047132806198109,0.5872816276881888,0.5113337520654158,49,0.0,0.011960843552253997,1.0405912303145275,-0.04320040378939325,871.1664233331521,711.0661868094392,973.5860024245565,0.0,0.0,129.72342118443729,15.787346162528907,81.15152407929028,72.68124333926374,73.54353287791773,86.49016679158237,80.02754172314728,80.29792591822417,76.0495174483757,70.05320815262783,65.6836097740572,71.62247087088708,90.61933075264022,70.25353155883678,55.11239913770601
320,1446.2019366989603,715.0993142735844,0.41416681296448143,-0.08010592066113,-0.05656057442598384,49,0.0,0.02081178312086333,3.130317554686967,-1.2389709918315925,1446.2019366989603,715.0993142735844,1564.3271611314572,0.0,0.0,129.47443932156338,15.789244204748696,100.19536601187683,114.38087900076282,119.22421715646617,124.57053648294907,126.57847986541273,129.99405528536303,128.69953972322145,121.38266087836342,117.87962144559836,116.04782818100028,143.21146241569534,133.13375059675482,89.02876408799308
321,398.5278355025292,717.0098726493533,0.5804045472983121,-0.13097027620314058,0.05422159405618066,49,0.0,0.15750374002876533,19.657525834673883,-3.2338221377628233,398.5278355025292,717.0098726493533,5167.083130046534,0.0,1708.8029340056996,129.9280651536494,15.789431530464986,356.46968668744876,401.5277524136669,395.77445906182004,419.517031640487,413.2328486249612,422.4542796914428,402.3659390142956,400.035260014866,417.9929165307077,394.2932457392927,400.2083908657229,417.63942979525245,325.57188996657067
322,1691.4849441085562,717.2738773026845,0.5622728970517109,0.003662209200059119,0.17591863657592732,49,0.0,0.4197611403811591,63.493816926948426,-4.506828588613788,1691.4849441085562,717.2738773026845,8735.499240551482,0.0,0.0,129.36823277387367,15.790156887711078,633.4134476069448,667.0602307206188,699.9223315708618,690.4039541974207,717.5358058800215,711.3931377230132,644.3814946073373,669.9722489913422,712.6352225541839,689.4029842443258,703.5688398311139,666.7695414231916,529.0400012011067
323,2682.63871100339,717.559666503777,0.6813986174053097,-0.2501796372044063,0.6107970530208829,49,0.0,0.01145652487909768,1.0780487338489657,-0.08159598460197537,2682.63871100339,717.559666503777,1055.7773077775146,0.0,345.1236161568687,128.93907598687744,15.789777843517745,85.30744575938746,77.9856925243607,78.86585699956754,94.14633277111918,82.06841288239616,81.16188395700961,91.06849843803676,81.45379357188229,70.20764021647835,91.46332261855642,96.04478349338086,75.60742080728286,50.396223738056364
324,2790.0192432412755,717.2647679360074,0.22402000571813124,-0.36802837428894325,0.33816706589991596,49,0.0,0.020564138448049937,2.32852230349538,-0.917701005326783,2790.0192432412755,717.2647679360074,5883.0003629660805,0.0,2764.22063662352,128.89258422163604,15.789550485223609,263.47390307595253,287.51861594214387,297.8618517737163,448.45172011881493,399.0873396315696,499.8593282579991,446.96670770634,593.8150629097579,462.0478713425649,499.54664041548904,897.7719573764032,557.6609080217889,228.93845639354083
325,1450.268174065364,717.9455138369104,0.458939799967185,-0.2551664230282506,0.021792138226750767,49,0.0,0.015413207888661065,2.04373030825287,-0.7760589637774872,1450.268174065364,717.9455138369104,1525.229083553832,0.0,0.0,129.47267905136124,15.790430601929799,102.80879126381167,122.0640688803208,118.81472090638786,111.51181673871787,121.54947261128414,130.25903511830654,119.3550175255123,121.30652448387448,112.92713051278758,113.190586901972,135.36584819698368,132.53519051712397,83.54087989674906
326,409.64127812629454,721.0307198437296,0.8864318416772292,-0.29150611182233555,0.582442237137497,49,0.0,0.014904110330982786,1.2536284026116178,-0.24542205772153652,409.64127812629454,721.0307198437296,1435.9080236004058,0.0,224.35054474156274,129.9232578186341,15.791118137812553,123.32730466806996,112.84731902771175,100.2692834116793,111.75888084884079,104.14625956023875,93.22342404033697,129.3988425709009,105.95708156636705,103.87848717943955,125.8715248212813,101.26839216046928,123.74541024694585,100.21581349812465
327,2179.4008526327793,722.216516464769,0.6353780467522713,-0.23930845072637646,0.3444410039502787,49,0.0,0.04342083710463797,5.811584225174011,-1.910736340642881,2179.4008526327793,722.216516464769,1604.5560569930508,2.0,0.0,129.15696547078943,15.792076191768498,124.50023842195101,116.0745160551424,118.63336049384932,148.5248587323896,138.60867377463234,125.39901507054739,118.86812821200738,134.7887351109892,121.1854170794634,108.74799362433825,127.01848076260964,123.41238334759478,98.79425630753614
328,2379.853438019126,721.7154279282184,0.6555806297042498,0.27711211688367404,0.08276045352053424,49,0.0,0.015783771157764578,1.7154278553943434,-0.5859311448569289,2379.853438019126,721.7154279282184,1171.7050106602226,0.0,0.0,129.07017179079153,15.791750762728427,79.90374266258397,88.0872442848721,86.80707093033699,81.35767997529081,95.60087229215381,99.80731299948127,91.0692456216459,97.9594945197023,96.37617859838122,80.45436363236601,89.17385965065083,109.38767401005205,75.72027148270529
329,1460.555376117078,723.814708743994,0.8073415422733013,-0.12416687050263739,0.2134298213255008,49,0.0,0.03647950541910564,3.726619604975837,-1.4282876609218746,1460.555376117078,723.814708743994,1477.0620803606603,0.0,0.0,129.468225467277,15.792877277258162,89.6640414066515,126.85251155679785,109.11472982825926,115.38183566854428,125.76583374963322,98.27996652078062,101.83422174850956,131.15794165646668,128.483199901719,104.0183098489323,124.78361010746853,120.4250425910461,101.3008357758512
330,2771.9051861774383,726.7302678436233,0.39963828862478606,-0.8488851639479076,0.8130028861537909,49,0.0,1.5102124254249445,109.11141693339559,-5.094675489022576,2771.9051861774383,726.7302678436233,256372.87562039553,0.0,222603.14696243318,128.90041683934393,15.793512446993077,19101.490976897454,20374.792599365508,19960.047586844317,20100.624515918447,20201.22093091445,20445.425505827872,20379.23708830279,20240.468835297594,20243.11667310773,19582.53781519228,20074.290812835177,20127.377644788663,15542.244635103258
331,2248.6505512723356,725.6196860920697,0.3467668224568607,-0.08755800791143238,-0.12378130215425283,49,0.0,0.012517088129973587,1.874010379058865,-0.6819299796604951,2248.6505512723356,725.6196860920697,1197.5531243236892,0.0,0.0,129.12697886043455,15.793457696832457,82.10949283957345,105.52177713725831,78.77396826995096,97.11596855082082,108.72854209517716,95.40354280309637,83.22613352717897,89.96596620770922,94.12212326555834,87.94837537227221,111.67869823354104,100.47612154291976,62.48241447863268
332,1342.040875133734,726.6706445091702,0.8223510712107158,0.10470084749440571,0.17623570418329054,49,0.0,0.021668946364335435,2.2571160976190057,-0.8838847453445509,1342.040875133734,726.6706445091702,1215.0926412918566,0.0,0.0,129.51954318932724,15.794046968073221,81.49542802740082,115.71035675159311,91.38687001221044,103.02707380976975,101.00589505240029,110.41310527676386,80.23519546829631,86.83929326951983,87.76221700908405,93.4887101820496,95.47971858764188,91.00866636629338,77.24011147883323
333,2138.094136193474,728.1954749890168,0.6299864161028893,-0.12061090873715158,0.11039127875715375,49,0.0,0.05915899887559534,7.620645644287976,-2.2049794191209977,2138.094136193474,728.1954749890168,2138.8722075804912,0.0,0.0,129.17484810949642,15.794587063114227,125.31667872780955,150.73180149880517,165.6720970120674,175.40889664648256,172.6858000471255,168.65584572463263,174.40117992768447,196.6833580622785,176.78291073791564,188.9644248511467,134.4307787730943,175.81375309663412,133.32468247481467
334,1073.9739346889073,729.092352676897,0.5035113125654178,-0.003400681824595194,-0.04715191207329956,49,0.0,0.0105584883827029,1.265073150145645,-0.25528909596557525,1073.9739346889073,729.092352676897,1015.6736557740528,0.0,0.0,129.63561785557047,15.794965791350473,70.12627445671001,82.01008611169576,73.580780965516,90.6124153505352,90.13386670938374,72.54557866125718,82.05852806882027,75.0556160771141,74.81536646092442,80.78112528090176,79.55277336853952,84.47421273840186,59.92703152425304
335,2768.406198555133,728.555239710595,0.4805301968724911,-0.0995407449293213,0.28598376187039326,49,0.0,4.33088671201492,502.2697176218658,-6.752342487175835,2768.406198555133,728.555239710595,243373.8042831536,0.0,211296.1352779134,128.90192986257162,15.794276298792454,18384.04200079013,19452.782352954535,19156.595357011076,19105.87295797951,19282.678751152707,19314.726474351824,19202.363142485257,19060.559437349013,19151.206356406863,18461.53447268415,18889.1791869547,19106.81092489951,14805.4528681343
336,1622.1886579652694,732.3067200656889,0.5953657502092599,0.08292952645608095,0.26335827443960785,49,0.0,0.05566954799895111,7.78081476166405,-2.227562690407302,1622.1886579652694,732.3067200656889,1836.2099463629565,0.0,0.0,129.3982375783968,15.796423663092526,132.3474100210237,149.124831882547,158.70637230427968,137.88654252309453,151.64437822171976,146.5136893476398,128.063680129138,149.0319016984788,147.0365124590517,132.83574435139283,140.0123149606246,143.87455367181815,119.13201479214774
337,624.8408320886994,732.9957900661803,0.6247788157018771,-0.005037898022228999,0.2778721012403891,49,0.0,0.0487649267495947,6.2407524194029,-1.9880923844205132,624.8408320886994,732.9957900661803,1843.261560134344,0.0,0.0,129.83009314350397,15.796302989851172,127.46157422253744,142.79992602479774,133.88137157378605,148.99109899342443,151.61223449133325,148.31065734315598,137.4007628257563,146.0925417249563,118.8835132153331,146.7971093078602,167.99690871093287,146.8813335542552,126.15252814621532
338,412.5303578113788,734.0269389181536,0.3483741561721761,-0.09345956645612538,0.09500681048080897,49,0.0,0.12159482003579997,18.865776468298456,-3.189186710955949,412.5303578113788,734.0269389181536,5284.268288015369,0.0,72.36384616414881,129.92202100489936,15.796535736220884,379.6039739977505,415.3592108024642,414.53914755915594,388.76872124944174,412.8134853078253,425.07399418057753,427.6372944118658,384.680114607669,461.7126997454884,415.3253000862146,420.66068388460167,427.05934975904154,311.03431242327275
339,2140.8835870322773,733.8543974594104,0.5255598587263053,-0.3551776614272482,0.17111973633289898,49,0.0,0.012716614477692921,1.461610032398881,-0.41207878831146527,2140.8835870322773,733.8543974594104,2025.4861907785998,0.0,0.0,129.17363749216867,15.796943544892848,120.4330678863329,146.16450158658577,162.74160396325354,159.4643343744887,164.46546857434825,168.90322608624314,160.23625552163926,172.5817131717702,164.24939239243457,170.8360342003918,144.08832404704097,163.87125083582131,127.45101813824934
340,1528.9979782744954,741.0330233250589,0.636746294675166,-0.2799522289678528,-0.11875309084694338,49,0.0,0.015327300538625395,1.5653048324945924,-0.48649731505557336,1528.9979782744954,741.0330233250589,1195.7763010562753,0.0,0.0,129.43859073571326,15.800057489173733,80.8984653892956,100.28224972590644,84.37117518318139,84.2719717035738,87.5953684961843,87.39850889118108,118.96303815587927,101.837654298861,98.3474535235259,99.00557180727881,98.20203585916946,77.44868205093965,77.15412597129861
341,1496.0375347930208,741.9373446959602,0.4453752579721477,0.025764861266551076,0.4179979801761102,49,0.0,0.01177994052506655,1.5065728200073345,-0.44497532021434943,1496.0375347930208,741.9373446959602,1060.3463848521062,0.0,0.0,129.45286331287826,15.800431788528513,81.03009360977899,79.49784388312007,83.5788126570328,87.68046692348193,71.78325666294594,94.22448407559364,88.4299406440208,80.56735479246592,94.72899388701452,78.99699074440937,79.96620017514331,86.45898685979725,53.402959937301645
342,2087.124131406004,743.6666933506039,0.7295648708379282,0.08042769764241024,0.4320612221755172,49,0.0,0.01197349153631965,1.071710831115696,-0.07519404969817875,2087.124131406004,743.6666933506039,1123.8961156174257,0.0,0.0,129.19691130574313,15.801055477029815,84.01677515752935,98.44945085715315,81.70689475104328,84.17226329081169,86.97015013684268,92.79014703717951,90.65310157659208,79.53629729020344,98.2120490768526,87.11969490708135,91.18994330653851,74.8597854321371,74.2195627974609
343,1774.4623619721426,744.2918479815401,0.4054279210109068,-0.468013580533979,0.16290236682691878,49,0.0,0.00921409538181427,1.1875100679650583,-0.18659325088569922,1774.4623619721426,744.2918479815401,1039.0709955292991,0.0,0.0,129.33229952952763,15.801404496845166,71.13989785576615,85.94662534926263,67.68730570293951,72.61038672122743,84.55039758554048,84.83608762293666,75.64673278177847,86.9876841061363,84.72756619791997,103.66765228600894,82.89489587969209,80.63050811933351,57.745255320756755
344,380.6417480217145,745.5410960412348,0.7541293187245011,-0.21127894324998325,-0.02016969723589957,49,0.0,0.020641963107632704,1.5719691964318414,-0.49111007889151015,380.6417480217145,745.5410960412348,1581.0817946536886,0.0,517.6139906574488,129.93584082215224,15.801300003032523,139.96258868071072,125.4926430946242,125.073900118876,110.26491910076054,124.29246922404809,112.82807032822441,124.19409695336724,138.01080053107995,115.27762211312208,118.44564548349116,115.28731242042898,130.13819221848613,101.81353438646906
345,986.8143160100792,745.1535136342296,0.5222753326334174,-0.13218464789759413,0.25266108035647183,49,0.0,0.09009982605095403,13.883881558846623,-2.856277250297567,986.8143160100792,745.1535136342296,2606.4131836253227,0.0,0.0,129.67336695097075,15.801615016757115,209.92076605503422,193.70330839304114,204.42250151620274,198.73779002258073,199.11518662134006,198.24923509040178,185.31309197853767,191.84459720101393,218.62830572556413,197.30697942233218,228.1891550297747,217.43752961184327,163.5447369576563
346,1785.9225645938222,748.3526991576955,0.6455190893009798,-0.3371351311651451,0.2673704799338427,49,0.0,0.010305905311556214,1.0662016237208265,-0.06959834894370538,1785.9225645938222,748.3526991576955,1071.2518431472656,0.0,0.0,129.3273363336879,15.803094685411043,99.8170282138672,89.8885103093867,87.01808731303332,70.44153390131277,87.68617575370561,96.21415882510405,98.99863863055363,79.52269869435119,75.57543269755826,54.96258948478973,87.33483331133701,86.85571749437979,56.93643851788626
347,513.4351885657559,751.432580218656,0.5287469017914231,0.08892881204068996,0.2468675882092497,49,0.0,0.8104981734439355,112.8753482333059,-5.13149775792893,513.4351885657559,751.432580218656,22641.044416402277,0.0,0.0,129.87834840404454,15.803885942394912,1672.7577866949719,1755.7169722131814,1689.5325734180267,1720.4299927841535,1855.1415173904575,1893.2960012850656,1800.5354822545737,1744.7169937615781,1851.1029449513749,1758.3793520240392,1778.049641435021,1793.8091499925508,1327.5760081972835
348,1443.226406151895,750.4625026315194,0.42499029405528516,-0.6059901164013024,0.2687191849098107,49,0.0,0.009066133703166656,1.0182242301232993,-0.019608568729429503,1443.226406151895,750.4625026315194,1092.302026173892,0.0,0.0,129.47573277570552,15.803977872189702,69.78480338575619,83.70091314667259,92.66513597222345,67.51688671908221,95.30337976956073,80.13818682213298,88.7856051760962,86.0039132408316,111.07482440175757,75.88491891963568,76.01296700029422,87.75732904311275,77.67316257673599
349,406.74800138107736,751.8244438237961,0.7260783390036157,-0.2139755387103308,0.23396887333367825,49,0.0,0.028061879795765122,2.6714169854683214,-1.0668542074678236,406.74800138107736,751.8244438237961,1641.9916714607543,0.0,5.110131187649663,129.92454398300814,15.803944869900452,113.00630181947929,135.56162261019085,110.80288818824914,118.26270479137467,137.47994743742362,141.80909608411457,129.85126129190263,118.19073273138363,140.87079760331648,121.953300788083,132.1387135904423,144.30888638519042,97.75541813960359
350,1231.9565249977932,753.8861044972734,0.4211063071251514,0.0251179052937596,0.5637921026630286,49,0.0,0.0124998976990637,1.5585436908199672,-0.48179745351652176,1231.9565249977932,753.8861044972734,1210.7499838097601,0.0,0.0,129.56721922636743,15.805356677074315,77.21451530944935,79.89951687484458,84.52424945253223,101.26791838363205,107.94392385938679,92.90068241026572,102.64804520163166,102.31801142488693,97.38155295318225,83.01188316378847,96.8812208102737,107.46416113345043,77.29430283243589
351,2341.4589728599976,756.1935995462101,0.8777947517562474,0.06383505410657872,-0.08273409546308047,49,0.0,0.018451801629422174,1.6472930093836191,-0.5419271385442772,2341.4589728599976,756.1935995462101,1171.7150597205814,0.0,0.0,129.0867728332623,15.806140886810846,83.13403806570551,82.02235416633889,77.59652195817941,90.90435196790493,86.42993118786956,112.0804627873144,92.33209265552561,88.05664479248165,107.10003865127588,87.7880134949347,98.05580129556415,82.80573326103251,83.40907543645432
352,2538.2032523694734,758.0364374586752,0.4112369605348134,0.2713551364685997,0.13956997276880176,49,0.0,0.04276738557921118,6.873035253237712,-2.092871428755388,2538.2032523694734,758.0364374586752,2159.2645835167305,0.0,0.0,129.00157798018427,15.806767051016028,155.83344781596736,160.01517117781816,178.52995239259735,177.5056424189794,180.17546846642838,153.5172970722541,163.14975825741078,194.14121413989463,168.75711388704283,159.76191241961502,164.6404073163973,181.98510701199183,121.25209114033316
353,1466.9283778439801,760.9949890705317,0.9545113021002568,0.04312248123184913,0.3259498325960949,49,0.0,0.013692707457460634,1.0220825824415951,-0.023714968581201472,1466.9283778439801,760.9949890705317,1076.2906040117323,0.0,0.0,129.4654704623764,15.808369196391498,96.59968522467496,82.48390456695947,76.23284622441918,77.54081958518398,77.81358640482455,103.42536895036575,73.57943489406308,70.1086339164159,95.68671150366855,92.59027013520205,80.74952112591362,90.9725231672943,58.50729831274687
354,1828.8796589479139,761.1135860431363,0.8453817200527873,-0.5207109521574332,0.15183429615785005,49,0.0,0.029513494105479276,3.037588648530371,-1.2063224029404322,1828.8796589479139,761.1135860431363,1241.695585013851,0.0,0.0,129.3087322016163,15.808403890563177,88.99403933645425,100.65808042217455,111.99426279934755,120.02583408373869,82.15434487600325,79.05610259635296,94.33106390541394,96.13417204083942,105.70497584397225,115.1299684802932,94.12039417903642,92.42619040101955,60.96615604920517
355,1720.1254444782153,765.2942028210146,0.4199099481552022,0.46755923014007733,0.288963031564006,49,0.0,0.015681211557472822,2.0657763124914688,-0.7877082330484799,1720.1254444782153,765.2942028210146,1344.5289916569864,0.0,0.0,129.3558262896686,15.810161982928724,94.85290980508253,107.1456912898448,111.30838631780446,110.88864228693748,96.90088789460646,105.00953223668319,127.05074645355258,84.12358425706832,102.9322584348175,92.667287977587,105.19191099643797,113.33784199491677,93.11931171164733
356,2811.0118279194066,764.0172511413956,0.2645110403200097,0.03845705419346435,0.3826342317796078,49,0.0,0.006587132816258422,1.1713573889975777,-0.17172355362670327,2811.0118279194066,764.0172511413956,1090.1324865045399,0.0,796.457327165025,128.88344369827936,15.809007524665844,76.15329482482267,84.09662965398685,61.12580195692782,64.1728050097581,86.21514701405445,82.05279733083765,88.22338076969267,72.6777033537089,108.36763287845355,152.76704018639265,91.13984981349591,77.04532350520526,46.09508020720354
357,2136.029067194975,766.21811519677,0.632180095807268,0.279547449100506,0.20601245816757544,49,0.0,0.02094480099335728,2.6764246073496043,-1.0688875354454552,2136.029067194975,766.21811519677,1163.11070862401,0.0,0.0,129.1757237400869,15.810430039236891,94.07614725293523,99.64225804552247,71.00281730846204,93.3853495564945,91.68811717325218,83.40505432149061,82.11539386036074,92.41100467056273,105.47141446450726,88.93031857475933,83.51465719956833,106.08269538591378,71.38548081018067
358,1170.8810108256314,768.3008587499373,0.368256677535769,-0.04748447356103895,0.5083510384196208,49,0.0,0.01615847114649445,2.3894751302999016,-0.9457562868389073,1170.8810108256314,768.3008587499373,1289.5393366735852,0.0,0.0,129.59367219732673,15.81134166361713,88.8711358775011,96.39193215400269,96.57266405391778,130.2970535450184,113.07712180338218,109.20764828967648,108.21766523771413,80.26524641368843,79.94205993042081,96.42828578235061,121.9014253080525,94.64965091371594,73.71744736414419
359,2609.125620569465,770.4221792101685,0.3878806040585204,0.2855157824668937,0.4180638941449223,49,0.0,0.008670819537283136,1.084933400298515,-0.08850769852451901,2609.125620569465,770.4221792101685,1047.569355989223,0.0,0.0,128.9708564348317,15.811868235174918,77.715059009681,96.56822715924119,67.4784947687035,80.10482319227795,95.00718302937037,70.74566309451995,85.91919947143563,80.59197264051647,88.52211903613625,77.7681262758531,79.12861003107717,79.30255329504618,68.71732498536403
360,1248.5203717557358,770.7778887397593,0.4539314841726037,-0.06665182517902327,0.05084333328821272,49,0.0,0.013428724032010318,1.9176866975023086,-0.7069441391770991,1248.5203717557358,770.7778887397593,1163.3327932271425,0.0,0.0,129.56005204091656,15.812399752175432,92.08166062442075,94.7033969244891,85.66934849017927,84.50069954188669,98.56054599742957,91.32515946025892,95.00068261173166,93.97187398412805,96.73385972610892,88.78466581608691,86.26553002644465,84.57954062628136,71.15582939769658
361,884.2207434656656,771.8887393076061,0.5411748339252563,-0.3869179204903151,0.07484344939724381,49,0.0,0.012808422328232476,1.3769850824818881,-0.3473230884220979,884.2207434656656,771.8887393076061,1178.1803854554726,0.0,0.0,129.717808616615,15.812695613936926,73.2323072936313,88.93564982916394,99.7144565268454,86.88839737511779,88.39979223615626,102.50976128860646,92.68751621508679,87.88595177939398,86.42078113280127,89.77719989346917,100.41881101383308,105.37049068829502,75.93927018307198
362,1922.4625665502585,772.3515402886061,0.6098862344675465,0.1047595678400355,0.29149651437275204,49,0.0,0.05011108769022971,6.668415046570187,-2.0600565569336853,1922.4625665502585,772.3515402886061,1881.575997062297,0.0,0.0,129.26820419663605,15.81306409412686,133.2656339656465,141.5736918548185,167.5106160300439,143.76884117308873,118.3049503928616,141.62753395075012,168.11182988961605,158.20323013283985,146.21639004107092,132.42459253057203,166.53808962829058,152.68968640193592,111.34091107076219
363,2277.689412285234,773.864978101861,0.4744162053718153,0.11517670499901254,0.19246726763946867,49,0.0,0.3041447528007219,47.5495903800688,-4.192866950058343,2277.689412285234,773.864978101861,8230.869637164273,0.0,0.0,129.11437545068134,15.813542376690508,562.8932725216566,673.6485631343837,640.18607438475,627.7739244812548,630.6029286245796,646.8740577300993,686.6347708249295,704.3536326768517,668.2669102043595,628.5287006226241,666.8075696147117,594.7055796338227,499.5936527102489
364,2750.799514185559,774.9756484039455,0.4584636626746894,0.20658777611112644,0.4855524522271244,49,0.0,0.03415774105241508,4.26996789371667,-1.576061523842357,2750.799514185559,774.9756484039455,2017.8331027820125,0.0,1460.3758082842435,128.9095044769745,15.813634155265628,154.12381213293105,167.65900333143577,156.13339981051996,145.16196903248948,167.56020953337668,164.81837104067864,156.92462902882014,153.3497474884466,171.81218392985608,164.85004933516893,166.7860835782275,132.1078404282538,116.545804111808
365,1096.7836816285544,777.6596104566061,0.5091742747985845,-0.8791405525193178,0.22996086218701714,49,0.0,0.012263337333118613,1.366271586410794,-0.3388425916213558,1096.7836816285544,777.6596104566061,1234.320091900719,0.0,0.0,129.6257634810299,15.815211304141563,73.97688682151897,88.39651668154482,94.7315038398875,99.1324667508841,98.39840228040043,110.28288775207338,100.47551765537358,81.69622772175501,101.11002403534218,112.38374524549637,89.71044974964016,111.91805299325824,72.10741037354423
366,1717.6440224381918,777.1770657833376,0.5301365434872142,-0.2837059533993173,0.5185992466929582,49,0.0,0.012899685609050058,1.5186889259313174,-0.45367206535705,1717.6440224381918,777.1770657833376,1272.457650010071,0.0,0.0,129.35689957857286,15.815113245863124,95.62177254528169,93.70585109780251,89.66357155564921,79.54463462804961,102.173854445184,118.7297780264343,101.15339742138005,97.1541171492953,105.76437910624529,105.8164907384681,111.25762344793844,92.62457363060979,79.24760621773258
367,913.2402213212798,778.0747830233631,0.5942457621051601,-0.09119408480426637,0.2737378369116416,49,0.0,0.5387381582143786,76.97270945423462,-4.715841935195399,913.2402213212798,778.0747830233631,11274.447901331916,0.0,0.0,129.70524604238457,15.815290479573097,814.9394101965485,835.9723122268153,910.1822438289896,835.0014303816749,919.161074472407,890.7711335478625,916.8181236621599,911.0237840340187,903.1754663920424,860.2133516677422,892.4587719818794,880.7044883643213,704.0263105754557
368,1705.477175046488,777.2742162521021,0.3999304608518461,0.9485965376962779,0.5444170945535372,49,0.0,0.04777599263585168,5.299402911225733,-1.8105673499605541,1705.477175046488,777.2742162521021,3468.748373728573,0.0,0.0,129.36216844190812,15.815154883491289,251.1232654461377,245.66612358182834,255.230199693707,261.05773172908926,241.26634571903747,273.7153527728399,276.26433929245707,287.02004156356486,314.87287079698405,257.76143895476514,313.8998647219895,280.9103071128736,209.96049234329922
369,2053.5002642963536,779.2997667008292,0.611169595731269,-0.14738939380774535,0.14109226152990903,49,0.0,0.24085954479724903,33.405418188470215,-3.8095422821871945,2053.5002642963536,779.2997667008292,5324.616528718145,0.0,0.0,129.2114562734188,15.815915495814094,398.7006575668562,371.35067506712693,459.5471107958965,415.6248351452848,433.9570274214059,436.6987517748416,403.84710746378346,450.00606800601025,410.77764288037645,424.7697438635364,438.7982589628218,376.0056265823539,304.53302318785103
370,1406.6992710391946,780.8115104796148,0.7111014657752508,-0.01327777246589813,0.18386015925981383,49,0.0,0.1173384082678496,15.09488110479427,-2.947074241603302,1406.6992710391946,780.8115104796148,2588.474870888746,0.0,0.0,129.49155536126665,15.816617313414516,181.041162501896,183.99565396368962,191.49156254498226,197.6988548036535,208.59914886505211,202.36906918246956,223.083380995749,176.76858797318255,188.51701569938848,227.47301249563907,222.13815588568963,230.86106703400915,154.4381989433448
371,2019.855241612396,783.4690318787134,0.20670268883948778,0.5787358641736815,-0.21033442019163168,49,0.0,0.006355520089491692,1.024075415163204,-0.025829850542944986,2019.855241612396,783.4690318787134,1132.4354026543556,0.0,0.0,129.22602462835837,15.817665214950193,86.57505236737589,91.93049960140135,74.29059363210979,86.0355666591416,81.27173876180498,103.08382909570332,89.43100699422362,80.29925362151009,93.00242171626354,96.58477608568631,89.32380134325389,83.9520223711059,76.65484040477514
372,1259.1268804725275,783.8257920774817,0.32354920217044675,0.45205239989758433,-0.04097220095388581,49,0.0,0.0071916774670513555,1.020986394157225,-0.02254988660363596,1259.1268804725275,783.8257920774817,993.1610562136057,0.0,0.0,129.5554630227162,15.81783932083403,67.97196509571519,75.57842754016613,84.14276963886158,85.0521038127284,76.36587207683738,97.36071473709693,59.492452559774215,78.10503141772523,76.53877550934175,64.37853251817688,88.28201015313947,75.16681786781095,64.72558328623145
373,1632.8737075079443,785.1559604042818,0.6216273340830748,-0.7468223619917955,0.0273747862118141,49,0.0,0.014646903068601537,1.154427503087958,-0.15591666210776495,1632.8737075079443,785.1559604042818,1503.0886873986117,0.0,0.0,129.39360927598295,15.818443106243901,105.53747821449105,117.9530265405142,108.13433236235642,126.28676344265304,148.40322023584713,94.93741042602585,111.80162968217886,133.25411453006836,101.02470137916859,113.26716571482979,133.31191386214488,116.4999169431953,92.6770140651382
374,671.2436116349074,785.8487352750742,0.7731471441001649,-0.9336520734813423,0.01885708327482501,49,0.0,0.011808674359876934,1.0783920800861464,-0.08194172415690837,671.2436116349074,785.8487352750742,1308.7633938431304,0.0,0.0,129.81004597096037,15.81836156426641,91.40009801628717,119.9998868355922,100.63362867497362,98.83116258826992,110.40417622553801,96.61729411793607,85.8279624592944,108.68728105294876,100.9073575281287,102.77461036991025,117.5842994358155,100.46059624973925,74.6350402886967
375,1577.445181883105,787.1305354093929,0.5777007365689923,0.4303614046968643,0.5080968487060863,49,0.0,0.010068983960208186,1.089878187556891,-0.09344490212647834,1577.445181883105,787.1305354093929,1073.799608744102,0.0,0.0,129.41761314807317,15.819266038671497,69.68834944885889,77.76920357349836,92.02499904225519,76.70662903187332,95.72584581084823,77.8754143260445,84.60850789743512,74.26334844352093,92.04969448681919,81.02061146242262,95.93309010836215,87.98188766927579,68.15202744288753
376,1764.0676099296456,786.8317521033085,0.220110211462861,-0.12905618877154862,0.1549185438095094,49,0.0,0.022975975947278404,4.221496161221562,-1.5636659967193842,1764.0676099296456,786.8317521033085,1746.3832883019982,0.0,0.0,129.33679434032217,15.819130293960962,125.07198620725002,132.56425530723584,108.2735844794287,157.99990432962068,124.40293680042966,138.41640209546523,142.45428657490956,129.49817508200488,142.6882838994718,135.6195251790301,146.54683687280885,163.31094523168798,99.53616624265473
377,1109.9402849699325,789.396866428988,0.6020566348620421,-0.07021751476711423,0.30706797577716716,49,0.0,0.30452995086115703,43.36975438414421,-4.092967406541326,1109.9402849699325,789.396866428988,6546.986702691851,0.0,0.0,129.6200713083358,15.820107234665382,476.9334047059899,498.769264270377,535.8409936351344,484.27806799673385,512.019445598339,542.3500187177974,510.608975062446,495.12905416245604,553.753831843554,475.11840962356837,501.6410172834435,557.9045959101687,402.63962388184336
378,1418.894740346901,789.3746978235064,0.45404111646794404,0.059126269380154986,0.19869774671795548,49,0.0,0.05063600174755467,8.271484429231366,-2.2939586413457853,1418.894740346901,789.3746978235064,2027.823324711538,0.0,0.0,129.4862754769617,15.820187144172747,156.27360857890497,162.58184353738758,157.27844483589905,156.3162297047514,156.92400430505924,160.20882783232133,158.66114779894215,156.39154854304854,186.54635072466553,135.62591090325762,160.14561259373116,159.6219775936483,121.24781775992092
379,1914.6227306549665,790.0526531218782,0.7644563587854258,-0.03873007499438309,0.26035520293197095,49,0.0,0.03898655796119815,4.3584756378490335,-1.5983365569862096,1914.6227306549665,790.0526531218782,1438.9302646012004,0.0,0.0,129.27159413359638,15.820441414817594,136.24842674487957,106.85065980059028,111.07392472497503,86.0478791899549,113.67585524193673,117.47035235979047,107.93765341033273,114.54787607436461,102.79652717482716,126.39871039507454,104.29335615890696,129.20987295619494,82.37917036937236
380,2519.6796117941385,789.667030562222,0.5174377515377095,0.1085477115129266,0.19789928209266522,49,0.0,4.799739985022942,686.7328086699549,-7.0919694907876485,2519.6796117941385,789.667030562222,127690.06769478074,0.0,0.0,129.0095724789151,15.8199604210211,9278.818978418247,9792.93187921761,9981.235571206256,10223.849228709749,10133.034814911258,10251.281572247151,10073.419587359114,10138.257671249408,10139.802978366344,9825.206391406999,10121.25064450216,10086.35250692088,7644.62587026553
381,986.7697419660847,790.4990297077086,0.6511895180861925,0.23365253043148568,0.49328783226260164,49,0.0,0.03117517411246064,3.355080147002019,-1.314257247913027,986.7697419660847,790.4990297077086,1689.3116977515983,0.0,0.0,129.67341159992196,15.820508061488901,131.7314299637336,122.43422098700637,153.6283014639837,115.36581074016718,141.28836101335432,121.6536819786271,149.3851587074684,134.4576572272279,139.46976686999704,141.65247498986076,121.70895272624904,120.55733417794659,95.97854690597623
382,1284.5306647162845,792.7695308334163,0.7313285279740742,0.26509317225183865,-0.13068697072196298,49,0.0,0.010764323826988694,1.0055879568425736,-0.006050158740958701,1284.5306647162845,792.7695308334163,1005.5883536303147,0.0,0.0,129.54446435400433,15.821572905288575,87.84525699536718,78.15113197132723,94.4129655945739,67.23260885788058,72.7664640297543,73.47715068339838,78.23714377181817,71.08471034973988,80.26272393514213,85.45968932042777,84.99501854911603,78.21749075898474,53.445998812784424
383,2084.935459332816,796.7206566954943,0.36613676687608443,-0.498761454975213,0.2376549452804029,49,0.0,0.008233521706837374,1.0495233850943158,-0.05248029954062399,2084.935459332816,796.7206566954943,1152.515045484653,0.0,0.0,129.19783562539635,15.823161251422274,86.61364149899437,86.17205752557345,85.05879708503048,84.18251573981672,106.59835990468949,91.6942467110344,96.46158227599955,81.22668236069322,98.8444345438891,79.97510394107329,101.4690390611253,93.8232713007405,60.395313535993246
384,682.9313560491585,799.447058050627,0.5519415193739026,-0.06894270200593106,0.2407079135511177,49,0.0,1.8298827966978874,262.83182249756965,-6.049194866245319,682.9313560491585,799.447058050627,42694.117214469356,0.0,0.0,129.80499609073505,15.824036464324289,2985.9565231752495,3311.3675959662996,3378.5913339864137,3367.0051293517176,3342.966470182455,3380.108056187424,3403.1575441522577,3390.617885202125,3407.2714741155955,3391.2458559669317,3380.7097848804733,3412.1241918863097,2542.995369416112
385,1375.9234598070182,802.0124721001071,0.6015736605110822,-0.03465686528679602,0.715204769490817,49,0.0,0.014474155193771038,1.53823992942721,-0.4675602013089764,1375.9234598070182,802.0124721001071,1245.5568882760858,0.0,0.0,129.50488729030235,15.825445202851355,87.9031168727354,112.83306504612386,106.73458868260838,105.88222290247845,91.06619805691676,104.9464116293004,87.91123406915095,98.87173939844425,89.80495287517061,69.93654304209177,103.33166557700633,103.13941354041789,83.19573658364068
386,1163.2222581263711,803.9447878994163,0.5604021909157537,-0.2629068263325707,0.12287286265297337,49,0.0,0.026877195224879285,3.5881751176897296,-1.387184075611339,1163.2222581263711,803.9447878994163,1417.6761062246255,0.0,0.0,129.59700293460835,15.826189850030307,89.27805267508046,95.64889582624511,103.80844444816171,89.32613060740768,124.74736457927128,134.94573133131343,119.67271365038549,125.3458157467937,108.14662078539311,88.07111945238418,110.74442764765263,133.46175651154897,94.47903296298757
387,1147.8243252657305,805.0177841206829,0.7805965072917614,-0.17353811514748846,-0.02406420866326314,49,0.0,0.02213466141439801,1.9780918030551184,-0.7406161082376768,1147.8243252657305,805.0177841206829,1545.242546662118,0.0,0.0,129.60367178111846,15.826631029335687,111.80111607368187,114.61174671832322,121.27513856954573,127.5658700448696,122.72229457987095,124.38266856512496,137.0707599829632,105.36877289993146,110.51759442413686,128.5331547339852,123.76566923331265,121.01056498324446,96.61719585312778
388,251.13510110440612,805.6860555265723,0.42716637721455714,0.1298405314526239,-0.48735961920711135,49,0.0,0.0950909894892487,11.557859123039417,-2.6571934915355753,251.13510110440612,805.6860555265723,5484.764582314609,171.5782389131421,5056.520742969343,129.99198881514454,15.826215553105717,383.35807761451133,402.98972476934523,432.4299434672846,430.59626543956574,442.34035489254336,464.0104000437899,437.7842067953635,509.77938457306976,408.416663231968,443.9844981587713,479.2902865012855,424.10079772619486,225.6839791009166
389,1419.0851387513496,807.2683654992786,0.4151098385086162,-0.5354752979879265,0.02529092700996615,49,0.0,0.02354606286470783,3.367889361805318,-1.3183945402440111,1419.0851387513496,807.2683654992786,2043.131987204807,0.0,0.0,129.48619597970247,15.827642607951564,147.95543549171504,159.3749757728191,154.13147023943887,161.68553671873593,165.49808132620564,171.7551289231692,139.16421772600614,168.64767437844662,151.92099508189676,177.28681320007317,157.3216588345726,153.97365965914898,134.41633985257914
390,1844.3401788817007,806.9022594806343,0.38927806969552253,0.7715464209434341,-0.3984455614810446,49,0.0,0.009217353288772968,1.159686716574296,-0.16085170660396275,1844.3401788817007,806.9022594806343,1102.1734811886013,0.0,0.0,129.30202707147777,15.827478667635448,78.21769292129213,63.754910993424524,76.7205670634231,97.96261689378822,91.88807804394088,104.3871315738154,81.12679213589104,67.69630919939368,92.42924012155183,83.16638182217613,104.72953184122585,95.44859263148807,64.64563594719046
391,2216.1559666083563,806.9152315272244,0.4399737832705973,-0.07856081202880348,0.1426269886946454,49,0.0,0.06638582745231278,11.260570110201565,-2.6289009473022533,2216.1559666083563,806.9152315272244,2350.4512604440934,0.0,0.0,129.1410032693079,15.827346822461351,178.27676150925674,182.795544741554,168.83235015659506,191.1697968496414,204.65034447208967,184.8926424609296,186.57995868778443,176.23870638062036,198.9596207772396,167.6930283491688,194.1099792302502,187.1820713479063,129.07045548105685
392,2819.5429740624613,806.8838798343128,0.34716124138306814,-0.34169755918703926,0.15376033654065932,49,0.0,0.04133987463897831,5.936493340682467,-1.9338249624131154,2819.5429740624613,806.8838798343128,2646.4845811411437,0.0,2316.1678987487057,128.879702086819,15.82685834167812,178.33410185019315,233.26142243394503,202.78999611034487,210.48413720839028,189.84942019872938,203.84461365099412,205.78807395812356,205.86977820064783,225.60725922917044,195.92067008897038,211.14541003796296,214.4372928159442,169.15240535772773
393,2532.754388868131,807.5200586962864,0.6119184811121211,0.07627671431608041,0.28569823725238813,49,0.0,0.04332306554524492,5.0046168525278345,-1.7484270850566244,2532.754388868131,807.5200586962864,2677.5230185641476,0.0,0.0,129.00389538967028,15.827388353656696,195.6000452715992,200.70755920585646,207.5270025459596,188.46800981553093,219.84881360635262,216.22160501316228,217.4744928846867,212.7302399873842,216.6964576728663,210.50853557788378,215.32850891354067,221.94354955104205,154.4681985182826
394,603.0032716418469,808.9745503727567,0.5316833851743249,-0.05778444346334461,0.24398150409789257,49,0.0,3.7585542644342405,547.43553188075,-6.8458324558261925,603.0032716418469,808.9745503727567,92679.90759497989,0.0,0.0,129.8396175636094,15.827940284816831,6633.735183255416,7200.614889717526,7134.873451027286,7414.718990776671,7407.980587835991,7336.734111631408,7465.227978052515,7455.660139107151,7393.537461948674,7003.412438329301,7340.713877843212,7303.271982965963,5589.4265024887445
395,1718.6573358841447,808.8164825559172,0.27925560296333896,0.41421431318490287,0.5010760651750263,49,0.0,0.009297391640817084,1.1024254727570582,-0.10587309883181857,1718.6573358841447,808.8164825559172,1271.215088811609,0.0,0.0,129.35645735617658,15.828295773940997,82.14971010341775,101.80508969133834,113.92030081367888,95.69606808267707,97.28869696356978,96.93628979559634,78.04336199886006,100.23087830529136,104.93665013714583,112.87228164945219,105.23407771793482,108.46815012481449,73.6335334278319
396,2080.776892658144,809.4761984683954,0.5044202851129448,-0.17440615842287602,0.23875928180746897,49,0.0,0.2711558411469557,43.2192538729577,-4.089193162635159,2080.776892658144,809.4761984683954,6405.747277356209,0.0,0.0,129.19963096999865,15.828477569147836,465.6563861257167,492.4435343679162,475.07129137002624,466.62541552098253,553.8990473725439,479.306343978796,545.525355557947,522.1542999189614,521.4579049773503,493.10895791031066,502.85508794343497,514.8189228646415,372.8247294475821
397,1412.283122789671,811.3507557200979,0.33459380061197425,0.3788261570673338,-0.17893667979657873,49,0.0,0.009089667721477188,1.1314565553522709,-0.1340947074082512,1412.283122789671,811.3507557200979,1682.5973056355942,0.0,0.0,129.4891424862966,15.829342466003252,120.74836038355782,136.82863512558816,131.71402413079426,142.032695667151,150.22201508247625,148.25182463121791,133.64190636817733,131.07934280134032,129.59987553163506,127.33355636699527,114.42283263733589,113.96071169865003,102.76152521067486
398,660.2297432115575,811.6230745643236,0.5627670651199426,-0.1285217324225424,0.29889413321567165,49,0.0,0.05301858886628091,7.207703289382037,-2.144492250686266,660.2297432115575,811.6230745643236,2105.7336709851256,0.0,0.0,129.81483747208105,15.829091397554947,149.8188861057652,171.08595446012868,174.29668436046035,138.1366566330263,169.84080488589592,163.94598551314215,192.78216771497262,164.8131988569697,167.54062756848603,161.7209335054132,167.03753287208536,183.5854534594041,101.12878504937629
399,1765.352350208912,813.95811407968,0.6741789027958849,-0.09079615484458138,0.20934560861315352,49,0.0,0.059651718077954816,7.48066942807637,-2.1848511590698685,1765.352350208912,813.95811407968,1825.661457378135,0.0,0.0,129.33623389702154,15.830432372192499,130.94256700368126,155.66958357288865,131.0365353828908,132.52076051698094,152.01418826932422,128.23682666460326,131.6139854946017,157.4864349233232,164.3264972001382,138.98629145506993,156.76014984585748,134.7749987213244,111.29263832745109
400,1420.3038633792269,816.1133458810892,0.6895209668827174,0.15025443961564156,0.25077877321557096,49,0.0,0.05108467682752816,6.053213966019608,-1.9549650635271634,1420.3038633792269,816.1133458810892,2083.3331527196324,0.0,0.0,129.48566962824566,15.831328081022976,154.06401390416198,150.00815263933708,171.21626967942706,169.7180501839367,153.53320783277877,167.72148785556737,172.69351955983902,165.04231067920279,159.72230325545186,170.70326885409395,154.46680974879436,160.41733595618922,134.0264225708521
401,2246.1424590518905,818.6284788239203,0.5109187538577797,-0.21646206859083056,0.23512372452663335,49,0.0,0.020644146212434315,2.6788562807725724,-1.0698735364078957,2246.1424590518905,818.6284788239203,1306.674005021443,0.0,0.0,129.12801015534973,15.83221088028818,86.27785320039564,104.2025163243759,114.11652040797435,104.76484434440951,114.96048378051715,101.08475238236113,100.30150758942966,92.18026891349999,99.53638392093794,94.25415249248425,106.65035404383211,113.43980283425839,74.90456478696714
402,2702.521891978493,820.8596072485443,0.3548799683859779,-0.34818699855626806,0.6185033184894476,49,0.0,0.012094702719991916,1.2276504053397166,-0.22268677888685984,2702.521891978493,820.8596072485443,1467.8720780252709,0.0,0.0,128.93036352235796,15.832797809355748,113.46555741123679,115.66118581127432,108.36785763921476,111.68616010508923,105.03676825814605,99.49466898385995,117.62716844626158,120.75139523323595,118.35303220062856,115.97370131673884,130.2678175629545,123.48671628871332,87.70004876791698
403,2688.703580221846,820.2185890448067,0.6358482156207506,0.8290094900108711,0.6069015230642129,49,0.0,0.011991647724379849,1.078032648164902,-0.08157978409144528,2688.703580221846,820.2185890448067,1235.2243531122472,0.0,0.0,128.93634834374112,15.83254373832835,96.19157079423965,97.93359364179516,110.00398859897041,88.61202472548352,101.91347720861665,93.50354155747024,93.52894665938823,91.81897377248882,98.5032624894746,96.44439353918861,98.53151452353399,92.39480041975479,75.8442651818426
404,596.638295755774,823.0904795675408,0.2937778598327587,-0.14778499310859733,0.38956076267759093,49,0.0,0.03795702045499331,6.385321707829987,-2.0129569573719905,596.638295755774,823.0904795675408,3129.159140043912,0.0,0.0,129.8423868639003,15.83381608983774,232.54512920881234,236.10975476042336,226.8114180460192,256.93217591834735,247.595938123414,264.1828661625542,246.06046499553855,228.94427269817174,262.8237892171928,235.66079855260284,231.0609879436817,260.3626991158671,200.0688453012865
405,533.4857943885698,827.0812484239717,0.5565274052296989,-0.11017764238869303,0.12341846795247632,49,0.0,0.04828422841557467,6.576526222909273,-2.044991390345467,533.4857943885698,827.0812484239717,1881.5341097736848,0.0,0.0,129.86974001905114,15.835422614215675,131.47398190677424,138.67823124470212,161.3672997813461,130.26639772880185,131.77920204365898,139.30622148972435,158.8494382338901,151.07769740636138,160.87738507840447,139.78189354985895,156.3482893709068,159.61474436590964,122.11332757334591
406,1652.7033221482027,827.6483631166853,0.6218841385978975,-0.019394798665144285,0.14628903563458676,49,0.0,0.1893054019585689,26.249962568602438,-3.5478217211396057,1652.7033221482027,827.6483631166853,4274.565223410207,0.0,0.0,129.38501985975276,15.836146962223939,317.72250184350656,362.2591761857414,360.28795050407905,345.7367878557785,317.9777084065055,361.07366603854734,293.8067308163373,320.2235577284091,333.8583040253258,314.3444755988112,335.0038863006772,355.4193255737025,256.8511525327864
407,1405.0685244246556,828.7492689771765,0.5322433026296592,-0.2908016907522605,0.11825645851965264,49,0.0,0.0345515826767701,5.067795567128836,-1.7620477182423022,1405.0685244246556,828.7492689771765,1452.3012471143597,0.0,0.0,129.4922700975188,15.83659041616996,121.412631673231,141.96170256013434,126.1711445546544,120.37052375826433,112.32595118463433,98.32301831897709,106.7708261965124,97.53762696690572,110.4043934802587,102.21295709838174,111.43606992157945,128.23035390873372,75.14404749209268
408,1459.968106878465,830.960018079353,0.21735280403593032,-0.7744054129982197,0.03238241310618612,49,0.0,0.007268633117534733,1.0955051408867833,-0.09903604979777438,1459.968106878465,830.960018079353,1018.816575971908,0.0,0.0,129.46849347172315,15.837519458501221,83.63199320156869,87.00998182388237,60.56744497253051,77.6115292671048,93.06446290582016,94.18991195989906,78.01927454348693,88.88969167148322,70.42033159638606,67.53334100683469,82.730174391721,87.66713842875848,47.48130020243208
409,2566.875950800327,829.7977103272633,0.4293600717643325,-0.02104040098163405,0.6008610199190757,49,0.0,0.01373726158766828,1.086463107924256,-0.09003745987435087,2566.875950800327,829.7977103272633,2871.11732004399,0.0,0.0,128.98909918829298,15.83664233774788,71.82805272305305,83.59029761388895,84.14884126078847,79.3113119731918,149.98470632312512,165.59524322385096,304.5225333712907,354.01112201800225,402.8383177008129,385.7048064640419,298.0347998475546,262.40443593928444,229.1428515851044
410,582.9816332048946,833.4829666975526,0.5026869940916099,-0.017058282576021724,0.2757289269674597,49,0.0,0.36853004887087043,55.909918378081265,-4.368722145600412,582.9816332048946,833.4829666975526,9784.570488080759,0.0,0.0,129.84831076701946,15.838134167384347,696.6459738869446,769.2359798812795,716.2921242117156,777.0403207580312,778.8533578752595,811.2772732040439,761.1492567933296,765.4356912947578,768.0372939601571,759.6969522610962,766.1347328339184,805.6603306373959,609.1112004828303
411,1050.6494401572302,832.7860216781534,0.7686159277145936,-0.4378401773205839,0.017769795145646656,49,0.0,0.015243230247877767,1.342459071459553,-0.3197526347926216,1050.6494401572302,832.7860216781534,1176.9101779344787,0.0,0.0,129.64576931749002,15.838158816714955,90.25803786439575,84.16657317747016,94.24052051295841,91.98560315185972,90.12590950969431,90.76562455679112,100.58079926623864,88.41140745697479,84.23141073541845,86.43099694796138,118.41854197047763,104.38896535174521,52.90578743249314
412,704.8590841706699,833.834967111154,0.6058455405378955,-0.06626299026551004,0.09732766828663297,49,0.0,0.04161149611093883,5.591413486602219,-1.8688040241137327,704.8590841706699,833.834967111154,1614.88565940217,0.0,0.0,129.7955283049294,15.838381036269276,116.8065774858654,128.58086857402319,130.13465485720545,95.355778167474,136.55078328678337,145.55254984689913,125.42405518484571,134.84036195086384,118.56371270638753,110.09838314190063,139.47492111516198,132.9743012336,100.52871185115976
413,1859.8955852392428,834.6259483399542,0.3878971401439807,0.0927004505918978,0.1404509418971887,49,0.0,0.012011200895964165,1.6671764924149388,-0.5549539450177897,1859.8955852392428,834.6259483399542,1150.8414033444992,0.0,0.0,129.29528382484233,15.839026448932591,82.27726986143725,92.78895774505096,85.60675715924974,93.20580073553765,104.82455473494679,82.73993372320216,77.92147702459155,81.73729317832716,91.01249882341429,95.9116226333113,90.13408659719548,90.61579850292884,82.06535262530582
414,1034.9628787090637,835.5099781689647,0.3037511701347924,0.17178047940286056,0.1711689150110091,49,0.0,0.018362472273102164,2.9542952835386576,-1.1761347528311523,1034.9628787090637,835.5099781689647,1429.0713283346686,0.0,0.0,129.6525644900878,15.839286233188984,108.36732735923766,115.72984208419783,103.25518599912974,116.05537729963078,123.44589267861119,119.42437331491186,140.51198037886854,97.61760291856348,98.36880819579095,99.25629225589392,105.65611606777675,104.05284008043597,97.32968970161986
415,1928.4530861397798,839.788679605043,0.5871269768420871,0.10325984864351012,0.2125354525361887,49,0.0,0.011954677860281798,1.3545472082641097,-0.3294853638277833,1928.4530861397798,839.788679605043,1384.3922152959467,0.0,0.0,129.26558988549976,15.841160206699868,99.08002915966132,108.91444584525532,94.97658593249423,108.29807677189889,118.36217401938099,126.02250855717813,104.47273670054261,120.84637997139436,113.78248303518782,94.52346835626814,104.16067462921774,115.76942466418608,75.18322765328116
416,1720.83891537898,841.4111499949388,0.49725290236958763,0.8012807041449062,0.8379557015167344,49,0.0,0.008302352845684638,1.0102784405047578,-0.011102712944897671,1720.83891537898,841.4111499949388,961.7386966290981,0.0,0.0,129.3555089834239,15.841876224395799,67.85328359794208,66.6201956537372,83.06856266338205,83.01826138465509,75.07604815879611,63.14296889602661,95.14024660832064,76.41620446395805,83.56855285574994,69.11457820685197,83.91437420884515,67.43385771709009,47.37156221374305
417,2525.5596507806868,842.0665242016819,0.700421286452237,0.2019296939065472,0.34599818026895485,49,0.0,0.01720588532755081,1.6383668893805678,-0.5360279062462161,2525.5596507806868,842.0665242016819,1464.9151863241439,0.0,0.0,129.00698201653137,15.841787642102293,86.10658031218416,86.01429583400574,80.36487870802529,101.30858971640853,139.01232295911035,150.89953546481564,131.5974665745441,122.66894941797958,115.68021183058661,115.07927063869617,135.41474028439103,112.99712653447756,87.7712180489193
418,1129.2441934881044,843.6666000726325,0.6204660762320511,0.06185723578719395,0.16613210930092479,49,0.0,0.011461813001608248,1.2884322161603863,-0.2751539386262015,1129.2441934881044,843.6666000726325,1154.068502725448,0.0,0.0,129.61173490863615,15.842726714683614,103.4727098409072,79.65688592515095,94.79816151103458,87.00439830616365,101.15935175657738,82.91458928604658,91.9840612084807,83.84820610080156,90.87594803352297,94.54304759556524,88.90517693780322,90.18880959733457,64.7171566260595
419,1936.589839386181,842.9229856129605,0.26038207471022323,-0.4654147794955517,-0.12694701933385988,49,0.0,0.021361784775477757,3.7618840182396984,-1.4385135044746502,1936.589839386181,842.9229856129605,1650.7004712866424,0.0,0.0,129.26206484739836,15.842463800833421,114.4955519461069,122.67761786953886,105.88638766687173,145.27222009296963,124.03119482666037,127.71196264956004,127.00639435993705,130.88781903821842,124.76606701097845,136.06761416039885,118.87750307101791,167.87665994226438,105.14347865211987
420,395.5595067269428,844.8031919431031,0.4742571973592938,-0.22000554482331558,0.03790852105650787,49,0.0,0.2043762391219727,28.671756822745444,-3.643635761407746,395.5595067269428,844.8031919431031,7117.468843034299,0.0,0.0,129.92949057392178,15.842671576162944,505.3195318086938,546.4459879530386,565.6311973589319,521.0991680505539,562.540225310493,579.1765348936713,575.4828600459673,626.3290336892968,580.9472838152136,530.4178898243066,505.67185633030806,575.1285339282904,443.27874002553415
421,1182.2251389036987,847.162069115289,0.621811498956107,0.04079398757921548,0.2920634158764889,49,0.0,0.25456625219218826,36.16203340302832,-3.8956321075286295,1182.2251389036987,847.162069115289,5283.002540702405,0.0,0.0,129.58878979239296,15.84420337011434,355.7422569415953,417.4718268214684,426.1021052122321,428.46922121115296,416.4429558625081,393.64072052836514,417.35955031188644,449.66928116822896,424.51640650556755,401.72655068752624,392.94042355539483,405.51121806380354,353.4100238326754
422,1087.364360381312,847.0270765619529,0.3502948451976421,0.17144385456251032,0.5798718587615476,49,0.0,0.00883927847911454,1.2065347604961636,-0.2038495963293892,1087.364360381312,847.0270765619529,1077.5471043571185,0.0,0.0,129.62987490639156,15.84410913666572,75.88194866056796,71.46872426642602,90.49251062332138,81.03574814783535,99.1553881025786,73.01219085519054,87.28654267119549,70.84745229502303,79.99546349188068,85.81776216918766,95.29633437875046,85.59962788589345,81.65741080926782
423,1972.1589446306637,849.820735447079,0.9482254060303078,-0.1624546282435544,0.09095443713552571,49,0.0,0.012074655396224189,1.0455765839587465,-0.048389621273946914,1972.1589446306637,849.820735447079,935.3073142479761,0.0,0.0,129.24665722308828,15.845326942878916,72.26054928615005,74.08740739591084,57.18148968578331,72.70638487677257,85.68859231039724,75.1137078839672,68.7962673271631,73.4587927853843,77.48003202440039,74.31537352602028,72.40898580854014,83.11417391073844,48.695557426748266
424,2020.4041369928127,850.7604143282299,0.4606146236249561,0.18888930496879167,-0.04232425934342004,49,0.0,0.01199431119205337,1.639201506297241,-0.5365808611894705,2020.4041369928127,850.7604143282299,1051.0628845324482,0.0,0.0,129.2257611859756,15.845702041098416,66.97283470991772,76.50620277522574,97.46403546856725,95.14265845746814,75.67720202755595,73.20827806152131,87.4833160865395,86.67548462463688,80.00200877677858,86.6167338833958,82.84619651571825,78.84131592855893,63.62661721656421
425,861.2995704697036,854.0009484096503,0.7814807802644239,0.156893355614092,0.2886142013943623,49,0.0,0.015227761736942314,1.4798345792655176,-0.425532928137129,861.2995704697036,854.0009484096503,1071.644984515116,0.0,0.0,129.7277895571352,15.846893061904602,69.32371865284699,82.86823578249042,101.62394599080429,87.42248073950968,77.55216273430018,77.8451893861032,90.61421210388079,87.43423972350178,65.4181257153661,85.34322350854934,87.46793289879913,88.15051845502833,70.58099882393589
426,1057.8022694905815,854.9392020888695,0.4755553055817896,-0.2519357322449818,-0.15017665531547758,49,0.0,0.023496008806429824,2.5778312091524627,-1.0281361931975008,1057.8022694905815,854.9392020888695,1755.8842335678369,0.0,0.0,129.64268241541515,15.84739230985834,119.83223722389377,151.631188781581,136.12074151748072,152.79359344388558,120.01620374674235,142.44204362290714,131.93671304119954,137.47710867403532,161.98303609370853,126.35882819313137,133.04086089884757,134.94510771765067,107.30657061277348
427,1808.6508503723212,855.9219067072977,0.6735287675211037,-0.5540806025529758,0.29739615709162326,49,0.0,0.010121403872007604,1.0090125510414438,-0.009741421078251728,1808.6508503723212,855.9219067072977,1052.492448512257,0.0,0.0,129.31747402795608,15.847909784286204,73.63350877673162,86.76948088615998,92.15455242009953,92.76571888291544,81.93417718468812,83.57868911861632,79.87858718087875,77.17714357681372,79.88842926199627,87.76482830648067,77.9420391272936,86.06988308607814,52.93541070350489
428,2146.1388034885827,856.2948242546063,0.9054545829753877,0.2342628916038586,0.24956474015520425,49,0.0,0.018345445029584274,1.541186419671748,-0.4696379338143746,2146.1388034885827,856.2948242546063,1213.540688891311,0.0,0.0,129.17130109945927,15.84795575450331,94.86580925725421,98.78783220377481,98.00167991588589,84.92587535460945,103.9900613982256,94.88786186842731,74.89502725717054,90.00183701901669,107.4549802239837,78.9843181210091,95.03097499308109,115.13451103461122,76.57992024426139
429,2040.7905175605615,863.3839640989412,0.570117809486388,-0.45749957289566884,0.13442690036256658,49,0.0,0.03961909187963819,4.8915003186962,-1.723605215393131,2040.7905175605615,863.3839640989412,1848.8712185357313,0.0,0.0,129.216926487686,15.850954129919812,113.49527396614758,135.6827733762147,149.53366555689388,160.16400071756746,148.85733361738062,133.4621881831835,141.17476567717523,141.5236740787654,135.74844367422537,151.9978463260945,167.19723456633625,134.48758964787237,135.54642914787433
430,2611.5632767287148,863.8666488180796,0.5848715655518877,0.1676558387400699,0.16416692093442858,49,0.0,0.10744665241737042,14.4295154077136,-2.898129365625311,2611.5632767287148,863.8666488180796,3291.4885248287983,0.0,0.0,128.96971481316982,15.850798913314266,216.27033027639894,235.07492586142865,271.32767940938004,263.7269699366055,274.07806764725564,253.59479885255053,251.09448512271132,250.6178248765543,271.36719088234577,273.43324998687035,243.97854576872038,282.8499074252083,204.074548782769
431,295.47299730323203,864.9204998356793,0.7561561899987196,-0.17435040368148091,-0.08041530082053598,49,0.0,0.01787738266765682,1.6228878560605124,-0.5257212761878822,295.47299730323203,864.9204998356793,1360.8811804801135,0.0,690.2834061651586,129.9728594087164,15.850945139866004,99.7997303063456,89.43491675879886,105.2500104515471,122.27645730559013,117.34864589356363,111.46255506860516,94.84385212875719,109.6381289734528,103.78027444972312,105.91432147934233,114.03273167441422,109.6636798498939,77.43587614007944
432,1281.936631426477,864.5839312906172,0.5049196486943667,0.5732602058815022,0.21120377168106752,49,0.0,0.017961732856347258,2.4927201536637957,-0.9916838124432785,1281.936631426477,864.5839312906172,1320.498354567422,0.0,0.0,129.54560857810753,15.851493835151336,88.8069406226508,86.22175594560281,110.77735946063554,105.48847484245206,127.20031387040142,108.94537360576751,109.18634681407235,93.22337905873536,108.14113578794749,85.51119375767027,120.59210446296585,99.4137940386583,76.99018229986224
433,1419.0778195839089,866.2662250925878,0.2320531057546529,0.4598194900181293,0.0851411540966064,49,0.0,0.009099667904575923,1.556103752662726,-0.4800963751218326,1419.0778195839089,866.2662250925878,1099.1728341579453,0.0,0.0,129.48620890137965,15.852224266473298,91.65122212127646,84.8108115186582,73.14426382462085,90.87417223885154,99.10958076715642,95.48638165860896,75.47159805564695,79.77909161944682,87.91900212995256,89.24811248951869,90.89311804600472,82.20879746350377,58.57668222469937
434,1383.8098304309758,867.4077731608618,0.6053728476231627,-0.2530788962363605,0.42667494778954423,49,0.0,0.012559669654842807,1.403285546661942,-0.3678651303890883,1383.8098304309758,867.4077731608618,1138.4702808713905,0.0,0.0,129.50148482417111,15.85269385715184,84.25442156150167,95.30497669404559,87.81689747047952,83.28448754462067,85.52191034445205,104.5852825603417,74.75936842109601,67.86663010829693,91.67359492099676,91.04937588425904,84.81501761828585,97.16032765750919,90.37799008550529
435,1304.9939374789099,867.6953880754404,0.5929584417014803,0.032788291738924766,0.24682484762329124,49,0.0,2.2018884566687142,324.6522907519439,-6.278546179021619,1304.9939374789099,867.6953880754404,40505.339234330444,0.0,0.0,129.5356226235552,15.852796325953827,2916.0336564807394,3181.647904854093,3106.238034519174,3078.9435043004073,3284.9927271058987,3197.84656000981,3230.8931773897093,3219.1342814542886,3370.976230296881,3154.580636238861,3041.8209996066034,3268.5155935719654,2453.7159285020202
436,2483.650007155385,869.5551318638112,0.6019029753692844,0.6233598237038357,0.5865670360526798,49,0.0,0.012151051458410557,1.0074942217853116,-0.008106410099987846,2483.650007155385,869.5551318638112,1839.7014800435552,0.0,0.0,129.02511057766156,15.85327321337628,92.83195843863976,193.32781953263571,194.32486422157052,180.3497600528757,140.82662698440095,145.0623063476176,144.1708736603448,110.39455906198913,137.23878591430855,125.3551295881822,148.87937571561986,126.55280533604558,100.38661518932487
437,272.5865411471841,868.9434220257342,0.5040019726026195,-0.14352179882411986,0.011339591785502666,49,0.0,0.35270020920779704,47.88393070832564,-4.200474484184934,272.5865411471841,868.9434220257342,11354.597969744973,0.0,9018.586627243385,129.98277614701627,15.852595306769022,752.3161032131172,899.3387085680159,846.7687260471464,906.8155076704497,927.2873079138205,906.1999419088432,913.1384163146605,944.9365296179107,851.2005615785126,858.8033579307264,934.6052547164245,913.996518774258,699.1910354910855
438,1812.0554272738077,868.8163150984403,0.3017298434316372,0.024257939274816127,0.18143477177913775,49,0.0,0.016617435825561137,3.061787833663706,-1.2149377325111463,1812.0554272738077,868.8163150984403,1335.49099550185,0.0,0.0,129.3159969433244,15.85328167821836,107.42541082732888,103.48539127186783,97.62303006990314,86.96054635466223,102.87723631420083,111.32309405129072,104.17365852109702,111.29131089916002,106.65654379142475,114.93482296670334,91.4602574801919,118.20339747085089,79.07629548316842
439,2296.3433434367557,868.5989017276423,0.42674463170126586,-0.44309645181107066,0.1696461358817444,49,0.0,0.012603947396273962,1.750680557756724,-0.6080172717480066,2296.3433434367557,868.5989017276423,1243.9483205177548,0.0,0.0,129.10623755043187,15.853002038439229,111.83054701765141,90.42670272972352,84.25932866107718,94.75945689541805,85.45379221165692,109.83304661060879,111.19263979262905,84.96053901813531,90.71802660820632,96.19787199949093,112.46378753242794,101.44865704317814,70.40392439755125
440,1823.359125390682,870.3524646460556,0.3935796978563761,0.045002671608961,0.269322683640822,49,0.0,0.03236091383381576,5.607567716903444,-1.8719363170507655,1823.359125390682,870.3524646460556,1667.23698251035,0.0,0.0,129.31110061295254,15.85391960893096,119.03743282421547,130.14668682246224,129.08688697998113,120.76094339145808,122.90498500279557,98.81056464190505,155.9154071390107,149.98600282763542,137.1861319763484,128.4797192593766,139.10558012089444,132.53115940312694,103.28548212113984
441,660.3842755398343,871.2944577675231,0.7006640340101855,-0.27343515837227406,0.16729130290740826,49,0.0,0.01850997027874526,2.047595020170063,-0.7781101616464713,660.3842755398343,871.2944577675231,1111.771630021241,0.0,0.0,129.814821659122,15.85395321116507,81.01852181995186,93.86927475712727,83.12216113560379,66.4794070444487,92.01511389875735,94.64425158334281,89.30105080166678,73.460357306411,114.43203223483567,77.30896981605227,83.64999890210262,83.94145597800258,78.52903474293821
442,542.3530840736771,873.1244088913999,0.4130532104470062,-0.0633702785329799,-0.16701649007368755,49,0.0,0.008383066979340081,1.1507204399071953,-0.15242456851729144,542.3530840736771,873.1244088913999,1039.4781159645336,0.0,0.0,129.8659442556401,15.854614174686414,70.64267213122898,91.4295820560069,89.29344277598098,61.08950887268119,104.98722815675325,78.10557287370546,91.05179658393831,78.29644598776257,82.83804990086033,75.18707026863669,83.31838366209192,82.71177675610141,50.526585938785864
443,554.1960158655804,873.0364541957413,0.5054612243833317,0.08616210886024875,0.09864507481658373,49,0.0,0.06670452443358585,9.990814533406109,-2.4990022423224656,554.1960158655804,873.0364541957413,2292.2062466358434,0.0,0.0,129.86081485704366,15.854588251811757,171.1499717441034,192.33928994589252,180.80536753055424,201.39243254052025,181.84954017499805,153.02540270805113,185.4467103550807,186.97674213380415,187.98623045540336,169.62924534449851,179.00684416524555,167.54222975598907,135.05623978170277
444,760.4005398977307,874.2717726648812,0.4379206691108619,-0.08411950636671574,0.183322982502502,49,0.0,0.02623924518464957,3.7839801379013043,-1.4448721203137498,760.4005398977307,874.2717726648812,1509.6726111685437,0.0,0.0,129.77150509279636,15.85527030117135,115.25719679076305,126.4881662296075,125.73970202646687,122.38502884264129,98.6120765092815,131.15177200327093,117.8157049260774,112.74472886842138,110.84498015278598,100.98097038937638,146.56423406408433,108.38565737321866,92.70239299254838
445,1118.174669345684,876.2850611698489,0.6952222835951258,-0.043150493066672,0.24091126657317802,49,0.0,0.01596230386150792,1.5613486544112714,-0.48374973327983706,1118.174669345684,876.2850611698489,1691.6288790246922,0.0,0.0,129.6165435304792,15.856312717282002,129.28005750651954,151.84948586513,149.40619168870285,135.8155787298536,146.63445518862162,136.65054573886823,122.48904105821475,109.78910635147076,106.2311124215354,109.93049499204784,139.5470576913526,139.0591671923423,114.94658460003258
446,2256.052280510288,876.9488590682499,0.5844810439560595,0.004664876183848444,0.25299228990403855,49,0.0,0.9757281890378265,141.06844585241245,-5.373574704394831,2256.052280510288,876.9488590682499,20006.066434549946,0.0,0.0,129.1236835841819,15.856504471396528,1413.0378895015906,1605.7392046483433,1587.5957884746497,1554.1633665653544,1657.097934317648,1536.634832826136,1581.9696903679114,1569.1607294916334,1532.6073696592525,1577.3748746000379,1627.7576991924534,1579.693062047892,1183.2339928570393
447,1126.3445256236805,877.5107032528463,0.38516168550889957,-0.3886101491162875,0.1271904011282188,49,0.0,0.04871934897755697,8.754927728782675,-2.3556314134214684,1126.3445256236805,877.5107032528463,2127.7998727897384,0.0,0.0,129.6130053968565,15.856826746593804,142.2457754752569,182.79543843904509,163.20761764427567,181.4145378803645,189.67308558319655,159.60332180368567,175.0159596321729,140.767258563374,150.11803692077666,143.92311628613166,180.2775134759807,181.78039678115837,136.97781430431993
448,2311.256344945385,877.893394406902,0.5663773638987466,-0.1966594585575328,0.14278781534514165,49,0.0,0.17588942246164013,25.93338873412718,-3.534648175106303,2311.256344945385,877.893394406902,4193.1418715177415,0.0,0.0,129.09977236778926,15.856865555109065,280.2458052155413,287.12544998224695,349.5846823574202,305.9438413113443,322.39553798572354,325.3701559550863,380.40479875401047,273.8507824155963,348.043357301097,312.44163610834204,348.662752584009,348.2763446708565,310.79672687646803
449,844.7790187412842,880.5507563097528,0.28552525232698084,-0.865984393190616,-0.04049203785754128,49,0.0,0.009302540644837176,1.3120052462934415,-0.2948389291229922,844.7790187412842,880.5507563097528,1108.338903797014,0.0,0.0,129.73496302336218,15.85794436592068,92.41501726515153,77.31922704385758,77.96639651196303,89.031027507045,80.10175127596267,67.26830259743352,103.2014105264324,77.05442479171116,88.3484378502177,92.49808486844742,101.1609883423069,87.79009749244727,74.18373772403758
450,2164.955827907524,882.1656694752071,0.9783425749618241,-0.24364893952254374,0.5420566187583629,49,0.0,0.016569775168027087,1.3884700084282304,-0.35634125808245926,2164.955827907524,882.1656694752071,1137.1238924868433,0.0,0.0,129.16313783230353,15.858725886594511,75.75816845380079,84.0389201691541,97.8894295221235,83.84812992424027,76.26340279248134,89.1993239756822,84.26657602515807,91.99962062227195,101.49368441391206,76.01226133715022,100.2804064211398,100.36970331123565,75.70426551849323
451,2199.895234253524,882.2298656933579,0.7238063509339413,0.020397712618387992,0.15789526913422128,49,0.0,0.02347204365527689,2.569833345775163,-1.024762400393398,2199.895234253524,882.2298656933579,1233.1861863151953,0.0,0.0,129.1480041720121,15.858735133257904,83.06349589543736,94.77896920428162,105.1507740594405,101.90670797076433,110.34032487785234,99.43138419356703,93.64100080415693,88.78816264314341,108.56937610937325,92.93154275056189,87.04277418597695,93.09836556338664,74.443308057253
452,295.27887265115794,884.5005288738507,0.44175151437846205,-0.3446572252052459,0.004448120700180174,49,0.0,0.027496095269120512,3.8862736974465055,-1.4738334581741963,295.27887265115794,884.5005288738507,1653.5631814142175,0.0,644.8878802981453,129.97296676773144,15.859102641857062,115.31373087117356,142.68534508531638,126.32552095170554,126.82122151684045,140.89592818180108,128.4308473750859,146.06683021525373,130.56699517557206,135.48694901562874,130.11133606012362,122.64397887481238,113.74460184072582,94.46989625017825
453,2475.187993405856,884.6080187780607,0.6296681378625922,-0.07024422851437236,0.1444989424646042,49,0.0,0.09170844249234099,11.982268850501903,-2.696347649465261,2475.187993405856,884.6080187780607,3114.546717880823,0.0,0.0,129.0287636216193,15.859551337760935,218.37968655696142,323.0927875836725,285.93329042952917,262.59917984087315,229.35216297813173,237.13459266562836,257.99454188587123,250.87317867243996,239.43327103067085,209.86498535485222,196.51836316380906,225.02443037351904,178.3462473448647
454,1343.743516913672,886.6502962458294,0.559555928553052,-0.008251109428711682,0.005636587139677461,49,0.0,0.016379101467439563,2.245055015455387,-0.8780674698249047,1343.743516913672,886.6502962458294,1116.6994951873744,0.0,0.0,129.51884335726888,15.860703177335031,84.11486179532457,85.77643778756506,72.9648283644864,83.73637345926296,79.47459987354769,95.6280770100268,87.69898430089819,82.91515682485056,100.3198245594195,79.60558333241778,104.83274971259874,89.06277928967725,70.56923887729869
455,2739.0810440846362,887.6369206259951,0.49261725561955827,0.23208397220411672,0.31685167574548634,49,0.0,0.28345824368157974,40.89779453834241,-4.029249721995539,2739.0810440846362,887.6369206259951,8531.280029233107,0.0,0.0,128.91446192109785,15.860584645372759,575.6152081276101,679.2187179746968,642.1549381593632,697.4322373409932,683.3291630326456,724.253426814344,671.6491479052993,673.9407915133886,702.447193852277,602.4306244570862,691.5490473851297,648.9901432708057,538.2693893994666
456,1488.9072023214899,892.2640952816505,0.5704333841120189,-0.012772855607663005,0.015326987085784689,49,0.0,0.010071553970616823,1.0632839692176015,-0.0666231655286408,1488.9072023214899,892.2640952816505,1092.9790165132133,0.0,0.0,129.45596616865228,15.863065212704266,89.64456753211579,88.2090543936107,74.90992878754668,91.01558230247886,74.12726243483536,86.83675276858582,91.699817592343,90.75740401450534,94.34648993810023,97.9086287655268,67.69666771100606,77.71837749764416,68.10848277491449
457,962.3685320326076,893.3679939790396,0.3053702360106388,-0.13348306746999233,0.20286608404481876,49,0.0,0.018108049875291837,3.1255140656209024,-1.2373036442015162,962.3685320326076,893.3679939790396,1365.2835644061142,0.0,0.0,129.6840384574693,15.86335521047784,105.6237162090629,90.6389632197911,111.24579249149559,122.78190779476787,110.49888832431043,118.58054586421044,84.41350021403005,107.68764998214162,114.2691717887065,110.87081552822966,96.52544538446762,96.13970077179296,96.00746683310763
458,1702.0763559960478,894.5584499643936,0.5085942630799303,-0.23065277326222314,0.3188333447008693,49,0.0,0.012947537112502981,1.7405590831404998,-0.6017219249059578,1702.0763559960478,894.5584499643936,1173.0834139219965,0.0,0.0,129.36363031834716,15.864022087473272,88.96407873033189,98.08273391062596,81.90264772038874,103.62878722339488,101.94999527907865,86.24070520318233,104.86862473407734,92.28839809365907,100.2937248919992,72.25905002706797,91.46910085400012,96.45449628312215,54.68107097106825
459,996.5927919712453,895.4301447533671,0.5650480314270409,-0.3724329760243972,0.1751745428360237,49,0.0,0.10761836374913068,15.560613939551617,-2.9800668198892373,996.5927919712453,895.4301447533671,3023.707226058361,0.0,0.0,129.6692154155196,15.86423270813281,218.45987040174631,250.42628438795361,227.9416467945353,236.81695957657473,228.07383072585054,239.86932908781156,233.3944160331285,225.78256556745217,241.85297669436324,254.89035829816078,237.93412803036784,249.91181063797364,178.35304982244207
460,1560.613440672199,897.0583579422608,0.5038146160285203,-0.04038980712753599,-0.06895201571341622,49,0.0,0.01003613961772318,1.2368133679990305,-0.2307604265925574,1560.613440672199,897.0583579422608,1021.6751391547241,0.0,0.0,129.42490631262746,15.865067445565378,89.23542839290369,82.5084023462677,88.22962498798447,79.36562589322014,76.95977607543793,88.90608260605009,72.96020823724047,81.40796467752082,72.36560456466358,59.37738319589247,84.89516588391116,89.34108103732797,56.122791256303614
461,2853.1923049918028,898.7457289373007,0.6996226142541216,0.5082983824182434,0.24537302169328254,49,0.0,0.023989420101297218,2.363225596357996,-0.9337629547123747,2853.1923049918028,898.7457289373007,1559.7382018790395,0.0,1372.9502828111047,128.86502569973084,15.86509554147597,126.52398465948599,112.92864459656752,131.8751954600018,140.6632022927692,122.47783858627811,102.94890407048072,143.25525783721952,116.07744997654416,139.87054023684007,116.13450465963822,112.75253424517345,112.58522817587117,81.64491708216961
462,1098.3072105928918,898.6310627302386,0.514701186845469,0.06538730141729009,0.1683245477793239,49,0.0,0.014113257807431473,1.4421099797570187,-0.3974959557093025,1098.3072105928918,898.6310627302386,1251.5941676733378,0.0,0.0,129.6251590722213,15.865614816905321,81.53279281113531,94.46560251667941,100.60301319478035,94.54175072249012,95.11436374976842,108.96835462675317,114.37935185025438,98.11550955264168,109.18931046097177,86.0499662830569,91.455823824228,93.20237012378873,83.97595795678941
463,2529.9871967500567,900.8616604373481,0.5013425096503337,0.08783327512762878,0.2624026692512562,49,0.0,0.3146209647191702,48.68615108445097,-4.218513606170868,2529.9871967500567,900.8616604373481,8448.49670543346,0.0,0.0,129.0050146963089,15.866280790427853,557.8569278317525,636.4202376251361,688.8546502799951,661.5923114450486,654.2560441444498,684.5252058323083,649.1577900059397,685.3432703307514,697.0426771367781,620.6710307294979,687.027528230484,716.5756908736854,509.17334096763324
464,1930.3645408161026,903.686894286244,0.9742952902255455,-0.20769046779844327,0.24785755127980658,49,0.0,0.03538606647115315,3.4276959408280523,-1.3375057254577718,1930.3645408161026,903.686894286244,1243.0846102988053,0.0,0.0,129.26474281597874,15.867783091039298,64.0971726941521,102.61698691876848,105.28454301156835,85.72665639368658,94.3563369189776,96.08254259511614,104.40839717843981,89.13696741592949,98.3594752959375,102.41636380912418,107.78635324237891,113.09679846493864,79.7160163597876
465,2351.8399123609665,903.6207988091493,0.6073976787609083,-0.32909403255958525,0.05120888890966703,49,0.0,0.017737437104933088,2.1372893971531415,-0.8246583281959535,2351.8399123609665,903.6207988091493,1309.5896175373355,0.0,0.0,129.08217677515378,15.867559314378408,91.23128955411713,100.22439600703554,103.05897526492637,92.22915247920272,97.58591960284753,107.47838913007583,103.50115093603567,119.31023366932205,92.27818959822241,105.04597606652037,102.53533804334303,113.23746052201824,81.87314666366868
466,1333.2216894833339,906.1673865189982,0.3165506002216783,-0.19058785012864862,0.08968764452593211,49,0.0,0.013639295841917955,2.116782293357879,-0.8141904850872012,1333.2216894833339,906.1673865189982,1200.8485867285463,0.0,0.0,129.52340564003612,15.868832695091475,80.17573485721562,89.85650349803608,84.8862489727557,99.41193961465245,96.79739937349835,76.20927309510954,99.75411663164785,84.04586700391525,118.64189237617623,81.28727238691806,103.39838896324386,121.82339449492903,64.56055546044837
467,1120.6711419823796,907.1652568194326,0.2794888522887532,-0.3983684884584865,0.12078109847145437,49,0.0,0.008037676353011235,1.1405489326431175,-0.14278480605932686,1120.6711419823796,907.1652568194326,1109.415696028072,0.0,0.0,129.61547571998275,15.869180072296581,82.51498172998468,91.00212142225627,93.16022105594736,91.95425003043033,72.65216985558118,86.50693357377116,88.1955013219559,82.40246611951073,81.61370283176487,92.43991738750583,101.78896899618897,87.37035966582229,57.81410203735254
468,246.46797629263952,907.8125405805428,0.754482715375616,-0.38614922409526814,-0.26008615172917665,49,0.0,0.018494207506305135,1.8084927077755926,-0.6432919048353241,246.46797629263952,907.8125405805428,1232.4647062106517,0.0,1100.3305401956711,129.99413581851763,15.868759355364986,99.50881758705893,89.46856140372839,87.49943902360675,110.91081609433016,94.46760523833618,109.02749322987103,95.51049875064072,82.85656044480146,89.52638622318756,100.49725700441982,96.23426185887563,98.32227362172586,78.63473573006911
469,1138.3846794934223,908.0240170476311,0.3891788658282263,-0.1646732048189961,0.11530557489728831,49,0.0,0.009679663827708348,1.2431329308404473,-0.23629392788672432,1138.3846794934223,908.0240170476311,1078.4309338189398,0.0,0.0,129.60780320003371,15.869545063657087,90.33899043316728,86.33335576452039,86.20963737411151,95.98798438956479,88.65058139171856,73.7204230128356,90.01770789989158,83.91251155855736,76.67865604233285,76.35924274457167,76.9284047855898,86.39917052994882,66.89426789212965
470,1423.7826814241023,908.9492456178698,0.5587588226322291,0.02030634248284156,-0.06380346115279338,49,0.0,0.023487399162251607,3.39132207872134,-1.3259225932663936,1423.7826814241023,908.9492456178698,1172.1033987817052,0.0,0.0,129.48417794759686,15.870009089192797,111.28971211913229,94.42732842408259,103.63806515487643,113.52393547732731,82.9586059529266,80.46169105346124,85.44492344915706,89.62384655673918,94.20991696827315,97.06819008273811,75.21248333095082,87.21980022675568,57.02489998528477
471,2741.109352795074,909.1907191278801,0.6733985323703675,-0.0005339277119340262,-0.04173141954785725,49,0.0,0.03421367749008985,3.6202565732049496,-1.3968483768705324,2741.109352795074,909.1907191278801,1772.1201075508745,0.0,0.0,128.9135610163228,15.869562836143718,135.54209774203838,160.72596472529102,118.82589488671775,137.70756868162962,136.48485209225373,124.39103418962486,142.43580324759245,167.6987673603453,118.29603652363005,125.08657391232337,142.9237820962805,165.01226444268065,96.98946765046705
472,2044.9707393510157,911.4391146590057,0.6442836810473088,-0.054551145720483564,0.11946489518545265,49,0.0,0.01104302072310467,1.210886065241737,-0.20775820351280563,2044.9707393510157,911.4391146590057,1112.0914899471798,0.0,0.0,129.21509646255714,15.870974866417415,75.79434962067148,111.00895351178714,89.59256843538726,83.12218513814263,94.02875230041758,77.48263104102199,77.50617823524742,96.77617443807586,84.43955775475912,68.4608813002048,98.66521366801027,86.50200647774922,68.71203802570494
473,2502.0798151248227,911.0274196826073,0.52098442991824,0.14689691681690475,0.1683947975592805,49,0.0,6.918157819146718,1001.221234617222,-7.5013251296559105,2502.0798151248227,911.0274196826073,180828.5448830764,0.0,0.0,129.0170942541221,15.870538319369704,12910.376228233006,13981.37337115521,14101.157304744469,14205.762667576162,14537.992776878098,14434.763182594535,14408.554382643593,14222.11082119093,14484.528717359908,14125.174494277735,14327.438701200263,14295.58391626626,10793.728318956306
474,306.97329654652873,912.6939590068046,0.5446167768423139,-0.18771791113343678,-0.05986486430826388,49,0.0,0.07139161179807235,9.4282507404549,-2.4360778097229745,306.97329654652873,912.6939590068046,2673.5819293529266,0.0,55.47283444570783,129.96793505268778,15.870862113922666,180.23247503457713,211.71292711928297,208.05372232893484,212.78613352336055,191.15792867463682,225.07510630895553,224.76902566988508,220.985567937771,205.29889024696502,219.72504318979708,206.84001296030817,205.98019995493985,160.96489640351237
475,677.7209718804785,914.4264588999698,0.5154003794146704,0.0655252538744464,0.1885139550448715,49,0.0,0.009236154978091311,1.0610384162461142,-0.06432777092598858,677.7209718804785,914.4264588999698,999.2576262173113,0.0,0.0,129.80734912521447,15.871937858450037,69.73897966861793,103.28577899714877,66.54070264334442,77.2635306292504,71.7041673889546,88.76568040404071,70.18103170108142,73.97162809948621,71.34471396395472,76.3238571193247,84.07175127240448,84.49942059381586,61.566383735887165
476,768.9305709278095,915.9019308791811,0.9184515497093675,0.10529598926553499,0.10680036007690903,49,0.0,0.03382247139817378,3.4380448844549147,-1.340778855502256,768.9305709278095,915.9019308791811,1276.4549086465736,0.0,0.0,129.76784208674218,15.872621535464061,77.40932474242885,101.26774320576035,93.2433316550188,97.222247909068,106.81002214468768,89.85719013616603,100.53371354498407,102.23305223700477,120.78244927920238,97.60471094221688,103.26444649716467,110.6792411868018,75.54743516606933
477,1057.270519264974,917.9495960305721,0.4999433891741367,0.18172035717922885,-0.17099618546913542,49,0.0,0.01847001495391352,2.641364089843705,-1.0545706729450162,1057.270519264974,917.9495960305721,1168.9569730496883,0.0,0.0,129.6429439166001,15.873645461965083,77.48564303168746,101.73043056009696,104.99576341310993,100.95829119642468,111.92033237727142,92.76650760351177,90.7602294920771,80.5282500262735,68.4820062989346,95.06668087689721,92.94408986131327,90.97934883954272,60.33939947254758
478,1594.9041710091667,918.0353978857001,0.5348584781219696,0.24977697236627552,0.06635604013645048,49,0.0,0.011908627064089173,1.2420747478776262,-0.23536933101438742,1594.9041710091667,918.0353978857001,1111.5378526314903,0.0,0.0,129.4100530089648,15.873808328411137,70.48279751088222,98.62480475434785,80.59444818930798,87.9092588395591,97.24159778685704,84.76264432483683,94.80432244367171,92.53423505794692,74.89148172261979,76.44431511905626,108.43509967582438,88.8515344137561,55.961312792824046
479,2723.7838946729566,917.492743818318,0.5056996955233376,0.3725755043142516,0.22184488425785398,49,0.0,0.2235566789697674,31.49809043000258,-3.7457105637715578,2723.7838946729566,917.492743818318,7029.512538736174,0.0,0.0,128.92105687456407,15.873038693488686,478.4091377815827,533.3191527035672,529.5397693099084,538.4707438072128,496.51816051889364,538.3959329289362,583.0781232866707,581.4066852753263,567.5628419917819,526.0083673812741,641.852028419666,604.2010265201243,410.7505688112291
480,2453.6853463772977,919.162710584064,0.30561504149228763,0.5952720287043006,0.3046673847117698,49,0.0,0.008660446517201445,1.133204313607878,-0.13577054754663645,2453.6853463772977,919.162710584064,1263.1451184551524,0.0,0.0,129.0380502242794,15.873964444552188,91.0347529871741,137.49507601276562,107.50298109882303,106.23880284184017,118.18659782692913,95.50665659449743,87.67523599743205,100.62101077641029,84.55590612581545,84.68524461905002,87.80549579300475,78.94042111053771,82.89693667087259
481,2531.631918809891,918.5665106743212,0.2905513269756884,0.31949480134714486,0.2808636829048535,49,0.0,0.019812827725056555,2.7427449225257474,-1.0954635493698528,2531.631918809891,918.5665106743212,2043.444450166855,0.0,0.0,129.00428727243283,15.873656124276724,156.6527651191939,170.47251457180136,183.74913660093256,162.30449508401784,164.78118428142497,158.78567932431753,174.2301188105153,148.26016689284575,148.34484882065382,135.23491044594007,165.94804540360852,138.22296065102213,136.45762416058108
482,2153.791319121876,919.8076581324848,0.5877033024938122,-0.061382330318004726,0.2498322446345069,49,0.0,0.18414606663430297,25.84419674777984,-3.530907596489693,2153.791319121876,919.8076581324848,4566.964605086532,0.0,0.0,129.1679546454359,15.87441487566692,354.60000418283585,353.96278360632385,340.54659620887156,350.7357823979465,386.69445136291836,317.12069615179564,383.24184250144367,380.53493958579384,362.22012156424597,354.2598537553888,376.2691442609314,365.7086274194119,241.06976208862403
483,205.5210613952719,922.5106419891234,0.5064452897128431,0.05783957084492574,0.06362951795629081,49,0.0,0.03315436663766161,4.102273733584255,-1.5325615907261407,205.5210613952719,922.5106419891234,1906.6809650072496,0.0,1777.960045023739,130.01188960083047,15.87483459819363,141.737350317944,125.67042487563388,149.44263981915384,153.81014845562993,163.15837700256264,149.92987563711003,154.9903291062787,154.28827782384946,158.2438556761025,152.83316209088173,139.6938782124896,140.48994898540985,122.39269700420344
484,2048.4415554892375,922.8138453118087,0.5820117295126227,-0.14686561379521496,0.15896344370501586,49,0.0,0.15126125205061866,21.94998450327985,-3.3535855449143224,2048.4415554892375,922.8138453118087,3757.2398881329,0.0,0.0,129.2135883678321,15.875712859090848,302.7456503097531,290.8568968099404,288.8937832153943,273.5576089417375,302.2167764281837,276.27683649181597,305.81186848850183,291.4536093961774,284.5934440967185,292.69633034908935,334.43517953515334,297.8097507632481,215.8921533071873
485,1158.3267995441702,924.0948095851223,0.6119094269886572,-0.04842170207629475,0.1443378994179083,49,0.0,0.07037770399316563,9.856354024232736,-2.484290735632822,1158.3267995441702,924.0948095851223,2079.670563437121,0.0,0.0,129.5991714270305,15.87624879053663,132.69569933856627,154.05549220501683,159.33965198873662,146.14991353898733,181.9480213602913,166.70052960190475,173.017137181277,162.1431649019005,157.30813855423406,173.75680853132144,156.34842481416604,170.76341000077247,145.4441714199462
486,1885.2983424803765,931.164357460105,0.5883016592871557,-0.03494666116452162,0.18656982899421057,49,0.0,0.7171678577130174,106.08315390495467,-5.064116057609248,1885.2983424803765,931.164357460105,13740.539814287324,0.0,0.0,129.28425677540287,15.879243653757245,959.8267358852445,1035.0540589552995,1069.323168899637,1101.286851395901,1100.7152375559976,1044.9204972626153,1076.0288393360634,1074.556589753111,1107.035983288153,1092.0311156095984,1042.2796049725014,1168.977575851791,868.5035555214129
487,1967.1018091026158,931.1123374461371,0.7802420456078523,-0.2377785928976746,0.22409125362750615,49,0.0,0.03889306489489898,4.469234121693797,-1.6255827646417564,1967.1018091026158,931.1123374461371,1409.2241621125054,0.0,0.0,129.24882038478842,15.879199014608785,100.83353473587746,107.70988095716137,102.3314753505014,102.50577088163013,107.47649845974126,124.6947097721713,124.54739071390027,121.74370778427327,106.27423147413602,97.5478835763808,120.0805080552073,124.42155450629326,69.05701584523135
488,1171.1458448588032,932.9073256517968,0.9405326919613434,-0.2969511324649061,0.020380376979335965,49,0.0,0.03468597148929154,3.401048789542723,-1.3290321553075444,1171.1458448588032,932.9073256517968,1245.1106667007832,0.0,0.0,129.59362190800917,15.87992537897414,80.9903722332864,92.84030979537242,89.04397250814282,96.53641935181754,90.23761710949503,108.75476980152874,111.60209986063413,89.41744197543235,112.34175627336106,87.2499006216415,96.36197492101016,107.13690457147561,82.59712767758549
489,1915.6289186832353,934.0769313124648,0.7130809498933292,-0.12875132289311803,0.014533182375187564,49,0.0,0.02685081804487101,3.078652572691028,-1.2209017033585217,1915.6289186832353,934.0769313124648,1287.8967925934198,0.0,0.0,129.27111703731435,15.880449352205133,90.73841614057392,108.46626968290772,93.46441915016241,109.22081174392602,112.45679497823306,99.45141558436521,95.52724897544175,105.36254645756313,107.08963531948254,96.28961296441992,95.46957615251108,102.95180569766075,71.40823974617244
490,2426.198384052972,936.171444321783,0.5072952901328674,0.015659773812782836,0.16139066502017502,49,0.0,0.09355449315302196,13.982544464476272,-2.863965522646161,2426.198384052972,936.171444321783,3219.1951750134185,0.0,0.0,129.0499437818978,15.881070989161122,248.62560340887873,268.06218081356525,247.05782222785734,267.04373965614263,241.24770340803252,270.5844467108165,247.5657681459906,270.1434496125854,238.91470286322738,252.70960033047137,256.97287990741194,223.65084245620682,186.6164354722324
491,1827.1396624174781,936.5848885143018,0.6709008994710473,-0.1109380240166227,0.2784797173390646,49,0.0,0.3185721806904636,42.38496800950652,-4.068029649262987,1827.1396624174781,936.5848885143018,6205.183972526136,0.0,0.0,129.30944944788487,15.881514970866675,483.0128823669284,513.1193813029796,465.06133926061034,471.2908455996996,494.5852411135419,514.3026160003596,527.2890908498925,504.1167286447609,482.3842748178074,466.9244071751188,461.6828915625453,449.3427384126069,372.0715354192847
492,941.4816755406691,937.6975852019823,0.4085571053640364,-0.2802200059991163,0.18617654805349895,49,0.0,0.012180459620019858,1.4086254391573991,-0.37198881823733154,941.4816755406691,937.6975852019823,1190.0636183241395,0.0,0.0,129.69311216874908,15.881813521404903,97.12215816942901,102.68488299815769,92.4588764039317,81.70498975507053,98.80286487420918,99.63028779342034,91.77430707525014,86.73968091122173,74.4079347362105,84.93280758278006,98.01564936285851,78.9387689643006,102.85040969729963
493,1653.538756117011,939.0588230999255,0.5083684133269915,-0.19635012969938254,0.05568525756814577,49,0.0,0.0597572437501748,8.82277256778573,-2.3640127104694346,1653.538756117011,939.0588230999255,2132.3971902498774,0.0,0.0,129.38465265035458,15.882566680596462,157.26587640541646,162.15509711553966,170.83883587040486,177.79076253262966,155.8203901847428,173.56778132956697,152.93613714552828,181.42672878386878,173.9312147031212,152.3876836791318,173.26576820725222,181.81614451421558,119.19476977845903
494,1068.104638119699,940.1450600078831,0.6571125127689361,0.10887867455804283,0.2428851836210832,49,0.0,0.08963978519400258,12.229154296294672,-2.718491061406744,1068.104638119699,940.1450600078831,2258.2455932570156,0.0,0.0,129.6382616390539,15.882898296640851,161.1603344367931,185.42309087139898,170.38558718469642,185.22032723032598,173.09009929681298,191.22756493355126,179.601355124939,160.09728342091793,172.9743576302488,183.85104102736875,178.22158260491068,186.2115629899286,130.78140650512285
495,598.2314360435596,947.1233010417574,0.5511571384905126,-0.2907936369346797,0.507543734427461,49,0.0,0.014901503541973752,1.8572227956986156,-0.6721600139786679,598.2314360435596,947.1233010417574,1100.346940354708,0.0,0.0,129.84181020306008,15.885494915560443,70.43801327361876,86.9612902183332,107.63523035301085,85.54812280225755,87.85895864629086,82.74187514838484,84.32441764072358,96.37931576584734,86.16564833872815,90.81679052488076,83.38165999602333,71.32606254212976,66.76955510447911
496,831.9070750547924,950.392825124359,0.7223934977094506,-0.3660115126652707,0.47442711206754046,49,0.0,0.013654563634439133,1.335108296047704,-0.313791236289659,831.9070750547924,950.392825124359,1081.943277387156,0.0,0.0,129.74058719240455,15.887035568818728,70.36143254966844,110.19439272668595,74.50681079675763,90.2487154823119,80.76937195089646,84.86133289089028,82.37684252704685,83.92280053159904,85.35581776271442,80.54057114591663,85.86565737943974,98.2246960090313,54.71483563419737
497,997.667038824614,949.6567813670525,0.9054286326807648,-0.2021794648370024,0.12109697770464022,49,0.0,0.014827475072375538,1.3598226235489417,-0.3337056557824156,997.667038824614,949.6567813670525,1020.8691430831511,0.0,0.0,129.66877989828495,15.886826913404311,87.07433965597576,79.63370739985538,70.5095148569137,83.62873844651583,81.16088848631667,89.00298942995698,86.25957951417891,78.8374049291701,75.5367915525396,81.9932480340006,74.16856614017448,81.15588027618975,51.90749436136326
498,1371.0202788049035,950.4665998288583,0.2112676245360165,0.04697969835736054,-0.1154110526264715,49,0.0,0.014491320483756483,2.5131552966224775,-1.0005483149776029,1371.0202788049035,950.4665998288583,1387.653007621116,0.0,0.0,129.50704177032813,15.88729831813066,110.400258870686,108.73578055030598,112.21894035262355,101.4734026225398,86.5707314714047,100.58509519241218,109.31074405627142,119.71192021000537,84.10744855075225,115.71526826764492,124.11918240799284,118.62198785611318,96.08224721236397
499,2909.0113110748152,949.2442627947069,0.6323411710327602,0.2173694428918251,0.09156765401361676,49,0.0,0.013026477568130402,1.7102804809286607,-0.582668348101295,2909.0113110748152,949.2442627947069,904.073408845094,0.0,640.1532897370407,128.84078903770407,15.88607350614846,71.57202805446954,68.5783941544311,68.50736535807317,83.19776099529037,71.75544605808466,65.05546157519315,68.32910501619715,55.800939661453455,95.13131849375154,44.564680454178045,45.712878146286506,112.52476911058582,53.343261767099584
500,2074.298837443493,951.7378899376284,0.39924481129097084,0.04359230607183494,0.3111262887922245,49,0.0,0.021099395101088728,2.9513506297234566,-1.1750520202835006,2074.298837443493,951.7378899376284,2127.791203097389,0.0,0.0,129.20237503676947,15.887753917416223,145.2038383877211,148.24257793402646,161.69303039149,174.30080823812477,170.56607154052307,198.55889232785896,176.4850940620389,189.89181770049993,157.5513125664687,158.2190109364026,153.3592206257943,146.6288400548105,147.0906883316298
501,929.0826633640692,954.7199971627591,0.5566528795803515,-0.38402709168315863,0.23509212243613198,49,0.0,0.014787001819886696,1.5621500472669239,-0.484306865739179,929.0826633640692,954.7199971627591,1245.2043151714097,0.0,0.0,129.6984936796841,15.888898830526587,78.04085588730398,90.10589355957819,75.11092285239377,100.61166429091038,87.437684309152,93.00922262388937,107.0045518053106,122.55975943097508,122.89004519812536,108.80427220386687,94.48194923964402,100.19984629694038,64.94764747331966
502,2196.9746820999426,953.6776367084501,0.7625102930578019,-0.10332597091885241,0.029706903057370462,49,0.0,0.015417251994142971,1.5401811752710806,-0.4689295274035679,2196.9746820999426,953.6776367084501,1061.1607982254402,0.0,0.0,129.14923033593266,15.88850550337162,75.35220380830992,88.04216129656027,84.14617374167497,87.88887124044325,100.11690420592075,69.62627678232562,90.88852273090774,82.22982517019537,95.89230723574738,65.76913784367616,77.42096957964219,86.67608407029192,57.11136051974472
503,2056.560703400925,957.221278780921,0.512704389459067,-0.12085499068091597,0.07181165375753393,49,0.0,3.514476442159715,528.8379923682244,-6.8083066196129005,2056.560703400925,957.221278780921,82644.46683662359,0.0,0.0,129.21005701629107,15.89004571103789,5901.79903130755,6430.9287965819385,6580.501577367435,6584.187470953466,6513.887980735581,6507.704344853162,6457.4583746084445,6618.728372787536,6510.9092791375315,6438.107606584654,6603.353121011149,6598.546105816866,4898.354774878285
504,973.2887934781904,958.4380382078183,0.8269494028279454,-0.09386101190488941,0.34199034189003946,49,0.0,0.03835280900076456,4.145186955979572,-1.5438603071308434,973.2887934781904,958.4380382078183,1356.1379868467975,0.0,0.0,129.67934556704327,15.89047271892687,86.32876762249661,117.01719111079538,96.03317745222336,112.79909870023991,106.98375491804583,115.74183582095557,104.8330108066736,110.4655272359708,110.56918565457335,92.77918828103078,108.35789131968156,117.1698115625655,77.05954636154506
505,2953.9486775643404,958.7711360574548,0.7664051436559332,-0.16639371695347435,-0.23735193728726206,49,0.0,0.008834524791993408,1.1116820309554936,-0.1149514646337895,2953.9486775643404,958.7711360574548,472.41802443280426,0.0,127.89959305523251,128.82131199945857,15.889991169099034,34.94365795077667,44.602876675827304,9.3867357689332,17.90636626269974,18.69182823318982,33.6272211760663,45.67208958878861,44.781640268437016,43.915282245822716,51.565711591571485,31.46951120879333,71.8260191290091,24.029084332889017
506,2340.913941407405,958.8034764811327,0.7931236596336577,-0.4304378933841886,0.04023617780212405,49,0.0,0.012569455228863678,1.0977540696691006,-0.10126263956417302,2340.913941407405,958.8034764811327,1216.5584010353273,0.0,0.0,129.08687215666296,15.890558209201986,119.76122689189415,119.18730614271313,85.61370863647079,92.84218348669191,93.3645173293908,87.54031879988204,100.10383681363271,78.87917986600243,87.89011796736725,97.36328804654227,84.69714136305035,99.61876513386633,69.69681055782296
507,1024.730240637194,961.8796333646321,0.5291149823099932,0.16556761759522207,-0.2575700555544992,49,0.0,0.010589964322345363,1.1914152847330128,-0.19015791846662605,1024.730240637194,961.8796333646321,1116.5943427874754,0.0,0.0,129.6570625218288,15.8919333612287,92.04780805628494,104.29372348920074,72.81407071317804,91.9069794955546,88.40346880290252,75.20364834326094,86.61191675987625,96.9066555772092,87.0533653762545,87.5110316119362,64.54720341997464,95.43302926952487,73.86144187231801
508,1486.498686477276,964.4297529089808,0.5730834636242693,-0.20333593704113337,0.18250749897392857,49,0.0,0.11801869178971597,16.81715120130473,-3.0643810722428966,1486.498686477276,964.4297529089808,3322.829432202985,0.0,0.0,129.45701693123328,15.893133272496415,232.03093161295084,266.3602049701192,240.68810824649262,215.81467740341554,270.4381589036703,247.06516117929715,292.47706104450197,285.76703744138524,267.50583869595243,245.78797792388747,257.6389989533165,286.8295497502488,214.42572607774707
509,635.614345017224,965.3927720553619,0.4423392113477032,-0.10780133533437114,0.15679135342326883,49,0.0,0.07875969895537711,13.109861726504871,-2.793995277712507,635.614345017224,965.3927720553619,2682.3979481672923,0.0,0.0,129.8256326381879,15.893138529054873,175.03306887469878,219.9497303504648,237.85833448980893,183.6176700369294,201.93356369783336,194.71280912620108,232.29343322358926,233.15529219869802,209.1148023823048,202.12472506100812,226.84011599779734,200.73109869944344,165.0333040285148
510,2589.426717034036,965.3322009956947,0.3158587526305182,0.11619938072315464,0.08570843904944676,49,0.0,0.018722420132787625,2.778002602633818,-1.1093316207006945,2589.426717034036,965.3322009956947,1462.6996970183386,0.0,0.0,128.9792108468007,15.893093031393715,99.48747708775745,123.57761348518612,132.66503957351523,107.53939766976497,106.67769529314316,119.09231743477818,116.13385459174175,95.72794806983866,118.97572386500295,121.3739567457047,115.07369390439283,118.41763317109798,87.9573461264145
511,1976.119920532082,968.9627655144686,0.6117218538538772,-0.07992625812940464,0.07948093766858746,49,0.0,0.048071204618951514,6.586494468623007,-2.046635828592872,1976.119920532082,968.9627655144686,1628.8703828080756,0.0,0.0,129.244900880959,15.894966724939039,110.12216531122884,120.38892155276838,150.1574820196837,141.16370873958758,113.18490139083372,134.5104786858594,135.36897582238564,117.39958970061662,124.29053288853042,108.22058372262774,118.88843944311819,139.68636365592522,115.48823987491036
512,2357.2529729826674,970.6897717289237,0.4983259323101757,0.2935505699105026,0.21221106531559966,49,0.0,0.08471458070310665,8.81131055581995,-2.3626012706983985,2357.2529729826674,970.6897717289237,4981.00679992742,0.0,0.0,129.07978583126217,15.89550009502941,386.28350189734226,394.95713653873656,373.0748764440643,393.7297331042704,404.5880546034877,400.63882016503254,421.0561616023376,371.08658737096897,378.126503235924,385.53298399134076,408.1756807554742,374.6378311903149,289.1189290281251
513,2527.2561447606786,970.7449780480688,0.8587082794792599,0.09579172168259384,0.12097630590076057,49,0.0,0.025754201221493595,1.7694055869032455,-0.6195684855592155,2527.2561447606786,970.7449780480688,1879.3966073123047,0.0,0.0,129.00613860451065,15.895399624684007,146.7911294470469,124.95360105219392,141.28276970480533,157.51714135140293,144.542079998606,133.7649191774525,152.28146208001448,159.0432033210741,157.35922359678324,143.99751055213204,152.54077986151435,138.52476055994666,126.79802660933228
514,1632.139719510117,972.4438958057704,0.5480895102224512,0.03899040453279605,0.17385496978344073,49,0.0,0.4615117313662614,70.98372915318102,-4.627897028530137,1632.139719510117,972.4438958057704,9573.464144817408,0.0,0.0,129.39392173633007,15.896477602387183,685.253082316495,759.75715684132,727.7586088557525,753.2957669749442,742.3980153032298,760.7799933276644,761.8515768406824,724.5876742870298,814.0152976211311,736.729485154943,789.6498098770359,751.0879552113527,566.2997222058289
515,2596.512651074837,975.0141854736073,0.7439682623372342,-0.3411548725495942,-0.21996936762281,49,0.0,0.019567394111311788,1.7096720334315414,-0.5822820190627993,2596.512651074837,975.0141854736073,1416.8710306584367,0.0,0.0,128.9761324371206,15.897120925264499,106.22693770242284,110.26665209696472,110.03151486006405,92.51959450682256,109.3537601146613,117.99383139455219,113.2052615047466,101.67756387044776,108.49479196831345,120.77990736034376,100.5130561955394,116.57998663782755,109.22817244573048
516,1267.0891996304395,978.1495037795555,0.31180499245544535,-0.2770775426573094,0.27389004601139705,49,0.0,0.021607185645201473,3.597130195691683,-1.3898903927442068,1267.0891996304395,978.1495037795555,1580.1404624473482,0.0,0.0,129.55207393960438,15.898807352006187,122.11419261521843,120.39727397790928,122.88431160420316,126.23447579635071,114.7591831458793,136.56684321454824,103.26393364628724,129.40057261174064,142.2012604973915,112.05476338358937,133.50436046209984,124.74508116983604,92.01421032229457
517,2369.7988498938043,979.0072699028718,0.26142999959003693,0.29429149017726525,-0.09896770987698066,49,0.0,0.008799479098570458,1.304709965565727,-0.28878494900625196,2369.7988498938043,979.0072699028718,1237.9270307774036,0.0,0.0,129.07434495113634,15.8989573289324,98.49508735488256,99.08889605557927,84.33134485634125,81.23792616741375,86.87633626670711,114.66765329289875,101.62940052410377,96.57680922692286,102.02710576778226,80.52345783989426,115.71943148676036,94.14813535062783,82.60544658748981
518,1550.6637567416485,980.1677421355952,0.6662334750825573,-0.18710332913900424,0.13283424539906727,49,0.0,0.02592971120224433,3.1174157562441787,-1.2344868152861266,1550.6637567416485,980.1677421355952,1259.1203036521879,15.571711641714275,0.0,129.42921990361003,15.899695165474522,88.55649174420105,106.97581464562518,100.10194424989848,78.41941855942457,90.18891398043749,92.4674906332483,96.26365415359295,102.5851986280691,111.85739605433386,108.50157496952471,114.07628181166412,100.85467281914833,68.27145140301964
519,934.9309443356236,981.5950181125176,0.5063541207473425,-0.1599544502738676,0.27393273672578455,49,0.0,0.011183782359771837,1.1233774972851773,-0.12631430035743949,934.9309443356236,981.5950181125176,1104.6550731231323,0.0,0.0,129.69597649463483,15.900099748809323,79.3076627756513,92.43926665913338,83.17647848744635,81.60335697801435,97.01765749551193,82.84942057469101,82.81675050072946,105.79563803322947,73.08725713977955,79.56949103834822,84.81375014791853,86.75583781169419,75.42250548098467
520,1786.0021001952164,982.4258159507043,0.5421340479542737,-0.03520095689109488,0.06010259521371473,49,0.0,0.03252142334371166,3.6889832434725194,-1.417266706321313,1786.0021001952164,982.4258159507043,1930.6181969924316,0.0,0.0,129.32726232741547,15.900622231198033,151.34934658430183,146.25516498877354,161.34789128669172,160.66196408753257,159.36944535472082,143.77796966688263,170.40943778450162,152.09291847060427,138.72846611957,139.64223433792068,140.46097527124684,154.90819159342067,111.61419144626433
521,2078.1944214366204,982.1609772269592,0.3083379386198749,-0.23172558952295264,0.13347327614910376,49,0.0,0.011102539499895541,1.7036387925965453,-0.578443801471532,2078.1944214366204,982.1609772269592,1282.066502339253,0.0,0.0,129.20067420096936,15.900428253451858,101.22664704406614,104.57426386579164,101.8412741972418,107.52803664628225,105.73572354742734,75.68747679420657,107.48275502722305,98.29717665289073,108.38809231228717,100.49450758622437,88.58734292578603,93.86080060768576,88.3624051321402
522,912.7651175403007,983.0971297109887,0.5745674872850115,-0.15634075438265038,0.22912264257983955,49,0.0,0.22304346709170755,33.299049158216384,-3.8060795814207937,912.7651175403007,983.0971297109887,4882.852681418519,0.0,0.0,129.7055802673234,15.900712662120563,367.29639165741946,392.84591147885556,388.35675382885915,417.339060619507,371.09267718191654,371.4713023268382,340.02379759682526,359.1625313826187,390.66631312180516,381.8284039325629,386.8898577572112,392.28626666757043,323.5934138665297
523,2031.0413778309635,983.6727314407793,0.48112589389784555,0.09839648501808704,0.10842697609775978,49,0.0,0.02591211099583551,3.6270389933142337,-1.3988805614698154,2031.0413778309635,983.6727314407793,1479.4794757736925,0.0,0.0,129.22110188937526,15.901076617456877,110.31733768058064,120.05812376204395,105.04897717818918,101.70945935005606,117.42083833865551,99.4745312515588,119.81412303988009,133.45396127166146,113.91090669503322,124.00233414650725,135.11472802060123,113.68571939156848,85.46843564735647
524,441.7488150474108,984.9202563193058,0.4886977789645777,0.1922680767904432,0.19544570136607953,49,0.0,0.04133108908868774,5.964985079951214,-1.9390234042979801,441.7488150474108,984.9202563193058,1869.7933813223758,0.0,0.0,129.90963492087803,15.901096917897538,138.97725755093506,144.91863137460817,150.76993148205747,137.68772551123976,144.6622318702752,154.4549992728737,128.36975592085093,128.90147053280003,162.94407573675275,127.78335267450836,143.63246038027808,163.84389934795843,142.84758966723797
525,898.4061489803935,986.283901874076,0.5332349989240219,-0.12998620051974122,0.17073133794031614,49,0.0,0.0438588579076374,6.86155285289613,-2.091056032388706,898.4061489803935,986.283901874076,1603.844454783121,0.0,0.0,129.71180300825563,15.90203182580507,118.10446211744502,110.33367234807076,123.32269296749635,138.43123483562795,108.94913574847263,141.62173205088146,140.89137584161864,123.53809688169952,118.69083704145515,97.78285663431237,132.22166360427633,125.16434496725827,124.79234974450644
526,2340.247961267527,986.4091274799149,0.5373956567827298,-0.013399072711878623,0.17777493814971637,49,0.0,0.06212760375845716,9.013772628450832,-2.387266497091289,2340.247961267527,986.4091274799149,2336.133217876199,0.0,0.0,129.0871420460859,15.90206056870532,161.86236509986537,205.89848281158578,175.20813267233677,216.24694647973735,158.59822347576875,190.6752323520817,174.39389556517375,191.78803559555462,189.65462545483402,174.8720344814344,191.27574756321758,179.28158617150953,126.37791015309949
527,2392.4149572607216,987.2602417974092,0.5990481251862642,0.22623331375967262,0.048846502564527244,49,0.0,0.06874711086019922,9.657798086711603,-2.4621953036694073,2392.4149572607216,987.2602417974092,2152.3520911032583,0.0,0.0,129.06454122674097,15.90238069980901,151.29886787063168,200.20769772886845,175.21257713881084,172.47802032872715,145.87206717248435,168.72251934828702,179.61665762772992,167.6606416480032,154.09562634490118,143.46879238176302,173.42195297663056,170.7324421506487,149.5642283857725
528,2578.330315642527,987.8342280808455,0.5319565305733247,-0.1240928858073298,0.5675176786859789,49,0.0,0.017843041430497697,1.7265354765938852,-0.5929387664887573,2578.330315642527,987.8342280808455,1480.5913372216423,0.0,0.0,128.98399774353945,15.902477839697433,109.20900690050183,103.94823730832928,119.77022683154429,108.9377642524976,113.32938021967001,137.0513107289867,109.54415565496802,121.24666342986099,110.16086614788004,113.23854389756319,127.44119136933524,111.17890584059182,95.53508463991312
529,2354.2597685503783,989.5494771545362,0.28971900423840014,0.23697903315324517,-0.05051599123205221,49,0.0,0.009715697196071467,1.4820431147583153,-0.4271520951900227,2354.2597685503783,989.5494771545362,1246.3687892285711,0.0,0.0,129.0810695704084,15.903359968308063,106.92496895645004,102.40169423176982,88.74107352027644,89.636864867335,109.09240351516775,83.02662240855423,107.94673649691963,89.77873546054388,94.50595669443545,106.14430274084589,120.89413997209616,86.100995638807,61.17429472536985
530,1287.6575498321683,990.6542986261536,0.5727163018410185,0.20030600690394193,0.15756601617289903,49,0.0,0.011633834807053411,1.3900595671636236,-0.35758352785856384,1287.6575498321683,990.6542986261536,1095.4224911461656,0.0,0.0,129.54316662935895,15.904023299987818,81.22925858811101,76.65924055657347,82.67024923338992,73.58172838345817,97.85169173893516,97.35871504234805,86.61643402498916,76.1817584098902,85.4341671806329,82.89678380078537,73.53528257948685,102.3376099843018,79.06957162326361
531,327.03007776530086,992.4523975699861,0.5355724149521135,-0.09394203306304598,-0.01135638448432865,49,0.0,0.014558635858675254,1.6854354600094,-0.5667803170928866,327.03007776530086,992.4523975699861,1150.6720912276855,0.0,0.0,129.95934034348377,15.904114688114479,80.12025741776772,91.39109054175205,100.99344214545192,97.73943483502084,88.73112858885659,85.66770919312057,73.4261550867401,93.3314102436257,78.2374317663911,90.72331983963166,92.87834852404079,112.27400860564117,65.15835443964541
532,713.0758278085228,993.5467599307929,0.45563706271910454,-0.09376789924905042,0.3484004352935012,49,0.0,0.014196568407453468,1.970429027280543,-0.7364019916661634,713.0758278085228,993.5467599307929,1112.4526351357847,0.0,0.0,129.79209893340249,15.90493074416687,84.51932011809332,88.87014189464739,80.80846301737786,90.55897864495128,86.85939663425755,82.01091644613662,84.96565017045117,72.4178258611922,84.86560547879964,91.56502342726611,82.85332167864156,104.01530733926649,78.14268442470355
533,1104.4992101230437,993.9071260445032,0.5154176916828712,0.30146196554064275,-0.11930423255258267,49,0.0,0.029859185250930276,3.999567538210179,-1.5050325871182946,1104.4992101230437,993.9071260445032,1710.2542989801896,0.0,0.0,129.62252004292583,15.905314657885418,143.94385611153473,123.10729837473453,134.88543585878875,136.3784683209429,136.11696517503495,129.4382997711396,139.78152869500326,112.36917922748196,149.23921944326193,118.10847638801324,142.66248640589993,143.16205355318198,101.06103165517177
534,2498.832980500406,994.4264734524426,0.5510953533335954,0.20409776935146537,0.12597170108345077,49,0.0,0.009478785783611152,1.1207701647280106,-0.12379140342258493,2498.832980500406,994.4264734524426,998.9948782618251,0.0,0.0,129.01843234337858,15.905288866418752,62.07248756544233,86.938371986335,79.73637020120985,76.81109438058739,83.37268280307731,69.83498731283579,81.50804369099475,70.19342536849088,69.61969695633238,76.03638948391625,99.45463229883255,77.66233168213118,65.75436453163942
535,2768.337986793686,997.4854721783707,0.5837280921152704,0.5357339133475482,0.26864959733545274,49,0.0,0.03838876930698502,4.628381609585264,-1.6635728982277396,2768.337986793686,997.4854721783707,1960.2333702258202,0.0,0.0,128.9016732424046,15.906322993334673,167.96183546553954,147.91652791539892,159.30547966208894,160.47440865880128,173.87083330513082,137.50313274473316,179.78860411560498,134.42012575607959,153.38080731929585,133.86176859618183,139.27279400166586,152.22073268171152,120.256320003588
536,821.5889014285614,1001.0902787230222,0.588484182930613,-0.19615308863058867,0.26323796703924657,49,0.0,0.06379109056948498,8.759201504924407,-2.356161293442141,821.5889014285614,1001.0902787230222,1989.2630980312906,0.0,0.0,129.74509297048314,15.90815181952762,146.5025923730787,176.13189714871254,139.22801655007467,153.70309053977928,155.55656146099045,170.26234928705148,152.0616531724134,177.66691927655887,132.76824455779564,173.28565131814446,145.96366939840112,131.52182353677674,134.6106294115132
537,2096.535940856084,1002.2336589627329,0.7866669232026254,0.0531842455361464,-0.03466396832387856,49,0.0,0.017513633285660395,1.7585145267472675,-0.612864900725551,2096.535940856084,1002.2336589627329,1165.8291960016536,0.0,0.0,129.19271897545278,15.908783940497988,78.70993063016874,75.23457983039663,103.33334959605243,92.44488160407502,89.01613049749463,97.11653881252616,82.44157489396066,81.71712971765129,110.28152049520463,100.31314436170108,86.7531621653022,95.526198981466,72.94105441565421
538,2337.3971120006754,1002.3672240858169,0.6478463045632009,0.07970686249828665,0.3654875128775209,49,0.0,0.02718862459419922,2.9718714065516396,-1.1825750337229604,2337.3971120006754,1002.3672240858169,1751.3037709987043,0.0,0.0,129.0883663960625,15.908711359917232,126.93021087503931,143.95453700684752,125.64424663215067,156.45797929489058,111.87669161397383,132.89551406988056,138.4801583734358,113.51783122727025,156.63409930725874,126.2505719517898,139.9996156015759,147.62351606541085,131.03879897918063
539,446.6708719303118,1004.6654034312925,0.35370933666985516,-0.10278945690994128,-0.5961126365114491,49,0.0,0.014547910282697725,1.6154847907943444,-0.520757184118166,446.6708719303118,1004.6654034312925,1549.7284944883838,0.0,0.0,129.9075234152872,15.909328501386865,114.7800790531495,139.97768392945065,116.84844063904447,145.1815019866195,111.73211571855238,103.47206406947932,121.76856791241906,145.30068886280853,103.75308342517808,118.08693420841782,109.75734258299654,136.11294674993542,82.95704535033255
540,2631.960968009007,1004.5011666976241,0.5111384791400344,0.1222372165782236,0.5457661039005404,49,0.0,0.009307412585136784,1.0403262366990944,-0.04292387848897025,2631.960968009007,1004.5011666976241,1114.350598083368,0.0,0.0,128.96074826123308,15.909375541508641,82.92438382145383,91.12362713498955,91.15173151120744,93.0382061556434,98.85782759463788,69.08005350781539,82.14056242757121,92.11160189772141,91.62528858984449,76.12710444734805,89.12030135746497,93.75918822749476,63.29072141017555
541,2926.39302616349,1007.5842791841267,0.2827299020488648,-0.29169494450797295,0.6431112098664419,49,0.0,0.010773233209781553,1.096368869245761,-0.0998917387603914,2926.39302616349,1007.5842791841267,2393.8913686094756,26.550074192218567,1891.9320913161018,128.83318936409296,15.910360382670385,176.47902192971878,210.119579576523,226.05786187258823,197.4892690698362,187.26507843039798,213.66078213047513,195.29422255338156,206.0790657248463,174.94636733662244,176.04542714138307,130.35161260112585,166.68415495399506,133.4189252885824
542,1096.665095658705,1006.0042363402015,0.5944615856608302,-0.06075396160248854,0.2193508205599656,49,0.0,0.20242438076994929,29.605000565523902,-3.6784126842851173,1096.665095658705,1006.0042363402015,4453.027301587205,0.0,0.0,129.6259196766148,15.910351606202763,321.0308292294256,334.6074349633458,376.7144611074439,356.46346855512286,340.88675304488004,366.7305661633526,356.35848592004777,362.30380537245617,341.63616461207016,304.5877801810339,351.0438184101115,402.09174580671754,238.57198822119796
543,1655.2787739139503,1006.5961465969834,0.6215259494221073,0.491077282719129,0.2387462343875207,49,0.0,0.012970994367855912,1.4310138603545481,-0.38910960055308524,1655.2787739139503,1006.5961465969834,1145.1980717229048,0.0,0.0,129.383895503188,15.910706561896138,79.98584226689354,85.96188191030438,86.75600689242333,91.77556608357891,93.26523902648354,82.31342245634268,91.00590758693465,101.9435388365583,90.71535279132391,93.0070679759097,87.82777345582838,98.21693924491926,62.42353319540436
544,2337.998196543574,1006.4889297617505,0.23916408540977727,0.10137291442946413,-0.011911369033786942,49,0.0,0.011381583117926128,1.6677463359298732,-0.5553249879312712,2337.998196543574,1006.4889297617505,1651.5503904087172,0.0,0.0,129.08810320863253,15.910428295570549,110.0684195493543,135.7357673408691,121.89484179350968,142.21537707190072,106.61844049035194,124.62165439195113,129.86853649413126,118.75938100622625,137.04644617632454,113.10728940429459,139.39550053728112,143.84410604092176,128.37463011160065
545,1552.5802458295932,1009.8902846696167,0.5547495783643985,0.037307842683020565,0.2067871835979599,49,0.0,0.016738616955369354,2.1226993503142793,-0.8172212174618999,1552.5802458295932,1009.8902846696167,1202.81575422838,16.878007234539588,0.0,129.42839090851734,15.912079398088629,74.94602876513557,88.45346401432477,89.08681733812077,84.04021596296641,93.80206204961605,98.72004595060726,100.07173714990407,93.81903518955184,94.14435862109902,91.4518645763163,105.02757766591692,109.08787152926553,80.16467541555564
546,2931.332801069727,1009.6147325155889,0.7806452700143562,-0.13054684631967758,-0.38919023566083827,49,0.0,0.03671034038306515,3.1207227628236964,-1.2356379718685384,2931.332801069727,1009.6147325155889,2546.3654333912145,46.95395556389656,1911.2528715664012,128.8310469004251,15.911200679250406,207.44052017219752,223.90397571055047,245.9582557694962,204.8859662217227,191.4510591987593,213.62049444956222,206.5836147890656,260.6298510235354,170.67377687156772,190.8383673990749,122.76726465967874,169.48799327724612,138.12429384875725
547,389.2561678475666,1011.8239297725277,0.782919464619771,-0.1438360144782121,0.45408174303087745,49,0.0,0.011340186231511942,1.054706911446904,-0.05782947983001687,389.2561678475666,1011.8239297725277,1105.3376281968294,0.0,0.0,129.93240478006064,15.912252406268825,78.25196802274569,84.81958621662244,106.90984986323492,77.28262707454763,87.80032708093518,89.0030138202528,89.47797102413467,72.23284745867772,85.04661857953388,80.1657320989103,85.47052617052466,97.77717521786684,71.09938556884259
548,2165.09882512059,1011.4671488776429,0.5261605110492475,-0.2551551836117968,-0.08997790745549024,49,0.0,0.019228866691506,2.5277643669564887,-1.006841468626252,2165.09882512059,1011.4671488776429,1318.9909893079102,0.0,0.0,129.16300935187,15.912599720008606,97.39288860093541,87.74402804993747,109.53810895843964,92.18892668500457,130.05327817894917,108.05983671202625,112.69068616133329,109.50234892440778,110.22564336603,87.34711652985553,95.30886563745167,98.76709551895037,80.17216598458921
549,2602.951236046563,1011.3001396634361,0.5443423471525805,-0.06595631706848369,0.22979421125804364,49,0.0,0.18445532462750464,26.992260373761756,-3.578098136432735,2602.951236046563,1011.3001396634361,4819.34395612629,0.0,0.0,128.97331003328398,15.91223379079844,370.7420042121381,394.05775436197655,364.2548892855119,381.20547507755214,393.0495648026026,401.6781810377239,384.80167585131477,381.4294438050151,362.8275277533709,357.9819580238318,356.3076950055601,393.8575544125382,277.1502324971547
550,1709.9629574513683,1011.6217512404301,0.4570889664183052,-0.5251188719151509,0.08173349129103825,49,0.0,0.009281323443233227,1.0182404857839809,-0.019625902061253732,1709.9629574513683,1011.6217512404301,1064.7955118349014,0.0,0.0,129.3602024888056,15.912796645581517,95.30605908819248,72.37989320690613,87.9527277905392,80.01872964407286,77.22794255113128,70.12395685498305,82.51048942390887,89.72042045314296,100.08604803699284,80.00276025280147,85.01972639041404,87.36201393556973,57.08474420624659
551,2726.605202975693,1013.134319998949,0.39659797915262485,-0.012807388441403498,0.1840425640056531,49,0.0,0.1040774150847138,17.064747469557343,-3.0802496645297235,2726.605202975693,1013.134319998949,3965.0802351680363,0.0,0.0,128.91973665617718,15.912884316655573,306.06408794879553,325.02641772890524,305.2595657408375,299.59462385484136,319.4087626265583,274.34482136099695,321.72003065241,351.5725999004278,312.3594027429806,308.3542935618815,303.32440432995446,332.5787843690829,205.47244035036448
552,757.5316198731347,1013.2256555529908,0.25188365223432363,0.006880401106100246,0.4244028936684668,49,0.0,0.015160697439197209,2.341586989243941,-0.9237757408140186,757.5316198731347,1013.2256555529908,1371.2450013208759,0.0,0.0,129.7728544511896,15.913163170390991,90.19748863181977,112.25768184887727,111.6444036583984,105.92755903047998,108.23551545718902,102.17847955671476,92.7781364233877,121.29494816754601,94.71973842805969,118.81422346377497,96.4890468249348,127.4753892255529,89.23239060414053
553,1748.7137118205417,1013.4119123783173,0.4098675206947894,0.07567609129861184,0.23416061295998694,49,0.0,0.03918602698473211,7.049438450199035,-2.1203863074809335,1748.7137118205417,1013.4119123783173,1698.0420498517633,0.0,0.0,129.34341289604347,15.91353821906847,115.16821058132223,124.0317093169991,129.5005998191962,122.79073786682974,152.44527172688223,123.58416031844115,124.1487404468955,165.82013252668628,102.37790432670187,132.46425841973576,142.0588552173089,139.76945112373187,123.88201816103248
554,444.1413831122533,1015.8433973100979,0.8491008908903082,0.2614489954561555,0.5678042341436388,49,0.0,0.016128372955319614,1.3169468442728078,-0.29892061488189337,444.1413831122533,1015.8433973100979,1502.065396216206,0.0,0.0,129.90863104030336,15.913983211312436,126.72209854729596,123.61109803469597,116.69181189906467,125.08965860648091,107.54834110107602,122.36465339005659,115.4684120101977,114.67233532635983,121.68937731323601,92.6273662973247,122.23839222062571,128.8910435829719,84.45080788682002
555,1080.1377063393609,1017.6010533223017,0.70750519594877,0.23102386246038267,0.3707546175093633,49,0.0,0.029786783500864347,3.3533362213879223,-1.3136927500893067,1080.1377063393609,1017.6010533223017,1416.2714905701605,0.0,0.0,129.6330857350118,15.91517617711523,94.26140094526866,106.11289512892685,115.14182153459292,97.94219161187976,108.02038840066514,118.93639397655508,122.45051569845128,122.35095645114251,109.55493217463145,92.83844989050095,112.66624836574636,122.76433980927303,93.23095658252639
556,1485.5266758399143,1016.4794925503737,0.7069601339530677,-0.04132968039280528,-0.09493558108921847,49,0.0,0.013652205053281873,1.3248041391710028,-0.30537919084295045,1485.5266758399143,1016.4794925503737,1167.4761400766747,0.0,0.0,129.45744348363783,15.914820132702314,99.17322603242754,87.28467473071282,107.08904735489075,81.63874314412325,98.37696380834825,90.9258064022136,77.59966829061378,92.0717124809959,71.16732425392931,102.45351218015087,87.56530688721271,95.79518655769878,76.33496795335716
557,247.60486666165892,1017.5134562550697,0.26662521933579614,-0.30353268608545986,-0.0675530108565838,49,0.0,0.02257714735931577,3.012915704030026,-1.1974674526593865,247.60486666165892,1017.5134562550697,1948.735832579478,0.0,423.85434862363576,129.99377867879468,15.914466012516842,154.9530684350543,144.7651610849514,149.28047840170467,149.1395085844926,172.88814989154713,154.16709033489184,142.4757784894854,137.86394737667734,152.7871787001106,161.89317762470324,157.4775844590593,166.53620491391877,104.50850428288143
558,873.2175230690934,1020.4169517230828,0.6038882074786367,-0.041219621296547306,0.16446677326825118,49,0.0,0.06386166895789716,8.916410894451738,-2.375475184592629,873.2175230690934,1020.4169517230828,2022.2936509813298,0.0,0.0,129.72273810403465,15.916237906424254,138.06180283684918,153.7341864503394,153.54652285631363,153.78400151482373,174.29687510659477,158.8527066952054,178.33655670622457,145.4992637522904,143.94250356147688,169.2596155284672,160.20510684193874,158.065209897113,134.70929923369286
559,148.39025167265166,1023.3547109087218,0.6241049855686588,-0.054723977501056044,-0.1559274146961295,49,0.0,0.09236143034746874,10.949065453870695,-2.59844263000706,148.39025167265166,1023.3547109087218,3178.157461870195,3.2418160312610715,2756.6733094804085,130.03676838288044,15.91677947312415,285.12643572551485,273.3590780107345,253.76032535212084,285.10675454484624,269.4782782764121,279.90284686309224,287.4184886849399,213.03504717490148,217.3895877456219,239.7829951828594,231.47390328164485,212.54564293341642,129.7780780940903
560,624.1021128934598,1025.6325065569927,0.33861522343256045,-0.22841929198534064,0.3225471185137224,49,0.0,0.0336987364322572,6.232156760753014,-1.986595922104858,624.1021128934598,1025.6325065569927,1710.897309249502,0.0,0.0,129.83067335956258,15.918227606633655,141.19831297787164,111.90474362366145,119.643828521839,155.51349234998492,98.81529281000172,160.52266355957948,139.8439649038477,141.02583438018473,131.8401819288374,144.29313792712972,124.30323730149523,139.53963060718087,102.45298835788813
561,2281.05421019433,1026.0787634523624,0.5873491885345594,-0.031606392816990424,0.21064305141767953,49,0.0,0.034063205169018305,4.6694271893808965,-1.6731590195368207,2281.05421019433,1026.0787634523624,1527.7656367433,0.0,0.0,129.1127619446096,15.918625342328284,116.56239998464126,111.21905595671896,112.64116327876789,116.3458382270337,96.54823744491,115.11406734221839,140.5614590949461,128.70380027437508,141.1439371284099,108.6395645541125,120.55064617621122,147.52395624820684,72.21151103274815
562,2551.8557452966584,1025.6688230202117,0.7248340471362039,0.4882030753141847,0.41729764594098534,49,0.0,0.011978129209507473,1.2612348925909955,-0.2519899429515423,2551.8557452966584,1025.6688230202117,1009.662982679842,0.0,0.0,128.99543426259154,15.918263595757471,61.31637108775536,95.88441720711606,76.06364420837262,68.19740206142171,95.80095546974276,76.39705429752193,70.0465004184793,80.02690450706264,81.13889976520164,77.11035698196076,74.29149362252488,83.5116802203975,69.87730283228473
563,2798.6333474174594,1026.616766440806,0.5161589301713746,0.41690070763776865,0.2861518121469896,49,0.0,0.33734847763763465,44.64904316553532,-4.124530390850848,2798.6333474174594,1026.616766440806,10815.39807892557,0.0,0.0,128.88851692610845,15.918429366832274,795.7681699907935,861.319681519284,828.2009899669462,837.5215815138571,804.823875003253,871.5465481221977,862.4114283321709,882.5110944820929,894.8254175804818,874.8478978736587,771.0676399393794,881.7831603976142,648.7705942038401
564,540.2920829796739,1031.5405397546333,0.3444728722351595,-0.13267354280553836,-0.1502205570308044,49,0.0,0.008194583623749578,1.0778453842531774,-0.08139116562021632,540.2920829796739,1031.5405397546333,1014.017252804717,0.0,0.0,129.8669899856414,15.920615417795855,90.2986415682716,75.45200007926564,74.12034247275446,87.26932262948202,61.615564767159626,85.66798677777182,89.0693036801062,82.83081718766962,80.89404446660346,79.19779131701007,85.75057084212072,56.50642517318714,65.34444184331463
565,2090.6814701949575,1031.7790185491308,0.792036806080691,0.16457115653668375,0.40137155091151555,49,0.0,0.011036622405915616,1.0069920184886556,-0.007565070773143098,2090.6814701949575,1031.7790185491308,1020.6030010211721,0.0,0.0,129.19524222568475,15.92109669369985,81.45945424359182,90.63582776176595,92.83706145022404,59.60604702643188,88.37942579367319,75.49544043614893,80.88545704730386,66.88041227995443,85.15028268319668,65.1065581723202,92.46667821142057,82.02407608322824,59.67627983191235
566,1490.9973459793841,1033.7401726630649,0.5463089396009642,0.1732863588859779,0.2130219818049372,49,0.0,0.011000950251093171,1.034493320781724,-0.03681922745845538,1490.9973459793841,1033.7401726630649,1070.3810262950742,0.0,0.0,129.45507493162415,15.92201248484287,74.9273054431074,67.58153733315392,82.9587734379359,81.10158932681493,82.83536806516477,88.65068362720125,84.1693676393288,93.8351861158211,95.70740497742737,81.85478304915381,82.67618879576133,92.94917419792307,61.13366428628038
567,472.80144128177943,1034.9759497676675,0.48545914471483675,-0.6495913770019908,-0.540578612734953,49,0.0,0.013082831136989114,1.1858574466972314,-0.1850812128029794,472.80144128177943,1034.9759497676675,2285.001551039617,0.0,0.0,129.89623411193992,15.92198295314973,173.48636022108195,181.88087842599447,181.16484782653413,177.3570092611434,173.68452817842365,195.6848001235558,172.3538232539259,175.45265234470338,160.81096672403459,193.68376441717461,180.96445235763997,191.831887133507,126.64558077189814
568,1905.2157303051465,1035.5935729332887,0.5792135725150015,-0.13938462830501916,0.21090696777685414,49,0.0,1.1134587848708715,165.6179122707673,-5.547768264389981,1905.2157303051465,1035.5935729332887,21871.45395347385,0.0,0.0,129.27559975124848,15.922749772446686,1570.3432640293518,1647.061377817214,1605.7336744379418,1658.8576894322114,1774.9715710724372,1740.2451827614493,1802.7951692014517,1818.7730045401483,1709.6733722419094,1695.2401855431303,1816.0407400541249,1757.3218264292848,1274.3968959131994
569,2173.357683459246,1036.0730099688774,0.5467256402403562,0.31612717193628126,0.2874042009158463,49,0.0,0.02000905038268709,2.3916663744938185,-0.9467514940792671,2173.357683459246,1036.0730099688774,1309.2625447037992,0.0,0.0,129.15941828806916,15.922847827890628,103.33122271054754,97.31556406463406,94.86821752177636,100.80266923590555,94.65832399718516,136.54891785524157,95.58915226028546,99.9383997476171,108.60331625124903,89.29275554582406,117.17806014911821,93.96289339129399,77.17305197312108
570,1247.1049051818607,1037.1633684600513,0.5354760660887894,0.8009498582768216,0.45341489824405473,49,0.0,0.010815496258681976,1.2608204873251931,-0.25163314285257843,1247.1049051818607,1037.1633684600513,1108.066208200008,0.0,0.0,129.56075079229007,15.923389994051874,61.2561213860819,81.39154408204453,78.6488110726502,85.87578030478927,87.41711804545162,85.65030166625648,77.85176050992666,114.0822153701987,95.62529499446055,82.58618905258012,80.88659961489977,106.97524643677946,69.8192256638888
571,454.6494087412872,1038.9540373012096,0.5191827661882485,-0.22135267231612057,0.1150956326614257,49,0.0,4.163984652715969,566.8026160561192,-6.883579615124668,454.6494087412872,1038.9540373012096,125135.53712814362,0.0,0.0,129.9041027238584,15.923622564269573,9070.44085941253,9641.202298567736,9732.474810519081,9787.457880509837,9964.176068645334,10018.517239955467,10128.27879381963,9939.217694228877,9894.816045756503,9588.975158681002,9929.184392294877,9873.487674653992,7567.308211098712
572,2346.666708824237,1039.0199941088424,0.49909872973822234,0.033777036249475104,0.05546920920837597,49,0.0,0.014221796953934962,1.746001753750774,-0.6051116889792915,2346.666708824237,1039.0199941088424,1257.4527051045688,0.0,0.0,129.08432546748296,15.923976896055512,92.40991981032869,86.7847496247043,103.2878582798461,96.02703920114654,103.30359222993073,83.62538844132946,103.72392423411841,96.2809432485712,97.84403825214113,128.18581546634124,102.2380879984562,100.00268411157882,63.738664206075924
573,342.02594386150224,1040.7413442965365,0.8959578780524344,0.3068001139921067,0.04319318411301771,49,0.0,0.017868860756944663,1.511430558341789,-0.44847049651240645,342.02594386150224,1040.7413442965365,1181.039151314003,0.0,0.0,129.95289941319675,15.924250195496814,86.74922796079917,93.0572079673203,101.50377887299994,80.25944258013206,101.89311594910683,81.8363252781325,95.13704905184106,88.3301792460051,121.63961598970829,88.8046349022817,89.2727277580533,84.93284335111733,67.62300240650524
574,2935.5191972601583,1041.7715323002535,0.889293350841447,0.5280696197026062,0.6446597066584527,49,0.0,0.015268593537514133,1.1693974365301563,-0.16990534368212645,2935.5191972601583,1041.7715323002535,1430.8289893569831,0.0,1080.8267335101636,128.829194130726,15.924593607905003,96.87975519468964,104.45869663070341,95.80508966801241,126.50274474066954,119.22666308336775,136.61637563349763,109.24256402286767,116.14735462567225,129.98852403489158,104.94322570840677,77.0028726306875,131.94555963658598,82.06956374693101
575,2257.1436825208684,1041.825376782919,0.6636400551339234,-0.12108685310752067,0.19480214751855746,49,0.0,0.12502430933645492,16.50060758367144,-3.0437498401374388,2257.1436825208684,1041.825376782919,3037.237689237556,0.0,0.0,129.12311217462806,15.925200053911123,238.67011236878443,221.17254978152135,232.61386519740083,219.40820141450723,245.5225891653391,248.95937548393715,254.40870601930683,216.08269786114857,268.3565009987495,207.4285799643235,249.36429624780072,247.15944279392593,188.0907719408105
576,1025.5460394705947,1042.4764353180153,0.5285257806884249,0.10554680872100926,0.23664091173720314,49,0.0,0.23098398261912156,35.56386111666201,-3.8775222639449467,1025.5460394705947,1042.4764353180153,5579.408876081499,0.0,0.0,129.65675135621254,15.925514812115763,411.6422199549568,421.738512250284,413.69770628940347,408.82482036439194,445.05613567428793,476.505589005975,410.2031787976143,442.5074725430014,474.99370370524895,404.0604412691828,456.35870064986193,439.69915080926006,374.1212447680306
577,1352.9255798489978,1045.3613256808171,0.8122634392345665,0.28977648465886874,0.287357094651915,49,0.0,0.013562762267566522,1.3594715756270195,-0.33342532904125693,1352.9255798489978,1045.3613256808171,1034.759501722734,0.0,0.0,129.51490196495467,15.92683323479787,83.74148427347271,78.91448839595262,72.34819570813079,94.38132456173722,80.55016944225815,87.6606159917429,95.58809907302417,87.83261256102315,63.19869685240521,71.51817014928578,84.02218960369271,73.67540090083439,61.32805420917427
578,1982.5988192841544,1045.077838100082,0.4951088809148564,0.647668170730952,0.25561198966208104,49,0.0,0.010355517429180098,1.2462629661055569,-0.23902422434502163,1982.5988192841544,1045.077838100082,1107.9720787545452,0.0,0.0,129.24206755576049,15.92667849639109,81.7871193996041,85.26199177314993,94.93408464409919,70.80709408008627,83.82295554407999,84.36577725440304,90.54590607911175,79.58032409336334,84.4976295852531,79.57845130628795,115.74648004270935,85.69597945348718,71.34828549891007
579,1464.7400144405703,1045.5906638266317,0.6650423377475794,0.3603734516580855,-0.0730526025504874,49,0.0,0.014688505850882501,1.6008181252532965,-0.5108549823814288,1464.7400144405703,1045.5906638266317,1168.1678712113758,0.0,0.0,129.4664533155833,15.926947321452575,84.36980125031252,92.68685505228572,93.0229014151738,88.32466966112932,89.242565190812,88.82092736808718,98.2124918623648,93.40851266762208,95.60849671366131,84.47974006989551,84.19735286644908,105.78687538775952,70.00668170582287
580,394.4566929413794,1047.2359120637539,0.5948784898076664,-0.34860510351523105,-0.058606380058304965,49,0.0,0.020280956803114977,2.3486074925063685,-0.9270261050750782,394.4566929413794,1047.2359120637539,1384.5150988694243,0.0,0.0,129.93019069866318,15.927011958703433,103.37724193106742,119.63642282323343,96.06948889593761,101.12192721763526,104.44178722190713,98.60514916633873,107.1419245608464,101.81858850673825,117.82395599282793,105.50665497501322,130.43359057652225,130.6686471433707,67.86971985798587
581,676.0478314517134,1046.9781786997642,0.546977277755744,0.0733026861913207,0.17762170797555715,49,0.0,0.05817190112904714,8.429887419870656,-2.314554436782667,676.0478314517134,1046.9781786997642,1987.1430366349505,0.0,0.0,129.8081855614059,15.927163931675208,134.6088323214894,183.8264506158797,158.16913862235725,146.76864158866738,165.6671872014473,157.50480780392218,161.92143511006384,135.29736764237535,145.42887425534514,155.59665197207005,161.42410309705298,156.80485371680638,124.12469268747358
582,2829.8453223257115,1046.804123045387,0.42717423055405196,0.10416416833653552,0.24527770412540492,49,0.0,0.16507768585887403,23.5836106283668,-3.431525739804197,2829.8453223257115,1046.804123045387,6498.910523335833,0.0,178.19389817055026,128.87497193721236,15.926807524391625,468.1523232477891,519.4175664515055,511.3421609863093,511.6441921877465,523.9334121741063,496.66151882616884,499.74956678825515,544.4245201442764,508.8378646815234,513.4437277005402,539.0719724272153,493.6138512214761,368.61784649892013
583,2281.655728808244,1049.2406859101495,0.9930082641766176,-0.002085409919135221,-0.2068493604200663,49,0.0,0.016031608503987785,1.2616028820242435,-0.25230668107675946,2281.655728808244,1049.2406859101495,1075.6613023385466,0.0,0.0,129.11248694029155,15.928275499420716,88.02570327946952,87.92988021621146,82.22383904233178,88.10926145965658,89.88585814112082,87.86818644420644,98.88882652708355,89.5789066250585,66.16530736553892,89.08377603190242,80.11568445662843,70.17238834638863,57.6136844029494
584,1816.8311072633448,1049.648476497589,0.54078381954957,0.12848683591009832,0.33115685498683334,49,0.0,0.016873506600828727,2.261545679638304,-0.8860134105768281,1816.8311072633448,1049.648476497589,1115.3901378306587,0.0,0.0,129.3138927727891,15.928625782525842,90.56778450312063,76.55201633385425,97.34304340173216,74.80887689219834,96.2199006418081,76.31210633636239,81.89856076780103,100.21100548250308,91.76354495059888,88.28271056938449,98.3344182793648,76.39083462033517,66.70533505159531
585,1765.2496603994123,1050.537227003223,0.5883286480069908,-0.15953203002338592,0.2190575007503534,49,0.0,0.17438928626029404,25.02988047440857,-3.496146939299349,1765.2496603994123,1050.537227003223,4140.019561898967,0.0,0.0,129.33624284506405,15.929004588219609,327.579595988456,299.6241958990738,317.49815013993805,317.77190724814307,347.08888566005635,319.48763131760654,366.2299396957215,308.7958551849406,318.35957236451696,329.68539770185487,331.5888064820865,324.4187684226498,231.89085579392386
586,774.7670560876982,1053.3952873024018,0.5399581135490386,0.748427553663786,-0.04589503036543674,49,0.0,0.01685825315737455,1.7479074940281734,-0.6062961109401943,774.7670560876982,1053.3952873024018,1470.5130138700963,0.0,0.0,129.7654174467788,15.929912327548484,112.06266857080719,103.66803585131731,107.17558929498173,103.69306006061323,114.06455903334898,120.25674143668027,127.95070774014215,119.94097207604702,110.2724313540433,108.55215655249708,138.46984637677883,122.72504249073822,81.68120303210094
587,2947.4049504406667,1055.1617674748632,0.20898316201632322,-0.09621043045021538,-0.32696428449945736,49,0.0,0.0324568466950698,4.230203133969257,-1.5659030566431287,2947.4049504406667,1055.1617674748632,3252.6352547553706,0.0,2106.5661123976365,128.82402820127226,15.930158714686376,255.22888518588738,283.6870849473953,243.20876072579614,244.9662963825093,209.7908580341722,238.15957662286831,223.04787374060152,240.54697849741626,582.5124186851137,198.1884689063857,192.61831251148845,174.92852767509004,165.75121284064682
588,2407.066424242752,1058.2648664327216,0.4655588603464754,0.30802667032331993,0.28830593342020183,49,0.0,0.009625730868059295,1.0495249047757698,-0.0524818716561225,2407.066424242752,1058.2648664327216,1052.0853756098738,0.0,0.0,129.0581415908384,15.931954777191496,72.37017377677041,77.16455803705904,71.77773436463023,79.62552192204353,102.7769951054064,85.35234752945294,82.26994172621508,85.66811390480373,83.40021434445947,83.28970659486245,76.24275455871295,89.76252807685137,62.38478566860624
589,885.3079369182454,1061.0310148018682,0.21175056899141265,-0.3623041505025018,0.46547783281428395,49,0.0,0.01024450740734444,1.3380401082251014,-0.31617282939373126,885.3079369182454,1061.0310148018682,1291.609502839242,0.0,0.0,129.71752628948448,15.933167438532761,83.46195009560533,92.95357896199758,107.33687093011235,107.63249081503659,109.99052483772162,109.85218355013706,110.91190559808138,98.06578802993491,108.3157934877664,98.32063381481346,92.91476283729088,103.3488984791104,68.50412140163382
590,1360.8454206269982,1059.7017146591472,0.43913070020144923,0.8607757863723859,0.638308145980272,49,0.0,0.009166576267233205,1.1743468569523785,-0.17449097441674222,1360.8454206269982,1059.7017146591472,1105.4855685740768,0.0,0.0,129.51147347281082,15.932809960415293,83.73227424169069,67.66405284757028,88.19195189180687,94.69259700777607,77.24291891149213,89.06469457188291,68.34181769086331,86.55412453615816,75.0830326324644,76.80034399814453,109.62457914188174,94.989750715609,93.50343038673648
591,2063.4778473285387,1060.0379332704736,0.5291513115342342,-0.08385147028941609,0.039965011751382146,49,0.0,0.1313205375167002,20.06508151140407,-3.2561023208251667,2063.4778473285387,1060.0379332704736,3493.8895501004,0.0,0.0,129.2070170347256,15.932882183312241,259.96356721442623,290.36848386605584,260.12148013689205,260.8587722705103,274.49235872835413,287.40531389273906,270.2242816745351,304.7753858132634,282.20648704913407,259.6608454604328,236.16200150800162,277.72457158112627,229.9260009049288
592,2829.365504541615,1061.3085137992077,0.25246866565109566,0.03536361891332868,0.26924145024431206,49,0.0,0.007575922801669931,1.1474455823819378,-0.1493302456939706,2829.365504541615,1061.3085137992077,1196.1375863229507,0.0,5.327095265523339,128.8751635704043,15.93285117348309,77.2649813330217,86.6891293003358,121.18182325591195,102.11108429166768,83.83776335819144,85.43013895051365,86.48043050634655,70.39597217035754,109.4497045415536,99.45597944871865,85.12466341924238,109.14028380405044,79.5756319430393
593,1837.1766234268443,1065.3396177767056,0.6795920319308844,0.029124546224185328,0.2787755263897459,49,0.0,0.03924199689889078,4.83997122383511,-1.7121069488595986,1837.1766234268443,1065.3396177767056,1479.0779064951184,0.0,0.0,129.30507369526845,15.935159660488234,110.36668744887919,92.20624276732735,116.85676518343541,112.89809841481296,128.40942909606133,110.89364107533709,117.54482299154054,120.011564232456,122.24533621253286,114.05867073897448,112.6822753787116,126.88577401091219,94.01859894413745
594,746.757434096253,1067.298397658289,0.5631622492472943,-0.10409847077674929,0.1566179959152844,49,0.0,0.16421336556217137,24.84042176038642,-3.487897413408449,746.757434096253,1067.298397658289,3880.9580705970893,0.0,0.0,129.77756445260297,15.935684738928183,261.44993132924293,326.7797704679979,318.3497559193169,291.08363133177147,302.87955913244605,334.31011533462646,310.68775899325385,298.004137020511,293.7315296688483,317.4976770183662,267.1796240870136,320.6931319991055,238.31144829458907
595,1667.99387832014,1066.9576320745664,0.7921304423451726,-0.16183809082467354,-0.005366751113195393,49,0.0,0.022260762940686185,2.2730351770615784,-0.8915153920901646,1667.99387832014,1066.9576320745664,1181.928760216128,0.0,0.0,129.37838283097605,15.935856083053201,80.87031415925063,99.33897289954663,83.51649401218884,82.23949980243296,99.2349931964055,92.44722860769386,74.76596651286313,104.32337718560458,107.26244169998911,82.03137022791877,105.65516779805681,96.03676744925599,74.20616666492131
596,2344.570374054931,1068.1198533842971,0.5766320930883438,0.029721379274499592,0.3322412378779598,49,0.0,0.020092114550660515,2.4509372639254794,-0.9733304871472476,2344.570374054931,1068.1198533842971,1232.5026139401068,0.0,0.0,129.08521401593293,15.93610280353151,87.98757530533999,97.30741118426707,84.91914905195813,95.44081945178152,133.47049946534742,94.52955360784452,86.50598861023636,103.70773386032982,97.85928641259375,81.15195162468237,97.45469877027499,84.66589981451042,87.50204678094036
597,1659.075565258221,1073.0354423242986,0.6227973018014907,-0.03277994172175088,-0.09162920959452009,49,0.0,0.014084713051563572,1.7069708094019482,-0.5805652359677758,1659.075565258221,1073.0354423242986,1007.4742682871884,0.0,0.0,129.38224695324243,15.938388952422583,87.3088264352855,83.62067668423978,62.58714830097112,67.69099133871377,86.06324201357091,80.195835541229,83.90836481050144,76.52900132076482,77.2166607020969,68.53949636432591,82.27085205700988,85.15253543373541,66.39063728474403
598,1862.4547066512923,1074.2274720589937,0.6488703761638377,-0.2993847076859675,0.069875499650163,49,0.0,0.024388691186466933,3.1537628019244277,-1.2470725661021096,1862.4547066512923,1074.2274720589937,1241.6057156229547,0.0,0.0,129.2941182501032,15.938857418374766,93.89292169271224,115.8836814482935,88.06841368687324,98.2298052009755,83.97108610424145,92.38090692474877,88.69883700005664,84.03468185646103,99.02845121295957,120.33411881734666,96.5616253327444,99.25916405602635,81.26202228951537
599,571.0265961423977,1074.4703310630855,0.34853058297769796,0.0866624766674601,-0.16073127091960512,49,0.0,0.010590093408878915,1.529164384482591,-0.4611354359577091,571.0265961423977,1074.4703310630855,1046.7798700247897,0.0,0.0,129.85371435319846,15.938529757543686,78.31239598966019,72.95214501912835,83.16268608136296,90.12701024314192,68.43258089573607,78.3569573517083,70.82289532576532,87.70916741744747,79.89419213357385,93.35577352702143,99.74203012323687,84.61457734745287,59.297458569554095
600,413.50115685503624,1076.5426421515726,0.46641479845487965,-0.232666291213688,0.11391716216314694,49,0.0,0.06787306859196275,10.199272729870065,-2.521423012575135,413.50115685503624,1076.5426421515726,2604.858898487002,0.0,0.0,129.92197116747957,15.939242117772688,182.9788189419677,210.98936519018474,205.3556856691256,187.84702069516672,243.49082776031372,203.56990326339957,240.34438678511668,208.02764604271903,205.0958201947016,199.2865712686331,170.10305183922756,201.5600237086894,146.20977712775652
601,1141.2499301779806,1075.3192970993252,0.7124920961664992,-0.007070363525996141,0.13860489923043598,49,0.0,0.035231850834049436,4.3679474431504195,-1.6006935103182365,1141.2499301779806,1075.3192970993252,1395.6409230892532,0.0,0.0,129.60663211580732,15.939250771030432,107.94579531640957,115.24533619910918,103.69889717084958,134.7415283519039,101.94123985464572,119.94545981863257,93.39446396394214,92.3477560783547,114.5853071749662,102.5741986132006,96.10362150249509,126.44985148534924,86.66746755939478
602,2779.452344603289,1077.8390212924946,0.5605590478796524,0.20416957324925109,0.18046025109194902,49,0.0,0.04621273509702657,5.291247739329916,-1.8088952398276552,2779.452344603289,1077.8390212924946,2451.674133863134,0.0,0.0,128.8967719194968,15.939790483138008,170.92253532496773,188.11027503154264,207.78895944954155,184.51501184089784,187.76808683291586,170.97934684461114,219.4776729884037,185.05797508028766,196.80026483964951,189.51008852913372,198.6500660836991,204.50194541238216,147.59190560510132
603,685.343756094803,1082.0527240516378,0.4989966558088012,0.027071502433923457,0.10988136317583615,49,0.0,0.014037520610062497,1.913738390157664,-0.7047064225828982,685.343756094803,1082.0527240516378,1032.4722592697203,0.0,0.0,129.80418712428462,15.941785145807467,74.61459666047404,83.71971123944347,72.81218737289382,75.4389819228944,96.04723338391739,68.08017143411291,72.38605197847804,71.0674523943402,92.8562736185566,88.28132128125701,90.01932673505276,89.30805335464102,57.84089789365873
604,2600.2000310243034,1081.2659982554712,0.2781563307977156,0.20167163432448068,0.23931553094378644,49,0.0,0.007652962547513034,1.0818515422255905,-0.08541917129839757,2600.2000310243034,1081.2659982554712,1108.9937181440853,0.0,0.0,128.97443818755707,15.941387301850966,90.06248365240205,79.33405694618119,92.87501340390342,76.21558011620859,75.54897336671793,70.15498870999383,103.14518174828424,89.55310823181941,97.46206399537684,100.97903532508906,89.51136296057935,89.5831223607998,54.56874732672951
605,424.5954716135443,1085.1042914729053,0.627182542152044,-0.04526613712141856,0.048312383310831035,49,0.0,0.21582918033276544,28.45400052061659,-3.6353583378019527,424.5954716135443,1085.1042914729053,5368.712802470365,0.0,0.0,129.91717329140764,15.942820621329451,371.1449903249332,444.5042383543205,367.2716284305873,424.10214885382044,440.82612824603416,447.3875250184428,428.1843700579866,407.56728827771343,440.7678633118519,419.0741611332003,448.90382556177815,402.4905862544237,326.4880486452729
606,1418.0870035161483,1086.215539600726,0.542230591440534,-0.3290370019624892,-0.09449736612079485,49,0.0,0.015424094324172884,1.8620476793049991,-0.6749769931626537,1418.0870035161483,1086.215539600726,1170.4540389187555,0.0,0.0,129.48667463174831,15.943867663478537,100.0151457668228,119.53529239079039,82.22602383182223,73.82344287480792,94.92791175475548,85.33183648401817,74.30337532051576,91.81549099051962,92.41418729896347,84.51648636910684,104.64791260292843,91.81001209274478,75.0869211409597
607,1729.7166840287005,1085.7419355243005,0.3288377102361212,-0.12675816856572705,0.2671183046325066,49,0.0,0.012142203561615859,1.7545508004274466,-0.6104148677221417,1729.7166840287005,1085.7419355243005,1152.4562354004538,0.0,0.0,129.35163515273678,15.943677506384493,68.03155022183242,78.78332154868593,99.9154564139682,83.69175205371923,78.37557438498136,89.19938367081346,89.62729256091217,90.73488103066651,99.93764700642075,89.57737490799946,104.70201862756362,106.96189210035544,72.9180908725354
608,2720.4555578129266,1086.5397329676457,0.6935072372149816,0.110823866976133,0.20346771167174743,49,0.0,0.026015211605567197,2.885697672816489,-1.1506270730395478,2720.4555578129266,1086.5397329676457,1465.0007994346493,0.0,0.0,128.9223259382651,15.943474280566436,108.87966441953873,130.143115166078,100.35125392003329,101.79190240425511,109.29909832752253,119.72728962745843,115.84830936813356,125.81023923283956,108.70766559914982,117.96270960245549,126.66620314580197,116.01961656185505,83.79373205952763
609,1224.999647740577,1087.1781562019305,0.6212008236984259,0.185210831963845,0.6062192679191233,49,0.0,0.012490771514724865,1.4390908576685886,-0.39522053546425406,1224.999647740577,1087.1781562019305,1089.93569213819,0.0,0.0,129.5703458078308,15.944222120866005,71.95091182718824,87.96665444481293,88.28929356416799,101.71891828644632,81.34495852384771,81.86533066149511,75.8991750658611,82.30067477816846,84.86802763770692,89.61211364261104,72.84089408390645,96.20103413606202,75.07770548591591
610,1550.444037225643,1087.0363002486781,0.680268931217109,-0.251972489170373,-0.18383933439001482,49,0.0,0.022056572892937623,2.623244319426171,-1.0470968527027846,1550.444037225643,1087.0363002486781,1204.4663969181036,0.0,0.0,129.4293199720488,15.944222959658445,86.32674337105425,96.81797002416326,95.02994756978653,97.70552218719553,85.68943252920235,90.00630669119292,96.72700827239787,88.87902450949782,103.10004647769642,90.20729673688572,106.3542313459094,89.13303118293715,78.4898360201843
611,1102.3234743048386,1087.1502233982433,0.7487947271008355,0.18870219185660286,0.5033574297591036,49,0.0,0.011426663802936122,1.0463106463431642,-0.049151610857784744,1102.3234743048386,1087.1502233982433,1096.6849972028626,0.0,0.0,129.62350502328678,15.944164092585376,67.12850185562277,92.20252942513174,83.66920907987179,88.8493869695719,86.11985065100004,98.16323302351479,82.26671125247465,85.95012150211798,78.91668859265768,98.77034481644708,74.81497582502318,83.68268701020857,76.15075719922032
612,2343.991584028808,1087.5442337779532,0.582011344769783,-0.047223287960477506,0.17436223596786463,49,0.0,0.1048825918487094,14.856257966400502,-2.9297735798872604,2343.991584028808,1087.5442337779532,2872.2670848098196,0.0,0.0,129.08545163675024,15.944196422668705,222.44697025289713,223.31451178133642,223.294804006883,223.12653686754362,212.0622384723085,245.23571735373886,233.5672260257479,239.1521350602304,210.59542631949245,217.86857700172462,239.2540069158414,217.11370249818697,165.23523225388772
613,2179.084869166329,1089.9535362271872,0.5397008413955487,-0.08394726973925262,0.1386732682710797,49,0.0,0.7725394298362304,117.4681089632843,-5.174799943516042,2179.084869166329,1089.9535362271872,16502.677188944104,0.0,0.0,129.15690838575816,15.945294638310598,1198.747879855219,1367.6017940901359,1249.0703480308327,1227.150584273781,1336.9861119063169,1306.1530405571566,1327.2890382509522,1302.3558892208277,1307.6213683975388,1212.4659814858614,1356.8968791023024,1331.3374633722942,979.0008104008841
614,692.2503566411305,1092.3750972753962,0.49244357200644345,0.14517323923125267,0.13300721089956336,49,0.0,0.009058253031997246,1.056715589167636,-0.05989528597008711,692.2503566411305,1092.3750972753962,1005.3194041042528,0.0,0.0,129.80120298128674,15.94609142279427,84.82589763487847,81.60146342879735,84.04964105814268,69.94235034416404,66.37481000491286,66.70720106536609,82.61362543476258,83.49424726856937,68.86594015667646,90.77136475949206,93.44021765725685,75.71119555722636,56.92144973400756
615,1641.350053719518,1091.6510162053605,0.4659546436108476,-0.20457996587816288,0.38752270826155255,49,0.0,0.01382616888074824,1.8540115488137978,-0.6702810876960656,1641.350053719518,1091.6510162053605,1186.1478637169434,0.0,0.0,129.3899271047604,15.946146093536395,83.16260212045574,96.22062569745617,92.8757429307039,91.40943659592138,97.84279110079794,113.17123857359638,97.17846751833123,76.35793437456286,89.40966553976902,90.13249754115783,84.97193685907219,92.41796499118914,80.99695987392975
616,345.116829860406,1094.0974174943387,0.45638561599572186,0.0007411885599259414,-0.12994639341822542,49,0.0,0.029199100144419957,4.127906514837529,-1.539324633036541,345.116829860406,1094.0974174943387,1566.515192120069,0.0,0.0,129.95162135869703,15.94648391270729,123.8923825039754,129.70681791981002,106.36812199730976,123.79573862995557,113.05085435011586,109.68963107624815,132.67670516803457,117.39833573976802,104.89104712926681,112.65107191450255,142.93346704929422,148.92163027120668,100.53938837058158
617,1661.6785713791837,1094.0727067585535,0.5609396887096565,-0.13159601506697502,0.04148041224220857,49,0.0,0.2590662986023231,39.387412761370285,-3.988393635675867,1661.6785713791837,1094.0727067585535,5606.508798510256,0.0,0.0,129.3811178409971,15.947154219565006,391.7009078781806,373.0065108351365,418.0145718451122,455.02939979677865,474.3860361742158,468.8328635142884,451.06540427038993,447.39889428705504,459.67101752394206,390.31699072409964,497.28594317555957,432.11224800659267,347.6880104789056
618,2233.6220138515446,1095.3980996229584,0.3375759862036988,-0.19802822707382042,0.15337126314213448,49,0.0,0.012638104913813977,1.771109179283146,-0.6206133347915476,2233.6220138515446,1095.3980996229584,1136.9617188122431,0.0,0.0,129.1332727766828,15.94753454524375,83.04497301334445,70.83267110759635,93.80906977894439,86.33675475556132,91.42423411331974,80.01671305451606,84.12002940046065,90.62196354252546,96.70646302863189,98.11604604093807,88.72407538523075,90.92816522365622,82.28056036751772
619,2280.300671679135,1097.3957413285364,0.3385787737465751,0.6533147710667323,0.40886926480511376,49,0.0,0.01708102567581134,2.635632703048533,-1.0522122191357466,2280.300671679135,1097.3957413285364,1422.3609506504972,0.0,0.0,129.11304421642845,15.948340342382277,106.72193299699006,125.68531094237359,109.07402135658876,103.76999332897242,123.30085986102091,103.6565644496458,108.3960800836345,103.12653342132134,105.04772820952141,105.20921515070773,107.28819294519425,125.39872006544739,95.68579783907916
620,2643.2558491074014,1102.7057219071683,0.5319704903888182,0.049758650017293696,0.16541216227333091,49,0.0,9.062192067106382,1236.1976797517607,-7.7302198102978394,2643.2558491074014,1102.7057219071683,284088.96191854787,0.0,0.0,128.9557615741014,15.950282065928775,20744.971495599493,22281.482261369685,22246.29301047051,22340.678605853875,22684.33747771488,22723.526729288267,22765.798010210565,22587.487396057302,22578.164194965284,21611.08428260329,22361.921316827837,22333.975908462846,16829.24122912413
621,538.0629577251003,1104.443246654874,0.6647808088285064,0.0752158329528462,0.186673076032142,49,0.0,0.17413285160885264,22.651355768778146,-3.3877355032096212,538.0629577251003,1104.443246654874,3925.931729412514,0.0,0.0,129.86802639965862,15.950988062259404,300.854382274428,307.15432691099875,312.9913230114202,284.59285938201157,334.2540461533903,308.2537696954427,288.50085719574327,300.6231406409421,327.36654383093895,305.84352240367747,304.8717718884449,324.99122790806405,225.63395811701173
622,1121.55342176618,1108.987299672011,0.9836685591908009,-0.29207738721782694,-0.104171489558477,49,0.0,0.015724222327155344,1.3139810628850348,-0.29647276552554547,1121.55342176618,1108.987299672011,1092.8146672858297,0.0,0.0,129.61518167815566,15.953270825818999,68.05815110343403,105.0957220413182,75.85600363665439,79.98613438038166,76.96045704963494,83.33300630473482,94.05218551811724,109.16257106945858,86.23375214394063,87.96601985086863,85.72432312487499,70.96951200958279,69.41682905282875
623,1884.5765075375411,1109.2597842604644,0.4424171489021473,-0.15799010850533224,-0.05858699580122056,49,0.0,0.0252710061460005,3.7404560814522236,-1.432311399606645,1884.5765075375411,1109.2597842604644,1474.0851798558256,0.0,0.0,129.2845233370722,15.953448755130971,98.31641999955778,112.22612227326815,100.33983706840301,128.29086335381433,126.16800260553771,128.961122444811,97.94372573592271,115.56065641305433,105.87526759723674,111.5983174336371,139.8164435475045,112.31421986248503,96.67418152059335
624,2593.117235239544,1109.5065783673142,0.2413897155989395,0.09578607411001712,0.2765085980925921,49,0.0,0.01281906707901423,2.0129388206069043,-0.7595764388652111,2593.117235239544,1109.5065783673142,1329.7702284307036,0.0,0.0,128.97748162832744,15.953159825468546,89.66309326682644,100.08001690466524,113.9543776003706,80.18605109792159,100.95352738080913,101.27782810090739,112.6820970215069,106.39490148892119,111.31095580405952,107.19266462160633,109.39467070280465,109.28017632423959,87.39986811606519
625,1018.9405098642727,1109.7103710594008,0.5207494265200862,0.13568414882739174,0.26376674675350853,49,0.0,0.010473588842382359,1.4247508425694186,-0.3843473061977393,1018.9405098642727,1109.7103710594008,1037.649522990413,0.0,0.0,129.65964909523726,15.953524970129147,66.5520580688754,85.16578293353824,68.06020432493031,82.94140390574103,79.78362179457834,76.94922829937369,75.91079727708274,91.90869546874397,87.77855468611715,89.09702873710697,78.83339841071785,89.485259982822,65.18348910078566
626,2374.5072911315797,1110.4450120064319,0.7084837533707429,-0.2843456982313973,0.06385415832942794,49,0.0,0.04198083044101127,4.96752137563924,-1.7403493614738546,2374.5072911315797,1110.4450120064319,1587.6638913264305,0.0,0.0,129.07221238812153,15.95371808022016,113.28038213066677,112.06966362351079,110.06999561333568,116.86412834951045,137.06369222377762,121.62492004494734,148.56983753213638,109.88984400691625,154.70517659215847,110.73833766786224,116.36144769868895,128.6145129315675,107.81195291135211
627,2479.5557376391284,1110.105073193186,0.3250151637082177,0.5327760239037838,0.032732096220141296,49,0.0,0.013724103338359632,1.9592177135293705,-0.7302067466111679,2479.5557376391284,1110.105073193186,1319.5773231297667,0.0,0.0,129.0266911019287,15.953501238018415,101.96491703031745,102.61673271887294,100.85818652765735,90.87918522347944,102.28425331215209,103.63667261849815,119.14843247576935,86.30148865950576,101.46608991144751,113.76749853300532,108.14844073250723,106.02132140710523,82.48410397944883
628,1775.4711241251841,1112.0477884900636,0.3245047057970937,-0.4206795047011072,0.005888255556206244,49,0.0,0.017777503943431187,3.307424987287958,-1.298725007828105,1775.4711241251841,1112.0477884900636,1210.8605901261046,0.0,0.0,129.33180406576497,15.954632099085268,73.4554513365479,96.18492481614469,107.4394176544856,111.36122439959875,103.83605618437147,105.61591148371154,97.67289512379105,84.50937587322984,78.5779439496996,87.54950955157635,102.73579144934097,97.87766355937306,64.04442474423396
629,285.3697565180292,1112.6109558124083,0.588282261427133,0.04503471904469,0.17722771150453848,49,0.0,0.022252307045451697,2.0943224004915595,-0.8026088447142553,285.3697565180292,1112.6109558124083,1666.601892387187,1.4504549619748803,0.0,129.97753196005527,15.954130925586263,125.20987622379852,144.55024818085116,133.7912314648921,126.40326931270387,130.71150438704922,127.24067990179299,129.19896103440828,165.9150317141451,112.402145994731,140.5724344449136,133.86176611699048,107.67774609632258,89.06699751458814
630,1145.0059135261909,1113.1692459881388,0.5704750031864664,-0.046738674575726946,0.18063852793766144,49,0.0,0.156868458101862,23.97727738749592,-3.4494996688924995,1145.0059135261909,1113.1692459881388,3578.989161132097,0.0,0.0,129.60502030343065,15.95502276204149,245.55808465597858,248.82306866660548,318.20504094293415,281.64170892520747,247.01255285950742,338.7049656319154,256.93650638392205,264.3760020117728,314.36859564481006,250.13130284263534,297.95534966478806,290.72622162245943,224.54976127956058
631,692.9332611061212,1117.1787673724286,0.6404454060282551,0.016892100229548953,0.1310650186277397,49,0.0,0.09146265914549061,12.309738791160287,-2.7256220935871656,692.9332611061212,1117.1787673724286,2349.06773632482,0.0,0.0,129.80092759779174,15.956426443827725,173.63128017174114,167.51120458142907,204.36662321203266,165.14563959216926,196.07097221096228,211.747095029761,181.46368002901613,191.4512499171556,192.1217603479207,192.53548179327768,189.2908734849048,148.03953885870345,135.6923370957463
632,1672.6473401741996,1118.1149381819525,0.5324154807022824,-0.2880333311541907,0.020352926704745006,49,0.0,0.08535825044724912,12.762377186502082,-2.7648289396510144,1672.6473401741996,1118.1149381819525,2596.0537127922425,0.0,0.0,129.37636304567206,15.957171051873088,199.56365111967511,222.4479406314042,206.0530399121464,210.14944273498486,219.24397682584708,184.52035852881443,176.52430765251293,228.62314342728527,171.07235863549928,203.7112716978549,195.91046931750242,216.40830787984518,161.82544442887013
633,401.33512622597533,1122.8893630292773,0.3086096691569112,0.0764667209004897,0.12780800791581737,49,0.0,0.017790875926081362,2.8901252982325367,-1.152291678821634,401.33512622597533,1122.8893630292773,1378.868406494528,0.0,0.0,129.92729326861274,15.958539639434605,111.61857597838869,99.94254617964899,99.53700936806865,125.33837413367254,106.64067697228819,105.69336982937887,101.43788026997225,125.91193093627038,92.84088830154718,104.15718900528083,132.88036472209112,100.7237639121393,72.14583688578111
634,923.5691428569885,1123.2575976280943,0.6614392888871171,-0.19652321787349677,0.15365818182788743,49,0.0,0.19876169737323873,26.954685948559117,-3.576585690476342,923.5691428569885,1123.2575976280943,4058.526936922422,0.0,0.0,129.7009861811301,15.959117523057685,278.64051591032785,292.7901585721996,342.19894177594074,329.5689350545613,345.33395632583256,329.35855287944287,308.48595861274885,304.6974359581266,312.3641682644884,332.0663113077277,300.3102536458232,337.59567748770826,245.11607112749425
635,1003.7321959324012,1126.1225011667864,0.3503980411793257,-0.3946557699526956,-0.6062293796153015,49,0.0,0.008681097345041586,1.2354857771280905,-0.2295943754574648,1003.7321959324012,1126.1225011667864,1088.2866860050556,0.0,0.0,129.66624849713577,15.960355442552125,82.42167980979784,82.22870160039537,80.56026536973164,80.47952009437796,73.52610311157818,100.8516291282053,101.11707117387586,81.16920653500755,96.04292365022454,62.63941705130667,97.55083580330783,83.07138393184827,66.62794874539867
636,1499.0644457696692,1126.0470050661372,0.5672847028122822,-0.7524596957928137,-0.3380366518157773,49,0.0,0.011000574018867487,1.2429796239944042,-0.23616002341560652,1499.0644457696692,1126.0470050661372,1138.6445941518432,0.0,0.0,129.45158811421206,15.96047383639773,80.67465097042981,83.01101235381408,76.23797516496039,100.71744211788246,86.45764358825448,101.08757453606448,87.89445533700601,83.3708183187197,89.8371677235113,94.18201120468983,89.68164368362125,92.58169609556028,72.91050305732922
637,1509.9942969815902,1128.0755769600612,0.5808869438984566,-0.11452372716440234,0.12036835978991833,49,0.0,0.08437566729292985,12.298263609792851,-2.7246094944686448,1509.9942969815902,1128.0755769600612,2378.1449139007364,0.0,0.0,129.44685161561853,15.961319973474797,141.6178560505403,196.22101290551313,169.3628344494935,195.24680681340735,181.6819489739317,194.53104940160827,187.93747631676138,187.16530289901021,202.8829881195127,189.19262237596365,208.16227168945346,187.39807114237172,136.7446727631691
638,1036.5723891740283,1131.191396831548,0.5744656816759729,-0.09158768421964461,0.2754229955879238,49,0.0,0.018246460443402123,2.3740608522903,-0.9387296166593047,1036.5723891740283,1131.191396831548,1128.7656020455324,0.0,0.0,129.65201942528597,15.962483954007077,68.85305705850273,101.59080642021368,98.7117882094674,95.39805356960889,89.2848996542946,95.94223547229079,80.66169978587617,91.19714060914835,79.93724111915257,85.23863615425267,95.32284943614206,79.65982134662099,66.96737320996166
639,1958.305739009786,1131.768435718105,0.5401628685787631,-0.013967915676282633,-0.26864129226341926,49,0.0,0.01944411118148159,2.1839255749409485,-0.8480945853756987,1958.305739009786,1131.768435718105,1475.7598398197606,0.0,0.0,129.2525652787807,15.96280671494473,124.61306927554178,113.89619943092447,122.1373742358463,115.33418376197847,108.27695634002092,111.72581334359438,122.68278956055624,97.94122042743821,119.19685691152551,109.21665325731124,122.51218485304139,112.92359795103857,95.30294047094307
640,2258.504293812013,1137.637403086693,0.3023898274601754,-0.928879271805826,-0.24983599094357173,49,0.0,0.008984967686787403,1.34612100111741,-0.3227102495633064,2258.504293812013,1137.637403086693,1077.3214828119658,0.0,0.0,129.12246514624744,15.965119910602832,69.58005615064829,97.72094820981454,99.72570855797197,89.46487060871033,76.43761680153294,88.71234338109127,83.60880037357619,78.5661756655611,97.18962859956792,80.64680671685926,89.08905058320514,72.48443354059923,54.09504362282762
641,2795.3236879890965,1136.8165643574673,0.6351387110701637,0.06772892568788991,-0.2809005864378045,49,0.0,0.020759477711154748,2.25873055770552,-0.8846610683579459,2795.3236879890965,1136.8165643574673,1358.4876027261625,0.0,0.0,128.8898307382259,15.9643468368294,85.78826339992014,123.42731320917034,111.1459408366227,112.53667799163946,100.31207639016014,102.91378003347306,91.5658608554161,76.292867524352,121.65468736087031,101.04725894277004,113.56626115552174,114.19335368963898,104.04326133660771
642,1814.9784452503104,1137.6150430437187,0.4757702465121928,0.38121318648872765,0.04722296263696812,49,0.0,0.015941925890490257,2.241923103759479,-0.8765517813681122,1814.9784452503104,1137.6150430437187,1196.5135375413236,0.0,0.0,129.31467832141422,15.96527831613095,72.24995837466133,97.41346609217138,82.45001116019262,101.47271925229855,95.20040126673439,99.97208227351365,92.66111431271965,101.32281041759187,97.21862976318153,89.00089883128479,107.53766282820109,89.6980365669412,70.31574640183145
643,2316.7193796976057,1137.9921787050305,0.6900828737113295,-0.1448383907163155,0.2541665459943672,49,0.0,0.04933068644463228,5.854692671070253,-1.9187602567355602,2316.7193796976057,1137.9921787050305,2329.290391031071,0.0,0.0,129.097236314626,15.965233056309104,184.29315517034297,206.31776334745697,183.35745374624184,188.072244095259,174.17112731406797,185.33301735443624,184.1179267050154,200.8795940671776,158.38971488077834,182.27458209389118,170.3686817918422,182.0922968487497,129.62283361581186
644,653.0126099074204,1139.329058259944,0.5903831516527648,-0.09293101912506153,0.11467521826452827,49,0.0,0.026962659161903435,3.591077302584367,-1.3880618849430606,653.0126099074204,1139.329058259944,1304.5702188191258,0.0,0.0,129.8182459758421,15.965623307800147,104.80752648265693,102.41259625913449,93.10592777509399,95.90430327468266,112.78374539924157,99.92491985477932,99.14413351884872,112.19214512015706,100.65514311687747,104.94070020846505,113.90630178051083,92.64577392718923,72.14700210148865
645,978.763840768102,1140.3435623777932,0.44329893911855545,-0.07904611076744796,0.5316106550241346,49,0.0,0.011184734850622437,1.3708718443258938,-0.34249214189069704,978.763840768102,1140.3435623777932,1051.5013885423305,0.0,0.0,129.67707686827794,15.966267568429569,83.62768232233469,92.24819613155736,86.90000651021988,95.1461600868337,72.1722686796661,73.60360025894053,74.79053823295675,85.30112813554368,101.43499504064542,80.17367213308353,80.37159115682539,68.66082172552532,57.070728128197885
646,2343.4402039579686,1142.6684259674923,0.6619822858339974,-0.3627680898520981,-0.25014356733642246,49,0.0,0.01315683570420053,1.527985900660572,-0.46029836712148986,2343.4402039579686,1142.6684259674923,1044.101239937495,0.0,0.0,129.08565320585527,15.96716454102932,87.70998821475698,87.89737491864726,71.27520990291433,89.35176471791357,93.58093063165668,78.34119080325445,70.3794983743922,85.83974101306327,84.26068991690774,80.1686561756312,75.87685089642967,81.00471317154519,58.41463120038246
647,2315.865550897923,1143.4889924439976,0.6431722599512214,0.23860543759925051,0.39515731635299545,49,0.0,0.04239891327827055,5.182600527561087,-1.7863693372821516,2315.865550897923,1143.4889924439976,2347.5087319393597,0.0,0.0,129.09760274967178,15.967523865958094,192.406988388069,183.57683432143727,184.97997732446487,189.56836031097825,178.7518433306933,186.66175947343876,190.22404354007165,203.45652931918482,169.19945915383937,192.13854280232425,171.57388641656235,175.05453838282878,129.91596917546707
648,1861.938979041571,1149.8004900551368,0.6965654839654892,-0.6456949931399713,0.13099512014725767,49,0.0,0.0160804466083789,1.7608328230168133,-0.6142953128486629,1861.938979041571,1149.8004900551368,1146.0615932004107,0.0,0.0,129.29432370371597,15.970345832832997,78.72139251568925,112.60839751767068,89.48130506973199,83.0805781223796,89.46698782081684,87.29102856388192,83.20947128337448,100.61189771835657,77.41305006678616,101.4634429647619,90.2038969256435,83.61038296198531,68.89976166933242
649,2005.5326648285932,1150.4001948741757,0.6728715667723377,-0.17606712383144257,0.09394484437706914,49,0.0,0.09362100357924603,11.975148949277738,-2.695702309902745,2005.5326648285932,1150.4001948741757,2483.013373369191,0.0,0.0,129.23209159025254,15.970554212360438,208.99255588662265,202.0427591196954,163.09372605506118,198.32410131111504,193.91587051567737,193.06775634094706,221.6221974793799,198.32814884577144,186.66898251530358,193.38180000262534,177.65014988328647,205.32807020446876,140.59725520923675
650,2577.999241592817,1150.9184650795942,0.23705984512917264,0.14850101219306122,0.33524572195190905,49,0.0,0.024469027936541227,3.663702744728032,-1.4098005746338282,2577.999241592817,1150.9184650795942,2035.2507141064416,0.0,0.0,128.98399579527992,15.970427002324934,163.6617024152003,156.45600869357912,129.8275145772226,164.97550960556322,179.18548835195975,142.27954692238305,156.11698406165954,138.78029819715294,162.96934199225743,183.89404839738953,146.2270588899125,174.31053856335888,136.5666734388027
651,2142.148829557294,1152.799100968313,0.6121260017903245,-0.1566993233982122,0.07326248625800559,49,0.0,0.11717716935288867,16.527617483468724,-3.045525632362091,2142.148829557294,1152.799100968313,2916.9222827682324,0.0,0.0,129.1728827998296,15.97149766196281,197.00810783251347,236.62774634499152,242.22031699170984,234.5909354998551,237.7381639655503,244.41203545566606,258.88918231152553,245.11033775526778,193.29486942354015,188.32883554096423,226.7121961014456,244.4361477220853,167.55340782311708
652,1018.6106664157455,1159.3707103035515,0.5856551118369084,-0.08236259737713632,0.2677486198545599,49,0.0,0.1204743812946817,17.475914751770546,-3.106099793840974,1018.6106664157455,1159.3707103035515,3004.309638063305,0.0,0.0,129.65981839202595,15.97421617336367,191.06481294198215,233.2869730066212,224.3650405973197,217.54788808680402,242.8128786500629,288.4027504670143,230.63693819222584,231.33370191750913,233.00654024839744,224.60671791914956,223.39510659040934,269.1681219254033,194.68216752040618
653,916.2587350076194,1160.085042940729,0.8105445206997817,-0.2260655290978799,0.17634046758932076,49,0.0,0.01112036255068452,1.0219849792849969,-0.02361128190970182,916.2587350076194,1160.085042940729,988.8574096588815,0.0,0.0,129.7041771767383,15.974457604021769,89.17832159759713,74.20518820553225,79.39537611347723,86.58057540581812,72.26609621191568,75.51683152360266,67.00932565392354,73.20560668413,88.068725551334,74.7169493529219,68.74115819690832,82.15414607586413,57.819109085856596
654,1528.2821556906574,1160.92549924258,0.9561511741311071,-0.08651971327299629,0.03082814683433229,49,0.0,0.04608714184886103,4.348888592259227,-1.5959457056505844,1528.2821556906574,1160.92549924258,1562.7510946258326,0.0,0.0,129.43892834145387,15.975008577967591,114.38546438430342,94.55213069226309,122.98029961918272,137.06375268956612,156.08573058831038,119.00757242656975,118.89057942582866,124.88306064773843,134.65609254604647,96.11576014951993,119.50101445205945,142.8410204712933,81.7886165331511
655,1996.7073862565082,1163.6564392660016,0.5057920916299432,-0.17049811926156483,0.4984083875050876,49,0.0,0.010120211552289466,1.1424793605723211,-0.14462090769604163,1996.7073862565082,1163.6564392660016,1111.2216286390858,0.0,0.0,129.23591156963772,15.976080631146054,85.1864302831647,87.79543187163881,91.49986428880896,74.723648596664,79.6781601029959,97.08479454743247,86.97634662483006,101.14959346880138,91.63580586170531,88.7897657527086,75.47817516851342,93.27072266263676,57.95288940918549
656,2646.4476698208855,1164.1623801279725,0.7270335125499614,0.0007823725489571979,0.06831751715308604,49,0.0,0.04516918088409961,5.1027256380337525,-1.7695055448305566,2646.4476698208855,1164.1623801279725,1776.2594141522245,0.0,0.0,128.9543198542359,15.975885021677664,126.65893056786183,127.95935626108987,152.71194631920332,153.80950111918614,139.3761751897694,148.47530186742182,132.50524245856826,121.83435162828438,145.21091700801117,116.9204926445362,140.0179052341167,157.39173191744803,113.38756193672715
657,2349.980105662787,1169.1358515481206,0.3933095544958715,0.16164737710717353,0.15851859089477077,49,0.0,0.021034052172928582,2.4972281345263605,-0.9936455479490258,2349.980105662787,1169.1358515481206,1561.34853754055,0.0,0.0,129.08280090349012,15.978188111353392,108.13144968214297,119.03862711005966,133.01388153052432,106.48398779651896,120.4123464969066,145.48610029017982,124.53896567319681,119.43854976179708,113.85618981099901,131.39706494702259,127.9153400532048,126.69131098842313,84.94472339957433
658,820.953114784186,1171.0573509342858,0.6582015095905767,-0.12657920613462625,-0.0011195525116771221,49,0.0,0.012558849401440694,1.4192657333582277,-0.3801592933063118,820.953114784186,1171.0573509342858,1082.3044404815532,0.0,0.0,129.74548925938797,15.978968771745766,73.68469857701976,88.6214612332134,81.54207324832268,83.80400989713023,83.33426458888275,81.35817161254782,80.19702752230828,75.03792542258745,69.11909823240313,95.2410480162923,101.02589161937391,96.66960219362322,72.66916831784818
659,2433.0826211997323,1170.9394854439126,0.7590016238983934,-0.22091828500985178,-0.09121812371911425,49,0.0,0.019866355482469962,2.1461754451812327,-0.8291630542794186,2433.0826211997323,1170.9394854439126,1153.8714242260603,0.0,0.0,129.04678342828709,15.978882571613783,88.26832841011837,92.77866005537817,87.83119356104447,88.74837008286993,95.41404906652816,78.75222352567576,78.42633919261267,108.08643287828858,95.42406136569696,82.99398393593977,90.51107250661204,90.87025036570031,75.76645927959495
660,1526.2581465118092,1176.2766722081346,0.5904981214903517,0.02311865844918167,0.20179002528116805,49,0.0,0.5234211467001479,77.495343517452,-4.723189019316381,1526.2581465118092,1176.2766722081346,10021.292276565808,0.0,0.0,129.43980659007477,15.98140470735287,665.7789544536348,780.9042736454242,837.2875438770977,772.9197282663755,840.1845511576598,754.1529777648387,812.2813717493151,821.4984330047141,788.3341244891171,741.7554539383365,829.0972245936534,785.4569984878733,591.6406411377652
661,299.4459919305781,1179.0971002821113,0.3624383551760931,-0.07390031773162717,-0.0836721471546029,49,0.0,0.022514088937850524,3.451952568358851,-1.3451620491247749,299.4459919305781,1179.0971002821113,1494.7876760498434,0.0,0.0,129.9715114193708,15.981847787110127,106.9850118497807,114.12631120244953,121.96822523205901,124.52185222839594,92.78522867737924,127.20699688163272,117.27651888913536,126.99755272119992,96.79722072139572,119.339531630651,132.4764845606286,117.59724564796034,96.70949580717556
662,2239.3449221595997,1179.164331907893,0.5274172963974517,-0.7118298804055235,-0.4195424830062839,49,0.0,0.018715681916777197,1.862426827819581,-0.6751980473113107,2239.3449221595997,1179.164331907893,1623.8948915623073,0.0,0.0,129.13074404127403,15.982433185351596,107.42821176805627,136.18617071229983,110.49971872998455,124.27594850546933,128.8237595836477,122.15701831876622,132.65974937603985,124.7395025510746,156.8813366126679,144.64525576963547,118.9686020668226,118.00962936543583,98.61998820240717
663,1199.5644918132994,1178.8228064404252,0.273921537735692,-0.1982581874587732,0.025734627612614802,49,0.0,0.0070854336101996585,1.0521890393165798,-0.055234433566553984,1199.5644918132994,1178.8228064404252,1052.6324154892914,0.0,0.0,129.5814011604501,15.982398225347152,81.58398875807323,91.68577570653648,80.4904273587493,87.04963118647859,77.17711655202541,84.4890005431981,89.54552635647275,80.53438937907615,78.48960733325325,77.7376184115123,74.96547265520113,75.0308775328007,73.85298371591408
664,2242.3972244826145,1179.192291779846,0.20455367641553618,0.9645731238156119,-0.19943647908250503,49,0.0,0.009951677152133123,1.3383038098838491,-0.31638678578188184,2242.3972244826145,1179.192291779846,1628.046228312976,0.0,0.0,129.12942113206438,15.982443138784124,111.30368885196589,140.3552259099986,101.22242891889488,120.79911627862926,128.31597868973347,124.06989129586925,129.10165683390383,118.61005845304425,157.47750689498938,147.75619813373464,127.26853561918497,127.9576637305986,93.80827870242861
665,2529.5059794213657,1181.2740483812802,0.6176549240334477,-0.2976897669187568,0.06110743859069325,49,0.0,0.13126564864433032,17.82887234152503,-3.12780968837298,2529.5059794213657,1181.2740483812802,3341.7309150714927,0.0,0.0,129.00498559534134,15.983114806761561,265.79312518364975,294.58695757868077,227.67777173176205,265.62363903112123,254.6490016165064,282.2781969985017,264.67418546893873,261.31756440482286,269.43287829629725,258.704903286865,257.04997598061874,265.4057413295751,174.53697416415332
666,1373.776902911904,1182.0671084452156,0.6092872745920959,0.02356410619660479,0.045442677336370176,49,0.0,0.02818640255016013,3.6762448470784843,-1.413511071933378,1373.776902911904,1182.0671084452156,1335.5935121280395,0.0,0.0,129.50589546424052,15.983797450846243,86.28319809377366,93.04888674610645,131.6696611204813,109.24734624051834,102.54310427472291,92.88879887679556,112.18276168335612,98.09415817967218,109.29211839233132,99.08563698545652,98.49775748927627,107.14606276540886,95.61402128014015
667,1211.75602935055,1183.453045201364,0.595583449437996,-0.31374852506243534,0.06856012195393474,49,0.0,0.045268109105259524,6.205681291300179,-1.9819736687810607,1211.75602935055,1183.453045201364,1686.4676101394684,0.0,0.0,129.57611881745925,15.984331642725992,128.8698592711384,131.0990832355865,135.71959375706845,141.29745727021333,128.33389414592614,116.37039022346059,129.07690462202999,155.53062893546843,130.6860725916934,129.45436044056444,129.85540846651165,138.29422722661712,91.87972995318998
668,1509.434985672171,1183.0444450518273,0.8320959821929007,-0.06249174995098344,0.1068644707309188,49,0.0,0.03218745623262029,3.4148694854238877,-1.3334352745509253,1509.434985672171,1183.0444450518273,1472.7657282583502,0.0,0.0,129.447098572053,15.984223378966606,121.69224210653985,98.00599323328146,122.58580602998953,126.32503226820833,128.33807925152882,129.1835132044125,101.53796169040703,112.86892944634285,116.31612409476693,121.38230368927766,88.31614228502325,124.51446252929293,81.69913842927912
669,2119.305484557776,1185.7369582359343,0.6838298997925284,-0.204234141152138,-0.11504613523383483,49,0.0,0.021072145066333252,2.353096245598,-0.9290992272869336,2119.305484557776,1185.7369582359343,1242.4346211192787,0.0,0.0,129.18276722561075,15.985232032054885,89.79969063428119,100.2205574846405,110.87422335055052,87.59349824529579,103.0749379124581,104.23600121718638,102.31189371613206,92.1838336906068,94.7076558434954,88.46980950026119,106.76113424667278,94.98474188821768,67.21664338948037
670,587.0642145485016,1190.4835564998086,0.653596881229927,-0.49153105700766453,-0.12935403893696132,49,0.0,0.017117513773177565,1.7774478569602776,-0.6244921729186026,587.0642145485016,1190.4835564998086,1191.8684993071824,0.0,0.0,129.8468725475156,15.986880790847156,104.88809974969246,97.04089750349249,83.8805752889333,81.60800163061596,83.90188225303484,86.13867912119039,98.88519960230502,89.0897404366542,105.54610396297869,97.60006789117041,97.07059809158815,91.30242885262851,74.91622492289785
671,1486.013284520797,1194.2167617842779,0.6731419273415641,0.015281531647125568,0.15660662830567196,49,0.0,0.06170327418549244,7.726082017784178,-2.219898285435161,1486.013284520797,1194.2167617842779,2037.3824267598293,0.0,0.0,129.45725121128066,15.988876378104905,124.6525859625858,159.11597634625878,162.26576099673633,133.34361446990093,173.63445814817274,144.4537358420385,164.51797794870308,167.14677120010919,190.33591745324514,158.86538200314533,180.09999659592933,171.4520527858528,107.49819700715128
672,2307.3926239785733,1193.6939532967629,0.7388091921715655,-0.332311628703352,0.2445079369835488,49,0.0,0.017736163549227968,1.7505996634232006,-0.60796710158102,2307.3926239785733,1193.6939532967629,1184.9461992257723,0.0,0.0,129.1012423111937,15.988447317298979,92.10850746293825,91.49613256047931,100.46555116441706,91.94222330386447,95.59208953902191,98.42849472220308,97.27518153731894,77.49227639453217,91.67078363137499,110.88901971522553,85.53310200516447,86.75290065146824,65.29993653776387
673,549.6255406212481,1197.6787854891272,0.5931603748833476,0.18928501692833488,0.0748717570805785,49,0.0,0.04226005416797644,5.567814689686946,-1.864211931185837,549.6255406212481,1197.6787854891272,1660.655279985173,0.0,0.0,129.86310545261333,15.989845138043282,110.74194513192174,139.7503363414031,113.5956004679571,129.1244087838304,137.71093701490742,156.49727596562605,114.88522979361875,131.54273562375644,126.11221754523753,109.63274608353073,145.09420681046052,131.94200915770452,114.02563126521888
674,928.5545060796072,1198.0685743405888,0.6198071020693452,-0.001463351632226831,0.13067348752455996,49,0.0,0.061678813008025586,8.381778440868398,-2.3083404418947677,928.5545060796072,1198.0685743405888,1941.6256699477708,0.0,0.0,129.69887160467667,15.990290953782708,133.49748392186063,144.82083007588142,139.44822418370237,144.7128998075535,137.61470089361188,159.2721501282519,161.11547857218108,165.7479337426447,146.04252603367968,159.47167875454642,167.21551223170735,142.54086253053603,140.12538907161348
675,1914.8617315332906,1197.9728576986306,0.5624225853342566,0.043908731770605725,0.1964957026487075,49,0.0,0.1324089412485432,19.834664957630416,-3.2435621721865977,1914.8617315332906,1197.9728576986306,3335.8405637063215,0.0,0.0,129.2713737211154,15.990404190093985,257.5838353898068,250.84396066347364,235.53901951125044,246.9237398939154,265.2768566403736,285.2051519030674,264.4518298113659,256.805280969577,269.12133938251225,259.80706192295196,249.34467837710304,281.7977230531359,213.14008618778797
676,1477.956680031248,1200.4045364847263,0.8454252788710723,-0.06557665445764177,0.1330173086421348,49,0.0,0.04869374615007002,5.324820143332521,-1.8157623579401403,1477.956680031248,1200.4045364847263,1731.0141512302973,0.0,0.0,129.46074389136223,15.99145376528877,101.74648525123132,136.2215281928702,135.84955714816476,136.07787286980124,156.1892574770875,115.9102797624904,120.5124471939899,161.9855347780341,146.61221560972615,131.58122517868054,145.5981405313031,152.43994474836006,90.28966248855802
677,2187.293604838614,1200.5437327371892,0.3329116037194848,-0.2233717461475568,0.0033463401566192082,49,0.0,0.00901393583472774,1.3043412409109292,-0.28847806525558234,2187.293604838614,1200.5437327371892,1054.6654105065006,0.0,0.0,129.1532921062184,15.991368783854213,84.04394752352822,83.7543072318633,89.20769053024497,78.53927235490724,90.30755283948298,87.26495939104556,72.58895306526593,84.34901219672696,79.52417575979936,98.33588202296008,75.44669548073819,64.48564921147944,66.8173128984584
678,2085.9803969815753,1203.0537378475944,0.4410691305920778,-0.10197410419173868,0.24660735445347925,49,0.0,0.016660752318006074,2.2249375717473616,-0.8682945746676618,2085.9803969815753,1203.0537378475944,1277.3899012824656,0.0,0.0,129.1972032509237,15.992461770273813,86.79139582973971,109.05736253750499,100.90330491724534,89.9238664131606,98.71650880412992,106.16394836122036,94.89852128847578,113.33288874272941,107.89192960249386,92.87344157208659,103.91809583453963,93.54994598958467,79.36869138955483
679,812.6288488157646,1204.2184039173062,0.6861481511333942,-0.2584025431560842,0.15557312234528642,49,0.0,0.034443084948500374,4.296985040734108,-1.5829096043994606,812.6288488157646,1204.2184039173062,1310.6643078958198,0.0,0.0,129.74912079892752,15.992779846550489,108.83984880043974,97.16581345688044,108.96351386847371,112.04800388069566,95.30881848451753,84.13058725051525,91.32236085744393,104.51314277723797,117.41031082783272,101.01250364215801,125.27421163774818,93.55078151059138,71.12441090128523
680,677.721537172193,1204.9065273148226,0.7871776086255873,0.05415944061770873,0.11056702329317235,49,0.0,0.05344844547611623,6.1660593684684235,-1.9750192547850585,677.721537172193,1204.9065273148226,1637.6652015174075,0.0,0.0,129.8075933154778,15.992966350271905,136.76881057599144,126.50957822986311,131.49067434376812,126.53725242517507,144.50143052743334,112.16215385019304,129.6142994743973,131.7292096128398,129.82620359916493,108.73794006191434,140.74258972572497,130.52344502825062,88.52161406269133
681,2220.326384347161,1205.6329664801387,0.6316412368967841,-0.39053132487401354,-0.3404342948075493,49,0.0,0.010862419396143361,1.1415234986786553,-0.1437121400724922,2220.326384347161,1205.6329664801387,1045.9791158035073,0.0,0.0,129.13897186853464,15.993471951613198,77.38919340777379,68.24524673215303,80.33556132533523,79.50353884112431,102.92955178158354,75.683140728263,83.56755265729335,76.65779608616424,87.20735223439746,77.59746183471243,88.57574646079749,82.05151018825545,66.2354635256539
682,1942.39494681377,1207.2738559119007,0.6737028048677729,-0.006250156107392868,0.18457518080135016,49,0.0,0.029934853452985802,3.6273346123168544,-1.3989690499518226,1942.39494681377,1207.2738559119007,1304.6350736916847,0.0,0.0,129.25943701937268,15.994271715982629,95.6283412110617,110.4580249678801,103.95793386340578,117.95300664810003,104.42638314313709,117.72049850297208,89.14902628091923,96.19880195153058,83.22490399440841,92.62658050717566,118.41007330371107,92.12567858127493,82.755820736108
683,794.3886596903208,1208.6764124410608,0.5454562889506579,0.37054710907607025,0.677125912762473,49,0.0,0.010804031236437955,1.2427732412578727,-0.23597973420605836,794.3886596903208,1208.6764124410608,1049.6833826962343,0.0,0.0,129.75702984056446,15.994624675902191,86.89750425196401,79.4218079496759,80.7452625605529,64.94369695138997,84.91636114619487,83.88284520080893,91.0578028019911,85.1408106529064,90.82087062225197,77.10920013082287,79.09087805731184,86.33183492484798,59.324507445515614
684,2440.783230138846,1208.5044146475907,0.49522501570484084,0.03950082851482378,-0.016477520168617713,49,0.0,0.023291247885426736,3.4475067953199194,-1.3437628271973365,2440.783230138846,1208.5044146475907,1310.0245930486935,0.0,0.0,129.04341723389712,15.99452858063801,100.50253988529786,96.43941343166821,127.28936960457224,91.51627464533439,105.09521024223686,107.18176251662953,112.58102320259754,93.30821463710029,84.97200535799507,91.7174869968066,119.4336161930353,94.03730925295163,85.95036708246785
685,869.7713279572679,1213.060533454996,0.37638039107201793,-0.3636910050806736,0.31243245915296086,49,0.0,0.009215062163376014,1.261050290754277,-0.2518310165150939,869.7713279572679,1213.060533454996,1001.6423157916342,0.0,0.0,129.72435960618796,15.996501660022519,77.80430011495574,92.85420744105336,70.43666824820696,75.64682080092598,49.87949887837759,70.29958029486554,87.97895885571833,88.83433473825457,76.17115681205402,75.16916805257077,96.02488629575855,77.66955123431063,62.87318402458218
686,2680.8623589863414,1215.572577945231,0.3745740887471877,-0.18290403958374457,0.267554846756995,49,0.0,0.024156392318661266,2.8493368991295185,-1.136859505673879,2680.8623589863414,1215.572577945231,1926.4727341429518,0.0,0.0,128.93935465613515,15.997273292352535,152.09586031102847,155.87571241581568,137.35209072506115,141.67817328810935,146.96041000521564,152.98802638542435,148.0546531980223,153.44476475836768,158.3753028015085,156.05998433593888,171.15569055524486,143.48575952577363,108.94630583744129
687,2324.0534664067,1217.0398566405897,0.6626206352950532,-0.10148173978932216,0.21563465976954727,49,0.0,0.031546690055384526,3.8751587205550195,-1.4707237381055174,2324.0534664067,1217.0398566405897,1368.4940333244492,0.0,0.0,129.09400577300244,15.998164205434293,103.64569304383008,101.04441500105882,99.27307408735001,100.02236619027215,117.38688474463302,96.43051571825853,109.94054408488107,120.44139634948482,100.6908195414106,113.1485021942511,109.96220137188476,105.7116269038087,90.79599409332558
688,1740.8797267765933,1217.610930896528,0.6651327529014709,0.281521004638565,0.08532617239831858,49,0.0,0.04427099652002166,5.575822834910812,-1.8657724153060453,1740.8797267765933,1217.610930896528,1504.1388217879344,0.0,0.0,129.3467809531006,15.998620997980092,91.01475203029833,140.16014140535373,117.50251973709018,116.99495192411086,142.17082995693352,106.534377587047,116.12615632403106,101.44317734955771,115.37775750200353,121.14016312937426,116.75699313714942,133.69747280255814,85.21952890242667
689,255.52207007815488,1219.3435719599838,0.7003973048215023,0.14797667172629048,0.17379913463883484,49,0.0,0.035110878124132064,2.9140814446653565,-1.1612542138787294,255.52207007815488,1219.3435719599838,2296.482453814651,0.0,0.0,129.99059633250394,15.998565712294884,165.078425201952,196.8964609746696,195.40287021170852,207.6770441066147,158.59707442244041,174.83170445693892,167.57790125863096,175.3704278140207,158.98686668973022,176.20259892815818,185.17038098768066,186.02062429456106,148.67007446754496
690,466.84810816829196,1218.948819461297,0.6601179403830599,-0.26246472338396476,-0.30610084112123265,49,0.0,0.010470894522685096,1.1727835232874761,-0.17304463958558208,466.84810816829196,1218.948819461297,901.5441152834437,0.0,0.0,129.8990036615274,15.998628754057222,68.17896632430204,61.934159781763164,74.36637843753834,77.80737979170607,68.6090135682932,72.37437110698896,70.83061587896631,71.82502953979335,70.00349434812782,66.82212974697136,72.81951765626715,75.3687392263335,50.60431987639249
691,621.7353954122075,1218.889809968415,0.7330948161690213,-0.33034492208284344,-0.059783842093054006,49,0.0,0.015504381326641004,1.4755097478102264,-0.42235520742323623,621.7353954122075,1218.889809968415,1175.3753091802516,0.0,0.0,129.83187128533183,15.998746286046481,94.48146184267807,81.22076605790471,87.94311879515215,82.51310632212075,82.37265295427585,119.03632610211146,93.12600883346579,85.22063532502668,89.93589454382007,94.99976431867867,83.76806753091556,104.404965733817,76.35254082028501
692,1237.8397244626708,1220.2248144489279,0.7972083166918302,-0.09245199724752708,-0.017116502338523187,49,0.0,0.016949621410336155,1.6810362905098353,-0.5639427229175986,1237.8397244626708,1220.2248144489279,1194.8978087519338,0.0,0.0,129.56482582293916,15.999661532298301,94.06467047742794,78.37954068638565,103.33560719224157,89.46855485223189,88.2031327488979,107.78652941617396,102.24385361617797,83.81938174284477,95.31353072429401,76.97376722510614,90.02321856197204,100.45370477540843,84.8323167327714
693,2005.5759111097034,1222.3487303045663,0.7019031811661488,-0.28781045165317093,-0.022106132861354977,49,0.0,0.06765976467927846,8.384037460140444,-2.3086330252131377,2005.5759111097034,1222.3487303045663,1934.5893096309344,0.0,0.0,129.23204625547044,16.000532340051414,139.89589321294295,166.49956617768538,149.98956183485313,141.3591542769983,149.95015756207056,160.316572845822,188.09339870550426,150.55093548232878,173.2623742613,136.45881030160956,119.48946451175642,149.1048299509986,109.61859050706427
694,2049.648331634669,1223.4614097159547,0.5906354179912614,0.1257877267366816,0.08884256975238335,49,0.0,0.013891490016516702,1.3843137000220962,-0.3530862924096889,2049.648331634669,1223.4614097159547,1163.1878744664616,0.0,0.0,129.21294246597412,16.00097959465344,91.2385470918071,94.06859296934819,81.15416636748971,81.17469335819541,97.77465310062429,73.57783900789379,82.99405496662726,100.11878305977801,83.26007208816627,86.65774627088942,108.15639401234364,112.96501967113292,70.04731250216562
695,2409.7772690975876,1223.750041420732,0.709830603512062,-0.2075036414824336,0.30083315762975443,49,0.0,0.057834144659753534,6.6396682676391245,-2.055365954017652,2409.7772690975876,1223.750041420732,1987.8464196391637,0.0,0.0,129.0568448350436,16.000902966817403,148.50609248770212,161.67211944441246,166.81173622885248,151.97087570499787,154.5799283126811,142.10779307245207,159.0843239274896,162.7755740664175,157.68148246136047,152.72043521559473,160.7558580612959,154.6267558439467,114.55344481196066
696,2711.2830285924283,1224.2793368556854,0.6489525291222922,0.3291568308893142,0.23296261587019312,49,0.0,0.013235106504146426,1.3620594940728252,-0.33549019438837596,2711.2830285924283,1224.2793368556854,1100.8834300737865,0.0,0.0,128.9261608493733,16.00087200228402,77.43204605412612,77.74630708073593,81.89821553812124,78.78548280011009,94.47578391124802,85.11622145435874,82.3978344314068,93.14298129931689,79.90742887669907,83.5778408266249,93.04361467452604,94.46380543144835,78.89586769506431
697,312.1760276579848,1226.638619761117,0.6893224806023862,0.2206508337727496,-0.03507374938872577,49,0.0,0.013738621084709225,1.5369418180059509,-0.46664356823337927,312.1760276579848,1226.638619761117,1032.3476467806188,0.0,0.0,129.96605040235406,16.001669947161602,72.59335845514948,80.91309663828575,81.23404148303311,81.7993456491892,75.63778373001637,84.51825740569359,78.56737432187629,86.56319740465662,95.90823388746938,71.37002911024143,82.12915813868887,86.04672565664139,55.06704489967742
698,2220.167759303234,1225.6513907536234,0.6734521160544462,-0.1874237126301711,0.18661253008730969,49,0.0,0.08436943902049288,11.091538324947795,-2.6124794604370214,2220.167759303234,1225.6513907536234,2227.3633664512126,0.0,0.0,129.1390293021499,16.00181288996778,138.85796641819297,173.8026529055225,186.6329960482158,172.49555352614993,220.2776992469809,170.4010499351421,185.39621818974365,159.98688471487878,170.91305107366318,162.80506255384634,170.9401502264418,175.3475057874616,139.50657582497283
699,249.8245077665551,1227.0892675598873,0.6567169501808845,0.4791536503996898,0.09870119317785099,49,0.0,0.03978455856840497,4.6307663088191475,-1.664132162293019,249.8245077665551,1227.0892675598873,2008.3423019673185,0.0,0.0,129.99307525910385,16.001786221487407,149.16372968029393,170.93672711639738,173.50792668603836,155.01566766641741,167.730787345472,160.89598112505792,168.54501622502562,154.7963686302019,152.7001487817705,143.69492945496057,151.32666493433766,139.4470179804182,120.58133634092722
700,975.3468777263756,1227.0102550447866,0.3895591166987424,-0.371510948979404,-0.018584343405939258,49,0.0,0.01375559720573552,2.1911426386695525,-0.851676625292378,975.3468777263756,1227.0102550447866,1135.1020465795455,0.0,0.0,129.6786071229501,16.00237610619163,87.97489528447221,73.30386739342117,94.54217113250276,95.60413452106847,87.9198633561353,96.48739592979393,91.02375640371042,98.21663818933243,88.83941472081733,86.23422129411134,91.32326324595675,81.62010192694767,62.01232318127576
701,203.3624308962742,1228.2111460428093,0.410804085707231,0.5852385212925652,0.3517998859502733,49,0.0,0.009572122266046841,1.1249835967113642,-0.12786547520806316,203.3624308962742,1228.2111460428093,1123.0074203535921,0.0,8.251617737840785,130.0132140627526,16.002198177312454,91.90490721804926,72.89887880750955,85.39845331154537,87.90652190301523,89.54360015964156,103.33575214160096,77.46929316438138,97.53951255276644,82.75429979785686,88.02223237992905,90.12984172937915,89.2623172838298,66.84180990408755
702,2565.786118636982,1228.6084322217037,0.5629416417423364,0.05334042005420135,0.1772028948501526,49,0.0,0.17992042884238837,26.624975452976255,-3.5632230401177485,2565.786118636982,1228.6084322217037,4318.0724371161405,0.0,0.0,128.98922016283785,16.00280695521541,331.12936238884186,366.6241156983486,371.1454346865899,298.1164893033598,350.40039265220383,346.75952912563395,311.44156283986104,342.03926384024896,357.85115090146144,312.1015830767078,356.11707548870817,296.7116515286407,277.6348255855346
703,88.7339078422811,1230.0060912344823,0.7003915490511562,-0.5701755295243791,-0.6226091067616745,49,0.0,0.00912631121949533,1.0076495836349533,-0.008273824440219736,88.7339078422811,1230.0060912344823,706.1063439213378,57.688850884675176,678.5598488284193,130.06289775758995,16.00280115542386,52.66336716818916,53.61381727069276,49.979248175601285,58.1400881757042,50.16675345389562,53.0008263909017,79.78785017624028,49.15094983362488,55.535299892756676,60.755981503277525,74.07505918283016,41.6565641364602,27.580538561163426
704,350.9273523757946,1232.7270021959032,0.5257005502187515,-0.04110494577185965,-0.0023457009971432,49,0.0,0.09992706907251524,14.023745583168951,-2.8671600606186383,350.9273523757946,1232.7270021959032,3320.658388480978,0.0,0.0,129.9492616782618,16.004249366997236,222.15654300203158,269.55111977900646,252.4188834376873,253.90084235282058,282.8518654860552,261.92158912408,268.30835531179014,277.6302278564609,256.9514328836295,246.91788938095124,252.27751222540297,287.0272741002045,188.7448535408572
705,772.1402490809319,1233.7366290236794,0.6055207228766487,-0.09274501903015975,0.39755079500032076,49,0.0,0.020660941201203365,2.751118069926561,-1.0987730735907453,772.1402490809319,1233.7366290236794,1133.5077759710248,0.0,0.0,129.76669188398142,16.005050356466473,83.55179172681022,86.48031877898563,75.87350735193647,97.57448908249769,103.72089145906469,93.79589227522499,83.52118440336771,86.34473967381084,87.6758536076374,95.60515341498031,87.34925461578673,79.7166364179509,72.29806316297113
706,1225.6964438318594,1234.2444727068093,0.5711056042132552,-0.15740770073895444,0.1261404866371297,49,0.0,0.11729152978809333,17.87536785098504,-3.1306374694008623,1225.6964438318594,1234.2444727068093,2836.193623598835,0.0,0.0,129.57009415305896,16.005499099719366,200.836777677881,217.61675765567077,227.2300888326663,246.8323122811855,209.19541581314093,202.72363303159347,250.24607113797617,221.01609049370688,238.8087359417135,192.12122631493435,214.49026520257055,237.4735283891374,177.60272082665847
707,2983.3477923819632,1237.2042910085581,0.2592141694318455,0.2910345189128965,0.5386975311104444,49,0.0,0.00663152376180468,1.0657382631470118,-0.06912639627574459,2983.3477923819632,1237.2042910085581,1175.79072841885,0.0,818.7413820493778,128.8082260082431,16.00596234747736,71.50345706392677,108.17563482419195,90.29199783277664,100.36727632641978,97.21789550149207,82.74789806651609,72.12244224451155,95.73657307235905,136.07278161696308,82.64955376840207,99.71737807244719,75.15132228476298,64.03651774408064
708,1964.499957135847,1237.771465855651,0.4714732497670196,-0.025718704584486333,0.07515589938943519,49,0.0,0.10177902221863393,16.509722911578535,-3.0443494610215707,1964.499957135847,1237.771465855651,3082.0825535737636,0.0,0.0,129.24984567279816,16.006972133017577,199.55483724882015,253.0132726964337,215.20816537635798,239.3690245205416,237.08942210905784,266.15900403944005,251.36871986557406,259.9461201162329,252.5283558000826,229.04653254025848,286.35276648972376,235.2559571329993,157.1903756382416
709,632.4402981909262,1239.1627853787395,0.5230614521927032,-0.2733042862548183,-0.014611490886009475,49,0.0,0.03413078180259633,5.16765819414815,-1.783234450690996,632.4402981909262,1239.1627853787395,1465.436300839312,0.0,0.0,129.82724935669776,16.00720212315308,108.22717979190548,126.96412586202116,109.91400830969837,122.01561264265128,125.15768996316518,122.90112279641944,104.23803264828102,101.26419811697443,109.7666090723276,114.50036686832877,115.77422137606982,114.35178403973629,90.36134935173304
710,1754.7128951963398,1240.2843598773743,0.42161959890064965,-0.13778337052158243,0.13975365664086783,49,0.0,0.06699701788215706,11.73518630514169,-2.67372497187375,1754.7128951963398,1240.2843598773743,2294.1167869486653,0.0,0.0,129.34078173510844,16.008066414426377,176.58684315049382,161.5172777952722,175.8599296999704,178.42341191283174,194.92891337240803,187.27187838843497,192.5944987104541,201.52921665740172,172.75159203778614,176.28003100177665,173.99381437755977,168.52788213526145,133.85149770901444
711,2841.4785742304684,1240.53806592163,0.3690321172347862,0.31923276249622945,-0.001119144518208849,49,0.0,0.06307133444480265,9.40828910674451,-2.433776635864671,2841.4785742304684,1240.53806592163,3233.119726965914,0.0,0.0,128.86971240759726,16.00751311080236,242.43446433369797,241.37496173862513,231.30854415763014,280.7071915901325,228.1845661957916,285.5291253348787,265.3364106502875,244.24985226658964,235.5318355167952,242.97475790053886,256.94187624070105,274.2618843402735,204.28425669997208
712,2487.8515202432645,1242.7522916226,0.461964192342964,-0.03969880461793453,0.21598243081410837,49,0.0,0.011080828397364125,1.4955410976613794,-0.43699587999860756,2487.8515202432645,1242.7522916226,1083.5472027222465,0.0,0.0,129.02298885174395,16.00876278912624,78.66140103346338,89.18782438549427,74.04375082437707,80.85191537862369,83.73026752155991,93.45227863518049,87.87212889813745,93.34034900546253,86.09935799676606,84.1154670845053,87.0409009189419,83.99339561150572,61.15816542822883
713,715.0354118717235,1245.68508256993,0.6912236930119258,-0.020260553841900883,0.13695631789472498,49,0.0,0.3331205444856805,45.11686671517372,-4.135847327639864,715.0354118717235,1245.68508256993,5741.413691649641,0.0,0.0,129.79145362734556,16.00998620371616,393.5660387319357,434.68681954053216,444.9383231313676,449.42766289188296,409.81765216785493,484.0517030860511,478.4981596854724,472.24172972761704,454.00246476170224,458.039697814133,471.48843713196516,459.193100469106,331.46190251002093
714,2365.127594000858,1245.1268407379123,0.8571282872871828,-0.12554896093750206,0.3154361834729272,49,0.0,0.01306164951539181,1.007538558792684,-0.00815418926724168,2365.127594000858,1245.1268407379123,1210.4387649540665,0.0,0.0,129.07618303798358,16.009840284165147,91.35582726133504,94.45280930334178,98.07053542861308,94.89286585704882,99.05227107556593,89.4097248286259,96.63016532550589,98.73314519473094,85.13543697268292,78.71036147067178,106.4529192900255,101.7679961149621,75.77470683095689
715,557.301653286924,1249.4453345076224,0.3819324104247086,-0.33551124790554104,0.1760561152440179,49,0.0,0.015394392610517756,2.425387957345379,-0.9619530421479869,557.301653286924,1249.4453345076224,1195.6929740595817,0.0,0.0,129.85982784221665,16.011420676541576,89.71768123182598,81.28630898340518,94.72941285031904,83.04104054574165,87.56852053964629,108.49995426302058,92.89200570931405,120.31706702922313,86.22724984865462,86.09977426299113,90.13752026803039,102.48761450004153,72.688824027368
716,2653.778509492013,1250.130784031229,0.759295156857642,0.20406264326284038,0.01368768800989407,49,0.0,0.012539460297437369,1.20858487100981,-0.20569288368792776,2653.778509492013,1250.130784031229,1021.8610795426871,0.0,0.0,128.95106021243367,16.011697082494948,80.43665934194388,80.9535123153593,77.94819597133375,73.49278421395093,76.13287441568883,90.19266424378017,87.51271595070249,65.86723887613618,80.586100449773,80.571688839626,83.42859907735404,81.01967962309001,63.71836622394856
717,2983.3145649109933,1251.083609781227,0.40124791645935376,0.36580178713463,0.11589280348695347,49,0.0,0.009111173329763455,1.4440806321890134,-0.3989786083213989,2983.3145649109933,1251.083609781227,1328.388085460996,0.0,842.7681405782115,128.8082228955223,16.011745081172858,85.32478368978025,95.81608201460168,101.9485667383005,79.98223091621259,106.78435474829188,77.79819242717332,83.39818928349229,104.10825443554262,92.28313593852046,297.79676955945024,60.120250357780066,73.69259904404544,69.3346763078046
718,1582.5178445159208,1253.693667697358,0.6290286987988567,0.14257109257639614,-0.1606377415244832,49,0.0,0.012057721206832565,1.1811277309720323,-0.18074216540700166,1582.5178445159208,1253.693667697358,1115.3991991855717,0.0,0.0,129.4154240257841,16.01366378538528,89.39764717941907,83.55715585642561,81.45617085480885,98.17133284673804,82.62206433513896,75.65778905047078,82.65226294269202,75.27069805344301,95.19846172965892,85.25830884135382,91.32689515874571,109.13308700781917,65.69732532885774
719,1986.9305981693444,1251.862994729655,0.7539131363167663,-0.07201004394073146,0.14337363144225237,49,0.0,0.013897841926805165,1.3005398415649843,-0.28530915297291454,1986.9305981693444,1251.862994729655,1162.1256966714373,0.0,0.0,129.24011773008954,16.012836223086925,91.57966616745247,83.65984044748157,105.74533676249165,95.69582215585899,104.54924370773102,93.11218906593858,81.52539990335262,88.08129693613296,87.44265743617163,88.99229487375716,96.11052614884501,80.1032044187911,65.52821864743238
720,1474.1752610004473,1254.477530902377,0.5741587063986016,0.0302494656466229,0.17222767392794036,49,0.0,0.5708560424997619,85.95845337534017,-4.835721481898501,1474.1752610004473,1254.477530902377,11356.384403340631,0.0,0.0,129.46238913334668,16.013983594610757,805.0244899904799,870.5946000023434,876.1234854567376,889.8320757574713,878.9928830962568,855.9629451865569,892.7664809103754,939.9259298590241,974.0862101144576,891.1193703645729,921.6750888725929,851.7449579362467,708.5358857935175
721,1465.6930306133902,1254.4196174982421,0.5682061561445392,0.6060477073308572,0.3098631314548651,49,0.0,0.017380057455187413,1.6780153071972252,-0.5619897955835611,1465.6930306133902,1254.4196174982421,6344.552542549759,0.0,0.0,129.4660660600047,16.01395850105485,451.89082931117485,488.9136477731754,499.6412007586089,499.846409162975,519.9151372980847,475.46321082922464,496.1868871964158,511.8282916884722,538.3008452738636,505.57322243712645,503.28557231751836,469.48802186297326,384.2192666401472
722,910.8110198759492,1257.5857604243363,0.22820955737163828,0.09776326475040785,0.39890997623176805,49,0.0,0.007623915759571171,1.2185006098388138,-0.21456437719448276,910.8110198759492,1257.5857604243363,1058.5516882255456,0.0,0.0,129.706599519004,16.01507877187448,81.93837324074397,79.22365860728965,76.41809815056526,77.07390080526766,70.43814259689975,102.59161666276802,83.83533083624745,81.70086817657351,98.2830527246565,68.35525446666713,95.15334360917149,83.10062037505813,60.439427973637095
723,1374.949862462802,1258.3326187710948,0.4258252524321511,0.5177965799894995,0.6891354886178044,49,0.0,0.017300201532872508,2.147832410917241,-0.8300009790523628,1374.949862462802,1258.3326187710948,1477.7489681250431,0.0,0.0,129.50540277805615,16.015574686836853,113.19085874511285,105.90789834157508,127.09561333880318,119.83280423096659,135.83333493307168,128.45837496131787,94.26676601847885,121.86427128533072,120.80601101402516,117.05519645420443,105.23528480063405,116.7486311179595,71.45392288356291
724,424.9577927571213,1260.9975819865156,0.2560665555107019,0.5078222196031231,0.44525301659735794,49,0.0,0.007190174518822363,1.0090956556224178,-0.009830841112418099,424.9577927571213,1260.9975819865156,991.2095034197228,0.0,0.0,129.91720493723693,16.016106240725097,85.49541463581527,68.72008369433465,89.3769461271559,75.34620676604644,77.3193386837268,73.0511483113166,72.89863290121454,85.14576570261012,69.8470320163998,72.95009666703181,75.64010329011214,63.30171523406142,82.11701938989744
725,2005.1396807571984,1261.5244331918418,0.5801089874955363,-0.1900014354956036,0.26440210818825405,49,0.0,0.09899398368938732,13.885645908047344,-2.856415215757002,2005.1396807571984,1261.5244331918418,2772.3407269298377,0.0,0.0,129.23222087390172,16.01685551535236,200.70611086442278,248.91099624672626,249.22505900002835,213.96576983665028,227.37419383151405,208.14221320806712,229.70206872156595,225.35555563064048,201.1905753621554,164.0480106247374,208.16652055778079,223.6828009190503,171.8708521264982
726,2416.613635068082,1264.7913131272992,0.2854843116858724,-0.2625137903652497,0.1233802393720223,49,0.0,0.006868808838189671,1.109785260775684,-0.11309738146592264,2416.613635068082,1264.7913131272992,1030.2267388776982,0.0,0.0,129.05385109463234,16.017998228022932,70.59641052633444,89.69092122881358,83.16352426626408,50.77591955291646,89.03673482348377,77.36832037547916,85.93991365920111,73.30470949009761,95.96612792307904,85.77108313287633,73.78524663290617,72.55223977169797,82.27558749454838
727,2834.147833234842,1267.5210784232395,0.36023198478552354,-0.03555105365303475,0.053832758730771625,49,0.0,0.01496647850938345,1.594992318664125,-0.5068964896901832,2834.147833234842,1267.5210784232395,1466.011931523196,0.0,0.0,128.8728594387266,16.01876335510496,129.35632674095984,116.97243900831415,103.25111781263848,116.05727037967065,119.54545590943502,112.1432735978988,117.35957378999433,107.53082955822038,112.16559436857871,98.01901063016058,104.55877623602323,126.15181588236543,102.90044760893605
728,358.62653195508034,1269.6803289318982,0.3685645682994312,-0.20320079018592027,0.06846379489662226,49,0.0,0.014393878073941076,2.214797754607192,-0.8633351863658125,358.62653195508034,1269.6803289318982,1198.2466973745077,0.0,0.0,129.9459665132142,16.01965414143699,83.45403488950575,88.55735127885822,92.78380135670476,96.25766920747691,80.69165305299705,104.4988409258778,90.9293565019328,89.57181479140606,102.28851000340002,95.78409562590534,96.65930536335608,88.32228358883106,88.44798078825573
729,1379.4833208918374,1270.4998948089715,0.4835496391236833,-0.17878932317853088,-0.20770492332006285,49,0.0,0.009087193385507814,1.0827301664573121,-0.0863005925793067,1379.4833208918374,1270.4998948089715,1118.017147794401,0.0,0.0,129.5034400265054,16.02064522819973,77.6601962071702,90.17664554485435,105.10935741004823,84.62626793125455,96.35138643075267,86.12855066735676,86.2452828666593,99.55355172404498,79.94754263064598,87.56362870241264,92.61237021351604,73.38313513357171,58.659232332113476
730,1647.9158468523249,1270.5828442171346,0.35188505736729014,0.7540160730390935,0.41598376454881036,49,0.0,0.009288812709930462,1.3998653742770635,-0.3652156784457501,1647.9158468523249,1270.5828442171346,1139.2897555592467,0.0,0.0,129.38707415280814,16.02070006221188,96.85016833797468,87.59889278800578,78.08337438670952,93.92649793937527,98.90885456220765,106.27007902533626,86.64473996369848,93.68977372591996,84.61481188198314,81.33581034490865,88.2782107434765,73.37107227280728,69.71746958684338
731,1027.489293824039,1275.1096091619079,0.6359655550213956,0.4465580293126171,0.16462644602066723,49,0.0,0.01119189626403527,1.0764674327596258,-0.08000223823960406,1027.489293824039,1275.1096091619079,1071.5100942460372,0.0,0.0,129.6560309847926,16.022444330266914,86.25118753318867,96.54157265465568,86.06933595624218,77.87745814182011,83.97907278704864,89.47267630091675,87.0093654281545,77.80687454231764,82.1850026321658,90.01045550180031,85.77566065905003,75.12403910077433,53.40739300790243
732,942.7390833246312,1277.50108354035,0.5371443707995979,-0.15962370044669036,0.18322715984231147,49,0.0,0.18049457563514076,28.51551068871414,-3.6377028845954182,942.7390833246312,1277.50108354035,4135.944846710218,0.0,0.0,129.69277134102805,16.023395379513545,290.79598110361655,316.6693563601449,327.39067196990703,320.50452320141926,318.6145208019151,357.11186223785046,339.99453647583726,290.6863168753121,350.93806219386005,300.7260622940506,325.9708564843335,317.7613519502298,278.7807447617419
733,2684.503956151087,1276.4376693825266,0.4177898342246428,-0.32053380679329657,-0.2985215126751715,49,0.0,0.014248805693271811,1.5338453438485369,-0.4644539308133434,2684.503956151087,1276.4376693825266,1355.4012983429086,0.0,0.0,128.9377160940663,16.0226293009542,109.21845781966995,85.3208850881211,123.85104052036718,107.34925364982425,118.63770314584606,100.68295735933145,95.37963826051862,101.16074479097581,117.97215153229463,97.15092351407716,112.40475355892232,104.81047130926272,81.46231779369728
734,2256.4822445421455,1280.1188659190582,0.6411008628922005,0.08413210188834547,0.1786676044568701,49,0.0,0.009798674786943146,1.0091737091247779,-0.009914819509893721,2256.4822445421455,1280.1188659190582,985.0714698355987,0.0,0.0,129.1232561541535,16.024487119430837,82.3434820863186,75.51401352335324,67.80422617126156,80.81762978493457,75.63282665227007,62.24849385839881,85.46623851329164,67.17635943833871,86.42796019149972,67.73043844390779,84.03386333951278,80.50824287265496,69.36769495985638
735,1360.2722832935876,1282.0478267694848,0.6009869908023844,0.03141851510143096,0.10190132693549707,49,0.0,0.638008525321217,93.93621270546252,-4.932082616085079,1360.2722832935876,1282.0478267694848,11763.11134204151,0.0,0.0,129.5117705510457,16.02545297711371,825.679596257099,911.9741815403195,927.9552040706072,921.9400548050612,937.5274958613071,999.2889716537923,897.5754656938053,897.895063860034,964.2735188721548,849.949537810041,983.3881504390838,960.6625828980686,685.001518280139
736,1784.0790824295757,1283.9703883704258,0.7190880497126353,0.0031947261838912674,-0.03999000500086931,49,0.0,0.010380825134396197,1.010029941664709,-0.01083562086012164,1784.0790824295757,1283.9703883704258,1001.7411413555596,0.0,0.0,129.32804495336273,16.02626448667999,82.1185781214636,76.7612639920498,80.17199163809087,96.5808581572472,73.58842661010866,73.36848764731558,86.50028080171879,72.35774219203674,82.72210102113348,61.29472318088367,85.37274776299122,76.27161511091276,54.632325119607245
737,1525.5604812797897,1286.367386185357,0.5974859399660304,-0.2575308210663294,0.05041710826984194,49,0.0,0.8005929571549629,118.41504528662023,-5.183517213523089,1525.5604812797897,1286.367386185357,14716.762111615502,0.0,0.0,129.44011649821837,16.027275452556456,1053.0360731375026,1097.7778704990687,1212.5740881594215,1118.5393465119414,1202.756067941363,1181.7003319292096,1150.9557079718752,1138.4818037963723,1179.7523265735092,1163.090143353821,1131.5553948872443,1153.223983690246,933.3189731639213
738,1610.7743127534966,1285.7649933086484,0.5264967144810608,-0.07446402202223829,0.09960397348345007,49,0.0,0.037470822117011776,5.5518281935922404,-1.8610900450357004,1610.7743127534966,1285.7649933086484,1617.1750359352034,0.0,0.0,129.40317493108472,16.027026855004948,117.06454917325817,103.3374547147888,132.7645928123132,128.74005898617054,125.46593045443173,131.19971859460975,137.4476673132217,128.66997324329577,138.71306898832233,122.55907092501366,134.76848992914717,137.823888878252,78.6205719223785
739,3002.235117625468,1285.4140478671527,0.8087190940803538,-0.29934528102609265,0.09448082968879079,49,0.0,0.009751911340398886,1.0204322760921531,-0.02196046703135273,3002.235117625468,1285.4140478671527,897.863152616716,0.0,651.4016652532038,128.79997813009965,16.026025638062755,87.87844543935249,111.21281411115605,79.74841530830737,85.87082909415699,80.27431702841089,60.34734696929094,59.251517398112476,60.17440560391114,57.06846319417734,56.81540769775948,55.23788795205384,45.251726988229116,58.731575831797954
740,1903.9157307919552,1288.4036616811645,0.5443937005376641,-0.062249708230409,0.16112652286354426,49,0.0,10.89838514762531,1553.8500935701231,-7.978522795693124,1903.9157307919552,1288.4036616811645,263335.72121071204,0.0,0.0,129.27609303938206,16.028086272391352,18720.299464655567,20405.7911741027,20500.65621517627,20423.37598090565,21299.13815610305,21047.46564789793,20999.590610640593,21022.107278847747,21027.68378162463,20357.505081833675,21061.277450416317,20572.056095423344,15898.77427308462
741,1069.4885478368924,1289.2772806374003,0.49642826338106666,0.014882994526832958,0.12437464616411395,49,0.0,0.014795923495805777,1.9228460796682911,-0.7098613028659306,1069.4885478368924,1289.2772806374003,1171.6610017146763,0.0,0.0,129.63783124428616,16.028367620502646,90.48234215949917,76.7600066946695,99.66856884738556,92.04884933185514,98.02467252242107,95.97824604844868,96.43864109894676,90.26756234850946,93.39161612034991,84.16935564857494,87.60366405998946,85.09734975466684,81.73012707935965
742,1308.2782665104644,1289.05814279313,0.3103614516948087,0.3158706188385438,0.13991314703340915,49,0.0,0.010002070612681392,1.3888914022107404,-0.3566707236593115,1308.2782665104644,1289.05814279313,1130.8887589356154,0.0,0.0,129.53431237274555,16.02836187271696,79.39011404050288,88.95240706266141,80.0249727754759,92.16810520851976,113.15205231200984,96.70522796337588,98.81902089515536,74.73689482526069,71.46941722073987,94.74278134816674,80.22507687064657,99.31367778370864,61.189010629391845
743,1749.1938699483558,1289.204158276323,0.7114679893406602,0.027459377096502306,0.24834318557191387,49,0.0,0.05091198942586225,6.2735000501573275,-1.9937747645027823,1749.1938699483558,1289.204158276323,1600.9391233528413,0.0,0.0,129.34316744736137,16.02845025574908,95.63090590424613,119.79573555602455,133.7519721707929,139.35498920074707,131.44216145465452,136.71781672244964,113.60669747037386,107.47723473728351,142.2082427155708,114.52362422590507,150.41014327632172,129.0482665210347,86.9713333974367
744,2419.7476730111234,1289.653194392119,0.26937178381703214,-0.19403383755727208,-0.2793474636465161,49,0.0,0.010480674090108288,1.4851423898734446,-0.4294202354323524,2419.7476730111234,1289.653194392119,1166.1950953436417,0.0,0.0,129.0524739612001,16.028354859551783,106.76443273480945,91.94792316730278,98.64281448732504,91.6064376704584,78.87761566537998,65.74056586459429,104.98760615142466,97.38522399990649,75.235964610233,92.4814197897865,85.04574485326788,102.40291080616163,75.07643554299156
745,1199.5748002340056,1291.156583403674,0.519105374314569,0.3195983868624939,0.10194296503864583,49,0.0,0.012441158367348866,1.5264326367639618,-0.45919410785066456,1199.5748002340056,1291.156583403674,1119.7287594680038,0.0,0.0,129.58143779447093,16.02920342042559,80.02161976687907,80.97313842595668,97.21652817095622,91.89232340013194,90.80188279625737,86.20234383234671,103.08452199652481,86.76579566546124,84.04875123348378,99.70540057406545,83.15604481783008,68.75296470922001,67.10744407889038
746,1237.2898415423417,1292.3775956063794,0.4579787385494354,0.2328044551964709,0.19875846764545205,49,0.0,0.06600536864287833,10.953298836039156,-2.5988623414396046,1237.2898415423417,1292.3775956063794,2248.0625761002602,0.0,0.0,129.5650880898375,16.02972471500895,169.48376680305483,184.668708564976,178.19834886639848,168.8652306838362,166.3503560253243,192.8220998301653,166.95263200730201,184.42781966781058,194.38169509568752,156.3862970438316,187.96912079751678,174.9404971253225,122.61600358903397
747,2450.4206567646884,1293.6748381980456,0.42179326727284183,-0.14264763101295488,0.3050976794214046,49,0.0,0.03674415828536493,5.977248199363944,-1.9412532246503624,2450.4206567646884,1293.6748381980456,1707.3076350586637,0.0,0.0,129.03917404413912,16.030008218544047,124.68299101593192,131.1583382187647,125.33838675669374,115.535757398715,141.93882326338405,124.09172172060808,119.1099454761735,149.98668786970416,126.3982248801227,149.90994056755545,145.11693802714527,123.15484227018206,130.88503759368294
748,1445.458362480079,1294.6601158937226,0.42566579406378974,0.30140607590575424,0.38788626623792044,49,0.0,0.019180434754294307,2.2461613373458578,-0.8786023689081548,1445.458362480079,1294.6601158937226,1447.259270414543,0.0,0.0,129.47484321054563,16.030722719242654,105.67758139806168,116.62956285110899,140.67684810338665,104.63991603511624,130.5388951034701,107.5882344893527,112.23407143845932,106.36516669561694,122.72251802851213,121.04320172463368,100.02794082786582,105.21193444602099,73.9033992729375
749,2605.759183003155,1296.5833302650437,0.513146827051822,0.29169252167278165,0.31680386138870203,49,0.0,0.016678249479142142,2.0796996866067476,-0.7950015659334996,2605.759183003155,1296.5833302650437,1128.9937211145007,0.0,0.0,128.97183189661752,16.031094613680747,74.64367224158022,79.63144434547795,92.51121064256803,88.8970890511325,79.32142581766334,79.52378753019099,97.20878658436399,90.02175241296001,96.32699677807824,107.44087045714681,95.3044658505728,90.6478835097292,57.51433589303659
750,678.6077584988649,1298.2313896684734,0.6028008682155783,0.41189346189774156,0.13272285507068604,49,0.0,0.014041348140990334,1.6768243595124637,-0.561218936048027,678.6077584988649,1298.2313896684734,1105.7025075052795,0.0,0.0,129.80728772838756,16.03185122047909,69.74730822160491,87.66915737259919,91.81885808983239,88.08547401979641,80.33939805208735,86.78092244025805,91.63589558792494,83.89367053414406,82.8726910669242,78.8570381060735,87.55258761879472,110.37778073185304,66.07172566338669
751,1766.6473814073606,1297.3863359711759,0.8270722262001371,-0.32626639185548884,0.27025125483198553,49,0.0,0.017129121425438956,1.6129449454435145,-0.5190488597338141,1766.6473814073606,1297.3863359711759,1189.8089604928778,0.0,0.0,129.33559979200862,16.031857085044475,96.05061705538162,100.91238154069758,95.31416544741474,93.01045876562549,89.6391584823354,90.7588939040958,99.53158747798162,100.33878220003604,100.76865337234796,78.10679768047702,74.7616170954621,107.01609303903322,63.59975443198893
752,543.9759961720787,1301.5108202869792,0.6310616920214518,-0.17981288797938874,0.29059438726155234,49,0.0,0.016079638974403853,1.8877347454767048,-0.6898524237015556,543.9759961720787,1301.5108202869792,1038.454573120546,0.0,0.0,129.86565412425418,16.033101649709756,65.586138567063,88.69532184456995,84.83677013282782,84.83808839601708,76.31802344476503,81.25723389326762,81.95182194287825,79.14529818174236,85.19910310025287,77.17034673968686,82.57141835469375,93.20109044708178,57.68391807569962
753,2183.6001914369817,1301.4268893908777,0.6277781372295301,-0.21607800227966314,0.09147444358191986,49,0.0,0.10866460223154713,14.397102812635762,-2.8956877651206847,2183.6001914369817,1301.4268893908777,2918.7655638588285,0.0,0.0,129.1548392524947,16.033404625450864,207.51358672294594,214.97715201302765,226.97553320767025,241.27142965663262,242.55983633151402,218.80156029869167,228.19948834302932,201.617898760132,241.98380313764636,239.70982924660086,254.71789283734074,227.25960293468495,173.17795036891215
754,2004.1975100689065,1302.3245076476048,0.5167947535385186,0.1206442373092123,0.07008149298253269,49,0.0,0.02131644511862517,3.0168163540745847,-1.1988721842545644,2004.1975100689065,1302.3245076476048,1264.7118435655775,0.0,0.0,129.23261426042774,16.03385570682934,87.7400521844676,96.26113104476232,91.65320974182099,86.45128110627905,102.12026792670875,86.27576375549758,121.05076882345939,94.51389996945987,94.95411875969043,95.75734239665994,108.59464794240999,110.19423625903731,89.14512365532437
755,2387.6071983587076,1301.2776615332423,0.8657852670863126,-0.1282285488633742,0.4302445307229617,49,0.0,0.013037947412062755,1.1886236993578065,-0.18761096295815827,2387.6071983587076,1301.2776615332423,1100.8460407920106,0.0,0.0,129.0663986072958,16.03322074799667,81.76578125667329,88.16106446155379,91.77807895204688,99.70178836972792,88.88138703120978,71.94574967563013,84.3780821262034,84.09515089221,94.40675446546585,78.47173029477304,91.03664648074422,86.33610849938786,59.8877182863845
756,2861.062681535505,1303.0607025004656,0.7099956519106202,0.37451084716778366,-0.09426263556931214,49,0.0,0.03248231446003776,3.3048724654425454,-1.2978867619571433,2861.062681535505,1303.0607025004656,1720.487386438778,0.0,0.0,128.86115202733848,16.033541582202208,128.048154917107,126.05621670731045,121.35608866537123,120.70571869268815,127.78575832127349,128.5962659615899,160.9053574029181,129.34639630855023,141.85829107235898,118.95837973364246,169.8830067966373,131.6361802483989,115.35157161093191
757,712.6983270290737,1305.551862004294,0.8591714661632475,-0.26566443779428894,-0.07370156138980465,49,0.0,0.014669394543310026,1.3588614895896065,-0.33293797705453076,712.6983270290737,1305.551862004294,1036.278985463869,0.0,0.0,129.79251517099138,16.034928190573677,77.81425279160503,83.18267185146141,74.99622295169483,76.18045988641717,74.10502933072344,61.27354726996485,98.13254995556275,88.84524659014856,91.49759217743892,76.34426570861103,92.26822912580249,95.44857717902815,46.19034064541022
758,1004.9802022960336,1304.519043241761,0.5838071011866435,0.037480290968054525,0.20610953587405895,49,0.0,0.77693159948872,115.90318514156,-5.160238427493034,1004.9802022960336,1304.519043241761,14766.904118523133,0.0,0.0,129.66580460552808,16.034686630708684,1043.8842905062547,1117.6343312446886,1064.527126128849,1194.0832684539073,1199.0267450922952,1160.9933993316254,1134.0716762623042,1258.2772699416796,1169.958559166228,1168.2261707829298,1177.656743205284,1210.3151509358718,868.249387471215
759,2091.2040736010395,1306.1331278952778,0.39740789565734963,0.30923308346517736,-0.08712481679479307,49,0.0,0.009987068567377919,1.2732597958626926,-0.2622925652969533,2091.2040736010395,1306.1331278952778,1031.0762594912978,0.0,0.0,129.19489296555338,16.035408731824052,82.0641432843827,91.5585008620404,81.0707322633757,67.58903597659959,70.44386320270445,76.04289461622957,80.17725662740094,80.4333684051045,84.73478523537048,72.04051667216464,99.3515528915164,67.65343950229432,77.91616995211422
760,244.47613167191716,1307.4620028450665,0.6350400939806965,-0.45813156319042614,0.12626243920062405,49,0.0,0.014267608704251302,1.417149365449373,-0.37853906664159165,244.47613167191716,1307.4620028450665,1222.74212401397,0.0,0.0,129.99549280184317,16.035266609845422,98.0303842245491,83.83690939671021,101.82272293611075,95.64876122744633,92.93484506531652,95.23034394593206,98.15943424911512,91.02313428441448,98.56604854395286,109.24177023650216,95.03967770405404,93.4858972699081,69.72219492995825
761,346.26065999294974,1309.2980434104697,0.5621091242063561,-0.4456200154652247,-0.0030093529301133694,49,0.0,0.02316475446271067,2.853129094863512,-1.1383035563057318,346.26065999294974,1309.2980434104697,1355.1025913728995,0.0,0.0,129.95137200736986,16.03614726814641,84.8956179940693,111.63736153027685,113.10311571746028,120.1124028736979,106.39153074652842,93.84369970131104,84.00325471912296,104.96195717426713,97.74821397580796,113.26980347082531,110.88339216512816,113.87359765110504,100.37864365329901
762,1081.4029004612837,1307.9914646241511,0.3242580241140781,0.1391589278355735,0.47889176416375456,49,0.0,0.011383059191462395,1.625093883830041,-0.5271961395203749,1081.4029004612837,1307.9914646241511,1164.35655376972,0.0,0.0,129.63267509720131,16.036170544741353,77.40668524195925,78.39920932692334,96.70660492439725,78.25886136788368,89.9549743167837,120.01610529507535,90.88139450948918,93.7419628266035,89.2240463224961,89.84067495956427,96.67290649106488,90.15124879345181,73.10187939402772
763,441.6557826448863,1310.924228994588,0.740062266331568,-0.3520406737497846,-0.002430518967883708,49,0.0,0.014521099450596231,1.509576374485697,-0.4471377257903332,441.6557826448863,1310.924228994588,998.5537059859232,0.0,0.0,129.91001984836228,16.036925051261,62.5147861414308,89.03257887180396,78.96717742610426,93.01693790814414,81.91205614086712,75.76078129531365,80.53606716232488,82.70784297969536,78.23240471423671,67.941006010565,81.60184400504494,66.34749249696057,59.98273083343179
764,770.97974150085,1312.440850058198,0.2355454766752509,-0.03650830798973938,0.19884600303447428,49,0.0,0.009931949138326145,1.6152891853874025,-0.5206257135331059,770.97974150085,1312.440850058198,1113.9405361744602,0.0,0.0,129.76725449669445,16.03784211233844,81.933698833494,89.35235347357738,82.32041533646125,88.68910426749014,85.21266216044661,79.43334057144499,99.20526326023295,86.65344021755392,82.19858490727998,89.12059003785463,84.45791186508404,85.04273794609533,80.32043329744494
765,1530.3140220483656,1313.6666356409407,0.48296019432144904,-0.11406284294332521,0.03665830964522447,49,0.0,0.013780076723140137,1.7697751040120961,-0.619795203627521,1530.3140220483656,1313.6666356409407,1144.1611897657604,0.0,0.0,129.43805751100348,16.038650384106525,78.44921597799527,92.90997483326568,73.84220119986543,88.8225105426767,90.69373502830359,84.31769618004797,108.14363893670985,83.65183746255153,80.95265303974696,103.4270589443754,88.02965100365975,99.81223593750198,71.10878067906027
766,2165.9507316589034,1314.7907577072267,0.5428584955519196,-0.06783518903245345,0.08099016318566757,49,0.0,0.19537736792880758,29.799081068276102,-3.6855071792233303,2165.9507316589034,1314.7907577072267,4562.895517198766,0.0,0.0,129.16248377901536,16.038981653393922,339.92873998559764,358.95016212576417,345.75418114195054,373.94401544391553,346.2662876202679,377.0222974265883,338.38501910095874,366.20910589036373,349.68071216606637,345.7021187948659,401.07063680789474,343.17255642208795,276.8096842724451
767,1239.1841649827086,1315.873447128278,0.9093550063541178,-0.15993132873250757,0.21233857722627253,49,0.0,0.01339674053827034,1.1482790726435745,-0.15011862472814877,1239.1841649827086,1315.873447128278,1114.1149586113183,0.0,0.0,129.56427461556055,16.039515168426117,90.07959436284304,72.28929395778826,90.64909588880658,87.1822237360324,84.23811908545197,73.4281080875974,84.4425192116309,98.4594039403957,85.54689172839258,83.79275717767516,86.65392091129203,88.28378729232742,89.0692432310848
768,1199.2367849276584,1317.2722180970045,0.5702562715647964,0.12679193399438382,-0.0034075155335061163,49,0.0,0.0373026918256496,5.172033064990759,-1.7841532316931306,1199.2367849276584,1317.2722180970045,1538.9242567071678,0.0,0.0,129.58159389601022,16.040084716097077,133.26412188036872,109.6970096196143,108.86559769527614,121.19444649506067,98.75924108448424,116.9536083700308,122.90533183152112,134.3496743439737,133.06523047143307,124.8659475641054,130.52330578676953,105.70374735822926,98.77699420630108
769,2638.7125954378103,1317.3799660965417,0.5584502828954682,-0.30537500454858413,-0.47508022226688623,49,0.0,0.01826043368550159,2.036848661164669,-0.772396904774902,2638.7125954378103,1317.3799660965417,1315.3038962391186,0.0,0.0,128.95752689558293,16.03973025896155,95.0878050690663,91.42146279410332,113.64126846081221,106.8294272470672,125.96282023211404,77.04949312174651,78.26225199817138,129.8837267843872,91.30238594391282,114.71208576554416,101.59658195629012,102.28255869686899,87.27202816903441
770,980.0709810599112,1318.2503465659836,0.7919979591026416,0.04748405043091243,-0.082774028178076,49,0.0,0.019752824728985083,2.0597197034727914,-0.7845203087899072,980.0709810599112,1318.2503465659836,1124.8539898833242,0.0,0.0,129.67661111784452,16.040394730727446,83.24510612087164,92.36145330331419,82.99833164954558,75.34728304511671,90.68982296473689,91.04543950768124,86.43658565346821,89.57440994629006,75.89939699421328,91.50702415947937,82.15697387167685,92.69688304808652,90.89527961884363
771,2508.1323036091735,1318.3394820866383,0.3613722545217023,-0.26975804071169773,-0.05599474179249893,49,0.0,0.01024613298174283,1.480481889139331,-0.4260077474913425,2508.1323036091735,1318.3394820866383,1048.5522733802397,0.0,0.0,129.0141353964005,16.040240713742712,76.74058415389646,77.81308714849521,69.91697608560206,73.56641583422879,70.82245530067532,79.80674700194336,99.53070006510869,79.85515383203202,82.3265449768148,76.07439187962497,96.29753399584982,82.99072764379954,82.81095546216875
772,1300.3205377666466,1319.363645447954,0.43240205245691954,-0.1172169795853915,0.2121193431107153,49,0.0,0.021534277221654827,3.4666132876848557,-1.3497634933883749,1300.3205377666466,1319.363645447954,1369.675666453113,0.0,0.0,129.537770483868,16.04098702241685,108.67085364877852,95.12472070175568,113.12505664451957,90.68970220635057,102.58382363367701,118.05605409175197,124.79111958062188,90.76821372843705,128.61885236742089,108.17873223531531,96.826103354633,109.73701090193806,82.50542335791357
773,2611.8351961890426,1320.6127140220808,0.5388999773091708,0.09704591227131808,0.20820719393033071,49,0.0,0.12342054268814323,18.745161168615585,-3.182222946961875,2611.8351961890426,1320.6127140220808,3325.2904140919063,0.0,0.0,128.9691757592003,16.041101184682542,268.1960639633726,255.6870481695305,260.4238688203735,248.19616336476304,232.29707921892407,278.50418764533737,251.4542151213118,252.39979108584623,279.56357760205276,219.55396202142748,288.28606299232735,253.86458452545082,236.86380956118876
774,1398.4762006828219,1322.106215992198,0.4746738582810004,0.7826575272900397,0.329310445332847,49,0.0,0.02019410870590122,2.3510917957823025,-0.928173965010813,1398.4762006828219,1322.106215992198,1444.663562853861,0.0,0.0,129.4952161188244,16.042151226665613,128.56922923281527,112.70393463954746,102.21878859264719,118.06958316401133,119.7496551643501,121.11062478395243,101.47396479318762,111.74215275140334,110.62796438810982,131.7490850943277,101.4526860535845,89.55737203195297,95.6385221639714
775,3006.0919096198827,1322.613506325306,0.6028560776095974,0.05103984476302945,0.3312962661852961,49,0.0,0.009803839824951475,1.2717841057593913,-0.26103348261418186,3006.0919096198827,1322.613506325306,1054.1445484445662,0.0,686.0707767059637,128.79825861318537,16.041519751466833,124.20326639225428,106.90392048391564,86.14143234014512,60.89618720475214,78.19421825159895,96.07029804077976,57.54512897739242,67.79563854716969,57.01289192138755,56.2739548070997,106.4101966115061,100.35807995054962,56.33933491601532
776,822.2273247347248,1325.1065086764074,0.649889470175434,0.006199115770750694,0.12969030286319735,49,0.0,0.3547800567317974,50.197295208811624,-4.251700791491288,822.2273247347248,1325.1065086764074,6247.608367152599,0.0,0.0,129.74504644067972,16.04315523943737,454.85308663107855,472.36785271597154,497.72379172816454,512.1369806122616,488.0590844963416,471.92718041292267,496.6125969492411,510.77196468031354,491.2556105527965,480.1444654761549,530.3710693168858,501.9478841840191,339.43679939644977
777,1652.7996328343818,1325.728126002977,0.572035400365822,0.056797960598714274,0.12686162647728416,49,0.0,0.16869676645871184,25.58339575641882,-3.5198954727564935,1652.7996328343818,1325.728126002977,3781.4968550996723,0.0,0.0,129.38495439036606,16.043676937917358,262.51552557893086,302.65838786012034,301.3708617601324,280.5894341243205,283.47499439581213,306.8422147185181,310.79510237839116,287.05460004917006,321.26058983601115,289.60047755573476,268.8210576467905,336.03960310020585,230.47400609553404
778,2377.85624247946,1327.1429679066964,0.7066958696685316,-0.37835600955520376,-0.05428634952941632,49,0.0,0.01823039321458547,1.9358001352668674,-0.7171512896733423,2377.85624247946,1327.1429679066964,1194.6532177589852,0.0,0.0,129.0706074340525,16.044004367120728,91.759525278843,89.94109546076768,101.60772170640169,90.56343090850311,98.68574590150246,90.95387309868677,89.77804806369664,82.98400101700238,85.65768483316198,108.79988631206497,92.46142904098949,96.47437163138945,74.98640450597574
779,615.8704105004632,1327.765238104808,0.6431355754608551,0.525319441444129,0.24109355239996844,49,0.0,0.02014868336722946,2.4726027771861783,-0.9828858817520518,615.8704105004632,1327.765238104808,1751.206216096901,0.0,0.0,129.83451119524702,16.04410452631908,123.13942990673996,142.99146424212182,146.43218828222803,153.4654576646039,131.28701848589705,142.56949613807694,134.97151340879807,119.26940480717641,136.99491765529126,130.71490837978303,142.6686978463632,118.86257006721739,127.83914921260393
780,2125.4667558508067,1327.6083026846488,0.5280318485015923,-0.29522799927770604,0.0607960798735991,49,0.0,0.07422073986943449,11.024305589560186,-2.605878108020878,2125.4667558508067,1327.6083026846488,2505.630085718261,0.0,0.0,129.18002884691688,16.044341459531218,192.17691070025813,205.99170068834223,177.0681166267205,191.38671806758975,202.23300118693277,229.59468127016788,206.03437674913062,179.49554300991178,177.71218195295134,175.6984136143936,202.1872155697602,225.10863710376856,140.94258917833355
781,764.5694483712551,1328.2454779195104,0.5991048920359888,0.28120074417456703,0.30261828318926226,49,0.0,0.036511001727564614,4.497763166022077,-1.6324914587863426,764.5694483712551,1328.2454779195104,1798.1055902377682,0.0,0.0,129.77004556588292,16.044422565355063,140.80191896172124,147.40154982807036,158.4972148987472,159.4977090533328,134.56289178861653,158.6429698746099,135.2905366434276,121.99468812874629,139.1821483525731,136.79280885057545,123.18186976732451,140.79204678933627,101.46723730068683
782,713.2651976344564,1331.5461289799896,0.5561845456351836,-0.03925124395665879,0.173949822867929,49,0.0,0.03593059046591926,5.237581606058151,-1.7978270067781907,713.2651976344564,1331.5461289799896,1461.1637653128878,0.0,0.0,129.79229047886028,16.045759283357743,98.64768864473265,101.03689287659151,130.58954262644824,128.21304219417837,108.64254309889148,103.98402165307854,131.2784387826183,126.86864237231431,118.64476931937355,102.33813477341349,120.46964808062147,117.21827257441545,73.23212831621022
783,2602.090784363108,1332.194739421745,0.28989184425556747,-0.9122465125973689,0.017549414393590982,49,0.0,0.009967609623060395,1.4240118852579353,-0.3837840351909926,2602.090784363108,1332.194739421745,1179.155791869931,0.0,0.0,128.97338958887858,16.04593541454541,92.22199001562475,88.17156523962822,117.74847429318982,87.9970192578551,82.38386226230708,81.73198375847187,89.18778357455484,94.75111721140365,104.12013982563408,94.05521764281559,84.68514432785375,99.8641603450287,62.23733411556351
784,612.045367495819,1334.966514408862,0.5982106426330548,-0.006753449389317732,-0.03458932501303857,49,0.0,0.06951806128074442,10.068081852830632,-2.5073668441892654,612.045367495819,1334.966514408862,2086.663554335587,0.0,0.0,129.83617596394205,16.04710167454508,151.5858944675607,166.15826803953934,152.7574751932588,163.22249027471128,174.3289897000676,151.16429550816727,176.6574857771381,163.12392789707613,172.7953424292882,155.5277639146517,153.7341492764038,160.86738139124606,144.74009046647785
785,2638.005064041313,1334.8767402223098,0.5536959274896099,0.020616182238801666,0.4989939269417369,49,0.0,0.012426381574870258,1.4796234466792733,-0.42537801173603873,2638.005064041313,1334.8767402223098,1109.079716716596,0.0,0.0,128.95781705083894,16.047020967240915,81.41722164992606,76.39035803473539,85.73035246312594,97.71745690436188,104.18792196768733,80.20499620502004,90.67858725403872,72.4714212248816,94.43815175111098,88.24100109442088,87.59362605038741,83.3772073590326,66.63141475786733
786,122.27506106237696,1337.0156534961623,0.6218420212588672,0.09161382574625535,-0.08455664061939064,49,0.0,0.19687442976896163,23.257380454260748,-3.416401993271929,122.27506106237696,1337.0156534961623,6260.72604286942,0.0,5563.706796088125,130.04850508345,16.047429012672833,393.9796320686894,506.02075834925074,473.79987581316243,490.53271412971606,508.4379935562787,494.50144041784085,492.0383764891719,503.70626332215943,521.2966651421918,442.46855285560923,510.41584564888245,533.120678115715,390.40724696075193
787,2613.755083556492,1337.6645649535963,0.4788072999278173,0.09289613367137879,0.36279337260410927,49,0.0,0.014057251342279094,1.429116162480143,-0.3876688271799612,2613.755083556492,1337.6645649535963,1345.9766763092236,0.0,0.0,128.96832767222804,16.04820419274235,126.86601370976527,88.11531817837516,111.85939266963467,113.04862554745472,108.29871300312621,102.83850108619241,104.0867548632229,90.67991515161198,95.82830948388325,89.73049945530181,94.28341053702155,125.09285213620436,95.2483704874293
788,507.16676274807145,1340.07869759752,0.8014694322622049,0.4410359906297451,0.3039739584737675,49,0.0,0.022504173786341192,2.1808666068835247,-0.8465727567183228,507.16676274807145,1340.07869759752,1221.317081722734,0.0,0.0,129.88164947067986,16.049136530259606,79.66525572090809,94.21877952763971,107.2884546102688,82.11086152149717,81.63817655639336,119.21539989202506,103.99382379351631,109.76830189959577,91.55632990786769,78.64981198841284,100.00570671783339,102.72050165627783,70.48567793049794
789,2070.5336631427763,1340.1389130368702,0.5584553982468945,-0.04146184191948799,0.05745264439443728,49,0.0,0.13198109487201767,19.818052648673234,-3.2426524445601714,2070.5336631427763,1340.1389130368702,3335.481510425958,0.0,0.0,129.20383958539347,16.049586308824416,234.4893142925952,250.24175841972882,279.5865963393993,287.3911333540709,249.87519460963637,263.085287633291,257.2591122498237,262.0851541592708,275.14121389870604,236.65714179912413,219.7066586365811,291.20338804419094,228.7595569895395
790,747.7233730821748,1340.9278427777638,0.6327260275196874,-0.0850252325475588,0.10540776122821202,49,0.0,0.30034453149736384,42.26800322053454,-4.065029329604098,747.7233730821748,1340.9278427777638,5749.214992108802,0.0,0.0,129.7773588322428,16.049694359752365,424.62508423656874,443.9756958583075,457.56392782075375,478.22294623009896,426.47089259007464,465.22926840351397,474.74505953465723,452.965016432752,419.16730966888997,472.4352087882934,463.929399837957,443.1174478684436,326.76773483849195
791,1937.6207330056764,1341.0454939351928,0.3977516778517118,-0.31320263800304876,-0.11634514722892113,49,0.0,0.011151666377386883,1.7498389578451674,-0.6074952032336439,1937.6207330056764,1341.0454939351928,1087.249186062259,0.0,0.0,129.26146519684522,16.050010806404345,62.42221430431853,84.40166904665804,97.5251557423338,88.45345085064369,103.7415938898653,92.94865430853193,80.57359631534929,91.65136767225069,71.867723738233,78.9230996919849,73.25784053635475,90.13192314481773,71.35089682091736
792,2265.6526954674086,1342.5337152170796,0.5317933194625813,-0.10777190135209454,0.18138696207917407,49,0.0,0.1371641252787782,20.581287998751492,-3.283681374711213,2265.6526954674086,1342.5337152170796,3762.8162542871787,0.0,0.0,129.11924286759958,16.050487589789668,240.00964474996474,296.23829568955057,317.39883775126907,302.8371718420358,268.1655405211029,271.27158096543553,333.7069027565469,296.55131276244384,303.78438858987704,284.59095635820495,291.12102525360166,334.0206291509892,223.1199678961562
793,905.1807670531512,1346.025722363128,0.762963879827403,-0.7250998401061445,-0.05960400632838597,49,0.0,0.013423664190075405,1.4624556350487679,-0.412706750568015,905.1807670531512,1346.025722363128,1005.034021496173,0.0,0.0,129.70909624498984,16.051924679371275,67.68163769864252,73.88526842681856,77.13054783026601,75.686563370991,86.49782073067541,83.07496511013832,72.19961306737326,74.97759376384113,87.08747445611365,65.58344807140386,77.99063864410248,98.86170771997192,64.37674260583492
794,1193.0083939492679,1345.6258301846087,0.7917867151618456,-0.32350024831642393,0.012054854705121498,49,0.0,0.014942733711809259,1.482802702164846,-0.4277084219718643,1193.0083939492679,1345.6258301846087,1096.8900638390348,0.0,0.0,129.58430470332863,16.05189642555653,68.7062831209752,83.22149007590018,82.06812170025052,79.21825265842433,97.20274821549589,88.29543757278987,94.1459147147937,86.78015754971662,103.84129950330289,85.40215369443348,74.47233253723488,95.93635970282799,57.5995127928893
795,406.03839483878886,1350.5963720487791,0.5437369843080373,-0.549560072122019,-0.2930160304759006,49,0.0,0.01283130475775227,1.6347115980155162,-0.5336028597102684,406.03839483878886,1350.5963720487791,973.0719077064531,0.0,0.0,129.92550339757207,16.053417872131778,84.21411355367206,66.81564578899946,74.04587020491871,79.5071949921859,77.49915315810583,81.66821304320086,68.74437128460599,90.1454944002933,68.21871266364195,59.95525457530141,78.73716603454156,71.47137468749733,72.04934331948866
796,2768.8330735840855,1352.202924676481,0.5798802268627825,-0.3511135638652478,0.2988579013344694,49,0.0,0.013983058935425001,1.382387008701019,-0.35157410942997896,2768.8330735840855,1352.202924676481,1264.3908519903143,0.0,0.0,128.90108067000202,16.054114153242548,85.17352198551505,82.50573259301521,99.45315821955705,96.09389647297502,110.76750123957464,97.0253416829894,109.86388790628237,110.88832356214365,104.63756823348751,105.79103001444037,96.64717371473999,91.317408997179,74.22630736841519
797,1382.0331721645077,1354.0051361039962,0.27348609717329136,0.26561281413010707,0.3012199439173774,49,0.0,0.00822126350416313,1.130247769615665,-0.13293414672089496,1382.0331721645077,1354.0051361039962,1148.7291678612364,0.0,0.0,129.50235131913297,16.055439364682833,79.53858387176865,97.95725957677048,96.12020535024686,85.52079387769315,92.7441009408245,72.5160064437076,106.40473484556006,81.73787553736621,101.88766694995681,93.77386715531821,77.08909515693094,87.38910636550919,76.0498717895837
798,1548.976058518675,1356.7086556904776,0.3365254836298787,0.21852242851829232,0.38864800989250786,49,0.0,0.024232598553667134,4.2931036773419144,-1.5819284417633526,1548.976058518675,1356.7086556904776,1691.232622713932,0.0,0.0,129.42996877732827,16.056585480111032,129.0654471198825,138.31491523230918,100.76575137261074,154.8761192674258,119.33690702703248,125.90719654796067,121.79829357603961,135.83685507874898,137.37989157819845,127.94320300398428,153.63645511944006,123.80579418500224,122.56579360529712
799,381.63972624477555,1359.6561452454428,0.5845069796157318,-0.36693108301123695,0.2189951659215817,49,0.0,0.010309686288789388,1.1397125353896376,-0.14198831247021854,381.63972624477555,1359.6561452454428,1026.5018465264789,0.0,0.0,129.9360912462896,16.05716693681616,78.00802139350215,98.82640935597689,62.654958278812444,79.61992788835445,85.5283450367887,88.19947323206958,78.53606404847838,71.49805600777242,80.72999629202812,65.67741289100096,85.91399891607085,83.46666744956948,67.84251573605435
800,2862.7342015169475,1358.8399755032433,0.48996402706296577,0.39545541903615894,-0.11213282188492578,49,0.0,0.1189694878373948,15.246576296196778,-2.95793082845254,2862.7342015169475,1358.8399755032433,4775.7342323389585,0.0,0.0,128.86036316217005,16.05677995933365,364.8133801531788,353.6556912758258,365.87817134818135,350.6246010289616,367.3733474926129,386.5026965498305,404.48868672025156,401.167280862489,350.80881109123175,366.5702934539694,389.32215041484994,380.87582220270014,293.6532997448756
801,750.0139075013905,1360.9764032983762,0.6044059652698603,0.15986825221142212,0.14431405672650216,49,0.0,0.04312681845524974,6.059366908148916,-1.956068126974927,750.0139075013905,1360.9764032983762,1647.9790839620998,0.0,0.0,129.77638134373458,16.05804942630503,117.32981187427616,131.2896450985063,113.53092184416333,121.63327137116214,136.08413209675973,153.9327231550111,145.5229015534507,147.3056058742285,118.2226625939213,124.68418591803788,116.05451290858436,130.90336291273107,91.48534676126714
802,1666.8566865504258,1363.2138693884656,0.5065161626995484,-0.09145996024893602,0.29762052980926507,49,0.0,0.02980526780650142,4.237535181316574,-1.5677832921801935,1666.8566865504258,1363.2138693884656,1518.6934516598103,0.0,0.0,129.3788576548778,16.059295214752055,137.16086385137783,128.7244868186678,152.44053252960828,100.95805074371782,94.9843168855993,120.74912358283001,110.3448929003963,109.1004760072982,114.6315135399262,109.4713114267388,128.44087050167863,108.99710893688282,102.68990393508842
803,1703.0494667925968,1364.201244118391,0.5965324816563052,-0.1621001403453864,0.11492583438439025,49,0.0,0.048835102943356926,6.940320177095217,-2.103448765452058,1703.0494667925968,1364.201244118391,1721.5791129156114,0.0,0.0,129.36316487319917,16.059703953419188,131.0795870139025,136.9662609814518,142.31772833451748,159.85009452409605,139.30311862942932,110.70847697140684,131.33906572922967,131.12808767456266,132.845451027229,124.07534814728027,131.46392670730512,137.47420652003245,113.02776065516841
804,2825.984524025158,1365.647742643449,0.6336586259194369,0.44731061855004806,-0.06760827833038188,49,0.0,0.013126468083808301,1.1752188320174466,-0.1752968552190542,2825.984524025158,1365.647742643449,1195.9999558228287,0.0,0.0,128.87628814515224,16.059656260606637,94.50154297559624,83.91455062159142,87.4733000494775,91.63231382492842,102.08309747815811,92.85615609032978,97.09371558164585,113.66865038573854,98.08905516806223,79.63195234858668,87.9161735383044,102.79594095147843,64.34350680893117
805,2769.075478382454,1372.9597173037293,0.8792301571632618,-0.03693542412616192,0.5437086826094825,49,0.0,0.012292692810182372,1.0370386793604922,-0.039487387403537924,2769.075478382454,1372.9597173037293,1082.6624005692674,0.0,0.0,128.9009534305992,16.0627622055139,92.05159457124151,83.26011932561883,74.23477907915047,87.27258057256206,67.17710429159271,90.87072005678557,92.11207530265744,90.19932985044139,86.18857112935444,84.62099393741451,91.56321669762565,84.96473931707487,58.14657643774781
806,1548.8048669472464,1375.1729809416308,0.5938718249440317,0.1432307406607423,0.05836442381811902,49,0.0,0.014816407468419267,1.7846770767045117,-0.628899113455893,1548.8048669472464,1375.1729809416308,1167.8285693309126,0.0,0.0,129.43004387422343,16.06427891827474,81.41827754411234,97.22219700233232,78.02189266974025,91.02124543561962,83.60660571935627,86.7701443995238,94.0016402622852,86.69676846359582,90.5620320870739,82.33029725842887,102.45506191412062,93.98586702698465,99.73653954773886
807,766.7160750013807,1376.0716687612883,0.5589242506470005,-0.15998784541621558,-0.023381351930226384,49,0.0,0.011634967811493839,1.263199588664842,-0.25367993895282215,766.7160750013807,1376.0716687612883,1067.1247689688546,0.0,0.0,129.76915133246166,16.06435124425594,70.10276194176203,81.89088065516708,77.55406695568323,87.33745150271967,86.04274019304539,84.04217026007038,73.85961717979808,92.9770501036125,80.48972115757233,88.95138934442171,93.77243545019675,90.74330225152735,59.36118197327803
808,2287.9696957349774,1376.083156914237,0.4266228222362274,-0.07320868829416197,0.3367899087421921,49,0.0,0.00879578137184338,1.1001227311157717,-0.10360284578883022,2287.9696957349774,1376.083156914237,1024.4411695318356,0.0,0.0,129.10954613620538,16.06445313420427,72.9679074585899,84.63057263029015,85.10715769760257,96.83310090637418,76.70250431069302,71.42356650522458,81.45653209788173,74.0330184207307,74.70788705600475,78.20008333250513,88.63011437180752,78.9284151798689,60.82030956426234
809,2634.120512267416,1378.5961046548794,0.3386577639998938,-0.556039667460228,0.32392047698875925,49,0.0,0.009914535400621635,1.1524013918652072,-0.15400943536902495,2634.120512267416,1378.5961046548794,1182.645452784197,0.0,0.0,128.9594598762054,16.06524025973369,93.40371625091086,89.24086550183416,87.03108558233725,98.03144170468504,97.31370123001116,90.92312173557934,91.10897020479584,101.06767833685309,93.09710551566327,72.88690106296326,98.56126484761376,96.02641972099264,73.9531810899576
810,41.781829599554555,1379.488883996373,0.674437644249158,-0.1866481270275128,-0.08723855067133068,49,0.0,0.11719796317635842,13.801410248721492,-2.8498086638193203,41.781829599554555,1379.488883996373,3603.9264455778975,146.5989888044026,2318.1884641103625,130.08345975890597,16.065018388476883,106.10278855908396,315.1958649428794,521.4147376730273,497.5933638067245,303.0888014182562,222.99869044868052,336.8107218064809,232.13469604517041,191.11302409306614,251.47290595451364,288.4500141742874,229.42928782873747,108.12154882698964
811,1717.8649849820588,1379.7434906223298,0.49172788675660584,-0.008798907572307297,0.36714922464471733,49,0.0,0.013064212382114106,1.7029084495558846,-0.5779782509672114,1717.8649849820588,1379.7434906223298,1242.651972034772,0.0,0.0,129.3567393920504,16.066178448008458,82.34085638382523,90.44806102002593,90.262978961955,113.36324143858636,105.64310169951906,108.05537249978151,97.5005162449855,100.35106068159672,94.91814221291922,122.43857488833402,79.32325397554564,79.02001157570074,78.98680045199706
812,1564.407136535648,1380.2718694850307,0.35724084497172093,0.5026343609244179,0.5829842468027354,49,0.0,0.0074858277050162125,1.0454619357329953,-0.04827056298930806,1564.407136535648,1380.2718694850307,1075.8715367515124,0.0,0.0,129.42327894142082,16.066404047068065,79.29615074743569,82.47401731087425,84.694380559813,77.60917232895784,94.70153773631208,71.67130338211868,95.55883469068586,97.55247269636229,98.48632974978153,67.7208566402582,78.92555847169247,82.89165564850086,64.28926678871956
813,2852.7729421045406,1382.49204121121,0.6951461102168881,0.43698683286725903,-0.029891119983572176,49,0.0,0.04437924033498012,4.712308696854313,-1.6830843318611823,2852.7729421045406,1382.49204121121,2110.698004724047,0.0,0.0,128.86465475377832,16.066645437521636,152.25025402254593,175.97794283001048,158.29449293243542,152.42174225801324,163.11720370338077,174.88754746649585,161.06499908058788,165.91076845980865,157.39445511165053,160.8203992192137,173.9800377841645,167.2472483226096,147.33091353313057
814,1717.3145758802232,1385.4397485555974,0.2553286490727354,0.37452211103203636,0.5247420835772489,49,0.0,0.008482208334276348,1.1019928344056207,-0.10544692642504143,1717.3145758802232,1385.4397485555974,1259.3494000141927,0.0,0.0,129.3569774424061,16.06855193816513,95.28469497018986,99.7157151946345,92.4117030632204,108.08050588274932,113.04410101853611,104.73294434411221,85.48964568603684,95.5291876224143,99.40411873301093,119.64294699985655,75.09539301035647,88.16787899832778,82.75056449074725
815,2740.8476865294574,1386.7461566446975,0.7114259920546468,0.497363206355692,0.14360579924068953,49,0.0,0.034344502324913935,3.946054587489864,-1.4904077218555938,2740.8476865294574,1386.7461566446975,1468.9096605540785,0.0,0.0,128.9131775777119,16.068534755831923,102.29879016906985,96.28483793505568,106.24549045436018,118.7944884306343,111.81428140311061,99.61391674657825,97.19014118841997,122.7041879384437,141.41366201913266,119.33914175921826,130.49084235955922,124.91524574645987,97.80463440403588
816,30.303082881309454,1387.5205658772877,0.6045508640907983,-0.404935365326481,-0.3869463297015388,49,0.0,0.016105379628155832,2.3778100753972264,-0.9404429073498738,30.303082881309454,1387.5205658772877,1216.35315291805,0.0,94.53983472524024,130.08844777485504,16.06834900998879,169.8606054159718,86.44586124416551,85.83105343778682,139.90063372469916,32.519397047983446,180.80724940077087,107.44875966248287,81.98408565731702,69.99153397479128,55.62429248919796,106.96335259952174,33.05370509152674,65.92262317183472
817,2994.175088005406,1387.4925677672093,0.961952844342671,0.18629414606060524,-0.11185200230831632,49,0.0,0.014450604227147454,1.3173187101893533,-0.2992271506378706,2994.175088005406,1387.4925677672093,1386.4625501174637,0.0,958.0995223215173,128.8033420110129,16.068565632410703,90.56992217042679,98.0074604683565,107.51551730939141,115.55725101893637,104.06243158397803,159.09474662620354,117.47472073876432,112.11905007805282,86.31346459670152,114.35703692238788,93.4784191346692,101.08260032939408,86.8299291402014
818,2767.889457472588,1389.87550432555,0.2396693779687448,0.2840436889988136,0.24114456581569876,49,0.0,0.00976275286686754,1.2060129403546676,-0.20337991937450076,2767.889457472588,1389.87550432555,1347.7118558436616,0.0,0.0,128.9014496119023,16.069811365415088,105.59438355071106,97.3839354259466,105.96660200254784,110.80638975911705,102.30313484374182,95.71158481706787,97.1711031849436,89.52656127041882,131.40580618149332,108.39252991320566,116.58416614599115,102.38896844408734,84.47669030438948
819,1291.2528074213305,1390.6993457331205,0.6139242415379662,-0.20941506012271355,0.15692089695128386,49,0.0,0.03327580720817212,4.5128289230038865,-1.6361221753671418,1291.2528074213305,1390.6993457331205,1375.1369666040273,0.0,0.0,129.5417218869608,16.070707646841356,90.725445208761,121.61809078616977,108.21354477803445,90.4447321708285,128.25731031683324,105.5646356361007,110.48708421304258,97.6122563166347,117.52934851256467,104.09919737758321,103.59119685584929,107.00517074947439,89.98895368215062
820,344.8565549212806,1391.7784223478347,0.6335487476921244,-0.18360303724157728,-0.008889529931431675,49,0.0,0.09502680669964378,12.180646838432974,-2.7141758789734793,344.8565549212806,1391.7784223478347,2751.4918087095434,0.0,0.0,129.95207523832144,16.070510890814734,198.150257887506,202.8605921566925,210.5670975533331,222.55763357907898,204.60143943297356,241.13502983843637,208.8302235176482,240.74245718667208,209.7348565893513,207.79991845894455,208.4743713057045,229.08756886412965,166.95036233907277
821,738.1070579835293,1391.9175350445687,0.40698675508122695,0.06579564172928262,0.2512906772256666,49,0.0,0.018925515515681335,2.7357302793269938,-1.0926831931700984,738.1070579835293,1391.9175350445687,1357.7757580742038,0.0,0.0,129.78156811543985,16.070932361722026,96.13581509293132,119.40374093455455,107.58942014670916,114.5697292798007,96.63575057203056,107.96730733206859,104.58139052903181,111.6440187114339,97.27200960278019,117.86410511864517,112.67268200553168,105.79959756387856,65.64019118480763
822,808.2884602769124,1391.9570854293786,0.5907320874739779,-0.4098056079255516,-0.17842001894522952,49,0.0,0.010719868975838579,1.2601391868684158,-0.25104629285428404,808.2884602769124,1391.9570854293786,969.9520428658279,0.0,0.0,129.751137799551,16.070999521897193,78.75419950760534,75.51111471050359,71.9563920769217,60.57121726322461,91.75217077335452,67.76576877594516,85.15205063301758,65.23906489381488,75.97660074756047,69.12246495045977,82.59803884096961,78.58517582478015,66.9677838676705
823,2451.5794422051963,1391.759538245089,0.49393338633886924,0.029610811986432513,0.1665614291914587,49,0.0,0.03547905805357365,5.182435972648792,-1.7863348630714795,2451.5794422051963,1391.759538245089,1544.7463100892248,0.0,0.0,129.0385954897039,16.070874991873726,115.26115778713371,97.90082193847805,131.1288996501393,112.90764608517021,118.74235301680793,113.1917587705855,134.24599718007778,109.08146429928077,138.82690972020575,116.13196034230685,137.15937396650742,119.41871530890523,100.74925202362625
824,2934.393709034737,1391.5977123298776,0.4004849463190387,-0.02422127302528359,-0.5822221894218162,49,0.0,0.016716291690607264,1.9645276267724663,-0.7331453514754043,2934.393709034737,1391.5977123298776,1510.0120759898828,0.0,705.3557541139755,128.82925596519763,16.070347168569178,103.37494207409533,144.34638229524916,120.25276715953922,124.97754475552594,102.32387809803107,116.93897701274601,110.65533113338097,114.1966930233099,115.54175494279181,109.80378113409975,150.7486493167968,95.57765203726287,101.273723007054
825,2554.119656396113,1392.8133147380877,0.9159124899567586,-0.08332732093245886,0.19474228867858137,49,0.0,0.015074171397448178,1.225055204183611,-0.22038914895980047,2554.119656396113,1392.8133147380877,1118.378724921879,0.0,0.0,128.99413393685583,16.071233287999174,75.21739617520811,100.96654933682734,86.91738029183983,82.59992292828385,84.73033285008891,97.18137926978827,84.88080897042886,85.50747588655283,83.16253115985779,78.60099643696378,104.8375779164152,91.50737470596093,62.26899899366349
826,1215.536065341112,1394.7401552095898,0.5498048215000894,-0.28713644906979974,0.05802787642310644,49,0.0,0.1349512817236918,20.571522707235367,-3.283166098570109,1215.536065341112,1394.7401552095898,3381.510389917483,0.0,0.0,129.57455472684236,16.072368365084607,251.08331993562692,253.74837372069732,258.2952983295576,278.4402321370611,252.22060077464047,280.8165399292618,265.58006896953566,283.2101014930171,241.33720884456932,279.4478005440011,290.8839531028355,246.4083934091252,200.03849872755364
827,2620.8320091132878,1397.4709166327136,0.5409986925914978,0.07356401555537635,0.04121975015510151,49,0.0,0.010714388692312116,1.2818268854247938,-0.2695734409184909,2620.8320091132878,1397.4709166327136,1037.1244260893943,0.0,0.0,128.9652038424071,16.073116418928436,70.2427015408592,87.72768843558293,79.62191556237964,81.52407094977458,76.34828617490658,76.80940500243322,87.79880093129621,80.63773639629511,84.36726215003443,86.15685835521055,98.21131151578567,76.4077266416818,51.27066243315434
828,2781.7050100154233,1397.0699809655482,0.5252227287785628,0.07711255215875015,-0.012987850118715697,49,0.0,0.34006297417954806,48.847793356571,-4.222112374348329,2781.7050100154233,1397.0699809655482,9170.000124349535,0.0,0.0,128.89545175337497,16.072794777527,630.676638838939,740.5992164341283,707.0092193070532,679.778068818104,689.4729715832632,746.9545361035538,733.184286757016,704.9471957952474,764.8745142906528,752.6339121606256,735.544269190417,715.0345872023341,569.2907078682001
829,2107.973414685762,1398.6018584320575,0.8562227256573536,-0.3832633375722413,0.18578486742152966,49,0.0,0.01541879747108306,1.3329000600937881,-0.31199396885174224,2107.973414685762,1398.6018584320575,1071.6468721050937,0.0,0.0,129.18758013989958,16.073929669591493,93.33769602620703,99.38692520148587,82.5740639939783,99.77457342893065,74.8797627220729,75.20888301947953,69.74198098268837,97.85971354258193,65.27877361397813,81.88007186135557,93.02265373847789,86.898424818107,51.803349155750446
830,1875.9746180429036,1401.1500496991266,0.602863533145719,-0.014629027213864436,0.1280038956215377,49,0.0,0.3160069378802667,46.41563221942991,-4.166660675702178,1875.9746180429036,1401.1500496991266,6246.568090617346,0.0,0.0,129.28817760021832,16.075070706594783,482.0938590769787,445.8150622833665,503.33608897783904,428.648649824885,490.8143966064916,537.900578870048,453.6424357503576,519.7882684463327,503.95528885815673,481.1200800825278,495.59720004086375,522.6921288742976,381.1640529252014
831,739.9619016649186,1403.6574936986342,0.5405061952351841,-0.3189208067694752,0.05078545656819441,49,0.0,0.03302740355375954,4.348653200005481,-1.5958869364262729,739.9619016649186,1403.6574936986342,1604.9542356999718,0.0,0.0,129.7807730919654,16.07582529148639,130.44932164540654,122.47109425075794,128.0423467139907,131.26265445825533,114.920861109677,135.64951320315794,120.69385484844204,126.36021811364449,125.28784641250878,134.67270227416466,139.6370278650482,112.48563840392913,83.0211564009891
832,1885.1308426468527,1403.2618206090453,0.5753628867331892,-0.5529488002416245,0.07833196227038566,49,0.0,0.02140551288956218,2.698199361427444,-1.0776850879219462,1885.1308426468527,1403.2618206090453,2675.3380657036073,0.0,0.0,129.2842067378496,16.075948368299557,194.1477527573693,195.0360052621352,212.88067674020044,183.31620185709696,201.34401173972813,219.608330958368,220.434291565985,198.5708367396742,227.9778516355497,203.97157281858983,203.33731123459438,244.01340105012983,170.69982134418643
833,1602.3729438960775,1404.4456001136764,0.39621815070653493,0.8299065192956202,0.18284108148384545,49,0.0,0.00935191097727444,1.2113184929915177,-0.20814586892881776,1602.3729438960775,1404.4456001136764,1055.6977842017457,1.962680598533507,0.0,129.40681685299083,16.07647697860188,72.34087168685318,99.6176933782195,81.70300365499503,104.47826999286258,84.03580741812613,94.05746793144803,86.01965389795308,87.47185475846105,75.04297050152798,67.75487580986,67.00156215581995,65.51480079621811,70.658952219401
834,1767.3371221126565,1406.998639906699,0.6158876371578771,-0.053735528647117586,0.12289922659052381,49,0.0,0.5113702713046763,74.18479794956464,-4.675787295440357,1767.3371221126565,1406.998639906699,9352.446041064457,3.8192557597811616,0.0,129.3352840740576,16.07752859059104,682.1064821062033,788.1648296828532,720.4659184360228,752.3450058693576,736.5049751507349,801.0217731197512,714.0908137359415,714.547477970965,726.7431631882079,722.8228386676301,704.8293516417708,707.8403506575638,580.9630608374547
835,1036.445463803023,1407.9747570233378,0.7480392005660141,-0.18466473330181002,0.04345784427180152,49,0.0,0.020469223141468637,2.299127548677081,-0.9039076632211146,1036.445463803023,1407.9747570233378,1159.3683005299977,0.0,0.0,129.65221692824917,16.0778085337047,104.59896480730063,91.9909714389503,82.07136761775197,86.59298218013268,107.3944401412718,88.00113609785757,94.4115693877826,98.47872038112226,91.07496662301176,88.23324463562255,81.4216517877158,93.62016247371676,51.478122957760974
836,1415.287481172228,1408.7255208910194,0.6825062725492412,0.11327986146911834,0.22265628195265108,49,0.0,0.01823388417498689,1.9721336516340393,-0.737340859424096,1415.287481172228,1408.7255208910194,1146.408609124027,0.0,0.0,129.48794227280266,16.078245297507593,75.3854631229751,78.73200837101382,98.25907649256452,90.13914562660398,97.21602812248803,94.48254989900657,90.89246031786769,55.13716986342454,88.92547132683339,102.1673377291392,94.04674497424742,108.40005869343352,72.62509458442915
837,1503.4061937054532,1411.0660465761446,0.5902048116490524,-0.9636721511377166,-0.6969678996551258,49,0.0,0.01007923739827498,1.1023308870327346,-0.10577994101421363,1503.4061937054532,1411.0660465761446,985.319377108235,0.0,0.0,129.44973179149878,16.079231377221873,80.17002607783968,89.31845348576695,78.13196681608278,77.33905203708505,60.58513045672655,81.6839704877941,80.19075895319614,84.51053511620324,88.62491649216496,58.47767343326579,78.07777269469572,76.96620282169016,51.24291823572382
838,767.3020669444753,1412.8228472663354,0.6022362338699089,0.10568731219536132,0.002352119880523513,49,0.0,0.019685219247092885,2.4329639570908923,-0.9653391879122463,767.3020669444753,1412.8228472663354,1185.9570654183822,0.0,0.0,129.76892522067925,16.07966432231271,76.23588742209978,103.83482231163643,88.71111023313216,89.01369428120792,87.22764584385875,74.71217633715665,95.68799171716829,88.54158061608926,106.32117690267563,94.04230948473482,111.86849207354213,92.36703140042474,77.39314679465576
839,796.2095271258597,1412.4857785960928,0.23293149555309192,0.2406417473458542,0.3002776458581715,49,0.0,0.00822268999491446,1.050002644387173,-0.052975982058919284,796.2095271258597,1412.4857785960928,1101.2802059823398,0.0,0.0,129.7563902644765,16.079544551187205,76.8992013822081,102.09358857992856,86.99603905328104,81.12939865959166,65.75589961426286,85.38637415939023,95.4586555695615,82.22881629595224,96.49228693903501,84.78146624991102,95.88094633815818,84.1946013353834,63.98293180567586
840,1225.6931189311508,1417.0653169799855,0.30594650026393083,-0.2438553837189083,0.004055417287110418,49,0.0,0.012515601165950742,1.7590213085971138,-0.6131777512162672,1225.6931189311508,1417.0653169799855,1298.7505959018051,0.0,0.0,129.5701581528982,16.081673828197562,92.84368811692511,106.1211662340173,89.08236862497672,84.53286165202238,103.12657402932632,96.17400127572446,95.33843869372856,115.94308388486922,97.24215567612116,96.98957019916793,115.65051759696061,102.68171301242555,103.02445690553995
841,642.024932444462,1419.9867913752328,0.424667257690442,0.45037478552477633,-0.05900269372842347,49,0.0,0.009780227821346334,1.1065804513235125,-0.10995748441945058,642.024932444462,1419.9867913752328,1054.1971082233695,0.0,0.0,129.82325312234775,16.082551197246904,73.28166187638449,93.6150562640071,77.05242050489198,88.15655503714078,77.77808855522079,72.70171192287992,75.74908563657074,80.1782668477199,83.00206138979338,81.4924288776735,92.2225848994346,89.25311128720605,69.71407512444634
842,2647.464438602241,1421.9049203180111,0.6472703678530691,-0.2989000465473085,0.0656928442852994,49,0.0,0.012381359887411578,1.2191573671964995,-0.21514941846356278,2647.464438602241,1421.9049203180111,1124.6505298713541,0.0,0.0,128.9536328958655,16.08327288198325,69.98613824512228,91.66092230170898,104.54938631670052,80.72402487137833,84.09101162003174,92.43564135573308,66.45708214152658,84.50518801426877,96.62712180385904,111.39992127835308,105.97530237864206,73.6797832900461,62.55900625398361
843,1092.757667405996,1423.1298862992712,0.5816476233078827,-0.14361461231315675,0.1326237037197001,49,0.0,0.24589152032903566,36.90365259860876,-3.917673383210275,1092.757667405996,1423.1298862992712,5161.648086013012,0.0,0.0,129.62780585305907,16.084149467047695,376.9392046694985,397.0570093516595,372.33536564789165,422.46563435539616,402.3948839672896,424.3043738348615,413.8455811428916,440.851306680594,431.2273803867606,373.63964072416195,403.7815331919515,388.57532708440147,314.2308449756545
844,1567.1877460889398,1422.2863400912386,0.5279084937733052,-0.6633317810340571,0.01073862074947755,49,0.0,0.012019299350494983,1.4343366633678,-0.3916277491147297,1567.1877460889398,1422.2863400912386,1176.5370300266895,0.0,0.0,129.42207454202503,16.083910123257088,94.5293594465063,88.59382684605754,90.28677035760342,92.48744827740946,99.11505236306371,87.37189136236853,100.00514526771207,94.00768381651845,86.04740503305888,94.84423913046238,102.9706532418137,84.71557193721041,61.56198294690477
845,1659.8297834891837,1423.0444202295953,0.3915659130767167,0.22897353620131133,0.2826631577883052,49,0.0,0.010150864103072019,1.4121005440481165,-0.37466405087358057,1659.8297834891837,1423.0444202295953,1143.067641357112,0.0,0.0,129.3819011817594,16.08422493651537,86.04434051487627,89.43972315648915,113.09739493961563,83.267940634483,80.658793359414,87.51742267822539,83.5433236205183,101.10440151965068,92.7552413096487,72.71122920135944,96.06549663642295,87.72168559967457,69.14064818673393
846,2587.2393365301373,1426.675603300974,0.48468839930945984,-0.2685201526625423,0.12205344893316206,49,0.0,0.01327466188265333,1.7097565975349802,-0.582335720612768,2587.2393365301373,1426.675603300974,1188.909747853883,0.0,0.0,128.9797430599771,16.085314106074033,90.07932608843126,92.03623451258412,89.86853476984817,97.17701364520005,90.46431429984086,85.0025673436874,103.17325555978456,78.42836280854854,102.0439016651009,90.93660417209503,102.77592693367716,87.07484869234861,79.84885736273614
847,524.4014796418078,1427.8147425802522,0.5343608513490952,-0.29070762995088967,0.1856934301089446,49,0.0,0.018386389204235215,2.4473120555116528,-0.9717233738760953,524.4014796418078,1427.8147425802522,1174.9008890028751,0.0,0.0,129.8742638115666,16.08570820530438,82.42871206206196,83.05094001896151,92.04476642748372,100.018457094908,97.42779153400078,106.74451285315718,102.0449287631983,91.66441618858889,90.76274701162481,100.10636871674166,83.16044835074905,81.00954010709063,64.43725987430855
848,1880.7279729865438,1429.7081130256174,0.5510858905567426,-0.46306362521956895,-0.297727337638816,49,0.0,0.011120473544961882,1.2045929101703867,-0.20210075682627657,1880.7279729865438,1429.7081130256174,1151.4800761413928,0.0,0.0,129.28610914577865,16.08696869807083,95.18253067658942,75.97272506374495,94.66567996752764,88.91625304698519,104.88761540494224,87.7627642076818,77.24723663750373,89.2953438916144,95.38763237979211,98.02536389408385,85.30646885197716,80.77222351421102,78.0582386047393
849,497.0784780618223,1430.5586430731948,0.8063834139532134,-0.10078240015388683,0.016634491362524817,49,0.0,0.04715844369354496,5.081147335792882,-1.7649044703470458,497.0784780618223,1430.5586430731948,1570.1602454932136,0.0,0.0,129.8861142634153,16.086825440239075,114.43847718710347,115.69423514695646,135.56373625992939,113.33149255728449,150.8644066997938,133.84609855597333,126.89726997058327,116.40496529305338,114.66374937979789,126.42838626996416,101.8314337760439,117.46001603689285,102.73597835983742
850,221.05997460940546,1433.4059595540652,0.94526127312559,0.5224720739803368,-0.022457310138487587,49,0.0,0.015136401121304918,1.2966175612326505,-0.28202974834766015,221.05997460940546,1433.4059595540652,1037.3607403235276,0.0,0.0,130.00580207409783,16.087712357460298,78.46096359162784,73.6018779650847,82.00774079432051,83.6060616106925,71.69110511346466,92.12508851053852,79.434150546437,75.6620641766047,91.156249965286,80.72298717828787,86.9999892485449,94.95492613560981,46.937535487028505
851,812.8446268254593,1432.8515902595043,0.5769419499013245,0.0774431377589034,0.1671749239749269,49,0.0,0.28702700348429677,43.90446089466382,-4.106271621989819,812.8446268254593,1432.8515902595043,5661.979116638482,0.0,0.0,129.74919167614027,16.088041705552104,409.14024419604846,413.9739931145353,458.30145961968094,472.89836451776796,444.2739211085545,441.52769336814697,449.7562656036091,452.9371833539475,444.09308062064497,419.3141687815269,422.88720752612807,487.5845796977545,345.29095513013743
852,2282.1555091215214,1434.7975297883297,0.6769511166570391,-0.007147464366995035,0.16585728000610783,49,0.0,0.034918698423633945,4.122268893711168,-1.537840792993098,2282.1555091215214,1434.7975297883297,1512.9250085750118,0.0,0.0,129.11203053771155,16.088920553668228,115.14197846941627,150.20712896690162,109.8314511113111,121.6169631674507,125.91888596803926,97.03066236037219,115.89980369667381,113.00424039803553,128.1801523755285,120.79000968627753,109.30648393928743,109.5067015344988,96.49054690121886
853,398.08294634194107,1437.98341001127,0.31673208702219247,-0.3490101098306176,0.17491531406334102,49,0.0,0.012729994769084782,2.06146263283026,-0.7854386673890368,398.08294634194107,1437.98341001127,1099.5741472267227,0.0,0.0,129.92904834707875,16.089819233820418,85.09916576987604,92.48436431235683,92.0386623478229,89.94246127725808,86.6373192758897,82.07028769930436,79.8785137113043,87.08141833811541,78.94729153747124,73.05674305391383,100.91749843890125,91.75118820397967,59.66923326052897
854,2580.150328930875,1439.1663571371753,0.7502665357697194,0.1354735383456771,0.4179509825491494,49,0.0,0.014233291133725356,1.4334405014057743,-0.3909491778985822,2580.150328930875,1439.1663571371753,1096.4340759324896,0.0,0.0,128.98280582151165,16.0905245255524,79.90491281115007,82.91072789869601,71.38190294986191,103.22649616718141,86.2204429124152,76.40853613534838,88.93447333029368,87.02228278438838,79.17499299635524,89.35710442041523,92.98069570242092,90.98625299507722,67.92525482888615
855,2291.721457510463,1439.7685130148889,0.8200766447125021,-0.26183365744043985,0.1200053960547127,49,0.0,0.0174305148452103,1.635639372094427,-0.5342188901874494,2291.721457510463,1439.7685130148889,1175.4733289777719,0.0,0.0,129.10787922119988,16.09098602678543,90.74663946299214,106.56801446301796,80.3584020272188,104.20884850953858,101.74793030821056,76.70840375607685,90.12358514764773,93.44965243286038,77.2021268054003,85.01378100867569,94.03691647257969,83.8505838622071,91.45844472134604
856,727.0200403025674,1441.390448124484,0.7771355396668334,0.2011681012720035,-0.003461039582440568,49,0.0,0.017986147757231806,1.9843288591874253,-0.7440341215299967,727.0200403025674,1441.390448124484,1019.1485714100447,0.0,0.0,129.78641484442747,16.0915371880508,65.5387531238162,83.05839414117014,67.69048791892159,82.52979350159916,82.52073084912824,84.7077353617519,84.57260401705167,78.56073802479547,75.68691590367266,81.45387169503259,84.00655460340377,91.49612420147716,57.32586806822406
857,1507.7476859873877,1440.6629345881477,0.6349451491628081,-0.004372962339922352,0.0908002442851062,49,0.0,0.15311763992493968,21.547983939762677,-3.333516607959454,1507.7476859873877,1440.6629345881477,3418.072215005153,0.0,0.0,129.4478516982583,16.091563750849275,273.0567473480978,241.84866745125692,274.7873750388986,247.32008828585361,281.12617514290764,263.0757120611314,268.418516125716,308.57914296339453,253.9183849570145,281.4337439936738,270.20669836435445,227.4689929008509,226.8319703720027
858,2208.3918764968726,1441.4430245590859,0.4204895408576772,-0.354590391050558,0.10657299574032032,49,0.0,0.015091378387427653,2.2042556522590404,-0.8581549077616824,2208.3918764968726,1441.4430245590859,1189.1363071409532,0.0,0.0,129.14401381223382,16.091731041734835,109.5086131255608,103.76641537704901,98.48131518403619,94.71021592005933,104.82699381576775,97.65595870208438,75.87112200865909,94.27678047063007,87.72845369019544,87.05654148293438,85.63777562482213,86.76275399542952,62.85336774372525
859,2650.223762552857,1440.8083290895859,0.44278966693370114,0.16499693621320202,0.14674798612915313,49,0.0,0.02451924243150836,3.527027112312206,-1.368521995271876,2650.223762552857,1440.8083290895859,1506.3232399304186,0.0,0.0,128.95241829472687,16.091146514617506,102.2448578359534,116.58480632933545,108.91409753250684,110.09141618266285,123.9996465098535,119.29650973556498,132.93866237479847,112.025203619915,127.41477976149775,131.04513600415302,112.03673195710249,121.64818993841119,88.08320214866356
860,427.042900261347,1442.3726420261746,0.6596948719893075,0.013757113957001226,0.2640450348337347,49,0.0,0.034941166794868875,4.347533240636031,-1.59560727810701,427.042900261347,1442.3726420261746,1452.0428567300019,0.0,0.0,129.91649544810448,16.091678071659803,112.27927320157147,131.0658269631942,107.89691957187082,109.40796541332013,116.84240457227828,109.54324269157968,103.6699055877815,116.6062389555362,130.08840618513227,106.63631047828362,119.91184609281697,98.37234285802268,89.7221741586142
861,1350.409174389096,1442.6190133719806,0.6211032240093571,-0.6765125934518275,-0.540174615966893,49,0.0,0.01820320666275784,1.7913835105132816,-0.6329714306606475,1350.409174389096,1442.6190133719806,1416.7625134314294,0.0,0.0,129.51608298300417,16.092355205522505,113.5807249565832,105.31796408904458,119.05664131681922,107.15648262392719,105.32057032227006,121.17360358970657,119.79997746420213,123.01940232433567,96.60492604723888,88.24896053145989,116.68855131897685,122.66355817838704,78.13115066847811
862,1575.5271101965182,1443.3101273681434,0.47743211438925803,0.0036786075838415987,-0.03596069429280374,49,0.0,0.01843949998463412,2.706723421670699,-1.081109702430618,1575.5271101965182,1443.3101273681434,1277.7609663325652,0.0,0.0,129.418458737368,16.09267023374745,82.80959599971067,111.54402721248273,99.91944307892952,95.69365324280157,103.23440915111411,95.15614993532188,102.74292132956418,107.29261687341048,100.94001890023117,103.91701939884305,105.18822353410155,93.8071560302966,75.51573164575757
863,1741.1747799634118,1442.3766217404066,0.9213721895016577,-0.10295181260162425,0.016024584890537204,49,0.0,0.01582691403863558,1.3057318210985303,-0.28963497034006097,1741.1747799634118,1442.3766217404066,1217.7236010426855,0.0,0.0,129.34662419380086,16.09227289676416,94.22945605036757,107.69595617238946,82.34190799415444,99.6539495582901,98.53922313781607,93.7809263529671,89.41833684045932,105.02402993221543,94.57402396800973,101.77386224508578,74.21307239092118,94.65022474705825,81.82863165295102
864,167.99467964211053,1445.173586816222,0.621338956687447,-0.0895061511585452,0.10733947149757363,49,0.0,0.054849522961405196,6.511564957434196,-2.034213443271244,167.99467964211053,1445.173586816222,2180.3768822692227,0.0,74.63373206334919,130.0288266535574,16.092550048303572,150.26490053654294,202.18065771334363,178.33966451221698,172.75733985254158,165.86819836645464,179.89912592540492,186.16037295702822,169.46825907128272,147.8606772266653,171.00088512966468,156.10831395772718,179.45924573840932,121.00924128194092
865,1952.2810402758253,1445.0066844692874,0.23175278459444376,0.45561604180744264,0.16448973506881076,49,0.0,0.009274394616522649,1.1457510868971885,-0.14772569475764527,1952.2810402758253,1445.0066844692874,1560.1017184380185,0.0,0.0,129.2550756295077,16.09332331286297,98.17461812843757,121.77128408658585,107.6612765991428,130.74435588619713,94.75013813218591,117.71776967997995,119.57997362721363,126.63165131911927,134.38485866887427,127.51554904327486,122.60348941821623,138.65663133044748,119.91012251834346
866,301.2284932902249,1446.3492414487953,0.5769015054018127,0.25689334826428634,-0.4143024305278074,49,0.0,0.022187697079174177,2.2868666720033533,-0.8981021131990631,301.2284932902249,1446.3492414487953,1577.7640147120683,0.0,0.0,129.97105589148669,16.093198947262515,117.50104546478478,125.96046198936669,121.73393124103373,124.68683675056704,113.17781609891486,148.82008935567478,111.13422546903217,122.00219648889676,128.66042907017004,116.18506786055951,113.68570208071638,142.57126446568412,91.64494837666754
867,712.0384295673434,1449.254047720764,0.4321127522152389,-0.12113206089278061,-0.010746129770316326,49,0.0,0.010598081176790178,1.2479379005672813,-0.24048243669940697,712.0384295673434,1449.254047720764,1024.3417710386195,0.0,0.0,129.7929178286354,16.09480207333265,72.74207788923809,84.13233628213169,84.80188211000001,61.355515604541395,91.10054861629374,78.27831162596729,84.29158902674669,73.80230946696884,81.07766147090217,83.48269581595142,98.76766684061074,72.03467934111411,58.47449694815329
868,2467.978423055637,1449.34892010642,0.5408079592645406,0.05474523369215154,0.18095321858722832,49,0.0,0.04107938959076612,5.793474069439117,-1.9073476687004265,2467.978423055637,1449.34892010642,1757.1539478155273,0.0,0.0,129.0314393624791,16.09485770862425,122.376595334594,134.72022837894136,133.37396247044376,142.48263865765927,123.72847684443342,151.9608280936781,141.74739618396092,142.8214471262703,156.31584434273861,121.13756918155212,131.0806500736258,152.67885359119464,102.72945753643506
869,2767.497945714707,1449.0065817305058,0.4946615824428684,0.20474782839350622,-0.2295327486392813,49,0.0,0.03411885705271284,4.694555570970858,-1.6789862107753746,2767.497945714707,1449.0065817305058,1695.1343720582527,0.0,0.0,128.90155634198706,16.09444870846482,114.41364229333259,128.6967882532597,138.01903896668676,129.7331994359164,128.20196667534879,124.12953493129116,141.25283882667316,145.76292935402253,114.60987400353295,141.2449685413302,153.57615875389916,124.21236646995644,111.28106555300292
870,2147.774664042693,1451.2500986410957,0.45743507967943736,-0.3346981017895045,0.04588375502584539,49,0.0,0.020503220797372483,3.0483429553601904,-1.210159564839566,2147.774664042693,1451.2500986410957,1308.4516272263627,0.0,0.0,129.17029553398945,16.095847885921895,101.1452292507938,102.58053843786354,88.26200814658168,122.64915214469404,120.78415300645128,91.9794796806283,111.40771715696735,84.32668168924522,113.63172325870545,88.31494029868716,95.3155647497907,98.6176285832857,89.43681082266846
871,943.4579390411483,1451.8535059738588,0.31967262808137736,0.13657343617461387,0.12313227842205735,49,0.0,0.022710094448757025,4.389893327078847,-1.6061349179037707,943.4579390411483,1451.8535059738588,1357.1400896850805,0.0,0.0,129.69256432074906,16.096041511219372,93.56862356604398,115.05580165560212,108.3330795811317,108.6933902272304,110.72816802074567,97.56086957844079,105.00393169993788,113.96588572212332,118.17336557714266,95.85554433160902,101.80825925579579,103.81243187715998,84.58073859211733
872,2232.4644652880447,1451.860035525554,0.5892510569384221,0.21774515024992047,-0.06524997091518353,49,0.0,0.009708146587371607,1.041120016244325,-0.04375199041491116,2232.4644652880447,1451.860035525554,990.9235244052362,0.0,0.0,129.1335687629837,16.096058363474995,72.13756093708227,74.69660929716025,101.04801445219827,80.79980197625137,73.37240248977305,66.10112285947842,96.60371672889771,72.14078435526457,89.99603745871156,64.23986760418927,73.4406392719637,71.75184149019802,54.59512548406771
873,419.7305595811055,1452.5379511111496,0.9445956148253414,0.1883272171063971,0.3819887959413428,49,0.0,0.015150725272417433,1.210634200488287,-0.20753234648705263,419.7305595811055,1452.5379511111496,1074.2801493287438,0.0,0.0,129.9196772192499,16.095905919305032,84.5822783597394,87.20283085383711,90.72369283700951,86.85901542859469,82.47692891233359,86.32281672602568,87.2518572115664,99.21559450285822,89.83408888574213,67.69533011713919,96.47558219209319,58.7091110065102,56.931022295294454
874,822.8878540639299,1452.9562415639343,0.599958449850719,-0.10535052914993359,0.15420833157135794,49,0.0,0.06561854457111932,9.494018328535557,-2.4436251645097213,822.8878540639299,1452.9562415639343,1924.0132190651468,0.0,0.0,129.74485086353553,16.096425356207753,139.72773604877693,158.18052828672876,138.80989717257017,156.41636678581654,147.11859827882049,160.05278146816113,165.93413590790777,149.33260170110066,145.5981618124335,165.58108376368727,153.268050425146,123.48275364493631,120.5105237690613
875,1182.4591767859886,1451.680913123394,0.39147910448651524,0.8048987718713045,0.41152885736105216,49,0.0,0.009717656501717558,1.297784456804137,-0.28300642108053625,1182.4591767859886,1451.680913123394,1154.56215897114,0.0,0.0,129.5889189748924,16.096081928486417,74.82121144135819,93.21825133727354,98.55016819229348,82.64766625566254,90.64326856826276,88.36130493558238,99.72626264002572,88.00946468764184,91.32303611368656,92.27000553498459,83.68457220649864,96.66070616399756,74.64624089387216
876,1394.3437248940031,1454.9384711952905,0.6147455818366523,-0.0864795301050974,0.05793380932157957,49,0.0,2.081750583814816,302.21002970671793,-6.200772183875825,1394.3437248940031,1454.9384711952905,36200.883478187156,0.0,0.0,129.4970327521322,16.09749706159673,2596.8668013038814,2748.1175912894405,2751.8257703498502,2913.9393242414453,2834.6609522916897,2976.834030237469,2912.0263171647093,2879.976877278768,2779.8271101480536,2884.0978170584995,2932.6832071692907,2894.2218584916873,2095.8058211623775
877,2067.854448481699,1455.1092223718283,0.5572382027324007,-0.07528209737068768,0.08186744918242835,49,0.0,1.2291130619260864,187.7686359115816,-5.684057628130806,2067.854448481699,1455.1092223718283,23937.583851007115,0.0,0.0,129.20495211530815,16.09749129204937,1697.2806824352733,1915.7450100838819,1866.7748114802137,1948.5550547808987,1895.74708694846,1926.4096080020845,1858.6780213250913,1866.673005520187,1922.825961487979,1877.480630874447,1884.0833492645113,1916.0767932417984,1361.2538355622928
878,1478.5361449089796,1456.3308697578457,0.7065145448865889,-0.2909733313056118,0.07661987754388894,49,0.0,0.06879901960649812,8.488239008694544,-2.3220439994221156,1478.5361449089796,1456.3308697578457,2093.4342997989725,0.0,0.0,129.46052122721213,16.09808930512901,160.74681258846203,135.99430621469662,143.2769177945121,154.90271406664618,184.58171575247752,155.5800650611974,154.86899165065154,191.74806732414595,155.43403219360357,177.30550006833124,180.08132889574782,167.09960067343496,131.81424751506535
879,1933.4446377192069,1457.1194205105762,0.5609086848693345,-0.02806573085741759,-0.00593878494223362,49,0.0,2.9002416402876583,433.28583176282405,-6.591936220117521,1933.4446377192069,1457.1194205105762,58044.5289576695,0.0,0.0,129.26324050505025,16.098375901832064,4132.639740552395,4492.143201811766,4468.280173091596,4668.882211014659,4745.12760168324,4537.055657730144,4622.305285048588,4591.9159385587445,4707.662816803871,4440.176749765544,4497.833679977459,4641.446781039899,3499.059120591578
880,2427.3020445938614,1459.7597825954188,0.42552055504516884,0.42613101969214895,0.2704677439019817,49,0.0,0.011832767261076278,1.3679504930714241,-0.340175950742862,2427.3020445938614,1459.7597825954188,1532.9530816594925,0.0,0.0,129.04907069715813,16.099225603934798,101.9689436221773,108.04652222312086,123.89834387600474,126.86554747289,111.10142419208432,111.39541451170865,122.29919216540164,141.83145242587864,137.26028956216845,115.96666925017578,117.92430745609998,116.08314362603184,98.31183127575034
881,2442.1903581072715,1459.5080133694341,0.5214267850920572,0.14032431040641968,0.15726080124182032,49,0.0,2.0051641351368454,300.9313932422758,-6.196168739545599,2442.1903581072715,1459.5080133694341,46384.374078587,0.0,0.0,129.04261446576706,16.099109840444505,3185.0242448760346,3479.504033654424,3667.0742715243637,3698.829379981683,3696.620033860585,3848.8120637252887,3619.4043513380907,3705.0350817285653,3577.873954206147,3605.6030791338653,3688.2373298658745,3793.156746451318,2819.1995082407743
882,2832.1635684081966,1459.3799576679014,0.21235061749523776,0.36371015292410863,-0.006936999773363633,49,0.0,0.027770314014093272,5.45113346157976,-1.8412170377687853,2832.1635684081966,1459.3799576679014,2093.9183142033644,0.0,0.0,128.8735037848013,16.098702956511623,130.12304560584863,198.81568759293228,168.00221050992377,168.4591967324718,146.40442609872878,154.9359567599425,164.18837437709507,157.33025567895027,190.42746514685183,164.4044434983315,156.4675017917527,170.13158397661797,124.2281664339171
883,1907.8607965228327,1460.1743350424838,0.5572851437938531,-0.07865738494689559,0.06144765333018011,49,0.0,0.037868390689281835,5.239293153141202,-1.7981817478042044,1907.8607965228327,1460.1743350424838,1649.0975286515754,0.0,0.0,129.27433458080606,16.099655940808685,125.72033665945037,131.29536152672128,116.42620270649786,124.23441271819962,145.50856288144107,126.79973931853553,121.0959029429259,138.68085735570378,123.37927015804934,119.82170774394858,134.0217892415463,135.52948159611154,106.58390380244442
884,1924.2986099239527,1460.9847652188967,0.7457507420911794,0.9788420971646283,0.03749427013366821,49,0.0,0.017381692289801774,1.4221875214595106,-0.3823921593489851,1924.2986099239527,1460.9847652188967,10772.208236446395,0.0,0.0,129.26720571451,16.099989081936638,916.0818205883744,905.0611307560526,872.6891463733307,899.5254281821099,925.7767813645581,888.4571454054905,787.1444989289178,821.5829175887089,807.6788384209557,796.8144114722314,742.5214520166297,814.2877760069888,594.5868893420411
885,403.2124919354662,1462.848600420844,0.35200139745148623,0.6293112624576312,-0.3988326886314676,49,0.0,0.011110520700436792,1.1948179344559353,-0.1932543320699161,403.2124919354662,1462.848600420844,1473.9785503174883,0.0,0.0,129.92685127119805,16.100184670644595,95.32551601638616,102.35044249695498,133.69107467513152,132.66320192402387,103.77925702976441,122.26273436877165,123.58502268872799,123.40589480439209,108.15428898325675,107.92998929988497,110.55515010109102,120.29882776463693,89.97715016446583
886,2246.7348308475002,1463.2507698806685,0.6278198409744156,-0.5186568580197591,-0.10389122412474244,49,0.0,0.014888680472275704,1.811603375629746,-0.6451578031229132,2246.7348308475002,1463.2507698806685,1056.952968954979,0.0,0.0,129.12737359262258,16.100796466678126,76.70298280468062,82.59330124901416,93.1172830840814,90.298419753395,90.75460672046958,79.87552007962952,80.18481849357258,91.11567789538353,86.45919685971728,71.06356399119063,80.33528950553838,80.68667579724965,53.76563272105679
887,223.20895458212993,1464.7854828380832,0.9092061131187682,-0.29347146630354115,0.08706938978624366,49,0.0,0.015777258339579155,1.1945543470744695,-0.19301478265641708,223.20895458212993,1464.7854828380832,1297.9092047484032,0.0,0.0,130.0049097430703,16.100789020390753,102.41305601837607,104.88740405167692,105.10745280355728,122.59799765437094,84.29182867566908,112.28995502734392,91.04441270177655,94.78353724587762,98.38800712351747,97.79923569657291,109.62900656584091,92.77503451123482,81.90227667258857
888,645.5586336434425,1464.2056037111402,0.7064870718552442,0.14689697649107353,0.06468503076066424,49,0.0,0.017789755142425413,1.9024391375784153,-0.6982769295241977,645.5586336434425,1464.2056037111402,1177.9873675397234,0.0,0.0,129.82175942322445,16.100978149470023,83.08927073259375,76.6609961512057,98.69416992016646,93.23727888845465,93.32107309607002,92.16766416049161,93.52833731088015,99.19094954717946,101.42044713998179,85.35360677134923,82.83604429586836,91.58800950033911,86.89952002514319
889,710.2640383940725,1465.3148055867257,0.5501263646684266,0.12378931319081757,0.20877415131326793,49,0.0,0.1825020683145301,28.641863482153973,-3.6425031759967457,710.2640383940725,1465.3148055867257,4141.021402410985,0.0,0.0,129.79370034519604,16.101492516893575,287.5791658159529,330.3030564798695,313.852695759992,344.4791336145182,334.15955322225136,333.11531430043533,328.8658982072357,337.3348266082804,340.43590344722645,328.9682999376488,301.16070632767713,287.08553896022875,273.6813097296694
890,1895.6075275145715,1464.9813946239021,0.5381345025586817,-0.3267112324686249,-0.24724183926917812,49,0.0,0.013731831346836648,1.634591637611365,-0.5335231819657488,1895.6075275145715,1464.9813946239021,1163.6776493591474,0.0,0.0,129.27964719264278,16.101662103394286,94.97146713998472,88.42502050974795,92.78929375475165,90.27424503411049,92.33044912957263,97.23451060696749,94.84359344803785,90.72402093943862,82.28425188386396,81.7192670501966,90.82781796077325,86.13793277419765,81.11577912750437
891,2115.537959661671,1466.0781856920946,0.6395880277052582,0.01340327746512602,0.037472932295740405,49,0.0,0.01990658370801387,2.502063379593754,-0.995745766450265,2115.537959661671,1466.0781856920946,1130.9519731324135,0.0,0.0,129.18426831889022,16.102041173023263,108.989394944123,86.7352034106463,96.87298863417561,84.71866989950006,89.222787422897,80.0213635770993,76.52883436742354,96.33371870395683,83.87961096917455,83.56241245552162,82.10086834173028,97.55269488288099,64.43342552328446
892,2357.915067473045,1466.3491362256511,0.7614591273114206,-0.2886301213824699,-0.09679541195793637,49,0.0,0.01557259429351201,1.4668658668539067,-0.41597600725901474,2357.915067473045,1466.3491362256511,1145.5286046959845,0.0,0.0,129.07915642067846,16.102019185240955,93.27655333030322,109.25758196593154,82.08984848771823,78.09599487968286,101.2891249419589,103.56984921656488,94.76451913053384,83.18652424416734,74.8266970794344,75.83412237675992,87.84544136711389,82.0973282552184,79.39501942059717
893,350.79945599280273,1466.958581611385,0.4035605513504482,-0.14299817987303545,0.2286992915511738,49,0.0,0.03658110449724838,6.066230236616411,-1.9572972235561736,350.79945599280273,1466.958581611385,1730.3401821192099,0.0,0.0,129.94958436000204,16.101841003600345,119.48065447775227,134.36904210660123,130.59295291319341,130.76818049362464,131.21452013343566,144.51803965952837,145.7737115434917,125.13664563058607,142.18915447811432,106.74688505909624,154.23200594398529,143.51238797327358,121.80600170652713
894,572.0218254533047,1467.2635357329864,0.8241483876105149,0.40600239593834797,-0.9828732105652902,49,0.0,0.01283677427941369,1.0456297023731098,-0.048444778515968345,572.0218254533047,1467.2635357329864,1146.1060854762845,0.0,0.0,129.853651837954,16.102188466074633,81.35499298211334,99.27184352468078,85.87484814753793,92.5314398238994,93.91799452798244,76.56354824521834,103.0109619648965,87.31046069028895,91.89115459287262,95.1683584060934,70.26354705773599,94.31792810705673,74.62900740590817
895,2825.7722368014033,1468.1766640720473,0.48357195824091076,0.060550099421470695,-0.037659552836111616,49,0.0,0.03020869882741153,3.722083063632455,-1.4269651520209226,2825.7722368014033,1468.1766640720473,1972.8227241162158,0.0,0.0,128.87626545548943,16.10237495526098,134.60355750418603,166.34341063627096,171.47521041416954,153.4005278677637,158.4806721658789,144.38762001556972,143.2611562210247,154.94572119524165,161.2628048909575,160.80298848561048,144.61964526335146,162.63796672922402,116.60144272696698
896,716.3210823105779,1474.8880245435075,0.4884568692271524,-0.18127862735549571,0.37478797962219484,49,0.0,0.017138062558238666,2.399634206013716,-0.9503626100942031,716.3210823105779,1474.8880245435075,1308.0361814269718,0.0,0.0,129.79108137937635,16.105485965339987,86.31500051382687,121.09992711858514,93.90830989369528,97.2982195705609,108.19595999558189,87.46653313375238,114.52406340078787,86.41387646604569,93.4276902435056,102.65295427356965,129.2651870723214,113.44552407024082,74.02293567449817
897,2411.8163961664322,1475.5640528325607,0.45192831910796605,0.14711436329981775,0.2696959964219941,49,0.0,0.008570408354678666,1.0584181558800925,-0.06164320259645029,2411.8163961664322,1475.5640528325607,1026.25445563629,0.0,0.0,129.05577445746366,16.105821678183947,74.2804507809392,67.29869983589025,70.20345130745869,75.43389567690141,91.1445518519778,101.1045943605317,79.10369927254182,71.94813993419419,77.06038495236896,76.67605946396255,85.0321216674991,94.81175489135693,62.15665164066749
898,595.2804574747462,1476.1818922548125,0.6735684058397623,-0.016562992404855946,0.2017291275856816,49,0.0,0.03127208779005887,3.9361696789744567,-1.487684528929487,595.2804574747462,1476.1818922548125,1324.280916939123,0.0,0.0,129.84357378895268,16.105925023397955,80.88973490932702,103.7850006218247,100.84861521102891,101.45665307060918,110.80417186210315,120.94652402548562,94.56998389052039,109.70523185734964,86.80723882542229,112.28815633613172,99.13104182958,116.63153029413749,86.41703420560295
899,2536.7161416292347,1475.6600528390456,0.376173172590227,0.2217365050792661,0.13630412054591345,49,0.0,0.017405780107818753,2.840005299755855,-1.1332978762202137,2536.7161416292347,1475.6600528390456,1267.8108488960524,0.0,0.0,129.00160910676283,16.105766198291633,90.64370706628327,97.51086904669094,101.95393117276335,87.96717937240282,112.91946426916513,82.97047332345392,101.34491433197076,98.04354731954962,99.81017768006001,103.75344958183388,113.5249007145328,109.35851402714401,68.00972099020181
900,246.762193449193,1478.2426435414266,0.36709269423734775,-0.20456753467909802,0.19185801366778918,49,0.0,0.011080632824820072,1.5021662507061673,-0.4417950010590649,246.762193449193,1478.2426435414266,1189.278753994426,0.0,0.0,129.99471292670083,16.1064239987267,82.06586238549664,87.08920630564222,80.68237181374573,101.97835508726754,98.95614966988443,102.02621138248185,100.38358441345652,92.4334281407716,92.3008223005753,80.70475059648231,84.03532367202739,104.13211648049186,82.49057174610255
901,1046.6530729232213,1479.6376217294078,0.2502648233147494,0.3935989156052986,0.2174963797131687,49,0.0,0.0069138253044166865,1.0946619756612221,-0.09820008157389426,1046.6530729232213,1479.6376217294078,981.5993280516127,0.0,0.0,129.64782696364728,16.1076727413783,69.19161496283319,59.718243189170465,65.12476197379178,83.72054111900144,83.14434497689152,81.06661460002222,72.08038676768825,83.10826147590281,91.30998912309148,77.52634658863408,73.28080975596508,82.74043361778853,59.58697990083189
902,2720.3101654113498,1479.5141863099645,0.6283564934921058,-0.12086052178903048,-0.13754050402197776,49,0.0,0.023562352184951108,2.5203590579222683,-1.003656040213959,2720.3101654113498,1479.5141863099645,1467.1980895747915,0.0,0.0,128.92198727869626,16.10720690880943,106.80833003627777,117.2102190827543,105.24105528821792,130.93855998856583,110.51814121976035,110.24227947970095,116.8147469316379,125.38315984252952,100.28800967966778,115.69650443299267,114.55356766792886,119.14871997750662,94.35479594725089
903,1539.1063969080158,1480.5639607456492,0.6935497641791656,-0.12970368134562915,0.07014035320652048,49,0.0,0.04668403411808303,5.853882175581709,-1.918609942233815,1539.1063969080158,1480.5639607456492,1684.8446121609518,0.0,0.0,129.43425501342568,16.108191271927964,140.0403580855908,121.9886908854856,129.44668916954203,115.07235259907918,149.5943352987589,127.54579134379084,147.30571821158455,117.33125822087102,168.58035472481868,115.45254681524216,136.8354408052001,138.03732842971917,77.61374757126865
904,917.8520689037776,1482.0478301958908,0.9580580334154734,0.06429400633722579,0.6992776009915243,49,0.0,0.01684588666826694,1.4123668284818998,-0.3748687724109512,917.8520689037776,1482.0478301958908,1098.556877286478,0.0,0.0,129.70368729306918,16.1086073030446,91.97350319093502,85.44222107199913,108.00202103570118,83.02852850422175,92.08744333221563,80.58274309035232,94.59508688048794,90.27725252004895,84.82824793078882,71.6964791485791,72.3734890203163,76.45146481689241,67.21839674393948
905,1380.3221277711932,1483.6687875754124,0.34656695025600875,0.10032113791125326,0.5381124334002519,49,0.0,0.012677203590850217,1.8333439998598393,-0.6581099038457172,1380.3221277711932,1483.6687875754124,1426.470423291103,0.0,0.0,129.5031192628566,16.109465385522586,105.97225819203916,96.22818928166753,112.2261826484127,99.56625416773144,124.22918172896604,115.39586096845588,103.73155641992514,104.61059757937464,117.576452017864,106.18011912926445,124.0665606148244,127.84993384413568,88.83727669844195
906,1460.497885386636,1484.5168969849512,0.6360411652286451,-0.15762680560760495,0.10384214712852814,49,0.0,0.3282876958283824,44.3431223158196,-4.117065674178367,1460.497885386636,1484.5168969849512,7317.747232310232,0.0,0.0,129.46834750164857,16.10983139985943,529.1325960627476,592.4127169836743,583.8095523949166,601.7368363364012,573.9666726251066,563.8836131463078,592.8995038830933,574.1037423091345,597.825378768731,548.2461597777374,568.925373307121,566.8080937511627,423.99699296409835
907,1523.1422448928472,1485.0176250456539,0.6401125433934134,-0.6824193560702241,-0.12327008859669171,49,0.0,0.04220166290631784,4.985793243042483,-1.744335661719251,1523.1422448928472,1485.0176250456539,1810.978275497252,0.0,0.0,129.44117887582013,16.110045994560874,133.41293822168566,143.09597663835177,162.5392110010934,130.10128985019298,161.12985826348825,160.63246979688796,147.90034090780279,133.8986558660131,113.48186182316797,131.90570895885327,137.9133022015499,146.80482051013067,108.16184145803419
908,363.63568175266266,1488.3222017899914,0.5074827105440589,-0.31988539054905174,0.07088103370631792,49,0.0,0.12928742521394976,19.419677165130544,-3.2206050146807685,363.63568175266266,1488.3222017899914,3792.2178105937664,0.0,0.0,129.94404216194764,16.110756072761536,267.37495207764573,283.33008803294877,306.7843554293322,294.8179110389108,296.54516922399813,318.58347851055805,294.05104057686214,284.1057235052174,286.8504094419404,264.1118616739717,345.57313065045923,313.95670674045493,236.13298369146708
909,624.8209681366702,1488.669671552057,0.7225457368066516,-0.18210046686230358,0.021959950695354565,49,0.0,0.03128205687842822,3.83065974626343,-1.458183945030257,624.8209681366702,1488.669671552057,1210.7389286268794,0.0,0.0,129.83077422916918,16.111153716639667,77.33540122432066,97.85200806778316,92.66473444400303,96.4730264833733,99.55585505499975,87.14613652106709,82.02135372119662,116.7966886812133,94.7334724243301,88.94367761305608,104.54874137976208,92.75392251836705,79.91391049340722
910,170.27715821167092,1494.869169952821,0.3191951404251528,-0.07944761045465643,-0.277240993024751,49,0.0,0.011017948616996105,1.3330910112037249,-0.3121495001556417,170.27715821167092,1494.869169952821,1366.5514317047064,0.0,19.82813002337759,130.02790186932222,16.113258164181605,90.98093086235798,112.83522242775327,103.55533117474359,99.4913425903688,111.07289990113625,113.28544393645089,103.39423331655097,102.32186420690832,104.469956288833,108.22594802317869,112.4664456144729,106.05806064257688,98.39375271937465
911,2657.1945252200835,1496.659294043479,0.5747266149647687,-0.02402707692138344,0.1224680955897373,49,0.0,0.6289048890188652,92.23192796715436,-4.912203217483658,2657.1945252200835,1496.659294043479,12987.631702587452,0.0,0.0,128.94934165498003,16.114410566779856,993.9941711092234,1012.3118943739763,959.6998897086396,992.1727601553584,1063.3200271401847,1085.6723081222046,1004.601393187692,1075.7097074852984,1021.7988781508282,990.9696239757684,1062.5945673420335,991.5025995027626,733.2838823334844
912,451.4377843955749,1497.678100826222,0.36033663541789585,-0.13927197318432857,0.3711405344039037,49,0.0,0.015884654637694787,2.6081813191988403,-1.0408444500023437,451.4377843955749,1497.678100826222,1156.5583861581822,0.0,0.0,129.90597526251898,16.114745880557827,91.02543849015747,81.553541171474,80.85167141034697,86.07217839781006,90.6234161401598,108.59632239416939,86.09731586506702,95.27059285650954,104.71096960701502,80.57681602709874,100.19456510088202,93.53487531690257,57.450683380589794
913,1189.0152115887684,1500.4817076849108,0.5937169308351984,0.007934119111231982,0.19346171134175774,49,0.0,3.203791970569234,463.30070955668117,-6.664657413341448,1189.0152115887684,1500.4817076849108,61091.30297869761,0.0,0.0,129.58609421059748,16.116417854899222,4315.087196772054,4777.141572124619,4690.514595713099,4777.812556081891,4931.933515353293,4956.494046560929,4809.518828049174,4814.448586203989,4858.652923745032,4756.051341619618,4861.4547403815195,4890.772787977768,3651.420288114635
914,2073.695636334319,1500.8921677004362,0.6703289642128759,-0.45676844935600613,-0.21590374970246584,49,0.0,0.01440634689470425,1.4628829442650049,-0.4130239412640088,2073.695636334319,1500.8921677004362,1164.6273619846106,0.0,0.0,129.20239920648118,16.11656497949187,87.85703564587868,94.27556099693703,94.608155715197,74.86856394995152,95.21088149962677,92.17023459839434,84.30331294245526,103.29819691958726,88.56976505617338,91.46625534403606,98.9721220729576,84.23579437262788,74.79148287078789
915,2474.1616640568573,1501.150472767548,0.5373547751005411,-0.11487253463094452,0.1604811603017608,49,0.0,0.03672945311560069,5.507103769233697,-1.852308149701933,2474.1616640568573,1501.150472767548,1419.8760983478521,0.0,0.0,129.02871668092718,16.116436492486613,102.49267534508344,118.38698127144033,114.51542742144088,121.68439905077977,119.21071132695872,118.08819365161327,111.38547650688767,107.35338158148475,122.83423506051155,87.77592919335967,85.40114950667083,123.90702995339156,86.84050847822968
916,1577.5265865289232,1503.0629716200754,0.3365667669779589,0.5419633904721779,0.1445442152755316,49,0.0,0.007377620870447625,1.065041822885335,-0.06841665580235018,1577.5265865289232,1503.0629716200754,1062.8090760769287,1207.1493062140944,0.0,129.41759289951702,16.11756727197792,57.12491619728584,90.40692483238523,91.02136983124493,98.88754438433301,70.13175199499864,71.95696467863291,86.97848257953333,95.6459110083581,84.39474786935253,84.00884040693225,79.95630749336947,72.4176907195633,79.87762408093919
917,2997.0330147826962,1503.4918766709025,0.3334236055155503,0.8294041000928583,-0.023349785501232716,49,0.0,0.008843290280279801,1.2213596937469484,-0.21710895921650306,2997.0330147826962,1503.4918766709025,1606.556756869475,0.0,1139.5529897965962,128.80195497101974,16.116892432523027,122.29068760181059,126.11914471014279,112.06484322419107,131.26209399341343,127.11016300934068,84.64093789780804,134.4939682647082,110.14960345820839,137.95228815149923,143.74123705410756,133.7136822013485,157.91156742463426,85.10653987826223
918,1263.1189308227115,1506.8390475318943,0.6646727843539071,-0.07687447682356194,0.09940748336102892,49,0.0,0.05893186035611178,7.66670929579249,-2.211522490269601,1263.1189308227115,1506.8390475318943,1936.2750044825393,0.0,0.0,129.55395677666618,16.119091029587768,135.66343415373922,136.72017717636038,166.56667106649365,147.61480290221158,153.38681454421254,144.97189782118528,158.84092302647534,140.96991044459702,166.61846868998325,154.29495856103196,160.49891176675385,147.7317115082435,122.396322821252
919,246.10335061779557,1509.8972251578457,0.9771920526368623,0.4518787825580099,0.2612419931059826,49,0.0,0.012701307305602238,1.0547145579868742,-0.057837351301325,246.10335061779557,1509.8972251578457,992.4374746979397,0.0,0.0,129.99503779653625,16.119611925896542,58.5470479356835,77.65782287064214,69.25579998526689,83.67853824873472,76.31300705849412,82.0018604956119,76.71759753775838,65.22665712276263,87.25421663922737,66.04820799484958,86.48852592049124,94.62913967439107,68.61905321402615
920,1151.9584163422062,1508.6513923194184,0.841320534081752,-0.10076406632196036,0.09859520454742968,49,0.0,0.041232673154828016,4.1438295639675,-1.5435047113466673,1151.9584163422062,1508.6513923194184,1774.602490271251,0.0,0.0,129.6021693551637,16.119807917536683,127.20108806010694,136.85255679548754,142.4585090171654,138.85537936737234,131.46383023382057,161.87601599610036,140.02691469449803,94.43287724484875,139.00913695096688,125.88115078969525,161.4881955032301,172.52479693876484,102.53203867919393
921,1887.0249745936321,1509.512910516591,0.6093290903841866,-0.09083388087236537,-0.3757961396228191,49,0.0,0.010068750920986237,1.021947284256929,-0.02357123473451184,1887.0249745936321,1509.512910516591,1098.7895392645707,0.0,0.0,129.28335759332938,16.12021902842921,64.15813814296779,84.91802161530353,70.92476260554187,92.32453367374333,89.69756962728792,81.86078896740368,94.45820290951491,94.14673471094841,78.44148700602874,102.27122946029743,82.7606377563176,96.473070876132,66.35436191308355
922,2838.9506987408913,1510.1143701831195,0.23678278699935032,0.6461114964177532,-0.3195383408987454,49,0.0,0.009879699966959391,1.4157509849549332,-0.3774671811063738,2838.9506987408913,1510.1143701831195,1140.3899685362944,0.0,0.0,128.87050324147125,16.1198340206173,78.9335969494926,87.97178355814543,84.7420561110988,92.12853545949656,88.4632683671737,84.6884762565746,86.77125242051919,93.31966370228454,75.67297238733678,108.58322481573443,92.04231898035991,86.92775797941681,80.14506154866082
923,2346.964639229617,1510.478938938328,0.22382801204375952,-0.2815945882702147,0.658742483512114,49,0.0,0.0068610410710172,1.1169415468595363,-0.12007611421112657,2346.964639229617,1510.478938938328,973.6495312760135,0.0,0.0,129.08387516043283,16.12041349917389,79.08603245398248,69.45335616050332,87.38344776298828,75.92127091246707,81.03108858846394,57.688224818024516,67.03377552340152,82.0106464890695,73.58378435901683,76.89352708905272,92.1836660093422,62.03902708423674,69.34168402546436
924,306.29401024446065,1512.5368608548806,0.7082866431553412,-0.13246991183435036,0.03362936843978428,49,0.0,0.016530328366082182,1.6790615152412254,-0.5626665188448589,306.29401024446065,1512.5368608548806,1139.3034314871968,0.0,0.0,129.9689376281344,16.12078151807289,83.5609830835814,106.3141385197772,82.08941166416938,96.6035080039717,79.57720825852826,84.50394915258282,90.63673730742514,85.10163663363497,86.85347074004135,91.1671480654968,91.00077617894893,93.73860628166389,68.15585759737496
925,497.1708195100831,1514.377648632428,0.5063376182581464,-0.43208037049899634,-0.06364443805622297,49,0.0,0.01986458048114175,2.6183630510168214,-1.0450746595110143,497.1708195100831,1514.377648632428,1259.739843766608,0.0,0.0,129.8861587004545,16.121748865102713,91.44592075713088,96.81061894523408,89.32559480622257,102.69923840994647,101.36552908461339,117.65710621841687,87.61337960237933,103.15440635115468,90.89475416720657,94.16644942771399,91.29212704188447,110.54409072507785,82.77062822962677
926,159.15348639270735,1517.0477270033743,0.541122366471886,-0.03339741627507042,0.01967486321862085,49,0.0,1.8011739809141312,238.83834736029357,-5.945260143558854,159.15348639270735,1517.0477270033743,53950.921681232605,0.0,7583.870964014157,130.032754913135,16.1224846962057,3756.396223397885,4232.117015704366,4151.563305137523,4311.056734371898,4327.355347094519,4209.271847112182,4334.5461372336895,4257.023851764781,4326.464438825492,4249.337779999478,4355.73940760078,4216.851656858421,3223.197936131599
927,1069.608215829977,1516.840577317931,0.3262225046641651,0.40447910564792494,0.10742760408944965,49,0.0,0.008565877759452044,1.1349573281447065,-0.13744883333900826,1069.608215829977,1516.840577317931,1151.8873746249428,0.0,0.0,129.63788969844663,16.12318473306818,95.94037146766902,88.5647214369387,111.0135503879217,83.9641281584766,102.60628255372725,79.39469467255276,87.12319166043214,83.71504130189112,97.6365480289306,74.27602051532095,92.38056725717573,91.62013160766321,63.65212557624298
928,1998.5432189564071,1517.010701945573,0.8712269040803476,-0.6126507388939751,-0.29566199750808864,49,0.0,0.014635670431761477,1.2764956181106886,-0.2650483207969819,1998.5432189564071,1517.010701945573,1114.6600478749035,0.0,0.0,129.23498750268556,16.1233096649127,83.80009123725023,77.28324841138904,102.88653578975625,90.81906098632459,80.8020175763393,70.3365455921842,84.86927640958902,89.73381637547634,85.66998240640082,88.72930658640362,84.2059124265208,100.60908880546592,74.91516527180337
929,760.0538676813392,1518.6215968973477,0.4091456650891108,-0.3142548323596638,0.35449453958917376,49,0.0,0.011446631810100544,1.6837826280480124,-0.5657150612395019,760.0538676813392,1518.6215968973477,1110.1755582483283,0.0,0.0,129.77214936767018,16.12374090021633,90.3749985932314,97.50082204561438,92.24061781371942,78.8756233627602,87.57093459595556,84.09964082334086,82.81089337449855,90.12084660521325,93.67106761812373,64.00146488369327,99.1623550468531,88.65147300621442,61.09482047911007
930,1428.8688696797597,1520.2208323572563,0.536016293426809,0.25269864884085086,0.3209774052103576,49,0.0,0.011751840972174259,1.113671864077956,-0.11689311934595369,1428.8688696797597,1520.2208323572563,1218.00588459816,78.79727209763614,0.0,129.4820704951971,16.124703706350076,86.98279868681749,107.03022918173886,86.1729748834949,87.2604838484706,111.88148298333012,93.83222909008498,94.20513182249329,96.24124540126112,99.06765315230643,91.82770382965268,87.46682056439508,99.18015734849176,76.8569738056228
931,563.6590559557598,1522.80806880549,0.8889479586429297,0.2247666579763505,-0.0482264715113018,49,0.0,0.022331382699791385,2.1555103016030075,-0.8338752569316799,563.6590559557598,1522.80806880549,1114.6092003399394,0.0,0.0,129.8573310069601,16.12532374102121,87.34240970438549,80.78590913207695,82.47302337336204,95.39482932227992,104.74295506408774,91.07335998762635,84.37157871139537,87.43469082480738,100.07477769725787,78.60738409912256,78.74391186513874,84.92953804768334,58.63483251071556
932,1522.1486119844474,1523.5824615455272,0.6348130525915919,-0.1060513546695403,0.08672070307598975,49,0.0,0.03151695630693211,3.9457761009842516,-1.490331095051563,1522.1486119844474,1523.5824615455272,1404.3687882165966,0.0,0.0,129.44161257260313,16.126114597937207,104.61749859214092,88.06996952444726,110.19379395072649,117.35293310188572,124.36812846662616,102.99059179239796,97.16845340358225,118.82864603911865,94.61660988822777,115.79926167586527,133.48365582531008,126.69194708983166,70.18729886643627
933,2923.524919041917,1524.532508709732,0.46152544821999497,-0.27199113703127736,-0.42422534959061126,49,0.0,0.010848841879420194,1.2367341031368935,-0.230690841729828,2923.524919041917,1524.532508709732,1221.6831000985158,0.0,248.74541720679457,128.83380768632293,16.12574642700749,95.40830541847997,94.30741783887763,82.33583029291266,92.00141907683322,107.70075624282494,87.54222625915241,85.66833351064193,106.30875091116245,93.83428305263493,96.30041748380643,95.60433069026948,107.10579400308619,77.56523531783346
934,2635.9130542111684,1525.1300978729712,0.54423496911425,0.10210702650052879,0.10789517171747297,49,0.0,0.20192668342168274,30.371393418006665,-3.7061617937460296,2635.9130542111684,1525.1300978729712,9359.6413114475,0.0,0.0,128.95854409279005,16.126292519111054,678.1743518319479,738.0398301156945,718.6339326563123,714.0845902725139,749.7055113819695,730.5121156412181,736.2891480473882,747.601308470664,777.8446512255379,751.8991953750207,744.9762472529053,702.9893387175109,568.8910904588206
935,262.6499789343864,1527.069323998698,0.24614801023926014,0.08702386701333925,-0.06907548446491156,49,0.0,0.007111248589698046,1.0043901308754921,-0.0047560917246420205,262.6499789343864,1527.069323998698,1017.2716141930974,0.0,0.0,129.98788292166168,16.12678610109582,72.90739812866323,85.84162922937642,82.12536812050158,59.052427868556634,92.53842926131861,63.56959044758784,70.0664198375005,82.60739666484861,88.69364376471145,77.77946520311659,91.2131717830235,75.50649522360288,75.37017866028962
936,1804.8085229017865,1526.4531323022584,0.5064024596649475,-0.08529623233637398,0.06838952894280687,49,0.0,0.03786147810340234,5.789253740085686,-1.9065564622328042,1804.8085229017865,1526.4531323022584,1680.438626047253,0.0,0.0,129.31901322501022,16.127295113342182,109.57562653094823,124.16383248413959,146.5394407173318,128.76956394686476,137.70066622700622,131.26742709455698,139.5472450776726,138.07270736872422,120.80975921050488,137.13831551832473,126.55130176963557,137.40068468247546,102.9020554190682
937,2627.7292576348123,1526.4920496888092,0.57169843794349,-0.020591162042760312,0.13244800533052065,49,0.0,0.438097609021586,63.969882533207745,-4.514938883077066,2627.7292576348123,1526.4920496888092,11441.82105946302,0.0,0.0,128.96209219108113,16.126867375644267,853.2572010514743,890.3576599220097,829.9515120381343,897.2698604867794,924.7099548417032,919.2625458961083,866.4643351084528,926.674551649716,954.9492896337558,911.109314273323,912.0862449536742,872.4828462816992,683.245743326193
938,447.9698528064969,1528.196092505883,0.6587469469417877,0.10079333563071657,-0.04975289252865663,49,0.0,0.011944340064579775,1.308025213823803,-0.29154028909715984,447.9698528064969,1528.196092505883,990.4209667615715,0.0,0.0,129.9075113568986,16.127457727623444,71.57767480387409,74.11088851758811,76.1328340106257,68.78429136744539,78.29561644417531,80.51829964370538,87.57572506529303,78.89934694502449,75.07465107754635,80.08729126525026,72.60063630200153,87.86220827796646,58.90150304107555
939,2038.2424865692792,1528.5591411261928,0.6887504545113654,-0.16545733395681386,0.22491667330549658,49,0.0,0.03352836014148283,4.191759322981276,-1.5559908473307382,2038.2424865692792,1528.5591411261928,1375.5776338538892,0.0,0.0,129.21776441828789,16.128106955123386,89.05782297123721,99.13401895836265,126.39614216244736,101.01258934323585,86.80435829148385,105.66685702642769,120.93169489724659,108.4140110130864,115.08351016427463,115.6629857085264,110.19675522848279,118.52124054472688,78.69564754435086
940,1295.7223689034358,1529.8606025333654,0.6347153275913845,-0.09661522778505617,0.06898995651158263,49,0.0,0.1927018848544511,27.13601288843088,-3.5838650921193467,1295.7223689034358,1529.8606025333654,3951.9858397989174,0.0,0.0,129.53982258820696,16.128692482041373,295.16325766646685,266.51602405758615,337.55646759414765,310.2616574498246,329.4088025804243,304.21140549638585,300.48066186447585,335.6543485720048,300.2950452691972,305.02103156989244,314.7051532448886,290.19296737764853,262.5190170559745
941,1699.6244126207562,1529.5431499083768,0.5730911678017109,0.06607989139163808,0.18656030612309868,49,0.0,0.057374342145574186,8.13987080539165,-2.2765437797442662,1699.6244126207562,1529.5431499083768,1969.8233927844958,0.0,0.0,129.3646349614731,16.12859660173546,180.51956917708623,136.10388820070648,157.73039732899633,147.75556138391931,148.20315904015064,147.9317930460715,129.7167636880605,169.57210730023402,178.8852584685808,143.05393731543498,135.6331384059218,169.46564384350887,125.25217558582438
942,1790.5589470696639,1529.5336992453138,0.5689222427742654,-0.6218357889565412,0.03340924620581337,49,0.0,0.012891544471495308,1.5081319878977428,-0.4460983788796022,1790.5589470696639,1529.5336992453138,1160.5624408990743,0.0,0.0,129.32519322263556,16.12858114301218,86.68649675092547,87.87964437316599,106.8241062935792,86.40921854874163,75.00311680959842,93.5933552007078,71.97747866037948,98.18823387109933,90.67758761755493,102.69086170581527,103.92250550675764,92.69855792670289,64.01127763404638
943,618.9401064025473,1530.5751930510428,0.5387567805943112,0.03624033383188997,0.17957323975057707,49,0.0,0.22957114604436007,34.460682151296105,-3.8433096752068607,618.9401064025473,1530.5751930510428,5534.050055174001,0.0,0.0,129.83336220459898,16.12860882390766,374.442395902107,439.5020209411258,447.1804667744477,463.72161709519287,439.3168275956264,450.0092326988525,397.8525576274975,490.9600685073708,430.0833411457854,420.98686395249365,424.7324346720238,426.3435749239326,328.9186533375436
944,1178.7136531126414,1531.4563866408696,0.5210707197099973,-0.2462149258296975,0.18004136090982653,49,0.0,0.1094148514773468,17.089691235450942,-3.081835540659182,1178.7136531126414,1531.4563866408696,3037.48440876514,0.0,0.0,129.59057401009346,16.129320142658162,232.17051391647087,244.3752997448123,245.46857217455783,240.20556315438608,240.75708995929887,238.1963319198131,251.46112651215526,229.5384233507071,223.97767117218285,219.22220795992956,237.62231432594433,245.01214541281098,189.47714916207033
945,971.4295053799431,1532.9584336924634,0.7681687498596539,0.2148135299865681,-0.05964136152725674,49,0.0,0.012777312260446158,1.2226243640747825,-0.21823261506047253,971.4295053799431,1532.9584336924634,1039.438177388408,0.0,0.0,129.68048086636264,16.12985055301393,83.7148536852625,71.60064361924302,77.31931936052055,76.6048292151503,75.42585888070268,80.21012294168078,87.203566299854,73.84578781104034,84.29343315956771,88.18178475976427,90.67295141115343,81.88005791519801,68.48496832927037
946,2722.4133376988098,1533.0658860392803,0.8788261698627255,0.525300330160402,0.6137059952647829,49,0.0,0.013740692351484531,1.1083840960173543,-0.11172571387468973,2722.4133376988098,1533.0658860392803,1108.3540309739237,0.0,0.0,128.92102032466883,16.129517238792463,85.06234492127803,79.62098862249708,95.8586132546376,96.37593362176194,77.29142205956586,81.59166520441894,82.1271908089105,97.22160612034372,75.41378514610535,92.76101274689898,85.95263969974559,88.50422943375824,70.57259933400195
947,502.481439823613,1540.19514748126,0.5548478028470936,-0.03287685491848973,0.02495427248638226,49,0.0,0.13168015441513944,19.483485040446432,-3.2241666060052316,502.481439823613,1540.19514748126,3413.2827813392787,0.0,0.0,129.8838814157829,16.132510900660357,256.9473712783382,291.5243438209439,261.6940686812647,271.3933930531344,258.3342425736313,287.6668998060471,277.6044351300668,239.62093516926097,289.2944745361897,264.58857479339156,260.87286488588074,256.3197282912985,197.42144931983094
948,2277.2590211500647,1542.084449630617,0.3231553017367505,0.8206760461392999,0.72098711029118,49,0.0,0.006944318418650921,1.0365740374577324,-0.03900081771728399,2277.2590211500647,1542.084449630617,1121.3580415921297,0.0,0.0,129.11408751986156,16.133625724645867,98.29817392920786,95.16173805841561,91.67299008246181,79.39706878268649,87.19794764140005,66.80564161208875,81.5651850608915,96.32861668205695,80.53257875343941,92.11552551468688,103.32540076271016,84.77770539906811,64.17946931301624
949,2512.904595379701,1541.8628942830633,0.3956725761401078,-0.561630556504498,0.19030304692553043,49,0.0,0.010724018289167284,1.3070342109217465,-0.290717387888026,2512.904595379701,1541.8628942830633,1093.017781313863,0.0,0.0,129.0118802214635,16.13336930006362,77.36437170100197,93.86758311445762,79.02130939489864,81.63113329920436,97.04961462060399,85.94457051910894,99.92648082620707,92.03286109284892,78.39993908199443,76.50974899069894,83.49099560899413,86.40776768060562,61.37140538323834
950,292.85259696028953,1543.2981053630904,0.9644403819961506,0.3192431513308734,0.22111389659113545,49,0.0,0.015171520108256198,1.2816953010947323,-0.2694619803101112,292.85259696028953,1543.2981053630904,1016.769079254806,0.0,0.0,129.9748036613832,16.133582758781035,86.32975809166703,88.10344626091046,64.00006220492003,83.25329302745598,88.11740883094606,70.2868348520911,74.76086990153695,79.5024835272169,80.97781639461803,74.86500428870409,72.72976037427932,85.38162060709291,68.46072089336715
951,827.3440437769892,1543.653541091697,0.4743073676159785,0.2621702189333094,0.41691373676436644,49,0.0,0.01565472594838324,2.26077769123777,-0.8856446475535205,827.3440437769892,1543.653541091697,1043.5718780896748,0.0,0.0,129.74298248663953,16.13421824911779,75.16338374165757,82.87672382990097,87.85341624166898,81.86442681548189,82.82164586230823,86.84089579072054,83.20969769445918,83.72286485502559,90.99786077944184,77.28620477731822,81.48906172903591,71.74762735987292,57.698068612782905
952,2266.9020663194015,1544.6533271930437,0.5913623726688509,0.014527164773597678,-0.07535675395496802,49,0.0,0.031180038468267203,3.774033071174904,-1.4420142537255947,2266.9020663194015,1544.6533271930437,1569.4783875475632,0.0,0.0,129.1185781659764,16.134702172975846,125.31739572002499,107.85363990020404,118.1763832011258,129.1826460726378,119.68404506252823,96.8787620604111,112.48768375975187,137.92301161608663,111.09985774722874,135.60243889371367,151.8518113089038,129.8706148609025,93.55009734404422
953,1812.057929751608,1546.977058032891,0.4662737330699293,0.3088652945220128,0.2840882505561155,49,0.0,0.01478991021012808,1.9239669223714433,-0.7104940029927337,1812.057929751608,1546.977058032891,1262.1867304200346,0.0,0.0,129.3158649403162,16.135845415534003,104.55325591121118,109.38932252625756,94.35799990753102,94.65499213187258,110.3315913263848,97.59846575154438,112.54428798908918,88.51050717817064,91.10602546852293,78.2900208959172,126.61252554783327,91.2144528287379,63.023282956962106
954,1857.7803489840346,1548.8043880036164,0.46498890533872617,-0.02346237974015985,0.03997571207887007,49,0.0,0.07284082603123788,12.345881023395695,-2.728805218445599,1857.7803489840346,1548.8043880036164,2340.198034828013,0.0,0.0,129.296032281111,16.13659740545137,180.31322635789945,171.4069173364313,185.76617004000963,196.24354233614542,178.22087358417292,182.4914701667264,170.12698835191023,185.2852579811344,179.0060950169522,187.48563171020805,207.7735793675214,196.49619726979233,119.58208530910954
955,1300.044999351724,1552.2727942035572,0.5457287201974854,0.6132412415849058,0.6246363828195324,49,0.0,0.01966157771060791,2.2457755649597946,-0.8784158805150701,1300.044999351724,1552.2727942035572,1537.5147888688841,0.0,0.0,129.53795385983076,16.13803201550385,102.27758636680232,140.1151772934365,107.94631336126923,121.10582685160134,134.48682899983925,119.96658337455415,101.61508563147885,118.81726594297348,124.1240456156569,132.49762853652481,141.77836974768155,115.98386364453384,76.80021350253213
956,1759.1556473342425,1551.8588463059416,0.8515565652309179,0.017268444898173686,-0.30529737086831205,49,0.0,0.016563822982754432,1.488825236737594,-0.432109304529953,1759.1556473342425,1551.8588463059416,1085.057152699238,0.0,0.0,129.3388107753538,16.13788807680949,72.47123689715656,91.59816267978104,97.19226385804978,85.06903075854947,79.94975208595176,91.51211883738559,93.86915016510986,77.91787395678713,77.44799077422269,88.46211650877342,76.83854674678483,83.29624172345035,69.43266770723552
957,1914.8411006400625,1551.7718893084975,0.6276829787916353,0.43627438577339606,0.05910896640132881,49,0.0,0.028357701500709355,3.5767584673667487,-1.3837240348625846,1914.8411006400625,1551.7718893084975,1317.129758538748,0.0,0.0,129.27128110789127,16.137819563228362,85.85488675341983,93.72623172453675,106.93080861323169,89.22003128582335,98.2760096802721,125.97031736350593,106.92639101807863,107.2682005026441,91.43852483434512,106.28917313085579,108.65035521394387,108.09505872602779,88.48376969206309
958,2352.9946534520354,1552.7522397409832,0.8236525292601681,0.6071804998237865,0.34740743917574174,49,0.0,0.011057525925020044,1.060254682532102,-0.06352549790921386,2352.9946534520354,1552.7522397409832,988.3456025318037,0.0,0.0,129.08123083531757,16.13802312632983,63.595400695661894,62.02676001980103,75.88726565436455,82.54201955564216,90.12018416747385,85.63965320542133,68.285914324067,96.58590502408975,67.21416080697307,68.9140015984731,75.01974529857802,90.16673867138664,62.347853509871314
959,2193.6795873920737,1552.5620410546005,0.4964544066451878,-0.06307703660309566,-0.2204517849851823,49,0.0,0.012219214638458651,1.5174783390695357,-0.45280625136211944,2193.6795873920737,1552.5620410546005,1142.2219071431948,0.0,0.0,129.15033355993233,16.13803785915696,68.36052110671693,102.25890690172433,89.05947732589613,93.70651243816363,100.22666048349689,81.62112513194354,88.72325669137345,92.64918057841157,86.43405564248647,88.71632256575248,90.01127145341304,92.44820339890455,68.00641342491183
960,305.77179106298564,1554.2037056726197,0.386796671345222,-0.1782982639704023,-0.16011588685886174,49,0.0,0.022946294674056747,3.3354516448490177,-1.3078866223070118,305.77179106298564,1554.2037056726197,1574.2750754663834,0.0,0.0,129.9692133954086,16.138141273096657,116.58371545129435,134.34039687272286,122.05977655551283,108.46813724801612,110.90739644769306,130.4743684565081,115.78695789679819,123.32187078488656,125.53375561754584,122.22600779016942,138.6016999513552,124.09324598163703,101.87774641224422
961,2153.073324461535,1555.1527172285157,0.5169613396812436,-0.05613469088075268,0.0845542413545624,49,0.0,0.054726222712592705,8.535094643442356,-2.3280208531397317,2153.073324461535,1555.1527172285157,1928.8639312864138,0.0,0.0,129.16794526542068,16.13913769337238,152.53975783721847,150.117491107715,161.83176730518346,142.48401914408868,146.83302304567422,150.95028341051807,160.91488145258134,150.2173539547496,127.55574896531247,162.89411070046432,150.09124182184468,146.98197881533955,125.4522737257239
962,2625.5743406799197,1555.563816055847,0.504396074705482,0.15062857742448374,0.028571837798182346,49,0.0,0.23434918617854217,36.714104890832616,-3.9120823608631303,2625.5743406799197,1555.563816055847,5916.714698668673,0.0,0.0,128.96299956839627,16.138982181771862,417.28651081472503,464.67002588223556,462.3334457803341,437.92821112315,470.7323882837353,504.14651365881633,484.8471566576984,507.4604230288817,474.5307316815881,435.7329126854628,471.5687813717867,447.51525995632267,337.9623377439358
963,2265.57756135705,1556.8511241188532,0.6890568720874836,-0.11068794735206348,-0.05728712983060701,49,0.0,0.05183322925027789,6.537911064659804,-2.0385975214191525,2265.57756135705,1556.8511241188532,1702.325264071435,0.0,0.0,129.1191452448827,16.1397852961866,119.91106178581185,129.7700107559973,136.09398631965956,149.19785816029008,127.8335574056369,125.68708911731298,133.15959978058135,132.64412950539736,113.07746251752954,126.83439466405028,163.67546469437045,139.06309978954226,105.37754957525519
964,2745.2196634511206,1559.6589999192715,0.967695059208368,0.10555345820157652,-0.07694763324780797,49,0.0,0.015304597968430976,1.2457187130755425,-0.23854997107617293,2745.2196634511206,1559.6589999192715,1054.2716243433179,0.0,0.0,128.91110118652753,16.140574637547562,72.72655625256917,83.28864303170118,80.29998751025101,85.75639597616596,77.16879917493682,91.44201547551202,87.18049284234081,73.45388976673075,96.8831834793326,78.40930968392004,71.41310154938122,91.07424438278102,65.17500521769524
965,192.5229827167523,1562.2925004440826,0.4113719807527942,0.02467325875577132,0.8334090016390507,49,0.0,0.009478185354378214,1.0950388524810013,-0.09857382104254667,192.5229827167523,1562.2925004440826,1179.9904398956114,0.0,0.0,130.01834155459244,16.141377245228963,94.72722592287097,88.73170351707701,92.99834348766149,82.45477289516474,117.61956580350282,79.92633534876964,104.77420751304516,94.9139286588561,97.30944258067322,93.39773951650871,77.84956429085629,76.85283921503739,78.434771145588
966,244.918585619245,1559.7567308723576,0.24469766537730908,0.2467465300355586,-0.2734380156657189,49,0.0,0.008673501466465675,1.1665324029902444,-0.1672420169423285,244.918585619245,1559.7567308723576,1056.044519940217,0.0,0.0,129.99561335354335,16.140384215202378,90.97550124169545,80.58024333405517,77.15218136395151,89.32604254805491,77.07767535074123,82.42689122753869,78.51045100180146,87.17007535337652,89.07700229078435,72.89275779515148,88.16623009327091,80.95236053620633,61.73710780358879
967,1170.539603769925,1559.7278735598006,0.6396880541597778,0.259334970857777,0.0952930011018648,49,0.0,0.049760901858853686,6.4769957345507985,-2.028434027619425,1170.539603769925,1559.7278735598006,1767.7142097780084,0.0,0.0,129.59413049360623,16.1410968141798,138.48480896894114,135.16849230501083,137.0168170462838,127.55203642903646,141.14749984459806,150.7111780430755,132.08204203454207,142.7656244386946,145.68741866473016,135.12138561529864,138.14882534186182,145.6363120872457,98.19176895868958
968,429.5936416841338,1561.1871563504599,0.5697482898000483,-0.2642600350913525,0.09223866138107602,49,0.0,1.62632328995931,236.31163052170442,-5.933712741946949,429.5936416841338,1561.1871563504599,34326.7957590725,0.0,0.0,129.91551648159896,16.141184758807277,2469.873565779878,2627.5925710133615,2691.299553682422,2671.1773514665706,2762.960122925814,2772.5798447604034,2683.868759297995,2728.7098464210967,2777.0889337953404,2654.281589518184,2679.7457591239418,2691.553175508524,2116.0646857789743
969,1842.4447414437163,1563.570704293584,0.7657290073291121,0.38724263224383143,-0.3771839129529185,49,0.0,0.011965080504729459,1.2703754088762598,-0.25983019591616835,1842.4447414437163,1563.570704293584,1013.7994152759621,0.0,0.0,129.3026809025585,16.142753382180302,58.25897176014172,89.46631120030577,69.15845463979073,62.75356312573078,82.81543650949604,85.01347633747318,87.41769301357348,88.80973216595876,73.42415121689726,81.5512094193028,84.63893810844667,93.28050406106448,57.21097371778036
970,1005.2785701195604,1565.9903680078999,0.594746205049184,-0.06949187845719351,0.18361662908374388,49,0.0,0.08130038296557981,11.496691704359472,-2.6514322136568644,1005.2785701195604,1565.9903680078999,2349.9350401292277,0.0,0.0,129.66581740748805,16.143631874332947,171.6232931443355,167.38928488814676,177.58097490328197,195.6728981283515,201.10163997527044,192.23475815518822,178.13863399216098,183.67659341586267,192.99787561468185,173.39392360935074,162.95347412226357,208.20906053783315,144.96262964250042
971,760.8866371763148,1566.1151720901946,0.370464785620829,0.4486587517053924,0.5604159466772898,49,0.0,0.008162236070200009,1.1734330581761596,-0.17364579769560956,760.8866371763148,1566.1151720901946,996.0551261497096,0.0,0.0,129.7718246242277,16.143530099069398,80.6156636859569,89.51427180645138,80.36498142683368,73.81909664793375,68.69694176014703,79.49055982882145,81.42900978597474,73.86483973837406,83.03104160383884,63.306827765707624,89.0663070385396,76.8510042190207,56.004580842109895
972,661.1621873879579,1567.692376971869,0.49648786534989864,0.2658953992133009,0.0455473290978793,49,0.0,0.01051788626624797,1.2384009743771462,-0.2321532126074832,661.1621873879579,1567.692376971869,1021.7413039390078,0.0,0.0,129.81508165953554,16.14410945509778,66.19633586067258,94.07565433385993,82.03517040106979,75.59533707114957,75.5868272789802,85.19220194279185,86.55196747936279,82.17427129739917,91.27934940950055,89.15223336896803,75.73527199290274,71.3680268233697,46.79865667898098
973,206.39715260826475,1571.0364500890335,0.46458270984570715,0.25802535875663685,0.6344977368691653,49,0.0,0.01585917651540488,1.7616412185017891,-0.6147936581882538,206.39715260826475,1571.0364500890335,1817.5293292892025,0.0,0.0,130.01233519684433,16.145037399250967,121.57314318245045,137.096519205584,147.49948112430724,136.499832425914,166.41239570303964,135.17063436181115,149.93471950961822,140.44410208738964,147.3507253679019,125.52894656421063,154.57060210874008,134.03634033457297,121.41188731366258
974,2334.8483559169276,1571.369068046499,0.4212170541622228,0.1087185674535958,-0.02467292265016443,49,0.0,0.008578992410871431,1.0121763366133794,-0.013140449606488214,2334.8483559169276,1571.369068046499,1027.8198196363364,0.0,0.0,129.08908922137067,16.145791845176124,78.245811010843,53.40587424789686,78.4972479747259,103.44609616198545,80.46043231544273,87.85030458458873,89.67428195329394,79.92286688106101,86.14455131992521,75.96880220664285,83.26829892462783,79.99358592386307,50.94166613143983
975,998.446734319505,1573.4662914136586,0.38669793338406,0.2327691799549374,0.08786802967414512,49,0.0,0.01603472306950999,2.5645165102461793,-1.0225137484495757,998.446734319505,1573.4662914136586,1482.5787219888507,0.0,0.0,129.6687849162663,16.14674322285586,130.44482517591467,123.37965280888957,128.96440804466317,127.25381521741704,110.26942598466371,105.08808180057787,124.21022233319931,115.85871651147778,110.07286522506479,108.27529765135705,102.1532562514647,116.5118809408134,80.09627404334765
976,346.1790234701774,1573.7829718477026,0.903575682300801,-0.19772739196419922,-0.020293886453115518,49,0.0,0.012561577698744842,1.0066627631290768,-0.007210010441099387,346.1790234701774,1573.7829718477026,1100.8744241597165,0.0,0.0,129.95171039467442,16.1463440823191,75.02510976782096,82.49817486309107,82.5569527218857,84.43965512424467,70.44384700022825,81.33912870511439,92.02861360033017,87.36387499192531,94.83888254326213,107.42979720267053,82.9044750222825,94.6278148748255,65.37809774203524
977,1830.354829013081,1574.272079618589,0.8703951423988484,0.03709184056686929,-0.1983108459520499,49,0.0,0.012877632289205646,1.0531370586502427,-0.056212238367369854,1830.354829013081,1574.272079618589,1092.432455157747,0.0,0.0,129.30792287169564,16.147214782891297,72.39481353924316,100.00581564512733,104.82287639965018,73.20717840355934,81.10483434704804,60.38070651225611,88.52867544035789,89.18038154584448,96.24311824830536,73.58567793483223,76.29927974136514,91.42254262654077,85.25655477361688
978,2117.571974465344,1576.1479541795975,0.6363556675047276,-0.1746568473847349,0.08345970963257883,49,0.0,0.08105746354983251,10.764020308771537,-2.5799362712194194,2117.571974465344,1576.1479541795975,2264.0619650039325,0.0,0.0,129.18333421732254,16.147902289251125,161.98756334351037,188.8183721336323,189.68540692251088,193.3185636749161,190.70221052603387,173.09872177743975,193.60642690926286,149.88975580084832,200.44834020883528,160.84102586463715,164.80436730889315,167.07081818101875,129.79039235239338
979,377.39251617925134,1577.515430825788,0.5557076333521187,-0.1392329837864116,0.12864862466533603,49,0.0,0.02610424596272953,3.4111494933959814,-1.3322518818769558,377.39251617925134,1577.515430825788,1366.7846339478692,0.0,0.0,129.93817600858327,16.14793312243649,109.65352149649057,95.3977297355346,106.16904030293946,106.01700303375816,110.22366257041725,118.1973057775941,99.94109949722022,89.75012710582673,122.22890884040737,111.6894407635152,98.31142723159704,107.91635895874191,91.28900863382663
980,1527.8130539332624,1580.0033127797226,0.7361194908340033,-0.3074073793344271,0.4120073387446224,49,0.0,0.011901386345704586,1.0404628166840977,-0.04306641079856237,1527.8130539332624,1580.0033127797226,1067.4730928484694,0.0,0.0,129.4391594666232,16.149623653878564,90.16097897882509,82.73641253292561,82.60914549613855,80.60042719003614,79.11809876918386,85.13543264578831,78.24109847851315,82.69580179355484,84.89729290161083,76.63613474615767,93.57281531428637,81.49345246423286,69.57600153721616
981,1692.6361494776336,1580.1750213549392,0.5956939163892667,-0.12879706533210086,0.06405891046210155,49,0.0,1.971244660811417,289.9279749859383,-6.155725305512899,1692.6361494776336,1580.1750213549392,35977.65992252334,0.0,0.0,129.36766177402708,16.149693792716167,2537.3655347794484,2735.0712809710067,2828.8908498618607,2814.1938454633287,2801.8689419959737,2917.529337850007,2876.5390679847906,2803.865401839635,2851.498486200776,2761.534925646675,2895.9464804831705,2875.7670984698334,2277.5886709768292
982,2186.605132809512,1579.9863927431309,0.8113099616918844,-0.3613639231707811,-0.08664649373728983,49,0.0,0.01760677549639321,1.7969236513495848,-0.6363240624135319,2186.605132809512,1579.9863927431309,1100.2897830602506,0.0,0.0,129.1533874201221,16.149468216393725,61.01133495199739,81.27572064473515,81.6152132263721,81.73821374325668,90.71684623950634,94.62398682461927,86.59690685052807,87.18366460180087,104.29217850452241,75.76617824257607,103.80106891137942,80.88729473777579,70.78117558118103
983,541.3128124869772,1581.3942473694315,0.36215837954831814,-0.25766186657409124,-0.3682400762359084,49,0.0,0.009595880516429862,1.2233805780393983,-0.2189039537744299,541.3128124869772,1581.3942473694315,1034.5346958385508,0.0,0.0,129.86707938452008,16.149713345538107,74.23548549086036,74.00538451284163,92.73370604453396,77.63943016463486,78.53294315739274,68.30118968354356,91.40963960563215,84.79902848772497,72.6577622781806,78.74915767084661,90.55223923446059,87.21949699773593,63.69923251016272
984,1390.5698052357084,1581.80565303425,0.41677178155558176,0.20297474448967331,0.06805901491734177,49,0.0,0.018864439729179852,2.9216046525506214,-1.1640536186328534,1390.5698052357084,1581.80565303425,1324.147536104932,0.0,0.0,129.49869371938757,16.15035761142798,97.76943709509345,116.8738040444831,98.30451466258609,116.23733103131002,107.31117316372699,119.32187507195968,95.70390749084274,97.0430082515072,83.73288581958012,98.50633424590715,99.71577374548866,114.00893660241215,79.61855488003468
985,754.9274533082302,1582.991207554987,0.6691575180336241,0.35733570136854753,0.19883419670160002,49,0.0,0.011509184194047466,1.1249526150963176,-0.12783557403934243,754.9274533082302,1582.991207554987,1024.3266386369157,0.0,0.0,129.7744224855713,16.150557232340482,73.38171676389956,80.50321806581152,72.80832756442788,78.09076960915263,87.77076262933083,79.30453321424375,65.05344647726247,92.70179560030275,88.07560245133061,79.42485524466474,79.26119637813488,83.14054859668514,64.80986604166895
986,1745.3861420298526,1583.3668959721338,0.5125375936190789,0.6831845313650755,-0.030472667590912886,49,0.0,0.011042585151606702,1.3383794573960206,-0.31644815519662756,1745.3861420298526,1583.3668959721338,1118.5926141305579,0.0,0.0,129.34477923787563,16.151018254389967,77.33081684218035,100.13928526851431,78.83747261529419,87.15684626932881,75.09028475094092,82.48377760289195,89.41483154318136,94.6412213436071,70.46402572992278,87.3852056511492,102.47645741863538,93.75701481115371,79.4153742837578
987,1200.808794579854,1585.1379634970242,0.6283013467786519,-0.0385908299439416,0.18254410381569747,49,0.0,0.21819070774504185,30.885375456846212,-3.7243822129737736,1200.808794579854,1585.1379634970242,4456.794672827579,0.0,0.0,129.5810101631072,16.15169531390519,318.34054939541966,353.38170105072766,339.08303676821663,352.8915153234935,378.9254878120875,317.16049813767074,339.4581814324636,383.63558707931827,360.95809406655275,313.65892726767504,377.6964443294162,349.12474171360293,272.47990845093466
988,2370.535336854736,1585.5657754231436,0.4447690283837063,0.2621596592792865,0.09320236126962475,49,0.0,0.021174629270710118,2.941803580293906,-1.1715341804602206,2370.535336854736,1585.5657754231436,1418.72492412067,0.0,0.0,129.07359955855014,16.151683492517197,97.72743911087528,124.12449794960193,111.61036273503957,109.05783263026333,123.7156620311401,125.76915280738427,105.5346325125683,108.62785917956592,102.04483204485813,124.09821729075608,102.1502780828725,105.26769076557895,78.9964669801656
989,188.64085487240786,1587.1819266268637,0.48263940914069686,-0.09730920186780312,0.06708943668865283,49,0.0,0.2953302607796662,42.548075752465444,-4.0721998094661505,188.64085487240786,1587.1819266268637,9324.239400557863,0.0,0.0,130.02005741858903,16.151742447103373,652.7422942414495,768.701108067923,742.0138187035072,750.820923492729,751.0552808887716,750.9244435186673,759.0324855132657,787.2521453066352,705.7073432014383,697.0219870438511,717.4133742054402,684.6678213435832,556.8863750306018
990,1292.5285116154591,1586.8791734440056,0.520344145222539,0.09359772883118904,0.005895523981481561,49,0.0,0.019745150970220525,2.7347100705049607,-1.0922782247958907,1292.5285116154591,1586.8791734440056,1290.8150572632649,0.0,0.0,129.5412239273797,16.152449295361475,85.40784093706134,96.48619674489171,108.85073274587722,107.95134197743508,96.98755862168079,104.79356208924983,99.44267994283234,109.22751817133191,102.12988639415559,97.69469334023424,110.0006258943601,100.48105294052897,71.36136746362598
991,460.6713608818824,1588.3718610860137,0.30914317641004163,-0.09706124407944004,0.26850735604310594,49,0.0,0.039469934965961614,7.552672105312398,-2.19525157618599,460.6713608818824,1588.3718610860137,1885.2941905306513,0.0,0.0,129.90206533441264,16.152542782621428,120.97095540437007,141.46831693746515,143.22112110615507,152.39504425508147,145.66841808313478,142.77596841814176,150.01573340169077,151.71448088405117,155.92102086209889,138.7749613877221,160.78320939255389,156.470609542884,125.11435085530238
992,416.3290590997482,1590.4048371380454,0.3085421983488541,-0.01019141934062823,0.022274672641318022,49,0.0,0.036991187668633595,5.522088970701537,-1.8552584990456205,416.3290590997482,1590.4048371380454,2190.0597381283005,0.0,0.0,129.92130138369717,16.153344606217118,165.64719860421684,212.0733761036508,192.5805203624505,155.61409074348938,161.86380489080148,179.23514777994484,169.69646260574916,149.48810372866834,184.36926117920356,161.5648370693439,160.9694861768316,165.62100243550628,131.33644644844387
993,1501.2287171191856,1590.1957014409,0.5815261327348764,0.10167861186388515,0.1660306137028321,49,0.0,0.022796856739239608,2.7520003665385127,-1.0991212185177348,1501.2287171191856,1590.1957014409,1957.6846567393513,0.0,0.0,129.4506922570886,16.15386847568713,139.5408503550622,133.57507408022184,147.98770592395707,153.77412081874698,156.15748127253286,160.0656661055134,155.89212311539177,170.64519917154882,151.29967536564445,146.94373617269002,164.12547422994743,169.67766895209098,107.99988117600367
994,1710.2299393671556,1590.0618769316322,0.5535900026203137,0.3623545001274452,0.6255605107454564,49,0.0,0.017439221294435918,1.8499606191094167,-0.6679062087298184,1710.2299393671556,1590.0618769316322,1618.3440583524662,0.0,0.0,129.36002887257112,16.153811756251116,117.8419710305678,124.29090371099822,136.43071192522896,125.1952587172625,127.34566286944539,113.91625143820889,110.67484861277404,122.12858092527773,141.08363929644986,136.17857841813557,147.37099242444194,108.54281240806515,107.34384657560997
995,911.0755054426866,1591.9818199947124,0.6647502846992578,-0.08834723481617882,0.15020270604040106,49,0.0,0.32841128233150446,45.66720249188405,-4.149011020393136,911.0755054426866,1591.9818199947124,5701.691468043122,0.0,0.0,129.70669542974144,16.15440842779715,448.62603694136567,433.11388275474764,454.4360170819357,427.05594191288674,453.9595460132498,454.1906692841711,425.0863338249896,477.729262511976,479.17575652894016,422.70136698540506,420.9426473849452,442.09034863071577,362.5836581877931
996,2099.0317554339595,1594.0090195423277,0.7415781896338187,0.30986608293391504,0.48383252106609803,49,0.0,0.010678090632085774,1.0554193282368176,-0.05856260822445063,2099.0317554339595,1594.0090195423277,1081.9393447285343,0.0,0.0,129.1913683527697,16.15535260648046,81.33313863410807,84.42814342735194,84.48688002930655,80.47874060783724,89.94052368458125,78.25837416314747,81.90252895783678,94.36944384130473,81.65359830127865,75.2761673984052,85.93594113760878,101.13201328924728,62.74385125652046
997,2189.3534865467805,1593.1630770397412,0.42034435624546473,-0.3129414928895617,0.31595600621660647,49,0.0,0.017446740525409423,2.1844118525986667,-0.848336310869431,2189.3534865467805,1593.1630770397412,2486.179014085018,0.0,0.0,129.1521881592472,16.154957030228488,180.93632484259743,207.38540001902192,203.86021187070983,207.64561996345014,186.3512599055625,205.57195680780526,179.37785350741078,202.0464972305906,176.76266537966814,175.69855120634261,207.79967088625784,183.00472969829028,169.7382727673109
998,1845.4840287143338,1593.2616457496242,0.6913264788750703,0.12690864377919647,0.4066806864860433,49,0.0,0.011880194123265169,1.1985111921999374,-0.19660523503135183,1845.4840287143338,1593.2616457496242,1093.2807446339284,0.0,0.0,129.3013559094416,16.155123937168526,74.84100254371657,68.65768804911306,75.57639163638316,83.54772790782229,85.1121625554128,99.69668033458566,91.09726846373377,105.59395906127952,77.80742420309038,102.47602873825443,92.35871614595357,67.70557889528799,68.8101160992951
999,2783.8008978913754,1596.236817435268,0.5606593392374328,0.14782400963778666,-0.23837332227609964,49,0.0,0.12006290043377815,15.16073714911229,-2.951800795457884,2783.8008978913754,1596.236817435268,4137.28654450425,0.0,0.0,128.89432771120383,16.155775404306038,304.59747161794667,332.8640182073139,316.90419487765297,309.8755484517917,328.30779758424313,339.93983678960365,321.02799845878076,317.82948080162464,319.84831236102315,312.55942371613344,347.27244223703633,352.8951712187227,233.36484818237727
1000,1498.4019148269867,1597.2806790717154,0.5421292668512733,-0.6889909937226847,-0.1706836004544671,49,0.0,0.038394575734447337,5.106676174477857,-1.7703457979106934,1498.4019148269867,1597.2806790717154,2096.6040958919402,0.0,0.0,129.45191916660426,16.15682029900987,154.3924438032755,145.5204194689636,162.76355316162824,149.2406077134163,169.72832612318734,156.15301212468867,162.67495401688404,176.83599989621612,174.59737514479207,162.43373228048455,170.45243437394694,195.71758861287356,116.09364917158364
1001,1810.9090928640271,1596.1651905603487,0.6979043496757308,-0.38201436674750183,-0.1244046361444707,49,0.0,0.01289849530137484,1.2514016079028134,-0.24349177164704905,1810.9090928640271,1596.1651905603487,1094.143973195691,0.0,0.0,129.31635379320247,16.156340656106785,75.96416868520153,81.24677502350536,84.59037352431335,87.58801506480155,84.02191449376929,94.14285881367167,96.56699365467601,95.81438861263197,72.35075621959092,86.88658858053323,81.44897419080276,81.50342225125802,72.01874408093536
1002,2664.983576033576,1597.130260653338,0.530573417705304,0.08296059039820589,0.10764125745715106,49,0.0,0.06487893638039995,10.007471768133474,-2.5008109339997793,2664.983576033576,1597.130260653338,1977.401975728488,0.0,0.0,128.94586597042388,16.15626487043046,137.83360842747447,161.54802678628624,134.80484162958192,159.18925054178584,161.25066230593526,165.39438312815417,145.43623628250356,151.03382009949766,180.8221376304756,143.80836666253083,161.22710897164512,167.42742271868417,107.62611054393312
1003,1611.3431306666005,1597.7526145914999,0.3310096990523657,0.3431478430668638,-0.09835150678422012,49,0.0,0.008180451270924741,1.239413258315412,-0.23304034398958254,1611.3431306666005,1597.7526145914999,1073.1393538321836,0.0,0.0,129.40292524959625,16.157021462541618,84.63904817904239,100.35647329463265,84.30294899304985,87.36276243755496,73.333050117755,84.91983083180222,66.58822121620088,77.63121337780711,88.95727021894503,82.91202714886803,77.14037057394452,91.10202168286108,73.89411575971977
1004,2192.8036855280398,1600.2846604404606,0.6184656397522758,-0.07243715631958174,0.08097521373944985,49,0.0,0.10175532431577815,13.95462223063649,-2.861795210200162,2192.8036855280398,1600.2846604404606,2978.679762270226,0.0,0.0,129.150687649808,16.157922538346266,217.8227120019197,264.74581144217393,221.5910614281357,223.13040990587825,238.23908051692496,249.40579211624865,243.94806843545973,233.08017384007218,206.0224757427549,218.8536418164155,230.32567563560428,226.2032248663264,205.31163452231138
1005,1758.661368975885,1601.4078375295903,0.4069774141625666,-0.14798765103574074,0.25805056288391115,49,0.0,0.04976062026496282,8.098557949878794,-2.2710192354173104,1758.661368975885,1601.4078375295903,2132.933487279997,0.0,0.0,129.33901801029708,16.158533542820074,175.965786003421,167.2592682854725,160.78663036394136,180.38961200678102,184.16430663100346,183.74783624735352,151.831590935625,165.80271202830687,162.01623879210726,174.99124789144986,163.1336157257527,131.23589688719932,131.60874548158307
1006,2914.966088335972,1602.3611175013095,0.44071553958238663,0.046099291530987734,-0.3985896344923749,49,0.0,0.11502027834035587,15.065037547646403,-2.944925546083068,2914.966088335972,1602.3611175013095,5561.482676487771,0.0,659.2277559702636,128.83742608563057,16.158183292114746,394.2135442468184,420.1215897195054,485.62234609310724,449.4390017202326,466.7193856627274,420.6877750684221,473.0099202400449,459.99168529212875,408.90376713752266,370.35501507612605,449.66257115002315,424.6928636461596,338.06321143495154
1007,1630.3792825387072,1603.3891648020265,0.4184719793131866,0.21499776039323432,-0.013753945383446427,49,0.0,0.009999828317044174,1.3073819994731093,-0.2910062528533984,1630.3792825387072,1603.3891648020265,1058.7761027109173,0.0,0.0,129.3946672013131,16.15936968481241,69.80300934446437,88.06503630602177,86.15365476109076,81.86876997276602,83.22872565842388,86.56653372633072,89.37070667000503,89.31439262257065,72.41520447899916,73.64086528748064,77.57438010959272,97.586038310763,63.18878546240851
1008,1722.5800216922678,1604.0508160565128,0.4935584400228846,-0.30248651568141927,0.18353457998557748,49,0.0,0.013783153242239466,1.5643806161685359,-0.4858560652099533,1722.5800216922678,1604.0508160565128,1264.9273648765923,0.0,0.0,129.3546699291695,16.15963922205614,95.80170195821859,105.37901353534016,98.4631008902493,102.33045774990043,92.33468017367053,93.91509048450015,71.48914713358502,108.8449035969696,107.4821023149069,119.35943182425005,95.63252365283563,91.24716069311688,82.64805086904894
1009,2502.2459886161296,1604.7618704712743,0.5591203396387521,0.24457901772827056,0.08486255243289438,49,0.0,0.009943570137234788,1.1394703505510253,-0.14175757289233165,2502.2459886161296,1604.7618704712743,1048.9690886074602,0.0,0.0,129.01645133492312,16.15958506832351,74.15411861456424,76.35279377941322,87.77899663381442,79.9030341082957,93.13258883424876,78.50121567087916,91.73745346028198,79.94797039637564,68.50319039043785,75.50394753272428,89.04216813483217,90.62456856914771,63.7870424824452
1010,1176.6933783007037,1606.4582390079731,0.7686867032435499,-0.09902834498895943,0.1045161227195023,49,0.0,0.014762009648195197,1.49035820568532,-0.43322665770163815,1176.6933783007037,1606.4582390079731,1106.5401770199069,0.0,0.0,129.59147932462247,16.16057000270873,72.1993284863727,77.49688222185617,85.11197082205024,88.73246146272282,86.91234258788622,82.10711235703704,102.15411043606059,88.14762651040732,85.61290132585151,96.68419524009688,80.68448772826856,87.66786943914701,73.0288884021499
1011,1330.8026230876737,1605.7238847956555,0.5778898809228393,0.16510615693479228,0.1299552608764116,49,0.0,0.014352272146661236,1.5490949826394171,-0.4751951182707005,1330.8026230876737,1605.7238847956555,1176.1747237415825,0.0,0.0,129.52462569917336,16.1603109437028,95.27670902155837,75.56064748146031,82.98533988653828,79.41299226240736,92.46108396848565,86.62806631336167,99.0803918539877,105.18149021391065,87.5026884423435,103.43619704750253,93.5046675042885,92.53098985538077,82.61345989035708
1012,2098.9810444579716,1605.6458778810238,0.4682172429628933,-0.20895584499556388,-0.026616564240013036,49,0.0,0.016817550019455396,2.3246520007125326,-0.9158948710412274,2098.9810444579716,1605.6458778810238,1252.2824171791199,0.0,0.0,129.19138504876733,16.16020128510877,82.8103819539916,85.44304757108381,85.51522605722896,92.23579790477862,95.41233139582573,100.19983249455248,96.50021552702185,114.45907948321702,103.35733590045777,113.63104845083491,90.81466343968577,102.21619866039131,89.68725834004998
1013,2314.0016716734317,1607.8166967507266,0.8580382689567083,0.16160102959676434,-0.026104654728615628,49,0.0,0.018140356966464464,1.5949320417612534,-0.5068554574847941,2314.0016716734317,1607.8166967507266,1220.9389656922508,0.0,0.0,129.0981079837137,16.160991373410035,83.80335877848896,103.09314407615224,99.37807028898311,105.21455371159621,78.65648227027222,87.22961207526038,102.6150296031478,102.59629002689991,110.36156595325764,96.17989335158431,79.49991623967246,86.25354063137308,86.05750868556257
1014,2395.9236860665806,1609.3555505254126,0.5799897762750035,-0.1350900078953397,0.08403294209907226,49,0.0,0.32030554888855833,48.17441650392697,-4.207041157791513,2395.9236860665806,1609.3555505254126,6371.030340404237,0.0,0.0,129.06256945112224,16.161578280725447,484.79973201225005,518.4555989926463,463.22987846194644,469.01782472815785,508.51825759495046,513.689122776781,490.39360759424994,536.5220190128312,522.6819862776421,465.61446117382127,501.0318098576246,524.0336787349795,373.04236318635606
1015,2657.3593539330604,1609.3282488070586,0.42922178594124677,-0.06995589331493873,-0.09582240457654172,49,0.0,0.013697888108993415,1.6777242390943472,-0.5618014477253451,2657.3593539330604,1609.3282488070586,1154.310921081717,0.0,0.0,128.9491613624637,16.161354301062065,82.25213635489445,93.00343445792392,100.27817138033276,113.13284213592001,100.49537345289706,75.27621489264342,93.11942953477038,94.46784217435282,90.8885251484435,80.89737567412429,85.47587433506163,79.68433047831894,65.33937106203362
1016,1406.3725093959424,1610.1557491652495,0.5445343642310783,0.056944224950717964,0.0889583549428805,49,0.0,0.015365841834970487,1.6730365937838125,-0.5587636006196368,1406.3725093959424,1610.1557491652495,1220.9025224366424,0.0,0.0,129.49184377312525,16.162172940091313,78.01038740244968,94.15119655732059,84.62717553053946,105.00260350670058,101.01253171086306,95.03937765085487,81.27460275151782,97.02952827701301,103.16599607027229,100.237318509398,104.33062794739519,101.47853138820687,75.5426451341111
1017,231.90272987023008,1611.8468392693633,0.4972853559326942,0.07405699773379346,0.04826167954893899,49,0.0,0.09142196630445333,12.845316843494002,-2.771862052682244,231.90272987023008,1611.8468392693633,3511.0151863994047,0.0,0.0,130.0013237380767,16.162071716539778,250.0077760385547,276.7922470741857,254.78630254504895,255.2960155417145,292.35839405788306,290.6821038093582,265.88814862401387,288.0662658724403,273.6657803165947,269.3635659737861,283.2948849916395,296.59273958317726,214.22096197100768
1018,3029.311759175342,1613.3743932114005,0.8950798870647988,0.18173102013378545,-0.238858120411512,49,0.0,0.055545312154785205,5.641628262457835,-1.8785111656959794,3029.311759175342,1613.3743932114005,3799.142937340914,0.0,1296.4812009686918,128.78781335111506,16.162634208439908,27.666063732010638,79.83593059458131,101.12275715530177,240.2049070006658,340.04121844596466,309.67966579968333,271.47787231784105,753.843991990031,322.83018184187404,400.7300268927373,425.259438132286,220.6129147423528,305.8379686955846
1019,238.05608828759065,1614.4176857869488,0.8158383222177839,-0.730938385382623,-0.404082905246136,49,0.0,0.014143108207467088,1.0441698494066167,-0.04692787180994667,238.05608828759065,1614.4176857869488,3129.739380881207,0.0,0.0,129.99865781474156,16.163150223525367,228.42791437479082,246.7914377357635,242.1680354599725,235.5102525205142,248.06676572310943,266.7062196992967,238.77663809615132,255.62397696328162,253.71832468719907,230.70336280501624,240.49644538397757,258.556068807966,184.1939386241682
1020,2073.205022750216,1614.9447494530996,0.6440500459451106,0.20499893193657936,0.3133651081571999,49,0.0,0.015982100815177046,1.9187699056292582,-0.7075572457145272,2073.205022750216,1614.9447494530996,1118.1445901234715,0.0,0.0,129.2025627200026,16.164086780077554,83.23516301142585,90.3875338798699,85.05372956276449,88.01374347547136,100.57956710065697,91.07971998815226,94.08743175187254,92.67692585824683,82.53689024633363,80.6204537029618,84.63753986351976,74.97498957232213,70.26090210987378
1021,3023.449980575551,1617.5292698845742,0.2613358198149695,0.03337323151480982,-0.11467013675572536,49,0.0,0.028436794664493798,2.528565519021301,-1.0071855283807292,3023.449980575551,1617.5292698845742,6014.262807155303,0.0,3410.35389613314,128.7903505780515,16.16437264577575,105.51069714476932,331.60173172368377,375.81099778151963,508.8699018668159,585.1196685890937,525.94623507201,535.0456730776976,536.6331714337451,520.6413182447757,589.1387296599755,596.9153018166305,427.98747509165935,375.04190565292606
1022,2561.2725651033775,1616.617723652936,0.6135211287369309,-0.14649157401623306,0.0795289473615813,49,0.0,0.05545838901362075,7.560272534814798,-2.196343628380273,2561.2725651033775,1616.617723652936,1771.2268018633422,0.0,0.0,128.99083605303355,16.16447661567622,139.7640893409922,128.4122684144208,135.48599799540705,148.98643748400838,122.36943751025899,133.41009328363532,133.96203068542715,145.47183882793942,140.72383819952273,153.25200844938118,135.10430606281614,149.7434562354216,104.54099937411117
1023,2931.3974911203095,1618.2084931577517,0.3712683668639891,-0.20550534706029452,-0.09627054407406586,49,0.0,0.012566029786112118,1.0505778786608146,-0.05357062976308459,2931.3974911203095,1618.2084931577517,2136.871998246945,0.0,1242.204272873695,128.8302795015965,16.164766951466355,233.31774323944026,203.08166289607198,178.96980588325232,165.52269721872625,175.53287152799263,165.37186244040197,169.5603126047722,143.6488242423803,140.72402397209578,146.9850960716258,148.0654968221766,148.79192367287186,117.29967765513713
1024,1155.4491681393679,1620.0199939870436,0.586694481305212,0.128772781171902,-0.08150150907737075,49,0.0,0.010455852591092168,1.1839211121359927,-0.1833069128392137,1155.4491681393679,1620.0199939870436,1215.725162790595,0.0,0.0,129.60070066257515,16.16621259819712,84.71700836260229,107.01375859739969,99.73867710008737,86.64050072448879,89.10832429922851,89.51365178728878,95.25406016491054,90.17183214312703,110.58812448474053,89.26788066384228,100.25606181390435,98.44302779563154,75.01225485334336
1025,1900.8153269511372,1620.3172614326497,0.5268682283869872,0.07256844132801045,0.07898480624947515,49,0.0,0.0337911875855812,4.949520952729974,-1.7364079177108274,1900.8153269511372,1620.3172614326497,1527.2594970974465,0.0,0.0,129.27734606066213,16.16638383946398,115.4843349638953,112.57828207448202,108.00441851173696,115.30496483473985,112.89850038108474,114.97339172156687,96.3291449482069,131.10091099726458,121.64170092060668,140.45958637512956,124.1662687471625,128.89407523767107,105.42391738389918
1026,1333.9594453861957,1620.4681600734393,0.46650459894115887,-0.48427475218032007,-0.09566315059876433,49,0.0,0.01437270302070315,1.7979042210859293,-0.636916380114531,1333.9594453861957,1620.4681600734393,1271.5115408912557,0.0,0.0,129.5232598425975,16.16645512234641,92.68119264903521,97.54409613678487,93.84546373364995,91.09346570140282,98.53840160526693,105.16029277371705,102.40774885354192,92.9805013906365,107.60812530398387,107.83293856624661,102.19805536079247,87.49794605331883,92.12331276287856
1027,1425.39140045833,1620.5851562126854,0.36704386630294483,-0.18461058201057987,0.05743203657086084,49,0.0,0.009053625278710672,1.2640385992879108,-0.25440083993275486,1425.39140045833,1620.5851562126854,1109.3954477860889,0.0,0.0,129.48359483621132,16.1665216058788,70.71170545028406,88.3017436963041,99.53226122694872,95.33752308747836,77.02830007904467,72.18149593522206,88.14652179531812,95.0557558059038,84.56090869742158,98.17580451381423,107.1878190811969,90.22869614582687,42.94691227132532
1028,1852.248799180049,1621.1240855568365,0.6500739058539172,0.01479963704779296,0.0638822952474539,49,0.0,0.062486678420080544,8.258879560158544,-2.292302832027869,1852.248799180049,1621.1240855568365,2107.073737925317,0.0,0.0,129.29841497447237,16.16673179119558,142.71628929979772,178.8774315914589,163.74718802522,172.64143483029483,140.1001681787635,159.9652525622896,185.97459754374486,151.3541788088109,159.77271659799953,151.3761108248974,183.9300551629072,182.2177411082838,134.40057339084825
1029,1148.0540720439233,1621.5661546140766,0.4748039969643182,-0.12124558717483037,0.2743180914916963,49,0.0,0.014817784955698644,2.062277072097288,-0.7858675335510935,1148.0540720439233,1621.5661546140766,1269.3486114191064,0.0,0.0,129.60390941281497,16.166853913079347,74.60802459248903,104.1735336662409,110.6860140296541,109.10130043693697,101.62163369991092,98.12193556829108,90.41535599394348,86.79712377122044,111.75269499922656,82.13305481921017,107.56507145423743,103.12044640773988,89.25242198000558
1030,2030.1266885854968,1623.3849794724758,0.7361400526692132,-0.2774291345273188,0.014473725598838418,49,0.0,0.027850932125927378,2.79362523605326,-1.1154203630436907,2030.1266885854968,1623.3849794724758,1488.3844865250137,0.0,0.0,129.22124727232045,16.167620593177755,101.61571219412818,150.09787936762382,92.58043345170239,114.0264536616713,115.2267718513528,115.51100021242597,116.01925949243588,126.58938278677482,108.52671663354175,120.2218188363903,115.38263725387483,128.46867591992446,84.11774486316702
1031,1093.8700084985915,1623.686114589746,0.5085890645917723,0.5947424315078425,0.24787667745488792,49,0.0,0.015595999725312212,2.119654609923547,-0.8156627499342544,1093.8700084985915,1623.686114589746,1098.0606601590782,0.0,0.0,129.62741634437128,16.16771439922988,96.9105273268931,96.5735750704537,92.10832055553765,80.04124469506826,96.84782266720312,82.95206633107242,85.59087332590576,66.2130398097226,112.13957602939311,77.03278748589813,80.13867088274156,72.01534508166196,59.4968108975268
1032,1864.4396363335832,1624.4032855152939,0.5730719192479506,-0.09878881513411043,0.04878792128649179,49,0.0,0.0166036874444525,2.0205438969088645,-0.7636707251404353,1864.4396363335832,1624.4032855152939,1264.8286145331986,0.0,0.0,129.29312555026556,16.168095360607534,81.47055925387959,112.75226138895317,91.16866573918827,125.43975176328168,89.58790733977125,100.70163264019655,105.57392209343172,110.72271934823182,90.08666828481333,102.96366834492595,89.18477588647684,93.31104035972541,71.86504209032293
1033,1846.84159052701,1625.1302124223855,0.8605560600826624,0.5350391893432999,0.27925887305522895,49,0.0,0.019203283376761304,1.816880543551193,-0.6483159355210637,1846.84159052701,1625.1302124223855,1968.0376210665524,0.0,0.0,129.30075983001564,16.168402190676726,144.83478945989697,171.20134487411735,174.2191436200281,153.80753688081506,138.32812792334266,146.4135419452395,164.28270635738394,136.65122759934167,147.08672829219034,133.47689127563075,165.28046725891693,166.54874004723789,125.90637553241146
1034,492.6924778306613,1628.018546579466,0.20186387536630418,0.2998303430131138,0.4060568370155224,49,0.0,0.008718934589812159,1.3904889648943572,-0.35791886648749227,492.6924778306613,1628.018546579466,1025.388183418473,0.0,0.0,129.8882159775255,16.169093232862252,71.51050895390607,72.7150812750522,83.4060076894724,89.0494312856425,73.14068734944881,74.53156723607665,78.43672238149826,73.00955832723994,71.19479391627954,87.97089165057788,79.9099073435632,95.14893903533482,75.36408697438088
1035,2098.6342114125464,1629.5511195596512,0.4463887127619474,0.6503007005493797,0.49043731160859705,49,0.0,0.009714937995828432,1.1297267786060001,-0.1324335580642553,2098.6342114125464,1629.5511195596512,1108.0872967115638,0.0,0.0,129.1915246206108,16.170161883204273,94.56781076111048,77.83381371833175,94.84210590442177,82.38511687709912,88.92147557826749,85.51453477712093,110.64582797144203,80.40772865189476,91.65601314666118,85.278218574162,83.34725852378044,76.74105664152782,55.946335585744116
1036,2611.2574798854826,1630.1583275685618,0.5880366221641395,-0.30928977389573364,0.16382329981899188,49,0.0,0.01229034450587887,1.3922718237010627,-0.35931008532828995,2611.2574798854826,1630.1583275685618,997.7026709311095,0.0,0.0,128.96914040195028,16.17007509485895,57.797609282516035,76.79861219837207,78.04325396097236,86.8978856124366,85.87387713165353,71.21427122278048,72.97265370823581,86.34788132511525,72.88360719999173,77.49245781839579,85.08521372770136,82.6406821820337,63.6546655609048
1037,2996.063250778037,1632.0192429424712,0.24498417400573716,-0.3275079720856794,0.5227393492150341,49,0.0,0.007024908761526056,1.2545695235573178,-0.2462368332391261,2996.063250778037,1632.0192429424712,1752.845027359258,0.0,977.5183927829694,128.8022116179754,16.17044369092448,134.29190992413393,146.01197711953466,169.3631558887709,162.44468495168672,188.80331989764636,92.01057232387376,131.10058542015472,133.0762779732636,196.80973699713977,70.55537378098335,101.14336202569395,113.38399290274651,113.85007815362971
1038,1462.381145737574,1632.0501993108312,0.8369081085531919,-0.3290243839049335,-0.3872475545262452,49,0.0,0.013692868148476199,1.2657983094356404,-0.2559112782687737,1462.381145737574,1632.0501993108312,1073.0738677741,0.0,0.0,129.46754935987224,16.171303793050452,69.10688528822749,88.62792071473075,60.464915089853584,94.44129010057992,85.57117922360902,87.7155228863147,86.6714533092132,76.58398356936355,103.3074242352167,89.62419740908364,82.1855418008753,77.92622331935384,70.8473308276784
1039,2013.652912683296,1634.3747146151973,0.5526874104386322,-0.01759754205672618,-0.018366895824221272,49,0.0,0.020716009167741495,2.692653061082008,-1.075450999232349,2013.652912683296,1634.3747146151973,1501.6923120773713,0.0,0.0,129.22838976924396,16.17220572502724,103.50647525626044,99.47444805937718,91.00121877410386,104.30990806052115,132.7845814893572,131.83626503459274,143.75487469733082,122.67469271182284,128.5905757451221,106.26661772462585,107.87474633423864,129.3287570790228,100.28915111099553
1040,1957.0406149479966,1636.6576909172793,0.7621587842637693,-0.44567812498384385,-0.03822812939997397,49,0.0,0.01260716028738048,1.104223920019255,-0.10764287679804341,1957.0406149479966,1636.6576909172793,1110.967565371395,0.0,0.0,129.25294916143528,16.173176106373347,74.37224199468847,78.11341397423999,89.31049361958004,87.68755016688368,101.85239208953061,93.17474875404062,85.51104356999716,81.61732259721524,80.99813202741916,86.82567901704701,87.0069920730847,92.65423455233699,71.84332093533146
1041,1973.5028304907173,1637.2861028516666,0.44409171759447086,-0.34811523759736074,0.13853274228493606,49,0.0,0.008975451944838168,1.0879292709764858,-0.09150165425305197,1973.5028304907173,1637.2861028516666,1019.4945217190498,0.0,0.0,129.2458070968331,16.17343266660591,83.39418406093009,81.62849544302159,69.36664206647069,78.55108934971763,71.78750283094978,89.37850301613737,63.70453249370422,91.03010329817857,69.02727682280911,68.31861582258986,88.90816599714253,98.8135668411237,65.58584367627454
1042,2232.757677923922,1637.603085926343,0.7635960807212318,0.12621824837024476,0.05140505546314912,49,0.0,0.08411510949534118,10.146632875149972,-2.5158048676060996,2232.757677923922,1637.603085926343,2048.8262742136076,0.0,0.0,129.1333342955342,16.173450227877,144.50216642522378,172.85546628161575,162.74235348505493,163.01583731805428,151.4290363012529,158.50021622694112,144.3489251308768,144.47298675417028,177.07801639969296,167.64819782521812,191.34473240380953,156.6226450950681,114.26569456662884
1043,2262.505169844402,1638.1890177150387,0.882034782984883,-0.48023898087535755,-0.4841428833847526,49,0.0,0.01296608576878865,1.0433391576174438,-0.04606376804313934,2262.505169844402,1638.1890177150387,1089.822663853636,0.0,0.0,129.12042868668792,16.173677446073857,78.78642215730078,80.82433441669068,88.03658562182294,85.35168341703735,84.45919450012875,80.0121054430548,73.74624838951294,104.08430231844804,74.14072502813339,87.9888408644691,84.71804805661458,100.39100254168068,67.28317109874189
1044,73.3344863165125,1638.9904415351086,0.7517452457623313,0.22864465465891742,0.3885165285869894,49,0.0,0.023120640529405954,2.2305178716891954,-0.8710142682770918,73.3344863165125,1638.9904415351086,1185.3284029298165,0.0,1039.9271283908752,130.07014239757655,16.173179206288154,113.41308116910946,82.30346810946747,112.18439089773474,88.5569484604617,88.34416806438568,126.28818678461683,91.8075172643104,73.71982814741929,79.7611598706097,77.53912202501238,108.04364519712382,96.15110111571235,47.21578582385264
1045,827.9691817541428,1639.2288778280183,0.40471181347155116,0.09891342799136991,-0.21617170023340335,49,0.0,0.01231505922727804,1.6605344835710842,-0.5506197470644607,827.9691817541428,1639.2288778280183,1171.7832644669827,0.0,0.0,129.74277882396333,16.17404104660962,71.50201615033447,89.92817481624704,73.83165531712811,82.72644576364497,107.82383760891253,105.49680285002675,102.29908893890499,92.4470726378589,85.49243781895325,92.88848230082698,88.24204736265267,108.6328169813699,70.47238592012208
1046,2014.0040844787616,1640.0451666883034,0.30682921215291564,0.03788867126306335,0.10904681262639689,49,0.0,0.009043773276991107,1.229999292932811,-0.2247621544613672,2014.0040844787616,1640.0451666883034,1456.2957744989221,0.0,0.0,129.22823527695084,16.174568274097602,99.43001516693198,104.53230875498267,102.52724730018147,100.16311671779607,117.81474873109585,119.9026574603388,124.9241442698085,123.91590835361953,113.41530615417483,113.68395521161946,112.68788753124537,132.18973933709765,91.10873951003012
1047,2871.616392487716,1641.9674730315242,0.8375593558421321,-0.5633596964639445,-0.6766509226394073,49,0.0,0.01711103533631197,1.3978774760911787,-0.36367276795651465,2871.616392487716,1641.9674730315242,1257.048458499743,0.0,0.0,128.85618357554506,16.174734371945497,103.26089688379813,104.57060724969293,104.53492344253912,100.42968202304385,89.10606678263231,102.34161876567191,90.26770320883988,104.55090962700508,95.19537933249438,94.88967955761365,95.97077626532474,98.66580346931543,73.26441189177174
1048,927.0277702631768,1643.7981267003913,0.9091602114270465,0.23595026229207783,0.3189341053690403,49,0.0,0.01601048248100722,1.3193480411049359,-0.3008984414678274,927.0277702631768,1643.7981267003913,1071.8118352704937,0.0,0.0,129.6998074939088,16.176007815330454,68.60243081472638,78.49249818230196,76.059708622833,72.61223376051225,96.40623737893465,68.60090095678015,86.348125378856,82.36517572524855,93.04890513869796,84.94904799805134,85.1291373686486,117.24314325160914,61.95429069329384
1049,1291.242218742984,1644.967673819508,0.21474320487708598,-0.39046866892175647,-0.22449477736468176,49,0.0,0.006190115283219187,1.0396343664656396,-0.04220156808749536,1291.242218742984,1644.967673819508,964.2779433184892,0.0,0.0,129.54179832709482,16.17665242179571,63.095336496624235,80.65758213126001,79.35294953217999,68.4226850020924,69.12981901292386,76.37135066353338,86.19377501251488,74.99526852488668,77.4475123210199,70.43804791967881,89.29651594041854,62.68400377575231,66.1930969856041
1050,1808.4315810713315,1647.3123715425077,0.28615591440173904,0.0360624241822714,0.5569679069357422,49,0.0,0.009183141190321925,1.271846483881493,-0.2610867342033395,1808.4315810713315,1647.3123715425077,1126.8050482587641,0.0,0.0,129.31741881142034,16.17765240925572,88.13444848684725,99.74706308379444,82.43176942764252,86.04583553911252,71.97686261830778,105.02627014642454,104.65940001805266,86.68021332588201,83.13547972843676,78.54674847455445,86.40771954100353,93.01332848168705,60.9999093870186
1051,704.7914694192928,1649.4319504471946,0.4934498348836045,-0.11166365925125266,-0.3397427042801573,49,0.0,0.00967800745042151,1.0967410665506496,-0.10026026391867447,704.7914694192928,1649.4319504471946,1029.5645367686966,0.0,0.0,129.79622428145214,16.178201936664088,72.57385051976053,99.54664247641031,71.34404316577259,91.69431158379531,81.4212123165857,71.56733250360156,69.84829908020964,103.88676871332719,66.69689529039567,76.73661398791077,91.21084754575833,70.39727869513806,62.64044089003095
1052,252.52162723246116,1654.2629189708655,0.2706359327563841,-0.5012244441213406,0.14342736950219329,49,0.0,0.026667923309315028,4.600268447764367,-1.6569579389762281,252.52162723246116,1654.2629189708655,1768.7430318054594,0.0,0.0,129.99243219010896,16.179768752913763,124.67594161465863,136.03544001172475,128.48018251838667,138.51235415764228,157.19076749585804,127.42000213978623,146.8017798933367,144.88731506968946,135.89296140011788,160.434616419394,143.16601942620758,126.91127092317831,98.33438073547907
1053,592.2846671592085,1653.4910970597123,0.6368104722827047,0.948515174094493,-0.18905679636634412,49,0.0,0.01267764665837466,1.2657443914892792,-0.2558650292630286,592.2846671592085,1653.4910970597123,1109.7440250067743,0.0,0.0,129.84503631960519,16.17979905261379,71.41270904938017,90.0308814164311,88.64438025808971,90.64191980988672,91.78676754267562,99.06562823152407,79.81231647057228,90.10488639714589,91.26873664704314,86.55164157139625,90.1668390374256,83.92731927556274,56.32999929964098
1054,655.0820383440174,1653.9294991905858,0.41072465151813725,-0.4229350013343968,0.1342284656606776,49,0.0,0.009653619591077018,1.2988398347895032,-0.2838889993997974,655.0820383440174,1653.9294991905858,966.6928554424353,0.0,0.0,129.8177934510473,16.180035642006793,77.64032235329567,65.92971456210945,66.58620251708433,50.740828062212245,78.97432067444367,73.14851039514197,85.67242118163236,82.43676067398678,76.468873126727,84.17870497296809,73.68155795365305,83.15076775098183,68.08387121819888
1055,1677.9876258758702,1653.8933874017514,0.6758391526971704,-0.023218623234974794,0.2762003678468433,49,0.0,0.04651178575608343,6.149539360135069,-1.9721064638922268,1677.9876258758702,1653.8933874017514,1537.281942069876,0.0,0.0,129.3740108532017,16.18041086220313,116.10468434695112,103.10170976415937,113.17004858740451,127.88221019200604,111.16079553857159,121.07852891295285,133.7693181973246,114.59616921650522,132.57158950576923,113.64963085389101,129.41933800494047,132.34186311774937,88.43605583165079
1056,366.99135873254943,1656.1965189407001,0.3334386781522347,0.08145263331843416,0.0064530484388791625,49,0.0,0.01016727809499529,1.3383785276528397,-0.3164474009589727,366.99135873254943,1656.1965189407001,1147.39940562835,0.0,0.0,129.94277616304393,16.18070427035677,79.57044958097494,102.10103322543836,111.16137972480524,83.09011717959919,87.71941717041791,97.54455222748734,87.65698254465723,99.78775865801711,82.04551401724879,78.91768843824953,68.86812734289103,78.04885108322574,90.88753443533764
1057,1274.055623124142,1656.273447796593,0.6380415623941306,-0.11258889461692122,-0.11604930136835963,49,0.0,0.01425362182278769,1.7142664419575486,-0.5851958089605517,1274.055623124142,1656.273447796593,1049.340168379824,0.0,0.0,129.54925795566888,16.181358344276752,71.20037276086592,102.07631198964863,81.67900103808367,88.96028904978256,70.2791925667628,94.26815027723822,75.10204294068637,73.61263555419299,81.20961133834112,89.56275827833747,89.62414325781707,78.67830037671735,53.0873589513499
1058,1703.4273729940999,1657.328461593626,0.6032012060874312,-0.14925675156302903,-0.2772986617556473,49,0.0,0.011954048665127335,1.2836025104023423,-0.27107639448656123,1703.4273729940999,1657.328461593626,1111.8413950752981,0.0,0.0,129.36297345141236,16.181840124820553,75.25505040222731,89.59309977252965,85.18407226454852,95.58472340047523,82.90184771914909,72.2383497599458,77.27067297382969,88.1791996179406,89.77188485783503,104.74728151708966,93.00454889660557,97.85187397714706,60.25878991597493
1059,1960.6875999936444,1656.963906884154,0.5964393030625776,-0.08022318745051368,0.08057592452502774,49,0.0,0.10700144639579248,14.929389975528455,-2.9351051563396306,1960.6875999936444,1656.963906884154,3727.7327216938384,0.0,0.0,129.25136029249074,16.181635848739244,286.32988752881687,299.2104533349362,303.9398827561081,276.2743176830644,309.1050294984817,289.2395159856029,300.3742027296039,288.86685561710766,252.2794972720076,275.27440615914816,304.18408933673436,332.4150047530746,210.23957903915178
1060,2494.2524230381846,1658.6713054344357,0.3085861376966862,-0.5736116986416271,-0.2577213508977736,49,0.0,0.023909409832729003,2.9893216952378814,-1.188931635163391,2494.2524230381846,1658.6713054344357,2046.1471959575344,0.0,0.0,129.01987479640735,16.182053117660228,125.18131030192353,175.54782501227868,148.27937367804407,155.60025443394636,184.27783387786718,148.53623056948618,171.28020762320847,169.4389464368874,141.93775144000386,186.25182938950974,151.60676727125104,173.50852079129413,114.7003451318336
1061,1957.898836601303,1661.1396734726943,0.832486358388123,-0.06500096382510348,0.36403908022538045,49,0.0,0.06443462441117602,6.73227572899442,-2.070404736890086,1957.898836601303,1661.1396734726943,3703.0999872421717,0.0,0.0,129.2525688373695,16.18337662457905,278.6375653289064,295.9660445611468,304.58411683763444,281.2481470444569,306.57916265304965,283.52177641334674,297.9165939862907,297.21201369026846,248.58394091592137,284.4412815637489,289.47198119650056,321.56623909689824,213.3711239540022
1062,323.2628474090954,1664.8879957841189,0.9579133807436202,-0.35597652577645034,0.13141207700650223,49,0.0,0.018078028561169048,1.5900360543552057,-0.503517430345133,323.2628474090954,1664.8879957841189,1052.8142255337025,0.0,0.0,129.96175638872154,16.184277288125198,84.12792850218827,81.95138443533708,74.33528456817751,92.24735025832939,82.29246585603904,86.4237365857129,86.06614703036146,93.78092794188599,79.61310968595315,76.61483566729942,76.77591429274992,77.58060177375108,61.00453893591725
1063,2353.2432166795893,1665.3716567120405,0.5676072547406176,-0.05516528615746251,0.04873333925959257,49,0.0,0.11954657900054931,17.692826826954285,-3.1194930669079914,2353.2432166795893,1665.3716567120405,3102.3345595005158,0.0,0.0,129.08104553640428,16.184946954508554,243.04248004770184,232.05151863832938,261.5963013935757,203.84283571539254,230.84760114647338,219.89591628177897,255.61377429456218,271.9480063403526,233.63308244566255,244.33141570647854,267.55348771817575,250.77670054263808,187.20143922939445
1064,103.68609875408818,1666.2236202287793,0.5291169841831628,-0.26480324465950017,-0.05693375852885386,49,0.0,0.04094284355595611,4.92312331548146,-1.7306017855330438,103.68609875408818,1666.2236202287793,2036.287876049827,0.0,1945.7317701081874,130.05701369276898,16.184565957499807,145.5907910420163,154.59043802959664,154.6722324799295,176.8297889825869,158.92298757257095,162.03191551507797,168.1793336692536,153.23935497244864,158.4399118443916,171.764458523023,148.0605810406759,152.0070027614478,131.95907961680808
1065,1028.6758705305679,1667.505439694083,0.7068579212537138,0.3495829553853635,0.10467601569616353,49,0.0,0.011039328311197963,1.1674035652321555,-0.16805253826173522,1028.6758705305679,1667.505439694083,921.6710155629416,0.0,0.0,129.65572158219538,16.185941396508326,58.537441042177285,65.15988160646754,70.87963064631182,60.566868134890264,89.39887567874146,71.06873942452864,67.46716742698281,78.24449657295236,96.00749194809072,59.04439962400895,72.94938016793463,70.6065463535842,61.74009693627097
1066,2491.86302067617,1672.86564223717,0.6456232028735215,-0.015303172079458163,0.14502520642736458,49,0.0,0.03614470781588128,4.788247252331279,-1.7004414203084928,2491.86302067617,1672.86564223717,1380.4884261335988,0.0,0.0,129.0208998391169,16.18796916380827,110.25439529005936,122.0582291870633,101.82335839013291,106.19556880389996,107.3747729136384,106.60291134872179,119.68434312695229,117.25820469793806,117.9097132502847,105.01986164842391,92.0345671184073,87.31009627013054,86.96240408794628
1067,2051.0600440743665,1674.236666182725,0.5657473919101202,-0.2431025962727063,-0.005225933904051817,49,0.0,0.022017224165858034,3.027825389066074,-1.202827065815442,2051.0600440743665,1674.236666182725,1289.9818674210978,0.0,0.0,129.2121450340221,16.188800576946495,83.77614477880343,89.5470353962771,98.60294065416757,102.83204054300714,86.37098255353754,101.02354747532956,108.75907055101496,108.32757732046326,111.25338931329135,95.98511532280978,106.65311438062342,106.89014915899033,89.96075997278234
1068,321.1314195325687,1676.7085859743568,0.4963672749360622,-0.8028031686540958,0.21289122042020223,49,0.0,0.011673867620987252,1.295691508725285,-0.2812540316021721,321.1314195325687,1676.7085859743568,1141.3890997151882,0.0,0.0,129.9626948732012,16.18919990582819,95.58259511354794,83.0370302477701,88.17148002620252,91.09558029340242,94.39433939976041,92.41584886842404,95.45668870904558,85.0730798663826,90.45832244706637,84.37112514763297,98.94876267434893,78.48949173176445,63.89475518983992
1069,1311.7590044343556,1676.6173935866998,0.536027737927839,0.17193959778782497,0.257202117532353,49,0.0,0.03497342275556378,5.110150609356437,-1.7710842502626776,1311.7590044343556,1676.6173935866998,1450.1693822863385,0.0,0.0,129.53290564781346,16.18984516302353,123.57094309443781,112.41641014286057,112.9333992153177,112.00004598165762,103.52068002713804,116.0881428770428,128.88648764932128,119.1026477807491,106.77717858241564,113.8460243647425,95.23881205920509,109.6262745123637,96.16233599908664
1070,2500.6970109917934,1679.7195841171165,0.267672335424579,-0.22418598219379315,0.039481694161658164,49,0.0,0.01234145081681987,2.1987323104651657,-0.8554308960890132,2500.6970109917934,1679.7195841171165,1192.6861675758028,0.0,0.0,129.01706157735845,16.19081794522871,97.16494315595352,101.04520427528391,114.37416448827409,78.62917843019777,79.44065920364163,86.64075215089922,113.70546358430062,97.33547902864339,109.99174054710372,77.99062405826228,78.02775731848328,96.44273742030651,61.897463914452715
1071,1104.0081791424116,1682.0848222140844,0.4628600931040158,-0.33575981554501544,-0.36277874823796313,49,0.0,0.012863727813134494,1.4959356068696057,-0.4372822488894741,1104.0081791424116,1682.0848222140844,1158.1508285138902,0.0,0.0,129.6230447300137,16.192051485137174,81.578218516336,83.56470718971859,87.21276269673487,99.93775829680129,84.20519696322128,87.25386857826027,94.3765798662412,89.7975703970387,100.66654310789492,80.23373637850949,102.96538986498788,88.00808245651922,78.35041420162662
1072,3017.2151361239767,1682.6100411684497,0.9001546073599558,0.32320655193612763,0.5684739073899374,49,0.0,0.00961289540804574,1.003605159131665,-0.00390721295521309,3017.2151361239767,1682.6100411684497,674.0916987362341,6.48047546652053,295.38824098905263,128.79297077536003,16.191495843995042,22.03866067379414,33.13899541248015,27.665808027509062,34.487359978920516,32.5831234370896,30.935749034695313,35.399190176064856,49.38524214560493,46.440517678222044,69.70008847730566,68.87167069790624,148.84673453142005,74.59855846522159
1073,849.5418900230893,1685.4981828675,0.2612027156946607,-0.4454635684785569,0.09289377595669611,49,0.0,0.006611578511263749,1.0022233500525457,-0.002411292066933965,849.5418900230893,1685.4981828675,955.56844525135,0.0,0.0,129.73345182953776,16.193334049332925,83.78902001068712,93.82871862863507,80.07204957650987,68.01270625303687,75.7503141509366,77.87689671977427,76.42277472434446,63.49109698894979,78.8570968037957,66.33839601488968,75.87115413866863,60.39166463895234,54.86655660216963
1074,1030.9907999664968,1687.425565668038,0.5671170196064779,-0.08370236765293597,0.15606617003019535,49,0.0,0.08279452360514772,11.625588550817978,-2.6635373711958206,1030.9907999664968,1687.425565668038,2522.6826189203634,0.0,0.0,129.65472760806173,16.194242531087717,191.19065507991206,194.63044048309143,180.95032968138793,194.05276834122424,201.50512309172436,206.49729604824134,200.14572902695653,207.71746103382276,203.2233505895138,188.2815888494663,183.91816916643236,207.08696313799322,163.48274439059702
1075,1331.2480860257756,1687.0862708379975,0.462363648006957,-0.44312095539335145,-0.33042435508814816,49,0.0,0.01632872310450412,2.1661280865243353,-0.8392103338927241,1331.2480860257756,1687.0862708379975,1216.9803920890417,0.0,0.0,129.5244524820447,16.194211968076893,94.94008158151516,87.99943504988653,88.39834390508072,100.19450019377135,100.71704982677645,87.22564908088387,99.84429630445496,99.11262069300352,96.42163565749516,93.8369584469356,85.44717634694692,114.74810218985807,68.09454281243353
1076,2694.409227791085,1689.2033274568357,0.7217898577512935,0.10931827911705719,-0.08547529393147302,49,0.0,0.07395419587781374,9.0342955603858,-2.3897357364138156,2694.409227791085,1689.2033274568357,2085.8922891726957,0.0,0.0,128.93300990239564,16.194599453218558,166.50706821281818,161.49887688081634,171.72494749958625,146.86119123009692,149.94104702626635,170.72922052936218,177.7566111745469,157.26860509181375,165.94841457163324,161.10587997531928,147.8328404435216,166.24052899404978,142.47705754286488
1077,795.6299850976025,1692.4369763948987,0.538307825650915,-0.13708239282972698,0.170232095156551,49,0.0,1.2238554510036894,185.9574992697792,-5.67353424304846,795.6299850976025,1692.4369763948987,26131.970170996483,0.0,0.0,129.7568474664955,16.1961882560546,1901.598703736082,2131.37718353289,2113.0578773758407,2054.3970962242915,2077.469752311311,2059.8166280721607,2124.7391152362457,2047.5294590587587,2091.3942132168095,2003.8309483043245,2067.762250019,1909.8343898146686,1549.162554094092
1078,1004.1772672723865,1692.592719023521,0.41771123594219783,0.09618346523701515,0.32659806813987713,49,0.0,0.020235970969301614,2.915370735453313,-1.1617344750307272,1004.1772672723865,1692.592719023521,1376.354490965652,0.0,0.0,129.6663641240642,16.196381734762845,91.70636228648648,108.90335913073352,104.04282757144401,114.61472265856831,95.46505262554187,115.84096518359834,100.69022116983551,124.71351537108674,122.42955267500992,95.81872014360704,132.7515824820021,96.24651318521366,73.13109648252447
1079,617.3226065932066,1693.9006003612744,0.5829475542867274,0.09551787654919118,0.19191937139035795,49,0.0,0.02624484239150123,3.7015597206615656,-1.4209619016159252,617.3226065932066,1693.9006003612744,1184.803382252207,0.0,0.0,129.8342105109293,16.196657790834323,85.98253968202644,96.87723251557192,97.13514342990966,87.01069741899273,96.04921221064863,86.78483694435792,94.06025949411006,95.58863332615334,83.74673874430934,86.43445760762502,93.09685147838044,104.8007386326094,77.23604076751201
1080,1579.527733833731,1695.8191579263946,0.6827878860678603,-0.4748045573533267,-0.36098470229693513,49,0.0,0.020073317488152723,2.274227015673798,-0.892084535590715,1579.527733833731,1695.8191579263946,1264.2285774114416,0.0,0.0,129.41672866873148,16.19788237393781,79.26735970940493,119.15507426692199,93.41029035352341,94.08696158499534,113.19519831201846,89.73638530877604,101.54935214772851,79.93340843732406,103.71150026583666,97.47979884246314,98.28786753422048,96.10634376425793,98.3090368839709
1081,2030.0675989568874,1696.3638497724576,0.4704669974783974,-0.16453149476850237,0.19792927855759945,49,0.0,0.032072003441159916,4.993080799124096,-1.745921484900349,2030.0675989568874,1696.3638497724576,1603.3773176840873,0.0,0.0,129.22124424544887,16.198028310890486,123.82484128440251,130.74228639854874,147.6982268410743,117.58503422032523,114.51235189450429,127.98863118346812,136.12499820830175,111.04907611898622,117.27013056998342,120.60437658425145,111.92349048497132,126.5497862799544,117.50408761531563
1082,1863.2657698264804,1697.1213087053418,0.4606695721710915,-0.03195736036036993,0.14023267344935036,49,0.0,0.07004760893399051,11.993732255133892,-2.697385873840736,1863.2657698264804,1697.1213087053418,2195.65330381422,0.0,0.0,129.29361733139518,16.198394742025005,146.2463541859388,155.1240562941386,186.29968085414893,176.81280754952604,183.9979865961913,161.61813106148347,174.6932954672335,162.50853762616555,184.40551200169233,163.30867689187795,187.31195288236677,182.03069239513343,131.29562000832362
1083,2376.21457846935,1699.400977864575,0.380801590920806,-0.08064785989055778,-0.0235278298003316,49,0.0,0.025959421801201286,4.55634245789328,-1.6465408962788297,2376.21457846935,1699.400977864575,1540.2627885376432,0.0,0.0,129.0710553239975,16.199110149948236,132.12327089837527,122.72903366862485,126.8580292576587,100.90679324801377,125.2641422139861,105.74744428625405,120.49248120015798,137.4331049802923,113.61291858316815,111.07058856808983,122.63233417717139,122.43338691835568,98.95926053749506
1084,2504.9234752397615,1698.5639723419376,0.6342582099569496,0.08388650397965736,0.1388929777506932,49,0.0,0.08570438351248706,11.762910398859667,-2.6762869722468112,2504.9234752397615,1698.5639723419376,2369.468534456437,0.0,0.0,129.01521232026838,16.19866623127132,176.6498920568626,167.76994087976047,180.21296943188165,204.73529227636945,173.7722204216953,185.93645592356197,171.12197999359682,208.5491320620897,209.51865827045214,189.5763360762546,178.5137716700126,194.7454581243109,128.3664272695887
1085,1210.7664272451866,1702.1633336029083,0.5741094474557386,-0.1276117583376814,0.11423788242045442,49,0.0,6.457314156948581,925.6180467232061,-7.41607953360356,1210.7664272451866,1702.1633336029083,136598.48883506918,0.0,0.0,129.57673238415705,16.200459113855963,9579.663198662234,10713.226250991187,10543.914380976119,10638.770577337596,10873.234401553116,10970.295072499734,10991.207416578627,11027.333370186792,10917.757698856782,10619.089966665291,10903.831138583297,10737.346845320928,8082.818516857458
1086,1070.0315874716846,1704.1172540147631,0.7370737959496484,0.11577866191188729,0.34297244039462105,49,0.0,0.019581105426947774,2.127249312420403,-0.819545979885311,1070.0315874716846,1704.1172540147631,1236.488946047457,0.0,0.0,129.63779687985675,16.201216236655675,88.3245870566902,104.85648953479348,114.16018177599841,90.79371197857625,95.56493532906853,83.7636437280068,94.86826720381097,103.72853314121832,95.09595743883902,86.9347262621144,92.40582019437038,110.08863399685451,75.90345840711552
1087,1280.5946945948726,1704.2663802684392,0.5607194244169877,-0.33199959149291364,0.0671912106645086,49,0.0,0.01428258147886702,1.6397065013602574,-0.5369152965723454,1280.5946945948726,1704.2663802684392,1222.3771816648407,0.0,0.0,129.5464350074699,16.201357191963975,99.77423440520333,86.26813485549906,106.84731495240052,97.6888245405953,106.36147771549903,92.71214929137581,93.5653203944666,116.64427937377869,80.58868014002266,70.54738368146286,97.7138536997011,104.31563828285172,69.34989033198397
1088,695.5213677932505,1705.0255881550004,0.6656264885949668,-0.10985202941563613,0.21020038027987023,49,0.0,0.028211185998689357,3.6368246073136596,-1.4018058922349481,695.5213677932505,1705.0255881550004,1235.244256010189,0.0,0.0,129.80029190682578,16.201358064447767,90.79591253815087,104.15713623265265,86.56326245917654,99.5915573433792,114.46823670216978,99.76827822775351,87.36018918698832,98.81112284762892,82.54747712373577,103.55944092254065,95.38436881437923,100.95995694844044,71.27731666319332
1089,1965.1375950208796,1704.7177372601027,0.6061644111287348,-0.11911889992181662,0.1558968576445661,49,0.0,0.027847268049544082,3.63250245031946,-1.400514789813215,1965.1375950208796,1704.7177372601027,1472.6276374626266,0.0,0.0,129.24941373442923,16.201531777225266,100.56328154203415,116.918048347984,111.44185471778735,119.10433326513214,109.66522513125206,116.86411297752878,134.06910912189568,116.32696920884882,106.26266008955682,109.98873285819853,119.0239180910648,112.68429818419773,99.71509392714557
1090,1496.5426309036457,1706.336454744577,0.45220612080542116,-0.20558889454644408,0.35755245188942,49,0.0,0.011179130956926703,1.4959561926869225,-0.4372971897821688,1496.5426309036457,1706.336454744577,1088.9926274341356,0.0,0.0,129.45273608856155,16.20226001459866,66.93446337479821,88.87216759916376,92.179073201964,75.63980702032194,93.55177102903062,86.08345096136526,71.81332307468087,80.55725442873795,79.15366601894381,93.56431118430413,84.80230164555627,96.13137406525065,79.70966383001797
1091,1585.5815522388086,1707.0851366541715,0.27888137403917845,0.9970480510815796,0.456437589487724,49,0.0,0.009096323743982315,1.2691123602655012,-0.25875018463609073,1585.5815522388086,1707.0851366541715,1227.53771619341,0.0,0.0,129.4141021295231,16.202576624801523,88.3368758869259,89.00024666651827,87.91625131892253,104.24581165538135,109.5946763466961,105.43903166524473,65.67698133064746,105.9300665432489,101.5701165971707,79.40494866828939,103.83051852792984,114.66763714442516,71.92455384200969
1092,606.3922878170002,1707.4434038316203,0.6709251067726378,-0.32470884299613706,0.11336425641168525,49,0.0,0.06555052170036701,8.445166455771284,-2.3165205350371103,606.3922878170002,1707.4434038316203,1885.0101234951876,0.0,0.0,129.8389650950606,16.20229095244263,131.5100931930665,175.2416714498587,158.95831549124364,130.765953490721,137.38875794532092,176.00408157676333,122.97789452744729,157.3929637080516,163.88193930779235,135.92636254179524,141.88572696950195,160.70589448067898,92.37046881294614
1093,742.4699782593517,1707.3997779549802,0.6437719145520839,-0.8105855027955552,-0.0657190036124975,49,0.0,0.009743859370051565,1.094763514608539,-0.09830078791157415,742.4699782593517,1707.3997779549802,1071.6914415338892,0.0,0.0,129.77992373671188,16.20238372293417,74.47186909552221,79.91388485833647,94.5288861304704,80.25578240810216,78.46654284794681,75.3019555181384,84.95097055476013,87.0950332097929,79.04864350500762,88.67772425214459,87.1160635317772,89.77926386871279,72.08482175317766
1094,1911.553556527997,1708.8995202073104,0.4540253369336762,-0.5341990565029676,0.10546815423520613,49,0.0,0.008979899362641638,1.3280001925521079,-0.3079953450052826,1911.553556527997,1708.8995202073104,974.594331379141,0.0,0.0,129.27266242177691,16.203290118975225,72.62780583096406,61.53650316716232,60.9594761640004,84.84601334297504,92.43278332529292,83.89848749886107,79.77521391749315,75.2810421665832,80.81446900570484,76.02046780642723,74.53262000666794,80.98620497242354,50.883244174585286
1095,2020.1419189452304,1708.8598340987337,0.26345932607461314,-0.2364066723484483,-0.48049592256047524,49,0.0,0.01063527436045295,1.5345306750796002,-0.46493893586982943,2020.1419189452304,1708.8598340987337,1282.652088709045,0.0,0.0,129.2255460668755,16.20323865146359,81.85266124924506,97.3024116157067,93.7037222573995,96.99113982685283,89.57753911204281,109.72523060277328,89.9339471000371,110.83153889447297,124.06228715151089,108.6144610132274,90.23307624902253,102.37597575617497,87.44809788057898
1096,2510.9665945982833,1709.1994099394165,0.6728601856503965,0.15058136369457847,0.20202078480905594,49,0.0,0.024485104835304954,2.952611800377083,-1.175515877794811,2510.9665945982833,1709.1994099394165,1551.5462587567104,0.0,0.0,129.01258152401172,16.203092728936753,123.59434613651666,112.64988509448955,147.69550386103097,110.51523209327961,114.67914636201758,120.85526188612437,129.53134031989384,128.37241977533574,109.05877447782183,124.40640847545399,126.48724688212451,124.17326180158925,79.52743159103257
1097,754.302738710019,1709.652020118502,0.2967569510660917,-0.07616184034919934,0.13922501078449534,49,0.0,0.021102168093487216,4.186207930622429,-1.554551990297643,754.302738710019,1709.652020118502,1381.1328420619204,0.0,0.0,129.77479144821012,16.203331014516987,114.68325665716796,119.64131265955683,111.86906607619639,118.78704427014534,115.21788751288314,98.7824983921071,111.48479509893309,96.10991920930056,111.93499543733812,105.99277891911062,107.07549372952332,92.1136175740829,77.4401765255752
1098,1941.741862519139,1709.970530756282,0.3146178982130817,-0.005389255298914083,-0.33485615284764225,49,0.0,0.008040846163391594,1.146599780173867,-0.1485296354392941,1941.741862519139,1709.970530756282,983.2298479712359,0.0,0.0,129.25956339400904,16.203727702292134,58.85133786446764,78.84155005775756,87.21117810126742,61.60550893274301,82.53469969345589,89.50092626618587,72.11519737810056,71.68420986817132,80.34029331032966,75.10096876871225,75.68893841738483,81.76545338738552,67.98958592527444
1099,821.5199791241033,1713.0117770962572,0.4150826662036994,0.011416182066940813,0.15776415760769547,49,0.0,0.019733872163495644,3.158452037842275,-1.248685715931284,821.5199791241033,1713.0117770962572,1793.979828985915,0.0,0.0,129.74562918918969,16.204778979912284,130.96685167513894,122.01180314864504,134.78773098010856,143.38551866664662,124.73328816994365,146.01975514219447,145.1638548373325,165.36019591493823,139.10576335326996,148.45210099343572,149.04035375748825,141.9823435055912,102.97026884118165
1100,814.3809572329417,1714.0840774819296,0.566191250494142,-0.19463424909587904,0.3032825408263089,49,0.0,0.03683601653073634,4.670813711574786,-1.673481366116877,814.3809572329417,1714.0840774819296,2024.460171321198,0.0,0.0,129.74872751564652,16.20522084411975,162.86868459308494,152.04483703930578,140.61869310442202,154.3495606779831,155.13937187470412,142.43831486984163,163.58783896180435,186.98175197548792,154.41660351969534,163.64273968856048,166.18525876947984,173.98686499407546,108.19965125275286
1101,1218.049088635013,1713.0098768294367,0.8012438601275,-0.24190935126012486,0.4822587264479557,49,0.0,0.02094434653863421,1.2335940882053538,-0.22793069856935855,1218.049088635013,1713.0098768294367,4435.835815102916,0.0,0.0,129.57357628627673,16.204980960498418,302.8653925859852,346.464146246257,322.94503484144576,364.47080394027756,378.3107230614655,367.8914965477761,362.7705242372373,340.39654558165216,340.9244015824053,353.9205196269198,366.46428090250015,331.61545628208694,256.7964896669072
1102,2272.136820503042,1715.416016098582,0.5828485097783184,0.02919164256532876,0.16077602890720794,49,0.0,0.13099412740129562,19.656681126775347,-3.2337754813493325,2272.136820503042,1715.416016098582,3006.807409205847,0.0,0.0,129.11620279778563,16.205849291158618,245.24821051389898,207.7294629202874,265.3263586482907,252.86966044122312,253.52367494978012,234.43282222217937,230.68573847288297,242.72305365909742,204.48990659903671,199.13470354179105,229.68585051037996,244.89989183596873,196.0580748910303
1103,2506.841641454674,1714.9996444505612,0.9446963614786498,-0.07265819804214042,-0.12148482188803214,49,0.0,0.030968625364201207,2.9083951551869083,-1.159133531308554,2506.841641454674,1714.9996444505612,1565.0639909138624,0.0,0.0,129.0143664597611,16.205512734014235,105.89084086390264,123.12591215959904,128.8836470267642,110.56075290580316,107.92291951051703,119.89400009913929,144.83057129758862,131.22982705475383,113.35633499401663,135.06074589925004,129.33325471543773,127.42894416745166,87.54624021963863
1104,667.8540235900493,1716.0391665375676,0.5954385344572041,0.026224051602866717,0.4565957654559053,49,0.0,0.015913596283429296,1.934996233045038,-0.7167003097318398,667.8540235900493,1716.0391665375676,1141.247982172332,0.0,0.0,129.8123055427318,16.205924558409265,97.21761638760235,87.87419146745412,83.96381781304909,90.68850688260369,99.58336630187063,89.47872810243088,83.3889137049652,94.52098047587279,82.4635557332018,93.8064044973717,74.91896930995375,89.6540229781699,73.68890851778616
1105,1204.1726961901277,1717.1090502496472,0.5714077264964547,0.6301339109206142,0.25697298480016967,49,0.0,0.013914662454374477,1.2208647609197314,-0.21666889606361595,1204.1726961901277,1717.1090502496472,2291.897919055191,0.0,0.0,129.5795987694563,16.206684182392923,164.5140250968428,175.31262167015387,175.7782868609192,183.69765153131635,185.1908556473549,184.56751078114277,176.4952902568702,191.67586752932579,182.5021613913758,166.92522884978482,142.6206244644301,203.54004719552705,159.07774778014726
1106,1724.0206793253597,1718.9832776694252,0.3716909091378699,-0.16113157322887692,-0.025883990601932277,49,0.0,0.013641920263208636,2.3298780666275434,-0.9183329824186051,1724.0206793253597,1718.9832776694252,1119.8501337584082,0.0,0.0,129.3540319838594,16.20752755923785,69.54922159410523,100.23519959118775,74.97320559311483,105.53848760465411,73.09812918594565,89.06001420611237,87.73716832593554,76.65941778677976,87.29661603564956,90.01005910956843,108.72116268517166,83.94959063270353,73.02186140747975
1107,1275.217962807353,1720.0754192834047,0.43632709289151855,0.13105321602731498,0.11940504551544266,49,0.0,0.02462414123842518,3.8657317466778327,-1.4680792847463189,1275.217962807353,1720.0754192834047,1439.3079213229769,0.0,0.0,129.54877264920748,16.207942740182293,104.8452810702745,122.61007218895148,135.3426289455678,101.19048848207281,117.77491686345827,119.42309516200791,109.77475844138722,113.74702546173015,98.06216907122572,111.50048465209333,127.72163667120066,109.0095791470593,68.30578516594767
1108,1481.006795614302,1719.6620563082643,0.5809387429947823,-0.23853869885652737,0.20948715906876403,49,0.0,0.013296567762918559,1.5068863844243265,-0.44520127199812015,1481.006795614302,1719.6620563082643,1129.6228733256821,0.0,0.0,129.45947853713108,16.20781081435382,68.42519050642471,103.07478593520389,112.0588777055866,88.75138184005942,81.83206687571587,78.0385012603584,93.99317838639168,81.02731845568509,84.84714136994629,82.21585058989369,107.57449722432162,88.65576041323352,59.128322762861295
1109,1350.7518111224654,1721.1542843088157,0.3813813491633833,-0.9523113819815339,0.01674851997554217,49,0.0,0.009126679724550491,1.2554856554493476,-0.24702938761482096,1350.7518111224654,1721.1542843088157,998.2679252433235,0.0,0.0,129.51599797411455,16.208411393978714,68.95704468497937,63.555261125681156,87.19291178496258,100.62328138937644,80.00153229283637,67.51964501964838,83.56091659261733,66.45605290045884,74.25814776527781,72.97720725319479,94.64230683456644,86.1404748949598,52.383142704764225
1110,2361.9730351891153,1723.6134869270763,0.5835747051860817,-0.06176231759946204,0.08128069625292467,49,0.0,2.3825719945669914,349.90340132752317,-6.359870410441296,2361.9730351891153,1723.6134869270763,45522.38555955306,0.0,0.0,129.0772175690166,16.209208156222708,3231.3385688471662,3561.10150347896,3374.8130893184643,3471.8655200182184,3693.249557724209,3620.859457849885,3716.503792327508,3653.874446226475,3746.396616915049,3477.5318161466103,3627.1215371292355,3666.5757614424065,2681.153892128862
1111,1288.7963504354102,1725.7198417986685,0.7205080584318195,-0.18970746493770113,-0.1427159583688269,49,0.0,0.01329437522574959,1.2699690585386072,-0.2594828498905981,1288.7963504354102,1725.7198417986685,1146.3844975787047,0.0,0.0,129.54288246089166,16.210298383484947,88.91929434801253,89.54637846098396,101.51619194925877,85.04929220280775,89.09761212511123,92.67262178831174,97.09392678431689,95.50136893122516,90.10041918705986,79.85734353575924,85.13446431558347,89.17112702144449,62.72445692882948
1112,2457.531593866093,1725.9780059941854,0.5161711391641718,-0.21226893850260625,-0.22074442752657217,49,0.0,0.01138534152980678,1.4765726723897024,-0.4231370661822189,2457.531593866093,1725.9780059941854,1047.2946284061536,0.0,0.0,129.03575291679533,16.210125236581924,76.09917376117576,79.15490098667634,85.97261761906958,75.42965675278214,76.65465141622752,77.6702135667394,95.58085381001388,87.32225598319354,91.3803461729809,83.10953860539556,72.11497068896038,96.50182548387997,50.303623559058536
1113,1956.887554008884,1727.1914165350229,0.27232008842201083,-0.512684701385883,-0.15524773525521302,49,0.0,0.01530482060990995,2.719557066859025,-1.0862454410752003,1956.887554008884,1727.1914165350229,1306.7589909453473,0.0,0.0,129.25298606317497,16.210898388075872,90.80886344591421,110.78560125624603,88.83444956504727,95.75096092288216,91.24097872630148,104.81498051049334,105.52893136558347,122.33271237068311,116.35806287408084,101.46511275458064,105.87950058956898,93.6660971875844,79.29273937638142
1114,2501.4600155337157,1728.1011153736395,0.40249272916879963,0.5175029471809555,0.308703434733788,49,0.0,0.00974487181066954,1.309448335034037,-0.2927209194608452,2501.4600155337157,1728.1011153736395,1125.8299523344454,0.0,0.0,129.01669068584013,16.2109758314395,81.70397458800028,96.07614252040372,85.47174212104136,95.00944958789387,78.21624017431712,67.5833887322941,93.1443789721979,83.39488845489001,99.508538157935,90.81854126358641,94.48879178928203,78.9299307087831,81.48394526382054
1115,1928.3470511104165,1729.274722309901,0.6305541851614197,-0.2413052968039846,-0.0022327990497775702,49,0.0,0.01604280758983169,1.9344693720994952,-0.7164046451283228,1928.3470511104165,1729.274722309901,1168.801745235637,0.0,0.0,129.26536962086516,16.211775030402567,80.94798265037734,102.97882532668181,107.06338542254036,91.70142546536937,85.51944825959313,96.70371614015706,85.27105461957714,85.08427679381428,107.60909467172229,82.79761025234342,86.01302612014885,78.98576444916381,78.12613506414837
1116,1368.8278977348182,1730.030343524866,0.6439459154637386,-0.3385176366515671,-0.018600977907863667,49,0.0,0.012809490006354002,1.3877637197391584,-0.35578882389113,1368.8278977348182,1730.030343524866,1034.2972440542885,0.0,0.0,129.5081564237219,16.212113575682096,74.22705145770121,73.48421312874432,98.59780551791242,77.94638898596648,57.01162477190808,82.09171158685768,78.53936163975283,94.59018374662837,81.77681575860919,79.41375540822021,104.11020460862416,74.16876496291397,58.33936248044981
1117,496.8902819838819,1731.7648768285326,0.5303537403366353,0.11265189017408644,0.10151279680873844,49,0.0,0.02898490823962046,4.143371471076729,-1.5433846785309904,496.8902819838819,1731.7648768285326,1384.94961708641,0.0,0.0,129.8864996588959,16.212323422565568,103.92235225986497,109.76553134738795,93.69267408250228,95.77644770257655,108.24079110081607,102.46769429809353,106.46764101608719,125.8836935669931,130.0211423194703,112.16638275914285,127.6202012492967,106.83333053571218,62.09173484846623
1118,2271.1106358836355,1731.6667989348975,0.34609631995378504,-0.26255011774255715,0.2012441033649189,49,0.0,0.008541046683134807,1.314259317552996,-0.296702661672432,2271.1106358836355,1731.6667989348975,1069.1270263870028,0.0,0.0,129.11663809024736,16.212620964453777,101.6096270834393,86.05770768978077,74.246475187056,95.17314189774865,91.19984095533692,81.9240068427893,76.70477431623381,79.14201687757907,83.7651778133249,82.37452107473408,71.41795802599665,89.95616165467527,55.555616968307994
1119,2851.831107062914,1736.2404939619594,0.7585463930097845,0.744403715457172,0.20088671410348158,49,0.0,0.0154074834608218,1.2452767672057365,-0.2381647141455806,2851.831107062914,1736.2404939619594,1357.6884021678102,0.0,0.0,128.86465860590332,16.214034945907034,91.24891185005617,119.79304027466084,114.99237723293177,103.29237146313814,112.45626181146962,96.42000031445983,87.80996209526998,115.46348970811563,109.42503121026603,100.48969575742194,102.86627238792323,124.34357393030193,79.08741413179503
1120,61.59313209752178,1738.0267851210629,0.6308445421784148,-0.13787051566986752,-0.011789880339169808,49,0.0,0.05351214606443807,6.362442556181467,-2.009059685750632,61.59313209752178,1738.0267851210629,2081.9838652781186,0.0,1509.6062736816539,130.07537489855352,16.214425713883447,99.61326739754375,154.40282109256037,125.39171693638548,139.17977691242197,210.0920188849286,144.72793224516764,162.43520330765858,136.35636936453642,163.51207422926706,166.29739579197422,149.5343255300141,378.56885091601816,51.872112669642256
1121,1287.0827847120995,1738.4176769647904,0.653728368217934,0.29408565267330167,0.14427302982867113,49,0.0,0.023788565519053884,2.8232781158959117,-1.126884154497315,1287.0827847120995,1738.4176769647904,1346.327510252867,0.0,0.0,129.54362964266375,16.21558865658633,95.63642120283413,88.68031711114641,108.71521479042983,108.6102607846386,114.21089192509749,119.36748902598606,115.53573377678524,112.21393893346482,94.58804530816583,101.66595143031157,114.72669133035947,91.238267643112,81.13828699053539
1122,1338.5961209336247,1738.6150352447398,0.2546622992153838,0.1168883654038612,0.20242142580094402,49,0.0,0.01515600349750257,1.700577835607356,-0.5764912860572714,1338.5961209336247,1738.6150352447398,1707.101573320971,0.0,0.0,129.5212766538682,16.21568394705366,129.7396042388892,130.78633891871692,129.17928621779325,140.67921529174038,139.2848318443738,123.09838444499972,120.448044736727,136.76947491994022,137.83065378048863,148.33339303508802,143.15869581899005,121.48036763446738,106.31328243875649
1123,101.71329279187377,1738.7136087370423,0.750427500006104,0.27939191626536863,0.10409632185494276,49,0.0,0.0243322285879783,2.4592137030097185,-0.9769906752477935,101.71329279187377,1738.7136087370423,1331.3691752582865,0.0,1263.8335484251763,130.05796884708832,16.21476555916879,88.95047165308955,106.01222452423019,102.47112816063576,103.63978031432552,109.23848802412894,128.3700440026414,108.26432402832168,113.31374192903016,90.65635905157197,108.76888521623295,104.33259195829747,105.07191301150213,62.27922338427879
1124,2433.8362102571446,1738.2536101275598,0.3437720730642326,0.7440762836723291,0.15252746145485307,49,0.0,0.008261731219834142,1.0225672404454191,-0.024229688261454475,2433.8362102571446,1738.2536101275598,1098.2250835182977,0.0,0.0,129.04602499051416,16.21525760625269,69.04220927506714,87.18053943295178,86.96591117059211,83.47051482525669,73.91046878203275,80.07609415560461,93.8383352917844,103.17022794455526,81.81577234536147,94.94617706264525,79.42379109214123,96.82157566635021,67.56346647395468
1125,713.1552780731522,1739.8086368113547,0.6484510217304416,-0.3581741495586935,0.008282854975379714,49,0.0,0.020898923179482616,2.3937346983599577,-0.947690037875401,713.1552780731522,1739.8086368113547,1198.5246531458974,0.0,0.0,129.79266915289395,16.21586457504773,84.38457808381362,95.13759556031226,88.25216466942511,92.04398688793671,99.49551723271745,86.33807010631688,100.5766592046216,88.82961358619663,95.51360563037446,89.78378519412347,105.23066900010338,105.10873158852549,67.82967640143042
1126,1414.0607024532048,1740.0219635122423,0.5237223351595828,-0.020998050640898148,-0.12742236663663392,49,0.0,0.019534946794688313,2.582789689693419,-1.0302226101640384,1414.0607024532048,1740.0219635122423,1274.6892022652987,0.0,0.0,129.48853068748937,16.216285073559703,104.29507257857584,103.10381067207281,92.39735039445694,81.05323540500677,107.68064952709247,113.07034653788918,94.01443862762008,102.93017908146328,104.18895974119783,103.15027250116255,94.57117548661836,102.9495062648011,71.2842054473415
1127,1845.657320115035,1742.2654233148592,0.273371398465427,0.16266871242297506,0.21230079395799903,49,0.0,0.008164981922789576,1.3048147191090067,-0.288872117918847,1845.657320115035,1742.2654233148592,1067.9479158478014,0.0,0.0,129.3012473382271,16.217208679327545,73.6029608343456,87.51062906249643,77.44608139349019,78.2711751614516,71.31132114542412,88.92564947006795,91.09625879005935,86.10318677618532,73.63863388657123,115.26347725507159,77.04708838569834,81.35817976081297,66.37327392612673
1128,2756.220866370322,1742.1299477750415,0.6251718062193934,0.23132313322432327,-0.12053437647038912,49,0.0,0.05787951317379345,6.9649306616559254,-2.1072919930664638,2756.220866370322,1742.1299477750415,2201.3416619258455,0.0,0.0,128.9061368209581,16.216590171678746,165.4002372519414,167.3732981994027,174.0053904623711,166.71695670369252,175.02928177689353,159.06783939561905,187.62656313226924,166.2258919222588,168.2302681744817,191.42170770523882,191.4574100059038,149.4053802977015,139.38143689807157
1129,2372.345299893568,1742.225837200433,0.3265364541054261,-0.6226755788522516,0.07068289230602649,49,0.0,0.010841020149950132,1.2967807769516313,-0.2821664101268461,2372.345299893568,1742.225837200433,1555.950491772419,0.0,0.0,129.07270389460834,16.216956158260704,124.17039363488408,130.7155253043715,108.30255085253557,134.0393350495201,122.81061265876403,126.71910674772197,116.73940661924468,116.4183035863874,110.9187002107316,93.18221597702268,133.9774498075745,137.4407314837543,100.51615983990658
1130,2356.4172836558287,1743.824235195958,0.5830549339872633,-0.2391759155371711,-0.02009507693401445,49,0.0,0.2448223156049749,35.541749809539574,-3.8768470135072257,2356.4172836558287,1743.824235195958,5616.384892196778,0.0,0.0,129.07961424560062,16.217632868264364,400.27313240659055,418.31627280985833,457.3592025349378,455.86204694507467,469.52061083357,414.06401300560844,412.83749225433155,431.67148826272336,451.88454593195206,444.41785858041067,476.41549119218666,458.92087697329475,324.84186046623955
1131,456.0053519000276,1744.9815465580916,0.38048193157919097,-0.04248021035278993,0.25678484009501995,49,0.0,0.01790355613365163,2.7364408240757356,-1.0929651522494357,456.0053519000276,1744.9815465580916,1304.7089165423158,0.0,0.0,129.90425312372807,16.21778966957097,90.9522310765417,123.65067330210194,95.04794700565412,105.1882402404131,103.56833426718461,98.34915744326145,111.50409563021819,91.16104305836149,112.57628910942806,97.02815193971264,109.01103934395877,91.98778579603912,74.6839283294405
1132,2384.8873639302133,1745.274419722318,0.7283473008609056,-0.2399722621649639,0.08173451435407596,49,0.0,0.034281980663034256,4.064921477463185,-1.5226304017416894,2384.8873639302133,1745.274419722318,1432.1556428760218,0.0,0.0,129.06725948477825,16.218217776777347,96.99427230605797,118.25146674574358,98.78334694854497,119.1122183282358,91.15662642662141,113.83842794259475,109.07894610998616,127.77621199710609,110.0151462200403,109.7243321205774,123.03432896501404,128.90606432629363,85.48425443920576
1133,2444.0151272875705,1745.5885454203956,0.5239339706557611,-0.2642476426001691,0.10789928096893851,49,0.0,0.036192500277550485,5.556261385944007,-1.8619566706890234,2444.0151272875705,1745.5885454203956,1503.8762375694969,0.0,0.0,129.04160258211516,16.218306243655658,103.53770664993439,114.99554594927729,114.91313446679662,110.24449690542954,112.18799000034298,130.69833161327682,114.00163037739804,105.99181655311614,143.8418794774018,133.42364139564285,94.63085985271525,139.02231708474437,86.38688724342072
1134,2212.6277947509543,1747.204368590895,0.5322423928270769,-0.11807313905519046,-0.019580168155349614,49,0.0,0.06321288288249019,9.931358711477642,-2.4925216712210423,2212.6277947509543,1747.204368590895,1875.6661916820208,45.490580275488306,0.0,129.14200584617737,16.21912792215079,149.24119811230608,140.99516623137413,161.91377410953686,131.98535541635363,126.64069359280708,145.04674749770837,148.29973690351972,142.56258249336327,149.1622032194544,142.78015853576164,150.8771966777981,166.11746159560005,120.04391729643758
1135,246.22070316842556,1748.2034253565107,0.4384662383988206,0.0642934963506821,0.1782670984921315,49,0.0,0.015570976562525264,1.984887456823875,-0.7443397182188661,246.22070316842556,1748.2034253565107,1186.1163779340347,0.0,0.0,129.99528189578058,16.218901066621044,87.34759576035205,91.03224561279478,95.23775518144525,98.2493747788636,102.63704292939155,96.20725536149493,84.17587158637477,89.91773774526271,77.58502060519669,90.3850662266598,105.81644535431964,89.15211849583615,78.37284829604283
1136,1886.6512694278704,1749.0770130236203,0.9506138422845063,-0.06349862142416564,0.058560382514718075,49,0.0,0.05517771749462965,5.483672964658081,-1.8476788660780232,1886.6512694278704,1749.0770130236203,1661.1993452237607,0.0,0.0,129.28345701050154,16.220037234291322,117.5192365524995,123.42736583403496,116.80243774575254,130.4554895104966,133.6951166074822,123.77525690460396,162.13941120842816,132.95992132268213,139.88582503892326,120.29566271101774,118.84499256022933,128.29671149686123,113.10191773074908
1137,2413.759430703778,1750.4228815635988,0.4976440983840128,-0.25172508468124927,0.07438787006772013,49,0.0,0.13154666502700652,21.079715382828113,-3.3096618568989866,2413.759430703778,1750.4228815635988,3527.5532042624423,0.0,0.0,129.05472749925056,16.22034259925558,262.8973779017343,244.63887076043017,290.7496829924337,283.1233148712133,259.11564970678967,291.9730311234788,271.0932848498449,303.6203294445405,293.32636219728835,284.8627377790169,263.1963889182699,253.2015398036824,225.75463391371935
1138,1813.7202855335481,1750.795189259114,0.5100655380239584,0.007265609483059633,0.41518227890164217,49,0.0,0.024505046017546626,3.4011259077014353,-1.329056773898124,1813.7202855335481,1750.795189259114,1340.665880071214,0.0,0.0,129.31510415831184,16.22076919063975,105.52450831067955,96.8817410017895,102.64560219000859,124.99738505560126,112.34307529193745,111.43514980169266,94.78317774931028,110.13897456576734,109.45125045512046,100.09073527495443,100.0980256321689,98.68967292519037,73.58658181699309
1139,2655.404475489034,1750.5737988711483,0.4180693374270345,-0.6997773101073314,-0.05532118576605338,49,0.0,0.01044126113272051,1.3857794164839978,-0.3542352657547559,2655.404475489034,1750.5737988711483,1028.381784589523,0.0,0.0,128.9498731286246,16.22020652406546,83.3783276789361,66.58901574619651,85.93755970497723,78.6679412856,70.74208305222948,93.09615352519944,71.58540160631483,88.24027047856569,86.27878062898768,76.56507569199665,83.76588551540752,76.74116354970172,66.79412612541013
1140,1245.304219136928,1752.76817528872,0.5555347779428732,-0.06332688365020585,0.06319222838731346,49,0.0,0.012238340790492885,1.2625705512342977,-0.2531391385721212,1245.304219136928,1752.76817528872,1177.2402256129153,0.0,0.0,129.56176312903148,16.221555694894686,77.37621849394714,96.14651691377456,92.26431219330469,101.00118221694206,99.88157765586533,67.55854350760646,76.1371554114464,98.0871717675202,97.95284397321463,100.20318363323167,106.48824733517029,90.29507238835342,73.84820012253857
1141,1349.7909765133986,1754.0709788793044,0.6451545913449231,-0.2934819345210415,0.14907890174942695,49,0.0,0.031306715204725624,3.3519461680912026,-1.313242588224452,1349.7909765133986,1754.0709788793044,1646.7095557717034,0.0,0.0,129.5164224390441,16.22212643320223,109.90646482720359,145.44878657463997,127.44192779342049,125.16006299487374,122.58022142434069,115.31153002289929,116.758498729004,118.42023463896189,137.35739618722906,141.77617997587282,133.07988611327232,139.23095466207425,114.2374118279115
1142,207.1881792174049,1758.0174204275008,0.379232320807935,0.09896566903399275,0.15272840232253324,49,0.0,0.018054371629981247,2.3255195699369353,-0.9162999964494777,207.1881792174049,1758.0174204275008,1471.9638300258043,0.0,0.0,130.01223026977476,16.222942740180002,104.3368850753528,121.16270762447607,106.60736857210317,127.5492673781485,118.22894034785217,113.25985001544177,112.65696271213297,126.6110801796553,125.63157327101644,117.21032912992077,109.99867896351851,107.83045854643649,80.87972820974952
1143,634.3000331924334,1758.1077673546147,0.5542713276955349,-0.21261857326793882,-0.13687328971312868,49,0.0,0.017387474256416905,2.178603025178394,-0.8454452558808458,634.3000331924334,1758.1077673546147,1138.6651971079305,0.0,0.0,129.82690133226538,16.22342460186348,83.08634456932003,79.98651437998134,85.15501342965209,94.01513109073282,92.4612753694107,94.65327364589344,95.00648918921706,84.25419683443862,89.69271168779548,75.77091305343542,90.92743609148424,103.31909474375976,70.33680302280948
1144,2397.05005188628,1758.8552548004077,0.4395985970191085,0.02181569935055968,-0.16338227677859074,49,0.0,0.008323658169726184,1.1109396205833246,-0.11422613934122626,2397.05005188628,1758.8552548004077,948.8701028044404,0.0,0.0,129.06197195805512,16.22386787491085,83.68927018364872,80.44355069673686,73.66741108666919,74.66364959066038,61.576817899609644,77.02808486545123,76.50339816581263,88.77116077153708,64.09639020545367,71.61480844224494,78.15128353885102,66.61608086166137,52.048196496103614
1145,948.6676953462105,1760.0771361314694,0.4292021922689451,0.22665031825665427,-0.08054090717302263,49,0.0,0.00825192708457177,1.039787934997788,-0.04236193466185692,948.6676953462105,1760.0771361314694,1060.6881967922502,0.0,0.0,129.6904887127093,16.22446938687236,91.97903832144996,70.43869709450314,85.64458133099413,66.98992411163191,85.6363378866001,100.8445283425491,74.01668351764377,91.14076008834407,81.87325663746776,80.63314858845409,91.35141933696146,72.22021497242494,67.91960656322557
1146,1684.5075178946481,1760.3974824104755,0.3501738267460785,-0.2896178758080729,0.07218164712122054,49,0.0,0.008167687921103998,1.104782159315981,-0.10819163094946611,1684.5075178946481,1760.3974824104755,1017.7626382177114,0.0,0.0,129.37117400480906,16.2247870677032,71.5981736827436,70.9917038237334,74.21618268606292,76.72379942091405,81.39356005038152,83.38619146923048,92.64552008348315,83.38357437666139,79.04431501705068,68.38073364313871,80.76001566192605,94.54164062541805,60.697227676967316
1147,2114.0323479455164,1761.156542446045,0.48315330886604874,-0.1470031556236633,0.14966686980602523,49,0.0,0.10754754576632539,17.510840581703338,-3.108267485601695,2114.0323479455164,1761.156542446045,3097.1335534526243,0.0,0.0,129.18478275260782,16.224990187999765,212.28215071246575,237.93323996987823,234.68894572032758,237.84970665020228,266.89387898211555,235.18912288722754,247.14576234289933,223.3047048783683,246.33069525110483,238.25336410046654,227.47312388811082,280.1213011396512,209.66755692980672
1148,1589.1581527362346,1762.2969249390824,0.5167951332704387,-0.14676010049844132,-0.09762462962954349,49,0.0,0.013557198091461505,1.6998191717820426,-0.5760068080423452,1589.1581527362346,1762.2969249390824,1127.285095362428,0.0,0.0,129.41255081320497,16.22558155563312,90.27352488883346,101.58435946355243,100.90047549668901,82.6704454173045,85.88930897374668,88.8686076328042,80.81862983134651,85.86834211234802,66.10394512241783,86.5891733083237,86.01331989541399,94.85503697409962,76.84992624554795
1149,419.0886979075908,1763.929922972741,0.39174742544189284,0.09171048860839125,0.32519327765349015,49,0.0,0.011736651813788546,1.7045507004592062,-0.5790248087233522,419.0886979075908,1763.929922972741,1082.2906283433422,0.0,0.0,129.92029179088306,16.225646665408863,59.492343601868626,95.62283290523735,89.78433649132681,68.9419492435159,75.96926131216541,94.43048825361424,85.01260374728008,93.3692385539088,95.93540404985286,76.44633290624205,76.2063363931739,95.91089827135815,75.16860261379803
1150,2483.269025581374,1764.7556381775064,0.6422123430186677,-0.1292297890249202,0.06872919320499771,49,0.0,0.2870940807271447,39.598846747896594,-3.994206344970478,2483.269025581374,1764.7556381775064,5905.810470123992,0.0,0.0,129.02455416384998,16.22626248269765,382.2490469137705,473.81029968313953,464.7329592885535,463.2922134522587,465.03402274159623,489.2229809670358,484.4635872292452,432.5709170624905,510.2607301539135,455.9686637471913,477.58402668337635,449.1401906224273,357.48083157899293
1151,474.0174612259212,1767.1473576078383,0.5578091510043512,-0.0681928782466232,0.1964815402079121,49,0.0,2.3432773576654573,346.54953969997297,-6.349413315843408,474.0174612259212,1767.1473576078383,49559.354407204286,0.0,0.0,129.89646044890816,16.227043100859234,3484.7637460914243,3850.409983028081,3864.4464985929626,3927.571990498617,3852.8778714155924,3932.99743488833,3867.9545396499575,3999.759171709327,3985.494390134852,3881.4785295182246,3969.2065542263563,3945.781682883462,2996.612014567111
1152,2247.352290016984,1768.8489822330998,0.5886921647549551,-0.2007532346979209,0.1222695870267142,49,0.0,0.3128294298023911,46.08608734904536,-4.158924596583325,2247.352290016984,1768.8489822330998,6361.785181356664,0.0,0.0,129.1269251307243,16.228127124912174,468.51965160318844,526.2654996056204,492.6535889983545,452.975836081157,512.5828012772445,532.4234796291651,513.3863932607608,493.66463085766213,464.57851280118666,514.0117753845125,528.5608695974327,477.74359252343845,384.4185497369413
1153,2826.653467809143,1770.421888785658,0.39717422045571776,0.07786165031815408,-0.2250190485470781,49,0.0,0.3261766908021701,46.98459426124293,-4.179888702067803,2826.653467809143,1770.421888785658,12908.920562023544,0.0,0.0,128.8755445780785,16.228304041228665,891.7336062753416,965.7962416528851,1032.3596212889793,1000.245599154655,1066.298190999065,1068.5286128743876,1060.2569074377693,1018.0070079142765,1047.3007995184205,979.2972188749999,997.3366415701755,975.2641631277168,806.4959513348701
1154,2406.7032336089146,1772.3772456296715,0.7087456802075134,-0.33599604473414957,-0.2574612157924256,49,0.0,0.016425886674030107,1.8706986746304526,-0.680009596376653,2406.7032336089146,1772.3772456296715,1091.2113661829567,0.0,0.0,129.0577731633614,16.22949510429797,86.18007030417746,96.49235953030319,87.88266464728355,77.76987781948712,84.85516196151971,75.13111267114326,78.26211912747915,93.28335784587321,67.48874967177838,83.83859402858499,67.90385100687806,109.74908028069515,82.37436728775357
1155,2780.656452716764,1771.7468396656864,0.5312242802278382,0.21211733787821369,-0.2850913981643826,49,0.0,0.05923189755722938,7.311108864512782,-2.1599581268055483,2780.656452716764,1771.7468396656864,2667.6723260421936,0.0,0.0,128.8955022861745,16.228904885645537,214.7647323004803,186.7434344324331,217.38376301628563,205.25395200119905,201.5584217105911,214.53410167531698,220.4625899829683,187.79925412789538,233.0874044011586,193.19387341055443,206.31745274509186,212.38663036359685,174.18671587462177
1156,694.3552475943203,1773.4765676373988,0.5576192046923465,0.12780283342898943,0.19801094297174787,49,0.0,3.0808370257757973,461.4918564002918,-6.660410104403631,694.3552475943203,1773.4765676373988,62611.51637901993,0.0,0.0,129.8008545855971,16.22987767537791,4499.547288227677,4833.978404922497,4789.217308980669,4805.698668567728,5006.4881312012,5025.9725393933095,4983.372064488087,5087.455995349664,4889.38403114503,4832.655419174592,5128.926440087191,4917.68534644205,3811.1347410402086
1157,1972.83630750256,1772.5086881073144,0.3462837390155612,0.1245535956231485,0.2281039181767951,49,0.0,0.026736672083171327,5.09365973295737,-1.7675748245593947,1972.83630750256,1772.5086881073144,1462.4340860869218,0.0,0.0,129.24605021701157,16.22977536784483,131.46448043010562,107.52054509155244,107.72543088848049,118.94272765198156,111.55918769498317,107.66305726622426,131.27467953053267,106.94152718726724,116.10941081516293,112.24865858791091,111.50616708388446,112.99403449211735,86.48417936671878
1158,1378.906869531458,1773.2017054134624,0.42674734549569737,0.2443953966275763,0.6627326983346927,49,0.0,0.009992460314883407,1.0475384649964752,-0.05042494742282625,1378.906869531458,1773.2017054134624,1139.56526089446,0.0,0.0,129.50379170301218,16.230103608376695,78.20585507798461,89.16286914279051,94.225860382398,107.52248348920529,95.58050433732387,79.11155697532041,97.7421715374991,85.79278241872058,88.15933422471517,86.41964837891246,83.81452935085824,90.03487794851864,63.792787630213056
1159,643.2582314842251,1774.8730745951284,0.7341966508190644,-0.22334221181428965,-0.1079849592232254,49,0.0,0.01590218053261829,1.6750098835945963,-0.560043434966385,643.2582314842251,1774.8730745951284,1047.803682458382,0.0,0.0,129.8230288313205,16.23041754830693,72.02039553782153,85.7701684049322,99.52604731449479,87.91425496340558,68.41452044338502,65.7567962508716,85.21438982028656,85.56816920896011,64.75858765058258,86.86005297781165,87.23140721245517,105.22906616693099,53.53982650644413
1160,2280.8017246367235,1774.5243595629427,0.5845973500230269,0.00938984759283298,0.09115609414890648,49,0.0,0.739156913235196,107.70268920180831,-5.080566368062164,2280.8017246367235,1774.5243595629427,14843.250440416554,0.0,0.0,129.1124063474733,16.230472255267905,1104.882677424291,1206.1028900919414,1150.0857741267932,1231.499782907882,1195.5811308311322,1170.2601005656174,1120.2464842319923,1165.790841004783,1205.7717907036267,1076.2309360433446,1151.9879228539726,1156.4113395189893,908.3987701121891
1161,2888.6892379559904,1775.0033977159205,0.2770016130179623,0.019245048528679556,-0.7468259367481056,49,0.0,0.034893917238344216,5.189350447122755,-1.7877825011314232,2888.6892379559904,1775.0033977159205,2453.397520916982,0.0,195.31481544902005,128.8486206712561,16.230144133000824,187.3837979951076,192.38766553729351,186.92196192176874,188.04153455963973,212.9465545432169,169.6274719584075,194.37249106418466,207.60036896894687,177.91949990372595,216.1747438977966,191.23246954223026,168.66432991113587,160.12463111352758
1162,2726.1998280100374,1776.057133069889,0.5227895558483615,0.029154374446316737,-0.15020768217329067,49,0.0,0.26507917211874155,38.6673591162528,-3.9683612796522922,2726.1998280100374,1776.057133069889,7543.68144746715,0.0,0.0,128.91912802748135,16.23075614394782,486.61043144760725,586.7674382833263,555.6977065627825,621.6278697169375,627.649340097183,580.341921355537,637.0153870335438,610.1253797991694,594.9885946191605,571.3257413288095,573.8698566693488,650.0986576637897,447.56312288995537
1163,2308.8452663258217,1776.9237602532462,0.40603002782095066,-0.5949449243323144,-0.11333383930099225,49,0.0,0.010028623462270974,1.1025358533829008,-0.10598180299860882,2308.8452663258217,1776.9237602532462,1209.2590017369537,0.0,0.0,129.10023529084566,16.231454815007208,105.06879013549727,105.31272624148028,74.15787834439138,91.96417986252868,105.91059398059022,69.1571720438221,103.56420403253617,102.0255441073119,102.09033742829538,92.05486067615927,87.158604931482,97.31305608408788,73.4810538687711
1164,942.520123815869,1778.0609237609501,0.4892014359342957,-0.029908154735117768,0.07750798062100288,49,0.0,0.15029633419554397,25.368711899809625,-3.510746041033558,942.520123815869,1778.0609237609501,3706.25744750066,0.0,0.0,129.69316720295438,16.231958977650265,272.05707848381815,281.44163137381423,288.6103924450328,268.9187050075832,291.09743671085414,335.31300823607666,310.85444420118137,289.41220478535666,276.91982704955655,277.90345375611537,309.25589770695,280.76198088039325,223.7113868639271
1165,1526.4393873103315,1777.745628793844,0.7254029389242417,-0.07483609600590037,0.3028155302795501,49,0.0,0.06588632674515359,7.929362846882025,-2.2480957289496284,1526.4393873103315,1777.745628793844,2047.5470299319882,0.0,0.0,129.43976873189592,16.232016143196805,140.372831217356,156.51222792621482,172.63096627739964,135.3029482008381,150.18038831224914,195.8537402649934,166.50626781867606,166.2010681836403,149.89898248560615,174.1271464093363,170.3396447607439,155.5325971895706,114.08822088536373
1166,2817.3623260748236,1778.4159831341308,0.9574781891199156,0.4013943500276195,-0.012666707045222565,49,0.0,0.021794544379763088,1.6743163218434087,-0.5595937772931249,2817.3623260748236,1778.4159831341308,1731.446807009642,0.0,0.0,128.87956730578352,16.23164477574542,126.11227678875488,118.78007228782462,137.461699958805,145.82650651815968,128.71669507598455,146.27292741013392,153.10164080718107,124.54329379270195,133.14363743280782,124.57304613491684,136.47811612709734,146.5327500832496,109.90414459202495
1167,2094.9380793420123,1779.5653556162176,0.7537810538900985,-0.2176891075261774,0.12679346937114613,49,0.0,0.02419267227855621,2.787667459342331,-1.1131024138928962,2094.9380793420123,1779.5653556162176,1222.0333452056473,0.0,0.0,129.19306026493544,16.232668946559567,86.47394387484961,87.92431561974277,73.22330905333419,100.3935387246938,103.64678575928147,110.74886719571865,104.96009934431541,92.86660138061906,98.69943729496329,97.50521081388445,86.00466205937684,91.81424709561323,87.77232698925454
1168,2791.280265058108,1782.3921897291252,0.3739398059230751,0.29464406148210087,-0.09393862110293046,49,0.0,0.0289668298683411,4.344958904408786,-1.5949641828748906,2791.280265058108,1782.3921897291252,1811.4222800616567,0.0,0.0,128.89088075706567,16.233329153619618,139.3697969306943,159.23904097070312,137.91886355855618,137.60020410681767,136.19214288104695,126.02854618200573,135.9768045124658,150.35144401882587,132.828872333793,140.73183239633642,146.60503741508737,138.9650259462727,129.6146688090516
1169,2720.693194398878,1786.823869577075,0.5919405381902462,0.44989090961710737,0.004761835913002386,49,0.0,0.07997562199269842,10.254000722190868,-2.5272333592295237,2720.693194398878,1786.823869577075,3014.8585681188615,0.0,0.0,128.92150650192792,16.2352475691791,202.6611989900199,226.20875769127133,225.05224380278878,238.66117166146296,238.86124444202946,238.92881173269723,245.95391982548767,237.88133263839308,216.66616398995296,215.94653969251428,246.69306325760675,273.4019558677248,207.94216452691256
1170,822.2354158439678,1790.0612320219886,0.5755719029547088,-0.04310217811703856,0.18540684653131043,49,0.0,0.4846429423282589,73.10796604952722,-4.659911753710004,822.2354158439678,1790.0612320219886,9359.449342962984,0.0,0.0,129.74537361034172,16.2368828130635,632.365964783029,772.6236428225297,725.9034884079933,761.8034170918489,762.3922271038518,762.1331723853953,711.440190283909,781.9313785551462,734.8377482417905,694.8940951654037,732.1043027303585,687.4207483815146,599.5989670102122
1171,2282.884709842469,1790.8802884912018,0.7891789869267037,-0.17613078168582402,-0.15800962533238772,49,0.0,0.021785364924360298,2.2918400989684633,-0.9004607843747907,2282.884709842469,1790.8802884912018,1282.2184056804058,0.0,0.0,129.11149222550569,16.237285870898344,87.26390761648923,103.73205778726255,95.62982992234211,99.12200858266266,83.41202662704498,86.44567998524005,102.51508906853842,111.33604696333612,115.95020259038257,110.17754555733256,95.68652293256795,115.88436703580061,75.06312101140591
1172,1749.6809042033628,1791.7482358419525,0.21568957833028543,-0.14588745769206965,0.2645363686881244,49,0.0,0.010810974757159732,2.0390636664580075,-0.7735769653278014,1749.6809042033628,1791.7482358419525,1232.453068579533,0.0,0.0,129.34288780176186,16.237843151741078,78.77215189526956,105.82259661112523,103.88741663743178,108.0546164783793,85.0809230513881,93.16606349553464,77.56752198891485,96.0590522082237,101.97893421775576,82.38188293795722,109.80153243962253,114.88963727297804,74.99073934495229
1173,1214.6394733109896,1793.1900045520456,0.4995199421353259,-0.20273464124426424,0.13636229746774775,49,0.0,0.04919121057561024,7.59161762010112,-2.200835812805778,1214.6394733109896,1793.1900045520456,1892.0540364280366,0.0,0.0,129.57508402280064,16.238388008955344,154.4908639743186,153.37463609455065,148.90561041079815,128.55420515878382,130.00144373305335,159.65199400291453,144.3915670788149,143.50047612484963,147.67604486755738,153.43231518159627,137.09279940679988,147.08658580762312,143.89549458637651
1174,746.4919767552368,1794.145688845952,0.4838960764101807,0.053021574937753446,-0.009859781867368633,49,0.0,0.015077884604746227,2.0882426305506616,-0.7994523936170667,746.4919767552368,1794.145688845952,1129.9428900231705,0.0,0.0,129.77824641433645,16.23853008374885,70.19880311746243,95.50015400632265,83.74446997589538,73.67649540799324,92.57846074095178,88.7996174473062,95.00769234523185,62.01939168628937,89.52863656613376,92.6860238350788,97.69042020036073,106.80868304044864,81.70404165369547
1175,2740.343522870186,1794.4768827649834,0.7458539990135781,0.07051583568469327,-0.29996723554594673,49,0.0,0.01608612935980395,1.5579000739286917,-0.4813489948093947,2740.343522870186,1794.4768827649834,1207.0966681235254,0.0,0.0,128.91297142555706,16.238416608569892,98.12529172428304,86.15685139518779,69.91574707806629,74.87450183061556,114.88254332978019,94.52475126021137,115.98930573763013,102.92379835827808,90.98506434576245,87.80633873480625,100.42968547603853,101.86970237178807,68.61308648107766
1176,1114.3117802973197,1795.0854064766183,0.4778571881285408,0.12810355593951187,0.2888344494892743,49,0.0,0.04341411748424108,6.871894325234394,-2.0926911809285804,1114.3117802973197,1795.0854064766183,1782.6985777449268,0.0,0.0,129.6186245338594,16.239139147100605,117.72995931213192,141.18512112838863,136.57204169990587,143.3951582824734,149.26548415855194,140.19796451879822,149.266723966031,137.684973475407,120.687533837776,145.10343021831048,140.69377661390757,149.50346596922716,111.41294456401755
1177,2425.0873430346783,1796.9037774240917,0.5053217162407833,-0.1832953546514781,-0.26087380528738047,49,0.0,0.021302603042306585,2.6306235560082425,-1.0501467617522688,2425.0873430346783,1796.9037774240917,1444.3600607028184,0.0,0.0,129.04977699493583,16.23970105386289,104.17120939305306,133.27049867684377,102.43729066955999,115.74101685244233,105.94732091636675,110.98802279420761,129.73049986220394,107.98856716804362,88.08286008138266,110.61182809640786,127.03868021168947,117.03039724134138,91.32186873927577
1178,577.191820753991,1797.9014829293285,0.7243480681844509,-0.5043536019091595,0.3301544642879747,49,0.0,0.011817407285509065,1.1554154010401188,-0.15684538036540044,577.191820753991,1797.9014829293285,975.772747027599,0.0,0.0,129.8517191225258,16.239954707892224,68.4172867903925,72.9246845698358,96.06665862973236,76.59718127173801,67.4936044451611,63.71698364360496,70.50332640520308,69.36599770082387,64.89122141550766,94.54452715175196,86.9997345344481,96.99998320904581,47.25155726035382
1179,1945.762377074445,1797.8408200263539,0.8038358572280403,-0.10223659951363284,0.08509942803506632,49,0.0,0.06324999955650312,7.168740183124883,-2.138607101306867,1945.762377074445,1797.8408200263539,1762.6765231102738,0.0,0.0,129.25779114374828,16.240338935734925,92.76103022775749,120.08847124594561,130.99519065539982,129.43744663020303,136.00220827228645,141.49836558417388,150.56317003475337,145.31125835601551,145.28431528313484,131.19595359306737,167.93418308254206,145.78870747724875,125.81622266774559
1180,1977.1632207396383,1798.0941442788012,0.48928000329457866,-0.04497883848395165,0.1676128904817712,49,0.0,0.05593888063241163,8.866353016046027,-2.369362547125376,1977.1632207396383,1798.0941442788012,2033.561927831025,0.0,0.0,129.24416370767872,16.240434482693328,141.40063924569824,147.8883508922342,157.98158780887428,152.18018625800937,152.6961912440704,168.87693928916093,157.72223733963227,181.12493446055785,162.1754962909334,147.4947288931666,158.59788590367114,180.27664775564386,125.14610244937236
1181,787.2447116508773,1799.893830953309,0.7125698636279144,-0.033876330010442775,0.17032118282584233,49,0.0,0.10968880045947463,13.956696505173271,-2.861956586664575,787.2447116508773,1799.893830953309,2497.8760177775644,0.0,0.0,129.7605655155311,16.24095507356439,174.2862051496951,198.88158207879528,214.8047184659305,192.4069955145745,191.03398521575002,189.57166722355055,185.33979680236655,207.01749970792758,203.2207190918528,186.19167335515726,190.7555872069242,205.0471628425163,159.31842512252385
1182,1478.578933410191,1800.0476538611808,0.6726216014209622,0.10372158114459458,0.09484966671455655,49,0.0,0.014687064568370526,1.527523210126625,-0.4599695447551147,1478.578933410191,1800.0476538611808,1098.109683805488,0.0,0.0,129.4605409791264,16.241304495010237,77.9339432373936,79.26220215671955,94.53284626470804,80.01355284417747,81.25367697371314,91.84803398419359,87.95978117969761,80.69347266100395,90.98184259589529,82.34598812667645,82.44280832876404,98.9465604452147,69.8949750073305
1183,682.3548644423076,1800.536588129764,0.5908565756805781,-0.16995603453076355,0.21310564784822547,49,0.0,0.11555566119209833,16.84418247253487,-3.0661248436827497,682.3548644423076,1800.536588129764,2994.9268765218544,0.0,0.0,129.8060847647419,16.241142736317144,203.6826240668031,221.9734623741747,209.30422488247387,232.3393394331596,239.57525646890298,238.73946291433677,251.26899620226135,234.75483290710497,252.2300435179997,240.84715419094482,242.12926185004127,231.20450813175367,196.87770958189742
1184,1140.4544018194158,1802.001619124376,0.5603689112557237,-0.21010431356623568,0.18908252524446204,49,0.0,0.01707665230708647,2.2752807420570873,-0.8925874774321746,1140.4544018194158,1802.001619124376,1189.420157431616,0.0,0.0,129.60728218749813,16.242031794798223,82.63073940544226,90.70657744484033,99.03896095311946,88.12943527335621,99.98740256197877,84.46872250430448,109.10567667401239,83.60339478888417,109.80425228654741,102.15916229548448,84.35260885990935,79.75597118329517,75.67725320044144
1185,2090.7718041384405,1803.572697414378,0.8436269114684325,-0.8245684904066897,-0.22344052452693983,49,0.0,0.012167441139240273,1.020119512308061,-0.021627636501379884,2090.7718041384405,1803.572697414378,3141.0169902316,0.0,0.0,129.19485749843494,16.2426737269936,237.29453290673322,245.0187933164481,249.648869757848,225.73872663857816,256.3531791922543,266.3262873571347,254.3915753252814,242.20052688012387,262.1157742225195,203.7288302250876,239.1921686499533,259.7230210622459,199.2847046973926
1186,481.5879685076894,1803.5103449043631,0.24109366396004805,0.3829720188979369,-0.5788887296727344,49,0.0,0.03433674843169912,3.6302777383706224,-1.3998496312043065,481.5879685076894,1803.5103449043631,3293.7527179582767,0.0,0.0,129.89321263850192,16.242201269281697,225.44359271393313,269.90999406790877,267.9413330187473,267.06402330292303,262.8521813604773,284.68618424528256,268.97285258799764,257.6048289750167,255.90018582086407,256.2683838177518,248.44002236220183,247.4653605312717,181.203775153901
1187,2690.147951195333,1804.113192941879,0.6657150119513158,0.18362367843438587,-0.03316189633635608,49,0.0,0.07949285708564707,10.032561621679193,-2.5035295898093706,2690.147951195333,1804.113192941879,2358.349706010962,0.0,0.0,128.93474416719275,16.24248097144807,150.4185276704633,207.86397604295416,164.244626373989,196.1887202377144,206.02799803087964,199.05517838333628,175.2482774023698,185.81368626427553,206.13263105271574,173.36791054282043,181.66994398915114,174.7840441722053,137.53418584808725
1188,1520.7012525152772,1807.2252500078816,0.5027066996716575,-0.21810122983167538,-0.034552994821636054,49,0.0,0.017227093643526696,2.474282113710409,-0.9836230392055136,1520.7012525152772,1807.2252500078816,1171.0694739642777,0.0,0.0,129.44226103381865,16.244298903058013,97.46996999253565,80.6433186816133,104.67824971621269,94.00750098133217,94.46289698581194,84.21666488792674,101.29747444307694,107.0811115844561,84.96731027807095,90.53026193623674,67.66178072074126,91.03477162888622,73.0181621273771
1189,2098.2097979909618,1806.892141239586,0.5955967678372254,-0.18946538488276424,0.0812339587252961,49,0.0,0.2077517587557561,30.131002990167353,-3.697533971387597,2098.2097979909618,1806.892141239586,4650.6062265485825,0.0,0.0,129.1916280260205,16.244053572191397,357.03677368610545,369.30255619354307,361.5084442292194,347.08598153982075,343.4291642863343,384.76186159469853,378.9619102286239,349.01118836473,383.1673429163094,361.5636719133027,345.9542118567831,375.543314899175,293.2798048399372
1190,489.208571683796,1807.0417720265866,0.6669478258055832,-0.36859923672851863,-0.08991671579610941,49,0.0,0.012443382355959565,1.172785683392324,-0.17304663935948153,489.208571683796,1807.0417720265866,2057.6091282032303,0.0,0.0,129.889909208118,16.243680142712115,139.77924109008705,174.84487645700227,169.78485156840858,168.1305576721146,167.30388611575717,159.7502262540215,164.3994026250549,153.01097505487087,157.42821968027903,169.20417113785834,153.55910564316932,167.21657482136493,113.19704008324169
1191,1289.6401835369816,1810.9629233269575,0.9094787227958819,-0.154825104958322,-0.1694873636690869,49,0.0,0.028181327206309056,1.2377773031216655,-0.23160628714382456,1289.6401835369816,1810.9629233269575,7844.0406367755695,0.0,0.0,129.5425405464253,16.24581641307694,554.1866628499181,611.7741887573236,641.2793645279942,644.5712642102625,628.767009459461,630.1623095377529,615.7068126545947,606.6283215856092,629.8437880382551,596.3204057486861,615.3469301275693,606.4746902843953,462.9788889937473
1192,1294.8933522870561,1810.2318661640586,0.33917928949690257,-0.6571338126750154,0.024880497075672397,49,0.0,0.01756042291137359,1.442542779947674,-0.39782175356373456,1294.8933522870561,1810.2318661640586,6123.949058338907,0.0,0.0,129.54026050239577,16.24551323711442,438.09047790527336,474.5185820106385,482.4523052627417,509.23916660417456,480.3134173866496,524.617165580302,481.29464061781425,454.3199918700133,500.89663863438415,422.71875519935963,490.8097352665639,479.3025341067439,385.37564789424755
1193,2444.405834943315,1810.0456788095203,0.5911519914812606,-0.29016507532627694,-0.28492583036644303,49,0.0,0.010650991164062366,1.1534627339226946,-0.15500891974101055,2444.405834943315,1810.0456788095203,1011.2350427401672,0.0,0.0,129.041383292547,16.24516249865501,86.79593913270253,90.75960650756096,59.8748826347329,79.29818437982746,84.64361653570768,88.14689333030627,79.31334564879594,66.64022517694056,76.27306369058905,67.2359194821874,85.61791649792411,88.94948730369298,57.68596241919917
1194,111.93594507941226,1817.0547385023422,0.5668012101895418,-0.17149136723099856,-0.011337556616940187,49,0.0,0.18014269307179545,23.936106144004107,-3.44763375513892,111.93594507941226,1817.0547385023422,5532.445893103068,0.0,5048.497739286573,130.05364016067492,16.24741902158671,383.04783483792005,463.9749666098958,430.20027398826295,406.6430693013517,483.5138616197531,479.14073251299175,462.7480380227137,436.467277525265,467.4645812852416,425.62890385767844,473.6792103046357,377.5123782312127,242.42476500614595
1195,852.7697968897579,1817.165032109899,0.6845196866992119,-0.047114881701485,0.23970155768506415,49,0.0,0.061431525028287304,7.885055928202266,-2.2420119452477465,852.7697968897579,1817.165032109899,1780.03522956481,0.0,0.0,129.7321413893938,16.24819641549063,122.49156847265121,145.3024153872792,133.0419623645868,144.1341771936169,132.84598528392976,128.10561645886222,133.46269043766128,133.10787584389536,125.8544385151609,146.23228791515461,163.50940171747396,150.54611702739186,121.40069294714596
1196,1973.9412206040838,1817.259938331203,0.7626027243116412,-0.0653296323317096,0.11720224594938985,49,0.0,0.035559737811711,4.099765459267999,-1.531897530421749,1973.9412206040838,1817.259938331203,1360.6080455271688,0.0,0.0,129.24555544466833,16.248421246741668,89.22138132594318,112.21606518421275,111.71362557111041,104.81225623160412,118.54155672367779,110.76376099466201,90.43546206218232,110.60907776740136,119.61689235521561,116.24270616006466,105.49398843798897,94.0478133741353,76.89345933897013
1197,2153.3920120678745,1816.9980612298725,0.6736281828566664,0.2512790807171712,0.08559780814752149,49,0.0,0.02252918527142806,2.6994528049490922,-1.0781893475498685,2153.3920120678745,1816.9980612298725,1210.8655271643706,0.0,0.0,129.1676746618991,16.248238734430412,90.00844718242226,71.51296229512093,98.88807625995335,106.17361898582757,89.35112398407247,98.50123253444207,85.20649272964576,89.34632629615679,106.00839984177858,106.77151928177966,92.45448374081795,96.79762893742064,79.8452150949327
1198,906.0231335107218,1819.5756040187957,0.7768620871737321,0.027095462158870497,-0.002058478163557094,49,0.0,0.021288080660221472,2.1671583275966753,-0.8397266025839877,906.0231335107218,1819.5756040187957,1226.9032793264632,0.0,0.0,129.70903159538574,16.24923471459652,85.83846380139508,106.81785470341845,100.84211884564075,78.33439852387528,101.24798912432036,102.00301972616788,92.06822476979352,92.94105976838159,104.09025794998166,91.3178716166768,89.11347376956223,91.92457739004762,90.36396933720212
1199,103.08467204875798,1820.2709081702435,0.4452527094299627,-0.17985175781181664,0.11874214442824672,49,0.0,0.007860383968510503,1.192718967918179,-0.19134531483339773,103.08467204875798,1820.2709081702435,2312.0699243019044,0.0,1763.0239754524257,130.05748553761825,16.248747334929952,129.17129657497372,152.25101257542036,183.21120645609972,160.80838314653337,180.22132191603043,222.51555564811397,186.8942378018154,207.02561481832964,174.69974964277154,172.6795838404953,237.10564622410737,151.66249784157512,153.82381781563853
1200,888.8012595538657,1821.9150856404367,0.4927278587474518,0.41526836964957453,0.5529376289818695,49,0.0,0.00900940085449275,1.1040379367587823,-0.10745999200181164,888.8012595538657,1821.9150856404367,1056.3146965405806,0.0,0.0,129.7165072596552,16.250198788705188,80.71001139786655,79.7047170099074,80.87389780951273,77.60009044892718,97.37266020843614,86.96573169979789,74.49663485660773,75.3226603402388,96.957760360359,84.3876607441531,76.73702945882661,87.46934991035191,57.71649229559554
1201,1544.8341546059194,1823.135364443239,0.5237495023816608,0.018011410692252323,0.40505105487625803,49,0.0,0.029039002632732912,4.101964190276982,-1.5324796617574972,1544.8341546059194,1823.135364443239,1660.8614915413239,0.0,0.0,129.43178835629476,16.250929543754932,114.79744252514062,143.23698807033688,126.8630211982375,129.98410623475974,142.13633839108434,111.38395203311725,123.73892740730656,130.12358645150124,130.87173159505022,127.2712078152964,129.42227861295777,141.24477134757768,109.7871398589578
1202,800.0310330970262,1824.6026476321808,0.6335738066268554,0.24878930131527383,0.32296515833888545,49,0.0,0.023402645956144635,2.793478493187422,-1.1153633302589108,800.0310330970262,1824.6026476321808,1272.504237168705,0.0,0.0,129.7550347388907,16.251259306325988,103.19574249099855,108.76749649061713,95.08263702997942,105.91493241905596,90.49244194218761,109.62841633267374,80.50110032856321,94.10540574307583,100.9782905782431,83.44164590717853,114.14126073382921,102.03628052745037,84.21858664485221
1203,1307.234592793076,1824.6309985442215,0.40438890946815875,0.6177689445059276,-0.6042314294213271,49,0.0,0.027052933840777272,1.2199168566462484,-0.21582558092825105,1307.234592793076,1824.6309985442215,6660.011315848956,0.0,0.0,129.53490835750236,16.251516108653377,496.5422582780595,527.4183154190168,500.2452667320765,543.471633084059,517.3404262163789,477.10005867881387,551.9142317579235,483.92651881214465,523.2618555694737,544.4697352682201,560.8490010218134,527.3185880956844,406.1534269152912
1204,1322.1337544689136,1827.4205715513172,0.5236221587241725,0.04079015475258159,0.2572449635427989,49,0.0,0.23947814133195458,37.34672119548323,-3.9306311988313785,1322.1337544689136,1827.4205715513172,5831.514839595022,0.0,0.0,129.52844274149342,16.25268218636417,397.27180210581275,454.34800135817056,445.02651607706787,422.53310017410007,481.21009654475563,438.9285508938164,488.4263245193698,475.82690146279873,446.2730731596377,447.391257156456,470.5875543446783,495.0398425460204,368.651819252338
1205,2121.49920936785,1827.2694027372129,0.5022248099193966,0.09006753789284005,0.2898242344713092,49,0.0,0.010230991484065591,1.2246750526284187,-0.22005217772883928,2121.49920936785,1827.2694027372129,1102.0882961776354,0.0,0.0,129.18151104886823,16.252533538002506,85.84101351243764,86.12821206508305,86.88240629177766,79.22882505689856,96.41781024632282,70.0354117035786,98.03251076753665,83.87841199125347,81.678172928351,81.36037344169324,110.53129641426241,80.26042933748565,61.81342242095465
1206,2898.496347062968,1828.9700523150912,0.3985162160071948,0.023042556197204564,-0.6669057655421063,49,0.0,0.025946468011637944,3.2622808248970796,-1.2838033585399944,2898.496347062968,1828.9700523150912,1933.2023237938301,0.0,810.2472152921935,128.84430108534792,16.25261791996796,132.15165927694642,164.81466265974038,135.66205720030712,136.12814805128272,147.84160984902252,134.12573240063418,165.2303198885323,153.37200157069606,137.8435962402182,147.3025598901048,175.64948621580328,160.96793788971763,142.11255266082446
1207,768.8043315430292,1829.8854814077863,0.45439008005949144,-0.3098491079268826,-0.00956715044973036,49,0.0,0.009608572252799782,1.0715577961543887,-0.0750390009131097,768.8043315430292,1829.8854814077863,1053.1157922633322,0.0,0.0,129.76859088102773,16.253437929657164,81.49617068352265,66.25282278422503,70.9275551221719,78.32213706008243,82.47428171990045,68.55510306038096,97.88409265982091,107.16609532019797,78.17384183095075,97.00811983370934,71.94163686772163,86.30868314816425,66.60525217248394
1208,2853.3965021873323,1831.1366449994239,0.5552907774061846,-0.08765546039551064,-0.5608313019944178,49,0.0,0.03455491516860503,4.070213233162234,-1.5240429048566138,2853.3965021873323,1831.1366449994239,1945.7264198803148,0.0,0.0,128.8638706516683,16.253571431203696,125.02493077896384,146.19517015001804,161.34664930359702,152.60038951932557,154.89913548809864,159.91696818775557,166.20445125738195,128.13747161508286,148.08766002465794,155.24141044008093,145.97094833809152,171.9005664633963,130.20066831386455
1209,939.6595790595383,1832.7772930920023,0.6342594853539921,0.356840283705429,0.4204430329834403,49,0.0,0.011540077165092841,1.1592592893256572,-0.16045146162816615,939.6595790595383,1832.7772930920023,1128.395946371376,0.0,0.0,129.69444162762633,16.25475546461666,86.81795435317368,84.2125795287518,89.71486254645657,92.99682245612004,84.47396076782331,93.16639951094189,81.0457005267373,83.02184521507363,97.10108020771172,82.96027661047187,90.50407785215413,87.92283334108288,74.45755345487731
1210,1051.0091075250812,1833.5032958301206,0.674843575771356,-0.2107783690776767,0.20372179207798782,49,0.0,0.031042166444564305,3.830738339167361,-1.4582062206411273,1051.0091075250812,1833.5032958301206,1282.133382663863,0.0,0.0,129.64611558449573,16.255117493080764,104.56631608536367,109.86389248300245,109.79560416148203,87.03305743739442,90.09766312910696,84.59407781960189,93.33722208328582,115.59808160735501,97.01692408517505,103.77846250554492,88.09566938938347,120.44061107047997,77.91580080668709
1211,1281.6295482186954,1832.5996710906277,0.48689918819710454,-0.1571628192232104,0.15417675966757358,49,0.0,21.14145202727413,2712.7236320674715,-8.583513876975088,1281.6295482186954,1832.5996710906277,826473.58571603,0.0,0.0,129.54602341907545,16.254829447986587,59881.24901531714,64646.68171825449,64246.95297067634,64871.292160000135,65727.50921880825,65975.41458298126,65813.73874550927,66066.62276826554,65736.05645972326,63359.82751048782,65541.46778048942,65197.29049823496,49409.48228728186
1212,2117.805602336568,1834.419929219465,0.24325815165996356,0.03330536202448706,0.45999496600731626,49,0.0,0.008495012633279016,1.3515129835798114,-0.3270505554789854,2117.805602336568,1834.419929219465,1135.1006036663048,0.0,0.0,129.18311070410735,16.255514586627775,90.06611056354319,98.49049506960698,81.39828236927305,94.94982393461669,108.67463316952632,79.71055451495019,82.7326293197834,77.26382491120796,94.12855740136709,70.68451959318114,96.50412482569484,88.60462038944247,71.89242760411146
1213,1628.3047124264897,1838.0276252888186,0.626710462275305,-0.3249571786048416,0.024415775666137403,49,0.0,0.031383704218453636,3.9289677062737725,-1.4856961479745783,1628.3047124264897,1838.0276252888186,1461.3007971824734,0.0,0.0,129.3955611955671,16.257135661950212,105.20646714865357,112.0339403975527,120.11263183543002,108.00089083122378,110.10413475406023,127.60318271171981,118.21400771562614,114.28453741617996,113.77868681149519,109.95295444584771,115.34182402656266,118.42413472328032,88.24340436484121
1214,889.9126513906782,1839.6751482771783,0.6181584121942554,0.04270148411708036,0.3247254346072459,49,0.0,0.011335821420890934,1.1939724510797738,-0.19248576572277226,889.9126513906782,1839.6751482771783,1066.5880053536662,0.0,0.0,129.71603646934847,16.257599384960727,87.5776025578661,91.9885455929081,95.8028668485318,78.83129868053756,68.73333813002347,84.57734527902072,82.67420118196017,93.83851210227957,73.88501777757916,70.92520271872306,97.73396131064496,76.10378830121303,63.91632487237841
1215,1848.9164243011232,1838.753821283023,0.701481786179202,-0.0764138747471106,0.2627897563668695,49,0.0,0.031167070758497343,3.7021275195077035,-1.4211284347893245,1848.9164243011232,1838.753821283023,1364.883290973155,0.0,0.0,129.29981118499802,16.25741132011813,89.32987454550442,97.80136633400377,120.09352742768036,115.49765764941324,100.90907142193333,111.32965531039471,98.34225811250289,107.69600019344838,119.21887772948344,101.11443684533918,113.10515484338444,111.53960001926254,78.9058105408043
1216,109.37451451248555,1841.611627990158,0.9262392118454601,0.035949961917208555,0.09939281512767906,49,0.0,0.01206497790667978,1.2109183222426272,-0.20778712623993129,109.37451451248555,1841.611627990158,838.1644736738933,0.0,722.9241806772359,130.05478518036838,16.25764700905,48.62577051350917,60.55875436838833,62.93548079178999,63.36836763419351,59.56452853570848,76.58046262703272,115.73823814197215,58.1991233158442,58.034727275578504,59.252547456480855,81.41053599995203,53.358181680370194,40.53775533307319
1217,1664.8403789319748,1841.7985929864187,0.4713873613816978,0.05465895388663336,0.20093308042943475,49,0.0,0.0233784940193375,3.5272700895867177,-1.3685967891787454,1664.8403789319748,1841.7985929864187,1357.528078298932,0.0,0.0,129.37970375281222,16.25870540619209,116.72028458746078,85.34673086813592,116.37602258088593,118.06137660726738,95.83609719416006,103.3946241532377,98.05977531330043,102.8460278963387,119.950472724284,110.8106370077987,99.6423583788748,113.2005031417157,77.28316784547216
1218,1866.492965017966,1842.2151716723727,0.415404930377396,0.5320554383949807,0.16772567238024347,49,0.0,0.010559577718914437,1.2988918681946624,-0.28393249469361925,1866.492965017966,1842.2151716723727,1075.8562608429907,25.806428294584105,0.0,129.29218178352954,16.25884954753832,82.33352635218095,81.79496694269754,97.21476460384505,75.07771467267412,93.27069311320805,78.15536341390386,87.69387771823314,74.88856731007353,65.62144021886802,90.99347596841093,78.5046530671332,87.41662731636441,82.89059014539774
1219,2532.738042240436,1841.8186819491905,0.9100501124663093,-0.30284166700447956,-0.19264597385140148,49,0.0,0.012936395961129539,1.0438869533426958,-0.046633674353002544,2532.738042240436,1841.8186819491905,970.305367044003,0.0,0.0,129.00302221639208,16.25833162742601,74.25825062990555,76.52526128428659,66.43677789344513,71.4642974950089,84.89360678868545,74.9092796852193,85.2787106675572,86.58409806478728,78.43102822206849,73.64165324010384,70.90301659828629,62.171926590768564,64.80745988388038
1220,737.4123219428849,1842.6110416070894,0.6135182378011355,-0.1801375099930155,0.17732690515108968,49,0.0,0.05526892902174112,7.6110466897107205,-2.203610965286255,737.4123219428849,1842.6110416070894,2021.346105619694,0.0,0.0,129.78222490536973,16.258716619322563,143.960966846048,140.5611986063402,174.4084491457685,153.9542332898974,145.48625871328238,141.61036371070796,186.06068611990196,148.15831751320837,168.17367241267561,158.8045896041712,161.65338434543435,153.68533128159783,144.82865403066046
1221,280.7223583349329,1843.6682491849704,0.5194455140852969,0.03599238890202004,0.199578453942273,49,0.0,0.08814375340126977,12.759396997963202,-2.7645753758834655,280.7223583349329,1843.6682491849704,3032.4988940345,0.0,0.0,129.9804270894506,16.258716663919447,231.40261589037772,242.19888294710734,230.06574226919952,232.60860115388613,281.12768922843236,229.95365662405368,220.45940584734205,246.6354628528223,234.94761382934618,226.34419718863268,249.41947942634786,232.87113222469847,174.4644145522534
1222,2441.1694928300362,1843.9981140169018,0.5591812410497731,-0.0806054868461247,-0.2021120644714772,49,0.0,0.014034138482927151,1.5770488634649698,-0.49461287441997526,2441.1694928300362,1843.9981140169018,1261.3974722149483,0.0,0.0,129.0427616780657,16.25931142828438,97.31723109965134,100.06487863703958,92.7760106015207,86.32511975441138,105.14131341423465,101.42918754047732,106.51567701725565,98.89134919089648,98.6205301008705,91.10136427853968,101.21139691454931,108.70148239663405,73.30193126886772
1223,668.7392082463624,1846.3479372270929,0.4044422019962095,-0.12615555130115438,0.04863961997346724,49,0.0,0.023674478869347097,4.115394745252709,-1.5360287467824842,668.7392082463624,1846.3479372270929,1298.5524728643602,0.0,0.0,129.81203252985887,16.26021915727459,115.46788745938589,95.03172730538142,103.96767044818492,113.00081855003845,104.66721955023215,95.36451735849626,109.23679662339397,103.00330822237521,89.23482814954006,99.00813708513333,91.13709310319896,100.15222358451183,79.28024542448767
1224,2936.766790900362,1845.3099877934224,0.8905865006696897,0.00026820968876157695,-0.02557373784077167,49,0.0,0.015500293676195558,1.1545930670121907,-0.15607236340326397,2936.766790900362,1845.3099877934224,2013.502984567303,0.0,1603.5252557096583,128.82767292914303,16.259381335391883,140.38993770856283,142.87411833038684,146.97947740842287,177.11672420065992,171.93983717815428,144.34880759149127,135.3311957803463,189.01703307397202,164.69392355513762,156.9416884610423,174.94499909579878,169.69194672101918,99.23329546230894
1225,1306.3298303837898,1845.250730839339,0.3624895076169546,-0.7249814846058379,-0.4366097764378296,49,0.0,0.020874415475875367,1.0861518484586732,-0.0897263640935029,1306.3298303837898,1845.250730839339,5885.218522055877,0.0,0.0,129.5353065794587,16.26010738275172,453.68877023114464,463.18375186727144,441.84474738643655,439.98217950029346,454.74297400779875,508.6895023803511,460.6155356497601,509.47988760744965,433.2160976141368,463.53883215976583,394.44940373479767,479.3952151769346,382.39162473973647
1226,2694.2434878118147,1848.2781764521835,0.6568260367742691,0.1597230489843612,-0.0829771051838392,49,0.0,0.07144966388648606,8.872991937372229,-2.370175217221127,2694.2434878118147,1848.2781764521835,2275.1480755725743,0.0,0.0,128.93292267822767,16.26087842057801,171.4523636944083,176.47762630371284,194.97885302686524,152.3768700257236,176.70843153041187,177.78652396700963,180.27805508041604,198.32741552437903,193.11869817271037,180.77438611240052,157.77355047622984,190.4986781396114,124.59662351869547
1227,329.6826260572212,1849.72894486587,0.4841182653411896,0.25128772185884335,0.504603334276397,49,0.0,0.014763842211636215,1.654159840332164,-0.5464436820561933,329.6826260572212,1849.72894486587,1310.638921838725,0.0,0.0,129.95918617668033,16.261297865674486,102.98294604653537,110.62850332056456,115.62772394112122,108.54310947851887,98.06038221652514,93.86472774077441,94.32080613591609,86.17227247824357,99.35996145966479,98.30776749328453,89.3613154788535,119.97424378120489,93.43516226751814
1228,1136.9232828568179,1850.5761608111284,0.6462297435479554,0.20228976997370401,0.32477612543789613,49,0.0,0.03144668338731418,3.9797986956298614,-1.4996527633574908,1136.9232828568179,1850.5761608111284,1542.6988821236423,0.0,0.0,129.60883523133685,16.262269568254936,108.06984618145032,113.94735408568721,131.5926338213459,106.01694703301045,132.27893014008785,80.47171803040564,146.68914699802264,102.48566609311271,132.75183704226674,119.80623537732676,111.3724442308088,141.25601646983,115.96010662028702
1229,1714.1752726996735,1851.9390324581288,0.31672180897488467,-0.23492507056579973,0.36021765370474973,49,0.0,0.008016990844840501,1.117453524738763,-0.12057367432151682,1714.1752726996735,1851.9390324581288,1065.8520512192808,0.0,0.0,129.35829018996202,16.26292669374246,64.87835305655146,92.31324803202638,90.46937974653662,81.47903205978777,86.69357743991254,88.45337898647844,92.62092193221378,65.78163082242293,88.68710054754087,77.19978732163207,71.45186917281748,104.18843401832613,61.63533808303437
1230,1730.0768488450212,1851.6241219841409,0.5347147451699451,-0.02446000715270808,0.20686759442344319,49,0.0,0.12523741260714594,18.57936072945218,-3.172576917248522,1730.0768488450212,1851.6241219841409,3517.640288573727,0.0,0.0,129.35138842310351,16.26279377198988,275.15386814459123,296.2988561351448,270.3122562694959,257.5698290600563,270.12216316320087,269.0692733015543,240.95854449186243,282.72843055113486,256.55232071525097,297.1761277940881,299.81519426526,289.77551632071027,212.10790836137716
1231,609.196344054365,1853.2992203514325,0.7152657006007034,-0.004881154135990965,0.20220665245169295,49,0.0,0.02512119455963573,3.01489628089964,-1.1981809401060446,609.196344054365,1853.2992203514325,1072.7665279644725,42.40144974341198,0.0,129.83788073119177,16.263064838592168,69.6113973989834,67.05497771627356,72.92475778575188,86.49155437128333,86.11920490247104,93.87107866902798,96.20932954459185,95.93885883363441,94.98421611220658,75.85584646221045,76.4375634455965,90.8068136010993,66.46092912134246
1232,1521.4238278663781,1853.7158803368245,0.7375324392541568,-0.492643438902014,-0.5298357764073207,49,0.0,0.011747117230264156,1.0245814771679438,-0.026366250614260848,1521.4238278663781,1853.7158803368245,1245.4563827037764,0.0,0.0,129.44195080539225,16.26366999186877,92.41951945777315,97.25052542649091,113.08962690739939,79.2933623179913,91.67395752573427,100.749915623844,95.73169306844677,95.060644646377,107.54864272784567,100.17654231057938,87.88405936693567,104.33006547698594,80.24782784737302
1233,1282.3517578099215,1854.1158926824478,0.6851923459268704,0.7251596734108787,0.41095950321249947,49,0.0,0.02778738615077255,1.4349085863655606,-0.39206058594754073,1282.3517578099215,1854.1158926824478,7784.436828777185,0.0,0.0,129.54571623404777,16.26379468954667,587.532399283645,620.1266116387837,593.0411667582514,589.8376948468751,604.9063800949795,644.6978712802592,601.9829117855081,589.0019389330023,619.4445872013407,618.0424428390336,625.2579527834375,602.7483229050011,487.81654842706865
1234,324.40288191893603,1857.967423990346,0.5635259961549887,-0.1824441770041611,-0.10235152046920887,49,0.0,0.02088188405203926,2.7307706127463507,-1.0907130513356793,324.40288191893603,1857.967423990346,1321.234474223697,0.0,0.0,129.96148715502565,16.264724451459884,87.66786620630805,111.47741182896809,113.30400963378847,107.299042620612,98.92601587114183,99.97004253496378,94.62901789539444,99.95558661372286,117.30275833160027,101.1679141992154,97.0592493662163,96.71530440952584,95.76025471223954
1235,1136.8465315971694,1857.8615535015583,0.44684342146722045,-0.8890933096895082,-0.370260523772547,49,0.0,0.010153460659679243,1.0840757107459635,-0.08764903486705178,1136.8465315971694,1857.8615535015583,1514.4971529039417,0.0,0.0,129.60887163417914,16.265305088051132,104.08734717452398,110.95468540258906,124.37244783448928,114.59105314062903,138.55287911499724,101.54117996549088,129.38146641662064,95.70193923068818,127.81348496031444,118.08905808358705,111.90883942912038,131.3799943564998,106.12277779439162
1236,2321.4800839102627,1859.0772737551783,0.593276828909069,-0.07892616531830624,-0.04840668775000763,49,0.0,0.03638108520650168,5.0176528631234385,-1.751251530427325,2321.4800839102627,1859.0772737551783,1486.5626627970726,0.0,0.0,129.09469820285835,16.265676883916083,120.22369277033967,105.14908308772422,104.61947500582741,120.96924711548087,123.14800034178764,121.37779796213789,113.06846184822635,114.20499128332929,121.0445775121448,111.22500829731942,131.2280267669633,114.74602514880519,85.5582756569865
1237,952.3313246168618,1859.820146173244,0.6763194408477985,-0.3011277810972246,0.13590249928636294,49,0.0,0.0651273331348708,8.814118136713308,-2.3629471677886382,952.3313246168618,1859.820146173244,1774.6604671143823,0.0,0.0,129.688958065862,16.266030475336628,143.34627146194202,135.53241680465214,146.84706080097197,121.4766897408725,147.98827851439006,123.118517504949,131.16087001283233,146.134602510574,125.96801042459757,135.02797925673872,152.05917697556902,147.62706095538908,118.37353215090401
1238,2044.9930539445118,1860.1892205752986,0.7000905763793728,-0.09490713767740136,0.27589163413981366,49,0.0,0.031785788408631686,3.5688078334173468,-1.3813079087422415,2044.9930539445118,1860.1892205752986,1406.5499351469477,0.0,0.0,129.21470169109205,16.266282631895603,87.54816623064947,117.04033001659607,100.56755791128745,89.68371552389783,107.0483677785358,148.11303710191362,114.14958225303023,112.67161307807292,96.55480135615721,130.59845663093364,111.56911633488652,115.04756961253395,75.95762131845319
1239,1605.6475967548731,1861.279421542799,0.3400120835507699,0.09395150152703424,0.46943852659076246,49,0.0,0.010775999409728263,1.2147041796722504,-0.21117631463331948,1605.6475967548731,1861.279421542799,1287.3193852274717,0.0,0.0,129.4053947351679,16.266824208401193,92.59708193681911,95.56599042571625,100.44526901611698,102.70720534839609,86.955979864762,108.36609914168467,99.05185912910859,118.79591809930454,104.48290390105333,102.16192654193561,96.0401747755578,118.31938734861174,61.82958969840513
1240,189.10213132128,1863.368172076345,0.6477012180116283,0.046116152727853535,0.4914171003473957,49,0.0,0.024763389536657982,2.4252356462075566,-0.9618848572174328,189.10213132128,1863.368172076345,1611.9949219273572,0.0,676.4932777888737,130.0202137872005,16.266813917094105,129.1432041395007,124.0914722440937,127.48056062587787,135.86057279100413,116.60015484085469,131.73278405268417,130.1555233946664,120.44322288655715,137.0311351437336,113.89014356216117,140.05223307574926,118.87996078542245,86.633954385052
1241,2166.109924942642,1863.3762144101975,0.5516371109858392,-0.11336558088675881,0.16460004807039483,49,0.0,0.0611758075874167,8.663823950670007,-2.3442740470540784,2166.109924942642,1863.3762144101975,2870.788565601181,0.0,0.0,129.1621311720735,16.26755644797528,217.95551166565934,211.78789162878684,240.51120285891884,215.44031218113085,254.05862891987462,212.37372641321542,262.86136292352046,216.89883202859056,228.4957624343939,246.6022416291164,190.61628373361103,242.94951811461925,130.2372910697435
1242,2510.82674034123,1862.9608343297134,0.7585252067154481,0.6753077630804928,0.29914718097395315,49,0.0,0.01939380444655632,2.0305139771584386,-0.7690149583177746,2510.82674034123,1862.9608343297134,1257.067687082679,0.0,0.0,129.0125141706507,16.267158456066106,88.10526137603108,95.29819260174278,92.74092690807322,95.81558670848699,99.23965617474265,106.95925466699501,105.9158672578819,99.68385910020216,86.69363155664979,102.3692106103608,101.99722369775019,88.90505507127344,93.34396135248883
1243,1548.1450691048883,1864.606046275827,0.5903838180307545,0.12872664209336693,0.33790569173730417,49,0.0,0.018821331714865257,2.278233486643202,-0.8939955776329798,1548.1450691048883,1864.606046275827,1258.8547074270657,0.0,0.0,129.4303533839468,16.268209096849326,94.1695162471733,84.71629497037192,119.93146253555146,93.5897476783475,96.55949444441916,109.66597592002488,94.83847021978069,80.91132956179439,98.86523579781442,89.36219960221554,108.52282690380608,117.01678012653792,70.70537341922837
1244,1162.0382041633825,1866.890539643191,0.7642076076553264,-0.21054266201065788,0.17197734840521894,49,0.0,0.1559149943268264,19.007793139100073,-3.197329242302068,1162.0382041633825,1866.890539643191,3196.457526422196,0.0,0.0,129.59794122861047,16.269077176661614,218.126552629796,252.07166886193266,241.4345865622889,213.7439622487355,267.9090007660372,249.26451269134782,260.7184425265658,237.9569200493197,260.2467629679226,260.7163735805818,283.82039112719275,243.1176887921747,207.33066361830055
1245,1737.8811165006803,1870.3851487232328,0.47739161238313294,-0.050936777810651444,0.2658393721543946,49,0.0,0.01248506382231139,1.5923409690455872,-0.5050901728249909,1737.8811165006803,1870.3851487232328,1135.334769562006,0.0,0.0,129.3479987600781,16.270609913384362,92.91611510299356,79.84141847083896,77.64049583672946,83.40044152240807,82.47436180178113,89.63485685872892,107.71803199457884,101.62240643141725,90.82321579449165,75.26820223042436,87.91143341204433,94.31858285199101,71.76520725357848
1246,1902.672872642025,1870.7196391321213,0.3540437387903855,0.6564908164829772,-0.07277271633003655,49,0.0,0.008788929969500836,1.236951663960744,-0.23088182286974684,1902.672872642025,1870.7196391321213,1082.7781162576596,0.0,0.0,129.27647102027944,16.270717254046403,71.67692804960807,104.24112253929607,87.47602480021497,81.0648631412878,88.88501568610883,82.20925224934192,90.30089472555338,72.0229174451937,87.30751905847647,93.4028676380428,77.76953288833778,87.93479039716186,58.48638763903585
1247,1965.5610189536453,1873.8161165680256,0.6975633520212694,-0.20849749835051426,0.12607533316936978,49,0.0,0.020295530122140068,2.3932450246114056,-0.9474679117959334,1965.5610189536453,1873.8161165680256,1133.8548477870645,0.0,0.0,129.2491735442226,16.271988888460196,93.22189258315517,100.16161976027095,98.56106127174571,95.2311275156017,94.87736338321253,90.80865108121665,93.87185574584316,78.1775665470519,79.28522580283979,78.80856247707251,91.99619504338364,78.1409544783792,60.71277209729151
1248,1681.3149718631691,1875.269438882498,0.2963808139190801,-0.6155302223158625,-0.916693287854669,49,0.0,0.011559558359198772,1.4925007549805789,-0.4347863987226397,1681.3149718631691,1875.269438882498,1299.357518320146,0.0,0.0,129.37255091444706,16.272650483583472,98.92174743039845,109.91201499206005,107.58219045247331,83.8327157512287,88.70530540960135,109.64504012453986,100.64365922569561,92.35314944083235,105.09600337286986,92.82654325234572,111.29518498209018,112.45102817867894,86.09293570733146
1249,2248.7833495230784,1875.3804772939397,0.4481305298934639,-0.08866402118769356,0.19362825316806878,49,0.0,0.0543804440375061,9.232556377071337,-2.4133049206955,2248.7833495230784,1875.3804772939397,1994.7087107410434,0.0,0.0,129.12624094456714,16.272513778345992,149.48329165288234,151.85078357636712,146.5035322489576,160.39560463728068,139.25419763828043,137.32112556422766,154.09985334107756,173.59056589220845,170.0523026276905,157.75862979881387,146.61795284453817,176.87123659752595,130.9096343211931
1250,1478.7131742900158,1876.500578543657,0.3052039079269755,-0.3834017160902626,0.1307338240084082,49,0.0,0.01865039710622295,2.7113852855814344,-1.0829780871205874,1478.7131742900158,1876.500578543657,1701.0361519475687,0.0,0.0,129.46049123958358,16.273159785124413,120.89221668839798,145.49203235368006,116.67007425229754,131.37820446462115,154.43245255881928,147.89208458687,132.0859514493656,126.23643502658793,129.7972516920663,140.43346457808815,130.89177847098284,133.41465449324744,91.4195513325446
1251,1995.4291802613336,1876.9063550540486,0.5855396645094417,0.036257383154032166,0.013692872216796579,49,0.0,0.009658363753725809,1.0080469543405333,-0.008701904519953254,1995.4291802613336,1876.9063550540486,1030.9025755568964,0.0,0.0,129.23620816698153,16.273266438743665,85.4245276243294,104.17839955840341,63.128919430263736,58.074874036977704,85.82869866865379,80.2164258203563,84.54439806052156,86.96891224918704,70.24982558921877,66.39495741464788,82.93213766911342,79.8692462798032,83.09125315541996
1252,2174.6269827188303,1875.6315936500018,0.5319381270238516,0.0013571765595314842,0.08453348525242672,49,0.0,3.9624379963882608,598.7116076307685,-6.9430441954774675,2174.6269827188303,1875.6315936500018,86989.605527457,0.0,0.0,129.15842802860467,16.272658496749916,6206.417886996226,6752.1436163859,6588.356047975751,6778.988306690126,6813.717312882891,6855.1916369560695,7044.188958932359,7146.556627591388,6930.3457085613045,6723.5113260654525,7013.123141993151,6925.5612642162105,5211.5036922101735
1253,1136.014442465019,1877.6936441640448,0.6292030796487409,-0.04132484128446654,0.1906136275463324,49,0.0,0.6040825778178758,84.83274741925949,-4.821408831057801,1136.014442465019,1877.6936441640448,11338.041654298453,0.0,0.0,129.6092412176029,16.273568035450076,782.4675455649613,858.5391344162831,890.3264323655123,903.1933387881818,898.227859800942,921.9496239142761,918.8897534590594,863.0891337308324,894.5136624041681,929.5401083251222,851.9300574889041,917.394982400541,707.9800216396695
1254,1528.3781255651393,1877.5706971670681,0.4747152416039977,-0.31429345182145685,-0.15576808573277906,49,0.0,0.016071092180473232,2.3796742400784954,-0.9412937735032679,1528.3781255651393,1877.5706971670681,1149.406661802505,0.0,0.0,129.4389339741346,16.273609925157874,103.71317938798339,83.88991303319511,76.68962935438825,114.74438025014123,102.66798558045616,93.9609342914937,86.62054966362173,84.45553547640725,102.80814508947672,77.01794578995252,73.91979411994973,87.918852439805,60.999817325634254
1255,1208.8168145801708,1879.037274055838,0.6500908250984859,-0.12383480866381372,0.1454311249702031,49,0.0,0.09530885255515893,12.780896825005252,-2.766403322444399,1208.8168145801708,1879.037274055838,2606.25274374084,0.0,0.0,129.57764167887234,16.27415544337344,202.35613720589217,225.8730181148781,181.88572070789218,203.40032917239284,221.66297028537804,190.88043561562836,201.69363443447287,232.75271880237023,184.06447685321493,180.70260512919035,214.35037180483943,210.63590839969868,155.99441721499164
1256,583.7119353108063,1881.5158462484019,0.5739204758941918,-0.16000331666480572,0.21337858888520544,49,0.0,0.7857168147220098,115.72975067972219,-5.15861254377411,583.7119353108063,1881.5158462484019,15982.75823991234,359.06550438229544,0.0,129.84896745118778,16.274798756808078,1145.3016457169995,1192.1465823967,1231.278443990119,1206.8993566126937,1220.0770015557625,1227.6670244783722,1227.8545918326886,1249.3655770584255,1295.406014723717,1281.6824994262502,1281.1460890990854,1379.4652274815512,1044.4681855399726
1257,865.23746282613,1883.5654475785086,0.7027184473826006,-0.018088793160776998,0.224210740209279,49,0.0,0.08024575064179512,10.294393288322187,-2.531501890183034,865.23746282613,1883.5654475785086,2012.2491226074098,0.0,0.0,129.72677524746288,16.27587089829523,143.00894487476614,146.71058469474593,148.50308704272203,173.25082272760034,145.70324799593175,159.1448845474163,168.61789484809606,174.6577540109302,155.57070827350444,162.14442384781358,148.91650770674363,164.9118687234129,121.10839331372662
1258,1742.1046892700542,1883.7405372801438,0.45182277794593195,-0.266632023300008,0.1388799640579986,49,0.0,0.02224554444831528,3.442367687161752,-1.342143141138774,1742.1046892700542,1883.7405372801438,1375.7497323325542,0.0,0.0,129.34616378992752,16.276174111871473,99.38582559800693,77.92734546764339,103.48357601377064,106.94921075782634,115.85850499870845,109.65993775095146,128.82649092229053,100.74744487860113,100.0153438112099,114.35132579879257,118.82467333463728,113.0457161483207,86.67433685179493
1259,2258.8587097559316,1885.275952761352,0.5596853623620969,-0.024799650491112633,-0.05483191925980808,49,0.0,0.04762453185975404,6.846018833481344,-2.0885952238823013,2258.8587097559316,1885.275952761352,1795.3597426101976,0.0,0.0,129.1218618343767,16.276631002928877,144.85584264559543,149.93294763835283,142.94377610036213,158.08114747745037,125.63492387583267,132.778495791495,146.34485584676545,150.78224676372741,134.0232407363068,141.16097364808957,133.00035211393745,131.40504542806704,104.41589454421526
1260,477.6786955558144,1886.0722552021573,0.7927856170385461,-0.5585711930618608,0.04797181559477027,49,0.0,0.012460611570083942,1.1320426796178988,-0.13465700170026726,477.6786955558144,1886.0722552021573,1088.661254899975,0.0,0.0,129.89499391054838,16.276596844821658,75.70144817896364,75.36415016420311,70.5359434107911,84.08720601489247,80.07354708474544,83.65459600093988,101.95253709310785,87.96848623132267,84.31576809578979,92.5137716620533,93.7173771369937,87.44643939769358,71.32998442847826
1261,846.7971540849402,1885.9078025359472,0.915282708866384,-0.33938898156612685,0.18441995052884916,49,0.0,0.01948441247869331,1.8543815371154837,-0.6704977366254008,846.7971540849402,1885.9078025359472,1044.6585863937094,0.0,0.0,129.7347808460388,16.276834714639143,79.72037983588754,72.65336442977282,78.96118582757603,88.9593691794543,85.43746570835802,82.05613467982093,73.6957699842879,89.17678908848443,79.22617144438527,76.25661885421522,73.80880974621621,93.27864490467314,71.42788271057758
1262,715.6985672848244,1890.902060593256,0.3672361429335497,0.46586555248668243,0.008307985300409167,49,0.0,0.010295322386252534,1.408271982008737,-0.3717163473817984,715.6985672848244,1890.902060593256,1106.2183323236377,0.0,0.0,129.79168789150808,16.278820581370752,83.80486968916404,85.77934817566634,93.65798710775132,68.92668487177743,76.52386761107194,60.22178210108996,82.43200252798567,95.1695747747215,95.12223769140289,97.8565180887222,96.45115218491158,103.93354707056284,66.33876042881003
1263,1819.7109336746917,1890.836521208741,0.6337589941728747,-0.23961756381017077,-0.25429873400919606,49,0.0,0.013254417801403507,1.3301934272066989,-0.30978699388494424,1819.7109336746917,1890.836521208741,1108.57570487731,0.0,0.0,129.31247649471104,16.279118368624676,78.96106307997314,93.35677481096602,106.52716983870346,90.47621312133934,68.8782513005891,64.3994329197896,72.09794434838581,102.51628801289256,81.20689333516937,95.01162498914225,82.83415890046749,95.84582844339374,76.4640617764982
1264,2134.1713761498345,1891.872097551191,0.57762745453445,0.00011608555487621636,-0.15613763400520445,49,0.0,0.011816769673943787,1.3348092212259308,-0.3135479955444389,2134.1713761498345,1891.872097551191,1016.4523326153649,0.0,0.0,129.1759797365358,16.279445108957198,79.64514250990626,75.99489134198313,64.94587871174966,83.7772686119036,89.61297522674468,81.4576346220761,75.1139561725811,77.54335114495265,72.42941945988026,92.43589747781668,76.01856874599989,86.70295344702497,60.77439514274581
1265,1717.9969814445924,1896.5755353258594,0.20074389521051964,0.36195768046469906,0.08619327057407027,49,0.0,0.007157714926814907,1.1745201998476857,-0.17465122585121104,1717.9969814445924,1896.5755353258594,1004.5131442269503,0.0,0.0,129.35662664391913,16.281524764905228,76.70716526069423,76.56846443471522,87.70252816549336,86.29469016575734,77.80664852472164,80.79579565648422,86.18822564751233,69.91221897985486,77.33490952908008,59.922594584551675,67.69915257451508,82.97637987340345,74.60437083016689
1266,1954.5754439143325,1896.8490771058669,0.38601044867367346,-0.10369258626282775,0.019952027451635653,49,0.0,0.012294705023008994,1.7806476058287184,-0.6264449502768549,1954.5754439143325,1896.8490771058669,1213.630453755626,0.0,0.0,129.2539343685346,16.281589373265092,83.057940539712,95.13717632553485,117.28910819152264,87.3446012837841,93.52279111445745,89.41409153857953,101.7453624438798,101.54465820832527,93.19272401054246,87.29134491714831,96.9173917951442,82.915582595154,84.25768079184118
1267,2091.286064821521,1898.243383847389,0.4961552839513356,0.42576909067339713,0.2856887698961724,49,0.0,0.013651320617236404,1.7110010514014353,-0.5831256910323259,2091.286064821521,1898.243383847389,1132.1493894243984,0.0,0.0,129.19459180526528,16.28211921894266,83.13952456981912,92.41012616742391,87.99087969932975,93.38254069887785,92.79252695563409,100.63805604185647,97.74646585628207,73.99064411610675,90.63822214075078,87.87390143716527,91.92560461881581,73.53250897023887,66.08838815209769
1268,2179.7054684389955,1899.7031127392734,0.6509480140250093,-0.35883746451232607,-0.15630970253663115,49,0.0,0.011747645567481,1.0897336993728015,-0.09330095351452934,2179.7054684389955,1899.7031127392734,1388.397845079372,0.0,0.0,129.15621097086506,16.28268556590221,95.96188008738673,116.87435957804308,99.47660823013607,125.03138584128072,99.13142071239493,112.58080984063054,111.70786802286165,139.37583968881506,107.6175723079968,88.63259263438584,97.03169845100122,111.41259000831153,83.56321967612787
1269,862.7580149411602,1901.2667368515788,0.5054619016411229,0.8779965067318825,0.479706804961484,49,0.0,0.012807192052611297,1.3655961689104532,-0.3383057243100005,862.7580149411602,1901.2667368515788,1245.5447961759485,0.0,0.0,129.7278633987339,16.283244671713298,88.60972195676445,105.62650511173075,84.37022999903543,77.23111814267757,100.92527466836623,96.94788310586216,96.19694366842535,102.27965329695053,86.3104807775344,111.3359901062947,112.04393592016682,97.1293686362111,86.53769078592904
1270,1043.4650091286294,1901.876010528772,0.5982685802964933,0.5448670702871338,-0.23441748696930642,49,0.0,0.00914376223818128,1.0419216046669735,-0.04458760848994832,1043.4650091286294,1901.876010528772,971.7905158352628,0.0,0.0,129.64942463831787,16.283602075206893,61.780666381490676,77.76023886528768,71.08554880342989,71.53423703207746,71.82148446822683,76.04552672317747,74.72518520724026,77.22551560481813,74.4719631508402,94.3017240846062,82.14282163981521,90.69016444453342,48.205439429719405
1271,1075.834481090454,1902.113539293312,0.47895028174356424,0.009291648479107524,0.18497421626172042,49,0.0,0.010950274171758586,1.2858219238203137,-0.2729520659937089,1075.834481090454,1902.113539293312,1077.1238491700403,0.0,0.0,129.63537408756292,16.28371653975118,86.40536027287843,74.99514464407167,85.40210397350177,79.23196867032172,82.60184336445465,83.32011125237818,89.56220681046656,79.31003619002475,91.05250498198083,84.6626265119889,87.0394950485834,92.92213239834943,60.61831505104012
1272,1144.6409468341992,1902.0331527632125,0.511197758746664,0.07846963437588819,-0.1935188059572207,49,0.0,0.01271578393054695,1.7701663395508498,-0.6200351955016888,1144.6409468341992,1902.0331527632125,1211.4019029779804,0.0,0.0,129.60550702532024,16.28371290331663,84.12799348668345,106.09158661518865,107.00249646035078,76.73005028036441,85.70103575384253,100.35957000032276,75.47335997588715,90.01098639663196,102.70506930547143,105.92894626451664,91.51436566132091,103.54135908857444,82.2150836888253
1273,279.1959518196309,1905.043633382411,0.8464039827354799,0.6343540837046087,0.24272570649810035,49,0.0,0.013841690285453808,1.193434396804754,-0.19199637698124108,279.1959518196309,1905.043633382411,1099.8101698584753,0.0,0.0,129.98116372442416,16.284286578072347,82.26744859353612,85.75174520408467,90.4524483124112,95.24922956052694,82.6324690513137,90.24250330630558,86.31615969032512,86.10216273159531,79.48746021651456,82.49692776386482,82.290492906623,96.07290544526742,60.44821707610703
1274,1211.3575146415214,1905.9067483100523,0.7025121484736755,-0.26593375090351073,0.07529051829015115,49,0.0,0.10281519332948968,13.048320509350829,-2.7888865396339098,1211.3575146415214,1905.9067483100523,2459.5549708248664,0.0,0.0,129.5765484464753,16.285351835959545,173.20713279385296,193.464605370376,179.87803233164314,188.5470304462003,195.68250553948843,196.6089145686631,189.4577116677334,193.4051854017745,172.49553927344692,210.2215812891016,200.79204802211217,206.3412331304191,159.45345099005453
1275,707.2975941088844,1906.991038244208,0.7248795768488052,-0.03483101951533719,0.21213338836568868,49,0.0,0.08407923846979248,10.756019993768641,-2.5791290020948123,707.2975941088844,1906.991038244208,2010.1859721880226,0.0,0.0,129.79534747707729,16.28551752904246,152.39371687530016,144.4847331911484,160.6898324068323,168.11033847247904,164.72479418858285,152.50559521223812,157.1435629210161,168.33290030015638,167.63736241422885,155.36919717645947,157.7675689892125,150.0880658045475,110.9383042358211
1276,2508.1334589460744,1907.517428717403,0.3806370171570185,0.18475703386790415,0.004172920293979106,49,0.0,0.01124136045163479,1.564018908000663,-0.48560499775381016,2508.1334589460744,1907.517428717403,1117.3341001821445,0.0,0.0,129.01364610864567,16.28572535006065,75.09514222403695,98.40681650657115,90.43253007136445,80.35128746918474,87.4898010942197,93.09348026232962,89.03881161244662,92.1984390076897,83.59842921280055,81.25622922496163,87.44144815516134,87.33930924956763,71.59237609181054
1277,1269.2548445265093,1907.8700723732345,0.6294762594068741,0.23278113057538719,0.13124023080156974,49,0.0,0.022449803596356538,2.7495811706812128,-1.0981663626530365,1269.2548445265093,1907.8700723732345,1411.3641579088553,0.0,0.0,129.55141701352895,16.28618834138105,107.25972456851153,120.46339023209269,99.26894972886046,98.17579082790732,103.50821313900121,100.77402701285135,118.27685839406786,115.28902733729574,117.08364682445304,103.19342794982668,109.69562032816742,119.28938974705395,99.08609181876606
1278,136.86376965995015,1908.8536512788503,0.24954722780997152,-0.007744807073870766,0.3603076034597734,49,0.0,0.015986279481880854,2.439589169560128,-0.968291741650712,136.86376965995015,1908.8536512788503,1447.5654838300002,0.0,1323.2132570857596,130.0429457382181,16.285698567860226,109.1403022728332,117.9808396385401,104.48848764527642,124.66392822600477,101.6491012852621,106.0233461028979,102.50770881524069,113.8239995575337,143.6776611264686,122.93409906274965,108.41893888092916,130.67005785968922,61.587013356574786
1279,1336.803337751781,1913.1330565158826,0.6905566878190633,-0.2643721626656146,-0.2713450283227629,49,0.0,0.012966670967967601,1.3000706085248273,-0.28491735011318353,1336.803337751781,1913.1330565158826,1114.377237021938,0.0,0.0,129.522096695419,16.288399024044686,83.23493117705664,78.29514600988577,85.27591581152834,113.31360536101019,81.60786517569497,85.89441063861798,79.42523150280758,86.87215427724743,86.10743413114785,83.11226208118231,80.66950187673865,92.86604311305173,77.7027358659688
1280,1650.473681136568,1912.7508893571107,0.8681634105729671,-0.026563444216261264,-0.14178106919485117,49,0.0,0.020442356266424194,2.048906712607489,-0.778805463203943,1650.473681136568,1912.7508893571107,1070.8662502742704,0.0,0.0,129.385935995724,16.288269466119253,89.39303680679433,92.91275011118532,70.75905185594591,75.1512374753282,94.9472153489476,83.2019344837628,94.07532966780363,75.73474590226522,76.676326613844,83.54677881847667,84.2801666981237,76.47744235861083,73.7102341331823
1281,151.28376542297838,1913.4757648170955,0.4344463962008561,-0.11471697514110643,0.15012845608780465,49,0.0,0.14323308162151685,21.847027681915737,-3.348480897413676,151.28376542297838,1913.4757648170955,5195.156055387775,0.0,5079.841856372674,130.0366931239019,16.2876429120402,365.4120562761367,405.2091460581345,421.67697122761797,438.78396210506605,397.73891883527324,450.118283993413,417.02609707664226,416.4592710001898,393.4926526401803,402.5880061710264,383.0820591050481,406.8459579169538,296.7226729820937
1282,438.81341967360726,1914.4063635305247,0.5561839078886328,0.16672308281619028,0.3171330379462641,49,0.0,0.14155097461704197,20.122706350152576,-3.2592159739984705,438.81341967360726,1914.4063635305247,3836.971572358534,0.0,0.0,129.9118927978295,16.288362937340924,301.5548036407946,282.8816417769529,306.83023799871137,307.7774210017292,312.80763928451734,284.6483646642802,308.4891073490801,315.1492035343331,335.7859368564603,285.8854895679891,281.2267553683088,299.0137339605956,214.92123735478108
1283,1504.459124826151,1915.4818834881469,0.7860965250208994,0.5756931896190981,0.24591944495550064,49,0.0,0.014218280696401978,1.4093964922283702,-0.3725829656756538,1504.459124826151,1915.4818834881469,1197.5660175447392,0.0,0.0,129.449319500599,16.289404396372568,90.83080852556996,91.7940623326398,76.71824699319261,102.79075957664932,94.8878637077894,103.95226261366074,84.58396524973702,102.91829996937159,89.31940754795122,101.26973980313842,100.4123149215647,91.95417378309949,66.13411252037514
1284,1178.7282448427743,1918.9125099884498,0.5499935269216335,-0.20680811998206994,-0.11413919536668804,49,0.0,0.015314133352584572,1.94830736172655,-0.7241436788051698,1178.7282448427743,1918.9125099884498,1089.9942995001034,0.0,0.0,129.59071712705426,16.290759136739187,88.23875538273359,88.12556362783441,91.77340663894964,81.94709312443939,90.51293500521014,93.55224342298487,80.8811034931937,84.28423609988512,76.1928066113269,78.24082601583603,81.06731933908421,79.05993698365222,76.1180737549731
1285,1919.521012792722,1918.26697358221,0.6692453568887896,0.42439946954912294,-0.22219888099729962,49,0.0,0.015724792525856554,1.2263111810507017,-0.2215017200421798,1919.521012792722,1918.26697358221,1362.7894895803279,0.0,0.0,129.26914423943361,16.290523866958534,89.52799798914658,95.3864371656023,109.80669136114912,90.02201891266776,103.11243403165736,105.30141436037103,113.52469544640046,123.89427688770778,97.86848982885988,113.21233135306196,112.38245160264074,126.21263577829217,82.53761486277051
1286,2063.853296523038,1919.0260872559943,0.4534777946887685,-0.27517809565528856,-0.3971388980562879,49,0.0,0.009383907808389004,1.1322720974830534,-0.1348770128803275,2063.853296523038,1919.0260872559943,1105.3330668106976,0.0,0.0,129.20649072777647,16.290790164441955,68.33059181807538,95.90550622918735,80.13868638334459,89.65172669731332,83.46583899060093,96.07503922754303,76.10941354424114,96.16813414559712,68.60227828233238,99.29459147455881,79.2306384521005,98.92731047658452,73.4333110892185
1287,2087.8556395576875,1920.0404049798155,0.45118048634850516,-0.3193846370130819,-0.0012869459037309467,49,0.0,0.010194476633799451,1.3514995753969883,-0.32703978397925054,2087.8556395576875,1920.0404049798155,1096.396597857024,0.0,0.0,129.1960711260672,16.291202688287516,79.87034012694099,77.12845926865627,82.84406797560385,82.01480902088022,83.77534339561811,89.58181266358272,84.00641917209947,106.98107287298583,82.47858158008643,72.68425831272896,101.79853371623346,91.09294564379326,62.13995410781462
1288,1131.3016677776354,1922.2114390363556,0.6052896480789821,-0.04898258532475883,0.14061530002210645,49,0.0,0.8224827558018881,118.12107069804429,-5.180818437337431,1131.3016677776354,1922.2114390363556,15676.654771647765,0.0,0.0,129.61130591901394,16.29211496539983,1108.7962273996002,1197.1283639106903,1303.1021205510583,1236.3314005307166,1272.9448188374195,1212.6747736314537,1265.6576862040092,1259.452035722919,1218.3084537946252,1206.421676772205,1245.181514668809,1262.8068510154067,887.8488486088495
1289,1189.829315544882,1922.4363759751357,0.6470302485429138,0.6337729082672516,0.6121143420010164,49,0.0,0.023772853596155098,2.514333836210396,-1.0010573496424124,1189.829315544882,1922.4363759751357,1464.1905464860465,0.0,0.0,129.58589958720822,16.292231490702303,108.7145858482859,119.07950759056291,133.89798380865108,102.77485280897828,98.7146485496022,131.30642263935368,119.96962502320534,113.68112229435991,101.11229190631488,103.87925468519533,123.2508373145217,114.67544101104058,93.13397300597481
1290,1750.167245783875,1923.3872766703685,0.5668250776683472,-0.01036743843824782,0.2008917425699636,49,0.0,1.095389578716802,162.77985750076314,-5.529001659898372,1750.167245783875,1923.3872766703685,22276.49436996296,0.0,0.0,129.34265871272348,16.292692456857687,1534.0679504361183,1720.7491753507188,1661.9019654097117,1760.5707313213263,1792.334114622336,1825.9220660347187,1735.9763915881128,1745.3384701873847,1752.739569534747,1785.2253156743336,1821.3136819941055,1784.4703942093533,1355.8845435999883
1291,2313.4312414500328,1924.1622013664764,0.4856105924750947,-0.07463357609866896,0.18156790627041144,49,0.0,0.00905502625076332,1.0277236378760697,-0.029690863784724124,2313.4312414500328,1924.1622013664764,1056.539092656716,0.0,0.0,129.0981491534685,16.292800188230526,80.87764457609995,79.97330438646381,86.69068243528099,89.7278410328266,89.00726338926562,76.08771288561766,82.5165153497936,75.31322971771583,87.59085109396133,76.28901219226393,90.17215101956438,74.71507526572293,67.57780931213944
1292,1341.900918335816,1925.2544706706256,0.686949212404528,0.46335547215404993,-0.06932717404637334,49,0.0,0.01467663247756053,1.5222825925042132,-0.4562382029868744,1341.900918335816,1925.2544706706256,1140.2254654554963,0.0,0.0,129.51988676896497,16.29345075510769,88.65845602989013,84.70838531053707,85.69518084485061,86.27735205184723,83.45960057591745,75.82435901352247,103.2793760355942,83.8438876883707,103.87504596086879,82.56439694898302,93.62471801910485,94.65583256694126,73.75887440906848
1293,2345.7333153427235,1929.1796831804065,0.4654573888089273,-0.514965774298257,0.27110269210029436,49,0.0,0.01972228828122675,2.7841304661796498,-1.1117239568490918,2345.7333153427235,1929.1796831804065,1421.0544137286315,0.0,0.0,129.0841238554791,16.294869903598965,110.07225819382909,101.56775015187652,104.71948884808445,115.61085642650116,108.55257884827151,101.62451019729926,107.14093112827115,105.41550410067846,111.52216826281057,127.85739079478412,111.29068256375297,124.33570286916499,91.34459134330737
1294,2055.2744462955784,1929.4319046050246,0.523162688284983,-0.20770509369821025,0.5184255461689322,49,0.0,0.011985256154674157,1.1237332922588377,-0.12665811917527406,2055.2744462955784,1929.4319046050246,1197.7308153029076,0.0,0.0,129.2102103828761,16.295129359308234,87.44459175904595,95.97673106075187,103.34183698914566,95.79110916908226,102.00661492846314,102.70003481148859,77.30136656757537,94.4804747809869,79.53952026470492,90.19724638913661,93.73665570278612,93.28002206443027,81.93461081531001
1295,2625.835934998769,1930.8489840266889,0.684733312448114,0.5552877853978422,0.23174742094456974,49,0.0,0.012810752674331329,1.3416277529352294,-0.3190800837855514,2625.835934998769,1930.8489840266889,1019.6984519992561,0.0,0.0,128.96253420264995,16.295345789306374,92.32170708962823,73.55783019016567,91.93270162514128,84.51999062136011,64.91803238571246,93.00250347894669,75.63151932065793,90.65665146828175,80.8591205534992,77.70220541350446,72.93513570218616,75.83435573454551,45.82669841562644
1296,644.956720790128,1932.4638917653806,0.5088070416074161,-0.004428081494436423,0.12517543440763146,49,0.0,0.010976795045046762,1.4273302193230937,-0.38631115184583203,644.956720790128,1932.4638917653806,953.3544352470333,0.0,0.0,129.8224295679207,16.296079873329802,64.40937364194977,68.14669320195526,78.02289955142436,78.7620866962592,89.72383452850603,76.18895576639503,86.99778957122297,69.8356021822747,68.58880570226678,67.37516430462505,76.60371204247289,69.07560843618094,59.623909621500275
1297,2127.1430701555823,1931.9825801141885,0.4087996982661932,0.015779944910328764,-0.10636752377181702,49,0.0,0.009298868205008888,1.0017888516778872,-0.001940485927869539,2127.1430701555823,1931.9825801141885,1108.2037964813128,0.0,0.0,129.17901112851337,16.296160888407496,99.53717329459762,89.8972135170732,68.32571102929029,68.67196870731105,100.90849537416382,72.46900016230688,78.34067120910603,95.95398941333093,91.7093279500298,98.76062943585289,87.26631094155339,99.16388037035854,57.19942507633839
1298,1807.1852851808303,1933.5793715724078,0.8223163793960075,-0.40753449385695645,0.7398843361771759,49,0.0,0.0130812357536632,1.0393558313477238,-0.04191064255648978,1807.1852851808303,1933.5793715724078,2025.8469171491852,0.0,0.0,129.317905386759,16.296930136329742,139.98226346637364,151.31839196309716,145.9854924673183,160.02392681981087,148.95438717429522,153.70034888413767,187.1289307054972,161.9888880830697,160.18666207889243,152.88271472713336,175.70704074173992,173.2970546953796,114.69081534244009
1299,349.60964932290807,1936.0933867804013,0.8019953177953377,-0.30488532549068803,-0.35248283906548006,49,0.0,0.02008038734979255,2.001699244972214,-0.753497063401435,349.60964932290807,1936.0933867804013,1117.4351036701755,0.0,0.0,129.95063687641513,16.29730347654741,88.62757298889058,92.95947717766583,84.45698322204007,97.01065476744547,71.16354404389465,84.57951239664146,87.68024157945456,79.61830153484766,90.06695506756188,74.41516409062999,103.14869997801891,88.98525601165002,74.72274081143459
1300,1280.6587728290706,1936.2866221379866,0.6183964339444985,-0.13908711090288303,0.22260632327622623,49,0.0,0.12294233139237754,17.00986207187863,-3.0767519801418173,1280.6587728290706,1936.2866221379866,3040.25573292358,0.0,0.0,129.54647509647612,16.298031757425,193.6215245466119,242.42871437123887,233.7631965059672,235.83202128333892,229.31716921290308,221.83672867997836,258.8775774261155,237.5666448392842,235.97944682665548,232.64735374569034,255.25318736642743,278.07157242453314,185.06059569483597
1301,1818.2453359822493,1935.3362283508486,0.8276576854623917,-0.010417957577524607,0.03267591082448854,49,0.0,0.01489297661709082,1.315856162852167,-0.29802104710505295,1818.2453359822493,1935.3362283508486,1446.293233542303,0.0,0.0,129.31310379477807,16.297660075426077,99.50096301483134,120.16314888828185,112.99741042913195,109.4070903984306,99.05218084324639,107.04100111413732,115.27302404440908,113.90292114076783,111.61780907411557,135.9761090113239,102.8555346730861,110.20288333103534,108.30315757950558
1302,1025.6300178548556,1941.169276814014,0.7107300121025817,-0.12323068662177877,0.18877821878191567,49,0.0,0.05153011163669866,6.410960134544692,-2.0173076907660725,1025.6300178548556,1941.169276814014,1648.9427713565906,0.0,0.0,129.65718696130858,16.299965091092695,114.72185787034466,125.66964441575686,129.23817669018763,119.28282035117648,135.64114551117365,134.88795192413724,122.442808177577,124.77613611411427,126.64818486449747,135.6805870177481,137.09744609639813,131.57265370877212,111.28335861470705
1303,1638.6331791709479,1941.1728206660325,0.4651204456510393,0.4711763084442179,0.21271648912137653,49,0.0,0.012356521404922735,1.4823138236229272,-0.4273503968265562,1638.6331791709479,1941.1728206660325,1243.9311970945246,0.0,0.0,129.39107483159478,16.30011233204215,108.79712107260642,106.14560088158754,87.77069714103892,100.87762116694321,104.89324780647297,75.95424119192009,102.420659520177,96.68988882383425,98.79101813894388,92.73663256510633,88.21181869638886,112.05374575959834,68.58890432990692
1304,1810.29479307194,1940.9271137125795,0.67148300449569,-0.12328085043499903,0.15544882640506558,49,0.0,0.08911127154828098,11.77997041313238,-2.6778604991689887,1810.29479307194,1940.9271137125795,2410.065876356905,0.0,0.0,129.31655411752018,16.299991099704783,161.38909765638658,194.201832165597,175.9817155816042,193.54650692561606,176.13015352694464,186.59288768974903,219.89390738995291,193.96604287879052,181.44260213552212,192.44595502707284,202.43438434412423,209.14072727204586,122.90006376349862
1305,2203.4075179099423,1942.0274579045881,0.7226342011730762,-0.28615773269519723,-0.008729439084331074,49,0.0,0.07219658088380448,8.745677513073987,-2.3544836479707025,2203.4075179099423,1942.0274579045881,2106.8547985737086,0.0,0.0,129.14589931275756,16.300308031308536,159.96726371174876,169.97628761377248,151.2373279834414,172.38296845470896,166.81252570326188,170.25302395991162,163.89990173391044,167.83698347584115,163.9565788054099,165.7422576929249,161.98444813113244,158.63697759305148,134.16825371459328
1306,821.5086476135072,1946.0921778825946,0.8970634844744328,0.28021287559817465,0.3636099378008298,49,0.0,0.015335066920390732,1.2545002267300194,-0.24617686035532463,821.5086476135072,1946.0921778825946,1113.4378637860877,0.0,0.0,129.74580021849806,16.30189382386465,86.79127524136183,77.30149551601724,82.98001597087938,88.8470464077709,77.24544498886684,80.23941398863873,96.27884562479196,87.03551430811052,104.4958670870971,98.8222756313165,93.17322181993023,70.23930984618339,69.98813735512321
1307,2216.0549177190114,1946.3531143894174,0.5078085414533542,-0.08792781800125027,0.31780772558665127,49,0.0,0.03837460262228046,5.80220219387225,-1.9089821473235222,2216.0549177190114,1946.3531143894174,1635.5986768466646,0.0,0.0,129.14040655988407,16.302103530129834,126.89323442961938,122.92769276922256,136.0817216319351,140.0190940605807,120.6884255535174,124.73097994296172,139.49922195793482,138.23428756182238,133.24827806506198,122.38741608528571,112.59376368099826,127.13626763594485,91.15829347177959
1308,1645.3357561836535,1948.3707250817085,0.3758010162144075,0.3968555988152733,0.29029028861686995,49,0.0,0.026433150558127425,4.430397092802109,-1.6161066335509133,1645.3357561836535,1948.3707250817085,1481.8830633442105,0.0,0.0,129.3881648489744,16.303111193538353,118.14962015873819,102.75261448329782,109.07843328405629,112.99824299613614,118.26296893870025,111.38949629147636,126.1136869599373,114.86837640383516,115.6278161841435,115.98126441967148,126.39573814119062,115.54528375269007,94.71952133033733
1309,1302.1638064150625,1951.627261103075,0.5315658738283944,0.4683188834727596,0.6147546302800699,49,0.0,0.012001280084602113,1.2255344526961574,-0.22081381203329453,1302.1638064150625,1951.627261103075,1216.4898573315668,0.0,0.0,129.53714378098414,16.304429522923932,94.86813879095732,99.65729494982737,83.22932435975983,98.32473676178014,72.6679878627865,97.61816469077351,107.3551077696613,117.66831458811235,78.04029700424202,92.36008948846046,88.33783982349075,108.50163999168112,77.86092125003384
1310,917.0601846802391,1953.4774066738548,0.6472494519702541,-0.038002706547555054,0.20427148408782217,49,0.0,0.057135883742697395,7.47654904610887,-2.1842529665649675,917.0601846802391,1953.4774066738548,1862.0516681756278,0.0,0.0,129.70432535234238,16.305032854900215,126.63242722037208,163.06000116581632,144.0208259696548,133.6962303829292,130.74104105938704,139.1951305919244,152.40099869788253,133.82910608729304,159.49654849939697,155.64006638359962,139.86432721156393,154.53164691538973,128.9433179904181
1311,1570.0764588512222,1953.448211588211,0.6828526330020499,0.09120388774684277,0.24051228828613427,49,0.0,0.12036120769182314,15.528044518580359,-2.9777919187383235,1570.0764588512222,1953.448211588211,2861.4992265779383,0.0,0.0,129.4208366558173,16.305227279748966,215.69212392800137,210.4342812605121,219.11687783264182,220.54891581752116,234.46660317317142,234.33075554912358,250.34597564794907,252.34940112408822,211.40216626509525,221.3327989343622,212.50912048840232,192.49318411665195,186.47702244041773
1312,2823.288914065567,1955.6642029622317,0.29097845588430393,0.1288388159474306,-0.2926009527535351,49,0.0,0.022262778593583183,3.159267395523158,-1.2489659636910064,2823.288914065567,1955.6642029622317,1787.2295919221483,0.0,0.0,128.87679727888977,16.305488371055162,131.56834460844496,134.61927327918124,149.67946665059338,142.4164848163237,119.89322229947058,174.76752729875957,128.91840488314108,142.91810468065754,139.76713294248142,130.82593339782125,141.48633413651757,144.0094084610278,106.35995446772846
1313,333.3104208573769,1956.0962819909737,0.2900363562510248,-0.3284617332054894,0.3777988861284512,49,0.0,0.009274621914105717,1.1940164619958984,-0.19252578621431207,333.3104208573769,1956.0962819909737,1137.9373282612373,0.0,0.0,129.9577350921595,16.305619401619264,96.88410729716892,77.59783123053754,83.77693242458767,89.19626081026095,90.05689549559442,100.6008097357165,82.19980622080337,85.8555019174313,93.97890025242816,86.41668360385998,86.30381666702911,101.88010070416458,63.189681901654964
1314,1049.5205399250954,1955.522575685834,0.8905363654472038,0.10395744278410338,0.2845030091910503,49,0.0,0.01332683202473283,1.2007158780833262,-0.1986006342889843,1049.5205399250954,1955.522575685834,1086.6774897830444,0.0,0.0,129.646823161181,16.305957457900085,73.97057087575713,100.2842038346159,72.62919424004436,71.37640160233134,100.501728142671,84.74036096266283,98.29562857660686,75.4449104985442,83.63093603943034,76.68358160251404,88.63929417488046,86.28184724977802,74.19883198320801
1315,1398.9994647249737,1956.4340272202357,0.3400447792468008,0.4608791847832168,0.6229720729668112,49,0.0,0.012280426224202598,2.0599521551232547,-0.7846428336810608,1398.9994647249737,1956.4340272202357,1167.8930867918289,0.0,0.0,129.49510610656785,16.306453776048166,76.90768060326563,75.81144569906132,85.95046432470157,85.76102771540387,70.80989231237308,101.0451694402743,104.40404506995282,96.12520108237845,93.48358481014357,106.79198851423803,98.36606482376683,91.72513399623195,80.71138840003762
1316,2018.7597393033395,1955.5991277449561,0.4503744929578166,-0.03746709735904272,0.031811855865763766,49,0.0,0.01632869548475141,2.40939194138878,-0.9547686335956389,2018.7597393033395,1955.5991277449561,1265.6801753487628,0.0,0.0,129.226051371538,16.306046365275815,84.54440040365805,93.11962647835574,100.68404252796688,115.40814653331947,94.91447520823814,107.29591841908929,105.49693116659122,95.15511531790055,95.25639118952458,95.88173893708748,111.10059986939137,89.32631627508107,77.49647302255897
1317,2786.5574773245767,1956.4602450318373,0.4681526538445741,-0.19163373248055507,-0.2995423711079688,49,0.0,0.026661945119408795,3.3924325524471866,-1.3262780546900172,2786.5574773245767,1956.4602450318373,1729.0602803669162,0.0,0.0,128.89274123215637,16.305859249800733,108.18232366162556,129.9170278206215,155.49645767976912,135.44823792066478,158.0113464991256,126.61075743702803,134.63571204659547,138.42810805064315,139.49281296267384,136.26450811810008,137.0399786413737,134.62004157023733,94.91296795845803
1318,2121.8234835094986,1956.8644428612317,0.5107093808764144,-0.14235292728806903,0.06490386960267233,49,0.0,0.03225740629274705,5.015402291547921,-1.750764435112039,2121.8234835094986,1956.8644428612317,1388.5523647769955,0.0,0.0,129.18130848501306,16.30653065468545,89.62397995161902,118.82271807538189,105.887104588673,115.18486265221065,115.89569777834805,121.4695272242912,98.98183454484771,110.40529562644127,115.42543266379488,91.52182235044282,91.87443774141822,119.66586581410918,93.79378576541758
1319,905.4328850688495,1959.1434738005075,0.5580854684039153,0.04390771763006893,0.13041679405447185,49,0.0,0.020243573923253735,2.5684023898757653,-1.0241576633795726,905.4328850688495,1959.1434738005075,1325.665868842089,0.0,0.0,129.70937653284585,16.30738656459791,108.69378016440015,96.58603729186632,100.37008308310467,96.23389741273623,94.69503770283862,128.93908973583532,100.78952860738397,103.47909178445741,105.23109813649063,102.8316710973512,99.98577204793604,95.40660912850484,92.42417264918345
1320,2336.0392780191914,1959.3279064099268,0.7015420860910616,0.4732322843531402,0.13251312646469715,49,0.0,0.035342998052264464,1.179393300664834,-0.17914664128939742,2336.0392780191914,1959.3279064099268,8918.635828134447,0.0,0.0,129.0883116436212,16.30743774712715,609.6882026735923,629.5841755029189,714.4546816838974,733.633006154189,713.6393500092166,751.2275200646075,668.314378805132,756.1754341133543,688.9020491992284,709.9960468358462,688.6656294461638,700.8970449990467,553.4583086472533
1321,2393.3967420917725,1959.3565727132739,0.4920457636020957,-0.4549991476932142,-0.02982168223890109,49,0.0,0.013763600310193344,1.7489059591550618,-0.6069161438824295,2393.3967420917725,1959.3565727132739,1192.5215589528325,0.0,0.0,129.06341178407524,16.307410834759665,81.48482446210184,95.30328758317377,85.55434949035899,101.12888826350742,112.98297242934595,92.95648412718975,92.15019339726834,80.67928191482787,90.93996757366543,96.74422789169864,89.08373964115071,97.34654120843356,76.1668009701102
1322,480.5243287149444,1961.3115525061169,0.5958411027830471,0.2785864587427056,0.11413485603181757,49,0.0,0.017945366757082033,2.17570372125875,-0.84399938636238,480.5243287149444,1961.3115525061169,1223.4796091439885,0.0,0.0,129.89383593310876,16.307948073944857,77.16903302406318,119.2329379844468,110.08612809775103,95.47740713369198,89.07257420195943,95.5500176388675,79.822178760221,94.7473045317969,89.47579273457984,91.56419977562452,117.04438869719151,103.04728143553538,61.190365128259536
1323,1421.9761100308658,1961.39812735502,0.325267304778705,-0.4610991029326865,0.27992687062542315,49,0.0,0.007863170747632911,1.030979546682772,-0.03312512380307004,1421.9761100308658,1961.39812735502,1053.9363069365513,0.0,0.0,129.48513211705216,16.308526005142046,68.95144044993518,83.43800690623134,86.74611495992377,87.06597600232743,83.28929417271117,76.23459892780879,90.87597263784153,84.81021776338387,78.80395158669623,74.02863247692403,76.41231041934194,100.81700997492399,62.462780658502126
1324,859.9277116185482,1962.4142166476045,0.6641091284690326,-0.15240846935852498,0.04636017118931379,49,0.0,0.014566267808199704,1.5410502550879315,-0.4695420042449406,859.9277116185482,1962.4142166476045,1068.7157336072441,0.0,0.0,129.72913338080767,16.308720387816788,74.64766129208226,78.15873524436321,76.36815083721768,84.17871112424679,86.44186696658328,84.93731599607904,84.23748898889832,85.11111260759355,112.85363770085473,81.26243812566251,76.52801004986051,84.44780734778004,59.54279732602229
1325,2662.127773526614,1962.9522472288422,0.5003865782093107,0.1741072915671863,0.0303306125293197,49,0.0,0.01117631807230265,1.3318310755291085,-0.3111228601001352,2662.127773526614,1962.9522472288422,1084.0431163143144,0.0,0.0,128.946749512994,16.308688089237002,81.95508776097503,78.55188068714605,89.75469347404669,80.99733244151835,79.01216701264295,85.87152731883519,89.84360772308949,92.1449495525529,90.61356824495017,82.02412168088895,96.07950512064525,75.69127837571702,61.503396921306376
1326,1753.9186057448976,1963.5451930726692,0.4519781604702069,0.1589682730663998,0.3528791349368315,49,0.0,0.027371899698822918,4.178278735050312,-1.5524935215283988,1753.9186057448976,1963.5451930726692,1437.1733255785502,0.0,0.0,129.341024615823,16.309424303055476,88.2110988950137,106.78357109468013,133.1107417877655,109.71963341202327,119.67526639915846,115.88752402386328,114.96358975706352,119.1419290162642,125.84823658466647,122.15954346276756,103.86281397577643,97.2828597411693,80.52651742833841
1327,596.2454696193679,1965.6535624017988,0.6132245683598215,-0.00941183143727064,0.21242278949234636,49,0.0,0.01485114588813186,1.726376404874182,-0.5928387292267097,596.2454696193679,1965.6535624017988,1027.5782282085222,0.0,0.0,129.84360479462387,16.30986613380484,66.79786328928353,95.94228238676348,78.48076423900528,65.99968968952774,65.46295570888759,67.1728037266143,90.98786937231873,71.76334227005937,84.54327732419983,80.48002019434989,103.21128890503421,82.51517180601608,74.22089929646208
1328,1452.5277927644684,1966.509875210093,0.9392804213527295,0.295166836878589,0.3416473176190365,49,0.0,0.08619894217538744,8.752000069280097,-2.3552682810679855,1452.5277927644684,1966.509875210093,2019.2286657696334,0.0,0.0,129.47186932828615,16.310660305491933,158.69324013373858,152.94710597379265,159.72276849191445,189.4710467905929,170.94301690536952,143.7635095475988,161.14162221815855,172.3697283473344,153.55736395799568,127.83543215777136,161.45951351023578,148.3057214457183,119.01859628941232
1329,1435.7579722148205,1968.325405397477,0.35286642108707084,-0.08911630283265048,0.10980482095154144,49,0.0,0.01214669270823502,1.7666450878553144,-0.6178732754821595,1435.7579722148205,1968.325405397477,1249.1757247330384,0.0,0.0,129.47915000715724,16.31141444552551,90.0031447479927,120.19798801582228,94.5336636626485,86.21103274876808,110.44538584419065,95.02215633798059,101.2687337533091,95.85552774542799,98.64708081016244,91.60313056433459,106.02908402653506,101.22474598889964,58.13405048696667
1330,2351.292293279899,1971.0289314238935,0.5615418624073979,0.4223973266378212,-0.15355124531531822,49,0.0,0.03442584691933475,1.2724264283973636,-0.2615817021491901,2351.292293279899,1971.0289314238935,10289.710514939568,0.0,0.0,129.08168199941272,16.312303012733764,688.3453853946094,792.5883311385496,817.3178278819435,780.6457227858016,830.6265861853738,857.4987596040688,852.2650143402932,812.5012677023237,807.7166236692943,794.3090304342473,822.3743249417112,833.8689842228137,599.6526566385385
1331,1171.9627240450088,1969.0725544691688,0.9550483682581484,0.40072995879083295,0.5589634998143006,49,0.0,0.014299101811339636,1.2448163597280124,-0.23776321825950633,1171.9627240450088,1969.0725544691688,1015.8485208596928,0.0,0.0,129.59367364679682,16.31165636752232,72.61201290381989,80.06299044840215,76.36367358472584,83.60754683689366,70.85555634684627,70.65658667575653,73.15182134471286,96.73826348547328,82.10727545290196,79.57050444678028,80.34588825956334,83.0840721138023,66.69232896001441
1332,1198.9923540427158,1971.4984212283707,0.6358582882664467,-0.025844748629488382,0.24532216664399467,49,0.0,0.12319306548539474,16.762848450541583,-3.0608695466606313,1198.9923540427158,1971.4984212283707,2989.1012828402154,0.0,0.0,129.58194000331662,16.31267708043092,197.01372007908964,245.64247847243112,260.48579589304484,223.98407209003193,257.748257359833,219.63786966878672,228.8241037339651,243.3680471029347,216.12328260369839,247.7738607395013,240.33004057131012,223.59367697786888,184.5760775477203
1333,1401.8838226890853,1971.236675043511,0.8412705383439449,-0.22212998152683017,0.05013845573873694,49,0.0,0.01303168216425168,1.2168891517190887,-0.21312754871963496,1401.8838226890853,1971.236675043511,1039.1644569951786,0.0,0.0,129.4938566182345,16.312622007434964,84.7738931246906,88.42090506344479,87.08836106085876,88.10116450255529,65.01276894413077,87.23631860102665,79.39448512083904,69.60049293756992,69.29822441337896,85.1507346815438,93.28334172467797,76.70952695229632,65.09423986816583
1334,2342.203727691125,1973.6390905573978,0.6363197111876845,0.3924043681969516,-0.6062703933854345,49,0.0,0.08140020254801338,2.315250451051083,-0.9114949437048182,2342.203727691125,1973.6390905573978,40848.15400036677,0.0,0.0,129.08562582972277,16.31339656804756,2876.943970693428,3047.114965128464,3208.998252015104,3149.505983480655,3244.226197121907,3385.69932308444,3267.8585281431933,3215.3614099396787,3261.1168507627867,3161.2645481936934,3380.7513624682397,3207.187805110747,2442.12480422443
1335,2091.903601803946,1971.9797922545874,0.7094980112463909,0.060174201887332204,0.22115148425594539,49,0.0,0.02987410097569947,3.5120452511905986,-1.3639002574187118,2091.903601803946,1971.9797922545874,1332.5740343750035,0.0,0.0,129.1942905857921,16.312842058726538,103.97859123284735,87.33732161608825,115.74294291300426,89.8213424848083,129.57084994280316,93.52925479389839,91.41238549470467,112.91591093547217,95.79335895934639,80.49755563858348,104.12096655101487,127.32094953289189,100.53260427954028
1336,2186.8703393352516,1971.919698300359,0.5761492283716806,-0.03970391562242698,-0.012599379331223046,49,0.0,0.12126427542256477,17.794948610726937,-3.1257418454029144,2186.8703393352516,1971.919698300359,3645.886371805397,0.0,0.0,129.1530621681841,16.31277163812273,266.39064068308403,277.9980898745546,291.9630495314799,277.2286657434821,284.7486731252839,277.6164425451598,280.7853524599422,296.08509128658085,282.7345726602513,282.7752473343974,329.06953425609265,282.2155561857698,216.27545611931856
1337,198.97693231849934,1972.7992313123264,0.40534763917139716,-0.05958680649684058,0.2272359962512143,49,0.0,0.012213236375299091,1.7202394540553012,-0.5889722602001181,198.97693231849934,1972.7992313123264,1078.8898417522385,0.0,843.0571929173674,130.01606853695804,16.31241965733466,72.80335985821199,88.53615257095628,90.99554069673948,82.17696248360642,86.20600836779302,89.86866731362556,82.23529192310797,87.2905193086979,88.00083673660102,78.96855701657114,92.78705525649167,75.59537285699791,63.42551736283817
1338,1300.318793622799,1973.0611963469069,0.5870865142771983,-0.23068765334644886,0.19681207731128458,49,0.0,0.14861891641594763,21.416445880241604,-3.3268685001951273,1300.318793622799,1973.0611963469069,3620.8768739263687,0.0,0.0,129.5379506316487,16.31335975499031,269.9768886920697,308.0082431212305,288.5847467796856,252.69553652120482,261.32209121702033,309.0945692481689,265.91871999232643,274.4181492030567,281.4600574356092,266.3975392133433,316.2530108403174,309.3754658626749,217.37185579966132
1339,1900.8602816760224,1975.917753705794,0.5628841411313951,-0.0673257411585445,0.1495837420920859,49,0.0,0.10417084103539415,15.416412665188291,-2.9699583173994135,1900.8602816760224,1975.917753705794,2988.842553446976,0.0,0.0,129.27722885169672,16.31454992765614,225.3051023665131,253.8325327787037,238.13454287677757,225.76795264133068,249.73219423381477,233.94711949037583,249.4392957595261,245.6034315020716,217.70913834838078,211.3033923294663,252.86269198704935,223.7204535027495,161.48470563021715
1340,2636.0426503497492,1976.3468284333228,0.9787587102569354,0.1872796929667223,0.3095460946482917,49,0.0,0.015259702247874074,1.2659870923308407,-0.256073194380933,2636.0426503497492,1976.3468284333228,1027.4959759256096,0.0,0.0,128.95806055758248,16.31429320095442,77.50896342178459,78.68026391612267,87.82149742708955,95.07421836523822,78.6540073113095,76.10691686070419,76.94726776673352,71.17479834130016,80.3125655800579,82.30531019909282,78.67714023027537,78.3529129937921,65.880113512109
1341,496.4603895417211,1977.0453233613005,0.49640763926673703,-0.7252712041506624,-0.11659591800010558,49,0.0,0.010008910130142957,1.1670662735568362,-0.16773879697459493,496.4603895417211,1977.0453233613005,988.8796823264186,0.0,0.0,129.88693395242348,16.31451924445321,73.38002057803729,77.78701953086907,86.08129901781504,83.35464155224537,66.51249221978318,73.654542456309,69.99480253237202,76.08864165078636,79.74325631598418,78.99699015282609,73.44852930697344,92.70289056879787,57.13455644361973
1342,2127.544220448954,1977.0088683036442,0.5771676597144825,-0.21752830458013028,0.029339079903012252,49,0.0,0.14088851679090217,20.694766388168652,-3.2896513206324878,2127.544220448954,1977.0088683036442,3384.364181628947,0.0,0.0,129.17881526666895,16.31492138072723,225.74731603499254,275.4712274645393,254.12166143572387,251.2256121835566,250.53350546895837,260.9862493680349,262.487343456079,272.4542891189601,277.67066688483413,274.00678412458194,294.55446546552145,277.72864296885507,207.37641765430982
1343,2311.723021873384,1980.7900161316397,0.8553029982981701,-0.4951263361472776,0.07723862091120082,49,0.0,0.05514744887814378,1.9289239063707688,-0.7132877390227405,2311.723021873384,1980.7900161316397,13417.568574409132,0.0,0.0,129.0988538024613,16.316395691263335,952.3106722060295,1004.4129054198701,1050.0206561717305,1038.2112792709904,1058.9523166090858,1066.163916566445,1113.6637310572637,1068.2904122924674,1123.174033156206,1004.1756552455406,1069.1264677228587,1038.874601622252,830.1919270683915
1344,2408.7091111137765,1982.265728619074,0.3178771260626594,-0.604797854158843,-0.8668843801422697,49,0.0,0.010552962041049786,1.3126240024332059,-0.29535085358289864,2408.7091111137765,1982.265728619074,1388.757440676754,0.0,0.0,129.05674749922449,16.316945202013546,105.0505971025779,100.8309106810183,105.67409925761481,93.04702797086046,111.83179267741255,116.8756179622491,123.72267624289861,107.94368128064266,108.69640380206195,97.13562425606366,118.52884602968393,123.8580244241072,75.56213898956281
1345,2327.474160839014,1982.5443790057932,0.49218610903066085,-0.4858842081724107,0.3237605703909412,49,0.0,9.255556457285136,1110.4421486510994,-7.613739844455604,2327.474160839014,1982.5443790057932,537621.2901858563,0.0,0.0,129.09201446503542,16.317116612741728,40646.03037621823,42217.886154076696,41700.602492452585,41559.48500796613,42545.352827043294,42519.71435652823,42743.151562208084,42662.355663383496,42433.07847029007,40930.86808172142,42080.25520709285,42564.02838942827,33018.48159744715
1346,1040.4552746543707,1983.5462553361974,0.49519032798288337,-0.029193511901255013,0.3259495822176585,49,0.0,0.01151595306567106,1.44725136075724,-0.4013599164454059,1040.4552746543707,1983.5462553361974,1089.5507918953517,0.0,0.0,129.6507729431649,16.3176293382787,87.80406701251043,86.90557003474856,76.20624560886156,85.68918741675333,93.58825977096853,87.74101098577577,90.38901885704004,101.64808286885656,78.6190070117255,68.22274032715393,78.61930266643746,88.94281769910411,65.17548163541585
1347,1715.4451787243077,1986.6589266492635,0.6576220398646528,-0.02396196257955571,0.14850203949626628,49,0.0,0.03243352578577799,4.051925954012362,-1.5191537508656796,1715.4451787243077,1986.6589266492635,1406.6986824176847,0.0,0.0,129.35772483601616,16.31905952721965,101.56616250391394,117.83168623274788,104.59954668051282,106.92219746362149,100.08113602011528,129.03992965671722,109.77998764691448,126.7674488183645,121.1764528491153,93.91924641548991,103.87823742067943,100.99377556523069,90.14287514426152
1348,1205.395554855561,1988.3303067159434,0.6338244294515389,-0.1400776548702567,0.18687625717713974,49,0.0,0.011039035976941575,1.2158832955939352,-0.21222972987488906,1205.395554855561,1988.3303067159434,1087.649409592033,0.0,0.0,129.57916621529935,16.319692542922166,93.50281365559545,93.91500382116946,80.37171465151367,79.93975081451111,99.30552238764268,88.6484804987046,71.58698331974708,79.82236398323296,78.27999940728212,77.57015745534964,78.86410062440713,94.27257576276449,71.56994321011264
1349,1105.0096270722381,1990.020218043374,0.816272025775137,0.3787499882127726,0.5594350211621996,49,0.0,0.015029408410632656,1.3785756686645956,-0.348576522734107,1105.0096270722381,1990.020218043374,1077.6946397187926,0.0,0.0,129.62274982849766,16.320357004059023,96.13281739271264,76.69400639098656,82.21119837572405,77.77101952069562,90.39855485553153,83.61974988643524,71.11195892673521,107.01812533039569,85.39697052443995,72.35522820563719,65.99152519674837,81.65059112544913,87.34289398730137
1350,2356.510367843915,1988.6088118680605,0.31362165009565485,-0.8538286440558284,0.03462750022542883,49,0.0,0.02852606968783362,1.4825045492985454,-0.42749008684829404,2356.510367843915,1988.6088118680605,7178.10739718758,0.0,0.0,129.07940452050883,16.319624301151578,495.18463148900986,529.3845746236989,600.0547452865039,570.1704016004442,573.7011647766808,570.1563632295648,578.9244728979286,591.9570169327797,581.311398446134,576.0284423705056,521.1380288359098,579.4239148250069,410.67224187341304
1351,1643.3163482408977,1991.3142277936936,0.46583184831098184,0.15390122443370158,-0.14065924542116737,49,0.0,0.008787888322089609,1.1569253944562312,-0.15826338480233265,1643.3163482408977,1991.3142277936936,1199.2257045159336,0.0,0.0,129.38903983371438,16.321004267932107,82.60695143433516,88.27607279910356,98.57961790427169,70.69234798843944,90.08058373668658,111.63178752603915,91.95196287914393,96.69008457156721,119.36338595868159,90.19768063897897,92.43129803316202,90.68466039472254,76.0392706508016
1352,2700.338277636789,1992.5686158359745,0.32621709360729995,0.34710917841034045,0.015880335322109133,49,0.0,0.05469498981345698,9.178711851696546,-2.406954340542847,2700.338277636789,1992.5686158359745,2822.602040810863,0.0,0.0,128.93013230222599,16.32099111386721,199.9095401557904,264.5056067280508,217.56721813742433,222.74624250066967,203.03538985619724,237.6131085125669,236.57367160990498,216.72915269381934,220.83833795872255,207.46743618306397,194.5889764774371,230.84046057955305,170.186899417663
1353,2725.4255509636696,1991.706661769192,0.51251252707385,-0.02523273527502435,-0.13734639268020796,49,0.0,0.5611278521415708,75.93240979942608,-4.701067957286855,2725.4255509636696,1991.706661769192,17625.087693132893,0.0,0.0,128.9192420281719,16.320607223568963,1215.8626150022174,1375.257547122042,1343.3023698034413,1359.634754915722,1433.0226339770845,1492.7481387931816,1400.218162337809,1410.0044713639995,1369.7683092138436,1372.4722421622125,1334.146186144486,1436.156972743658,1082.4932895531936
1354,516.1238345606924,1992.788278834837,0.6522372638230836,-0.518762612574817,-0.1175976628054377,49,0.0,0.010132829900933494,1.1471626577753526,-0.1490625037023162,516.1238345606924,1992.788278834837,898.7585975708475,0.0,0.0,129.87841333005392,16.321097617823103,66.80304852542496,50.784564670789884,86.82966113721247,61.57824318719805,79.63791099039886,82.25599885533416,65.62163531419154,76.75797212945156,63.98669777572849,63.59877966154414,68.61845859525909,82.059646352023,50.22598037629149
1355,1444.9107557207722,1993.8436416124243,0.5132928130377415,-0.09055078733799973,0.21117118783782296,49,0.0,0.35368891572344135,56.6930316163211,-4.383824202939429,1444.9107557207722,1993.8436416124243,7905.071264465368,0.0,0.0,129.47518006210146,16.32204825497144,565.5673967816768,597.1508377389155,656.2027964775166,598.2527741634154,646.2787334321858,634.0510285929897,629.8675425535001,651.9431709256357,642.2085485810837,617.8086759335284,595.5883427912127,602.0931680336741,468.0582484600342
1356,2277.1400811537846,1993.834730672188,0.5264710259586147,-0.1581065418753707,0.0969572636344962,49,0.0,0.028988582490037034,4.089965262685314,-1.52929904857083,2277.1400811537846,1993.834730672188,1498.1399895414095,0.0,0.0,129.11385952520354,16.321852160358848,107.69090214716506,96.5298226674692,119.28998284415613,109.78233003176253,133.0911461280433,126.71530759012803,121.91068801435182,113.53309840100653,137.57911035441617,111.26624237118234,128.99195109455707,100.56028604211872,91.19912185505258
1357,2348.1402825249593,1992.6264703725192,0.4665621526804892,0.10890794186268661,-0.9972074808612854,49,0.0,0.05310537503084299,1.35707347537538,-0.33150840523302944,2348.1402825249593,1992.6264703725192,16217.19920342445,0.0,0.0,129.08303559352152,16.321303867941868,1155.3214031525818,1240.338437080899,1277.712447866039,1290.4648073842584,1299.8163062246913,1309.1426714862155,1273.6028304445188,1321.0217432340655,1292.205396044666,1261.6232376314902,1219.9771037729577,1294.368909881839,981.6039092202292
1358,2339.0945760434215,1992.9035624417756,0.5266218160117103,-0.4393456852853617,0.5346901728976355,49,0.0,0.11616129750707589,5.907935191102254,-1.9285893063505213,2339.0945760434215,1992.9035624417756,36667.894414860915,0.0,0.0,129.08696258225652,16.321425284334477,2627.723352796686,2818.016817126578,2836.9770614592894,2969.8867952724936,2859.7537893319795,2796.746953151635,2903.34304094245,3028.469010349056,3003.3865946804935,2683.964551468661,2992.7791725251686,2871.0356144362195,2275.8116613202083
1359,2354.4717423031575,1993.1111402821705,0.9844885631044713,-0.17842757397752826,-0.08552904575395716,49,0.0,0.03511540267769697,1.3261540033445538,-0.30648490164833325,2354.4717423031575,1993.1111402821705,7827.376691627209,0.0,0.0,129.08028646967293,16.32150159109188,572.3532677164251,596.8047445860207,629.4873806614896,634.7319987189968,623.800291844537,645.493102293955,612.9887606441823,663.3012925606633,590.455684724942,612.7821577092611,532.2337428489877,635.8036067414052,477.1406605763437
1360,1939.7257737916277,1996.3930757325961,0.5711557684355532,-0.1885073993350423,0.19684076373243697,49,0.0,0.48830651606906444,72.02495667631787,-4.6437075143008855,1939.7257737916277,1996.3930757325961,10197.002094804162,0.0,0.0,129.26034927268432,16.32307019358565,713.3956569710117,779.0477037707738,808.7500332665822,799.3515378945492,789.1290869634154,824.261927319239,814.2282137595396,841.031175404313,815.7731480571018,747.1050614147202,822.5850028361341,843.909292304099,598.4342548426839
1361,2317.8216616080394,1995.794664444626,0.233130577360542,0.09734298780463482,-0.515098489306704,49,0.0,0.055712602608953866,1.3041837654039607,-0.28834697442143503,2317.8216616080394,1995.794664444626,17972.325329150826,0.0,0.0,129.0961962957701,16.32264362240212,1208.625562995845,1333.3069385281403,1364.609173454782,1445.9212987740675,1428.2949126414123,1448.5004129161102,1443.9371881551717,1435.1098752184205,1449.0017215139924,1374.6140468879544,1474.0680842817198,1445.350322107163,1120.9857916760466
1362,257.0640193352414,1997.2603564433307,0.8526273080227903,-0.41267876800979686,0.25026460488283764,49,0.0,0.01602482660971497,1.4452246343412996,-0.3998383891374687,257.0640193352414,1997.2603564433307,1096.2581748607295,0.0,26.962218955398473,129.99088320430064,16.32268187484936,83.59454337059786,88.6777715413786,89.67398831051766,80.17902448256817,85.08628702793038,71.99399109312296,99.82708245032512,83.36856163220983,108.35696665007049,83.31662359951352,74.61359278176369,77.26058566581018,70.30915625492094
1363,2439.224954940917,1997.9815669289171,0.6103166973544877,-0.046162819035355074,0.14013660003179035,49,0.0,0.029844682011472962,3.3851247468795487,-1.3239366942834552,2439.224954940917,1997.9815669289171,1817.0962440039018,0.0,0.0,129.04348742205724,16.32347099430581,139.4949140903193,154.4410023174136,129.5780817955408,157.5280358321395,135.1358443025889,127.2409175252489,138.56532376710095,134.48094574050302,135.3875442967444,153.13415886728902,156.52076996871722,153.76257534679436,101.82613015350177
1364,283.4918150604164,1998.479696037965,0.6206376003051225,-0.8434069189978625,-0.2645996228551183,49,0.0,0.01225142961967644,1.1845436746890117,-0.18387769499554285,283.4918150604164,1998.479696037965,1201.3218711889697,0.0,0.0,129.97941178746635,16.32322109540586,95.68081209658482,98.53302929700249,95.31281409012641,90.89196607270074,89.24422484425577,112.19424689390297,87.54432588641832,85.83188387342811,95.73386148862087,86.8060858790111,99.82289200459145,81.32934202586691,82.39638673645958
1365,912.6020486788362,2001.5049518014428,0.7569343649803051,-0.19604006640671304,0.27622212658273254,49,0.0,0.05113530820351877,6.049823411307078,-1.9543567454682929,912.6020486788362,2001.5049518014428,1619.0859324770977,0.0,0.0,129.70629093784402,16.325041200678555,99.77702558488735,121.2598432065756,140.56768785119732,129.90337594962625,129.5534495418349,118.94280291789103,126.46045237214936,124.41321979647203,127.18258047853917,116.51957437979112,134.2604247216669,144.5593604042499,105.68613527221686
1366,1343.3747668998685,2000.9504573195659,0.7719193503202827,-0.5907812016468043,-0.0357160151963482,49,0.0,0.011098937767886603,1.0515452752007919,-0.05456994088339619,1343.3747668998685,2000.9504573195659,1041.1654728946542,0.0,0.0,129.51926479070949,16.324990806269266,73.93643846096697,86.2742749893705,102.43190829238634,84.80341349124252,82.85954688746706,84.51690246233059,75.67837258813324,67.09382825943777,83.77829535067794,89.50915009980434,82.46264135856723,66.87759035995384,60.94311029431571
1367,352.3395828923577,2005.5107258384323,0.5024867131967784,0.6161664024432094,0.4598909517843088,49,0.0,0.010726188001901836,1.0170678391142949,-0.01837480406300907,352.3395828923577,2005.5107258384323,1173.0616927040528,0.0,0.0,129.9495312026765,16.326228887535684,87.0476209916774,109.598547421243,89.05044928816464,70.06532533484923,101.95387543077157,92.9509914610701,72.41241546882095,88.77123104180946,93.51341103594015,102.70855818624109,97.38909908595664,94.2306658503544,73.36950210715398
1368,2385.42092368855,2006.6653820527579,0.6827513436370793,-0.14243946789012776,-0.04714444998014505,49,0.0,0.010546123809461573,1.0885972422398067,-0.09216807444383845,2385.42092368855,2006.6653820527579,1184.5385011356254,0.0,0.0,129.0668402186312,16.327127915522965,83.6959333180209,98.86551405081022,70.88093776007956,108.50953612496129,102.58325331617098,89.10039021418356,104.92845004274378,80.55683713222894,104.40018162926343,80.02175299743561,101.46600053719332,85.10857845037395,74.42113556215985
1369,2521.960659298352,2007.4795440511236,0.8439832199361491,0.06801177743368313,0.17629004172552118,49,0.0,0.06414690847770575,6.937191821759863,-2.1029592585855883,2521.960659298352,2007.4795440511236,1809.7600876695335,0.0,0.0,129.00755991618993,16.327363741321925,120.39319977977755,141.7783576617631,134.56856318759515,138.15117662422108,147.9411140829127,139.39152613626544,168.38866071645703,134.07205441894382,159.05297856722444,142.61402302932822,126.79106778291816,146.11104921695974,110.50631646516698
1370,2907.1655695593563,2008.414370437879,0.49307205402661175,0.2990092648430355,0.3638847931160671,49,0.0,0.009574007622888608,1.351266273950739,-0.326852343526349,2907.1655695593563,2008.414370437879,1168.4960703330403,48.0503326309498,788.0977097475495,128.840324321834,16.32737234373667,71.82297726621528,67.30044391148422,94.71414582675315,69.4609946133189,89.05989523564473,80.59189892093522,79.01812234932939,144.8064677585662,152.89449325767416,105.818198692334,79.94909374644959,87.90033534971707,45.15900340461854
1371,399.17845348411095,2008.843597809987,0.6039643806587822,0.10017035791007593,0.3623437503147598,49,0.0,0.033109424707272996,4.381106101704547,-1.6039594276423257,399.17845348411095,2008.843597809987,1404.8175336365239,0.0,0.0,129.92920041690166,16.327668425793465,99.35046579270016,96.63210097938021,109.12282639884731,119.81179422633983,98.83810803486554,132.03439698016163,105.9642468781297,117.47307685397047,117.47995599478307,113.10222484175777,113.38177119812983,98.39711147612974,83.22945398132853
1372,2294.4131720033224,2011.3246860174631,0.5457298267658324,0.03211740654284888,0.09929125846649708,49,0.0,0.02299551341226065,3.0648473745035996,-1.2160221302019112,2294.4131720033224,2011.3246860174631,1414.9011920988478,0.0,0.0,129.1063492796598,16.329128976207482,111.48203662641717,111.54406095892634,103.45700505868656,119.31839827394293,117.69369072585579,119.22217718335244,102.45389236514066,99.98917600664174,104.4494362040548,94.14446690666017,119.49890446603084,127.04641818941721,84.6015291337211
1373,1368.544823670435,2013.144215167468,0.8493365003398451,-0.15394202352947142,0.6531333537038099,49,0.0,0.017964513393600542,1.5297746958060185,-0.46156868231627934,1368.544823670435,2013.144215167468,1363.8605803413138,0.0,0.0,129.50833934779354,16.33007694899956,105.86401653149913,99.20787374779928,103.64458212701743,101.35387096035431,119.76822096252856,122.46047099932778,103.38259909614145,105.6552358626102,100.13166191351169,108.1735655398019,99.39668932171742,119.04823923630362,75.77355404270129
1374,1479.1377620169417,2013.9524349418373,0.7404122297697804,-0.16707744683540043,-0.3867940284180504,49,0.0,0.015594464885006218,1.377944973330006,-0.34807968715054344,1479.1377620169417,2013.9524349418373,1185.8179652040542,0.0,0.0,129.46032221458918,16.330431048736106,79.97957036304123,88.4024852139668,80.34299575620938,93.54244335956065,113.63982090645749,107.30562386224945,86.41797985751148,97.09545913571282,98.85970002907307,103.43268833477939,74.29553766415415,77.31831523977098,85.18534548156731
1375,2631.1568712410844,2014.3971675326682,0.456008920658838,0.14398898428938528,0.14044097748712336,49,0.0,0.0687357954177431,10.67932758287119,-2.571359771187796,2631.1568712410844,2014.3971675326682,2576.641088043928,0.0,0.0,128.96014567078964,16.33015137157574,174.24285395815397,192.0145801791566,194.19860156762832,179.84047675820838,198.46008149075374,180.43202710737415,231.98930025679778,205.47357986387757,211.97006803975574,232.0419795851084,187.06656131798064,230.8094225619808,158.10155535715148
1376,839.4118096568244,2015.3426817744105,0.5457753926365703,0.09457448537443422,0.18862531346263112,49,0.0,0.0883650634509309,13.776439582391038,-2.8478424797935773,839.4118096568244,2015.3426817744105,2342.3477278783125,0.0,0.0,129.73807662612464,16.330759716560348,145.07731782632368,163.59826581768237,169.88829967783667,203.99406249982377,207.32015847365366,170.42794612313463,183.35365775746143,189.09697570185597,192.51954995791516,164.74071659097837,179.5121284503004,226.64957655270888,146.16907244863754
1377,549.1051121418953,2017.9477506785297,0.6507513138581829,0.21232943484499822,0.4295694806292103,49,0.0,0.013985470182983142,1.366078667316403,-0.3386892736157804,549.1051121418953,2017.9477506785297,1113.3380931841455,0.0,0.0,129.86411926859483,16.331611555773517,89.2400302919465,77.3207761283204,82.46540154722058,88.27764811457868,98.22660975254257,89.7592204864236,78.20964923935279,84.21217850648355,86.75309026767543,90.46991307267685,90.76419228652247,92.1878919044784,65.4514915859236
1378,788.0082999295579,2018.9718563527683,0.7280970851117784,0.1073433258494185,-0.007003376643137394,49,0.0,0.012698400460307126,1.2135233310492006,-0.2101203261002932,788.0082999295579,2018.9718563527683,1175.7485382930404,0.0,0.0,129.7603970441192,16.332235924692707,81.6987048910735,99.71217263205565,91.89945216481898,76.63070964009978,104.16944529367889,108.78830462171058,73.28825580418278,96.90951069705186,92.35724815248966,90.90211749579814,95.8331097617763,101.36855715620544,62.190949982098786
1379,1405.8755174818702,2021.3138713596886,0.6279256390677718,-0.4865832756588949,-0.025427859348534535,49,0.0,0.011232179454893835,1.0825111456843348,-0.0860809415110464,1405.8755174818702,2021.3138713596886,1176.754346666517,0.0,0.0,129.49213258188047,16.333488006153697,79.73383002680308,86.27219088528288,85.75731769411149,86.76812829524201,93.1290672542059,97.00970700489484,94.9800195227044,114.68060219397611,96.06490080726604,86.49934440325407,91.02268744555482,95.7296460636777,69.10690506954376
1380,1033.9621308822384,2022.9128489822376,0.4891839528023517,-0.3319862112169184,0.5013004467266222,49,0.0,0.014050938669260276,1.8722848437648583,-0.6809298042005563,1033.9621308822384,2022.9128489822376,1076.7126599679887,0.0,0.0,129.6536123326747,16.334028549503127,69.54583785205142,79.8700169810081,77.27681892628587,81.27150114876571,76.87651838428872,88.58995739211544,86.34101093295817,83.8481369717961,89.00931084002372,90.30791646722741,90.71665702986876,89.35826135838234,73.70071568321691
1381,1358.6524990996668,2023.7102558270121,0.5843223583316041,0.2572779560164068,0.22870219055475602,49,0.0,0.018023089126527246,2.1942761090870384,-0.8532281865244795,1358.6524990996668,2023.7102558270121,1236.9609542614876,0.0,0.0,129.51263672947957,16.3344773373859,67.80586306396887,86.73122782993875,89.48983020821228,99.26391105821455,87.76304437568808,101.91133684821853,102.07206381048292,108.91215677798698,84.47921986409851,105.66571659314461,108.10823170195832,101.77056152803354,92.98779060154166
1382,1855.151317739984,2024.8011667993135,0.5840425415515338,-0.09150172504741705,0.1706070018874097,49,0.0,0.547353973376558,82.2424384321918,-4.787739945942993,1855.151317739984,2024.8011667993135,10355.40112214358,0.0,0.0,129.29706175553036,16.33492905583286,747.1267330882944,844.4931593470669,785.3390844364636,800.456672018524,799.084616790484,836.1474575659097,801.7229122562258,823.4973434005694,840.4899986169673,798.6369424209004,893.6749219939311,814.2574904688213,570.4737897394211
1383,2408.2449152337535,2025.194076449366,0.35364975744661165,-0.2355310223627765,0.08537765937375084,49,0.0,0.008930967742770139,1.158122026544874,-0.15938580405503328,2408.2449152337535,2025.194076449366,1126.3741264747396,0.0,0.0,129.0569172765626,16.334831857813093,81.54259311270332,82.82000277603977,87.80131707442692,92.17492148665183,101.44879723609921,80.92776861015889,74.11839808000943,97.45249160208101,77.6619708430496,95.80630565932569,96.51459933925933,91.64593218456825,66.45902847036623
1384,2642.395969903499,2030.9219062149298,0.5603012015545631,0.346920302179659,0.28751404410712483,49,0.0,0.015945815655777896,1.5815650295705073,-0.4977176340106501,2642.395969903499,2030.9219062149298,1319.2804535003934,0.0,0.0,128.95525039589123,16.33702606097097,108.39772808291727,105.03927061179876,78.71168030983343,92.735776684276,103.13425720487743,120.52370396956188,82.18986819354289,119.16276634590523,110.86070390493809,97.0000117478957,116.04907031388237,98.5074626549964,86.96815347596794
1385,2593.8802377031743,2031.1402139176023,0.29908118563014313,0.34518933507867594,-0.24495872324304374,49,0.0,0.007962109549527942,1.0636243543986341,-0.06697068263942728,2593.8802377031743,2031.1402139176023,999.408533841083,0.0,0.0,128.97631432537815,16.337160867265748,81.04637611908386,71.89593641964632,82.94301549621866,80.39539487182091,88.49601836985065,69.64281769303794,74.95903974789033,92.06961089375072,74.23536330503575,67.39440015213734,82.7487245520773,66.36560030983094,67.21623591070227
1386,658.0378982333452,2034.2724733374614,0.7126912006145512,0.03126935306527708,0.3939642297573401,49,0.0,0.030409511184041855,3.57595134739323,-1.3834790034260391,658.0378982333452,2034.2724733374614,1488.5701706863094,0.0,0.0,129.8168390727548,16.338509701046142,108.01440913830726,105.94911133298024,117.27071924298545,126.30315021514457,108.79172471458583,107.31265859632222,125.19404339991985,118.29254016724511,122.66155550252086,95.45778373423424,134.01884717871684,125.51988937135476,93.783738091992
1387,999.3467887558643,2035.6198644954104,0.5618707720545426,-0.3421604917496482,-0.1388283902468904,49,0.0,0.011531144281893342,1.2923818357678356,-0.2784771136123264,999.3467887558643,2035.6198644954104,1109.8802241733067,0.0,0.0,129.66864865376098,16.339305086726167,68.89175070789338,93.25617939884816,86.35166214523,89.97037119940589,84.38607334969251,86.51693605917872,91.66704654645036,84.81133326615642,94.929465492146,85.59387587451924,97.62252148214375,89.42529628921092,56.45771236243136
1388,2215.966475047933,2036.1949025569818,0.6610522112498891,-0.16957380769890606,0.18784596910841198,49,0.0,0.052122209249583204,6.602745598345478,-2.0493114109232504,2215.966475047933,2036.1949025569818,1757.7771403038194,0.0,0.0,129.14039433060844,16.339536946668765,149.03017375221734,138.49801977329344,129.84936606111478,137.15535168461957,157.47387140197856,114.62348315146072,129.0289592459194,122.6278681068393,142.51807385508576,133.47366872286233,137.0960443979131,167.42426524872388,98.97799490179098
1389,2115.7405301355675,2037.7575459428579,0.7905027214665399,0.09456406074640296,0.18100221485319004,49,0.0,0.011672817700932498,1.0321442835476053,-0.03435102900467327,2115.7405301355675,2037.7575459428579,1045.0187261595713,0.0,0.0,129.18391107200273,16.340238370758872,82.75403171365456,82.2667549879277,81.41810799957241,80.19513851652027,86.88270605920106,83.03469805860705,81.8705743701361,80.52575825254729,77.75012255342318,66.61245491634989,93.73312815125357,88.45087420688571,59.524376373492586
1390,664.7069531652587,2039.1222194647419,0.8645441645542213,-0.1466302225512056,-0.10786330750984369,49,0.0,0.02588602377269363,2.4494116120616436,-0.9726544309888543,664.7069531652587,2039.1222194647419,1497.783219616114,0.0,0.0,129.81394767152884,16.340535920547488,107.04618615987665,128.61445373793555,131.68149091154456,102.71826688783023,115.61805925289278,107.90913780059026,125.95696506290155,104.97894023555767,122.23447805874116,96.03164657165765,128.86613148799736,121.5457060823895,104.58175736619907
1391,1965.330160600347,2040.9704832517086,0.46463000651132763,0.36193034723765916,0.16695643563247797,49,0.0,0.017828610089932778,2.404189438701669,-0.9524217125503198,1965.330160600347,2040.9704832517086,1502.2297949918184,0.0,0.0,129.2492179245263,16.341635872304746,101.84719759924121,125.59783035000154,118.43289430495335,120.98992667805885,125.16892156049917,119.07330234507589,133.95838312920642,111.6121486095457,105.52623720179642,136.5023557665299,114.67356067971028,100.96277110631044,87.88426566088916
1392,893.5930036864187,2042.5839847372295,0.5939735939634252,0.08776799221863371,0.2023168253190338,49,0.0,0.47337575716047076,68.75078459816524,-4.593194146972453,893.5930036864187,2042.5839847372295,9370.38649303325,0.0,0.0,129.71457045293525,16.34214529314759,707.5816712423757,750.5114611343666,722.5350872628428,738.0258320826822,693.7150400582418,742.0700910205924,719.8643786384686,736.1489539036265,733.5546075632808,709.4206030010812,813.3241652450961,720.9014998806795,582.7331019999127
1393,1958.8538782778116,2043.9810605557334,0.5290357664868135,0.31364094674331355,0.02782015171526387,49,0.0,0.016972390011095784,2.280176549419014,-0.8949211870954454,1958.8538782778116,2043.9810605557334,1421.2025896152888,0.0,0.0,129.2520289568427,16.342892342449385,95.56440331173644,120.94236629624271,122.11652451652033,119.0767439416399,107.31899428759195,115.8471264117166,115.38548754998948,99.75664736642693,117.38362553876087,124.23899093677036,108.0372807235745,96.64895264058745,78.88544609373123
1394,1023.1580920635862,2045.5918829604743,0.660799185747807,-0.13475158748288585,0.13331115317020925,49,0.0,0.01564886728733686,1.806337379274344,-0.6419971726305393,1023.1580920635862,2045.5918829604743,1137.0223779360235,0.0,0.0,129.65831523516525,16.34347247554784,90.87179685686095,89.55092385469052,100.52550527679728,89.58082160866124,92.49388044921915,74.59952386605147,98.96968509943108,103.19693157261472,72.29658558568876,79.05456115429342,84.08168853182875,90.24498077532854,71.55549330455747
1395,166.78288530740218,2045.8191310361287,0.3485540968078904,0.3143721368477673,0.2281163488631462,49,0.0,0.04044972353090267,5.82021502293538,-1.9123475739740827,166.78288530740218,2045.8191310361287,3758.733467422901,0.0,1860.9754561234279,130.03013961027412,16.34280208668915,438.93259090490346,417.80485091912703,306.05773881674054,380.5143722162263,295.5318609166462,294.95564889291103,311.57873025319736,168.79516194296787,175.16939978368015,208.67486118632291,222.0576919002903,291.34037205744306,247.3201876324449
1396,492.00423940481426,2046.4483768422217,0.4224588981135542,-0.09275594157898934,0.22960934645766762,49,0.0,0.07242541830203493,11.849254610590974,-2.684227578673552,492.00423940481426,2046.4483768422217,2655.4772286510697,0.0,0.0,129.88893887936572,16.343431533831797,171.99119429238343,227.09461098226788,193.02513775619718,188.81405606173098,206.4188904075407,208.61782623394168,214.9242749016724,218.1789467690998,210.08028285137277,213.30248545851697,200.60890074971581,244.90857531662925,157.51204687000075
1397,1102.305314730795,2045.865302000149,0.580712580015385,0.016930696609059846,0.13219880132167558,49,0.0,0.050661370929894034,7.126812439263146,-2.1322383233762414,1102.305314730795,2045.865302000149,1826.9123556160544,0.0,0.0,129.6239493889467,16.34362421666806,144.27772816208838,137.1645305082876,140.67822452354602,141.02781276556556,144.6964479326548,142.67092201330598,153.2983629853827,149.50471641330284,129.63354111757508,142.00747189872556,164.82247520065218,134.26480951739023,102.86531257757758
1398,2443.059022024913,2045.6121364209005,0.6572214613866588,-0.054051236876284804,0.22666620030134416,49,0.0,0.06669020877146133,8.337172522636529,-2.3025469713130002,2443.059022024913,2045.6121364209005,2373.3134129428727,0.0,0.0,129.04178612001652,16.343313614543725,175.1882614077935,192.9202476279845,192.55321447091947,184.7685434615733,194.63082799635916,173.0096798551727,166.85817317327138,167.28108351311545,193.50014635762736,190.77003523370522,197.57506675330598,196.98819264272572,147.26994044931945
1399,2903.850391472016,2046.0605965108723,0.3143240433624921,-0.0412863744127183,-0.06402055644399862,49,0.0,0.008011425244027998,1.3345475724760687,-0.31333514912223326,2903.850391472016,2046.0605965108723,1634.0285328579744,42.498964550828916,1031.7631258701254,128.84171862849945,16.343061196147342,144.11817620509726,201.67203285917032,157.67585429186525,154.12108330376452,196.02977577332078,107.64424607278907,83.69525514785565,66.00031616819027,129.2458683741606,71.42384467111232,90.46255428243988,109.54621784270837,122.39330786550006
1400,282.30058242884496,2047.7093819465474,0.24372144626430872,-0.16112496785030625,-0.02166264816987124,49,0.0,0.012196056156124518,1.6791243353407919,-0.5627071396201992,282.30058242884496,2047.7093819465474,1396.6851217246044,0.0,6.881905031137027,129.97998834541986,16.34373085624555,104.49285462357662,125.94231862850228,125.42370162070125,95.96783664188982,84.52642348188081,109.48042887819656,111.56718213560535,110.82666775400699,111.11407021014062,104.80794870367261,114.1079021996024,121.449273176274,76.97851367055526
1401,834.5973403682035,2046.7030014485676,0.4055654799426477,0.6964705524728955,0.8550586140057506,49,0.0,0.010414753933780725,1.344791973478457,-0.32163777077585604,834.5973403682035,2046.7030014485676,1123.500596485377,0.0,0.0,129.74018890833526,16.343822905208544,85.84138161115814,106.31012732873768,92.42549503769654,78.37613674965736,73.05635350733758,80.2033061738909,77.93520199527813,94.42174886708841,95.68368832888997,84.39561812576693,95.08901871522653,91.28797952577673,68.47454051887203
1402,1341.1505565096024,2046.6459477649369,0.6058769273887701,-0.09785254856291449,0.24973730274432054,49,0.0,0.11417461197411091,15.898347829739665,-3.0033799860041115,1341.1505565096024,2046.6459477649369,2920.9628281222895,0.0,0.0,129.52024132281272,16.344029866902396,217.0572842961982,207.60631920161438,225.08296021688363,219.4575814865473,220.94516222384408,239.33553757394282,234.5598580679067,240.32535757121914,231.4714699116659,249.13536845189378,239.20058526515623,235.11774082262122,161.6676030327959
1403,798.4765830677261,2047.853821920364,0.5986218744448373,-0.14096803498714047,0.15108871022778433,49,0.0,2.095383170172501,303.6055882547237,-6.205774402625917,798.4765830677261,2047.853821920364,39716.64726804456,0.0,0.0,129.75587324304112,16.344277238850605,2825.2038988875843,3031.6459426369647,3090.8485500883944,3201.3334416992902,3128.951008407705,3204.1936025973537,3148.0323050655834,3131.219312354775,3121.2916756014743,3123.770203245256,3104.1302696749312,3187.4378430104,2418.589214774862
1404,708.1992419262394,2050.155221006516,0.6156830136378796,0.07398552542136075,0.17515674369842033,49,0.0,0.02279055105795364,2.952877169019216,-1.1756134549282402,708.1992419262394,2050.155221006516,1173.6472766291986,0.0,0.0,129.79507304863682,16.34516816667723,88.3177497249905,99.39280393337232,83.41490023951664,90.24250422054632,87.94442972928314,112.8302697237117,96.67210209301487,86.18974419196184,70.80616214381368,84.34607042667557,92.63348949456712,99.60414545372703,81.25290525401778
1405,960.662088863422,2050.2371164741908,0.5682879489913775,0.01895546419689547,-0.18167160604238156,49,0.0,0.016269510693803394,2.0321436785752853,-0.7698860265081388,960.662088863422,2050.2371164741908,1098.0723520688448,0.0,0.0,129.68545379021202,16.34537415166597,81.89695127564184,76.820228685415,64.64952023543765,93.9050913666936,86.77081562379746,89.81709881198324,84.5674512746215,82.51644161029421,93.44285848305461,91.25847383990663,87.88399063319886,98.91223355553709,65.63119667326312
1406,939.108087258356,2051.7274420683866,0.5365484179485774,0.25438977559524967,0.3731678488718594,49,0.0,0.010503508753085799,1.3430185781240371,-0.320205050884275,939.108087258356,2051.7274420683866,976.9224390470041,0.0,0.0,129.69481352744097,16.345982644573724,75.52669542106398,81.95833384725947,74.9323817149695,82.33921763800761,82.32060848694098,73.47954037111279,69.31565496311833,83.91253457364813,86.18233841733006,69.85646132957011,63.09906524936043,64.26469633393268,69.73491070069001
1407,1094.2658156368643,2053.9781532192565,0.7784194900742228,-0.15383926784300647,-0.2354927466843454,49,0.0,0.025623443867559166,2.378858527866426,-0.940921537634284,1094.2658156368643,2053.9781532192565,1495.6900142040938,0.0,0.0,129.62744393504448,16.347000922864076,111.42711468646803,111.2065613491447,127.16849732298587,112.6538037212335,101.95247925212385,126.37637453359312,122.40924144417033,124.09123585045796,121.33828679628388,111.824209209734,129.79605721196575,118.82815373985173,76.61799908608117
1408,166.27342218650742,2055.148989870356,0.32111657214842015,-0.5591824730499835,0.06956384083775392,49,0.0,0.02372189929834495,3.611449417011347,-1.3942038409668984,166.27342218650742,2055.148989870356,4662.192552535953,0.0,1274.3593598997563,130.03037305094108,16.346688608003046,652.0638435283965,685.9249689548592,465.2073806572754,565.6923914844214,187.1395568688903,281.7810574273411,370.5581609148635,210.36765023243316,409.94012926081604,200.27516363688554,265.43108852706905,165.4728575517308,202.33830349097047
1409,1355.096878945052,2055.02385782223,0.9324526824768097,-0.5595318893805418,-0.14039438561972872,49,0.0,0.012772914229705746,1.1167915377818451,-0.11993028632501399,1355.096878945052,2055.02385782223,1068.5796850119566,0.0,0.0,129.5141875768252,16.347523746829296,78.58255444060065,87.27976218023028,88.5574097261547,77.15812065734039,77.409066335882,91.4064553657349,80.16908597044046,102.50323482202478,66.33059429494233,82.57970401958386,85.64326472042649,78.05114568071079,72.90928679788493
1410,1635.801655150414,2054.4686878575335,0.5090476150362266,0.3339182728274714,0.004158484761967165,49,0.0,0.011258808030862695,1.34458052791542,-0.3214670438843756,1635.801655150414,2054.4686878575335,1053.9277057773484,0.0,0.0,129.392300376006,16.347318637028774,82.3439346580451,78.94931904416298,75.42350126472556,67.08594299132277,95.10543952390353,87.29340472222961,78.24066313561092,96.54267297250156,82.33938506929636,87.63268147369982,77.45691686168763,72.62248651568297,72.89135754447963
1411,1973.7606097986898,2055.129946665519,0.5273460258693523,0.20179371927260012,-0.10423881219957964,49,0.0,0.010127342843306793,1.18805481767376,-0.18709119939067304,1973.7606097986898,2055.129946665519,1084.4499379783151,0.0,0.0,129.24555256070556,16.34753279855186,69.04139618831164,74.62121013474874,99.42657752675218,77.68118746103484,94.61148885343543,69.72394533269791,97.23101472101172,81.34412098099035,82.73765771175573,98.95755962530353,91.28142958601455,79.21050765993053,68.58184219632804
1412,180.3315010526777,2056.8409826889506,0.4744307692034151,-0.08548900497931347,0.06904887345698794,49,0.0,1.8362021503996375,265.460809788052,-6.0600010371870585,180.3315010526777,2056.8409826889506,58178.74743582928,0.0,50061.42796538071,130.02427167899623,16.34741138578562,5549.445139827686,5613.146648300942,4951.661423929795,4817.953427831759,4687.429814690211,4730.694574513312,4445.579190766009,4233.705046040101,4250.601904600975,3996.9163221032186,4465.207822833345,3965.4905549196055,2470.9155654723145
1413,2063.8588456799316,2057.2126682464386,0.9290195373346494,0.5560270117524896,0.3774467649171686,49,0.0,0.012616732917564915,1.0900743850336048,-0.09364033638225422,2063.8588456799316,2057.2126682464386,1072.8707395800247,0.0,0.0,129.20642969867546,16.34836708753873,70.9933345912953,84.00106896664148,89.16704731325093,90.4003533634741,82.26578150881548,90.0890126035903,82.79794718251874,94.95769568266742,80.90745292845384,52.15944908100814,85.73420427928002,97.72156071356537,71.67583136546376
1414,1480.7975323139685,2057.864492670173,0.4670833286644738,0.5674206834965165,0.397217241057491,49,0.0,0.01630440946852305,2.0852699871967983,-0.797905731438454,1480.7975323139685,2057.864492670173,1327.28232012409,0.0,0.0,129.45960638715636,16.34872772595478,109.57259265029336,117.40131959220439,102.44972608007157,100.58629303212395,114.76742164226438,108.16292319105517,92.43155118616515,93.9769806830154,114.66800521574264,105.80206291695539,92.48122490269212,97.49567161411244,77.48654741739375
1415,1887.5958649953527,2061.0044338951125,0.5578640031628462,-0.02465875772475692,0.13731701421413953,49,0.0,0.6360797623879402,92.6651603872094,-4.917291204412225,1887.5958649953527,2061.0044338951125,14188.633823303207,0.0,0.0,129.28296515668464,16.350005754059065,1016.6277348683209,1034.7065597155392,1157.6464682043488,1090.8470377566991,1151.7778151417301,1141.912323708655,1144.1987959170183,1112.2185054823003,1137.2768190662757,1108.519922274077,1097.9759878993193,1155.2260052583438,839.6998480105851
1416,166.78602307166528,2065.4322501722063,0.9367035189422708,-0.12801680145079328,0.4682951066932199,49,0.0,0.04308087190379601,4.059928746408083,-1.5212960289470903,166.78602307166528,2065.4322501722063,5231.195187010842,0.0,824.8609836754893,130.03016399645404,16.35097365263824,802.2280604469319,489.6544555249751,513.9959855518823,381.68220206565275,273.6570990261385,533.7062503333852,406.67328139978093,280.746273379311,340.74522871642284,303.3647566418317,398.062454607154,344.8615658940226,161.81757342335283
1417,223.6203034270004,2065.5222750775247,0.6133101423358064,-0.3380362123385004,-0.005130137238881703,49,0.0,0.04032883274720786,4.785125654225492,-1.6997333663690184,223.6203034270004,2065.5222750775247,1988.5627582702919,0.0,1883.4934308225752,130.00548784429967,16.35108215493717,165.5341583498988,159.5948662734012,169.118769199681,164.3957495300425,163.93807305535142,147.39619533629048,175.3183988878302,157.08978875447005,146.8471079403608,150.47011125066106,121.2786435282726,149.94464517165449,117.63625099237713
1418,1735.052187285308,2065.4394728133266,0.7364248808927091,-0.061876459360075325,0.44084621389488365,49,0.0,0.010411964984266683,1.0756405547156722,-0.07916792000033161,1735.052187285308,2065.4394728133266,1000.9527308116784,0.0,0.0,129.34920262953398,16.35188225257698,64.45359077603183,64.50407311720947,81.33309462465148,85.92658973073853,62.21509303417184,70.18417871764939,86.1194904388195,89.49121782622906,74.90444112470234,72.93167038100589,102.19698895506342,81.54637292414093,65.14592916126469
1419,171.84463698556283,2066.4690233582196,0.5396850673100962,0.33465630642190086,0.17847569081063333,49,0.0,0.02464392925758899,3.2245670078511446,-1.271178515470289,171.84463698556283,2066.4690233582196,5595.941681692795,0.0,1606.239384014311,130.02796901680105,16.351412046564885,825.0521936986389,450.080190623411,677.8676808585781,268.89011202900065,295.95674648561305,628.380713406929,448.8663815618738,291.6511737694684,426.11765619529126,391.9926868334006,361.6792842972705,365.91464329227404,163.49221864104595
1420,175.63272055396126,2067.4728073318665,0.38966123684931536,0.7272886679987874,0.7642074300441624,49,0.0,0.029490888020430872,5.308749345139664,-1.8124805510659483,175.63272055396126,2067.4728073318665,6917.651530188068,0.0,3481.551398531555,130.02632562132948,16.351835064994706,797.6744432243115,634.4150965988719,855.0314201780836,470.2637935680842,480.0756269711764,566.4322751535062,521.7373394650876,338.21158893131815,541.2961059473256,500.27500464358627,433.7008197496584,520.9629601064155,257.5750556506413
1421,180.48449968503607,2068.4873089349235,0.6386170861657701,-0.8611562457117641,-0.21278093118044225,49,0.0,0.018071820342738514,1.8262148364965824,-0.6538796668630408,180.48449968503607,2068.4873089349235,5606.231791852167,0.0,3763.891860575608,130.02422039543947,16.35226387951724,694.5984099171022,486.48818818945983,608.1317771596352,436.5882278593045,413.6339067185355,457.9352733602897,477.9732942958341,372.6346343916184,395.884196387213,356.37911090441594,321.9422982727634,350.83871350084365,233.2037608951513
1422,265.1425040516614,2069.7609750095025,0.31365173146001607,0.16935346564714765,0.17978264547591088,49,0.0,0.012868719325565138,1.8342862838371752,-0.6586677964208848,265.1425040516614,2069.7609750095025,1255.0540831422254,0.0,476.0393225970758,129.98746480513333,16.352898222185807,99.98095128498352,95.03783977479047,103.81408743324343,82.3051862487951,123.90888074135768,94.75807293166825,102.16347011656715,112.84889355941439,95.9602590359991,89.13530732847127,89.08347705615701,97.03681932481095,69.02083830596698
1423,2439.2482874283032,2071.1703464849033,0.5852958148258111,-0.18717108387476827,-0.24751083734495283,49,0.0,0.013772684132922283,1.6267237744997867,-0.5282845347774704,2439.2482874283032,2071.1703464849033,1344.8922895074331,0.0,0.0,129.04342108228076,16.353965382207274,100.8275016891799,120.72503744156728,100.76158052783839,106.5017856587705,103.39743655430993,103.9819872685587,87.41658461348194,98.51030397040392,115.75066159269485,107.10297527680561,100.71570225408742,121.53939329025779,77.66133936947696
1424,897.5953624441387,2072.2186265209734,0.7755775883975513,0.05174324216884611,0.16492214855313117,49,0.0,0.05382385417169873,6.222511422106104,-1.9849142561919746,897.5953624441387,2072.2186265209734,1651.6893865426027,0.0,0.0,129.71285172368087,16.354495255873616,107.7684909642785,128.11713935114452,132.1595695305834,140.69182510480562,127.91504007534809,130.8771535447467,112.3722115855508,113.03025975156282,128.2347390399795,137.08100555900202,144.88726353420444,122.60993656436341,125.94475193703299
1425,1060.9102255030164,2071.767550691295,0.6034904087257451,-0.08739295209022667,0.28870637385866965,49,0.0,0.04278626265136617,5.738400736941265,-1.896977184001702,1060.9102255030164,2071.767550691295,1548.9504292723868,0.0,0.0,129.64193609666017,16.354397524786393,111.28367599405935,127.77866859610434,110.85159859190759,95.48284687521475,117.33953902128206,128.63417668016223,138.70953475071053,109.93591217052388,126.28792526141314,127.02903158101502,132.12177026464886,122.97197084961306,100.52377863573216
1426,1806.0733005238926,2072.107632932834,0.6444836583942332,-0.3691092793690558,-0.04315308043931176,49,0.0,0.01122697853437224,1.1487223290176989,-0.15053765755851822,1806.0733005238926,2072.107632932834,1012.9734675631175,0.0,0.0,129.3183620331951,16.354649879340478,77.4491553469943,86.4840036880055,85.50173979028382,95.30426726184032,71.56832300509377,85.65310743706664,78.5864620294195,74.11508738543216,66.65615186306081,81.32791624880997,77.530227981266,83.57186964018072,49.225155885664144
1427,1910.321999179476,2073.4631290647844,0.5261356091489706,-0.10488226147279328,0.28360639394540527,49,0.0,0.023813490852914027,3.0692824687266826,-1.2175921469220214,1910.321999179476,2073.4631290647844,1571.6743893565958,0.0,0.0,129.27309342882762,16.355190773599567,102.81838550288975,133.1668252039821,124.24402881813171,119.90059585907854,121.65279834697603,143.6684224947179,118.33058455935463,125.47744475499475,127.27775084093028,103.41557409681074,148.2035447873126,118.59417585301628,84.92425823840081
1428,2905.8241048642944,2075.223411733773,0.30568229348779496,0.5473034559093573,0.5665107023849405,49,0.0,0.005726728658325678,1.016863771521525,-0.01815693678244468,2905.8241048642944,2075.223411733773,1183.135224440607,0.0,526.0418860106963,128.84082684616698,16.35520935240546,247.76167680884598,87.59578537548845,77.41900021555605,57.53047071011527,242.33632033595518,62.84735709151413,53.37966386151625,69.89870191017782,80.90484110876959,41.50121980794985,58.110468304475425,53.58753373539764,50.26218517484551
1429,1488.8419327253457,2078.3697001917258,0.6463677735999142,-0.17181062927665958,0.2519894593429493,49,0.0,0.19052675524811893,25.733584790123746,-3.5262507234083476,1488.8419327253457,2078.3697001917258,4220.292599302078,0.0,0.0,129.45611543442737,16.357272287693313,282.58320039487785,358.8202902204293,330.51864332806485,340.0218764943839,357.106872757752,339.8059733386359,325.1056328623108,322.51943933409683,319.75272362579955,335.8554300334654,311.27339851831425,320.64683278789903,276.28228560604805
1430,1730.6762839935682,2079.0401176534747,0.3337636312074384,-0.10254554580006353,0.13989895242454242,49,0.0,0.007794351707532572,1.0514237687515258,-0.054444476410577605,1730.6762839935682,2079.0401176534747,992.896249663024,0.0,0.0,129.3511011481395,16.357549633412827,68.23969406896825,69.41956454769439,97.86197913747996,56.32943831663431,70.06898879168314,69.5415041328476,77.51575264211148,74.88413783784779,86.77534512146559,78.5847524710338,92.0582286636764,87.462115595489,64.15474833609238
1431,2128.413044306137,2081.2493976130045,0.38247641591823456,0.26203992378755564,-0.034322616682500806,49,0.0,0.010810249727594657,1.5495582790476121,-0.4755197868574569,2128.413044306137,2081.2493976130045,1117.2253822346793,0.0,0.0,129.17838768579847,16.358353757090327,90.981802047965,76.28699152916198,113.48031547314784,76.90673570942153,93.4577673915474,70.31407330989109,80.79101919555404,88.03824730696502,106.0719201204146,80.4732766684588,91.1085357751458,90.25329428781492,59.06140341919119
1432,257.5210342257972,2082.6423994737356,0.5023773776810476,0.1978035863460113,0.41179109965741884,49,0.0,0.011409043689484791,1.257457696487959,-0.24873345849311237,257.5210342257972,2082.6423994737356,1301.8618471537307,0.0,703.8672098202828,129.9907897963307,16.3582560671375,89.08103807069855,105.26426550557156,113.47038286097677,122.07457921274423,92.21634265538718,99.51000784580195,85.40627442161176,109.9386279564329,89.23838406796438,122.63664163062701,90.7408812937399,104.4103023793653,77.87411925280915
1433,2119.9714553945823,2082.8546256256263,0.8541149536307446,-0.06095547975206503,0.7824912615772736,49,0.0,0.0140919609777194,1.2347469142720797,-0.2289448737487085,2119.9714553945823,2082.8546256256263,1140.1730263585582,0.0,0.0,129.18205256522234,16.359026520513574,80.12401224907929,91.63524425466913,95.99717264731218,86.62547753684147,86.68671049253993,85.37319044053268,80.09430996942324,104.47811052645349,91.8963149125025,85.25970480495423,88.25527404423264,86.96558753619786,76.7819169438194
1434,996.5326096522455,2084.0909799714573,0.5009354296695443,-0.1867081765330449,0.1434592052466802,49,0.0,0.03901353980435628,6.20978606806791,-1.9826915966338852,996.5326096522455,2084.0909799714573,1659.421030141578,0.0,0.0,129.66989735775735,16.35949944179685,114.74587119322825,130.0894737741892,133.84374120634436,120.6399721006594,133.40756002170792,129.17883480107565,118.86577256905,133.20711916008008,129.52499900407622,153.31774339206402,126.8967719447646,131.03461125015986,104.66855972417835
1435,757.9616503733001,2085.621866057807,0.5066684305353255,0.053583532122078566,0.41574291960295906,49,0.0,0.02223635855370873,3.1007289659635737,-1.2286595157781606,757.9616503733001,2085.621866057807,1277.4016492967248,0.0,0.0,129.77349378795213,16.35998382063826,90.85438010045682,94.91081372108228,99.62964531196795,89.37404854713125,103.88974401732787,108.16491864560581,105.56035791408192,116.08049966637708,94.48908311247655,99.07895944971187,96.17746825371822,104.04733045068721,75.14440010609982
1436,934.3002603143942,2085.6085367722817,0.693850631901994,-0.29521901264847006,0.23482436929956968,49,0.0,0.1507076957528873,19.927368364057017,-3.248624872386956,934.3002603143942,2085.6085367722817,3065.298330526873,0.0,0.0,129.69692178113567,16.360096587947073,208.21475789691186,253.02629848720161,249.17623768751258,259.75466156074526,230.1092823849656,229.57654888780905,247.8197118155141,243.73681723611605,227.19888029507212,250.53885881037183,263.7991900783175,239.4443322584318,162.90275312790357
1437,2067.157882994872,2087.702977636899,0.6077155859998878,-0.2304586893942388,0.17017933729760065,49,0.0,0.05964849072894789,8.511288679645526,-2.3249883021173994,2067.157882994872,2087.702977636899,1812.8706897770728,0.0,0.0,129.20498417418293,16.361069790592104,125.6582056669902,127.08329085282867,172.7776220299565,136.00586139922973,133.21397429200118,154.81481107296577,145.6014511323968,145.1562806317955,144.09806320055526,134.55170156489046,157.07487443629907,128.55080719254818,108.28374630461562
1438,1765.6724666201196,2089.222699190246,0.2285022039780206,-0.5138162696362261,-0.30107480733445713,49,0.0,0.007824528150414423,1.3546026493316,-0.32952980166059215,1765.6724666201196,2089.222699190246,1129.4937048578302,0.0,0.0,129.335902850334,16.361787723713608,78.17611502458531,72.72500407295644,104.31821533166016,74.44627804675125,86.99763452658661,93.25375806945581,92.65069312609154,80.68596588146428,96.89543259998219,90.83896886058913,93.46025851749206,96.7702161247193,68.2751646754961
1439,1057.6048976342222,2091.294987925512,0.9119872734610496,-0.18692454906887468,0.1434082529301507,49,0.0,0.01804461622153073,1.734890378425253,-0.5981800961615104,1057.6048976342222,2091.294987925512,1033.6882123215996,0.0,0.0,129.64338106874803,16.36253219795621,85.47947022901567,85.20736074282183,90.08238255956843,82.94965837132723,84.94851712811217,97.64106997614573,74.04338318533286,80.7949355042497,64.71868966925737,69.93098225365958,77.02399326371287,72.1335101458495,68.73425929254665
1440,2346.1481893230844,2093.770687813898,0.21746191350031632,-0.14345292189643777,-0.24278849496734442,49,0.0,0.00723716763594408,1.2438234226201723,-0.23689682704300097,2346.1481893230844,2093.770687813898,961.061151312422,57.87082585475612,0.0,129.08383139585305,16.363447501207794,53.36753224058208,74.10595685206147,59.80077490404206,73.95318313444125,76.34689593298319,82.36275936313011,66.74444772565897,64.70034740424917,97.54590133182589,81.04321142939155,95.6399953854591,90.85014203244432,44.600003576152815
1441,1068.1951028174992,2094.4489027809755,0.26373631986065693,0.2232385568844754,0.63216959808606,49,0.0,0.008298665406251503,1.0138428752145305,-0.01492663375857257,1068.1951028174992,2094.4489027809755,1076.01772848039,0.0,0.0,129.63878386287186,16.36385136652189,85.13292078856708,89.35091224439324,82.21476675218184,89.32396163549754,73.55769465444315,92.16832418039222,77.7854722588852,96.11778775880927,71.84631248760918,78.96370795630183,87.08015412194197,81.79464643272786,70.68106720863938
1442,1455.8174654371487,2097.8456182214272,0.5606082823690549,-0.07649336458644132,0.20563312272991113,49,0.0,6.163205296156589,894.8288232045225,-7.379349911619898,1455.8174654371487,2097.8456182214272,133608.54102713763,0.0,0.0,129.47045855832778,16.36538338227675,9353.77586963851,10325.911938317957,10574.069167509773,10420.23251573705,10673.986137073043,10718.220186386348,10736.592452273668,10624.23296216151,10621.356910902801,10104.822659110006,10643.820940984653,10738.937022645114,8072.582264397201
1443,2085.0797613952723,2098.7726458345596,0.5712701515442292,-0.1175261523158001,0.1514296601546484,49,0.0,1.0805546642084254,163.38864188766564,-5.533054657159282,2085.0797613952723,2098.7726458345596,20570.009336832154,0.0,0.0,129.19719680604481,16.365674479613258,1466.5625357430936,1586.1537475000114,1557.5124429054567,1628.167376116397,1636.75849257843,1637.539177437621,1634.9017271253047,1665.1708706879988,1568.5660754224652,1637.0979393118287,1686.7703394807327,1612.4099944092682,1252.3986181135424
1444,1590.1532037499785,2099.756524405189,0.5036918482409064,0.008875513326406613,0.31989707024319924,49,0.0,0.11036536423901105,17.993829061312088,-3.137808976075176,1590.1532037499785,2099.756524405189,2987.4562277450277,0.0,0.0,129.41212220565205,16.366188848226663,206.53673264598763,245.3180043969483,227.44797503216972,228.3036063515183,206.72617934150873,254.23160183293595,242.6183321979306,239.36858548642317,238.67027359773394,245.24205153528257,251.46601932393895,236.7680774935049,164.75878850914427
1445,2845.4918231748306,2101.119843441012,0.48008922372873825,0.21584483323422338,-0.5828462234767052,49,0.0,0.02460407284884886,2.691968059987428,-1.0751747567722116,2845.4918231748306,2101.119843441012,1858.9986126475067,0.0,1631.369005211775,128.8669934099408,16.36606732184098,129.38672493718946,138.48168368651554,144.42035754285624,160.2084454296088,157.65546786368878,122.07786000061844,158.54073099786913,143.47522786361247,146.3447251633412,158.51418951707154,128.30846122956487,156.8451291155053,114.73960930006494
1446,1218.324765711941,2102.3305827889,0.5483204548380306,-0.11974014023498347,0.15542677165835336,49,0.0,0.13838870989470783,20.88349150009602,-3.299507774673768,1218.324765711941,2102.3305827889,6658.817508800852,0.0,0.0,129.573592841708,16.367196417181095,468.2875591972551,518.7317778341478,483.21835454697634,505.0726846687202,550.7435558077666,548.4009189780404,549.5991974631156,520.5643060557941,547.0808978498568,531.8635080730221,522.7279638598113,534.3916729145058,378.13511155183835
1447,1224.7746729867563,2104.424287825159,0.6379605991131891,-0.1984742711918468,0.23877808220967442,49,0.0,0.20808883947364099,28.069781815562695,-3.620597592267838,1224.7746729867563,2104.424287825159,6804.240035248773,0.0,0.0,129.5707926337415,16.36807095416914,488.4602877433781,548.9062685667361,491.92989140709585,522.9382958722138,547.4110654101497,566.5220756585095,565.8385259287993,533.7628542734385,546.8610290750554,530.9462965971835,546.1644353537624,538.851571965544,375.64743739690664
1448,1521.2948993466896,2104.2343755031307,0.28586219138699387,-0.2635164569611839,0.15140848962876313,49,0.0,0.019700568794088838,3.204981692791556,-1.2645638828100125,1521.2948993466896,2104.2343755031307,1495.164861643583,0.0,0.0,129.44202493026395,16.36805185079064,111.03755954055131,116.70490674149521,124.09797866855939,119.31738163953017,113.13338781786948,129.97671099814204,108.09255501344059,106.09994705989388,132.54531464184558,107.17249502223606,126.11791135436735,117.53108755013722,83.33762559551468
1449,930.356774593174,2104.5305638280875,0.6904948719182904,-0.42550072913014253,0.13493046156373534,49,0.0,0.022482322103811098,2.2282921369713913,-0.8699303194381278,930.356774593174,2104.5305638280875,1451.0786526194704,0.0,0.0,129.6986457982483,16.367978218686098,119.17706180965801,111.23785447191908,97.35384299681309,116.72458384479343,117.30705084813184,105.59241297477013,122.54343698077452,126.6610807469508,101.53806141872094,115.01596076642454,116.47061876597067,115.02901437224973,86.42767262229349
1450,801.0299368854952,2105.3892875459155,0.9287089843003522,-0.16540792006794094,0.44980184764997366,49,0.0,0.0126840293217749,1.1110051056985988,-0.11429013693730103,801.0299368854952,2105.3892875459155,944.5173248128913,0.0,0.0,129.7548067122926,16.368251439304576,59.74867632552365,76.6361921305222,69.90430999227075,76.5163437906766,74.16399831147434,93.42683098636773,79.72008499885806,73.7557962755825,65.30591750597677,64.33706579326385,75.3921287381508,78.24210691327264,57.367873050951346
1451,1069.8639343372504,2106.5845343773635,0.5265025793109869,-0.07221907538364106,-0.26149000867685085,49,0.0,0.012274116615237944,1.4331807582931795,-0.3907524218736289,1069.8639343372504,2106.5845343773635,1102.3682876570133,0.0,0.0,129.63806507436374,16.36890856111991,98.84366082848177,76.12276552239253,84.96479894268055,86.49128578374194,67.86238738681969,78.06402133897146,86.6939419729205,98.53194326900196,87.31104696312975,83.26638440314335,73.59046711732273,106.19434358153786,74.43124054686913
1452,2346.4481339773747,2107.247631836968,0.6429297564925525,-0.09750170056891977,0.11328050337383508,49,0.0,0.015284726940116936,1.740239961763819,-0.6015228432417331,2346.4481339773747,2107.247631836968,1184.8086615514349,18.70213233188183,0.0,129.0836919397806,16.36906253171776,80.04589442017297,94.37352427456612,90.85662227334163,86.34984346068939,107.74065325026218,109.37482514844913,94.0299199588276,94.71348739119549,92.9551847204832,81.9547140797225,90.3418093278255,92.90372517433777,69.16845807156116
1453,248.86661685420208,2108.0316649535234,0.49422174626160476,-0.25916932698842865,0.4112713546296896,49,0.0,0.011456856701002747,1.2771150460836307,-0.26557505370821527,248.86661685420208,2108.0316649535234,1208.3785272747202,0.0,1062.8475697445683,129.99457896465327,16.368823867300915,104.75865933325359,83.58183626093575,109.90801418644801,98.47720850160968,92.1051138289472,87.79184601934985,114.75195327081278,84.01508947657119,80.89184979059512,85.78065810547535,82.34699292695508,103.21014709007608,80.75915848369056
1454,2354.928772922431,2108.305555421149,0.658950567773428,-0.7636467603441466,-0.018489896226078356,49,0.0,0.010429057661400048,1.108873230028048,-0.11220474759510213,2354.928772922431,2108.305555421149,1080.0903661124366,32.33438714550804,0.0,129.08000846775462,16.36949765785859,80.26006998913321,89.69144498071633,77.20000099994199,83.17796271761308,99.6790711266353,79.82268039647552,89.79278738806849,75.66593273847349,92.67548814075904,67.79706876918178,80.56759944014377,86.50336473621216,77.25689468908274
1455,2412.8864017151386,2107.4509626637027,0.2092391639679079,-0.25411100114547824,-0.12189278379384823,49,0.0,0.007981893508740205,1.278070887299629,-0.26638735581825623,2412.8864017151386,2107.4509626637027,1093.07809089914,0.0,0.0,129.0548408605592,16.3691011788129,88.09386834842363,77.75428019065579,92.03372573290324,80.451257264746,93.52808284150984,90.75914349827059,80.66220584884653,81.6308281104184,83.5438447114992,84.77439831694295,100.94248515470976,76.96515750338648,61.938813376827454
1456,2905.2152819839257,2109.6858307838684,0.5320175593070804,-0.05872910757798102,-0.2346503680473045,49,0.0,0.009604350437628575,1.4474392116899553,-0.4015008341386297,2905.2152819839257,2109.6858307838684,1427.0583861480059,0.0,331.55402565837414,128.84105001462123,16.369568515613103,115.70027818246479,82.86671757256318,38.21323423317715,48.48672184369406,65.1340763192386,113.7164015713222,39.56895218123518,90.28815378976532,61.28562882190005,51.145095118859636,453.8423135823084,75.40574762948117,191.40506530199627
1457,2013.6363336281609,2111.149012182264,0.565143749801577,-0.20915983475145497,0.058610009438920724,49,0.0,0.3075621919353602,46.256356691318295,-4.162928558161342,2013.6363336281609,2111.149012182264,6528.746020603998,0.0,0.0,129.22821671779715,16.37085973868097,469.79850563876346,490.0948883777835,531.3662575737375,484.26874967894867,517.7885618395696,513.3719264895361,540.9371169657704,481.85752820254095,531.4807104130923,511.11450732245396,522.9159901942971,486.2363334320971,447.5149444754076
1458,467.422242786764,2112.2316940077308,0.5350600231160344,-0.02215987708826825,0.23818823736830663,49,0.0,1.3234108066891097,191.34914248740694,-5.704566300790872,467.422242786764,2112.2316940077308,33094.441406353,0.0,0.0,129.89968014804245,16.37081542895569,2319.219854975874,2567.5076970999216,2560.06887659565,2532.2800492396364,2542.408621457602,2586.392434805172,2722.2528873164183,2587.9313310625894,2651.592030356328,2640.481766093438,2660.6913147887562,2697.8247226910235,2025.789819870587
1459,856.8065445036694,2115.4767930119765,0.6308558981265244,-0.1633904430636083,0.3034411688396122,49,0.0,0.09494515069479478,13.418144008927852,-2.8192311214705637,856.8065445036694,2115.4767930119765,2310.694797299953,0.0,0.0,129.73059257797019,16.37249274177131,176.53517429225818,188.6738546230708,192.6552261329868,164.6928504920255,185.73480601836593,181.00497808143535,188.69254268196391,173.97438069841894,182.51311329616203,185.47870503146146,172.78748874150693,170.36764169800307,147.58403551229372
1460,213.14787378260755,2115.8518489637936,0.46417106219719084,-0.2408116392644244,0.17911829105106677,49,0.0,0.15510577331430986,23.437969004005264,-3.4247999389529293,213.14787378260755,2115.8518489637936,5034.617696884322,0.0,4538.382941584294,130.01009872076057,16.37203852114136,339.2592489464423,419.19018577469666,425.34298918820616,436.5997648588973,408.3836255683917,402.8784261236152,404.45341673449866,406.10415379751396,396.01155036403594,394.49156641028696,416.2621277586938,323.35213551573736,262.28850584330576
1461,2515.47382575952,2115.8333966445134,0.5843935980906878,-0.022276521522344994,-0.030785451788090425,49,0.0,0.013629234646920615,1.5598030289691651,-0.48267439839777776,2515.47382575952,2115.8333966445134,1092.2207677159306,0.0,0.0,129.01028541395635,16.372514873118327,92.21745171897163,81.69653470955767,92.5197597341414,93.32183150360063,88.98906067840227,74.9445865458088,89.45329166947873,82.12596315844291,88.24815364122088,70.57378873670726,83.1157931768795,86.07972709938153,68.9348253433374
1462,1922.235549824665,2117.99356585169,0.662164321841241,-0.15081961821103848,0.16307487253100142,49,0.0,0.10245680487149304,13.694420032731575,-2.841359110840074,1922.235549824665,2117.99356585169,2494.6531597036287,0.0,0.0,129.26790704483628,16.373741481133436,171.63088544638578,206.1313668400761,204.52773319114536,192.82292426692916,200.27582365313447,199.54148624864166,181.88908399302102,203.19508315160402,201.85922906114615,194.3458459619514,199.62438945653707,196.90109705116754,141.90821138188937
1463,500.0562424053674,2120.2530379074838,0.5717786243993223,-0.0012773832983195104,0.24630995992797625,49,0.0,0.3387312472558305,47.42673290310799,-4.190058020831536,500.0562424053674,2120.2530379074838,8409.780543663219,0.0,0.0,129.88551723662383,16.37418993006899,571.9950540684914,666.2926924896203,603.8987060388845,643.0175416348666,651.8848609515676,641.8313963122973,633.5238697506927,657.9601382236126,739.8693075998085,633.7968879276707,704.8251462589905,720.0663556486911,540.8185867580241
1464,1791.2010741129388,2121.9077891228258,0.6036117649670345,-0.011318064883161968,0.6537303518699135,49,0.0,0.018677819848242835,2.1695358107661664,-0.840917057677,1791.2010741129388,2121.9077891228258,1277.949570076405,0.0,0.0,129.3248113556555,16.37540227223987,101.48077882228715,95.64480034000997,103.84812884262288,111.78503064328125,117.47492241773423,107.45441960456974,99.44355795632605,97.11184708240538,84.91857827510358,90.81635341073553,90.29912190883226,105.32975357620575,72.3422771962914
1465,234.55048686226485,2123.0503921962613,0.5761750145795141,-0.23084321817139802,0.16272530794335852,49,0.0,0.11417767320753928,15.229917482418063,-2.9567438757026183,234.55048686226485,2123.0503921962613,3703.4927012339463,0.0,3660.3193927292164,130.0008141256213,16.37506393671991,247.4911730201188,292.9334986840896,282.8587444542111,275.0048666933461,299.69182975316176,270.29713731044046,290.92681545239043,289.9552516729275,322.61170569815283,312.32106466249877,305.4192057860331,264.3804007207939,249.60100732578164
1466,873.5590571612553,2122.6062625194154,0.5227875854867612,0.10123127893398631,0.23376460807022306,49,0.0,0.07492993500341247,11.42354285141527,-2.6445020378396484,873.5590571612553,2122.6062625194154,2270.078874295163,0.0,0.0,129.72332236477556,16.375474232483704,169.47883503865464,166.83730649873067,158.4403216967617,201.54952001326336,177.1657161233545,167.48065046991368,191.1122399288179,186.54722089489962,157.04892060869332,195.8627674738871,166.45294509427134,191.7772610132027,140.32516944071259
1467,1547.157566637313,2124.05072617564,0.7312533715438556,0.06082504553628943,0.14160261839452407,49,0.0,0.07431718773856598,9.050947871605992,-2.3917351590217715,1547.157566637313,2124.05072617564,2028.8246540388238,0.0,0.0,129.4307946747073,16.376310073078255,138.49912936689546,172.32695352607993,152.44981940289975,187.6755004047762,181.63507754097503,150.69921050394953,154.80139397284864,144.50008392434734,142.5587697501764,148.53427512231423,187.019592242644,158.19730997385594,109.92753830706158
1468,248.0961319175667,2126.1347324159656,0.6027421757657708,-0.2861511532898863,0.13958610884424616,49,0.0,0.013018204035661481,1.2993798329693222,-0.2843403050303799,248.0961319175667,2126.1347324159656,1200.0765738055215,0.0,1171.2169570406918,129.99493595041855,16.37636538313912,89.60244851192816,90.70687280293956,109.76583697384805,90.83101755805758,83.75577036414039,77.21986617150473,110.615905874963,74.32560527192796,90.38972224477494,93.06992449684897,107.89741070741081,104.46158544115235,77.434607386025
1469,2043.9758150008768,2126.667257165859,0.644809517460011,-0.5125800748770746,-0.5368543745383684,49,0.0,0.011663338375226385,1.216766801680317,-0.21301837974143623,2043.9758150008768,2126.667257165859,1011.2817846336749,0.0,0.0,129.2150350144095,16.377313979162473,87.70982036945007,88.98971593497649,68.48229641415384,74.9491050103974,74.83444501983712,80.46593324546899,84.54338542086825,73.5255881284459,90.1750989856603,62.79699671461283,75.70627163685003,84.0360469824802,65.06708077047345
1470,901.8945252533364,2128.5187563951026,0.5332543315418085,-0.119087582011039,0.29386417284913935,49,0.0,0.11947387092696697,18.278573264400574,-3.1548557345695154,901.8945252533364,2128.5187563951026,3208.6524597799234,0.0,0.0,129.7110209555965,16.377955683548098,225.2437737116957,247.99623812385633,251.82796068185792,246.51366402615602,268.42286525445707,253.17494269404352,266.72324434073596,251.28230144563804,239.6596216052527,242.46409605474554,245.2374415690059,250.9384737382354,219.16783653424332
1471,560.9104774727781,2129.433138824081,0.7290595814844256,0.4775892591909938,0.7092698111745597,49,0.0,0.011688347210652546,1.1158873907617624,-0.11905092548612212,560.9104774727781,2129.433138824081,1068.9268557206042,0.0,0.0,129.85910001750827,16.37807276697535,78.16271258241454,97.1703016097952,76.89112719441394,78.90337121463598,79.87914167646609,88.49203401626215,85.53867426336589,103.50597018181276,74.82529172616486,90.90027304136635,84.85309208002099,77.23942382169346,52.56544231219198
1472,193.0197021600099,2129.496528024608,0.714183632765373,0.20392414537322068,0.4528117209733102,49,0.0,0.08212616757456653,12.202343580919027,-2.7161081231038944,193.0197021600099,2129.496528024608,1756.3321663765355,0.0,484.94221592242343,130.01885648606495,16.37769836330111,152.2631054923085,293.6412091214444,81.28245253385079,146.6360244622636,121.24051120762174,122.25662098561338,43.3393735248253,49.43969713239155,221.13980110853754,38.1073404101226,43.783522032854805,74.97095827212038,368.231550092581
1473,1888.4086734953028,2132.115959623973,0.8577106742959819,0.4567248544256776,0.6765819695684251,49,0.0,0.01275086317944443,1.1021848244730046,-0.10563606777378906,1888.4086734953028,2132.115959623973,985.3559758644385,0.0,0.0,129.28259346444332,16.379634892066758,65.35143060218194,81.11432111744021,68.9091770722143,84.8136130814986,79.18391405083635,79.91002852469435,78.37459330900602,67.13296860267005,72.40364192133147,70.06337137747501,94.92136260310072,86.56651317790556,56.611040424083924
1474,2061.586459800321,2132.6585685584487,0.5962798512295462,-0.03347170706931146,-0.26380265380334844,49,0.0,0.0181918016958821,2.0259127861936355,-0.7665518635550851,2061.586459800321,2132.6585685584487,1290.1345112445697,0.0,0.0,129.20738454182327,16.37980321411807,108.52466162848751,102.98235546263543,97.89377469130555,98.8299163172859,99.76237396614053,95.45819842621118,90.22035864648834,83.18903679746242,95.33541656516363,96.72636861968395,117.75304409607973,121.39948275604178,82.05952327158374
1475,374.9890316022569,2134.231034144371,0.5246643949518519,-0.07566979976193312,0.39135220288276495,49,0.0,0.017642384499055048,2.2067232516096333,-0.85936967767632,374.9890316022569,2134.231034144371,1187.7631527643077,0.0,0.0,129.9398427324,16.379884273360513,96.10835030744737,106.48482179444613,78.62275760647898,90.65044815097464,108.32245117652275,82.78356242661152,84.47831749229937,80.91319118067017,98.75426539152996,80.46387306983885,107.6098072505053,103.05597100896512,69.5153359080175
1476,1922.2501033176745,2137.9384487633592,0.5988723350688586,-0.043167613100304446,0.05844482698905729,49,0.0,0.04898567469814245,6.849354080101774,-2.089124044543416,1922.2501033176745,2137.9384487633592,1656.2351752533236,0.0,0.0,129.26789484603535,16.382051697894045,115.86802878609669,113.02397632568022,148.61718668003545,124.26250333042393,126.16672786157297,152.10288821733798,133.9513622124988,128.89414443786745,125.57886193001733,129.45108478263668,135.6843748728677,125.44480283388921,97.18923298239926
1477,752.9548010333787,2138.7895343707646,0.29768434739131483,0.35023017165827397,0.21687043494817781,49,0.0,0.008634632773921198,1.3927360163441114,-0.35967201663488135,752.9548010333787,2138.7895343707646,957.9947976629215,0.0,0.0,129.77570918334914,16.38213248927477,62.70887141184686,59.85621011582525,87.43692246419735,85.05008867072257,73.32130072829528,69.16043476443613,78.43361160860081,90.73610615818495,76.4153482909003,68.31587121556262,71.37331468158172,72.27912576751724,62.90759178525058
1478,2619.4412577397316,2139.6912449902047,0.4963114293588678,-0.19345157148252748,0.12423570406666043,49,0.0,0.24490283174869157,33.25348243434166,-3.804592832580748,2619.4412577397316,2139.6912449902047,8209.465688095173,0.0,0.0,128.96511515056235,16.382365711170312,615.11250115561,650.1431496851445,633.9341524118909,645.5254049806424,671.1081680726854,626.5150074754241,663.2349961589462,651.2982738477699,623.3970445288162,655.2079912440147,606.3628117377576,642.5239803581557,525.1022064383155
1479,941.5492800810284,2141.5658518158557,0.6470539634752676,-0.5309384781667786,-0.10250939576315679,49,0.0,0.012076968945004301,1.3442775231189106,-0.3212223427711639,941.5492800810284,2141.5658518158557,1010.6009710647169,0.0,0.0,129.69380777074267,16.383415792931395,78.54652587171674,67.96729467543368,84.0277899048057,72.71529410472131,88.46742729223782,76.1852564970084,61.3130227884474,98.64255843869772,82.79945451367273,75.41015910769887,76.78311858842065,82.70429578735826,65.03877349449769
1480,2023.5784756954786,2141.0714356962117,0.5210606573486046,0.23119611053395622,0.018404018381172355,49,0.0,0.05018531381708403,6.562456425203969,-2.042666081756445,2023.5784756954786,2141.0714356962117,2097.0359447216742,0.0,0.0,129.2238875865483,16.383323468895725,164.5590597947557,163.0691680165193,133.56307358750817,176.31839756977195,160.53585493976647,163.8964390931902,151.3449517586289,170.9643571043801,178.41139203323763,156.74790793547658,164.73161530556683,169.9997691841214,142.89395839875127
1481,2120.7379593841893,2141.719371629164,0.4310689009127425,-0.21545271087678575,0.17371914977081254,49,0.0,0.01064355590758374,1.3373820442563964,-0.3156387201208333,2120.7379593841893,2141.719371629164,1110.0837868052477,0.0,0.0,129.1816916693018,16.38355261320211,94.39580729197658,92.7013944398193,80.32947492270746,66.39960397516097,94.42254665959351,94.39956290372177,95.49243959606191,81.87554030581808,79.92979116839983,78.52183007915693,85.11531763058393,99.69054044340197,66.80993738884553
1482,397.9407844770927,2142.610766781772,0.8153194208583779,-0.5833658705354441,-0.32058774210439434,49,0.0,0.013776672929548135,1.1732452213329485,-0.1734719849804384,397.9407844770927,2142.610766781772,1206.6798991894248,0.0,0.0,129.9298850554838,16.38340044536297,108.50728831477915,82.27695747289052,86.21229381814146,82.95076951379107,113.08853574451106,93.64943693439861,97.09185310734128,101.82851961948103,88.53413502964904,73.91056898085948,106.26253575459933,86.11079748014372,86.25620741883905
1483,1968.3587512798129,2143.329349465815,0.5511481833580218,-0.11509484012744522,-0.3345513161438673,49,0.0,0.010907326337207948,1.2718553278812206,-0.2610942840275011,1968.3587512798129,2143.329349465815,1054.6737722040816,0.0,0.0,129.24786841442878,16.384283701564964,75.7620003878645,76.61838036919046,79.68840906562176,82.06908687027199,98.23174110267853,81.44982106064802,70.54390498785301,68.91848313563392,101.28852885112833,72.71324365770653,95.70718652448838,95.15193143573626,56.53105475525994
1484,2293.22575132546,2143.9265871970024,0.5292645844776757,-0.21881104207973887,0.1614445698484364,49,0.0,0.06279864191922717,9.287493201353657,-2.419746272139433,2293.22575132546,2143.9265871970024,2459.4540453589,0.0,0.0,129.10678069199136,16.384379069724044,168.93078308383252,210.31504475770237,190.89301175719606,194.12623792131063,207.69580487533725,188.07943056138427,194.38705446382477,182.55131949954637,192.5376402464449,196.02780431177644,195.2564641089656,186.1012750941167,152.55217467746223
1485,1663.8862934755548,2145.4081958807933,0.6596153467183847,0.001952816557032517,0.19108963463700288,49,0.0,0.034996066695147404,4.4172893407241824,-1.6128896182299488,1663.8862934755548,2145.4081958807933,1329.1082186039694,0.0,0.0,129.3801002291287,16.38520836146008,92.75568612271789,102.10168285030073,115.08408995498962,124.04391887333215,103.87739058506824,115.62341988530913,92.14929761347229,115.97014974462618,101.39561240953367,99.19320407282025,113.09571879145574,89.87228776663895,63.94575993370428
1486,2881.9200597623235,2146.2122470474587,0.9685287229607948,0.14148485442419814,0.5671159377788365,49,0.0,0.016310842716699463,1.6378158778704703,-0.5356626927072327,2881.9200597623235,2146.2122470474587,1120.0226596774694,0.0,472.89124921497717,128.8511225639167,16.384813723147104,56.619372061093856,129.28531508752934,111.84669281481388,58.42365163740595,106.3443311000997,36.10504021757775,77.16916333939244,158.13845372503243,52.483211594788784,84.01103806631123,124.76388231212621,73.16821594474902,51.664291776548765
1487,2061.1484412878012,2145.8891259758307,0.8615888530649523,-0.4883419394103155,-0.24418772615264822,49,0.0,0.011669386388576782,1.056208443764149,-0.05937408773708448,2061.1484412878012,2145.8891259758307,898.9711542501874,0.0,0.0,129.2075691833236,16.385316007999766,56.19575685559578,87.78307949535676,73.23690505111263,67.29912110200806,69.55339694171397,72.7833522103866,55.428588381075855,78.33506340786712,72.9149969740513,70.05306795784331,66.65460454987519,77.12166357050334,51.61155775279751
1488,591.246503011536,2148.2560090546726,0.40945804899727006,-0.1477950649799691,0.3554818163543627,49,0.0,0.01787030261161381,2.5820672710634116,-1.029918882075278,591.246503011536,2148.2560090546726,1290.1537225303514,0.0,0.0,129.84594366853779,16.38594295372673,121.74160471088538,109.93756448024993,115.992711057586,118.05605767241272,90.65051276224918,105.66175616977264,98.88275685095846,92.98543136867073,101.92054112134238,69.95288151594492,108.51427846083557,88.17439428917598,67.68323207026734
1489,1336.4116552237074,2147.9647884904816,0.59591204720257,0.03000786550975113,0.20099970515187351,49,0.0,0.011809822570528265,1.1967108195167273,-0.194973043808338,1336.4116552237074,2147.9647884904816,1091.6401785259802,0.0,0.0,129.522323507232,16.38624431113138,91.81116302316119,70.57037754054882,85.46505602401609,89.8227115899378,82.06360158081031,94.40855894450142,86.49897738598419,78.30318414126045,70.5793665808947,87.50939026418297,74.63086154056077,106.30851070864783,73.66841920147374
1490,641.3640918421911,2151.1466184998544,0.27862838150320796,0.09366816202599546,0.1396406146222291,49,0.0,0.008560354553378478,1.1695773446288085,-0.17007236791701308,641.3640918421911,2151.1466184998544,1121.1793275311732,0.0,0.0,129.82418113174208,16.387191269207786,68.47564908589725,71.83065603671749,104.2172674563441,82.02954389617793,95.54121918071678,76.0917237892904,75.17885404639512,84.76958924118524,99.80414223863549,86.42798825854126,98.480421944646,102.25657470414042,76.07569765248553
1491,558.3514065023991,2153.415445306007,0.6965126560990224,0.07165019170010277,0.261596449711062,49,0.0,0.12647343863201332,15.018644318650004,-2.941576830421769,558.3514065023991,2153.415445306007,3538.8555457751327,0.0,0.0,129.86023421512172,16.38806255700575,274.9126167469997,280.3912392469502,223.3107819101321,272.1457618197288,288.81957854578036,297.0504563148022,262.6471252545282,289.63368416397634,255.18405097175022,283.5520076759476,294.0773185641442,295.3632978213351,221.76762673905785
1492,2012.6655800503142,2152.596449282923,0.7011650275816939,-0.03330023877479495,-0.009966017480757143,49,0.0,0.07088998208419738,9.02943333788597,-2.389151240138337,2012.6655800503142,2152.596449282923,1962.0387375338428,0.0,0.0,129.2286226337803,16.388129518594898,154.64457219548268,155.50423452021965,169.5461301577072,145.11749130629116,136.51362363066593,135.05001647347416,148.13135725630661,174.36702045487448,159.89612402700783,141.07859878592768,154.598911589617,176.0499966320464,111.54066050422206
1493,1344.9933248087805,2156.9510537548367,0.36440577219130843,-0.31886056383205247,0.24675580202764386,49,0.0,0.016023166976949648,2.785910908088114,-1.112418059523178,1344.9933248087805,2156.9510537548367,1158.1582008563794,0.0,0.0,129.51859857084042,16.389990507460414,76.24530119795509,94.88273462509677,94.16265472416107,87.04654323024752,90.76147794238564,93.27272564447347,86.79615578275275,106.9740136350266,80.2141488111925,98.65887762970662,94.23412651001206,91.56443152360973,63.34500959975961
1494,1690.3467719620105,2156.883325099799,0.527544229502893,-0.37018883806173297,0.2720727320126413,49,0.0,0.02317944118524496,2.641583741246099,-1.0546609571907692,1690.3467719620105,2156.883325099799,1589.7491206574546,0.0,0.0,129.36860745585568,16.38998778131541,127.55986663466366,127.05329505848748,121.78996538058952,137.18465399245554,90.53221393414913,124.83521865484703,124.6378131245651,134.10274409595024,120.89646608263251,124.28079998521724,130.72750705846266,115.74522134566222,110.40335530977215
1495,2575.9234875694488,2157.5330162046853,0.8490274801695578,0.05633212812533045,0.4895993243219246,49,0.0,0.02095357175110757,1.9586845515206022,-0.7299112449573066,2575.9234875694488,2157.5330162046853,1151.6709781603968,0.0,0.0,128.9839977443124,16.389838114998593,100.99576864559414,91.70063790581469,96.47207005062171,75.1228670445726,87.05186743198865,103.83916730619852,80.30718227482697,80.97322529453427,96.27056615498773,79.94822699463472,89.30175243671765,93.50091841916023,76.18672820074491
1496,2655.067047573764,2161.6455398669054,0.5952595124055031,0.5826245238487429,0.1421598435878899,49,0.0,0.01859475271531058,1.680845398752176,-0.5638194240559133,2655.067047573764,2161.6455398669054,1545.4519024457938,0.0,0.0,128.94962273946274,16.39147999691657,107.51924375661795,139.3491041475429,120.20873197394201,106.98321351567557,131.08798209594124,118.28323839976737,140.58823648530836,118.76054946182822,123.41672528263322,105.45500325733897,121.76700359638025,112.47847627536972,99.5543941974482
1497,670.3736230355711,2163.0194885653113,0.48839567197498834,-0.08195537998925417,0.26612956742767185,49,0.0,0.010097547605904327,1.2578482938924576,-0.2490706625935912,670.3736230355711,2163.0194885653113,947.2301752478913,0.0,0.0,129.81159285157293,16.39216251131844,71.84620152276878,81.23509573220981,78.80536194011916,69.63730566614373,85.7042658164964,84.28346794808749,70.92125741192217,65.39652702857151,68.57781209113023,67.57129735229934,58.998888638005795,80.71782369080341,63.534870409333564
1498,1897.0661937286636,2162.7338269754423,0.551075333010345,0.06740310219179396,0.2511645584433479,49,0.0,0.01615370020248287,1.881208896686696,-0.6860925599033735,1897.0661937286636,2162.7338269754423,1160.7139394789094,0.0,0.0,129.27882529324748,16.39238984946668,91.16833980869812,91.3068643260998,92.52366258067684,107.40356517337997,97.70054317237994,78.63218084284921,95.36818293039124,81.37445279190445,91.61794205227896,78.62859709217784,101.6392354737682,87.8700062159215,65.48036701838322
1499,610.6105936869142,2164.070496480647,0.47764370005313445,-0.3860067411472191,-0.11363130067055693,49,0.0,0.014050111266871685,1.6535397366912779,-0.5460365900783264,610.6105936869142,2164.070496480647,1167.6480330745842,0.0,0.0,129.8375485834679,16.392549275538652,81.43347661440099,91.42661641861051,89.13593165197359,95.2453417807206,88.72458558409474,72.52408617544855,104.69181421636125,97.81736715923768,99.9582821291991,87.37012953994817,96.71570788802075,96.55794087474933,66.04675304181899
1500,636.2840187488918,2163.731801411143,0.5048793002752431,-0.03346557384282317,0.1988027483903434,49,0.0,0.05142322470961347,7.683839323494766,-2.2139456869183154,636.2840187488918,2163.731801411143,1903.6324831197267,0.0,0.0,129.82639844302875,16.392430516730617,120.77665688604478,147.06474209558374,138.40717701973705,150.7131089779602,167.8709574872289,137.25542230844815,138.89106862070045,166.8040520510829,171.31654962363086,151.58894550677834,144.31146832116025,150.7621572948512,117.87017692651962
1501,1282.4926206788869,2163.5446945887957,0.3495764648461921,-0.12818765819946046,0.3938102425636369,49,0.0,0.01260601005622745,1.9084112760274972,-0.7016799349106453,1282.4926206788869,2163.5446945887957,1180.6723679799866,0.0,0.0,129.54574519050644,16.392721831621703,98.93372613249687,82.34652820327979,86.45464337419091,86.69633811730048,97.61484779920787,106.0976593818456,89.03795804566299,78.6804258340311,94.7172087947188,82.55090359332797,101.43878136623309,99.10144580181239,77.00190153587872
1502,232.90721872423157,2168.3761946143495,0.2008045807968765,0.6572161899653334,0.3246645527685419,49,0.0,0.0052991986821482205,1.0636354647167747,-0.06698202387244766,232.90721872423157,2168.3761946143495,854.0165424773465,18.24249134798181,712.7305347412555,130.00158447210066,16.3939463786812,79.04915974596032,57.96996301017362,49.90491788170476,64.39391075593426,64.98718065653394,58.65897159416683,67.55792110800114,81.92024132387857,56.07358136629897,82.66655413777042,61.03309920437783,84.21270581145964,45.58833588108631
1503,927.6680770172037,2168.976919397995,0.5567687660857943,-0.07314489933910634,0.18936242063126357,49,0.0,0.132320378841383,20.49775714158437,-3.279265858209826,927.6680770172037,2168.976919397995,3106.383435955774,0.0,0.0,129.69985309586752,16.39482850281073,207.9809803784458,238.22220208419859,237.3892335196491,221.92143016908534,265.17420213435656,236.10724884059113,258.0976822081207,227.39950207158475,248.00990660127303,262.03932395244544,257.82402396553584,254.74607517569734,191.47162485479043
1504,1663.739895923188,2170.4367486407587,0.5227553545004658,0.3070085969459382,0.4486067010528492,49,0.0,0.009341583074503019,1.1887107922559512,-0.1876905141639889,1663.739895923188,2170.4367486407587,983.6610817269927,0.0,0.0,129.38016235969755,16.395636760780143,76.54637627657374,86.0852363755532,76.00282034439037,78.52912418177517,71.12060798270562,72.42913066385444,75.65760463507459,72.00912092766454,64.73813285029202,80.89190164149275,88.45184936929846,84.04990975121926,57.14926672709856
1505,2186.3655783605304,2172.2505766666864,0.6070883862873044,0.030632120563564708,0.10331860845469328,49,0.0,0.6494242457790785,93.69199202864718,-4.92925618195818,2186.3655783605304,2172.2505766666864,12421.99869656253,0.0,0.0,129.15317381400075,16.396241282042727,932.8281601944739,1012.3999097828375,992.3849785878999,1011.3152015865251,977.8933371397588,945.2899447349055,1021.5697578398375,991.3105719515149,966.4681109475415,922.4617923544737,977.1285554158837,966.3386052488427,704.609770778035
1506,2271.766853539327,2175.241707008669,0.40521762438650155,-0.16891535335876529,0.21112179700836342,49,0.0,0.014537183955684648,2.312459420145337,-0.9101853008124449,2271.766853539327,2175.241707008669,1151.5539057936744,0.0,0.0,129.11608079259602,16.39743968981075,82.91892929624753,100.8879550507428,77.54293572278146,103.018343934444,78.61042586361901,97.23397977938373,77.54121107225248,105.07123071726691,91.36294232198533,91.22484068967917,80.55819725837993,103.11218386894157,62.4707302179506
1507,2611.3566632081456,2175.2301010676997,0.48471768627424766,-0.19566393586391564,0.019274050334367868,49,0.0,0.010444218429313453,1.0311584529522357,-0.0333135156706722,2611.3566632081456,2175.2301010676997,1171.2266204411862,0.0,0.0,128.96859314266172,16.39718019959246,76.767584883713,83.41277048690155,94.97189220747752,102.73661405623578,99.53295882424659,94.44650285328785,95.00295734175157,86.07740380699408,115.68192322246557,73.44210050123084,98.01490416522614,83.43116525994935,67.70784283170615
1508,2845.9426203424227,2181.221944108736,0.7736939389147341,0.2599209128893096,-0.2633633654836393,49,0.0,0.026718087107884203,3.1583593847541587,-1.2486538654277537,2845.9426203424227,2181.221944108736,2170.1322102868853,0.0,725.7695775268539,128.86670627776604,16.39944069679252,124.50258021980966,127.60214789941689,452.5802775026819,55.53677387957028,191.16890773916205,80.54807499067535,137.16736183920094,137.9440372026977,90.5441254084518,414.05533756234547,199.040248251002,92.37352240903519,67.06881538283633
1509,1048.6457930208433,2183.121862799808,0.4804889706409801,0.3197305689026777,0.20813797140339568,49,0.0,0.021242362411974622,3.0078232211552156,-1.1956307696819195,1048.6457930208433,2183.121862799808,1350.501541532385,0.0,0.0,129.64731793528725,16.400788114819097,99.23135785828552,96.85244500435246,117.40927085605846,96.32206945998749,125.18937563305659,103.48084706009246,77.39420079662584,107.45760082596783,98.21497821507954,116.41096862293446,104.1746854711129,111.71161691878525,96.65212481004644
1510,2444.604679900395,2183.8876340174766,0.7986114709150315,-0.23560769581808721,0.2729172245487254,49,0.0,0.02877288217032359,3.104950240275633,-1.230136611485301,2444.604679900395,2183.8876340174766,1195.6227180038093,0.0,0.0,129.04100809497584,16.40092525968566,101.53656212021912,78.45621556284448,85.42444303177497,96.42623725763832,106.0814822892773,70.20564914979059,107.03678535767688,95.75810560443213,84.30912095989291,96.34213598110217,97.47491967644419,92.38906037957106,84.18200063314526
1511,618.5772341121358,2187.2560987014626,0.5478360901061865,-0.1250190501826952,0.1614694224137788,49,0.0,0.126209604360993,17.885925349006044,-3.1312785344821488,618.5772341121358,2187.2560987014626,3660.232761806493,0.0,0.0,129.83410957306148,16.402216507794904,244.23680226314804,295.66438893875954,274.7408367873546,280.2681202620684,292.6647709677532,281.19031679815856,292.75100629007653,285.66861447616213,286.5637973289286,288.08760867066235,300.8933904937821,306.25375014797294,231.24935838166618
1512,1747.0912749610432,2193.9462465333745,0.8895455316698577,-0.215385516966235,0.25969471705132646,49,0.0,0.016082533381083584,1.5366000074477122,-0.46640207739261386,1747.0912749610432,2193.9462465333745,991.1570847272876,0.0,0.0,129.34395766334606,16.40542440720558,90.24959470617702,82.11699122636944,73.19033207317324,71.83035579746692,79.26568212536283,70.59464920649503,80.38874190735075,79.21614675215253,73.47252709787384,77.03110350964371,79.526277329548,81.19334939572222,53.08133359995213
1513,1023.9077359050059,2196.061381114963,0.5442832834570586,-0.26376398795289785,0.22755294616060903,49,0.0,0.011348718949818329,1.3581052121340604,-0.33233353988199216,1023.9077359050059,2196.061381114963,956.9801694856741,0.0,0.0,129.6580692117069,16.406166982666907,71.11255952214144,89.62161707058097,83.00396051933777,75.35494472596811,62.11452778515286,66.89596898530333,72.7483057783993,86.2002646455035,71.67318550903752,67.21088512676839,68.16811099970754,72.36880846792407,70.50703034984926
1514,1793.3695103214711,2195.7654778686265,0.7031736321557275,-0.5062100909101023,-0.11685701774837456,49,0.0,0.01092842591309319,1.003977203096643,-0.004309628930529954,1793.3695103214711,2195.7654778686265,957.229487747032,0.0,0.0,129.32385659773098,16.4061753980349,71.92540317252285,79.92986070670896,71.39618027437015,88.24271967387278,74.62902313476069,89.29938754364565,67.55216752036833,59.93150050665866,78.70428295132389,55.82499296244232,73.39003392027594,83.20632407341999,63.19761130666176
1515,2128.563473817126,2202.564750701175,0.4014905345746771,0.15714662559377285,0.12863179032333166,49,0.0,0.010609149783867386,1.3439789464895773,-0.3209811638052731,2128.563473817126,2202.564750701175,1164.9829095804744,0.0,0.0,129.17826367625963,16.40890055933473,79.51107895800578,85.40812745357854,102.4624023416479,86.00555980266807,88.08782211840065,85.26117792126834,99.36735985414184,88.04637877172503,100.11285852245442,82.93818465919043,106.88279389365361,93.25409207885636,67.64507320488337
1516,1490.170613083237,2206.99439430422,0.5853260446306283,-0.11690214308311418,0.30071267765693016,49,0.0,0.021080171011497686,2.579700759905087,-1.0289233289980508,1490.170613083237,2206.99439430422,1431.8378817233965,0.0,0.0,129.45555146894142,16.410865185626147,120.85591432448977,105.09248729707038,100.22036166978812,105.28012989682261,125.24982258275473,103.50701351104162,109.70588527125713,93.6134349491241,148.05328939641203,113.85294878441704,115.99593967552286,103.56226664968446,86.84838771501157
1517,1739.2744910073923,2206.360354479197,0.3819475941636777,-0.0600944443329252,0.393040802940103,49,0.0,0.008501416498478432,1.1029789256176337,-0.10641803636927073,1739.2744910073923,2206.360354479197,1043.0397119603697,0.0,0.0,129.3473512714631,16.41059784593618,78.81087996814286,81.53507801154475,71.63674535580328,79.01259966595313,86.2251774736938,107.20452005125989,82.98443251904774,81.66230830396114,69.45408236793564,89.03289877820256,68.05746092231607,77.92362510821245,69.49990343429633
1518,2434.2053205829684,2208.947777652791,0.41782080078095873,-0.12225226206000102,0.0960388126354741,49,0.0,0.08156230011105346,13.898384737349808,-2.8574108243010334,2434.2053205829684,2208.947777652791,2828.7635701758527,0.0,0.0,129.04550559520302,16.411374362219775,185.5419902382759,254.33902284908146,210.7726567200356,246.6232607602732,212.20331276811845,201.48515599172816,232.67389861111215,227.1622456614498,226.3713930464546,200.10525859138698,241.15818061579978,208.09946463910654,182.22772968303002
1519,1492.9313694223863,2211.2740045258593,0.4257908635110012,-0.5078644083329945,0.023483410826200604,49,0.0,0.010973226733985422,1.2984241877431515,-0.28354149291099834,1492.9313694223863,2211.2740045258593,1429.1724502747365,0.0,0.0,129.45435273446708,16.412648589448043,111.9822360367794,108.17576669416987,96.1277048809497,100.73697746615656,127.37620552083405,112.35759711383426,118.75632839949515,102.00027737341595,145.52280827473638,107.71903076939444,112.52127665776962,103.64332622453884,82.25291486266232
1520,448.7148829821551,2215.4739719347194,0.5833065555303116,-0.12984747634216948,0.09501596467666239,49,0.0,0.013889004632198698,1.5976046155242976,-0.5086732663833273,448.7148829821551,2215.4739719347194,1189.5788597487435,0.0,0.0,129.90791254994613,16.41381166286075,88.08467953212508,100.76542632300175,102.19415074815583,95.55063614165326,108.74507516543846,91.63473239768251,92.95080824179051,100.09449289674433,78.61345863296398,87.61519800812974,91.52909564070832,78.52241192519051,73.27869409515932
1521,2365.12630397362,2215.6447107253016,0.4450537022223153,-0.22884026182989997,0.15394474673051758,49,0.0,0.011889171395955387,1.7005201767361664,-0.5764544730493811,2365.12630397362,2215.6447107253016,1052.1553224579775,0.0,0.0,129.07550496167812,16.414213915024362,89.1772400341357,94.40749856324129,82.79904375306344,75.13336318550495,91.4838017489891,81.07306078460522,79.96260024670855,92.03079506129552,80.35963958717356,76.67796025453646,64.36229169116245,72.92356399913304,71.7644635484282
1522,2673.6498554717973,2214.690125386078,0.5297415698577242,0.13253264157611228,0.2154800237064389,49,0.0,0.013264797118207812,1.4703911303525374,-0.4185821857808119,2673.6498554717973,2214.690125386078,1282.0877311181873,0.0,0.0,128.94150028495054,16.413563154551444,85.358635176082,98.71919840887477,107.55787418247543,92.73534949202914,109.89466144084872,106.4399528811141,114.64771062357278,91.14457922766992,105.63948658729001,87.0572705764634,107.20964655837983,105.86634433874984,69.81702162463748
1523,468.2568584904162,2217.123372305401,0.6828156317075124,-0.1444553276833911,0.2099420454387794,49,0.0,0.044301771005471356,4.522851015196737,-1.6385307053013374,468.2568584904162,2217.123372305401,2097.850667400501,0.0,0.0,129.899426528336,16.4145187924824,157.03713768686475,159.70689201396598,154.98285979494233,167.7030827906765,158.8439219252503,149.5543284944656,199.2519832037829,164.02315195436546,184.17953690402746,138.01557932611837,159.2089679942232,175.84849776121064,129.4947275506077
1524,939.0165496560184,2217.089239977849,0.756874821468754,-0.21158546826659025,0.29144546815990535,49,0.0,0.020022668963791325,2.0885110239332993,-0.7995919299350562,939.0165496560184,2217.089239977849,1079.0229527722963,0.0,0.0,129.69495347661677,16.41488142869723,81.29459233528927,78.9451644934179,71.54650913011952,83.706118807942,93.48241800695105,104.20037382292307,69.74858985261156,85.07391824901887,73.18631757874861,88.15227224065741,73.10858719203515,102.97133814706302,73.60675291551871
1525,1863.3370943813586,2217.513608808035,0.6163148388151686,-0.14212808311966196,0.20758780404607688,49,0.0,0.4917159635718312,68.99484090057618,-4.597041543793186,1863.3370943813586,2217.513608808035,9876.168277665576,0.0,0.0,129.2934611771861,16.41522270245704,663.6198709039998,774.5321752075197,804.9561889780086,758.4803113875245,791.4440958438979,763.4888462205649,795.7290969996111,834.8501134892465,759.4412084882163,742.87487123857,760.2413744045208,836.0253244592274,590.4848000446705
1526,2024.520682187066,2218.2852804364466,0.7185408093270644,0.3981755899082669,0.09725103722845238,49,0.0,0.018971737552891815,2.013307087542201,-0.7597750560162264,2024.520682187066,2218.2852804364466,1248.7117001227184,0.0,0.0,129.2234483941334,16.415494811308573,84.86985673712664,98.33430384043368,78.88544117253366,95.41470096181644,89.25726957492033,111.63204366689223,97.72263213431398,94.3269751442111,100.39387238383705,116.47023805777154,108.27048616075314,100.48752267875196,72.64635760935677
1527,1205.5949394727647,2220.015064618331,0.6786966719865545,-0.06647118909165962,0.3390639402317938,49,0.0,0.018086663425257072,1.9385391491285102,-0.7186864402071826,1205.5949394727647,2220.015064618331,1174.7610355233187,0.0,0.0,129.57916345643514,16.416226179080983,90.70224400256437,92.66737897837925,101.15671558587967,101.28903702879833,87.37253204825276,97.53744751267081,90.49543411383337,83.09790555808355,91.24331095881635,86.74054579695043,98.33339077146955,87.05489244414821,67.07020072347214
1528,2072.1848600076037,2222.522445052881,0.8142583872808686,0.2942940902764972,0.25588379891021606,49,0.0,0.02859908062773023,2.936375828010875,-1.1695291008497968,2072.1848600076037,2222.522445052881,1283.6800965918826,0.0,0.0,129.20274298191893,16.417241194120702,97.16443671680977,86.60695300411356,91.02273539357357,93.22732981543896,103.20997477873374,104.36356821094665,100.3090312625369,97.97953118498444,82.2185853772529,120.34793442018997,110.4626714798099,104.1293856789652,92.63795926852711
1529,1430.1446156088377,2224.4212269194572,0.510247324215804,-0.10583734185725346,0.050072589779596305,49,0.0,0.01017967522775399,1.432961259017052,-0.3905861228486424,1430.1446156088377,2224.4212269194572,1039.8429764791213,0.0,0.0,129.48162694364564,16.41811869667509,84.95812079359649,70.40479182173233,76.80248352130022,75.1897217833444,79.60460772307235,90.00109585319503,82.73711699521704,81.60094210241095,86.48548717764683,74.48182046927286,72.72541211739545,77.49156131918612,87.35981480175124
1530,1736.9041736949423,2227.5669195657706,0.5452528583523792,-0.2912384813455729,0.1185079903730887,49,0.0,0.015374851272019548,1.8864561607272514,-0.6891167927592219,1736.9041736949423,2227.5669195657706,1267.1560625993527,0.0,0.0,129.3483781848632,16.419434023447042,100.41635390167504,105.25695313879618,108.69300672169186,113.39623188914663,93.71923784205207,96.0192464255618,86.98626417155182,102.05063952879546,95.59138056134736,96.49621359130262,98.40777482023026,106.38547998700562,63.73728002019605
1531,303.6500672962321,2228.100181945714,0.43127692461694617,-0.030818828999978006,0.23565322631335522,49,0.0,0.015352526693884682,2.0790912743612973,-0.7946838893716257,303.6500672962321,2228.100181945714,1190.075697183808,0.0,1142.8455465806546,129.9709333392283,16.41891370933208,87.93424798183682,99.68543123120891,90.50139609730402,97.01213040997393,95.09046469340515,102.36611501715491,86.47545930547761,89.86871941274177,101.71823475979188,81.73467993625651,92.26803060115762,110.65449053590368,54.76629720159493
1532,1959.8614737914409,2228.9062889694924,0.41563381914522685,0.07331857775331567,0.24201683322184608,49,0.0,0.02233331797169119,3.5696871185022925,-1.3815753801524722,1959.8614737914409,2228.9062889694924,1367.3081978971381,0.0,0.0,129.25153057437674,16.419942732393256,107.2306584588042,96.39304290476997,99.40092741031387,113.08944408425576,102.29873219683925,116.00679654206289,115.17737873711599,119.03779449816999,98.95079270998397,95.32858212232435,97.76426785564195,117.60820554051338,89.02157483634272
1533,644.8390388121815,2230.274726137906,0.6097322011968643,-0.030406454508402722,0.4610230877516268,49,0.0,0.023426136315745003,3.04116559737775,-1.2076001724166447,644.8390388121815,2230.274726137906,1190.804600616302,0.0,0.0,129.82274130450656,16.420162806936098,87.87983147173435,85.33531140383523,76.44833353049546,96.94550361809384,80.9728437468719,89.3833289845637,105.58498311549423,96.2880476552393,87.24054843265324,108.20578129874139,103.73119417411598,82.72214731619665,90.06674586826682
1534,1238.4974959904455,2233.266696668728,0.22432067829964364,0.34692835827920837,0.11395672299237154,49,0.0,0.006587693524226253,1.031455291882342,-0.033626020885407865,1238.4974959904455,2233.266696668728,1013.4687905201828,0.0,0.0,129.56487608267585,16.42175867332919,72.11060517106985,85.19957117099648,77.95599242946224,81.64823359864388,47.808942049626296,89.70330735536194,91.33771940927647,86.39982448912471,71.0057161266808,82.78074069830845,72.75000325339987,91.54402893374936,63.22410583448248
1535,1808.6671905537567,2233.0631968750126,0.3675578415443131,-0.39317518090855813,-0.352084923515804,49,0.0,0.007554576698098386,1.0021500972512127,-0.0023319323860825215,1808.6671905537567,2233.0631968750126,1030.4308398341377,0.0,0.0,129.3172049826307,16.421713048532936,83.47687668420127,78.73758347258675,67.66543889752597,81.14702961527333,96.38646944754223,87.13554976846427,83.82900900773855,97.68976508123403,79.25783473583992,58.062566773232675,75.73210248265565,87.14360931951808,54.167004548325124
1536,2329.5993134436653,2233.6242107191338,0.5546137189811936,-0.1804809342506116,0.21172978866138,49,0.0,0.026459915890071385,3.6299305572898217,-1.3997457920156857,2329.5993134436653,2233.6242107191338,1318.0965857072265,0.0,0.0,129.09092417501142,16.421728788281264,95.97010367074151,97.56322192090047,108.36550622202193,100.09618934619905,81.42204185330361,122.10030594708715,104.4389140573975,106.58440322659644,107.89904834090379,104.7549848283657,109.8848789550016,97.68727449995362,81.32971283875415
1537,705.6876717716373,2236.426095520008,0.6175937221480534,0.31821724421760333,0.8730069263624877,49,0.0,0.012550468224346153,1.3906564997950175,-0.35804967496891615,705.6876717716373,2236.426095520008,1102.9198695027435,0.0,0.0,129.79631624902837,16.42277603432728,96.72970518900561,98.1062908992233,92.57820779405634,98.67757118077355,79.51282711868888,83.02778594715897,77.69178022891046,85.77860197407523,91.1473209428078,82.38231467391604,65.03311492760774,81.75830989709786,70.49603872942156
1538,1451.9069484572653,2239.411669096682,0.3067917578556285,0.266728626882137,0.13985317345355489,49,0.0,0.00832424592248587,1.1806766467450538,-0.18032743293618256,1451.9069484572653,2239.411669096682,1065.1964766364636,0.0,0.0,129.47217600366406,16.424367677172725,77.54889681828429,81.95181754939473,90.94384664999895,92.88424318379487,83.9470231962903,82.25183017816275,94.75205396203168,87.39202199401224,73.219731414714,85.40929015999055,87.47675471224821,70.03398005519665,57.38498676234426
1539,1576.088444612993,2239.206563378547,0.6900095627712617,-0.1932172243986509,0.2948558928972043,49,0.0,0.014418168103032768,1.5485269614270147,-0.4747969281665338,1576.088444612993,2239.206563378547,1050.4082671675446,0.0,0.0,129.4182330861546,16.424291812867924,100.40525609837512,74.52287250125678,63.208513325174636,72.56617489484968,90.16074808695942,84.89716841694735,70.04554059217328,83.3838798153704,90.57097864457464,81.39316626312792,94.01821185172804,100.82719043644946,44.40856624055776
1540,2808.035550633284,2243.285178491785,0.8033166266140473,0.43860221844843345,-0.03168490245684304,49,0.0,0.01094146855092881,1.1406512809034888,-0.14288223127539848,2808.035550633284,2243.285178491785,1719.042852703788,0.0,725.04642630787,128.88310053403006,16.425340241442097,98.50653630078881,90.41016277184272,149.3524999812616,91.6764913879392,84.75491505769614,108.94292209230116,57.697748325157846,82.98688382379157,138.2085185819036,534.185050502783,84.09081297324238,136.8327310182904,61.39757988678936
1541,621.2289976949774,2248.426731183497,0.7337058442849795,-0.0914565648033703,0.6551051877649572,49,0.0,0.012637038589870742,1.0959480899856893,-0.09947496026441947,621.2289976949774,2248.426731183497,1076.7934972538262,0.0,0.0,129.8330127618669,16.427705375711472,86.5565537444422,92.00570255439695,72.00077894293509,76.66872041526531,76.01619925490297,85.07119051089165,91.53218910864408,98.56847464012381,85.89201027439742,81.62950243279403,82.82647996056775,74.91091550690123,73.11477990756367
1542,607.5670980998932,2248.894358619852,0.35405439857630516,-0.13617362297354596,-0.3586833427989806,49,0.0,0.009448674348744222,1.034476609391117,-0.03680168813944497,607.5670980998932,2248.894358619852,1079.2510117791717,0.0,0.0,129.83894753254577,16.427888175691262,78.26725084537311,79.70344837260038,66.89957857375283,76.24611824249803,113.05846442685133,81.7322367387521,84.29658387751797,75.16326450276604,102.83001977431182,80.80250954527628,83.96411286253826,90.08386026262465,66.20356375430887
1543,1620.670671214909,2248.563510197717,0.5785360346750845,-0.09289679047745107,0.2592572261476114,49,0.0,0.016858668676351614,2.1633943507252433,-0.8378392282482625,1620.670671214909,2248.563510197717,1108.428117637609,0.0,0.0,129.39886694167762,16.42819053975127,67.49369661908013,69.16624090018384,88.75180776471515,81.88515715111308,81.25332643847747,87.83778984270155,88.55676748280233,104.81187921438969,94.24308734664984,85.00238933509196,87.11698938031883,96.34837642387635,75.96060973820877
1544,417.16073350547407,2250.690935039674,0.48706507909630664,0.10585919083640419,0.6071987441555268,49,0.0,0.01936218954927488,2.2300429807881206,-0.8707830837854516,417.16073350547407,2250.690935039674,1439.3932399738355,0.0,0.0,129.9216557144049,16.428451616425306,93.71520113465192,107.19114703899879,92.26457132781259,115.26465724891334,108.35566224992633,115.71541577897352,122.35964440840951,123.55578508792283,110.91531927403582,113.32167528618194,121.64912863471571,127.74896396213217,87.33606854116098
1545,2734.007679419972,2250.8245737052503,0.20995729565176,0.2759425366895275,-0.3770759277171518,49,0.0,0.010159342514414775,1.4462975579694268,-0.40064413227480955,2734.007679419972,2250.8245737052503,1401.6704450433342,0.0,700.8479191264915,128.91524724364126,16.428558865845662,95.5649061769162,137.17113983050558,116.16174228306821,103.96151246430341,103.76476426870686,100.73571914937544,109.81317186288248,104.18819256459,122.04238764732158,121.57803435231514,105.58818434022012,105.77920658900673,75.32148351412246
1546,1223.022750343537,2253.1899933545537,0.6444482697897554,-0.25410799104132126,0.11480218855375425,49,0.0,0.014835632752114296,1.703566551247196,-0.5783977607780219,1223.022750343537,2253.1899933545537,1117.03010022369,0.0,0.0,129.57160487770165,16.430054722097022,82.68783023321406,91.72307430570919,87.87660967777845,104.74534661683126,70.53226870886398,87.16870372440684,83.56563216586808,90.55692908462538,80.0485254588022,93.10958364277565,99.4529770140281,84.72458002092661,60.838039569860115
1547,1955.9698900583392,2254.9736191905176,0.7451848673253556,0.16053057778953836,0.22196595849500078,49,0.0,0.03217650920068905,3.36268727613865,-1.31671620146947,1955.9698900583392,2254.9736191905176,1487.5802690766025,0.0,0.0,129.25321248899402,16.43080508625936,112.83875959394385,118.0690023074576,117.0467898313766,119.34959648620999,123.11160654837519,124.03260201609935,101.92292642716455,127.90090637582001,117.43550130826969,132.53248016260528,98.67003294212,106.23212706471327,88.43793801244684
1548,2443.6174024278794,2255.0197425187903,0.49660201981396207,0.2425391748283555,-0.10419323102665314,49,0.0,0.011191391483488045,1.3055791990070469,-0.2895080552929584,2443.6174024278794,2255.0197425187903,1144.313155992635,0.0,0.0,129.04138193075835,16.43056317592304,71.23350451830834,95.62409283097429,94.38276459537155,82.19658017435411,83.2287233974568,107.97946242906045,77.02756334723166,95.10570847297501,96.00324413073403,87.18996935226048,84.77208239841028,88.73439092341275,80.83506942208548
1549,1014.2213918067706,2256.163494847273,0.7292059435746918,0.15058138996015716,0.3917417362674699,49,0.0,0.027294534238931984,2.950325169263284,-1.1746747106523774,1014.2213918067706,2256.163494847273,1627.3860368629162,0.0,0.0,129.66230866760557,16.431203740141896,128.06322619644234,128.20736789631997,127.91035095371798,129.1710323256467,121.4704984412307,123.3773993531114,148.66143419022393,121.26758947784298,114.9240894197801,115.1156010694329,135.69042757141534,130.51648387441742,103.0105360933344
1550,1032.9108277164455,2256.1502336138847,0.5814905924243772,-0.12759770251043612,0.2664167659772937,49,0.0,4.278429643576481,626.9313504481127,-6.993049969485695,1032.9108277164455,2256.1502336138847,83898.4492509711,0.0,0.0,129.65419006417542,16.43120784968053,5923.879120825239,6488.869370673585,6493.729875883539,6409.400562380659,6550.922927133066,6820.416560831959,6471.396378157246,6798.781752527673,6771.06360669541,6524.031073109711,6761.010112768,6814.577987799864,5070.3699221851275
1551,1605.5388081215367,2261.463076562982,0.504910122772415,0.1963730158488748,0.3857017469580215,49,0.0,0.012586322943194355,1.679675289028935,-0.5630633325692438,1605.5388081215367,2261.463076562982,1026.763755841946,0.0,0.0,129.40544010728473,16.433565407698683,69.54799872238908,84.87579745965405,83.12139337438438,83.39278016021464,76.54038290631009,87.40003355843079,85.01584280379001,56.36706133671717,74.67189918660065,80.05723014576365,85.5169431047205,93.21295873426766,67.04343434870333
1552,2773.63995437783,2260.646793569567,0.32681105261850507,0.21539747734830705,-0.21787997196489978,49,0.0,0.020372752530762952,2.2233602382242954,-0.8675245865697832,2773.63995437783,2260.646793569567,1890.3042286776222,0.0,1663.9170471529187,128.89802180400292,16.432610368621376,149.9045475993014,171.52464615943728,128.19508377036223,146.73467398353253,135.28213625685026,147.45457731454053,138.368649522407,136.7186539094269,156.41952682752304,158.8998541112697,158.16774728619833,146.1765433836241,116.45758855314867
1553,506.4588984114513,2261.934028777569,0.2846979244025357,0.19878586968951997,-0.36264628659317955,49,0.0,0.014849172875802714,1.5898751956781028,-0.5034075844557376,506.4588984114513,2261.934028777569,1617.2948382392965,0.0,0.0,129.88287891411224,16.433226810925255,124.55225238938965,127.58691300901333,110.01036965141924,134.87529709168643,126.23636416320554,121.53735095173568,138.13619450252463,130.7142653997471,110.37096935681461,123.05110014688265,146.44202007550905,136.5161459936612,87.26559550770769
1554,2022.4607017460694,2262.640978953842,0.6854253641883822,-0.058177092305622215,0.031921290027674055,49,0.0,0.01715477238945289,1.851278675229929,-0.6686794963757298,2022.4607017460694,2262.640978953842,1799.550138680478,0.0,0.0,129.22432602228056,16.43397663540733,130.151228996712,152.39216528195357,148.8533595908683,143.48007584697623,126.2103857872291,138.0102695119412,156.14686883288786,152.33406302067914,140.09023048474808,117.35845986467459,130.5033016417041,161.73328261166276,102.28644720844096
1555,2172.2756299231696,2261.544429057236,0.7600072222585478,-0.2815979918542271,0.29642153335114313,49,0.0,0.02172650064798598,2.223635682501224,-0.867659086276807,2172.2756299231696,2261.544429057236,1265.7255812494284,0.0,0.0,129.15924654492449,16.433453227435958,86.12046793812644,99.35860810859052,87.46893512035169,97.96766850803257,93.8380297367423,92.98531599686675,98.71748329247865,100.81658079673193,100.92303729726098,110.89490934886247,102.00693657965681,100.24084025486056,94.38676827086667
1556,1339.8825206642723,2263.9214164448103,0.6163423382256172,-0.07908359771569737,0.16723711116582687,49,0.0,0.028163929500680262,3.5488801731294664,-1.375228339431812,1339.8825206642723,2263.9214164448103,1341.3669386858653,0.0,0.0,129.52084379482744,16.434559350574826,91.60777324056886,111.59382122126937,107.82459520930121,106.30788565602795,120.79487915596084,89.60023148730329,111.19923367114113,103.83350083550368,104.06896396671083,82.57681543568049,100.02087696528724,122.05597849494676,89.88238334616375
1557,2016.0507713963386,2269.249898486768,0.49768006374729745,0.005848261883788569,0.21342307861956838,49,0.0,0.09994333818422145,15.9892694365058,-3.0095715522763915,2016.0507713963386,2269.249898486768,3008.614078891187,0.0,0.0,129.22710800964015,16.436732672697783,203.7064677366996,230.1039116985687,252.58455347581483,241.92742169746145,222.803397758872,217.98881544205148,232.91597085181618,255.4632588979061,233.84800023479815,216.67167157019486,254.36915028253628,247.4108003511028,198.82065889336496
1558,1358.7245252400999,2270.30925842094,0.640613870029846,-0.14240880997181135,0.2268631241320626,49,0.0,0.3744335118112527,51.63117810903015,-4.282280086994074,1358.7245252400999,2270.30925842094,7354.38768708317,0.0,0.0,129.51266007796113,16.437225114621025,534.6632666171307,574.254149565701,601.9725327607384,561.7370690872872,585.9816954629798,565.2289476622575,555.2475280299188,607.7072018080916,621.4120783129003,538.1827824326949,560.9449992656453,602.2845562461496,444.77087983167553
1559,1906.6221723726478,2270.549031829232,0.6145242646735254,-0.3601226482090234,0.11888033040801113,49,0.0,0.013173366943208031,1.4942945886432666,-0.4360905593114967,1906.6221723726478,2270.549031829232,1075.617830144788,0.0,0.0,129.27464473927208,16.43730925986582,78.87014194853722,91.31201315676367,89.2394401280828,89.78452034509283,84.75127006145554,72.7899132292948,74.57224657684537,82.7686543956973,93.94352541167817,76.32846577529253,86.74775854388855,81.056833948134,73.45304662402535
1560,1787.744457952426,2273.431549232011,0.6508921885687692,-0.2370357090997076,0.22301410951541403,49,0.0,0.12099424346683885,16.56667010075046,-3.0480880600950626,1787.744457952426,2273.431549232011,2780.639950654618,0.0,0.0,129.32628649451635,16.438536493378837,187.79216196680022,239.9197808080111,212.96953051207794,237.74296064663076,226.01719464455414,208.1313667697669,208.78603499253063,202.06591007878012,231.26325594914735,216.01208462236812,217.8876326893014,229.51184087577764,162.54019609887175
1561,441.1856859423313,2275.8956187461918,0.4374371801308436,-0.0552788643306791,0.3884745328997711,49,0.0,0.13355326259648248,21.186776397424286,-3.3151622078092338,441.1856859423313,2275.8956187461918,4561.644744531181,0.0,0.0,129.91124692105365,16.438978059298545,337.5511697925433,375.4956921431657,336.89481457896113,349.67528807613036,365.4504599509446,324.45347773364426,371.51196775988285,346.51723119626,372.66795188103663,375.229560616258,383.17164136958763,339.68176215230335,283.3437272804631
1562,479.1775096916401,2278.5660279566055,0.6562274340598945,-0.22276119437298894,0.06577302214912698,49,0.0,0.01245297254341508,1.2009791455400336,-0.19883866535255826,479.1775096916401,2278.5660279566055,1106.9236656606731,0.0,0.0,129.89474644020305,16.440129391627135,79.07622168728435,86.06344808350578,86.90968137260785,87.13304329717124,82.3087196596947,87.22818125595967,92.96896744097558,85.9703610635783,76.89024224631709,90.19730548678969,102.41681627468645,86.91845135321267,62.84222643889
1563,950.0780839929947,2278.3052536585483,0.4818823098346667,0.537160159729509,0.3671285129718951,49,0.0,0.008015315554492242,1.0497692889088233,-0.052734658238509514,950.0780839929947,2278.3052536585483,905.8235614983473,0.0,0.0,129.69018531676903,16.440393703028167,83.36388762888203,61.59700802134101,69.70849727552128,78.39502202162707,65.09973485752762,73.29795938334921,61.848996513167805,79.44456782989842,77.65414178403407,55.66434715432738,77.10806168982283,67.56774062277228,55.073596716076416
1564,2278.6859295081185,2281.0715401856532,0.6505199969025622,-0.06257212205534522,-0.2633450651726547,49,0.0,0.011956276607561461,1.1625099639221799,-0.16349170983589525,2278.6859295081185,2281.0715401856532,1062.492556652584,0.0,0.0,129.11300994103712,16.44152978889295,85.24108387554966,62.20235721387245,72.00168708107776,81.20384231348676,80.98628201102909,90.3650337390942,77.03709848687585,94.17101663846222,83.68242222397255,92.93242672250608,79.56571221702706,84.26648790194773,78.83710622768253
1565,1501.8570446499614,2282.6964970939175,0.7242335615986691,0.5311404138977558,0.17813060419174812,49,0.0,0.014137691447502631,1.3684204328300045,-0.3405488757802775,1501.8570446499614,2282.6964970939175,1077.8861386180795,0.0,0.0,129.45048221883633,16.44240811599556,84.46128632632016,88.73448131917274,76.31867009563481,94.37258058018453,65.59698185108182,88.85195424949109,68.80868745172734,75.85865735738957,80.64604923266126,90.48984574604371,92.77005838451376,94.50401631052937,76.4728697133292
1566,1439.0764806427703,2286.9932559022054,0.3401113663917308,0.4844323115032282,0.24054526771581441,49,0.0,0.009161860512295523,1.237619762190437,-0.23146808879545136,1439.0764806427703,2286.9932559022054,1100.2161721241555,0.0,0.0,129.47775643611362,16.444191086492257,61.15437055479055,95.22905477192141,101.06350199702088,87.93084008620804,74.35408525213776,87.36682809603198,88.34914442909177,107.88386129101329,79.30076110473044,89.02836922294466,88.5297647604682,84.95710569403442,55.06848486376214
1567,1417.3607046529442,2289.2159959543496,0.5905381285377248,0.02883323409832584,0.24890022938752257,49,0.0,0.9883721841607224,142.37749208029518,-5.383603346883804,1417.3607046529442,2289.2159959543496,19566.332200857873,0.0,0.0,129.48719081069626,16.445113858285655,1380.2198977012245,1572.5390348448386,1529.4756327225894,1537.4018522580604,1615.3848535996472,1522.0503535206385,1529.2483845306463,1642.0277578394662,1533.958484787378,1450.7005223448036,1560.127122996777,1567.6703157610425,1125.527987950757
1568,1654.8307645244806,2291.1468926730836,0.7262508919564312,-0.24144860398398207,0.3018611016246649,49,0.0,0.017660132488295368,1.9149023044115794,-0.705366554459693,1654.8307645244806,2291.1468926730836,1094.7816636003927,0.0,0.0,129.38402580434357,16.44593205689358,94.9350790964488,102.45673884384516,81.62275557145654,85.74219941838106,84.97614614276246,67.67600646171138,82.17849211805964,83.67932206508318,69.53009696033529,85.63400704055258,89.45204849230541,104.71001782167448,62.18875356777671
1569,1690.8592797500194,2295.296434839772,0.5741470678226858,0.1382445323168119,0.20836877278902668,49,0.0,0.01167781317957835,1.4575411344772404,-0.4090520504719603,1690.8592797500194,2295.296434839772,1244.402956959561,0.0,0.0,129.36837340565853,16.447658657224494,82.92495748715274,94.94907110085546,100.96955389097565,111.64141763752045,94.01717685398062,102.23228051461192,97.99698619776288,89.99755136847499,99.43370277498201,97.25280888882398,86.50109346828285,110.04484486102538,76.44151191511196
1570,1139.2405491895086,2295.868812178644,0.5455908742346077,0.08081019382715506,0.1864483181690447,49,0.0,0.03230725326708325,4.6516798635911645,-1.669024545525828,1139.2405491895086,2295.868812178644,1377.270974104308,0.0,0.0,129.6080175860866,16.447805633739886,107.73864841330584,97.21525553931937,104.98942167310989,111.19439428099705,111.5245599395699,105.35191243192779,98.9826321667974,111.03729421967981,112.57505328137674,114.59977529324263,104.49213163013465,128.19019383661737,69.37970139822949
1571,2177.121665348546,2295.615020947102,0.32126206834751225,0.08613215210321021,0.24742705119058697,49,0.0,0.00963304056928607,1.4259296415404272,-0.3852452425333194,2177.121665348546,2295.615020947102,1099.3973908104954,0.0,0.0,129.15712341938314,16.447646340057663,102.68469142398129,85.07111353550891,81.16746909245654,106.98873775660488,73.84838212758132,101.75474843871132,75.42151444372885,82.93487760104924,78.90066218499622,56.98127737357919,99.75577307305285,71.82889774456176,82.05924601468298
1572,706.2032259930899,2299.4334757380443,0.45328324134108794,-0.15707155891186667,0.5718802986671437,49,0.0,0.01890088508906504,2.5324329699393497,-1.0088448974986428,706.2032259930899,2299.4334757380443,1451.3376451907725,0.0,0.0,129.79614395609408,16.44902830049216,105.26041586525949,116.88081587052488,97.77803873573662,113.41109842265499,119.56527989875306,114.32768600766076,139.94663609156237,91.14406757362254,116.22197410689878,106.192013245863,119.67929778947352,114.10394813801574,96.82637344474668
1573,1103.0055530382483,2299.81922840863,0.5684553563813654,-0.06942504305713418,0.2820113617703103,49,0.0,1.5511215094513144,233.638850016734,-5.921362649878996,1103.0055530382483,2299.81922840863,29876.299149731105,0.0,0.0,129.62376109885443,16.44943604854695,2084.443247682289,2290.9745680427022,2285.4285122387814,2296.2362678417276,2379.5384819368533,2386.6606187272555,2377.5129720242962,2383.9363232568853,2323.9623038320296,2430.5170150221643,2434.4089322894997,2378.2208627098603,1824.4590441267594
1574,1983.6791028453285,2300.070264131477,0.7330457543088734,-0.08235594723804275,-0.16160994652388733,49,0.0,0.03447526570942299,3.2855436695183142,-1.291518109880703,1983.6791028453285,2300.070264131477,1686.717015440683,0.0,0.0,129.24115980173934,16.449585675981808,140.0952852741823,119.04285143053659,128.1910072516729,137.86592015355254,124.86014125670079,149.039150987297,118.86639275568729,137.9417881641559,129.21128477499724,125.37444216710611,127.13576976842369,132.81849713915233,116.27448431721855
1575,1275.1425262046628,2300.9345763425645,0.8173694055797162,0.1589715055397698,0.0937536683315323,49,0.0,0.015666086118089978,1.5668047352104755,-0.48753718851563743,1275.1425262046628,2300.9345763425645,996.06463317466,0.0,0.0,129.5489784192982,16.449964121459026,57.57870795063607,77.77719131211987,69.64765384379187,61.435072251910796,107.4322417465257,80.30207456999247,77.19493373416097,91.3756481132666,62.47483663281942,72.05041083756434,84.96450359546213,82.05532043334102,71.77603815306873
1576,1684.4897954364794,2301.257327628299,0.6173111673379706,-0.1511681397383216,0.34107803105368106,49,0.0,0.03184131068795603,4.159643383993129,-1.5476402478392663,1684.4897954364794,2301.257327628299,1501.2840789721536,0.0,0.0,129.37114009871414,16.450142794786125,99.24747494669671,132.85315246870243,114.49645871692071,130.3059020332533,115.34515830712533,120.49758003046816,111.0631316699421,122.66778631205653,126.99142169894536,102.29372706887236,107.3591549225803,115.6189481585892,102.54418263800096
1577,1533.3072585177672,2301.6775944536435,0.663680766289345,-0.3008468551409311,0.24175174955554266,49,0.0,0.04264078539801889,5.466938690837184,-1.844360508772975,1533.3072585177672,2301.6775944536435,1559.6225932533653,0.0,0.0,129.43682055314554,16.450319037351612,102.56631614693053,134.87234917643627,140.75800960070785,120.57783582204793,125.34095543053874,114.75758245314584,122.06553897655954,104.89917880661542,135.95480139124405,126.85973501204853,121.017330283216,128.26853118285504,81.68442897101937
1578,1198.74406856433,2304.3837376792962,0.7778680537969627,-0.4131062781194805,0.16878866098867856,49,0.0,0.02928908198825215,3.2077802477946404,-1.2655115221295132,1198.74406856433,2304.3837376792962,1244.6157051716323,0.0,0.0,129.58217031085582,16.451376378994148,90.192842272226,97.47731940962339,92.88201616709054,102.78508902593796,91.18101696105805,77.83862555878343,89.72675298155238,101.82730635581805,100.4042662014807,111.3314321106069,110.32683023620277,96.34263240613905,82.29957548511312
1579,2789.184381019898,2305.1622464165216,0.6660476232734358,0.0897972501819236,-0.48335522996798186,49,0.0,0.015588596909736834,1.8357973921924875,-0.6595618714819539,2789.184381019898,2305.1622464165216,1358.0491075321788,0.0,554.5612387546988,128.89122123066122,16.451140862509643,115.37166339082926,71.4455004857043,92.74863938625325,342.03278621987266,68.3992874414363,68.87295557345442,64.06190474995113,108.01329972693507,82.73420721582556,56.3149405531567,128.4931556766878,85.97713825827071,73.58362885380171
1580,1781.9642837886086,2305.9739851043387,0.6642096704722873,-0.03159850273659183,0.233377940005625,49,0.0,0.06887976508094908,9.085045260126401,-2.39581773807386,1781.9642837886086,2305.9739851043387,1884.8405054213672,0.0,0.0,129.32879209428702,16.45209644082957,117.77465164654743,144.9167906065136,134.20041726809308,164.84573657270312,147.0848877788399,126.4022545046773,157.54330549244816,152.68604992294982,136.6883794916005,177.77279006783397,148.87522103112332,148.09729398871087,127.95272704932634
1581,1285.046392206142,2306.3108141811617,0.35218808453196454,0.03588089750494161,0.5640877092948062,49,0.0,0.008289389821890314,1.0979103522694018,-0.10141720023010348,1285.046392206142,2306.3108141811617,1029.978652705336,0.0,0.0,129.54467732131943,16.452206994541942,77.93652169155993,85.28711497429809,68.35809122385217,77.07899231668375,85.50379829301568,72.76602597529615,87.88194602827085,81.49235370790802,84.39599966318735,80.55674985361864,75.91015076864704,82.67075269830175,70.14015551069653
1582,2585.8023241375686,2307.487924212293,0.29023719772756046,-0.3035885287710231,0.027247952815212383,49,0.0,0.018847773381581816,2.2031663711047362,-0.8576182348475846,2585.8023241375686,2307.487924212293,1821.4141683586856,0.0,0.0,128.97957207377675,16.452307631125382,138.05465689310088,144.27471625093932,153.48199299852394,138.59145905849164,149.19196934067344,125.56071592562836,143.29201353493005,161.77221844814844,145.53306618709917,126.63980224927923,144.54974642357342,141.41396499972592,109.05784604857186
1583,2345.515526215711,2309.2405530811957,0.6879351079772065,-0.4908898618139667,0.01164950590319178,49,0.0,0.01039635853295818,1.0236143208023325,-0.02534088305819711,2345.515526215711,2309.2405530811957,1125.467062502827,0.0,0.0,129.08395902856216,16.453223869456178,88.4870975951508,84.41787106735131,96.51582230180357,80.81593610140128,85.0822320780322,95.72205304752413,77.4060517702994,92.40199219619284,96.31398883029203,98.49858383299807,84.13433318335255,80.67419852227219,64.99690197615655
1584,1532.0435770875133,2317.858163752256,0.3199984252568523,-0.3339086295384363,0.30286123721343194,49,0.0,0.01246827349264764,2.1634281193732066,-0.8378561754856096,1532.0435770875133,2317.858163752256,1158.1564110817872,0.0,0.0,129.43737056852413,16.45706068427216,78.38105237546701,91.90264990791994,102.63552242827686,82.42586752746948,84.46499956165894,87.48835797919362,98.71858022444299,81.95450984597838,104.28724372188671,95.85922094071236,78.86407491929327,95.99891484807162,75.17541680141616
1585,714.1222479998036,2318.7488872973945,0.5814841717693334,-0.10670117121547462,0.42659132733724087,49,0.0,1.5598094845089898,218.11073681513358,-5.846692612190605,714.1222479998036,2318.7488872973945,35094.74131659246,0.0,0.0,129.79271944481,16.45708230085943,2540.556035430927,2733.223441981043,2687.752596007791,2764.524293758964,2808.813120112257,2819.210379876522,2749.413039820562,2761.4719221724454,2823.2226335060877,2660.267187914058,2808.3268604231407,2869.977357742635,2067.982447846024
1586,912.698882455098,2321.9120258099133,0.7047790263031847,-0.27727482940900766,0.6437790393293894,49,0.0,0.013583500700472383,1.3677212568012154,-0.3399939916912298,912.698882455098,2321.9120258099133,1432.6117763922903,0.0,0.0,129.7064507988779,16.458540112848937,108.26663989291094,114.742963412708,108.10892110032401,123.09928252612602,97.41417318911627,114.36643217479374,119.34620553159496,103.01993596064975,102.84647394700036,108.46565217070854,120.74292799443501,127.72582858600393,84.46633990591884
1587,612.1966932349065,2322.358697192833,0.37775020756268946,-0.6960749820660365,0.05042339141036334,49,0.0,0.011883534962143843,1.2415019384073316,-0.23486850493175498,612.1966932349065,2322.358697192833,1352.3617881603452,0.0,0.0,129.83700311703498,16.45850079613465,108.03668681466573,102.5932072475676,116.05538615307054,108.63239639178826,89.5059484174943,98.434055232297,99.52250326304036,101.29706948231937,96.95795218309517,107.91692007312815,120.09418532769298,101.95219667018083,101.36328090400488
1588,1332.8052517038413,2323.9226311407697,0.5918659663901479,-0.2190663679335082,0.48872633092313356,49,0.0,0.018127124554191177,2.1652093122117972,-0.838749715631779,1332.8052517038413,2323.9226311407697,1177.9700552010736,0.0,0.0,129.5239329456081,16.459557498327907,106.29089608485353,77.86652802732658,91.06621678641133,85.62231287352867,108.36438674508565,89.50176720810163,88.21902442774997,101.13838045436228,92.699543837836,91.19739071562402,95.61390459840368,85.58869467351724,64.80100876827298
1589,1207.652113362324,2326.9675094427325,0.5960386450221377,0.02562100714123349,-0.3475738239428473,49,0.0,0.013078783962383113,1.4020185805261067,-0.36688442310386066,1207.652113362324,2326.9675094427325,1088.4452840881654,0.0,0.0,129.57830840221467,16.460789154314373,81.97418359637132,77.68531273564889,81.9088537251611,99.71355010050505,80.82710339061643,73.18046755972699,94.82398906719453,80.53771545793305,85.75258128864984,85.89995881471765,87.01259499557398,99.6489146826631,59.48005867340339
1590,915.6451008195116,2327.996199625426,0.46005363836522173,-0.09672656691050682,0.3356633595699561,49,0.0,0.027079696710040763,4.2860730333640475,-1.5801489175325876,915.6451008195116,2327.996199625426,1486.1396257343763,0.0,0.0,129.70517462922038,16.461076890824963,110.3212470839061,130.07588909450098,112.30492346368081,124.48378213354371,112.80442484167244,116.30279249834197,123.58374488177165,119.0580254386633,103.60445582479477,102.51068721878013,121.6178562345429,119.50621482552611,89.96558219465159
1591,656.6802203747255,2331.995247636356,0.4468119295107985,-0.26203780890537676,0.39802933091785553,49,0.0,0.09341731569840302,14.709120110777976,-2.918966735785007,656.6802203747255,2331.995247636356,3296.5645956297144,0.0,0.0,129.81768600414094,16.46255427659902,246.76222243016304,261.1811254167799,279.9613904269339,249.84742805147795,243.86254560541875,249.67975979057772,258.569535438553,274.5820803865318,273.18909473339477,234.75598815082887,255.48440512965317,273.7553550385113,194.93366503089044
1592,327.1322456399344,2336.602593165793,0.27255466092717406,-0.0960286701789467,0.5825238279337872,49,0.0,0.004867791012880924,1.0419035927751605,-0.04456883900478998,327.1322456399344,2336.602593165793,822.8615034032221,16.51398440995687,599.2399322173042,129.96086081384976,16.464146774148336,49.956768399304224,67.4101027174893,38.1366674302797,49.75277823924184,103.05824370310272,75.11746653815553,45.88080556598457,105.43232435277763,50.362112731157985,73.98728931513156,73.43256654334088,50.87451413653903,39.45986373071699
1593,1898.4570618567534,2336.25767490136,0.6607490984023643,-0.10281057508462124,-0.04271992825607317,49,0.0,0.012325291618604637,1.3165127449433158,-0.29856266948968785,1898.4570618567534,2336.25767490136,980.1254519240624,0.0,0.0,129.2781738307307,16.46468928016682,63.46504917871019,76.2122757566826,68.10077201594046,75.51133878250657,72.29484972843136,80.8987641922518,78.5065000171041,100.12473622260703,79.21958837179784,74.45368216670275,71.8137427063025,81.0858394133818,58.43831337164339
1594,1756.3697836159672,2337.3180890430376,0.5081785863544467,0.479539152714381,0.2819434526896845,49,0.0,0.021477643880611658,2.7445707232261776,-1.096186065851229,1756.3697836159672,2337.3180890430376,1377.9985194341557,0.0,0.0,129.3399070998164,16.465159978492018,118.34518151411946,90.54992514261937,93.19588076683945,121.06651285047838,101.04703957062462,83.57882572541482,122.1379640330519,112.56590347157572,121.57195592603176,97.04165633490396,118.80243192106364,120.57932712510578,77.51591505232699
1595,1928.2542623549812,2336.712485751186,0.45838629375016177,0.36585357560368215,0.24524160445300322,49,0.0,0.012205170938232755,1.7181074165221342,-0.5876257813697526,1928.2542623549812,2336.712485751186,1011.5091904191972,0.0,0.0,129.2652275781335,16.46487043071063,79.55344161851376,83.27896295453321,76.63041242268334,91.99976970337244,88.19934801542247,65.22408673024768,67.71554009610972,74.72311914677618,75.96743093579013,75.92901122485597,97.69414284918733,77.33397148521314,57.259953236491974
1596,1009.4779982319103,2337.7356637346334,0.5949205173681809,-0.05965848455525945,0.2593966848447551,49,0.0,0.03421141403723168,4.384936051581681,-1.6049081603624953,1009.4779982319103,2337.7356637346334,1543.8074217024919,0.0,0.0,129.66441336714283,16.46518843568567,97.19630174038166,115.24528659095154,131.3765067687554,112.97598706302425,138.15819532754176,120.58567160231361,102.40551807196628,130.03086566397994,116.16172986036213,111.72447824965617,120.72201838497358,146.24143837411322,100.98342400447231
1597,1195.7223057115514,2338.2992965249828,0.6309211149215223,-0.14678493271780396,0.13681848367666344,49,0.0,0.09613566585162651,13.222667287723969,-2.8032976756003714,1195.7223057115514,2338.2992965249828,2379.82700906588,0.0,0.0,129.5834956818999,16.465506316792272,163.77761876052935,202.8847605146292,198.69307368749014,183.9369680070822,178.40982407866008,213.06150016228827,169.2178760672574,199.72706459737975,187.15611532625286,174.4507996383419,189.34031998106883,186.06212610347342,133.10896214142636
1598,560.7741598598926,2342.1755669059853,0.5176132191712411,0.13073672641855313,-0.01109416677086707,49,0.0,0.012661679650908645,1.4467528499597215,-0.40098586638378014,560.7741598598926,2342.1755669059853,1178.8533386284146,0.0,0.0,129.8593619222245,16.46671066257683,98.13138610675222,86.24816421453656,90.90752740976637,87.61797382904228,99.87058598355853,84.7078754737017,107.59968729530272,84.64915678938408,97.58098747404775,93.56839041736795,77.99992461206983,92.94597403192859,77.025704990956
1599,2147.896996852317,2342.044052532478,0.39637059679469255,0.4372698319732742,0.2940805817267445,49,0.0,0.016106387729542357,2.1992329052138198,-0.8556780621388651,2147.896996852317,2342.044052532478,1273.5229347903057,0.0,0.0,129.16979623664267,16.467005767449407,93.19050005842097,100.79642471306539,98.08206757336484,91.20483415485312,97.94023567599476,106.78866322751043,101.63993309701812,110.71892832759717,93.87903701032448,96.32247054059445,100.45299843225422,113.93645768550464,68.57038429380319
1600,2262.9266292212355,2342.6661200168332,0.6487729112778983,-0.08916492328581255,0.39506596593658116,49,0.0,0.011897676391731822,1.1169638975332994,-0.1200978402298057,2262.9266292212355,2342.6661200168332,1064.2992882379153,0.0,0.0,129.11981861017358,16.46720263244831,88.4718699507294,64.41630049060471,97.99176236003188,91.33929313968943,93.57119044864064,63.12055612038036,89.11666231622769,85.75188262079031,69.72813843585214,82.08145224710626,98.21826335254508,66.2968614385772,74.19505531674005
1601,1500.627937352627,2345.619646355983,0.6238464210048791,0.29120200821703335,0.15164293259181819,49,0.0,0.012317886267092739,1.3289219952740492,-0.30874872395902,1500.627937352627,2345.619646355983,1022.3284567866834,0.0,0.0,129.45102193795566,16.46862527165267,65.2405284398872,83.88394507406119,82.9690384307873,89.68925565943869,90.51880266568355,86.90246910280187,82.62549270423554,73.43977031970708,66.57972970437345,71.34030367994647,82.47761024404998,71.10526224664596,75.55624851506518
1602,1722.991904653684,2346.6109235328036,0.35638701407036705,0.5531455199308232,-0.14584539391138754,49,0.0,0.00829684915376511,1.0654897397882421,-0.06887317999931075,1722.991904653684,2346.6109235328036,1048.783649673277,0.0,0.0,129.35440798248868,16.469036038823848,81.32353826790367,75.5744905553623,77.6288738510697,100.24513743294838,82.34141519175321,78.89041902343465,76.73112926187144,87.37006660793713,69.74965285104682,94.69973150624077,79.00632053866141,71.49402792768912,73.7288466573585
1603,881.9521814333552,2348.259528891768,0.7275877806318861,0.026976085651778548,0.27885150704019124,49,0.0,0.01424257689004949,1.4875174485472435,-0.43115517173817575,881.9521814333552,2348.259528891768,1063.469304121048,0.0,0.0,129.71982609684753,16.46949841059559,83.91499159952181,85.02264867710818,99.91326746780018,86.12765896744932,73.28745180279881,57.03117144844663,74.91955958862434,86.25959243001107,82.50879725065853,73.7063806215769,93.14494517975044,95.44715450126711,72.18568458603477
1604,381.30718030259777,2350.3407338920006,0.2537341616150845,-0.6592158787806391,-0.16270588552716295,49,0.0,0.007780254554205389,1.0056040140407811,-0.006067495605558051,381.30718030259777,2350.3407338920006,1142.5367743266452,0.0,1082.7037125740471,129.93734050940043,16.469931042804483,87.99458311986044,78.1571484479582,96.9975884478117,93.41538788186323,94.46878314991673,92.9515501020168,78.64515524904807,82.33894132362752,95.22937001022939,97.19668063179508,98.63143148135875,85.64646725150251,60.86368722965666
1605,991.0527324243106,2350.4134301302624,0.5491870944651985,0.055728388526018496,0.3497059898110186,49,0.0,0.03977341215290823,5.898712436156244,-1.926893061776219,991.0527324243106,2350.4134301302624,1557.1070331361657,0.0,0.0,129.6724256588427,16.470460723804745,111.08918979638042,118.57105067005524,117.95289288251477,131.0374820485634,147.4865670599924,116.16696234534231,125.54702992082443,120.77759543163972,113.74337417145522,122.69282375665614,121.19497558134631,122.04790469392559,88.79918477746983
1606,1369.1122123499156,2350.1029322017916,0.6460516788071843,-0.15890067743546502,0.2572130308416695,49,0.0,0.12332677757406883,16.76581166001643,-3.0610614579274036,1369.1122123499156,2350.1029322017916,2849.2516970882098,0.0,0.0,129.50816443917145,16.47047373797685,225.42487489384405,227.88580697596726,208.30598962587248,242.63605824671907,234.01748296964095,237.95882699878428,209.60421582368497,234.19073038172093,217.29509606218465,209.43607828393834,231.5178210479797,206.4769080940535,164.50180768381944
1607,1758.185177191612,2350.1938803561293,0.829011552756845,0.1712975018136787,0.2003881310355377,49,0.0,0.013200467285511311,1.2927688197332836,-0.2788021720410815,1758.185177191612,2350.1938803561293,986.6767279549301,0.0,0.0,129.33911649138963,16.470524476101744,66.377342116593,77.52394223992144,71.59816157211566,68.0279642839433,61.597120395323415,82.92934154507273,95.22083967265138,80.21982523434308,69.23477959776542,90.98451512167813,81.67605305716793,79.0043705169106,62.28247260144408
1608,1360.1981301580765,2351.22623305538,0.564583876380914,-0.5690547604293323,0.09105320263420238,49,0.0,0.01143718050470403,1.3287528505907629,-0.30861052307487497,1360.1981301580765,2351.22623305538,1892.1723546712767,0.0,0.0,129.51203774831396,16.470939881967297,133.0123570476161,155.6771404663827,146.58974203240444,144.0592759412186,160.64258093027058,168.60651705067878,146.68389862717703,135.48441493886963,150.8828498137733,149.23076232792704,150.292424077556,142.25187495426215,108.75851646314038
1609,2372.5490746403234,2350.913835649992,0.6010034414070835,0.08969610516084016,0.26295332155835077,49,0.0,0.020002649814673222,2.4641392050511763,-0.9791630962694192,2372.5490746403234,2350.913835649992,1224.729283587784,0.0,0.0,129.07218514285714,16.470568602770523,81.02546660945492,84.75046111770261,93.03472530893222,90.20301823438575,101.89671361354979,75.14764455370494,102.46360275232571,104.12030141915369,102.84566928109386,90.54425055650141,107.45964882999337,113.50251159943718,77.73526971154851
1610,2519.909440710353,2353.1730404681966,0.22357071975796114,-0.7377243281713421,0.033588893052885045,49,0.0,0.007272396810302909,1.0676875065842661,-0.0711104022727167,2519.909440710353,2353.1730404681966,1059.3618958075767,0.0,0.0,129.00815925508704,16.471398246915186,71.81288686698514,79.6032036346989,80.43548977413113,62.94671661103721,96.81479644904746,82.46669082528771,85.67074711336721,82.68826498335214,100.77457239317431,75.54983605186149,80.67633901490515,92.6676534189361,67.25469867079295
1611,1747.4073287537512,2353.591129741705,0.7211117542973836,-0.2591584797060899,0.029324029557795644,49,0.0,0.02057410298950437,2.1954630689256773,-0.8538153399974087,1747.4073287537512,2353.591129741705,1224.9104557172545,0.0,0.0,129.3437988890812,16.471941423976666,78.34617338998763,91.77389672221204,79.4200837021722,87.52186880313302,98.84902007311717,84.52454314403911,108.80291837069133,99.59794294001415,107.5694194531837,96.10382241768488,102.96210399471173,104.56449401506154,84.87416869124596
1612,2134.8596094756776,2353.6579245496832,0.44845433537162416,-0.19750743133664045,0.4429406486639394,49,0.0,0.009617011222992283,1.1254515435196288,-0.12831700281698977,2134.8596094756776,2353.6579245496832,1113.6127033929308,0.0,0.0,129.17545496107624,16.471851013796318,87.11421618685713,89.39647087506418,80.36616858673138,87.85791439439413,91.91215689223876,76.69370262831833,84.39182762228846,88.95390808518405,101.50065216505746,91.52619417475151,89.6160733782718,87.1970472733598,57.08637113041389
1613,1392.8725047832877,2357.454502613753,0.9055624155212654,0.2480348683484959,0.63997717703306,49,0.0,0.01322910949297305,1.1875713786620141,-0.18664930558945114,1392.8725047832877,2357.454502613753,942.8812415956237,0.0,0.0,129.4978422727249,16.473541468846427,64.75849179769267,73.29131241653451,75.25490471410782,70.93995758288347,69.29555409375503,81.62819872579473,69.97438843756572,68.29579303959304,83.20118672194303,66.7800170442211,76.14474788238334,72.43119979140283,70.8854893477463
1614,2088.102247908024,2357.9743293872334,0.9445426001614698,0.032833307217931075,-0.2408475954913215,49,0.0,0.01211124667691237,1.0341191504193998,-0.03642645179920648,2088.102247908024,2357.9743293872334,967.518459794163,0.0,0.0,129.19576845532154,16.473670854112257,66.61153117493112,76.24527708158328,78.2404045055234,83.95993528332008,80.81143889750473,78.27768298485577,65.63413652890817,71.28943297843304,79.49913049908997,71.82561024519666,65.81489252127979,87.08426838477939,62.22471870875763
1615,1037.0305648312549,2359.891599528144,0.6481001917348144,-0.11575818175880817,0.18841408185490077,49,0.0,0.01683417908953732,1.7247471797411429,-0.5918136086822371,1037.0305648312549,2359.891599528144,1203.3748718774993,0.0,0.0,129.65245405824464,16.474433960890202,88.9829321795973,90.95031978178592,97.34589530311032,93.34742051712017,108.81906484103123,88.71572091162659,92.72280490839142,95.10465023572416,90.90167400142803,80.47212427170811,117.60466174732841,89.29142864001153,69.11617453863617
1616,2658.151170873397,2361.280041807543,0.37585611501994987,0.05455756849600499,0.11337917845279506,49,0.0,0.03204298529098541,4.039145012323654,-1.515723613440845,2658.151170873397,2361.280041807543,2176.3350462308626,0.0,1075.9219011229386,128.94808982146944,16.47465353282456,184.35169607308472,163.3502476182301,183.34607523166954,155.08964437850113,174.70615163042712,176.34943193191754,157.84117287163036,175.1367935467249,166.20879852204735,166.03723660520353,147.19396268415426,196.69628195843416,130.02755317883805
1617,1577.956026237606,2365.6831445759994,0.5278597266618554,0.09725768821797595,0.437616568341695,49,0.0,0.017386885325231385,2.289856211014709,-0.8995205303874199,1577.956026237606,2365.6831445759994,1158.3966451226026,0.0,0.0,129.41742444554401,16.476989049872774,85.08345271386351,97.4130107996381,104.24154157037825,107.07342806384936,92.56139523590059,83.60800960048125,85.55872435177785,96.33651641729794,78.07196383294371,94.78160617407737,86.04733784397996,77.0789819498333,70.54067656858152
1618,1958.244577298467,2365.0419499071772,0.7378701289554093,0.03315497835154042,0.29706782487492794,49,0.0,0.05093090891772224,6.304039419490396,-1.999047300390626,1958.244577298467,2365.0419499071772,1476.0745446312746,0.0,0.0,129.25218826842,16.476664774283723,91.71018216739203,126.42894243930627,113.21899928856895,115.59404487132836,108.93516862572727,111.57305923931897,126.1798924716453,99.878352101391,116.36864528772446,116.57078147861598,125.8347976530087,136.56448861700795,87.21719039023938
1619,2293.7746639689026,2365.165527887654,0.6355808907556084,-0.2690798042320796,0.14868577349327997,49,0.0,0.022324832112742995,2.7346951085023945,-1.0922722845565591,2293.7746639689026,2365.165527887654,1171.1697684717628,0.0,0.0,129.10640172902495,16.476558247442952,85.9129901967972,90.46647278175129,87.67048929456647,93.2812619247714,82.98542562913856,110.47198076095071,97.28023003487965,94.25105521085402,106.00887475191074,111.60748585725014,80.35084279743069,84.83464205569041,46.048017175771506
1620,1493.2207450543729,2368.4030843176424,0.4982492477105698,0.03535530119600187,0.27185807779742144,49,0.0,0.050283636057030325,8.108627642619846,-2.2723683939524757,1493.2207450543729,2368.4030843176424,1744.214185072264,1.0,0.0,129.45424249309335,16.478117393133484,139.8491797413426,137.62813602232308,127.18154417993011,130.8012358951215,160.86248924055485,152.04585073436232,118.90234670393527,131.55718001359244,142.9129446580839,145.69862221943185,142.20128987996486,118.15503685927487,96.41832892434657
1621,446.79235772768897,2369.264283512498,0.20740618176824027,-0.6415544303820204,0.4367777835562184,49,0.0,0.009488240644610698,1.4092862649630062,-0.3724980481853739,446.79235772768897,2369.264283512498,1239.5605641092006,0.0,370.1457609506757,129.90891020251902,16.477884907652975,99.10603219707566,106.60157731204889,91.9802760764515,108.00740332983294,85.47138593930052,96.45739052246171,85.79797692549691,99.68143787307605,103.43886648033951,93.4520745834078,113.31931162292395,86.02680170625365,70.22002954053158
1622,1683.142383804782,2371.0406927031777,0.643041816130167,-0.0024881812426309365,0.33720610060381173,49,0.0,0.028097837355558278,3.593769107572856,-1.3888754278087116,1683.142383804782,2371.0406927031777,1242.223570842884,0.0,0.0,129.37172018653808,16.479218458869234,92.55552315353349,90.83610694313604,89.33232641626631,89.65878320559523,113.23241904695699,108.66489980290146,100.83864149822745,105.18903812383319,105.38213281144047,82.31790504841638,89.98794530856422,90.41125647729945,83.8165930067135
1623,1007.4280313627564,2373.0650424955616,0.7046711557196753,0.5524243688504952,0.2770763628594136,49,0.0,0.1352399417600322,16.04182869632677,-3.013134685969937,1007.4280313627564,2373.0650424955616,3692.9504680864907,0.0,0.0,129.6653232269903,16.479907331171905,269.7094768013927,288.8250896276778,297.7686650631798,266.908504742082,306.5585863631953,292.3749137822915,288.4075995879384,290.0141739786658,296.7037240029723,296.7478313830677,312.10476171465143,280.26265126058763,206.5644897787886
1624,2659.86413565021,2373.9971999077657,0.765865821241524,0.13322056169520943,0.13248248275448232,49,0.0,0.015275036211515243,1.2663040612169938,-0.25634499930099,2659.86413565021,2373.9971999077657,1354.009765865233,0.0,866.9296653497927,128.94733323386438,16.479950388683623,92.12719608801159,114.60317095971202,98.49319837622276,110.04332084939529,123.9940835821315,97.17219022668877,96.44274275388841,101.91114991581148,103.67520610828504,109.36714375035282,95.21705114163652,113.1148041390653,97.8485079740316
1625,1733.432149036035,2376.7997505271774,0.867984233281794,-0.5102132254882836,0.014348309156727171,49,0.0,0.018814054693777477,1.6630398435732427,-0.5522566357317683,1733.432149036035,2376.7997505271774,1151.8749571655721,0.0,0.0,129.34986816503607,16.48161313053922,75.71615248009944,103.34021967487057,84.08041030799828,85.64615205405873,70.40461171570655,84.5631653855778,87.46173539823735,109.16358506435924,84.85805998113518,96.96834080420703,91.80979753459434,91.14432887676799,86.71839788795964
1626,2180.804803520291,2377.284489926458,0.6176321715962086,-0.07706126950247393,0.17827585022302048,49,0.0,0.5954829299196276,82.06889415511436,-4.785446453804024,2180.804803520291,2377.284489926458,12337.857953617928,0.0,0.0,129.15547989716418,16.48167207548877,872.484637228694,952.2201783047701,922.6269433530235,966.3914516671692,992.9663238441051,1021.8442647286953,965.8321948905441,978.1904944845272,938.2198746793525,947.9066468657809,1016.936736961371,1006.1878495605213,756.050357049374
1627,853.6412872176329,2377.511764165144,0.36133568908505986,-0.16903153890025235,0.28630299761243166,49,0.0,0.01589838762023876,2.465469197835082,-0.9797489526841985,853.6412872176329,2377.511764165144,1189.0383334083967,0.0,0.0,129.73214648475627,16.48166769149764,78.13888138510589,97.29618507687022,104.71964597467516,84.60112808542112,80.89846639364315,107.50237021367734,89.81861219410553,87.1118604346016,90.57182656092016,79.47386949013807,104.56079540599299,100.25885394617379,84.08583824707173
1628,745.182959582712,2379.937634987852,0.6185734980633126,-0.18583877242204258,0.3595837943386071,49,0.0,0.12895765921964733,17.71584867620918,-3.12090490501848,745.182959582712,2379.937634987852,3266.7975803705717,172.89841014855608,0.0,129.77927336267987,16.482600530879346,210.37513657043584,216.12092273465504,235.39686559723185,257.2373045310464,274.59234914482346,255.88346351247282,259.2501896728971,268.26039759442295,289.1177260843443,245.38852791109582,277.3434267372444,275.33337892384964,202.4978913560524
1629,1988.8520052732329,2382.4996092693214,0.49444765836196836,-0.3100207896513778,0.10781654168245781,49,0.0,0.012164555727883998,1.4064781681967662,-0.3703324882397877,1988.8520052732329,2382.4996092693214,1161.1174734132064,0.0,0.0,129.2388831362533,16.483928304969638,79.54073000056218,80.12849271927153,102.26232624532035,100.043496463141,79.82645503411942,87.7913082212543,79.83425083055604,92.87561035177188,91.21491269582253,100.80370682024396,82.45328542347065,110.65337390236448,73.68952470530803
1630,1661.0645059792087,2384.520140276968,0.2927110017683433,-0.4515768405413497,0.16875807113190214,49,0.0,0.009029643427257768,1.297263954929759,-0.28257087796336,1661.0645059792087,2384.520140276968,1191.9646376114704,0.0,0.0,129.3813124623249,16.48483613227971,86.50812972226656,101.70008891267526,95.18280087233877,90.16353653691817,91.75077483564503,94.49195487562632,90.22168206489542,89.49252333780403,93.70295300517157,99.06164478667228,105.27676305861101,85.11988126629421,69.2919043365517
1631,2047.4548605368705,2385.246390653081,0.3731379720371337,0.10378127142789272,0.507378403663907,49,0.0,0.008046555782950271,1.140645275416583,-0.14287651489929404,2047.4548605368705,2385.246390653081,1019.7263080034762,0.0,0.0,129.21341820723066,16.48505080886738,65.88030170812874,81.15891364326184,79.35143193957063,61.67727123207939,95.51464842718983,84.4586964598508,78.40874844063929,79.71673294436854,71.09395244784662,67.03885221098528,101.84993078932882,81.90984469546741,71.66698306475905
1632,2720.9409966938438,2384.9309971195216,0.5111472588712845,-0.15504189938300234,-0.2000556049372536,49,0.0,0.3104791611849815,34.31004296895302,-3.8385531548874097,2720.9409966938438,2384.9309971195216,15482.336509657209,0.0,9784.977402683278,128.92078522817795,16.484446161807277,1580.5399339843666,1395.1343844286719,1230.2027790343777,1210.4072308442808,1084.935240407488,1134.8392662710196,1453.5209082515278,1086.5934925580202,1109.1932113097778,980.7480947542381,1125.7722178712127,1245.514677250882,844.9350726913472
1633,2342.6421848863056,2386.3203251873542,0.7864647688692362,-0.0402386662564339,0.09957007710786492,49,0.0,0.012902377520510763,1.1513260348500287,-0.15299581360485187,2342.6421848863056,2386.3203251873542,986.0583007262009,0.0,0.0,129.08515486786092,16.485340896612488,62.71420635913668,78.34740644381702,74.96338819735624,71.69197958373314,88.36056462284324,86.40982942437509,62.655752669070864,86.12587896218699,77.81211909445783,66.10666318923795,87.25832591794938,72.00792871089357,71.60425755114277
1634,2242.0116951338327,2386.5911395068974,0.7618327999037267,-0.01774341240388987,-0.04268083868798227,49,0.0,0.023108692754277786,2.3848128309732974,-0.9436357491476379,2242.0116951338327,2386.5911395068974,1208.9575739827471,0.0,0.0,129.1288797237042,16.485516155273483,94.07730166141044,84.87786656074162,96.6908520892697,111.82976838447775,95.11543326196377,83.92895328594676,96.05465886627773,74.23472815268221,95.37855027536108,90.30367948517375,106.98676077343397,96.28641652220406,83.19260466380445
1635,2736.2856940642987,2390.5235601410054,0.5868488985775004,-0.6839869552958503,-0.12498948405007426,49,0.0,0.02748156208226826,3.6843392505727617,-1.415899032007132,2736.2856940642987,2390.5235601410054,2273.2741545233193,0.0,484.2538696103504,128.9141122933586,16.48676071377605,324.64701480424213,166.92455401754341,352.73265695451573,148.15426946826017,328.2480259349536,99.46932604276107,90.99917393661298,78.91661953044253,137.74440794260386,171.86139811721836,129.40940886282755,170.8056937331536,73.36160517818445
1636,970.8968690767512,2390.4389613517837,0.6575660924739924,0.35841161182703263,0.5450109354967826,49,0.0,0.011862205794880294,1.1285532656467505,-0.13130515450373234,970.8968690767512,2390.4389613517837,1034.271369339268,0.0,0.0,129.68120608791622,16.48712613002941,81.09339815627635,71.81355183171483,81.63633947656776,91.59032514887363,83.4745115128567,86.37605661823912,61.9721180636939,89.32777364284998,85.21875036466798,73.88415483812733,75.15816154087281,89.53420169082605,63.192026453701615
1637,2754.0282499852347,2391.063675948141,0.27613559131568155,-0.05530563179862038,0.11423421679554807,49,0.0,0.013365220657839405,3.8615886542019733,-1.4669150245116247,2754.0282499852347,2391.063675948141,1758.6383833104037,0.0,165.90075119811056,128.90640269325837,16.48696753483791,42.4330940579806,97.37603996938013,163.72060451627468,24.720602520350532,748.7510841898717,25.134011353738835,152.13343294481484,27.673140734989925,63.35871562646056,23.102653666101205,64.07076783465997,101.62088584760372,224.54335004817727
1638,1496.7702421481472,2393.2557550992774,0.5554338355141826,-0.05697057470311287,0.27667828575663606,49,0.0,0.18601433220817437,27.523935253049622,-3.5992763188670436,1496.7702421481472,2393.2557550992774,4545.0425505372295,37.81704353359076,0.0,129.4527025798329,16.488472671589907,332.5072831135807,361.62604082590144,350.9442096011679,335.00670783675616,376.81646745366396,367.52659649921424,352.94051716348474,370.888535339642,357.1468586893126,304.09438652853635,362.3783251723784,396.21310034831447,276.95352196527625
1639,2034.8628125032456,2394.821564037509,0.5771076697543454,-0.409032100402863,0.13156684686270817,49,0.0,0.009660804665355929,1.1089347680158879,-0.1122649998995774,2034.8628125032456,2394.821564037509,1014.1040716570064,0.0,0.0,129.2188858488545,16.48904528669479,74.712947156077,81.21960596292087,77.7837133673959,75.67581708323996,77.20772420977185,73.59839151772783,76.2422989862466,83.42682453324407,66.33554818118543,78.66418545082402,89.21085356856773,74.59621581912002,85.42994582068516
1640,823.9614731184728,2395.925764473506,0.6528604264171503,-0.7243387379933298,-0.3203524473018225,49,0.0,0.022960663519129867,2.057095751304021,-0.783136268000967,823.9614731184728,2395.925764473506,1532.9178718814064,0.0,0.0,129.74505547713517,16.489319542270643,87.38759736318794,127.20657608434468,111.39773672406784,119.46634861432034,102.34658558168871,136.36276412608856,126.73359674542314,102.97956940329979,137.04593120758614,121.0308905356553,125.7220707383608,134.89573946239807,100.34246529498515
1641,733.8395455633411,2396.980225322014,0.7630216803076934,-0.08701957725677988,0.6633081917240635,49,0.0,0.026480108195402762,2.638698763679396,-1.0534745339632818,733.8395455633411,2396.980225322014,1395.316301656902,36.07757119130453,0.0,129.78421560047192,16.48969246853575,85.86971129994785,125.28120467690577,112.16902959718684,99.8846099885726,108.9025298234958,124.09494947922438,115.58583140336141,100.01419150200694,106.74410175033611,112.80652189260258,102.4623932278049,120.74991177192858,80.75131524352807
1642,673.4386327641304,2397.6498392295593,0.5007753551371845,-0.02901922518784955,0.84242438448462,49,0.0,0.016019081366968845,1.7253359241449475,-0.5921841627248594,673.4386327641304,2397.6498392295593,1352.81063868888,0.0,0.0,129.81046110657908,16.489922872485742,104.0784737842061,112.89796054197484,113.3193894839506,90.38906108400099,106.2747221877793,111.91918609782013,109.1144499131214,104.55824562614885,107.83032031612478,98.52966879672695,103.92432207460595,107.73318463439756,82.24165414802272
1643,1537.1276684411212,2398.6294338558555,0.6139041797103162,-0.06528662036773579,0.16444223492956908,49,0.0,0.08852643783285503,12.128282031657243,-2.70949821877575,1537.1276684411212,2398.6294338558555,2526.4334670277767,0.0,0.0,129.435166429276,16.490714653351137,198.5227419425578,204.8345395603865,187.41102018310613,219.35786946201915,193.7712260962598,196.14549851129294,190.1422580010477,186.76296005792827,211.0715977986621,198.01519768481862,226.49672253047098,188.3129332397507,125.58890195947588
1644,2715.8685925656496,2400.02064137842,0.4621613944523837,0.03981892313074812,0.8920163908998068,49,0.0,0.03743582039448243,6.742717221461178,-2.072087366144669,2715.8685925656496,2400.02064137842,1974.5480813045165,0.0,599.7083194677546,128.92297370352884,16.490738164775706,133.81241183762285,130.97813951039194,83.90953295748434,103.20130783397536,373.73963088900825,111.71863782155398,68.855032377239,145.86190645890503,60.34944267813344,81.19212597031705,72.01832525382414,409.4030731286487,199.50851458741204
1645,1302.2715292927571,2401.622505327915,0.39416883139353454,0.03551593796508338,-0.03698320585556376,49,0.0,0.009728422064393751,1.263175013352858,-0.25365881595234263,1302.2715292927571,2401.622505327915,1044.2483728165173,0.0,0.0,129.5372199778683,16.491923633280443,75.15182600856981,92.65413938062473,75.4883807664965,86.63643461021691,73.3478510344603,78.97167695326095,89.88745305596669,72.56075944026229,69.44889868559952,87.4848371809317,83.99646878747052,96.42859553816275,62.19105137449454
1646,2302.9207579919052,2403.3225056400697,0.5573714673143207,-0.17382266339581293,0.2121491696719681,49,0.0,0.04960292796982124,6.873567663139083,-2.092955530509035,2302.9207579919052,2403.3225056400697,1806.284708609364,0.0,0.0,129.10240325483574,16.49245052698186,120.67596162885283,126.28328969633715,128.37601285627363,159.48366457044932,150.37930472151572,136.10211412893875,146.25777133320503,150.10656364278523,143.60187457480015,148.83748458176257,136.49263056208255,150.85084219242782,108.83719411993341
1647,615.1311834471446,2405.115610709005,0.5261191443948883,-0.3246572229009233,0.4908156847715264,49,0.0,0.012101255389000348,1.2556843161573101,-0.24720117457148783,615.1311834471446,2405.115610709005,1162.314846471238,0.0,0.0,129.83580302989125,16.4929834124612,91.42864921921161,119.65817553489047,81.03890598338924,92.2888835637936,67.3423900446626,96.56242748366574,76.52996849160397,96.2285833199689,82.00308482430069,86.09057345905144,92.43620900518052,116.80770414983616,63.899291391683114
1648,1845.9041451723403,2405.2292224393773,0.41815372932611294,-0.5099900249459691,-0.014241382936001312,49,0.0,0.008914059409699833,1.0217804201023284,-0.02339394061265556,1845.9041451723403,2405.2292224393773,1016.3423593280368,0.0,0.0,129.30099122939814,16.493439258609104,73.92073172844896,90.15137470564378,89.40989664799008,82.83336762252527,76.85218294242502,85.28115678870796,71.8460644543097,81.44969546298938,103.65248692996553,58.623375287562894,74.49024060770698,69.78326446888323,58.04852168087798
1649,2724.102831943746,2406.5456397335565,0.7386471091337375,0.020831161901773542,0.18202432182033912,49,0.0,0.029983131649832948,3.8248452667406476,-1.4565346763973186,2724.102831943746,2406.5456397335565,3678.464222698297,0.0,445.9152861587337,128.9193891715106,16.49344845504371,119.8940282443515,79.94417074346742,1912.226135249168,217.64761448137705,174.97602022819962,184.8673898729616,47.474471679532,167.03130784570234,148.75273778511632,102.0864620448491,201.53586406623265,123.38523500765396,198.64278544968505
1650,481.82895524641447,2406.3508398982676,0.49002823969408926,-0.12531868015379552,0.44858805515980654,49,0.0,0.9898930412782929,138.83171235686078,-5.35622170075269,481.82895524641447,2406.3508398982676,33015.029158791236,0.0,7138.49308239653,129.89372573202238,16.49337225431591,2364.0220388167636,2612.60096052257,2592.1964275361706,2550.581897501251,2704.5275145391743,2646.717600023574,2603.237485207599,2595.4303524001,2663.523491020604,2528.142499527915,2644.03817819576,2586.614063738935,1923.3966497608183
1651,2073.8139470752585,2407.4774799409292,0.8084648341495693,-0.2537211047417552,0.23947678557965868,49,0.0,0.012897309170652209,1.1538456214246775,-0.1553692658786256,2073.8139470752585,2407.4774799409292,1029.4990498506509,0.0,0.0,129.20195510428192,16.49430251770479,77.173096913183,71.19451204355927,89.07444513995304,96.27891674034922,81.8722911000797,84.85323199911687,59.997789335724136,87.0783759560435,73.5987965937502,94.40939850008196,85.79769625168899,70.52949837393183,57.64100090318917
1652,1107.838928393988,2408.341904038244,0.46314595401748965,0.12586136511615645,0.1254697161542126,49,0.0,0.016768716410189902,2.3394454232695843,-0.9227822950650657,1107.838928393988,2408.341904038244,1344.2470315690957,0.0,0.0,129.62171032438067,16.49465429584137,78.02289741063925,103.6683303115623,105.88432805987979,108.10081459922861,109.93382980563493,113.56748153088637,99.89798687257209,113.60954180724022,94.78557439871705,112.13450795423202,105.02134827967184,110.60244399105615,89.0179465477751
1653,1263.170508486058,2408.6875576837724,0.6519527330049939,-0.07529968723349457,0.4906924350549051,49,0.0,0.019377441071355295,2.3029611708996596,-0.9057165389985328,1263.170508486058,2408.6875576837724,1099.7594756886172,0.0,0.0,129.5542128903274,16.494856148391776,92.97075952008791,103.13297491758075,91.37750134690926,76.67776942265209,73.81903269291993,88.93399928867231,85.78673310813068,85.79899810817878,88.22501476852428,76.15585515829315,82.18992771121754,88.9197119883998,65.77119765705072
1654,395.3710888184525,2410.9463605238416,0.6427672092247749,-0.19725367747815967,0.3840094959086182,49,0.0,0.1159726443885191,13.647098643641609,-2.8376008267956374,395.3710888184525,2410.9463605238416,3820.904390278288,596.5340681342675,4099.883763105397,129.93129737668124,16.495196792862078,247.22381947909594,268.72584213230016,273.67863992815603,277.3325352448794,307.7557446883231,313.1846067985364,292.87118897311484,318.37047105737236,300.20145340240185,283.9367140940857,375.9978217873372,327.7376642113102,233.88788848137443
1655,1236.6934913276557,2412.0826796313595,0.6829802474147993,-0.25232478143837606,0.20374100710234813,49,0.0,0.08202654881330766,10.817310898039967,-2.5852982796317017,1236.6934913276557,2412.0826796313595,2070.4718660409735,0.0,0.0,129.565719346963,16.496262400115427,155.49963375299876,168.08554816223642,159.2429710164696,158.1565799881102,163.47565356364117,162.5634997857828,184.8722364135882,157.80586919150767,157.8891779539117,152.55446428363285,147.3292520619392,166.0505391262826,136.94644074087242
1656,1052.5764972782763,2415.4675991387053,0.6717866554333184,0.05101676842047787,0.4536875521882783,49,0.0,0.015215538569818079,1.6373080912734124,-0.5353260200790643,1052.5764972782763,2415.4675991387053,1049.7467200446765,0.0,0.0,129.6457274216989,16.497597409688808,86.22486399948357,83.33952982495435,75.22327678147587,66.3992934901421,96.53389822726096,82.87639583300793,67.17853968081307,90.10692342240324,83.81673040557044,88.49303712954847,85.98667299894146,78.63666675907209,64.93089149200301
1657,1449.165118248148,2416.8218492127135,0.6938079445508868,-0.0008895655087298562,0.3212670670386123,49,0.0,0.05124675034230016,6.5649353736869624,-2.043076137949014,1449.165118248148,2416.8218492127135,1599.0735753523015,0.0,0.0,129.47339163557493,16.498286089885564,115.45330555407757,137.1365088319917,127.98195468654026,130.81372060248057,109.95028842502475,136.21106743743692,129.6341811593018,131.6394571092175,119.2378263685085,126.60829121668155,109.60546322830352,133.75637689559593,91.04513383714097
1658,1616.4919426195725,2417.4900340876757,0.6577796054510489,-0.49195824955671374,0.34160747489134774,49,0.0,0.01062980212121426,1.1174739690615367,-0.12059353817972206,1616.4919426195725,2417.4900340876757,960.857547532569,0.0,0.0,129.40067968900203,16.498574652161423,69.36268694019174,79.22166791290644,77.4978255566036,68.14119415421429,86.23021725052988,101.25529317753032,69.77064391267169,66.01397310459824,73.49008932390599,67.91498058831363,64.44032139813847,76.29666741901212,61.221986793952695
1659,1486.605634201949,2419.404663691596,0.3357946102472941,-0.38732547725638106,-0.19667294870852367,49,0.0,0.008930815138566167,1.1706877259839694,-0.17110266259943363,1486.605634201949,2419.404663691596,1043.127599938024,7.503932015851321,0.0,129.4571221246746,16.499366679980287,92.23764597954867,69.82710409966828,84.80132016950392,67.76648077845633,67.18908876051722,97.43198141903562,75.48009539366893,87.64267205798635,82.8858975984387,84.85947901474978,94.2872004593574,73.76526169464643,64.95337251244659
1660,2706.209176695797,2419.0371527233906,0.998491391798865,-0.042367452848297606,-0.186600638549386,49,0.0,0.015274000423986866,1.47223222909076,-0.4199408019360479,2706.209176695797,2419.0371527233906,990.0285843897236,0.0,462.69323002819374,128.92715147817316,16.498670780722733,105.88205657710786,70.60714401054734,53.17719906163222,52.96694142018637,58.360785763352034,32.408543017174864,82.61432948047032,97.33256031905174,62.29976739304435,146.59692016009626,106.62340872341528,62.525146679331385,58.63378178431361
1661,1114.2904411728955,2420.1753416441356,0.5830304181770632,0.025292640411442746,0.2931563990402369,49,0.0,0.5491898901656711,79.74902678446664,-4.754313479645466,1114.2904411728955,2420.1753416441356,11524.964834940853,0.0,0.0,129.61891218158183,16.499587521765406,799.3562550548979,917.3857401638757,920.2429524287943,958.8536347227948,893.8013821901827,878.7623403966155,885.3448000200173,935.0093381661868,928.5648985758157,896.4972084260402,863.5595394901628,976.456177572263,671.1305677332082
1662,1360.48580003503,2419.7841399656136,0.6858505189959119,-0.1555380865233373,0.19704841461315295,49,0.0,0.04476285947601446,5.678060137649871,-1.8854999698190773,1360.48580003503,2419.7841399656136,1595.524094921731,0.0,0.0,129.5119278489897,16.499504759724964,105.24309850269617,140.30289381910248,113.90302476350479,121.00448390438503,130.65873348290106,120.74771432025018,119.419448721956,113.41810488398507,139.6925074624299,136.53857103295488,141.92253057877846,108.91466637477737,103.75831707400948
1663,813.9634573331248,2423.354249911135,0.5310109669076685,-0.12990202387607738,0.44307727603136093,49,0.0,0.08072562696066791,11.996485285731952,-2.6976350641618447,813.9634573331248,2423.354249911135,2473.3176663370386,0.0,0.0,129.74941956181118,16.500740471414023,185.86265842309743,180.5752591488735,208.33991617962783,188.54859162746624,201.95809909001883,181.15573104259786,190.0455827750864,207.20837175526245,170.0121285384096,190.17545585776267,216.30689470046855,196.70725947144555,156.42171772692174
1664,1809.6016714263815,2424.330522861387,0.4437223461228661,-0.3277624196773565,0.12829788719057209,49,0.0,0.15736869241509976,26.460386834921856,-3.5564904725542466,1809.6016714263815,2424.330522861387,4479.389086655723,0.0,0.0,129.31676239356653,16.501405246003536,317.5740055101163,311.4508812399178,349.44978093014754,340.23648670937746,370.79678538871013,338.71532660386333,377.283157436903,348.3719148942646,367.09516554642397,335.0397213810651,359.20802574112986,383.7311108450483,280.436724428756
1665,2717.519957419174,2423.905476125501,0.7269865724487149,-0.5903938058451247,-0.5972438787381271,49,0.0,0.012172923271620383,1.5456147336520858,-0.47275312256418983,2717.519957419174,2423.905476125501,2524.360291184868,0.0,333.1392224849437,128.92223171086462,16.50068782346467,324.91830922607545,88.64386406323221,46.73308817735001,105.80288371167495,52.436960748483415,81.7114648904921,1448.934545989615,64.34380853880201,28.685832757423974,65.25410498800287,84.46609363429876,103.49208533063636,28.93724912878075
1666,2116.2976646566317,2424.890830805105,0.39353706579457104,0.21150967429565948,0.1611763986802154,49,0.0,0.013536480249265695,2.193813214233205,-0.8529991202194722,2116.2976646566317,2424.890830805105,988.9455205050627,0.0,0.0,129.1834861671114,16.50153891963792,78.27176159020519,85.45248303645593,64.45496452725853,79.72595741487682,93.679978468993,68.16665577181986,71.45685582265273,77.14359001004603,77.29616450481917,76.60675716590366,79.58291639632921,82.50752279577644,54.59991299992627
1667,1520.208003592936,2429.258367643506,0.7466261707008527,-0.08920128866153809,0.6429488821293464,49,0.0,0.019557468468669584,1.795256547376994,-0.6353162982313623,1520.208003592936,2429.258367643506,2021.8855057311216,0.0,0.0,129.44252085021645,16.503475169933864,159.02663996373207,141.95994550797656,155.84454545254403,147.74215387465375,184.52254781346292,154.6141361424583,161.6355140673146,137.69990731632996,148.87021452850104,169.21592468046384,161.81126642824762,174.535451968706,124.40725798673098
1668,2267.432676292839,2428.2062896312964,0.5464777206512393,0.10895178606026212,-0.07257204843289565,49,0.0,0.012772948302850943,1.4817935547248122,-0.4269692535597364,2267.432676292839,2428.2062896312964,1071.112715526719,0.0,0.0,129.11780854452374,16.50284007042589,85.34687209128728,89.8326018279264,73.41485974177996,69.72928639031392,77.65780346061811,84.32345523103922,78.95312123920814,72.8355370875489,92.65189045485627,94.68075500378103,96.14334395670713,93.84115531898189,61.70203372267089
1669,2292.075558362711,2427.670593361766,0.45347100238935834,-0.07862970232905392,0.3649681926769451,49,0.0,0.02565424439163943,3.830600497453042,-1.4581671518196146,2292.075558362711,2427.670593361766,1396.9012387318849,0.0,0.0,129.10710033298466,16.502601849044083,102.10862762010505,117.14642001189475,102.07778226738313,120.66095173490467,124.14514574047396,127.90238870604992,102.2410622188982,97.59367081163109,105.26831137759413,109.36612688128102,93.06382109791292,114.24207862344736,81.0848516403087
1670,2333.3129818911316,2431.920341073782,0.4777876251166037,-0.16293470150345385,0.6433196312232337,49,0.0,0.010495112755104802,1.298492779178522,-0.28359884723205203,2333.3129818911316,2431.920341073782,1033.0807464402064,0.0,0.0,129.08917784363427,16.50434612262412,70.49659867956576,90.93351687071257,91.90628003630962,71.83865224310773,82.43664322339818,70.03083499379287,73.61690990447066,78.59755904832674,80.35907459537337,68.95204016796902,80.44052762363012,92.07918640881742,81.39292264473232
1671,1518.6182329881779,2432.927254227755,0.7514244602732366,-0.2542574169074473,0.16090411167584714,49,0.0,0.05042595623473887,5.58909665317761,-1.8683540500188036,1518.6182329881779,2432.927254227755,2018.493733807064,0.0,0.0,129.44321197935184,16.505003700886874,163.2623924004295,146.88632996152472,153.27350930364162,144.28307466782059,172.90249570422154,157.06000410802142,151.04120016208802,134.14627961262045,159.4830921515762,176.36187169851667,156.7152041854322,174.3396504114815,128.7386294396897
1672,1265.2591910179997,2435.894506792463,0.5220318819393494,0.50855767512224,0.4523784136237629,49,0.0,0.011299275855366381,1.3889660759735336,-0.35672909671010083,1265.2591910179997,2435.894506792463,1023.0932753168457,0.0,0.0,129.55331363928815,16.50619256596521,67.76429474647426,74.29185030719768,83.47267029872137,72.94473342885647,82.31938753096838,79.33799441866194,88.65038170560608,88.4176335830429,77.20207902716234,67.57977872755681,90.5240506824149,94.88962347043359,55.698797389749075
1673,1789.4695418766587,2435.9741686448033,0.732218262897015,0.056738718944254064,0.029506425676078987,49,0.0,0.040079572824538244,4.823959759388371,-1.7085091908503087,1789.4695418766587,2435.9741686448033,1385.6828993012964,0.0,0.0,129.32550892230637,16.50626018020129,96.58948840931915,104.73166611334986,91.86099223298106,88.11538293356746,110.69148885286417,116.00764340966964,120.75490455215736,112.11717291260932,103.62725590840444,114.60998530997927,112.06772567319575,120.25059516756968,94.25859782562908
1674,2546.820454055771,2436.4224230693594,0.607182326066565,-0.5334159148334939,0.266994693920843,49,0.0,0.016838572121325147,1.4516697329211807,-0.4046695548826824,2546.820454055771,2436.4224230693594,1416.9723371779314,0.0,1.0008722447441998,128.99639496935717,16.506060951395657,111.32057911173729,117.67591385926603,123.49288396635572,90.084100096836,121.14003127410787,103.8617056772398,132.0703095033561,98.18299047029613,112.45026106354453,100.36777753556373,112.56459065706517,113.19311374520302,80.56808021736006
1675,421.5506373090011,2440.0167179062814,0.5390054998751018,-0.524474314182984,0.3083630417400407,49,0.0,0.020761453093670987,2.2448670616468562,-0.8779765692474074,421.5506373090011,2440.0167179062814,1555.7622918699426,11.353703831771913,1351.0574850483408,129.91995354275002,16.507336521448085,142.1695944453674,127.25752470583122,128.53713796277492,142.40574526384592,123.4818946496011,116.46285983812207,133.93688202139495,109.86685796331436,129.70955884234243,108.85581111538816,154.12162870547496,96.52988386783878,42.42691248864634
1676,1638.9162662358237,2440.7245669617796,0.8244828372481793,-0.002560647718790582,0.48636800833467375,49,0.0,0.01709660551312333,1.4807049772876315,-0.42617134059832723,1638.9162662358237,2440.7245669617796,1191.042907088523,0.0,0.0,129.39093435454794,16.50825480811615,92.40071548525216,94.3136722619139,98.0035664338238,118.59821570368632,87.62021115506275,92.49903714173622,89.26273409199297,73.28180723363026,79.72311313053872,96.6703949032649,104.06868036504672,94.08625040702337,70.51450877555101
1677,2499.737581027874,2440.90570926525,0.3494896719011559,-0.6143127073009674,0.06793336581473469,49,0.0,0.009050151334080183,1.0781763398498296,-0.08172449294457287,2499.737581027874,2440.90570926525,1370.227457114914,0.0,0.0,129.01685100451297,16.507967882636567,127.22545223875169,107.07501533748817,99.2662140886006,112.03262955878232,112.18325717166672,128.6544736788635,116.55021141735236,90.00792746720353,96.382152775848,101.3471442022111,101.02772850726834,98.41968387975419,80.0555667911234
1678,2230.495594600313,2446.8267765930286,0.6191736667723391,0.4020231592310004,0.07154760777146857,49,0.0,0.012757630434144946,1.3577130221275298,-0.3320199585923294,2230.495594600313,2446.8267765930286,1063.0271272133764,0.0,0.0,129.13384881148352,16.510619732098974,77.43303220554229,85.25350709854489,76.40023491039724,75.85105149527689,85.98336262768899,96.73650647949164,75.79453806986757,96.11393432105282,77.0275123401151,61.073128911314605,99.25486312018649,99.27060396611793,56.83485166778005
1679,2355.8783870540587,2447.379943210631,0.7497577501865766,0.06023916725825755,-0.12222950832719154,49,0.0,0.012939886993963888,1.237084019233931,-0.23099799169714325,2355.8783870540587,2447.379943210631,1020.2378723004081,0.0,0.0,129.07936132258183,16.510772204434144,76.7671547181717,87.0088211361338,64.92910807671936,85.49733046838185,85.34619180866656,78.39166696615202,84.96420518889713,79.16143376221893,85.34130745860038,79.64257179102486,81.87384782018022,85.614006608842,45.70022649641932
1680,2445.7136477851254,2447.846339101691,0.4497180710563509,0.19584506002545204,0.30356660062579993,49,0.0,0.014799166807949377,1.6924737170001949,-0.5713048327571896,2445.7136477851254,2447.846339101691,1287.2500206749799,0.0,0.0,129.04032191983808,16.51090195558539,93.08336235547611,87.5500160261401,109.76143877657016,107.55744802315212,105.13145675073042,103.51856634203611,90.84821325700214,98.58068178600688,113.68660979086891,93.98891128060207,112.75706985789904,88.12432039324281,82.66192603525302
1681,2399.089156748765,2448.815867431579,0.720182730767727,-0.16967142090951148,0.17842820965919712,49,0.0,0.027685809403789417,2.8244560386967485,-1.1273370488492147,2399.089156748765,2448.815867431579,1479.698254107923,0.0,0.0,129.06058244762858,16.511340319375943,117.22845072881559,115.50877273974677,114.19116538143004,100.88455901837824,114.65526693210745,133.7891151708557,123.89742493536207,122.66138469390216,106.44929109420139,104.13405572270665,114.61063599418009,108.57422583666255,103.11390585957443
1682,1504.4376636977202,2452.0808734711172,0.69542933236177,-0.2914724003100432,-0.023352682257411005,49,0.0,0.015461576585876376,1.6514397100074907,-0.5446568082399351,1504.4376636977202,2452.0808734711172,1114.1964345630818,0.0,0.0,129.4493760481236,16.51298294149235,74.68451189690799,85.74660652526757,68.3251839412267,83.07076909354805,113.01120800479771,81.47430547813404,106.03070557540198,94.41062810286022,93.02261977344301,77.46890772332962,90.27722641625351,84.62616690295944,62.04759512895191
1683,1825.0888691614239,2456.1110532060125,0.5805294183584796,0.5112347105296801,0.7947707128917878,49,0.0,0.012189698505361009,1.4025470497511552,-0.36729359746678675,1825.0888691614239,2456.1110532060125,1073.3368243945329,0.0,0.0,129.3100257875671,16.51464360623016,77.14109534616091,85.86396306414026,94.83613114995637,94.37017691141509,84.4268543475093,75.50597094293327,74.19908909057384,80.90102968683176,73.77417093738828,86.8269683210876,84.3051996575345,80.06013727101353,81.12603766798813
1684,1999.386712601582,2456.1973347621188,0.7852987128830841,-0.15085808284402474,0.19622425081297384,49,0.0,0.04959295827297085,5.5385898779362,-1.8584980191388047,1999.386712601582,2456.1973347621188,1625.107601951595,0.0,0.0,129.2342786831801,16.514630743083558,115.8274462629493,137.36339320442562,125.52511539164931,143.23807644312626,125.13292844123056,131.50277921786926,120.15094463122432,122.53200516847258,123.65639512288251,126.53606785318887,135.10911565643892,113.01268783408833,105.5206467240491
1685,1673.2364824853078,2459.7067447564987,0.6195532010989518,-0.18916806135381578,0.3256362137767298,49,0.0,0.07834354452381964,10.969169478501236,-2.600434366439427,1673.2364824853078,2459.7067447564987,2126.9423720085456,0.0,0.0,129.37601846902635,16.516162032831836,152.94499805739167,162.0316288533844,197.49186466426676,173.41806018918138,159.6365176839761,192.32712040377714,159.31668509856075,147.9119418902429,172.17894230759947,163.87552555291106,162.18905249088652,166.51435149908065,117.10568331728683
1686,1651.1231619541102,2460.4962536485336,0.24460503961914992,-0.10750460976488428,0.1540779776961534,49,0.0,0.014655021938838001,1.8205433974703864,-0.6505025898794905,1651.1231619541102,2460.4962536485336,1623.6314728186394,0.0,0.0,129.38562865598357,16.516492207424132,128.01307345613543,124.31813965529544,119.44735687172044,134.23315366662862,131.08142674957523,135.81413603921635,125.15820567394573,113.80448615974316,106.06303470846777,123.37035442890378,144.9034086275219,138.23738912397073,99.18730765751467
1687,1716.4834909276728,2461.1305579713817,0.5425276542409437,-0.06987032301006013,0.18147451850545937,49,0.0,0.0454415960217536,6.597433520566042,-2.0484375567994526,1716.4834909276728,2461.1305579713817,1680.4484704164777,0.0,0.0,129.35722361427986,16.516751598541635,116.46303061395562,138.55680085798096,146.50232625521448,138.11433795683462,123.73020210090823,138.08829263369182,132.57251700917055,117.10690914050244,135.7917687886295,125.81994597030669,134.62568715464553,140.99780766634495,92.07884426829251
1688,837.1543274302542,2462.128014642502,0.610328701761656,-0.12888099277969098,0.45615180022545637,49,0.0,0.15786726595573455,21.25838085622173,-3.318825458560073,837.1543274302542,2462.128014642502,4464.527861697488,0.0,0.0,129.739369313973,16.516911460785078,332.966888571072,326.2722685816775,356.62522639374424,374.1776602641986,325.68485635737505,363.6867150652451,351.51594503638154,336.66670788479763,379.5654260222189,375.3777828357646,351.38417198995586,316.18401456268805,274.4201981323688
1689,2366.5391196037162,2461.7558611634936,0.781839982339033,-0.3847661740990759,0.2922303381346189,49,0.0,0.012926738814163131,1.1345520657584673,-0.13706107724421054,2366.5391196037162,2461.7558611634936,1077.652606169727,0.0,0.0,129.07471844892785,16.516754555004326,78.50675337055702,87.75286480336506,87.71358390147913,93.38502318957615,85.89521591836841,89.4861882289772,93.28869024915755,78.6723138791748,77.90251528761416,91.65571302865834,70.72669599541229,84.80356909424891,57.863479223138
1690,1432.2580188340894,2463.0029854894537,0.5413121062807382,-0.24373675059717778,0.2272458951714008,49,0.0,0.023523909298997083,3.1199332312449166,-1.2353632497799407,1432.2580188340894,2463.0029854894537,1248.1048852887275,0.0,0.0,129.48074574116254,16.51752507276968,105.77693133214042,89.48298197128727,96.2557056468739,88.30378113701539,102.48956897873285,99.65529223966803,88.77019374618936,97.55564013011656,88.09209194307415,102.04023153151574,113.33285269505777,95.19342131878992,81.1561926182661
1691,1752.8393543224458,2462.3990755866175,0.25762236039992115,0.1438101558795972,0.5381207222955389,49,0.0,0.008893376110245195,1.04828922324841,-0.05120280283010392,1752.8393543224458,2462.3990755866175,1129.6816752146215,0.0,0.0,129.3414235149626,16.517275744078955,89.69174036261222,81.51592543102444,103.00531024553669,82.6559088478093,91.6713056826689,96.31707020541164,82.61072636290828,82.03796292363401,103.39939440511645,71.2379207193941,80.15736990020852,88.37996688014303,77.00107324815382
1692,1011.5927696172413,2463.3415085515376,0.4280885271828556,0.04020281579916269,0.204959060251129,49,0.0,0.011210421721283195,1.472596607864068,-0.42020948935412816,1011.5927696172413,2463.3415085515376,1197.5305881453764,0.0,0.0,129.66356240190535,16.517523026187565,90.30356784641519,96.41466634881093,106.43425421254591,102.50944176972004,80.23817024161288,100.02812693095079,78.2898388267943,82.06091384038967,87.23279078159598,92.10076050055284,102.07257409264622,100.24477702204052,79.60070573130113
1693,1876.6350864821359,2465.350142512171,0.7241550477058791,-0.6089472965861428,0.08507716026357855,49,0.0,0.01134576304480675,1.054363267009182,-0.05747566779027384,1876.6350864821359,2465.350142512171,1000.0816455496008,0.0,0.0,129.28762223288211,16.518481474227894,73.63684981718262,76.98376164144035,60.974621067436765,68.96543038235907,80.0754161053884,84.5728779550221,80.88662720993209,82.85496634551342,85.16193109318452,87.4189995725556,77.5913998294388,78.40318760979633,62.55557692035073
1694,2406.403111510095,2465.057133756188,0.44243224652002605,-0.5073213017432001,0.20964627417364157,49,0.0,0.028470223800112604,4.120805671485798,-1.5374553364865937,2406.403111510095,2465.057133756188,1679.9232660132907,0.0,0.0,129.05739206104474,16.518101855268426,118.49412118968502,145.1815001345252,138.1185599577983,127.05488231372004,135.99216556437307,140.41765723625633,133.65694768546746,131.5071118137116,140.67205504187638,123.63946126257429,118.38460498345393,134.31630069116693,92.48789813868225
1695,844.7266944564889,2466.445849709229,0.39160128138192063,-0.6156033330731344,-0.48327780495401257,49,0.0,0.017687739270080955,1.6634635015013257,-0.5525331908442834,844.7266944564889,2466.445849709229,2902.384817312124,0.0,0.0,129.7360815257042,16.51871562593735,216.4656534499302,214.50143392840306,248.132176861825,246.2712295721679,197.87115392429155,236.75436249054235,223.2050373393543,223.01265366344586,266.7067111580534,259.0525941931539,217.14803324713324,180.68387652956181,172.5799009542613
1696,444.9904265630067,2470.7686949053723,0.44599880771857875,-0.6772666264694691,0.49484343800136454,49,0.0,3.5680424950810403,426.9658485749244,-6.575982846996908,444.9904265630067,2470.7686949053723,193722.41789291828,0.0,148492.86457534108,129.90980066292485,16.52017342506243,14930.411930161143,15900.24004898038,16771.471994970743,17051.481546726965,17904.126001157918,18053.216165736983,15727.850184660363,14343.314349941258,13904.242622998483,13076.442258096391,14708.073334851488,12525.942464084826,8825.604990551345
1697,1588.0571091436725,2470.982362903181,0.4691323517816549,-0.09600741036391645,0.11666628742398537,49,0.0,0.018653807133121623,2.251942126236492,-0.8813930629403846,1588.0571091436725,2470.982362903181,1353.4753894782334,0.0,0.0,129.41303668981135,16.52086232831265,95.28473343184979,99.70426609400852,109.70288594289056,96.81299464959827,93.57591713666109,114.31282022447868,109.23397468022614,120.25307356656279,128.1148764503118,105.63388126904809,100.29005888086361,92.69547220157949,87.86043495015446
1698,434.9401818716423,2473.4593651014584,0.8022619830454315,0.6798911512997201,0.4369404015230448,49,0.0,0.12407107663635775,6.969554617514468,-2.108012564564946,434.9401818716423,2473.4593651014584,50804.58208167459,0.0,20000.9755520439,129.91417103815513,16.52128396783435,3470.9481607478756,4282.691698142316,4842.10393659152,5240.5677560506565,4660.964358606223,5064.837324683365,3762.6925612481746,3467.3114723711096,3248.46669741728,2805.211131173335,4187.238606290515,3279.6505527933978,2491.8978255588336
1699,2684.8844455679146,2471.17845182091,0.42999506924788833,-0.5963372780914945,0.17603797849203007,49,0.0,0.009115326163546093,1.695348545124467,-0.5731474947888283,2684.8844455679146,2471.17845182091,1151.2029590088764,0.0,213.24311619111967,128.9363656949893,16.520415725263025,152.7470966893965,70.10175140463402,160.36120360429106,263.5452707153604,72.73486003966109,85.7294409313069,53.89044849838506,62.42389517352795,29.649949587762073,81.55213136177395,31.377286566482546,58.87980094948891,28.209823486805917
1700,486.5365927896873,2473.1254206106482,0.5317816141115158,-0.043965647881145126,0.4559644560543087,49,0.0,0.10809922431971308,14.083425003960835,-2.871770713619519,486.5365927896873,2473.1254206106482,4253.038090534469,0.0,3648.552170290763,129.8917484430933,16.521197684087632,314.26372806398524,330.6019344155038,313.2346042198995,334.443252277017,335.65782621647065,343.991671434914,317.0459120645998,341.6164333482858,376.22613248306595,322.0207508228068,346.7635822281065,344.84231757385334,232.32994538596097
1701,1640.5098252983983,2473.125145267984,0.576099222918264,-0.22842091382738994,0.22904595812874687,49,0.0,0.8747386513256977,127.1178819840411,-5.260516620301906,1640.5098252983983,2473.125145267984,18203.200422685357,0.0,0.0,129.39024064850233,16.521754468637827,1254.736819944383,1356.0569858154938,1442.0530038688444,1386.9965170056657,1444.1014859741726,1431.3712769099357,1467.248874379108,1472.1454639582835,1483.8785232782711,1453.9847729106273,1447.1464650522234,1506.6706926637362,1056.8095409246105
1702,2060.8828252731623,2474.9165531958006,0.5775493595372244,0.015989683749601923,0.2772330615003451,49,0.0,0.26069412314752793,38.10923417121228,-3.9525755536046225,2060.8828252731623,2474.9165531958006,5769.372674305133,0.0,0.0,129.20754567021504,16.522406326190193,418.930393029739,467.28698557237726,445.4633709396574,438.4066197492817,468.33270742221737,471.71577107350515,432.1123690011576,478.50954518545615,433.4499288918346,492.8164365845804,467.29461425114516,419.39791884310614,335.65601376107566
1703,1980.857123061818,2476.785381588268,0.6623720847172101,-0.20542313231167045,0.5812973720633269,49,0.0,0.024885276790977122,2.5774039897830723,-1.027956241160442,1980.857123061818,2476.785381588268,1379.9089256592213,0.0,0.0,129.2423241419183,16.523215205809247,90.6698136516448,111.23625438871629,101.89619405302261,107.58956405043556,113.42913383653116,115.30472289474329,106.27568052598943,117.59599008876012,109.24360200233428,98.97184788937952,97.94855059180456,118.14943232653275,91.59813935932686
1704,421.4546369822082,2478.9584648467808,0.891335852479767,-0.6101361673061005,0.102756018582949,49,0.0,0.034958737652431245,3.5326413912982817,-1.3702488829410964,421.4546369822082,2478.9584648467808,14251.491705297562,0.0,1184.6278348235987,129.92003737423363,16.52356086789245,986.0262090206693,1483.2452241126714,1264.232335389091,1128.9541968672202,1751.1082532935932,1063.3873659551673,879.7128976219653,1054.8320067346613,1189.4201801721292,755.3056233413633,802.1025221612924,852.4887199178435,1040.6761707098954
1705,438.3675236610119,2478.001069779248,0.49828918726349875,0.637643643255882,0.8859246070974829,49,0.0,0.1771817685683052,10.703209030657911,-2.5737850178957924,438.3675236610119,2478.001069779248,74108.20455224864,0.0,33668.92140595146,129.91268646463863,16.523179779589753,5524.672640203369,6211.054970097773,6938.0769193709175,7163.952573102504,6669.62596093323,7100.606765768729,6161.648949945838,5210.783760592266,4492.090437204856,4308.700988297941,6180.2291410916,4577.296215667919,3569.4652299717377
1706,1219.6009403248138,2481.0943672028848,0.7567521155760814,-0.1945125385940306,0.23216083143906496,49,0.0,0.011189915056645731,1.0781274190933816,-0.0816752280520654,1219.6009403248138,2481.0943672028848,950.7659469374175,0.0,0.0,129.57317090339484,16.525010350338224,73.72509984169047,71.1089853190859,66.86123970506578,72.27653940648122,65.39855027690342,84.96532697444133,75.46327935524656,78.39048224097019,78.15208568461783,73.44435117516076,81.1380481992795,81.60077108689447,48.24118767158022
1707,409.91719703646646,2482.014946479897,0.8642110327637517,-0.39821358376180443,-0.8199609098394443,49,0.0,0.03229699877296396,3.989150802110953,-1.5022011357023513,409.91719703646646,2482.014946479897,1722.4972589841423,0.0,322.9937526607295,129.92505456613821,16.524822011606222,230.71588076199498,102.01614043723251,88.02390863038097,103.09422488610043,303.7363475701984,219.91324714414662,68.89565255750011,78.99594943294471,55.41744734270509,199.5314155928492,133.49594656465032,79.27191447763455,59.389183585804375
1708,1247.9275925743884,2481.7799199121478,0.5348534837966705,-0.12904254189207714,0.31766882083743264,49,0.0,0.037766052914710364,5.528297913222936,-1.8564785964899857,1247.9275925743884,2481.7799199121478,1507.9448811184343,0.0,0.0,129.5608601877139,16.525305323188427,129.25135647290313,125.27603870960053,121.79184763277954,104.0122523441128,125.7399106163524,112.1461327121376,111.20909602542727,115.68883428762351,103.87551716431997,136.80195567667704,119.05606165648868,124.39664528296177,78.69923253705011
1709,2671.545183957024,2483.7944572081924,0.8464705367557132,-0.2034993130958354,-0.055688364206060756,49,0.0,0.012752523992303172,1.2749858823855889,-0.26376343989359974,2671.545183957024,2483.7944572081924,1000.0369162220654,0.0,392.1700870962534,128.94215016074585,16.525684926228386,81.54920496148384,133.12657147862654,103.72636252334456,146.4740980833775,44.615102982573354,111.70436103664463,46.25120688641189,52.97504397516322,47.24169917138575,104.74520930927811,48.42227967396764,49.008460438245194,30.197315701563227
1710,918.2113442182069,2483.6244434295318,0.5283724495896565,-0.0910357264433025,0.43947067165290915,49,0.0,0.04576337199159287,6.452035035005968,-2.0242417924325977,918.2113442182069,2483.6244434295318,1861.1698302972359,0.0,0.0,129.7041570880302,16.525920466704545,153.59139386214594,131.22448976700693,145.99818737117195,146.51696032328528,154.63749672102426,123.44109092145902,144.11368840294415,125.25175628339773,172.84134316366914,141.4620851462226,161.85271304107158,136.73877498144824,123.49985031238919
1711,1097.8115378884381,2483.498993049637,0.22281555324615504,0.240145062176662,0.018526737456507677,49,0.0,0.008792084411758017,1.2861770260500984,-0.27325186965399945,1097.8115378884381,2483.498993049637,1095.1598101299783,0.0,0.0,129.6261022479337,16.525963860949194,74.8068895022784,89.32755406481232,90.80311850568825,96.40650884822699,77.22419084906574,92.1334939368626,70.66578873992957,84.08341183388109,63.89907885823991,85.85751449070291,95.80337032936752,99.50160825330038,74.64728191762276
1712,2020.8969893320616,2483.48770117054,0.3822775728771771,0.23924895880333982,0.13651682240810525,49,0.0,0.0072930366196732625,1.0483640759088397,-0.05128032660908847,2020.8969893320616,2483.48770117054,894.4076092060286,0.0,0.0,129.22492016881358,16.525993301152567,78.11206527394266,74.84640433510981,52.391431165147324,69.58288649547129,74.39429338850513,63.46957426770323,64.4495351341404,66.48779637186271,74.72646708415957,73.11724548868806,71.5185164957075,74.0925204029457,57.21887330264515
1713,452.9294469545004,2486.354278421328,0.4211285245044093,-0.5431340890478973,-0.7302534790755124,49,0.0,0.03029718771169367,2.322579857416169,-0.9149266382454082,452.9294469545004,2486.354278421328,10059.827286092523,2.861033970810968,3805.4496531968166,129.90636703484557,16.52667512348208,616.541666957803,780.8114853073039,1060.1389255431288,873.8130774510287,897.0072985237563,1110.4288911829908,934.572636753732,720.4034887491755,646.5392474988898,614.1608816953058,620.4215615796363,802.2330281622471,382.75509668752494
1714,421.325899893718,2484.6390203301653,0.9367455075745122,-0.36979045322475723,0.603319754427377,49,0.0,0.048646397036329315,4.555226933897845,-1.6462750442081067,421.325899893718,2484.6390203301653,9441.505440750923,0.0,826.3187598118232,129.92009946468156,16.525927438019473,492.07346869404114,894.8761820885869,767.3657311095436,769.8619328681715,1138.1617176158481,930.1761581402036,603.5681659444917,870.6934883375179,695.7010601399156,507.1650514943864,666.5720660603931,283.22389841112835,822.0665198466943
1715,1864.3128855309023,2487.491816590711,0.6251722911828036,-0.024896748788629377,0.06686153843421601,49,0.0,0.015238456954197885,1.6246732257797978,-0.5269150586538893,1864.3128855309023,2487.491816590711,1280.9816586175161,0.0,0.0,129.29297201946417,16.52770976828441,87.91687035895659,105.52771246064373,101.51639404963002,83.5821080973223,101.42766223441302,90.28562916236729,118.54010568535831,118.63501544882797,109.30554493996303,85.59695345466807,105.11874993549335,89.22762044092897,84.30129234894335
1716,2693.4691853007166,2486.6549920015686,0.863142347736023,-0.2736771043929536,-0.015487788515941483,49,0.0,0.044019841708631546,5.699147029518136,-1.8895246531753758,2693.4691853007166,2486.6549920015686,1852.2719508632802,0.0,36.18647863271923,128.93261950039008,16.52685540106682,0.0,612.7007616575569,279.39152865738777,0.0,232.30584612132753,63.08796574365991,0.0,66.22179514400446,129.96537723575494,83.56432893488758,158.04350316445277,58.408385602320365,168.58245860192784
1717,426.0596782844107,2487.2739076987705,0.6491381342257091,-0.14172230920309764,0.27054468818469524,49,0.0,0.07515657409503612,8.261848717725462,-2.292693095925262,426.0596782844107,2487.2739076987705,13758.778436952949,0.0,1140.238099610899,129.91804510689616,16.527030226599237,1046.5765610222006,1622.9007710525907,1332.4811982758856,961.487674854402,1411.8955642899125,1253.5216678942393,1285.183030843297,986.6090250858863,939.5552555737792,667.8638815036668,631.6458669877306,762.6995550053797,856.3583845639769
1718,675.149363786783,2491.0823140374864,0.7157580398930409,-0.08333071434133313,0.616785780496008,49,0.0,0.013175059553702927,1.279509998650745,-0.26760921000873056,675.149363786783,2491.0823140374864,1191.781811688427,0.0,0.0,129.80979707704364,16.528852068321573,72.0333250094831,90.51119429951947,107.31715269107248,90.8860631285302,108.7576149085923,96.81813317437616,87.60271198533974,108.84689220912085,99.12856635249264,81.28007651063857,82.6655377543683,98.20298781327331,67.7315558516199
1719,441.5019461437551,2491.4533014091567,0.5170902625854943,-0.5749763602469448,-0.4028878838558963,49,0.0,0.12248253137080578,10.907759246641831,-2.594338859338073,441.5019461437551,2491.4533014091567,20736.491505770904,0.2534388143948352,2306.232511473669,129.91133863212093,16.528787698028886,1433.3490969832117,2017.1841623671357,2093.4905240099406,1923.3598889650789,1889.1372515909784,1991.8790768018125,2612.033793081281,1531.673626067112,1016.6344231924319,1432.323405268065,1179.4293624784073,903.8903617487261,712.106533216721
1720,1921.2346942575737,2491.774899099402,0.8790817103603514,0.23192225777347045,0.2033811614142151,49,0.0,0.018438363030616908,1.6008430948937982,-0.5108719176165138,1921.2346942575737,2491.774899099402,1065.76842040058,0.0,0.0,129.26823178702867,16.529479347944473,86.66896147248616,80.27395370360716,73.36864000799531,80.76755271641781,95.71628859950698,84.0076792100974,87.10524266515984,93.1862536800001,79.11648931005402,78.39319779954945,78.80278364013965,85.76312518699321,62.598252408573096
1721,1701.4061728133313,2492.7791511932037,0.5969259757945546,-0.10765223683165569,0.3516730890504192,49,0.0,0.01053581879458195,1.1682555851149308,-0.16884466486530955,1701.4061728133313,2492.7791511932037,928.4416469723656,0.0,0.0,129.36377314989917,16.52993944184917,61.692117699455345,84.10460056704369,61.51584021644063,77.70328571483083,57.4353554555277,76.26626033638567,88.58015122257049,69.62965256546886,78.28744151445807,67.4678753489336,83.44162330798255,69.66221672540799,52.65522629786004
1722,1851.8790228491112,2493.612914661787,0.5142313238701856,-0.6737526327747791,0.023862856598196917,49,0.0,0.01615654393378939,1.9259153428182514,-0.7115929824711111,1851.8790228491112,2493.612914661787,1244.9172610004487,0.0,0.0,129.2983745351848,16.53026299410413,84.83648471619821,128.7501809486276,89.33153403891339,79.92751276813652,97.50861744945608,95.70313222665789,97.7079801161296,107.48175985510056,97.48091527061185,100.93686065518683,87.53098173093983,114.24646116888835,63.474840055602044
1723,459.7097130831971,2494.2631997014732,0.7219340983623872,0.6173199084843322,0.06398846617974613,49,0.0,0.02162636285483995,1.959935901500647,-0.7306046706363833,459.7097130831971,2494.2631997014732,3428.5535489194253,42.581754338482774,1622.0578846026635,129.90342873302268,16.529977220641335,261.4866743384747,295.25876202561096,323.6407292180905,442.881072955892,316.98457786009465,301.1874931319903,224.78536980926265,182.01223350055477,202.32068286919366,165.59536626005183,192.60093207889713,307.6457741556803,212.1538807156316
1724,1958.927956819147,2495.7150609377795,0.6066641612492074,-0.013306239578523461,0.44014627400410955,49,0.0,0.021656288668987975,2.6860130859999196,-1.0727703104480029,1958.927956819147,2495.7150609377795,1234.8720090276897,0.0,0.0,129.25184838001547,16.531109496970185,82.47695053543961,99.85021387568317,99.64869765220821,84.79259315881923,115.3134599192557,86.7708082184493,90.41975131937991,95.18420238131574,116.2510363132138,97.86835171801775,103.98402981763763,98.1117761988462,64.20013791942338
1725,1251.2650359241454,2495.833113093025,0.4028443706731749,-0.017180697531278415,0.037001391067261614,49,0.0,0.010420528284502194,1.2798781918371085,-0.2679215976934308,1251.2650359241454,2495.833113093025,1173.9516947658526,0.0,0.0,129.55941421398038,16.531161608321238,82.21298528784467,81.83481559659648,102.57283959518668,82.95159918767489,102.94487389041637,106.2110340269358,93.40542065723838,90.13596062648716,84.44041356423136,89.43046823625984,95.98226785978142,93.16539770390763,68.66361853329182
1726,2321.9669223856117,2495.7800065728147,0.7627690972971762,-0.15410235358869412,-0.13146970108373465,49,0.0,0.018911381014465902,1.863888013607756,-0.6760495386430552,2321.9669223856117,2495.7800065728147,1130.2835101901806,0.0,0.0,129.0940660232286,16.530960276792655,99.29644301854843,80.87960200127469,98.74423772316837,81.81036530018753,86.65593419349796,81.2464493812737,106.21640676112246,92.07706834242168,79.12851513853548,91.20326313543218,74.89009922190542,92.47326513057482,65.6618608422378
1727,1135.811730606539,2498.33089835089,0.5471995981102441,-0.2763619937602301,0.05654356005192257,49,0.0,0.017776165436620174,2.3297432511966965,-0.9182701558564071,1135.811730606539,2498.33089835089,1589.4923295112399,0.0,0.0,129.6095934643151,16.532160047933644,123.65308388911839,131.7908810195649,121.7553639499777,135.34868657943537,120.84460586929333,130.46775195233576,125.51833208433922,108.02951129049414,137.344036410073,126.71707412829211,126.72935662498897,123.18394049954023,78.10970521378661
1728,1467.9473605453588,2497.6003538343057,0.5463433178079798,-0.29452904289828785,0.42635069533614023,49,0.0,0.012952258494940215,1.5525261615132215,-0.47759731794296373,1467.9473605453588,2497.6003538343057,1041.8903825633945,0.0,0.0,129.46523963338973,16.531944868390724,79.54376598061404,88.05572761969121,79.3093618362931,85.93084758896,82.87861001799298,81.58693592327646,64.72295965314012,77.38678399507702,81.05738860826762,84.46628838697262,84.61626968179004,87.02904512024978,65.30639815106953
1729,2501.6569236240844,2497.5908411626565,0.5164339846338479,-0.11024465777172109,0.2860675514585063,49,0.0,0.08710291114053753,10.555524467344506,-2.558699541909977,2501.6569236240844,2497.5908411626565,3905.0304424051765,0.0,344.011718394979,129.01597008974696,16.53158364330972,280.8109100790232,320.8984404105017,306.76221407397844,336.93080835967305,280.17768261863966,338.87549005330254,306.47871242671164,326.9334549934008,300.5416770505834,274.42321442216416,310.1425027380179,298.59706606776194,223.4582691114183
1730,444.8743183694535,2496.1495217840757,0.312465553471569,-0.013125872283774863,0.9418143376693912,49,0.0,0.03453144192287927,4.544243883526868,-1.643654078339534,444.8743183694535,2496.1495217840757,11584.514501399039,11.151282673534897,1482.1526531608233,129.90987802679248,16.530747808147773,851.7944814829611,1263.4680996962272,963.9564886097315,1133.9882164500323,1282.6705281270365,1131.0865562901522,1425.4519494834474,873.1739326256409,600.3822161479662,645.4888420634434,590.1832953071583,536.0142261453834,286.855668969859
1731,823.7341874471934,2498.7414264392414,0.6091458819709743,-0.31934013714190346,0.7431213132393897,49,0.0,0.023391995852047934,2.5566333140950714,-1.0191711091890574,823.7341874471934,2498.7414264392414,1505.078689787208,0.0,0.0,129.7452274928861,16.532156875486287,100.90938574970453,117.25823544193226,118.97861564193425,110.20342560811679,126.56324663711204,111.19410699797967,131.86984328833708,101.9230638604389,113.65402806141915,110.32559595159333,125.3349538030607,130.40715324499837,106.45703550058099
1732,1896.5769431021788,2499.8225411510653,0.43551881738352566,-0.5510462284521747,-0.010461921282960883,49,0.0,0.00890042528926585,1.1756653972950364,-0.17570934009555583,1896.5769431021788,2499.8225411510653,1040.3879962384299,0.0,0.0,129.2789462772586,16.532839219665913,80.63434298455891,99.65303074894052,81.33884366529415,71.55923415654905,77.57366635031553,88.45509047880257,81.64724232563938,75.50252031862527,70.6548086121219,87.59313810713167,82.58604140671062,75.31693835290069,67.87309873083959
1733,2075.073385345191,2498.790568250316,0.31723820627676025,-0.03946151574721531,0.22159569451929415,49,0.0,0.012763223808896825,2.2077431061244024,-0.8598713432912501,2075.073385345191,2498.790568250316,1120.531228980352,0.0,0.0,129.20136808110522,16.5323473925342,86.76180430012465,95.02937089083638,91.47230475640389,85.0698636390425,87.67555229530949,81.89401978185872,89.69060512165466,81.54103103708695,87.60097173516618,83.68897792235055,78.5182839041531,99.60739904423741,71.98104455212751
1734,1397.2173435048614,2499.7385329166636,0.5918795411949214,-0.020095639763312308,0.4232750171526784,49,0.0,0.015308772911022074,1.8805460923654167,-0.6857099562208773,1397.2173435048614,2499.7385329166636,1058.5376320408095,0.0,0.0,129.49598099145436,16.532825055860933,79.43979082672546,92.69843057758472,84.05988521821229,86.05244468128296,90.71160948928707,70.58946983279566,76.05372908459397,74.14195785153056,99.53572776816281,75.29818522476815,82.18215886524426,79.01228840262391,68.76195421799767
1735,783.6230250502755,2502.4499755860966,0.2829571560699335,-0.49318937491696385,0.4953211466965192,49,0.0,0.025185417251882072,4.11985247125938,-1.5372041614025422,783.6230250502755,2502.4499755860966,1774.1441873287627,0.0,0.0,129.76266297773185,16.53367326456621,120.816508526239,144.90399141944283,159.5824544015606,133.11077256806405,141.15933775725767,143.0738023621825,119.71107990159989,162.6028584631988,143.02701732859444,116.63604013117214,144.3475531643559,134.98839425297027,110.18437705212455
1736,1527.4798237917255,2501.7229148337974,0.5797082336011115,-0.176766307804412,0.3031163741882772,49,0.0,1.0606697306482067,152.93425945200164,-5.461261961148746,1527.4798237917255,2501.7229148337974,22117.825648659433,0.0,0.0,129.4393656489253,16.533668031682698,1537.6152393213733,1737.7273532577074,1823.8534484786358,1662.24220836827,1734.6601843585095,1837.3254010489927,1733.4225962660705,1797.8529605972765,1792.9659816550325,1637.2060446087717,1739.367999372446,1827.8799861137522,1255.706245212595
1737,2026.0196215336985,2501.8118735771895,0.6425940299338458,0.22423004703076163,0.07562204764535024,49,0.0,0.012757361492899287,1.3505612472367352,-0.3262857099865785,2026.0196215336985,2501.8118735771895,1064.488993979803,0.0,0.0,129.22268668200638,16.533626064146702,71.54507739968847,75.45368987659171,84.70762300854186,81.0724971373661,77.75766919482083,94.50535810364256,79.89849836070553,84.48813496734604,79.07256415123999,89.30937596751188,90.93537041949403,86.46070288771013,69.28243250514382
1738,585.101196960317,2502.9733533163494,0.48922933498887505,-0.26059942294618693,0.5607212774427763,49,0.0,0.16670933843879215,22.941851340819294,-3.4015711532090838,585.101196960317,2502.9733533163494,6347.092560095429,0.0,304.5049718184282,129.84894264817794,16.533727744820798,493.4515163332197,520.8142233169233,510.7546041928989,480.4010606220228,517.2462282078782,489.9200021393834,518.996824661087,472.83840607931853,534.4965534873216,438.90998783455774,518.826737603936,502.34634461395757,348.0900710029247
1739,1131.5047842349013,2503.8138557809457,0.3258496080649506,-0.06813678624119109,0.23505595937218277,49,0.0,0.025805272690265415,5.07272606915217,-1.7631035268423374,1131.5047842349013,2503.8138557809457,1651.8372063651882,0.0,0.0,129.61146770817066,16.53444269284323,116.9359887868872,136.2399801319412,131.05813321257773,140.3904109911153,124.40558223235792,128.0883070675617,133.67145871120857,117.03825514685116,148.39513781399347,114.19683280914182,122.70112085409126,144.3066544709872,94.40934413647346
1740,621.8057643145723,2505.9814558551743,0.7331296453598517,-0.1670584247841935,0.22373202339567608,49,0.0,0.015834174203832367,1.5305791383131568,-0.46213947407573225,621.8057643145723,2505.9814558551743,1244.8855978333459,0.0,0.0,129.83299337064403,16.535013947167585,86.03334733000796,113.05186362091015,91.51037336509333,95.11335141057222,98.54272243135216,111.9570586662445,79.1749056712062,101.03423161645749,99.3049716515335,98.07219168996298,99.29646354670521,94.17290886278597,77.62120797051404
1741,1348.8922545541432,2506.3175922501364,0.5883013680602259,-0.09402856207489547,0.31294485414995715,49,0.0,0.5201655527732703,75.1420005159898,-4.689706882910042,1348.8922545541432,2506.3175922501364,10788.441566186446,0.0,0.0,129.51698581784098,16.53555632194561,753.3798119027374,880.6075542779054,842.8988045948561,846.09508410261,835.4143185754664,842.5818330422303,854.6846230692896,876.5869419400647,832.2087295308431,855.8723978241308,871.6294594298346,876.727886999676,619.7541208968016
1742,1546.541712662978,2508.181364873708,0.6190589699562844,-0.5253936090441153,0.29335114136762064,49,0.0,0.010517170259745147,1.084332180312101,-0.08790586689189443,1546.541712662978,2508.181364873708,1093.0194351761052,0.0,0.0,129.43108113146127,16.5363600244317,79.53533010723223,87.08901609796183,86.85724264517822,81.77719517248923,86.20563628561793,86.04460438229523,84.22533614755889,85.88984894353831,80.57314964403487,96.48438699198657,94.7141321531879,82.65930963319805,60.96424697182586
1743,2295.889812251332,2507.878918288682,0.4041463460537113,0.043010710979069645,0.2728782833795483,49,0.0,0.014613192747233316,1.7798663287048202,-0.6259684680113299,2295.889812251332,2507.878918288682,1308.636283061102,0.0,0.0,129.10539168835012,16.53601781648189,102.812296801507,118.27820612376013,91.99643087129992,100.0882121096821,108.3992625046304,108.93497049066806,101.56689502221118,107.82993176905956,91.94282782074572,107.75524401131112,92.4841067395163,103.17345737452501,73.37444142218527
1744,974.6843165815013,2509.108325726167,0.5237412330362023,-0.30703718449073225,0.38705839033608386,49,0.0,0.03298469285789119,4.908413325423633,-1.7273528161646512,974.6843165815013,2509.108325726167,1423.6920954715827,0.0,0.0,129.67962850199527,16.536571386311422,103.06795206152196,115.75307465754756,92.5812726184453,107.32163294732527,105.11187322881798,101.025202066636,115.58964998536536,118.04910579029027,110.67475271532427,123.0618809701562,119.25648816236493,121.99517907378944,90.20403119399808
1745,1216.5460240328234,2510.8273359454233,0.43413081778531953,-0.027983775332137032,0.3485876223324509,49,0.0,0.0656331042278325,11.052504237958034,-2.6086517252581554,1216.5460240328234,2510.8273359454233,2262.0725619261084,0.0,0.0,129.57450906196783,16.537397459354423,163.7910182871123,166.42340234580195,167.59500928155123,170.0900952677324,176.20671309816453,189.620726139436,160.0588877151856,177.23181521475712,169.57600997757424,169.45421472554776,199.87645761270056,201.6574938047852,150.49071845575924
1746,2197.729957507735,2513.255470867732,0.3564027786930107,-0.14317297047614766,0.16253530984710646,49,0.0,0.024810123781306693,3.7056006813816484,-1.422146543922268,2197.729957507735,2513.255470867732,1560.7895966179647,0.0,0.0,129.14805133427456,16.538314995744802,121.43291877964363,125.83779028750027,121.0221436857172,124.58048106773458,136.04830887910296,112.59723905332154,136.88755956736688,111.47056020112333,105.35397839382608,126.05565849251477,112.0526461364981,146.68168954287978,80.76862253073537
1747,447.6391232466338,2514.5756221219417,0.8450140749909888,0.5336606838840309,0.7053543151015532,49,0.0,0.01346570139575092,1.3719576523370118,-0.34335176596292255,447.6391232466338,2514.5756221219417,1104.011397866548,41.96663837276841,497.68632393637165,129.90869595943397,16.5384275946472,31.98225371214295,86.93375807160167,47.10144628368346,51.37333339162506,82.72222660583068,119.0937606867794,52.585838397166334,93.51437569392924,126.66523336382753,159.75531010242025,108.34662967114028,49.05078657436618,94.88644531203482
1748,587.3106121995907,2516.5045423014294,0.7273625267735582,0.38705533945383547,0.6116972500870697,49,0.0,0.020132731375459765,1.822713140923962,-0.6517958116311147,587.3106121995907,2516.5045423014294,1916.9326488669026,0.0,396.37317091968464,129.8479950062135,16.53936734339334,136.36928605956035,152.46815892287646,139.05281366689348,161.94577190213136,148.74268312085934,150.4432649787223,161.36813727427693,140.9359975810967,137.82345401411132,146.37672893030887,152.6100357151846,164.05818471965472,124.73813198122609
1749,1675.7354633180094,2516.1588631665586,0.2108575754420638,-0.35431660518341235,0.6545178517112744,49,0.0,0.008111076347615764,1.1123680866222205,-0.11562130160696195,1675.7354633180094,2516.1588631665586,1131.3324895608496,0.0,0.0,129.37492854091545,16.539682598963495,84.92420080792618,74.1587645308245,88.93203351671889,104.19493558139494,91.58904916407333,93.25368879914443,82.0426988961933,74.91652007728439,94.55921485852694,87.26507319971009,97.24917695994142,98.34730834968784,59.8998248194234
1750,443.14650675161016,2518.6018856941364,0.29431978680492854,0.3464792804109227,0.14014953441615063,49,0.0,0.005474120434682177,1.221901123410557,-0.21759016023573463,443.14650675161016,2518.6018856941364,786.1065744457596,25.823902609476214,342.83390008219476,129.91065275678727,16.540100396858662,27.835689450729298,57.92364070282173,26.920951941906637,53.44870743601934,60.51161907859567,71.41145340236707,69.44836121917791,142.33250414284228,62.851744574233464,86.8126471120951,52.09277863138366,40.9741691162009,33.54230763738656
1751,917.1839801601272,2518.7648857977138,0.9254979520451675,-0.16923975078990613,0.3421009490273412,49,0.0,0.016898618951742404,1.3391621844489963,-0.31708294280238214,917.1839801601272,2518.7648857977138,1112.8265621107698,0.0,0.0,129.7046256112862,16.540560862851816,81.17887449287454,77.41263351762932,90.17453730100473,86.32437606851019,67.8734353036721,80.85063697300234,84.66562316096906,80.88545947033737,96.19575648496311,93.86371978880044,101.61954462063335,98.95038321595968,72.83158171241351
1752,476.60381113833483,2525.1126956039257,0.33396993784860696,0.5114056785483128,-0.0526248432917618,49,0.0,0.009625825555020364,2.0517773694976498,-0.7803255884141846,476.60381113833483,2525.1126956039257,1057.0306554080166,26.841022527709,543.313695813685,129.8961185451023,16.542847351097635,61.461100111221896,119.26261444528933,77.79998294632294,51.25768368038513,93.2107925434327,70.91643454260607,86.28365771367308,122.31288737098858,80.8583388820076,78.59513863440802,107.61499416890955,70.40872417122648,37.04830619754518
1753,1930.6936078350116,2524.9481039329708,0.5372176805780243,-0.04268293501067052,0.2901027018056704,49,0.0,0.2922229719354951,45.10672061415576,-4.135603134528398,1930.6936078350116,2524.9481039329708,6584.556353153721,0.0,0.0,129.26411073526396,16.543298102658667,466.2135686646666,470.7949989831095,526.2846076970154,481.65238976403344,542.2661711617574,545.2910086618926,534.8395607672451,517.9857809562554,510.9351963594419,512.9291437787042,541.8220125800957,555.283971686755,378.2579420927485
1754,2457.44546657348,2525.420381670297,0.5230953365037531,-0.07102466592462336,0.22658045410891303,49,0.0,0.016073396291967725,1.7447620290158803,-0.6043405029759056,2457.44546657348,2525.420381670297,2065.287564450424,0.0,6.120140073414228,129.03516274334342,16.543213482458317,174.6449143609076,150.7443211829194,189.58760930288915,151.08731642692,141.25784103569336,151.45064079922864,163.80412644735782,154.5779776900056,171.26482376651617,146.97768107157572,183.27645838243492,173.13485352849045,113.47900045548495
1755,2463.735279822145,2527.282293506561,0.21888716646991496,-0.15152201416093827,0.3576018588690371,49,0.0,0.02388528016746628,3.7770498764188303,-1.4428817994466627,2463.735279822145,2527.282293506561,2226.0814447151583,0.0,32.59314583350037,129.03242751642495,16.54398435869238,185.6234863630666,179.1989545214289,205.590964612192,157.52443605010245,159.035917862479,163.39712862961827,176.83224790311522,162.9198992446639,176.04571264601037,159.85471258301322,195.4378449932629,184.80902619611965,119.81111311008578
1756,1887.793666818087,2527.4606522411327,0.5064838340548677,0.07950256072568933,0.21445112517444756,49,0.0,0.00883240318417721,1.117927662018363,-0.12103425618670999,1887.793666818087,2527.4606522411327,975.7514756889882,0.0,0.0,129.28275641937947,16.544356868425382,68.23536427380573,83.47110002904098,92.60288039553271,81.23388382830704,65.06057461707212,84.24576598602164,73.99642379509436,68.39674103584335,68.43132937315255,75.97537005823966,72.40718452768495,85.7728716935284,55.92198607566469
1757,567.8409249984949,2529.5585957668263,0.46388344210084587,-0.3642060539488478,0.6128718587359493,49,0.0,1.9111652960129086,255.6969940590813,-6.019314056365923,567.8409249984949,2529.5585957668263,78619.72391420626,0.0,41870.34915654431,129.8564692093811,16.54478820228633,5925.193943402299,6256.188837308277,6094.060637724333,6124.4371263217945,6295.252286658362,6261.520481558087,6212.255306980341,6182.302874437153,6229.268679398653,5953.8650427795255,6190.813638635393,6222.786451359964,4671.7786076420725
1758,1625.2900708774757,2530.337240075044,0.3243970818175079,-0.30675486802102214,0.3351404373917162,49,0.0,0.013736920055969888,2.2208653512806933,-0.8663055713278939,1625.2900708774757,2530.337240075044,1130.3949864184576,0.0,0.0,129.3968538856923,16.545592259997925,72.07597484048333,85.16958686984214,93.67183127176361,96.55014725483389,92.07026822380764,79.8654701924606,85.14130081313644,77.13189741752919,89.16559529065592,104.96018971528434,94.23780453109248,87.17154415928982,73.18337583827827
1759,2524.3283191189726,2529.881064069118,0.5447138985541288,-0.6233624436673294,0.47831902142899335,49,0.0,0.017521730020552292,1.5518743159173465,-0.4771413636426728,2524.3283191189726,2529.881064069118,1723.104454676115,0.0,1137.2029070066176,129.0060896444442,16.54501837617469,138.51515041540185,161.16515240220474,148.37170277923508,131.3296786033441,139.30572566420688,137.385957507767,122.08307206362758,112.68449761334627,139.98433998761215,130.79239592419017,119.72750625391171,138.14024908357004,103.61902637769757
1760,2304.6003851813634,2535.9721231397057,0.47023009421923134,-0.006217811696006774,0.7998582611814506,49,0.0,0.010635865017893702,1.1024929328753832,-0.10593953566020961,2304.6003851813634,2535.9721231397057,1356.159230211196,0.0,0.0,129.10158773325165,16.547717143553374,109.1185035504,110.34997182504897,106.47739267519921,92.83577114727966,101.94012607459482,104.21782446860442,104.18086994502967,103.55693505764444,112.40642001627191,100.62257431280796,110.41365186164376,120.42234102477975,79.61684825189126
1761,1133.9099033167015,2538.8806992116283,0.5227255265589112,-0.49259894029325874,-0.05647878806552502,49,0.0,0.011274413673938435,1.3972293509813383,-0.3631692502356442,1133.9099033167015,2538.8806992116283,1059.5604092683911,0.0,0.0,129.61043739676867,16.549054143146773,80.77241123525107,94.89258638793356,72.7575100822852,75.87800528132962,80.98451687158854,76.8751591066137,78.54271604226055,91.20197999161987,93.54477861947797,94.39807332991639,78.70519454532291,82.30338041679748,58.70409735799423
1762,2301.7970874685507,2540.7233389618564,0.9306674365666519,-0.7116914587230814,0.5353017973993967,49,0.0,0.01391068303159461,1.1364110073169094,-0.13883857915717032,2301.7970874685507,2540.7233389618564,1310.5396805894088,0.0,0.0,129.10280312210853,16.54969847016513,105.69700614048975,115.21337335958538,95.33370692798768,94.49907481224852,110.36133092451206,107.24075063742575,94.94132860952999,94.72689040481684,104.48528612321437,96.6729033323648,103.91139773548485,115.43939867838247,72.0172329033667
1763,2590.959729951393,2545.706736106191,0.7790208456617163,0.1235078980196459,-0.07572466832184384,49,0.0,0.10077691204122768,9.17027530829953,-2.4059559354347346,2590.959729951393,2545.706736106191,4599.144325456057,0.0,2784.2999302247244,128.9771151607201,16.551554512551217,479.19158351543047,388.7891613293274,354.4604212745285,320.8654839611256,466.0742062176646,291.9335112754146,307.43406571886834,272.0369298088405,447.4610250755443,310.577881119862,308.700257820352,387.9260931908599,263.69370514823873
1764,1993.9124386284886,2546.850686004517,0.9851290781964325,0.36615880083919466,0.35074578803048306,49,0.0,0.012686641630482129,1.035505876819869,-0.03788141998386148,1993.9124386284886,2546.850686004517,1081.1505138609923,0.0,0.0,129.23662498633036,16.552403130345414,75.39617096766474,102.4515331131742,71.38261803582625,79.00809571521144,92.4091083946615,77.27495159049029,80.45240801463467,81.54578883073745,99.70771144737914,84.92639748659232,93.30663668118666,93.22464236898041,50.064451214453214
1765,2369.1994099323438,2547.1093432513135,0.4184562196292577,0.17824263173951,-0.44687085937151044,49,0.0,0.015065398415697914,1.4674898510045518,-0.41643776599510735,2369.1994099323438,2547.1093432513135,3554.6925843029912,0.0,0.0,129.073502150201,16.552314531466582,263.03523571676146,271.55585146614965,318.48854965620615,260.05524911581324,269.58335067508636,277.65332361650985,312.09860046277737,271.81873867992124,295.5842744049265,267.29634929498184,274.86176215636846,247.68388035631426,224.97741870117497
1766,2365.2904107379754,2551.3528596798765,0.47913545229138327,-0.07725491262543319,0.3091520040447332,49,0.0,0.0908299320183895,12.656767315976843,-2.7558069900902793,2365.2904107379754,2551.3528596798765,3773.033739960957,0.0,0.0,129.0751982395679,16.554085248462542,275.4274878127502,302.40324349503385,320.51255704945555,287.443689872087,286.36618201002113,287.91876866150403,319.4017929103229,284.5808689636899,311.0748852094981,297.79864311069747,296.3907963713439,270.37214712637774,233.34267736817424
1767,1451.305863450074,2551.957712512786,0.60825532357759,-0.03111846125371054,0.2777997396512047,49,0.0,0.03869962275367933,5.036300924238871,-1.755279179399685,1451.305863450074,2551.957712512786,1535.8722381508542,0.0,0.0,129.47247987174413,16.554590621492313,118.32106160327407,110.98755900335459,138.70108747098737,122.14052715371474,122.92987328838325,113.632354788343,123.52141861280376,139.12071253319783,118.86950606734194,100.3427106652761,119.65293187755097,116.45615681022068,91.19633827640598
1768,484.62501220802426,2553.4961683828856,0.34138687423286895,-0.11024634965054111,-0.020866122206118828,49,0.0,0.010923200694633402,2.6796267653554127,-1.0701857676887867,484.62501220802426,2553.4961683828856,725.7301233331353,0.0,316.19402786400804,129.8926614447066,16.55468090850721,22.85281011887667,53.706542572199,65.07318670924482,47.91614188936089,89.83813972725973,41.382670200492285,30.82481546217898,91.20603532600043,37.31385378753442,86.99749439066065,53.0801071981532,86.38783079102099,19.15049516015327
1769,1887.5957103398944,2556.617771371152,0.7078292062836687,0.22667749757349928,0.28724642915629994,49,0.0,0.0256935494241315,2.857229851824258,-1.1398629472673605,1887.5957103398944,2556.617771371152,1268.5285893817008,0.0,0.0,129.28283477951692,16.556505120944415,107.5123132116542,110.02735527773501,94.41108381359042,120.21182235395688,90.11867513138938,116.14841278832697,117.76519171599834,91.94286138968167,98.79235129957844,89.47471808433076,89.0925999055149,73.02245415633722,70.00875025360659
1770,675.9942149563317,2563.093832749085,0.6188266472529208,0.1772170525368273,0.8345235718922627,49,0.0,0.017663739332810423,1.7991078535590634,-0.6376429984160327,675.9942149563317,2563.093832749085,1316.286547781391,0.0,0.0,129.80949099387993,16.558855472235138,110.00885930593294,82.47071659693876,104.29168734358396,108.99392445760046,109.08172380012118,106.24401178325849,102.61795947707225,99.7193928361159,107.7511033349197,97.36732181429622,95.65440128190468,95.37475397355303,96.71069177609343
1771,2296.0512532015628,2563.0420883676034,0.42248522188152515,-0.28182328574242527,0.4094060038728386,49,0.0,0.03826316872365947,5.040954178615997,-1.7562818744897086,2296.0512532015628,2563.0420883676034,2168.04082205136,0.0,0.0,129.10528631473554,16.559000988085863,142.94925405125312,166.60492198560564,188.30838567719044,156.41302374562855,178.66771938998158,166.655600860396,186.39703569083923,163.05115608122742,181.2373466685301,150.63666391734046,183.1720797329012,170.50496917414597,133.44266507632048
1772,930.0306734237735,2564.9066958243056,0.6734357108295265,-0.09645322707355801,0.45776171178007535,49,0.0,0.10117587285476959,12.838036854003354,-2.7712465451854396,930.0306734237735,2564.9066958243056,2776.836909316241,0.0,0.0,129.69907040809312,16.559793292900313,213.00447456622385,225.7326714408798,231.40791259621324,207.80623578358228,237.82634626029358,208.53597964440004,206.13395064021887,215.28229919692012,219.79768688600115,207.55326278018077,223.45649296468747,214.57236390597876,165.72723265066054
1773,1197.6800400535933,2570.160663649261,0.35536087831944474,-0.12309995634308633,0.09269995340188553,49,0.0,0.010390601685433747,1.5663620911982745,-0.48723040968151177,1197.6800400535933,2570.160663649261,1116.0970659706695,0.0,0.0,129.58273077232033,16.562111731745805,99.60665336632766,78.31336281100573,97.61760814235228,78.98705714918144,78.97731759984782,104.48485458972499,104.67985087405947,76.01552886209438,74.55745060410129,75.79888979575769,83.90007404263363,105.43921695475817,57.719201178824854
1774,1888.1280211494757,2573.379372154259,0.47253506393900524,0.11821387725982072,0.4450780519618879,49,0.0,0.009630594289541402,1.1581887742046584,-0.15944837799874365,1888.1280211494757,2573.379372154259,978.8605087011356,0.0,0.0,129.28259897180592,16.56348862334118,71.61217335380178,75.90827905548667,80.82668408008257,92.15244016008597,65.6198713201349,73.73671443208123,92.49392837369771,69.67040792345146,60.87372843292988,95.91800612362024,66.76269265765382,75.16601078727695,58.11957200083232
1775,534.2065957140713,2576.206483905756,0.6240946631134978,0.3135258367093219,0.5827221138483069,49,0.0,0.010355264325737603,1.3401014286833,-0.31784417548368277,534.2065957140713,2576.206483905756,881.6909371331487,0.0,579.7538184016933,129.87113322220858,16.564191486551923,84.27009543919937,62.50059707279685,75.41750005355681,75.47726538979543,84.39259032215233,54.29292827614062,68.77237428833322,52.214235718502415,92.39544471944123,40.09362466151018,56.17800465934673,100.19404817991733,35.492228352456145
1776,1748.8018450897778,2578.969563332419,0.3601122776191006,-0.09375340939297575,0.4202668701918684,49,0.0,0.012863310592689676,1.7529922863910794,-0.6094500127314066,1748.8018450897778,2578.969563332419,1205.306418292258,0.0,0.0,129.34316232056187,16.56584511752963,86.23174284130369,79.39643789806034,103.47436015126604,103.73028700890472,91.85286112528749,101.8860789392339,96.90236913266645,94.05398473363121,99.09170804524459,92.89428559800999,77.31171846331583,94.25901631844403,84.22156803688992
1777,1668.1601043372227,2588.0344504158306,0.4617018310473927,-0.3959477797077935,0.18759115766409415,49,0.0,0.010529762418995697,1.2089981339317404,-0.2060640763376753,1668.1601043372227,2588.0344504158306,1094.446861538715,0.0,0.0,129.37821664388883,16.56962980858659,69.37607415298784,105.87953084003418,72.04911651642479,92.40761831658807,89.37054435134718,101.20826999312763,86.93875029556445,80.98705705971608,79.41112787532296,72.5548184852164,91.28057563440971,81.1028876416955,71.88049037628028
1778,1604.0126987316557,2591.077192195864,0.660867173266041,-0.12739980920045132,0.2397851457245617,49,0.0,0.05631883903958445,7.3470816999217625,-2.165287173119827,1604.0126987316557,2591.077192195864,1793.2697184215988,0.0,0.0,129.40610199960292,16.570899610026704,123.36857619773484,147.12126618994074,137.9494900760349,149.96035339888107,145.05058067653107,130.9416867105476,143.272136325061,141.1014701630505,134.27147049680028,138.97519562544124,147.14516241356716,141.16863354803775,112.94369659997074
1779,1994.560455978549,2591.89237048226,0.518451467625266,-0.4140690092843228,0.3694809249201807,49,0.0,0.03024793066911543,3.734104591788021,-1.4304661957896312,1994.560455978549,2591.89237048226,1733.4140308847527,0.0,0.0,129.23632702569887,16.571169253764523,122.43900823286624,145.17828472959965,119.44200767172154,129.7032844832282,134.7277329640589,127.67277414266073,137.57904763446032,131.658582863165,135.4042126527191,142.27235564981208,134.24399991565178,158.43100930647748,114.66173063833189
1780,513.2798632864628,2592.405048624534,0.5479312530947335,0.3409259410229798,0.8769117016374613,49,0.0,0.03769477906713968,5.33380260455032,-1.8175923477786946,513.2798632864628,2592.405048624534,1377.8174299597333,0.0,650.7506517784376,129.88024556187935,16.57092000885506,109.06373598602825,113.0010989747387,50.21169354753607,73.92689950541724,105.10384073319355,121.93858549691106,112.90745944949626,127.43941258295834,125.50911928519487,115.5511872521316,94.32031781143124,79.61456902494785,149.22951030974835
1781,2432.3806591715816,2591.572410013049,0.7726981664875809,0.24889022474460493,0.05571811464299659,49,0.0,0.01820991565623103,1.4566933332156278,-0.4084203315348982,2432.3806591715816,2591.572410013049,1411.3301783859565,0.0,638.4822391173,129.04600621834393,16.570793990326685,96.93793719227816,108.50749338731539,91.07603114396872,106.6254618391898,110.73798392133841,108.514175005069,112.41994341818115,125.44957909827829,107.76102201570879,106.00263325979735,128.08773461791705,122.8881064362682,86.32207705064633
1782,1744.3008846169241,2595.51915291907,0.6719590128375671,-0.09573555155373571,0.4116311693916006,49,0.0,0.13380138551116416,17.236077873934164,-3.091096118992132,1744.3008846169241,2595.51915291907,3250.0172080718467,0.0,0.0,129.34511669835305,16.572741013192015,216.504533397412,266.99503520640843,234.12043911731683,248.50514933644405,229.73462682533656,269.894945276743,262.65697884013423,252.242588837894,261.86561631086363,283.1368282516873,263.5025394535886,242.2194521177178,218.63847510030004
1783,816.7061392799186,2597.1161105181104,0.549863827765929,-0.13629093681433346,0.8871619289674127,49,0.0,0.0355497150429808,4.351272714420434,-1.5965407584824887,816.7061392799186,2597.1161105181104,1830.477808689585,0.0,0.0,129.74835271269725,16.573138726062744,143.49266333420354,158.85239391618512,152.98597025232004,134.15073547507026,117.90504632507006,142.76434536202845,151.46806683763734,132.39625650362814,131.16699113698837,142.42232816872541,151.85898672988588,171.89806252558606,99.11596212225629
1784,1301.688606710233,2598.9995424476415,0.5457347157285285,-0.16843620562469735,0.30602637891695306,49,0.0,1.4865074187011678,222.6512529667902,-5.869062858650497,1301.688606710233,2598.9995424476415,32403.314155158325,0.0,0.0,129.53752739058714,16.57416016340285,2236.74762502504,2465.646882801776,2558.554390403901,2459.5922796898053,2607.1993016087104,2586.4760452398564,2568.5406135724443,2582.4480561619366,2605.346319267205,2458.8600152764902,2640.2953742496993,2590.713451111231,2042.8938007502431
1785,1067.7054035676142,2599.7595662412637,0.6218230125931369,-0.16304046263887456,0.4840169346174956,49,0.0,0.03305112543159527,4.097439539497425,-1.531281384949621,1067.7054035676142,2599.7595662412637,1444.1394731765265,0.0,0.0,129.6392433670948,16.574389087546404,97.98897170544245,105.76425403794343,112.75833378162282,119.80398433201613,116.19167490993672,108.35143679507738,128.36074011719418,105.87186078428303,107.86282775966612,119.24409315143882,113.91485585408643,125.5196888184062,82.50675112941278
1786,557.6372085750727,2601.210082014637,0.2100568222161778,-0.7963899307751121,0.3256597884432682,49,0.0,0.005954292945976891,1.430629579286846,-0.38881800037345715,557.6372085750727,2601.210082014637,955.3559882481645,0.0,524.867787106699,129.86097259352738,16.574631056428792,44.055622236447675,62.81719092477864,97.15739605207705,75.00423705241124,62.72894901874549,59.39937510034978,57.99177136838466,80.10590380626104,39.986526704020996,139.2253349150069,110.37522324637992,94.71384738209092,31.79461044121011
1787,1244.8861682617278,2607.47029791825,0.3548454314767815,0.7035029640846623,0.09833525622759619,49,0.0,0.00885202146615265,1.0667583065219144,-0.07016508315831567,1244.8861682617278,2607.47029791825,1091.0103430321026,0.0,0.0,129.56222302937212,16.577672683718728,76.19341091003666,86.09394362868625,85.30154526887058,78.86263973315737,60.8053689222791,85.33036771128249,84.44245336302437,89.08820306565363,79.49970268027246,86.47000906815714,96.18958949338185,101.25548338194199,81.47762580535868
1788,1995.2303449407143,2610.4307102216303,0.685142116835246,0.11790387298493273,-0.03322374042690595,49,0.0,0.016693670566556663,1.748675484866045,-0.6067730539877589,1995.2303449407143,2610.4307102216303,1142.398863578026,0.0,0.0,129.23602910329964,16.578892880254593,86.60671659463546,95.58342265016233,84.18052929278977,93.1898010255749,95.04112131850196,78.91666310175196,96.36723986990322,92.96038992303679,87.23656202859621,72.91127121150963,99.95398303584506,92.3243937117297,67.12676981398906
1789,1140.3850539079701,2610.6593210465053,0.41965179253380464,-0.0884676325872682,0.3002812943861502,49,0.0,0.01918943145968665,2.890985297847853,-1.1526147076617836,1140.3850539079701,2610.6593210465053,1267.9017693530955,0.0,0.0,129.60765323719676,16.578962920023553,99.00488822352904,99.91498705554463,105.48982373081365,101.04018779052822,90.58122696768845,113.86733063363974,99.21553874279809,96.06049872835999,81.41456767580726,93.56618429376505,103.6102306445298,97.81660785204568,86.31969701404584
1790,735.1136628067369,2613.595689624917,0.2092563041480854,0.2885617302646703,0.47067992306833134,49,0.0,0.0076527112967850665,1.013865877740187,-0.014951267153157245,735.1136628067369,2613.595689624917,1199.306182245888,0.0,0.0,129.78383396728415,16.579944037976045,82.91119487259539,89.10538253137672,93.41174208977145,98.36096001871556,95.81966981255536,92.36003229236636,90.42873233217811,88.0544003246188,105.72730118838977,87.99474569563283,88.64688505095275,112.77117137250023,73.71396466423461
1791,2124.46496708718,2614.8639030937534,0.7158536465878095,-0.34320139877424516,0.1003765804427936,49,0.0,0.03377630899283044,3.684115019649688,-1.4158329514907702,2124.46496708718,2614.8639030937534,1568.3098569245549,0.0,0.0,129.17984572211705,16.580686381462005,98.5760335249436,121.83206189457675,116.20781688064788,127.59629680167839,131.36218184026885,118.24024392236737,136.87770982106457,115.58550141491887,132.51273157770865,135.26546213705,110.45978152946921,128.28850181399042,95.50553376587062
1792,2505.0895898366034,2616.7661764281843,0.6672024452117978,-0.12455283718995194,-0.7948460339530828,49,0.0,0.025867597237403624,2.4073475637951263,-0.9538469915178299,2505.0895898366034,2616.7661764281843,2112.675509911872,0.0,1116.0785319078573,129.01437930783513,16.58123367459732,218.91541754679903,213.44337619223512,172.91786369056206,216.4047269636702,188.30944675322718,133.51258183635787,171.8655018666426,124.71183631976031,156.36964780385975,142.75017993711492,115.78763578755363,135.65677978616674,122.0305154279225
1793,939.005711527046,2617.1237058198044,0.5830001918130325,-0.2410842285684912,0.7260909001688306,49,0.0,0.023077717876945483,2.847175375783395,-1.1360355473802106,939.005711527046,2617.1237058198044,1332.9252559287902,0.0,0.0,129.6952008835722,16.581554363412813,98.78290702332335,94.91579242299917,107.98053633751894,102.11018532477229,113.94945197057142,116.53356494551869,96.75537894101046,101.19490531269153,98.52726901574579,114.76463274584557,86.02353342155402,124.8385220123681,76.54857645487093
1794,1716.1069344308662,2619.102662040552,0.5322497783669462,-0.26840201631054134,0.42619947857367,49,0.0,0.021634848185994413,2.877131665914931,-1.1473993423100062,1716.1069344308662,2619.102662040552,1237.860307987236,0.0,0.0,129.35737050339773,16.58257024215034,98.43179146540996,100.22890182167573,98.22387724375244,94.16311532089115,104.91228160475814,77.36457899264788,91.13483478669404,123.53827958993556,87.61984837764116,92.74621131540214,99.51259324017715,95.5566349628987,74.42735926535192
1795,1032.7014256953225,2624.477714963879,0.6365642022258875,-0.032958102039192035,0.5485689367454071,49,0.0,0.06346171915781074,7.867712018070371,-2.2396211376340562,1032.7014256953225,2624.477714963879,2240.252613749499,0.0,0.0,129.65447285846753,16.584670293174238,171.4270392864005,163.81707219428887,166.95387911610428,181.78849377412803,185.20255493583616,203.52494104983168,181.92182217551743,166.01619573998545,174.4515366461444,181.2436317099891,182.38489069572415,165.70142641044487,115.81913001510384
1796,2444.8466188509215,2624.6785389487522,0.7580786796018772,-0.19952296670349948,0.3216819246204905,49,0.0,0.05130777634624198,4.976124326086284,-1.742228056145569,2444.8466188509215,2624.6785389487522,2298.5902917262647,0.0,1989.1753085209818,129.04056169122202,16.58457776885274,167.10953658800923,186.8208039926128,183.3098115299038,183.6535724646753,196.13398782620231,191.67359735217278,164.8246751988512,177.4069971875581,164.8936392694822,191.49735109663655,182.49585214586278,186.93049445388132,121.83997262041655
1797,652.2320965138049,2628.5825387187706,0.40831626758306544,-0.2457954038087431,0.643230114481708,49,0.0,0.012857792761927054,1.5740474249192584,-0.4925445330030693,652.2320965138049,2628.5825387187706,1287.2994266852224,0.5610376512729884,1080.0540803854897,129.8198765012717,16.58612025514138,96.52138867862102,110.19783836306495,94.29448505508397,86.13614363607358,119.5691204576729,114.59408166715527,96.4942211361249,93.97487910975224,100.08131852237251,81.39420373457739,117.67122170888445,86.64583912045556,89.72468549538371
1798,548.7912298319782,2628.9648090638157,0.6529419290388181,0.22374311260302102,0.385997386463259,49,0.0,0.009490233044819179,1.2835767831122387,-0.2710546328196708,548.7912298319782,2628.9648090638157,471.9449564198542,0.0,128.60832630946805,129.86484466551858,16.58618617576653,2.6468105664981323,6.908575528720883,49.5159007491522,23.67777925860101,49.849096555322305,30.149692677794203,8.913502636231115,39.48921201275388,28.435894058691293,82.7413445727081,18.770310836558377,72.83648455622621,58.010352410596504
1799,2076.606039693862,2628.8296766710937,0.6635702010735433,-0.22998654897213563,0.2907756710677202,49,0.0,0.023358774931609743,2.73994804771298,-1.0943558205496204,2076.606039693862,2628.8296766710937,1270.0730545687284,0.0,0.0,129.20064513927045,16.58652668411013,86.85287899287053,98.2735759541392,99.84236034233345,91.81115211019306,101.02878447649795,112.94095494489079,103.78480897545836,99.10008508561653,100.29582164449036,98.86380216210979,105.13247051291901,102.39320399344946,69.75315537376002
1800,962.1617613772331,2631.69060003761,0.5932869672061517,-0.2526604026990543,0.633046050919525,49,0.0,0.262784610414053,33.83084576091782,-3.82328213788617,962.1617613772331,2631.69060003761,7684.775105864683,0.0,0.0,129.68514293381494,16.587637072565833,561.2764469203044,581.6454387143798,601.7040694795968,578.2511391694486,587.5884736256457,609.3353875123595,624.4670507386895,620.828167093901,606.6171126088088,617.9313445937031,618.5710436035718,604.398495837121,472.1609359671522
1801,2223.6939202655244,2639.5460988144514,0.5945237670831859,-0.4303620429780974,0.511876281107877,49,0.0,0.058043229960018615,6.930258185996444,-2.1018735362643155,2223.6939202655244,2639.5460988144514,2530.604465078811,0.0,0.0,129.13669439208113,16.590918596557383,125.498002574356,123.64655741537324,158.64987798723186,110.25777583457608,155.77205230714833,163.10684353552233,146.99653072501016,653.9039011830769,272.49778573331287,161.9232326978923,193.96043160330592,137.74422235628833,126.64725112571678
1802,954.1860271147629,2640.8274714527843,0.4684053323528534,-0.18352415197733093,0.697019397284733,49,0.0,0.042156601897533744,5.929967546389392,-1.9326307913943945,954.1860271147629,2640.8274714527843,2376.086464867056,0.0,0.0,129.68861570489457,16.591439217096294,168.67249743105734,211.25292119888127,187.60601412187066,185.52022114301906,197.86290023205294,179.21500048178135,181.5276782228948,184.4023702240276,189.95314482509343,181.75353382274835,184.46008504856428,182.23910688696657,141.62099122809843
1803,1525.5136725007142,2644.588413254639,0.9844802703924046,-0.3117398783051362,0.28727974003375784,49,0.0,0.021072438685309974,1.8682931102543978,-0.6786125306185071,1525.5136725007142,2644.588413254639,1063.9978773913656,0.0,0.0,129.44023002615245,16.593192198733025,80.58695436478776,80.45578877562372,79.25299753335587,89.34307366696783,83.68876776876195,80.71815404163337,66.68703162284345,79.36863783563763,96.59048153173288,82.39463459107321,92.38973572243077,77.16974019098437,75.35187974553287
1804,2241.515013839884,2645.506902037858,0.2863369820989254,-0.5994004967730544,0.43239026862110297,49,0.0,0.01990708284834675,2.79083918596896,-1.1143370306174596,2241.515013839884,2645.506902037858,1610.293569662176,0.0,0.0,129.12894325412827,16.593391923813332,93.55942505899046,118.98464865006078,129.38134095477497,134.51064801842534,130.39041224128206,109.10804969783857,139.98172715000806,124.40806126397712,131.34273779721892,132.8668050696436,135.91799659598382,118.08714687117809,111.75457029279391
1805,873.3301904377819,2652.1869172992583,0.46171355251870216,-0.4198867128898784,0.7637805829947701,49,0.0,0.10851675122556846,15.535309474938925,-2.9782997728670146,873.3301904377819,2652.1869172992583,4339.088881506283,0.0,0.0,129.72377490188208,16.596121847454178,287.6331201828747,364.5383236397647,326.0092965368955,328.9884707835523,319.7199652532968,331.80450337554566,359.17501676440145,354.6893464381059,338.6102135200231,324.6016652428642,356.3854648240231,376.0009105383513,270.9325844065838
1806,2216.5371937757523,2652.6181063902463,0.38483325366483817,-0.4006325910416024,0.2665155594251258,49,0.0,0.03150461932438598,4.605365679551987,-1.6581603003963996,2216.5371937757523,2652.6181063902463,2038.90779284387,0.0,0.0,129.13979835256887,16.596368895251207,163.2120102106801,148.0151958116224,154.5183643814176,154.33264813133428,163.26394880432633,158.6257046891231,154.6569036990268,172.45970219270868,158.48469026276803,151.32108953640224,152.27719825618948,174.2428312350808,133.49750563319046
1807,898.101330347402,2654.2895427532244,0.5195604216530674,-0.028031663176001063,0.8040125953602999,49,0.0,0.034577994619864626,4.298659107474548,-1.5833325150879254,898.101330347402,2654.2895427532244,1940.660540651777,0.0,0.0,129.71300691175878,16.59701386632919,129.51449512515327,157.16702270162546,174.12497359132237,155.68571435785583,160.72414743051132,120.81862326871794,160.49103478545692,148.32363630420934,153.8181185269871,142.4326993735738,163.13874306484837,158.1694288335488,116.25190328796648
1808,1485.221731817918,2655.963579599245,0.596302995248913,0.28318666641798435,0.049433433968228156,49,0.0,0.0159740551806172,1.6502072183838343,-0.5438462062167355,1485.221731817918,2655.963579599245,1167.8064258062716,0.0,0.0,129.4577485274477,16.597928112620718,95.07700667778465,94.17215554708503,84.50769240859435,96.89779471186417,101.13764240057073,92.04158344732505,90.51741893687522,76.1738836728599,83.43021512594075,92.1561512518888,99.84541580769098,96.35949693649425,65.4899688812977
1809,2105.0151923668095,2658.426643298307,0.6324540807498122,-0.29241509859332365,0.4806498435968787,49,0.0,0.06517349025242816,7.935265819394934,-2.2489036988559583,2105.0151923668095,2658.426643298307,2319.6634353668105,0.0,0.0,129.188280861969,16.598845383119606,144.1415844738176,178.89060473747898,175.62459295241376,192.12270727434202,178.52899379742632,178.83907159198543,165.87473970091455,195.2651075679766,182.82956198799803,186.96916309900905,196.3429721251198,177.31866623988196,166.91566981844642
1810,2425.4845748902767,2658.9468585191935,0.5724103624159113,-0.21512603430825886,0.5225049693629329,49,0.0,0.017288768262634837,1.7481291415244027,-0.6064337815293552,2425.4845748902767,2658.9468585191935,1470.6583231617287,0.0,1128.1576208622487,129.04895288042576,16.598869720450534,101.63216782325972,87.98224791666445,115.4237255967086,111.11845665445587,142.9634693241825,100.00568897086757,84.73513140209644,125.07433279833054,119.99865439102159,119.62733223682989,167.03603349021682,114.73980816973568,80.32127438735925
1811,1725.1548895826172,2661.4692478122483,0.8162420871362659,-0.37775812293632804,0.06662806470173427,49,0.0,0.012278771677338245,1.209214507226616,-0.20625837217139792,1725.1548895826172,2661.4692478122483,1131.8845786045854,0.0,0.0,129.35343218490587,16.600220988253255,82.61579549443661,92.89379025699284,91.25781971239633,87.70186748534562,59.73155467235782,104.36839349241822,91.03784225627373,103.68849868286947,104.03332439444677,73.06191602792079,74.84773745074217,91.66971422435923,74.97632445402587
1812,1731.8362368418632,2662.33832411482,0.3022695652542265,-0.37201420191787365,0.5276496441450522,49,0.0,0.009635067290984255,1.4972475130169673,-0.4382340009444568,1731.8362368418632,2662.33832411482,1172.1910257785344,0.0,0.0,129.350527199663,16.60058230916964,86.0355668054935,107.05077366344645,96.31099747626794,95.48682127827648,83.14875868221506,105.30839256294861,93.59741686602061,107.85164123135223,102.00235249017587,65.54876958711009,76.47660239331813,88.61775454887021,64.75517819303914
1813,2155.5665806805973,2664.925192107076,0.5242697148600755,-0.21730491184759496,0.5372007061976595,49,0.0,0.017278595342519926,2.0532276713883633,-0.7810927715578884,2155.5665806805973,2664.925192107076,1280.9724820587821,0.0,0.0,129.16629956377236,16.60152873813518,122.30313005995922,98.76550549122996,92.3841137790497,100.38115959165306,82.50310529844707,106.71566553274147,109.72252005529802,100.20695284721899,107.00539294752326,96.65964576984287,106.49165159801012,91.51304107650611,66.32059801130221
1814,1111.7651447155815,2672.649477044624,0.7134573077109377,-0.14129176290720438,0.7607896940482585,49,0.0,0.023877377424493237,2.319800533344699,-0.9136266098652761,1111.7651447155815,2672.649477044624,1431.3294481025707,0.0,0.0,129.62012277746305,16.604778245896416,103.3109259018006,106.48683728266278,129.78866836504005,101.52717051156445,111.71670650386288,133.64829646531817,100.90817739453067,111.42712738039302,115.91704428957689,92.59845758651505,111.80781427970234,118.03682691297738,94.15539522862639
1815,1488.912192529727,2673.893399628298,0.9667941830882644,0.009467995264857415,0.04577065309191063,49,0.0,0.013605354554325535,1.0378365843788062,-0.04032243944178418,1488.912192529727,2673.893399628298,1086.4570892009474,0.0,0.0,129.45614586396928,16.605398798744915,74.70511121679408,80.5529747619745,82.0729167163206,82.35916303394492,80.61346691231861,99.00069487053182,86.10811390218078,91.1131632667204,88.21183837306054,79.24171580359054,81.93839102841918,89.54102996728975,70.99850934780167
1816,1510.3645412214412,2674.3159422155036,0.23290679848063928,0.21155681137297566,0.8186547745957814,49,0.0,0.010485896943596928,1.82557622455109,-0.6534999276580923,1510.3645412214412,2674.3159422155036,1093.449788614312,0.0,0.0,129.446818713419,16.60557680244056,83.91341846437749,91.82351315114678,89.66556024448296,79.25924634610215,80.70804901030718,79.30287739915758,91.8920215230927,90.98276545410016,78.37052015270392,86.68009339560501,74.39129264724549,97.48050914038453,68.97992168560597
1817,2411.28469757126,2679.0276536869023,0.9315669821344452,0.4329866855356964,-0.5865411502744972,49,0.0,0.013447343668532537,1.2064632220675209,-0.20378521843716313,2411.28469757126,2679.0276536869023,1175.697954696508,0.0,675.3326407735896,129.05511141416187,16.60724654475174,73.49457793504689,70.98395600756436,80.6602853784403,88.2254959400901,112.04906790108274,83.93094679034948,87.29520592891254,133.7311992632702,76.72532874284968,138.71019830611914,84.33585343059501,83.07399494577139,62.48184412641621
1818,1808.6910414271233,2680.944401485226,0.501152506176202,-0.0024751709517633704,0.4523058268472947,49,0.0,0.08577503211895071,12.630198369486255,-2.753525429059885,1808.6910414271233,2680.944401485226,2924.3433656643647,0.0,0.0,129.3171090854678,16.608322576084895,219.90561980446162,243.90211253026874,225.20903835305214,214.30982842305355,255.90935982848453,229.1795606149833,231.54458862654462,223.96329305312884,204.97545730547867,242.4475729159786,191.9969828767156,243.34232636767265,197.65762496454138
1819,1995.7017834964108,2680.7359876088335,0.564939974184557,-0.1985016009505763,0.2628312444968856,49,0.0,0.009693264319471194,1.0815579759912881,-0.0851245109593826,1995.7017834964108,2680.7359876088335,987.0154910906166,0.0,0.0,129.2357986494174,16.608184754130754,80.98875927925319,71.71573310018857,76.3499420625953,78.41524321525802,80.22508249049363,67.59611970979341,71.68578166462578,70.70986066688295,85.11870367159406,85.66445776135302,71.75100983306659,84.25916820098315,62.535629434528914
1820,614.55483870713,2681.932608026149,0.6441880632333324,0.10168195242133,-0.39596680211221547,49,0.0,0.00701630150077564,1.0325546437528885,-0.03478261051212049,614.55483870713,2681.932608026149,989.4531741861997,19.257220429065182,149.79590586397967,129.8363039036935,16.608314641146976,69.33591841917189,56.81231936744324,13.117984027443612,35.679820674221865,36.07165881761373,12.554246545278422,21.425496108057335,38.26825335995204,67.82761266445253,449.90033431407574,82.31745066745995,52.29121842568277,53.850860795346655
1821,1504.79303155543,2684.3799950100547,0.7893773789710768,-0.9138697084398246,0.263674281276337,49,0.0,0.01366300602271351,1.249144605734265,-0.24153179216679158,1504.79303155543,2684.3799950100547,1007.1086603800964,0.0,0.0,129.44924201581625,16.609769430778545,74.6066621554858,72.98571564176241,88.61007698546067,75.92486904820733,82.5080104005376,75.50148615777081,69.4256348264033,80.02358176852294,78.9249511546352,76.11716642807028,84.92033533218452,79.69002118400107,67.87014929705444
1822,1688.073600005831,2686.0189975686467,0.8405926711245951,-0.5438096710151582,0.26551467547034824,49,0.0,0.017842573438961683,1.7553017723807236,-0.6108794783768399,1688.073600005831,2686.0189975686467,1007.6836226783137,0.0,0.0,129.36955222042567,16.610452979522936,79.42947309730174,91.07170904230668,89.30534399927522,72.28478939756654,58.54052030700781,84.44063154566757,88.16136761193965,67.26879936599751,77.85970531837623,74.71726028291175,79.74161281021514,72.18780317697437,72.6746067227734
1823,764.3786940302435,2687.916603335056,0.29410113566475216,-0.6994485825828202,0.5735983462974138,49,0.0,0.010377400613164806,1.198287594212059,-0.19640265779972838,764.3786940302435,2687.916603335056,1456.25569921728,0.0,838.2453529362258,129.77116912667415,16.610931116809805,111.3610487432193,121.1199118039517,115.70970312368762,112.85980494284327,104.9368032343869,105.40958180193851,112.6992720973913,116.79781597634891,129.02916639115247,105.06530724338674,102.58989097691217,128.10515197244905,90.57224090961208
1824,1185.012454867863,2687.959176640064,0.4496750409457242,0.15451434257669702,0.3352468504848001,49,0.0,0.01217101875087356,1.5961646154574187,-0.5076941973270889,1185.012454867863,2687.959176640064,1169.543622421423,0.0,0.0,129.5882821378431,16.611186783365547,85.40591661117205,94.9911323794042,93.76276390642431,85.93881148965241,96.55627949310312,113.86849459946794,88.77490132539192,96.612874854744,98.05894171367979,67.94298369065655,88.64647565381293,100.08458783563556,58.8994588682782
1825,1078.8032814162461,2692.0659691953733,0.7919672558760643,-0.08623718943524626,0.37913811994271945,49,0.0,0.014855225435103491,1.4287407738795739,-0.38738359736901457,1078.8032814162461,2692.0659691953733,1084.5030712170196,0.0,0.0,129.63446320224662,16.61285284098366,99.95964128896026,82.4877586946534,92.1734486607523,83.35038917271424,90.88755152548696,96.77445285494393,77.81627535570789,72.2480229713031,76.56300734935118,76.3670385617013,81.36882521790525,92.66230000790789,61.844359555632
1826,1736.472915326645,2692.375660767996,0.5980767742263804,-0.1310975848338878,0.2950757307152665,49,0.0,0.06766769680776744,8.932738585725671,-2.3774615616489294,1736.472915326645,2692.375660767996,2316.8320916769912,0.0,0.0,129.34850753571652,16.613096532158064,153.43524396214042,167.50453470152416,169.602868758686,170.3504881033815,193.32495520700604,192.9201893336498,174.05549410464863,181.30046020109575,201.3212944668555,194.9513156534291,215.6550267986103,180.92666779552087,121.48355259044304
1827,1826.2613699242515,2691.5692796143353,0.5213938579660333,-0.16365824902549628,0.39483280543301735,49,0.0,0.5955019885697236,88.16349896068014,-4.863222044432883,1826.2613699242515,2691.5692796143353,15276.144594297988,0.0,0.0,129.30946744876715,16.612745880860015,1121.0090412333539,1185.504672308395,1259.2381572076347,1227.179898534434,1209.374705409413,1258.7329639222476,1184.8235230919515,1221.8188693097281,1171.0659360850736,1160.0809160946715,1211.2321381726558,1138.3066229117164,927.7771500167147
1828,2411.8613795421425,2698.986119987101,0.9555096544110782,0.7615107058061203,0.3948534086382383,49,0.0,0.012891702311329134,1.3742595354740985,-0.34517189763892864,2411.8613795421425,2698.986119987101,2495.720582253476,0.0,420.1271600036521,129.05484581849603,16.615561471712084,60.11346314880758,198.96832852691068,142.8502465274883,69.93107996393346,85.05940062891332,123.54933137207794,49.086265458914454,48.22279457115236,111.49603606848962,46.53681971154333,54.323030174000216,1434.2752065109298,71.30857959031502
1829,962.3150089746218,2699.5660311840697,0.6629974169078844,-0.5025081527004448,0.3379487739869701,49,0.0,0.03988094374306627,4.61507118889275,-1.6604460113489448,962.3150089746218,2699.5660311840697,1873.54840981566,0.0,0.0,129.6851160817992,16.61591656298978,146.23117708077768,167.93432439970164,138.45888004372097,154.8396762942411,139.00002798978755,139.96222117073737,139.11792225893467,167.11651457939723,145.68848737624648,110.76427409090991,143.74278413467079,160.41141633453296,120.28070406200166
1830,2054.9595745752345,2705.802585515147,0.528762828046407,0.4688593051713632,0.48239903261795375,49,0.0,0.013777710093601032,1.6144878396160243,-0.5200869456072504,2054.9595745752345,2705.802585515147,1077.7070890944594,0.0,0.0,129.21002359901027,16.618605697937898,87.46826485815157,86.4069374243501,64.82642823188075,85.1166627948582,100.14326961542847,80.84867734009907,71.76771704629394,82.83496350029918,78.4000519499586,100.62851217696053,87.57023038923185,73.23884211032485,78.45653165662232
1831,675.1603493444698,2713.7856305130804,0.5167097755817823,0.2644956845027724,0.24625029437948767,49,0.0,0.010429640051202588,1.689684547160987,-0.5695140807428699,675.1603493444698,2713.7856305130804,725.6182974507947,0.0,354.94407874247565,129.80998145096387,16.621637901954227,68.12417588839047,105.78747067700158,37.54390897326503,25.685128547519177,44.93237581957786,28.682272957533883,69.071833441251,92.76685125179206,110.79448297708456,46.31606946958167,35.509397455319025,34.534139180307164,25.87019081217122
1832,2428.551803701323,2714.040102164943,0.6871579651360209,0.8945449231268489,-0.6521972971810716,49,0.0,0.013471354455111797,1.937741562218602,-0.7182396361384193,2428.551803701323,2714.040102164943,2390.4064120014564,0.0,163.20510969047157,129.04757749747162,16.621821065826378,60.17226683001926,36.771972020403055,106.92497482505874,46.277568230555445,94.60193382663608,52.05100222419556,38.096985842000606,53.267744280192325,1647.8514802066034,45.7099260859317,58.149783654920384,125.26043512698729,25.270338847952548
1833,1865.2214418364674,2714.5610970208218,0.48354582319440653,-0.24731084615011042,0.0009081257361709578,49,0.0,0.010566236590387476,1.3219723889790886,-0.3030559611735102,1865.2214418364674,2714.5610970208218,1003.1899296237042,0.0,0.0,129.29252197392722,16.62231653245755,75.32306554602576,88.41827716907025,77.09383900129757,57.40590756898039,83.4783624322258,86.69421493507538,84.1860992528885,65.66968212467337,71.88983434970585,96.65263303071937,74.40381473434232,72.93751600036148,69.03668347833826
1834,2021.944888386674,2714.791532717997,0.3951888155732496,-0.6181167520692633,0.15271257405200356,49,0.0,0.012988209088659875,1.5577484807833104,-0.48124334093760956,2021.944888386674,2714.791532717997,1273.1968337485234,0.0,0.0,129.22437526776162,16.62236390490707,86.97848389446528,121.06097082847957,99.88560381614946,100.76181048215986,81.3490650977533,95.14797112446556,107.03508595882361,112.72852658774255,95.34904896825887,105.59204688829047,99.49137187416352,93.32861193964196,74.48823628812943
1835,804.3233610303405,2715.299464931808,0.5789669914778925,-0.3714342069008382,0.7914515264221301,49,0.0,0.09363055373680401,11.456863459867977,-2.647664343267659,804.3233610303405,2715.299464931808,3955.219263296524,0.0,2204.2065327616165,129.75382189718232,16.622369169798976,306.6238731558408,302.8874487413607,283.8874728560463,305.5477132284814,294.11128188313825,328.9531257035002,327.56299273952993,308.91814565290343,344.34424321566166,339.27043859943603,306.0510495838904,282.97617174565744,224.08530619107725
1836,940.1921355873237,2715.7098143362778,0.44169409527764936,0.37363563947819983,0.12259721233669171,49,0.0,0.021594128734526423,1.6201602283036245,-0.5238949172625549,940.1921355873237,2715.7098143362778,2628.1400912190866,0.0,0.0,129.69474488465235,16.62262963277745,185.67448987158411,209.00484107043474,185.47609985361845,205.89366341693994,215.57438316957098,197.81214377211225,203.44511220689873,203.52978080684784,226.12984385476972,198.81902052100332,211.89179265369148,222.66376644379778,162.2251535778176
1837,1997.962902631434,2715.5441287898907,0.9137977788906263,-0.037004405300450446,0.33634675275359555,49,0.0,0.015536756996633677,1.2615764818232174,-0.2522839608100367,1997.962902631434,2715.5441287898907,1151.0180130694866,0.0,0.0,129.23480283596646,16.622686346613577,79.83408387825594,103.97409299951417,84.27658929308501,88.46809443138227,75.04232866301552,80.51020289482882,108.86366615784792,91.21125394028412,81.36601083820192,77.25852542717416,92.61762008846097,110.05703102620328,77.53851343123236
1838,1133.1772995829515,2719.655843087557,0.9474355896798335,-0.6562061814465447,0.453408961075603,49,0.0,0.023913549470878894,1.8568180085673833,-0.6719233488107278,1133.1772995829515,2719.655843087557,2813.8564476364904,0.0,0.0,129.61083338055434,16.624372113644192,207.43795827008546,231.86063984778747,233.5271820433172,205.7437713377726,230.07433572748442,235.51457864525923,232.4416542520583,220.90277792995272,209.22055553310074,203.12606978922145,234.2701535853466,206.66035622986874,163.07641444523523
1839,2412.122567805505,2723.9312684582464,0.8151015377627843,0.33818061950764783,0.010407699534513438,49,0.0,0.015305537011833974,1.9351850482050694,-0.7168062497075246,2412.122567805505,2723.9312684582464,3955.1125693484196,0.0,196.12334984033131,129.05471366394534,16.625954217262123,10.614859941137674,27.16228983423542,17.56644444795855,28.606440828298112,57.13961747326258,56.91404570738324,52.747867932406095,3238.155566863846,187.51359443939128,91.71495567234481,73.07420587716686,85.98242769282399,27.920252638164516
1840,679.181487300985,2726.3077660801737,0.9949863377401403,0.209613752226571,0.2816922495560554,49,0.0,0.012864027533839202,1.3679877903511797,-0.34020555302389116,679.181487300985,2726.3077660801737,569.6839429923473,0.0,215.4619690606152,129.80824364757885,16.62685834374173,28.881039358555412,43.19783545649828,24.308159645265498,49.364030207757935,57.929473644573484,16.93435087185369,63.2560295296663,19.86430091865567,77.83391742734072,46.93294774170741,51.262138483871254,26.096447472147773,63.82327223445388
1841,1594.7064733406557,2725.48969313601,0.3146266525791488,0.5484928015385946,0.9883016909392788,49,0.0,0.008926715413834035,1.1170885476848358,-0.1202189986948917,1594.7064733406557,2725.48969313601,1225.051757173671,0.0,0.0,129.41014822794355,16.626901490854873,103.26494146337221,105.70172248080361,103.98393525402228,118.2851022349999,97.15041870992209,82.13685844117475,84.87790333270507,96.93273191235241,96.95194563621361,86.59116404453067,98.02656445382964,84.25676369549522,66.89170551424945
1842,719.3862648820487,2726.464855582798,0.31030240244702034,-0.19479666695718698,0.7820315498282872,49,0.0,0.053940031335764936,8.710161436646978,-2.3500655110539532,719.3862648820487,2726.464855582798,3192.3186697318233,0.0,2058.1691470601,129.79076216411477,16.626956574056035,259.269982620068,320.45841302845116,267.36162546242934,242.28950665813653,230.377190279422,249.79032487825748,264.4987722175879,236.43531704643527,195.4629246342918,254.2248611701322,314.59060788548686,257.45432304281803,100.10482080830684
1843,777.8887448699163,2727.359348927791,0.39683287287641106,-0.2885965385839483,0.8971523957787093,49,0.0,0.03135156108742098,4.343534857992774,-1.5946082779718669,777.8887448699163,2727.359348927791,2140.3843129823763,0.0,1840.5983970850768,129.76532499238525,16.627374337365133,138.70098319519195,175.21601704988075,169.4917866129985,184.2208364783772,165.28665864500073,187.73418256685122,173.65770988862707,185.84556230177478,162.32606673361977,152.48597660242172,161.91782627006174,164.5762894689762,118.92441716859472
1844,1137.2665940753063,2729.682130938403,0.5311648504769059,-0.3781709837842112,0.6225903962124403,49,0.0,0.2931237515180157,38.91652018206583,-3.975334999514191,1137.2665940753063,2729.682130938403,10524.856997881518,0.0,0.0,129.6090595263085,16.628551149917783,767.708726536502,780.5091884279201,792.9038972399214,832.7065853910808,822.7353003766531,858.1489592393812,876.7341287840563,890.6680471094087,817.1664895993647,804.508729512354,801.3739151353279,831.8625262038731,647.830504325676
1845,1413.6019969752103,2733.5935649576404,0.5804928609965784,-0.20959537461884825,0.5030348869931366,49,0.0,0.05419852358535346,6.692012688755649,-2.0638918893971923,1413.6019969752103,2733.5935649576404,2254.125544549399,0.0,0.0,129.48889992146937,16.630262085660632,137.56799289611212,179.4335342919144,194.03607594682438,182.34255230155185,167.69928087149805,170.5463627266323,184.42468687803728,179.99457519889776,187.46570120551027,185.75027272535868,190.74240346764435,178.72230742473124,115.39979861468643
1846,1253.187205890124,2734.9298634425772,0.6019216095722929,0.016852936985632127,0.7459745252124167,49,0.0,0.03203765480915762,3.8412646529837784,-1.4611855748453433,1253.187205890124,2734.9298634425772,1642.4576843263935,0.0,0.0,129.5586550278307,16.63078006046426,121.38291299619387,120.4347705821878,139.5248111472008,109.31220062674359,131.37973670322458,150.48947733551438,146.26913457959157,131.14869879387874,120.74517980274541,139.61630178693875,112.82568682761166,118.71915785957256,100.60961528498966
1847,1562.9102478136022,2735.158568038638,0.5452861388886825,-0.217025227888149,0.5703852106076972,49,0.0,3.1557052184036416,443.6030081354497,-6.617486206250273,1562.9102478136022,2735.158568038638,82610.7612029441,0.0,0.0,129.42397463651162,16.63092929256677,5961.106815196007,6421.738402009618,6400.229937643979,6401.571131217108,6577.2978831501805,6614.530581134873,6600.638616088147,6589.382995106131,6633.697185860143,6324.5187135983215,6650.777334475335,6480.609021088628,4954.662586375602
1848,721.815650619099,2740.4244761268374,0.471324139060109,0.599730806339419,-0.27913693453864613,49,0.0,0.008067457524818666,1.2895372426045777,-0.2760847233467683,721.815650619099,2740.4244761268374,876.7387723367901,0.0,408.6874300165323,129.78971709468135,16.632774493102488,88.67354084394579,122.24320085987077,42.39225565470411,61.74635108830267,52.13915309896189,76.19562215857215,35.53219662004892,59.81375032458837,65.40703455720157,69.84743026859,124.33704285997685,59.06918445361937,19.34200954840775
1849,1530.7170960406752,2741.6873690222246,0.5675016544981835,-0.13170487643233572,0.4946635052330154,49,0.0,0.12401782461434616,17.12471443930803,-3.084058345525496,1530.7170960406752,2741.6873690222246,3696.5924183862626,0.0,0.0,129.4379740106097,16.63364787546878,259.0478227366169,282.70424276099084,307.26987264139996,283.48600835868206,299.3311296535388,291.23948566166166,305.7362646688889,291.43587398260803,291.795770034953,276.9743385670481,272.7445279911775,285.53061973255024,249.2964615961465
1850,1606.9689189053345,2745.3336440421463,0.5938898491275983,-0.20783112555248937,0.5885869336911335,49,0.0,0.11630519990799298,15.679785289418462,-2.9883502784827827,1606.9689189053345,2745.3336440421463,3452.4679271108857,0.0,0.0,129.40481598361416,16.63516923678602,284.61650054169286,261.7502111727832,294.06066482925723,290.65389608566835,249.99190960891593,255.20197947126192,251.00107740266787,280.3063415947512,314.1585094478535,237.35107028223888,270.87531292405254,266.14360694349244,196.35684680625008
1851,1094.2490408998035,2746.7239304781424,0.47170230127242607,-0.20617319857741964,0.8253497647699956,49,0.0,0.15262861516395781,21.197612318813647,-3.3157173627979923,1094.2490408998035,2746.7239304781424,5958.0555802888,0.0,0.0,129.62777285050004,16.635632492590627,452.581395702268,450.13669707910685,481.84875896745814,435.10542615785585,493.0303450312663,485.4053480442909,469.01981146853393,476.7339946508613,456.47579742300684,453.7960046582758,446.3998101326669,472.9922949535304,384.5298960196792
1852,1839.5796494076733,2748.1183976170114,0.9139827992488692,-0.41065163957007605,0.36456235570389983,49,0.0,0.05539099321454387,5.073104093165543,-1.763184433845749,1839.5796494076733,2748.1183976170114,2019.3355153035654,0.0,0.0,129.30366422697983,16.63630361504483,142.6703475558432,163.33157038102817,183.11205891892223,150.32833540739256,141.1550948308469,157.80675154217897,164.80611503115904,173.53899449719376,157.5892796024416,138.60781851108686,165.87813871591698,159.55877177377886,120.95223853577622
1853,2388.827435620452,2748.337664875723,0.5373811330227545,-0.5213012413299656,-0.025626287797508904,49,0.0,0.008320531769882927,1.3346125002989897,-0.31338797059875273,2388.827435620452,2748.337664875723,3036.1933123359895,0.0,223.48353814360934,129.0648250993106,16.63613953414713,31.667227468970435,57.80903647356926,480.71905946613725,196.8444457710635,177.21242862475765,82.02050399929924,113.58215388568121,50.936003467663866,59.71368453836792,1487.532903442121,136.8750911172836,94.46190920380633,66.81886487726798
1854,1786.7666569307662,2755.418113172352,0.6959788757355603,-0.7789829911142252,0.25439026481106664,49,0.0,0.0211300528964313,2.195312916013319,-0.8537410813908115,1786.7666569307662,2755.418113172352,1290.3096485804458,0.0,0.0,129.32662889252822,16.63935511560807,77.00116095412909,120.26139563732002,98.46627283132906,104.45063374644604,86.45869488743901,97.87747519068,125.14795153716857,91.89250699513298,98.32000540371915,103.65175035145084,83.55982856105274,115.5642994481058,87.65767303647266
1855,778.9238339115947,2757.1240446338406,0.5464941173497312,-0.44415978309907256,-0.06247090013028916,49,0.0,0.008138382122289074,1.006205877599986,-0.006717124657252783,778.9238339115947,2757.1240446338406,1032.7539493611348,0.0,680.9061831672323,129.76489737507274,16.639775968885367,100.86469642998455,94.44188424982805,101.50363389932798,103.2196393580649,68.50630883406865,98.3338737646296,65.84616911632928,58.10265826489327,75.11059709455509,58.65484644273219,80.22611810325526,78.36192991699505,49.581593886470884
1856,2203.2497433525414,2758.0233297759814,0.5831152353320306,3.929715234315052e-05,0.8125669775321489,49,0.0,0.020829081299236413,1.981148463094725,-0.7422925546803792,2203.2497433525414,2758.0233297759814,1596.1176680279946,0.0,942.5495769823095,129.1455168320853,16.640291755937813,124.9507190154029,127.18689022295766,120.84877108586201,149.27251992879724,125.09886273151946,125.51888733655147,120.790274092917,122.23226695142456,133.4396698647525,122.4348790725203,107.61417053592979,125.89193966843767,90.83781752092173
1857,1798.9895686911645,2766.0290125413394,0.5371280845550686,0.013356110320836657,0.37498447550210867,49,0.0,0.02615897928862715,3.34559470400652,-1.311183319991855,1798.9895686911645,2766.0290125413394,1515.4869410502927,0.0,0.0,129.32131169755957,16.643773874729852,121.03742662793901,131.65926492449032,116.82746504163092,111.5414988419061,121.58300832010204,106.59145160758565,125.0328856124052,105.31379310533725,132.91294534190914,129.6667272511919,122.81300660963731,104.26380054276615,86.2436672233917
1858,1582.9424971306928,2768.315920785256,0.36702306458574485,0.037244252686165116,0.5194816958219669,49,0.0,0.013924513098247132,1.5098981179975808,-0.44736910948421116,1582.9424971306928,2768.315920785256,1464.8839962297252,0.0,0.0,129.41526429359837,16.6447443876467,89.66514076636042,121.48310309985578,121.39478034785412,126.63375309770396,105.71456966906527,109.77894869316742,108.53267572139524,133.710009448733,108.10438033439655,110.9351006574702,101.24572055802777,132.76756799965318,94.91824583604242
1859,1740.5333136883387,2771.5319107579667,0.79404963746865,-0.17222655880822452,0.8282241636823684,49,0.0,0.013121819356789827,1.00922750539016,-0.009972695568033183,1740.5333136883387,2771.5319107579667,1119.5516073308152,0.0,0.0,129.3467318824278,16.646075544176387,81.0016878025658,104.84484952101411,92.07051980499222,91.17363003585773,73.67206788861454,79.6908078899757,76.09457457597271,84.03536491529603,98.05700133022705,79.30469951157079,84.78394297679647,95.65119566145088,79.17126541648113
1860,1752.6105503191031,2778.504173350796,0.9220538548515601,0.02377440529481713,0.4746421658136426,49,0.0,0.01962125081196832,1.6730450648125783,-0.5587690979765821,1752.6105503191031,2778.504173350796,1224.041130150923,0.0,0.0,129.34147881264616,16.64897884160725,98.84178887256499,94.92489834871292,94.25432217062618,89.53695325031691,95.53321831451662,85.13448659856675,111.86840621756777,96.43271123595599,92.12132836683796,79.14833274858267,119.13207766515244,91.4386883026294,75.67391805889216
1861,1854.4780954005914,2781.229771081521,0.45805950111546373,-0.08960227985660424,0.4345788708864076,49,0.0,0.057048178267808836,7.421655265879825,-2.176251944014934,1854.4780954005914,2781.229771081521,2872.2948539239096,0.0,0.0,129.297177866973,16.65009568109542,221.47460634726124,214.55033143261565,205.47025510016792,221.91268290687452,222.7993707513721,220.20584386153251,236.14544624659365,225.2123508768795,232.82851745980722,232.8686077539694,238.24834912277993,222.25900577593166,178.31948628812444
1862,2255.1119590928542,2780.6988553602596,0.24672621713961024,-0.5632444221815849,-0.5271454471100766,49,0.0,0.006912660091164535,1.457590402625722,-0.40908875016243545,2255.1119590928542,2780.6988553602596,1309.051052994007,0.0,706.3485013601105,129.12295071486972,16.649709567824132,91.07283920113143,96.85344007585219,86.9385551922806,75.32800369032175,156.70096764346533,138.86675752428636,77.89097448272476,102.44721976670056,130.7243524728138,110.76128112773834,93.32114086855343,90.75081137286307,57.39470957527553
1863,1774.4538772654107,2781.8940034083153,0.44867491720129327,-0.4642326403840901,0.34222417848427816,49,0.0,0.03697514913616469,5.178440806357703,-1.7854975407108775,1774.4538772654107,2781.8940034083153,1961.9868753203682,0.0,0.0,129.3319790039415,16.6503879389925,156.48279358516584,141.95914234931712,146.61038942075777,140.4379722248605,162.93732935122583,165.13427322354477,136.8204197215592,154.49423785251327,160.25393304113388,161.68943634931426,157.44643250648613,159.56856406357988,118.15195163090974
1864,2307.825169399212,2782.5479896271627,0.3494164942259123,0.38120920731575075,0.2253007639521235,49,0.0,0.07346136995815024,10.266059783252876,-2.5285094724938286,2307.825169399212,2782.5479896271627,5918.40517657113,0.0,2085.685565086506,129.100025964847,16.650447447824934,443.15933021053866,435.67501984538376,456.73304637907484,559.2462369068039,362.57252494800997,287.2188989979744,481.5008310719591,686.3829479076876,612.2385161989969,636.8853879929734,313.82198618098744,458.0707746339902,184.8996752967489
1865,2076.1784473001508,2783.947665958062,0.345477220327003,0.2262087423977993,0.35840309841103085,49,0.0,0.00852221282884951,1.1335776503593094,-0.1361281869117843,2076.1784473001508,2783.947665958062,1055.1573346864225,0.0,133.40096048225357,129.2007632731905,16.651154757181082,68.15078948473081,82.08261299886621,77.3287043470016,83.4081052975404,73.45891303912512,80.02787178806906,86.01612776504358,94.63364449214045,91.75239149076377,96.9391127415744,74.97834334347985,89.8876045312473,56.49311336684
1866,752.4318435619527,2784.7497641919754,0.958502298966729,0.17199555006966213,-0.5266589294093083,49,0.0,0.013932010652583284,1.5623141127193096,-0.48442088964385377,752.4318435619527,2784.7497641919754,380.6645007768817,0.0,79.98745966930083,129.776438815912,16.65126558799064,0.0,23.959033150143974,5.593787094261348,1.7722040056669188,46.71269172090156,26.057196864051726,61.224080448146815,4.811206003449962,51.920429816048966,87.96618160493821,47.86259770221038,18.92854498050434,3.8565473865574886
1867,1616.2263005286586,2784.7233411071334,0.8240416129501941,-0.23310775083252702,0.5958281099700903,49,0.0,0.01325809882938928,1.0409488325701353,-0.04357345615245775,1616.2263005286586,2784.7233411071334,1251.126243927089,0.0,0.0,129.40078982303166,16.65158034034183,82.39444294833035,90.69872333763519,94.51763167637334,107.85849984682176,98.71118997053651,102.70186855945227,97.49334002182579,113.15272906284902,111.95955034749659,86.67832182327365,95.13571666424552,99.89570833900925,69.92852132923977
1868,768.8178441135242,2788.1509721522334,0.24658419873047155,-0.130488451311149,-0.2922616678384921,49,0.0,0.010494272345650195,3.141240002762396,-1.2427527985682068,768.8178441135242,2788.1509721522334,661.5919683964862,0.0,188.5013147152358,129.76931562428288,16.65269509522022,87.3443934225052,17.048506485746152,137.66394949259256,53.82758092283983,14.00029505145469,54.17757255911295,83.04732168714318,24.898914403289037,49.525413693516555,20.732978609509747,39.841457374130464,50.33488942952188,29.148695265123877
1869,2233.2619797636316,2788.874052857359,0.23846948548308886,0.26332346394956824,0.5406534733546161,49,0.0,0.007212538168078443,1.5060484119756097,-0.4445973312485839,2233.2619797636316,2788.874052857359,1119.9768852826219,0.0,659.4824797661765,129.13244795488674,16.653128352048416,66.09516199096464,85.07800745855292,65.18217210482213,71.45217961191375,60.39420590493848,83.53275342778034,137.88426186111485,111.24617324587665,111.9427226951516,76.40152315074414,60.51597386618749,125.48920216955956,64.76254779501544
1870,2327.7678583091906,2790.042039542312,0.6607699852815493,-0.2535564874899659,-0.09410730368544463,49,0.0,0.029030346832693846,4.5214826304172036,-1.6382021670216296,2327.7678583091906,2790.042039542312,1069.3395452803124,0.0,74.85143958854539,129.09134841409434,16.653556727191127,85.23263304065514,163.3564958848117,176.91626772711948,51.72842385524754,118.94540539216075,24.723656778764592,147.8523170394046,43.75604821741326,61.59298745096653,78.31281352633823,23.200150175719184,56.01313641259662,37.70920977911492
1871,2228.55087098728,2798.026287917249,0.7873295308025183,0.09400911718293314,0.5292052928325621,49,0.0,0.011640851800788143,1.2058904079708987,-0.20326960164927355,2228.55087098728,2798.026287917249,1331.3524726284663,0.0,606.4201859009474,129.13449145153112,16.656944144792345,84.72663915776434,96.6503683085308,94.61208210717999,136.36076703902444,138.37345605578,79.08709573358064,164.02853635430006,90.48511630879443,128.4837251597946,70.26398281452839,70.80097982962906,71.83386719156555,105.64585656799393
1872,1816.5518606509506,2799.074391270492,0.48300426319937334,-0.2972244119775731,0.5455522255247613,49,0.0,0.0523582100739042,6.626875261121023,-2.053271989659925,1816.5518606509506,2799.074391270492,2561.16943843448,0.0,0.0,129.31366782516847,16.65753844957975,156.8191809451742,201.9351301060904,165.92980161477706,236.95701708894774,206.38496176327618,223.325804428869,198.99735612570362,185.90858289812556,200.13453416007252,190.65692017090524,204.88185021784832,192.27134047578707,196.96695843890262
1873,1463.6800135886285,2801.061297751375,0.37266285256434434,-0.19063172322237182,0.7075842900963488,49,0.0,0.024644239050299586,3.6963795842220364,-1.419441407228127,1463.6800135886285,2801.061297751375,1595.2111229870754,0.0,0.0,129.4671324440065,16.658378936846017,135.2627715597446,98.61664338202664,127.19431968384197,142.7728011779339,109.42017598252713,129.3973657809363,122.76630572750449,131.12317222305833,125.71031779355829,126.30280859330426,123.10953896952674,132.62278859144322,90.91211352166962
1874,1548.6097303497313,2802.6429441408845,0.3681980589529017,0.36326153723237564,0.23745240315319532,49,0.0,0.010743296591586236,1.4703244684379062,-0.4185329615346891,1548.6097303497313,2802.6429441408845,1173.8433873519198,0.0,0.0,129.43019632841586,16.6590451709246,99.51768854027449,92.01281624452398,93.13333383538566,72.04143765038961,84.77425234274756,115.65152016972701,105.09787524400147,80.46567078228041,88.9729564670308,83.50024426468258,96.36285632036635,90.55863747843289,71.75409801207695
1875,819.628013765027,2804.8576935668116,0.43595707153546237,-0.20697492367474832,0.6077559262066304,49,0.0,0.017743431217707908,2.5677297507219725,-1.0238732825785362,819.628013765027,2804.8576935668116,1211.298148364315,0.0,769.4436373176338,129.7472315301518,16.659692707116545,53.454862480496054,102.78975083648828,74.45557800404511,100.2204296725296,90.18498661785807,107.98563588167156,77.77129823874046,126.74381594770563,115.27010533338631,91.37900982169246,127.87861260158523,105.03562047140909,38.12844245670715
1876,2237.3806266180736,2804.4758903076613,0.9224287841142172,0.10006542697622288,0.4895030974826068,49,0.0,0.010082751633754754,1.0398662691799803,-0.04244372735368571,2237.3806266180736,2804.4758903076613,1200.8815608946989,0.0,493.5447901041222,129.1306477016133,16.659626180616378,114.40375373835653,203.77950370215072,91.60379249210544,84.30911948241068,210.1822767300476,54.35369610341224,94.89938177347256,47.11339240070497,90.93137206430994,83.65434448663561,43.130986274803035,43.58704922666429,38.93289241962521
1877,1360.3028251310693,2808.9306574987495,0.3800584635899776,-0.23962374687382604,0.5477905105983707,49,0.0,0.010682113808371725,1.1250971070442657,-0.1279750199705636,1360.3028251310693,2808.9306574987495,1791.3158933122759,0.0,0.0,129.51209316305108,16.661639912421744,122.2174613723641,169.68920177869632,125.90734537534156,145.544099693614,135.7195886977648,161.97594766501305,131.4751932521246,121.48415077728326,143.7809607161877,136.3651536639954,163.2948002477324,124.70059424361048,109.16139582854807
1878,1633.7985171719554,2808.006750810771,0.7234897292390238,-0.22875718380419013,0.38504373375900747,49,0.0,0.027394691112540184,3.19395873873581,-1.260823253476808,1633.7985171719554,2808.006750810771,1507.1141168483,0.0,0.0,129.39314716039726,16.661280636713805,121.5741411987816,118.2792920916054,110.91650180710056,106.68491901883218,135.09164232840584,105.06009598232255,108.51579655594284,108.23695361035661,116.07690235579096,112.789137928063,129.3543328341732,122.88741676487355,111.64698437205156
1879,1566.2023707436679,2809.631380266098,0.5215810296930677,-0.24615077336506977,0.7072765423721418,49,0.0,0.19393531981432893,27.21469960065701,-3.5870088622034597,1566.2023707436679,2809.631380266098,6105.578684995096,0.0,0.0,129.42254542711382,16.66195748274662,401.28218055874765,456.59659235222693,491.4976979586578,491.84928902148437,494.32279037420494,493.7514235615065,467.08608973173705,496.2166040318932,471.8770671410279,455.7534205849836,517.216485313711,494.13486753308143,373.99417683183333
1880,1903.4176533701338,2812.404273553281,0.5102448903482472,-0.015166735685063095,0.7973579680357252,49,0.0,0.03772423083893759,4.19472345339116,-1.5567583356620116,1903.4176533701338,2812.404273553281,2338.793580958797,0.0,0.0,129.2758862051601,16.66307169200686,202.42804835492922,184.1396957904158,218.13977068938794,164.7264170447854,195.53993553890547,192.2365649890387,175.9099034197937,166.88539387331625,168.7012470830515,183.77828633149204,166.68293224345553,184.13915307041822,135.48623252980738
1881,1105.911164509606,2817.903685362275,0.45908515808486927,-0.3648887366382866,0.8163813207510936,49,0.0,0.047961839981162276,6.469163104280123,-2.0271202524051914,1105.911164509606,2817.903685362275,2511.025060976444,132.3716151970902,130.47510250968082,129.622733948632,16.66529360785772,149.1158633997603,170.78458869466002,190.33376990152783,181.10310744878967,180.65911084068722,212.425910613175,203.9664283561678,194.09544661099326,219.9069803110296,206.14892434335042,229.95795803899654,239.20939534638168,133.31757707092447
1882,1855.3060776019088,2825.426105621245,0.4622889538929853,-0.2751391934823545,0.6167430726718153,49,0.0,0.16371627305564773,22.464726228438025,-3.3787528258288257,1855.3060776019088,2825.426105621245,6591.281289926398,0.0,0.0,129.296807445564,16.668509186291566,487.8324949366171,493.0869081273288,510.4835298569074,494.39541588899,520.2246341580219,520.9337695266686,521.959927957723,517.367799309956,519.0285161885615,535.675163278482,558.0241976894133,509.46169410085065,402.8072389068782
1883,1584.2371074542318,2829.0111237514993,0.9126108423114648,-0.016471371616393223,0.8160571997905615,49,0.0,0.020966373013841858,1.666414514592555,-0.5544575992323267,1584.2371074542318,2829.0111237514993,1333.946664700184,0.0,0.0,129.41470220908406,16.670032154895218,91.28207722648736,112.92350249143163,99.61626404128221,101.26056651730548,104.6331026919362,98.63625242643293,95.29449203670306,90.7818284380874,131.8809723233923,121.85738611204542,105.40474095478716,94.27366062633459,86.10181881395837
1884,2234.3815253911907,2828.568516593346,0.352434427623928,0.4696272546321207,-0.19773373561784757,49,0.0,0.005819632318297224,1.320956439959694,-0.3022212412409881,2234.3815253911907,2828.568516593346,4650.003643856129,0.0,225.23210277546346,129.13193796918162,16.669665601968056,3760.453092766652,88.94324854974778,91.56127764522023,142.16540519266596,57.96708114905148,49.630244356305624,33.86344791218528,24.89490701630995,105.63552594337989,189.76127608358794,34.853268299059664,31.83923299519781,38.43563594676548
1885,1500.2090644044642,2830.361880444666,0.43718393681789985,-0.05151154338599434,0.35475188346456776,49,0.0,0.010776173915807277,1.2934349400164722,-0.27936147130081557,1500.2090644044642,2830.361880444666,1092.3395741341774,0.0,0.0,129.45124855322098,16.670590482252177,86.90625562600124,93.79205591130452,64.39979799892612,76.9433339537837,87.29487527526618,88.3171899784143,79.83382568177367,99.73082657719354,87.255117614477,75.72586025924463,85.34093102999782,96.89803239138746,69.90147183640731
1886,2149.3518180382307,2830.698545360001,0.8590878128862645,0.012944658079268763,-0.9339972333178237,49,0.0,0.013822431973707278,1.2664542899388107,-0.25647379860976577,2149.3518180382307,2830.698545360001,1542.2523062701066,0.0,944.5496591219394,129.16891799485828,16.670598654447645,111.4543705208558,86.66875107736544,118.83409841539509,132.6022323535947,125.98855214031816,102.42396013505392,109.02247628192552,124.55204393604276,110.23052879508313,127.67162929327273,182.6263258617121,134.30990446398712,75.86743299550011
1887,921.0245270565232,2831.5860810030854,0.5178800799578969,0.34024324611057805,0.8915380369235061,49,0.0,0.009491658949496141,1.191455745215749,-0.19019478945999566,921.0245270565232,2831.5860810030854,1416.5381461290585,0.0,655.31101963836,129.70315154348017,16.670895640421506,128.67619950892276,130.38003287774163,158.7639988351757,93.68292350866257,71.80779519609825,145.3068819556655,106.09176221979934,146.837310994936,114.63101565714575,79.20826935969161,66.19786319082168,112.95715350269084,61.99693932170693
1888,935.1394466997174,2832.5752310058797,0.5263001983106773,-0.1693979713811622,0.19995134463081002,49,0.0,0.015225258755590347,2.288092157314855,-0.8986837812981918,935.1394466997174,2832.5752310058797,1367.350148504794,0.0,760.8721175841836,129.69701328761352,16.67131635924352,79.40804596923519,96.97061494259106,96.8254799631481,89.93658920992415,108.8491459213043,103.54562545268311,83.73266755140955,112.46024495438198,93.13105860070107,119.3085833529723,113.74176129784749,164.75387427430877,104.68645701428684
1889,1170.4586948349217,2834.67706987543,0.6018835767101844,-0.438082644090845,0.8722395072826412,49,0.0,0.14465006391112065,17.003848457681606,-3.0763680644430287,1170.4586948349217,2834.67706987543,6061.924680222316,1.0,120.40111178124792,129.59466799164116,16.672308991402158,439.580302014939,478.38022599449596,513.6096756747767,490.93276716089883,469.6595551275301,468.9137061444602,491.7492273636059,477.3523184092738,469.1489919030629,441.2838981936209,481.3636082526308,463.6301652593019,376.32023872371906
1890,2127.219019029956,2833.960072883355,0.37491144345964666,0.3344282087755354,0.7973578128757588,49,0.0,0.02665371534503354,3.713169352007076,-1.4243618929717572,2127.219019029956,2833.960072883355,2157.5357007291323,0.0,1626.7111059146132,129.178542485261,16.67196830357431,149.8890538350351,163.8289705277958,140.4095544843087,138.01037347127914,141.15547453004845,157.70670018381202,166.69699168519003,150.27735319154357,205.22949526374583,169.22004567742772,267.01212844171425,202.60041468719226,105.49914475003949
1891,2167.3079035019564,2834.7643867369306,0.8050515984964094,-0.14467143080591116,0.2444163818178139,49,0.0,0.010707939436375387,1.2169395203282654,-0.2131724878093928,2167.3079035019564,2834.7643867369306,1212.6675861301421,0.0,502.17184830284896,129.1611063683971,16.672283515608363,139.0919736184564,92.84381238660222,122.55994780712973,73.18108062370104,108.92839086373883,77.6709640408299,61.45050144083733,136.39433148334422,95.42559433536204,103.39527611463356,39.84181621887253,93.26250766939654,68.62138952723761
1892,1364.3857160537952,2837.035245074478,0.5351376095986095,-0.2815021711142137,0.765861544038804,49,0.0,1.445396506562342,190.0939459154433,-5.697420714344254,1364.3857160537952,2837.035245074478,48106.71166274467,0.0,0.0,129.51032357348993,16.673350094771784,3465.325005862772,3695.4354319314284,3764.790916577077,3818.0046730530166,3837.3607563409396,3809.3068217693644,3840.9310436778023,3717.964332485826,3843.7861794436812,3634.2496657937445,3832.8096690708853,3907.7063732041465,2939.040793533968
1893,1738.6431437972342,2841.41642059207,0.32074340847970095,-0.09534314763663018,0.7379087311669861,49,0.0,0.010883872802558007,1.407075293895736,-0.37079334388630875,1738.6431437972342,2841.41642059207,1206.2798977298303,0.0,0.0,129.34754500219202,16.675192072077877,76.9868054984268,84.360436669296,83.65760049820952,89.53732154255505,100.65746916208205,97.36542789595543,88.64099795747097,115.88368301941277,102.04743726442878,94.28091234792446,102.53607869150926,108.65504757389813,61.67067960866101
1894,952.6964507404354,2842.872967486351,0.49302978423582683,-0.2298395681149247,-0.2955839439325775,49,0.0,0.011922782684012695,1.737940086170782,-0.6000870012052016,952.6964507404354,2842.872967486351,1399.4612448729035,0.0,740.8213156977897,129.68938349975926,16.675617143108134,117.96765294130259,102.92926717805918,84.83821020619754,80.37954373917,156.29110820196075,87.78404206173026,80.28631673553431,122.51967837352686,135.9864883025735,101.662771966405,88.80055568651065,104.57153245513814,135.44407702479452
1895,992.0427775496601,2853.618661203047,0.36592914453109304,0.7683262483895743,0.2724155682941933,49,0.0,0.008127877875058623,1.3225124599213829,-0.3034994309733714,992.0427775496601,2853.618661203047,1099.592922757834,0.0,708.2228792290034,129.67227653906895,16.680116529641662,93.54062473954619,95.80383304292502,94.1412587573146,84.36903900779785,85.59299433150841,90.78913336021483,73.90025744422628,93.78716288787166,102.13499434477191,78.34683947871544,77.47314889503261,74.2357457749491,55.47789069296021
1896,977.9123121919396,2855.3731833690094,0.752363129887759,-0.498825433476784,0.7755933018855221,49,0.0,0.07586575514026994,7.749792013681324,-2.223225118032683,977.9123121919396,2855.3731833690094,3668.540430337527,0.0,1872.8992033928116,129.6784234764572,16.68083961567684,362.42013210850746,294.4020992310905,315.35600011860384,295.23924997698,425.66689983408844,239.33160469724754,290.415503430503,296.78672304761517,235.55118854966804,227.35356771007923,200.5181760723352,268.63291856158276,216.86636699922656
1897,1177.361926967209,2857.118152434429,0.7881720507603096,-0.8458810450057657,0.8214413672746835,49,0.0,0.012389959529710592,1.0663704723927752,-0.06977027758984791,1177.361926967209,2857.118152434429,1133.0887834798714,50.217312678817564,402.76064496078163,129.5916742966927,16.681661299672253,85.17907967669066,87.66422696263008,84.16601384327778,81.93187661341001,80.73164633756952,97.90623756064397,92.36625319779974,90.20882025783082,101.97101796422676,89.62938411646729,82.40518569484998,85.4069661440504,73.52207511042442
1898,1176.154468952037,2860.313471905283,0.44593060864148454,0.1898572033997013,0.9224576862589478,49,0.0,0.008918887616967306,1.0143787060063876,-0.015500309642179043,1176.154468952037,2860.313471905283,1102.1576001277874,47.16220320995514,458.09978068066755,129.59220072681643,16.682992099913264,87.5278868226013,82.78372899550564,82.63895288245463,75.38498972298375,80.92359340766835,98.83179116636745,81.41403671562395,90.27030196065051,96.60598663795237,81.87856491790109,94.8538965246438,82.79854724514352,66.24532312829098
1899,2187.8837788916226,2863.45346960131,0.6665430067785273,-0.8241983086405715,0.4497373048593186,49,0.0,0.013441677523556397,1.8847988702049974,-0.6881625319506123,2187.8837788916226,2863.45346960131,586.0792574175395,0.0,84.15795268254902,129.1521419038018,16.684225421878523,0.0,56.06956701723199,3.973964834658923,90.42604670665895,95.09416973054458,46.010789872643265,51.552545948681164,48.532170602425836,31.63305648374689,91.74557023626986,29.678031190932664,21.578787011472635,19.78455778227269
1900,902.2434460024973,2867.2877224020563,0.45584391759774745,-0.6571603572911923,-0.6184681026352625,49,0.0,0.00636094537623782,1.2596490705379155,-0.25062392637193065,902.2434460024973,2867.2877224020563,397.6520594158568,0.0,60.53673794801943,129.71134270580797,16.68575815103558,0.0,26.23666257344441,0.5576152931450941,8.452966916479323,0.0,95.02551392422814,22.92953665024101,50.697087734554444,34.84539495004027,15.867064163848347,28.498160905025813,104.64887420603668,9.893182098813234
1901,2123.9209689439263,2867.4089866657287,0.38563209444064533,-0.017499465050888487,-0.4724208443129271,49,0.0,0.005498322138449273,1.0200550901242877,-0.02155906835309282,2123.9209689439263,2867.4089866657287,1083.1475188980894,8.150492222347228,465.92361638634253,129.17996080782274,16.685905660847638,73.11671480434383,97.44661134433618,153.3685303846755,109.11237731094009,86.14383215312839,44.85856777688678,80.1191994789103,52.7539069836285,66.9503518826912,191.22158382480433,41.41170172063558,54.90972818470528,31.73441304840341
1902,972.7721324538312,2868.862906795869,0.6936130061321147,-0.09804843718069539,-0.8525026033353044,49,0.0,0.010015307778850837,1.2460367823104233,-0.23882715660777498,972.7721324538312,2868.862906795869,1153.9289932982883,0.0,495.5128522202014,129.68066694458165,16.68645687981403,102.74247017259752,93.18634268195181,124.14796547434536,59.87898452377148,142.92098088942393,55.243076697772985,78.18977547977502,91.96933136047238,55.87346797812094,62.672172663753365,129.1989528408798,76.00935861792749,81.8961139174962
1903,1519.7555807103572,2869.6969358529086,0.441313084497606,-0.1842480419281961,0.8092511719717557,49,0.0,0.01649532668712331,2.026816523488785,-0.7670360904758686,1519.7555807103572,2869.6969358529086,1427.5929162917105,0.0,0.0,129.4427501056706,16.68698033760298,110.13560715810137,104.89798714130427,113.89738358161594,97.93146855631053,110.20136187225265,109.81760085150086,103.58160322790347,127.27562380968384,120.84639742189317,127.77680982914839,114.33267319348154,107.3513760303921,79.54702361812267
1904,2061.709030369443,2870.6142754782436,0.3494668537305174,0.44478239008665804,0.14038484986797345,49,0.0,0.00800994075880606,1.1264093711920982,-0.12924063734329783,2061.709030369443,2870.6142754782436,1134.9005275896882,0.0,665.6950765200288,129.20701903862312,16.687268891343987,102.20908614019612,105.31689761000335,67.5798032817198,85.7019296051925,81.86832582160984,84.44575115884714,132.7558443351376,88.79910850698447,98.07609613109958,69.26980777746383,60.32103954374587,89.34176754832097,69.21507012936709
1905,1366.8741756359043,2873.523142282702,0.5131563699577869,-0.24989862256163067,0.963716360188401,49,0.0,0.10600837075435647,14.198505934410251,-2.880606618250062,1366.8741756359043,2873.523142282702,4473.85984423109,0.0,26.993612932217758,129.50924908848145,16.68855262596485,364.46909520953955,358.17693369774656,362.7851004402438,351.92024643515015,361.00449200474577,316.0769428293576,341.248477031767,324.8056570803046,375.795751187799,343.30211034550234,367.94775464827325,363.031869894655,243.29541342600535
1906,1346.1685829727724,2875.008965395178,0.6516036755981945,-0.6823655769319644,0.6885758667411194,49,0.0,0.020504057329364785,1.6469189198106553,-0.5416805468837129,1346.1685829727724,2875.008965395178,1959.7624708673006,0.0,113.72125010084964,129.5182557132603,16.689167076040615,155.86918339190464,164.09609403275914,171.06097941355551,169.80424729402898,144.50046611350893,159.9807972372738,142.70766848312053,140.7048725082624,166.04088499218415,145.28941410041568,132.58216294812513,163.84978392112242,103.27591643103911
1907,1856.1806814259455,2875.0380352623843,0.6414689781232443,0.04458796737484154,0.6705534127896848,49,0.0,0.027826433324608803,2.6690239338017974,-1.0658811705791544,1856.1806814259455,2875.0380352623843,1856.1675274469264,0.0,773.3395512622545,129.2964154038054,16.689178874880934,146.93277343352884,155.49213099847742,139.27608951245236,156.30248608570068,142.70933066247107,157.3727708806545,134.2662713009429,128.36921708944132,160.35875932887603,135.3849302924858,146.0363890394819,133.13071670157427,120.53566212083936
1908,1007.7236240127829,2879.4807319265014,0.9430808233226601,-0.24951290855292055,0.5240994589215193,49,0.0,0.012367759234373504,1.1423424058813223,-0.14449074728809191,1007.7236240127829,2879.4807319265014,1142.5716041727756,0.0,522.4635532369826,129.6654703595509,16.690899920602796,115.70414749791394,115.14300412391518,68.58833562034718,94.04801415126269,59.11676007680059,120.06087916669783,96.43891017825541,103.91474993653696,66.21307903428281,52.034664375298476,48.71095457510886,114.05621199953099,88.54189343682468
1909,973.8327608356974,2889.621363798192,0.33040768581762686,0.17654559381236973,-0.6030156569023748,49,0.0,0.0065170690343930564,1.3408667111666757,-0.31846402240337224,973.8327608356974,2889.621363798192,3504.489112560093,0.0,123.88416518822531,129.68021757256557,16.695105995758247,22.349564999099968,78.66702186852076,68.41693237806508,10.988076903403407,38.74294598327826,11.809699852360694,99.36433903183958,53.72842610194007,29.36857854123351,73.20592879364717,135.9574506516379,76.64839587314694,2805.2417515819197
1910,1994.330863523862,2894.98506758589,0.22005148896767399,-0.31664450715581016,0.4199701379250168,49,0.0,0.005790003761937923,1.0636564757644293,-0.06700347128613371,1994.330863523862,2894.98506758589,1269.7886943964754,0.0,682.5793759337469,129.23631719960622,16.697448622536264,95.93545559840949,77.46951040710795,115.0296133815888,67.39712718516267,103.3437329826669,92.6983475566463,145.6101499330578,71.47584075365668,121.11768997211726,109.64785700706297,59.43708124377487,138.08744749800468,72.53884087721904
1911,1891.0911006985446,2898.6022062500483,0.42961023018403977,-0.07879490776199226,0.6108131323718986,49,0.0,0.012125294707219023,1.2310966529410798,-0.22573037642084517,1891.0911006985446,2898.6022062500483,1403.1049512042973,0.0,1179.732234786124,129.28122414804037,16.698987735078937,96.98157159957401,98.01157203377386,116.65566298458351,119.7942096411343,125.28336999678717,112.10278470929816,122.21628388521144,105.12575592741752,108.12271984921139,123.05554396238074,102.77942019506408,99.28245526883234,73.6936011510289
1912,1113.0783441185579,2900.089808461026,0.32259405900772886,-0.5369745256680761,-0.15578851889751208,49,0.0,0.007307983659209917,1.3546350375578609,-0.3295557610439503,1113.0783441185579,2900.089808461026,1082.4482382325195,0.0,680.0984897073481,129.6196536610428,16.699537915310902,84.82357224721915,75.16722990260925,71.0202370102713,95.99842891971504,79.71981853367478,86.26814710904449,76.8842992048589,123.23771198186178,78.75092265368963,68.29095824336412,113.07366822846461,66.68630307415265,62.52694112359376
1913,2016.3693625166525,2900.2009010427946,0.30114282140384724,0.7383190267930366,0.45860908022746805,49,0.0,0.006956589646024828,1.3242136642953917,-0.30489516241533476,2016.3693625166525,2900.2009010427946,1433.1287732076082,0.0,627.7746072154105,129.22672877954128,16.69961357347484,160.9217513638364,92.49607328786196,75.75479171879267,119.9744301407357,73.76188708395969,62.3080704168558,105.3254510935595,94.63200223164313,147.27972794219693,103.16289180968548,174.28104142405599,75.23969533143944,147.99095936298536
1914,1970.766397168264,2902.1762798236336,0.9178255764346022,-0.30628796292933225,-0.17877163126371584,49,0.0,0.012667064154238471,1.1151044689757015,-0.11828889082444913,1970.766397168264,2902.1762798236336,1348.750660901826,0.0,783.9069425449812,129.24656496329067,16.700452864238983,85.00953269494832,107.68718617054526,127.10526987887066,129.80667170273296,99.51708052466606,91.06664826223013,121.85514792015236,114.21365625850768,81.45538629120001,62.877010189384684,115.55703930489719,148.7528556170899,63.84717608660098
1915,1970.9051096331768,2907.207470084943,0.7408866460266283,-0.32378370658215544,-0.6715710771826564,49,0.0,0.015742162203217617,1.7509913994375306,-0.6082100322760126,1970.9051096331768,2907.207470084943,1344.4672868576988,0.0,712.1718804684408,129.24650291162334,16.7025489500193,100.39467825071264,103.89961459430526,155.25848142925668,118.87589973095783,84.27576471534044,80.36441909592199,206.7231081603485,99.46154473065963,65.85291005678485,56.90102202360269,71.11807042205292,131.9724308669605,69.36934278079482
1916,1998.0371964811848,2909.261203589064,0.5602269109897842,-0.4276433791652672,0.3037593763765179,49,0.0,0.009933467438867864,1.3134516549456383,-0.2960352301544076,1998.0371964811848,2909.261203589064,1154.8495363414036,0.0,535.6050510185656,129.23469978207217,16.703395119823355,48.9495833170432,99.54959615102173,76.53242323227934,104.35238801901025,81.75935406439478,60.42751451183449,145.18267691325786,95.7185869004964,71.33849131604408,57.355615293805606,70.09892649141267,173.4851484758942,70.09923165490895
1917,2048.1891554135204,2910.2061607369596,0.27436771249656916,0.36353126582393824,0.3754940371908044,49,0.0,0.006376196224042043,1.6178225641222852,-0.5223272208046585,2048.1891554135204,2910.2061607369596,869.1803267826898,0.0,234.95747463442788,129.21288338111992,16.70376954419763,88.3914059062082,54.87098665839152,94.8164225511643,42.41589699175101,107.13432125509709,129.91868849546745,63.63107695166433,60.584687063185754,63.155744681611445,72.00159861915083,33.47533278142413,44.93473057924392,13.849434248329878
1918,1649.3837631703107,2917.488879866937,0.43763955408574756,-0.3168543211772963,0.6074658725769676,49,0.0,0.014414040900159963,1.7993425898218611,-0.6377846491979235,1649.3837631703107,2917.488879866937,1572.5114786619629,0.0,838.9570983068098,129.38636406931522,16.7068937608339,135.5488438215974,133.57237125491184,123.50944380072715,119.91334875818812,110.43603856491055,122.46329680049544,129.67839811703016,116.38823238273413,115.46310818283351,145.00190954160092,126.96425599576062,122.57884252472029,70.99338891645276
1919,1933.1682800167137,2921.0382536515517,0.6783884710985152,0.6355513392074474,-0.711067681612412,49,0.0,0.0149480934624613,1.926372849789174,-0.7118508717357558,1933.1682800167137,2921.0382536515517,1273.549215941881,0.0,558.4375468926521,129.26291411685133,16.708323292747618,113.97238217872714,104.71815093233879,104.02511324886602,92.7259452222232,41.73159040980288,73.00019673119381,50.42137846180441,197.75037674949104,121.33609129399046,98.8911810190255,168.05388418614712,64.44090983304736,42.48201567522297
1920,1890.354667899795,2923.3138210924885,0.865583294012828,0.12193098526744918,-0.48253554040696045,49,0.0,0.011129549900780146,1.1224402853130704,-0.1254081137232397,1890.354667899795,2923.3138210924885,980.9027542142719,0.0,590.1982843519717,129.28153790625694,16.709283475663625,64.08977875721865,66.42852082881566,59.47301357310746,109.7576086350166,61.66543752556385,126.64558583003253,69.57342103633398,77.6571888870524,111.69610766402248,59.74389670936408,58.57114221569884,45.69795625672087,69.90309629532446
1921,1492.7618817006169,2923.8475503426616,0.8701361462453322,-0.40533513414069483,0.8232125896610452,49,0.0,0.0252960139118604,2.1327845701833414,-0.8223674753492638,1492.7618817006169,2923.8475503426616,1651.1011108672776,0.0,985.5838841548191,129.45449681155188,16.70953877051529,117.3785297127768,152.9532325829627,119.61173618179252,129.6523001361553,105.06477481886094,131.42257159178328,116.38832369120038,120.49097765990011,159.09562082990698,134.88244816221854,120.62535472455716,147.60279333187123,95.93244744329166
1922,2040.918078017754,2923.4058142617014,0.4900518600395534,-0.3700508666338899,0.3321281658163666,49,0.0,0.016133581824145416,3.1042161220075863,-1.2298798753183502,2040.918078017754,2923.4058142617014,494.39103216800964,0.0,82.90409199632248,129.2160409465785,16.709271800892115,0.0,23.744642789444466,41.60330263954308,34.30840849085766,14.064493755339278,15.798706208054048,29.01970638019572,56.09651835967091,54.832959983328216,104.91705669448552,62.401359962632824,48.98190894612053,8.621967958337367
1923,1885.5217363083145,2925.952336910361,0.376206414491757,-0.21903830352904088,-0.13365057182002896,49,0.0,0.006985428465335175,1.1435727058623566,-0.14565945329492294,1885.5217363083145,2925.952336910361,1050.3626321849972,0.0,606.0045231057495,129.28363960567415,16.710384016235658,72.32523796951571,65.85871565880751,76.99985389504026,63.07297736708968,76.39503782651443,124.75187114940711,78.32516336553526,75.96908086523963,82.0246472803735,114.01944819907884,82.0046864933958,72.22248418833357,66.3934279266659
1924,1866.3347375806948,2927.3084923024217,0.6856439927093001,-0.11884658785499241,-0.10760751566379444,49,0.0,0.009916207439383937,1.078689733620085,-0.08224136343648411,1866.3347375806948,2927.3084923024217,1194.0418671978446,0.0,719.9858756200667,129.29198592818418,16.7109538340918,73.01219998329763,100.6551118381314,104.85170121048829,81.97861152687989,118.64086517108953,55.6388791535782,104.01161388800145,113.3432788344502,84.16062573135059,70.81906566565519,79.98278093725199,89.87582782754293,117.07130543012724
1925,1733.3871425509537,2930.7653430859073,0.4020340762469778,-0.21028701118130017,0.9322870450095351,49,0.0,0.15867902152082297,22.272280396043172,-3.3694117137476587,1733.3871425509537,2930.7653430859073,8155.624453020452,0.0,6823.571312529994,129.34982013516534,16.712418162353746,592.9499813273148,660.6659756348805,625.3050136412226,629.5566919254271,615.1359049308583,638.3131382444571,645.4883103615743,616.4966835395323,684.7062829146016,650.705304472089,638.3784239464758,694.1685933719523,463.75414871006666
1926,2006.8121706728116,2934.316095824621,0.40834832283106126,0.1390055415176402,0.42033851035793296,49,0.0,0.005202406693715074,1.064761769199337,-0.06813112296819905,2006.8121706728116,2934.316095824621,524.0017323436662,0.0,83.46413384623838,129.23087332339264,16.713830438510456,18.78202966609995,0.0,95.84546024577361,7.317504009733383,85.72813400815653,28.430996276320094,34.80518682259685,22.411757893469584,19.997595913666785,84.54283763818766,67.44310045674233,36.710571500533206,21.98655791238619
1927,1888.2848361248923,2934.511768430639,0.2608533961359038,0.6654662868140043,-0.3540188469144054,49,0.0,0.005275710204930771,1.0268546275976882,-0.028772411571279334,1888.2848361248923,2934.511768430639,829.055421670367,0.0,443.8579323745531,129.2824353489541,16.71394938429404,121.60569216760697,65.94815113046054,80.48141936801638,65.19165347605232,36.35889478214786,125.6819049774439,42.13120630215298,58.339174244465,51.894918912522314,74.78721130372186,32.206158562108804,39.59039966285155,34.83863678081646
1928,1407.6250207617907,2937.414092957098,0.9870228628095727,-0.803923885582579,-0.22091783685627228,49,0.0,0.01224090487539715,1.0535096631388812,-0.05659630863734394,1407.6250207617907,2937.414092957098,1253.0653690563652,0.0,839.0469071190095,129.4915350720182,16.715179322754857,109.6600444396741,96.79233158521014,101.00559330608183,77.4156873511717,91.66534963847471,106.48878293898784,90.13199381710169,86.4814103454404,133.6686257090756,86.3846701551057,90.70772949332995,116.55804195812446,66.10510831858718
1929,2015.0921740742142,2943.2032933238006,0.46840947493005375,0.32135377445768015,0.4360173069698107,49,0.0,0.008308839128602325,1.7542173991028278,-0.6102085355455159,2015.0921740742142,2943.2032933238006,844.3429186152401,0.0,17.441912524489886,129.22726795711364,16.71752997662501,446.1811177879834,0.0,0.0,0.0,0.0,0.0,28.480975417768494,52.81512813373943,37.934187145239406,121.77443902415858,23.271752489351925,24.845115702617782,109.04020291438108
1930,1449.6487389655706,2946.246974074055,0.7531237842971507,-0.00019581961660977346,0.4392139188631726,49,0.0,0.014696984233834084,1.2981658763044681,-0.2833254726112289,1449.6487389655706,2946.246974074055,1696.3096767701677,0.0,1116.865916417299,129.47325481026056,16.718865908620504,188.66320166525117,132.85588311361215,135.90649766600635,142.54295391241365,116.6461717139099,120.53914221349666,134.30666483844624,109.40734322020998,133.52627252317146,126.66994116398513,111.88897505899703,139.78863860832308,103.56799107234468
1931,1779.686997090696,2948.1170456638315,0.878815257047724,0.693764444991006,0.7865360690696753,49,0.0,0.016274017929488835,1.6326445828957707,-0.532229129191512,1779.686997090696,2948.1170456638315,1317.5955570699266,0.0,642.7946363596283,129.32967582929442,16.719640774250575,120.03266833264408,185.099834747204,113.72981614139275,67.1187700050203,142.24279944661012,171.4623150674874,111.30477121659253,73.35161704650503,84.28251325281879,92.67475832241448,48.30204318431065,69.22370783751875,38.76994246940768
1932,1716.3401409812896,2951.064653503411,0.7881670012280112,0.9621650532344408,-0.3214798560398218,49,0.0,0.012407978086562816,1.0860208482492708,-0.08959540611712558,1716.3401409812896,2951.064653503411,1422.7789073769006,0.0,760.9597822639008,129.3572337954949,16.720877330079865,114.71234698545243,91.12009381908328,74.0119116300967,125.95179894913065,103.61724666547741,99.01467203854136,133.72785631457995,141.0028612850895,98.08789097536965,85.85626194230682,157.6695998427772,91.46893317041517,106.53743375858063
1933,1748.5243546470176,2954.2113916301882,0.765749712355128,0.3219019684986677,-0.15832002234526887,49,0.0,0.01605804153303258,1.8144927927894727,-0.6468881187787788,1748.5243546470176,2954.2113916301882,1509.5845563724577,0.0,643.7137782110161,129.34323192527611,16.722184478617557,206.9411711940294,108.45032899951676,74.2957284292472,127.45763033705747,206.48922837059922,165.7336019693347,117.39254216992092,142.58419858337135,51.128610240922015,51.74002813228141,79.97921160057189,64.20502566606419,113.18725067954101
1934,1707.4140056318342,2958.2448922853073,0.4253991421113065,0.5031079779556091,-0.18218501044135776,49,0.0,0.00821899565200818,1.1923501711601243,-0.19100954595437605,1707.4140056318342,2958.2448922853073,1336.536973692308,0.0,766.1497213984637,129.36111632288691,16.7238697100287,107.58281439498249,115.64331066056744,126.47696661687183,120.85112906912806,95.6240002368373,83.52153894167668,138.04526233592622,141.89632516843145,80.46950001670784,94.70660965068944,78.72553918350795,80.37511281115931,72.61886460582186
1935,1315.0535719890124,2959.297069535539,0.752941995941695,0.10592531665769274,-0.16538246733791878,49,0.0,0.014159657331573896,1.7302045376903838,-0.595243616694146,1315.0535719890124,2959.297069535539,911.1065888426459,0.0,448.2426341633746,129.5318119041,16.72427618872092,83.95123218098058,58.22018526737387,50.85175342973881,80.45655167648962,36.64591455275321,100.03367914619884,70.50933143398565,45.53287181468806,117.52292078484567,106.1048651305353,56.617627355001574,74.28837213255441,30.371283937500294
1936,1438.5131415641429,2960.102993146359,0.9825111830235136,-0.7733279937945716,-0.43744268587127366,49,0.0,0.025807537240552472,2.675250316724341,-1.068411060366043,1438.5131415641429,2960.102993146359,1454.1242577855783,0.0,611.672506273123,129.47810126007712,16.724637101773318,190.19607068539636,179.57131872343555,64.7689602651223,76.66565759306411,67.04403856124794,176.14487700668153,64.05041804236083,250.7595520786103,78.91167741745737,88.29597414575451,104.18854583207512,70.21128901676963,43.315878417602754
1937,1910.90960886485,2965.8060434573913,0.25501144461599884,0.6010832519336717,0.5358302316427974,49,0.0,0.005920376421555496,1.6815721184507149,-0.5642887446537649,1910.90960886485,2965.8060434573913,9167.10805834549,0.0,57.20997606788253,129.2725841080749,16.72698121696514,3373.0049225830635,1.0398151453207016,0.0,0.0,2.2172059864247826,77.84745294963427,4341.265677633225,7.417326219433164,23.030826869670587,1187.3056169545937,40.30665484255992,87.10449989107465,26.568059270488497
1938,1656.9059424443478,2963.611793799468,0.8936179404113388,0.8058368158789392,0.5603646942755782,49,0.0,0.014467731515273101,1.5050774642386036,-0.4438971325914238,1656.9059424443478,2963.611793799468,1203.6450094720544,0.0,607.9053684379053,129.38308945331403,16.72610945468831,55.889487576951666,126.58834319273997,114.01765367070763,78.53117353038553,66.15162974367595,92.65080070136185,187.54605857310978,156.51385449202206,120.60443697362746,51.89122472596982,38.82760170593265,58.28954883094868,56.143195754621416
1939,1294.1699318641051,2967.03119204892,0.20016668295817236,0.5346018975961718,-0.06527550055690501,49,0.0,0.003635652281951088,1.156559125416841,-0.1579195990050607,1294.1699318641051,2967.03119204892,674.64654914445,0.0,197.074158069556,129.5408994363115,16.72749278926214,9.496229323108603,1.2122557668857996,27.145224057414282,59.572609503655315,82.75121283577698,11.363558961865543,55.68615620456583,57.48670957906223,87.41798426539964,23.992809726849814,44.10117135357653,81.20821419524964,133.21241337103984
1940,1549.0371082647798,2969.7347883785874,0.20171508601588978,-0.01725775367050879,0.46861925249316877,49,0.0,0.005520095734077367,1.105459481235113,-0.1088570721749013,1549.0371082647798,2969.7347883785874,1253.715684579723,0.0,598.1491254267848,129.43001836229442,16.728660693172504,77.69532300467392,86.22604210288755,170.4847529300485,210.138914552173,73.29475530673392,95.44454074566805,107.36657955724785,90.09004333608101,62.87787913945763,84.79534484757892,62.04841715669467,57.90387816541037,75.3492137350679
1941,1383.0153953518939,2970.32479583521,0.5393926275577013,-0.2734209480823589,0.3548575939510734,49,0.0,0.007670519564742428,1.1676140149013678,-0.16824824798803956,1383.0153953518939,2970.32479583521,589.0167578343792,0.0,287.1432412369932,129.50224751573163,16.728886174580715,6.013084332899459,18.309493398258617,15.78865495049921,40.36082954446833,36.450074418321876,62.82373650792775,87.75400546525402,84.02510016382314,58.87769299095912,49.28959889205731,52.31932177186511,46.0692222158476,30.935943182197562
1942,1453.6625255598094,2972.3462920020124,0.28732605355329716,0.04602054211064434,-0.11229912367534821,49,0.0,0.008028071830643947,1.7359603171793168,-0.5988494832258566,1453.6625255598094,2972.3462920020124,1024.311968665183,0.0,555.6873477504869,129.47151219110418,16.729740099635038,49.250570206963175,100.71021749734437,52.81163550803167,83.76643944132586,60.19175214977131,90.63800658490277,117.04462830896458,86.75874495867552,101.86586661099605,89.46953638072459,62.468503519845925,79.26274590735437,50.0733215902828
1943,1526.6792383593452,2983.187461134839,0.34047170563269913,0.5259204855572301,0.2180702879882804,49,0.0,0.007950891444746583,1.6877038981389643,-0.5682406337387814,1526.6792383593452,2983.187461134839,1326.2563928495856,0.0,423.38621402726625,129.43974624942234,16.734264136059043,50.94733391729178,82.6672272236058,40.48645947179642,334.9944403622347,133.3389942707687,188.8421184892121,96.34149138248836,57.2130122952568,98.46831839807233,67.50203208020206,98.52139561467646,51.38928604436297,25.544283299616996
1944,1462.1270180226416,2992.063506361814,0.25983991269297496,-0.4510852170110048,-0.5679911470063087,49,0.0,0.0051811019314722635,1.6594626963295438,-0.5499187354736025,1462.1270180226416,2992.063506361814,518.4116691078684,0.0,103.97459559873883,129.46783213595057,16.737955870994476,0.0,0.0,10.45746664917545,120.33125409682474,9.390737925043759,38.813457455831944,61.54382743848453,47.743660437176345,14.873983631522878,73.87532527370043,61.281157733818134,59.6642114421798,20.43658702411047
1945,1737.0258340887758,2990.701045236439,0.2955831648925788,-0.35781339276537394,0.4064947648218196,49,0.0,0.008389361678346299,1.8814838779063132,-0.6862512532031904,1737.0258340887758,2990.701045236439,1049.2616638108639,0.0,125.19609274258997,129.34822970195577,16.737388468570916,1.1175661958958232,26.02678187297375,127.26151291614953,91.82650385962424,18.617304340298748,22.194545598715003,33.3341560075773,38.91735519321469,54.99106578490683,183.79490472085712,281.91157434268075,42.61981994513464,126.64857303283537
1946,1563.6161972066072,3001.9104509100257,0.8447387636181118,0.6755333557872467,-0.08969907371223414,49,0.0,0.01904908015288327,2.3117465414862717,-0.9098505414257306,1563.6161972066072,3001.9104509100257,591.3801746226826,0.0,99.49646295948186,129.42367670079545,16.742066444572078,9.81235370370996,0.0,47.85258495149392,138.05401378478012,109.43434762249512,67.92679154500435,21.519420911248844,21.852360431247007,53.69416930653192,33.50544942452419,48.76969979711311,23.179437459666254,15.779545684867818
