id,xcentroid,ycentroid,sharpness,roundness1,roundness2,npix,sky,peak,flux,mag,xcenter,ycenter,aperture_sum,aperture_sum_mask,aperture_sum_edge,ra,dec,aperture_sum_0,aperture_sum_1,aperture_sum_2,aperture_sum_3,aperture_sum_4,aperture_sum_5,aperture_sum_6,aperture_sum_7,aperture_sum_8,aperture_sum_9,aperture_sum_10,aperture_sum_11,aperture_sum_12,aperture_sum_13
1,1574.5131775381394,132.13078396464334,0.4065036829773261,-0.3598834611636982,-0.03704056351358268,49,0.0,0.0070412628454107114,1.5777828858058318,-0.495118102405677,1574.5131775381394,132.13078396464334,462.3257705110333,0.0,28.915608940168326,338.1652305842936,-24.04174112518945,0.0,0.0,0.0,46.22897683284522,68.44055090954484,0.0,10.825535998905561,6.702987935263077,143.51726027549202,0.0,19.73053053130365,14.79834661131245,105.35428569701762,46.72729571934886
2,1719.1070119126982,136.09802548304307,0.3974219193034545,0.19797838790761005,-0.10596618733370436,49,0.0,0.057883536751514364,8.203954759876197,-2.285058142042412,1719.1070119126982,136.09802548304307,2425.1811439996222,0.0,444.0049498273259,338.0992646016308,-24.04007924624332,0.0,0.0,0.0,206.83676794594288,196.87521639094152,79.43708912521869,0.0,0.0,56.76667595070431,0.0,24.8143566071195,59.29852181817157,795.6740393641569,1005.4784767973666
3,1493.2592189951945,144.97336975140863,0.7509093430044251,0.40088304891844867,-0.4360359048687222,49,0.0,0.010404387924597183,1.3599908641348688,-0.33383997741609445,1493.2592189951945,144.97336975140863,702.0564626381104,0.0,102.3169234159345,338.2022983089058,-24.036383338917823,0.0,66.64591094178695,0.0,31.54323275413212,42.245302198977136,20.936772235752528,11.321755488989385,304.21744845126796,34.38472495066185,8.258327993257689,35.128460766820254,71.94324909297018,29.698928059002665,45.73234970449167
4,1461.5200980266839,148.28687667818065,0.5713339205453698,0.43041843144870917,-0.39195785986806697,49,0.0,0.00919081656782065,1.4541891766744481,-0.4065522698177945,1461.5200980266839,148.28687667818065,1390.0075771269126,0.0,97.26743451001636,338.2167770802507,-24.034997586353708,40.07721502230427,0.0,68.30562805712174,16.38588365041148,46.736038139196644,832.1319541174794,58.96306460724449,47.10924624549947,30.196395280280093,28.272775299907373,99.828213003701,19.33770974477938,71.16983088961334,31.493623069373985
5,1532.2748283805265,148.9053796281291,0.7804260106916882,0.45192813740230453,0.4085384803589202,49,0.0,0.012442812928033158,1.61443077266223,-0.520048567645291,1532.2748283805265,148.9053796281291,653.173915632218,0.0,170.74573871696583,338.1844989312522,-24.034749809970783,5.869548357523424,55.9669800113539,60.206655807426905,24.413500934225613,21.17392219575864,50.93464457861538,45.67445626858749,84.54818972094678,23.377981546389293,52.88991095562655,31.247072365202882,26.673207678436267,49.31246689163846,120.88537832048635
6,1763.1702252749963,155.78080680256724,0.963368058711994,0.07844220261514098,-0.09841676798570749,49,0.0,0.011906408951487278,1.2473290753871604,-0.2399526147926428,1763.1702252749963,155.78080680256724,711.5351660117476,0.0,226.32525053620756,338.07916696057043,-24.031870636709105,39.2866785633881,75.86543496528733,10.281489431028398,55.67242280986458,67.24945787201645,61.97834943255834,33.724469100476114,59.15251442222667,44.848064570813406,13.631021270533992,44.35983438628201,29.937520030236758,71.2214438558473,104.32646530118807
7,1441.305061426929,166.6032623688429,0.2619257040531691,-0.21063888601160016,0.3165453374038182,49,0.0,0.009190815713256422,2.626406526889375,-1.0484048724722976,1441.305061426929,166.6032623688429,2723.838966815575,0.0,301.41006406835703,338.22599489945117,-24.02736253336467,80.83737190658718,54.749230949416216,17.872973122804748,308.31119603385997,58.76647353997784,85.98544330194807,44.99072257984619,1715.8925231988437,60.01008757872242,115.53092709011769,28.773610793138488,44.6744184743759,80.21404616273541,27.229942083201504
8,1913.493074430071,167.40133684295506,0.3417309466527679,-0.7867054898032115,0.018987604269542248,49,0.0,0.013778213571802944,2.3559771579095474,-0.9304276887151552,1913.493074430071,167.40133684295506,1249.590489008458,0.0,258.7191317074842,338.0105972293095,-24.02698099583324,147.71049516312283,8.259565979333482,4.855886939472256,114.39647482243792,133.30781877474743,114.06570063806333,114.84614593659802,59.467876648926236,97.9105959789695,44.70906415916541,88.31848398876754,91.1054633265831,102.96758967300798,127.66932697926302
9,1927.1904651300993,171.76814814522257,0.23194239859363985,0.5525599837557588,-0.0877853302306983,49,0.0,0.0058409479973617106,1.6282998572095237,-0.5293359619786224,1927.1904651300993,171.76814814522257,1056.754433539304,0.0,200.50469862022663,338.0043509966259,-24.025155777093257,6.86498825221609,72.72452629659189,15.55840988792088,21.98356675861313,143.46227743511733,165.12678329806442,91.4940053986337,52.02159580358696,59.96151019898564,23.542764723263993,75.867472481253,189.57037944397766,53.180007684310866,85.39614587676861
10,1492.7957571017762,174.05590332300525,0.9003840515862674,-0.08671005588595229,-0.489175085003043,49,0.0,0.05592777147619866,6.433596122380317,-2.0211344850086683,1492.7957571017762,174.05590332300525,1565.3237815004272,0.0,446.2763680155033,338.20250521730327,-24.0242668842875,62.43697946833529,34.58769308627436,63.59176465969042,72.93458760633013,62.47213503941055,115.75225263705215,126.71577489081416,317.3958342543166,36.54364111795573,92.60487335276112,33.16038034629527,60.977815437183,435.40684719490457,50.74320240910383
11,1359.3049020068058,175.57940936787082,0.6515421001403826,-0.5082716533218299,-0.1578753097382117,49,0.0,0.04342955256383002,4.4726347811952065,-1.6264085918505513,1359.3049020068058,175.57940936787082,2192.3502099843545,0.0,1106.1892869999645,338.26339775176905,-24.02360071050324,125.78172274976399,109.59743012354936,84.5485824228081,133.96841937460718,178.94410881347858,161.05007004913983,176.5766796305174,186.72126394727238,192.44376497578344,160.77212061252453,186.20129838745214,197.49185432429795,182.07033924589126,116.18255532726818
12,1827.296688165652,176.17127555867103,0.63405050530702,-0.0773835642719752,0.1837298107774261,49,0.0,0.04298943592106141,5.98981316017647,-1.9435331892078789,1827.296688165652,176.17127555867103,2256.424395400055,0.0,853.0705315434532,338.0499200902746,-24.02335867627582,332.67039874442446,40.72234218557644,127.92950511328203,148.4566580743225,153.52126509378215,167.51850798277894,162.22377765079688,100.54790995736417,81.0704991692358,201.3160077025213,310.8747997841085,82.70104513160939,159.9988470724403,186.87283173781196
13,1521.158427596449,177.65376073098807,0.6297997973611168,-0.6082713950493479,-0.1358177509060576,49,0.0,0.01704242659657357,2.209889323287563,-0.8609263092251007,1521.158427596449,177.65376073098807,4067.446293470819,0.0,2113.7182400934676,338.1895668965743,-24.022771520432354,178.8334184660596,123.14895687072232,52.35684490108696,272.5054416905664,357.8445446704613,521.3854308133883,386.09093238852296,350.7161312337937,218.04779232786208,347.18517403589533,280.83324712062745,187.08559295443112,447.39300045720586,344.01978554019496
14,1605.8668550698235,179.38167394814508,0.7681954548447225,0.1934238794585143,0.08414282346621879,49,0.0,0.01264242660826818,1.446892679887539,-0.4010907986663921,1605.8668550698235,179.38167394814508,992.3447453812714,0.0,601.9708191263874,338.15092675871097,-24.02205586450335,66.47582347949529,40.79854552236341,4.829914820173061,74.41474589862865,64.04866597383636,95.20171625811801,72.50129152353823,104.63907258849427,91.8452907338171,37.47099260719783,55.37773400835913,75.3989576550915,112.0768260887796,97.2651682233791
15,1997.7245995253031,179.10777486969468,0.9384757631818021,-0.5988089494835261,-0.3671595239369825,49,0.0,0.0225789365054933,2.6762381149461407,-1.0688118790609829,1997.7245995253031,179.10777486969468,788.8618534967993,0.0,52.690797027299546,337.97218039106053,-24.022063463635995,0.0,131.607962764506,28.87120394283243,39.29246058779796,181.457769335768,25.036238329126434,16.641012879516367,54.1855392474818,95.6790492373228,85.75636545510415,59.00374827553887,4.249153408730172,17.43236154902413,49.648988484050165
16,1791.982323914368,181.6851838375015,0.5076254771933703,0.2654338228011042,0.21545874003714394,49,0.0,0.010352403628340905,1.621001248765318,-0.5244583735365833,1791.982323914368,181.6851838375015,1091.6334327079403,0.0,489.70399771075904,338.06603046260744,-24.021071436308027,58.6813883521429,39.351415756749276,10.861795297143825,53.39109308377405,60.41557700578488,128.95012933026396,103.94757417161881,128.01739086553897,53.58516178584598,123.28178220420685,26.796695616918747,114.50999718707952,82.19405998515705,107.64937206571537
17,1364.9291772524737,186.83359608325304,0.9260601833755416,0.15911676438833527,0.1897776141383982,49,0.0,0.009429477349258244,1.0104872276557015,-0.011327071239623579,1364.9291772524737,186.83359608325304,869.1120468273962,0.0,379.70658783636037,338.2608283757247,-24.018913784282084,46.37479098953903,30.72494790313112,29.792331827987685,120.48104534952296,84.81874837944112,56.075835810241216,127.17770307966356,39.821074299462936,47.22794584471375,29.233580336890327,135.90030555263735,60.419644926672255,37.39577719275363,23.668315334739393
18,1517.3241916656712,185.7648550847285,0.39386085190940906,-0.044885195368783416,-0.13629117237614016,49,0.0,0.18415163280965677,26.269111802116896,-3.548613472223968,1517.3241916656712,185.7648550847285,9133.76490795689,0.0,6034.017858965696,338.19131492678946,-24.01939183753207,487.4073383530784,311.2595621318897,154.5260305218813,621.6044929750939,751.8836529248031,987.1130799119809,906.9933432978182,717.6815590929847,643.8325444263485,655.6460349837411,674.5007323739194,627.5625770934919,848.1843202242816,745.5696396455769
19,1317.18070455557,189.111918029357,0.7365747814379412,-0.38585620015280797,-0.5464783283580553,49,0.0,0.013349587403331593,1.7924656991997947,-0.6336271342934088,1317.18070455557,189.111918029357,838.6626088920477,0.0,342.53914126582424,338.2826074127278,-24.01794786045214,155.55715949088832,20.435978861580885,67.48237302304146,99.81671493101402,93.26916250153397,29.440439625261547,52.69194913377821,63.436454127591375,53.46440443447382,26.985952281868364,56.34889569988454,42.88464830059041,49.63340673430278,27.215069746237887
20,1926.6512218462872,189.09351367255104,0.3219849512635453,0.21298883034829397,0.13270976288762282,49,0.0,0.006914469113273235,1.4225766151003993,-0.38268916327290214,1926.6512218462872,189.09351367255104,933.778635366159,0.0,357.3441741686704,338.0046051375664,-24.01793790646228,61.518739364865624,26.08945435009949,25.764004391461814,57.852627989164624,135.60302873755955,28.925115911398752,65.32968252224308,63.72976016924257,49.97574543909484,27.61899963727272,164.23791721281322,141.99187795234008,49.12442727862641,36.0172544099763
21,2005.8392994214973,191.37210348751813,0.6004602865761457,0.3902768492797672,-0.206827570247429,49,0.0,0.008953629719684768,1.3444986163926873,-0.32140089908084063,2005.8392994214973,191.37210348751813,839.3045896989677,0.0,204.10739329418607,337.9684860647412,-24.016949497322866,8.059669956446385,86.57217434121638,3.6044989383291695,68.32401457529602,38.93277315113246,48.3605408520131,70.75619141683009,88.46170312955655,141.95299814404797,82.83760204677758,67.36940202496079,57.56125855242398,46.512234804092145,29.99952776584497
22,1525.7602968372025,196.97818906505796,0.8074706519343536,-0.07003477609837794,0.11243194369399773,49,0.0,0.02218597030784281,1.7404679617098375,-0.6016650831549185,1525.7602968372025,196.97818906505796,1700.161856354938,0.0,1358.29302828889,338.18746564710904,-24.014721005785766,96.41496776464218,61.362686790877675,40.54171120001088,127.51221066134559,123.82075553927518,115.59842008791202,150.38242149683322,132.60664603518973,153.69083810465423,136.51474149260952,148.0443167013829,149.20170149096091,129.10288710396236,135.36755188528167
23,1413.590172421072,199.85758746086233,0.9839321841043034,0.09158044474291384,0.5812562476529755,49,0.0,0.020032403645851554,1.9214220639465605,-0.7090569336397557,1413.590172421072,199.85758746086233,1531.5531172908784,0.0,735.0128055959361,338.23862862225246,-24.013501573627558,56.36651636060281,34.653753145196184,17.882477977667875,63.21883570041884,78.27329686663464,188.2151466038769,107.22153064270748,78.16781542716198,357.24508406682764,175.53153786546855,72.48990007769287,88.39862741502901,112.83743930714661,101.05115583444697
24,2039.7451671801641,201.11329421334912,0.7218155535241553,-0.33681498978311436,-0.41173381529330744,49,0.0,0.029130854950571952,4.280205572760123,-1.5786615702965612,2039.7451671801641,201.11329421334912,957.2920219952972,0.0,172.9764091355872,337.9530267647328,-24.01287178616369,182.6665260898444,19.61863189032728,136.2050074331315,142.7290328679426,49.20938696536154,37.85374438770228,34.56891401491284,61.40726666057699,3.6310797055190442,105.32107867985582,48.328206658266254,51.13662720007861,41.708859879333815,42.90765956244418
25,1835.0671043260988,204.03017977819144,0.7568315851766596,-0.041028621818353414,0.64819120527819,49,0.0,0.012029809831272956,1.338210014494392,-0.3163106889956168,1835.0671043260988,204.03017977819144,955.0855482136417,0.0,636.402761039416,338.0463850086315,-24.01174962005542,49.60073649001818,30.63315823541373,18.784671669003295,58.44756957300997,52.64195227552456,60.39156054298843,129.00143978061973,86.64650431645043,98.26776352934178,53.178487351186234,66.03162235051883,60.73195522991224,138.90560463023778,51.82252223941643
26,1963.6331527257216,201.7002393660542,0.4660038649105152,0.7032269908792323,0.46076346182228,49,0.0,0.00928841646099911,1.465256013316113,-0.41478378093459667,1963.6331527257216,201.7002393660542,1475.7792030096084,0.0,429.97354492206284,337.987743000058,-24.01266846695142,60.44785024212216,107.72717972101934,54.36626476575206,43.248382921471844,87.16010556348036,106.6316577784029,58.71350264888984,389.61046698778125,42.815685259822544,73.6219437989521,81.8768707269436,63.27527062303477,207.7160481779553,98.56797379398023
27,1928.4394762531306,205.22700737259902,0.7163950909509282,-0.4787509078157266,-0.5295006085607201,49,0.0,0.01255162666599203,1.4529530129278354,-0.40562892467121187,1928.4394762531306,205.22700737259902,1087.9988039864934,0.0,579.3454610758481,338.00379709092664,-24.01121555063783,94.70051886779629,31.37008759497078,16.420664617031626,112.16630533133058,90.60416726627659,51.592446686750506,72.11408361151837,128.65215582769608,61.77207491536909,43.918871995913996,50.63410719344199,146.0338335659141,104.24090220477407,83.77858430770922
28,1219.8626931990214,206.20512002274106,0.8284995132609739,0.4506851592929263,0.5871703450520697,49,0.0,0.015418949098725935,1.8681377716755365,-0.6785222537074698,1219.8626931990214,206.20512002274106,1943.460683679214,0.0,255.42091413270253,338.3269881745258,-24.01078284933784,92.25869917593766,34.69790360530742,2.718938876599318,55.95541872583811,54.702683157899024,170.2539262210463,30.13585321169275,21.68663430311329,852.6598209019702,119.41478479911646,126.0202122527163,116.57765804902775,46.89249337697104,219.48565702197826
29,1305.832856303972,210.96507830323358,0.723059643582834,-0.07648384580901105,-0.24839743493576108,49,0.0,0.027197060168967842,3.7179187371814053,-1.4257497328343294,1305.832856303972,210.96507830323358,1044.9854184148473,0.0,543.0374239159339,338.2877742756839,-24.0088389187441,58.38291081935395,39.488611348048636,20.384477386937938,80.05713397413102,110.55295092281568,149.9261212733979,65.66378038386966,61.75088115848462,158.08708784531996,43.31057697016847,66.99302863161421,63.22861994811999,67.78092777696432,59.378309975621015
30,2044.4643814053973,211.26973206094567,0.5160350625145638,-0.22595545994946245,-0.4847194377608665,49,0.0,0.010204822454380678,1.7579731322848626,-0.6125305832869425,2044.4643814053973,211.26973206094567,944.838904243578,0.0,280.41072541501137,337.95088076900146,-24.00863758543518,84.02418082398654,26.064518038810146,82.12680055574829,45.9493636091636,77.20440951270321,114.50709936117678,42.12295493918843,41.21818251930071,48.174318705710256,20.292707403101694,37.942416991779304,102.94259346884374,155.03903655312175,67.23032176094361
31,1409.1333122467752,215.20462161573099,0.6129472550651249,-0.113113643083516,-0.23573527119710508,49,0.0,0.11784884247370035,12.486446574615085,-2.741097158264336,1409.1333122467752,215.20462161573099,5035.288273356518,0.0,4360.208087794647,338.24065725273283,-24.00710650172778,313.2487162422326,164.86182126411308,91.02769646777475,382.45140838291013,394.08303237107657,389.0994584940855,402.13075777963854,445.95944172707993,403.94490675799165,446.3710596543816,437.01437283387764,402.57138485446865,402.3480529402019,360.17616358668613
32,1316.90098807196,221.12990816968727,0.4776848715893534,0.05012767669056986,0.91785831438222,49,0.0,0.008775023635577866,1.0734684011637756,-0.07697316244723998,1316.90098807196,221.12990816968727,1023.9600823896119,0.0,692.3555604352703,338.2827218915698,-24.00460833156406,57.60507384679449,34.94175761742541,18.162349901878102,51.03735511795552,59.20165066316083,78.45005231155437,120.10808382471039,80.26501181864384,73.06592147492293,89.17744432995394,108.49415960428038,83.08571120584216,88.38834257164228,81.97716810084725
33,2017.9576501619226,224.9438619018453,0.6759065293153365,0.03561373681679069,0.026215674263094357,49,0.0,0.011730560674956252,1.0389854493673054,-0.04152366363852396,2017.9576501619226,224.9438619018453,1428.921296968138,0.0,791.3704420602847,337.9629787539289,-24.002956044958047,97.4684910197462,86.22738246377934,27.129970197261446,114.42665354167721,145.11113230960115,157.72274763242734,171.44991609629867,80.81654202423772,77.92843828457997,95.26234880716017,56.69116658965183,84.58743449924032,146.26027795613325,87.83879554634325
34,1131.1237987606937,225.5156064805677,0.7581611487437554,-0.0705640134898135,0.39775200849120634,49,0.0,0.01009094565057292,1.161606073566138,-0.16264718527831118,1131.1237987606937,225.5156064805677,1102.429563025693,0.0,128.5325365910773,338.3674496389286,-24.00268678471428,0.0,29.266586565629375,347.3079788093979,51.19902362210716,113.95251548098285,68.01727943042863,59.771463806748955,53.60428843284727,3.4227648495213425,57.50144227383153,155.04746575060662,54.46214324764952,85.43195051547639,23.444660240465304
35,2043.490547598074,227.0451096398633,0.9249630679861941,-0.22391631378745608,-0.5540457983961031,49,0.0,0.014649715115833144,1.5129476982953978,-0.44955978745005365,2043.490547598074,227.0451096398633,1252.276544041261,0.0,514.5011791819798,337.95133502381503,-24.002065798036657,152.54725801890413,27.22591654427834,15.034420532216721,110.28735885101958,82.25846361336804,193.04538885595034,54.257976714504515,59.57412039951349,105.17941867874399,122.18459535532831,72.84081426906386,81.52781508493898,135.62963292265994,40.68336420077093
36,1777.7669615285688,229.85689350428143,0.23711405007778005,-0.2144527071524541,-0.1389483963502012,49,0.0,0.008681473282560437,1.261071145010496,-0.2518489714166143,1777.7669615285688,229.85689350428143,977.1890284129788,0.0,668.050525813182,338.0725271004835,-24.00100551430306,51.37318507215506,40.23258583759841,22.027477687615022,59.54712454924235,81.52279821468187,74.56186526415102,76.64148446406129,78.10044052536286,73.05466417615523,81.08943823101839,94.4642512013354,86.98391062296504,83.52173104933883,74.06807151729815
37,1121.0611968115772,237.0373672179366,0.21242807886223053,0.5683681238062994,-0.7320997345128201,49,0.0,0.007933129696899743,2.6253284555578102,-1.0479591146050993,1121.0611968115772,237.0373672179366,1212.9569538910152,0.0,255.66161340396894,338.3720310083202,-23.997880121408244,57.25845060589092,60.136677194007945,11.15689984978557,47.39314140834166,96.44481728359115,51.429755513019444,87.54081954698717,119.11343370945121,97.47261540667805,63.28692260802314,353.1475102720962,74.64183128691386,37.656626272919816,56.27745293330902
38,1235.8036157179472,237.44300779655444,0.9618156905470084,0.3651476018939623,0.550271717179657,49,0.0,0.025673250167221762,2.3498306032084537,-0.9275913889309579,1235.8036157179472,237.44300779655444,3538.842901240716,0.0,895.7776226479115,338.3197009210973,-23.99777644308302,44.44419273991227,34.16259694542047,12.904231481122757,55.73431024513525,62.176544564851724,110.01700909831006,250.96652943829483,476.17074214924736,564.0498352592997,400.6624398924374,318.3646359222277,593.4609265717452,337.2579546187387,278.47095231397265
39,2206.0,239.30771683257007,0.27718681914078924,0.3478308835617856,0.5779572635448762,49,0.0,0.00525144023481774,1.673132566473522,-0.5588258814063656,2206.0,239.30771683257007,354.71925929266155,0.0,11.03273718236369,337.8772291643735,-23.99684201004053,0.0,0.0,0.0,0.0,0.044631003860033845,6.281676979834069,52.688994922794045,1.9232124423974932,0.0,138.99970817064022,98.5895316768833,6.833179785476079,32.26199116003237,17.096333150743963
40,2141.675899016654,242.4397803770746,0.6069801953080659,-0.303200080716873,0.10894393310514386,49,0.0,0.010208345035082791,1.5180537189289733,-0.4532178502122885,2141.675899016654,242.4397803770746,1095.1327180867713,0.0,276.05161570465737,337.90656702130667,-23.99558686345037,19.102180882660356,37.45329465205633,22.766652904549456,18.33224521274984,26.324174405364268,26.027859596861813,618.0175722142326,99.59538789440344,46.43255215639438,36.97267023653295,25.671204680297794,52.93600419946925,29.9035984509368,35.59732060026199
41,1232.3197066155844,247.01772207698494,0.2667343429505014,0.22324441402674716,-0.1856252086492402,49,0.0,0.05357836258046707,4.3244298906923575,-1.5898221513827275,1232.3197066155844,247.01772207698494,8262.318353164923,0.0,3396.9988840049264,338.32128472028944,-23.99378566308232,53.92839145610134,35.87009125842392,20.111515406893766,66.04781084909735,55.62095322704006,100.9907738259745,407.18965847677197,840.9865382156665,1466.3647432364294,1402.1366759264406,1284.3898526398143,1207.2442504323462,663.3257997816689,658.1112984322551
42,1132.2297195057429,254.14571593524911,0.7330096690394493,0.48595966042981675,0.054789632430271386,49,0.0,0.12212112489469648,11.357750200236264,-2.638230781697097,1132.2297195057429,254.14571593524911,5820.189965446368,0.0,3026.7686281943515,338.3669258995382,-23.990759522120012,471.3079840587666,342.97222485472207,180.72710632915516,533.1317735601722,579.4479194100892,370.05334464610615,769.4140942430513,420.71196855432265,323.5766954702376,313.2128308394969,501.5845706718205,343.53299687177156,381.8443498929713,288.67210604368444
43,1237.9639973563264,258.44865761129984,0.3793167634180589,0.13818800939195527,0.517998170490909,49,0.0,0.03749899557549504,2.476087848307485,-0.9844151220317371,1237.9639973563264,258.44865761129984,5716.991168708402,0.0,4911.676398469868,338.31870465558166,-23.98902603141904,53.11847135068081,33.17980113338636,11.655344101749696,64.7854633670552,54.46371716282812,170.28953906750468,379.65649903516737,566.9044872318993,977.5435163033341,850.4900972201795,878.7796847864757,741.8716727359086,471.4632252025303,462.7896500097031
44,1381.1933444481954,260.1121695867496,0.5056147112800133,0.16787746273333365,0.016274513763140763,49,0.0,0.3287886178210018,41.83589651101221,-4.05387270004353,1381.1933444481954,260.1121695867496,11937.293351475713,0.0,5934.485207052367,338.25338643810016,-23.988389148036635,685.1339891963303,440.2699785112865,227.65238399269816,880.1337721903635,930.034458701163,948.3703567109328,970.1224008238233,974.0678080066177,1041.7907879448808,958.898811153304,1049.0976565960077,990.9249313487212,954.9645192456171,885.8314970539686
45,1126.8787545993393,266.29503070839587,0.21454089863802517,-0.08369780628586806,0.2453707869538554,49,0.0,0.005621088297145801,1.3805227368723532,-0.3501089093956171,1126.8787545993393,266.29503070839587,2021.203987169085,0.0,764.1449248165495,338.36935783790597,-23.985694426341173,85.61224714368723,71.90216778983364,14.288919760984808,95.73201956878475,186.2192656186133,80.98648263556143,92.93338101648294,148.18059346316323,97.50603403030485,186.60477744487974,102.13983601871341,662.7583094330802,107.70534611320107,88.63460713179447
46,1506.3648272437465,267.49178413880264,0.6004550258972468,-0.3668987913283322,-0.0789613137672351,49,0.0,0.01028561315283496,1.060081232366447,-0.06334786461661178,1506.3648272437465,267.49178413880264,960.0107700132301,0.0,143.21744063583895,338.19630285658536,-23.985341047958954,64.08506512172326,28.85363771617346,19.285584330470005,77.5915680672573,72.77969662003377,81.51696164538077,79.77575030682038,81.02887452103344,68.53361848775516,95.05104983464324,71.9815635615507,83.56666012877037,65.89194421972273,70.06879545189545
47,1436.8657558341029,268.71860273070314,0.45070838250394873,-0.268901164254428,-0.1734412803140266,49,0.0,0.036096573843955135,5.003503280910377,-1.7481854722441215,1436.8657558341029,268.71860273070314,1957.9572989225644,0.0,468.8501836582185,338.22799585443965,-23.984817847218252,106.30443369677131,60.53695804198693,34.89533166812561,159.2768449052183,153.44876573176478,160.36814487703464,166.0399124346897,150.15244030458257,127.7891071480146,182.9989006522276,170.92746779627274,151.80634236864265,173.72489301437815,159.68775628285482
48,1915.1044118877862,269.97913022330323,0.511021195261586,-0.5331348772763067,-0.4412524821424028,49,0.0,0.020268910266984543,2.4933849399913264,-0.9919733300426663,1915.1044118877862,269.97913022330323,1469.5461586676975,0.0,548.9765317308895,338.00990877945117,-23.984244016117817,75.76005218832793,62.218196332185,23.64936554225289,120.31937380247545,115.8999253164494,123.32405478632191,116.86678982739494,120.4805966191413,121.60479946009718,121.47774935429587,115.31516511267452,111.69855362003045,117.32598888008032,123.60554782597043
49,1724.8606731881096,273.1245746518804,0.3476566668205012,-0.41216256658809136,-0.3728064262012003,49,0.0,0.01113946333550975,1.468713862040305,-0.4173429846402703,1724.8606731881096,273.1245746518804,1111.4940979022535,0.0,27.25358463748051,338.0966643017447,-23.982989821378077,69.17584064678799,51.37087127919105,17.926621735495512,93.71117492559054,87.0975785970848,90.71468578456505,90.34097929695604,68.8310937983002,75.24271079218575,107.72385932214485,103.79209365016737,76.87846544082333,109.82929715229781,68.85882548066311
50,2159.1979081178374,273.40275979287196,0.9660692296838806,-0.3031481426670293,0.08230166476642965,49,0.0,0.01135974942615738,1.1038071064233232,-0.10723296442661892,2159.1979081178374,273.40275979287196,925.767409564814,0.0,510.3957486028629,337.8986010318696,-23.982673982840442,58.70834308324264,45.07266655456884,12.86314255510991,63.305734440472435,139.26849593140355,91.32640161110197,84.70371705554317,53.5702049191858,71.77304038226183,117.48454541105788,45.444049170844266,46.58102916269161,61.70309256194918,33.96294672538089
51,1417.9858616983367,274.6945451635909,0.5681243227054905,-0.04641087093991537,0.0342716428767362,49,0.0,0.3676752084733501,46.44203809800349,-4.167278175991828,1417.9858616983367,274.6945451635909,11569.552372239283,0.0,2609.492657470627,338.23660393641086,-23.982323701578288,617.966707662145,440.9699758252831,213.53921626310483,828.034857366107,884.2626612200302,923.0759267359041,969.8094979163795,948.6084593019127,991.227912592498,941.7528762442089,1005.727674334184,960.2722380474404,970.4922900619385,873.8120786681491
52,1463.41504316612,290.5791396706825,0.37868713181210784,0.3804949660365341,0.1246718207465228,49,0.0,0.017603792310594266,2.4691830305192344,-0.9813832090322878,1463.41504316612,290.5791396706825,1300.240671279361,0.0,2.0,338.2158844525151,-23.97571551699053,72.28290668409015,48.99725057914738,31.0512959041794,87.54046945219378,97.6733662192897,110.95692325273535,97.22952092901576,100.1702458760108,106.4213284315731,115.16857997225527,116.90932169538736,109.30709009591115,100.31156033115022,106.22081185642162
53,2070.2085743024704,290.2254990482179,0.7524583375427593,-0.8635300077076764,0.4284834164704781,49,0.0,0.01232781796662409,1.135894458928993,-0.13834495248218162,2070.2085743024704,290.2254990482179,1148.087746578236,0.0,726.021865254309,337.93919236496373,-23.975726876645915,63.802869825981986,27.690991901825914,34.64557692857342,100.11763866571695,90.49785448487845,84.14725299218837,97.20193290711522,96.26298546407517,87.23353936691214,94.75810958794915,82.41216332598833,93.0667969385912,100.54072061476764,95.70931357367209
54,1967.6468409310723,290.987985559806,0.20828042035301572,-0.5255656321294829,-0.0024690319496580453,49,0.0,0.010421571889191864,1.8142003940393265,-0.6467131423376185,1967.6468409310723,290.987985559806,1081.0254507106508,0.0,254.26246686208077,337.98595960875144,-23.97546702776056,52.76767011532225,46.103637679611765,14.81642046157952,85.658192899998,81.48572866604106,79.82680169096494,97.62270199783859,71.1110002703552,102.34957635517299,88.57716688398935,80.20615665605818,99.11403082983625,97.57188634760129,83.8144798562816
55,1548.6164407767835,292.7781549415554,0.5203147896327714,-0.4304795307252098,0.014922722987840172,49,0.0,0.0177487354380822,1.99441561376759,-0.7495391637224487,1548.6164407767835,292.7781549415554,1230.9954045197019,0.0,0.0,338.17703317326186,-23.974810190689684,56.961715056535084,44.335727639168084,30.31224763899884,82.48865627639125,103.67655505228015,99.51337845527499,113.13707748587476,108.895028523569,108.10008449117876,100.08327309000722,77.85245121772391,96.12729917705576,109.55129185777388,99.9606185578703
56,2030.9449587861482,293.95731898413067,0.2567852662500033,-0.2854402927729488,-0.175036819088006,49,0.0,0.021483393979461928,2.7585978048205937,-1.101720965696236,2030.9449587861482,293.95731898413067,1937.6318697108586,0.0,832.8011982190098,337.9570983594978,-23.974195912388904,112.73800917720632,61.75277830677438,39.73948544889505,141.2510543454502,137.0757524015004,153.5469579551514,156.20341171082214,149.8393374786565,163.13243113400705,152.12693642883343,176.89421645013687,178.32757446092927,167.0156377802409,147.98828663225487
57,1809.1626394293662,294.4584335887365,0.4676198224410302,-0.6643002772443218,-0.09636526174088068,49,0.0,0.7282702206988576,101.37792630676641,-5.014858508628516,1809.1626394293662,294.4584335887365,24021.0583307047,0.0,0.0,338.05822766643007,-23.97408262015197,1296.8530035815202,922.3569560858294,449.7000688880473,1863.28886433453,1962.5968648194512,1924.7152146947715,1982.3691124128754,2044.2971080071757,1919.6301535098755,1923.0610844559806,1976.1272475312087,2032.1151963030934,1968.6208665708707,1755.3265895094746
58,1054.123616703192,299.0816026705012,0.5835482523559052,0.022566545727275126,-0.42604104796757475,49,0.0,0.015496345821244614,2.3882474588367595,-0.9451983107908843,1054.123616703192,299.0816026705012,1203.622929762753,0.0,581.3658789776855,338.4025097352758,-23.97198471891634,56.44342962771877,44.99102031942461,15.496258639432254,95.9550786150761,128.62921256443852,141.48110821793813,92.24879100484995,95.10300615841018,143.20718684728502,67.79500429576407,129.86305421881994,54.11248064895856,59.760994552494054,78.53630405214301
59,2264.220110756193,301.6503801933454,0.2919483321594857,-0.5672547276618602,0.10256478292233695,49,0.0,0.006587736770944601,1.3810714465241816,-0.35054036594076193,2264.220110756193,301.6503801933454,872.9000779141951,0.0,389.1499472960477,337.8507373562478,-23.970818859227983,82.80290902703291,61.050353414594035,9.153678775811994,88.37690202733438,40.11435318471741,86.276169709546,50.87507387297734,188.21208086584596,29.614566109239977,58.1258949845858,38.86344464399958,52.840039605559284,59.47871732042424,27.115894372526125
60,2108.9231823127125,304.0202238492011,0.4669907470876292,-0.8022638333262077,-0.5105676845620715,49,0.0,0.012242284230654685,1.5345614404463304,-0.4649607032663463,2108.9231823127125,304.0202238492011,1119.1441746753626,0.0,694.7115399170135,337.9215491892758,-23.96995412598683,74.97195052633779,40.650271111073124,21.58550664677211,93.11955663905096,91.94795502236867,78.70070160002481,100.40783081966211,77.65591894795396,82.01325289966101,98.02956075734835,90.15096520285131,90.64699416575202,86.7052512339355,92.55845910257062
61,1069.7985440016314,308.2374142143274,0.8572007798155833,0.0236632113957068,0.8475319975644363,49,0.0,0.012435654570237898,1.1438441075668566,-0.145917098212335,1069.7985440016314,308.2374142143274,1127.616548224866,0.0,758.5574249225217,338.39535540981916,-23.9681815426722,49.42959958508395,26.615734694174932,16.888289390932208,53.0761190051081,73.51631030308512,67.81401222425168,85.61631069084736,80.89562654994924,149.72389158657046,103.6748731351198,80.86687302139062,168.97028733349188,68.39487436494893,102.13374633991162
62,1782.8364546264338,310.7573260779723,0.8555336366776569,0.5630495526057424,0.14606311824715804,49,0.0,0.01329102695181562,1.1801586554031611,-0.17985098973647506,1782.8364546264338,310.7573260779723,1003.2138574332387,0.0,0.0,338.07023630227883,-23.967298961305396,42.12041674095079,27.4958459106701,26.02754030142313,75.49550234698927,76.29106256504849,73.20278210494027,76.19401533580492,78.59072475863564,89.11394354668573,85.7932455216301,76.32136364046443,81.78727235853032,100.90871922784441,93.87142307362116
63,1005.9474260945449,311.6113799735884,0.8184471350215354,-0.09033338222002275,0.1322083933112616,49,0.0,0.013816937340588777,1.5856579170721432,-0.5005237507198473,1005.9474260945449,311.6113799735884,972.7696739473424,0.0,542.519904862767,338.42446589014264,-23.966727475731,91.55520416563951,39.105451898079146,21.79009603276163,123.67280462339683,62.04152012804257,179.27408259346618,54.82575567220958,38.83532839834861,47.84462095704073,74.86399844472905,61.8919513499727,50.85992647945236,74.27837861965813,51.930554584545376
64,1041.8335664795698,314.5598418805017,0.2176606957372005,0.6664424118900559,-0.23107773991188996,49,0.0,0.008285749719808368,1.1420338788968978,-0.14419746905595177,1041.8335664795698,314.5598418805017,1677.4651150907555,0.0,1044.0987195983228,338.40810116179205,-23.965526938704297,87.49776074461718,54.817368833180296,25.90416457752567,89.58256922236848,138.9043787645653,128.59815562012355,152.19848373616043,139.34975255034152,94.4052956920635,170.62688814949598,160.8526763490695,117.73465802640933,187.31101898979185,129.68194383504303
65,1046.8358383095012,317.6960543567975,0.3205943033497022,0.005647900453869832,-0.19958398307435243,49,0.0,0.009557137768215044,1.110935459139252,-0.11422207229845235,1046.8358383095012,317.6960543567975,1741.5725386599916,0.0,1152.6373801834307,338.4058178794634,-23.964224056891826,83.23112848902107,54.250943943532775,22.460137286651953,89.780212390651,115.27424499194971,146.39368565253173,141.2560494556725,136.8540966660653,127.23561000375678,178.86223096778278,188.73902054482437,136.20042099142415,178.39575107272532,142.63900620340212
66,1448.3790842290298,323.98209362212623,0.4423737249680068,-0.13782989289042843,-0.05073658921038297,49,0.0,0.023161304551400454,3.29931077359856,-1.2960580629632823,1448.3790842290298,323.98209362212623,1319.5124117122996,0.0,0.0,338.222733385766,-23.961795930958445,77.30711814677008,37.61604240178329,28.565210082792078,101.78398482396791,107.6494235337118,113.8962886240225,115.08412674724482,101.80731360770334,104.94513421053608,96.02804654731331,137.8124309278038,108.11433884259223,106.36286635914828,82.54008685691008
67,1041.9931049429447,325.1658271503629,0.26681499794692626,0.6432811257752621,0.29054186268814963,49,0.0,0.014705055671588292,1.8144250312153414,-0.6468475715975517,1041.9931049429447,325.1658271503629,1774.7694002689072,0.0,1378.7743639268829,338.4080198746099,-23.961108324789887,87.48087742606786,60.597216312975526,28.522668646786162,100.89810904466074,106.91970274487345,151.985724568659,158.85028471971017,152.84864966303593,168.462754321852,192.68730229057383,146.57326953959077,134.31530062943153,161.3779597296081,123.2495806310821
68,1113.303113177631,325.15711505140825,0.46874215837990124,0.2573874651941117,0.0944038152112092,49,0.0,0.012071065324968587,1.3208892223108102,-0.3021659915070237,1113.303113177631,325.15711505140825,1119.983986574455,0.0,810.8737438482608,338.3755072245246,-23.961162157551655,51.69719588084157,49.190085994262446,18.899468396641296,84.46391826144105,91.03893890703934,79.30937792477458,97.10992854158674,96.78163361384246,92.05624838404388,67.6144974651602,95.8827787632319,111.05251575690008,100.87468291493289,84.01271576975655
69,1677.755647097765,331.22541039417735,0.6367351322500713,-0.6883842619708787,0.1766641594407652,49,0.0,0.010011009268414172,1.0358848799109543,-0.03827873505438738,1677.755647097765,331.22541039417735,963.4071006860314,0.0,0.0,338.1181514560987,-23.958789703112775,40.74553514105578,40.15765066152656,25.839842325314667,62.45410312067639,69.70028915451081,76.15386572841328,80.75974349317164,80.27000587963778,77.097145714916,84.21906391110548,106.55062118978014,71.1919345372351,66.71032701446768,81.5569728142201
70,923.6165369974751,335.19178452879225,0.6056915328964185,-0.2608474419242595,0.07701337745994888,49,0.0,0.05331608980095191,8.091350816936789,-2.2700525782486705,923.6165369974751,335.19178452879225,4808.449128857334,13.72163773520737,859.9682950909792,338.46198161261617,-23.95683280440414,285.9398244528941,112.37650635627656,100.26995365020841,244.76587162500397,132.22182672890276,267.03794764272675,162.3245537940429,214.267682379093,342.9482874858214,404.9014430274508,526.893198576754,682.9249959306208,1097.1113399226035,234.46569728493415
71,2313.124382182427,337.35525471774827,0.41678964263362517,0.358653673862192,0.3643196829967378,49,0.0,0.015119345396977771,2.6055172229201227,-1.0397348706850345,2313.124382182427,337.35525471774827,1247.441348595767,0.0,511.051671732978,337.8284755683411,-23.955898021460463,103.3701277748196,42.973653906523154,20.293552325233694,100.23822040345976,69.32640323375153,34.59401295372938,116.2213650817167,83.80617403504436,138.71384718588752,159.6398467193827,160.9815169833882,118.3220648258951,49.07999615390357,49.88056701303176
72,1926.2929009064321,338.6834067672702,0.42343726665873943,-0.6660713985051533,-0.13747170176325246,49,0.0,0.021709752180079697,2.902988896360307,-1.1571134367556655,1926.2929009064321,338.6834067672702,1351.3701227877077,0.0,0.0,338.00483891709075,-23.95561504452665,74.30905568946088,62.155747820421,19.306177435673003,97.6952070361162,109.28571551177262,102.65053169972799,115.31491410527205,100.59576682184094,104.58349442140167,104.48982021284502,128.15077827071246,108.51638808612452,115.03300374213599,109.28352193420321
73,2094.889215888685,341.031402555703,0.5097595711965685,-0.894184115917406,-0.2205453314398242,49,0.0,0.17715106393587374,24.589093631065072,-3.476856301688023,2094.889215888685,341.031402555703,5568.539151116501,0.0,310.7051915366146,337.9279745869639,-23.954543730737996,317.8497633208869,203.6424043095532,89.99182909394001,420.5776160446638,463.59019487005503,489.465768589633,478.04194183611406,445.9167626481658,441.7898724764043,484.6340031094067,396.3975200231994,489.62677786804454,469.2722647415908,377.7424321848431
74,2237.5345574416383,342.2593618174667,0.5803647288946325,-0.9160898215633921,-0.15574910362512798,49,0.0,0.012309859865671277,1.1989245537934723,-0.19697963643331204,2237.5345574416383,342.2593618174667,1329.557377758469,0.0,1093.1864691795083,337.8629423184228,-23.953923508407538,72.800350611657,55.55134451108671,25.693690057842627,109.05435475389795,111.83130144964633,89.53722428945161,113.53289788497165,109.01660756138828,108.8997963952605,123.49338976665457,109.00506069077966,108.52573318844773,108.02728868292394,84.58833791446045
75,1799.9428893203865,342.941021618926,0.40003621726602356,-0.6032117822736537,-0.3692340284856832,49,0.0,0.05293128392603634,3.996056216216207,-1.5040789730470001,1799.9428893203865,342.941021618926,6449.787052308127,0.0,0.0,338.0624456847444,-23.953885857135983,324.2281738535971,232.37887607492303,120.48866691303374,504.86114827286656,518.7136604223298,504.7451182822503,490.8018847340049,509.4860485928034,564.8550795956015,551.2311692798723,532.2526006825174,517.014152738679,587.285696064636,491.44477680101284
76,1805.3219645019176,342.5319206851504,0.600972724881866,-0.6598212515463342,-0.176535333362337,49,0.0,0.03560290164291202,2.9897176085242467,-1.189075423276411,1805.3219645019176,342.5319206851504,5339.605641449765,0.0,0.0,338.05999316244566,-23.95405483783924,252.28309395894686,205.47025357798063,106.20488956799379,420.9681812918942,425.19423594712737,422.0323633988314,432.85801071380695,403.03584748540044,450.20012213234486,459.85032370375313,449.59962749276394,429.0393722526071,472.5482971725506,410.3210227537635
77,1493.897043450359,350.0406822632581,0.5691846481415005,-0.533702498660717,-0.585953352897347,49,0.0,0.013908731933574468,1.4591619352000875,-0.4102587294959071,1493.897043450359,350.0406822632581,1179.1821033387403,0.0,0.0,338.2019757785273,-23.95094703504117,67.99470554877874,55.086444371770426,23.053255561891014,89.49622602859374,96.62241896696035,88.18564836932224,90.98991112452673,98.06235772583844,104.11568215369061,90.5516875121684,82.08197286431621,110.55824216041714,90.22589880118562,92.15765214928066
78,926.384639981741,351.28941459856316,0.4990797658071391,0.967419406720867,-0.08015746889630927,49,0.0,0.837640784011502,81.30647630854043,-4.775312849626073,926.384639981741,351.28941459856316,74918.52921223696,3624.574667607518,44904.113929971514,338.4607039416815,-23.95012863223226,8391.171596880708,4032.666556412339,2580.3142233421404,8829.675442888114,5928.80714618661,5140.2870298108555,4928.940185900896,5178.139994786001,5152.693664735169,5139.2573585020955,4543.247559361772,4032.620586010097,6400.489604981853,4640.218262438306
79,1720.9947785259865,351.1246738038517,0.7988659911752501,0.06838357944612178,-0.0012869761252638885,49,0.0,0.0131698893917425,1.2744503000341094,-0.2633072596901531,1720.9947785259865,351.1246738038517,846.8474172981896,0.0,0.0,338.0984407740569,-23.95049328645679,43.45395077429724,30.641597909484354,16.79173743817104,61.72358023620752,62.52324650749592,49.562449786050806,69.92514404600254,76.67402421097754,62.13996155556801,94.85337435452034,65.66167457293919,67.33607491731459,67.69471809830583,77.86588289085468
80,1503.0833602298394,353.69119290957275,0.9008332552581215,-0.5253178852765458,-0.0680482782210776,49,0.0,0.01637186279734132,1.4271887597397117,-0.3862035415672246,1503.0833602298394,353.69119290957275,1080.1160528098592,0.0,0.0,338.19778717133306,-23.94942737599525,56.90316922219166,48.26117900702999,23.667395819929077,70.57716782113818,95.8173140071536,72.48701259187902,87.33176111569757,91.76245974406832,75.46815939319264,79.07359640020815,84.15883510917938,97.0714449112906,98.93292385129566,98.60363381560538
81,929.7183180794635,356.02978303420144,0.46977503187650005,0.9569161996577525,0.24905020566390165,49,0.0,0.7174210537648406,68.54730929869791,-4.589976030028911,929.7183180794635,356.02978303420144,67191.1531945225,2783.8774597223214,39301.22554788596,338.45917956089494,-23.948156685902784,9716.386943506306,4402.65766067219,2609.831969773322,9050.800904255058,4805.218903035826,4182.11839297654,4301.366641201648,4379.725211992125,4234.180360497139,4243.37814075835,3730.9742647461453,3474.333807320857,4587.292583831832,3472.8874099551545
82,2088.860632094564,358.0901054831299,0.4355419145106855,-0.10122740529991427,-0.2668655797974661,49,0.0,0.011125798806023652,1.391127379850165,-0.35841724596003177,2088.860632094564,358.0901054831299,1107.3321906394594,0.0,0.0,337.9307351075661,-23.947440566790334,65.65087824948012,31.858541787168825,26.289853849787924,82.43353313358713,87.92038098187038,85.98366309725976,80.63027402258291,94.14690387366971,94.98241587503551,88.09672682279937,108.50696977382263,92.2396951364577,88.71167051105715,79.8806835248803
83,2418.5211135903596,359.3815922802357,0.3667089125170587,-0.6068572087917674,-0.7993997927959489,49,0.0,0.0069032082317882024,1.5941170613212898,-0.5063005248007877,2418.5211135903596,359.3815922802357,655.918712307081,0.0,72.67235592279906,337.7804504112167,-23.946612752711943,0.0,14.883803384119762,77.34914459527278,39.045528795078496,110.72410592753788,20.221970871506525,33.08460590041209,98.44692868534354,85.23775902128838,22.199721715567712,80.4502136835964,28.86340669704621,24.06368442446776,21.347838605843467
84,1440.298376546862,360.59566177580956,0.5549158613754249,-0.4298747106649736,0.03347052890003268,49,0.0,0.1937345529939948,25.50815069799868,-3.5166974351596068,1440.298376546862,360.59566177580956,5576.790240821205,0.0,0.0,338.22640926576815,-23.946539867893478,295.57986177777093,201.38373768980597,99.77712336212208,400.74740262403736,465.6802819170363,455.4743714534068,452.84727945287807,471.06010973953767,455.95551566210196,479.89113429746305,457.4226319943618,458.73345985172455,474.50397506981415,407.7333559291442
85,1356.79877180154,363.8114901874936,0.46740980930098197,-0.15477342762103236,-0.03476075678842924,49,0.0,0.2254309532866437,33.5955403624763,-3.815704077067463,1356.79877180154,363.8114901874936,6999.9927588967585,0.0,0.0,338.26447473575735,-23.945177360180896,367.0969886465982,290.0625403863908,168.2184382384191,477.10611642981536,551.9554771042212,565.3798933864734,564.9657000211556,559.1266346922059,558.5967739719899,602.8354805662029,605.5503899955843,613.6865882878949,566.0881778798166,509.32355928999084
86,1753.4041380547897,366.479551677158,0.6782611404511417,0.3679441224094985,0.03826043454452757,49,0.0,0.015543746611935022,1.7034107646489076,-0.5782984685700541,1753.4041380547897,366.479551677158,953.2386338664646,0.0,0.0,338.0836686070913,-23.94408998451973,57.09944191744384,26.98129387715135,13.813370843319259,60.05300567454875,83.4555359127011,66.2839667454054,76.65276294631826,88.31518704640831,82.42976878556654,90.15982861012338,79.71077782209575,75.97723838751409,78.24252609021008,74.06392920765852
87,978.6279610834529,369.24691028175187,0.2562431603053768,-0.24190615378199948,-0.21147476151509692,49,0.0,0.013012165247231807,1.351826404061118,-0.32730231222617584,978.6279610834529,369.24691028175187,1863.1818944164559,0.0,1654.5857674356075,338.4368705185397,-23.94269260119061,91.57381132143203,59.155087976740674,41.07088795685671,118.08475514776786,161.13155830692762,163.76868611912536,162.12259743376376,143.88261445583623,152.9197492422826,148.48179979986207,182.03965674644013,156.8880777172792,146.06021728214677,136.0023949099949
88,1796.0990848018905,372.2973114888093,0.8096953641099729,-0.2260976864294334,-0.12807485244502897,49,0.0,0.012345571371814896,1.059903204128648,-0.06316551261404557,1796.0990848018905,372.2973114888093,963.4684571278019,0.0,0.0,338.0642064156374,-23.941656105594898,65.5943246882205,30.04659298247828,15.40983922759583,89.78905076801067,72.51998543051197,86.01600638443142,55.10739590544951,86.04368218300985,86.04604493873796,80.31405760757028,81.62826336611363,71.66413999543991,81.08493209528645,62.204141554945636
89,1647.5458955705412,376.93809003004685,0.7416163104873819,-0.14506051065426578,0.18934146929994283,49,0.0,0.012257336922558865,1.30893523033181,-0.2922953925315296,1647.5458955705412,376.93809003004685,936.7877979397003,0.0,0.0,338.1319281818453,-23.93974684739434,51.75788398040076,39.85209825167931,22.948284977179153,65.39120766068494,74.08427510240368,70.35355450122324,72.41321265784374,71.38215469567922,77.72417095704482,83.36748264141448,66.67585401158937,82.54563864200976,81.37747965844767,76.91450020210016
90,1070.9351125886328,377.5408957881013,0.5040290154323078,0.25603741320017337,0.14944918556001996,49,0.0,0.0729260713741793,9.466097490993747,-2.4404274323452007,1070.9351125886328,377.5408957881013,2942.5199507155576,0.0,738.9481844853078,338.394784241246,-23.93930857389005,152.7268080315698,121.592458122907,48.80615575762543,194.50686705133415,240.85513664444352,238.23116712793362,247.8319582079252,244.74051411663748,232.8299118718866,243.98018788518675,234.36877261850316,255.65546283729782,266.67812609285534,219.71642434945142
91,2451.6383674545573,381.1882714555112,0.21480668924085172,-0.558943409519626,0.3254422167719727,49,0.0,0.02999852733380818,6.529751990379392,-2.03724171610685,2451.6383674545573,381.1882714555112,3539.8325282398614,0.0,333.79278087622913,337.76537993648515,-23.937490381190464,62.36261480260173,62.68026967741105,34.869241593730365,100.70845706017647,147.5578493875022,190.94168978206488,172.666921342392,98.0830327965788,155.80487735736926,91.5975625917389,2031.046547758684,212.16224656255739,120.84066511054652,58.510552416508084
92,1390.8189537795517,384.7595147359597,0.6941335442980531,-0.7324985213938211,-0.23682754796785033,49,0.0,0.012990014911999245,1.0936827196958612,-0.09722837567350187,1390.8189537795517,384.7595147359597,1242.299118265097,0.0,0.0,338.24895912187833,-23.936460099272512,55.902103006095814,56.25599328656635,22.63380029952193,89.96585490592958,107.61235359730082,108.77142654873714,98.82560234334733,92.5959735584252,106.4002053671991,103.40108000855138,113.65385724198765,100.67799210322868,89.13952489168548,96.46335110652053
93,1972.3608781884093,386.874463571806,0.7407477454178424,-0.620450800584481,-0.16277167286300157,49,0.0,0.029753038316507222,3.088248388896079,-1.2242805588132684,1972.3608781884093,386.874463571806,1337.5290397698689,0.0,0.0,337.9838615040321,-23.93551551945436,88.03908085938932,55.54059394435559,20.027827060044263,106.48126543854461,109.41943831204739,89.9549455782606,115.75789453530047,110.12413974240243,122.59403604281442,96.36266421934117,110.33575835979828,108.39885764969037,106.62434486190699,97.86819316597297
94,1730.9329164240542,389.1608128748294,0.7153967839258106,-0.5543339127969268,-0.2885605220052958,49,0.0,0.017207348909832495,1.428207156878657,-0.386978012585428,1730.9329164240542,389.1608128748294,1328.8380471367711,0.0,0.0,338.0939170927317,-23.934644494327166,71.16638654104877,39.23726488554055,29.559897611358558,85.42230258247506,112.5269377950587,106.83140580432061,119.30821430133156,96.80290121762259,125.4364966038451,111.47774350040802,91.16115240976615,119.69474399027732,118.2370966362445,101.97550325747378
95,1300.8792381814135,389.9840334016271,0.7853379193224458,-0.7228483413032053,-0.9131947905539287,49,0.0,0.011428171400660813,1.004388554013811,-0.004754387150783443,1300.8792381814135,389.9840334016271,974.8552495740282,0.0,0.0,338.2899562471625,-23.93425258845217,54.9566958178988,35.44667211243055,10.63681518065692,85.03671019049465,73.41117948714576,76.45484660327273,74.91397335481619,66.85449148642617,81.70409957140336,71.70289145590112,83.99778514273643,82.88494741855321,85.08844449761429,91.76569725467806
96,2465.7629592607664,389.20004501205483,0.5795950443527064,0.006324455380235012,0.4379348732294566,49,0.0,0.012138395059328011,2.0309757957996544,-0.7692618693031472,2465.7629592607664,389.20004501205483,826.9084775674812,0.0,94.4182688430814,337.75895138185086,-23.934136178227227,0.0,0.0,48.46818913242746,70.56556536989541,121.78656028418682,76.86201099475669,20.29349150159726,38.401632543336774,218.0020192561854,2.3771035947773376,40.94311339423449,78.87103356582034,100.09334812483684,10.244409805426315
97,1953.8813461330958,390.7383314893012,0.4864125023595365,-0.41127478659326827,-0.45868026191348743,49,0.0,0.00993135254485475,1.0791834627882686,-0.0827382041623329,1953.8813461330958,390.7383314893012,997.6499500890377,0.0,0.0,337.9922873508904,-23.93391471795814,44.664604994924616,42.65840840559869,15.0467593034005,81.86289165078514,85.73102865998138,59.29412182931463,63.11066992749629,107.75513606780271,99.02876534998052,80.58214062560972,79.26336410441478,83.53353512489518,74.93938537833532,80.17913866649835
98,1363.9967896950102,394.3546730255835,0.3828643174007067,-0.8637550164438115,0.009397198230594227,49,0.0,0.03346018596477377,5.3732769427336695,-1.8255980625242187,1363.9967896950102,394.3546730255835,6133.103091811277,0.0,0.0,338.2611828533595,-23.932454385786176,325.704943393745,237.0769223113968,120.4175741590213,510.45413611696176,466.08096567669736,496.56500179337,491.709372862161,475.12629383540985,505.0191720103219,513.2176503158204,505.54277434615415,512.0873174149858,506.7332543424953,467.3677132327367
99,2088.6343000902602,393.7543858957013,0.6316626810807198,-0.16528661807899517,0.053799957904948965,49,0.0,0.01588301078353284,1.8050711615828081,-0.641235819584166,2088.6343000902602,393.7543858957013,1092.7516829699746,0.0,0.0,337.93086339677166,-23.932581888458436,70.5064829756204,30.864325327097703,16.46268710191094,73.15065831799242,76.88662777361145,101.04889020442319,100.90151306540596,95.22674352829264,75.97792437944123,91.78515797637665,79.55024506984128,112.04225464017937,90.0935847517056,78.25458785807572
100,2452.252904321432,394.1624229275199,0.257811183871371,-0.9147647569505866,-0.7989386822098787,49,0.0,0.007931292723498917,2.062544194433084,-0.7860081575310132,2452.252904321432,394.1624229275199,708.5652098059786,0.0,277.3325203325746,337.76511574169064,-23.932084324800034,68.38150064243433,48.3326371142929,8.212135354767444,62.619373669971395,53.33565105451829,37.20895411587134,93.692798913634,109.60199178580572,27.21526004031836,35.06853405230449,33.01201810368312,42.06127061324657,63.4225693967349,26.40051494839573
101,1014.5590042754772,397.5385186598068,0.42637817872817935,0.24229890703908435,-0.21476897470885414,49,0.0,0.026786777329588327,3.5826359883194874,-1.3855067104130736,1014.5590042754772,397.5385186598068,1685.9439303979016,0.0,601.7942210271644,338.42046680738787,-23.930934673793224,102.1884968666206,62.60910690376859,23.831801067595393,124.9779460906478,147.324502208316,141.23775624689645,139.0074699637467,118.43855125877707,120.40910198017563,123.84990030604901,137.7598773383056,152.40141252003409,154.17936562067388,137.72864202629455
102,1925.065825174827,397.2464122702505,0.8006539609143108,-0.21639794444366586,-0.18480010776839645,49,0.0,0.032044301128713475,3.3169399000875703,-1.3018440064315118,1925.065825174827,397.2464122702505,1321.1005138398675,0.0,0.0,338.00542577902104,-23.931216370795042,66.2954241054652,47.45891045838215,28.042326795818116,91.43156308992971,91.51760824783952,99.7669529383007,115.8188559930191,122.20717366631271,115.05926751862519,106.76222891440295,134.55360492796962,100.74076146236463,98.23554862998077,103.21028709145713
103,2409.9085328107913,399.18644056609656,0.9180017879946182,0.7435141918681809,-0.8091077432914628,49,0.0,0.013358604468051212,1.3338441331725974,-0.31276270727593003,2409.9085328107913,399.18644056609656,922.5014948917157,0.0,513.0484111084929,337.7844231211579,-23.930038478803553,56.67119351378507,33.06439930913295,9.859684866409607,80.1005483792122,101.06374848024234,79.66126330782383,78.11005168635353,110.57073559392771,70.60584213697719,46.567328638891304,77.00510735406003,64.64855840659021,48.609406656061466,65.96362656224824
104,1370.4477245781352,399.82411093825607,0.5262814833053573,-0.3264096459991582,-0.08556215240326717,49,0.0,0.37796484901171973,53.758572623332206,-4.326119322452589,1370.4477245781352,399.82411093825607,10213.007549083948,0.0,0.0,338.25824044138466,-23.93017765521821,507.0053012705008,377.3748519830144,222.62221268507554,796.7754507655816,825.7527853045343,842.2453905840625,865.238853806633,806.7491767150481,872.1251244952892,894.5013675222049,796.7653394031076,814.4084244231826,858.8038451698303,732.6394249558839
105,1702.8159244246067,399.71500068147196,0.5547817776922062,-0.4734336437679444,-0.19688288102469476,49,0.0,0.010633733052608271,1.1909400190972574,-0.18972472270138246,1702.8159244246067,399.71500068147196,1011.1033744283709,0.0,0.0,338.1067357580082,-23.93025165622226,58.624687831378594,36.348431635663175,19.850392483263857,56.51714200271999,75.52158952375726,73.1083226105112,75.01771803126553,100.08956950776943,89.59542216416723,92.4839161778084,62.513474264536214,85.75844382442122,100.07501173232077,85.59925263878796
106,2477.704489581423,401.58795947064374,0.33110605145362676,0.5808621751448143,-0.11801170785945829,49,0.0,0.006749741101884575,1.6464788765834037,-0.5413904083120216,2477.704489581423,401.58795947064374,2572.1829576466725,0.0,135.4384894038885,337.7535237720298,-23.92896107787593,3.2371768945951516,0.0,13.909136780550028,873.4289806619348,47.00451010806613,1333.5222721367884,63.08756476831392,23.120317742049863,33.82912686331282,39.707768935817164,26.349578331619334,34.30400765373692,55.23581365923408,25.44670311065481
107,1152.2358769433804,407.06011149126095,0.5906999492663989,-0.09402853241422236,-0.3216274352815833,49,0.0,0.010714734176073807,1.1134541002841518,-0.1166807972415416,1152.2358769433804,407.06011149126095,957.5073639207601,0.0,0.0,338.35770343945774,-23.92706339502036,57.256399076604964,42.71391023296242,18.25591877982927,69.93654759452438,78.14023979682437,83.83371111057596,65.08846503730562,72.37125352723658,73.31975737261712,65.65336746718728,90.64376103922578,67.13712571813338,89.54922496516066,83.60768220257245
108,1237.6040103289804,414.8592218588518,0.38960328394005095,-0.20372656661061228,-0.09521463885705021,49,0.0,0.026289624755844627,3.4693763504203994,-1.3506285343019915,1237.6040103289804,414.8592218588518,1559.2465912857715,0.0,0.0,338.3187869405279,-23.923860568573545,72.82233337808643,63.758212616185304,25.648236462717705,116.14900550520815,116.27658726727122,134.66934722212144,112.78492770184317,126.21649829323479,128.9978074129363,150.9933057475238,143.48539993479932,121.66024299021268,136.5563743333576,109.22831242027351
109,2057.878669178855,417.9997640622001,0.9202458931755029,-0.5517742397980516,0.125959305963335,49,0.0,0.014807235601913014,1.1681744754524406,-0.16876928174244793,2057.878669178855,417.9997640622001,1043.5798404273123,0.0,0.0,337.9448989262396,-23.922500028140014,57.819057258389506,32.53969633164804,15.339985998252452,59.45485788062114,79.84981387006181,85.51756768252062,88.2670774909292,97.11795519026113,88.79580603942463,103.30112504320198,87.47880102149274,94.0484956903787,87.32989792485003,66.71970300528037
110,1848.932543492933,420.17905238918985,0.5930622001928979,-0.11436568067581755,0.16426489564378188,49,0.0,0.01955663738939176,2.3422187488004482,-0.9240686326484472,1848.932543492933,420.17905238918985,1093.5063921984138,0.0,0.0,338.04013824963374,-23.921691169281097,59.87631201547799,37.879236824654804,18.366968892868886,83.26740386086357,83.61700091133132,99.2228375395171,91.24293940491715,101.72959756920804,95.81387331827709,85.0554313962805,73.61720686360869,88.3354049266452,90.48971541296598,84.99246326179738
111,2132.0491608327143,422.25510520791744,0.435869404079907,-0.06242853538063297,0.24051780830729133,49,0.0,0.009150301698678368,1.0987699341283752,-0.10226691805081255,2132.0491608327143,422.25510520791744,942.1027960336048,0.0,0.0,337.9110952082042,-23.92067782301245,53.98800142304729,35.908292516108226,25.30817862785832,58.04182875128791,57.96546830114313,79.75152748536993,76.48485514437672,89.11749453068576,90.4924624701317,73.62245193929172,76.35085537256117,90.39677677439263,75.534080607801,59.14052208954934
112,2439.160984055341,421.9352251745958,0.9427585392476842,0.6745195787392596,0.6622852353076685,49,0.0,0.015599258081259218,1.548949183174166,-0.47509292491921684,2439.160984055341,421.9352251745958,1092.8331692980764,0.0,637.1189141438931,337.7711169077694,-23.920528328728086,71.0294640169635,45.34892795475411,13.587555887691838,79.49924453676644,86.33219500996874,75.61893828488826,103.89456623867612,126.29861513283723,65.19717422044445,49.499792264509686,62.6830480079521,147.01564596148302,88.5179246782411,78.31007710289997
113,2455.4256249737027,423.806583933147,0.6814872110178243,-0.21932781834449336,-0.3350169110697982,49,0.0,0.014391327247419441,1.933284320228183,-0.7157393216026731,2455.4256249737027,423.806583933147,887.6944043957959,0.0,547.1309478626895,337.7637060896349,-23.919730161790188,62.710155247960216,28.787804679983445,12.176635209136922,96.30171147692704,87.39849642538576,87.58636053692588,51.088666334646106,96.78965093106042,44.5819001229928,53.18365079009857,72.66934296608724,59.228642951276015,87.1162519634912,48.07513475982423
114,1011.683538210179,430.3931613577945,0.4680255621474656,0.34261926312478946,0.14886524521942612,49,0.0,0.6811369697311348,93.01892449970656,-4.921428284548533,1011.683538210179,430.3931613577945,23473.80098630109,0.0,70.32627130335865,338.42174963099154,-23.917244136808495,1253.1609744187185,909.6616513440931,457.48728512978704,1676.4731190040375,1902.1214697326636,1851.7177566078847,1900.351551478998,1981.7717007535202,1944.5080326080356,2028.5291514927385,1946.9360223475958,1948.1565029289834,1940.6420673371194,1732.283701116913
115,1612.454628550419,429.8079723160929,0.5937864852138254,-0.4465253112132054,-0.08481653433036009,49,0.0,0.14429490822161833,19.76586109130445,-3.2397893473622794,1612.454628550419,429.8079723160929,3606.928217965804,0.0,0.0,338.14792605026577,-23.91772079211843,179.91525675620852,156.48887621679515,53.25211476901068,247.42348155980272,266.3007847993497,291.2035696336514,292.42636378022416,298.3669366382311,335.5900052224698,287.1799306370483,282.13944755452644,345.09364814142555,297.4775417965211,274.0702604605393
116,1428.8828963977114,431.5958966077732,0.4879918069186638,-0.6097109667465085,0.11589564648939475,49,0.0,0.014644485390402862,1.8309018930447087,-0.6566626842784999,1428.8828963977114,431.5958966077732,1062.3668312299847,0.0,0.0,338.2315958978235,-23.91695618561759,64.28759141827986,35.80012369576033,24.598300007753025,79.27976780919369,79.82595092067326,71.3154307299209,94.99310867166794,70.0623555383341,96.45513726691249,91.00161768410814,84.09836673623312,83.19295824925274,87.72715669074344,99.72896581115165
117,2237.1038581421485,432.7211564130304,0.35064672281765613,-0.9508725757823357,-0.29041217597972946,49,0.0,0.026283035566074375,3.9869936823286505,-1.5016138687321212,2237.1038581421485,432.7211564130304,1591.2189369489893,0.0,0.0,337.86322172377675,-23.916234877580315,105.79293541981727,58.294575685182345,32.47351510075867,106.37390550726109,110.04511321199499,121.33008922201721,139.43013304455616,144.82529021820076,127.07859011140681,154.38537788779314,133.22674839981175,122.66049983310403,121.7047627304783,113.59740057660699
118,2459.274066239062,438.6770788567872,0.4095736232897492,-0.1192393048681338,0.8487961365442315,49,0.0,0.00716744042558592,1.1886336050050894,-0.18762001113301668,2459.274066239062,438.6770788567872,1077.7691091331346,0.0,672.292724350254,337.7619704635327,-23.913530282476053,57.894241749408366,34.2813637823419,26.840855449098484,76.98576698889906,117.07806227889287,82.7636069088268,86.01538624542556,77.61509327849421,90.83037900514542,74.78963534785578,70.79130662993163,147.34119033249362,72.62795685289916,61.91426428342176
119,1281.092588437371,441.0587419436048,0.3344186111120625,-0.17447518922737,-0.3015861105268014,49,0.0,0.008185408569067538,1.1328543610852444,-0.1354352021903722,1281.092588437371,441.0587419436048,1097.0409186189015,0.0,0.0,338.2989523830995,-23.91296487268922,57.94548527768246,45.75427952692254,20.59102888056455,73.62482416109805,86.94111276503673,77.00217590305346,94.8232149250903,116.61911849459716,98.95733510541808,91.968365986681,77.27129436720048,80.70396617893368,94.16477078748702,80.6739462591359
120,1988.870728396247,443.84833034232827,0.591215046307039,-0.5502525788038685,0.015739911456105257,49,0.0,0.024456959728052206,2.804175452256063,-1.119512957939487,1988.870728396247,443.84833034232827,1259.0730545494125,0.0,0.0,337.9763674139351,-23.911769844405097,77.7885780990997,60.23272673173612,23.346145629759103,84.68274588638755,109.70757497075975,99.61296741035193,92.31848860698474,98.2832511658805,120.75324230145138,89.85360098111417,103.16418381990528,92.24588420253366,106.68848287011201,100.39518187333675
121,1535.6939377927713,446.32765320741527,0.3354127827430245,0.0300947029461758,0.04812600288570155,49,0.0,0.008922889738442512,1.3388872551430422,-0.31686001883551357,1535.6939377927713,446.32765320741527,857.0203913920426,0.0,0.0,338.18291133421303,-23.910835358723283,50.84111513192923,35.482568087511915,18.233322741783915,59.04435548834971,67.14381322805167,66.19911319967954,71.8217373028971,68.45251043299785,67.4459709509361,52.176882745776226,62.277624714055264,75.42650797659124,90.25441594798893,72.22045344349387
122,1959.6688410946886,447.91383113622067,0.524820272111751,-0.9311865162954405,-0.13746280708741437,49,0.0,0.012998226873316508,1.6416377077800426,-0.5381932978043261,1959.6688410946886,447.91383113622067,916.0900828594438,0.0,0.0,337.9896787667674,-23.910090674835406,53.82868955134832,43.765777677759445,19.409706094074892,67.76579291629494,73.82149761694184,78.62091776229849,75.99977808975441,49.35052563882735,82.12985110260337,87.2350807248063,59.70551556904192,75.06184952398527,71.44107081551698,77.95402977619028
123,2506.1618667327034,447.85782438135936,0.42010605427281644,0.02031349143013971,-0.7606722368384267,49,0.0,0.01441469080594061,1.085801032202018,-0.08937562544003375,2506.1618667327034,447.85782438135936,2706.9635178630233,0.0,1278.685943301108,337.74061306540386,-23.90964976913199,145.0294705086087,102.81580631954563,48.67985524418114,151.46442401465436,232.1796904063924,188.59450367266135,147.29530314253367,145.22394839874903,568.8434440006808,186.37710023524065,268.3901472357891,160.01877035677182,180.22495323855355,181.82610108866072
124,2221.807644904619,455.93025067550354,0.6072218861059743,-0.8403097352348646,-0.2635355693480553,49,0.0,0.026830145368347415,3.1339975356764334,-1.240246626596148,2221.807644904619,455.93025067550354,1346.8831525192757,0.0,0.0,337.87021414829917,-23.906578149402325,68.00663956422531,44.375356203434755,24.48147970957414,119.9454265463084,105.7563710556111,106.7712381613803,112.89570391922805,112.01784158327646,108.42556887382625,106.12716590275573,92.59299047809907,117.90329236857686,126.08152757877787,101.50255057420141
125,1343.895788320062,456.64172950428417,0.820710665257593,-0.2681666125328664,-0.24831662972557927,49,0.0,0.05001747350618579,5.275514048918215,-1.8056619597970858,1343.895788320062,456.64172950428417,1615.0075604146627,0.0,0.0,338.2703226566913,-23.906496730283642,84.15804646103948,50.821470891472444,32.373435006996125,95.37800365793183,117.62694928938045,104.75276903608464,130.19646966428934,167.46537698919636,153.0073272245666,149.93171971722592,134.18123352983167,130.89493956547042,132.50748690468652,131.71233247649093
126,1823.6288713976235,459.04653039813985,0.6895383653480124,-0.3370876360581763,-0.10628267694905025,49,0.0,0.03259611167395634,3.9804110555628114,-1.4998198095463828,1823.6288713976235,459.04653039813985,1194.5116315310174,0.0,0.0,338.0516842482073,-23.905505584944002,67.20076668185453,46.04769811992281,24.14907117087855,76.38215129424216,108.56737543173728,103.57665053082184,80.70121929398505,98.50369486448616,109.7943232906845,96.86411242476183,97.359221670178,101.33332060377086,95.67453490532277,88.35749124837105
127,1325.517793627755,462.9157594939437,0.4557428489195493,-0.36046471713966394,-0.12918849180081082,49,0.0,0.011368729445059575,1.4419188373747829,-0.3973520388359841,1325.517793627755,462.9157594939437,912.8586786627604,0.0,0.0,338.2786959455379,-23.90387617670518,52.047548783808594,37.8881024715817,14.354947146913023,63.4427426916666,72.86254201672213,79.17605176685069,72.59406188820758,78.64760133967388,76.97788812058633,69.51310273353464,66.22168911582543,80.99208033155587,69.3805315942927,78.75978866154134
128,2012.4200376732006,470.8273824978293,0.5783799214858393,-0.5639184722207425,-0.20603825472168788,49,0.0,0.11289588801070856,15.513708813308813,-2.9767890890866484,2012.4200376732006,470.8273824978293,3143.468749139622,0.0,0.0,337.96565045611476,-23.900516750585258,169.04173728668667,97.93817311972246,52.25150240611252,241.12832777254783,252.58727047421092,269.85429682397876,249.25560262126356,274.70197727816674,254.2946051139797,237.83014017504658,258.50141605372016,259.6981642468018,257.39378519584915,268.99175057153496
129,1871.7118326771447,474.66806618789747,0.6172610312582172,0.11620104109045427,0.19130972041902275,49,0.0,0.04656572949884882,5.435139378744338,-1.838026714038037,1871.7118326771447,474.66806618789747,1926.7839397280666,0.0,0.0,338.02977668695235,-23.898981107980248,94.02064764503805,61.301337242455915,34.344576138835876,130.64932630088185,137.62148998264865,169.40235387509546,152.88401560069963,165.03362773891493,171.13844666828905,181.79906767890506,152.28159649148378,184.20386423904603,156.86149397283478,135.24209615293756
130,2180.9666365261987,474.8679422936743,0.7196336220400421,-0.7362028857609172,-0.2772784922394542,49,0.0,0.015664014199861957,1.531881621922117,-0.4630630148531233,2180.9666365261987,474.8679422936743,1037.7427952007063,0.0,0.0,337.8888429925311,-23.898721025305885,53.20190909036653,33.02236452461942,15.00486944379536,71.24464313065448,68.86246075411722,87.49217282076718,79.82054995269817,91.78168966721822,87.35561388090824,90.82041557717804,103.49034294019646,75.63915972819059,100.2610340044842,79.74556968551212
131,1791.1130279071806,475.9936116412252,0.5891568541783,-0.07324243661309263,0.14123608372229474,49,0.0,0.008892522590773541,1.0206197703331792,-0.02215994189197156,1791.1130279071806,475.9936116412252,785.3184712307875,0.0,0.0,338.0665079215736,-23.898453822309182,40.918019598343356,30.223192765032714,6.621107159171751,54.193224131899115,75.38952613279817,60.82972301406465,66.87753674957632,60.94398751465832,60.930993817755436,58.56884881988918,60.408452779706664,82.92300538181108,68.42496181677194,58.0658915493088
132,2064.869265664738,479.1155309914063,0.580707967427519,-0.6077585449119444,-0.016620068068575265,49,0.0,0.040758607975276945,5.462638845849916,-1.843506221843273,2064.869265664738,479.1155309914063,1514.3034295099146,0.0,0.0,337.941753510694,-23.897032754964417,70.71556499881842,60.27241657895776,29.190245348413995,111.81721154138296,119.70580896295711,91.49906433295773,115.24200885140903,118.44061289730392,126.65415380566134,154.09606017708776,121.09756083217353,115.72274450473876,151.29278189290346,128.55719478514888
133,1730.5018981924372,481.0338321849907,0.5949039645779152,-0.24593587180067075,-0.09773832597456668,49,0.0,0.0965820728006519,13.569649157974283,-2.831421547902933,1730.5018981924372,481.0338321849907,2739.749043559965,0.7725026913035109,0.0,338.09413079100096,-23.89636691620701,143.79245016847307,102.99869223780091,41.817547814187094,181.501464496391,209.82897880975418,231.34976039721903,215.10510379345567,230.76294647620892,242.65316285970664,235.3057931013367,188.65653211172196,257.4836121500928,234.13977874757174,224.35322039604517
134,2402.5388760654173,482.1463709124694,0.6654988081491692,-0.99606527751923,-0.2712791772035761,49,0.0,0.03819689659468329,3.9274025926416023,-1.4852635562069214,2402.5388760654173,482.1463709124694,1978.7526957196335,0.0,357.1382359261626,337.7878782498417,-23.895482983731256,114.99991842652068,77.8856588957887,29.626832071198027,146.45474773261708,138.9914987368434,166.27059165636794,167.24473336114946,158.32847610477143,170.465749664459,140.8238600739112,159.99599389013432,168.35463705185845,178.23404417261304,161.07595388140078
135,1683.6592743986876,484.2224859783994,0.7990997463804482,-0.6361288975899853,-0.07379288533040812,49,0.0,0.019405416805759038,1.9812243753805823,-0.7423341563773983,1683.6592743986876,484.2224859783994,1029.152374552901,0.0,0.0,338.1154781437378,-23.895045100645522,61.31327586391331,38.531685349167624,22.848607053387962,86.1405359156103,72.2894862964611,78.96271068951296,73.48680039437932,107.72945667264108,80.01101148152517,89.27867358196377,91.3505559354908,81.20527508688583,76.70321586256422,69.30108436939749
136,2532.552775486341,488.04617793684486,0.2440408713837165,0.07559594883945839,0.7559638158122025,49,0.0,0.005661510926776655,1.116841566314326,-0.1199789225928907,2532.552775486341,488.04617793684486,1132.1263609127172,0.0,619.0435105137659,337.7286396447323,-23.892873643055587,73.7253903629172,41.124843640758684,17.04044784898831,57.81394642639091,71.33520772060734,140.55118552296028,69.80008465663965,145.54289505594193,98.5862743190437,63.98589647888899,167.9879522271609,67.20673070580888,59.22348272991856,58.202023216692105
137,1292.2845621056135,487.1031614378738,0.5421107498656503,-0.495707975350169,0.12976692387498998,49,0.0,0.009702147065091106,1.2118170499952494,-0.20859264657465942,1292.2845621056135,487.1031614378738,868.8617656172523,0.0,0.0,338.2938309398898,-23.89378578408402,54.82403230133755,33.91223437650855,11.150876590543945,65.32167524049184,73.13727984997006,70.32815271897377,71.16363199020144,67.82539611063659,76.02275959745316,69.8893197408494,55.50508099439542,89.90668462523954,59.628087036708756,70.24655444394224
138,1901.2795167419486,489.7800359237794,0.6011445591880046,-0.39404381400523175,-0.13836346696606103,49,0.0,0.04671588494795359,6.139926668164089,-1.9704079605068816,1901.2795167419486,489.7800359237794,1644.982610444281,0.0,0.0,338.01630853629536,-23.892673535003027,97.38326908483569,73.0589124921604,32.46847858331182,120.17150464370614,134.6128557026936,132.79459141116322,143.48413205338233,140.31340066552593,140.83959863456303,118.91677411595201,110.93680305815951,123.83238763306599,152.6764516438155,123.49345072194566
139,2589.8382683034124,493.0475419649289,0.37008421104894507,-0.10517825946162997,-0.5900623179692114,49,0.0,0.007156531497325138,1.6445319915210996,-0.5401058158691846,2589.8382683034124,493.0475419649289,596.9535223855848,0.0,160.59565392749278,337.70254289830604,-23.890716077908383,3.264820378488581,50.687957804215216,21.117844727661623,17.334529221882114,72.81284084565604,97.68272067586601,28.898578001034934,45.38587112093545,39.17462140591275,94.31633281047459,34.032669369186806,27.07384749681134,31.796700984235923,33.37418754322341
140,656.571371869736,494.39379867124967,0.2093913735700448,-0.6129918967520573,0.610874272969926,49,0.0,0.49126507481024667,123.95198689403807,-5.2331337317571975,656.571371869736,494.39379867124967,61733.65646060244,0.0,60.59066006939363,338.5835130530228,-23.890214096498017,3884.8326623900657,5462.266198291727,630.267144224455,4118.081959970374,4618.203385758099,8732.017266527882,7710.092101074683,6676.303462116658,4509.8845681182,3099.118042577965,3815.7738773693663,437.5515475765705,2406.192965390238,5633.0712792161585
141,1596.2526963027751,494.8793629930677,0.4225923604464788,-0.20150764015112127,-0.0643708459252341,49,0.0,0.009676575446759733,1.214894839631913,-0.21134671840759134,1596.2526963027751,494.8793629930677,878.4035777503983,0.0,0.0,338.1553103463425,-23.890609654405054,53.7198793257665,32.88804027082945,12.652489217303891,57.59648966545255,82.0069412545721,65.69788076375278,69.72982009985009,70.57500116050997,75.61925809624843,78.18897390603814,75.25884352246104,57.32177057457535,85.17409791239893,61.974091980639116
142,689.1295886827708,500.7985096520922,0.40425651930784645,-0.6771179363504453,0.11198846441440569,49,0.0,0.39032095403412337,76.96879541508706,-4.715786724431883,689.1295886827708,500.7985096520922,66007.48702216784,0.0,411.8417247413553,338.56866873896416,-23.887586239668494,2664.9823833188675,676.3166826471556,1089.9542828754045,2413.25695861269,5908.9531136446485,3655.466794487536,2784.1125890794196,6001.381488757616,4202.197443769625,14930.054514740277,6770.6872594428505,6243.622979202704,8050.512717185224,615.9878144038229
143,1046.7064844951858,503.15826983155597,0.4161160763865153,0.3856275428619741,0.15297248628116064,49,0.0,0.013029136678592705,1.4456522568256958,-0.4001595963241756,1046.7064844951858,503.15826983155597,1134.4220904154872,0.0,0.0,338.40572876493206,-23.886954581628316,69.70818217360284,40.101908336645124,27.441388338790503,82.77911788193327,96.1780130898685,88.15598496348477,81.89164804020913,100.81913606661833,85.96060302955766,92.96490634929552,91.02565071848095,95.12822384815205,89.41584121611223,92.85148636273645
144,1998.424894388589,502.9380435146459,0.573239811854075,-0.4176547758220641,-0.0723983910681046,49,0.0,0.25595261225937116,35.66134050895295,-3.8804941606638947,1998.424894388589,502.9380435146459,6191.481656248518,0.0,0.0,337.972046837494,-23.88714586148758,333.18119689570966,240.64308878571953,107.29534672471775,519.8204246000345,469.71304116900217,482.2451196947816,444.657402383276,518.8496331441868,511.3150285755778,511.8166256209212,526.441912091299,537.2803499612945,538.448156363238,449.7743302387597
145,681.1304394511322,507.0869586412107,0.3216946978516056,0.9629970463710661,-0.35763505395481593,49,0.0,0.4746037434380261,72.01897653364901,-4.643617363230108,681.1304394511322,507.0869586412107,119800.271782551,7.570073311589418,552.6859828445577,338.572305336369,-23.88495646378638,10403.981770999813,4161.053569583368,4258.692425174235,13204.045134613338,12203.894630095481,7387.054318607375,10235.788464677054,10130.985931851188,3670.090940053113,13303.901348272797,11563.07162725256,8978.67437994041,5193.433774249869,5105.603467180406
146,668.762046163887,511.2544826344331,0.8108275928349092,-0.15486285427964594,-0.18217523253971962,49,0.0,8.074828525607314,907.1117055356681,-7.394151927988063,668.762046163887,511.2544826344331,321253.60959828936,46.90818464248868,638.2298315577187,338.57793546012215,-23.883204793507932,30053.609155878818,6613.552112271579,12791.752622611968,24535.247763787214,38514.72596236993,20494.400183813403,19794.183155496274,35176.06662415089,34024.37182105573,18943.75516364356,24798.635339223278,24549.91083149865,17127.112121781556,13836.286740706453
147,1842.7107539731217,511.02741046433584,0.3721893385819473,-0.7197592262623836,-0.4215539962430898,49,0.0,0.00879673691786055,1.2253801846111567,-0.22067713289906807,1842.7107539731217,511.02741046433584,918.9262651665834,0.0,0.0,338.04300587797815,-23.88384238759842,62.20389399182524,42.70235707625592,9.8269220334287,72.07969326213565,63.773407806879874,70.53526053250232,78.03984360221558,64.19591458726367,70.46845075363935,59.26397442963549,74.35132158692242,94.55737954127522,82.40874489843199,74.5191010641721
148,1984.174287493085,510.2344166850093,0.5272871590533642,0.2744638724684139,0.3483067631435807,49,0.0,0.008799912038059502,1.0340006095184497,-0.036301986910334684,1984.174287493085,510.2344166850093,1011.6268615053201,0.0,0.0,337.9785446046335,-23.884113385334864,45.75731038055416,34.6934158273778,22.9733352503346,69.76068873664163,80.19946197356097,91.8621836065795,78.90475600472615,92.14263337146113,72.25726828047674,94.50008348351507,80.98141441272591,91.61926563957945,73.65185970806894,82.32318482971813
149,2598.14098994406,510.96179317286953,0.22425492587374912,0.00022445273151568357,0.6294314394629524,49,0.0,0.004106232409346777,1.074404044214886,-0.0779190860301445,2598.14098994406,510.96179317286953,1082.4357246212637,0.0,288.8803242502322,337.6987853390647,-23.883241446687496,8.721918993582992,32.29331835379006,31.818971031692026,36.00779183942336,95.70287234488978,40.288552570351385,48.229826413715834,118.5294508656108,216.92504557238777,171.59941387871032,95.92827910379924,31.63821668515705,31.335988526071468,123.41607844208156
150,662.1658223828201,515.4158011541491,0.9496826389960962,0.13222481430691194,-0.7224446045209448,49,0.0,2.3390655212801663,189.73379410956963,-5.695361728489198,662.1658223828201,515.4158011541491,312825.47773388214,127.98771640621908,759.5947951821054,338.5809353925563,-23.881462792928406,35676.01757712286,5834.788037595529,4243.011862638469,18258.579864288356,37092.46551373028,17558.228510608023,24506.605194380943,29954.211019286384,36440.82923302517,21628.544195668776,22120.289761941123,19781.22277730785,18580.047397476377,21150.63678881197
151,678.7359923740865,517.6170302547861,0.40163688417661464,-0.28767623209016324,0.2015399225738114,49,0.0,0.5389547778849618,100.94195290024925,-5.010179256680654,678.7359923740865,517.6170302547861,75052.49665365438,90.7372374502626,823.8467589269883,338.573382392774,-23.880566368531785,14188.840674861587,5560.27047033227,2145.4075087036485,6895.697450829178,6961.437541990309,4962.891465562177,5478.791178784839,8901.170574743273,1898.6617400660434,3207.2833064363344,6385.967638919109,4425.459915189558,2472.2730829645607,1568.34410427148
152,664.1192149775258,520.4383132675017,0.3734696274422126,0.25506547052612505,-0.3071966888457394,49,0.0,1.6418724104171918,192.1166289867778,-5.708912393994906,664.1192149775258,520.4383132675017,256804.2636394913,335.0446211710074,1503.190059897747,338.5800385680371,-23.87937272312346,37914.005210925636,9344.524252965784,4223.5141801532045,20100.257763702677,11913.31524821631,17304.918583454833,18454.16149428342,18486.731661987513,21931.708551573982,21401.380369114733,22797.917800460586,14773.402014260297,21582.643475264904,16575.78303312741
153,649.4302510189129,525.3011470310654,0.32971238651989815,0.23064664010156322,-0.6487228425081246,49,0.0,0.2679198890776783,38.1365105607009,-3.9533523829206816,649.4302510189129,525.3011470310654,74066.78191562677,451.4456528725749,1027.5071888468688,338.5867247058754,-23.877328130899716,9630.293192073023,422.02533523769955,548.1644220636621,6715.133850584234,5668.38431002944,4078.464628715192,7123.116927342235,3889.2692142943624,3431.373885555157,12196.410600852443,3202.043237789458,3486.1838204041997,7378.0957085014215,6297.82278218423
154,640.5851828060428,527.7101898219518,0.3014219296339846,-0.3936550678178027,0.4416689690861401,49,0.0,0.4912649196975502,80.7167058453298,-4.767408573657232,640.5851828060428,527.7101898219518,62507.7487262318,111.44156097901804,231.1338807091838,338.5907514263045,-23.876313118634865,1393.1793681443694,0.0,1795.0013104348886,5563.3846381438525,5454.203987409852,8533.714268650907,1029.8372006358704,5313.759807200263,3448.7040458394113,9394.233410070517,3117.417849524962,5441.349409959707,8096.200725972388,3926.7627042448075
155,690.7433362142336,528.4338013484394,0.7087904167739516,-0.5637423772152754,0.38710656535493276,49,0.0,0.904711263762309,118.62696754361403,-5.18545857172848,690.7433362142336,528.4338013484394,54558.07043322167,46.43114144349809,759.1540818512983,338.56789718523265,-23.8760745241255,61.236388834307554,264.7576974183343,14.02164339361228,74.31421977463935,77.44228334498557,6412.604388738854,5331.222100086889,2899.2665487780364,7325.173455376405,3675.988219899057,9979.935082523403,8787.497469480082,7606.228349850708,2048.38258572235
156,688.9384252199782,528.8343103427262,0.7248176355624627,0.38126204559544963,-0.823864118057991,49,0.0,0.4502859407296448,59.263750203494595,-4.431972825299791,688.9384252199782,528.8343103427262,52072.234468940864,62.716945766374245,783.9503956397364,338.5687190216727,-23.875905455573147,59.1842132668648,458.56810905150195,8.658401204890538,88.9577498663794,150.9663159718156,6561.784055474599,5330.999523112418,1775.3277146423052,6691.695905496095,3321.607672230214,9877.094799418315,8790.24143663554,7039.873116686126,1917.2754558837985
157,955.325583594227,529.943961967219,0.4491714761647639,-0.031792048634812414,-0.19584109374698122,49,0.0,0.016370233480790957,2.156726961434619,-0.8344879187972175,955.325583594227,529.943961967219,1144.5341715641996,0.0,0.0,338.4473438439737,-23.875721209871834,60.74031119216559,59.02001677838838,18.29326367227741,83.52393193016216,97.27610508295905,85.60813611880354,108.41425487243534,82.44203295188143,98.532223712918,84.01848677678203,98.30727070426074,92.09345377376621,106.01287445337861,70.25180954402106
158,1007.7993449471126,530.3061639313171,0.31946456712687804,0.5044229138832947,-0.08563372189743645,49,0.0,0.012207492708575565,1.7363666018612374,-0.5991035595273674,1007.7993449471126,530.3061639313171,1074.074330154242,0.0,0.0,338.4234346206927,-23.87561385961528,62.48503750657447,43.77090359607955,22.675023981104054,82.30105937104474,91.36831056375298,79.49403238233616,81.34228168317226,89.38346641633909,87.22175787497576,91.12038095804645,71.90533344660525,89.56782130611677,84.77563692202443,96.66328414607
159,691.0830692711562,533.5844906825986,0.8007662386992287,-0.6759914755926503,0.5282576643816508,49,0.0,0.5803069576096782,60.66887179472808,-4.45741479707333,691.0830692711562,533.5844906825986,42008.6255378973,59.21036988274347,842.6805694103931,338.56773564577617,-23.87392900359913,69.4444674709101,55.1207570530767,19.167970204312475,97.72825046390922,89.43603466717049,2892.615871385741,3024.9332101959358,2981.7353249167527,5261.010280379302,3278.208468532236,8688.477625807913,8258.996255787317,5865.133837874286,1426.6171831584397
160,672.6801499129954,535.7684006902181,0.3843692509685123,0.41379399569790076,0.49229637191620707,49,0.0,0.6060473829906083,122.43077629421121,-5.219726508058549,672.6801499129954,535.7684006902181,58933.889834741276,3582.4677839030664,9449.307383449159,338.5761174110697,-23.872996451130867,4903.359134151355,1450.4845055517412,2018.2728089529705,6642.132289931799,10404.000926590608,7291.322804407779,6669.18650498779,1005.4031848234465,3350.451283618665,1237.7609375770558,3269.183921226606,809.1704015004327,3437.439713263055,6445.721418157967
161,1202.1624266028814,535.6286544476052,0.7563440563692231,-0.21092222330967128,-0.12946506451980033,49,0.0,0.010479833024994733,1.0345312928714674,-0.03685907973699992,1202.1624266028814,535.6286544476052,838.6328725111052,0.0,0.0,338.33487217325535,-23.873525463202764,57.07748948727419,33.717367380643154,17.851021139310973,60.957461769109884,57.43843408843089,69.80483568047565,82.63011600041803,60.47407225106503,67.07657490534804,73.41148158602681,74.49036129035225,78.88563773156032,64.61682000163772,40.20119919945235
162,2323.2851016475,537.7456719172715,0.4753548614840133,-0.9632670353465762,-0.1985507598079561,49,0.0,0.2531868607889577,39.1988591702003,-3.9831835691266204,2323.2851016475,537.7456719172715,7405.688728680855,0.0,0.0,337.8240520030026,-23.872399555416656,421.4961978257478,256.5890858683165,130.87521825138654,497.42918844014594,567.5968321528176,648.8920081343954,598.9384886265605,602.6726027560367,583.056273885361,652.1055174556823,590.476929300431,617.8871085898716,645.4544579424432,592.2188194516591
163,1793.2641584678295,543.198995469637,0.42693164302364106,-0.5911021119707169,-0.7448415267444738,49,0.0,0.009707815742861338,1.1321886670259245,-0.13479700843128156,1793.2641584678295,543.198995469637,953.6333606748809,0.0,0.0,338.0655462690718,-23.870452820977675,59.58891533466952,33.61950360227212,18.094665984943653,55.33637203743907,76.83082891748055,69.70814162946483,76.89521296990583,71.21246152088223,86.58858985761661,79.45034987497047,90.09710723165045,82.33727826620054,75.52773222434158,78.34620122304347
164,1362.2649525930597,544.4236791326671,0.7566176161371432,-0.10376590395090916,0.11886081491321152,49,0.0,0.02105519881765436,2.319006819679181,-0.9132550645064407,1362.2649525930597,544.4236791326671,1001.2064825401931,0.0,0.0,338.26192076343733,-23.869929428745007,63.66259488532542,45.73985670600709,17.063775126340914,73.72953752383748,69.49938431981306,67.84096686254831,79.88138249287476,72.73015355739635,98.08055831858995,93.18169246411406,86.06972360579232,82.30492445792626,81.78454222704818,69.63738999257903
165,2013.634248225391,543.9147396152084,0.47562999642654946,-0.05371514555450916,-0.04872209114819573,49,0.0,0.008935352368092564,1.1935759039757028,-0.19212510659657764,2013.634248225391,543.9147396152084,853.5601453743934,0.0,0.0,337.9651406188441,-23.870065101024803,50.98882988133828,30.470825166187893,12.872087195040269,65.06056905226632,70.45679055110514,56.46603596425886,67.03736046468751,62.25721643608042,80.37570277120193,61.02292370739529,78.53364446065345,71.96786256422051,80.29325542506479,65.75704173489271
166,1401.01066857748,546.8455464970857,0.529772934538226,-0.18414586902704566,0.005063949221455124,49,0.0,0.3425689002763704,54.07514137225945,-4.332494158794324,1401.01066857748,546.8455464970857,7135.4860418796525,0.0,0.0,338.2442665736221,-23.868931747633894,370.57860516012175,274.5365273917279,140.14857987113635,551.1740080634056,560.3863816328309,546.9473277528743,603.810909546753,628.7090445102306,575.0010082261376,582.7324487216758,580.7405503863367,591.5830382659849,619.5832178076566,509.554394542781
167,639.1184295149242,547.2399407840919,0.9658722970072217,-0.09328247488908002,0.15236578006972648,49,0.0,0.5367932792393186,52.68258759362653,-4.304167744788282,639.1184295149242,547.2399407840919,27539.32103698983,234.23549434858904,527.731016925901,338.59139266391225,-23.868174555454118,496.83685340711486,7.036291972701418,3.640481875410665,230.8005619749472,314.30477509676166,116.81740685308408,1375.569479145076,2932.48394069881,2904.0121652164007,4100.016898462622,2205.1878904625773,5069.068773195477,3950.7989797684418,3832.7465388604037
168,1001.5184613963212,551.2630778813111,0.9212695526283267,0.5278726287880563,0.47306984845058964,49,0.0,0.017682577502681505,1.4428429615715777,-0.39804766308672235,1001.5184613963212,551.2630778813111,1116.5722856106327,0.0,0.0,338.42627833200964,-23.86687741025832,58.115347160403815,48.83164286556001,21.024697624647594,70.69897926691195,88.7865367364638,85.132702867762,93.25916631592155,101.9003944317944,88.9863394717951,99.12183227418353,87.35403189787446,93.49104157603757,96.51985771602759,83.34971540524924
169,917.0177793607797,554.8908208183673,0.49988171198500286,0.37735300004687045,0.1266407313911621,49,0.0,3.340728179031971,454.50574152618725,-6.6438484345021775,917.0177793607797,554.8908208183673,105973.4839203957,0.0,0.0,338.4647736149379,-23.865293323828944,5583.617354869755,3888.6359392541094,1939.9220424102741,7666.75702634116,8580.16586441714,8466.958904078838,9022.050731120584,8812.691336789961,8806.185933222176,8867.09004186211,8805.39437799343,8917.168773187394,8726.030258064464,7890.815336784283
170,1834.524579866031,555.8534056447926,0.6072291416528686,-0.2642178027086774,-0.07338599074760108,49,0.0,0.11429084098482968,15.962326612141469,-3.007740482131434,1834.524579866031,555.8534056447926,2745.2018672307922,0.0,0.0,338.0467512049209,-23.86516866175984,138.05478312132806,94.29723279192052,38.850931039487875,195.19651510831176,195.8130115542026,233.54430034518674,223.8371392831422,223.20782841295437,239.6338798952813,236.98476622367195,227.3010722399037,214.76781547665047,239.01010517526356,244.70248656348645
171,1544.9473772108315,556.5516340302556,0.3916610106057588,-0.3778780627412509,-0.23326880345124634,49,0.0,0.02324307208247848,3.8343835981404135,-1.4592388956523012,1544.9473772108315,556.5516340302556,1256.5104481119397,0.0,0.0,338.178685097325,-23.86491238869917,68.12915178703551,52.5584896774375,17.79137847965599,94.78027619414141,119.05161458844886,90.74815969118966,101.60445272972258,104.97846678889653,89.69483814760552,83.26507367116277,110.77714665770375,111.05640734369568,117.06449990692727,95.0104924483167
172,1216.5476965999185,558.6387459871878,0.44275601797726866,-0.14636207254298678,0.11160395242763331,49,0.0,0.010425606675502146,1.195583767973304,-0.19395002535379235,1216.5476965999185,558.6387459871878,939.647174700021,0.0,0.0,338.32830502658516,-23.863946077426036,60.051831580500874,37.21167531018452,19.203065875632532,57.11250946470773,81.14633881597891,61.69498758414805,65.21208433063066,88.91602857336326,83.31464564277371,82.84355184524696,74.37527282843496,89.04048757101332,72.99160621670478,66.53308906070072
173,1720.7094501469242,562.5934256317435,0.26619738668089094,-0.3592461075481906,-0.16645170661844225,49,0.0,0.012877309124006335,2.7219505349255004,-1.087200571635504,1720.7094501469242,562.5934256317435,971.0550931387779,0.0,0.0,338.09860749977776,-23.86238750432969,55.32048112747698,46.91671431581537,20.805570485460613,68.36327760842688,79.9990512471409,78.38814979698537,67.19052553999333,63.787975941709846,75.53443483160709,75.0921494147317,98.3938101891895,81.74163894971817,86.89585005356216,72.62546363696003
174,656.0571348690225,566.0367337290884,0.8825656994795285,0.46344508798218287,0.5391730163754009,49,0.0,0.07599244614616979,8.416776235306276,-2.3128644534204676,656.0571348690225,566.0367337290884,7436.888932512173,138.46016571976247,788.9504402990846,338.583649892383,-23.860364867965764,43.2312695984656,50.54646434848691,26.258822373214702,104.37006599331951,59.29029780782758,153.46620772792778,380.23152911007037,240.98610184552538,1823.9163084466186,531.8231221481252,1747.1587955905304,1488.2778702137998,342.70326650558604,444.6288108026747
175,1840.2337409613285,566.7211931536617,0.6881739577690507,-0.6637466708265638,-0.18295559768294378,49,0.0,0.02415869549991485,2.806620529028087,-1.1204592438325054,1840.2337409613285,566.7211931536617,1141.757030577026,0.0,0.0,338.04415382025644,-23.860638870939578,70.72406866491075,47.41356788071462,25.48480103374051,85.937352292136,73.96116011270917,83.07672380198215,91.16483209959162,93.1338017288256,107.43817587755478,68.64777398965632,106.54601731199395,100.17194369365117,102.47982144789418,85.57699064166499
176,1171.5346695103244,568.2779654778467,0.5498353092658531,-0.28029862920004966,-0.07304512017895104,49,0.0,0.06421374388398705,9.10770697185096,-2.398522623326316,1171.5346695103244,568.2779654778467,1983.6867769552719,0.0,0.0,338.3488070299713,-23.859905464126356,91.57263824772605,74.24195898644672,35.23921613415969,152.6533397404687,178.65566439521598,169.1464609751107,175.99866224219252,176.82652506840566,171.0382717762131,141.06598251074507,136.8046855902631,176.27302638214934,172.94091375793585,131.22943114823937
177,613.4408752903197,570.7207702810699,0.8357935985409229,0.614772253933328,0.42083233951044413,49,0.0,0.010824376076923372,1.1914639294036131,-0.1902022474277696,613.4408752903197,570.7207702810699,790.2797285096058,0.0,372.46260911506806,338.6030578277755,-23.858358201766926,34.70623105285661,9.005693145278407,1.3196349290727252,108.91020567625795,74.2575182663599,45.64726459291592,54.87256148219474,81.88796698473843,67.20346785444576,92.42066144042583,35.900622173474375,60.15266525054383,52.68977567072372,71.30545999031753
178,664.7160623227168,569.2199004783769,0.6672058164239115,0.2679707585896567,-0.477323528908552,49,0.0,0.07960711103679648,12.28807651847864,-2.7237097676743147,664.7160623227168,569.2199004783769,7074.883532176098,134.4029197559517,846.5780579771192,338.5797008611838,-23.85904956876981,39.75582272088296,33.19697596760312,20.715372053301124,89.72654206589897,66.51475318558039,54.17390162511792,395.84953857126254,162.36115208139913,157.35438935816694,1251.5323902527612,2570.1244393929283,1009.8219174169918,638.9987894343551,584.7575480498491
179,1946.3520113121508,571.8376625655106,0.5413798363335928,-0.2849265948399,0.13356426703687965,49,0.0,0.00887268611388031,1.0618510971229198,-0.06515905026333407,1946.3520113121508,571.8376625655106,799.6367734411556,0.0,0.0,337.99580982222784,-23.858465496413064,43.84894110955354,28.428691176522307,12.063215703029355,59.05290735344909,71.97634085740903,61.90965328483027,65.86169841291246,58.16514372228225,76.82247542645861,68.72966620192693,63.48545939381179,69.13993767282659,62.27050336877498,57.882139757368336
180,2072.4873564833774,574.7089722883296,0.5540438747506421,0.07410568341401934,0.29433846613789527,49,0.0,0.00885866070602604,1.0663244334287139,-0.06972340152709534,2072.4873564833774,574.7089722883296,830.7174114614323,0.0,0.0,337.93834685187494,-23.85720007464947,50.55179449977098,29.238373112879305,18.573751128826693,45.8598615065258,67.4493673562287,64.20809006406832,71.62113470669831,67.91328725792494,64.23493982781021,72.79849724053048,72.97102452522657,69.47936902873313,72.66389320369387,63.15402800251505
181,1692.8610905357007,576.1126164912424,0.5525953032772255,-0.6480535076628856,-0.14951296957987706,49,0.0,0.012903018948600362,1.6458767945787496,-0.5409933052628587,1692.8610905357007,576.1126164912424,980.6457168099951,0.0,0.0,338.11129699114696,-23.85675879347633,61.03384437559993,34.21788776601252,16.15643406514267,67.56503131641514,74.63979609440108,87.2369650122026,83.77729942563943,91.32509631245937,88.52718265303534,78.33999314882652,61.829048263619924,64.24761040488639,90.27746420561304,81.47206376614119
182,1880.3709007995697,576.6810918363273,0.5586339338057434,-0.2774850608637849,0.09536646199497134,49,0.0,0.03464088727090388,5.056796065923728,-1.759688598620674,1880.3709007995697,576.6810918363273,1276.8817908778349,0.0,0.0,338.02587167781854,-23.856475180640533,82.51735732902875,45.84662774358725,19.49162771329643,103.1482819233275,105.79828836488258,105.66557475180637,111.09202403172243,90.1709990707513,93.84265169756355,90.0745495645585,95.98699795159607,126.48085791149082,108.79212375687048,97.97382906735268
183,725.8820258690791,577.7401364733254,0.5014571526766887,0.8870214776868597,0.2632155914804592,49,0.0,0.04339973081393683,5.064176149167644,-1.7612720087559723,725.8820258690791,577.7401364733254,2213.78201575638,0.0,1177.2624463104028,338.5518249664499,-23.85557394779968,124.24429050996308,87.3136141870151,35.67932704189173,162.73342775690713,169.01310127062118,177.93304848220538,179.80112793550194,196.7629404242948,185.45084080847693,175.6046558909486,178.07714033499633,179.23572320743955,209.92162420567973,152.01115370043885
184,1437.487931307971,579.0000382709885,0.5050925916810193,0.2622970537267292,0.2535043495799639,49,0.0,0.009646879107865344,1.2140357702244324,-0.21057870733868003,1437.487931307971,579.0000382709885,833.8708674427089,0.0,0.0,338.2276392033762,-23.855543680822738,39.450141702412736,27.302590814926425,17.845191985187633,62.61288285649262,64.58532045642792,75.88622828411941,72.5734182749497,70.51132580317821,53.23715205176204,68.17540720759517,67.4929773890415,74.34493445404293,78.70986233049314,61.143433832079424
185,967.8630717157001,579.8301315639495,0.5287958435594619,0.13729561342315566,-0.09279394745304488,49,0.0,0.01627644846170772,2.0217353732628482,-0.764310774461937,967.8630717157001,579.8301315639495,1096.283595908693,0.0,0.0,338.44158586323243,-23.854947511985667,79.89717809140423,36.30155494687415,23.344017880065994,88.51454687331392,77.51064868022473,91.15578700610536,79.39941926390236,87.13792512897241,102.06130811137673,86.51758580251868,80.85349734104102,92.8099726132352,98.73888715266108,72.04126701699718
186,1590.58261835795,580.0254887666223,0.4783523854940934,-0.49460187629722346,-0.2029427161578089,49,0.0,0.03380000109400432,4.781240107833981,-1.698851384908253,1590.58261835795,580.0254887666223,1526.0309327745324,0.0,0.0,338.1578929682388,-23.855134169492157,75.46037434691456,62.996987412787014,25.22438670353138,126.0764146492597,121.76285276134236,112.97245811364047,111.80882011024737,115.58426772789925,129.55255822304468,130.4168637043718,134.54468283371665,110.38202980714175,138.86319375661634,130.38504262401898
187,1502.3694972328278,581.694348359716,0.4185294660043843,-0.3864964479308581,-0.35962947275688933,49,0.0,0.016153972345173094,2.1619784400513398,-0.8371283967844172,1502.3694972328278,581.694348359716,1172.852703361989,0.0,0.0,338.19808037209657,-23.85443246461443,68.09607680094759,36.183536299173454,20.82527540984678,81.14864572100436,101.21042063487721,96.24437952027988,104.67142324802593,96.1957621371489,85.0727763038534,105.31828629978105,102.0818488939816,89.2015286379223,103.94267908116187,82.66006437398457
188,1547.380656917674,586.3476099428219,0.5751802147339063,-0.2542018885129375,-0.025712573071257697,49,0.0,0.05557363379956806,7.963204537268678,-2.252719677130002,1547.380656917674,586.3476099428219,1603.4739590588874,0.0,0.0,338.17757419521126,-23.85249827234133,83.00395227159333,55.13956947168761,41.375435922856795,117.8711097679703,137.96959908388197,122.84155693431066,144.71603879654322,125.06821177098837,136.12667900903563,137.37133534340154,121.98303554095149,131.69330483536038,120.66051112800892,127.65361918229743
189,1393.1704864924868,588.0525523768888,0.5945551054493395,0.1454762515497534,-0.34905998676026456,49,0.0,0.013013404334345401,1.4079686343622164,-0.3714824500920464,1393.1704864924868,588.0525523768888,1078.808728113098,0.0,0.0,338.2478264194605,-23.851761016044673,50.55451870871271,33.835191750071864,26.19222227834628,68.21107533929555,90.8636680079166,85.4346564957643,76.68240085086885,94.49529330727435,100.6951769570619,107.68116834967648,73.78899647263577,86.49981777325567,101.98924065105246,81.88530117116517
190,1207.0433350256762,588.9296986978551,0.5928644085230648,-0.045665000721205475,0.08447917134641089,49,0.0,0.01366514645466455,1.6405716269837551,-0.5374879908355283,1207.0433350256762,588.9296986978551,940.2260904498274,0.0,0.0,338.3326180557763,-23.851320660290984,55.56104893859657,25.086468653302045,18.91674293796516,86.55687732025177,70.72400950550991,77.83739727238182,76.86259736542192,71.36575088296092,73.18325946103124,70.35639793760875,82.13426987315387,86.9153460122942,82.15677327738646,62.56915101196284
191,1927.092887921783,589.3298878265662,0.3066848803976912,-0.01592498784419803,0.39166979969024546,49,0.0,0.00967506840817391,1.5137054698756935,-0.4501034507052338,1927.092887921783,589.3298878265662,945.0051199169156,0.0,0.0,338.0045921806853,-23.851186171824615,51.03672669110024,33.76405111515106,21.732214264199495,74.13365997242548,76.62599031498854,77.60641317818217,71.83254030218683,68.38261690448545,86.30424240017831,93.0318365197165,81.2238635456483,63.501838692973635,76.31420781276103,69.5149182029186
192,1317.3158448151808,593.3236879325412,0.5547601273332748,-0.299869730995833,-0.3312509283357907,49,0.0,0.010523604288840584,1.2635340914784985,-0.2539674103395822,1317.3158448151808,593.3236879325412,902.1007762680713,0.0,0.0,338.2823807007948,-23.84953991141395,41.47152035056132,31.09121028828156,13.170723775600871,75.06504043016298,76.43741895000551,83.24569034318291,87.44282478884203,75.28156875253595,76.35716252131164,70.29449892809903,75.90844778852647,74.52511850366028,59.75420030229978,62.05535054500089
193,1390.9150000877498,593.0780270944634,0.7616468854614956,-0.4041430785176625,0.09779913406713237,49,0.0,0.012228071723300302,1.188225541714544,-0.187247208989194,1390.9150000877498,593.0780270944634,1131.6633083916784,0.0,0.0,338.24885241567875,-23.84966655422721,55.41425828926404,38.93011641135464,27.013681389394414,77.97007258233782,92.69998405730048,101.26052719821494,73.96141157807094,102.8954133102844,106.97325232648973,97.27158652005606,80.8720493917009,90.45473319370276,103.21949655612353,82.72672558738363
194,609.9346169160784,594.6687530237074,0.6811047251806129,0.22877866751828677,0.32046034458832917,49,0.0,0.009554103759126647,1.0637415042714118,-0.06709026137372698,609.9346169160784,594.6687530237074,1500.72575555323,0.0,622.7200385751268,338.6046209722335,-23.848376084335815,623.7483766060031,36.256482060661284,38.67421590786458,76.03719974708414,88.19438724774648,57.990202366577364,71.4021183844099,56.80973059750798,67.90341141316284,65.17359154505961,87.24623768702068,100.68799355992145,66.95528611426218,63.64652231594846
195,1669.8471785744214,594.9353454831408,0.6335587141893188,-0.23311347967580265,0.02638449563135494,49,0.0,0.1301240342388848,17.82436906974807,-3.127535415120924,1669.8471785744214,594.9353454831408,2883.162278691987,0.0,0.0,338.1217835480391,-23.848918911505745,140.1603982696098,79.04494101806385,41.0770599800382,189.15508109628527,235.66164530681186,227.729773271459,229.66175185544142,247.39299511203154,247.61034954748345,235.6545419333406,273.71907164749825,243.47352686460079,244.76973660539528,248.05140618392795
196,622.9460549448888,595.8606876495894,0.5101688298488917,0.06307260547306086,0.007505833126753989,49,0.0,0.00785250257144029,1.0652360542697064,-0.06861464316255143,622.9460549448888,595.8606876495894,1143.5629733390144,0.0,725.3007605282965,338.59869225206444,-23.847896635373843,110.74450903231622,52.19955496610274,26.639461825750544,98.36895956789499,104.45888445684362,71.30949778425854,64.08686114768574,62.47609635457306,93.90183022385801,75.07457416864753,79.30058959365604,165.87401066014826,79.64800806264898,59.480135494630304
197,2554.912894129674,605.1941442666257,0.7662808623164404,-0.8748928810913803,-0.34679298216598864,49,0.0,0.014392396646655375,1.4102578869255318,-0.373246343035166,2554.912894129674,605.1941442666257,1045.8514527578714,0.0,101.68016462036205,337.7186116234742,-23.844037951040917,71.69566619506745,29.26220902956894,32.26132332720255,54.413329657272094,69.40363655774814,68.36775270590027,88.52331534507351,82.45523533656205,92.20522544037914,90.40440455572676,79.07449258295091,95.68833517419168,103.86023799696265,88.23628885326534
198,1219.3396058585977,611.136750792252,0.6683452066630301,-0.40127295932417567,-0.18592627089816216,49,0.0,0.0178843424891023,2.1763771638650415,-0.8443354008090842,1219.3396058585977,611.136750792252,882.699350210433,0.0,0.0,338.3270042088888,-23.842074633687957,50.92352606484525,34.55090251799244,11.034064119462979,59.27530660296942,67.08433313536656,68.2422731970253,79.95823546938982,66.22526867748218,75.85672053889802,88.41843439277245,65.30166621362252,63.67346630181845,75.40425953039748,76.75089344839006
199,1894.9421835173216,610.9407200657854,0.4957683441629781,-0.004724222933804078,0.06426478938949215,49,0.0,0.030821970714245406,3.87719333765529,-1.4712936444984979,1894.9421835173216,610.9407200657854,1515.4811292989657,0.0,0.0,338.01924786566855,-23.842195533011278,90.39249045578254,55.52969703550563,18.91824382468701,105.59606227546183,123.40233881106128,128.38139341784216,128.1052943654354,141.33431785147295,136.79797284273175,115.12403480865669,112.39055726485921,136.59942650938393,125.8945304629285,97.01476937315684
200,2689.057933385575,612.5586506411695,0.7736156022680476,-0.14376219491198228,0.381576845633933,49,0.0,0.010283461816039959,1.1922797587140288,-0.1909454275424951,2689.057933385575,612.5586506411695,1698.9308599139536,0.0,839.4390473193023,337.65751900665293,-23.84078619297451,65.15169410910487,100.3073212917105,66.7329376612036,230.39129767200902,111.62681133541376,138.94527814529542,149.40692704376687,91.98319246450995,92.96576792473807,147.69453449718245,146.2822394271455,130.86662704463492,111.59271476398682,114.98351653325204
201,1541.7526328900735,616.9393021327355,0.6598401073730086,-0.14600799301725895,-0.07479449942743431,49,0.0,0.020212961744085687,2.2950719396651817,-0.9019907579184432,1541.7526328900735,616.9393021327355,1072.523321088297,0.0,0.0,338.18013553946065,-23.839751986167432,67.76660499190552,43.38724026200668,13.589592567344788,72.77900513358529,89.22465134079548,80.39697790041058,87.95859210014576,89.92459677079071,85.81160727438093,103.44631010337827,94.30824007158472,78.93647278566363,92.74348609874409,72.24994368756053
202,2689.110953014479,617.3248598447146,0.8793800834476239,0.28891628044743534,0.9991155516748688,49,0.0,0.01845114484804015,1.8213105453675933,-0.6509600054001536,2689.110953014479,617.3248598447146,1622.4599011569132,0.0,841.5957773667376,337.6575023277482,-23.8388003711858,80.8184100832181,116.60260269677832,56.077735074086384,178.17925474718578,125.4664736637274,119.09170837964813,111.09118326049746,93.40734309912304,90.8890060692854,133.69678156990543,148.76605774440645,150.2835508407263,104.94520472027287,113.14458920805211
203,1682.3064954265537,622.4533804297827,0.8513275794937327,-0.15362945807318856,-0.2489428844304296,49,0.0,0.017838399961360017,1.6839755875863403,-0.5658394782217381,1682.3064954265537,622.4533804297827,933.5511880628028,0.0,0.0,338.11611091246596,-23.837452401234145,52.08921662557556,36.68312995201333,21.132217081605347,61.537560982000244,63.80023467509352,59.33710884195283,82.3031349821793,92.04158344006038,54.84539714329578,82.93566165489656,82.00905864141652,84.5852628360891,79.51567655174497,80.73594465487942
204,1834.5561636443315,623.6059253236856,0.6091391718752642,-0.23835206163447656,-0.013391633219417897,49,0.0,0.06318427046507838,8.700900397940497,-2.34891049293259,1834.5561636443315,623.6059253236856,1818.8338268950702,0.0,0.0,338.04675965478424,-23.836940009709426,80.18241334390815,68.28983181373869,37.176954461364076,138.65430938803112,165.00454829714766,136.8583869752422,148.90278712320867,164.81278917220732,132.55143037349765,154.25916032634922,143.34141771644926,153.59837249594455,153.15592878622166,142.04549662175987
205,2318.7859135952244,627.9929578348911,0.7172727663412839,-0.5213448495441212,-0.760975286502649,49,0.0,0.015527992421467051,1.5280791794624966,-0.46036464592757687,2318.7859135952244,627.9929578348911,1057.3879920717227,0.0,0.0,337.8261952896609,-23.834803537015144,52.22401793825458,42.728444270424305,17.76970041014738,71.78575895163786,74.5844189799481,89.01146949876366,89.71483449785697,90.77217796152223,75.14519204076757,82.0127160973978,82.11521987844377,90.91329255443357,108.82637301424131,89.78437597788347
206,1981.3298857599966,628.8080513866665,0.8204281839594612,-0.3825196260276009,-0.004700985229398831,49,0.0,0.034916368501714,3.86175701348783,-1.4669623598970793,1981.3298857599966,628.8080513866665,1180.0158780856877,0.0,0.0,337.97990576095947,-23.834712168320703,58.1102269236247,36.76893453512632,28.13268013641857,75.26084598539751,95.3929554769665,103.67280931803292,91.59214830204446,110.42052219533224,101.83855649957187,89.5268922004684,92.79609538479275,91.65240587123779,105.67384614517141,99.17695911150226
207,1230.2863859698286,632.5337089198327,0.7109357440788496,-0.2781675780360911,0.3575499584631306,49,0.0,0.02191576629347592,2.4630896144535988,-0.9787005325968374,1230.2863859698286,632.5337089198327,1051.5129662962058,0.0,0.0,338.3220062633085,-23.833165231210142,57.28823421179263,40.40211859706151,18.199338631073346,68.13452375964997,68.45723401401472,84.26308398664844,97.92049508001566,81.04655960989567,98.86559948221301,99.53546052889214,89.21637754048771,86.24385992060905,81.66897701938748,80.27110391446436
208,1851.3859636980837,634.064116023639,0.5599085099930725,-0.3689829614769934,-0.11791190698231163,49,0.0,0.045302019165602066,6.587617766313923,-2.0468209803439663,1851.3859636980837,634.064116023639,1505.732595621204,0.0,0.0,338.0390972898482,-23.83257719359791,84.98704746964279,56.878095729443956,34.60235510757677,111.34131714959754,123.98784603649402,142.50905446866295,114.5216867305449,112.33836754338617,122.30113375206372,122.17797547155807,127.19572568382243,127.82163501158203,114.35095647382987,110.71939899299852
209,2221.3595245543597,634.3209215482639,0.7065617542338326,-0.6189678355556435,0.20636973358563104,49,0.0,0.02015988904933689,2.392759939333145,-0.9472478223247465,2221.3595245543597,634.3209215482639,1000.1698165836599,0.0,0.0,337.8705779354045,-23.832254366170982,54.805165716946846,43.3295247886046,17.678571274742538,75.65153765628934,94.53386827134403,76.97652480145018,87.23610284749999,84.45153361017124,73.94070979820945,80.98483402633559,72.02619305951004,76.2244317823364,78.62743339737443,83.70338555284522
210,1357.4715772635666,639.1072681405606,0.7862305452567772,-0.2534652107646075,-0.23389968344883072,49,0.0,0.026946307055488925,2.858388080125601,-1.140302980324968,1357.4715772635666,639.1072681405606,1272.8407582361879,0.0,0.0,338.26407159947917,-23.830478584527437,72.77513873572158,50.92626917247442,28.969333220564554,91.94387351873394,99.30538071784086,118.40508476139235,94.3446789294013,93.67730887317951,106.22235927173942,97.15247342897624,100.22894050533685,99.83455241151327,103.26270742172531,115.79265726758828
211,1366.583742890346,638.7292592419977,0.5747430582392731,-0.06357097466673677,0.0579844739819042,49,0.0,0.029270002957873183,4.024737839829701,-1.5118439922421132,1366.583742890346,638.7292592419977,1316.3629651358924,0.0,0.0,338.2599212466798,-23.830638988352014,87.35353204570706,57.135326274693696,20.001453216122307,87.12878436107121,93.4963131813747,117.49952936503219,96.0474283406266,111.47316788105853,102.07972786634771,94.06587098824697,98.18571476322634,120.37091953709324,108.2991194759161,123.22607783937563
212,1033.8215889103958,639.9616199895826,0.5949036163257464,0.5669977060592756,-0.046570894664652,49,0.0,0.009693705105241287,1.1381805186024354,-0.14052786959293134,1033.8215889103958,639.9616199895826,801.8027657070764,0.0,0.0,338.4114884393217,-23.82994727118426,49.26433530842841,31.71373051150895,21.711174916470252,62.108068669886514,61.19089030653841,62.49494627628165,59.01270588769205,75.25548989234355,62.954288658307334,66.42405280157612,68.23872805494362,57.59213720116736,67.40459585608437,56.437621365847775
213,1343.210064646917,640.6291039279907,0.6696710006004574,-0.23221497571030528,0.26247686047813673,49,0.0,0.013782729848940361,1.680821044113207,-0.5638036921481037,1343.210064646917,640.6291039279907,845.7808596860868,0.0,0.0,338.2705669781191,-23.82983974402418,51.16295993634036,36.07886809325471,15.603444163339637,58.375719518020794,55.749592473117474,55.29590724134223,72.10357173213815,73.54457173217472,63.58063433923341,65.94839169885667,64.69782847391019,73.4837030851233,71.40312081369233,88.7525463855429
214,1474.8550312825316,646.2132229794165,0.5255021678057685,-0.3586296895878372,-0.04620269224040389,49,0.0,0.04538244271147145,6.891285187133547,-2.095750557537983,1474.8550312825316,646.2132229794165,1579.8992058221143,0.0,0.0,338.2106035113715,-23.827546873061515,86.82169049770997,53.46938309524493,29.022974226737475,124.91749758938593,138.5351738507824,122.51963436400538,130.1450037880423,116.026839170781,137.05226627879233,118.46472148676548,136.97991790564538,126.2256911141175,144.26829191883826,115.45012053526612
215,1973.6547649057977,650.3654817125488,0.4307144827516043,-0.6910793412383449,-0.10059888659641493,49,0.0,0.015454000848412355,2.3136390658406136,-0.9107390218677962,1973.6547649057977,650.3654817125488,1110.3279133809763,0.0,0.0,337.98341336191896,-23.825734256640533,54.738150284156546,41.00651564465768,21.541371685370613,89.73390736129154,89.44258436818717,89.53684989793278,62.2161441237867,87.63629509988482,99.74259147537305,83.55277747899754,110.03804619485445,96.24701564331012,106.67353454776448,78.22212957540884
216,1500.769687202597,650.8855147886562,0.4676107730263609,0.1278767506366846,0.08070080109468558,49,0.0,0.009769428966514471,1.322535354830655,-0.30351822672576834,1500.769687202597,650.8855147886562,926.5640313270968,0.0,0.0,338.1987992635674,-23.82560408632018,51.45343117389538,25.06233226818012,15.091065364727626,64.17256060424063,61.02125650942395,76.58592407395744,63.71854758543491,82.14270543213304,77.03529846851427,71.10497102429083,83.00122183802627,97.34819947804434,82.68703493728046,76.13948256894756
217,1524.392443868068,652.3943733398191,0.7395947198898637,-0.18857452661032956,-0.04891313021881639,49,0.0,0.06573454947170085,8.103236083901708,-2.271646230132828,1524.392443868068,652.3943733398191,1611.9932571800152,0.0,0.0,338.18803958840084,-23.82497820413989,87.99597656126397,60.95188318762136,34.218218302131255,115.20585871617362,127.0333713972716,114.39482301481651,132.5032220525536,132.32151430661332,134.77307927528935,123.42464273748789,137.7686522233618,148.81733898548782,144.84666626433307,117.73801015561008
218,555.9853235419884,654.0373031187906,0.26919270153185143,-0.10952535143858773,-0.9160976092527338,49,0.0,0.0059711958239471105,1.0117726491033046,-0.012707337750406663,555.9853235419884,654.0373031187906,1012.2966626923175,0.0,650.2969342194001,338.6291068602398,-23.823567760013834,88.2745589325703,43.26088045565456,50.0027019914648,79.97706917421174,91.95103056824331,74.03883728855153,66.05458534376196,61.90994946462203,62.37704601528745,60.596671541157065,124.52705098130679,72.02018667613103,77.45150732799048,59.85458693136434
219,992.5682753180731,653.133161970282,0.3346546831986378,-0.47405167337182924,-0.039596466667899004,49,0.0,0.012011982230415098,1.2721329074519119,-0.2613312176631296,992.5682753180731,653.133161970282,1244.959871916621,0.0,0.0,338.43026689820414,-23.824427033593736,55.67203001331442,54.689879181610635,28.56709637591758,97.0123640380487,99.50403895034515,100.21799451019636,103.58930703722208,93.95029104226045,109.39496659975953,111.62344727933807,93.36662343987572,104.93080949607872,97.48469176028371,94.9563321923701
220,1762.4784213302498,653.9454190639943,0.4981183642238428,-0.5746036605650235,-0.1781496612188708,49,0.0,0.014710795003311709,1.9206483455512589,-0.7086196412448296,1762.4784213302498,653.9454190639943,955.3776275781313,0.0,0.0,338.07959890612466,-23.82431828943522,48.03122443130983,42.06830311783665,11.662789975871263,71.1680155439411,71.81133195731726,92.02465512662125,78.70783306077048,74.63625957607994,65.00930315890855,84.7086765751254,82.17545029219838,91.28338532703185,67.31666001174945,74.77373942336985
221,1237.6228628782321,655.0209812273973,0.48345397361531023,-0.8121983304931282,-0.21108676379622013,49,0.0,0.00815240839994191,1.034894878972679,-0.03724059477055384,1237.6228628782321,655.0209812273973,851.2656812788332,0.0,0.0,338.3186527859255,-23.823799626039705,50.08907292299784,29.887228507463618,13.292017095932774,59.182673959163395,73.83348947221506,61.837096233469765,79.46614526034978,70.91316938010883,57.30598736553841,63.60119586781128,57.64873262994178,80.20709117196893,79.15717059446214,74.84461081740956
222,1802.3666705579333,657.0400633395057,0.694815572287233,-0.49966878290871275,-0.15481423275053252,49,0.0,0.05147943903879345,6.484385248430492,-2.0296720228044345,1802.3666705579333,657.0400633395057,1538.8147586155874,0.0,0.0,338.0614320203109,-23.823019208318478,82.43094347161835,59.173732330553406,21.47309311694987,111.56290059876429,102.69368764794064,135.64159529198838,125.45498606335791,127.33229674397592,123.8063376020902,128.43363565425304,135.45794787050295,139.85020808623815,121.57214099519396,123.93125314216037
223,1850.478121147399,657.848480177362,0.3503689610560301,-0.4721159838205296,-0.505179257643253,49,0.0,0.009837135719051995,1.6007153940392311,-0.5107853038990167,1850.478121147399,657.848480177362,822.5830874430995,0.0,0.0,338.03951936766697,-23.82266784316184,51.64434296931712,47.92777554321879,12.233557671761114,49.94585340557899,70.00360578310188,74.78987613151736,46.07230016264074,59.195768797522234,67.51323403880676,77.62188192814469,82.05254408588746,73.99248231362539,58.85443307393691,50.73543153804009
224,2010.6927179574277,657.3771325430598,0.30599727368398527,-0.06734213665841125,-0.20046517482778514,49,0.0,0.008963918709531208,1.4408211626463707,-0.3965251968375554,2010.6927179574277,657.3771325430598,920.1557566334924,0.0,0.0,337.966547870909,-23.822793479594853,48.39392450136891,29.958033384468305,19.370631143725845,73.90524505533513,78.34187028494011,70.6546977222475,67.95753271928051,85.25364380597452,101.24758831810644,70.7514635039345,62.71243037581904,65.45091435576407,82.58941331518979,63.568368147337665
225,1329.371464479609,659.4621816571073,0.6408452035778176,0.4212974789222088,0.5395904579593593,49,0.0,0.011420284155677864,1.190521049711339,-0.18934269652289226,1329.371464479609,659.4621816571073,956.1033598471288,0.0,0.0,338.2768629044572,-23.82198812832582,46.08817943817414,29.406701208024273,19.90039267505872,77.31617557787618,61.444963733723114,74.34388103896575,64.67526026756528,90.60740332853992,81.6798848190549,74.29204086646436,72.4100307398937,94.78015641672596,89.99275308593351,79.165536651129
226,2227.0250099113036,659.6874100479057,0.5881940122748204,-0.8933467937327678,0.307894166610153,49,0.0,0.017800077226779808,1.659386409949994,-0.5498688224576326,2227.0250099113036,659.6874100479057,1508.3687905649715,0.0,0.0,337.86802027225366,-23.82168090540335,91.6168419177923,50.21294435496959,33.11795532164894,109.98641794725268,113.65267134014394,117.12591052238693,107.32117138535831,127.93215960584274,137.26146634880533,128.36431132632362,127.4975612784448,140.27601330155505,116.22842884963005,107.77493706481712
227,1869.3707554389039,660.9503830731684,0.5867109134764859,-0.29386231088806514,0.0015906238393302333,49,0.0,0.0415189314021487,5.841365556914731,-1.9162859638885468,1869.3707554389039,660.9503830731684,1370.3452592427589,0.0,0.0,338.03091571969634,-23.821368890295506,71.29065574853095,56.48029520519115,35.59783815474624,107.61595502812747,102.18273026884955,91.18616585884536,114.7508042965783,121.4392626380625,103.40895586929665,110.81086691264409,110.0314740553641,119.35077223549862,123.69266181741952,102.50682115360428
228,2737.4399444682986,661.0978681529931,0.6070859873441337,0.05659810086713123,-0.6096453009597358,49,0.0,0.016465474902524153,2.5147994808819285,-1.0012584050720477,2737.4399444682986,661.0978681529931,1177.301742475991,0.0,435.65290229538607,337.6355608412314,-23.82049125475255,45.44521557804614,55.43329469504389,30.229328400911747,60.162407376250144,69.19815134355522,85.26111085372142,74.1576696602078,57.73313220968578,254.67392869806469,171.16542857044135,67.04755669698127,75.9807499379815,79.18092027176402,51.632848183336094
229,1070.4462406266782,661.181067729344,0.46128057670186945,-0.38877422903644004,0.2800756956637235,49,0.0,0.008101599895638798,1.0365639690874942,-0.0389902717776928,1070.4462406266782,661.181067729344,830.9584108495305,0.0,0.0,338.3947904672502,-23.821133211336576,46.92211201878864,37.50666427647277,18.408505119190472,62.254501452973585,67.1696656990037,69.7024073419964,90.38186263509056,76.96380417202931,67.18153570591859,63.87780539982459,51.78080892562998,64.3729965112768,55.74187234662185,58.69386924471324
230,1028.89630125117,667.8413064199635,0.3862875162829556,0.029773381245012637,0.14711370266995533,49,0.0,0.01128154708189758,1.695050606476039,-0.5729566719601505,1028.89630125117,667.8413064199635,974.1662240928488,0.0,0.0,338.41370886109917,-23.818327653664173,57.783157294698015,29.750546927893268,25.004098007009407,60.886374561565205,81.37406174808781,83.65411000327197,71.82153186297728,72.55486875552424,75.45683653246923,85.24288979891034,75.6776054063976,90.98566906182492,88.01794657400131,75.95652755821806
231,1729.2660885290388,668.0687951908278,0.7994891079800319,0.25301189292489795,0.2862081832724279,49,0.0,0.012167802591264673,1.2018826905925712,-0.19965520137444348,1729.2660885290388,668.0687951908278,867.6905694217799,0.0,0.0,338.09472866061435,-23.818440286712455,50.70900828385393,31.661826559719447,8.035580075182724,44.72775461475797,72.02041644012877,68.08203069269962,57.53690977842171,77.64727265067015,79.07848213948544,75.31058302291547,59.14368812749927,84.13915088088025,77.39526392168709,82.20260223387812
232,2048.198758404359,672.2320997994366,0.3941001672308989,-0.5316516286049074,-0.17907199335724314,49,0.0,0.017319909109799105,2.518083687931935,-1.002675399222175,2048.198758404359,672.2320997994366,1226.3387311837528,0.0,0.0,337.9494750255861,-23.816582713036475,50.50945715191594,42.32563907612921,20.360915851593127,79.15365951208648,97.59389400147347,97.97314896078322,85.0285548179532,97.1242793363678,121.41635908831657,120.663216544264,103.82430589138335,95.72811700901579,108.255547634922,106.3816363075485
233,1724.1649328511396,677.4688593712874,0.5368102439824884,-0.6533191308535435,0.29921692001703043,49,0.0,0.011389827370038253,1.3115537775259503,-0.2944652565762183,1724.1649328511396,677.4688593712874,943.5101023138402,0.0,0.0,338.09705364139813,-23.81452463461909,49.82918336633441,33.52669842550557,10.568561413179491,50.13815320431311,73.75716965657969,59.50405329949622,87.34183979054524,82.36784790554215,94.54586256912259,78.60286330974586,81.73389416226536,81.78097810103509,83.75404693563942,76.05895017453605
234,587.1390275519055,677.8292697844463,0.5829964268458732,0.7445900932579433,-0.014014575153263903,49,0.0,0.023180658264168885,2.1627075197851515,-0.8374944757450657,587.1390275519055,677.8292697844463,1905.1989464209914,0.0,1694.855347829831,338.6148835908157,-23.813698101267885,76.19823204974367,66.00204041990521,37.87915826728759,133.8958501050636,145.34671390328646,151.0669653778765,167.2016623023748,171.5547576764891,169.63420004110813,142.0527381026913,168.33500337061207,164.67019540064737,164.74048571876983,146.6209436851358
235,2034.2365798427427,683.2388576993326,0.9579377481063717,-0.49486478378975723,-0.40124849099442733,49,0.0,0.013863772251955522,1.0905719651891688,-0.09413582323548553,2034.2365798427427,683.2388576993326,950.557765107039,0.0,0.0,337.9558407783256,-23.812005027075152,52.44637495873016,35.38103270247713,14.217236994526356,52.0219649364289,91.77657371846496,67.60416858132577,96.24495117393775,83.82994814308691,67.57093422695857,83.66343309503667,80.31277473057457,77.56126357057414,76.97040669789293,70.95670157702415
236,2215.282587714777,683.9145516879147,0.8346824466195748,-0.42759975107916137,-0.38466012569217634,49,0.0,0.021829230702136982,2.1509158443074488,-0.8315585468102731,2215.282587714777,683.9145516879147,1144.37883044927,0.0,0.0,337.87338978366233,-23.811596592610186,70.51556373823202,46.59211682834071,27.73254629306079,73.58448685146931,103.61140187214266,81.62674570542194,88.36986239418289,98.98976977942579,89.31079890809326,87.8515659938245,78.22235475891327,96.12376823838919,109.22744061292563,92.62040847484803
237,2488.496682610745,684.7273428303431,0.2874000266238558,-0.9028512606329946,-0.1688810430762218,49,0.0,0.023920706465026836,4.18915304464587,-1.5553155674290953,2488.496682610745,684.7273428303431,1587.5442409131183,0.0,0.0,337.7489668041535,-23.810983469689663,97.85607017152249,51.90396692279943,20.039495876508116,107.8688375665611,108.98230402470851,121.04191461408875,136.58606910573843,160.60389526860698,128.82649475277404,133.16314761472347,138.34857221212025,127.85279101851881,125.0430270773559,129.42765468709223
238,2046.1270726981572,686.5185473962366,0.5658992686650919,-0.29025128802988415,-0.13416667848910055,49,0.0,0.02851247446648134,3.927860808155782,-1.4853902231685512,2046.1270726981572,686.5185473962366,1293.5487090459178,0.0,0.0,337.950427709922,-23.810631568350242,63.091078067842076,47.19164148358115,20.50318885690187,79.58760961301346,93.02195381002409,105.51327598947266,107.6849998923483,96.03675663097536,112.77718732626006,120.66546670590776,110.43119546423284,120.47297158863682,111.75048844041271,104.82089517630857
239,998.1773651448985,688.4346148929692,0.4638339804581749,-0.05992496313971522,-0.10799805085378612,49,0.0,0.021103536266016312,3.1947782540788285,-1.2611017991374451,998.1773651448985,688.4346148929692,1159.725336724517,0.0,0.0,338.4276815815055,-23.809723476096348,72.63370139560587,41.036978204905346,18.702550979685444,95.75178113149727,94.60097980359795,82.3020777908641,90.20095078549465,98.57191404641446,104.61954208262685,94.2570710005069,83.89781180285645,93.172204898636,94.21239468629811,95.76537811552757
240,2241.99152878598,688.3487194175741,0.601035069844565,0.5017063292546493,0.2893496713200766,49,0.0,0.009667845853778364,1.0676396608541887,-0.07106174664543016,2241.99152878598,688.3487194175741,931.8965633708071,0.0,0.0,337.861230263981,-23.809726696425518,46.62895680217663,35.8556302138514,10.52358655830358,61.1961797254489,78.4833693054798,85.96522859673283,71.12466286762088,91.88457269179568,63.89209289712146,95.43902013829796,79.00345430159075,75.81527008198489,78.2899176925261,57.7946214978763
241,1084.1471580425482,688.786467459293,0.4584567363337309,-0.8935815592492923,-0.3839389707520361,49,0.0,0.008907776070959515,1.0042393849315239,-0.00459312455911345,1084.1471580425482,688.786467459293,880.545123562328,0.0,0.0,338.38852986921734,-23.809641167900647,43.07243442648358,43.391016565264934,19.34293563054659,69.93936536903105,54.80221763534459,75.89263608076223,84.85535652810084,62.509562234872526,72.55933774439188,70.26876353147446,63.25145278976147,81.77243920352656,78.63544652808903,60.252159294678094
242,939.4727759238299,692.667753657019,0.6706474510943073,0.05801009715771494,0.04600764898351638,49,0.0,0.011401055186084063,1.264745982770648,-0.2550082715687571,939.4727759238299,692.667753657019,804.5433868256592,0.0,0.0,338.4544120300721,-23.807910192569437,52.22855708103343,30.170322027433162,13.821908045966982,70.26166148584942,54.508865116319065,68.03857841279851,60.290400477482265,76.11181179235304,52.68154732701136,74.3357129749432,61.64796615804506,66.02229249790807,53.15472842508797,71.26903500342769
243,1195.099463093019,697.962338319622,0.3582855653111375,-0.16004896684331882,-0.2201553299359192,49,0.0,0.01621527771529062,2.350620621561524,-0.927956354546135,1195.099463093019,697.962338319622,1269.6796316142706,0.0,0.0,338.3379955305551,-23.80588644060858,78.89336618476868,50.54614601631483,14.601867113990124,98.72710470394483,92.18692520853375,102.37208380776828,122.06228391190561,87.15048595110605,111.43971712405185,114.489096174399,86.858898241616,105.98596981793243,117.83830598206862,86.5273813758708
244,999.0708257989268,699.8638459690542,0.42467989489316277,-0.2612294889455795,0.17753162229609587,49,0.0,0.010511827278961935,1.3486803315974758,-0.32477256010462946,999.0708257989268,699.8638459690542,1015.9993046657185,0.0,0.0,338.4272647988702,-23.80496227645776,62.50185304217851,40.24612066701898,22.97865286158807,74.6996602257688,70.38115708880537,75.03881094270267,84.21210203622303,86.07358206849634,88.16044201602539,83.8278997924548,86.91170896640563,75.95255786546362,88.2429898245534,76.77176726803387
245,1559.2186838324392,701.5894636487026,0.48103650197458175,-0.27582768161395904,-0.1838166167678622,49,0.0,0.011452794162513503,1.4742692870652077,-0.4214420453152167,1559.2186838324392,701.5894636487026,1046.0409965898364,0.0,0.0,338.1721743510157,-23.8044839105509,59.00878488400346,39.468452662799066,13.689859602305617,78.44267890181241,66.40530363538294,100.16050110024872,79.8333358794915,90.36947941447424,87.57288405419175,87.75457164670459,83.09614922379558,79.98973967604468,84.80228209470621,95.44697381387567
246,1552.879426706653,704.3291012948441,0.5009065713938817,0.38472982140453865,0.15460380364595333,49,0.0,0.012373564271365114,1.6823452435684894,-0.5647878115781981,1552.879426706653,704.3291012948441,1067.2802160742071,0.0,0.0,338.17506105724453,-23.80334206692634,59.07062708723832,36.20416196449476,15.035538440762522,77.26575701091681,80.78954707297294,109.54500377033648,63.422049611073604,89.39795071315157,97.20878498427427,89.19169573809091,84.63568721115266,90.77008794658491,86.74346597249186,87.99985855066538
247,1517.1688016896262,705.2838481081791,0.649559416774645,-0.22829619647463556,-0.1376727853795832,49,0.0,0.009745050744935856,1.0567297250561547,-0.05990980997584021,1517.1688016896262,705.2838481081791,842.0455330048374,0.0,0.0,338.191323397254,-23.802941147545393,49.886087674415535,34.91139241359788,14.356470078056871,64.32961443990162,80.0878820616675,65.79144158745758,60.86686153389286,70.04560939481873,72.35776873076317,63.102855061702066,64.00385916553512,64.67295053340948,67.50415900347323,70.12858132614573
248,1193.3497904657058,708.3096916655767,0.3392637380821672,0.2255483473426788,0.126860380770761,49,0.0,0.02859486734803793,4.999583420039569,-1.747334547882446,1193.3497904657058,708.3096916655767,1514.1117496788995,0.0,0.0,338.3387862680053,-23.801574299234215,89.2714527506766,52.14812250129732,26.319863785353625,132.0233291713722,102.63774645547056,107.0300129543456,120.98325473070457,130.30410702604726,116.96163677791121,119.21943718629475,134.7950758992023,149.0394315065682,124.10276987571733,109.27550905793775
249,2346.32845109205,710.6692017694702,0.6635267488267189,-0.5343711916102131,-0.060310535228024494,49,0.0,0.028391129388673535,3.450437018704167,-1.3446852614454106,2346.32845109205,710.6692017694702,1307.1539080021334,0.0,0.0,337.8137387024176,-23.80033029677942,71.45179488306265,51.76893051758327,28.693909438463788,75.83994931320963,98.5045053555724,98.3160214837045,95.17421271344338,107.97733595236491,111.96418092772848,115.55558772408352,101.64175794925468,112.30877105833744,120.23526400396071,117.72168668136399
250,2424.161450172986,715.5231082454759,0.7481511978034477,-0.3936469452437957,0.020405363014908924,49,0.0,0.027549674906637334,3.2488507908239934,-1.2793244151662353,2424.161450172986,715.5231082454759,1055.962700153719,0.0,0.0,337.77830174608243,-23.79822634037265,52.37739604935669,43.17662208375632,16.060191918083696,66.57542957079616,98.32468519427667,85.46065798830327,94.15389778742173,97.60993777384385,86.08872603238171,89.247280025473,79.84402033907223,73.96890548603704,91.42783553671107,81.64711436820559
251,2442.699295400809,718.2460769634466,0.4057534225714857,-0.7524098501544374,0.015965628358465885,49,0.0,0.013979615821881916,1.9409218953359566,-0.7200201482247814,2442.699295400809,718.2460769634466,1061.4495897871766,0.0,0.0,337.76986366298274,-23.797071210152634,59.2659879725322,37.059838358398935,11.767447946641859,81.28305480546966,81.19264693372453,87.99292952468578,95.49502207869708,89.65368875777872,75.2950392296845,82.02651301576456,85.43226734588006,87.12355158311937,94.45724322176675,93.40435901303243
252,1193.6627579178132,723.0609960127531,0.8628389155616036,-0.22756322406219354,0.1178971524464023,49,0.0,0.025410795481100236,2.5144771180604186,-1.001119219652445,1193.6627579178132,723.0609960127531,1026.1198367469856,0.0,0.0,338.33863511063333,-23.795428379109424,53.54115465317655,30.732305894102044,21.03937326032599,75.26533229263057,89.82432382188124,100.59775148112313,88.26467995673607,74.73882685243987,64.81481801825089,87.09811142669429,87.72632066902929,87.61642992497485,93.24264104137052,71.61776745425023
253,1337.9576771764905,722.8684348052736,0.5789617495171384,-0.19945209201958636,-0.031068579701327828,49,0.0,0.13957240719656278,20.566527322565456,-3.282902417135741,1337.9576771764905,722.8684348052736,3340.0000349555635,0.0,0.0,338.272928284083,-23.795573134078833,210.16137988845753,119.29295236396649,62.761686382667484,254.28973071120868,258.7559057354638,297.9583671954958,258.26769132404536,262.3729343787588,295.6006669698394,260.82903352101744,264.120403892205,258.2073467882156,253.3086897649129,284.073246039309
254,2364.6641432098077,724.5449776714282,0.9838020971326857,-0.2347439597822214,0.05920520125251516,49,0.0,0.026732780922092813,2.3112734720012886,-0.9096283366039879,2364.6641432098077,724.5449776714282,1635.7587018337128,0.0,0.0,337.8054044370357,-23.794530568325246,99.44972000517835,59.377309144298366,36.94112987325093,133.01691550373988,140.60149465508573,132.28262210813796,116.17522367325276,121.143734398569,140.59435083035368,104.03735884577367,134.2188433592815,153.56511293869275,122.19035767294648,142.16452882515182
255,1695.262994762096,727.0291338226606,0.7627331494175712,0.04464901515787867,0.316929651111407,49,0.0,0.011481469173801934,1.1176893682217117,-0.12080279954644141,1695.262994762096,727.0291338226606,797.2917647879522,0.0,0.0,338.1102233216596,-23.79387962855914,54.419234898566316,28.091254191972567,11.813931611637656,47.55208308913416,55.5659190053785,60.44410028044107,60.56893821853754,70.61872106393747,74.30367547768422,61.17125584883681,72.62404059617565,75.63393925594147,68.7945004168704,55.69017083283833
256,1768.6512573777786,727.6580704241685,0.5314615216301638,-0.13701280619393794,-0.001294984147803072,49,0.0,0.06593308815353188,10.112964558537229,-2.5121962130836186,1768.6512573777786,727.6580704241685,1902.4597991907672,0.0,0.0,338.0768052219454,-23.793604693648113,87.5776587756696,79.91152352632335,40.240683487661826,121.50299785486973,180.1031916110075,134.60427222836023,153.69153977439174,182.75357845658533,138.6797613545553,140.30178611286402,169.88892671971035,160.29906851848676,151.24315096354056,161.66165980674123
257,2365.22835275007,729.9019264109759,0.7672147029214709,-0.7909597350983077,-0.1953283380327836,49,0.0,0.02027608535560579,1.6263769418632044,-0.5280530210404,2365.22835275007,729.9019264109759,1677.6243548110676,0.0,0.0,337.8051534193395,-23.792298061175348,102.59075751008004,67.35273155894838,35.48165078220731,135.92974445459265,153.2025222283381,133.89949650083145,119.7202000770962,120.6910511445038,138.71347887638868,106.8273519054339,137.2312316052283,161.15216357200572,129.17410350545302,135.6578710899601
258,1155.1122830676131,731.9334082165585,0.9494997528943214,-0.006310834695415033,0.05518229978080047,49,0.0,0.021280869337242672,1.995714259982395,-0.750245901250792,1155.1122830676131,731.9334082165585,906.8197710770348,0.0,0.0,338.3561838974065,-23.791709765330353,54.80318934633833,39.942448186797314,17.302849497462294,68.48670242300541,77.29347452796162,59.03972166618807,85.31817164711829,75.7531588127739,64.8055903829626,65.66392994705097,81.86064263494254,68.31287273798765,86.89145530328292,61.345563963162874
259,1105.0406906883388,733.7174450798519,0.2436216249663919,-0.07094020782882557,-0.11664287890654687,49,0.0,0.011421581367608446,2.2597090144838443,-0.8851312952797186,1105.0406906883388,733.7174450798519,975.410157502668,0.0,0.0,338.37898269675605,-23.790934986609383,56.10624724982971,38.418277776611255,22.907394599702883,82.39572147667822,65.97547990595453,72.89868392657776,71.35882132264402,73.21149789538623,87.409617909544,89.75838612238357,93.80113977345275,73.86553378440253,73.90499514440722,73.39836061509337
260,1796.7275401822512,735.2758572707515,0.5576853334458368,-0.591435803085588,0.5360768114236465,49,0.0,0.10289543599171141,9.50198446126256,-2.4445357896887487,1796.7275401822512,735.2758572707515,9260.05271624403,0.0,0.0,338.06402252873306,-23.790423912666903,490.5187960299727,316.84599790959,162.0817821653174,704.1491592800236,726.705103844493,752.1502568236233,731.7755959826529,817.4471851583744,821.029918439084,734.206067847475,758.0295247471317,771.010500371112,746.5451119918669,727.5577156533138
261,1804.205315662509,734.506024561431,0.5595635620096409,0.07068835883010102,-0.5403098820656578,49,0.0,0.0320355992578252,3.6378267857506703,-1.4021050409805802,1804.205315662509,734.506024561431,5492.733998233332,0.0,0.0,338.06061729917064,-23.790742665790738,278.70872924750483,199.0963042444655,91.54787665684702,408.3045955281768,433.09040322289235,463.2512556670653,461.1710921178006,478.3080753631707,477.5217414461305,448.99957133537634,424.85731813072584,460.5925284126107,462.0884294278405,405.19607743272604
262,1428.9410815169788,737.1545115219603,0.3502985632001596,-0.7074016586452706,0.3156027829159001,49,0.0,0.008204003211848465,1.2123132792451574,-0.20903715573616102,1428.9410815169788,737.1545115219603,869.7530302336821,0.0,0.0,338.23149387415344,-23.78964723127139,44.02593691315012,23.48131691372692,9.952482111567658,65.85131132366934,58.50841014581897,68.37661854731529,84.0264241457011,73.71735737064202,68.29318126111045,60.337705965258166,78.10389925484496,86.78166320122747,69.15513566539813,79.14158741425152
263,1796.6807809971044,738.9100404885534,0.37463905463331365,0.060661015014611,0.2576748263143333,49,0.0,0.09327470128242252,9.609873991960292,-2.4567942327106183,1796.6807809971044,738.9100404885534,9622.518799446543,0.0,0.0,338.0640448464194,-23.788909743441724,509.52803873844425,328.84645212394594,171.08972352452668,727.2601991584706,771.4862799923442,778.9359576445685,750.8090875085641,822.4041029666704,846.2467287993669,779.3568495071875,787.2225242926874,804.4356865371171,787.3384637514299,757.5587049012197
264,909.5878355654834,740.7550878281207,0.48750103434382225,-0.5137170393238819,-0.48567728725609155,49,0.0,0.06428919017989429,7.33714657916369,-2.163817988393652,909.5878355654834,740.7550878281207,3057.8528982760545,0.0,0.0,338.4679737948947,-23.78784792596139,180.314429664572,112.14437955318246,60.641311701956525,210.69414025429694,268.05109289431584,232.24267558941656,266.5321610171324,242.72500764660379,240.06626494616128,274.51415583975233,239.83547994025565,246.61686800034073,273.0282625683749,210.44666865969307
265,1670.909661661326,741.1809496214408,0.502634514339683,-0.48337838390114557,-0.21706570828878596,49,0.0,0.019722789725453452,2.7056417283932075,-1.080675720784188,1670.909661661326,741.1809496214408,1076.2251938052486,0.0,0.0,338.12131435413244,-23.78798596064313,52.102820334294776,53.4710420543675,23.877038481258143,66.0482459470943,80.50678789668449,103.23250752596672,83.7239439733716,74.04535449488421,89.42879476587913,86.95220176278107,96.16803766249012,96.35975000892765,88.40290319247514,81.90576570477396
266,631.5674119861832,745.4533502066504,0.46438384262875826,0.25081758123512327,0.3572542657052051,49,0.0,0.009129641176778634,1.031126809228793,-0.0332801965786651,631.5674119861832,745.4533502066504,924.2116835135819,0.0,0.0,338.5945563713563,-23.785582292484804,50.01927121094238,39.54392979330044,13.90305538485368,71.21375801634335,82.32842963568848,69.79563736237333,75.25350203265208,76.20568624366717,67.83338820361752,78.32900871838157,75.91164557961997,91.74187243555345,68.97038140483224,63.16211749175618
267,2193.426263953218,743.8871458448516,0.4664179650521836,0.09196591783733434,0.192236930221672,49,0.0,0.009803701583936567,1.040619482718419,-0.043229881494448515,2193.426263953218,743.8871458448516,1036.9479386275643,0.0,0.0,337.88339464263004,-23.786626973756537,50.94622519047037,40.72167716040478,18.077840753241347,63.20180073377847,94.44521244906058,84.63831545228975,90.86097125083937,78.9679994811507,76.55788958566156,102.97563767471803,90.23394154578683,96.94864990305638,76.71019819124396,71.66157925586215
268,1493.5418988048064,750.4689064803347,0.22501225094631125,0.15813015095027236,-0.1188791400261936,49,0.0,0.00740127247841102,1.0313377125008156,-0.0335022467681568,1493.5418988048064,750.4689064803347,861.5582665739148,0.0,0.0,338.2020759899362,-23.784111800433884,45.118244707010575,34.14785518017976,9.898476424067635,55.51008558489287,79.01640269549797,74.45127537776739,82.19418680701907,80.39891889352718,75.9539337803216,64.56530927936868,64.54195044906973,68.8235764781148,65.73451404090318,61.203536876174276
269,2147.9107336766388,749.8115151219274,0.580928788804548,-0.4141303538010174,-0.09483243845460726,49,0.0,0.02856851227066141,3.848404019313139,-1.4632016488949273,2147.9107336766388,749.8115151219274,1168.9926035979242,0.0,0.0,337.90412386110955,-23.784193263413457,49.98511480971422,36.3081187723122,27.06650319984532,85.94053918700723,71.10775290143523,84.91258807342037,90.16141398474001,117.52513917094495,91.01271565499522,91.44388540099337,119.77694241700686,97.09493075468203,101.69772576949174,104.95923350133566
270,1199.8054960807146,752.0758756935296,0.5593180272098542,-0.21813855059489506,-0.025307927906822493,49,0.0,0.009021084334021622,1.034977633814082,-0.03732741164156682,1199.8054960807146,752.0758756935296,806.550468299851,0.0,0.0,338.335821200536,-23.78334269680653,38.75478400111918,37.66479910575549,13.53548913951866,56.19311708601358,63.00253637448897,57.299994931369625,68.44758536664008,63.393149890357265,63.33336265619428,72.81671466169236,83.6325981439477,61.97567450850066,63.66895928673469,62.83170314751849
271,1622.3318781968615,751.507536725657,0.4005971197656535,-0.49389517974060426,-0.09560492351027368,49,0.0,0.022241973222107532,3.79602674148524,-1.4483231579909899,1622.3318781968615,751.507536725657,1106.4822784193916,0.0,0.0,338.1434342045616,-23.78368637446667,71.88793213550004,48.138097043705564,19.149222134181528,83.45749016603392,103.52377496497417,89.58436136755282,90.72038497540129,70.25432172013177,77.7929618507714,77.68413284702739,92.38319853651566,99.02505425175518,93.02114681253913,89.86019961330189
272,2274.5989330681023,752.6868890193409,0.5031017473404414,-0.680701432491727,-0.42723404550031735,49,0.0,0.018742637339439143,2.255028700973112,-0.8828801843763288,2274.5989330681023,752.6868890193409,1266.9644917557798,0.0,0.0,337.84644306564996,-23.782891930674417,69.20476832450625,44.49788995003135,20.466512994152843,82.29008433138304,100.0162577694501,106.33948560080361,103.10887537974142,115.92360183580232,93.79104956459616,102.99721265094554,129.1579973845057,97.22819179748271,96.47572608996506,105.46683808241355
273,2246.2659548895826,754.3490142007132,0.6989475083250993,-0.2209474313418258,-0.012123907208803913,49,0.0,0.021060865164807915,2.208455821949531,-0.8602217900869527,2246.2659548895826,754.3490142007132,1101.0928616181627,0.0,0.0,337.8593449950627,-23.78222438046423,58.364154764726344,49.27461784011036,34.20389062056798,70.49868196566956,95.466666866168,104.19342815893725,95.38890069033305,90.19218584320026,91.3505704784863,89.84998989598088,81.60632208024828,70.11520134852984,84.06589250519156,86.52235856001313
274,819.3537745114443,756.0039021517357,0.4994502164832753,0.23661592095950787,-0.05893982847638002,49,0.0,0.060867098743715556,8.797164535745276,-2.3608567869344594,819.3537745114443,756.0039021517357,2209.3752786873565,0.0,0.0,338.50904270737254,-23.78140591768187,110.08522448033155,82.01399963161299,53.38636487983642,162.88937724267436,168.38458740183398,177.29047279491755,188.80027016519352,183.71504345010564,182.4963353700267,186.75808398067338,185.20784336887414,181.94587298267936,177.78333445889373,168.6184684797032
275,1136.516834473421,756.6483117348496,0.4789125040571819,-0.22710018674679616,0.08954545815841707,49,0.0,0.021336136027865965,2.8907391737648127,-1.1525222695564077,1136.516834473421,756.6483117348496,1296.988745278567,0.0,0.0,338.3646348325576,-23.781401063212698,70.09210896127955,51.860478185076516,27.086086059381852,82.84671481656324,108.94046264633879,102.72734464335483,111.22730541087893,99.22573407385119,114.10156214252342,101.72549669053521,106.38826715952467,97.60643850488314,117.65446364022941,105.5062823441463
276,1487.166724956326,762.2475884652483,0.8338740925617645,-0.24378076563819004,-0.03238859342345713,49,0.0,0.014021021502406163,1.4602138679937386,-0.4110411718023888,1487.166724956326,762.2475884652483,864.941666477544,0.0,0.0,338.20497686947755,-23.77920326550339,53.602188000310434,28.249788644098373,13.846556020218403,61.039989720039564,78.2103820372545,64.038253834543,75.8645359338805,69.33102001131884,66.58204371063103,66.41353745714446,79.45172010062491,60.76401598253331,79.3599707877409,68.18766423720588
277,1554.1985121670643,763.8092068435877,0.6007914898032211,-0.23073699842844883,-0.0679066428075758,49,0.0,0.4161526991803258,61.54989058367962,-4.473068213073033,1554.1985121670643,763.8092068435877,7429.193895171004,0.0,0.0,338.1744563887762,-23.77855975834873,370.4432128299611,299.42275724086244,152.01911600521262,510.0529923200012,574.5000370244053,595.2201037936925,625.8293278920886,623.500705755772,620.4807341800523,623.8146723430458,633.8754467019006,587.1768182252484,616.1765755539637,596.6813953047973
278,2048.7851882282816,764.4092565095742,0.5871967979658821,-0.4074509552218911,0.02119397974477471,49,0.0,0.07114940878809381,10.369032982478858,-2.5393456397778156,2048.7851882282816,764.4092565095742,1904.2732623255445,0.0,0.0,337.9492674098589,-23.77817703776073,102.18438730548709,77.01380054465193,31.650257170198234,153.59559472733883,145.19238188450043,151.3276528979929,138.4218649088985,178.40558024809732,149.41347319714362,192.8655839022765,162.64508335390195,147.55848550490458,149.91046305310277,124.08865362704971
279,881.4337790921728,765.1550340454606,0.7144061961074222,0.3771257145414485,-0.3778927907985023,49,0.0,0.014623496216689777,1.4639748655314004,-0.41383405134363366,881.4337790921728,765.1550340454606,1072.314424167017,0.0,0.0,338.4807679050777,-23.77765532433739,61.960373318584196,35.93887421540144,15.699102211429842,74.9744574853657,98.9786292529563,88.57191785047752,76.19085953039865,81.75556948631596,81.93629183329391,88.46321840369089,108.07852616007487,84.04267252882079,91.50106897485006,84.22286291535693
280,2294.441657875415,764.6709533324898,0.5646136143184041,-0.6238116015330754,-0.3149939377111867,49,0.0,0.0105242254127717,1.2239925587703286,-0.21944694384001545,2294.441657875415,764.6709533324898,938.9737923304732,0.0,0.0,337.83742038978295,-23.77788070997916,48.381447479272424,37.257728989902894,16.476672480239184,57.04064899534373,77.88578761992866,79.40537257690912,79.4375130690326,92.69958820279697,65.53166488109613,75.8982368137964,87.45529967497511,83.07176575415338,79.50600420372501,58.926061589301526
281,675.2136918475059,765.8017339046096,0.8674854984353224,-0.5771820674743714,-0.20962320477216329,49,0.0,0.016449329321689774,1.2170298240855224,-0.2132530525535213,675.2136918475059,765.8017339046096,1288.1670084382445,0.0,0.0,338.5746566718301,-23.77715955012055,78.38408435128343,47.543181806714884,15.847821844425496,92.35993987982664,112.4432135897029,99.16207277042608,92.70941812355275,115.6450163896503,107.48768693423983,110.4192233436709,96.66905356866368,125.06280672931521,99.21339664214926,95.22009246462304
282,2410.934517362315,765.7275634899787,0.6999881486315721,-0.8037842020415195,-0.5950353261886433,49,0.0,0.013816216921887916,1.4368458085640974,-0.39352541358068893,2410.934517362315,765.7275634899787,1163.0256030069402,0.0,0.0,337.7843833079332,-23.77732350786803,59.390491410293144,48.01344766940562,26.598903855327727,81.7343461750026,105.4462923036634,92.2922982046505,92.97001094733152,89.83321818506963,97.40368590384348,98.9019899717353,96.09822251709979,95.20703625646522,90.62615122489535,88.5095083821569
283,1434.0576831481621,769.7897417808807,0.4116725118922977,-0.026507822690902443,-0.21087703360540644,49,0.0,0.016488984528580004,2.609667300605997,-1.0414628596092614,1434.0576831481621,769.7897417808807,1088.1406447818722,0.0,0.0,338.2291562272351,-23.776050901500447,48.273479472011246,45.588477645489135,22.526116002245537,80.60210275034328,73.29411661916504,86.42209859098266,83.083667843163,83.28720084986318,86.99822108379234,95.73989347583074,104.92219528712168,77.43132104399363,109.16649232918833,90.80526178868246
284,2006.83687582835,769.677270050562,0.581382557527218,-0.7271011633861997,-0.10988462828216103,49,0.0,0.01319449148093723,1.572063060778489,-0.4911749076917158,2006.83687582835,769.677270050562,920.1373310970764,0.0,0.0,337.96836971643603,-23.77600605375579,44.240301939323906,39.67931792449708,22.55611115051598,64.5144602553616,70.28255104419645,78.11914220021238,86.97255379464508,53.84522854955003,70.57632443036542,104.43595966799117,76.22967214619868,70.71635177688722,72.62701893562256,65.34233728170891
285,2029.837832685311,773.1157954016257,0.7116944939727342,-0.9548023389228707,-0.3205257536143366,49,0.0,0.018861639353973378,2.0792395187023898,-0.7947613022838507,2029.837832685311,773.1157954016257,989.3177320022812,0.0,0.0,337.9578995855886,-23.77456056645517,67.77849516417709,35.64919597327276,17.409198198581606,81.59254736515697,86.85302487675031,57.324358117633224,77.41031332706189,66.09172924253652,81.46890389909039,89.07102092151462,86.63380454653523,82.38044197461473,68.33940241001456,91.31529598534131
286,964.1632701067791,773.7748649469855,0.5363433105915625,-0.24754953883614197,-0.11911422572127682,49,0.0,0.008993509894244765,1.0601075182553328,-0.06337478631519225,964.1632701067791,773.7748649469855,797.581939774432,0.0,0.0,338.44309370847225,-23.774138749408372,42.444040049042215,34.37386747309282,16.04880443573056,58.73940586154755,57.77614239043547,66.34233758109386,65.89517838300506,58.395525460496756,59.586224653025816,73.74774406431595,74.70803834714862,66.0829597709248,71.09236920075337,52.349302103819184
287,1470.1971990062316,774.4606917353615,0.6032339036476039,-0.11918418746619938,0.0351086035565692,49,0.0,0.0892554112532552,12.638245286316703,-2.754216950022067,1470.1971990062316,774.4606917353615,2251.200945749281,0.0,0.0,338.21270100473924,-23.774111901709624,120.88062101958707,85.2795173527439,43.524815224833006,170.6903534282411,188.9259088828033,177.36470109905673,200.65803565825547,177.53888189978176,188.3772862975513,190.97006316203812,164.0359111504124,190.27842503039867,192.174370569776,160.50205497380196
288,996.000946904088,775.8570322142523,0.49797672302924806,-0.12300640246015528,-0.0090624936922204,49,0.0,0.0260743977078536,3.7935256626630514,-1.4476075658764878,996.000946904088,775.8570322142523,1258.4501183914754,0.0,0.0,338.42859669591513,-23.773297585212195,87.72938833582538,52.26585102060936,20.111644048664317,78.01926063620677,88.77939787965096,108.73590418431903,107.35685505055744,102.1502908908856,109.63340995753516,107.35044159025078,89.77920033534895,108.88991598834306,110.89307105883074,86.75548741444787
289,1232.676895789691,776.5964884153968,0.5591138370652656,0.2657902411909465,0.09713366257010322,49,0.0,0.041186361118815865,6.233279688182182,-1.9867915354672068,1232.676895789691,776.5964884153968,1386.0977737594928,0.0,0.0,338.32084113444614,-23.77314306259452,80.17692569601599,51.980698682567954,39.76251137764373,113.9979191272335,110.29693544812439,106.26893512086914,91.17098315548218,91.21087671355427,126.84241569061065,131.5061154454614,125.91828268453071,109.04053499260887,110.34639023375232,97.57824939103787
290,1551.2677160107605,778.0329659094014,0.3627623393082495,0.020498240738668124,-0.30840760272431766,49,0.0,0.011613583437555398,1.7320667480685699,-0.5964115606572659,1551.2677160107605,778.0329659094014,982.8748664726277,0.0,0.0,338.17578980178354,-23.772633221324025,62.22591417097343,33.661271598580555,13.386058185166632,70.27343195037125,84.28246962318917,75.08324867091058,85.6326288521211,75.64901938423178,86.33422634310551,86.34949910729131,64.34309445798903,80.90599442077792,88.78632769292771,75.96168201499174
291,2522.8694623128954,778.3542573909455,0.6386639182467341,-0.758325585281606,-0.11450911083749689,49,0.0,0.0700502469536095,8.998375654613795,-2.385410299180013,2522.8694623128954,778.3542573909455,2136.3896658214703,0.0,0.0,337.73343769672846,-23.771933258717713,115.41722225431576,71.14544391665942,35.23940556775033,146.43176421151998,161.02874585177966,206.18808930120326,182.80702237615674,173.37368296167847,170.91735994685934,171.73169154908624,172.82460392187005,193.10163651531707,152.40853045463302,183.77446699264124
292,1301.5489194698976,784.3975815957416,0.5586602650539061,-0.47228148809436327,0.2696465825640471,49,0.0,0.012379281175722354,1.5394770479156463,-0.4684330459627892,1301.5489194698976,784.3975815957416,948.9964982193464,0.0,0.0,338.2894811503823,-23.76992337736612,51.46311955676064,47.439758484801416,18.990119493122624,54.63011426146342,79.32154177897263,69.5225752077626,82.8372002928426,77.88968196108252,75.28885377646968,73.7168980548092,79.71157559976568,76.19344279317968,78.56537069536543,83.42624626294838
293,1479.010797474913,784.7147180175004,0.4756503946672138,-0.313590760262445,-0.10643892902151915,49,0.0,0.049732403648285385,8.333806792953682,-2.3021085693988033,1479.010797474913,784.7147180175004,1590.692701959686,0.0,0.0,338.20868643273974,-23.76984102603162,109.41019735609308,50.60443267023173,29.39944090819565,113.08586497744098,118.48918902994394,92.94237739895112,139.58640190042365,143.0369819714422,131.38621550021958,137.6252319721827,123.88193557940025,144.35602351276816,137.0920512910102,119.796357891383
294,1290.5285415378405,787.919622219824,0.42565076402624974,-0.3471546375234848,-0.24708089114911413,49,0.0,0.028929727252945042,4.832358002234383,-1.7103977531032075,1290.5285415378405,787.919622219824,1274.3894004561744,0.0,0.0,338.29449691179644,-23.768451438806004,81.41728682474258,38.22514095565792,23.419520434610824,82.72822500395,115.65955299882287,103.72376522598753,103.16458239080347,102.45609032759192,100.18667930236974,96.43115378068542,95.83769404620234,103.13652351381143,118.05563138331965,109.9475542676186
295,1875.1269380357794,787.4983522088954,0.6310759255337445,-0.35763710514700586,0.01668290348640215,49,0.0,0.08105875404718461,11.171052289612206,-2.6202352116714938,1875.1269380357794,787.4983522088954,1999.58684475355,0.0,0.0,338.0283440445348,-23.768640747164945,100.26421082976725,73.05544806690509,36.90962658306388,130.2055851568182,170.98528240208833,181.70438770729186,157.2775530899603,175.29456606659247,169.4277784633693,168.82073440130483,185.82040664678925,158.44055456432716,155.64902051815693,135.73169025711496
296,2541.8020256654513,788.8080992611461,0.5607847768820722,-0.8146069775748317,-0.17510471108337916,49,0.0,0.04176499585710623,5.661311183769394,-1.8822925682217244,2541.8020256654513,788.8080992611461,1619.8973649918921,0.0,0.0,337.7248325356856,-23.767554222211412,88.97311118621066,68.54973837759576,33.741292431597486,111.45810594502218,137.48851834097155,117.64825546958002,140.96603484572216,110.67911600131082,106.64930002483966,131.45599994331877,140.2007972872542,164.5059911777002,138.68157331219376,128.89953064857477
297,1178.5715041369922,791.485163880458,0.3351405794744285,-0.2800348401408378,0.019070247170805,49,0.0,0.02235544852217574,4.115273681335556,-1.5359968068546102,1178.5715041369922,791.485163880458,1236.1759394763644,0.0,0.0,338.3454655823236,-23.76691118610508,54.536745986817834,48.70803189635122,16.14219599998826,101.61409962212687,87.02862662840167,90.60082456703468,100.77242163657661,101.57636761952108,104.7948665222089,90.80125456041732,106.90320803096284,101.92686535631202,116.86232399468128,113.90810705496389
298,1045.42992401186,792.2996429642745,0.24618515368005806,0.21114450525330497,0.12786408828081422,49,0.0,0.007416310012652617,1.1317349131881234,-0.1343617843975278,1045.42992401186,792.2996429642745,863.56891283411,0.0,0.0,338.40607939723253,-23.766485054426727,44.136786500245606,26.175189924547837,16.004435535266115,73.3064079213067,84.15068866882054,68.52167980474867,63.0423602518475,64.73144620283583,69.04154228462315,68.13377697941273,70.622926565895,65.29631211613845,84.34334350761071,66.06201657081124
299,1455.7554930397062,793.7904582665578,0.7439658171416402,-0.539600411416598,-0.16721312190107665,49,0.0,0.010003505716493454,1.0226517575948673,-0.024319422739003282,1455.7554930397062,793.7904582665578,786.2346639461587,0.0,0.0,338.21927220310624,-23.766055470603295,48.35266251784512,35.566286992682095,17.06975623208645,66.2444681538226,69.68195823394657,61.57859543898135,56.900435975559816,54.72869784852047,67.85262098985095,55.6014336156125,64.84320016153688,60.061059450119224,74.24233026032103,53.511158075273656
300,402.5478721206078,795.2679228368673,0.2396233582830318,0.4971771641174545,0.1867713916123915,49,0.0,0.007478412587686444,1.9924954210469825,-0.7484933300432564,402.5478721206078,795.2679228368673,1077.2513233830168,0.0,252.4177861327436,338.6987436903901,-23.764496568655883,65.50319824617162,15.48493959377059,1.856383207867661,227.4914269350656,144.2992513377035,14.21467342679557,47.89182629195414,250.37860274352,57.85640285061719,20.266855087295916,33.64479418980864,115.08950898791068,41.08971108982995,42.183749394705714
301,2200.6218615687985,795.5731139293956,0.9139575094341831,-0.007723662718600275,0.14355989295151592,49,0.0,0.013147888908634971,1.154483996290689,-0.15596979252489565,2200.6218615687985,795.5731139293956,810.0232090087528,0.0,0.0,337.8801629053978,-23.765086451334447,51.70073238623135,22.996561815245716,16.0933663178282,51.682568580512736,67.93774602909258,62.01894291912746,67.45349341771474,63.70183582976222,61.3593748674754,50.453574280171814,71.28743714350752,64.07865095300104,77.68073186815666,81.57819260092543
302,1783.4845866956389,798.1755155896293,0.20771395289632164,-0.25523583446232895,-0.16816404484361372,49,0.0,0.011620332959434838,2.248330129056916,-0.8796502008516098,1783.4845866956389,798.1755155896293,998.4857164746095,0.0,0.0,338.0700692656213,-23.764220067272806,60.991814453912085,23.66232198225122,16.138358107769925,69.97939284795507,73.57071579685402,90.48707303266599,72.92667505460054,79.8053034138823,93.16785278198293,85.6357133448837,84.35431817996064,75.99210678352145,89.06608258036077,82.70798811400886
303,1832.053450218794,801.0991121254928,0.7510259390216455,0.277208030073954,0.1807049187505239,49,0.0,0.017325678861683146,1.7511794801672975,-0.6083266491202167,1832.053450218794,801.0991121254928,1014.2016831845078,0.0,0.0,338.0479588143215,-23.762988515090395,65.74676282629426,27.51132045148971,15.53747073689382,56.12704041300344,91.96631363896286,73.04129632218525,91.9505916132935,87.60163104620094,68.34473971546834,81.67518817896021,78.43091039539223,81.058744046709,96.32221294718974,98.88746085246456
304,518.840783857602,801.8218159692225,0.3693450501697613,-0.40107928782794916,-0.6016987997012714,49,0.0,0.023071252389119477,1.6866178886967071,-0.5675417556320871,518.840783857602,801.8218159692225,3130.4483524935786,0.0,1568.3820185132336,338.64579378455426,-23.761942803584617,159.4550626889789,120.83640259777088,66.0786584671934,220.8863563263564,236.49411380554602,245.07869376325183,273.7505944886069,261.7743780641108,229.85830649046832,262.32369376034336,255.86808314303457,296.7639465426994,301.77873291428807,199.5013294409298
305,1598.9236270282067,801.5879192953531,0.6113237279873822,-0.6021515385055818,0.2178845963761021,49,0.0,0.011718869587350515,1.3094961887525804,-0.2927605969066933,1598.9236270282067,801.5879192953531,880.2142955332301,0.0,0.0,338.15409251465286,-23.762820614366998,54.19999992904308,37.42298576846252,21.476744316266192,53.501374661945604,68.41916240957357,73.5287367737045,62.83280047412535,69.08441677612178,81.69761618487021,76.50347133447528,57.679333114518684,65.45276654027143,88.46165542546704,69.95323182438491
306,2305.92459459451,802.171931668143,0.9505928003716596,-0.37969383570569604,0.2155558910002387,49,0.0,0.02694909021250708,2.233816978363043,-0.8726189687897161,2305.92459459451,802.171931668143,1294.0934231389479,0.0,0.0,337.8322303238357,-23.76224537298222,78.56895339462494,39.946277877881684,28.582291528290806,81.40059245703405,106.47296307689344,82.26699482125814,116.80879456002152,100.91113711126792,108.39422325164364,105.77829549073863,115.57830083442383,106.73026661395096,117.45749676025295,105.1968353606652
307,2018.528917170334,803.8452067886626,0.6844527484384859,-0.8390497519204737,-0.076112443513224,49,0.0,0.014928661699700991,1.5267666260850095,-0.4594316451144278,2018.528917170334,803.8452067886626,976.3209326924575,0.0,0.0,337.9630669155112,-23.761763557258817,39.60755240417745,35.23435670756398,19.244077055235113,67.70209456700894,82.29990760873497,89.34954116437146,89.32211416460402,87.41891267268403,78.90121902242747,75.89239589699342,84.5363665677498,82.41560231244641,64.36346496703828,80.03332758142207
308,752.6811055925307,804.4555458750258,0.4275411311272771,0.31644405153323824,0.3611373295807425,49,0.0,0.008105051041196376,1.054639135731367,-0.05775970792295035,752.6811055925307,804.4555458750258,812.8266176166269,0.0,0.0,338.5393398224582,-23.76114640365578,51.00145238038215,21.880997586700065,15.53008550102015,66.75774542690519,70.1581202420636,68.43677366701725,58.69276313176402,76.3905226352818,62.41607622595568,67.14176132789969,61.02902169496858,52.83262643895246,70.14454779917884,70.41412355853744
309,1527.5492705428485,804.9476845210329,0.5785645441983349,0.19353091839049893,0.29083284241788654,49,0.0,0.009920321151134753,1.1392856199094334,-0.14158153934706064,1527.5492705428485,804.9476845210329,870.667538285727,0.0,0.0,338.1865857335648,-23.761417211398236,56.38242329245938,30.20396698135409,25.897679321482673,55.54521943980869,59.40069277626094,72.95958828568371,77.43265947941434,72.29672992195408,66.93186765165282,71.43593840461013,71.79350651197603,66.4282737301794,83.53235938076006,60.426633108130545
310,2521.7663350981816,806.9129532109945,0.8596096045252554,-0.5357848131495486,-0.027602277520807534,49,0.0,0.02350869898081745,2.008428984294488,-0.7571412004825319,2521.7663350981816,806.9129532109945,1244.5245252540462,0.0,0.0,337.73397775480464,-23.760035887367938,72.71759428287677,38.31904495922377,21.67540709163916,118.84654468412816,87.2777830107241,88.06167661354039,94.21359624460655,106.48929913911948,103.65902338345299,115.25668013258905,95.20363112343975,106.96467294398983,93.08293932345433,102.75663232126206
311,1507.0438117632586,808.5948233970136,0.6446661941417237,-0.3046996093539872,-0.09039949580274408,49,0.0,0.2648669533690173,36.250311057108746,-3.8982793438058962,1507.0438117632586,808.5948233970136,5126.542417722526,0.0,0.0,338.1959203649777,-23.75989534536942,254.9192090884265,193.35687113877998,95.59164177104691,377.2245671340319,451.19118889875824,373.5681225525316,414.6002129460484,416.96479276713046,425.9866010779506,442.37857504143005,424.3390260332226,427.7755172949276,431.6336324035246,397.01245957471775
312,1196.9151230165096,814.8458132044314,0.5583090495600112,-0.28337094903169974,0.41360502618245476,49,0.0,0.014113743459098469,1.5696495697207187,-0.4895067633100067,1196.9151230165096,814.8458132044314,1150.2820145123437,0.0,0.0,338.33710080998054,-23.757188061749208,63.500265041816846,40.21198536089754,23.74958561014072,73.34198520095617,90.4113186604018,101.8491222380079,85.18937110094095,107.47407076576323,105.70874382246943,89.48967437958626,91.28192176559433,99.25570895244259,82.25302705807087,96.56523455525509
313,2319.7362784417737,815.0136222265716,0.48423727865922667,-0.6911412446437888,-0.3894917882877731,49,0.0,0.014715675650980968,2.2646074147527933,-0.8874823123576123,2319.7362784417737,815.0136222265716,931.4902038643227,0.0,0.0,337.82595597438814,-23.756881808876507,49.933853299265635,35.64752215113676,16.072008319088454,72.88138872956762,85.62623608521332,75.59366472979482,75.08746483403476,67.12153711872605,85.6699187170801,75.38052285214057,72.78396766296329,77.37708277740936,75.22284146170715,67.09219512619472
314,1204.0422347663182,817.335641408939,0.43550422771685243,0.14749254807347711,-0.16581526218960405,49,0.0,0.011578391581597139,1.5838975163866384,-0.49931769454206765,1204.0422347663182,817.335641408939,1056.7570635330835,0.0,0.0,338.3338549014901,-23.756154474497293,71.39244244183013,36.14583826985943,20.86982791557938,68.8747804507492,77.86863957066055,84.32049174113618,76.98540565767128,102.3923083766883,84.08007320673087,93.0987333610312,91.0109270910922,76.29315620794816,76.8460975521379,96.57834168996881
315,1755.6982134683985,817.6292416181589,0.7823474764796514,-0.030478323507460332,0.07508148289033928,49,0.0,0.013251500724911665,1.2272301098567369,-0.22231500516980823,1755.6982134683985,817.6292416181589,890.0324405211084,0.0,0.0,338.0827236234678,-23.75612089180939,49.00943660282342,38.911479962976344,14.608761799652907,67.06218032657281,71.36696495016447,82.53196478285582,79.23651216967991,72.59084699262557,71.49246717656098,64.91886854961444,79.62038134594196,65.15967311770929,70.3896692569203,63.13323348701012
316,2199.473535649967,818.2018789127078,0.7569971960022185,-0.403620079983513,-0.1973774773770575,49,0.0,0.048174502526526414,5.866741465758122,-1.9209923756164389,2199.473535649967,818.2018789127078,1315.6187097453462,0.0,0.0,337.8807051796042,-23.75565913816914,83.83632466729112,45.888399598509174,14.787547238183851,97.18105173095894,111.70723415324488,96.29652205833835,112.04706276617655,99.83013980522158,100.84818859657145,123.88231638055564,113.76604490385185,108.48035981291392,103.34053008260537,103.72698795092373
317,612.6520143398416,820.2596581460828,0.6415274337717373,0.2843733665229925,0.15989676815237377,49,0.0,0.020825874104870034,2.224476402792265,-0.868069507800107,612.6520143398416,820.2596581460828,1264.0204744128173,0.0,0.0,338.6030624227062,-23.75439034253585,78.29713967121356,38.25532653305362,26.004496248453883,90.85844604421924,88.88991093164404,101.97948744021008,110.59280539526223,100.04702582917227,115.55733908714991,100.68404374984382,91.27635931542582,106.39055953654352,99.11125027959886,116.07628435102663
318,1244.9365629684776,823.0856653576736,0.4961933887703352,-0.6283766148348381,-0.38288055131570725,49,0.0,0.010775507153811198,1.4626244068792504,-0.4128320406006124,1244.9365629684776,823.0856653576736,826.9248315029574,0.0,0.0,338.31523568197946,-23.753779224299116,37.74360926229824,26.986597318697605,14.264600326705995,62.28953824248703,50.39637759363041,66.3283675881354,82.70383213479671,73.2753065950557,68.03695407646202,72.29984708783032,60.251977269286726,81.36039456016627,74.93769479161931,56.0497346557857
319,1416.7200759443672,828.2131598256067,0.5657234159354199,-0.47300047609823065,-0.1536384030991241,49,0.0,0.031062173898553338,4.376062907662588,-1.602708891319811,1416.7200759443672,828.2131598256067,1293.9506141248407,0.0,0.0,338.2370346038279,-23.751704611188337,70.60354626754572,47.34914664156351,23.7392625714418,89.91872843183809,108.89853127313191,104.14514426252447,119.0606347965772,91.73600145493364,115.58226578894748,104.18309439594424,110.36420064096222,97.51251395027303,101.06365184620523,109.79389180295232
320,2114.6204926846513,828.8916062599751,0.5935571508756888,-0.6503273443334422,-0.19820098021730212,49,0.0,0.01805963545387425,2.2737388102317877,-0.8918514369501019,2114.6204926846513,828.8916062599751,1004.9116986383365,0.0,0.0,337.91934012151523,-23.75126824145311,53.24372374530695,46.39732757768767,17.286342382200917,90.73109924342529,81.60525630099171,86.8571975379754,78.46569665304595,77.44091018698921,77.13207163370771,83.85688757963015,99.33041221239009,72.32654294535247,73.20124611445038,67.03698452518256
321,2844.680149540638,828.8633971904958,0.9032182672267095,-0.20760571558680022,0.13895333358514575,49,0.0,0.011692103210697625,1.1173050055283256,-0.12042936102598412,2844.680149540638,828.8633971904958,1167.9718525799076,0.0,599.2806282214804,337.5870221406252,-23.750424292898227,121.31292057812719,34.65280455336391,42.26866080249096,86.18735017789945,69.73345528807515,64.41550727094568,73.02951021457397,71.58899887559956,128.9741662869948,159.50286715234822,68.08105801732819,119.09405256069104,86.33652065480302,42.793980146666385
322,1302.9220383941383,830.6335418278212,0.5613093536413435,-0.30293576862853233,0.453838061116346,49,0.0,0.011718703968909033,1.4278978804420388,-0.38674287233572463,1302.9220383941383,830.6335418278212,1038.4328212937758,0.0,0.0,338.2888362107556,-23.75065963491692,55.744893764307605,38.50931979917941,29.979689600083667,80.62402653409544,58.69887764045028,87.04390600012286,80.24440905627365,87.98061384938961,76.95168546363249,91.81211996357132,81.61105457989568,83.35955411100434,97.79459857911321,88.07807235265632
323,1432.8810708149012,829.7224461093601,0.24497875278004452,-0.24558092239838075,-0.4278601702003484,49,0.0,0.008319679561410175,1.3896483982578682,-0.35726232795119334,1432.8810708149012,829.7224461093601,960.552377661882,0.0,0.0,338.2296774898692,-23.751079548224357,43.87502721354021,32.82677655950195,12.036871094835229,86.00893591292217,64.23319792855439,82.02527848415161,88.06027242543169,77.6443907723641,80.97905946030762,79.50245017330488,88.79238607074564,79.80464940763957,79.66200199792581,65.10108016065718
324,1558.4214971127406,830.2963887382891,0.37415503617411966,-0.4082839712552243,-0.09949058055071451,49,0.0,0.013400731533171464,2.0206154083377714,-0.7637091510185369,1558.4214971127406,830.2963887382891,1024.4277681182607,0.0,0.0,338.17252959782996,-23.75085796281929,47.157928738609854,42.899067776644976,26.57468873452485,68.79555465762655,70.3300404156845,79.04560390722429,78.73618939549982,85.57055075475347,61.18306563324584,113.73148412401855,84.36752808648023,91.16088339432402,97.24972573372497,77.62545676589895
325,1318.4045405392735,834.0794125452678,0.6639603280157619,0.2425567904281071,-0.04682966277731479,49,0.0,0.010047225176473384,1.000196672873727,-0.00021351386399483198,1318.4045405392735,834.0794125452678,1005.3111345399063,0.0,0.0,338.2817870012784,-23.74922988672774,62.121759135806954,38.6841437495428,16.254105109291075,57.684913150673836,74.01090281298455,87.89919322881971,98.01905096245028,92.7388130381127,77.54839114840694,84.14279464168037,81.96389556454493,73.39771780238206,80.57845099154162,80.26700320366854
326,1308.1705063688096,836.7790627189082,0.6943738685201764,-0.2261893565893961,-0.04756555612426322,49,0.0,0.012592166300652371,1.454973521380227,-0.40713772450224944,1308.1705063688096,836.7790627189082,1074.771477994036,0.0,0.0,338.28644446523145,-23.748101151675694,58.27968366288409,36.83668451736821,22.53449392626173,90.11181158198025,61.02626621619744,87.8647467208504,92.07619306758,95.57335962320246,74.16292721080276,90.9354636140788,78.95272359133375,82.99685249967015,105.53547636792067,97.88479539390546
327,1887.8662752833936,837.5110325551691,0.6033198288859818,-0.1492491380504218,0.13312309650119683,49,0.0,0.014242956799380275,1.850296948885889,-0.6681035817014831,1887.8662752833936,837.5110325551691,883.7190246920165,0.0,0.0,338.0225648310676,-23.74779809220656,41.21842896429612,34.58457660609667,17.497178280120018,62.34101627041893,70.09001292779513,68.98824808138127,78.8791827157473,60.09937426206275,75.46833831861198,62.56153753404031,77.6904695161571,63.35011796146523,79.877233642389,91.07330961143481
328,2205.254734197903,836.9323160746638,0.7742443173894235,-0.3982337917285476,-0.19016364499697572,49,0.0,0.026184188252272398,3.0343414832049467,-1.2051611361879322,2205.254734197903,836.9323160746638,1066.5818954572371,0.0,0.0,337.87808974453446,-23.747850485532023,58.4514063190568,38.83009954225834,12.14784871638903,83.52406048376335,75.01132921382981,77.73024162565858,80.91972264944859,96.31649630245195,91.25478822840732,88.41224791765052,90.5002251326725,84.3059618168329,100.79906917785635,88.37839833096106
329,2230.7722239238524,837.5557878650263,0.7298490934649972,-0.43487352174641425,-0.17119954410093666,49,0.0,0.011364041523696583,1.1862003858146501,-0.18539515238177057,2230.7722239238524,837.5557878650263,817.7298080298558,0.0,0.0,337.8664749063378,-23.747569711232774,47.65466549964899,30.94882193081953,19.7868202627552,62.25460960285834,69.70850860421373,66.93844640988468,67.73282441322026,68.78234307532381,75.65968002864335,60.43972242415897,63.654745596680385,61.11359102084141,63.42937185708944,59.6256573037177
330,821.4910913622249,838.6256974995542,0.22522834882345855,0.7174637995816185,0.48045272057309274,49,0.0,0.008931641746246872,1.5679269690647826,-0.4883145756050771,821.4910913622249,838.6256974995542,927.3544544357314,0.0,0.0,338.5079770035687,-23.746984227792385,52.17891698596874,41.63214825772545,17.642863563766724,67.15996894842613,73.15719570802236,66.24322361399592,58.15739641060998,74.85235662392995,86.6872606688091,73.02498453147768,73.02914390149866,86.53912952093782,77.6347142820037,79.41515141855923
331,2131.988429420191,837.9202625410516,0.38046798031475104,-0.7452404244760946,0.42608753951601297,49,0.0,0.008287947741293912,1.2530740615073697,-0.24494185057681608,2131.988429420191,837.9202625410516,871.380126406541,0.0,0.0,337.9114409901601,-23.74749434550096,38.82139501280229,23.718906362826623,12.897104344532181,83.06481440280916,73.24081755106573,71.74905852825184,80.7358969414594,71.63501498111056,58.02283759400108,79.57107939727462,74.53398510502049,73.04522544187881,68.26981302492123,62.074177718586846
332,1481.8241436249948,840.6901520819786,0.7785268226273391,-0.08161834871251883,-0.4128136790059167,49,0.0,0.010953372657543002,1.0338797085010092,-0.03617502926115836,1481.8241436249948,840.6901520819786,816.991255558097,0.0,0.0,338.2073960198694,-23.746519155460852,38.578486156147356,44.351799441601614,17.318918990931014,75.97599463916457,61.1600898781634,67.87902746684661,68.024334271262,74.85979998145133,75.20691699157773,53.243015405333466,54.078092744249886,61.90929416667714,68.10790703340544,56.29757839128546
333,1840.980046140349,841.0868881817235,0.8563724489548913,-0.47534210937479493,-0.11687354690458103,49,0.0,0.02356385806146785,2.206274970295246,-0.8591490951017768,1840.980046140349,841.0868881817235,1238.968720425702,0.0,0.0,338.04390876938555,-23.746324696802127,65.35815256302632,40.31209023219243,20.734565778251564,94.74215463970731,99.64656913490353,97.87870159275707,106.6813467423915,97.19036148882213,103.90056706643048,105.89245874846858,110.95497856255065,100.35160656044371,95.05894632034784,100.26622099540903
334,2510.9677835338566,842.0700082718621,0.6835835085110454,-0.4612909312317927,-0.20718774700196904,49,0.0,0.03465723782478642,4.186048638862625,-1.5545106755506988,2510.9677835338566,842.0700082718621,1450.725530384167,0.0,0.0,337.73893954437324,-23.745401153984496,65.5548400130914,57.66684904028402,41.16352015213896,95.87756195790558,127.63189332030205,97.80649101001296,127.95173715108909,125.94194486314038,110.81411746327919,127.41048056407762,120.72278947378717,105.4003151287701,118.00057926003838,128.7824109862501
335,767.7464773509867,843.1191916980347,0.5649224198993058,0.3558056713272228,0.10870894890930037,49,0.0,0.022184748207639583,2.9553407172347,-1.1765188933180315,767.7464773509867,843.1191916980347,1098.2266302840565,0.0,0.0,338.5324352931135,-23.7450543022954,56.96836328714569,46.879308603894046,20.48614521238014,77.67442846881346,89.41949920857299,94.50984142343522,84.07349128339854,106.82550312471284,94.85345098231454,82.69216564823577,82.39125727250152,96.61921903651661,94.01778850545527,70.8161682266799
336,1845.5822477672498,843.8920194537545,0.558091137580846,-0.2649077615017135,-0.0492539344210277,49,0.0,0.013438883816334363,1.776518865286676,-0.6239245593218815,1845.5822477672498,843.8920194537545,1245.120634931316,0.0,0.0,338.04181484915955,-23.745154440437208,58.88510417419627,47.17720243180509,19.73434481461198,92.56459045484188,111.56583941192682,89.48872992580124,115.46548024945868,102.48108717895624,105.22418202326921,115.86691243217354,99.47126327038515,100.59037294052172,100.66765126609609,85.93787435727191
337,2096.5325420634317,844.8998863761016,0.7382235790549793,-0.38892474070180977,-0.15211702642406685,49,0.0,0.0305029438672542,3.4799861886546686,-1.353943800812596,2096.5325420634317,844.8998863761016,1187.0935968568974,0.0,0.0,337.92758533802163,-23.74461056267499,54.583935001278405,44.27445470141569,17.939847599858883,72.96507829908782,100.21989341177851,105.79580623909371,83.85640042368755,88.32037799687446,86.49715238541023,106.3641447420774,103.52881861985796,121.2294609650431,98.81290993113873,102.70531654029492
338,1641.0991811838746,846.483291617029,0.5741234182824102,0.03835050016750909,0.0710252326410011,49,0.0,0.03893028265146121,5.66870486182252,-1.8837096156567548,1641.0991811838746,846.483291617029,1311.242611562238,0.0,0.0,338.13489447960166,-23.744113709005607,72.7217429956685,52.611424337110414,23.646195133818456,108.08381980479642,111.76458285160848,100.5662107008212,99.32192257269155,118.77718136397908,102.37334052614375,104.96075945544605,115.85452235002677,98.8139138814924,94.02046404819579,107.7265315404392
339,1177.656668139229,849.7549834696291,0.5767968839162688,-0.08411833987161839,-0.11107730047089868,49,0.0,0.4496179663874952,67.6859124223313,-4.576245719205783,1177.656668139229,849.7549834696291,8536.309725855712,0.0,0.0,338.3458466403012,-23.742632496747024,439.24531442145707,298.8906544619365,178.21588797346993,601.1335138888859,695.4493642923937,738.2692895449059,722.796792235587,738.617640972721,684.0629949728304,712.4292975512617,710.5585604296866,706.8894570262282,666.471672265795,643.2792858185543
340,2030.4506486161688,853.2637127031466,0.8810331306358402,-0.6611836858564056,0.117314718211344,49,0.0,0.011684445712112261,1.0167972994987038,-0.01808596027329613,2030.4506486161688,853.2637127031466,948.4229024273236,0.0,0.0,337.95767013665886,-23.74116653914356,56.84045633983928,36.80150287664522,19.058338392197868,72.42401104145608,78.3748472908714,67.69119047348136,83.8418565033221,74.01899395880737,81.12209399556225,75.63202048724692,76.13665566548487,76.103176364759,72.57020058913167,77.80755844851817
341,1993.597014049501,853.8633929487968,0.6808522263055276,-0.2670695920658536,-0.020536613195064907,49,0.0,0.12740514495138855,16.957224797813545,-3.0733869438560166,1993.597014049501,853.8633929487968,2725.728373853428,0.0,0.0,337.974445380739,-23.740936892299825,141.36794650623915,105.14064333215644,48.0481492169759,201.6904450331637,216.35245978675184,213.5913581529049,239.32070012098583,221.13345351826393,238.89001503402307,225.16598770463807,215.1029044436178,217.77014537445623,249.3047718993257,192.84939372992505
342,674.0709268089653,856.4316642871645,0.4267770893054431,0.3073016842921798,0.13633892238768647,49,0.0,0.019822952557829503,2.9028504482932154,-1.15706165506829,674.0709268089653,856.4316642871645,1222.8483626300472,0.0,0.0,338.57505619951564,-23.73939793116722,73.68190326368615,46.1158785175336,22.211018825745292,79.89807824170558,99.8431521529241,97.00699415680998,101.31323705633824,117.43700372959566,87.6394155874097,98.06795348297302,99.78478627501511,96.44373406270051,99.23354301494695,104.17166426266334
343,2535.8189275210816,855.280613406029,0.6240174221727608,-0.10560089865550575,0.3795130263280942,49,0.0,0.011340012749920322,1.1887344415382153,-0.18771211456227063,2535.8189275210816,855.280613406029,908.146300143268,0.0,0.0,337.7276457431558,-23.73986648156885,64.05885503925967,28.955497942700198,28.665999155590455,51.28202518677578,63.61612775025052,58.24958227211904,80.63043426682975,75.24586104052324,73.9378994977219,72.60289204479896,68.58112390577674,83.1582249338027,84.107978638786,75.05379846833316
344,1069.3552399020507,857.3878526606815,0.6540256239828206,-0.3639646635232802,-0.13252775491226576,49,0.0,0.00909034009681442,1.0134319585452651,-0.014486489083918258,1069.3552399020507,857.3878526606815,822.4844703720303,0.0,0.0,338.39513742918285,-23.739383408090998,53.41792898546462,34.82033266116996,6.664965680174479,50.78565921862128,52.40898119584299,67.58480729554063,69.87404379891859,74.19863181869385,65.30261046397962,64.29838864461102,68.86239472843702,68.42016906822099,76.4090411981389,69.43651561421643
345,2898.712439728388,858.1872784487609,0.3323672828984826,-0.3061707823303217,-0.8735505589044512,49,0.0,0.011591640789642338,2.4450336703494413,-0.9707121103324112,2898.712439728388,858.1872784487609,1191.0676044519164,0.0,359.5077884815386,337.5624830024684,-23.738115459079783,85.70937864450647,75.99239324947645,19.17705255697348,30.559156034957596,118.50403904285588,60.07209553883175,237.3106056723464,104.5299668740303,86.12847914669541,51.4701863983055,59.3796110226216,108.68052084290343,38.90666650996525,114.64745291744691
346,448.1352967878516,862.8177257248504,0.5319139737795443,0.6064209414802061,0.31343905040113457,49,0.0,0.06948190303633307,8.186694009536483,-2.2827713956473814,448.1352967878516,862.8177257248504,3111.9006563299617,0.0,2721.4924832643246,338.6778792203003,-23.73642434650352,187.91752434986034,108.36940074058546,45.30967534628576,236.01068146677204,263.5849594945764,239.9712918132335,249.31493293576867,235.97177521555005,235.1045244310551,263.3796722977537,257.13007711127653,263.9791352876139,270.2159834612337,255.64102237839634
347,770.4364579454265,863.0282194179701,0.7547680602856077,-0.1182258221428787,0.16702305837506765,49,0.0,0.04165571275908292,4.7658255286718205,-1.6953453482142895,770.4364579454265,863.0282194179701,1308.123249993861,0.0,0.0,338.5311871174389,-23.73676227972227,67.38279392331155,47.2306961284754,24.42622628367171,86.90724406800544,111.53175266140053,108.2132395561517,110.71474044972229,103.85001451854777,108.66866013837179,94.80209230019136,128.39615399616576,105.07192624169147,105.54297832268345,105.38473140547066
348,1568.95787358848,863.0652868947634,0.6804529835480864,-0.08703165689966047,0.07511361175251473,49,0.0,0.023669092750291096,2.9173005135059045,-1.1624529211374481,1568.95787358848,863.0652868947634,1046.92966256937,0.0,0.0,338.1677318026783,-23.737205183157908,63.55890010741206,25.56626850360255,16.92780877068911,74.75413375703273,93.19168000198088,84.41985586840667,94.3066858436382,97.60352979294643,77.96730197791476,73.93976818185936,104.62024087456791,95.14817004903293,83.14149297671194,61.783825863574606
349,1724.1005539261341,863.6462078267417,0.2957088587511015,-0.34151956243648535,-0.019489567447320975,49,0.0,0.020227956881604007,2.921228154407011,-1.1639136941545691,1724.1005539261341,863.6462078267417,1556.8934297997678,0.0,0.0,338.0971160669459,-23.73695362488302,80.03242132554374,49.53780386394237,43.48590966716017,94.15832748113434,121.82453486708448,120.60468683680332,138.46700994889127,152.89669773085825,116.4152016057862,131.51203474527517,135.25990187018215,129.88051088582287,140.54463558233684,102.27375338894657
350,1191.2907877568007,863.9512710005293,0.7191903899631658,-0.19631242920988726,-0.007737578281580509,49,0.0,0.0967386722827054,12.14037668157378,-2.7105804046963304,1191.2907877568007,863.9512710005293,2121.909493119492,0.0,0.0,338.33963229057065,-23.73672514064301,125.55102822228113,88.36220899926896,43.05438999671589,144.07802476679927,175.83139771897737,190.66965666361057,172.12103662152455,172.27478832981987,181.32424154218893,189.12287215263984,179.14795908002324,154.5381343122651,184.3562356814399,121.47751903193715
351,1654.4879414568807,864.3673689177965,0.9859716845927549,-0.2717082255797364,0.3863709263226952,49,0.0,0.01683346970897051,1.332123769998171,-0.3113614444618828,1654.4879414568807,864.3673689177965,968.5407209639379,0.0,0.0,338.1288014251855,-23.736661385618305,59.83365701979465,43.35925725073251,26.807307314168987,60.517855322956684,74.38442679269214,72.8944806632447,65.26975809735782,85.21383487342939,58.99164308543674,92.31316934555481,69.47692683182859,90.69819722796741,94.92113094431124,73.85907619446215
352,2675.888354832282,864.4830323466452,0.46220637893884375,-0.9364485227407846,-0.06714862446387102,49,0.0,0.008421647865048927,1.0389749516684048,-0.04151269352402374,2675.888354832282,864.4830323466452,970.8770578479156,0.0,0.0,337.66390746943523,-23.73584474732786,56.56655306296648,35.70199199158173,22.21331913965491,69.66453518617867,91.27323787112692,74.05200942981048,82.2979406522952,83.5474642758708,80.79194055524248,88.72215582585147,65.97183238237889,79.95548252086684,73.0587521332448,67.05984282084594
353,724.3453082554694,865.0748669380504,0.5407591261131214,0.3297189689573315,0.34347012360592255,49,0.0,0.016314166590607106,1.8751195976286328,-0.6825724320709557,724.3453082554694,865.0748669380504,1202.927807898288,0.0,0.0,338.55216275697137,-23.73585716620031,75.62920620035699,43.11914374479117,30.821001562952073,86.29998504083639,111.81451127862664,98.80177044566409,90.21985609767626,113.75057133695584,85.02062233683944,83.23932959575296,93.59712585341597,119.19950609916388,86.38790333441261,85.02727497084352
354,1277.8279219052863,866.8510899168535,0.8241963263559013,-0.3360030185046471,-0.38573473829509575,49,0.0,0.01096659242065573,1.0350571775591413,-0.03741085325659765,1277.8279219052863,866.8510899168535,775.9223589181024,0.0,0.0,338.30024252603926,-23.735559114490727,50.597395905839754,34.89868055056195,15.740480199474261,49.39869486399985,65.18643707569834,66.29350401219446,47.516544706930446,71.1026369785591,73.4265910503128,58.61545294285855,59.89640403451357,69.95775011577032,55.692864747851615,57.59892173353741
355,1703.490041992092,867.0097048923458,0.5227594549629225,-0.09059600872306381,0.014540688998920014,49,0.0,0.01947674538817255,2.3428426077890756,-0.9243577841634715,1703.490041992092,867.0097048923458,1289.4932911504156,0.0,0.0,338.10649776889755,-23.73555531956564,76.3291894102802,39.928552494950836,16.803432459959676,93.53488028525243,113.3049875671455,101.60851615746927,112.01287692029206,110.24914700932004,96.84371797032546,116.3451494248248,91.06941739944997,113.62225661519236,114.62044112156087,93.22072631439218
356,1050.1154902231847,869.6749240303942,0.7780618623017967,0.3531825323665599,-0.048483148867255,49,0.0,0.009895310201626267,1.0678779282847923,-0.07130402568654902,1050.1154902231847,869.6749240303942,757.3974660069803,0.0,0.0,338.40388500432687,-23.734250126836276,33.34011365452153,38.87616909479535,14.907046638528438,53.39069205259043,52.658520289498625,53.80384955220127,55.50985874332959,59.06167139604256,60.87266031037626,64.96185987347148,76.5584749367033,69.76409609522406,67.43433480123448,56.25811856846285
357,1451.3030922144976,872.0311578459713,0.5314742117720158,-0.11883794190221308,-0.17100760026355832,49,0.0,0.012694525636295377,1.7417637322473176,-0.6024731081079833,1451.3030922144976,872.0311578459713,843.8578146337827,0.0,0.0,338.22128244377416,-23.73345534548791,48.934078827877656,31.985360822206957,24.35094084960332,60.1624115045079,52.77747644668534,70.0070055230346,64.53211176311103,68.27485385681436,79.83359995976225,62.97851938193713,62.226943579036615,67.34152927807116,86.85005859008042,63.60292425105393
358,2436.0378175071273,871.5583512237891,0.5493262917070467,-0.568443348466862,-0.09273387134496502,49,0.0,0.664907368121515,102.26240504909525,-5.024290006064995,2436.0378175071273,871.5583512237891,13286.999062327119,0.0,0.0,337.7730812516093,-23.733202163023375,738.4264496979724,526.2962424673108,250.6370200653319,951.3118012331943,1086.37818706884,973.0782503823224,1068.4391616439225,1167.566842915659,1082.3048875017444,1057.8655601205649,1051.4861087707384,1140.545031616052,1118.9532773945475,1073.7102414489168
359,2716.8753766041077,872.7532596334713,0.9208418007194633,-0.4309951955902482,-0.08197019015134267,49,0.0,0.013502222651450095,1.0671482581949332,-0.07056189964617493,2716.8753766041077,872.7532596334713,1052.139603019454,0.0,0.0,337.64526629275286,-23.732339211226904,70.12364131668635,47.34237843274537,17.359573579683875,78.42310153059096,83.04191917875129,81.85594511656174,73.99638594403851,89.4132202338879,80.91471024193373,93.41920920520352,75.14344453763019,91.80733443403328,91.22246106365168,78.07627820405567
360,2029.8768331662877,873.5182611606008,0.6115254989981046,-0.15121237468520482,0.34072930864601647,49,0.0,0.01167791149737904,1.242913668712179,-0.23610241029276335,2029.8768331662877,873.5182611606008,962.6677425095488,0.0,0.0,337.9579438277216,-23.732727763923886,63.02516090794821,41.16733441816217,22.610225194239053,69.98976128757582,70.75425163044828,77.9521512487899,74.1915564137077,64.88539058460523,90.20250192908442,73.47396856368107,81.48723617481906,71.22385333821046,81.68872456830479,80.01562624997254
361,1701.5029819531117,874.8606497774364,0.6093397942364943,-0.5901903303733772,-0.709847295852447,49,0.0,0.012707691658356033,1.5305260913719196,-0.46210184388641357,1701.5029819531117,874.8606497774364,1118.3755207440663,0.0,0.0,338.1074033416283,-23.732284455683864,68.07122611684642,35.22260397897491,17.900400863608148,80.06422591741782,95.99120893240175,85.62694299872881,96.0154871736707,86.03589563984119,96.49759554319664,95.3761710864162,77.83852372338332,91.85859731348688,102.31251304047467,89.5641284156188
362,1332.7129676106042,875.9906897613295,0.7965528307990459,-0.43003729506460225,-0.22745681950382532,49,0.0,0.014350194065230191,1.3415458548407257,-0.3190138042678391,1332.7129676106042,875.9906897613295,995.9514898471208,0.0,0.0,338.2752575720037,-23.73177265193277,65.2852217653291,33.74169984072772,26.527384852238587,59.17829608405812,68.65931555462147,88.01718857574727,81.79943061541388,86.94972874490949,93.93594945441527,91.02817867147677,86.5321804281767,85.36768540196569,62.21964857755241,66.70958128048836
363,581.9794606247943,878.144719837605,0.9420949381491021,-0.012691839848912524,0.12384271882335361,49,0.0,0.030710177682692148,2.5959973776686933,-1.0357606235714152,581.9794606247943,878.144719837605,1352.9124730608287,0.0,0.0,338.616939793751,-23.730232043491654,66.52372746266634,62.26851487055042,29.48403020886305,103.64333144954696,122.06638575828421,104.53312840325867,104.71112251373705,111.29776740156439,104.66181971430706,112.81043115050494,106.7039201421741,103.52471459160667,121.22511971276943,99.4584596809955
364,597.3921145446267,877.5481847647197,0.5235686114009851,0.3049434114783049,0.11708337539399398,49,0.0,0.10546976917479937,13.615201388641355,-2.835060173927162,597.3921145446267,877.5481847647197,3746.5875129433184,0.0,0.0,338.6099261060751,-23.73050133537185,186.48717422940712,152.15113192792188,69.65701738843634,275.86819307087524,285.2999920693967,314.435203189028,316.9483379094903,296.51144578840234,303.5514309646643,294.1927656836711,352.18535693512644,338.05706546006394,306.0784830218845,255.16391530495056
365,698.0087280588798,886.5803710206304,0.2283889792599033,0.46771805963341356,0.14412480444739711,49,0.0,0.009039153297748225,1.333508971195928,-0.3124898543912876,698.0087280588798,886.5803710206304,1127.8528875175218,0.0,0.0,338.564121727934,-23.726865813395335,62.88322296660424,39.12617195233058,21.429952210225437,80.15809328089881,96.03278966437556,100.27738614679583,84.74357444387823,100.41161403265916,88.22985521733631,83.3596262522108,97.18320427232491,90.72946520030894,98.77698608065359,84.5109457969194
366,1422.6755611491492,885.3738945507184,0.643985035656881,0.35195246317332823,-0.03526000082576736,49,0.0,0.014502143095350056,1.6692662580548745,-0.556314036996665,1422.6755611491492,885.3738945507184,1028.259563815382,0.0,0.0,338.23430895443215,-23.727889794726547,57.49759870619234,38.59459795969548,19.40217372682916,73.16217490696286,85.84423168662778,83.29703375875016,77.2525199499384,86.79510345103554,82.57687318880636,90.63756364320875,81.36836433273041,78.60559393669337,91.69006573481724,81.53566883309432
367,337.75117990871985,891.2869587534192,0.40223765917170373,0.703835525702964,0.13975342305348232,49,0.0,0.006613469172782817,1.306340412716477,-0.2901409057861943,337.75117990871985,891.2869587534192,574.2631072851103,0.0,200.11121963967793,338.7280661829562,-23.72438550437917,36.34999322846444,6.890436874465189,4.350955933017979,47.535256371928014,42.45002781971037,55.501385539003635,32.26071052522202,38.154125133108494,22.624557420781464,46.58761068648159,148.36972524636903,21.571593173300744,40.521257648715974,31.095471684541337
368,1596.5296066267924,892.1794327260258,0.7007297502086204,-0.38413689209865337,-0.00394081797195762,49,0.0,0.01621653752327396,1.7826070999938528,-0.6276390798848673,1596.5296066267924,892.1794327260258,977.4852283271996,0.0,0.0,338.1551818886326,-23.725075276658455,61.85704645619985,41.25945002511229,23.842537630365676,64.31475175786125,72.65198515638554,88.7028949290245,69.66725204185838,70.85244198255458,76.91443011700801,81.70911706370792,94.58083347780038,78.05010390454969,91.38655332516217,61.695830459609404
369,1803.2993916058917,892.3565297060311,0.8285645525521638,0.12463520060975769,-0.09268017370261918,49,0.0,0.016917060070965974,1.6272030328505052,-0.5286043625900659,1803.2993916058917,892.3565297060311,1039.430282966323,0.0,0.0,338.0610758533722,-23.72497411483747,38.32377156763861,52.43807328750637,17.319138521091645,87.20184689356233,79.1213634576732,79.77218485057813,84.77692703161816,76.98889400732952,88.77555814852691,88.34816732710088,87.90919629524043,103.73567586618056,80.95638267911349,73.76310303316265
370,1205.4636177586235,893.2022078744551,0.5716365188866682,-0.050504717518253604,-0.09032860233055422,49,0.0,0.11486893666400609,16.83233231831458,-3.0653607419293545,1205.4636177586235,893.2022078744551,2703.9043372452106,0.0,0.0,338.33316475515903,-23.724545239554267,153.89825253017253,106.76643816834932,43.471178436512645,181.11513566072236,219.649730981043,216.4740131318252,206.92085839231495,234.42500112428942,226.26916831388027,223.50222112541613,229.02592481807756,214.2438121870956,224.09931572869925,224.04328664681236
371,2328.837973783014,894.6021433979935,0.6725208206141771,-0.14991556239155954,0.17805535355997057,49,0.0,0.009806066788729736,1.0558532962762364,-0.05900895022052442,2328.837973783014,894.6021433979935,849.5274761308649,0.0,0.0,337.82189603589575,-23.723712668529334,52.02960178412636,21.746057347012446,11.962909080262701,69.54777161813718,59.27364150173182,76.78488990483127,70.9009307285447,75.5907582430471,69.88985018997228,72.07742477718998,60.027206443802434,71.15780201054004,75.32935802726374,63.20927447440276
372,974.3335901002303,900.318641172758,0.4114525948169611,-0.8277967871368199,-0.11472133928383495,49,0.0,0.01490840796448438,1.7418437493424903,-0.6025229859760858,974.3335901002303,900.318641172758,1231.8851358017046,0.0,0.0,338.43834938020734,-23.72142302359936,61.679279594929156,58.03009249582136,26.103778458771206,100.41945140936635,87.61209534811717,116.04567840578082,98.40621457549796,92.52314056456376,105.4472237130412,100.93928892717102,100.52292565063306,93.81913761257483,105.89256802630271,84.44426101913406
373,474.1693364730123,901.435802154881,0.4456338929762706,0.29737941562375353,0.22434297503636483,49,0.0,0.05835289640989225,7.315720522735718,-2.160642765195723,474.1693364730123,901.435802154881,2977.454402630039,0.0,695.4553616143255,338.66596781453205,-23.72037408006602,155.35919234352832,128.3286743820519,63.141515277180304,223.6500790897059,245.3527118250477,235.430459284331,239.63990553764916,241.26981440537213,234.09786502739559,271.8836753766715,236.36496004273204,230.29056890335113,253.80358879976663,218.84139233525582
374,929.3287318110514,903.0496555897857,0.4291138835278177,0.41320417572999496,0.39369755590814265,49,0.0,0.009934940213921214,1.2039141789066423,-0.2014888232935101,929.3287318110514,903.0496555897857,971.3014769403879,0.0,0.0,338.4588285259527,-23.72024627851248,46.54989038157406,35.77884372257868,8.519066669042722,73.55650791688234,68.48729204008023,76.61108367224949,73.65843856935011,68.09739709709902,103.45950896534572,82.8839232320235,82.48362155458017,72.27322074146318,98.25006945206276,80.69261292605583
375,1439.9852324848307,901.7786254538847,0.3422008466829329,0.4651245419642926,0.7838681172750872,49,0.0,0.0067777278108119305,1.058347188071848,-0.061570400649808114,1439.9852324848307,901.7786254538847,860.1851457039959,0.0,0.0,338.2264269441802,-23.72105857634687,40.790517693478904,33.80628789402095,21.76706310753592,56.422077200399485,86.09937749486959,49.837589658725,55.334633859900805,57.99092003801094,62.94542191393175,83.73245587929682,85.23611122167719,75.81478431022921,81.13762331086045,69.27028212105881
376,2763.8012242641253,904.3601175542078,0.7753746061489912,-0.7648726983872185,-0.38093449538551705,49,0.0,0.013017068066930391,1.1188751010600408,-0.12195402340789606,2763.8012242641253,904.3601175542078,1128.8296253362564,0.0,0.0,337.6239624436645,-23.71909935311514,65.22890631653888,37.959980131124226,22.47366353812544,70.05674078727827,83.85464201740113,90.6050922700426,106.3600006741431,111.3613861162839,81.01297561595123,101.66605839769069,87.66083309194985,95.05540033183685,95.60014109123847,79.93380495665167
377,2246.754684822336,911.3256083488351,0.3853801404386352,-0.3275075611064742,-0.6182082726673681,49,0.0,0.010740838265778842,1.4264724141261096,-0.38565844364791513,2246.754684822336,911.3256083488351,993.0204785005606,0.0,0.0,337.85926835404473,-23.71681994869876,47.13071098281074,40.70571399987398,8.698802054402194,78.27944116301563,71.21145747772258,70.33030548746126,95.79471530546917,93.65788835792075,75.05666634207223,76.9132990252893,78.10878007726613,81.870967650871,103.98794709017923,71.27378348620636
378,1308.154076517952,912.5688733406752,0.6002591385355955,-0.2003974856858601,0.05828722215961838,49,0.0,0.22015835129357497,32.18244395374127,-3.7690475539850077,1308.154076517952,912.5688733406752,4395.597392771546,0.0,0.0,338.28642008974856,-23.716523022939338,249.0982115668932,173.95088925138413,86.34881011818106,322.3814325910714,331.7364465396189,395.3469703715707,322.51851315633564,369.3872777029329,353.99417486321477,370.6230017130456,367.87113287112834,397.9320934915303,349.58754465379434,304.8208938808442
379,1289.156525873085,914.0130145753617,0.6264082069573437,-0.10246362414582487,0.2019993069454575,49,0.0,0.020222982263271332,2.3713935455938415,-0.9375090836979905,1289.156525873085,914.0130145753617,1090.1700708430951,0.0,0.0,338.29506510350683,-23.715913681248992,67.89865270142357,42.1096756732372,23.56854932541567,68.11913833490166,75.74361360967697,102.42279090482191,66.83144480628248,102.72937082802576,102.80936817394308,88.60651382057495,86.22678731019695,70.64884967810092,88.88035570988922,103.57495996660487
380,2030.6457760557016,913.690493710784,0.6364164211061617,-0.1462988056006875,0.08150754741961459,49,0.0,0.07487773895898525,10.022979383431954,-2.502492092613294,2030.6457760557016,913.690493710784,1927.066543704661,0.0,0.0,337.95761868560413,-23.715989433259722,99.57292533329164,63.88930688846846,44.5811559348246,146.09363401557667,166.0103529385682,175.09780155357328,155.76918206657618,152.99648458542617,174.15991696166324,145.42053559494283,154.06316658701374,143.97060889401823,156.09097740747688,149.3504949432408
381,2066.9058551625344,914.5819326724176,0.5092287497222004,-0.629697327265736,0.12682099553200193,49,0.0,0.010096046017854668,1.389965619871729,-0.3575101458067296,2066.9058551625344,914.5819326724176,839.5608449877818,0.0,0.0,337.94111773321185,-23.715596376168893,45.259254630392284,28.725263181069167,13.015214028323012,79.66957639275978,47.0508804206196,66.08239834173371,63.715655719449856,87.49731776385907,77.11779839381964,52.42590286129394,60.05089012949826,68.39524888762199,81.37007129321437,69.18537294412712
382,1897.8563743584616,915.57254934995,0.545163793534865,0.06831835431301346,-0.05236455235746946,49,0.0,0.010985389895663568,1.25051634897465,-0.24272343493451887,1897.8563743584616,915.57254934995,920.8994483979337,0.0,0.0,338.01805069432913,-23.715269559423128,47.94479387994146,29.1290702346743,15.398153756346822,73.3058255956384,69.76100895398342,82.3538238730267,62.19418985950568,63.617179558235485,71.72134154127366,71.53936961826193,76.90234099606658,78.91117258191662,91.72573414487852,86.39544380418414
383,839.6912661982249,915.5828366756032,0.32332824707185076,-0.4553703258040039,-0.26538743467197184,49,0.0,0.015714490909998727,2.820287350864829,-1.1257333989342675,839.6912661982249,915.5828366756032,1081.335888226794,0.0,0.0,338.4996083799612,-23.714938903259842,48.48391791234127,51.908585260485054,15.558305451589112,81.30371334590887,88.67555269537253,94.05380113547537,85.78029251529331,92.95050042644158,88.50014877088174,97.04819048043018,78.40663195698133,72.56269168432769,96.7687849180586,89.3347716732073
384,1864.366526878107,916.9759211945592,0.6284328180317611,-0.09013052850296475,-0.17918124578371578,49,0.0,0.03646822397103888,4.953969855177708,-1.7373833989583107,1864.366526878107,916.9759211945592,1217.5860424660482,0.0,0.0,338.03329210254543,-23.714697345535107,62.381581129853814,44.38095588785786,21.813485224537818,73.92838021251023,96.32115946108803,111.80242487557831,86.62743249042404,115.36551185851482,98.58274226816427,98.46136576113238,93.06132655807846,114.67563052824119,110.17754849793947,90.00649771212775
385,1053.456763457271,920.9891269297707,0.7189166028062919,-0.22152638548321504,-0.06540599674414747,49,0.0,0.044988785549465234,5.607339826061331,-1.8718921919722304,1053.456763457271,920.9891269297707,1435.9620060194663,0.0,0.0,338.4023238756782,-23.712872415041513,67.1905817962009,50.57038836327017,36.86298637112465,91.27500564296162,97.52165819568208,120.37893635616729,115.78693747068613,113.65077386001826,123.11855318167233,123.18594056684864,130.97606306175595,120.5106158693987,131.57931530671084,113.35424997696884
386,2367.264906148277,921.8395021475503,0.6296295350079866,0.00652118055692719,-0.8562543638951611,49,0.0,0.027581384364732144,2.4973435530281596,-0.9936957280461247,2367.264906148277,921.8395021475503,1952.3139825116668,0.0,0.0,337.80443773429647,-23.712326016598727,109.76247443555744,83.30227289393358,34.844705887336964,124.93033493184366,150.16714118620325,174.2792833302384,166.50467119456363,152.4815826804251,159.82451406609738,148.40383035060944,162.25373721658272,154.73621963367682,181.00992054154813,149.8132941630504
387,419.82194312049995,926.1052569040171,0.8644287139434735,-0.4895379181541629,0.3196416800424979,49,0.0,0.02224799518505027,1.5756551726137882,-0.4936529487836837,419.82194312049995,926.1052569040171,1507.979462305903,0.0,1100.920616883023,338.6906580290892,-23.710012390067288,88.65202733834656,52.11887609971569,30.747493477074606,90.46683850537367,118.18557898555096,135.54678058076493,121.80894330020573,120.16248315708279,108.39894229850216,123.25311947735045,134.4168347554006,121.49994210224175,137.33675347731867,125.38484875097458
388,2246.6664229593503,926.604643462183,0.7846850051904869,-0.7053861044863531,0.14854684626324285,49,0.0,0.014797399129955875,1.416214854517194,-0.3778228633504999,2246.6664229593503,926.604643462183,907.7572945284401,0.0,0.0,337.85932271040014,-23.71045399991332,44.833101478116376,31.07693883568215,20.04491334739585,83.5185083883563,66.0178855159184,72.8202628827536,87.67002142296113,59.830716685213474,71.92092916052425,74.44096274857057,72.3078504110038,70.81664256116855,79.15720803653485,73.30135305424082
389,603.7546187413798,929.3934943014877,0.35638056908501947,0.1177036763712813,0.3151114417775836,49,0.0,0.0866526482260834,14.601366619810442,-2.910983764061526,603.7546187413798,929.3934943014877,3419.647112755966,0.0,0.0,338.60695614165115,-23.708908826633234,194.897152308108,124.38697099940485,59.79623866425901,272.3602745703868,288.7696870407385,267.9649220042136,285.8469766453085,285.7308980137119,272.59107556563185,266.30998707380263,295.354683719421,269.5392371666279,262.75027265226856,273.34873633208326
390,987.2604477734383,933.414279046279,0.5035681638922889,0.12172171985291444,0.002840903373367178,49,0.0,0.036567670799561164,5.6085250239964966,-1.872121654850039,987.2604477734383,933.414279046279,1288.7496044487336,14.084645903325862,0.0,338.4324371634851,-23.707644343985418,78.05445310523109,56.46818820903588,17.016242453296815,94.49010853590022,87.54618324216582,81.4448414877331,118.02506961737981,130.45958932576815,103.67448764499962,109.87581643269911,112.34635035078144,105.78979494133151,99.4617116481392,94.09676745427198
391,2478.495379356645,933.6472658568185,0.5749779341768656,-0.6253593836194502,-0.17945675129375657,49,0.0,0.06994584385402926,10.49081305168717,-2.5520228697159926,2478.495379356645,933.6472658568185,1821.4443254273874,0.0,0.0,337.75383573241777,-23.707284618027927,91.0949408091707,66.02238262970351,36.772834077943074,139.06270387425894,137.57656801909263,141.8578522270189,159.9835530493442,147.65101609913924,130.85506997301619,148.58875866562238,175.18316815103037,161.83196576630985,135.68539030741204,149.27812177832513
392,749.6147612846122,935.1869950982011,0.5624271230916534,-0.18794462954295704,0.00591635055715643,49,0.0,0.08678353428680041,12.734933101525739,-2.7624916697322943,749.6147612846122,935.1869950982011,2290.7233537488737,0.0,0.0,338.54057579458714,-23.706674274018173,125.80861815112307,78.89533808520723,39.86478324645681,157.35509070502735,212.3865323629741,190.97327745258985,185.45688194853884,181.1842750762578,169.51617809158446,179.4011669009734,195.05271001659236,203.46090961498334,199.4913064206882,171.87628567587706
393,1128.0746277701594,936.8874053943327,0.38713520253280104,-0.2577384293523941,-0.061890540148579025,49,0.0,0.011006011000983518,1.7502939687884516,-0.6077774907169041,1128.0746277701594,936.8874053943327,932.0162846765885,0.0,0.0,338.36835624887885,-23.70629895710646,54.823523282167386,33.31997076063422,16.838345326702864,74.12014584776993,72.89723582533368,84.04834890591476,63.69116041973533,78.12253960697905,68.89673412831803,75.35190962512817,75.0243626330305,80.22477955647307,78.9390090854338,75.71821967296765
394,2683.3458125740485,937.123100970327,0.24685565256770078,-0.3846327030582589,-0.54651034206748,49,0.0,0.01068324664984465,1.5330564627869658,-0.4638953757615757,2683.3458125740485,937.123100970327,1078.670196202208,0.0,0.0,337.6606264024186,-23.705569230414973,61.788029447494615,34.67523163323233,23.59191851270701,74.76311566116406,79.4012245756845,89.36830871935624,94.31500347092879,76.37216657297029,94.72395734161304,90.97357397663092,98.36251324821666,94.95310564952688,82.5516648926153,82.8303825000674
395,2913.405859412535,941.0925338488713,0.9085001104913685,0.44867903992891384,-0.17866404699919586,49,0.0,0.011492702510702805,1.1129027946560697,-0.11614308247182906,2913.405859412535,941.0925338488713,1209.2972995283048,0.0,711.4736128169662,337.55595210203387,-23.70354881343396,54.323790795595954,37.828728509610116,17.0995566351568,83.672562619137,72.44278646227326,97.49187558044048,109.95173191255029,76.55505597166702,94.31441546046497,62.77238732193943,177.1019166537611,146.39121869771338,108.87310575998495,70.47816714801021
396,2974.7393455585448,942.7702634445442,0.9293749149559307,0.20063103402493457,0.6682703400822008,49,0.0,0.030524379598444756,3.601562437372419,-1.3912273704745792,2974.7393455585448,942.7702634445442,1479.6123280465868,0.0,51.671929378621556,337.52804848201646,-23.70274020237677,0.0,0.0,0.0,153.66500508134538,298.78509086154406,37.44215943814196,98.97981940160855,116.09869834343706,120.45019767288855,106.34402757416913,193.46768382346445,127.78297138772704,130.91355655712434,95.68311790513624
397,2262.1555754301658,942.7442424801463,0.8405340915960081,-0.28520558109805355,-0.10429539793874792,49,0.0,0.021702454433868586,2.2590600249574386,-0.8848194265278431,2262.1555754301658,942.7442424801463,989.0058709159433,0.0,0.0,337.8522895079266,-23.703715939032396,59.37541716235626,35.172779670723756,18.66235690770625,74.96899655705909,86.99109457925366,72.3787430465792,78.67691033199031,63.48829630452984,83.39542678337091,88.03859195058789,83.90228966832885,90.87215647033224,79.4620772298585,73.6207342532666
398,524.4559583206673,943.7456932137974,0.45225404106923106,0.3406050153372644,-0.06909404471845029,49,0.0,0.01753695855998357,2.196824072968997,-0.8544881973786365,524.4559583206673,943.7456932137974,1267.1412831828397,0.0,0.0,338.64301809006867,-23.70281974860137,69.30900518101461,48.971650602747786,30.007866851190876,106.3736725817191,105.41648184904992,89.95263066203276,104.1176203868105,103.17734339397913,98.68102985673498,90.8746400417064,129.9745145591372,98.69000055133544,90.3708695687257,101.22395709665517
399,1778.965818843204,944.4094763429268,0.7477387581921273,-0.6604994809156224,0.45228589410243364,49,0.0,0.022281393016497893,1.8519172821450953,-0.6690539613855531,1778.965818843204,944.4094763429268,1439.1720406854836,0.0,0.0,338.0721639990041,-23.703292119944106,77.37928968234812,52.82459556478928,16.979895294395718,108.61877368251784,111.52687152027998,114.47542920434894,124.5237651045172,107.86558592940375,132.66886683161707,116.02589944753521,115.44581841303668,102.79021548792242,143.11573981024372,114.9312947125278
400,2546.1036336998145,945.9492830152876,0.6265370616618868,-0.45095736170801515,-0.15751882027964437,49,0.0,0.040507592362533366,5.372659396481561,-1.8254732725936629,2546.1036336998145,945.9492830152876,1380.2149819636304,0.0,0.0,337.7230878636961,-23.702077022147826,87.01302465192107,39.47182167864554,19.982734626197825,88.72098911389457,104.21841755777518,120.78775493785815,103.55912859072401,116.1845484609538,122.05011209534183,101.33248566349887,125.86483754267753,136.34826714574285,96.23154457305637,118.4493153253428
401,2951.5045825689085,948.891025436633,0.4176383509657164,0.2193495234204894,0.5004520208387292,49,0.0,0.013908718895895178,1.8998679028322334,-0.6968085141381042,2951.5045825689085,948.891025436633,5410.829420970422,0.0,2581.830081145693,337.5386321652796,-23.700232201067397,276.62321748061777,322.14765911537086,166.41364672335445,378.97580324958585,429.4556211184068,327.52736859522986,353.13414869708174,548.6054422643597,371.93989906214244,418.9408952937289,511.9656691504495,477.4158602504071,445.8793188053943,381.80487116429225
402,1273.0466169887773,949.1943633988143,0.5743280096473461,0.23506989595504754,-0.2807190935815381,49,0.0,0.012760830771102655,1.7008117921147103,-0.57664064563002,1273.0466169887773,949.1943633988143,914.6304091309378,0.0,0.0,338.30238002189185,-23.701248333199064,59.845525263464005,36.2443170593296,21.94348272593863,70.49132518765303,70.01412005323766,89.43524109106804,67.54802188787485,73.26237329856343,62.898121055765614,65.589711677524,60.606480993195724,72.36448277710628,86.0338434953093,78.3533625649077
403,2034.7446484321533,953.373335724499,0.20388928919115562,-0.556605675163883,-0.36779722829660727,49,0.0,0.01348672853293233,2.160741444308198,-0.8365070050976784,2034.7446484321533,953.373335724499,1309.4703084360062,0.0,0.0,337.95577809845776,-23.6994530448121,69.3826235290901,57.906889346767485,23.507714751741666,94.91053500680354,106.48104682084264,101.873440681909,122.87505906109067,102.63050727284352,105.53812555470729,94.44022157572827,100.86462842133119,105.66794298643681,115.69092728035972,107.70064614635412
404,812.6593256734503,957.285669065145,0.22419689778300134,-0.25981269565854975,-0.04009461632273327,49,0.0,0.009938763247952192,1.8659411185169137,-0.6772448376651914,812.6593256734503,957.285669065145,948.0819210797554,0.0,0.0,338.51186271094014,-23.697535607976842,48.20589170507597,36.65664624924699,15.716888994900389,63.04533906873982,69.8437020923585,77.58816871166383,63.50076507758339,86.67418960988283,74.67617402999954,76.76921132913918,84.56172965396681,80.1700892104433,84.96883331867937,85.7042920280754
405,1610.0082690638997,956.9204021380779,0.287784794393357,-0.5397332694460287,-0.2124864082709748,49,0.0,0.010240670072504338,1.3695739293414326,-0.34146370089162004,1610.0082690638997,956.9204021380779,1019.9380419538745,0.0,0.0,338.1490482926684,-23.698100475418844,51.87806409529814,49.36447805403601,25.35250903842813,67.9938480057567,76.48620412786616,65.06240069522545,83.17434158178551,98.45681357675517,109.36655241485384,76.9197671072935,70.03523444243433,96.95288138827246,77.18980391672714,71.70514350914192
406,648.5797290055826,959.0793437358584,0.5286263584283182,-0.194517545655415,-0.02574369162159435,49,0.0,0.08605452585474511,12.52285138841206,-2.7442580668466423,648.5797290055826,959.0793437358584,2550.86412132661,0.0,0.0,338.58651811121683,-23.696598469209725,133.68044099440328,85.03672376922347,46.3909716676747,177.1189333826032,199.93606187324906,205.092928880874,212.0393629206007,210.83236481733866,219.10347438794813,220.5346194221442,219.54752602889675,193.9453488965981,237.42236943552564,190.1829948495303
407,1299.8488931428403,964.6162229634228,0.561231979947946,0.646401631498117,0.11321441347398313,49,0.0,0.00853416148124631,1.0154374740327363,-0.01663296677064754,1299.8488931428403,964.6162229634228,3925.268479208973,0.0,0.0,338.29017723687815,-23.694833913748084,183.96211080431692,157.8115578032563,65.93753868936707,269.3190900302218,326.9477170958501,315.7063013841898,323.6777244056688,338.75568432916583,315.6777921080584,319.5211983802938,312.1263131128264,345.64946523961464,350.45089482849073,299.72509099765307
408,2929.304660663099,965.5937743365761,0.274722006724771,0.2736154193848725,0.8798932054505707,49,0.0,0.006062535255785083,1.0190941736804653,-0.020535796669602084,2929.304660663099,965.5937743365761,1180.0003384166907,0.0,687.475390399929,337.5487648474882,-23.693312821933574,61.73935269676572,31.222887659194694,11.84145010857759,118.62292979829616,124.87893877422164,124.85434902785049,91.80276800186114,108.0533787088909,71.98295923506305,76.83529390574299,90.16476241053036,98.61785011599102,78.45379167755567,90.92962629614917
409,2976.194401147156,968.0381787670549,0.323254162609237,0.10443437044509529,0.04667528420954354,49,0.0,0.0286312536600378,5.34785967403591,-1.8204500075110375,2976.194401147156,968.0381787670549,2693.3574789847407,0.0,242.01083747348883,337.52743637794794,-23.6922101010709,111.78069216713757,91.18903870631046,88.89612257643054,265.4619624195426,288.0547986222948,143.5991767091876,47.14712957222029,189.20086590234695,239.8057690730369,373.1695053165457,202.20893134753106,289.30526436030755,228.95875612661553,134.57946608523315
410,1503.8272658442347,968.2404364915566,0.7498845084807969,-0.2794026834108183,0.09106788778775797,49,0.0,0.01456901455049365,1.6031245070723215,-0.5124181331383665,1503.8272658442347,968.2404364915566,876.4824959050902,0.0,0.0,338.1973624958522,-23.69337774277883,45.274141555661465,26.624551369423955,16.965116829672844,75.1475188063691,65.06124552469103,56.96594860432472,98.36612468474601,65.3319859341085,64.31994666013178,78.50606009117607,71.07698827527992,71.59407177009724,79.65298056275338,61.5958152366542
411,899.0122087410294,969.2106473237436,0.5294575782067146,-0.07598986749002908,-0.32739129276906037,49,0.0,0.008296412773011288,1.009703213712699,-0.010484346367495265,899.0122087410294,969.2106473237436,822.7204898556273,0.0,0.0,338.47255876307975,-23.69265256793113,53.60598988007342,32.93641435050772,10.756033779515636,54.32221302887217,66.36921770231751,67.98823407147398,64.74844334593178,59.183202180935005,73.18696598286104,62.58799663268765,77.59138164396428,64.1636502434832,55.531460306138825,79.74928670686508
412,2971.6911411480664,967.2571970268797,0.4828398726172056,-0.8591384759481016,0.8816042916683524,49,0.0,0.019525091594594188,2.8420408022065984,-1.1340757716334244,2971.6911411480664,967.2571970268797,3558.6147459116582,0.0,416.7187130129371,337.529483652447,-23.692543706698274,252.09054782904875,147.82707491275352,157.9161855559684,363.11822081352256,309.92790961791894,206.4420829526726,146.83341881354804,179.51819894974187,305.8283446439265,337.71970860412614,376.3266489626336,273.71531076671886,316.13749489369394,185.21359859538393
413,1041.6540253061005,971.0555840124638,0.6284984191404015,-0.5788684621272193,-0.22484511699768117,49,0.0,0.02195130645206974,2.837703360178517,-1.1324174861097238,1041.6540253061005,971.0555840124638,990.6358052692638,0.0,0.0,338.4076548017055,-23.6920033831658,43.07503170802957,44.32484593310722,17.024016560930473,66.38816658993709,55.88600126423566,93.40475301821877,88.02910090836383,86.95299697464692,79.6348933061079,89.84020010793597,64.57282126731494,73.80273469418864,99.03796136987228,88.66228156637449
414,1296.1222762373957,972.0913051039004,0.6424212164241107,-0.17591509249193438,0.0012560202849481044,49,0.0,0.3864565696026018,54.57377836353643,-4.3424600569715786,1296.1222762373957,972.0913051039004,6778.853954763941,0.0,0.0,338.29186964774175,-23.691717871974355,358.38098397769517,243.8655812329718,132.67955288110443,479.81812518574344,538.6995289361791,509.48779978594945,556.0750256320937,584.373465195518,505.24107581579574,554.8858461303691,586.6429943026629,598.5113331954979,614.756020358205,515.4366221341556
415,2785.1038365873733,972.3596046163623,0.6542846560554493,-0.9969866027536293,0.003989181520691835,49,0.0,0.039178914730031614,4.486890661935342,-1.6298637165690892,2785.1038365873733,972.3596046163623,1669.5043089825192,0.0,0.0,337.61438405338794,-23.69073484979054,100.10522970601096,63.43868276536925,33.530006162152105,137.38682842283927,127.87825595036605,152.04300016872241,124.49302701928845,146.30719888582345,122.42884630646695,132.51301493554922,129.84068509850437,129.4993052346041,130.47305502340987,139.56717330341263
416,2035.584582265963,972.9733495546257,0.6306657051383069,-0.4299315771556337,-0.03920827914405818,49,0.0,0.15793348278179314,22.481284491711143,-3.3795528036888767,2035.584582265963,972.9733495546257,3226.4140206178868,0.0,0.0,337.9554081548196,-23.691286110822666,157.83689428172764,119.66055703887818,69.53769335520661,224.86801356269348,258.66418858589986,247.38843419050448,272.4683454668625,268.83563801308605,257.9077269105509,275.66487741386646,286.752330886054,258.71828253042,270.9899045353487,257.12113384678776
417,2759.6086599820073,972.6939441839405,0.6868262857574926,-0.46833492094782037,-0.09360101671351281,49,0.0,0.024301223095556997,2.152437261579247,-0.8323262541504396,2759.6086599820073,972.6939441839405,1549.17543158032,0.0,0.0,337.62598416834714,-23.6906352686984,88.8354563299567,61.72786798208065,19.543886222282012,117.62320949532129,139.66701373668815,122.79962032774914,129.82567134122166,104.9119250964979,113.31263066175356,133.87550119826182,126.73820601816152,129.13624076203592,145.1315563146039,116.04664609370592
418,737.8205410167877,974.7131543709346,0.5291868776916733,0.5446373630695122,0.2837082165977789,49,0.0,0.009047750351548471,1.0300636704685013,-0.0321601755457119,737.8205410167877,974.7131543709346,853.0891297346925,0.0,0.0,338.5458936697669,-23.69019234490738,51.65832944627259,27.389156074784832,19.74401459099108,53.231424171412854,70.71847041628834,70.45164452068789,71.67022398668152,61.93024022752132,70.62819213661919,79.78665610568704,59.90051417591441,76.70649684405612,72.40604529173311,66.86772174604215
419,1733.686196078477,975.0767199004573,0.5098736443547086,-0.4982244534690855,-0.413229572360064,49,0.0,0.01376011619074438,1.571628330842909,-0.4908746224699425,1733.686196078477,975.0767199004573,1129.671088160289,0.0,0.0,338.0927743403712,-23.6905237726013,63.06275442845187,30.168399034554245,21.75146458225005,85.69658544849862,87.88600388885288,90.50315181675903,92.78072596228446,96.97100235281903,91.11264927165189,101.23715978075093,95.70179859674728,89.26550277768128,99.84535531653631,83.6885349024511
420,944.9816938139649,976.2686961855504,0.6355568491404341,0.11006488673364963,0.09882104662055015,49,0.0,0.010859298918084554,1.2333779933158355,-0.22774048802942523,944.9816938139649,976.2686961855504,799.4128495426462,0.0,0.0,338.4516359352618,-23.689753285795295,47.485564394975434,27.333225647532814,18.61348728807008,62.0570837498894,58.40656027111339,63.52319545529899,70.26133325119697,76.78668279067932,63.50822114864453,55.9728261822508,57.847744928520314,52.830914027685196,78.44069339969641,66.34531700709259
421,1225.3681622650472,978.9149094977633,0.890033809038556,0.20724303048417325,-0.27835671177656696,49,0.0,0.017088894315418997,1.553924471456432,-0.47857476520527764,1225.3681622650472,978.9149094977633,993.9717292271321,0.0,0.0,338.32405959843635,-23.68884281354221,51.67568546423438,38.673381010946365,20.84147999979701,52.77174536280276,71.93602237013751,75.36525526695965,99.62506073019509,82.65199396299217,75.65494575170277,76.71110537743974,90.6242499185777,88.71118270308403,82.29471110723912,86.43491020102371
422,464.1344805192749,979.6614103501751,0.42745330351782407,0.6066773571694147,0.8048463459913455,49,0.0,0.009252309867121349,1.0498397715993446,-0.05280755334110353,464.1344805192749,979.6614103501751,1032.6209148687378,0.0,0.0,338.6704066929387,-23.687767037088012,51.091779366054894,34.90563847288702,13.859276074987147,84.12804822999658,80.98893487956346,80.40086696624581,75.16586365250836,85.74473422997107,71.16662837685615,81.89749158352134,94.16860833007948,101.50438956186034,99.63780209654396,77.96085304766214
423,923.4121180205465,982.6578753609173,0.8095535252525791,-0.1093382804226024,0.1541346072113601,49,0.0,0.04075359273000888,4.432988532280246,-1.6167415195556611,923.4121180205465,982.6578753609173,1270.6146351424031,0.0,0.0,338.46144369894455,-23.687072114357832,71.97387044919108,51.4639675717249,29.61988643521669,84.60591531530608,100.79553883093057,100.66259837024072,102.1030809588988,94.01649226784258,108.55822165676328,90.65825491593486,106.18652493208202,118.26327778396124,104.38316675426853,107.3238389000418
424,1094.9141006917987,982.9453360119286,0.621627880316007,-0.13810370276388112,-0.08211848141552568,49,0.0,0.9386398643275259,135.09457270705767,-5.326594755036167,1094.9141006917987,982.9453360119286,16088.518800086851,0.0,0.0,338.38341262640904,-23.687087149104286,876.9932152779355,553.274823564389,322.7131164322997,1115.071380316365,1277.5672885360038,1252.4027279635256,1374.7791506498006,1322.003497028702,1342.5228774931288,1325.0875126423582,1335.1427033333441,1379.0498487877705,1408.5685581918653,1203.3420998693657
425,2596.110728809634,983.7724202962087,0.5589288881779498,-0.6776139047046709,-0.19093822803278307,49,0.0,0.0192656261923574,1.6737736897539095,-0.5592418421249838,2596.110728809634,983.7724202962087,2584.6657540721367,0.0,0.0,337.700387689979,-23.686253647686872,142.08951615710473,98.9637172863919,44.43820161486367,197.65366877432035,212.12182595152711,210.032463537637,224.82586198488826,217.61425554431653,226.0741987610731,206.84033352377773,192.99279670482315,202.00582202889046,221.11961765165836,187.89347455086448
426,1494.7478167904433,984.2471262178731,0.561871376218522,-0.26649923469223513,-0.12334916741806527,49,0.0,0.1468310498894738,22.336395202864477,-3.372532712702501,1494.7478167904433,984.2471262178731,3316.473441638059,0.0,0.0,338.2014913558591,-23.68670720662317,189.54056656565507,125.09770122960471,73.96235114380661,233.09090603870857,254.94611766130492,271.76572863754325,284.45132211768384,283.06949407316654,270.4107710597772,297.7526282304813,254.61112347575445,260.4334133136491,286.39114483040805,230.950173260515
427,2939.1388560432842,986.4931300441083,0.6935833079806901,-0.25713751504472276,0.08968195990367356,49,0.0,0.030992021215922778,3.356084644226757,-1.3145822642243674,2939.1388560432842,986.4931300441083,1887.2544090133965,0.0,1076.5374525017046,337.5443307870211,-23.684587988660535,84.15852701562726,60.88827603289353,34.143688278215826,149.92398985946554,204.1275197728341,213.7017685400709,95.31326137091824,150.9077404993312,134.77212362816462,134.8257938008365,154.72290998348006,151.0656966126486,128.87413485018155,189.82897876872846
428,2503.996809319028,986.6997824372943,0.9497507971514827,-0.35822255422490135,0.19901405743081196,49,0.0,0.012910126479203695,1.0473708024923427,-0.05025115731732549,2503.996809319028,986.6997824372943,892.1277968240022,0.0,0.0,337.7423003579827,-23.685150227050514,58.789490791616466,35.47630964138018,17.577022236774337,67.94045758070686,81.6836866190038,67.84789440078082,59.50568262755028,68.39440432698414,76.94204923868261,67.3619156053793,69.43525668008095,66.42867187125981,73.48059282069059,81.2643623831121
429,373.6704490457744,988.8879557580858,0.6344087645556176,0.3577207556095731,-0.08476739299871389,49,0.0,0.0201926261441023,2.095447476168929,-0.8031919485415935,373.6704490457744,988.8879557580858,1345.284580507843,0.0,1196.0377948716032,338.71154790526407,-23.683780819844042,82.69897855819778,48.1438558634235,19.972798912317618,108.7045854917207,94.70335120794292,98.96621823487177,113.45546380787405,117.2510905922799,103.31221408594952,123.00469236938604,110.51031726989495,116.05705288094903,101.30392367853185,107.20003755450335
430,1238.9218870572633,990.2802986344216,0.37083413312353675,0.26495363029455793,0.03486649733128338,49,0.0,0.012071484372763,1.9406363680286802,-0.719860414780385,1238.9218870572633,990.2802986344216,1009.9933060710259,0.0,0.0,338.3178867932289,-23.684113986204267,51.08560935443023,43.18240143802528,17.525380172445924,97.6807246679022,63.22445814585255,81.58404586196332,78.91864016291939,62.09897310229516,91.95997449820669,77.59178527722119,87.31945777224831,73.68542709383891,98.96188121823528,85.1745473054414
431,2519.1123875558637,991.4543431130637,0.6354948974183241,0.01471519057765447,-0.17132808117698572,49,0.0,0.013838526975580384,1.4774159846936252,-0.42375698374552156,2519.1123875558637,991.4543431130637,958.0517439754018,0.0,0.0,337.7354295629914,-23.683150948712033,53.91478464857052,36.83676643349311,18.515721158689978,71.71210648258304,84.58993009266666,78.38715366632049,81.4459943278248,77.07854654526298,89.85155414097169,73.90013788185712,56.856594280624236,88.50767016462376,73.36685346189165,73.08793069002175
432,968.9061052548885,991.8455794122737,0.8719510653935227,-0.33942837226574335,-0.4318950933309403,49,0.0,0.02011122764596188,1.9509031382335849,-0.7255892683415749,968.9061052548885,991.8455794122737,1217.9797419526085,0.0,0.0,338.4407363709729,-23.683283598149735,66.26408736567873,41.84615876453907,19.001905411637637,91.78005511826827,92.66284100599427,93.00042261367872,90.77038374286964,116.04061519083743,116.62424429246114,84.63595865123949,93.45200149133196,112.25368671210131,102.04015804206597,97.60722354990477
433,1616.8596113691456,992.1283428854736,0.3239162041519959,-0.8677943654532301,-0.5963457871303937,49,0.0,0.006935656191389896,1.1720095006385285,-0.17232783052378856,1616.8596113691456,992.1283428854736,743.1927439090587,0.0,0.0,338.1459315383409,-23.683430686451974,41.47246930243851,28.39240317204169,17.193946416920376,67.14238686699326,68.08221545855602,48.87970061083397,76.96188530326614,70.25400845229086,54.919166504544975,45.770946888188874,63.041120035493755,64.04115165590468,48.48322590112859,48.55811734045702
434,1934.6466576348919,992.0526357712597,0.5415812573859798,-0.852577285761098,0.11635268392406786,49,0.0,0.0162646601768367,2.0588199628062576,-0.7840459265519075,1934.6466576348919,992.0526357712597,972.7913187833999,0.0,0.0,338.001344569261,-23.683388212047845,58.995408660817375,33.505580989209534,19.44610897142701,69.7663800117723,67.21831268814087,75.0597590914526,60.24931006297406,90.30267360319843,87.01864116345662,89.54849046508141,73.94039849186211,91.48267855537252,76.23991383635843,80.01766219227673
435,964.7912258942347,993.3290027815103,0.44840098172726456,-0.111209197496657,-0.0870593543931762,49,0.0,0.01419754305610122,1.9632252148425948,-0.7324253082880554,964.7912258942347,993.3290027815103,1182.8354882029757,0.0,0.0,338.4426071653072,-23.682662059760265,60.69605442346423,40.69625629986886,21.67451363772728,88.3981998955952,75.94855930545666,102.76520407915078,88.54906494305013,111.43364964756708,116.56988549912046,79.26686068550234,90.36455103949186,101.54446988943081,113.95632651048876,90.97189234706134
436,1907.850752956141,993.1397199154992,0.5675805754213933,-0.3162607377360985,-0.23900774024434343,49,0.0,0.026747436426383348,3.670794466680829,-1.4119001709540058,1907.850752956141,993.1397199154992,1183.1597251426003,0.0,0.0,338.0135366192058,-23.68294669323484,64.58939465621347,44.427236808658776,24.146148141746785,80.82846284618935,118.73174964982113,97.52068387024426,83.58232977023803,92.85220673593645,92.52338959948443,106.53324979793476,117.64860727666026,95.74453455117042,84.32337442756312,79.70835701073901
437,2548.5459189720423,994.6764404866766,0.2913391838841961,-0.26667229109893853,0.016138495496290827,49,0.0,0.008955486511623166,1.3600039206032002,-0.3338504008775315,2548.5459189720423,994.6764404866766,981.3214200812256,0.0,0.0,337.72204294022504,-23.681771964070567,62.43564757727457,35.18109714565828,17.686383501576984,64.66611095038918,90.84294935621692,75.46429198454757,80.3334782419694,91.12689698654239,62.857286400762426,69.89451099910096,74.67420696676382,79.66865217311431,79.81790894780502,96.67199884950381
438,1634.9377840902996,994.7250711243983,0.8520901916366094,-0.5690850725331044,-0.04626590366695691,49,0.0,0.015514373688428281,1.2615322292281286,-0.2522458755349656,1634.9377840902996,994.7250711243983,982.0020621292033,0.0,0.0,338.13770642946133,-23.68234812723377,53.995199233801216,47.495405189941955,16.08829696397602,63.17256074647192,93.85441985203396,70.83721911177086,71.82488336784331,79.96285272591443,67.26147069185188,81.67720292419759,80.6552495234973,82.3800156964948,83.84932836658061,88.94795773482744
439,1456.8610100800583,995.7821318888389,0.731390210726031,-0.6212801849497036,-0.07563819259350196,49,0.0,0.013881846671119942,1.3173985498074188,-0.29929295258576866,1456.8610100800583,995.7821318888389,949.6558653064569,0.0,0.0,338.21872719107307,-23.681894772317435,65.46448688482347,31.72697024103828,12.619177666381551,73.69497175051863,69.00518657526224,71.95165364158396,94.18486845078775,66.45735082929812,68.43950726703967,74.34058507404868,90.0465970378037,76.7293167766104,76.5078104546554,78.48738265660498
440,299.011139598123,996.3116844100482,0.506303934257499,0.2837152775161349,-0.10222558556331442,49,0.0,0.027603221733973466,3.010025222928767,-1.1964253371016222,299.011139598123,996.3116844100482,1942.4924095152937,0.0,1378.7292155872742,338.7454995692727,-23.68056239679715,134.2530593816773,114.2588535290684,48.59444699496534,183.91104215413378,152.22874330094874,147.15609040205783,213.18009035767832,173.61916523917063,130.2412625307506,125.78747115292146,120.12005315937428,127.99960900242891,139.1408264641389,132.00169584597944
441,1318.623268586346,998.2173402497806,0.607524343145729,-0.42638687336963327,-0.12850203813202046,49,0.0,0.04324745942925191,6.017548259940606,-1.9485489548632475,1318.623268586346,998.2173402497806,1445.3471459284206,0.0,0.0,338.2816209356897,-23.68084103850275,72.20874071361543,43.173989386586285,20.156249865515452,115.35999830853659,90.02727976352156,100.84152464291125,117.89056168555695,146.40721389289058,111.21288439809116,129.3558191648575,111.00813936697895,131.9520533525611,133.78853144731983,121.9641599394779
442,2605.9388625330917,998.5311896808666,0.5548351979366093,-0.7436184401899237,-0.12673540307185188,49,0.0,5.946818231050544,860.4683369389943,-7.336837235044554,2605.9388625330917,998.5311896808666,136174.5926136372,0.0,0.0,337.69593755013534,-23.68009140663311,7277.856551688278,5107.654325576163,2664.6681367588744,9999.888721607604,10952.900362041342,10814.915008586264,11247.71603286299,11325.60668444122,11281.297015171946,11477.114926161028,11423.227940827715,11194.401639982101,11169.927707153729,10237.417560778078
443,2073.3497602092366,1002.3481910587363,0.254503674323858,0.22292799261803764,-0.38189169972425746,49,0.0,0.011058782618528168,1.6676226092179312,-0.5552444363803501,2073.3497602092366,1002.3481910587363,1063.1712705407326,0.0,0.0,337.9382448289995,-23.67902412914676,66.41107065431476,36.02268480337723,23.71630468785832,67.30176573848111,87.23208414503773,88.36077743702128,88.60498463547486,96.89980373633318,71.46283284880066,82.65635542393998,101.24118752182272,89.95081737863046,102.37683879394862,60.93376273569177
444,2348.1114644382583,1002.3939189495268,0.6018557347396235,-0.3481656207686902,-0.11040698554733311,49,0.0,0.02049758580962159,2.0446995299454183,-0.7765737428703888,2348.1114644382583,1002.3939189495268,1459.6516990382988,0.0,0.0,337.8132403503807,-23.678782290707737,70.55454839717122,67.70022155332698,28.255925306608006,113.75612850226545,121.14099203189974,119.7494021382865,127.01810536226833,125.57660330737738,128.34424529955692,119.59921267130716,99.3224871352827,105.89073762246744,125.1660128414255,107.57707686905513
445,730.2577038847733,1003.2903107567594,0.5039202792969959,-0.24078518386040362,0.1414004114577822,49,0.0,0.02149221063534114,3.081700689842561,-1.2219761389555737,730.2577038847733,1003.2903107567594,1067.6234918555815,0.0,0.0,338.54929892219275,-23.67827700376466,42.43013049553475,51.95759074326762,16.711625098244426,107.285397862205,84.26058811657866,92.05622799518748,76.16803114862594,79.83304182651096,89.76170631205127,83.96611684771266,83.92215106318835,86.95557277521723,81.34319783990627,90.97211373135104
446,2341.600286735604,1004.5876583298377,0.6170426369479292,-0.4539477459356994,-0.6997221663532333,49,0.0,0.01064115609756172,1.0823777169994466,-0.08594710706197428,2341.600286735604,1004.5876583298377,1307.8995192194352,0.0,0.0,337.8162049529256,-23.677874705420464,70.54817666694132,60.313626889254806,19.861475884782465,90.53534129651354,101.31235443065862,107.29717678590298,117.06658778868982,116.86486575215187,115.44960917167789,107.38793980011003,85.3970334851787,116.88530198282544,102.38598964466266,96.59403964008531
447,2749.0074916959434,1004.7996997653682,0.4428716872602036,-0.4753488074622778,0.12461536919841412,49,0.0,0.015043494518673841,2.0211606869129546,-0.7640021057396273,2749.0074916959434,1004.7996997653682,1154.6354577538407,0.0,0.0,337.6308603671144,-23.677274950735665,72.55103167410282,43.425390234366155,31.972582883757227,65.48723315219854,87.3608484792893,96.99724876372082,96.19263021220232,76.92614336378327,104.09469299994771,97.63767466025735,104.38023383920002,97.41457001533595,102.68084750607257,77.51432996960664
448,2182.400297089318,1004.7417047962493,0.5398120170419355,-0.3913329557511371,0.02184586606912729,49,0.0,0.016650183403813267,2.2484464046579538,-0.879706349796908,2182.400297089318,1004.7417047962493,946.559307073818,0.0,0.0,337.88863330562185,-23.677950444368825,48.31727383023697,33.95512878529783,18.78797338776434,70.74533200639144,70.28161255578657,81.25372292499205,71.91654528783528,74.82183079255186,71.0155450995277,77.97407406405512,79.26590787192265,83.18781427256278,70.17575290868415,94.86079328620926
449,481.00224614269825,1008.3891827108766,0.5883550333468386,0.1399126039101345,0.056796829820267014,49,0.0,0.017538559554875155,1.540238563354018,-0.4689699818381327,481.00224614269825,1008.3891827108766,1459.936165157941,0.0,0.0,338.6626862834846,-23.675823125683465,86.27334953993801,59.82506786324377,31.05849918554651,112.11971962025862,125.04800219948686,125.50694389194993,100.7759195377657,115.45810172423877,125.59259841518306,123.92756489225228,107.26578798736088,133.05278586790925,116.61584279229862,97.41598164050896
450,2949.4557961674186,1011.8021458781161,0.8123510857044783,0.09936926941002037,-0.13037250187725627,49,0.0,0.011124062142671602,1.0139704244903807,-0.015063219179808292,2949.4557961674186,1011.8021458781161,1329.6010692325572,0.0,726.5923484181285,337.5396862584948,-23.674024945152063,57.984792952720156,28.83509535204107,22.70197149625035,84.76563211417455,124.0690255491695,67.4133250525619,110.24782512606663,131.97939207966078,157.611925455115,130.89631367681693,96.94678923013771,129.6948815440156,75.53344644462857,110.92065315919844
451,1116.4793403659337,1011.7827081878389,0.2905199757968631,-0.08547576318884026,-0.031948160198465185,49,0.0,0.006897782107087289,1.1550349140376925,-0.1564877803642123,1116.4793403659337,1011.7827081878389,874.6420044450514,0.0,0.0,338.3735806528781,-23.67508608092265,42.94902482222713,29.572776232517537,4.274825339111563,73.72965169571341,74.1295751211945,70.63631391101788,61.741082939206414,73.73384244985166,84.28373157573105,93.73093683475082,68.83038528921838,63.21506845149822,63.58335738023435,70.2314324027785
452,2497.351687430822,1013.2796513953292,0.43855136611002826,-0.417348807604925,0.12411321949783999,49,0.0,0.008866288198915736,1.0116020928552614,-0.012524297911026704,2497.351687430822,1013.2796513953292,1081.2572864154629,0.0,0.0,337.7453579071258,-23.67408372315961,58.477012570267036,42.19550690957635,18.227410743948674,76.0182848584622,93.42298455666189,73.23764387642242,85.4380772499405,94.23100025726556,93.26368603062448,89.24676981962946,84.95956419898214,90.8109638823277,108.26883338031564,73.45954808103879
453,2506.480239658025,1011.7660202427679,0.6150738618481413,-0.4311640852349692,-0.07524310982896162,49,0.0,0.021756462020139252,2.5516647694135215,-1.0170590435035147,2506.480239658025,1011.7660202427679,1195.7905757967624,0.0,0.0,337.7412031033584,-23.674703444118446,69.17254643439725,40.72233843297964,23.083428216012123,87.01071054939675,99.2906724950411,76.037812008076,96.34207876828157,108.45109673334318,107.1777514412457,103.60882953325452,100.12841945984363,82.19851035413373,110.25460630802847,92.31177506272888
454,668.6927090887109,1013.1272464818871,0.40697908693583734,-0.19900189647818506,-0.11614419896562259,49,0.0,0.009184111211163902,1.3925149000920884,-0.3594996271963791,668.6927090887109,1013.1272464818871,807.638041610478,0.0,0.0,338.5772942802997,-23.674104765536534,39.78355726593797,37.611445374295,15.052873282678725,70.64849358290616,63.86832266892678,60.83292746685718,81.89482299634278,60.19060135706712,80.37222762637714,60.699659012155934,63.06104285273738,58.46778574818,60.694394293253964,54.45988808276182
455,971.5591051579067,1015.6572908656561,0.9756991227357807,-0.2611304821689626,-0.08288604358185812,49,0.0,0.012728314827405215,1.01232001549243,-0.01329455940366703,971.5591051579067,1015.6572908656561,1031.4013115298608,0.0,0.0,338.439507820814,-23.673364584145126,61.05743410325882,44.87415421152984,22.28838625958798,64.51396281782856,90.0469837455964,78.09163326881585,76.01133413752143,88.9751867666578,74.87402271171408,82.83380071071153,89.28922251917321,101.59993893693866,82.28878032884192,74.65647101168459
456,1387.460719135243,1016.645580146555,0.4042632399186778,-0.36190782643000136,0.19060978085584354,49,0.0,0.009445380333165996,1.3414349172632891,-0.31892401686003347,1387.460719135243,1016.645580146555,905.782498761618,0.0,0.0,338.25029623998546,-23.673185395596235,56.773332399754935,27.29250220868757,17.067179809890533,71.0293953084671,79.3894005058865,68.8410511766277,71.60779490576363,77.19227571289943,64.25536185305467,66.51568670508655,66.27231193807778,77.25501347614215,90.06440263102421,72.22679013025524
457,1525.7911795686236,1017.8516234462473,0.310537744535551,-0.46872204738458295,-0.33281664483638845,49,0.0,0.007839619956068685,1.0751507800534583,-0.07867343586927336,1525.7911795686236,1017.8516234462473,936.8604692149972,0.0,0.0,338.18736324332065,-23.672709324690377,55.10185702148273,23.816099654783333,26.17805521247433,70.30853146239981,79.52615760570228,71.27725452209964,77.95136957802296,74.17197069000463,58.918989631387184,76.76392555049779,73.41425536926823,75.24221978789862,82.65008367880812,91.53969945016763
458,1353.7751938088252,1019.2728808497839,0.5735053244351326,-0.37120952367100607,-0.05045216731296748,49,0.0,0.03911530726293257,5.711667213992419,-1.8919072391572314,1353.7751938088252,1019.2728808497839,1342.9854052954947,0.0,0.0,338.26562036883274,-23.672080422017036,67.75341807646907,55.59150559121741,14.139557171053397,103.61330394357034,110.07115458754778,110.14865551530116,121.0756021808952,117.8181455866247,103.16913920343427,112.47949566549897,112.53461115573023,105.3599106699029,112.08342349082443,97.14748245742501
459,1316.2467047952716,1020.5366155881857,0.7046741934623736,0.259703036730673,0.13671925524085848,49,0.0,0.012112895277591879,1.2819254167421317,-0.26965689595312775,1316.2467047952716,1020.5366155881857,919.1663004990589,0.0,0.0,338.28269308912144,-23.671540641965088,50.39681676985029,34.971663938597885,22.119469732986737,71.2989844623438,65.81299813281852,75.37677206849312,73.69667801206296,84.67369215517932,80.18422898734465,72.03721787701667,53.8365772725092,75.49154340967387,81.94979038252959,77.31986729765231
460,1145.5261510383732,1022.8385056751288,0.5562800147674126,0.6620562247366542,0.25422503396987794,49,0.0,0.012000352031094407,1.163557807963801,-0.1644699120221219,1145.5261510383732,1022.8385056751288,1109.8450210878423,0.0,0.0,338.3603586644113,-23.670497728799337,72.36540266978919,36.62410084965841,17.010483898513105,85.52206134358676,75.19659123027047,93.70875377843252,98.89089878139191,86.785840998292,100.5146394026697,105.92367783127352,76.64432133296616,85.1224371814894,101.61217810790373,73.92363368160524
461,933.4308470542827,1024.0725135260188,0.512604689153505,-0.03299601968333323,-0.13386629422741986,49,0.0,0.026057133678004663,3.956849720781214,-1.4933738907176202,933.4308470542827,1024.0725135260188,1206.573099569057,0.0,0.0,338.45684566941964,-23.669825532223427,70.00499128121365,36.2174983265664,26.275468767402366,83.12593812063831,95.43184192950014,101.69740201486275,100.33216154660495,81.33181350894364,95.57265328040997,102.49162744291847,96.17487274665513,109.22346474798428,110.9643508253402,97.72901503001688
462,2266.049102706663,1025.3732566811207,0.8456068178584273,-0.2722305731267454,-0.1682995920281657,49,0.0,0.013235157945002563,1.1018427413691922,-0.10529903749378386,2266.049102706663,1025.3732566811207,897.9977853600033,0.0,0.0,337.8505968039876,-23.669284918143525,55.480464717426244,45.26782277512553,17.387965164907342,59.28081955907871,68.91127118792247,90.00464761285778,76.47339701505207,70.81196586362871,80.07866920724123,77.47284932767523,63.20063285780212,59.27867824931574,71.00149697413397,63.34710484783605
463,960.9729474988793,1026.9801719778513,0.6123834660095149,-0.14064399355708895,-0.028304714905618936,49,0.0,1.148192873253658,168.67976094129696,-5.567657442115822,960.9729474988793,1026.9801719778513,19164.89110001794,0.0,0.0,338.44431344804633,-23.66863794245642,1005.3670119094054,743.2921591668226,351.2946657395868,1352.0607438633247,1582.6706721399187,1583.386413889066,1596.4003785188986,1660.0907149661166,1520.2032166684098,1573.9311944662886,1540.9765358332893,1615.02608510647,1640.8267012433116,1399.3646065070327
464,2780.417604517209,1029.4817606106442,0.5946480478609973,-0.8786212467203016,-0.07319179089803236,49,0.0,0.010077016669136895,1.022251891272376,-0.023894806792754318,2780.417604517209,1029.4817606106442,980.8453208645651,0.0,0.0,337.61661296179875,-23.66694281090225,54.54300484136853,42.10001425189968,15.83543427854319,73.7150487895114,74.12163032222898,79.76821234271443,82.55885234728477,78.80048612684044,89.30430639351275,86.37305332017834,76.87724973741182,78.41969270419273,76.30975136196409,72.1185840469139
465,1170.4622528580946,1029.613486581962,0.3892215067156849,-0.15504071746537249,0.009170226708799913,49,0.0,0.019933947997499812,3.1832249142351023,-1.2571683131408806,1170.4622528580946,1029.613486581962,1163.3321114757773,0.0,0.0,338.3490102499881,-23.66768954176851,69.41127161473507,41.852536185690795,17.852313918358277,89.8298163831954,89.46292021034628,104.37636045709351,88.8217659575351,105.56562409010657,99.57150349104174,93.44603133688784,90.5113727764333,84.61668736529522,101.15030531572421,86.863602373334
466,648.2547787727694,1030.6357095241783,0.3797519397806053,-0.476752474421683,-0.2451743020033219,49,0.0,0.009135309224037703,1.1904752185737633,-0.18930089845202575,648.2547787727694,1030.6357095241783,935.2077306520011,0.0,0.0,338.58656808180365,-23.66678433398716,54.662703053498646,40.87729615342923,19.820583085409304,71.40730796011024,82.14234362556192,65.5861769378584,69.91871969910076,65.1372429732925,66.90436661851011,93.13038791776887,91.15470940413964,76.72356994280392,61.978101268128825,75.76422201238881
467,2367.6842867589658,1031.5028172090042,0.6385142019174943,-0.4263850573501405,-0.05960511510096882,49,0.0,0.09316086472354014,12.289232923721638,-2.7238119392357363,2367.6842867589658,1031.5028172090042,2418.6378746670744,0.0,0.0,337.80436776142614,-23.66663432854157,143.4542036184367,87.41745859084128,43.96248821513461,186.14535839133356,221.90109361154833,163.28817633717284,201.38019674464397,190.77385658067067,209.99716825677814,205.36320599544757,213.02721739341416,198.1603152183221,184.30091240080478,169.4662233125257
468,2310.32957632897,1034.9545829354154,0.4546684428591428,-0.6295204237046115,-0.08514844885673639,49,0.0,0.05346603037533732,9.020840474625759,-2.38811750696112,2310.32957632897,1034.9545829354154,1965.884957744441,21.043513857568954,0.0,337.830462482345,-23.665252387901386,88.94638249122684,75.6537225906662,29.370827409251888,145.4315262718395,148.31272512550294,171.88307791251964,178.89082149921512,168.75955595054634,161.00936139513811,149.6182976705915,153.24092253858578,177.4565387822153,176.69551795847457,140.61568014866725
469,2118.412889243617,1039.609180291455,0.671088303400212,-0.5995103379840822,-0.14000339072940476,49,0.0,0.06035878165343899,8.050045294285926,-2.264495809926845,2118.412889243617,1039.609180291455,1623.7300412240384,0.0,0.0,337.91777062742716,-23.6634694614485,89.02366775554475,58.97832238600328,32.14967585873562,110.0510742972223,117.38826035762723,118.42614155602135,148.4009582741961,132.89299648177524,135.08977583020456,139.72711194076638,140.45993798385794,131.29578870207754,145.3268232507164,124.51950654928962
470,1633.0059791057508,1041.5949077706182,0.7288026131966151,-0.3796656820090898,-0.11304539353526241,49,0.0,0.04604917671853907,5.748682069409148,-1.8989207266856911,1633.0059791057508,1041.5949077706182,1340.6650818088524,0.0,0.0,338.13858754650306,-23.662819465637085,67.99997067041551,46.22772031809208,30.32277749524658,77.55549516131951,105.77943695769581,98.75962712363432,121.19830036285897,112.72455614261938,111.20969771034282,114.33340532771948,115.72902393735036,107.13976425085475,103.52435325689758,128.16095309380518
471,2645.777655602367,1045.553751868987,0.9636718154328696,-0.3604066752351227,0.05305730987524018,49,0.0,0.013777429014727184,1.0949266613222042,-0.0984625772788448,2645.777655602367,1045.553751868987,944.4731007410899,0.0,0.0,337.67788379058265,-23.66044541349438,50.45419977082548,35.11194329151898,14.449895421346747,81.34480792481313,81.5201178219648,75.27885328090439,65.88368429232351,78.40807258647632,85.20808087603686,64.68464595217299,76.29008981004884,95.63752855200187,72.16180133399729,68.03937982665869
472,1760.7380331787097,1047.51291645492,0.6001660691247117,-0.290018513191017,0.009815133156424943,49,0.0,0.06749729523976267,9.689431230076169,-2.4657457117473713,1760.7380331787097,1047.51291645492,1783.9391925428897,0.0,0.0,338.08048227650886,-23.66033732669188,100.79714279447127,63.662099300672544,29.89089974280313,120.37892030298102,146.140511617749,156.49836189892545,129.1830442433082,133.1387162461348,135.15753019140328,149.59345856708995,160.71120327724407,151.46614048323806,154.0567236453619,153.26444023150708
473,2170.706051241348,1046.297483770141,0.7064228321428273,-0.17104652405128498,-0.2529602482000148,49,0.0,0.015916540126902943,1.7124157411459209,-0.584023028432121,2170.706051241348,1046.297483770141,956.8172419887171,0.0,0.0,337.8939876835426,-23.660644966867785,57.63875825358327,23.392538896944973,28.055528637584274,77.30208156266565,63.95251814761923,73.34075004714882,84.3137950596352,83.68390207419921,75.84016372777523,77.30208015446107,73.30038522077527,74.91449993047723,85.17948590860435,78.60075436724341
474,1585.9464258787511,1049.8925830460355,0.5564705964406743,0.5939425479232042,-0.015025180929199307,49,0.0,0.008718376698747064,1.021168400727954,-0.022743418577179285,1585.9464258787511,1049.8925830460355,871.2994601570174,0.0,0.0,338.1599952643429,-23.65936271809491,56.031429121912,44.224623178758556,10.346434878850133,68.32348790529292,67.87318111453882,71.73224158867356,49.67545311423004,74.32292322614117,77.71860793670878,60.581224035999895,63.37914129803589,68.87403180098362,88.3049845619177,69.91169639497424
475,1887.594430214012,1050.4536505315482,0.5833888417508825,-0.5747802401452988,-0.0986150668341228,49,0.0,0.0763567580970148,11.004746772083365,-2.6039501338630897,1887.594430214012,1050.4536505315482,2008.8055864117198,0.0,0.0,338.0227764288158,-23.659074375427842,119.59589312620867,80.55337727487313,30.204652446780997,141.51909465485568,166.63845266511427,175.86822781398743,157.59491941426353,172.06141756397733,178.33676420245587,167.47890664849,167.5362864370034,146.49488058474094,147.1745115714227,157.748202007546
476,365.230456108607,1052.164505969185,0.86502845329798,0.5205755332978101,0.6885614279031997,49,0.0,0.014687460849699551,1.2835516010588017,-0.2710333319238558,365.230456108607,1052.164505969185,1036.2042664287678,0.0,570.1678473543082,338.7152753595405,-23.657403516269543,53.236846156409555,44.07798878539344,22.29065320166241,83.55196471287857,75.89204193713006,80.13257552180401,87.31991220129645,72.77499698666551,83.92137885004541,92.26548202229404,90.77783021282409,77.67366157881789,77.7546795435432,94.5342547180031
477,709.7540754192098,1053.621998132938,0.5786785183092494,-0.06506910250751698,0.05405282458775041,49,0.0,0.12938277386131133,18.47137039139767,-3.166247792382992,709.7540754192098,1053.621998132938,3084.9528169083387,0.0,0.0,338.5585625234972,-23.657282366580816,162.12646430920663,113.12102178761425,53.068447186144326,226.98875955474563,234.8279802647309,263.91693517305976,290.85188684505704,279.7528786668388,228.56924375000585,252.01636519166564,252.6014863829843,258.31929964394476,224.3326281194906,244.45942003285018
478,850.0286501143432,1053.7880002099655,0.7241234358605444,-0.2513820703161072,-0.03785907423841869,49,0.0,0.0791812784864597,9.97397686008167,-2.4971708907689996,850.0286501143432,1053.7880002099655,1878.0171625118269,0.0,0.0,338.49475508548215,-23.657365994152944,118.2828635056966,65.63868799504077,31.543387316080583,136.40049026097458,170.6138711072433,136.05609421405586,144.18136768559287,164.95381892664204,162.726177350085,140.75279265286213,161.3747659898056,146.71498788047072,149.15801786732146,149.61983975995523
479,1015.8377313271957,1056.2265609786223,0.6583082799664279,-0.2226489691683236,0.03304378961672555,49,0.0,0.011873084392470767,1.235664681130533,-0.22975158365360532,1015.8377313271957,1056.2265609786223,963.4479564395672,0.0,0.0,338.41932975533877,-23.65649687974942,67.76811532394456,39.93787517595766,20.455152772732824,92.60996721551875,71.1266975539651,71.39931772296714,89.76106241063322,70.08800102302027,62.41698953967842,78.63039018676913,80.47391493902799,87.07191271940981,67.4871676987573,64.22139215718512
480,1686.7261682736328,1056.9202149515422,0.6002538526185611,-0.1724102527693785,0.005381115187465491,49,0.0,0.009575670980792633,1.1415020516192866,-0.14369174095883372,1686.7261682736328,1056.9202149515422,823.2603772352047,0.0,0.0,338.11415156422066,-23.656429790695988,50.86836358311632,44.24634666198505,20.059339003303556,50.855574911719586,74.13127540519989,71.67947086042838,70.38960653511131,61.30012300156633,48.60840092215344,74.11804270512678,60.31534726935064,72.91460322381067,75.55327910745545,48.22060404487724
481,828.2214105857657,1062.1017860553884,0.5680877439256219,-0.48480552605060373,-0.20743331006950666,49,0.0,0.016128773370102982,1.9155259580857433,-0.7057201041584997,828.2214105857657,1062.1017860553884,1040.4410132769472,0.0,0.0,338.5046654667759,-23.653879996698034,62.53839714072071,44.244009146099565,21.187212657273065,67.98666998876277,72.13063833505589,101.32042811481935,87.80526595823952,77.63804543851538,68.46719461017221,91.1973401105777,82.74113285853457,95.32405947262419,95.52873925558879,72.33188018996357
482,1193.8856426816026,1061.8492375328829,0.8114767435208514,-0.16971291727974275,0.11553444862307884,49,0.0,0.031274137544319784,3.3095099524726836,-1.2994092286288965,1193.8856426816026,1061.8492375328829,1166.3153659737718,0.0,0.0,338.33833559123565,-23.65427128030458,63.403310153704,42.1744305255132,33.08976530948229,86.55532825110993,76.98834723465866,91.87559618516163,73.38381843747558,103.63371963643192,88.41699046190696,106.41356153479785,100.57739656809778,100.79917505966036,97.08376195990928,101.9201646558624
483,732.0568015105139,1066.3097585912278,0.5961577728762123,-0.4451546645418092,-0.9328535062120137,49,0.0,0.013524343068258055,1.0927907156680012,-0.09634249148583854,732.0568015105139,1066.3097585912278,1541.2477017370747,0.0,0.0,338.5484018340237,-23.652022045728508,81.39615239700176,59.21009620954925,24.542119262904883,108.67576460455498,125.36600883607704,121.06649654217829,124.0284440528794,132.46477727466976,125.7981096078048,111.39827613121659,133.6625282673454,140.77704062291966,134.35117021611413,118.51071771185866
484,1280.7762835478093,1066.0560771099115,0.41434992739972404,-0.42895293908877746,-0.09904896047237612,49,0.0,0.011395963437046658,1.629482489201253,-0.5301242444911998,1280.7762835478093,1066.0560771099115,930.1586776549796,6.2457502271659,0.0,338.29880904002647,-23.652560343994995,58.6295265736383,29.8589709472336,28.22845341193416,61.89428168014689,61.010102193389955,79.69086725367362,77.19194942368327,62.55085367247841,78.81127755231927,84.05774687166965,79.33907760123371,70.05552077832242,79.67980894699582,79.16024074826045
485,1107.8690968705487,1069.3309655998817,0.38371325272664064,-0.2303984097432863,-0.21998748796467502,49,0.0,0.009469734896152908,1.2310572731982572,-0.22569564584444513,1107.8690968705487,1069.3309655998817,908.9182542382118,0.0,0.0,338.3774571389276,-23.651102635312313,47.23421530355883,37.51302573447444,11.16603843740776,80.00173317770461,60.15382586774122,74.96329942688703,69.55454088909093,72.52549580960613,75.45507833067262,75.52822116763109,77.87100998330729,80.82174850291963,73.4785833832523,72.65143822395795
486,2246.242822587741,1068.4544029538097,0.24087807849928988,-0.2414936261568906,0.07751379628305533,49,0.0,0.024181112145827938,3.4803605665705897,-1.3540605983435996,2246.242822587741,1068.4544029538097,1820.4495595594772,0.0,0.0,337.8596470597783,-23.651352213710002,101.22822675791481,76.18272403532214,31.676384982520972,125.74792235065789,133.10717592477945,155.8718744274014,146.09651737490427,170.07698393847608,151.32158815664468,156.13122241622972,145.86600726124922,144.54369460495627,156.88271130735563,125.7165260210648
487,462.8441979449704,1069.856999778364,0.40052267638084904,-0.005468292947634674,0.07975245884301922,49,0.0,0.032802293417660465,4.5518257990050275,-1.6454640825127307,462.8441979449704,1069.856999778364,1744.216080387336,0.0,0.0,338.67084635185563,-23.650185780009245,90.24085767305061,53.975721310157425,33.11211433421229,118.70840180062221,149.4131730358153,140.91607926057432,147.6582272915872,144.78156089888566,126.77585133474075,148.1940652333802,153.50282666160268,148.04377935457225,158.29629948141337,130.5971227167218
488,1787.7119822748184,1070.2201406271784,0.9506076000411794,-0.013782035785370544,-0.044044416863634576,49,0.0,0.012996669898177713,1.0668726227718717,-0.07028142688935696,1787.7119822748184,1070.2201406271784,938.103303181536,0.0,0.0,338.0682178971955,-23.650869919364865,49.18402195460946,27.964073288041497,25.553475389832414,68.13953794811647,77.53187908534439,60.31602658316508,83.20121153398951,71.45484500795976,75.52905040295533,87.96460082398556,81.91969416954915,75.77588703382472,79.06583137248096,74.50316858768181
489,2351.1964248429163,1071.6697945043968,0.3284824870327364,0.2117930072155321,-0.0886780801016565,49,0.0,0.008240842050246161,1.2330200791962576,-0.22742537237564767,2351.1964248429163,1071.6697945043968,834.8481041905387,0.0,0.0,337.81191153278013,-23.649915268191148,51.44024549739789,30.545787391542355,15.093719818871168,51.098241252920154,66.68977041233063,59.825142333140846,71.1947381589288,80.56842550475369,62.55330464838006,71.64760902964403,72.1245124932926,68.81742497674921,74.5792878544832,58.66989481810411
490,1003.1700602428858,1073.6974143289774,0.5714168869701506,-0.18629454491427502,-0.08615425930502556,49,0.0,0.08127246824581083,11.68943263858538,-2.6694835816019413,1003.1700602428858,1073.6974143289774,2162.654244961588,0.0,0.0,338.4250770355627,-23.649207612474306,104.82299941688612,68.58803307111273,40.00924757961681,178.80860792499237,163.0177965191905,175.3900451427833,186.286235895917,163.1956054116839,173.02828994332077,175.41866205733749,186.2876456371444,201.59200050097013,173.22939191506975,172.97968394556244
491,2011.775286142727,1073.4633968133737,0.5222830043860516,-0.2909935610073698,0.12291228184296327,49,0.0,0.02215972713747808,2.8117062883434993,-1.1224248804731323,2011.775286142727,1073.4633968133737,1225.4246531132999,0.0,0.0,337.9663008434625,-23.64942961593213,75.82855308175309,46.33625244475532,21.6781388094702,72.3242439205449,113.7992264647167,96.99567990804887,104.82198227026811,103.86552287018067,89.31477963845842,107.09122211528918,101.86213821982963,109.39630263161698,102.12662880314255,79.98398193522519
492,1709.776847811522,1073.9926269774537,0.5818004450857727,-0.40891258907387174,-0.49455038195676404,49,0.0,0.013949759111580234,1.3357305788927492,-0.31429717098533094,1709.776847811522,1073.9926269774537,1118.074958032991,0.0,0.0,338.1036687573678,-23.64931340522991,55.2806071185109,60.11923026964702,19.62436960760109,79.25631269821278,84.54083241601265,85.299900774019,86.74295030709499,92.88519862791337,88.21178785363648,89.57550416664952,99.87545274571949,104.81008618894148,77.83892116434416,94.0138040946879
493,2478.34802112065,1077.7491074028387,0.6071006673683264,-0.515737882382821,-0.10918388691837695,49,0.0,0.06662551097263927,9.37924099122199,-2.430419237029398,2478.34802112065,1077.7491074028387,1788.6997262350567,0.0,0.0,337.7540844940589,-23.647244939048974,113.9548895959282,56.704320188475236,28.743083701002227,137.29326525004603,144.60896483277983,138.41603121230116,159.6885005788965,145.89466658500055,154.6188098390171,139.00305518648386,142.96284041798327,141.607999808692,133.98164435082225,151.22165468762842
494,2634.505207454157,1077.6337661394818,0.6085351978349777,-0.06771117027532189,0.013220603760475428,49,0.0,0.012145231876735493,1.3935946888902475,-0.3603412063323813,2634.505207454157,1077.6337661394818,881.6748997954986,0.0,0.0,337.6830589636082,-23.64709495295105,52.54129986092198,22.700132007738,13.246825745637583,51.90815424106467,66.15031960412006,72.52142067954671,76.50599814902205,69.82377852345837,69.754220642115,68.94134427892809,82.6812656942999,80.99929054199394,80.29522246163481,73.60562736501751
495,1451.096636157161,1079.9447287274138,0.7024342123577808,-0.20163244023379673,-0.08492446698544272,49,0.0,0.08578481346789917,10.988347458178453,-2.6023309590481873,1451.096636157161,1079.9447287274138,1955.960098826993,0.0,0.0,338.2213317828349,-23.64682651396467,111.61581634707466,59.61111774623803,40.94095955873071,141.16071152207766,146.0304620569774,140.18288505262257,183.5843568139215,132.77630097415462,169.02526454155887,176.80666381975976,144.79504844740813,160.9233800638045,157.46851104015292,191.0386208425118
496,2292.1685185835418,1082.412222406985,0.7480601647274067,-0.27075989984298304,-0.12513052534743718,49,0.0,0.011588609944434244,1.1293705641882552,-0.13209116034116347,2292.1685185835418,1082.412222406985,874.8355417409664,0.0,0.0,337.8387711939609,-23.645495874799295,52.25980245036101,39.35823875965731,11.607013265229655,63.79264892010054,68.4512153887663,74.8458906317154,62.29931339737148,65.13311320393723,73.16157445265873,74.49588472211101,76.56484705232063,76.86533991135012,78.98469383877433,57.01596574661271
497,1197.4601862387558,1083.5699138202335,0.5580265542693187,-0.5388064583841572,-0.04759279912870365,49,0.0,0.03222857709042624,4.479183090350539,-1.6279970373931345,1197.4601862387558,1083.5699138202335,1286.6918480910133,0.0,0.0,338.33669704403127,-23.645223098611876,67.26622958729327,54.22857443862015,24.892482710583067,100.8242076128684,105.2335786712002,101.15084521170974,100.66567017272098,116.10601042301249,115.71439444617096,100.91503655890078,113.4566671338412,99.33921798175282,97.92571092964259,88.97322221269665
498,1942.8270549298486,1087.876287518114,0.35439062400713084,-0.07911298010141214,0.17216910942386038,49,0.0,0.012124913423785282,1.8099590434090271,-0.6441718689095576,1942.8270549298486,1087.876287518114,1006.7976621091279,0.0,0.0,337.9976697750568,-23.64345882524441,50.477444792680515,58.01139150766672,19.55493047713263,62.62201289875428,84.49978537425243,69.35743197913166,71.06654972163477,71.75659186820852,68.79483502920947,84.95164114506957,89.99431425052313,84.53074321159554,86.22130421092692,104.95868564234175
499,1737.5732603559957,1087.9510482142593,0.46968077508957173,-0.34871456328195466,0.12686373904521106,49,0.0,0.013240248411945252,1.9679844385584249,-0.7350541500313374,1737.5732603559957,1087.9510482142593,966.5159728514236,0.0,0.0,338.0910279259739,-23.64349293977145,48.00252999971845,42.64958541474779,22.01122398289907,80.83146662719994,72.47409483091675,67.5377819735556,69.35494283685814,87.37023044819995,77.14786523001972,75.62639262318902,66.43647037592403,93.24042328240681,89.75187603602147,74.08108918976689
500,2262.0970998330145,1089.3515844695335,0.7749987837107424,-0.18688548529554083,0.033689195658740845,49,0.0,0.012387894621508615,1.262809670541995,-0.25334474760331654,2262.0970998330145,1089.3515844695335,912.1796784761625,0.0,0.0,337.8524554366342,-23.64263154751323,46.0469672615903,23.69103078372037,17.84463731785295,77.69193003086612,79.10687390996935,65.2460426723159,69.8386916988634,73.28118544862619,78.52851769342706,75.84770221527582,66.64235534828771,76.82480585527583,93.9238811136658,67.6650571264257
501,1563.216103717792,1089.6172626561654,0.5087431057856064,-0.4135932832465385,-0.07294496244400783,49,0.0,0.05403004031238388,8.214300685038092,-2.286426490469502,1563.216103717792,1089.6172626561654,1803.5616761572146,0.0,0.0,338.1703331317632,-23.642810233566188,88.33436773079083,70.18378386130101,41.352516685653725,115.86696750458742,147.41126197400928,128.10004249797248,149.80211118954864,144.28394915978396,143.81327761531517,184.94383992972615,155.69290167494842,158.48741428628034,149.01135205316643,126.27788999413085
502,2147.6931027521837,1093.0563382859166,0.6838156890376139,-0.4626128880614129,-0.11076135242135551,49,0.0,0.03218787215999755,3.848158135707279,-1.4631322764328456,2147.6931027521837,1093.0563382859166,1247.326463535818,0.0,0.0,337.9044928961304,-23.641179653893982,73.99621208311333,41.93901011063943,25.828855227910857,90.5249844610255,95.79706633151957,92.91402777068873,105.26157185126661,107.2802777511929,97.1647879083942,99.36503581878267,114.70131330178833,85.82079727133231,124.55309559292121,92.17942805524208
503,2714.629833715358,1092.575509647484,0.5639538953951897,-0.8641757379355278,-0.23348282337586615,49,0.0,5.765584361952672,799.1846126351818,-7.256617783665547,2714.629833715358,1092.575509647484,151561.75377721325,0.0,0.0,337.6466401153481,-23.640755384105134,8299.604483626059,5598.620149171082,2891.1570179246255,10940.050823533153,12511.994856508663,12202.82667198635,12646.86556784689,12599.712326468958,12710.01634224748,12592.394380307007,12467.758649188674,12432.451020490684,12501.278707040448,11167.022780873227
504,468.1174028958199,1093.4594548073871,0.43901902603505755,-0.17507283308652397,0.13484663303802255,49,0.0,0.026059467979925626,3.6846332889012783,-1.415985678566694,468.1174028958199,1093.4594548073871,1417.8202932231302,0.0,0.0,338.6684095518303,-23.640359901548607,84.39070001829529,38.30269679295497,32.06708405114611,95.79993652865262,105.6447222408741,111.33904037465909,130.84170164755227,114.62181753348597,123.06686634101706,124.82765767491085,121.55203585665856,100.99853359160763,124.62588765352612,109.74161291778961
505,1338.540541687009,1093.5138805848987,0.4835277958839587,-0.19527849603790584,0.19538143922700538,49,0.0,0.008815295940628404,1.0705594451459857,-0.07402696861864637,1338.540541687009,1093.5138805848987,877.0000428427195,0.0,0.0,338.2725233062818,-23.641142076883597,64.30380401672892,34.11524355919165,13.765915330400698,50.05414955448667,68.83781897810283,52.577141298167305,75.14747449729828,72.49089008420675,68.77893401466469,75.96085649026926,75.51206290346416,77.71762002638131,70.70928550071024,77.02884658864676
506,2035.2243844011596,1095.8683393674864,0.3841756875837906,0.20132592267603014,0.12616398319923505,49,0.0,0.03924419886601448,6.2120288299456545,-1.9830836565407135,2035.2243844011596,1095.8683393674864,1919.5852507019747,0.0,0.0,337.95564877682244,-23.64008124861479,115.79585861613697,72.93295744453403,36.61909182176456,142.59715951480058,147.91001768326953,157.3981784732447,152.30274609840876,150.75884551618145,161.30131961087784,167.07978751944705,166.01685744414317,140.48853515937395,163.3956955342628,144.98820026552917
507,1326.9811804867984,1098.0207555842196,0.4208502349725132,-0.4698496026396624,-0.13665456240275164,49,0.0,0.009661049267261421,1.2037527309385991,-0.20134321353026996,1326.9811804867984,1098.0207555842196,914.8417541887368,0.0,0.0,338.2777791274141,-23.63926013700851,51.02551808038601,37.71797716582459,21.305358819131204,64.27587944744815,69.25178960372175,47.20229609253162,74.25867523717557,83.54976289581597,71.0444071204337,81.91920321139841,84.58417742840251,76.31659103604716,75.0564074874893,77.33371056293092
508,2456.340272966611,1098.041379158366,0.5248524650920416,-0.6443875842750454,-0.18721543775903315,49,0.0,0.018791133716241512,2.4824326134685903,-0.9871936706164776,2456.340272966611,1098.041379158366,1110.0083588266448,0.0,0.0,337.76411936971135,-23.63881544809161,63.657044741533596,49.5119673751124,26.24860189017889,72.42657178987011,99.87316912579004,67.7894071594246,102.02216124139548,85.95007371274406,94.88673386953975,83.97254436933235,93.41352340741898,87.73092353836212,101.43487862997179,81.0907579759706
509,647.9586655730209,1100.6932874902263,0.4057043375538372,-0.21735745074407034,0.24931581382835652,49,0.0,0.04520218648909031,6.036553938615212,-1.9519727138778376,647.9586655730209,1100.6932874902263,2402.964528860589,0.0,0.0,338.58660696426995,-23.637594576464913,131.59253412714264,88.9400693132265,49.959936647283,165.43599180239426,190.58056713193935,204.74169846826177,215.65408644784557,189.40974711299032,192.03210378967515,193.95149176293103,206.92666583427234,210.8615339285751,185.90917756481798,176.96892492923416
510,1429.025952964788,1099.5778594658582,0.602840808892991,-0.02354679184324583,-0.45615646387789793,49,0.0,0.009658390549513092,1.0278929559165733,-0.029869724694549727,1429.025952964788,1099.5778594658582,900.3215127111946,0.0,0.0,338.2313659062804,-23.63864146526701,55.331134855986505,36.561184749188605,15.155665550958084,64.5417005480889,91.12268925317554,62.01652024092544,73.34950011055221,65.20894423831334,73.2142944434367,64.89995814549351,71.56663029932648,79.52222862691067,75.52734029833921,72.30372135049937
511,2432.2431324402705,1100.0688957074533,0.5403972579998927,-0.3181806226268703,0.15749434512195823,49,0.0,0.025157655977219754,3.6834378064618574,-1.415633353362113,2432.2431324402705,1100.0688957074533,1104.8279815109504,0.0,0.0,337.77508139146016,-23.637997644511085,60.595739176284866,35.7340546747871,29.61255780693081,83.64102237725412,91.70802880418609,79.6712970954853,72.13630760491955,105.31676908050324,77.85033673671771,81.60791885045795,92.37597652587348,98.25076859234375,112.23364247633288,84.09356170887364
512,2243.510786339262,1101.0124706146196,0.648966439833375,-0.40921402491303693,-0.1699247369994533,49,0.0,0.2575044392244462,35.02270172057356,-3.860874113440427,2243.510786339262,1101.0124706146196,5051.109233924672,0.0,0.0,337.8609198117705,-23.637789055471153,272.53357741568516,186.79028050713674,94.3955105594352,366.0445292290391,404.0671927805608,400.48125289687835,414.9980432017109,423.9550207318135,458.2237747539891,422.67433556062855,399.4541989836183,426.0766077940922,400.6252214799922,380.7896880300911
513,1290.9583831127168,1102.2755732495318,0.9512825850851616,-0.10181931418879384,-0.03736867441529597,49,0.0,0.021985359168150444,1.9623731223879766,-0.7319539673291315,1290.9583831127168,1102.2755732495318,1068.8626874233257,0.0,0.0,338.2941613840238,-23.63747339708421,66.14013463598585,44.76791674007085,21.856932231840943,77.50244304776575,66.42042049418592,86.17671350026225,75.07532828493356,72.51042796502325,98.47483608173047,83.64831293524304,92.32070400024774,96.89269768010908,96.25287494664951,90.82294487927747
514,2024.2091164660947,1102.1187027105555,0.6907207937875015,-0.9194389629553548,0.008661191712033979,49,0.0,0.01717748762951891,1.6749138063982836,-0.5599811562399599,2024.2091164660947,1102.1187027105555,1646.1549949953162,0.0,0.0,337.96066262486914,-23.637483250580257,65.40852225910427,45.69213077503012,31.06774435107688,123.0031671769783,138.05414000706241,125.12644524431265,139.43165188473165,121.98303622558927,129.2452515897315,150.40479346520794,151.07109482321988,149.78135273599378,145.93928915165927,129.9463753056184
515,421.27578302120554,1102.67583458629,0.2922857962705512,-0.1495293268736966,0.2897316476716709,49,0.0,0.014344119203583952,2.3019247023064517,-0.9052277835649652,421.27578302120554,1102.67583458629,1259.5157380974179,0.0,0.0,338.6896974194726,-23.636448160101242,61.55647149989819,53.60647431157318,23.218924759071996,80.0075874509667,78.08603953717757,108.94259074421794,102.49124648436192,101.26798088523554,110.16297919589591,115.95965440821013,119.52474577571186,105.1850813008985,107.12343793407899,92.38252381011944
516,2014.3308377674975,1103.325780222357,0.6062864345560679,-0.26186830330366295,-0.0364397477119777,49,0.0,0.1596173989778571,22.244027760434335,-3.368033571006304,2014.3308377674975,1103.325780222357,4165.139619871361,0.0,0.0,337.9651561679733,-23.63698579680752,206.25124163121058,145.44764690772672,66.11329067329697,302.73196964284,333.5855348280896,344.2946800301439,342.2287961004666,357.2861013279886,331.6926168908451,338.6272902476636,363.80887291657126,366.9891653323687,396.2673729428298,269.81504039931997
517,734.8892547442998,1104.1068908164448,0.28552114501583514,0.08843347201356866,-0.252272733193291,49,0.0,0.013458609845675453,2.1105501582928077,-0.8109891946031562,734.8892547442998,1104.1068908164448,1154.6710766732185,0.0,0.0,338.5470665095767,-23.636277091578524,65.14613927170859,44.59128057854815,19.647274180522935,99.77206446315142,77.55537242091211,103.84111013047564,80.12144467943583,94.79253726936585,79.23619151528567,95.88835367476239,94.12514194703995,107.24510258205089,96.19254823297993,96.51651572697935
518,1981.3913374506537,1112.3565856574687,0.36744386654477845,-0.2033169865179273,0.39143293673675483,49,0.0,0.007698379232248262,1.0727167958107213,-0.07621270134815833,1981.3913374506537,1112.3565856574687,861.5457490083229,0.0,0.0,337.98014256634974,-23.633240384003518,46.67293560337812,23.25649620479993,23.026437051448823,69.04386141178975,59.699311173732376,63.129638673656075,63.73284415724487,75.69751149903638,68.86681936489576,64.83647150628835,77.80290405021344,76.66462417941028,78.4998188023302,70.6160753300986
519,1635.8724781589065,1114.9183376688366,0.36387115378571355,-0.41184676017818755,-0.12938450413352204,49,0.0,0.014043817475552268,2.276830835685695,-0.8933269113452726,1635.8724781589065,1114.9183376688366,1004.9484084223232,0.0,0.0,338.1372872697041,-23.6322683499253,64.96042365743938,26.67819248453984,23.883165244544337,65.36772012416978,91.33805085927654,70.79029100040191,89.89721075250336,78.1958089456202,99.50062261027075,72.6150298826271,76.6159762933846,81.59622880779938,82.83232287676215,80.67736488298385
520,1869.630739573782,1114.979104452122,0.8922694885866291,-0.6759074490812323,-0.6354530944335376,49,0.0,0.012272484217717402,1.0892376362956522,-0.09280659762907717,1869.630739573782,1114.979104452122,896.2564211047254,0.0,0.0,338.0309729681191,-23.632195844636865,37.406885445502255,38.76306704296074,11.78181689108033,59.044387152191774,74.85578065300388,81.13371269996867,69.09449907655193,76.9133628917751,77.80443355331992,66.01988532283377,87.05863822422803,67.20673442469476,71.88731639637453,77.2859013302396
521,1975.8463314665466,1120.237023190298,0.5775537879313991,0.5382061460632016,-0.7378965312876075,49,0.0,0.010430905842467027,1.1188944679763362,-0.12197281655129012,1975.8463314665466,1120.237023190298,1059.2619832998298,0.0,0.0,337.98266870847664,-23.629959703546177,63.21487256925022,28.857546291050912,22.808367225074136,81.81265447206829,81.49182475209659,87.35909135823796,84.98260044005099,87.54385976021476,103.94262443552094,77.8583331249115,85.29683718028281,88.76633066270675,89.33958882353986,75.98745220482395
522,1786.1018897125052,1121.0373294860792,0.4582531653566559,0.10990160479667527,0.0012125997588721513,49,0.0,0.009589106370386201,1.143399138105309,-0.14549465126759226,1786.1018897125052,1121.0373294860792,1014.6945896423448,0.0,0.0,338.068963818622,-23.62969679753044,60.5626563145203,45.011781448427506,19.74524185144604,86.6903515408612,69.27885574461484,81.63169475650517,113.8854811501391,70.51013397494123,75.25069399705293,79.16400190262151,87.92283329600727,84.42147405689164,68.63331588428825,71.98607372402793
523,1095.7704095087608,1123.988801863838,0.45219346191508486,-0.5097155343138322,-0.20852156747219822,49,0.0,0.013077728332906761,1.8908073706732813,-0.6916182164609632,1095.7704095087608,1123.988801863838,949.4445978132973,0.0,0.0,338.38292078658475,-23.628321018962225,45.49735332692329,32.51445643109918,16.501423699021316,71.1150755192906,80.1295131340764,78.51681414862755,99.80457673125692,72.75517878220728,73.60112737898892,69.50406097788934,81.948566218922,75.45514725674725,91.99435147795107,60.106952730296214
524,2544.4835813695086,1125.4832456642473,0.7420401649361709,-0.3877729431910882,-0.17916771859788969,49,0.0,0.021137033362494204,2.2661033210091266,-0.888199268144537,2544.4835813695086,1125.4832456642473,1070.2357589309531,0.0,0.0,337.724068417226,-23.62727660753533,61.34962977917698,30.484377133735585,17.14636149909132,87.71862910675179,109.88620088311364,72.01112482197655,79.70017185345293,97.26180772450175,89.1444647343508,101.87436060772579,82.82798035747793,88.52243313900529,72.575907602191,79.73230968840178
525,2388.550390726182,1132.7323510106735,0.5478399117463932,-0.48652981055506994,-0.21524271447585544,49,0.0,0.01972034494801572,2.836512400853752,-1.131961716456,2388.550390726182,1132.7323510106735,967.4673935473579,29.61614572407761,0.0,337.7949901433084,-23.62443523350198,56.401555792548976,28.939928087885285,21.98051750180612,75.1766947356863,82.39210075024644,89.67095565971552,77.6147930157052,68.99972042672138,81.41194264163693,64.18690083817567,85.90090892496502,71.54433658619354,85.82061595283596,77.4264226332356
526,1829.365625318666,1142.9998839745956,0.48494685742880345,-0.30393783298131083,-0.06791071051999646,49,0.0,0.04040867940151948,6.624336014318854,-2.052855883967793,1829.365625318666,1142.9998839745956,1429.3672259121404,0.0,0.0,338.0492948878401,-23.62053396895041,63.856194590896855,42.33601222618118,27.26566246694199,106.74567409243502,129.65626121265538,103.51690042600563,114.17446117996147,112.91962241097099,116.14173521359677,109.1792199794211,129.1050967232633,119.13683040895555,138.27704437174364,117.05651060911146
527,715.0121192907617,1143.6149632056058,0.7617714186659541,-0.046514222935655616,-0.5526134859810173,49,0.0,0.014437170875727259,1.3629296067107695,-0.33618356437291574,715.0121192907617,1143.6149632056058,1444.982557430495,0.0,0.0,338.55605639487135,-23.619792920843373,79.05870337419543,53.369443207492154,32.602518464700125,98.17033495911807,123.32167006402958,118.81685153384598,111.42166208316144,124.57069650406767,136.8392600356014,117.27265165876115,102.0988913766995,130.3886985642909,112.88700594649247,104.16416965803904
528,1429.9724725859858,1143.6415776896076,0.5613861868953065,-0.2121312906172938,-0.008137501141269553,49,0.0,0.0774309495041791,11.31571874752034,-2.6342053612965333,1429.9724725859858,1143.6415776896076,2153.3080201479943,0.0,0.0,338.2309246180048,-23.620282036938157,123.972365916739,73.92535395803296,44.186801823000366,151.12428997425482,171.46171631077198,162.69842658812294,174.6080552111722,186.4623190164871,191.6229589128768,186.66743582518146,183.24693765933574,177.0520188812573,172.03227513029856,154.24706494046282
529,1189.5773583993307,1145.868452197907,0.6139398267109921,-0.22232246851168472,-0.12547773272170876,49,0.0,0.061762792991659245,8.605935807333005,-2.336995255765067,1189.5773583993307,1145.868452197907,1755.0975698888706,0.0,0.0,338.34024576531755,-23.61926158036162,94.18673419837154,61.65952597928633,35.394472123877826,123.69401779362146,148.26924294626997,141.7949878386013,147.42573430152373,127.95160920536875,136.9810854306806,166.63182647917733,145.11305077914864,157.6800105610785,140.01479254544074,128.30047970642377
530,708.2612139936961,1147.142000648526,0.5618908162750897,-0.22185176339740764,-0.04363108872492995,49,0.0,0.03472692725270614,4.412432117121896,-1.6116950926547677,708.2612139936961,1147.142000648526,1625.4968941517338,0.0,0.0,338.559121795546,-23.61831542399983,86.92138490885483,47.024435925549504,31.239863023050013,108.3447190985348,130.59536299224098,130.5546527966352,124.36425581863483,139.0284439965035,148.67538128298594,143.30112587990203,126.06454285185977,138.6016430721393,155.64664338031474,115.13443912452848
531,2506.382936088427,1146.8609099000575,0.5516086248136708,-0.3790525959732032,0.13002691101452976,49,0.0,0.022725772058896383,3.162216779240146,-1.2499790969448712,2506.382936088427,1146.8609099000575,1133.5389457775054,0.0,0.0,337.7414230774852,-23.618416288481953,61.36780901488556,54.05797293045961,20.15953678108295,71.55395995246751,76.46509834597303,73.184406119251,106.23471863543409,98.77492453406023,90.58222818376483,87.77790469695881,106.32873166946811,108.34092833675354,93.0373757930744,85.67335078387151
532,199.92328244961655,1147.5343125328056,0.36903410017193666,0.36740143231037153,0.4846059456866194,49,0.0,0.006169836270100907,1.3838551208403773,-0.3527265628865884,199.92328244961655,1147.5343125328056,699.4798221197233,0.0,42.585637788507086,338.7902728610909,-23.6173799111836,0.0,0.0,0.0,30.359759430061477,34.681496979511834,7.884499910728782,3.6558911988923954,22.183225997824135,11.87751349193605,352.68565621186326,35.29972025230108,28.803859691522216,129.56012115485743,42.48807780022456
533,1170.3573440025618,1151.4701116259846,0.5815487559282245,0.048330447943037896,0.01287227911902277,49,0.0,0.15169001267772622,22.188601163809977,-3.365324809659838,1170.3573440025618,1151.4701116259846,3423.2073233116125,0.0,0.0,338.3489827216058,-23.61691688488327,210.0991010839645,146.22016121390465,69.99203720741599,242.7799699768505,277.2054976954995,289.8810752540173,281.91448525928985,282.47148930303837,290.1998556247245,270.56513481299487,281.0698187985894,272.6920138336958,252.09592976074507,256.0207534868823
534,382.24514024298304,1152.7262891434295,0.8363671920228757,0.12394812014535658,0.7142100618798227,49,0.0,0.019493308438108134,1.5823827925699954,-0.4982788789901113,382.24514024298304,1152.7262891434295,1246.4510202376546,0.0,0.0,338.707360330049,-23.61553298352642,70.10774529860038,42.0605612409729,16.663939856169556,93.0507805164653,107.77521104647525,103.46089837336426,101.84361333144142,100.1898019049759,109.11551489502872,94.67304103597013,94.50998899906313,104.94411363860746,115.51662246411735,92.53918763640284
535,1150.438439375694,1151.69306058793,0.6504389234700696,-0.08797498518340417,-0.25774451273775956,49,0.0,0.012370260499744818,1.500128028482562,-0.44032081379046234,1150.438439375694,1151.69306058793,928.9675462595778,0.0,0.0,338.3580406466723,-23.61681237696865,38.08198065631973,40.308291461013695,16.482770177521115,65.48110920212896,98.92996609053353,66.26579256081865,78.90267114786238,79.90389692430942,66.99755352018425,70.12604032644816,88.94493047960223,81.07767598741523,83.98326969402173,53.48159803139875
536,2330.199541766677,1152.6561810943333,0.20245593722756347,0.0668732270587329,0.13990234282017786,49,0.0,0.00917343781781978,1.7220116860801356,-0.5900902359457987,2330.199541766677,1152.6561810943333,1006.4469433519961,0.0,0.0,337.82154683260717,-23.61619255403058,63.26403455920268,47.82783184545508,17.172839550543284,68.93790356459274,84.74523292224234,74.34397519972708,81.58403973582188,84.76102117605721,67.25135327493052,76.15056216545305,87.89584827017845,72.99312755397466,98.43337504208682,81.08579849173026
537,3023.0244068464394,1152.844414846171,0.32787329025856404,-0.3803681426320277,-0.6357219783018904,49,0.0,0.0063117041423877895,1.143940135655617,-0.1460082441960622,3023.0244068464394,1152.844414846171,874.9835192745761,0.0,539.185724706935,337.5065080560039,-23.61512649179362,63.72073441840303,33.36528680669253,16.933781042773017,42.05663416409163,151.36881045918977,57.34343435833867,91.99099918011055,61.4671160786025,39.24142197898312,61.18293348124857,70.36293650932713,46.36777391901595,93.87787293411938,45.70378394368021
538,2043.7206890924697,1155.9892275702207,0.5359296404234901,-0.6682410402345054,-0.1990148306700073,49,0.0,0.01813238041773612,2.4549764335489432,-0.9751183187149061,2043.7206890924697,1155.9892275702207,1030.0606509506704,0.0,0.0,337.951822674988,-23.615026385272543,52.77568557239907,28.034046301531845,24.192133692998084,58.097553519344714,105.58957791014907,77.07855787743577,77.73330566649065,97.123379934886,82.18582632053608,94.35883925737434,71.84517254853725,99.40650836802644,75.51118790967978,86.12887607128127
539,3062.93466220453,1160.75493952087,0.94011617485704,0.019200424059595735,0.8551676576226008,49,0.0,0.014266431320276185,1.6327286451816923,-0.532285030591398,3062.93466220453,1160.75493952087,562.0311087698718,0.0,94.88928697273091,337.4883778093801,-23.6117544386459,78.19981410706296,0.0,1.7157674540098762,20.690936798364714,16.196291300427404,91.924354281547,26.13881596020263,38.18574966817838,8.30510911973889,38.13790601872542,41.96973863744218,141.64439583305702,22.11875488013883,36.803474710976495
540,601.9224638402312,1161.2764259871142,0.48919167154612864,-0.23060425021308442,0.12463322863833518,49,0.0,0.07260445326016804,10.784573682386236,-2.5820074549486085,601.9224638402312,1161.2764259871142,2517.803502641207,0.0,0.0,338.6074573304415,-23.61229313140646,137.61980618709808,112.32104824872337,50.2916313143549,190.0212435943305,213.9772038914788,207.12169565975552,214.9928432213498,194.42361811863398,209.6814426389734,205.8918674130516,181.59818435117563,207.45344758593205,204.67488070499928,187.73458971135005
541,974.648086804657,1161.1063970934795,0.7359636972549686,-0.7096422462246205,-0.14186680751941955,49,0.0,0.010451673292851911,1.028481596002881,-0.030491311720255602,974.648086804657,1161.1063970934795,804.2911833581271,0.0,0.0,338.4379718378038,-23.612764956428567,50.15262203301285,28.977748495636177,15.161229679014838,60.919343406062076,76.84863477803525,54.776664343571895,51.68739782459028,62.929216179132546,59.90290147090934,57.82459352777648,65.52680935894315,71.65422766223693,71.81289804980622,76.11689654939903
542,2018.6221189078008,1161.2450141631439,0.24977840502221374,-0.825258250206556,-0.1836558472021641,49,0.0,0.006981942806511798,1.038199094044448,-0.04070161392000064,2018.6221189078008,1161.2450141631439,938.5571682488224,0.0,0.0,337.96323918006146,-23.61285082817569,48.64365108735926,32.186969904479696,19.306033674851285,71.40599593059912,72.50928661473378,77.22094372453292,90.93424629413872,58.561961504170895,61.98885237367456,89.47576798293292,84.30912419647439,64.82204526030904,85.57186160399559,81.6204280965703
543,824.0644035402499,1162.8459802572493,0.6613587971561677,-0.14087280847337344,-0.26527280138183973,49,0.0,0.014659533268938282,1.6691345326371827,-0.5562283558192894,824.0644035402499,1162.8459802572493,865.4671658853724,0.0,0.0,338.50644405493495,-23.611900302772707,54.83083764260758,25.976326380365304,18.326595283037143,59.32082916797826,64.58677158935137,73.55929227883462,69.37981088490531,69.12921829706937,64.7680349772276,61.78736903620097,72.52720927950196,80.49156373303913,74.30148800108626,76.48181933416754
544,2092.2129376711882,1162.7419311215979,0.477237648489831,-0.6229838410866974,-0.37458749297645993,49,0.0,0.008576376291534772,1.060948446826596,-0.06423570338509052,2092.2129376711882,1162.7419311215979,902.6617185489499,0.0,0.0,337.92977606775395,-23.61218277950246,61.60166135531401,37.525246636250145,15.079573274128418,67.15617433324178,67.89045185589032,63.90531746219455,65.78004902832235,71.77524086348566,60.550661376607415,76.3759466648444,78.06223811509783,73.85798582469982,72.81397666503783,90.28719509383541
545,2461.6844309080357,1163.0529565008947,0.37652785553263035,-0.8217563482898675,-0.46981113783756906,49,0.0,0.029402048256900314,4.035458544342251,-1.514732225565243,2461.6844309080357,1163.0529565008947,1832.827952027224,0.0,0.0,337.76176915934445,-23.61172215441051,114.50149517404596,77.3258495245936,39.61327118776393,129.20692807569864,164.80205902864526,129.73679306400982,154.36176663777024,157.91051517756608,136.57172568141237,142.07348663958078,145.808315877111,157.771751870389,150.0703409788083,133.07365310982908
546,2029.3494530516446,1165.1458799821255,0.7096475721197362,-0.4116111179893204,-0.39290725649489977,49,0.0,0.010464844580627639,1.025171726460808,-0.026991550327099073,2029.3494530516446,1165.1458799821255,953.3825416077466,0.0,0.0,337.9583635000384,-23.611219475780892,49.67825188491105,39.46843877214907,21.895013033779396,63.954549015577065,79.5496351270741,67.38897956827691,70.89150485175759,73.05604038988828,87.13874443446757,78.69023487950817,74.72823428943582,83.75098015641181,93.4913879962382,69.70054720827156
547,200.50435073329638,1166.6589582030876,0.6630901346152901,0.879379940505229,-0.46309907806225253,49,0.0,0.00801032927298576,1.1119643624593492,-0.1152271717228616,200.50435073329638,1166.6589582030876,390.0561698558365,0.0,93.84211212277222,338.78997022810125,-23.60941296029588,15.733371087856638,0.633149019885728,1.9712923155730664,18.469234153626235,44.34637291151158,12.84272583144796,64.39875704904247,11.93296736263229,12.994552082724523,24.847426495517972,33.04435640224568,38.774106600371056,35.53843419513135,74.52942434826993
548,1630.6292638543698,1168.9612331497885,0.6528713384451753,-0.9081287769794588,-0.3296382673790998,49,0.0,0.011670670921237438,1.015011878598461,-0.016177811976718894,1630.6292638543698,1168.9612331497885,1026.3443146601346,0.0,0.0,338.13967424852143,-23.609750955818946,57.998165055704305,42.70054308273515,24.989499947520006,58.50649068006051,79.8700437795386,73.09950951292375,90.4117666589234,85.50305309294467,90.63734174638012,87.90431067800814,91.76663993687038,76.66017717439804,92.17476522498517,74.12200808914234
549,406.80573456734993,1170.1367261654393,0.5563819382193517,0.07099165562645356,-0.1793994456202914,49,0.0,0.011759033533586068,1.3016067819133101,-0.2861995069744607,406.80573456734993,1170.1367261654393,954.5846213505622,0.0,0.0,338.69616257378135,-23.608318269670743,64.1034395009645,31.78958233072196,11.580162170741314,76.54837331219889,93.04715206778795,69.53910705257452,70.8275575216258,86.73848994899228,92.3111034626239,73.68539889349378,84.92471604988344,63.20427588993401,79.87005064745448,56.41521250156537
550,666.4872434406078,1172.0670277822796,0.5806851775378715,-0.29483029735936184,-0.24399255210852858,49,0.0,0.02718588153954913,3.738848164075159,-1.431844571655776,666.4872434406078,1172.0670277822796,1126.6481961823667,0.0,0.0,338.57808448351346,-23.60787984966612,55.338840045456266,49.34910522679323,12.35414181071984,66.66772035381709,96.366898734008,88.33210233664741,98.61625476366515,101.59373012727406,101.53203421098729,101.4390903725766,74.2288042421088,86.05364483714042,91.23824590937517,103.5375832117974
551,1690.156480670954,1172.8616627055046,0.4751539175766172,-0.15812306870965395,-0.06579318260163058,49,0.0,0.016121601285764942,1.9697850661912297,-0.7360471013689553,1690.156480670954,1172.8616627055046,1131.7817779842594,0.0,0.0,338.11260607679566,-23.608121071239673,58.035496741357505,42.87450904073181,18.617430641173403,95.66482639345878,93.62150307317484,83.59345977176001,105.66299242481567,85.4766496754678,100.75571403490446,82.75434001608785,91.1010884055056,99.07462329914615,73.35595978196409,101.1931846847115
552,522.3262246558081,1176.3778354672916,0.44159502045232507,-0.29536806948049105,-0.07752096960781624,49,0.0,0.06669143533105602,10.30203729051338,-2.532307793931988,522.3262246558081,1176.3778354672916,2356.6214420741785,0.0,0.0,338.64362700818805,-23.605891698843983,131.9205089651067,96.79776534450984,54.31194217385503,143.21573608274963,187.4573003359552,206.53678697330966,208.23885889147428,181.99066551066633,185.6181810461293,181.22205894307277,212.36524307852517,187.94793888572133,188.5995020864731,190.39895375663016
553,2538.4866405377106,1182.97504963258,0.647773069478773,-0.35276244796673195,-0.14114423990376704,49,0.0,0.1110806557469006,14.906856363113247,-2.9334651669658234,2538.4866405377106,1182.97504963258,2618.090573736583,0.0,0.0,337.72687300334786,-23.603330083648434,153.48554655922536,88.91447529789977,50.39339530345947,226.12287143019188,188.99901403594208,201.5938759010282,228.72876389867176,197.98006741096185,246.52370709565707,205.3389109743761,208.69856688469036,240.6773676957881,194.91809957237348,185.71591167631703
554,2017.2339933929363,1185.1447060944022,0.5776576421656664,-0.42711257207064585,0.1458760965001931,49,0.0,0.014778123076631686,1.9255690945161712,-0.7113977671848839,2017.2339933929363,1185.1447060944022,971.2148349657953,0.0,0.0,337.96388469971635,-23.602893541253874,52.42554057583937,45.34239375340648,14.313614432397952,62.71669291547113,84.8941501304412,75.78660792990031,83.2285312658216,91.2756718328828,60.31697847781752,83.20870547638685,82.80650351294854,74.67260444586316,94.38430325324596,65.84253696337232
555,3040.9177544109543,1187.3674040849226,0.3508139907546258,-0.5817753628132917,0.4886850949696378,49,0.0,0.0057312104152791215,1.01103982314996,-0.011920655133944929,3040.9177544109543,1187.3674040849226,784.6204935448178,0.0,501.13786322416325,337.49844343981283,-23.600709063407887,132.04169813617108,42.645069755044844,12.047266977492889,82.77425880577248,76.36371284514331,54.1104476163164,48.513916610223625,55.81994645054409,38.424984184129414,42.73728330980987,52.46476844149842,45.46316624966276,52.25241096685693,48.96156319615166
556,3051.344331194977,1185.743434851417,0.9374432823792874,-0.24013010902824156,0.010840597550864431,49,0.0,0.014474236255351762,1.5488811058719656,-0.47504520507349485,3051.344331194977,1185.743434851417,784.3875258967307,0.0,373.34041995078644,337.4936997045775,-23.60136571430347,31.652733402831675,21.210887252031547,8.723051250703831,58.213122496436995,45.79723127056972,42.17549885015502,47.12215715325154,83.85435718156546,54.121506590525684,90.72532750573147,33.99380002469843,57.902248582826815,59.77904917645997,149.1165551589426
557,2466.0128510494997,1187.2731174431317,0.5357173433808868,-0.3439715543004004,0.1344617099840373,49,0.0,0.08998399808111801,13.005199419134549,-2.7852925399198316,2466.0128510494997,1187.2731174431317,2735.8655520021707,0.0,0.0,337.7598310415445,-23.601625805278857,159.00587484804487,97.08634349211755,40.140483774116184,211.80332721449258,205.16124203209984,218.08397588017732,231.83936371713315,240.286221174798,234.30514743177645,210.48244872617025,245.81681728940157,184.8617767920726,221.51176232115034,235.48076730862002
558,1121.1726928014275,1188.860323244723,0.5418709369993191,-0.37951776273711935,-0.19896163971389985,49,0.0,0.05414663803323839,8.128040253455074,-2.274964614382745,1121.1726928014275,1188.860323244723,1766.163314218344,0.0,0.0,338.37132357465225,-23.601308263661704,96.34508753311513,66.963923299295,47.21440768663741,108.53720564545097,139.0536375512854,135.3337059857785,140.34516920987588,126.11068604791586,160.42591877067608,141.0025295004705,167.36283864709776,142.98177215746225,155.7598803721846,138.72655181109906
559,1826.5879349108864,1190.1329952540161,0.6333208340849831,-0.39739203206557117,-0.07424590505806146,49,0.0,0.061882956139251266,8.084121805703164,-2.2690821213196393,1826.5879349108864,1190.1329952540161,1852.549879998604,0.0,0.0,338.0505733722933,-23.600896237152103,106.28073722368647,87.42657834736636,41.19914845341307,124.21779984896492,138.59670092060495,142.96809464427034,145.16692636532895,154.55462293647443,166.12650174431985,180.18937815025404,138.8986500469298,149.55707138308208,152.08226558941683,125.28540434449212
560,1668.7816157909322,1191.1387460756644,0.8139638730046121,-0.3202272018467751,-0.17899583302055389,49,0.0,0.017107350439064722,1.4884234496178734,-0.43181625892235315,1668.7816157909322,1191.1387460756644,1144.234806393928,0.0,0.0,338.12232748927045,-23.600507926871757,60.22751192791004,51.88451793746459,16.25722396629152,64.77028494855963,82.14780570567996,106.64283429434232,90.81877932400765,93.71831255075303,98.77161537186231,100.54927087639722,91.82913600971136,93.4051116007095,112.62900634070158,80.58339553953734
561,1750.931957839596,1191.6222886886171,0.4343457162539458,-0.6456127446233764,0.14448426071238044,49,0.0,0.01062325587691785,1.4264366736482665,-0.3856312400255229,1750.931957839596,1191.6222886886171,938.6549362240621,0.0,0.0,338.0849741932945,-23.600294559814905,48.7034114212499,36.97607356456091,16.279453862234355,65.33434645759687,77.92997981799479,78.86165781323317,73.59968948962498,75.47404001580884,67.99761005164945,77.98741021835559,85.50253043578813,81.52199477026102,73.00306784846373,79.48367045724032
562,2458.4427601731795,1194.8007525757107,0.9461298798972996,-0.13541032531556477,-0.1999840087962103,49,0.0,0.014684453266966614,1.3159865793359335,-0.2981286507213091,2458.4427601731795,1194.8007525757107,1088.03631135452,0.0,0.0,337.76328227841753,-23.598498026939463,57.29407235052088,30.963316336066562,20.88541827067707,76.86565824396389,93.93459860994936,83.25396351688602,91.74805146493998,95.05955399092934,81.75063801629602,103.51332559494935,99.00792508643853,83.42167832010327,87.59806682761281,82.74004472518679
563,723.275521537703,1197.3202391907557,0.5099369329316779,-0.034237866594849654,0.15619324041983726,49,0.0,0.04357182546482516,6.481315114697794,-2.0291578422640884,723.275521537703,1197.3202391907557,1556.9308144483848,0.0,0.0,338.55223107751954,-23.597426132591096,86.91552682861318,66.91864725003109,23.592339060335895,122.09758039098666,111.88641987249886,123.08732896623995,160.68369393463263,126.09553540187375,127.48488933021332,118.93027139714633,119.23288455738978,129.8143154891673,129.89835067215452,110.29303129710159
564,2744.4362703393676,1197.001923069944,0.7751086826589053,-0.3983909436911748,-0.7430176197409902,49,0.0,0.012908941778013133,1.2548037333093802,-0.2464395053664106,2744.4362703393676,1197.001923069944,922.7193304578157,0.0,0.0,337.6332555560721,-23.597202015204463,62.606031075056244,29.24684102808557,14.910308582473242,69.36017354858816,68.33510381653618,69.45287361855897,74.63846214960412,77.36309713198162,87.05544836155562,72.6486325023441,73.07923775816137,77.30982266236632,81.6077828600713,65.1055153624328
565,1440.6558821888304,1198.2229990988562,0.3869325341220282,-0.34474756184039557,0.11125231138298258,49,0.0,0.01716541537232466,3.1241680627125596,-1.2368359711001058,1440.6558821888304,1198.2229990988562,1076.6177161887301,0.0,0.0,338.22605367519395,-23.597542356927974,57.56145863679807,41.29976203990556,20.53366957986676,76.57341176002397,85.88172187112609,73.23449199119985,77.74894245424666,78.3507195396169,78.40055689638386,69.89362624952764,116.89682281377482,97.96617358198624,110.88262736948258,91.39373140479104
566,2031.3572034100137,1198.9050086773846,0.6419541474358172,-0.014996611334341532,0.2507827312390618,49,0.0,0.01471386364618515,1.6056863668684056,-0.5141517999902855,2031.3572034100137,1198.9050086773846,1034.573311232322,0.0,0.0,337.95747139064014,-23.597152241458204,61.61873437976054,44.73732372746569,23.306817966489184,71.12545258751098,79.0886124230224,81.47162828417173,93.17017213755953,74.58168918651452,82.84933295383415,87.43766832867671,75.61247088471835,94.82509591918179,86.76925819212188,77.97905426129473
567,2686.8364131416483,1201.1734731084348,0.5344721173766823,-0.48856310836413247,0.07386684388301101,49,0.0,0.0490986891476086,7.373699553817369,-2.169213595048895,2686.8364131416483,1201.1734731084348,1597.147370791981,0.0,0.0,337.65944994472517,-23.59554896181544,86.72642677159344,64.30746349323556,33.26787964028146,127.4641008862736,116.78077850199543,113.76998984132905,135.87838046973667,146.4657767487467,147.34090622968216,125.95150039470053,128.0614849679633,117.36196345279234,140.54479232107107,113.22592707257955
568,1770.2705400143343,1202.9296061358364,0.5192958398069479,-0.2336835617148568,0.11450948241264385,49,0.0,0.01339431418146112,1.5929850500252722,-0.5055292500458367,1770.2705400143343,1202.9296061358364,1024.802399481094,0.0,0.0,338.0761837996943,-23.595579123614986,59.59835859545937,37.548030179880826,28.963797728482817,60.2849627527943,71.9730944994982,81.46330387578334,97.50721510607734,88.14163457833214,85.17898158073201,80.55234357143911,88.45283914318895,73.38528143529663,91.98693634066916,79.76562009345963
569,1149.6083573179967,1204.6941611257566,0.6027751092319041,-0.027122908366348633,-0.05369068579647885,49,0.0,0.1540462663958679,22.272753668036003,-3.36943478471609,1149.6083573179967,1204.6941611257566,3237.018557107972,0.0,0.0,338.35838383258,-23.59472843930336,168.63684026600595,135.0255918246879,46.743565541274435,237.7724683711088,238.58178310907135,229.33212716340415,269.0667209024428,272.109597915388,261.55349483974305,274.9164540974229,308.15184723164566,272.12397900598336,253.466565957873,269.5375208819205
570,689.7510775598561,1206.3385239157983,0.5845904371460794,-0.3002868042910999,-0.05473471707090899,49,0.0,0.4501124822007267,65.55776345905888,-4.5415603223606436,689.7510775598561,1206.3385239157983,9007.409941235459,0.0,0.0,338.56746165934186,-23.593628975203227,481.79346052005144,347.46962650246843,167.50875811917675,648.9207239562014,709.6207494235339,717.8850467393968,763.1560149030549,777.6696671241957,739.8690486482204,783.4144679736812,724.5400042050186,784.1037331273756,725.7353750269006,635.7232649661817
571,1072.6473413197539,1206.7760089662845,0.782534862669754,0.12228498934588902,-0.0822193834274482,49,0.0,0.0159286037166777,1.6782815022707176,-0.562162019701887,1072.6473413197539,1206.7760089662845,922.5556693767282,0.0,0.0,338.39337409455896,-23.593811172891396,48.78840601366752,35.82630584033596,25.046605880696845,68.85809323044815,63.639812990102754,65.43884525930471,80.86043121672571,75.23811736770108,63.68098500680843,88.41580957187924,87.99820178382373,85.18057593059238,69.3661682034719,64.21731108116992
572,3045.564632219281,1207.7609368319354,0.968069405779078,-0.3535403250002872,-0.3977309531187808,49,0.0,0.023451295376553823,2.4533453493039827,-0.9743967167656864,3045.564632219281,1207.7609368319354,1000.72802092203,0.0,532.104595278287,337.4963730516861,-23.59220351414951,89.6696077933865,62.61285658187824,15.851710739615653,35.50985047396872,94.41876716357689,138.34618575160738,74.62332967434398,84.85012919104813,74.16043005189823,80.68096988114095,74.36672335090238,49.644880012955994,56.55055414392177,69.44202611178522
573,556.8062570179313,1208.7741295947233,0.5714215655340313,-0.25461227991356844,-0.1872325214509074,49,0.0,0.011863525059747707,1.3076902378987108,-0.29126220419205767,556.8062570179313,1208.7741295947233,978.005430096135,0.0,0.0,338.6279009476156,-23.592442260470154,44.19598747149806,28.63692158220181,20.398073181809952,82.5126151923285,76.53769967296009,88.16438670782681,59.009087904561284,78.22597173526955,87.56469190451367,84.32553020237157,57.24464677542447,83.44157172515926,101.6101249944916,86.13812104571835
574,2559.0140902111816,1208.939412020429,0.835791892184649,-0.8309186126911684,-0.5947963505831914,49,0.0,0.013884668328150721,1.2357751667317218,-0.22984865922475378,2559.0140902111816,1208.939412020429,895.482859685568,0.0,0.0,337.71757524815985,-23.592486234458548,45.29728388263158,29.29286222190239,8.964865555194752,67.70074831899052,81.12990516766496,81.57126711898303,70.8214300418732,72.29682010757216,66.78871560299734,74.82469641915434,86.723800642484,71.50658815551017,70.57840811551965,67.98546833508983
575,2839.883347484608,1208.5561787156096,0.4610534815771262,-0.9358994658997893,-0.10696065892759007,49,0.0,0.09398159893035912,14.019510677087817,-2.866832139292504,2839.883347484608,1208.5561787156096,3358.7965353744485,0.0,0.0,337.5898813834542,-23.592237476888492,175.06074558560618,137.08704719087228,67.60950171788909,264.6364316948353,288.4898535818502,249.4479093318913,265.1555937155821,268.0970492982434,292.2119814082973,280.95296245381326,262.49447044363677,263.8531919935708,303.55034430459216,240.14945265376872
576,1296.9427704453094,1210.9795155809772,0.619694353276094,-0.17936079501159874,-0.04165151766951578,49,0.0,0.5784635705021751,81.96039289526166,-4.784010079051881,1296.9427704453094,1210.9795155809772,10678.445001324595,0.0,0.0,338.29139220419455,-23.592183126043626,593.0721770203561,387.8810041387524,205.90543523742204,772.4797727623913,905.2678747740515,803.4327735318396,870.6557402085243,935.51021537948,831.1686654618601,858.0517627850918,940.6302741467068,878.0090946161952,898.1212035990067,798.2590076629181
577,2425.499978621435,1212.286551239321,0.4505883347244605,0.15544723849146658,0.12297792306064215,49,0.0,0.010665271168935743,1.413569923704763,-0.37579324046151297,2425.499978621435,1212.286551239321,930.4452362894573,0.0,0.0,337.7782810832995,-23.591249186342136,51.56032697524553,42.75568803513373,14.348996185210508,79.55511403617203,69.13952951339951,89.78455701387846,71.44051711006709,68.73876964280123,72.8224132002751,79.35802846848247,77.12748234118841,69.77384661930239,76.13499293120718,67.90497421709352
578,2047.8761618169617,1213.514239315966,0.5831944193997193,-0.37115650215968954,-0.15477674134857236,49,0.0,0.015618249967244953,1.9988478734279223,-0.7519493561746657,2047.8761618169617,1213.514239315966,965.8349888162157,0.0,0.0,337.9499699387278,-23.59105554924027,52.39380978345891,35.50461155628179,9.843013258205229,73.36739977104142,76.42222929337944,81.7712992574973,77.77600926298862,55.230570767369876,87.99244056175709,82.78809096189514,83.53691311275786,76.92639478216772,95.00594798526271,77.2762584621525
579,2332.6275982481434,1216.1566382611277,0.5928656446259574,0.3588532431666106,0.23248589724719354,49,0.0,0.03663852523998619,2.8241863238688096,-1.1272333640573373,2332.6275982481434,1216.1566382611277,5220.336012281696,0.0,0.0,337.820509413946,-23.589732367450388,290.56722553548116,185.0453809378178,109.60976243659381,365.55400360106046,411.4235469869757,393.21080200529457,417.0958101654513,453.88317778474016,455.93364482985544,415.3472809925546,444.65653926441325,402.1828618768561,459.2725677817348,416.55340808286724
580,806.0941974543605,1217.1811474328551,0.6543841436489696,-0.17162948396250957,-0.1689185932811944,49,0.0,0.04659656031471571,6.252251777598937,-1.9900911467444673,806.0941974543605,1217.1811474328551,1368.8635180790939,0.0,0.0,338.51455351673275,-23.589242606446444,70.06837335480861,66.66766157220191,32.70092252822712,87.15693654553397,96.43250696560496,101.84486730326475,116.82992383670016,132.58643630244745,111.99668942348129,119.80804139406355,116.64352283243383,120.65598849732608,105.83863991994764,89.63300760305225
581,684.8712972742366,1217.528345720438,0.6205944094724045,-0.3525371648152014,-0.1805452718154837,49,0.0,0.01617734221942448,1.8244164047380989,-0.6528099216595933,684.8712972742366,1217.528345720438,1196.4147991083516,0.0,0.0,338.56966555485405,-23.588960812472525,66.78001845815787,46.68172089903595,24.10750546673689,94.15624678930595,82.36861880063483,90.84895423336454,103.12790603384654,100.43687054107124,91.61747181344637,127.34204655982194,72.20548503557355,92.44520396515547,109.7564356589244,94.54031485327603
582,2406.618857870141,1218.308782818675,0.5633178517141406,-0.604462460402083,-0.004056064744219974,49,0.0,0.1166480213188735,17.261481262056623,-3.0926951528881115,2406.618857870141,1218.308782818675,2896.2128166872844,0.0,0.0,337.78687228461297,-23.588760369699695,151.82513008035227,96.72011707694266,56.38769910254142,205.89956195873918,249.39130837420208,212.14529596424632,255.84268623826227,269.8868209328596,260.62478742759663,240.74094202787484,256.41346592753547,196.05647584081328,246.01059851864414,198.26792721667445
583,2329.433928707415,1219.1443452796768,0.24375681050719486,-0.3753544834693435,-0.5838889980251245,49,0.0,0.03250062819454078,1.9410771400273235,-0.7201069873922145,2329.433928707415,1219.1443452796768,5614.913923897892,0.0,0.0,337.82196452337564,-23.588490606889216,314.2288787817274,197.04626769972583,120.52800737518159,442.9868456432457,441.5827059194993,424.6655045049482,433.91276584169543,490.44616132666397,488.68176597780075,442.7084340087674,454.8983508895493,448.62181813655667,473.7665878311739,440.8398299613564
584,2743.125820260535,1218.6297401680995,0.6177588769587359,-0.8597886333514508,0.12397992502688474,49,0.0,0.015478184031028854,1.708254322992695,-0.5813813211079112,2743.125820260535,1218.6297401680995,1095.6418884729933,0.0,0.0,337.6338868036074,-23.58819285083639,65.9728827756385,39.35609507725246,18.719330454312395,77.81275385486448,95.13910316651476,90.11040960170723,99.55397781826605,78.65210953501222,81.6646540138455,75.05099359819563,97.72417870101836,97.9056188958718,83.19646818988477,94.7833127906093
585,2029.5479270423266,1220.3457176489037,0.7573190048344839,-0.5036988010339308,-0.19333771494292012,49,0.0,0.018945420201938627,2.0742270238964604,-0.792140720332264,2029.5479270423266,1220.3457176489037,1016.723380166067,0.0,0.0,337.9583072288872,-23.588219766229912,56.02632490332921,34.89222815084436,15.739994554567343,85.41012249594483,86.61637687066067,76.82120085200496,97.51713909737846,77.69290531970557,88.72695516407612,74.26314594424682,99.01483423967275,80.48916930942477,76.20450267981788,67.30848058439327
586,2058.200267923135,1219.9665562372923,0.617808465307627,-0.2517620213035901,-0.2713256180192824,49,0.0,0.019051201245416212,2.2511385649041187,-0.8810055701547108,2058.200267923135,1219.9665562372923,1094.6380909596255,0.0,0.0,337.94528023780333,-23.588360940321465,69.24437636476597,30.677018604924292,17.633567108273777,90.63706245169355,94.84282096215688,101.23820663875196,96.31811250242504,78.55207518166358,89.5665451008199,93.1817289497429,84.39079674550469,86.66218521687793,78.95590859324733,82.73768653877787
587,1567.7521294541395,1223.3214590112334,0.524528309095098,-0.6395412651364961,0.35823346856844324,49,0.0,0.010069133439871498,1.065686541421719,-0.06907370274453138,1567.7521294541395,1223.3214590112334,1052.2110554919936,0.0,0.0,338.16826367457924,-23.587100949589363,67.72114519142303,44.41001856985752,16.121157511195527,70.10027631297581,111.0770826311105,86.26968313918368,85.09056149903358,74.95157745682118,60.24606602842916,80.81258333155432,89.91681329503143,110.20138729620427,96.02846169656652,59.264241532607194
588,1033.6183924754127,1222.9784513594946,0.31793907992999576,-0.11319749560642817,-0.12073508471039839,49,0.0,0.026534956718900504,5.048840835191365,-1.757979199422581,1033.6183924754127,1222.9784513594946,1422.5729421492565,0.0,0.0,338.41110601354796,-23.587032004707208,97.77142426485989,63.68506132265648,35.57206935049623,121.17461364188111,103.67435966423136,111.52152403222516,120.70668255222783,100.99036301342018,106.28242214299019,119.14902174199618,132.93416663778555,113.20471826911142,97.38486469950486,98.52165081587006
589,1513.7844603303984,1222.8079938829649,0.7211242085963179,-0.10227337516296726,0.1134703657285106,49,0.0,0.013752463231938256,1.3988465737936673,-0.36442520865848177,1513.7844603303984,1222.8079938829649,994.700206548051,0.0,0.0,338.1928001226757,-23.587310626967977,72.21182568866676,38.762618306805216,19.430505286526497,58.8993476745318,77.44700706153057,83.24608149963908,75.53150233440562,85.773542322427,83.11707506868697,92.5835330420662,68.9773931670976,88.1339885362911,83.60118330870415,66.98460325067244
590,1855.310243666559,1229.9812226513789,0.4747192465323742,-0.5541862186833989,-0.3753803008002091,49,0.0,0.011596668354318865,1.3724925980959755,-0.34377502740506577,1855.310243666559,1229.9812226513789,1003.7780097219193,0.0,0.0,338.03752802723426,-23.58428383405725,61.2010710852175,46.58451015243156,16.612708884912397,78.41011925633302,77.02519346617568,79.93376082124429,80.37473105635836,84.19725854931391,57.81542572259724,98.28039706345406,87.28642427424371,86.49053145276511,78.96880689614714,70.59707104072535
591,2108.9541232559645,1229.3111572083521,0.44112568215047887,-0.5358497006463238,-0.025391521835215345,49,0.0,0.009460184171526036,1.3185459458905877,-0.30023816941367115,2108.9541232559645,1229.3111572083521,888.2530801014589,0.0,0.0,337.9222119183062,-23.58443497868838,54.05756144411272,28.414138793104875,21.681304583115967,67.5374054630076,66.5528003602366,68.20216570981863,63.41495792701755,68.87389112861237,65.18644952611746,72.97726754762301,77.59423398195597,68.8475054577332,93.09561785591212,71.81778032309073
592,2570.632256690561,1231.743111357323,0.9029690338277399,-0.07591412746217463,0.01948717868799742,49,0.0,0.01206907130128879,1.0587135830090808,-0.06194621249045015,2570.632256690561,1231.743111357323,833.5944644835597,0.0,0.0,337.71232485479356,-23.58297022127477,43.21765340046019,38.21585956613676,15.253179568663253,55.26313964798057,71.46458372571833,65.92430428359427,68.95596214869883,68.0761510859591,66.71406634035517,58.692068263103295,74.27934504760361,77.87260719841044,73.55012504787634,56.11541915899947
593,353.7450480747969,1237.059577275864,0.4961171029371752,-0.5298610474780097,0.18187032576513984,49,0.0,0.032567853434702775,4.207714726340399,-1.5601157198699522,353.7450480747969,1237.059577275864,1605.6179334965113,0.0,0.0,338.7201686956675,-23.580349605382416,87.35728291637665,57.21101786547533,23.66026841472183,106.48108099428393,136.09054616185466,126.93555234738272,128.27668258425425,118.65239589037357,135.12995755370298,131.917103312944,137.12029495900504,139.80129593025887,140.0612186408984,136.923235924979
594,1077.8234958159674,1237.7132245534444,0.6461144364223731,-0.13038088015979027,-0.02909361826629164,49,0.0,0.12357889282803199,17.124131955374516,-3.084021414419083,1077.8234958159674,1237.7132245534444,2666.527785199176,0.0,0.0,338.39099747873473,-23.58092447273825,137.40034461200793,94.22127881813583,64.3226240971793,179.7823696499803,212.90544482523114,195.5962436165924,236.4717799639546,221.9595634835572,221.92499445946564,236.68574896210833,238.43970619891348,207.9886291615176,250.70188079050044,168.1271765600319
595,669.652939676893,1241.1603958817884,0.41521585435178915,0.05919396172666845,0.32821878648502023,49,0.0,0.007634469954022494,1.0241902091763158,-0.025951549618274124,669.652939676893,1241.1603958817884,847.2797870636973,0.0,0.0,338.5765527797636,-23.579095875706393,51.27386701045194,22.65973477373824,16.160921992627454,83.21619695712802,65.83649140354208,61.87452281713411,74.57996771847584,70.89593707860107,47.348552569906225,69.19166371957655,82.07655433410923,76.71162317846438,67.01476444253782,58.43898906740427
596,2361.9074407255193,1241.8101508658312,0.9224314762095621,0.01229854490682414,-0.06901381262126616,49,0.0,0.01320104790334693,1.0742539879925586,-0.07776743651574734,2361.9074407255193,1241.8101508658312,898.5978203713322,0.0,0.0,337.8072255241198,-23.57901474639541,42.27302665047539,33.89079391683644,16.192830665302196,60.89631306700518,78.09910096825874,61.55074032881813,69.40436130711942,89.18786499249123,95.40490940527391,73.69668272290613,78.80942672122156,71.70906112506509,65.16026286818487,62.32244563237392
597,1801.1738326927675,1243.3778929486384,0.6603550213813677,-0.18510030059554114,-0.10515841413419087,49,0.0,0.030615849128045408,3.7661426406799707,-1.4397419116704588,1801.1738326927675,1243.3778929486384,1369.2568023875338,0.0,0.0,338.06214439403544,-23.578718243338447,82.00097926291942,52.96355483366915,28.372845104655738,102.01921856400435,82.03066850855133,116.29839005518855,116.16874318977901,97.24711895563779,94.63822753277209,120.43929584831842,124.17332286340722,123.97688371868063,124.33652124231355,104.59103270763651
598,1153.3525467393827,1247.1858565514465,0.48412976434827143,0.3116702232582993,-0.31777861131162694,49,0.0,0.009858989987167948,1.3161902117380762,-0.29829664177165105,1153.3525467393827,1247.1858565514465,921.6615981130407,0.0,0.0,338.35665420392166,-23.577026033943593,53.15253245398022,39.872917001734024,17.015538625689324,66.94720834891547,70.8232353171173,73.40187524075706,63.67001864191111,69.80226764534811,93.20415325329081,73.80020401582729,79.28354142382503,78.1295003747363,77.6545081511051,64.90409761880352
599,1471.2263773167147,1247.098913303323,0.6072916661302138,-0.17306187761042327,-0.08568868422126234,49,0.0,0.4863226281967073,71.17922137186939,-4.630883082387111,1471.2263773167147,1247.098913303323,8893.400477620258,0.0,0.0,338.212144659348,-23.577183406834912,465.8407077644423,345.6604277050494,158.7915557981326,686.9234811782629,687.5536908388858,704.3442025252168,729.8937409095238,737.0039114897995,725.7075216431849,743.9131142733577,773.4436955479368,705.9940189327159,740.1850532593464,688.1453557544027
600,1280.4781434620443,1253.4512703312896,0.7374708185957362,0.3971518229395248,-0.3933296220554112,49,0.0,0.015396135988067139,1.5330924943208522,-0.46392089359609867,1280.4781434620443,1253.4512703312896,1081.3629759744592,0.0,0.0,338.2988585926095,-23.57447995241622,51.48335275975242,46.65079684612644,12.596405549814355,70.99068523907752,67.9715778622285,80.9717116494891,68.08974049283736,105.48618779661442,85.73495908072152,110.54701762993932,110.43077308366841,93.15994833413849,91.80389815269959,85.44592149735185
601,1354.0182229104746,1253.5013655604225,0.8205098615531158,-0.0932937424130082,0.5669931469087305,49,0.0,0.01268865188034959,1.1380472378267752,-0.1404007225943156,1354.0182229104746,1253.5013655604225,995.2946522723507,0.0,0.0,338.2654269403514,-23.574486621305923,52.15319549432027,39.556161370104675,22.0567101807705,72.0243834422227,70.21770261978355,85.37503447464891,82.42466283255425,72.58800487401572,86.23960851818407,75.36047742470015,78.55867825562352,100.24549728578751,78.70968415238389,79.78485134725105
602,1507.9256106262453,1255.2489351549689,0.7032983995737792,0.10987096776661556,0.15249793464198344,49,0.0,0.017488710064835586,1.9787809027289018,-0.7409942758097515,1507.9256106262453,1255.2489351549689,978.8328028947464,0.0,0.0,338.19545954277083,-23.573792970347327,58.21360528262275,26.40695482864281,19.46880187371135,72.81674013435006,76.42908217105628,74.01906732376807,94.31299343528762,73.27387100164981,75.07803336327802,71.10247023694907,82.65494960560756,87.5487979405622,91.53236175440105,75.97507394285975
603,1059.7214341534805,1256.3389418734203,0.38659786184610234,-0.27435281971308134,0.04353101075111066,49,0.0,0.03303059428536084,5.931391773718236,-1.9328915262967667,1059.7214341534805,1256.3389418734203,1505.1642322618995,0.0,0.0,338.39921261062455,-23.573151149459306,78.72143001545501,63.14183678053719,33.76836073432095,104.23521026492213,134.66748730149317,114.00512404940471,119.11772618869131,114.34392217960685,116.73583208963018,147.96608144284244,103.86585077680084,132.97297235289693,128.62099505716606,113.00140302813178
604,1473.375625619202,1255.7911775017594,0.865006869864923,-0.9718188637035026,-0.594611872593397,49,0.0,0.012789210240269062,1.0784295770448793,-0.08197947582314756,1473.375625619202,1255.7911775017594,3775.6339628093997,0.0,0.0,338.21116599348255,-23.57356201961562,217.031999579306,141.4109779541212,72.12649707115594,263.05710049467865,276.2383475369332,286.8156165375975,295.6222687490936,313.75841397277134,309.51745099099105,332.5455231169432,333.14101681609327,310.72994052405437,333.2876608559356,290.3511486097244
605,1765.0504339807214,1257.1587333019672,0.838470557743909,0.43805951404016374,0.18928419074682423,49,0.0,0.012709123592048503,1.203631991221482,-0.20123430573407963,1765.0504339807214,1257.1587333019672,875.4463574330389,0.0,0.0,338.0785700687096,-23.572984992368255,45.40316723068193,32.785990780184406,13.613908859484773,63.73079063431047,76.9635720291716,69.53848358880956,81.26439112911984,79.69492820424708,53.620276711071355,69.08239622457765,67.92720470712202,88.22901605788431,72.4119802595589,61.180251016815035
606,576.8105359060635,1258.8320036213556,0.5150621188435471,-0.21898016271478166,-0.09948103674933176,49,0.0,0.014575255432263949,1.786399279169449,-0.6299463370527749,576.8105359060635,1258.8320036213556,1088.0842430459288,0.0,0.0,338.6187327000427,-23.571613010746336,55.65541349228228,49.48205471643041,12.190102406486973,82.05363721921923,84.40168202424918,79.16511297564833,84.55553400603135,89.33501124521193,95.85321495330832,89.55844515184097,81.50115511205254,107.91745027384889,85.15153221516523,91.26389725415324
607,337.6842749790102,1259.7728169486884,0.6370968841068764,-0.19028321991151673,0.08243417412533877,49,0.0,0.060417486723154716,7.499868013649241,-2.1876340513298502,337.6842749790102,1259.7728169486884,2105.2121202639123,0.0,0.06285246335966822,338.7274285474321,-23.570859640536913,99.31646094902258,81.76354896608086,42.36297608696596,171.6628622331658,185.58432552412515,147.14228573093598,188.9547378185444,166.9143718483781,161.69571822789044,160.06477844196093,173.760947158787,166.0777668921126,194.31603001022313,165.59531037571952
608,2761.7556109724196,1260.1619256269503,0.3685649374507449,-0.46679176040030845,-0.2872598045250044,49,0.0,0.00981315456639637,1.1638846063455117,-0.1647748105105486,2761.7556109724196,1260.1619256269503,992.5618502850396,0.0,0.0,337.62548652870066,-23.570860234821378,54.52432984873613,35.28487170481596,16.813794582930345,78.08620276321287,85.48054250970222,78.0163703564302,70.23311004784784,84.55006575043441,91.4135638778769,79.14834689108105,77.2830210036384,86.40107233112494,90.01642804605834,65.31013057114993
609,1637.1414017747645,1261.2574639319841,0.31167458731231285,-0.9419939138422406,-0.3155943070396793,49,0.0,0.007262084939014552,1.072144221652304,-0.07563302322131622,1637.1414017747645,1261.2574639319841,859.9232066236528,0.0,0.0,338.13671785021455,-23.571294210185957,52.03518644117088,31.65963158136178,17.16441572831309,74.16832288811368,66.88637098486294,69.53715250456904,66.00623794719334,62.5292058862985,77.97156832235008,75.78541948117149,55.69965193402352,69.64211214168631,75.55299990615777,65.28493087638043
610,1150.6080762969775,1263.2440262906803,0.5645334729286723,-0.3685474503846253,-0.06449672780554042,49,0.0,0.0583507205195373,8.235482891432518,-2.2892226732865795,1150.6080762969775,1263.2440262906803,1914.126310795789,0.0,0.0,338.35789150570224,-23.570333586891948,118.57407445386029,54.2317712055265,38.53338486325221,125.89621128150435,173.7017989326343,169.63273150097328,153.4146878514814,160.4355311043431,162.12249393839988,172.9318420437117,151.55565861381132,149.09803872071495,166.6551219438831,117.34296434169258
611,1710.5608761894143,1265.2094668472196,0.3409088854707114,-0.06165750238394765,0.12987366233631142,49,0.0,0.02081660165026897,2.9848393608201453,-1.1873024076863625,1710.5608761894143,1265.2094668472196,1617.9728724051897,0.0,0.0,338.1033423317388,-23.569640433359233,74.64097144603392,77.79513642494592,31.89961585971947,96.68329357185618,117.18005303063839,126.9160805033703,128.40652511715587,129.63039793513522,135.04248287724866,151.1581060117657,146.19739168742575,123.42731466860883,142.13374149037992,136.86176178090577
612,1140.9620101765456,1268.0505635083032,0.6489442923351966,-0.023081524587311626,-0.02340766059980675,49,0.0,0.011744343884468598,1.1476281928520544,-0.14950302166425214,1140.9620101765456,1268.0505635083032,1065.7583731620605,0.0,0.0,338.36227331065425,-23.568325089989656,57.20184332939377,41.971426315954815,20.543295041843106,84.39904773758113,93.41340722600381,91.61794550659167,91.88796271741711,98.7390510553651,86.79136414814042,84.36755443804991,73.66971550612331,98.02387547738348,78.56736137185692,64.56452329035591
613,1666.7241539859035,1268.6192711552073,0.49102454878912605,-0.3842410689830985,0.010480881874245163,49,0.0,0.06355273499314988,9.889403767450101,-2.48792527188679,1666.7241539859035,1268.6192711552073,2026.8913227624796,0.0,0.0,338.1232703689568,-23.568224797751654,120.63583429924141,74.92549955075367,40.16892606176598,152.66964944001597,154.36367779154017,153.79561924283297,185.37084587493342,142.1572718953867,195.1332049943606,178.62154404211654,155.85066978313773,170.3425222664569,152.3107706281616,150.5452868917762
614,1781.593483839351,1269.6990164279293,0.3350771416141724,0.023251006371722456,0.30963519159637987,49,0.0,0.008076785056034935,1.149454229386122,-0.15122920647562155,1781.593483839351,1269.6990164279293,974.0321546221538,0.0,0.0,338.07105284834944,-23.567756131294267,58.05221342543081,35.91535602701376,24.371454123237875,59.921900905772425,86.67744674602082,84.82401349340597,83.4800107163226,77.7023642869928,74.43614707178128,72.44091621787364,78.92538244943,78.1634586583115,82.98011039640204,76.14138010415829
615,2429.723344386713,1269.9313506868114,0.4581163288079075,-0.33831091432890653,-0.0923775421882398,49,0.0,0.009063033475624,1.0507410532465815,-0.0537392520061239,2429.723344386713,1269.9313506868114,931.9552543056236,0.0,0.0,337.77642950691785,-23.56722658100372,53.08877548889265,34.71217586722214,15.962033118351624,55.01619694729799,78.92624972459916,59.15917828837448,78.42279679463496,78.33584321484821,72.0934110206407,82.18660741458432,69.58131358682135,67.71380250060001,104.9947834225437,81.76208691621238
616,410.87381637099935,1274.739893822069,0.38630118864599083,-0.42931749110706685,-0.13340850636562507,49,0.0,0.01194440415905571,1.6707866361003167,-0.5573024821831212,410.87381637099935,1274.739893822069,1097.4075442913238,0.0,0.0,338.69413438088566,-23.56474230544347,62.67887526453896,37.71726848804474,20.452569818035098,75.99679558677832,89.96217889045985,95.41782412100204,91.48427771249226,78.76185862979399,97.39924539634511,94.10996708410968,84.9391965432383,83.90104183838463,99.56810038876552,85.0183445293351
617,1879.118250761132,1275.2141754138358,0.6206687106174553,-0.34835703411144914,-0.0016096980766941787,49,0.0,0.11397184503846572,16.096130158533555,-3.016803688090482,1879.118250761132,1275.2141754138358,2633.1097348406224,0.0,0.0,338.02672207295353,-23.565428537442823,126.70658720244961,68.65436079623254,39.244615477458794,143.84100013114897,187.2265555382017,200.86233410647037,195.5114289840073,226.96067006117056,255.37690824826763,251.69380045173182,244.5546811456843,234.67251104183205,238.01307689702128,219.79120475894553
618,2309.6628184422784,1275.8913622293007,0.710799683387197,-0.7053566285476184,0.1315938363658331,49,0.0,0.010838516041950921,1.0663435797441772,-0.06974289621427437,2309.6628184422784,1275.8913622293007,912.7137236662462,0.0,0.0,337.8310109992895,-23.564865355090436,47.23698211919397,33.09905253574926,15.632700136407124,51.757600004557496,75.29524844737375,80.67427673556642,78.0350374569891,65.14721296652112,75.82591384785651,77.43876058329568,88.00022743214726,84.18059791394182,64.72207198960122,75.66804149704542
619,3063.6471593025767,1279.3786390950634,0.6167136127913043,0.24809628517939072,0.4964086940526764,49,0.0,0.008098729711918705,1.0542580775835266,-0.05736734301382273,3063.6471593025767,1279.3786390950634,808.7907324059232,0.0,519.4706685219958,337.48830280557684,-23.56233022246336,47.440445069673245,34.25133744747769,14.982049435206095,59.08323045281075,54.73905659872955,64.68172414894568,88.58273630144738,50.90798384492751,83.29414991239712,85.61672796053946,53.22588513015984,67.51130102660844,51.14109943002846,53.333005646972026
620,795.0228718772156,1281.289753491617,0.7509186525879814,-0.006745646804224253,-0.17515986544838744,49,0.0,0.014841248129709753,1.5365386286483425,-0.4663587072797875,795.0228718772156,1281.289753491617,927.2489783799747,0.0,0.0,338.5195129265917,-23.56251968879749,42.49532150175783,34.82048773833734,18.389818416798036,70.44802504417834,80.81508535706931,75.48035423705377,65.93714076777032,79.03423365348831,78.01381455548221,66.57900135605466,59.34607666785881,83.56165232906986,85.37269901602659,86.95526773902927
621,1858.838561686587,1280.9756049189834,0.5487497426877302,-0.44786600449537,-0.169250522022035,49,0.0,0.05101808932210542,7.368233594533862,-2.1684084645276713,1858.838561686587,1280.9756049189834,1677.4056707913219,0.0,0.0,338.03594281273826,-23.563035155831297,85.14786290049226,69.50561915164523,39.84630224066751,116.65424664093666,132.70672967468738,135.30663617830186,160.99930241560543,136.007205602159,144.54454551316093,137.6919128158671,124.18408266470075,138.33473715401948,144.36417623817073,112.11231160090742
622,1468.1973763900078,1281.8540514743759,0.660285032547512,-0.4873549573979605,-0.31348638744365,49,0.0,0.02192505268551636,2.2223829722733655,-0.8670472521888019,1468.1973763900078,1281.8540514743759,1365.3017498759891,0.0,0.0,338.21351509472703,-23.56270166991227,94.95925584336416,60.31400723972291,28.51959245729358,99.49908675935129,106.62267433355939,125.46592251346269,90.34430359768024,101.18640010817194,102.67998220142091,94.90173374914642,103.6417632812104,137.60972419466293,124.98092270819805,94.57638088874408
623,379.99861749684953,1284.1649528212972,0.5137719279547761,-0.23735942364121876,0.7513778459680269,49,0.0,0.010257390354730422,1.0036982151088691,-0.004007879595730493,379.99861749684953,1284.1649528212972,1042.978218493896,0.0,0.0,338.70815172969094,-23.560766234904847,64.57540682696651,32.57162474930678,16.054734654259864,81.20446208656543,90.9980127302039,66.46478247314943,84.74313426025473,101.24220786765284,80.31845079360548,91.62392816003432,72.7481737886673,89.29402464095276,88.60447149676853,82.5348039655081
624,957.6550343558347,1283.99838297583,0.7638967597298111,0.08173867577968316,-0.05653073649738223,49,0.0,0.017747918093393926,1.8110509842225277,-0.6448266915703957,957.6550343558347,1283.99838297583,1034.2864696309168,0.0,0.0,338.4455857210792,-23.561546739112273,56.225512326153236,39.84296173038557,35.131867807127826,78.31651114683717,90.54553613487454,92.12981669079784,75.29295145653391,77.83693055145511,71.35895002170436,81.77670210278868,83.97376403215479,76.5844949002416,85.84185393592026,89.42861679394203
625,1614.3120456706883,1284.9505473337153,0.5443877286857125,-0.6578998871805077,-0.2629466253075502,49,0.0,0.034712062632654424,5.2261470496508124,-1.7954540635899403,1614.3120456706883,1284.9505473337153,1319.4149501279114,0.0,0.0,338.14709643908856,-23.561422909497345,66.68043478263174,59.235784195177686,14.848028054759318,98.80073710441415,106.79879002207525,98.5528263113551,118.9605264431797,104.50404455858747,108.33102268294738,101.96883117285489,123.16970399641795,101.99922303515615,127.69087290100957,87.87412486734496
626,1630.7889014981536,1286.9616156563777,0.6998599937031358,-0.26612267641221327,-0.17019318380921084,49,0.0,0.022997740554805694,2.8171200875788047,-1.124513400976337,1630.7889014981536,1286.9616156563777,998.9465644706457,0.0,0.0,338.1396067838358,-23.56058448868586,64.91714411574837,45.19092950498218,20.624254137738273,71.31893567822407,81.1616980124027,94.95161398561285,82.98389802308476,78.32998556813052,74.80100218915837,73.45964287514359,72.26824267808442,87.63490304754137,82.66403646215504,68.64027819263923
627,2306.142836058532,1288.2779578259722,0.9109510841464148,-0.446990929432261,0.12034290679904733,49,0.0,0.018453239532614997,1.6471912807604503,-0.541860086805952,2306.142836058532,1288.2779578259722,1006.6576236734279,0.0,0.0,337.83262357621004,-23.559707672744572,49.87274828680256,36.66226275127836,10.064975794660539,80.23045168893583,66.31073430583768,78.05195405091361,79.8202959742126,91.88217933983995,78.84189587677437,82.70669067943194,90.38966473921423,89.84203304208762,90.78946825848682,81.19226888495164
628,2013.356838269234,1289.6821131315767,0.599894524884222,-0.43880091505757296,0.001365996947256378,49,0.0,0.07401517034691737,10.333492199515012,-2.535617789925808,2013.356838269234,1289.6821131315767,2193.175538932255,0.0,0.0,337.9657095472064,-23.559338956604268,116.72795260068148,89.55250567263255,43.99763666565945,156.08880367121418,190.11935898305956,155.42195098358138,159.46406316048018,191.29193110832165,188.81274288076946,168.31626865752304,223.27618487763613,184.14631897894014,181.09718227322514,144.86263841853065
629,1486.977854234707,1290.9894636959527,0.5938516324573303,-0.25389077436730695,0.001742836006904912,49,0.0,0.115012746982878,16.899229778957444,-3.069667277751436,1486.977854234707,1290.9894636959527,2784.2902051669876,0.0,0.0,338.20497665184433,-23.5588983199392,154.83031362257364,97.59603045133358,60.06649003641134,189.74073083595587,227.9810290151117,225.53469105130225,227.72357079815558,251.1250660952256,237.01690585846458,230.88134538146008,241.03778027333146,218.62898607697,215.75958264129105,206.36768302940123
630,1985.3038113090324,1293.3037786392865,0.4929254949922639,0.1344333923137877,0.2943408416939653,49,0.0,0.016635921606849423,2.1680895126400404,-0.8401930217451141,1985.3038113090324,1293.3037786392865,1142.5046473323155,0.0,0.0,337.97846305100194,-23.55784472644575,84.29569697283634,31.650660846047142,16.959569729073635,72.4465492821902,73.39844760871827,91.44699122181639,99.87400891111454,102.66886612329708,91.18625029408557,86.37187084381507,90.64479918787512,89.09869060449972,105.74727439363524,106.71497131331088
631,2379.3357054601706,1293.9929767193614,0.962872432715689,0.22993780488583626,-0.14083592296592248,49,0.0,0.01407375791101026,1.1885052784723458,-0.18750278721839003,2379.3357054601706,1293.9929767193614,867.41481597135,0.0,0.0,337.7993608081491,-23.557254694485984,51.370711021728276,40.46441117426524,9.530770558316405,53.656317077041365,57.35557067977797,81.3381378997634,74.60058008356857,65.60577538594228,60.233968219860074,77.38392472085195,74.08790448959266,79.0763464522219,70.534911129049,72.175487079371
632,2029.3159250764995,1295.9887359607455,0.5672675976964093,-0.24507621962482737,0.0231227656302465,49,0.0,0.5937926601417021,86.55086098436182,-4.843178481189927,2029.3159250764995,1295.9887359607455,12518.656302980602,0.0,0.0,337.95845922908626,-23.55670235181398,645.2810491017436,510.9829645223811,206.5698530012344,891.7875973768766,999.9832981155478,1029.3950903241032,996.2259550870219,1060.9872699184277,1020.7896314320553,1062.1503145061058,1031.9600471509073,1099.5676190711008,1077.224144460856,885.751468912242
633,1492.9643577472618,1297.990634619243,0.8412553844009437,-0.2808726052806258,-0.04592016019055681,49,0.0,0.026689524562275073,2.8133888474325395,-1.123074403842961,1492.9643577472618,1297.990634619243,1693.4160882796364,0.0,0.0,338.20225439275924,-23.555982055119436,108.80203438183796,60.61378494402025,39.66805443569292,120.75131689392956,121.76147980696996,115.40637739865684,145.14176859328578,125.74132804153815,131.83473441100858,131.7895874598526,148.69718590654261,157.7165778097957,143.59763766406977,141.89422053243572
634,506.9473650817097,1299.2316529907398,0.46327950579251354,-0.5943261224990652,-0.45651157361293315,49,0.0,0.010330254986543554,1.3135782291699227,-0.2961398549390985,506.9473650817097,1299.2316529907398,1027.412682429577,0.0,0.0,338.65042682811037,-23.55468277956629,62.38672010869585,42.077717426673374,22.391118803230768,68.09714787458066,90.44184613586052,80.23186090386717,84.80554798172317,97.92880388606216,83.64645772163817,69.74718115216368,80.52115867628888,91.18418679484384,76.65237799687316,77.3005569670756
635,1814.3886118330142,1299.393822757924,0.6562519366133954,0.05522165843531953,-0.12189230753662986,49,0.0,0.05141387143946154,6.757727421926666,-2.0745016754851187,1814.3886118330142,1299.393822757924,1615.789386466439,0.0,0.0,338.0561538757614,-23.555374817702774,94.4605243304593,56.63276967184548,24.310368270568087,106.56324253186867,112.14705323175666,136.01953085315006,120.70881570464596,130.61976759724956,137.79723933506565,154.07490070538574,135.33323710932075,119.43259925085856,138.59252767839172,149.09681019587293
636,3062.9889972524747,1299.1482794610474,0.7511999370571976,0.7456988615333363,0.712404037768964,49,0.0,0.0156364709542072,1.9531207287822419,-0.7268227232009585,3062.9889972524747,1299.1482794610474,1027.8404289260495,0.0,614.7605132936476,337.4886433989984,-23.55409474009999,100.20533456026843,37.547120754205835,11.043991077265984,130.4958221921956,79.54513558679179,58.2602437745947,58.27721087310788,90.66133563541825,93.82775546923162,106.91902735727822,84.18095428841733,65.35925063410235,72.12189953067451,39.395347192497056
637,525.4173183727012,1300.463409904122,0.5878200942142826,-0.49175242624010557,-0.21571940052611618,49,0.0,0.02575864108883355,3.27631259923064,-1.2884633298242354,525.4173183727012,1300.463409904122,1212.909421797296,0.0,0.0,338.64203020089707,-23.55419602208537,58.51307373400333,45.49771028161895,27.020835383120367,107.77640965994583,102.36531340798872,104.15359497364672,90.6793361521456,104.28302163922561,87.9308884342521,96.49034671006372,96.35404430807199,95.47935331144191,93.4082737530847,102.9572200486866
638,785.9720405543653,1300.9899888607458,0.5957566527677142,-0.10330328818727935,-0.11438163907967841,49,0.0,0.008644584597089826,1.0295152701234282,-0.03158198151616133,785.9720405543653,1300.9899888607458,794.1527006590002,0.0,0.0,338.52360395473943,-23.554301782612395,30.720046557163833,28.27269327537904,13.367748079141883,68.45803070399432,67.38713407138576,50.014781926351226,82.64881592806256,70.43979521390725,69.16081761779051,67.70928145904267,73.89097488089536,67.77639924172223,56.90458028019836,47.40160142396515
639,2284.294401465655,1301.3889165259918,0.2190985979882612,-0.2541906587725605,-0.4175407577017652,49,0.0,0.00841383465499483,1.2422138320744869,-0.2354909020342905,2284.294401465655,1301.3889165259918,1028.6795956350106,0.0,0.0,337.84256748013803,-23.554264934917615,49.42796869042732,49.54084126695804,18.287578332207012,63.91872874144744,69.38359504368461,100.74556439642407,72.52109187930742,102.6998128782003,79.58714413408426,83.0231279717109,87.99462123193992,94.26667753104718,74.36016961996407,82.92267391760825
640,626.8596139885,1303.1151807210986,0.6939523993992696,-0.5482432301523249,-0.2050301814044812,49,0.0,0.03388474689176767,3.8599757401469668,-1.4664614378753633,626.8596139885,1303.1151807210986,1366.53614441922,0.0,0.0,338.5959200499318,-23.553228410234553,74.71369545215722,40.998086007312466,23.852486451469222,87.39291936277357,107.50034627236013,106.9177687612426,122.7290299747481,112.34448354215158,128.44954125581907,135.99513631365656,105.29873443386448,107.01872938126942,114.4218214570671,98.90336575332827
641,716.1303234877795,1305.2947234970045,0.7642485563506288,-0.23067960389062633,-0.1318647604334165,49,0.0,0.01744924969717768,1.8922646334908846,-0.6924546811528518,716.1303234877795,1305.2947234970045,1077.6353699553897,0.0,0.0,338.55534279737634,-23.552429832103318,54.3845426266431,45.414652510776264,26.929336392769642,71.46746113047902,66.71442296745282,89.82474331845724,85.15187933774664,105.38093037591995,89.99962563563307,84.37278407970105,79.73490335652194,102.2388793840318,88.94082413588893,87.08038470336845
642,707.6929579523571,1307.9714296500715,0.47502487096936385,-0.32661371703331976,0.1852179307174914,49,0.0,0.013851374511304412,1.9816443666723134,-0.7425642925653492,707.6929579523571,1307.9714296500715,1086.579578206295,0.0,0.0,338.5591742352468,-23.551304668736826,60.598456777278145,36.85370412643053,24.703684837081813,66.95082390742299,62.81385378277993,91.15915227942088,89.57982540033079,99.54104182114881,74.73242742414482,95.19227934211295,76.61224003664847,113.98956878871702,93.31596154101057,100.53655814176732
643,852.8610496009154,1311.1667371599904,0.8751714680958311,-0.36082254212079595,0.198091129414422,49,0.0,0.018538606013546916,1.7827863277108738,-0.6277482369949454,852.8610496009154,1311.1667371599904,924.0317538145775,0.0,0.0,338.4931905902726,-23.55013057570334,53.46377759374244,23.552381318847207,17.616426753924898,70.51535923869162,83.82137925658759,71.18895220412338,74.55779978653229,70.34032158334338,74.06071324442735,84.35878923777169,76.53114109967564,73.09425016989991,80.1205380404431,70.80992428656717
644,2730.2229489918386,1313.2826830589293,0.5047125650479083,-0.8381612649281541,-0.3212318658488218,49,0.0,0.011336631550101776,1.4529453029066444,-0.4056231632520314,2730.2229489918386,1313.2826830589293,983.8237096128042,0.0,0.0,337.63990604386294,-23.548775335557742,56.00472865820814,34.09771935430121,14.900673299044513,88.96941454538424,98.37168233012456,74.40488893339426,77.50463927790668,79.73421822658523,76.75917475376352,74.60560934145684,71.26162825892939,79.08271971169933,81.86595682459091,76.26065609741528
645,1611.3392418645617,1313.7970266836612,0.6178144438152207,-0.6226850916913818,-0.40359184328172315,49,0.0,0.0091795304134669,1.022843208458076,-0.02452266463172336,1611.3392418645617,1313.7970266836612,886.9181322666232,0.0,0.0,338.1484482092924,-23.549403649245484,51.723434052003824,19.682525901748257,15.04746418871333,52.59903568329343,66.02938941248954,74.35286752526355,70.39712274808196,75.95998570970806,77.72106589689166,92.99313747455398,65.34938143404133,64.13010395538413,81.13035286545022,79.80226541899981
646,784.9478419898614,1316.5577390498852,0.7332716585730955,-0.06091421949693556,0.2804982463825655,49,0.0,0.012121736094713424,1.255532195701488,-0.2470696345901342,784.9478419898614,1316.5577390498852,1049.4257290512357,0.0,0.0,338.52405127028345,-23.54781428215265,62.4742192111966,40.668747599878664,27.61969852582178,71.70985323164771,75.83264864361936,82.67311841172376,100.21006609885461,93.44272828009002,69.02470510353572,77.42032380736464,98.72876560302593,76.79237816270606,97.18167064388484,75.64680572788598
647,1055.69926729014,1316.3559655800882,0.5250686983851585,-0.3328458759202339,-0.08496579114704131,49,0.0,0.35189607085665836,55.14284332449168,-4.353722889566774,1055.69926729014,1316.3559655800882,7767.673391841077,0.0,0.0,338.40099417803617,-23.548141533974302,460.04975365125495,265.38789247638397,165.16882260226456,549.2273771901093,632.958882282302,579.4114052266416,615.6449661723308,665.6662164530151,631.8740601571819,617.0599781763312,684.4294181487955,644.3012910954894,659.1393891450862,597.3539390638902
648,469.54517657019704,1316.4301746540154,0.29207151444418383,0.12059066930835663,0.21004571253729534,49,0.0,0.01030524672058874,1.3585364199712144,-0.33267821395233876,469.54517657019704,1316.4301746540154,1027.7340260301512,0.0,0.0,338.66739844466133,-23.54746210038205,49.594421227210645,48.17010498038334,33.98855696181473,73.38762793123469,80.11963456242376,90.17452936847059,75.33999216618713,85.75071486972153,75.98556609710182,97.22881365633499,88.8089666779903,83.7069173715374,69.57397760325973,75.90420255648048
649,488.3636006332583,1318.0603788537892,0.3598454358744486,-0.39876551935424154,-0.691953509031332,49,0.0,0.00860996286388505,1.0796576273815217,-0.08321514308714026,488.3636006332583,1318.0603788537892,922.6849467449857,0.0,0.0,338.65884324260225,-23.54681074614863,46.54126347162703,30.105303393867715,14.164320784812485,68.3713684009592,74.27292108822482,77.15485023659305,64.16191063812545,88.81335539859623,75.42324866121075,75.794138421591,73.67777471436813,64.07476998153783,91.05350181455961,79.0762197389125
650,2847.041582845764,1317.9967409373305,0.37859047219500636,-0.6495561059441227,0.5079551127521998,49,0.0,0.007451098841508496,1.1422755273276703,-0.14442718088953832,2847.041582845764,1317.9967409373305,930.9268575666015,0.0,0.0,337.58682269059796,-23.54662797222615,57.37860646271258,28.713137359300966,20.94108323916111,58.692142253379444,75.74910213131253,78.49204523304903,67.64050941434597,79.71478220775693,65.46880282771221,81.22804236605675,74.38344715657715,91.66659481216672,77.25486329123808,73.60369881183202
651,1476.509759185136,1320.4592531428714,0.9400306207863041,-0.3685794279307998,-0.09053523249301455,49,0.0,0.014828836676725037,1.3278459186442984,-0.30786920760098,1476.509759185136,1320.4592531428714,936.8070236120309,0.0,0.0,338.2097297100578,-23.546617660935162,58.45061143717629,34.05713738632991,25.074263914819646,65.91527000365537,71.6662892760288,89.03497777054805,80.67712471002201,83.67678806373341,69.05383038534876,71.39151800440618,61.459263389081315,69.24683871391493,86.25912796596492,70.84398259100129
652,1957.480741867161,1320.2067004595194,0.4177917947422891,-0.9115388024041763,0.04997020392807971,49,0.0,0.008799037143983526,1.1392111099610438,-0.1415105292397828,1957.480741867161,1320.2067004595194,877.0428298742315,0.0,0.0,337.9911236714605,-23.546648905095225,39.96158847277485,39.81039946460486,19.785038005752057,62.06680909611976,70.63098127129285,66.67466340587029,69.05345663288742,79.20579390010093,75.31478047006539,87.25183185172162,73.64188277754246,57.34608858953153,69.39963406939933,66.8998818665681
653,2792.124933126047,1322.2692539402979,0.6188660712150347,-0.5328677612802608,-0.1594712805632234,49,0.0,0.017853858471059504,1.985570741599882,-0.7447134116263872,2792.124933126047,1322.2692539402979,1240.9473271669851,0.0,0.0,337.611788042179,-23.544936239717558,65.64206087008725,55.236196794515976,23.91228912086384,75.59112697852228,109.24560476399787,100.63440342965038,108.70803896114225,95.17149619547813,84.37733265381337,113.61535518485634,99.99734822886305,104.73218683007406,94.19159801501578,109.89228914010455
654,1053.7253165329118,1324.3477006334915,0.5314908850592355,0.3235328430517963,0.16874710031916249,49,0.0,0.011703541537167798,1.3855847786981723,-0.3540827594247691,1053.7253165329118,1324.3477006334915,4714.443467930298,0.0,0.0,338.4018850897198,-23.544810266792446,276.7821033091675,161.00342372290336,101.6245324702244,333.8476782563084,383.7162743629392,376.12190033771407,394.5487667889481,412.4228422657591,398.322760169346,365.1409560879011,390.4130437706033,390.79894223194935,384.7691000507146,344.9311441058182
655,773.9143710619439,1325.7220069564405,0.7924496561224239,-0.8824912576358793,-0.3071068982148908,49,0.0,0.011376335070814463,1.0531556104483044,-0.05623136425534834,773.9143710619439,1325.7220069564405,1089.4856563488804,0.0,0.0,338.5290550882055,-23.543983972429007,70.27330716960128,40.635575477287674,14.773195899703659,75.8457410107064,87.24946403711475,81.4101904181054,109.0841729093437,95.36069518319293,85.33936363695241,89.43285765500852,92.34851014660751,76.55994341340538,94.44264732056419,76.7299920712865
656,1451.1060682136238,1326.2965166763163,0.9115276917309652,-0.4812812090831005,-0.0763430995568595,49,0.0,0.011932439534638753,1.0353852550207825,-0.03775493969478608,1451.1060682136238,1326.2965166763163,1039.930532889955,0.0,0.0,338.2212746905088,-23.544180894159116,66.2010113735301,45.26453963876381,31.004290814071414,75.2633531368262,82.16037053597763,70.37708980083121,78.0291340060733,96.50818525313602,95.09563794613152,77.2297612310735,78.32326557726407,68.18163584029526,93.81005097115465,82.48220676482646
657,1792.7382260221755,1328.969507187266,0.42969027061597037,0.0536525338187611,0.6315033297635478,49,0.0,0.01087076214288894,1.4442552157849884,-0.39910986156971534,1792.7382260221755,1328.969507187266,952.8643801429021,0.0,0.0,338.06600298314675,-23.543057491254867,48.74190607184566,31.945314145433535,15.505198078150034,63.23924607708538,66.15582026654847,88.84414028078713,76.09671517891519,79.8718327634136,76.02535629911142,97.3128232960709,81.85973263583818,79.48425027396311,94.17962799647802,53.60241677926142
658,2775.0287830551356,1330.3816098609695,0.5710129968337208,-0.7004555958496559,-0.10489938605478269,49,0.0,1.632239192886634,236.33071044126564,-5.933800401293849,2775.0287830551356,1330.3816098609695,34766.51178715721,0.0,0.0,337.61957135152886,-23.541582954656768,1852.9226910070017,1320.0926383414164,680.7937508775876,2546.504109610747,2782.64108180514,2821.6301720784077,2818.6572151778437,2851.065176190556,2915.6258223985815,2834.6037330901504,2896.549533909485,2908.8443715520216,3001.3034951772615,2535.2779959410123
659,3010.616328759731,1330.270388250657,0.7044054194522326,-0.5294308022664654,-0.1370645842616262,49,0.0,0.012978141951906146,1.1447604241784273,-0.14678651724875236,3010.616328759731,1330.270388250657,1158.1992174810282,0.0,533.477200994148,337.5125087472085,-23.54122741346662,75.62077298919633,40.83345025017918,19.219765401519734,70.67283988238958,100.33238266401708,77.31223034866963,91.02160056877283,108.87143371285009,98.14191200219415,94.82582615466677,90.45843947937112,94.67937262432275,120.21355404257088,75.99563736030808
660,1341.9642130197192,1330.9334901847742,0.8669649239561812,-0.12354766851784978,-0.06596717647633207,49,0.0,0.013776688341898905,1.3221841603673101,-0.30322987513021027,1341.9642130197192,1330.9334901847742,914.8042785257486,0.0,0.0,338.27087804465805,-23.542219442394302,51.30752392634836,30.198363972172356,21.383859823171385,53.68521649361233,68.34258151763805,64.5817292491946,80.33246610470044,76.28823092282404,82.65447625995654,77.25808235534703,74.47304564148652,79.07373600390916,87.69246159379372,67.53250466159405
661,764.4944591806837,1331.7896087086135,0.4793982498388442,-0.25337799062935445,-0.07740966185702165,49,0.0,0.029697383124486346,4.374172152708533,-1.6022396785213595,764.4944591806837,1331.7896087086135,1575.2430808198583,0.0,0.0,338.53332900827894,-23.541445532036704,86.0431606672713,59.802318469805144,30.76782915470556,119.53731048604443,124.07880878048233,129.78694395429017,129.24320719726367,128.92505802099748,137.93734306061233,101.185264443697,134.18735098829714,143.77171065757682,140.88890216284165,109.0878727759734
662,817.3890995255265,1335.990237380546,0.39878103297435646,-0.22086191717994846,-0.11330430660251323,49,0.0,0.06591209645942614,11.879489437004242,-2.686994439269383,817.3890995255265,1335.990237380546,2291.6137469787946,0.0,0.0,338.50928497432085,-23.53975183777728,112.56875881308395,85.84480536031862,57.64096314012188,155.7449016703381,208.31979292958061,174.77328184572042,175.87032276656768,184.2982884116027,189.69153986628243,192.69013267405373,188.29903920336747,209.65852363322142,170.38882523870075,185.82457142583485
663,2271.115293441982,1336.3371037009688,0.5174381947434636,-0.4501464633866683,0.04833970949141447,49,0.0,0.01775637530504358,2.3793726784789055,-0.9411561760587877,2271.115293441982,1336.3371037009688,1107.6516735812208,0.0,0.0,337.8485913099604,-23.5397152460864,65.08523317807476,40.327790803354134,17.737081113957423,75.97144043091839,94.0378337707597,93.14810657320209,89.59995348660547,88.87871605398637,88.38263432256332,92.21160002444364,92.779732977227,96.43024447924836,102.20094435267433,70.86036201420586
664,1423.9672607590542,1338.039386729786,0.318220029104173,0.046012180867237185,-0.9070402813142886,49,0.0,0.009194091142931097,1.2395849175404061,-0.2331907084695324,1423.9672607590542,1338.039386729786,982.1807776039558,0.0,0.0,338.23360634392975,-23.539282215903896,49.22288704525842,35.73720788953785,23.06669915266599,76.32838111035757,79.10338285943436,97.71253437276371,68.85132324452312,74.8732850143758,78.36769749344217,81.86626046340822,87.35864278422179,81.82529586258059,87.31746196263263,60.54971834875359
665,2382.132926544603,1337.4254261242666,0.6625378694037467,-0.6312220346977959,0.004156557593145793,49,0.0,0.01988148794955647,2.333493731529835,-0.9200165964409173,2382.132926544603,1337.4254261242666,1063.627754139649,0.0,0.0,337.79813805366695,-23.53915538246209,61.224712734700134,33.03630209430567,19.327597273250678,77.69584851119,66.58840016758849,91.17977189497157,82.27115311252065,103.93203973046693,80.36827039475821,97.19304283619658,94.63722268941768,96.06297886461228,75.35904890302811,84.75136493264213
666,2744.1808220118314,1340.2084528033781,0.8479681907800147,-0.608532191214491,-0.15734951472047118,49,0.0,0.023425276593616217,2.405282232658099,-0.9529151081098866,2744.1808220118314,1340.2084528033781,1155.4994044333703,0.0,0.0,337.63360655921934,-23.537535819508626,73.57341441244066,41.638214794554635,24.73712044814892,88.78938286431371,96.58772572729637,101.85417414596769,94.20001268871872,92.65204492557083,87.77317275134678,104.56442403880025,68.18622159453287,86.72201930701652,98.98183472367715,95.23964201098515
667,2823.7040085786484,1340.4078879113183,0.4608236258686995,-0.5777452471720751,-0.13551995483610552,49,0.0,0.034984994347756725,5.154202077435256,-1.780403604122115,2823.7040085786484,1340.4078879113183,1674.9561813931502,0.0,0.0,337.5974682229168,-23.53732852042376,85.18790860522932,69.98713533448014,29.977656570797173,131.40870685743573,120.72815346470543,120.96612673631586,127.18177275840281,147.2544378895102,150.8204841221314,147.21674110133267,140.8449344809448,123.92123490952551,142.49315941617715,136.9677291461619
668,2950.905819920694,1340.252404205607,0.8616965680329803,-0.7972873969431107,-0.1581618034713379,49,0.0,0.011089408068395309,1.0141289979199368,-0.015233002684532159,2950.905819920694,1340.252404205607,988.0709501801323,0.0,0.0,337.5396630283227,-23.537177281258213,69.8426015767393,36.81450967080421,17.25651441553274,68.55850153109876,77.8422901868031,69.24298561242978,63.66440109913551,81.11649784676554,72.69255164501445,85.53045474071207,86.93639714223164,74.53179574169599,92.64445716022914,91.39699181094004
669,383.9557940675835,1340.9109828647856,0.6692572651937077,-0.03847642793846543,0.061478693923775106,49,0.0,0.04203914327465016,5.095814473151963,-1.7680340198875673,383.9557940675835,1340.9109828647856,1550.402620572859,0.0,0.0,338.70625414750907,-23.537129629897805,92.03610793638939,49.07520627015553,26.20632066128573,110.5305931436335,136.8449491757539,120.56307087366784,121.87134407699838,130.76038800008018,137.68410228242794,114.95812226107398,136.09753464735442,124.64402680170603,128.2465067859202,120.8843476564119
670,657.4014935856401,1341.9097392078286,0.4654849734822269,-0.20380006485002408,-0.16740534314076638,49,0.0,0.010362783625429693,1.3612600989620687,-0.3348527868356209,657.4014935856401,1341.9097392078286,898.7177303753098,0.0,0.0,338.58198603872376,-23.537103188992184,36.70660076591693,34.78460750227569,21.132386849953104,64.29860929253907,84.03590394899305,68.00999602503914,81.76561815995741,60.18935282123912,76.83565526119183,75.71927631085197,77.98196837108298,74.16655633145373,76.82101952247628,66.27017921233949
671,1095.023661567356,1343.2940751059202,0.7853384652639035,-0.11828206119479344,0.029391792588143405,49,0.0,0.030872594985744052,3.3890751433268096,-1.3252029955446074,1095.023661567356,1343.2940751059202,1176.6200327488577,0.0,0.0,338.383101387095,-23.536944725091463,73.7390063523736,53.44771342507795,18.48768691128085,81.45274881314563,107.04428687285463,77.94260696496694,90.80963286755413,107.87953153307657,95.48726569421586,91.11723215716987,96.12500895587877,97.89111295341945,90.20666304730844,94.98953620053513
672,2189.792494520683,1343.4309776621203,0.8221633208108436,0.03447530447617815,-0.0633309223609,49,0.0,0.012894248842322077,1.1822193613954817,-0.18174516895317727,2189.792494520683,1343.4309776621203,884.9592762655651,0.0,0.0,337.8855565929294,-23.536827130521885,53.45215264449568,33.91248374266633,23.519112929710925,67.04957789708756,79.45379194856793,52.954872974562264,75.00948412755804,68.42998071945894,68.0238873464554,78.71636170772244,67.36952668334817,70.37714148854505,77.64491395602676,69.04598809935962
673,3093.7554895523945,1343.1309988495884,0.9301801237157553,-0.7807006059854095,-0.08526803834580755,49,0.0,0.01361683887259925,1.5190622743622513,-0.453938945614035,3093.7554895523945,1343.1309988495884,564.0398839680495,34.46346770666679,269.1005568540447,337.4747548318214,-23.53570991288436,39.266710338743394,20.184584093063048,3.3849787212699916,79.49218236424157,26.577315582293622,22.96793103561135,88.44006636710563,31.624472675200202,30.797239679408584,61.31404771242071,25.010665555928817,25.196850167918505,41.36516692753402,68.41767274731008
674,2204.3013287813264,1344.6217128095834,0.4575254224526289,-0.16359665989481215,0.10309018988734207,49,0.0,0.03272896450972256,5.242853104530963,-1.7989192243027445,2204.3013287813264,1344.6217128095834,1442.4978008426206,0.0,0.0,337.8789638314368,-23.536319575106067,69.1335597374438,53.08942708625632,28.806746475715073,105.7458588020742,132.24253114263618,122.93703629656359,117.00487331856255,125.63053241154857,112.66642636235696,127.46099208030262,111.44847362634073,113.89803425357559,113.20358971084974,109.22971953839475
675,1504.1718272464534,1344.49985553771,0.420324894868284,-0.8296620855649297,-0.10597822506961498,49,0.0,0.009376090162255301,1.190866550225569,-0.18965774176769334,1504.1718272464534,1344.49985553771,935.8012629600748,0.0,0.0,338.1971536995949,-23.53660480797179,69.04733544198538,29.66366862147474,20.879971939937032,62.725161097255146,60.85325899145352,67.77364692335847,86.92169195432062,72.02765381030699,78.77380098972424,72.48056216690351,66.53235946717982,82.55747570440658,97.78754349322952,67.7771323585392
676,2673.737872633979,1345.4433747503529,0.565933463417374,-0.6573055702559778,-0.05351552953373077,49,0.0,0.30793788850466647,46.535453936462254,-4.169459886636438,2673.737872633979,1345.4433747503529,6314.32343857669,0.0,0.0,337.6656272021927,-23.535457742158364,350.81209658261406,244.94356563290987,112.4200033129517,507.3073383787846,489.0808110272444,565.7016229669366,497.58263876070146,513.2494636919481,541.2507973577558,532.0209826039953,476.23472668200884,531.6346379644878,538.3581025070955,413.7266511072561
677,2841.102177524903,1344.7912269134108,0.6819428159231903,-0.8539478092994414,-0.2434768423938185,49,0.0,0.11665026570162754,14.790787302508903,-2.924978229453851,2841.102177524903,1344.7912269134108,2896.5366754974675,0.0,0.0,337.5895696192688,-23.535473937776544,162.95768162470085,117.33455036926392,56.55552752536495,180.22337963313174,232.71949593614127,235.0003647651845,248.31370371534817,256.47167346558,235.32301161442643,237.7191770711085,237.08702759232366,249.72708854068753,232.8905251700806,214.21346847412462
678,800.5596001552603,1347.9045292291582,0.26650519418441165,-0.44584044704399023,-0.19524222182535964,49,0.0,0.01587078480673919,2.7342621895097254,-1.092100392256277,800.5596001552603,1347.9045292291582,1659.5213604909284,0.0,0.0,338.5169198209718,-23.53477008356205,80.22200430514724,61.22296697656765,29.72238789436072,125.29028144082996,142.87141144246652,114.45300318803729,160.27924184154534,135.1649228720495,120.8691246936103,138.66505164333455,138.7598247272815,143.87628470071746,146.857344223803,121.26751054117719
679,786.8055719313388,1349.8627188503003,0.5700750001160527,-0.3287580228802967,-0.099747969721855,49,0.0,2.228343259025746,331.56178919687363,-6.301411186351653,786.8055719313388,1349.8627188503003,42982.2853066635,0.0,0.0,338.5231680902466,-23.533939546720827,2351.9217547291173,1557.4306784316998,825.5760633198383,3148.7240374665516,3502.3289244705584,3362.8738115029964,3616.6399278729778,3579.2514812349427,3600.4447001112867,3571.5828141215648,3541.943930912489,3535.9331391086894,3620.786310118289,3166.847733262509
680,1349.0096719769874,1351.087961995947,0.685320228123167,-0.031877983847700915,-0.013114497625891858,49,0.0,0.032221048063434475,3.895527762139662,-1.476415759423343,1349.0096719769874,1351.087961995947,1258.0231780090633,0.0,0.0,338.26766866281076,-23.533824164330685,72.20695562022345,61.22803033298722,23.388344651514785,76.83970178419862,106.31710969444072,105.90793698229257,98.25207164759944,78.81243283197935,108.75261039173665,112.40323981522442,117.2715618082737,105.30627527812304,102.67142103713259,88.66548613333666
681,2211.423128705508,1350.913698529902,0.9353537448459751,-0.016479461351467353,-0.2627041524414349,49,0.0,0.012809237902712987,1.0300413601840788,-0.032136659187879106,2211.423128705508,1350.913698529902,1024.1713883190905,0.0,0.0,337.8757327301435,-23.533692245291753,57.60599075592823,44.00520682779244,15.577449092443842,77.63966662192317,81.20290022254996,72.98782119518677,102.36125257738647,75.01564441782887,80.74940955677545,89.36757826414417,90.1737424273853,74.77390534486142,82.65415838427509,80.05666263060937
682,1638.6939425645944,1353.044698846086,0.5812889032739655,-0.03704446475265113,0.22143237732329285,49,0.0,0.012007364631811013,1.3134783843356619,-0.29605732519770656,1638.6939425645944,1353.044698846086,1094.1851148661565,0.0,0.0,338.1360170987666,-23.53304962939498,58.28236811926768,41.72871781493948,21.2628932600433,75.21212506204209,70.86179574691249,96.12908584043684,84.42306511432803,110.23065524300364,82.18285969347684,103.99192579775182,85.08073679149108,83.8883415785489,101.7627741624899,79.14777064142447
683,1932.357546983209,1352.4150367550947,0.6552787471707405,-0.1962890809179655,-0.3850132843508597,49,0.0,0.01078432854421448,1.2123806604917158,-0.20909750006063846,1932.357546983209,1352.4150367550947,880.9260394553116,0.0,0.0,338.0025576731073,-23.53324028664599,40.65625881229097,30.814119383146682,17.190215227974665,61.481449853653345,73.71376802830731,67.53536628552584,70.03395151260546,64.42692925819534,70.13773096836607,78.28120547548139,78.68574228607227,84.88244931867948,69.30562034537414,73.78123269963872
684,1520.4796830895484,1354.1632800140476,0.6745847739876046,-0.17653453899601151,-0.2284010170411583,49,0.0,0.014038907330056569,1.570980203292484,-0.49042678078101987,1520.4796830895484,1354.1632800140476,902.0402921138392,0.0,0.0,338.189741065164,-23.532580293158475,49.088217504257614,38.697215664114076,13.90577520082022,63.15218156989593,77.67706199687842,72.42188539819955,73.61946731757132,78.11942195203574,79.8410011863202,58.633337369548734,76.03272858637459,86.82918018906307,66.05065037847456,67.9721678002852
685,1548.6409222825612,1353.7904328416323,0.5970686273331828,0.13904241958679395,0.5050053182724167,49,0.0,0.010192996977588714,1.0408542553008413,-0.04347480516467843,1548.6409222825612,1353.7904328416323,956.746160247802,0.0,0.0,338.1769428781567,-23.532738095989462,60.38730932844928,50.08013073101936,16.442729697122566,69.46297914211033,73.75043697152962,55.59126448928639,67.46863572628065,82.4652209319884,88.60805288613926,81.80141701784532,84.265073448191,77.66560414863142,87.46821513354845,61.289090595659935
686,2005.2170955937581,1352.757331235596,0.6824697123628478,-0.0949650220828807,0.17554702015777404,49,0.0,0.020198569229719087,1.5655501345672276,-0.4866674496320447,2005.2170955937581,1352.757331235596,2467.6038379844376,0.0,0.0,337.96944606297114,-23.53306225613676,118.68711277692383,83.1983563162209,48.5233050706344,190.7844490085952,251.85440657603755,202.76904208493028,200.68175061339608,180.9396974971841,202.6888649342032,198.04717189541986,185.68913489291015,239.52514621893002,188.85717052901262,175.35822957003987
687,1074.3902571162428,1357.2282126667471,0.9058800980878394,0.21338398228439046,-0.20184412729328632,49,0.0,0.017156356264313843,1.6204887670696595,-0.524115062322808,1074.3902571162428,1357.2282126667471,922.0250590087322,0.0,0.0,338.39246814589984,-23.531124857898078,46.993422262328835,40.67016019225719,21.953504753565156,69.63070125280028,72.52722685236765,75.91355004095027,74.28408968579714,71.1281973082119,68.1846502793075,80.09587190811438,84.12704983384789,70.36422875778973,72.44741688467802,73.70498899671631
688,1567.1244520314158,1357.2412038970945,0.5998934304770057,-0.4512910158657008,-0.6825187814989597,49,0.0,0.011094139015477972,1.2019951932783817,-0.1997568273680313,1567.1244520314158,1357.2412038970945,1028.399074205323,0.0,0.0,338.16854263887234,-23.531301318782713,46.83156599592715,46.08483940038842,24.973664500806557,72.11911932894837,78.20350127804699,90.96403142074003,70.70263851369495,81.7863808963023,110.76860151298182,93.06499817767352,78.13792436724165,69.28309521023908,85.24269033951875,80.23602326281335
689,1046.8568503282333,1357.981423586801,0.26924790790797104,0.340157614275814,0.354955924634867,49,0.0,0.006390316289091983,1.0081307445352992,-0.008792148597312279,1046.8568503282333,1357.981423586801,808.9791775457576,0.0,0.0,338.4049800899478,-23.530791410850625,40.86644758094265,28.836744805602603,11.849676422280776,60.76585021384956,58.16861056065272,55.557193035066945,75.00572987281063,68.18534859471545,68.41425806855109,77.20369648236631,53.59707608854278,64.59220427270253,79.4444083810192,66.49193316665429
690,1101.518015421104,1357.9219594287404,0.5056105855576573,-0.013364875555918566,-0.03025899349779508,49,0.0,0.036537213228431065,5.42686739614697,-1.836373024639113,1101.518015421104,1357.9219594287404,1518.7870725575797,0.0,0.0,338.38013943242476,-23.530854145896175,78.94693736621787,56.927545226931656,18.007283550616936,120.34469544769468,107.70320565461651,118.79533474664582,115.57373736579372,128.83766957006588,138.98740935485984,125.56894753299105,108.53688042995506,162.33708406440596,128.79987293574771,109.42046931103701
691,692.5145561535653,1358.8943409466092,0.7107094314706047,0.14474079496607573,-0.019187198325545607,49,0.0,0.012183551578025064,1.3049759682512838,-0.28900628502491194,692.5145561535653,1358.8943409466092,872.3315674179221,0.0,0.0,338.56600661903605,-23.530069369633008,43.61853716859282,27.035889332440988,14.441568462439871,66.70136606140898,68.33554301480508,67.37048919087864,81.6986711347806,74.77306303391566,77.84094683935564,70.39675091075691,76.15298167925853,74.30921432779266,59.72220347775894,69.93434278373671
692,2757.7324171103537,1361.4535205876232,0.5129948151609092,-0.6592049269840564,0.49767661649271383,49,0.0,0.010493333261456595,1.312261324851141,-0.29505082357403334,2757.7324171103537,1361.4535205876232,1019.6696264429611,0.0,0.0,337.6274833506352,-23.528663533441684,50.07938712868582,43.54137508259028,23.731004055754227,74.86940851513515,76.94614810933605,91.46817919608918,83.29809555556804,80.00786774724119,81.18831780970983,77.7649566078071,72.81424816867826,83.92326579174416,94.167223209112,85.87014946550985
693,1436.246430761381,1363.5256376851871,0.3801726325165594,0.14883453863427823,0.048631316461693726,49,0.0,0.014756653886685551,2.096394883316668,-0.8036827276168772,1436.246430761381,1363.5256376851871,1198.1627178953631,0.0,0.0,338.22801965153275,-23.52866575050646,57.02552360424132,28.813638800933738,22.656033781302533,84.45380453146814,85.08390451949674,109.47477094924739,108.73718793549637,125.04860421770367,87.16400907524365,81.40693977119982,109.31472405948283,104.4000776002671,102.08869437182187,92.49480467745786
694,1390.020426587726,1364.6684569377687,0.7427231571590426,-0.40592108677438954,0.09341569522806713,49,0.0,0.013851389641634801,1.4643954939595885,-0.4141459596477831,1390.020426587726,1364.6684569377687,923.5870420531974,0.0,0.0,338.2490266106671,-23.52817815102724,48.890523716773735,29.77925997466101,17.25269708759216,70.74591745174217,68.53827243916223,79.82514083564685,78.92882940255414,74.43914959983907,73.01040325904806,84.31134360472423,72.92837913574,80.02971962028109,69.08617207770232,75.82123384773031
695,2028.0921755299385,1363.8935090943332,0.28990521176525846,-0.8451563873362272,0.0898977946472332,49,0.0,0.02281204763669713,3.5827459641275055,-1.3855400386340155,2028.0921755299385,1363.8935090943332,1530.982954024203,0.0,0.0,337.9590570963186,-23.528409661225947,85.97427943980284,57.51951631782515,31.382343421671543,109.77590004195186,122.63865077908477,140.13224468228807,124.38236831972687,119.59077211224884,137.2417769245333,130.07936629056425,121.83915683832666,124.68438303892609,123.8304523091615,101.91174350809119
696,2147.4327137280247,1370.0842498329996,0.5024879855811186,-0.5354077551783095,-0.3813460542803501,49,0.0,0.01897039489624028,2.563008965472593,-1.0218753134009775,2147.4327137280247,1370.0842498329996,1189.1022882201978,0.0,0.0,337.90482866580874,-23.52575350110984,52.60013454979017,51.68995044347886,16.55338356515236,78.99647068537269,87.03998999208049,78.94372539588134,87.62167726558026,109.91955329036864,105.59821680044493,108.43577088928916,104.74141984294299,120.55552603777417,93.83069361932229,92.57577584271928
697,2625.402535502114,1373.1316496403329,0.6264601879276376,-0.3161813214408372,-0.16053663991836223,49,0.0,0.015998335349940395,2.1166491427887806,-0.8141221875863286,2625.402535502114,1373.1316496403329,839.6413561835573,0.0,0.0,337.68763353897384,-23.523988293890472,47.44300503820364,21.198273074615305,13.775348550391154,60.03379665352978,63.80649535889326,67.90618908979825,80.54224991452142,75.72142558436575,69.46729588206594,85.66136170620082,56.87476539263692,64.16706499490894,73.00506038490755,60.03902455851862
698,1242.648352348391,1373.7178132419403,0.4645752640067311,-0.42993253921184027,-0.29005216607465606,49,0.0,0.014677589192101468,2.1864718054975323,-0.8493597037496523,1242.648352348391,1373.7178132419403,964.8045063773349,0.0,0.0,338.3159944374559,-23.524352362858743,53.44744725551165,37.646459690708,16.807412759774625,73.51117926877012,76.46464634425149,84.76457127312568,59.94621402437858,78.11565784183989,68.37563259604227,71.79534588744404,99.84794224174686,88.42670592946914,86.45452602983832,69.20076523443427
699,2450.057784435153,1374.8719041517707,0.5829024481089746,-0.7107068760568018,0.3419511175566578,49,0.0,0.00984090046598134,1.0337347381293007,-0.03602277690898934,2450.057784435153,1374.8719041517707,909.8915458630422,0.0,0.0,337.76731403363016,-23.52347996346324,36.80149427854424,46.094058612860884,12.88866974506955,66.78671031361068,77.06005393640042,71.67868242216544,62.66516445008144,75.7464559505968,81.50132441016629,82.82699512375825,84.01007108980347,70.53953403928425,66.39501600449103,74.8973154862094
700,590.3203245490982,1377.3242574141982,0.45058466138824677,-0.08497698139415688,0.08687673862863597,49,0.0,0.013020424230641224,1.8537279790191759,-0.6701150123874384,590.3203245490982,1377.3242574141982,984.7764761022406,0.0,0.0,338.61241996857234,-23.522261194048486,62.47279258601735,39.74563562959009,22.82373031282206,100.03724917232324,86.36507703339774,63.474991908829814,76.54000223454642,62.15400446823006,74.6952015461482,75.41450259499531,75.90520598966549,84.96704990344406,89.37477544934666,70.80625727288401
701,2287.8829625427325,1376.8522161251688,0.7409704520287606,-0.3687077631262728,-0.10104889371917636,49,0.0,0.014214917173847432,1.4268883473733196,-0.38597497830735983,2287.8829625427325,1376.8522161251688,931.7345101323402,0.0,0.0,337.8410107469185,-23.522819224780843,43.812716147055525,35.4177668850846,19.28304294290821,61.20344381863184,87.53728218297582,78.97909022731068,89.4688710262583,75.32412713959238,70.94033706853998,84.68753762768884,74.33428269055929,65.52040789492763,63.81335315603134,81.4122513247757
702,2795.898516608719,1377.9873549995664,0.4716634986398121,-0.7238855522755316,-0.1984465646342685,49,0.0,0.01531442139039755,1.9440584894102697,-0.7217733176870673,2795.898516608719,1377.9873549995664,1183.948718875871,0.0,0.0,337.6101685343347,-23.52171553759147,72.29285141014248,64.0694098646879,25.35861055983116,90.7814088237011,89.52200207962358,90.67307031490509,108.9603876692215,91.17576154055745,89.43414888405894,91.88608833121557,112.7377495228792,95.68339229460224,84.16369928849343,77.21013829195134
703,1473.8844684932888,1378.7935543327822,0.4557616732341529,-0.48436574679553657,-0.029237232894413094,49,0.0,0.01203598271893456,1.6920661371814116,-0.5710433353680102,1473.8844684932888,1378.7935543327822,892.9693522141847,0.0,0.0,338.21091234407703,-23.52231136124417,44.9757936380601,35.62285473973198,16.574785212816977,59.81160101829939,66.3375166026365,73.00599667397837,81.52126356186902,75.84761100022531,100.97363612953035,70.54847871940724,80.53629473623225,64.57650995645332,62.882073478999324,59.75493674594463
704,1679.353906041239,1379.4745894226976,0.5154445342913861,-0.14463254486898364,-0.0328582074377879,49,0.0,0.0441756469635816,6.843288898569244,-2.0881621867604823,1679.353906041239,1379.4745894226976,1556.2592584559582,0.0,0.0,338.1175416088986,-23.522034069050576,79.47550669744464,45.229443530813484,36.75190461853968,123.71780191075294,125.19197675265761,127.52872715068574,131.84969687108514,123.19457313744263,130.90318990024664,111.78725562247644,118.83913728256374,133.92003130687843,135.97834806880152,131.89166560556941
705,863.4576557037285,1382.287011812112,0.5546967537877744,-0.24721139668163475,-0.38570300099132715,49,0.0,0.020542983818023094,2.84242315035757,-1.1342218291102322,863.4576557037285,1382.287011812112,1016.9210801437473,0.0,0.0,338.4882992126843,-23.52050812368246,56.73532186884614,35.479790858276544,24.96540506497326,89.26008206047527,77.66226538528437,77.27867622425958,79.93939854798879,78.73040492191461,65.54840860540625,80.2786409507023,90.48538480301563,78.44271100284004,96.59486197662122,85.51972787314324
706,2430.3964637988447,1384.3498030758537,0.5835687855031666,-0.20896444612337264,-0.06448438635056235,49,0.0,0.2504011107934302,37.205600266301076,-3.926520789334801,2430.3964637988447,1384.3498030758537,5113.90737201447,0.0,0.0,337.776259652357,-23.519552710491073,288.4002257503653,191.91991398838465,98.72514625802175,356.0803961825901,406.35942728505484,383.8732303447933,466.83380952895607,421.607791545227,396.6601055667913,436.64720969783826,405.54450105036653,427.1120596809249,438.75588833834615,395.38766679680884
707,1942.1599169814267,1385.5949534341146,0.5491764680847743,-0.4082217424164399,0.0023522293614840614,49,0.0,0.5366014625120757,82.24454761765612,-4.7877677903223725,1942.1599169814267,1385.5949534341146,10840.852123046818,0.0,0.0,337.99811912090894,-23.519411055275047,524.6551378518461,366.48850277673284,228.8248351643456,804.7527484070608,871.5564436411514,926.8685522736664,870.8362634591687,919.4407734194558,946.8727840745634,884.0498604089752,915.7242216701893,905.1321783667549,833.3266661497227,842.3231553831848
708,1181.171224603108,1386.7944732500475,0.64957036827368,-0.11182965211587363,0.07446410527703118,49,0.0,0.023842908150657035,2.387059618183063,-0.94465816473996,1181.171224603108,1386.7944732500475,1337.0414093855086,0.0,0.0,338.3439236200675,-23.518872287629495,77.30183057451227,53.01624445945015,20.185455094729996,101.3362342788839,94.81158004276483,127.73865065406139,108.47272211192603,129.32169557279033,100.42384659847868,103.20163393943986,105.46862522910547,123.8032924648851,96.94911611408239,95.01048225039804
709,2356.986730110854,1386.493779777673,0.5910757216758294,-0.15413194182848716,0.07185759872881196,49,0.0,0.030877313057630796,4.331996306586409,-1.5917201941965575,2356.986730110854,1386.493779777673,1235.197616908488,0.0,0.0,337.8096194274256,-23.518736190561604,64.1535568961792,35.557656238603634,21.587834976145288,102.38009709234805,97.03104588398128,111.32877009703525,103.36408045529362,106.3665187043132,99.7985578871544,104.3846130813105,93.96986449893664,98.63863356212818,105.98015590866521,90.6562316263936
710,796.0901820047417,1388.038618668293,0.5518484904415315,-0.41634311766720183,-0.14675790001114233,49,0.0,0.06290861840566171,9.26758282713781,-2.417416190344011,796.0901820047417,1388.038618668293,1839.0578057320902,0.0,0.0,338.51890469196377,-23.518043202854443,86.17585966595887,64.8126783029224,31.226068744612004,146.2571756412205,143.57314476521444,136.3934452397648,149.18005476628042,149.18524313315112,171.04212430008423,141.57914539394733,155.33300034406705,162.55837935591296,156.48408908316367,145.25739699579026
711,1035.5880273059383,1391.9897917346866,0.5852557944093013,0.38358065553562204,0.14961434766527493,49,0.0,0.008265964396607612,1.0179871460603735,-0.019355735693661537,1035.5880273059383,1391.9897917346866,864.137652574907,0.0,0.0,338.4100736486426,-23.516613122128195,52.49063314901224,34.802896324579905,12.87501438282539,55.824270944863244,57.70726023071481,69.3488045094847,75.20052020528423,65.06256733759712,70.62857117905175,77.62865991488098,80.4625367695258,85.86517969490014,62.79230105416283,63.4484368780239
712,1581.8488103458808,1391.86853126877,0.4591475692186337,-0.33451107945615205,-0.2606323667178698,49,0.0,0.022153445312834946,3.620735271139955,-1.3969919317014474,1581.8488103458808,1391.86853126877,1157.125382251595,0.0,0.0,338.1618501144915,-23.516873810300343,70.01711702273995,23.8977133668523,21.44042672384405,84.82174351192992,86.30117937454898,78.43334843683608,96.42525147529295,93.95441237261616,94.46526436070872,94.73176279030332,102.92648135200552,101.27885654477697,116.56064458445205,91.87118033468793
713,680.2051707039911,1392.7052404370295,0.6225953538324454,-0.15590549391361488,0.06852979723791348,49,0.0,0.03207216523272686,3.9091966453026497,-1.4802187935158946,680.2051707039911,1392.7052404370295,1390.7269767476453,0.0,0.0,338.57155580033356,-23.51596706139489,81.42991436003766,53.71772220616462,28.670455468914156,90.09780935110166,116.42069127635924,129.0148308507591,115.01616662351194,111.72114759664825,134.30257650512618,99.18645666962878,105.00655841818985,108.7981944685653,110.30397045091206,107.04048250172654
714,830.8239790697123,1393.0900433936497,0.37483582284355915,-0.3702823604418828,-0.2924924314255237,49,0.0,0.015074460754566104,2.5855057652688753,-1.031363776292913,830.8239790697123,1393.0900433936497,1068.1239915668177,0.0,0.0,338.5031162247648,-23.515974533405473,77.24588261112898,38.9045290255045,13.552569185182126,54.02795066761706,88.72972378577292,76.86931937775762,86.01549234777613,88.5317311047546,111.28714705887282,87.10802055107732,81.08847043139778,90.83767353204586,93.09133850894614,80.83414337898394
715,616.7784100611518,1394.1809530252774,0.3646479671281953,-0.35809441948059956,-0.041645829410876176,49,0.0,0.021568490794351074,3.424739585837656,-1.3365688842911965,616.7784100611518,1394.1809530252774,1276.71372154727,0.0,0.0,338.60037363735165,-23.515272589290547,74.54222348048188,51.52395867494302,22.754312156954903,88.28341306613436,106.79103977312481,103.88370953047519,104.88098507480379,86.33414281310924,97.86665658041778,118.20864238981378,92.21068395324465,109.47955506611862,133.04426720046155,86.91013178718659
716,494.14211292000306,1395.5719639668241,0.9524484622877852,-0.253760948627793,0.2664811005341592,49,0.0,0.014618377453588809,1.2676535977790335,-0.2575014833790756,494.14211292000306,1395.5719639668241,993.6379351050462,0.0,0.0,338.656094126217,-23.514524059799985,43.914122327494155,46.90547097337384,15.287495508624229,72.48115139184702,80.44303550638566,84.89602241301183,74.7661336795343,92.37648820285946,80.93266107474872,80.99131364469336,69.469315651186,91.34430790898392,80.9990478500797,78.83136897222383
717,360.9660148123096,1395.8763052032095,0.7199563781390473,-0.26646356096012097,0.052762760372763104,49,0.0,0.1789325361955451,21.708815026383807,-3.341590295445366,360.9660148123096,1395.8763052032095,3956.463389873404,0.0,0.0,338.7166039409053,-23.51419132373366,189.58679625856246,151.46803269480517,88.03765612604701,310.5589362396473,314.4961539351881,316.98344156407416,321.4998133884267,330.4045473428413,315.37670062852317,331.9271231223204,308.75251092193236,321.7314283148588,334.00170169208684,321.6385476440904
718,2928.035124967261,1396.2310703589033,0.5222992239902124,-0.8572663723858508,-0.35359038333610543,49,0.0,0.011768443937213562,1.4341376145347813,-0.39147706655394465,2928.035124967261,1396.2310703589033,1003.9838962815662,0.0,0.0,337.5501626733795,-23.51389460943305,53.10278012418463,33.38964947722964,17.435925931499497,71.7535520481226,69.98080049297357,80.29978885746709,70.41922554489406,83.62552257745082,86.37911155110898,83.27842865338398,95.78798290358219,97.47817318742449,92.86241915526634,68.19053577697834
719,1768.887166857429,1397.3577674848796,0.22598250658514435,-0.37111118907834073,0.47262183361944443,49,0.0,0.00640064795974455,1.2034153053545906,-0.2010388266575252,1768.887166857429,1397.3577674848796,849.5679742332491,0.0,0.0,338.0768597316989,-23.514568171454243,31.622295846075843,30.450384061375424,21.914283659733375,71.1390770637875,61.73057678439207,64.52327789921338,61.418493900656294,63.704772360731425,55.93296028185195,75.45632357279635,69.75806775145413,79.47224966568206,89.74379833575944,72.70141304973995
720,1694.4900531467974,1397.528162511165,0.6136704744463678,-0.09192956114463116,-0.5059849654883364,49,0.0,0.01374721917938589,1.4705743413174883,-0.4187174602544018,1694.4900531467974,1397.528162511165,958.8056501252081,0.0,0.0,338.1106657863985,-23.514510041659825,58.531415253509124,42.60493451753598,22.072393189468748,60.93074232547878,94.48786381441761,70.25310518196153,79.74930299632227,95.24007682512347,68.69041118529805,76.56666549987548,57.104977370051905,87.95189504028593,63.88957306717144,80.73229385870786
721,2524.032716781154,1398.0177435896696,0.6475867903639485,-0.5024242757602909,-0.1321814914382054,49,0.0,0.03971814557093706,5.165595761564723,-1.7828010426348249,2524.032716781154,1398.0177435896696,1355.3430743340664,0.0,0.0,337.7337297139745,-23.513749646973828,75.21623061865967,64.27209518431981,24.433962199364508,101.07075113482924,101.62903521724719,106.03723990522664,126.73120842170226,101.87209133243117,101.16298372237942,100.41236661576723,125.9748728602029,107.01979319305164,116.34028366019743,103.17016026868737
722,2641.767656351029,1399.850083794362,0.7083139693892209,-0.27419864381790116,0.3215743404957389,49,0.0,0.0257337427997345,2.767499422262448,-1.1052188472208424,2641.767656351029,1399.850083794362,1401.4869020690296,0.0,0.0,337.6802370207597,-23.51283372027834,66.16913997444009,46.52913018533273,18.6607038133225,103.33845808207622,124.44266559266181,116.2581800434941,102.57894020143522,118.73995474637357,120.57306129574039,129.53307848719422,139.9932311906536,111.6985242921881,110.96206605880434,92.00976810531256
723,200.3761179139934,1402.283564163343,0.46371132675427235,-0.07047491769391373,0.22799366892062267,49,0.0,0.008689693118369125,1.005374155791678,-0.005819292588892537,200.3761179139934,1402.283564163343,1169.2185510498539,0.0,1002.4888496308861,338.7895555185852,-23.511242392118685,68.21277970423341,47.276487299307675,22.385991062294902,65.70079751602941,75.84374796472078,96.05212177462205,94.3945995136728,99.31641297664996,97.52955720794853,89.00450404847865,106.78866224987934,119.38873158459796,94.3246571448523,92.99950100256616
724,733.1184942123095,1401.547732615119,0.2975406368895586,-0.6255179126489792,-0.12321309721830229,49,0.0,0.058902265487512914,9.013778717124422,-2.38726723049021,733.1184942123095,1401.547732615119,3260.3268917776986,0.0,0.0,338.5475018371604,-23.512345142892737,168.341199304204,142.031273757507,69.2600653162775,217.37930911581458,257.5121373255599,270.0135503510371,279.7019227837264,306.85894776146824,275.64846321447857,240.2337792469301,271.97922203193343,260.25275450711985,270.7998253184629,230.31444174317892
725,1882.0671434566123,1403.5400823392324,0.8397928356867294,-0.753750004228178,-0.147737286185474,49,0.0,0.011796380765510383,1.1458501512034691,-0.14781956597939783,1882.0671434566123,1403.5400823392324,860.6063712464736,0.0,0.0,338.02543338010986,-23.51195864780778,58.66163694418979,23.526192651961985,20.217155413478793,65.90755722048628,71.42720037284222,77.57128413388133,87.2124246127861,64.6803228455953,74.0520330312168,73.42263242792112,53.80491830029271,68.36711779322006,67.71233655435555,54.04355894424562
726,2577.6928205257286,1403.6238703942054,0.689514961092394,-0.37740587132603787,0.14893229824741983,49,0.0,0.020210595133239573,2.3365142526597498,-0.9214210863760098,2577.6928205257286,1403.6238703942054,1028.5596579510882,0.0,0.0,337.7093558334187,-23.51134660624289,50.07119535749837,36.04323765778678,18.758823083519438,69.80806938673223,75.219506088266,93.22457727409513,86.37132878466792,104.49599449255396,80.59173080413092,98.59497806905642,84.42199922862758,67.93325235907655,82.29410652789865,80.73085883717816
727,1599.5232954795897,1405.0701838281016,0.41920939740753693,0.15408671110374894,-0.011211394304867948,49,0.0,0.0074745000338919685,1.0400129608332391,-0.04259687897599605,1599.5232954795897,1405.0701838281016,865.7742902650598,0.0,0.0,338.153818666051,-23.511373362327635,62.21825363880083,34.2097898279968,9.772993714365061,74.9021985504831,56.732491111316214,56.7125453651304,72.7376183786283,60.63784707602174,66.88910588021133,73.81088198308822,78.66129277288543,75.92321826490188,70.01088586711256,72.55516783411781
728,2636.6228034306514,1404.4878940412975,0.22699776882719858,0.3271923729326632,0.11965899077212198,49,0.0,0.008110199266704829,1.2329693519778804,-0.22738070358926088,2636.6228034306514,1404.4878940412975,1303.5277131014127,0.0,0.0,337.68258155150454,-23.51090841316022,62.38807234628782,37.28580133440252,21.116928371218886,100.60091904897646,112.75240212751095,107.6873654464983,101.08799867403576,117.46838406656032,112.32460687497684,122.03306649307963,116.07015173343659,104.67670166618444,104.41749301925576,83.61782189898848
729,2714.7075780330006,1407.8683456035255,0.43538352407845266,-0.5848090228120909,-0.09407703504728716,49,0.0,0.010423926390135438,1.3864124393292294,-0.3547311158756712,2714.7075780330006,1407.8683456035255,915.2771123727841,0.0,0.0,337.6471085829167,-23.50938928811014,63.24431804422261,34.30281426464392,14.89612981324401,73.98562496397076,84.18164564386689,60.62449547719223,79.90691175045576,71.45365242076748,63.72618165172071,67.65773380918773,85.90590567528415,84.44915538012239,79.75843890900606,51.184104569099354
730,1735.9145165416492,1412.1921253575251,0.4805645299576585,-0.25171163573232175,-0.4499219963317169,49,0.0,0.01290230608942043,1.7508151966864685,-0.6081007688423441,1735.9145165416492,1412.1921253575251,988.2947598113553,0.0,0.0,338.09184536976926,-23.508393808552306,51.94242455313611,47.7565795611728,14.481627034869144,85.98989519710571,62.354565449917246,64.78364009977108,90.90196622618629,84.64273516262139,72.99953060239937,79.59126797799351,79.1939637422268,91.8609939663013,87.0183858436632,74.77718439399129
731,1532.9097797317975,1412.9249139063713,0.26555992376272086,-0.1623263262307629,-0.12468021128008369,49,0.0,0.009249710071301421,1.597342632639804,-0.5084952075414966,1532.9097797317975,1412.9249139063713,972.8219904840738,0.0,0.0,338.1840863664762,-23.50809755444691,46.342516056012926,28.654543733843283,15.135974910039359,68.49530465567341,75.57870633080393,87.14143265241626,70.4069767697598,71.74428091081721,78.40451658962368,86.1574451411809,84.96054515141576,68.90819338839128,95.49695622040875,95.3945979736873
732,2456.4208276085187,1413.1074923644208,0.4969039367396099,-0.5696263165576242,-0.23045196998013248,49,0.0,0.12790035650577325,20.60982711482188,-3.2851858718068656,2456.4208276085187,1413.1074923644208,3287.7822541756295,0.0,0.0,337.7644694867123,-23.50754171445373,179.8131586673056,131.45882681127355,63.54189978958764,244.58509104968647,262.0500150711434,291.61192575795826,262.0850230952957,257.02070641284286,286.62284023055315,257.5242839113797,259.1113647704781,248.65640135742711,289.7016457295774,253.99907152112087
733,3137.0255497859253,1415.5117343892352,0.9092968826639505,-0.7466877286206369,-2.806092941790358e-15,49,0.0,0.00871404615737324,1.0506160556253215,-0.0536100836296516,3137.0255497859253,1415.5117343892352,721.2920560620767,0.0,19.469658931630224,337.45525174052034,-23.50546708954436,46.28252583118049,23.213445229631624,55.15437417101385,222.08317331513678,53.03320755794404,0.0,28.371486299553325,29.9397288932453,21.701999424609088,37.34797894930785,82.54875760999394,54.816643514246245,14.42280269475603,52.37593257145811
734,1354.5423195243827,1414.917220710695,0.9903754384835453,-0.020756576103996657,0.037809181523754946,49,0.0,0.024246717447571352,2.218295204889081,-0.8650483510650121,1354.5423195243827,1414.917220710695,926.6073858134903,0.0,0.0,338.2651317708671,-23.507230573378155,50.573978852855014,40.56173568598495,14.369832635129061,60.25691757633331,75.10431229349521,70.01343387589856,79.01181153276485,75.19633441170829,83.75120728818482,82.87167181367741,76.95417994188735,59.538574555587005,89.18743287903739,69.21596247094706
735,2941.7266153292753,1414.0386635106413,0.5282360297785997,-0.5181712271943588,0.21208630351349528,49,0.0,0.009246305497731033,1.028048976494524,-0.03003451260788822,2941.7266153292753,1414.0386635106413,911.945054173904,0.0,0.0,337.5439761499532,-23.50645112895461,56.832245439169206,39.00508146653454,10.916245552858747,77.06936068020181,66.16799795932448,68.67577656801345,73.24541361027767,78.54200172898463,77.58295613186692,67.05220688922923,76.24069388684411,70.43891084621126,75.74512462357228,74.43103879081569
736,686.6902261699913,1417.5584228742703,0.5671762931802458,-0.39849965574581786,-0.10113042729292236,49,0.0,0.019976780308323117,2.6297716002899483,-1.0497950774590525,686.6902261699913,1417.5584228742703,1097.9162687530497,0.0,0.0,338.56857656141756,-23.505619702352057,57.044701725961275,42.701043215821116,16.454264479478553,82.74157802460036,72.869333091189,78.77664454671464,76.18218129789906,89.62657219985662,95.28482016890823,104.15072376803766,102.84815805872277,90.07335639861869,96.98051498947197,92.18237678776993
737,785.3719452489073,1417.070566729552,0.6018998675927942,-0.3127799150755365,-0.14311180271171703,49,0.0,0.14039404143201378,19.755156595020892,-3.239201191483035,785.3719452489073,1417.070566729552,3189.1017708719037,0.0,0.0,338.52374109612634,-23.505935390867776,157.11024215822002,122.73656672501531,62.33507497023915,222.7387040085057,270.84080286066774,257.11236464249276,278.7929437127279,289.1477488597348,221.78927622979856,281.41287657908276,245.69350253146087,255.47559338313664,252.0096636471029,271.90641056371817
738,2317.1603826134283,1417.450049487128,0.5940714076454763,-0.29580562960811607,-0.004904363181822071,49,0.0,0.7642096733973635,111.9214569302115,-5.122283387301124,2317.1603826134283,1417.450049487128,14132.703170559438,0.0,0.0,337.8277483213943,-23.505876662748566,714.7256774069091,485.774074075509,253.5956039640356,1066.969654144918,1162.9466124474243,1148.1525353208822,1145.7070977847711,1125.4700551588169,1115.8185691109911,1260.0368738771608,1187.9949944049185,1293.9618617114916,1135.8362768913605,1035.713284260247
739,974.2084202891656,1417.92460086385,0.5982587890193324,-0.27749953143813416,-0.10844834625480758,49,0.0,0.32985863058060355,47.60228757846466,-4.194069559260913,974.2084202891656,1417.92460086385,6632.728237099052,0.0,0.0,338.4379411351842,-23.50575890398112,356.83943943208453,242.70199401229434,140.4286389620769,469.5384194487259,523.6886574340426,526.9797030789005,538.1970103320934,525.1378564955395,547.9135523582833,592.9690087932955,576.0236784068211,519.9475945234783,545.6119089080952,526.7507749133213
740,2512.942209811131,1417.6400543350294,0.6846462030568667,-0.0614100411100859,0.016143051299601797,49,0.0,0.014661399872527403,1.7280128588018666,-0.5938674247638938,2512.942209811131,1417.6400543350294,852.8443886558493,0.0,0.0,337.738794618677,-23.505587335821335,47.47726564825342,33.722845701531526,17.99428980915874,65.61462943289567,68.18846876383232,71.14800879113031,69.66538467867005,59.295042585525145,79.64867444553528,77.87547791931541,69.33345762389182,61.79369110420076,64.84557091449784,66.24158123741118
741,2614.9179721426026,1419.305702578882,0.43670609040508007,-0.3416255813683111,-0.06919874707317854,49,0.0,0.010433647255717778,1.4751713847715975,-0.42210619847479713,2614.9179721426026,1419.305702578882,856.2261553367987,0.0,0.0,337.6924648950936,-23.504763870229198,49.39692491540372,25.546846120658813,12.190554718032262,67.18219848527917,60.95202696860257,64.32376839534719,80.58643834506401,61.50564751407201,60.74337713584379,80.77904117730068,72.39590064400588,72.9831212332616,66.97540458381116,80.6649051001159
742,332.16115249372734,1419.948898300093,0.20586089291594833,-0.47784033330473774,0.04444167774759604,49,0.0,0.008695572994592006,1.3744382087297449,-0.34531304958854514,332.16115249372734,1419.948898300093,1039.583842691433,0.0,0.0,338.72964790138826,-23.50411398696835,64.95581803638952,32.643484236857084,18.227458351327193,77.64243882727794,70.91615176924971,79.37460009807005,87.25779558204874,84.09553816299751,79.5188329441021,82.17545533161712,71.95419930028012,92.449198227534,104.73693410312904,93.6359377205527
743,3099.619373377317,1421.6526633389087,0.5921494232453748,-0.6090341427096622,0.23883207668071013,49,0.0,0.011734527040639956,1.562991269630801,-0.4848913804898143,3099.619373377317,1421.6526633389087,1055.3684619354528,0.0,647.2401586418782,337.4722588703369,-23.50298336800575,35.292610954321766,47.819454196871824,24.49981272671015,47.49141670764541,107.50087869824577,104.30256074382332,138.0968399202805,73.35142457698508,102.51923285282804,66.66718967039776,102.76267583668046,72.46408636696847,80.48119108247296,52.11908760122113
744,990.9878619251243,1422.5725112761477,0.5976449711882641,-0.3784300338764626,-0.0820493442796554,49,0.0,0.019085134866796406,2.075980508007273,-0.7930581786917443,990.9878619251243,1422.5725112761477,1241.4919518767588,0.0,0.0,338.43031317094545,-23.503835964127738,87.93107664336809,57.00553540403295,14.991604324291409,73.02548022455017,107.0053848821401,113.7204860403238,115.18406772142103,94.65811663164831,101.7159564199404,106.21756166917692,91.62866618966791,88.0369928846916,102.93362312859595,87.43739971291023
745,2124.0898267466737,1423.792528089498,0.4934998128161999,-0.5390799916901975,-0.1942065776859575,49,0.0,0.00943921654540966,1.0246204915399821,-0.026407592870299926,2124.0898267466737,1423.792528089498,980.1093420016176,0.0,0.0,337.9154766968785,-23.503391775629183,58.38229563257791,34.07231572352705,18.406189474802964,69.0338477158606,74.84948922733827,77.69474483702061,78.87640583340244,93.14239007169414,72.72826064640448,80.66292155556967,72.40951187502438,88.39373841350239,82.3208107369368,79.13642025795599
746,1041.0164043828713,1425.6474517461368,0.40840073398237464,0.059426155849204194,-0.03809386821506738,49,0.0,0.020976346840475075,2.6394819769366262,-1.053796752181055,1041.0164043828713,1425.6474517461368,1429.3736300851047,0.0,0.0,338.40758001859643,-23.502593286288715,92.44980875411484,56.27052486482715,34.402128119305594,102.0143076226889,124.00406192051162,96.28783527169335,131.2290673595386,122.77458665849969,124.97398620408961,102.56270817526581,110.70107469055084,115.50137642909976,113.66264564295037,102.53951837196854
747,1830.0003329670874,1425.3593136847169,0.23261263169002472,-0.33549688972647435,0.5071052527075881,49,0.0,0.011059009498490136,1.8722392605140876,-0.6809033701948902,1830.0003329670874,1425.3593136847169,1084.2482938033172,0.0,0.0,338.04909916937316,-23.5028848723919,57.06940932154068,42.29820918162197,20.945724432556812,71.48474767362816,72.01562714224626,76.08426716314042,98.639955631666,93.96536632608561,95.95169480413978,94.9431720068246,79.32822085239177,96.32239865265345,94.82106732400827,90.37843329081322
748,3096.9613714599227,1426.3305750417876,0.28958016525972774,-0.429805683044279,0.4039694433243484,49,0.0,0.013092281986561562,2.3265120501036103,-0.9167632657278592,3096.9613714599227,1426.3305750417876,1249.6989408417899,0.0,790.1597556644442,337.47347643226755,-23.501039623773064,44.69816815656679,67.99800396194827,24.635849774363493,63.63709746674627,125.58514796937679,80.45578487283413,118.5602486298415,87.55356097525204,117.61726310753147,147.98370292451656,103.59453917572378,81.49760225855145,99.92281627660245,85.95915529193488
749,547.9991833193471,1432.3848402661279,0.550146183349669,-0.3559115154447994,-0.02377394396536582,49,0.0,0.18572759169004038,27.840892410918887,-3.6117078800515943,547.9991833193471,1432.3848402661279,4287.730107981812,0.0,0.0,338.6315676034995,-23.49926256556757,246.75463382910868,147.34052564917016,76.53442887146,270.9761124642577,320.28388393899513,359.44292878829674,350.99176891906313,352.82119866327923,345.39056643050833,363.11185956511576,367.4100126242587,406.68569229111864,357.10385359412294,322.8826423530557
750,345.4804952639474,1432.8958913928564,0.48533678824894855,-0.3323963809419365,0.09774019741114842,49,0.0,0.22872164618996982,34.10522856381975,-3.8320524109963925,345.4804952639474,1432.8958913928564,6576.999641135897,0.0,0.0,338.72357334819,-23.498741825072774,370.9879870836445,228.1603527202979,125.46546113071511,486.5966412626417,500.3266649533514,527.3331650936725,591.0811008858495,570.5544216342403,535.3742416918153,514.875760695729,582.3850977726258,494.1814930192803,556.4140190415741,493.26323415045965
751,2412.5428102765673,1434.8878486336932,0.6159688145652862,-0.36365994696599135,-0.06861470983369224,49,0.0,0.10595918296671354,14.818607141281644,-2.9270184613209036,2412.5428102765673,1434.8878486336932,2550.3901989150686,0.0,0.0,337.7844311462845,-23.49851499708623,145.33388316110208,88.34766356146145,39.94080094334963,173.41316000135646,199.1844873900901,216.02052535202338,234.04633938976176,209.48905170393965,209.33626058912952,212.03466239081783,199.7963463270484,221.84449042745268,224.07917602829974,177.52335164923593
752,624.4441723444456,1436.3920119400664,0.6858277822409156,0.02953915470347854,0.053879255755639836,49,0.0,0.010565465606449309,1.136093370162438,-0.138535063648686,624.4441723444456,1436.3920119400664,904.1188932497615,0.0,0.0,338.5968314604704,-23.497695109821763,55.76393763087291,19.875104944527596,20.975996021451394,77.4599879131286,67.08140725120644,73.1412672411027,80.91490006719019,63.34913770547574,66.6297249204509,81.7555672816458,69.30699206945906,85.40641605505631,58.44129583271416,84.01715831547978
753,1284.9935772937777,1436.6666840710236,0.5152999454277972,-0.24711408553568784,-0.030444902401567806,49,0.0,0.012183262424003496,1.3894040504076317,-0.35707140150187955,1284.9935772937777,1436.6666840710236,1059.0427385977155,0.0,0.0,338.29672300031586,-23.49814260728308,55.630723264375376,53.25542184455125,16.750943722021116,74.63130006825264,80.24047236579561,102.01514228630728,99.32077890745649,72.71438239976155,76.44914736499959,97.84238948577828,86.34747020774526,89.52321538712557,77.10262448549564,77.21872680804972
754,1559.633354586724,1436.3186670949735,0.9802791468255814,0.01837461431265556,0.1894600919581104,49,0.0,0.013916429361379653,1.1901200837657555,-0.18897696038400955,1559.633354586724,1436.3186670949735,850.1017953246292,0.0,0.0,338.1719423952548,-23.498352083818336,54.07316242198718,33.31075643640311,19.06726282931733,61.7483709019635,76.19250120742876,72.74200019045759,62.34825306345698,69.12033651672081,71.89016662135404,63.42881720895795,68.01852997824743,65.65333252109063,62.90790441634199,69.6004010109018
755,1488.0570024829356,1440.3549722782807,0.4922944986508592,-0.1071854437374609,0.12379854415679374,49,0.0,0.011042050456129429,1.41363776291501,-0.3758453452198795,1488.0570024829356,1440.3549722782807,902.3988132329583,0.0,0.0,338.2044620510991,-23.4966630647883,55.860222194665795,29.1012663317024,17.677965632611148,77.34706967303956,71.0399051521995,57.81812572741349,64.29236164772158,73.35205220726374,78.65669406462335,68.09515040640963,78.14487076281029,93.65826341123287,64.94272880932897,72.41213721193603
756,737.7583512988921,1442.479718928018,0.6720847198888372,-0.3913526042768975,-0.3624946914689637,49,0.0,0.033525715524372154,3.8862105481277935,-1.473815815551975,737.7583512988921,1442.479718928018,1423.670662255774,0.0,0.0,338.54534301932347,-23.495295867325115,82.42819961362248,44.1364999181991,38.171680520626204,104.66901509477749,110.24773961901194,112.80970416969409,107.31059755888973,112.90144397617092,118.92842352168753,131.39634502393056,107.5104759956873,143.39518580392368,111.87884352113731,97.88650791841573
757,2677.9957105248395,1442.4432204487305,0.7660613884989237,-0.24444127783782502,0.2318127090818351,49,0.0,0.011997151671971237,1.0812502252878144,-0.08481552740470713,2677.9957105248395,1442.4432204487305,987.628128510802,0.0,0.0,337.6638420232268,-23.495036664269474,68.34318166994973,31.70754024585829,20.35380978749845,76.72191037811305,84.11966497905283,86.72632430727245,62.75725412368933,63.05489309309276,73.7787536727921,85.7811981572419,81.32509087285932,70.02182707571929,93.49208286506213,89.44459728260026
758,337.6388696334905,1444.3555599021545,0.5380068775556196,-0.4100640674356475,0.18988780676293182,49,0.0,0.10743856518123178,14.813519141363015,-2.9266456074984637,337.6388696334905,1444.3555599021545,3747.2935425861697,0.0,0.0,338.72711510060276,-23.49395420417673,182.19081381498154,135.65407648801317,73.11566761002055,282.09024624111646,311.2219427914939,304.5118025097077,308.6719705921693,318.9231462471405,309.0483376646028,291.06709125429427,340.2086451325661,317.7407155173227,291.03001135188623,281.8190753708549
759,1416.1608855182772,1444.0550400054753,0.48483499459029694,-0.42372405591600093,-0.11853673266022527,49,0.0,0.019522344150003583,2.816761314664517,-1.1243751187815076,1416.1608855182772,1444.0550400054753,1101.2752818746883,0.0,0.0,338.23712621447663,-23.49510731960534,82.00870290406777,35.939838625186795,24.12605035203551,85.9659616478774,74.34954305448133,99.18345958865852,93.21061386991755,80.14312566637079,82.91320060573663,99.38305021455189,89.90722300720333,105.04835768240233,78.4198446473084,70.67631000889
760,1593.1581024466966,1444.119269685203,0.3551412398419601,-0.18638811144825249,-0.7325266181516299,49,0.0,0.009240586963674887,1.2876128082260763,-0.2744632201936201,1593.1581024466966,1444.119269685203,1022.3845394732015,0.0,0.0,338.1567105304544,-23.495102901749174,58.24917956048199,41.457371269605375,21.104101117038994,57.298327588422886,101.67064612153467,64.99848522991637,105.6438632258212,85.13570544485742,94.32562062117222,74.15252666836051,65.04454094143757,74.76167418315696,86.1639689305195,92.37852857087586
761,3081.996142134449,1446.126639669268,0.22013153801888938,-0.5943013527016762,-0.061376917827374734,49,0.0,0.011183110691704237,1.4266742998560875,-0.3858120948047608,3081.996142134449,1446.126639669268,1391.5010057542545,0.0,1098.33907699383,337.48031707668974,-23.492821200075547,81.97565566183304,51.93002167211918,34.24269975243165,81.91779300167303,112.63109114110486,108.23383441343618,82.56206427500084,118.00189657015017,106.01579459969349,110.47258825793881,153.91360024345119,122.44945596922139,101.90345646645861,125.25105372974204
762,705.9677484572732,1447.119616440115,0.7465173400527723,-0.3391369584691817,0.14686237830409649,49,0.0,0.011527148892227666,1.0819896913364428,-0.08555780761716701,705.9677484572732,1447.119616440115,929.4408856326356,0.0,0.0,338.55977997634545,-23.49332583615757,59.42062832687756,28.966818780831453,16.747667501107657,63.180682440343475,57.85643632535191,73.38041009914559,62.13112635129972,77.32028849418896,67.42489452532409,84.75220426439695,88.74881255406372,96.65580390636995,78.41294603096134,74.44216603237322
763,1057.3479250163098,1447.840228465715,0.5613060560073441,0.31860783497559175,0.08820076980237804,49,0.0,0.013664433419085402,1.7073053833168226,-0.5807780242679632,1057.3479250163098,1447.840228465715,949.7492046680161,0.0,0.0,338.40014250662796,-23.49335825883071,54.275450036236926,33.59088327516221,23.189035459715193,68.30950026557548,88.80219563994484,76.63470350166143,64.81056249735278,72.73100670802309,90.1223587124343,68.03656910317122,73.62947044173268,78.45972071111291,90.48166767689506,66.67608063899809
764,2362.898792080495,1450.4487207076536,0.6069256249898596,-0.4212591037111157,-0.06333490988886009,49,0.0,0.15115471124563393,21.532965439880993,-3.3327596084059126,2362.898792080495,1450.4487207076536,3285.93395811124,0.0,0.0,337.8070028478114,-23.49208291165891,171.7225918930502,137.01181064102207,58.12435950877905,258.81713299549847,294.75398222869165,243.13182419760534,304.5038920599569,280.86510370158186,247.70324968505963,257.3505290807025,249.40185136745833,285.9618964899612,269.0622819856652,227.52345227620748
765,966.1446901392235,1451.2295901556306,0.50045728566817,-0.32006797003774856,-0.6026587113432681,49,0.0,0.15202795714233344,21.236135397752648,-3.3176887141522418,966.1446901392235,1451.2295901556306,4777.518003266497,0.0,0.0,338.4415747009065,-23.491875322482365,239.70904592332568,201.08295605316567,88.27525868286801,363.8457518707172,387.29538266231964,361.2098840287544,397.9622718643353,378.8770033209412,399.69272899574617,412.0894883384087,393.9526433364372,398.80128664581423,408.6630841111396,346.06121743252424
766,339.37908314189224,1450.1298572924939,0.35353798389304997,-0.18799898041143928,0.7804368158351562,49,0.0,0.01302601289182802,1.8677248508771318,-0.6782822432426068,339.37908314189224,1450.1298572924939,3439.895425533166,0.0,0.0,338.7263141129035,-23.49155126247806,173.6893241891588,134.61074281011238,63.48288981601435,265.3943595247271,294.774634916273,292.80850577408313,284.8172425679845,282.1213187222775,275.61971196745094,255.96757247631507,311.78564827769804,275.8526232127819,274.91225925403114,254.05859202425808
767,896.8167791379616,1452.566396783992,0.3999253452814167,-0.1912412743833705,0.3914709172317154,49,0.0,0.02165319545235838,3.1854897583610176,-1.2579405328102222,896.8167791379616,1452.566396783992,1302.9413498727117,0.0,0.0,338.4730697375671,-23.49125724557441,68.33852321398192,50.43857410775114,26.59950486263399,103.10228709665412,120.23564413456182,92.90236102796635,107.05253239332109,118.99117853192914,115.14884818062563,86.9877756600555,97.59652413283024,99.49641337839932,119.40679509216613,96.64438805983542
768,593.0962902430329,1454.5417537706032,0.890912647954063,-0.18807816550619108,0.08701368656458702,49,0.0,0.01397935100190704,1.2348895743917072,-0.2290703102311528,593.0962902430329,1454.5417537706032,881.962555103586,0.0,0.0,338.6110471222092,-23.490092014980682,43.55541159003943,25.091458781185445,24.261773212758172,71.27830383142813,60.03026474363995,76.50689294052987,57.93885782788385,75.27553105901447,79.30132827669914,71.99267252641526,72.41555451252921,70.03232465011857,85.08536843999704,69.1968127113476
769,873.2745083532687,1454.6912567598627,0.7297550716221813,0.03074509075877713,-0.1329016309798844,49,0.0,0.011661191229748262,1.209160779354638,-0.206210129621001,873.2745083532687,1454.6912567598627,914.8985712216065,0.0,0.0,338.48376293221315,-23.49034972134605,43.275799174631224,30.42792577095957,13.329075803485937,74.0988736665608,60.353307158737366,77.0861901516501,74.06656001133203,82.08216451510904,70.89990645742307,73.14503841825712,73.47676239831166,92.038771552871,69.41715393065176,81.20104221162582
770,2678.5251134232963,1454.5445249884826,0.5204230468180868,-0.5590596280011234,0.015150179772701368,49,0.0,0.027402302942153577,3.6563184463986187,-1.4076100337724695,2678.5251134232963,1454.5445249884826,1404.836903848441,0.0,0.0,337.6636202003318,-23.489993892760854,83.54124695106219,43.71676555971546,24.175667814329355,110.0791808315868,96.47782013680524,97.77474431521328,114.57176940888479,120.40546302331745,109.4608615071255,127.93372827886218,123.61322568050454,119.56797399231641,121.7229773353579,111.79547901335982
771,1777.7480687680036,1457.3050977149321,0.6625472318652921,-0.40905896238060285,-0.053206339970763405,49,0.0,0.07554001564775333,10.162646438392741,-2.517517041505976,1777.7480687680036,1457.3050977149321,1929.4093544718658,0.0,0.0,338.0728485659204,-23.489588162912806,109.97861242957744,65.32643535653727,33.65726140151946,150.7346747486655,155.39193947136067,165.0645708706008,186.67135634882538,148.3907931912779,133.5687149507946,141.8334743183016,158.7938648119847,146.15112338430816,184.2154312329584,149.6311019551539
772,833.0380009679311,1457.9074639613996,0.40686551567406093,-0.10407288909344174,-0.23201923150314235,49,0.0,0.01086423248281331,1.529306020338,-0.4612359954896744,833.0380009679311,1457.9074639613996,928.4711808615021,0.0,0.0,338.5020389297721,-23.488970062330566,50.85771446025713,53.838824522644025,17.49184644066237,64.2925434164435,71.25951312474083,80.65127957693655,74.95970740134851,62.929581204384206,64.62996070656558,74.3374989555594,79.04856749606773,71.12027570648337,82.24061353263568,80.81325431677335
773,961.11532054319,1460.3381488407665,0.4706267997964716,0.17592802651771272,-0.5726762659928832,49,0.0,0.010061304754319747,1.1109436198781362,-0.11423004789869798,961.11532054319,1460.3381488407665,1439.250128498385,0.0,0.0,338.4438512593821,-23.488075924287042,67.5658992108209,52.52169671285723,20.765509632128314,121.04339836975103,119.30400425113704,101.26156433669047,124.8203296175015,105.60744165805646,124.60275668531031,129.13049739118424,107.38632022862792,125.86335523536366,120.16253783250497,119.21481733645092
774,2708.5015309448895,1460.5531622560306,0.5095906393900488,-0.3795268923467145,0.3423218109052708,49,0.0,0.024995551151859884,3.2281886159659905,-1.2723972541586392,2708.5015309448895,1460.5531622560306,1432.023537045461,0.0,0.0,337.6500119223883,-23.48744724858014,80.24864359348632,63.227145170587974,33.05547007201039,97.63347719525413,104.39084972017912,113.21174067687372,115.82489884700907,109.6621063666208,133.47361810695514,105.129947355478,135.79438230240046,124.6487143038228,116.88098916589982,98.84155416888342
775,2958.092004262663,1461.392150331967,0.6492353990733006,-0.5341679262337161,-0.07540415533505841,49,0.0,0.02079410643886661,2.1954819819360014,-0.8538246931274579,2958.092004262663,1461.392150331967,1260.3323963935304,0.0,0.0,337.5366330407803,-23.48669257787878,71.02241343936001,52.869206202844076,25.53344653110765,80.58578982040004,85.89171558376322,101.59278077667099,114.56495137115941,111.73545864633104,88.60682971035618,115.43570534501103,127.012951114668,102.92367208222052,92.25581718541872,90.3016585842194
776,2505.697079474328,1462.1860707273556,0.6116395494867952,-0.2538886970682528,0.5740241932466952,49,0.0,0.012217131763046995,1.2893074280705805,-0.27589121191629074,2505.697079474328,1462.1860707273556,989.2217384701886,0.0,0.0,337.7421441886287,-23.48703567600655,59.823392157337075,27.676714700367924,12.354998163636555,73.70146673413953,76.05499138463375,78.03567956589383,77.18298023258227,77.97043559079617,80.78109666142169,86.29660577475335,78.26516000555254,93.756249663537,80.32312243493661,86.99884540060032
777,1552.1277591524292,1463.3838553059452,0.5910582904277174,0.12122846082737646,-0.06312401985137876,49,0.0,0.02041154922923788,2.6806432210894475,-1.0705975390387354,1552.1277591524292,1463.3838553059452,1112.908131915137,0.0,0.0,338.1753506451158,-23.487074495268523,64.62140607056163,37.085888265717976,13.351772551443569,67.81293264969389,94.80986084120832,89.19721989499735,97.28386351854212,98.93424213775879,80.74449239371054,83.25022954791251,115.4462164697734,82.47777395669527,90.20026510079876,97.69196851632276
778,2770.1252039160236,1462.8569799368674,0.5507939051050661,-0.6459419165341005,0.1433505108212209,49,0.0,0.016140710880058768,1.8140816062790766,-0.6466420496430483,2770.1252039160236,1462.8569799368674,1221.0221504750207,3.0,0.0,337.6220218298661,-23.486394968160162,67.60601939123892,55.104264323112986,24.08574738349531,86.42831074581741,94.01566028270389,97.01030207770238,103.4487235272081,80.2289470275129,94.18293102992672,105.41458829833104,101.39449347775056,91.6901469761599,130.66232518779543,89.74969074626516
779,212.67401614422383,1464.843699345693,0.6164377997295777,-0.2113383586833993,-0.2406295655651423,49,0.0,0.021239923470954422,2.434050690005793,-0.9658240458285552,212.67401614422383,1464.843699345693,1251.1159598196143,0.0,1097.2690380545964,338.78384375093555,-23.485199880934456,82.79898044383387,46.02617208741022,25.96774938742118,85.12436688063977,93.5254030985875,120.98937084546984,97.31877020755009,107.4019242952655,104.18845895576115,95.90118506905596,93.96315818720777,94.39544771207956,120.06243490449026,83.45253774484164
780,2207.1957604216336,1464.842287660032,0.8714065178605179,-0.720003273507766,0.11368591137473272,49,0.0,0.014411116961179608,1.2751934531751639,-0.2639401859903522,2207.1957604216336,1464.842287660032,950.5154085793674,0.0,0.0,337.87775292066647,-23.48622604079322,48.309854413316884,41.712227542993396,12.915100264462096,45.67817053899114,74.51820091682549,89.92303970907693,74.4005832937759,85.31806374442606,82.3590781702364,78.96411290818071,79.56955386693033,81.78974137956787,69.07176981894497,85.98591201163924
781,2435.0981440984488,1465.0467132002575,0.8697701062519798,-0.4097560335354759,-0.197455472200556,49,0.0,0.013178529877268997,1.2748469037076937,-0.26364508375412854,2435.0981440984488,1465.0467132002575,814.0906547631109,0.0,0.0,337.7742197005185,-23.4859246295622,43.39795992427008,25.645213292727565,15.886366238103362,65.74822811799251,65.21441487960828,72.02417811846041,68.36486573851329,62.514611757848954,66.12063159389717,68.71247246395706,67.67847578445495,61.81699548301023,63.32654635785817,67.63969501240891
782,1768.291152416606,1468.3612412987645,0.6411692718524926,-0.3368061881188518,-0.27170663490006625,49,0.0,0.014749285308366996,1.6187792102062657,-0.5229690454041522,1768.291152416606,1468.3612412987645,987.6390272284859,0.0,0.0,338.0771476283057,-23.48498359357605,53.72744969634287,37.31458653133638,17.6363015312776,70.1980107720015,84.5840972135235,67.15714920602193,85.74562314255962,87.49572665280428,84.26563461663207,93.77650643421688,64.57727752410409,85.9527751861075,84.65344783933048,70.55444088222714
783,622.1409988598411,1469.5145330352111,0.702072458442431,-0.3031323223364851,0.2607240506031976,49,0.0,0.012245395258732009,1.310497843562055,-0.2935907766177067,622.1409988598411,1469.5145330352111,917.8949687878356,0.0,0.0,338.59783141481495,-23.483891525442722,51.87978170243369,38.79924516316296,22.7070163953917,66.92232196002632,69.5175491039574,64.69488564491056,85.89857785282081,77.23762361982182,72.04869280795796,71.17079820515829,92.57763353047741,72.41156597810482,80.14386307775914,51.88541374585283
784,2373.2378729233706,1469.1812327957948,0.3705183406037157,-0.24074817207411228,-0.24195290908510111,49,0.0,0.011603189015458051,1.8338007556842832,-0.6583803684010897,2373.2378729233706,1469.1812327957948,967.0525496517737,0.0,0.0,337.80232646047364,-23.4842674013989,56.302002134618945,39.04256392420895,12.081212866642973,71.48165144896036,73.5278623668872,81.6635779012434,81.38224683795454,76.7978294273399,66.45481864945505,90.84542094228021,73.61343650543003,83.58349756746316,89.22005705857606,71.05637202071289
785,598.2383652948876,1470.423348220638,0.432955423469883,-0.8342926295967407,-0.2965516177237351,49,0.0,0.00978260887689632,1.2813742018487415,-0.26918994002551005,598.2383652948876,1470.423348220638,915.933358551477,0.0,0.0,338.60868833324747,-23.48348170336399,34.97076478850472,30.00207061112321,16.54859995463543,74.74511507610168,68.29113831364722,67.46322902306373,75.66094076240671,63.906961239939044,91.4867217312678,79.39028790556813,81.19741063697553,80.50572544421465,71.51602984051075,80.24836322351842
786,2364.1003410070443,1474.3556936672971,0.3171987653762668,0.3780484567533503,0.3768964888274328,49,0.0,0.0065894449808499254,1.0241895408614146,-0.02595084114252943,2364.1003410070443,1474.3556936672971,836.4869893939249,0.0,0.0,337.80648312236224,-23.482120658063483,49.16473141252109,40.80814972348657,13.427017033652982,63.09219605819392,64.98296508902968,65.05938603476037,64.64293851293021,61.96218468198667,67.90168169961768,68.16971279504234,66.86311683964595,77.3927582044791,58.371805356084366,74.6483459524939
787,307.485863359518,1476.2159152833422,0.661908025649082,-0.1959682327874525,0.03434147198952122,49,0.0,0.010512106755286995,1.0749141719938058,-0.07843447198355934,307.485863359518,1476.2159152833422,941.9397519988098,0.0,0.0,338.7407541960208,-23.48062901743926,53.51339092410066,50.93325716916461,13.923237573739016,67.55436953895602,77.2883886564151,67.66734662045826,72.8502676820814,78.38814000165246,82.04057357853962,76.59604017479577,95.78055481366181,77.54377133617365,65.39095227324924,62.46946165582216
788,2230.559385431075,1478.4025785736903,0.408714467078542,-0.21076062713353136,-0.3581807705030872,49,0.0,0.011110665914794865,1.5825720683697713,-0.49840874092987064,2230.559385431075,1478.4025785736903,997.2020748147927,0.0,0.0,337.86715123372164,-23.480556973020406,49.115656776969175,47.69570134576021,17.942440607671266,64.77307111084663,81.53326182711835,70.65189764517369,98.22360856216602,84.16888093272871,63.22011734449257,78.05494500998168,85.3465535798756,83.685207555094,88.19379282668231,84.59693969023246
789,1211.9523278255595,1479.3193885163262,0.39880092395149175,0.05401007140471673,-0.09684346838680105,49,0.0,0.02336501997693103,3.441518498802194,-1.3418752707741572,1211.9523278255595,1479.3193885163262,1338.0396259827794,0.0,0.0,338.3298848528776,-23.48033687721772,93.19380646948238,48.361347426930934,23.811697026485184,98.66411321016247,86.47778136857553,117.72094315214461,104.81874091884657,112.9640508278413,106.84961711684736,91.50244629813669,132.95721476431987,125.48472048299078,94.04215483830134,101.19099208171457
790,2385.1601119420834,1479.5096368630689,0.29347004446742686,-0.049335110456990836,0.30117445858901437,49,0.0,0.008277384267779929,1.2605095261791774,-0.25136533040882386,2385.1601119420834,1479.5096368630689,993.0864578757594,0.0,0.0,337.7969220318959,-23.47995176452039,55.71106792511696,48.8312418111488,23.723662571938664,76.47250290825397,79.22528395413633,78.73759416979965,72.51679051454367,83.43249527467643,80.22917295396837,71.09847847030075,89.75072828162735,75.21420992716875,87.72032171832385,70.42290739475592
791,698.0657525861903,1481.6978363652613,0.2055322944547623,0.4655375866277232,0.07690048766241557,49,0.0,0.019434080828332232,3.4787321572315832,-1.3535524795189293,698.0657525861903,1481.6978363652613,1496.1224341000648,0.0,0.0,338.56332520650136,-23.47890927652991,71.3312358581168,50.018526358187216,17.359122682605417,121.83974024215766,111.86490589848404,115.55049370749029,122.15111372620464,120.18459808111139,130.87307590132718,128.21009816994496,128.79394639382798,126.54231576011036,135.3236499391282,116.07961138136844
792,1288.2499167746166,1482.4532642773252,0.48685269413492116,0.4080462126552054,-0.22226948864741392,49,0.0,0.00926423877995403,1.0490361327186963,-0.05197611793406915,1288.2499167746166,1482.4532642773252,932.0164355729052,0.0,0.0,338.29522303278213,-23.479066290677906,43.53354154125543,34.917863877270065,14.25100597838092,79.77843602451063,78.39336846092915,69.96989731443362,75.12540402703368,87.23715650318866,78.48152250423786,77.59387834830895,73.40893498287403,78.18475120927272,86.09642411880841,55.04425068240103
793,2443.2424149220783,1483.7053959660498,0.7047469129294883,-0.3545736508192004,-0.009058193022531467,49,0.0,0.022923582041314495,2.5218481869114826,-1.0042973471756307,2443.2424149220783,1483.7053959660498,1172.43610821418,0.0,0.0,337.77054241538553,-23.478141365666055,69.07236092873886,49.625380012550266,26.854851757086447,79.8993358753845,92.92585948754137,93.32477035504013,101.69787064427356,78.9641489845039,107.75011118109055,94.58457556343836,84.8552098630542,93.51933085702802,107.29061808526234,92.07168461918755
794,2342.663783164212,1484.8618975128115,0.8025937726507453,-0.9655207014713101,-0.5871685868647888,49,0.0,0.011693441958558813,1.0923312542382089,-0.09588590011635192,2342.663783164212,1484.8618975128115,860.5640123043843,0.0,0.0,337.81623235559937,-23.47776439716254,49.17061093796707,33.08531925725657,18.484022199213285,70.03097275168464,68.90220468052756,64.23675555699417,64.13725584317169,82.97268294822271,71.45467246232224,60.13823020232222,69.88323684174922,83.18153744369965,64.82813478492149,60.058376394331844
795,2044.7961466649979,1486.27763705275,0.9049333805307509,-0.1796023450448309,-0.11474266650817001,49,0.0,0.01488493331571815,1.2309849947622864,-0.22563189769860656,2044.7961466649979,1486.27763705275,978.4406291879533,0.0,0.0,337.9515439985966,-23.477407070078314,51.297703863368355,36.8056715257393,24.688036015164684,67.84305064165818,87.7807281736588,79.82023536715795,71.52971714325517,61.75958847494443,90.71271918240177,89.89633462052512,64.44878724111555,83.26577084631398,83.68429259695884,84.90799349569122
796,956.0195375791353,1487.5070637625604,0.3203127232005144,-0.15335028510623255,0.06943816943672536,49,0.0,0.029282550026334175,5.910322459607994,-1.929027940193008,956.0195375791353,1487.5070637625604,1394.1532948347976,0.0,0.0,338.44614118687423,-23.476751393146735,72.65101199389667,54.38147769911263,17.66697998854362,118.8950475567542,94.50975390666636,105.40832241155847,120.69335929731632,118.89360344528917,116.36376618815453,129.44573380652602,110.0221578516142,132.17153769888532,115.43414731042317,87.61639568005697
797,2896.3920567480236,1487.5293696569292,0.5568496700011913,-0.4125356966193379,0.12960939980453046,49,0.0,0.010601803016018143,1.1885169670587383,-0.18751346504982624,2896.3920567480236,1487.5293696569292,1015.8108566555497,0.0,0.0,337.56470925826613,-23.47591042705599,62.52042412627962,30.789632055736533,7.855319223553818,76.9858204737335,86.76451481594049,82.93776568669264,77.41241036389835,72.15064106020145,96.35680526524483,85.46165851267122,64.4700687365422,91.67278682065091,81.44400485715627,98.98900465724799
798,2967.2059114457174,1488.3316914603295,0.5219775306629892,-0.6394392371766182,0.06322374897629321,49,0.0,0.03315978322680344,4.12237012198847,-1.537867454489231,2967.2059114457174,1488.3316914603295,1697.1704599449356,0.0,0.0,337.5325457248541,-23.47545209271345,83.76410118497006,52.6612860777363,38.12704671331168,120.16211684697019,127.98698763191311,131.1261280160531,158.22258893588196,142.00707182501148,130.8299468845883,141.0352135800767,150.46155840128665,140.9621523551201,139.36399100981447,140.46027048220162
799,1597.288955790483,1490.504890660912,0.6045163353951191,-0.32133771962265295,-0.003993547032974892,49,0.0,0.1571070300795479,22.543610018854263,-3.382558657461845,1597.288955790483,1490.504890660912,3497.3008011824213,0.0,0.0,338.15483353295684,-23.475775606707312,154.3764840308923,117.75123920971237,58.062645639467725,292.75769118160315,291.8090733073841,289.8514947325019,303.52155831202765,265.38095704955407,290.91546458326656,312.80204720785554,289.3503321250949,270.9737282220034,314.38739012706776,245.36069545398956
800,1351.2336691062471,1500.1851959824562,0.45824097831314686,-0.07285854313498388,0.37572092114416283,49,0.0,0.014131891256327038,2.100970766626299,-0.8060500239453763,1351.2336691062471,1500.1851959824562,977.7481682289824,0.0,0.0,338.26660468864196,-23.47170127946528,60.19956417121228,23.466313837697,21.648843795912242,72.34426116045785,76.17215633562529,95.0552737594288,90.18132191960413,74.13139248783332,82.89402744561389,67.24259591067084,74.78487076121161,68.80872906300829,87.57378205982263,83.2450355208842
801,1567.4992638268297,1504.3860539714042,0.3131736896097445,0.294045818431464,0.17478823042214536,49,0.0,0.020581079568478274,3.493013995982881,-1.3580008144848672,1567.4992638268297,1504.3860539714042,1314.6619655108516,0.0,0.0,338.16836534597485,-23.46999108230591,71.80356047189747,41.65598281033512,27.155195836322534,105.39290718087136,93.94118986790195,103.31609488362497,97.98357702390282,124.36777145454893,118.22754212307491,94.87824240480103,120.37854616903552,110.38922037548815,101.44981683211753,103.72231807692908
802,1522.3935726446293,1504.6369732397404,0.5032432097912949,-0.8643810299602364,-0.06044804649824805,49,0.0,0.0121298046095129,1.5447459033434694,-0.4721426303546937,1522.3935726446293,1504.6369732397404,1057.3694707804034,0.0,0.0,338.1888544370829,-23.469883235996228,50.96275096731039,28.102570252996003,21.479583173733438,70.07061578071136,95.99911989662255,74.45462078867321,96.20951008095284,100.37406493411189,95.44017697075587,99.54087141149506,85.74758188618635,78.78541542776173,82.91581024529268,77.28677896379995
803,2777.824195966096,1506.2371697517485,0.41228754978452176,0.1413277423624665,0.0772558716758318,49,0.0,0.009596715372909334,1.3457342807840589,-0.32239828905581025,2777.824195966096,1506.2371697517485,929.8771972632562,0.0,0.0,337.61859756875947,-23.468308794400315,45.76256945249908,22.68124859268729,14.93246816656194,72.2370655319186,70.43819033169717,74.05931869064133,62.02358074990218,79.9385129744871,91.19758241084098,84.04500218145319,85.93684181047612,70.17669873172039,76.11256276012817,80.33555487824273
804,3107.9837504335396,1507.3597458556414,0.7052779158312961,-0.0026997558309239857,-0.10967088170667733,49,0.0,0.020430862708755458,2.0018322311131924,-0.7535691936538917,3107.9837504335396,1507.3597458556414,1576.0888380670654,0.0,958.0911395758247,337.46864396147726,-23.467258101632623,96.8510141280553,60.384432932695816,17.565715735690944,60.57785357798916,168.7789968748908,114.33723001402706,105.47544739264816,125.08372923914757,123.82461351779793,96.21043756478835,121.63469139541039,195.98758667845567,153.33770549686608,136.03938351860205
805,901.231570563892,1510.0546814972558,0.4853083025407223,0.09134889759845256,0.19599766509026134,49,0.0,0.011856452656463602,1.6397749417286098,-0.5369606136062043,901.231570563892,1510.0546814972558,970.1470589182459,0.0,0.0,338.47100649440756,-23.46730825823652,42.94234710035914,48.53455099867035,25.647765001600156,70.13377021582642,88.4476233496568,74.16068764273739,86.51634342918896,78.23079750813419,66.52881146442098,78.18159437659656,79.38174253184205,88.00388023078197,74.29486740306587,69.14227766536504
806,1945.5530557932973,1508.5595903983478,0.5720205649267686,-0.17957752612205505,-0.09830856309859315,49,0.0,0.12016364846640092,17.362972070279124,-3.099060166623752,1945.5530557932973,1508.5595903983478,3065.180537969763,0.0,0.0,337.9966380114929,-23.468174512298088,179.13645712237013,111.85783106144731,40.70558101583227,250.23621798173022,246.36687983606052,257.2871619146639,246.60487922078568,232.94351983142724,254.7176506198818,240.60553279383083,269.5872345319424,267.04942542483985,246.38344436874684,221.69872224620468
807,1613.2473912764196,1510.1969935324103,0.4237495621165655,-0.35445821625333257,-0.15004586867371467,49,0.0,0.008306215612933768,1.037524731618225,-0.03999614461046464,1613.2473912764196,1510.1969935324103,949.1544115588371,0.0,0.0,338.1475845043171,-23.467570468114808,45.61212889148426,23.169687992954575,10.02328977484741,73.85576240436347,79.00000692908313,74.4866865681245,86.22042503924422,68.06377687500839,92.19995069238223,77.84497907238065,79.4305668393834,66.36927750903261,88.26619242031977,84.61168055022844
808,437.991253226144,1511.2761107077604,0.413994820222076,-0.03685388341253394,0.1411904067325645,49,0.0,0.014795957448197967,2.3925224236322595,-0.9471400421035175,437.991253226144,1511.2761107077604,1163.1005406208444,0.0,0.0,338.68141451331456,-23.466232125879547,65.42098990310106,32.81389423503222,32.03790171474961,86.11240781242594,107.18013829995218,81.98891607923386,94.37462812362934,114.70206580525556,86.39068847945236,89.091461524093,88.90091814533294,92.93500323235855,110.07297402657863,81.07855323964911
809,980.9020821786136,1512.5131350578142,0.5782669075180505,-0.2174283306548594,-0.027341927273782866,49,0.0,0.37619581045932915,55.71315562878883,-4.364894394683744,980.9020821786136,1512.5131350578142,7506.07001121983,0.0,0.0,338.4348158621034,-23.46635302485791,409.6756485043808,246.93852468372938,173.4757444689339,509.7289432633903,609.3621083463142,589.2159421480113,650.1618274588923,657.0227208372523,638.3584918243351,600.2813262190798,619.9600026698711,620.7482487929348,603.1727524413036,577.9677295614017
810,1601.2119974899308,1516.8995865269371,0.49273939809955714,-0.2494446499019903,-0.02649470089655748,49,0.0,0.060884295462030794,8.883633708702247,-2.371476608378363,1601.2119974899308,1516.8995865269371,2296.609691985629,0.0,0.0,338.15305145209527,-23.46477782869765,140.6454676745638,91.04707479761669,48.106976601591,146.35048592864283,182.32553834214085,166.2129150624176,193.89884747834282,212.42148261279317,158.94535647755146,200.0490454860727,189.45625654844144,204.61320996648618,195.50110312197063,167.03593188699818
811,1318.0896349030209,1519.006871393699,0.7416527777042582,-0.3488739368027499,-0.0028503366255447963,49,0.0,0.04633004629592746,5.427397479319466,-1.836479071524641,1318.0896349030209,1519.006871393699,1562.2889189965035,0.0,0.0,338.28165278670906,-23.463847344927505,76.6160487450129,72.18418456468858,31.09324871614475,110.15850731906151,116.5968261821162,145.5188210035447,121.45816912724143,129.75370709997787,124.45051934850406,130.29200107713604,119.7809307726495,136.9051963425442,141.17151791650633,106.30924078137546
812,3127.2302904068792,1518.7287057865485,0.2653473632425855,0.693161688650146,-0.4964842053323631,49,0.0,0.006645512494089185,1.3859576378531167,-0.3543748903940252,3127.2302904068792,1518.7287057865485,817.0160257768032,0.9941073335274511,372.4071314397882,337.45992747603736,-23.4624829782294,13.744348418440783,93.91435087361634,24.770705117287907,44.65287647096363,90.23966677563655,30.76220550529925,123.60249147079956,49.54266345698143,87.59350522376766,44.76205278182819,44.59035429009451,48.41112773623618,56.13291972375757,64.29675793209353
813,301.58797848951843,1520.6018867894857,0.5050028945068715,-0.01508049190545525,0.10558412817773898,49,0.0,0.01402790755526103,1.737330630485878,-0.5997061916723454,301.58797848951843,1520.6018867894857,1373.8889313541065,0.0,0.0,338.74335069425547,-23.46212579288771,63.653856133322364,43.14057355878561,18.29858202081124,96.94175609263561,126.00161940536611,107.93532535059715,128.82079481628057,104.7697824403692,114.30052229649952,123.55285263766393,116.6211353616427,112.59428524728266,113.6320004122071,103.62584558064268
814,1324.7582807681297,1522.7808774228463,0.686056233675207,-0.960964469291533,-0.10468673958868276,49,0.0,0.012230807373036662,1.1857176013742714,-0.18495316698760178,1324.7582807681297,1522.7808774228463,1396.537045525064,0.0,0.0,338.27862223896693,-23.462277294437815,68.27680028470587,61.940931851033675,32.12562936187335,77.96892912213934,101.93545329059361,108.03334837829077,109.64186603479351,120.9997127208762,114.07206053597841,117.77782926850091,128.12669245738738,108.83243826668439,132.99339319199552,113.81196076021104
815,2502.7593577783164,1522.4180604481262,0.33279454131274805,-0.3571547321519566,-0.7007751948976357,49,0.0,0.008844267557174948,1.2140302987259035,-0.21057381405828451,2502.7593577783164,1522.4180604481262,936.6747125073532,0.0,0.0,337.74355657169764,-23.461943166858717,50.929953198556504,36.181012639254746,10.999998160666241,88.59795464779627,83.91151612566637,75.43570659545307,86.97117855598967,68.55039353200624,80.65425570681225,70.50324094714054,81.03541623584903,62.9157642485674,75.56261742184155,64.42570449175324
816,1421.6750545919288,1524.5614884758456,0.2808805756646133,-0.7489658987225414,0.04120425755458707,49,0.0,0.00944144850782255,1.5274785279486234,-0.45993778499683846,1421.6750545919288,1524.5614884758456,897.324064050118,804.310179826927,0.0,338.23460033042545,-23.46156434356451,44.187327736896236,29.11881864790069,5.628178556707781,62.1020209720104,59.022396769948806,81.15602819848777,65.55687248155195,78.96341633417408,57.257375902160604,67.9541246979047,87.27047129263308,70.56401168861768,85.7583956328951,102.78462513822906
817,1604.1646868742248,1525.5252861466029,0.4989534301427803,-0.5937415342481793,0.17108069209095045,49,0.0,0.011051232543982175,1.4263701353774725,-0.3855805930560978,1604.1646868742248,1525.5252861466029,1440.4801954257023,0.0,0.0,338.15171030007014,-23.461183779888188,80.90170163723346,66.88374539615691,23.051890856798202,96.24860806765818,116.67822681478873,102.9591810958229,118.73184265903089,124.22987071690618,99.92107026969552,113.18856378053022,133.76589157459557,132.32533569108773,120.59597418008747,110.99829268531018
818,1189.768119708055,1525.4659754814436,0.3455935445888413,-0.800101743669452,-0.14614989385269872,49,0.0,0.012254892528279727,1.8841977446455647,-0.6878161990372612,1189.768119708055,1525.4659754814436,1047.3360558755408,0.0,0.0,338.3399355155853,-23.461097574863036,70.47643309978616,37.32729172463844,22.277315226575958,76.31226375975308,85.04461521013735,70.48665238833298,87.64108930651759,75.29285823352726,97.2202007008043,89.85334456742385,90.43078411709888,106.31019077797271,73.48119766602258,65.18181909694975
819,2213.9674057076827,1527.0790757983698,0.47252092071377805,-0.5731338404946648,-0.004801442127026436,49,0.0,0.010236068754491498,1.1064079912100089,-0.10978825968615533,2213.9674057076827,1527.0790757983698,984.986683709123,0.0,0.0,337.87473128489285,-23.460288928399784,66.72002589174477,30.623964969484106,20.449987019285505,75.75745967359387,61.21374588772038,81.34738973933176,93.17549161468413,79.54450679543504,82.65468150455173,74.56014622148564,97.8960242210644,71.53229141471493,84.12108861462089,65.38988014140591
820,1272.9932363927699,1530.2276962084463,0.47149564627027774,-0.1055827153111411,-0.2755336488002662,49,0.0,0.008498571654967176,1.1450368883301074,-0.14704869516171937,1272.9932363927699,1530.2276962084463,883.7272008383502,0.0,0.0,338.30213136315086,-23.459153930573954,52.30819730036461,46.4663373976542,15.149784083609548,62.78037601171087,80.37391644841773,79.09605500519231,71.1029382904252,70.94400110450385,65.4196799165748,73.16007883386123,62.60141280178618,77.45812137670752,62.887507554552556,63.978794712989554
821,2576.0468186372,1529.994993501613,0.47704331580402265,-0.6955137640877046,-0.2383720341533234,49,0.0,0.011297551162150782,1.4024304662163978,-0.36720334436214175,2576.0468186372,1529.994993501613,909.869528202294,0.0,0.0,337.71028028499876,-23.45869571755972,49.18808157038664,32.506545561280326,21.193342222099552,75.98796308107421,58.92873866018505,69.53444586196599,74.28787302255321,65.38744398462669,89.77732296725526,77.14116609697797,77.90001658564755,72.24026233226687,80.44933061203531,65.34699564393925
822,579.6224274143633,1531.117346732767,0.6415435906100285,-0.08637569624379024,0.4291574155681339,49,0.0,0.013264661920148172,1.5140211697565082,-0.4503298692908444,579.6224274143633,1531.117346732767,882.5946659872386,0.0,0.0,338.6170562044656,-23.458168589199214,49.718223940664096,35.340244068168936,12.699436081532617,58.11447446869471,68.59939854287538,78.27831313563055,80.95466706257041,76.33873284567484,73.3602571160414,73.72024033823925,58.770698597639374,79.83917946365275,63.86515384034496,72.9956464855093
823,948.5739611818926,1531.4431928182014,0.5475044894562302,-0.5067758891921937,-0.1418268967778951,49,0.0,0.08951004756391162,13.50906258605168,-2.826563034318622,948.5739611818926,1531.4431928182014,2404.6451218057305,0.0,0.0,338.449482393974,-23.458438573804646,138.0736344090521,89.90982270729364,51.432763664406096,161.62989134463396,217.4286608363264,205.50798838501186,188.86815911858534,202.2213559588106,192.0458115830404,185.16889272643039,185.69485773013776,215.03066475551657,196.87537580476976,174.7572427817157
824,3074.27897326376,1531.284460943479,0.45122341238630753,-0.9287470617935228,-0.40842690219348055,49,0.0,0.048965898250664774,6.629571518511959,-2.053713650137384,3074.27897326376,1531.284460943479,2544.563971699526,0.17206918571469915,2189.4386760923067,337.48400245241925,-23.457356236758148,156.85450540418736,70.68514367506488,51.77808953636074,182.41238846913888,172.59092104849736,213.73811450843345,209.6151998074227,214.8617180506825,210.74051594846208,203.41302169051033,249.91203362509623,232.44871918503964,199.95757551835862,175.55602523227145
825,1662.132289395414,1532.5737509865028,0.5667477626872153,-0.25334596011827215,-0.3655326623082297,49,0.0,0.010973486030326121,1.1701971450809796,-0.17064758557952492,1662.132289395414,1532.5737509865028,995.7396206501784,0.0,0.0,338.1253810713267,-23.458244431825502,44.07080587062231,42.046633432523805,14.810017565783616,71.36776728271546,75.85952305852788,73.77937092885557,82.88644948212784,85.96636833675618,72.13410704653849,84.7056580281886,93.11788109807564,84.5740867900785,90.226519126847,80.19443260253759
826,2537.1619248451057,1534.0400411618932,0.7247440224680799,-0.27097207930602246,-0.05686269663486642,49,0.0,0.09865187802637945,12.705543214676313,-2.7599830941848142,2537.1619248451057,1534.0400411618932,2025.8186377546995,0.0,0.0,337.7279466137487,-23.45705921177467,121.13562121624778,76.8845877950888,46.0866388350928,134.14161914931168,148.00951600629747,144.52186484634154,163.08940035100784,140.60739093452867,178.2473161107551,175.9815268659242,164.2341302953501,180.6831872641696,183.86680449054396,168.32903359404008
827,2139.2823489087173,1535.9516706945144,0.31509130767959326,-0.1371445446571514,-0.254253757614726,49,0.0,0.012911945409284635,1.8201253836203513,-0.6502532660324957,2139.2823489087173,1535.9516706945144,1153.7264332836376,0.0,0.0,337.90866045409877,-23.45664863023397,63.83250893675256,40.90920740394553,22.116963811421478,95.66114713457608,90.46356420040794,93.69792282756329,107.02302782698325,95.92162940485488,82.56407557005333,83.32303380722144,95.78779136087277,92.8133168256482,109.7575056788508,79.8547384944858
828,2447.120606565584,1538.2808286537581,0.6167317427006863,-0.3483798177860494,-0.002675736503891064,49,0.0,0.11490125245166215,16.58957900338089,-3.0495884124948236,2447.120606565584,1538.2808286537581,2492.7592005841943,0.0,0.0,337.76884688133964,-23.455397812627663,150.40887836150108,98.12561455064358,45.99457007931157,156.98078145725356,187.1780731332493,185.84084648746023,210.74091994582383,226.1324690868033,197.95473673085246,198.70470020343814,215.7818240378022,218.73998683863786,202.17099962518205,198.0048000462345
829,547.7524544382459,1539.56213157526,0.5220353524590186,-0.1590399570438998,0.1421331751488555,49,0.0,0.021170811266768213,2.8379227723333145,-1.1325014323439488,547.7524544382459,1539.56213157526,1229.5368845299422,0.0,0.0,338.6315181179416,-23.45460660652439,64.45024135842769,34.32925559915066,17.866859238843052,76.40296235054717,119.776258013096,118.71923012847859,89.91658878447848,101.71568871971672,107.64807778155281,106.38315909522828,106.59034832969047,90.84972047451832,88.93349359412721,105.95500106208685
830,2091.9621797058862,1540.0536823104026,0.6084251159140858,-0.8643976548536703,-0.2973517191957541,49,0.0,0.010410533643305088,1.1301529655973617,-0.13284307246712632,2091.9621797058862,1540.0536823104026,949.6071091443695,0.0,0.0,337.9301558862124,-23.45497152058984,36.589855163895095,31.806088546873298,21.019441199141294,84.30030462138791,65.45094204389078,71.8093367797093,81.39877317072975,91.61498037205305,91.31375571493903,66.54022106121849,82.30143343514554,81.15028270331257,85.8083425116359,58.50335182043742
831,820.9858297786963,1543.0540612871282,0.5276894305661565,-0.503356155216218,-0.2959397027717612,49,0.0,0.04914380038480427,6.827807549712084,-2.0857031787063383,820.9858297786963,1543.0540612871282,1891.1298359643997,0.0,0.0,338.5074191445919,-23.453480735174143,105.21419950323293,72.32814494766924,33.22606292300972,156.84304270010833,168.4615179541084,160.6658751237366,152.6463493300711,129.07987447676197,140.75087781718025,150.2945865987054,166.946709918625,148.6924737551758,153.39412587244436,152.58599504357062
832,2526.750696619453,1544.782611135469,0.592748276079462,-0.2394152066689699,0.05815606178838762,49,0.0,0.0244539930053247,3.3707074494120595,-1.3193026521275115,2526.750696619453,1544.782611135469,1113.806781904084,0.0,0.0,337.7326894274644,-23.452596012467936,64.72621840826557,32.866838991257325,25.091421742072846,79.5879890980373,98.32782795744929,90.61607621182775,80.16174805056735,86.39298949441276,110.13462077684977,78.0144727105969,94.71928474506444,76.98004459455689,85.27270395383306,110.91454516929258
833,1564.3390855150622,1549.7383068247968,0.6201229050702715,0.41403349996490707,-0.25159865518020585,49,0.0,0.011123640425851879,1.176009239260292,-0.17602683441832523,1564.3390855150622,1549.7383068247968,1014.9998836528641,0.0,0.0,338.1697984991909,-23.451094172846467,50.79016654039785,43.54285858330509,31.966344599265756,73.48173054615961,85.04016466700075,107.75846467123756,69.60402582837595,78.1833735575942,83.32885515845082,77.6590281085021,93.03495028985904,73.05118629210929,61.0217834696677,86.53695134093844
834,1087.3719830078448,1550.9635265409906,0.45838204874191363,-0.0862518159702582,-0.47742522987266317,49,0.0,0.008423109858394265,1.0696281053443204,-0.07308201460730428,1087.3719830078448,1550.9635265409906,916.6771744585062,0.0,0.0,338.38642620196487,-23.45041148340048,49.11270955916469,39.18410552352103,18.149199610578066,73.11614340659776,55.68550978164356,70.33017147211697,70.96185837105133,85.17494018265364,77.93732206246983,63.55238873138837,73.12150343859503,97.22567237983232,81.77712652509787,61.348523413795704
835,2213.730333304484,1551.971426794134,0.5445193595241816,-0.10751903216259084,-0.11210872624124436,49,0.0,0.01617360698312425,2.3689595101651415,-0.9363940947552801,2213.730333304484,1551.971426794134,968.0470274269288,0.0,0.0,337.8748608175584,-23.449917431272006,42.49569571856962,34.31604235432886,18.650427017134948,63.76557730201789,73.61654692549251,73.8542777191139,89.48364821189014,77.05161698784094,82.22915198403271,64.93284766861505,87.10835317580757,95.19712494507809,84.70885887102328,80.63685854598327
836,2129.7340533575098,1553.1305585061336,0.7202224719083629,0.031949885241467524,0.28060466896184116,49,0.0,0.017216796232971957,1.7560951780140466,-0.6113701259726468,2129.7340533575098,1553.1305585061336,1035.5537240530896,0.0,0.0,337.91301024467634,-23.449497528335637,65.77222531852337,40.26224855885137,19.812739109436773,64.5165575642562,68.66482854125687,83.91318965402891,84.74376833747903,93.08718334434496,80.10697085191558,82.58941527306482,100.35844884513489,81.53827101587024,83.23447452814867,86.95340311077786
837,2186.9564226218436,1553.6379134029664,0.37238208289239105,-0.47964295380707395,-0.2179327148998544,49,0.0,0.015403308413205086,2.508076204444863,-0.9983518194986905,2186.9564226218436,1553.6379134029664,1064.4345657832557,0.0,0.0,337.8870220851935,-23.449244178033826,55.587400262570995,42.28519493022286,14.991398007231481,85.97960138586538,85.06997227239864,93.4907663423639,90.842402875339,86.73431476173447,93.92665969961206,79.77854663595755,84.33401017218812,77.79707993702746,80.9288734518405,92.68834504890339
838,2271.427248444861,1554.879740611902,0.8011243714313361,-0.13915740992163944,-0.20125714581388987,49,0.0,0.023602177576034552,2.5346918881390654,-1.0098129373651092,2271.427248444861,1554.879740611902,1041.0159514212144,0.0,0.0,337.8486595723868,-23.448656960125263,56.712051883303516,25.971489106094836,19.853325989780174,70.21642817746276,81.14989059301462,102.02418625880887,84.93557661784831,92.53797003401834,74.29402082148513,88.97643471436474,84.11740934547947,81.50581567949664,86.22329452459982,92.498057675457
839,3094.1600275031483,1556.3542305545186,0.665613505839094,0.9174253206710156,0.18819228207209496,49,0.0,0.03312167784023757,1.0439242625826577,-0.046672478620643214,3094.1600275031483,1556.3542305545186,21213.98846866063,819.6090872936778,17670.181642917454,337.47502715947894,-23.44687245274166,1251.0012742471972,739.4802602939832,320.8793775600052,1455.255904870299,1683.2785538799772,1457.0146577300604,1745.8945907618277,1642.122238649952,1580.9278356094137,1632.1617737368624,1747.3247505333622,1676.2521072232532,2138.887931691964,2143.507211872474
840,2154.1940739782713,1556.8781370480845,0.6971221402670453,-0.36904498498702015,-0.2671082345655973,49,0.0,0.019768399562797023,2.269643607648684,-0.8898941678912973,2154.1940739782713,1556.8781370480845,1052.1379907608598,0.0,0.0,337.90190423666627,-23.447918645297545,55.95792673545537,31.286081219025974,22.10030420956717,79.36947664512634,83.07001976502582,81.56015900730165,90.4805310773318,73.67614956769751,88.12028417263429,79.94075694537754,100.0411149875024,84.05966200729813,109.90942356181552,72.56610085970044
841,2484.517497806324,1557.202317422976,0.6512657865889806,-0.4393333601807278,-0.0995580970768131,49,0.0,0.4272881967624566,60.16979221020984,-4.448446279264494,2484.517497806324,1557.202317422976,7284.87150102836,0.0,0.0,337.75188601617043,-23.447471510908372,388.4420940014952,273.020599390338,140.29773646272236,537.2130278161014,583.7328475596644,596.7567746217661,594.6997308128487,581.372531260319,537.0009530629518,654.3298472389872,620.850478620788,622.2158383450968,590.6459314305987,564.2931104046824
842,1662.1391786876254,1560.895015309335,0.829977928140176,0.019676573686533267,-0.3373204160537999,49,0.0,0.01648235731198847,1.603211921466628,-0.5124773340206534,1662.1391786876254,1560.895015309335,1023.8898970472543,0.0,0.0,338.12538044130923,-23.446443907719992,63.7441465723236,33.16591589248148,19.199311747760333,72.6185014085786,83.28771536983592,82.43681194437374,87.15593492248851,85.38753489982443,90.13135700366502,74.96372146946786,91.8767993678774,85.19441609761634,89.00721833356766,65.72051201739342
843,2243.2629193680505,1561.1876422691507,0.48220751811360363,0.3118802924260364,0.5199682835545482,49,0.0,0.01268496976473822,1.4757957347553279,-0.42256562710577406,2243.2629193680505,1561.1876422691507,1074.0242784128143,0.0,0.0,337.8614565543088,-23.44605301544646,49.85878092963718,39.90572477250706,24.74971718629663,87.95480649592969,100.02449299525003,99.1870313856829,76.058166383925,94.9399804442086,91.0955156572999,71.71377099743495,65.53348994638978,100.63317685299924,88.14505393829617,84.22457042695714
844,1709.0240943348174,1562.0285922389514,0.7424357419664136,-0.26384141039225767,0.0014576650970374119,49,0.0,0.06886845229183189,8.403122138980311,-2.311101690096823,1709.0240943348174,1562.0285922389514,1740.5430530803544,0.0,0.0,338.10408708990394,-23.445966342002443,110.03707681229146,73.61529602646144,36.51316603616212,123.33339543540492,134.55921395889268,134.30232891579607,136.34808939929007,142.17485828171988,142.83011415833465,141.32041779809578,164.07302823120415,131.88188017643432,140.74628674923852,128.8079011010284
845,2618.6736573238645,1561.5144533674722,0.2578967524628905,-0.36059718257725504,0.0983020459567208,49,0.0,0.008834215353065871,1.3531643669757265,-0.3283763823568669,2618.6736573238645,1561.5144533674722,946.7731314378489,0.0,0.0,337.6909658858003,-23.44550716708258,45.56708316171059,33.06282033271883,16.21102098012829,70.55685687342796,67.5241099439416,88.80781111136363,84.7197734926199,78.74468861656067,81.99990293764452,73.69204727777971,86.22727980138797,88.36610301889496,61.116074807469104,70.17755908220111
846,3107.857399924674,1561.143485105415,0.7987804977000535,0.24824859791984524,-0.6236628863783636,49,0.0,0.08111357838447163,6.317128422574039,-2.001299264678669,3107.857399924674,1561.143485105415,9362.3962207027,56.203850661287305,1801.7237361043376,337.46881740139054,-23.444850065471517,201.06051339954126,141.88217378718787,229.0107974929649,625.5517617251079,862.2938206754113,703.6725595044667,552.5526615559806,601.940807617417,619.0215068189311,527.5175480029347,1101.610086178944,596.7856804729608,1171.6546694732754,1427.8416339975763
847,1647.6078911310217,1562.3616467304175,0.34895904553791324,-0.1061280309181424,-0.0773588595842314,49,0.0,0.008213141962221934,1.172003149804551,-0.17232194716784457,1647.6078911310217,1562.3616467304175,958.9305810304902,0.0,0.0,338.131980156599,-23.4458338497204,56.181465477320614,41.873933679806015,17.819306980658855,78.87893693022275,64.82279418308613,70.64436735648468,92.74304537887818,71.96252808694254,82.06682263932382,69.22069329764679,69.97088429215081,89.55586045758287,75.00641174128017,78.18353052910597
848,1782.7072093058673,1564.5062505632213,0.5278442395698694,-0.32596541321741596,0.08708168872223303,49,0.0,0.01773541824616725,2.267519888811837,-0.8888777625534318,1782.7072093058673,1564.5062505632213,1137.8419216535558,0.0,0.0,338.07062353102384,-23.44491990998665,72.73242633571556,41.51264872151922,22.714580436329996,90.72978221850846,85.1821112653862,79.78402650409487,94.44321433513056,103.77340710366195,94.9362676448602,85.56639727846965,89.59345776510708,84.71520828736159,111.0781850290841,81.0802087283264
849,2343.6490773021255,1564.2188584688288,0.6309540885098516,-0.47367452094297113,-0.1450382316327596,49,0.0,0.22942022225666653,33.030808982667935,-3.7972980261454428,2343.6490773021255,1564.2188584688288,4287.262350146971,0.0,0.0,337.8158692128704,-23.444698618326743,227.07038385078067,158.14205343064646,77.13745231659497,353.46509015513493,321.7677457255561,342.4334101113388,376.7761881930922,353.4953312429483,338.59040256360834,363.15117955510004,347.13631031162777,351.87659864349416,328.1464849317202,348.0737191153271
850,3086.777381950563,1564.5917997812287,0.5053825771134063,-0.9699681495574171,-0.5148857666129274,49,0.0,3.3438826008752582,408.8345916188368,-6.528869086172896,3086.777381950563,1564.5917997812287,152483.0750783244,3515.0802867858583,140062.4576621472,337.4783972104442,-23.443454824807784,8974.103669940536,5982.247708254998,2822.06409993331,10651.474484614715,11803.060724703264,11906.266540243323,12431.385902013335,12328.547319705369,12828.098079799685,12965.582842096115,12813.822305555175,12604.29253227399,12636.61578526361,11735.513083926959
851,1066.2768407818912,1565.2666117015804,0.5258115432105076,-0.5204593790655867,-0.2958232064824213,49,0.0,0.021565327014741207,3.1079783810278117,-1.2311949730112357,1066.2768407818912,1565.2666117015804,1201.5496906811547,0.0,0.0,338.3959960964614,-23.44443739858658,65.69357977037147,41.21074641650513,18.163112069291266,106.52361580233357,99.80400734353339,106.53200736038804,88.61299541744725,97.88954305906934,80.59999190237438,103.00538158938477,109.30706267534694,105.62785044792972,89.45223131888517,89.12756550829434
852,576.5962032106916,1569.3116575531285,0.910199384345942,0.03185299207835344,0.24166155657535907,49,0.0,0.012499040544754274,1.1077693410449234,-0.11112335328306178,576.5962032106916,1569.3116575531285,849.296157564758,0.0,0.0,338.6183746703914,-23.442250751260534,40.44321365968919,32.99262305782658,13.134321706345661,71.75676655334027,70.50199722943046,75.7893316318325,74.65244707751384,64.77785316361954,68.39800399740562,56.50475307278768,63.43075934352791,78.51121343278459,72.01240565518289,66.39046798347135
853,1510.2635623029546,1568.847816470879,0.7412096725223056,0.2001898727577467,-0.07163683166308417,49,0.0,0.012157835045093735,1.3344397277848383,-0.31324740731408607,1510.2635623029546,1568.847816470879,975.0098456209963,0.0,0.0,338.19435615522264,-23.443127387811206,55.269101485206754,33.042823938174905,21.96519170591521,68.08181069543997,78.04964623115545,87.80358435388158,69.88207344178286,69.28976713807268,85.13741687516473,90.5171112453842,77.36786119001928,82.86229264205181,82.9917124413821,72.74945223736493
854,3107.739834226178,1568.3164886977804,0.4939943964210018,0.19932116189396842,0.44989647259292104,49,0.0,0.048489792380655115,4.174305349280349,-1.5514605360312683,3107.739834226178,1568.3164886977804,8900.346160105984,66.9879918884696,1654.9834511079744,337.468886261773,-23.441861760248575,181.73698346998185,123.78178948651555,290.8578327348828,813.8814507721063,767.1001761988398,695.3987791704903,463.55831451567417,611.5443588436083,497.3739585036533,437.49742738298573,746.7537155798195,715.0740331157956,1129.7953938817889,1425.9919464498435
855,3109.4390637077886,1571.2593197970318,0.3194028500021713,-0.022189563803549226,-0.22724344050744832,49,0.0,0.037249828775138466,5.440794313696192,-1.8391557698671175,3109.4390637077886,1571.2593197970318,7392.210028833819,59.93278428072327,1322.6391909063786,337.46812101298895,-23.440632301876626,214.61496782309075,107.46082249367535,218.36127151534237,734.1761693310593,684.7847700150094,529.2578161739968,401.776916796356,565.3344743903601,359.93203394663,389.58118018170416,615.5257178221541,630.1394787840222,890.2638717207365,1051.0005378396818
856,1060.8460699895443,1572.9346859110242,0.7982677456947666,-0.06475784065457034,-0.21572253050298487,49,0.0,0.013912380080504853,1.2851897863903483,-0.2724181637129836,1060.8460699895443,1572.9346859110242,1145.1833814524089,0.0,0.0,338.3984565664037,-23.441238565430314,67.09839680109566,46.32510396044804,17.092048024547456,85.59293899987497,82.15223395339947,85.40897944575835,81.66256933784958,103.9006957197778,85.49282933239847,97.6573605199625,97.24725893137699,99.64552218098052,97.68089661423598,98.22654763070308
857,2432.865366226672,1575.610808922579,0.7593541002769282,-0.07932750393401983,0.009444158476688839,49,0.0,0.0368078503833824,4.478878524307465,-1.6279232092829794,2432.865366226672,1575.610808922579,1178.7174864804256,0.0,0.0,337.7753657805978,-23.439859727150235,67.70157336067956,39.447367925372134,26.71059454397555,87.44355955385082,99.35726868199092,103.75074058929611,102.27412922107014,92.65482574198073,95.36105439264622,102.3460644595254,96.99675078353363,91.1649569393013,80.99363988769778,92.51496039950538
858,3105.372965030203,1575.757769697181,0.9091651710586425,-0.6204615572348224,0.884086717985755,49,0.0,0.03911821601905302,2.343649968455325,-0.9247318723328457,3105.372965030203,1575.757769697181,6879.230621125074,62.398095054234396,1570.0170272761138,337.46997706160903,-23.438766130042286,170.74479609066123,75.89892651957973,103.6909254121791,718.2752593967894,686.569425100251,462.08612699135733,417.4449086521497,388.73856978365075,321.39135699735783,315.49539366145837,546.251722893152,585.129249331354,906.3734399752884,1181.140520319846
859,1382.5891828882945,1576.922708979893,0.6465342275941763,-0.20393946794563544,-0.1452348029857212,49,0.0,0.012262575510954464,1.2252570103724674,-0.22056799007627498,1382.5891828882945,1576.922708979893,1077.0177168087748,0.0,0.0,338.2523374616464,-23.439737007551326,78.61163444362847,35.24904000686919,21.600977106609534,76.57232508443147,86.13408627069938,97.82992032143605,94.75530714880851,88.26285596837471,91.46687429827563,82.55382201768573,86.81555329856161,74.84371680891978,83.9967146931032,78.32488934137155
860,598.1926363195195,1578.3280249807372,0.453108875226237,-0.24159367801691345,-0.11166640408272627,49,0.0,0.10571952368055199,17.723004550098743,-3.121343372449385,598.1926363195195,1578.3280249807372,3018.458785683136,0.0,0.0,338.6085542615181,-23.438522795824216,153.63042827567546,115.92483439263744,38.74008985864692,221.2060167150405,211.53773453152567,247.15099651213177,258.4363418613995,257.69162400202777,247.49840901205718,247.29161400690106,259.99800302018673,271.1401256860188,241.13637193496953,247.07619587391784
861,1987.767397354744,1578.109842989926,0.6255163148477692,-0.40276031755502656,-0.09849070260409634,49,0.0,1.017491788820971,145.095588653602,-5.404135521919261,1987.767397354744,1578.109842989926,17769.73933437685,0.0,0.0,337.97750124895146,-23.43917504844873,954.8193078075626,681.472075196648,344.6833180335012,1243.2831687408197,1370.4244330688666,1436.6916259506747,1465.7252736999326,1433.7837042088695,1461.8858784665363,1557.1696434491305,1457.3618350896304,1463.6084372658784,1558.1577026630837,1340.6729307357182
862,2874.7420844527173,1580.0227315891436,0.9459790403989882,-0.09774996491338518,-0.05087879520939573,49,0.0,0.024006053579606505,2.218310214784858,-0.8650556975769208,2874.7420844527173,1580.0227315891436,1051.9071997197761,0.0,0.0,337.5747119177356,-23.43741011238485,56.86976681288037,37.15177103775554,20.24696697244709,81.17966697819284,86.2616694350842,80.22824873279653,82.28260172575779,87.68723674187238,84.50960098521185,84.06266548938467,90.33221616210581,87.28661896590266,84.30399319874259,89.50417648164165
863,1140.320050378444,1582.0617784714418,0.5959298006277215,-0.32503179533607324,-0.09406377817890414,49,0.0,0.1890236606013555,27.26970899915994,-3.589201258794909,1140.320050378444,1582.0617784714418,4013.588912571666,0.0,0.0,338.3623581077391,-23.437487833754254,201.36354806544588,134.33190369891452,77.26887300976631,262.71056575396597,324.0458480426359,328.06426622583797,336.51781857631573,307.6322971393512,350.6344883871466,349.59706336662686,320.23661372413363,350.07710773159,339.196072492486,331.91244635744897
864,1521.8144963968787,1581.9974493049647,0.2801627538449877,-0.5294976739577204,-0.02863820285899741,49,0.0,0.013024876268199143,2.1081506536132473,-0.8097541084943377,1521.8144963968787,1581.9974493049647,1068.818961365866,0.0,0.0,338.18910876585244,-23.437649657269432,46.32444210497938,32.9884300357425,11.072449162396255,86.77801108793662,92.17431074725059,83.2982390707119,103.767883330247,106.55421205599303,83.01945268125398,74.651481727206,97.81068778211545,90.89176786122836,94.93880250030803,64.548791218497
865,3101.4861834630246,1582.6055353271172,0.30803783084782715,0.5247517059670362,-0.07036562779507591,49,0.0,0.022102423370496387,3.1063225108233654,-1.2306163598075348,3101.4861834630246,1582.6055353271172,3973.19369413077,23.162259678782316,1382.1089622405761,337.4717566822031,-23.43592076927988,94.96914052232606,77.09740229202481,97.21650979974216,320.22338733913705,479.03161565282255,271.6785798758185,232.88371022064163,195.25376236233706,184.01934342293143,209.88951477783584,237.41277796062906,309.3997720803322,472.1525669216991,791.9656109024929
866,1297.8568014403202,1583.7609175229068,0.6961570630296671,-0.887536216992676,-0.36645946923132955,49,0.0,0.018977856492634074,2.1552188597821793,-0.8337284469953143,1297.8568014403202,1583.7609175229068,1035.482463366047,0.0,0.0,338.2908149622593,-23.43685878950106,55.74200685321931,26.597644228465388,21.020039463795246,75.14197492998625,69.85006465786007,82.00670462772338,82.35015870023557,79.59948280192604,86.30900127072736,97.97409111649364,124.17462245386258,78.28786651063048,74.7685327256816,81.66027302544006
867,924.5765806810881,1585.7533597909655,0.2558579819602176,0.5040902668364703,-0.370663112229069,49,0.0,0.011143424402592422,1.1941020830021807,-0.1926036398255937,924.5765806810881,1585.7533597909655,1344.8969238824432,0.0,0.0,338.4603293516594,-23.43578871551389,60.74796139038816,41.789166417707314,24.621477060392632,97.83850318391035,105.09206567027246,118.64513140041,111.04407189417194,97.08734643874601,119.9421861729904,116.44595717293734,110.77639653786457,122.46151048385451,116.4892097588466,101.91594029995092
868,958.4822992020817,1586.3930403597963,0.5114780693526453,-0.5702721009328435,-0.24386257953968002,49,0.0,0.01013144691776621,1.12735811720235,-0.13015474046937525,958.4822992020817,1586.3930403597963,983.592994776182,0.0,0.0,338.4449315638135,-23.43555153171902,60.81904819463648,26.06715237598177,17.650185740888272,71.76348790566686,76.66009805246358,88.21684853950889,99.6369328998924,66.85549064658738,76.84002395984052,82.82125641293669,85.19579526051945,79.01846237564975,79.0576015750461,72.99061083656383
869,2372.1588604153376,1585.3721505903804,0.3538416761500196,-0.5128030508444478,0.1946636678852767,49,0.0,0.01572251078129547,2.5232260095526753,-1.004890381848349,2372.1588604153376,1585.3721505903804,1134.0558381598187,0.0,0.0,337.8029450025603,-23.43585653797958,63.39837622536683,33.62264302064562,23.240704044979836,93.97556959720936,98.61998205440821,80.25550487399484,84.85596955795444,108.70730512996586,99.13043016402679,99.69465225142721,86.81516894889799,111.71645663590425,81.62339927146257,68.39967638357498
870,875.2721057050974,1586.5429063770305,0.8491991840207713,0.5032475306776959,-0.08040117065476736,49,0.0,0.012980041628242865,1.089079639666637,-0.09264909746824623,875.2721057050974,1586.5429063770305,976.2146749794196,0.0,0.0,338.48271850635075,-23.435414374750426,59.0294678102571,43.22388280005622,14.236917811698532,61.65134111538071,72.62769058031634,77.32060715408136,74.07293320926765,97.7656727445217,63.51065739726114,93.50872790924797,91.90673393226585,87.81145350457821,58.25556943281249,81.2930195776743
871,927.0636124668293,1587.1915826661705,0.7998423172231245,-0.02654911919198764,-0.3811625756098487,49,0.0,0.023154056961445336,2.315734527884997,-0.911721927704451,927.0636124668293,1587.1915826661705,1331.2257698227463,0.0,0.0,338.4591985608273,-23.43519166843072,60.33028253410883,45.91749123365847,28.673943195032635,92.47834620045003,103.33616329156295,114.83912446674125,104.58646219241679,100.51292278882765,113.98778230850425,116.1487631554349,105.29504643127926,119.53765462769854,120.53580095589037,105.0459864411402
872,1073.1037175905144,1589.3427749534003,0.5360381569426209,-0.3007782499043216,-0.7044018746811523,49,0.0,0.008490223008138856,1.0055099197404487,-0.005965898588212731,1073.1037175905144,1589.3427749534003,842.2541505510408,0.0,0.0,338.39287748413994,-23.434410513510223,44.11387941727962,31.225072456206547,18.736104776649913,59.332742748907904,74.44532137769735,73.29239523351575,84.70180947193718,73.103710110201,73.49942770598496,54.10366891241221,58.70016910544088,82.03190622288189,64.48533043836574,50.4826125735598
873,1485.4258988772956,1589.069636699906,0.24730609878125176,0.45460636339854404,-0.30970312154703183,49,0.0,0.006586187740122517,1.0317786830295335,-0.03396637731996521,1485.4258988772956,1589.069636699906,890.0353808494369,0.0,0.0,338.2056329580503,-23.434698282926128,44.68047356246856,45.54883029587581,14.161199471085705,51.94589141121471,83.89950718103665,62.159333222478764,76.86340343788513,77.32308756394235,72.00467353277898,75.33235031181512,77.56882376960277,63.66759053410397,82.60888237337197,62.27133418177662
874,1804.0605368486458,1589.143150256071,0.6031860037338235,-0.1435138567755349,-0.2660040372448544,49,0.0,0.012978497678220229,1.5737686999909664,-0.49235225890915935,1804.0605368486458,1589.143150256071,949.0661589277754,0.0,0.0,338.06093288569133,-23.43464913659753,48.215075087189106,33.89936913014716,24.5732325148036,53.83785677203922,76.1355755197842,80.44287831170365,74.89233608089677,73.20526987687555,74.21329266081595,86.9321580864235,80.44144352686742,94.05847198366448,74.84760046355318,73.3715989130117
875,3061.145961524214,1588.1553587915612,0.5435424031215933,-0.19122105252125648,0.25264652440781843,49,0.0,0.012353362137633802,1.3899438700075226,-0.35749315632192524,3061.145961524214,1588.1553587915612,1329.9528988730613,0.0,982.5049745673816,337.4900856653323,-23.433686952146243,64.51974188964223,40.21929395103911,19.239335168727404,92.83705484723967,118.03678295560042,99.14663194145994,106.53020304891979,100.95335082697476,113.28530854914874,115.727447282307,117.01644224049844,105.30359152820958,132.50526033899664,104.63245430429753
876,669.216405257755,1590.3280295940556,0.8545596933316801,-0.23948347549999718,0.11456189782748166,49,0.0,0.03828763052903296,4.144202136522418,-1.543602325720421,669.216405257755,1590.3280295940556,1247.5842178403022,0.0,0.0,338.57628534924197,-23.433613128593382,81.51641829102054,43.17411927047487,26.64964837679019,90.22599564651819,93.55716939862239,106.53723674683224,101.52049261618112,90.03679543358838,93.9905190623229,107.33281292732376,114.34617342385664,100.29590277150244,104.98656953492508,93.4143643403435
877,1746.9069006795007,1590.8745711665697,0.590620503234989,0.3459777100262771,-0.0629964520361515,49,0.0,0.010992249952690226,1.301656049805991,-0.28624060304372456,1746.9069006795007,1590.8745711665697,998.5876080164644,0.0,0.0,338.0868881290188,-23.433940847057816,60.3725302352932,31.441422426765477,33.54037393211249,72.99618919868435,71.69138121414582,71.11669920423057,65.43953451315124,88.04865004051999,88.43119256162652,75.34176783340007,77.02656335746028,78.07244169762689,91.34415663008468,93.72470517136293
878,1623.7052611935887,1591.3456799481773,0.4783433484930845,0.10864040170615166,0.19113026175419023,49,0.0,0.011073797588190722,1.4552302117409828,-0.40732925612296433,1623.7052611935887,1591.3456799481773,836.0458867801494,548.032974808651,0.0,338.1428368315012,-23.43375827411438,66.05340202672724,30.00644943711341,9.999738382416504,59.30929983634362,66.78805007846667,70.1466232438304,78.78390625308586,72.06187902681532,70.04157442529291,65.10365196247702,58.717705122348505,67.97187198492657,58.05307844154788,63.00865655875742
879,2133.141323448239,1591.7531544364954,0.7166253863763749,-0.5738139760974041,-0.1885540453551857,49,0.0,0.011189105114738753,1.0240862323466946,-0.025841318981252602,2133.141323448239,1591.7531544364954,976.0997436060397,0.0,0.0,337.9114922133591,-23.433402546532154,51.80851755840136,35.8722070947976,18.377833185123972,78.00024300611855,81.40423529419667,72.83269059310402,75.89299825579039,88.24955715707436,80.85870393591347,70.2816464071431,82.39489565528311,91.76165193015622,78.47501636028197,69.88954717265497
880,2326.9104220430863,1592.2363564723225,0.5363767165761476,-0.29402849984605384,0.11861343310679302,49,0.0,0.012534726273503938,1.4167517103416136,-0.37823436401522037,2326.9104220430863,1592.2363564723225,992.6422621492961,0.0,0.0,337.82350013393824,-23.43304101589674,51.833683288090526,44.11715211336828,23.060311984652508,67.31255328806247,69.24727852322076,77.83957444985461,92.43734522011997,72.94029668495523,76.23357949114566,77.05077644484878,93.9147146162518,80.18054041116878,74.37668977035506,92.09776586320157
881,1190.4977088125845,1593.212444230622,0.6579262528262915,-0.24189201665899274,-0.35919374815535504,49,0.0,0.022629490789296894,2.804026734636586,-1.1194553750997787,1190.4977088125845,1593.212444230622,1064.9834877249452,0.0,0.0,338.33956436662055,-23.432870425421136,45.33055143674754,35.35689747966018,26.67821301676503,60.32616946573404,96.1645828212756,94.33157548474526,90.01033494698598,97.45160933558427,70.42032788932221,101.46851764754977,99.73419095110043,87.0220165633828,80.91008237500203,79.77841831109009
882,1679.034083459507,1594.3486985999343,0.44148080026911735,-0.271975969305859,0.0610244101566814,49,0.0,0.019423845731124875,3.1437950836549717,-1.2436355761329583,1679.034083459507,1594.3486985999343,1088.2996627388902,0.0,0.0,338.11771111179195,-23.432503320074193,81.22821656985639,43.85970410856264,18.510864004071887,64.93103246449135,68.22683410043021,72.00799788917311,73.40721214908005,105.90764027223418,94.52620191531057,85.27721873607578,97.83733226105718,86.35010685446349,99.91242179582542,96.31687961825799
883,2039.6364776977357,1594.5205054269568,0.6684858635965137,-0.08771201808554784,-0.4041000375292635,49,0.0,0.0158484141195578,1.677765603659421,-0.561828216398774,2039.6364776977357,1594.5205054269568,1007.2867167394465,0.0,0.0,337.9539559183533,-23.432309158550016,63.77972990218284,36.44540003761135,16.4378239968526,82.96636686107858,85.72393524410128,82.01998148318376,70.57937626069649,88.76287841052135,86.12206982476036,67.60127442078814,96.22716466847665,84.25797893578968,72.18449544975473,74.17824124364878
884,2277.9455073638405,1595.8309452420417,0.8847032133618076,0.11982900975832543,-0.31196449336228177,49,0.0,0.011710294019971266,1.0738947299161485,-0.07740427776347396,2277.9455073638405,1595.8309452420417,834.5340083809156,0.0,0.0,337.8457389362881,-23.43158842930426,51.982001696199994,28.63298966385309,6.655667384980126,49.4982745101003,59.2349963093369,79.13908223313109,65.16455872483783,65.13106241445927,74.96644130200737,75.83134481183143,67.16276402248612,78.4299024495756,55.59973664485095,77.10518621326545
885,2361.185159833072,1596.8390560286623,0.7313066761578988,-0.3617431535801797,-0.0741930650224594,49,0.0,0.06039768150953015,7.1973107587791185,-2.1429256366372145,2361.185159833072,1596.8390560286623,1918.9056505673384,0.0,0.0,337.8079408001567,-23.43108979069195,100.45652361982253,63.01778180575732,36.528781236070714,143.89998889515036,152.36693552136654,148.83457377645595,159.92241387025766,152.96550515668915,157.67189036421803,173.1949336450096,154.8295646711824,171.082603815524,169.55783411435675,134.5763200754774
886,2343.5409944366083,1597.893172165259,0.5248234366352232,-0.31756068417039135,0.10348683515861887,49,0.0,0.016600413680604675,2.1711288061913985,-0.8417139738349912,2343.5409944366083,1597.893172165259,1122.946572781938,0.0,0.0,337.81595410987677,-23.430668003480253,64.79057013875934,38.13944458827659,16.891261599215753,85.93231875688011,101.0387213483875,69.5080813798179,97.63569874716765,82.79279457674512,100.88277659643339,105.61672795097238,90.8306408827666,95.21557145332704,83.74206687558879,89.92989788759968
887,465.3714389320579,1599.1146425863133,0.39573138608540054,-0.37581344159079483,-0.05713909133075316,49,0.0,0.07612427312032621,13.342357847542065,-2.8130814610748707,465.3714389320579,1599.1146425863133,2534.1461431698526,0.0,0.0,338.66883572589927,-23.429675596712563,143.89286383746258,75.03917465297341,59.417700613773576,191.3927616985793,199.54516221948688,189.04625907822594,211.57785402520125,226.50204043240325,205.82394684032067,193.51800533897494,194.0026513649704,233.6598414010728,206.15098680160304,204.57689486480484
888,236.86962453944602,1600.2461706558038,0.653327877445815,-0.4158306424938477,0.34621471108491153,49,0.0,0.031190619611878113,3.4628582523838647,-1.3485867865783612,236.86962453944602,1600.2461706558038,1486.714089491998,0.0,823.8494380952941,338.77258858488335,-23.42882931814786,85.2422662673992,62.072950768664356,13.1432017896496,114.64536366476239,129.81431426674112,118.15006431425712,130.65862598085036,128.20419453348745,120.85746196203138,116.22038091130511,119.69083453539818,137.1065005791103,97.87333229154642,113.03459762679506
889,830.5111055077626,1600.1756186132639,0.39053565666041073,-0.32894642774113386,-0.2380091341397138,49,0.0,0.010080709855195335,1.4745005249728893,-0.42161232877903415,830.5111055077626,1600.1756186132639,901.6060979268981,0.0,0.0,338.50303005371916,-23.42969023191859,55.632316962986664,23.869677450994423,18.940634445404136,58.10523349767988,68.6989093198803,93.29538745795061,67.33737849106689,59.55362732109027,79.26798194749934,80.53941404748869,74.04820211638044,75.54752511639936,73.71691353804175,73.05289621403531
890,683.1053713620157,1601.7954220072756,0.5716108070519755,-0.20739733031914342,-0.12920067445354344,49,0.0,0.011680351781176048,1.3550973458860316,-0.3299262366655232,683.1053713620157,1601.7954220072756,911.6136534498337,0.0,0.0,338.56996332073606,-23.428852034859915,52.53864290437424,26.128565376203536,15.63755414432794,66.55716421991934,73.50903395560385,69.77807756971251,77.66668318258002,67.08193830158305,77.05172837523409,77.72172232512393,71.57582405298044,79.80383628780825,86.22368933935203,70.33919341503042
891,1546.742158870903,1606.3943584584774,0.6879853560444468,-0.5013115147115438,0.15264752242084798,49,0.0,0.02717375714081574,3.325858389947873,-1.3047593841769556,1546.742158870903,1606.3943584584774,1142.5351289094356,0.0,0.0,338.177786346681,-23.42748644785245,68.55092693511159,49.023713157308684,24.85488614577967,86.23690650356271,97.87328975953056,84.50411821714432,90.62322874882884,97.28650823095916,94.2985212935697,105.48862245466208,88.18968153613918,75.19853501983258,96.15217347322422,84.25401743378228
892,2360.0458835024483,1606.1588166305296,0.5442971231665795,-0.16445839057589384,0.043465801542752466,49,0.0,0.019036321799716562,2.552821662331243,-1.017551191171689,2360.0458835024483,1606.1588166305296,1444.5372028926993,0.0,0.0,337.8084682735396,-23.427207764632644,86.1957260404912,61.20802403924427,22.446909164267527,103.43534493467837,119.04540525446924,109.76389651424282,113.29358988002876,121.8880655496702,118.27267388221674,127.37676296493528,116.85778557780236,111.42609384868027,130.44567382450987,102.88125141746228
893,1053.2773069904952,1606.9437522058038,0.6777747010515787,0.3401723487164527,0.216649250473857,49,0.0,0.01494624805842921,1.363832956393777,-0.3369029519026927,1053.2773069904952,1606.9437522058038,1096.8747618899429,0.0,0.0,338.4018672123662,-23.42706285069142,57.4825774253589,35.04941487600375,23.698276739135935,73.2305383778837,102.10326059320093,83.58853448052176,71.7623776305027,81.87592478193167,103.62975296993362,87.90015862340789,87.49490094118266,89.54909948950183,114.91331638122963,84.59662858014777
894,1807.7664393660325,1607.190571634537,0.20774861710922043,-0.29575467913152353,-0.08800730231986055,49,0.0,0.0064908027730586045,1.3291275647045209,-0.3089166622676657,1807.7664393660325,1607.190571634537,853.7419545528599,0.0,0.0,338.0592552981762,-23.427128388027096,52.88445759368864,36.39357800806957,17.827585032778405,56.09678558836164,57.19018931322498,64.75182957101526,75.77320978425581,63.534836732915764,69.3084243150333,78.40241368319553,82.48348042226105,54.62990922444116,77.14096359116814,67.32429169245071
895,2835.31412117936,1606.4769070317848,0.5558472195772435,-0.4600064575138041,0.27214375789991435,49,0.0,0.011159903183781617,1.2936047381006988,-0.2795039939914163,2835.31412117936,1606.4769070317848,969.5587978487572,0.0,0.0,337.59266265701945,-23.426453036360396,59.492833623601484,35.13926224122838,20.99503893927872,76.71381402347296,63.77148305292047,58.76927381055849,68.1627358591088,80.51616623537578,80.48277007798103,91.98791751917054,93.2924848110282,89.42678323238279,89.45697246359019,61.351261959059364
896,729.1433437974135,1608.6441897884806,0.23567991352576262,-0.44333109499968626,-0.4351625306289421,49,0.0,0.008277354397604537,1.4808945422179616,-0.4263103313747218,729.1433437974135,1608.6441897884806,987.4490357525697,0.0,0.0,338.54904964206105,-23.426052512481142,57.420131475611704,34.443935740337196,12.957727755263988,88.91588725628735,81.68899775328774,74.79778127608415,87.0575641337762,70.65004634002723,76.46502012056031,88.41327568544347,72.10412627068146,80.89038981849131,95.3845685429651,66.25958358375246
897,1271.9019437864379,1608.7563598729425,0.24164728711797503,-0.10550698626207382,-0.70752303872873,49,0.0,0.009491195376912984,1.2271106573398738,-0.22220931982721556,1271.9019437864379,1608.7563598729425,1103.4725494173927,0.0,0.0,338.3025900997765,-23.426433296818477,65.28233393838013,42.241167955902746,21.15762562978211,70.04821119806536,88.85718017965652,71.44251816424102,89.5217653985835,111.64346855312994,95.60153317253544,70.47677497990824,87.93068330754181,109.1915496779016,104.57820401826598,75.49953324349809
898,2766.6903556890898,1608.6275740543667,0.5706998892429943,-0.4502715508440266,-0.07216807990210401,49,0.0,0.034272219140713996,4.501683442237283,-1.6334373805244247,2766.6903556890898,1608.6275740543667,1451.2475013806657,0.0,0.0,337.6238255325671,-23.425665115728275,80.46461295609103,59.748139634673755,20.815027906994896,108.48856821568046,101.2575146197376,118.51867860795693,111.40257740548819,133.09856198417836,127.53270288279148,120.05604180198576,112.41297485500488,117.61182133110285,129.11526306851619,110.72501611046332
899,2846.746837321677,1608.6785041307942,0.3307937403333609,-0.315531386987353,-0.36683744372260974,49,0.0,0.011899460250645,1.9220886073367671,-0.7094335113885579,2846.746837321677,1608.6785041307942,1037.7182330341584,0.0,0.0,337.5874754790861,-23.425517130179962,58.53982228641621,37.67904332624517,21.36798677402121,78.89589455449783,69.21381457140288,92.61832412433336,76.34913073513148,85.39788241116412,76.67760618831379,101.1267352451415,86.21543482492865,84.67144187901326,88.98860204043889,79.97651407311028
900,123.79120123790956,1611.5393065897524,0.8165705892838863,-0.7746740293767649,0.4208634510801098,49,0.0,0.009032861508409347,1.1143428880344362,-0.11754711414122888,123.79120123790956,1611.5393065897524,319.1445361011655,0.0,107.70131375053386,338.8239082274626,-23.423913327985364,20.27353643558193,0.0,1.1190310943381843,14.137870165115597,24.15168914405259,7.6265241609247685,36.20902770669865,13.253973737533174,4.761015840315931,57.51069353491443,31.123139871491176,58.348596719494054,14.360640221122084,36.26879746958295
901,2085.264131437024,1610.982837871522,0.2679134482088557,0.3063893477720918,0.14013002923629916,49,0.0,0.009549796895318714,1.1973338290493762,-0.19553813270188136,2085.264131437024,1610.982837871522,1046.71949794437,0.0,0.0,337.93324728107143,-23.425422223732678,44.520722131565634,47.24478791628104,21.60840369785769,81.76978749072876,88.97388994187583,76.01589833029871,86.18202400580884,92.94402410883242,71.93945762393844,80.37198948008694,85.51753583076089,75.56862256561556,93.29414920937741,100.76820561134186
902,1414.039699574937,1611.1745390815834,0.7973258623032798,0.27322784393859084,0.7640758853075644,49,0.0,0.01609649931287784,1.2822312238931026,-0.2699158706910947,1414.039699574937,1611.1745390815834,1252.3907981973691,0.0,0.0,338.2380453223554,-23.425473781153297,73.57903396562762,62.217752473840946,17.225783361591773,78.20917274252402,96.2398087272696,94.35248115422255,100.97620130539656,119.65845370577767,77.02802750823633,127.3386501714656,106.28167257925412,113.25095363109264,93.32885191193441,92.70395495913534
903,906.0988934520745,1612.364259748293,0.5743151856224901,0.02912668197098154,-0.0009133236717025681,49,0.0,0.019517216827609978,2.2953420232007877,-0.902118519586836,906.0988934520745,1612.364259748293,1195.6717456386696,0.0,0.0,338.4686939406274,-23.424684379934952,65.17710072486305,24.76932560693288,19.22500002938631,86.32991779161185,93.93540030726169,92.81458770934016,106.2866361676185,84.7875191603459,102.70183178908216,97.96141269695363,102.88481433074259,107.44999293116028,105.88969952950413,105.45850686386619
904,350.3702654930941,1615.22885762616,0.6761814304499643,-0.0123853538464889,0.3015070102770027,49,0.0,0.017637289602705445,1.6928021825563841,-0.5715155257453366,350.3702654930941,1615.22885762616,1231.2141269838773,0.0,0.0,338.721025569907,-23.422781587946123,54.17488258748489,37.55513119893301,27.25272817007322,98.27502515047192,88.63261039986637,91.96272339895962,96.062978609537,91.87838882167233,114.32273593895081,97.8671806671822,113.69907435536983,99.21216921508545,115.46430688326635,104.85419158702442
905,1066.3474985697299,1615.5830538484192,0.5225185195384742,-0.12385469454675006,-0.19101284600256166,49,0.0,0.019694796946002773,2.7739053635673185,-1.1077291007638648,1066.3474985697299,1615.5830538484192,1131.3267468695556,0.0,0.0,338.39592554176033,-23.42347245217865,53.403511758262894,38.720800390625726,10.070954169117762,76.06877909024311,114.1535547456236,81.85542608591074,96.82323073806293,89.83497633255821,108.46438530538566,66.64008152814773,103.21298754027586,94.42124490516024,86.04312452066488,111.61368975951633
906,1215.1130283794985,1617.3734446104356,0.42422089896479354,-0.8398548498829665,-0.012681212918046872,49,0.0,0.008533130731638644,1.09275050113156,-0.09630253581916776,1215.1130283794985,1617.3734446104356,924.6174316362124,0.0,0.0,338.3283728485606,-23.42281624521331,39.085035188205495,43.04021807459843,23.222757307345454,60.975443230263494,66.79738683724312,85.63008456042009,70.65922374835574,79.68747839533214,76.49001880906606,74.32999834688351,73.82647971837966,91.53528889559183,69.82787827657799,69.51014024794927
907,2327.6091682849537,1616.72189793924,0.6872849309834473,0.0713836168000574,0.06403116502136336,49,0.0,0.012535468315958476,1.3688830327820947,-0.3409158511831841,2327.6091682849537,1616.72189793924,930.5784700311431,0.0,0.0,337.82320830659575,-23.422838209487054,59.9870845700255,29.99120569608693,10.350973433301608,58.28328001680856,75.04191199940712,77.21159638521456,73.95861110019239,71.03153302991826,71.67755880707247,86.93293374408654,95.78726983231917,62.87974601206617,68.69113395857123,88.75363144607257
908,2122.1595746755274,1617.6499349543412,0.5802288409883253,-0.36648270794843846,0.26724362947367497,49,0.0,0.013854247012759944,1.4393513882839664,-0.39541707755067856,2122.1595746755274,1617.6499349543412,1065.607353170028,0.0,0.0,337.9164985113623,-23.422619916401242,65.72919571001935,36.58394686938536,26.25419824431115,68.49981088192908,88.6437574645897,62.11573048984047,95.8956980683979,91.28312802820194,86.5471550083016,87.66728613214104,82.46173019723781,73.36228228591764,103.90524470508709,96.65818908466801
909,2312.112429221813,1617.880828537702,0.44833818957658056,0.5561689332970965,0.15803276719025858,49,0.0,0.026669274638857435,3.6622302383167145,-1.4093641104871497,2312.112429221813,1617.880828537702,1546.9824176213328,0.0,0.0,337.83024611269826,-23.422369962334145,83.45293697090372,54.10064985795837,25.019587121738894,114.53091650444367,125.56076252366336,145.12527977591782,129.31322846780648,132.39544354519302,114.32469035016888,141.21911803807885,117.0530736381281,134.69294349656286,132.79597469679885,97.39781263396989
910,1253.485406855321,1618.7243177215205,0.5330546342757241,-0.47979314852391436,-0.09547262399948767,49,0.0,0.03711346743146387,5.279837611188597,-1.8065514135081837,1253.485406855321,1618.7243177215205,1429.0950956363488,0.0,0.0,338.31094799445975,-23.422271829034887,95.06061665546724,40.406529765566134,30.73429068391204,105.07205590861906,114.8146106718992,115.36838858178884,128.72207036160842,113.27691865433908,114.22798361226069,114.82486192690064,118.10803920087878,124.98192571695111,108.38557662950444,105.11122726665309
911,1529.1376104076776,1618.6876781460883,0.6232611334635876,-0.19714953960892426,0.008716542835079577,49,0.0,0.02618462611381736,3.3528536922554446,-1.3135365065720095,1529.1376104076776,1618.6876781460883,1251.7751027787772,9.643473006442814,0.0,338.18577933129166,-23.422362786158114,86.35096420779342,42.772412708179544,18.93319086152517,93.96837133979132,88.21897327222537,109.53853008413529,105.06568662146492,96.01940723141189,124.20619607492051,114.31955349592747,85.80048481895713,100.53940711851894,106.38358096822658,79.65834397569972
912,1810.4100432905147,1623.9796464361657,0.7930110863364995,-0.44602697137952385,0.3257445042355635,49,0.0,0.012921042739762464,1.2838670098697655,-0.271300098524073,1810.4100432905147,1623.9796464361657,939.8655398998942,0.0,0.0,338.0580598844829,-23.420132225981774,45.72742353553189,30.551414995393806,27.86990820267851,62.967312124888764,80.46147568326586,69.43729489120614,94.93887786910841,77.76103452898063,72.72930643055395,70.57536533496685,76.36095501902429,80.07884358459711,67.06073359610123,83.34559410359682
913,2303.833962071226,1623.8493688029137,0.7964949374637531,-0.12044588999430497,0.06291750177758562,49,0.0,0.014926115059370904,1.426161966006836,-0.38542212541065873,2303.833962071226,1623.8493688029137,1275.8489578719891,0.0,0.0,337.8340111248416,-23.419890796907975,63.52417065996086,55.76846317383005,21.57193250165181,96.91082350513794,95.7441479556486,97.26891957383546,93.56208165605241,108.03033777736306,100.76170549952536,104.08887250111114,100.71109309685477,137.67723430234201,108.07289758671399,92.15627808196167
914,216.77889584420186,1625.5252964021852,0.5260463306500135,-0.6363776268574116,0.2392106993880926,49,0.0,0.03527804880937876,4.552974084558341,-1.6457379457982912,216.77889584420186,1625.5252964021852,1831.3559904666058,0.0,1570.441704520496,338.7816608496512,-23.418260748581467,126.21342738227398,72.35065754292714,44.4485138654515,128.6761042517859,147.3348506095894,138.86637019907337,151.2002072615814,157.3083451941817,146.301097264879,162.3365266350882,130.28769741081575,147.0907689932661,139.5573935768873,139.38403027880486
915,947.1174769263272,1625.7858281212564,0.8594328170569839,0.08556081367092969,0.03264055944171477,49,0.0,0.015017247592961035,1.477223123209553,-0.42361524278264195,947.1174769263272,1625.7858281212564,920.7695062178806,0.0,0.0,338.4500556970081,-23.419128422152255,42.51811424922398,46.663364735407576,13.12221060867871,67.12543893288858,86.59041267677327,73.70740658815626,56.381256284176345,80.1177407972016,86.91204320199736,65.95780384501717,71.12850582116334,73.57603516250902,88.82747834237325,68.1416949723142
916,1830.2064508849605,1625.9441369323665,0.7341543463583463,-0.44618938733015595,-0.14635603016699752,49,0.0,0.03682558000569954,4.302865328719909,-1.5843943843156907,1830.2064508849605,1625.9441369323665,1328.588489459487,0.0,0.0,338.04907148836674,-23.419307978445417,70.15899259912052,56.3684017784872,22.57227456109635,102.98733731396256,99.06863151468924,118.19413834317305,102.13147910382008,95.28546225177094,96.05117707088887,104.58358884493259,108.49550826585042,122.02762483783079,121.2451041751105,109.41876879875383
917,1899.8313873932234,1626.429294702288,0.6394055215967006,-0.5209811499740487,-0.0045573779014104355,49,0.0,0.047073452745134324,6.181357685520952,-1.9777096871439,1899.8313873932234,1626.429294702288,1498.4271208098357,0.0,0.0,338.0174570346442,-23.419081658560994,91.53171595760665,63.96870022189725,25.996421058192286,104.62884335418771,113.75066304742168,109.780221350946,117.67198567032015,161.33232500894997,127.63905018464439,126.81684512225692,104.4182450803274,137.2922192804171,118.50709734704299,95.09278812562528
918,1862.9501695990152,1628.1136315880358,0.7738336167706246,-0.7355869289483418,-0.25255285793181453,49,0.0,0.01296250951545403,1.309595801120232,-0.2928431848833442,1862.9501695990152,1628.1136315880358,943.5662424393894,0.0,0.0,338.0342043223186,-23.41839344929389,54.087789815283344,44.26816674145151,13.059966528558041,64.70461439689032,86.57115921494118,72.61892476854756,78.04018788985991,78.28977027314814,72.2283369475143,76.31774764317616,74.84723915070376,72.5810348766785,85.25553624003688,70.69576795259968
919,3154.739555262285,1630.3649189601888,0.8929711480418745,0.5282282937664227,0.3196190716413243,49,0.0,0.02237725569667487,2.8030164976208045,-1.119064134700925,3154.739555262285,1630.3649189601888,590.1616151952156,0.0,19.474202826832617,337.44768221930883,-23.415915696248337,0.0,0.0,144.69962117017545,0.0,0.0,137.56440154798497,1.1595382362485516,48.428688267133126,5.801895584732341,124.98831036407614,1.1327934442197654,58.979379845312984,66.14973582552194,1.2572509098103761
920,417.7764771205228,1630.2925186267505,0.808292788500307,-0.378413047900816,0.0931835680534883,49,0.0,0.01858601818525354,1.697695644529453,-0.5746495861641135,417.7764771205228,1630.2925186267505,1087.2306367379124,0.0,0.0,338.69039455219246,-23.416612961932017,73.3065564664979,48.88515358579126,18.380182191591928,80.8489341784927,88.81922351829307,101.17332631181229,90.74220467341202,103.44633338721252,79.36763006257205,66.888312729189,68.78110923562821,99.71691082993448,76.62110979493113,90.25364977255398
921,697.556731763341,1631.2062862796192,0.7284482822779557,0.34707660071756413,0.09304632575666956,49,0.0,0.015316576886005056,1.6906981035432675,-0.5701651637748775,697.556731763341,1631.2062862796192,1018.6400715128614,0.0,0.0,338.56336319136994,-23.41661509207681,55.69712180912066,33.8573106367512,15.90178991404823,74.62737590543009,79.14349987753499,95.43192706815454,88.39607052313829,82.31173178940958,75.66392584033997,91.77082335604771,74.62993572934755,87.5296703558198,88.00995767171054,75.66893103600813
922,1444.705688872522,1630.9184944444066,0.463204023367274,-0.08802568264127515,0.006820456028203184,49,0.0,0.03709057496548278,6.070883473820365,-1.958129742467956,1444.705688872522,1630.9184944444066,1436.490787534317,0.0,0.0,338.2241157017571,-23.417254029024118,98.12787807421293,62.2599808382638,31.226979626575417,112.43665078500027,113.66218255141212,104.02293184705601,147.5571852923061,122.49050435027362,120.11920911393622,118.63816670541368,97.39982756680072,105.45037435802135,107.60577844899264,95.49313797605191
923,3069.029824994069,1630.75094126658,0.5378114340787078,-0.7319933232076062,-0.14116463103072072,49,0.0,0.16860932281881494,23.9692814577031,-3.44913753777167,3069.029824994069,1630.75094126658,5078.784894284495,0.0,4170.837980652963,337.4865953753581,-23.415924832007402,287.09749210581197,204.1128023165167,100.53282915730833,375.1389310188128,468.2092678936832,427.5978212356553,383.2972444015476,412.93488383352064,430.10346656121465,415.403707132347,373.0687486948991,388.0255541451931,445.23299796534366,368.0291478226411
924,682.2617293928078,1632.1970009960933,0.5620235265261855,-0.31886429178921005,-0.03578564102609583,49,0.0,0.17973715115872635,26.290848418002398,-3.549511503047524,682.2617293928078,1632.1970009960933,4217.328970801099,0.0,0.0,338.5703064600282,-23.416184029298606,222.79798987842935,171.50851548258217,85.7486403206805,305.18608175834004,357.4088933798847,333.1219347557884,368.54284054298495,334.5399084580205,321.1092292691668,334.51242208033466,341.57987179482427,348.7422559779802,370.7518533597671,321.77853374231563
925,983.7240088111266,1633.0028741259086,0.6142003621738398,-0.38015289415417747,-0.12987930933688946,49,0.0,0.05510354956224381,7.537945167964811,-2.1931324350203263,983.7240088111266,1633.0028741259086,1877.674175282455,0.0,0.0,338.43342770445446,-23.416151866664908,90.9029368643181,76.58573197834482,31.502279268052806,136.51666256457685,140.31815261408167,153.73967691039263,161.56711574771037,178.67942422465737,132.760437126309,172.07453179337233,130.37461470324655,157.59471808491145,167.1001386461802,147.95775475630086
926,2306.2308047499137,1636.0975125640628,0.613147183207025,-0.3082200294067934,-0.11002381433024012,49,0.0,0.8857882347778254,130.4003738515211,-5.288197091247038,2306.2308047499137,1636.0975125640628,14865.350863082938,0.0,0.0,337.8329351778519,-23.414785267468464,766.6053816485104,529.0056278507082,293.0349399910826,1102.6182844546186,1158.3240390041447,1161.4887336274946,1223.128126808553,1224.4716127835727,1251.2374153928727,1312.2570748738485,1212.731595953275,1277.598067370193,1260.7442359531387,1092.1057273709248
927,2678.813118870182,1636.2122280165388,0.5194329823624573,-0.42200211914490554,-0.09991277514583334,49,0.0,0.01587345291922896,2.2887350378707425,-0.8989887955229747,2678.813118870182,1636.2122280165388,1186.0611046471174,0.0,0.0,337.66376978859444,-23.414301395183813,61.84569832392136,48.178453153569144,25.937971605503936,87.56654811109988,106.88308971241457,104.83233212109452,99.26433659987157,91.00987767546653,86.03237960849037,83.89159301386178,95.76767350535175,96.160488209074,100.64143938005036,98.04922362734757
928,2604.762926451981,1637.6853103229323,0.43051286461929983,0.8188040381245042,-0.7089550075416823,49,0.0,0.01589882027046576,1.7921767437516372,-0.6334520934644843,2604.762926451981,1637.6853103229323,1884.4936510025304,0.0,0.0,337.6973927170896,-23.413788800212668,106.40927706041032,62.89374343260655,22.00801406748904,121.39763510467213,138.34201298670985,178.90504478716184,158.77981190814432,154.83323087542198,161.48544876383139,135.14321955269708,148.48275467006312,172.98020513232194,175.78923335119887,147.04401930980237
929,1829.2693819189792,1642.5112515985154,0.5372637597825949,-0.5720516787349158,0.07332853143119905,49,0.0,0.0109282612949315,1.2967454133184948,-0.28213680134404334,1829.2693819189792,1642.5112515985154,1047.6529298320925,0.0,0.0,338.04950240747144,-23.412405307699665,68.65538526236364,43.35675708341826,32.256049209137466,64.93440875123076,67.27126082128396,86.16092660338902,95.57675444676337,89.94423573200883,91.19279061714917,95.56938628324797,84.93362939286935,71.7674575681536,82.13968454609531,73.89420351498167
930,1873.8662686467821,1643.128307697951,0.5572276931490461,-0.2331537400401636,-0.4316023415639994,49,0.0,0.019174021085325794,2.420125690114738,-0.9595948045231344,1873.8662686467821,1643.128307697951,1121.10307962126,0.0,0.0,338.02925354580225,-23.412133511259206,79.82085425959069,40.95999206020304,27.56326142066348,74.18956761895319,76.4244039171138,81.93633297209504,87.62588950133431,83.44531158973734,89.27163391211351,96.07001157748091,88.12223770601273,103.07753098428454,99.74002390717787,92.85602819449949
931,2674.299624915432,1642.8492845697315,0.37937296180162816,-0.5201775255938398,-0.2988688757599101,49,0.0,0.013458351178448326,1.9925236969277946,-0.7485087378225472,2674.299624915432,1642.8492845697315,1181.905007066673,0.0,0.0,337.6658292249647,-23.411542427662948,66.18167775038754,33.522651821933025,24.458041557363345,90.66102366739918,99.32954084081894,100.86761992797072,103.1612612401043,110.55486419322943,93.7442902561171,87.92405502845904,99.71056786438734,86.70880823840972,96.22372863982453,88.85687604026896
932,1439.3878638785047,1644.3159306471434,0.7616295123996639,0.6535398308397947,0.6594340446943328,49,0.0,0.019798257579976615,1.7901677564126577,-0.6322343264309698,1439.3878638785047,1644.3159306471434,1233.9582157203395,0.0,0.0,338.226527252333,-23.411670663108783,65.35113431972493,55.927011197503525,27.608687629416202,97.11946312698763,91.92755765138516,120.92180360369252,77.88586798028673,99.03287229793234,100.64973734025784,94.20007018284034,104.89768640241995,108.67847411566177,101.19905724410347,88.5587926281271
933,1807.4825349266341,1643.2575089381833,0.5098991036267188,0.20125123948234613,0.14810783701506333,49,0.0,0.009125251037584605,1.0407619348039359,-0.04337849950903096,1807.4825349266341,1643.2575089381833,1003.867983502091,0.0,0.0,338.05939490068533,-23.41210059548203,59.31993626811574,35.35389642178105,18.079549325895236,86.31451194240867,76.59175045341033,75.2935851067912,86.18542923379258,86.73806777671011,76.96427255424359,84.00088359015484,85.84292936611733,98.1712317814497,66.73400454480675,68.27793513641377
934,1988.5315689492923,1643.832816312588,0.26767151548121243,0.3540449234476407,-0.48863704427768256,49,0.0,0.010655685832801846,1.6670892659272942,-0.5548971379348905,1988.5315689492923,1643.832816312588,1075.182964072777,0.0,0.0,337.9771907046521,-23.411790217259668,54.28901393498677,40.214489892195836,16.413142544455173,86.36595814966057,76.05863990499655,85.0431493123915,97.43904925346351,99.92914983224499,99.27814215744583,93.67363064354811,90.97899405411937,84.4154046997262,81.35588203880636,69.72831765473624
935,987.8593683190212,1644.985771754025,0.5894806757168894,-0.2565775894143853,-0.07060382138066358,49,0.0,0.1365535221960742,19.521767954932024,-3.226297865588767,987.8593683190212,1644.985771754025,3308.9359000893883,0.0,0.0,338.4315395325114,-23.41116238762623,172.1911969173422,138.8087164249285,50.16622251348039,246.61911591470155,273.88248426197424,259.5589541585655,267.2426528134848,278.90323038750023,295.0897125847479,287.5219431010223,274.62736339324624,260.6193452974105,285.99603289660575,217.7089294243777
936,1916.991914327387,1646.6604775625553,0.4077648181244181,-0.08333666510854393,0.25638918836508356,49,0.0,0.019289922957308428,3.129253301812087,-1.2386017978676933,1916.991914327387,1646.6604775625553,1116.9593451092014,0.0,0.0,338.0096741229498,-23.41064509138483,69.0542619072489,41.62135270365529,20.977674212962224,73.3453892221437,82.75992915707477,68.54664907265732,101.16945660795226,83.62241423502007,93.14938430128704,92.40956586307948,112.0735233729942,83.01046260565377,97.98383103477471,97.23545081269793
937,2618.368389836575,1647.4945948411626,0.27729236867980855,0.7120413689573251,-0.3202933976609025,49,0.0,0.019934840881084638,1.5288342460077675,-0.46090100596646044,2618.368389836575,1647.4945948411626,3798.884792271251,0.0,0.0,337.6912297535012,-23.409683683405788,218.27743790511255,130.23335887335818,72.17830798484205,278.6358581693123,261.4587378151513,305.6211395382793,330.80802630496146,339.28725466209204,317.2695590319189,321.2240530688249,311.74294427021806,314.57135444145916,286.4063742083989,311.17038599732155
938,251.52417248288256,1646.6610938177027,0.5273550041734215,-0.4256127092331079,0.04861416458788046,49,0.0,0.018597857495255388,2.4044066083996913,-0.9525197823409904,251.52417248288256,1646.6610938177027,1143.021156591628,0.0,398.43273784265386,338.76584499820217,-23.409516968368248,62.96361769563081,41.21303339135922,36.04782010675619,80.13599208481031,95.68306751695602,99.46987227161915,89.22926018695387,102.74013911473003,77.71871898461723,101.14263435012201,82.99332207200473,98.4042901857623,76.856138198725,98.42325043158087
939,774.4336695366399,1647.4075065707932,0.35704644347750125,-0.6535106724692269,-0.11019732741712115,49,0.0,0.010040462273627798,1.532280376158587,-0.4633455990729206,774.4336695366399,1647.4075065707932,1003.1630633204626,0.0,0.0,338.5284385232106,-23.409951940220438,43.63770654166067,41.718809192852774,19.39767032335508,85.34871212968508,80.28092080945176,68.6414655195134,89.79260919426656,84.57662716263293,91.68049629361474,76.7019467707359,81.60672712093401,74.71418490470447,83.05108806049509,82.01409929656008
940,1131.4221984759731,1648.213461606505,0.7199657203790348,-0.6459763380887884,-0.39505052429533954,49,0.0,0.026469717119541027,3.0414586533543275,-1.207704792222479,1131.4221984759731,1648.213461606505,1232.173699883821,0.0,0.0,338.3663544824819,-23.40991939319628,77.73789219590776,36.20794765134261,13.376705661336455,90.94020498695255,105.33710089757622,106.25040403502584,101.55368028606043,107.62316801530129,86.70693300383806,102.3331250603297,112.70895141876882,94.36599351378703,104.14582242119093,92.88577073640326
941,2697.3637545018396,1647.885130970598,0.47281464230600395,-0.1609062415962823,-0.16970624229951864,49,0.0,0.00866046615083525,1.0337657021765114,-0.03605529809877931,2697.3637545018396,1647.885130970598,865.6497800600167,0.0,0.0,337.65536566195544,-23.409411398626116,44.43741494628559,32.01295896660461,9.563275667869828,71.84890245180463,76.68942015508637,52.261026558664454,66.23142054306741,84.29743973607148,71.8976098347098,71.42559319689548,78.34561474078848,70.67535495451445,70.73942891938951,65.22431938826468
942,683.6959272142758,1649.659697470308,0.4711840642576292,-0.28727598769742335,0.20310268576738935,49,0.0,0.01088733938627928,1.407261519343009,-0.3709370308179478,683.6959272142758,1649.659697470308,939.5728193384487,0.0,0.0,338.5696323719049,-23.40890982520208,49.19677878149281,42.65717954690927,17.407125617953263,71.19955305417469,64.7665317613344,74.4766063158616,73.86353591664673,67.98289246168395,68.19231169753866,75.5428090254394,79.03941859161426,95.13992205376869,85.16595189147571,74.9422026225553
943,2006.0695728144265,1649.3887276519647,0.5990726471916638,-0.28472292247289305,-0.02077611147338999,49,0.0,0.06523013008667354,8.979997277778086,-2.38319051253515,2006.0695728144265,1649.3887276519647,1974.2714012859672,0.0,0.0,337.9692309226764,-23.409466136345127,101.59249296608941,76.67804091676386,48.10700195346925,141.91741630000865,171.14269528345926,178.80941052280846,130.10267152407002,173.6600440017397,153.56704334921554,171.64668757861142,185.13609936191182,162.12896032890342,154.48211576903586,125.3007214298808
944,643.7068038977229,1649.0532678778197,0.6769439392826606,-0.14063756755012896,0.37769814907621185,49,0.0,0.010837305139639151,1.106524243624512,-0.10990233408341503,643.7068038977229,1649.0532678778197,1031.7456219444337,0.0,0.0,338.5877888240912,-23.40911335712039,50.173993406178084,47.66649541004598,21.784384500774554,75.57049283431809,74.94320235228858,75.47605460823178,97.03182458147262,76.13028545618937,91.24614035330399,68.31592385730337,79.37137343317757,74.12680993847019,100.65540610800213,99.25323510467743
945,531.3980320691722,1651.41416468744,0.4775355041412332,-0.19071841113287016,0.07858364869318185,49,0.0,0.024028793962504492,3.7101203499063584,-1.4234699940190765,531.3980320691722,1651.41416468744,1178.129228904303,0.0,0.0,338.638774587925,-23.407980459223904,59.14023653144256,59.27763247320512,18.18686849347757,72.60771795085545,70.04513107222229,107.33863362787062,93.01162203096732,102.10230157828632,103.57094114368039,88.51698049127185,110.75398304851987,99.32552686284762,101.19213070477295,93.05952289488336
946,1074.2478180895694,1651.6044930132402,0.5077206613252613,-0.29393584549055074,0.043662947857071074,49,0.0,0.1540083176047277,24.17367504149867,-3.458356699345196,1074.2478180895694,1651.6044930132402,3854.2007843129027,0.0,0.0,338.39231104386374,-23.408469149247203,214.38768386919492,147.94216255703356,76.16632145437744,319.0512588694802,304.227186374813,319.89007421845054,287.56250037866266,296.64959843496797,303.2849322435847,343.278210279003,294.6408541539063,320.7352415611083,329.7025856183377,296.68217429998225
947,1397.878930014616,1651.732790482543,0.5744895960438421,-0.20147702838114942,0.012455728704442932,49,0.0,0.01800431856826182,2.349682455954152,-0.9275229355249734,1397.878930014616,1651.732790482543,1088.9055952301135,0.0,0.0,338.245372056458,-23.408570405057137,67.18766063405602,53.796503082027186,34.22757104276073,66.30562248434336,81.90766880755038,71.93393063311981,86.04436825259623,103.15440889798167,89.44596880145006,87.68073087802748,70.03704433628053,94.69167291942728,95.54082377376821,86.95162068672462
948,1769.379666721521,1651.845838785291,0.9490037303961693,-0.8214097361446471,-0.3107988054540434,49,0.0,0.020118106674011718,1.7821630056356286,-0.6273685607146208,1769.379666721521,1651.845838785291,972.8217765750996,0.0,0.0,338.0766974756401,-23.40853152314182,67.79397985814632,25.829236861090465,15.701521491374328,71.13938285404141,85.99662759322196,83.20281795601367,97.87678725224336,76.64245600335923,88.80146175110588,66.33387146391662,66.43224104157655,61.723202295544226,86.48674402061175,78.86144613285384
949,433.1181629725917,1653.076756857862,0.9137862885908372,-0.2988359637174565,0.06159890513649879,49,0.0,0.05080087437515952,5.0624829833761895,-1.760908941056446,433.1181629725917,1653.076756857862,1390.6843036976497,0.0,0.0,338.68339095539335,-23.407143591616567,72.88077528810287,46.73308863746939,23.80935851674093,105.87915741498932,116.59968678135175,116.44464612035384,108.46585060669203,101.60266375543254,117.07282321033335,117.20464396371118,120.16436056413804,121.40690526662826,110.86252279823782,111.55782077346853
950,3044.1514092413076,1653.2582720624434,0.5207364373485895,-0.9193893408007429,-0.3520962555529065,49,0.0,3.9729158362110617,521.2562458319026,-6.792628179614386,3044.1514092413076,1653.2582720624434,153384.14992889314,0.0,68498.78359875883,337.49793679877706,-23.40659492291544,8678.098261946767,5901.143000361508,3066.2306910467278,11344.491921942606,12359.180312735856,12382.189909628076,12621.754904765352,12591.248883282748,12651.24554549216,12539.180331705164,12641.724055148254,12703.954679001163,12682.134359965557,11221.573071871211
951,2628.988091135593,1654.2130013196002,0.8360724932925543,0.10684917389195576,-0.19194030957319894,49,0.0,0.03761476916322961,2.6007918447221807,-1.037763986693003,2628.988091135593,1654.2130013196002,3394.593142249726,0.0,0.0,337.68641816362066,-23.406870187251485,204.03418531878685,142.91533745967877,57.47781146636537,240.90492946830682,254.69015673082134,270.0544650789933,291.2505313659215,272.87601347536435,300.5296688812883,274.37467487273807,286.1776188966336,288.77624893736385,261.0808946807514,249.4506056167121
952,1057.0926350933537,1656.050532172853,0.6205999658981813,-0.26004355706108045,-0.07130881458611378,49,0.0,0.03669627634805136,4.846238534003404,-1.7135119662349976,1057.0926350933537,1656.050532172853,1421.0461497294896,0.0,0.0,338.4000965225248,-23.406604614981152,69.93863077021845,52.58294818165814,26.700743282087508,112.48014975267695,123.51715540107111,97.94808784002338,115.03059466914308,110.46643345812942,114.7183400871522,116.70884428382942,140.55264923313428,126.26256917948345,109.28081399898656,104.85818959189555
953,575.112256261155,1657.0604288685927,0.5561669881132966,-0.09109268690081629,0.09523553753348009,49,0.0,0.03292671392816351,4.6356780004946,-1.6652831543672306,575.112256261155,1657.0604288685927,1292.1756293092546,0.0,0.0,338.618919818409,-23.405687974407606,77.90023550471142,52.44434784558905,21.39526153114956,107.79347384360774,106.35896633266957,106.1801046199717,112.4599603925504,92.80963506213195,104.5016468535368,107.06175767431031,102.42529272626267,96.44520642392939,102.11425725973142,102.28548323910252
954,1142.5121225315715,1657.391322086388,0.6175205768145878,-0.5028695796578865,-0.10016589886377196,49,0.0,0.12782655462384876,17.78584974312672,-3.125186547565415,1142.5121225315715,1657.391322086388,3011.6020775317934,0.0,0.0,338.361313255682,-23.406102053996477,142.7878147489666,113.2452324858964,61.14195986764346,219.56466596782434,248.43311288022397,215.49638704606633,256.50827353345943,255.7575207927892,248.70697689785192,269.5296526130866,252.31342125961163,245.3808247333323,272.5193709388373,210.21686376620386
955,2670.300671457791,1657.1388153067658,0.5544334331332321,-0.9137161251963526,-0.40656546329880805,49,0.0,0.011874282370591406,1.3622295453170754,-0.33562573859100414,2670.300671457791,1657.1388153067658,960.1506886299082,0.0,0.0,337.667666682901,-23.40559429412111,70.77207707964665,28.606151914216884,16.515658456148714,62.0696823617255,73.50217411299084,79.6405274756936,83.41785406568093,88.37400652059654,83.98594392219186,79.42674956282863,82.30641733192081,69.71789379294131,74.26931781658823,67.54623421673776
956,1581.7817552067033,1659.8532983041687,0.6225632190527759,-0.12867045849367156,-0.052322060136973395,49,0.0,0.2840666678738962,40.94396402105106,-4.03047471728234,1581.7817552067033,1659.8532983041687,5373.949647011867,0.0,0.0,338.1618734027446,-23.405213558516856,286.8368079555887,201.32339163331946,111.97409751938548,388.6846613269015,451.6266458996125,445.83769667918,422.1476411357239,435.1739414424891,465.776289298457,458.4756813676637,449.46801157570667,427.06069128942886,464.17124792766833,365.3928419607411
957,2302.3107452610325,1660.5000109527434,0.6282376118661338,-0.3196342287206568,-0.3678170409246957,49,0.0,0.014231396350595643,1.745122348938919,-0.6045647008832058,2302.3107452610325,1660.5000109527434,944.0103799057057,0.0,0.0,337.8347395596186,-23.4046213382759,58.260453432776956,26.635840892867574,18.535180493186346,67.21927490142764,76.61144093623795,70.4675734905365,60.79257912769336,77.54026786586343,70.42553179306383,89.42992768663726,75.68700417215187,86.69052174201072,81.17916735992121,84.53561601133103
958,881.9166461455076,1660.6077640833637,0.48048411776601124,-0.37474909391772154,0.03733136271923004,49,0.0,0.06337243707501782,8.779740555122558,-2.358704206296174,881.9166461455076,1660.6077640833637,2582.9004711417956,0.0,0.0,338.4796249713525,-23.404560819598785,147.38495174447596,85.94560395936632,64.22642465413458,164.8850641490543,201.23617113967174,192.20459194508234,218.61361089207745,230.1028651124321,192.52996954806986,213.5922307357052,200.86272804169684,237.12763896031066,203.1322599504885,231.05636030922977
959,651.5381173606553,1665.2374897198722,0.5062659997979877,-0.5070124894586487,-0.04116262797354293,49,0.0,0.016330877993288823,2.035752204807331,-0.7718122845619033,651.5381173606553,1665.2374897198722,1114.1860661398441,0.0,0.0,338.5842113277623,-23.402379911826376,59.918893717432425,44.33454873830351,18.519013388897214,85.33265393970312,90.93034117367321,87.37682140002832,83.00505222957784,95.45222548696752,89.66339551717694,93.54573172476627,83.94412070668157,84.89244624955332,100.26993441355816,97.00088745352448
960,2113.374168930096,1665.9751185398438,0.3169472594721431,-0.7526505753482159,0.32572670509744095,49,0.0,0.006903686405576402,1.003060455620194,-0.0033177731068987325,2113.374168930096,1665.9751185398438,967.5066965467861,0.0,0.0,337.92052322381323,-23.402490556756515,53.02018789834568,25.973769184511532,14.990410949684989,61.54440489263218,89.05856276753569,56.90382300626031,83.97880435450604,58.677430440589994,73.2921231515079,96.77774224165665,82.25224618622298,90.6243948017509,107.48802259884357,72.92477407273779
961,1460.197477592817,1670.3020858466964,0.8810784331747785,0.19772305832127587,0.059980884300814295,49,0.0,0.03677311539984643,3.6955169541951323,-1.4191879976597148,1460.197477592817,1670.3020858466964,1345.9775990034404,0.0,0.0,338.2170735140099,-23.400847221554546,74.80579291706019,44.72741118943998,29.219981939456208,92.66691049172483,101.38618847973582,128.3105693903865,117.1588152286908,95.96946733385828,106.89369000069907,108.39308972659494,125.94429395485379,98.4353070155475,117.58419711503393,104.48188422035857
962,3138.3780370220534,1672.5616468397488,0.6946901497300093,0.18854448011485112,-0.005133227027389861,49,0.0,0.014586453309277022,2.2201609777032,-0.8659611626959608,3138.3780370220534,1672.5616468397488,437.82703188678147,9.880935261045698,89.03935349678167,337.45520315012345,-23.398368224622853,0.0,0.0,0.0,2.475911184032419,1.9912458269977822,70.85218044235229,78.8316308200716,5.419138271407313,77.11825569299256,98.99651052318171,32.58189787687203,6.184631321693606,13.187285281720053,50.18834464546012
963,1779.8310569384987,1675.7361560246884,0.7067951175185377,-0.09857423352262504,0.24766176943369891,49,0.0,0.016309879338042083,1.5254842548957102,-0.45851932370680076,1779.8310569384987,1675.7361560246884,1079.2804755633442,7.600014183656063,0.0,338.071958307105,-23.398574849529506,71.15007805543092,45.28860169894849,22.52806613854063,83.69040744675826,76.91050296500771,77.73807142971916,101.44324913131584,92.62437220186308,71.96314951533026,63.3342131145879,91.37095868149578,101.79490974397045,93.86420408477213,85.57969135560353
964,2805.4773747972445,1676.1890361320181,0.9703129189722415,-0.15947822492046904,-0.15277450790312969,49,0.0,0.01898344075367594,1.6259861647170728,-0.527792114810877,2805.4773747972445,1676.1890361320181,1008.9881684853581,0.0,0.0,337.60633045559644,-23.397455426316395,52.88614205409718,46.80946650136718,8.968791750456832,86.22268285422166,84.18623967943579,74.4174630817526,91.57452936218138,66.58920788536985,81.78317769368181,73.1281674682384,89.40848789958098,99.05005874440374,80.54562348838621,73.4181300221844
965,3102.5063829907067,1677.2061061426307,0.4380097132709785,0.05862598981265656,-0.14795272827970987,49,0.0,0.012285230500844851,1.6198081691612851,-0.5236589622706127,3102.5063829907067,1677.2061061426307,1035.8992246054918,73.0761233108623,945.167369616549,337.4714967211865,-23.396504648956963,45.84800614942047,49.57841985663627,30.535276135636625,44.32056345418664,72.8036261771204,79.34863060328189,87.0803942893522,70.3637921767315,83.14129110279288,97.14655326558886,81.36376349887686,79.54965550441557,78.46965323928961,136.3495991521619
966,1470.880707839843,1682.4148558937375,0.49678522689073995,-0.4417617994964357,0.06783242003560146,49,0.0,0.016916533462287275,2.4108496582691146,-0.9554253210287449,1470.880707839843,1682.4148558937375,1130.1795824482374,0.0,0.0,338.21222098567944,-23.395802128874635,66.65821823368975,35.68420249551652,24.502522437842384,87.02384726104974,82.22021052640898,107.63510436363393,71.38294810060687,80.18705702130124,100.83915442736486,74.79332542437203,108.23379560717743,107.86268222365229,106.02307082609607,77.13344349952543
967,2122.45599292406,1680.8939475129466,0.3107970981884233,-0.7533588357573856,0.04748216938051655,49,0.0,0.007778590222015,1.1198605252018359,-0.12290984036487576,2122.45599292406,1680.8939475129466,932.4004299284363,0.0,0.0,337.9164111412767,-23.396268270724523,42.24857919453558,34.92592412981682,21.523165571137206,71.23287918788631,65.80110240500342,77.46598813514177,70.82264099910209,67.33581234432674,84.32919462176875,76.00120060260286,74.86907025624521,80.79986470226186,91.77075791284584,73.27424986576179
968,559.4569432357969,1687.8519694913996,0.24186126246718603,-0.3412272237996498,-0.20273583125002068,49,0.0,0.010832364188005622,1.9715606087449697,-0.7370253312036802,559.4569432357969,1687.8519694913996,981.6276007854605,0.0,0.0,338.62598144841553,-23.392837391848044,55.61527926645827,33.57862264913969,17.498895620492235,59.18538577794196,66.7896753160471,88.70478934306855,86.49544852660128,81.6419515028918,84.4287153518748,59.52595616255646,88.44348013650199,84.95718963189344,85.27958718763986,89.48262431235312
969,312.77341497100855,1690.362080230531,0.7359769428266085,-0.35931669925879045,-0.10092371519957496,49,0.0,0.01844442595851518,1.9273589375143343,-0.7124065051979327,312.77341497100855,1690.362080230531,1120.0969644357458,0.0,0.0,338.73795773123135,-23.39141509525576,64.71551349328251,39.355254289843565,29.8430411461094,80.3197788762607,94.76446524724048,81.46388905774847,96.28304746677605,87.54521057184681,90.5765496734955,89.73489083517566,85.42219103642856,98.29007048673886,97.76003090157957,84.02303135321978
970,2824.825458235983,1689.8634756303684,0.5419075319149357,-0.1595850918871619,0.14308312661758454,49,0.0,0.011814988984895641,1.6170864331023802,-0.5218330838046763,2824.825458235983,1689.8634756303684,871.7077334745143,0.0,0.0,337.597571163436,-23.391727204079476,50.38603054575647,35.42708466556451,13.807138718030519,50.463101748651944,75.26265008177887,70.67630703830487,64.60831102231228,68.22586349149246,80.26241065940404,86.03565841969308,67.10329776056483,69.49129616229752,84.04349560847109,55.91508755219178
971,437.833321201726,1691.223042203167,0.6464730702925137,-0.5763798058588369,0.055263730594006105,49,0.0,0.07483084569639928,9.844991438271594,-2.483038356971777,437.833321201726,1691.223042203167,2045.4564497045787,0.0,0.0,338.68118685706014,-23.391257190136187,105.80814009964473,74.91868024386292,36.891971939287785,151.30713321045232,142.61222410739066,161.809559472792,164.70689593950908,175.38919378986736,181.53767555434627,171.7780382353778,154.24846260272784,164.10584416201212,190.3148318605202,170.02779848678765
972,1424.2556908850531,1691.1902793690151,0.6760738949149919,-0.42029894368754517,0.27249455882735074,49,0.0,0.010407811171618968,1.0659302757884346,-0.06932199429984628,1424.2556908850531,1691.1902793690151,965.4844873032603,0.0,0.0,338.23338613501824,-23.392136359638275,61.40523878051219,23.704047301565588,13.910377325023966,70.16989827940976,93.69657735812709,81.09856889490574,78.19337010337617,85.62935768287306,71.46559568759157,94.97604857147076,79.59950405813329,67.67771028826162,92.17773370193781,51.7804592700716
973,2725.7027338160547,1692.3150235523506,0.20973026149153245,-0.7066990166485655,-0.29786393996156735,49,0.0,0.006311614033907572,1.2001438452621214,-0.1980832556599829,2725.7027338160547,1692.3150235523506,808.2467607278688,0.0,0.0,337.6425710928572,-23.390858383530198,41.40387791360608,17.6867144036354,12.990710470095317,55.41333723886953,70.01281450886772,74.99747413351196,76.13842904765997,59.70902240645445,66.05338600811875,69.94933861015276,72.19743983400423,61.25948930806967,61.229982591923935,69.20474425289913
974,1229.4313325539194,1693.4610816912473,0.5906925032010215,-0.12544702142358585,-0.06943804204973125,49,0.0,0.4224145845871935,61.577768082954,-4.4735598590785735,1229.4313325539194,1693.4610816912473,8268.004524492611,0.0,0.0,338.321830785169,-23.391120314866214,441.57445827241577,313.375133292428,164.21575411270197,581.7456763441855,628.4261539632471,679.3427036906214,710.5131057273145,640.3450747652489,756.9549236161604,638.1983845283894,660.2291681454052,721.780027832543,708.5460960181734,622.7578641837772
975,266.5204606029248,1693.6705852105417,0.4743173224844432,-0.619037778683404,0.11208784222734654,49,0.0,0.026607327560003106,3.8320682495843363,-1.458583088277435,266.5204606029248,1693.6705852105417,1553.5789515320134,0.0,235.45719568806211,338.75894710772076,-23.389957167980345,83.62225836405983,52.90459111685871,23.847453608259904,129.17699309265873,125.37009296349625,135.34576482871955,128.65187960139568,115.66100929757772,124.25986166459606,127.99779005509406,133.96075390648582,124.13282994223196,143.20195120552253,105.44572188505646
976,1328.1138509731666,1693.7592923423465,0.4993108538926432,-0.04097444062697847,0.19985565309910638,49,0.0,0.011506485799183406,1.4365620318998507,-0.39331095979163677,1328.1138509731666,1693.7592923423465,933.3074361688116,0.0,0.0,338.2770314304017,-23.391037673097472,58.73311591510947,32.26845993404788,18.117503944586574,71.30541217049166,73.08924425324874,73.20919244749385,77.10767219124568,77.50902612442417,73.73998619626693,91.38700732598522,65.85870007305287,88.64805061581248,60.154260331624265,72.17980464542175
977,1449.4751662092835,1697.0453970165368,0.5864576486906464,-0.716477526250538,-0.29649648788358396,49,0.0,0.01429026343561495,1.5911676054267585,-0.5042898210180492,1449.4751662092835,1697.0453970165368,1109.2787226811088,0.0,0.0,338.2219357616634,-23.38970213929316,76.08167829439822,48.26104614839806,26.29657264144457,62.287606013644734,84.4992237185723,91.92542917346341,97.48888205887326,83.13389077596293,91.95407136079211,65.80103780727494,95.46369669481635,104.58442885837839,95.23980529988336,86.26135383520621
978,2739.954106399425,1700.10564368138,0.31675545921233716,0.10786886735368865,0.14101431853512478,49,0.0,0.010192044770264306,1.3948174133872646,-0.36129340155407114,2739.954106399425,1700.10564368138,1058.6224845704276,0.0,0.0,337.6361144991797,-23.38759127674402,70.8378006200189,43.08029093307135,20.59866848841562,60.81424636108924,86.84681041345485,71.29013401366194,83.11057547256061,106.21354987715253,80.11024698019517,87.7745859186565,75.39480514223001,90.09866842419936,93.95805287479033,88.4940490509311
979,2963.4624760244064,1699.7348510007103,0.4341936996347064,-0.45779338990017726,-0.1226163029510303,49,0.0,0.024541766315264037,2.9100680856174828,-1.1597578752672235,2963.4624760244064,1699.7348510007103,1618.539159558006,0.0,0.0,337.53465837859613,-23.38737932231892,85.16462382643803,72.8423100083313,28.77945194306791,114.01214577395979,100.19056173889089,104.75825096443415,136.75605943688004,148.3512852391323,144.90670872833354,132.86342922718035,135.84270571463946,135.9445491563112,140.08081502640977,138.04626277399746
980,2621.131467330799,1700.542289595567,0.6556066418890827,-0.4543670331623936,0.07909262579576479,49,0.0,0.03187393420154138,4.213033470730366,-1.5614872735563559,2621.131467330799,1700.542289595567,1163.166631085049,0.0,0.0,337.6900527244625,-23.387577512632426,61.79927228449444,41.195865133466675,19.754269031322174,77.58828642656295,95.17149121067493,92.34240873374532,106.06482979512487,87.44811143400375,98.48417402529265,94.35702010454145,87.98798157008692,99.43493256129813,112.07250988612705,89.46547888830764
981,838.7540753137056,1702.8478372709633,0.7794330589764901,-0.000939887715596087,0.36975993459755147,49,0.0,0.014762140204223687,1.4959837290878053,-0.437317174987868,838.7540753137056,1702.8478372709633,935.8821109203066,0.0,0.0,338.4991750902515,-23.386919217660722,56.71950790361823,35.870747873768266,14.416559353906058,64.18249900238067,78.03470302784145,76.56494911366252,77.05761601950405,73.6806303175009,67.63093870499213,72.50039251262945,82.34858878566541,91.27796529843025,77.79874314924763,67.79826985715945
982,1835.9325360759844,1704.4368583179012,0.6394612823753816,0.10007020038887145,0.12031693211654282,49,0.0,0.02909856993243911,3.4815419826006924,-1.3544290913410286,1835.9325360759844,1704.4368583179012,1272.0992167261759,0.0,0.0,338.04649787249963,-23.386600995129772,60.49693163009442,50.52710141372195,26.635887932030393,96.01735628362829,93.80359531551248,105.80630293872719,118.65447786345385,104.21242290094864,111.40464880052716,111.62619237478074,102.34748509831329,88.67914966871538,101.59751696098456,100.29014754473755
983,2283.007648696522,1704.7062356134722,0.6311609788000998,-0.29618150684945094,-0.03756615254925404,49,0.0,0.9266807794124429,132.49455108673908,-5.305495045085436,2283.007648696522,1704.7062356134722,15665.024392314856,0.0,0.0,337.84354651058555,-23.386219876788786,863.6587078300777,591.9642947117236,301.3618431446921,1173.059412412376,1274.7074816962918,1180.1557915067162,1328.45834446323,1258.5954117567376,1297.2811254128342,1284.5127443941856,1243.267596204838,1363.9789898407012,1358.6551790634412,1145.3674698770087
984,561.5531688569172,1708.2356147504627,0.6369579411477784,-0.23949912149301014,0.32122740109496484,49,0.0,0.017009830892532246,1.9381646653578852,-0.7184766792305474,561.5531688569172,1708.2356147504627,1067.4091065766158,0.0,0.0,338.62499957250105,-23.384347355941987,59.56731142169363,50.40721884369684,22.90290651182059,68.6039931227096,82.29610363788362,64.5928723333673,82.31871996633596,95.49846368131017,85.22724988037405,100.2309354983302,93.25875032942216,91.87523155055604,97.79525354739522,72.83409625172057
985,1433.4297744529638,1708.4861158094611,0.5299608053787408,-0.11223763706645433,-0.25665662456460336,49,0.0,0.04527340610735157,6.201574939144977,-1.9812549900846,1433.4297744529638,1708.4861158094611,1874.0168946222843,0.0,0.0,338.22921716294223,-23.384931835358163,99.15515328025757,71.5246975409212,27.053502338657644,130.5769409397672,134.1043227534797,144.11839158692482,172.83695061612548,161.5144248814521,146.55454162264954,159.75235876489722,153.56506479362304,159.28561396298443,168.05075735058583,145.92417418995862
986,1678.3158762007138,1707.7745958437083,0.8840211597228217,0.025936019965714277,0.022723804344837013,49,0.0,0.01833907184425138,1.6488338296834948,-0.5429422235747623,1678.3158762007138,1707.7745958437083,1162.8788065920244,0.0,0.0,338.11804989011506,-23.38524262134815,58.61963993420396,47.35718335198672,14.149542493207443,90.26145551420177,95.62308166527748,78.72549546580798,105.54718203398028,112.24744460883758,99.80842279258721,100.40667039986013,86.85431250510985,101.23317659340962,95.89119476062805,76.15400447292619
987,2305.0901131211913,1709.8755233216903,0.6223253933587858,0.3172591013539905,0.04813997168460282,49,0.0,0.010833025588710615,1.14427411313472,-0.14632518256265328,2305.0901131211913,1709.8755233216903,950.2372731310833,0.0,0.0,337.8335274600859,-23.38404597365393,47.49812327716678,39.3363126976904,17.586664764962496,79.2440094990576,72.01166628077152,79.23651256363775,66.58029371759662,75.38748370811966,78.46128377833683,89.3169788488327,78.24898626305077,69.18991361829593,92.97011164501532,65.16893246854892
988,946.5813528452039,1710.3865109834583,0.3613837916672792,0.7519578980201899,0.02846796923893098,49,0.0,0.012089242655576286,1.541480678848488,-0.46984521396012413,946.5813528452039,1710.3865109834583,1159.7068097181323,0.0,0.0,338.45021999376524,-23.383878160725054,73.9028621526825,35.324581283731554,27.62579385245661,83.89718473554908,94.68149455804857,91.46267540130566,89.65600426824736,95.10567464565395,103.81705500461081,91.07264716601324,100.72619534373098,109.3429038784203,85.4640796108404,77.62765781684126
989,807.950008818816,1712.0292646828905,0.6206129072449889,-0.3471419363774581,-0.12365098677970583,49,0.0,0.421246725349898,59.09145939984169,-4.428811790039341,807.950008818816,1712.0292646828905,8402.372927955785,0.0,0.0,338.5131480584725,-23.383062331314832,412.76008487562325,298.01766926948164,188.23574331466395,603.9894358375608,654.7995018909335,636.1201048249396,708.9663367289916,729.3341175243331,712.6936241849794,730.4020683683461,644.0582700631405,724.5069103238104,704.0750496919297,654.4140110570522
990,669.81991852314,1714.3782463062662,0.5706887092522187,-0.529961349008123,-0.25421263444263287,49,0.0,0.009995939407877989,1.1619860216774216,-0.16300225915282743,669.81991852314,1714.3782463062662,858.1507551792796,0.0,0.0,338.5758461334982,-23.38192769305732,41.58672802319926,23.913653713184615,19.557539131187845,77.98339319597238,75.31064438903118,67.71240377439901,64.1243374610475,63.137921638166134,76.4123803126216,60.39364205499989,75.495325269322,83.49809923362002,65.15711659551155,63.86757038701658
991,1057.6293044566924,1713.678525615458,0.5211806017585424,-0.2077573328869602,-0.045073403785640814,49,0.0,0.2176807563650016,34.05639476952538,-3.830496678460698,1057.6293044566924,1713.678525615458,4933.3054743011635,0.0,0.0,338.3998081159289,-23.382593564995553,253.48407098502977,187.888559780807,100.43797366423942,350.29258048408707,414.98932840048974,378.5369796218016,439.4947299284487,394.37662905205866,421.622353009437,402.6807715642242,440.8399889357805,400.8056379810006,388.2417136166109,359.61415727714837
992,2817.139189429582,1714.1267944064334,0.3354625442541507,-0.4589539061465185,0.5021946608562501,49,0.0,0.008628517341455696,1.0589909311212724,-0.062230602391345334,2817.139189429582,1714.1267944064334,942.6110656289635,0.0,0.0,337.601102476315,-23.38163025818193,43.722899162648886,43.25946144878556,13.805804461569034,78.37202786623901,81.65403144385729,50.485037925874,79.68287315699263,75.89104577368525,77.01236584445238,69.47317389507631,77.48154135770858,87.46555207606498,86.80136948428569,77.50388173172398
993,2886.944207124181,1713.6797888218407,0.6783639339502933,-0.3957876027103398,-0.20819859980047306,49,0.0,0.012632868172388893,1.2291098804874732,-0.2239767746617141,2886.944207124181,1713.6797888218407,1031.2579390446394,0.0,0.0,337.56941700441854,-23.38170205673583,55.223331014041676,26.147217129336585,25.30921338126572,64.07517234646103,75.32954325394007,84.95253590948147,81.74640504679282,81.8556456594575,95.28151406549611,97.6777475129257,78.18332588802821,95.08943506435773,80.73544007060673,89.65141270244797
994,1359.0183668587547,1714.687871972123,0.5274383711628182,-0.057848477449007826,0.053711519992926816,49,0.0,0.08498817379237453,12.943154994876028,-2.780100379752384,1359.0183668587547,1714.687871972123,2321.647919960224,0.0,0.0,338.26299435378996,-23.382327859780485,122.00672890412397,93.03162173705677,47.88478797978348,162.49803753577493,190.11266726681703,164.24893124868015,204.36241203665907,208.29933326793218,192.25564969268044,188.3230099042343,167.24751977603512,200.69830455870974,205.51957137512673,175.1593446766103
995,609.29193996545,1715.9426645116198,0.5897586502788683,-0.4305232606411447,-0.12225684684272128,49,0.0,0.16049252435911388,23.267823920416976,-3.4168894215229955,609.29193996545,1715.9426645116198,3567.5189587416116,0.0,0.0,338.6033187845469,-23.381199675930354,200.99009465203568,128.98873861055125,66.09562617631875,240.74338704978373,284.937145492981,287.1672926961414,287.9510816831422,313.0105134127259,324.7478822363612,315.9032500494825,276.8065957717643,299.0211657880235,286.4726954362969,254.68348968600327
996,1016.3928047178183,1716.7303224869252,0.6829333212479193,-0.5329402330760663,-0.18205100089109916,49,0.0,0.025439586915879688,3.20547404015302,-1.2647306601434751,1016.3928047178183,1716.7303224869252,1085.7541571137788,0.0,0.0,338.41852439782383,-23.38129155515455,58.51447136145025,31.261839401848988,28.279706253344678,73.99881785149158,71.37726184742151,82.20098709350505,98.14715534518096,72.25228218885933,89.74999864457058,93.10736382429644,88.60214647392546,103.09833195553745,108.8547648422851,86.30903003006142
997,325.1977193107497,1721.4198688948795,0.3342038821071638,-0.46576486142842183,0.00524374494716686,49,0.0,0.031702728946132366,4.842460021755852,-1.7126651099246963,325.1977193107497,1721.4198688948795,1904.5310842732397,0.0,0.0,338.7322612767039,-23.37849588555417,78.14247905095331,72.0391394221231,44.53025445668622,141.481680129029,163.32655301953577,137.24936695106175,157.8680481370876,148.2232154954017,124.08591022954514,170.38982571575795,164.32433633058244,173.73742327744606,166.68454166736115,162.4483103906684
998,865.3853030020312,1722.011501429022,0.48876718504801436,0.10307678697869206,0.021407163236964986,49,0.0,0.015747288523433507,2.112651064584614,-0.8120694321251702,865.3853030020312,1722.011501429022,1063.04857502573,0.0,0.0,338.48706577879506,-23.378960616301793,59.46683821362291,38.54075886703242,25.81513046269138,73.98032282827074,78.01629438772358,103.26075902135098,82.38108716725506,78.7542794426495,88.23100052979115,83.45056303111082,80.54433238321383,92.33806048680283,88.18179086224146,90.08735734197336
999,2899.017948620601,1725.863574973259,0.21163191937338593,-0.6217686009178653,0.0063549797722363835,49,0.0,0.011170714140166777,2.0495648651470963,-0.7791541688289988,2899.017948620601,1725.863574973259,1110.764042369492,0.0,0.0,337.56395935690267,-23.376605309617506,62.13686652980233,34.07472964734386,29.25495297100464,81.30652455506059,110.16956027602265,91.95777082726161,87.26535382269645,86.52019865433147,86.0399431714782,92.89432268601749,101.48489153147005,99.48282753084519,74.09302148083475,74.08307868532256
1000,845.7495143424126,1726.8700723687764,0.23234369916604852,-0.6596398718898652,0.2348352789134954,49,0.0,0.022294131677386097,2.8952317905504565,-1.1542083470388693,845.7495143424126,1726.8700723687764,1952.7759287087804,0.0,0.0,338.4959736070898,-23.376917089629114,97.1307006433148,75.84251154252094,40.37012418774805,130.74900384651124,158.04248603009466,159.98646421135368,167.09203606702272,156.19863274040188,164.63490341534106,184.06212339328255,162.14529824497907,152.4490040135695,160.18845871606766,143.88418165657265
1001,1272.632673017621,1727.4477280255837,0.7256581334562201,-0.39195545782068747,-0.1675527277230907,49,0.0,0.118714829198008,15.087894511190292,-2.9465715974558075,1272.632673017621,1727.4477280255837,2562.6831898040427,0.0,0.0,338.3022026118668,-23.3769790569684,147.3366278880676,89.50744780365594,38.884455899945806,190.5699215360275,197.65297477200187,209.01494142137497,214.16333507953888,225.0744174529258,216.69259308278947,209.0322201401833,207.52064500064182,195.26064828702664,239.0474485602635,182.92551287959967
1002,273.71210009503335,1727.9683660551264,0.4292368810212312,-0.5751500691560634,0.11116762201002062,49,0.0,0.012384271190812524,1.4130166799240567,-0.3753682212459903,273.71210009503335,1727.9683660551264,1107.7166622358097,0.0,106.34591732393571,338.7556175664608,-23.375679763436278,57.80372173132824,34.488802071422946,15.956871447235937,87.73983742631275,81.25610253907662,95.12888357751086,115.03072921890566,87.06697515394029,97.52268712440772,100.29158429021481,78.12594021486859,83.96752694032476,96.33347273336814,77.00352776689249
1003,2290.8253266630627,1727.8897311750509,0.7114553414017585,-0.4309357037110088,-0.13575079873189438,49,0.0,0.09522486986636919,12.238434656867373,-2.7193146835437236,2290.8253266630627,1727.8897311750509,2151.606910468832,0.0,0.0,337.84002058658234,-23.376553206904017,120.5391624807784,102.42362126164687,44.49028986999721,139.3440952396495,174.09162260746814,175.57026645436497,166.47354635884062,173.67258914095765,159.76656756992276,181.72746386118763,179.4515924638425,180.77062013026844,182.07468965916007,171.21078337074738
1004,1679.2524626006473,1730.2210271106287,0.4395354634791574,-0.2976614589673371,-0.06617065356431229,49,0.0,0.01923333896722052,3.0815843313469564,-1.2219351430804877,1679.2524626006473,1730.2210271106287,1118.470843832871,0.0,0.0,338.1176272492634,-23.375889854369657,69.16856802827053,49.44162506599832,30.62602670500442,76.69609013138296,82.02443348574917,72.59022088441658,90.46839345099696,89.70694212929476,96.32778294687155,113.03838248869201,90.45660205481022,94.57429417480535,84.18742680817158,79.16405547840657
1005,778.1498911623388,1730.6180934936292,0.4771498680333644,-0.5106520693244723,-0.4071508834220377,49,0.0,0.010166179708005853,1.3084223811491988,-0.29186991079389835,778.1498911623388,1730.6180934936292,942.3882950709768,0.0,0.0,338.5266534036005,-23.37528563209607,53.999382329157555,24.68562403207219,21.39547152847532,73.9290329488096,97.96726536187408,60.46832013250443,72.45935532832155,90.31365256262033,75.58372309396917,61.46031701134099,81.23017775285984,69.29060514117438,89.53024927665572,70.07511857114167
1006,2090.5700739767726,1730.7066928874967,0.6915434249274625,-0.2846782734530115,-0.43410563006859393,49,0.0,0.009535347232245547,1.0075007517361863,-0.008113447143924068,2090.5700739767726,1730.7066928874967,846.2912901333154,0.0,0.0,337.9309218478517,-23.375534281403738,51.7986511299963,36.88505982524421,11.372534610136114,55.244014843698054,60.69419489113909,75.00338240706884,74.36152785305808,76.89439391958896,86.4284554161429,54.53704467839585,80.88068918240052,62.58379163940284,74.3946384187625,45.21291131828115
1007,557.649574171534,1732.3819179303814,0.33355112933095077,-0.2287493542856612,0.48512810209259044,49,0.0,0.0071089780344842325,1.1312424622204786,-0.1338892459984346,557.649574171534,1732.3819179303814,855.53475067511,0.0,0.0,338.6267355020245,-23.374281423978527,48.13198430453083,26.96796037962462,25.171600050493712,47.35008832481067,83.25188535219047,56.979322242566894,63.604358885149765,79.82774917362522,51.44241609456495,68.5471721249896,74.4752582409521,74.69663138478558,81.70438841399144,73.38393570283411
1008,1929.1644897718147,1736.2911885899716,0.5061746305885192,-0.3347598295205563,-0.012503242140301494,49,0.0,0.13439479841631521,21.843573263406032,-3.348309208896281,1929.1644897718147,1736.2911885899716,3213.6191277773123,0.0,0.0,338.00418941643926,-23.373293954851956,159.10468154177292,129.7472915195084,64.87325865939306,216.1725594864047,280.117952638318,248.51641568918322,285.7569968444292,241.76202829472078,264.1998894479058,264.25625799745103,261.4271356433855,270.6277293918748,288.30976103268205,238.7471695902828
1009,2172.9772779420578,1736.0658810491987,0.5989654296998776,-0.3012322312468416,-0.0753946609283419,49,0.0,0.11240534849914846,16.40635553078574,-3.037530296530825,2172.9772779420578,1736.0658810491987,2730.8903349363663,0.0,0.0,337.89352036447826,-23.373243972744483,134.17567181581848,106.29908410899992,64.33597331563135,163.17290462203698,196.953026604554,232.98101275957356,228.2126820938451,236.98029623420047,219.28297612659767,270.1488192579265,237.75414403344777,218.11098376781217,217.36971382146515,205.11304637445693
1010,2826.7093231259646,1737.421695091883,0.9319732541269782,-0.21752784156113927,-0.17175935415995508,49,0.0,0.021245874973647435,1.9730933043261292,-0.7378690570177838,2826.7093231259646,1737.421695091883,1021.00600233399,0.0,0.0,337.596799394243,-23.37190920335428,46.90808067889934,29.52321597081508,15.95962356776079,68.94790797556489,81.00104598407003,78.52307681411688,88.62577646418704,95.03269746308315,92.47024396688204,91.46659800241835,85.50243341193874,74.38629506645228,87.41158126812371,85.2474256996777
1011,1669.5230854541526,1738.2380798867778,0.6690919958474019,-0.1239064492183624,0.021541750266460227,49,0.0,0.03751341771075573,4.776533658579457,-1.697782106038634,1669.5230854541526,1738.2380798867778,1306.1532944123187,0.0,0.0,338.12204443489173,-23.372550360907116,86.32284960645899,56.50082074122907,18.870462545922617,92.8137686335103,97.27310882377839,120.3255219812677,85.42915421831609,109.87890840210457,90.95869102449068,112.69410669856121,99.74999301675933,129.11970378917223,117.48676718030092,88.72943775044666
1012,2401.2868206338353,1741.0790191705166,0.6595434774491271,-0.48135392188836396,0.4844470103472314,49,0.0,0.012165699785628809,1.1977394312218015,-0.1959058683990271,2401.2868206338353,1741.0790191705166,1063.354571227963,0.0,0.0,337.78989597110746,-23.37094992383045,71.04484675691737,44.44861888584519,19.695802565527824,99.59229050293335,87.89311192694879,77.81136270496512,98.98175406217501,68.46497502910783,84.73218288707864,79.9210906050221,99.92784783113231,84.70181265650177,76.83076389892794,69.30811091487976
1013,2236.1490098688005,1741.2022498771578,0.501252112578034,-0.21619010573006964,-0.11999461618269158,49,0.0,0.018617457355997236,2.4672488285266456,-0.9805323785952023,2236.1490098688005,1741.2022498771578,1044.3519018469026,0.0,0.0,337.86485106516267,-23.371053877193653,57.86257274438253,46.1375746826934,16.2613054509533,72.63298484279059,82.05216306862776,85.97154040500385,83.09505373873503,76.63039036030905,79.17738480432448,93.13123891477194,88.05096439366848,82.14894231231861,100.58785045215178,80.61193567617181
1014,2849.508335933155,1741.9395572345486,0.4163066971874392,-0.3075116246604136,-0.11504997624590889,49,0.0,0.01571980528496247,2.4478399542513274,-0.9719575479222493,2849.508335933155,1741.9395572345486,1135.1887870684343,0.0,0.0,337.5864596768423,-23.369989909608424,52.889181343993656,49.7781688443017,23.169521785758487,85.65359223820451,84.40566164926045,90.16349545682903,100.43797341196338,99.50248853909554,88.82094785223211,97.8842973045208,79.16137262652899,97.52139865610275,83.47120522924686,102.32948213039597
1015,166.0874569996848,1743.6497982758553,0.9062289206166544,0.3022638561192426,-0.5441625157101109,49,0.0,0.0200697840903465,1.4881442937968918,-0.4316126085380017,166.0874569996848,1743.6497982758553,6486.285844639571,0.1118143099564254,1424.6357526767324,338.80443329421195,-23.36895167742914,109.25840903133927,93.12031046600619,50.61113603368453,173.25738311240653,173.4328131341461,157.7520449759188,142.50621631571158,147.82704695165253,142.76061718586675,4810.515305699475,127.62472788048207,121.49256686953228,124.13366010943159,111.99360687391865
1016,1071.571280360103,1744.5490019138115,0.3879091841778193,-0.7396450423146609,-0.5098953795255504,49,0.0,0.013231442631460187,1.9856737371970916,-0.7447697295133586,1071.571280360103,1744.5490019138115,1086.6428855101994,0.0,0.0,338.39345595715866,-23.36974077942861,67.4771342263996,41.95045051352811,18.60146231036693,81.18201586003819,85.20980056521056,95.68450590871109,90.20571210874076,86.99755844550506,98.56266233972319,84.92758054633245,83.6583455353987,86.27451375203424,89.36956217171422,76.54158122649622
1017,2173.0347746561265,1746.8569935624002,0.7672032602703717,-0.9652686301590118,-0.14391980203218407,49,0.0,0.01706129532610243,1.8398623447998426,-0.6619633277273705,2173.0347746561265,1746.8569935624002,1071.678593885101,0.0,0.0,337.8935031001789,-23.368747683769502,64.71944504029595,50.14054187061524,21.81270313357433,60.829503547909866,82.33366770193274,84.10716901995082,79.94617470659593,88.90146749546483,75.33887748504569,95.37339910807903,89.01077141584304,99.2330420884777,92.87506027573909,87.05677099557673
1018,1886.413096115852,1750.277800137692,0.576215386552312,-0.028112964937674085,0.20418640410629207,49,0.0,0.015245208633177295,1.9155432256531828,-0.7057298915166696,1886.413096115852,1750.277800137692,979.9623936535925,0.0,0.0,338.0236005232058,-23.3674834248964,66.20578760378498,33.99757669671446,20.515450757702204,74.16511508863414,69.67692819298304,90.46270096675978,59.216442386782646,85.80005968607425,70.6996174543868,68.6606563006885,93.02858018980695,90.08546175262347,84.97111785114699,72.47689872550424
1019,2886.7219551065405,1751.005668578207,0.5640320220503453,-0.45414115557032064,-0.20379112590813725,49,0.0,0.197033722185082,25.882664527482678,-3.532522458393541,2886.7219551065405,1751.005668578207,5800.64128593552,0.0,0.0,337.5695865274409,-23.36615080368741,271.3803162647779,222.056260034536,99.6544451979621,413.8583576287282,494.09221802611034,484.6981413584831,490.63348174894486,508.43447811646615,478.19437865345446,462.7972897240906,488.290004477102,479.8914631997693,460.2128031596647,446.44764834542895
1020,1275.5564862407914,1751.6012627702064,0.6562975865438085,-0.061240508238491746,-0.05457776365974119,49,0.0,0.09697319328318948,13.072422211880655,-2.7908901655444405,1275.5564862407914,1751.6012627702064,2300.826617734042,0.0,0.0,338.30086419847686,-23.36691637782969,135.32431743527496,74.72155835280361,50.087830306198825,175.3571287193122,171.52651757871286,160.79417378636822,185.88713528191875,196.85371121545495,208.61660791630163,179.0031187862699,184.41721664761764,204.23605690965033,186.06928360945975,187.93196118869832
1021,1512.585434438208,1752.834153727743,0.7424642658728444,-0.14333636777009387,-0.14368274764992292,49,0.0,0.013265627831616554,1.3064610748855128,-0.29024118687236294,1512.585434438208,1752.834153727743,942.5617386201998,0.0,0.0,338.193278527064,-23.366466730513217,45.44339028156446,27.589869733359983,11.014751825077557,74.51420882178519,73.35401543556175,59.02408410095601,95.46952762010513,85.0330309136576,80.08139632470866,67.99778209554736,86.92092593553357,79.78998953535006,75.4781018962489,80.85066410074356
1022,1591.6104064187607,1752.965070252049,0.592008639741099,0.4184440987533429,0.5812326255150342,49,0.0,0.022106149722915056,2.574233120369158,-1.0266196842235333,1591.6104064187607,1752.965070252049,1276.6534965804726,0.0,0.0,338.1574097710729,-23.36641718940931,72.82595123954952,39.4628587891942,26.601729712820912,83.78377166548512,87.82044538747934,101.00324156727592,111.4646053553935,118.17058527554865,83.66859299983807,115.77693431388914,120.7595012751335,101.55296447521883,109.845066347655,103.9172481759907
1023,2398.3797598533797,1752.7994865195867,0.5988275172765772,-0.5319120992630951,0.2515469752139388,49,0.0,0.009800758725661978,1.1270957077876476,-0.12990198975863526,2398.3797598533797,1752.7994865195867,921.735854288829,0.0,0.0,337.79122882738216,-23.36606954152555,53.32792555604445,32.900480953722486,16.801056569346102,74.05957816836917,91.77455753271181,71.12416612475072,77.22607175296041,78.74551039290482,67.89176883542886,70.89654827404257,89.60681176870936,76.19296488387084,64.23445025940617,56.953963216561306
1024,2792.223313740647,1752.7626220817383,0.5764849755883885,-0.4875048589524171,-0.10049149275620782,49,0.0,1.3029844564541613,191.01628527288878,-5.702675987525766,2792.223313740647,1752.7626220817383,25909.94617090933,0.0,0.0,337.6124777614957,-23.365572033426336,1409.56109053733,933.3364970292043,485.00933971182275,1788.896149564002,2127.8925918534915,2108.6305393233656,2151.8760232075633,2153.4877639085635,2202.538443797796,2208.6725468196273,2145.3169402716085,2121.2088037769972,2128.3100078133293,1945.2094332946244
1025,667.2304139857132,1754.2575450051227,0.4424718356050716,-0.2879126507090754,-0.032072804140038824,49,0.0,0.0411114480481629,6.3457396334359615,-2.0062056224200604,667.2304139857132,1754.2575450051227,1716.1661928453145,0.0,0.0,338.57696835018055,-23.365308627349425,100.55853890818713,68.64402648754188,31.653706774841446,145.38334026835372,134.49868461238293,120.06265546973835,146.39888986635,123.6059085328185,141.61040064435127,140.2884063709481,135.32979947096925,176.01979047244322,138.5029197818074,113.60912518458136
1026,814.399004080112,1755.4438335253626,0.5181017359797953,0.04593823508594273,-0.06923778615587083,49,0.0,0.02118513849082276,2.9957614889814947,-1.191268083864816,814.399004080112,1755.4438335253626,1113.748830175432,0.0,0.0,338.51017185416646,-23.3649799648202,51.85465295810488,43.48236233710753,22.229248110863445,86.68282607124709,77.87810910252142,77.75984496026187,94.78778573418914,93.06786990314819,102.02321488327489,80.95588746456289,87.12972977963697,108.72618298930378,94.44929658220934,92.72181929900046
1027,2827.0159299741176,1754.60715111863,0.7215551700604617,0.0222982603811522,0.0010148132731045087,49,0.0,0.012430674241181086,1.1668913993378083,-0.16757609713351573,2827.0159299741176,1754.60715111863,940.3569502443582,0.0,0.0,337.59669036928597,-23.364748450625076,51.76007273984291,35.13000009623299,27.792054180517553,68.9445198821441,76.39762147702717,72.5965093692714,79.672845675356,70.72175032450411,69.08422514455394,77.71283313085767,78.55289862443787,78.30759173179133,70.27037772751434,83.41365014030686
1028,1382.467132550658,1757.052368833894,0.45581704836378206,0.13451925841238643,-0.3075538711607514,49,0.0,0.009459470979785419,1.1680544299561675,-0.1686577021439464,1382.467132550658,1757.052368833894,927.633997379785,0.0,0.0,338.2523367076142,-23.364683087996625,60.339297397602635,35.53048291265535,23.477404635121633,81.16809027511846,71.60132321957263,74.78618690086066,74.97164323134538,79.84488819604994,64.1310064200257,76.57543095147462,71.92707127529934,63.69382944700136,63.79658976951143,85.7907527481459
1029,2907.108197836144,1759.6523566550836,0.5774617032069149,-0.725270164177507,-0.3476394103612821,49,0.0,0.021138826855004608,2.227004774446749,-0.8693028702834055,2907.108197836144,1759.6523566550836,1400.7296672153136,0.0,0.0,337.5603504593572,-23.36251361932395,72.50454576278274,63.59488149074739,26.548917879842882,107.051080426134,115.42705060468425,108.54608675904822,119.62539820225243,105.1483687433061,109.48355480021893,128.80139854750644,101.56635134428936,115.59098859739564,114.48593845323154,112.35510560387367
1030,1288.4234891674698,1761.0328674280488,0.7645642502018541,0.027348748762093443,-0.10212727870075836,49,0.0,0.016992453855362015,1.5962267571609794,-0.507736466265646,1288.4234891674698,1761.0328674280488,1063.560145313816,0.0,0.0,338.29501978193804,-23.362991924870876,60.09973240755929,41.48731271980311,24.90555628297419,95.31025704019177,62.29070236781415,84.69489282637518,80.70655704386115,74.60134109765244,97.18009351149999,87.31620435639138,100.3662126549496,74.8642759409053,95.8122600679707,83.9247469958681
1031,1330.8136754518425,1761.2464034554687,0.5569804152485819,-0.46388390182992517,-0.2665616880469518,49,0.0,0.02542315331658567,2.6625706701716583,-1.0632528591998702,1330.8136754518425,1761.2464034554687,1463.6442625725354,0.0,0.0,338.2757797548273,-23.362919091325463,78.25995923393465,59.04790721709205,30.69862383334279,104.11463521418622,124.12983492487358,107.98895777095132,111.45002540852116,112.38865647495078,120.07923618793754,126.03205467325178,124.84611428319441,132.13004803938264,125.62368008567282,106.85452922524368
1032,2634.532300009574,1764.026836092312,0.6842412581104006,-0.10857499686438324,0.23079017651700912,49,0.0,0.01029330743080502,1.041384363074357,-0.044027630580060824,2634.532300009574,1764.026836092312,864.9348744139086,0.0,0.0,337.68406346318733,-23.361108491036116,51.135302107424664,38.23680250015947,20.965183524869722,79.08142180853235,56.7981974239224,60.6931811542386,83.0679448645385,71.48046091532814,70.18227021668577,59.173911529654795,73.56851858869983,60.85121102607038,88.3243460680887,51.37612268569512
1033,1658.0286576629244,1765.0114942426123,0.5677909926548942,-0.2017914317312426,-0.031600176967687826,49,0.0,0.02462689096056193,3.3268180655505617,-1.3050726278949867,1658.0286576629244,1765.0114942426123,1242.1819431972378,0.0,0.0,338.1272640983594,-23.36139573869382,61.117151684622925,59.94931797533174,19.30225832855183,97.85943587968367,96.13470783617245,96.58078347468495,106.32225266148211,101.85749696317905,91.86780188247971,99.03830764482096,114.78203085878101,100.64096316443968,109.14580259036933,87.58363225263842
1034,320.7430985071676,1770.839615652491,0.6144612657523914,-0.3575643321007991,0.10932502604602934,49,0.0,0.05497164033962371,7.077650157946249,-2.1247227300895646,320.7430985071676,1770.839615652491,1901.517795462768,0.0,0.0,338.73419276509645,-23.357897952925136,102.86775970872189,75.10395061951593,39.51314268062344,146.43485426609746,155.21464020441914,153.58019244057027,154.98345354295478,175.16864579174495,149.60739803795082,159.8143929212238,162.83368243288322,143.42700899831794,153.63244801051692,129.3362258072272
1035,544.338380092466,1771.0556290938498,0.6634852684183369,-0.2657694471155353,-0.05829011480046065,49,0.0,0.025898348029891206,3.1440090080509333,-1.2437094542177327,544.338380092466,1771.0556290938498,1149.0694465573156,0.0,0.0,338.6327189159175,-23.358149667156123,55.855785840011016,46.63976703461063,22.37969451689981,82.9592615726661,97.58541432935976,90.28059342966617,88.38706890983138,97.37501252908363,101.93819216981935,86.3661521524952,104.21415899719003,79.85144003970002,98.66612672892637,96.57077830705597
1036,1044.6191649507484,1772.0348637798315,0.4863521386734635,-0.1375558717443671,-0.08855189936121838,49,0.0,0.029897001483344766,4.395131134859154,-1.6074295934596865,1044.6191649507484,1772.0348637798315,1403.8214246822745,0.0,0.0,338.40566754214865,-23.35826932244057,90.98022331924292,47.76523927304135,32.222723746832656,105.06467997484069,117.18086407592305,106.6407224744284,100.43639300379942,103.0631943839758,112.13503834617907,117.36746375211047,114.47363236637499,129.854960296732,115.34844712044998,111.28784254834375
1037,1585.8995577153103,1772.2870095545156,0.8811882954590614,-0.01830110111429205,-0.07990629649220068,49,0.0,0.012020412733497701,1.0589143295735184,-0.062152063397824885,1585.8995577153103,1772.2870095545156,942.4191261207275,0.0,0.0,338.1600014721812,-23.35836630481667,48.262381596517464,26.373347323068227,22.926515339343073,57.04725558984728,85.25853492736957,85.52585826804648,66.07987102512534,63.539750969965255,76.34725538839639,69.40972063113055,90.48500481841359,78.9490745953943,93.93400553262255,78.2805501154875
1038,2189.4927825365944,1771.7162737932872,0.8438570188028646,-0.46400202691663334,-0.13539489402899815,49,0.0,0.05531009990791145,6.1510684561016555,-1.972376400936774,2189.4927825365944,1771.7162737932872,1448.2810877251968,0.0,0.0,337.88605390115157,-23.358377262946217,80.18699256526342,65.22324855166228,31.465278032785022,99.45061673787737,108.86352495574033,125.33384008848864,108.82129628444294,121.7963193321145,134.7167580972241,111.7445013533397,112.36873360379413,128.1968893209321,121.45461480023968,98.65847400129267
1039,2702.2723947551804,1771.9090656205112,0.5755958127376305,-0.05774283459818261,0.04052440988055213,49,0.0,0.025132266750907194,3.0979001476836707,-1.2276685383926513,2702.2723947551804,1771.9090656205112,1285.5034648814158,0.0,0.0,337.65333251112264,-23.35772968696367,68.18033924303802,52.72050249146001,21.652822059375154,79.33495353811486,106.66238651631971,96.47863185513354,109.22754304635367,112.81179463935301,99.48911983227288,105.67328005517629,117.42791967795189,125.65217999779316,92.99070292448246,97.2012890045912
1040,2112.9869962945263,1773.1071232155969,0.999900236097594,-0.45526568930646,-0.05650426883441526,49,0.0,0.0198322589869056,1.6634077047040432,-0.5524967718793341,2112.9869962945263,1773.1071232155969,987.156023712544,0.0,0.0,337.9207775167723,-23.35785288566907,49.21136826619372,34.70242787429761,21.38045008137415,62.658455362213736,82.72295393454715,69.07628149762171,75.82884275875756,91.77175750999984,81.7062162484733,86.935733700112,70.1503003923938,77.3256056330189,81.80341933687035,101.88221111667019
1041,1282.554543057643,1778.3033179852944,0.5878668218914371,-0.12802968025668648,-0.7062616244125162,49,0.0,0.01893912224646068,2.041590478993021,-0.7749215792572128,1282.554543057643,1778.3033179852944,1343.2921902429057,0.0,0.0,338.2976757112172,-23.35579351767179,80.56606737510015,41.135502941170174,19.19533126447862,76.22076566690237,129.57590824464566,94.15985829725676,105.27068997624237,93.91487221922648,137.49750545345643,131.33538300348582,107.83127480152123,124.18531259781858,120.47964582060656,81.92407258099449
1042,2373.350494342562,1777.6910314204795,0.5945486540835685,-0.3094158425794694,0.21027286636316533,49,0.0,0.02390161868957034,2.8447849804860317,-1.135123615916124,2373.350494342562,1777.6910314204795,1177.5796747643542,0.0,0.0,337.80261646040185,-23.3557240063036,66.13439301923317,46.77544893679328,30.14894488747514,85.2106846021612,89.34093465038438,89.92664038737486,85.65204519296525,94.72243369638787,86.43530226537911,104.1909096649691,113.72476615288053,79.75670897842554,102.70578672532524,102.85467560459945
1043,2613.5266969839386,1780.9774648481075,0.33828988177194946,-0.4503124682268271,-0.08486592117451543,49,0.0,0.011195671780911947,1.763488639523987,-0.6159316656680622,2613.5266969839386,1780.9774648481075,974.1683111542455,0.0,0.0,337.69362131048183,-23.354074105007644,58.68692420998335,25.48956162667922,20.68056940105312,62.730262460403026,70.18768138039842,88.72422184410223,78.49682748636317,81.25380017796607,84.70654735475945,73.58025239941716,76.12114538628262,90.41448831119101,76.4969234571944,86.59910565845234
1044,1170.3743269124557,1782.8173450449358,0.44576226940901786,-0.48700042386597575,-0.1829129686388373,49,0.0,0.03675031306008413,5.955681610577272,-1.9373286810342152,1170.3743269124557,1782.8173450449358,1564.2985070590562,0.0,0.0,338.3485860441364,-23.353857785595913,83.2950987294713,64.0111074349089,27.109399545723775,111.98514043477978,116.75539603316182,128.81362050032192,106.56113322821,141.7914077612944,111.33314094561683,142.54358844679666,135.9437081524565,132.19744130437263,147.01559370404726,114.94273083789443
1045,637.857442587006,1783.4854728970315,0.4168405077607352,-0.11774384905629835,0.009877446618884194,49,0.0,0.14781737248426727,24.783686892099695,-3.4854147843362955,637.857442587006,1783.4854728970315,4394.957940529847,27.0,0.0,338.5902594588362,-23.35309424878437,255.87437077480317,178.64913199942583,76.15329236557896,277.09757425264,334.97340009895095,367.1733063352388,408.23526286414807,379.64597202546065,373.862443069693,374.8102952583107,356.5965434649272,395.1416442949055,307.99362472000405,308.75107900575983
1046,1071.335952122842,1784.1847894697344,0.4340206992699012,0.1019473735016766,0.021963433744972415,49,0.0,0.014023551574331746,2.1036734631347525,-0.8074458213986189,1071.335952122842,1784.1847894697344,1116.5105024328018,0.0,0.0,338.3935327870754,-23.3532258737241,54.357482540286284,36.488918643347546,15.90937242451188,75.49756295444686,83.56666486253363,100.52081828918273,108.92045679236598,91.19465672167703,115.52959911351971,105.13218105372893,79.02770316274166,81.91451277279786,77.6454243018173,90.80514879984443
1047,2920.5181394708875,1785.1486377302085,0.456022733566437,-0.2076706477066237,0.04727500047100118,49,0.0,0.01647459191213333,1.9154602708227537,-0.7056828714276232,2920.5181394708875,1785.1486377302085,1329.3969918244281,0.0,0.0,337.55431269824965,-23.35186771758481,63.47476390065458,59.96979276583906,28.253278860071816,105.6382223947458,88.54722048205213,122.52098043062996,102.52232084266669,110.31029640257188,114.30683930027652,97.66751535970715,106.065331618587,114.54406903370092,119.30696902562107,96.26939140730359
1048,1247.187365895199,1785.7142236569227,0.5236626753731501,0.14839546657446526,-0.037543878971673265,49,0.0,0.015170872031553453,1.795648055022436,-0.6355530486181571,1247.187365895199,1785.7142236569227,1092.6151959226513,0.0,0.0,338.3137234270805,-23.352690126164177,67.13180673092182,47.10133778119052,23.541331584209484,72.79733542415508,93.16255949118315,78.16882834173472,87.97775327808256,91.25361116313789,103.36840016318044,87.37306352927328,83.4192037739728,103.67242314162648,78.55031927611552,75.09722224386758
1049,1689.9700796942604,1785.9562940520843,0.6021872090211939,-0.05781265779027826,-0.02927552561401888,49,0.0,0.06690283014965727,9.53882326885766,-2.448737006109681,1689.9700796942604,1785.9562940520843,1824.3870798354899,0.0,0.0,338.1127693992732,-23.35266568245689,99.5113009263608,69.28237606024979,29.992332168471282,123.67748844647512,156.14602513424353,133.47753222865003,144.61112655605336,137.69890937707652,157.6435658553533,151.45213138998037,158.02517483755636,151.02917504315297,177.98091857801387,133.85902323385255
1050,2723.837135457363,1785.7299209623861,0.5991946130123141,-0.3570866533975491,-0.08940833668922468,49,0.0,0.9678285466982386,143.26384789540595,-5.390341529022503,2723.837135457363,1785.7299209623861,17115.172650342203,0.0,0.0,337.64356799952503,-23.351939841801176,831.0890811897619,625.6707515265251,320.43989526978964,1257.1836909044948,1375.0159734723518,1347.1251465058922,1413.3328640318787,1427.7584267895788,1447.98352477872,1434.3144170755602,1405.8715926816485,1442.45342836778,1462.5011142759652,1324.4327434722616
1051,808.939841323293,1787.121908880841,0.48231637162093216,-0.08059644557679994,0.39516490441684016,49,0.0,0.008414342597730847,1.2492867969868267,-0.24165537546061722,808.939841323293,1787.121908880841,817.7017004728145,0.0,0.0,338.51261375909337,-23.351775409890585,43.40453623248101,37.245784965139684,20.127721597414165,44.62275815260779,60.138325758176336,63.123724841508086,71.33732072518958,69.58136807650129,61.69680549791097,54.78204368409507,76.31206110376846,80.13664450162688,76.92931381249949,58.26329152389575
1052,2491.630809422775,1786.8918059118237,0.5118494030275224,-0.5069134791380001,-0.12146394977938473,49,0.0,0.012048056886958454,1.5392304738189848,-0.46825913244707945,2491.630809422775,1786.8918059118237,944.04856541256,0.0,0.0,337.748948292715,-23.351761695222535,54.40433347555451,43.95389899166538,13.60547912115473,61.90666654096337,84.00378656199078,68.38328552997626,86.6238647712299,71.90788418383451,68.95866319481931,89.15928824040753,88.14076670819323,75.25364820572739,79.36862179881874,58.37837808822432
1053,2032.706330841715,1789.140285712288,0.568556677377487,0.11826259842265585,0.16652033980239098,49,0.0,0.11708576454526846,15.119020226780234,-2.9488091201269335,2032.706330841715,1789.140285712288,3811.893733948278,0.0,0.0,337.95722329368925,-23.3512220735237,192.9511974692013,137.67956866660944,67.5584104677578,256.7191677603985,325.28719757297085,296.3444532973321,326.65779673111604,302.7865935638266,309.2629431224974,343.93373608065133,322.2227570084758,300.54606262979576,357.708889092741,272.23496048490415
1054,2353.0462651250423,1790.980429921567,0.7917279780107692,-0.6049953499338315,-0.41264703843416617,49,0.0,0.011663776611932027,1.1685441717204068,-0.16911283412238856,2353.0462651250423,1790.980429921567,845.2683289698098,0.0,0.0,337.8118456143158,-23.350207127407064,42.43133779513806,29.67214723959163,17.00332010245617,54.11282796291195,71.41787107663184,80.98493645765186,69.81175669101903,70.63429031326027,60.975970598167635,79.98408398020914,63.099493489620556,83.07578113229643,68.37432806332906,53.69018406752609
1055,1109.9130170060146,1792.6396771744446,0.5349674968944298,-0.061856581492523474,-0.050911175879705735,49,0.0,0.012357598021693655,1.4213422544973089,-0.3817466679753131,1109.9130170060146,1792.6396771744446,997.4999369176869,0.0,0.0,338.37601907210296,-23.34972877026065,69.14460576157097,33.270234591522794,22.21127367727962,61.923889203621364,74.02056388009152,84.28344709416922,68.74992625970751,83.69540631433509,79.53130430155495,84.52081619818688,82.1099729554312,76.51286530303123,97.52521405333505,80.0004173238496
1056,656.3882951963755,1793.985304605702,0.43882912772847593,-0.2811355022653019,-0.3795036717649957,49,0.0,0.015557289382139674,2.1746271560959114,-0.8434620176743935,656.3882951963755,1793.985304605702,1054.9007932110044,45.03807788591898,0.0,338.5818355854585,-23.348742561852045,43.866820266706675,26.31660500559729,26.48490986599014,58.43226142718713,82.09106797857561,92.56342752758499,75.19220739000998,99.08059994608035,92.60141962165255,91.85022988501534,77.26943829147949,85.82387175136832,101.8178935889459,101.5100406648105
1057,2672.6193508110873,1796.8815732736946,0.4699395052429102,-0.9446410962983133,-0.39477259153952754,49,0.0,0.008640365162839387,1.0144141237286703,-0.015538218198255124,2672.6193508110873,1796.8815732736946,926.7919073768057,0.0,0.0,337.66682823732305,-23.34736704421306,56.17774999727902,32.56429367675585,15.0569305289801,59.85206006652658,76.65477773911977,66.14053970381028,76.4099178892791,86.83713510985788,85.69790800629215,66.36504040869603,64.52147892751685,80.46553402521144,81.06862339679716,78.97991790068349
1058,1329.671497762307,1797.71157454375,0.8780212670198847,0.09817291910169723,-0.20813345876766984,49,0.0,0.01216713626821882,1.0728919114224023,-0.0763899278474744,1329.671497762307,1797.71157454375,896.3342396230976,0.0,0.0,338.27628404599943,-23.34772492682949,50.77574538593401,43.41853289600462,20.11846055619445,70.33440183956805,69.594488455083,56.27995465615612,68.80524217049253,85.28398588462935,65.0589240614161,74.03846342933524,84.24099586567507,91.20040946440315,58.803268936756126,58.38136602144968
1059,253.98002152619767,1798.838662471538,0.642353068103879,-0.659749994266121,0.1401288124239746,49,0.0,0.019798154814414756,2.043627238590361,-0.7760042064126424,253.98002152619767,1798.838662471538,1283.1325318244947,0.0,548.5755805281055,338.7644370726033,-23.34611765635882,61.94886603802662,46.03201165304982,18.86087143933458,98.71853321769345,94.1093069631155,99.00090456323397,97.29736541029925,108.07047538681573,116.03112251289747,96.96316735358198,114.58218563416358,93.16261123690703,114.41945062454,123.93565979083553
1060,2946.2317669433596,1800.3574430833658,0.49111736199205064,-0.7793955545298655,-0.12096197391648753,49,0.0,0.00937549953691667,1.0768533573952435,-0.0803914160672648,2946.2317669433596,1800.3574430833658,1009.9035846896838,0.0,0.0,337.5426732424798,-23.345486255953777,53.580171312309915,29.165937093542084,14.774774030287857,58.22584019459295,87.65041281297945,92.54916004586809,88.59263600390184,84.98364341389602,95.10318292855455,83.56508166099907,75.14131051507275,94.56480523819214,79.64813786803069,72.35849157145645
1061,922.9108617673693,1801.7955949434215,0.6462189084266375,-0.02941781863776861,-0.14190385913326992,49,0.0,0.02521990465849523,3.2294100004322024,-1.272807964526218,922.9108617673693,1801.7955949434215,1157.4408493415158,0.0,0.0,338.46087641478863,-23.34577099477576,67.81025799958671,45.018925272134396,22.52886193958455,84.6345096844243,89.71253875172012,103.04826553663767,88.76932013443829,85.3278802422372,84.45685149378377,93.51542135552477,106.54173112214241,95.58694730588027,97.5967426509133,92.8925958525079
1062,2214.296642968879,1803.5646380298301,0.808362451546857,-0.7588294200097233,-0.17037658771405814,49,0.0,0.011784726794363078,1.0868101785558033,-0.09038424290971694,2214.296642968879,1803.5646380298301,870.4463619207032,0.0,0.0,337.8748245079696,-23.34508777261935,51.79365011441136,38.3617716517665,16.987539084803885,51.81749172397936,73.13950148781305,71.40754789439524,67.32767542734723,73.18981229084014,63.03294381658857,70.96563741205249,64.86500440192401,86.01184124578415,81.19956056255619,60.34638480644105
1063,2711.631894848015,1803.0751844930116,0.6045879492518407,-0.5038261739797311,-0.2138140209880504,49,0.0,0.07600336706163921,11.044506908693966,-2.6078658279940536,2711.631894848015,1803.0751844930116,2007.098418131568,0.0,0.0,337.64913439226274,-23.34473078104009,109.14700130698114,74.97324237436419,42.32532048996486,138.8289438252689,167.9750869238813,147.5544090538378,179.18682794192267,158.3132321774545,172.38035417086905,178.07754298920403,157.3493628528974,161.24314394799322,167.99874815606927,151.74520192085964
1064,2982.4175788535076,1804.8066292863623,0.5603665071553888,-0.24204147515319133,-0.00757106839288172,49,0.0,0.011027793388719434,1.1494213246186507,-0.15119812528265042,2982.4175788535076,1804.8066292863623,1047.3038956401238,0.0,0.0,337.5262619724568,-23.34356800807187,59.88797131117181,36.46851488887967,14.484498099966267,76.19003705037142,78.02145702801153,83.68743059656227,89.58328579617358,80.51930994692331,85.76967362888408,88.94876430228041,97.45905919561707,87.16237481580858,86.69736109327727,82.42415788619667
1065,2406.654979757838,1805.187167871434,0.606381013653228,-0.36662716796805467,-0.11440393150228127,49,0.0,0.020466911694904475,2.730662324452699,-1.0906699957777932,2406.654979757838,1805.187167871434,1014.6377074411507,0.0,0.0,337.7875332961676,-23.344233135411248,45.14523901623966,43.00831692589872,18.140220650151015,83.86792269685722,96.59884029443212,85.06752793089986,87.45814008656465,79.89848050077512,87.91187658645241,77.06417892641319,79.35788163920586,64.83324913021764,92.14156572833977,74.1442673287034
1066,1359.5021256272198,1807.4028484268,0.3855635230864077,-0.6533822720784861,0.21572517114341436,49,0.0,0.00847772288504773,1.16589378232951,-0.16664746557418075,1359.5021256272198,1807.4028484268,944.9817081964522,0.0,0.0,338.2627428096693,-23.343696897065545,53.678014683143644,29.31416072493692,14.069871732530725,60.3367715680014,82.32862232380822,89.50259570091521,74.60746490058052,77.15943326212442,81.22067982141655,86.23062876289319,79.10760553888096,77.62103318819089,67.13382512342498,72.67100086560461
1067,740.2681657554162,1807.6585679228456,0.3795376927201746,-0.4117530379071707,-0.10093960301289331,49,0.0,0.010980590715526218,1.4746744885615841,-0.42174041786558064,740.2681657554162,1807.6585679228456,1089.4294113531016,0.0,0.0,338.54375329630807,-23.343144492069687,54.87087104057681,37.197497672777885,23.46933066160505,65.83896113861198,78.15130474745719,90.28230922827652,90.67261264403066,107.7582134506344,85.91244645261705,94.89757628009166,86.88353290739124,99.96521704658623,99.163668022664,74.36587005978099
1068,1729.4171035439774,1808.5498327043483,0.7120033263392023,0.171146452636498,-0.10005392992791874,49,0.0,0.02559606323482029,2.516735966770293,-1.0020941391992086,1729.4171035439774,1808.5498327043483,1412.3473024686148,0.0,0.0,338.09487077622873,-23.34324609707292,84.77952699965068,48.31925163813247,33.452795997206024,106.96972045626538,117.92325820045477,118.49712039379813,126.94893589860442,122.20250799881123,109.78378204701065,90.33238980691013,98.80868292823368,109.82319314878836,124.1466396990029,120.35949725574585
1069,1399.5635193777446,1810.3107490231082,0.5095683604774279,-0.4212611283025235,-0.12035568675137359,49,0.0,0.14183061331767352,22.57630035544931,-3.3841319357730386,1399.5635193777446,1810.3107490231082,3480.584716096843,0.0,0.0,338.2445616304872,-23.34249685218576,190.37801340779242,144.6303458196475,66.41421046661816,237.92911995447906,264.8689991457301,285.85200685133566,299.2696739467546,306.40653525465893,290.96625151861133,303.18129257820715,317.578370298467,293.29311239390324,245.5424046852981,234.27437977533975
1070,698.0546467636772,1813.551147884951,0.5031424441023783,-0.29915549606595987,-0.07639696819368244,49,0.0,0.059630775989546025,9.316661754842759,-2.4231508213476696,698.0546467636772,1813.551147884951,1819.3910543066213,0.0,0.0,338.5629018107267,-23.340640670143543,97.97354297736088,84.12230838195651,32.144166335719454,146.27470631300582,163.6969905338527,152.8849183431521,142.18325380565435,138.90482119751744,155.84641164781272,148.98521850343255,131.05211252022863,146.14965639855302,132.09042765501368,147.08251969336163
1071,204.77177472289875,1813.730857118317,0.3764230550249211,-0.5271985772027151,0.22213748832867572,49,0.0,0.017056513724935076,2.5834989522972727,-1.0305207243987964,204.77177472289875,1813.730857118317,1212.697554754348,0.0,1037.871554383199,338.78673670177125,-23.339824736186486,69.13229069370662,38.80737132165416,26.489354807667247,89.98054553899425,96.13957217852753,107.83580910240303,93.88261208316142,88.33395377025262,111.79105432965365,101.30154571443236,105.34246630613525,81.25777968623093,113.87720555256277,88.5259936689659
1072,350.32288872668965,1814.2782680929627,0.4206720390253264,-0.36731435596210216,0.040664604138263866,49,0.0,0.0504669516606848,8.344209870250998,-2.3034630468952058,350.32288872668965,1814.2782680929627,1986.2075553480106,0.0,0.0,338.72069124339987,-23.33984839816024,108.58186627260343,91.64338888496658,37.17601533085751,145.2768513950453,150.86477737202517,178.12877232633988,148.21481290803288,183.8091673302084,154.7008444916802,148.87056628668535,163.87494163032204,164.09654320687486,165.69370154919602,145.27530636317297
1073,2493.180744239753,1814.08013853691,0.6614121870432337,-0.25574291771394325,-0.5434836761300941,49,0.0,0.010478220596117502,1.101116986496858,-0.10458365594666516,2493.180744239753,1814.08013853691,798.1140858937788,0.0,0.0,337.74827958950834,-23.34043172238034,46.04531375916594,30.415098980736012,11.524483901363281,64.13257851905966,66.58394558396236,78.44239721518647,57.693355300205326,69.15887112353299,74.65374964525314,60.02478127066402,65.34552286435736,53.49841140633902,57.9069666651003,62.68860965885291
1074,1216.6128647064984,1815.9079023781776,0.38025544235211206,-0.0741949545981763,0.22719330717229372,49,0.0,0.008577333776011567,1.078362085230984,-0.08191152460915092,1216.6128647064984,1815.9079023781776,1106.7553334901256,0.0,0.0,338.3275828099492,-23.340094767964064,63.77236646638662,40.131283701751556,20.66698039636583,80.8639698642256,97.8116688516358,101.68393176861272,73.1847389500123,80.6382899910584,92.23023668691457,105.73138969240576,78.60828385976957,72.98015117368516,106.61829915533879,91.83374293196292
1075,1487.6630516725681,1815.539795394591,0.7322277562691569,0.13019148892039006,0.11417805097625167,49,0.0,0.045045902637356264,5.2717275269259,-1.8048823883490956,1487.6630516725681,1815.539795394591,1549.0879538370275,0.0,0.0,338.2045804626917,-23.34033616242111,86.95048559016823,47.90529271745378,30.15605217941477,123.25662372597526,134.95008492866378,132.55332698626012,147.05296065973675,122.02081327566133,121.63056363036182,122.60738626002943,118.72612057925215,126.24564634279871,117.52200352979926,117.5105934314521
1076,993.0518516289212,1819.926731328904,0.5662725720402818,-0.05484277338597329,0.11720127110024604,49,0.0,0.013219884295376511,1.577026413551452,-0.4945974184262152,993.0518516289212,1819.926731328904,1093.5927359170323,0.0,0.0,338.4290300115533,-23.33827539841078,64.51554110077038,39.828834628330675,16.991619015796633,81.87823702079132,94.09247851082084,93.13476059494413,84.52766939350903,101.92532515292552,85.777538073029,83.22414775115926,103.72912435750877,87.90492764203168,89.10024273537724,66.96228994003802
1077,2625.563424306027,1820.478994092609,0.5493611612948578,-0.5930068693239243,-0.1628213842448334,49,0.0,0.07430574567249877,10.899105255924997,-2.5934771167864055,2625.563424306027,1820.478994092609,2142.94029896118,0.0,0.0,337.68821665407233,-23.337599665254658,102.16441090387653,79.45335677340913,40.38621507920518,150.8664507147923,149.2394495822683,179.04639570851887,172.84296524893824,205.8156911629024,193.73113578903173,165.0715315342806,172.01338087370283,169.0373907890437,180.86281249400284,182.40911230720704
1078,2484.794689215978,1822.374896756198,0.7558626337175841,-0.0730744971538329,0.011320468895159898,49,0.0,0.014497671655232825,1.3676228025018722,-0.33991583304278217,2484.794689215978,1822.374896756198,921.9203712351674,0.0,0.0,337.752095508057,-23.336985408258467,60.060597494352116,37.02473768792255,9.649526240064944,57.479249581706895,68.03758080938891,61.301277328415665,81.13290626196778,81.50717561035627,86.82420000871393,80.61956003707573,79.13690014540745,59.093921117489444,77.91703170382307,82.13570720848256
1079,2814.4583756141897,1822.03603283409,0.5903436207336995,-0.5289881066807005,-0.17243754863866395,49,0.0,0.10626935074758972,15.208698039184949,-2.9552300932193925,2814.4583756141897,1822.03603283409,2619.427807111356,0.0,0.0,337.60250656753556,-23.33667449312321,137.49114927893586,98.10721343788845,50.21330180250375,184.62172979949534,185.48181284994195,200.78775935362575,231.4972523651685,215.14078816798522,236.04925466223733,231.42606747503066,239.7273843642241,216.71469100910736,195.78696004588795,196.38244249932376
1080,612.8165633481785,1823.5914911341868,0.6942531704654242,-0.6275846519808933,0.003833574481521249,49,0.0,0.009942633196313942,1.045915617800536,-0.04874162002353213,612.8165633481785,1823.5914911341868,875.9707497480588,0.0,0.0,338.6015669115083,-23.33635201089443,36.491426240657596,31.15301873038419,17.696592387891275,54.03846074623825,66.89201341027359,65.5468678943799,82.31607876011921,88.90863004049714,66.12303165595857,78.52183634542487,75.617893510351,70.48858625289373,71.1344506006712,71.04186317231816
1081,853.943538676493,1823.305841589957,0.9792819096366328,0.10996043918829805,-0.6732801012558802,49,0.0,0.014894280221742613,1.1025846231521323,-0.10602982858698319,853.943538676493,1823.305841589957,1155.0922876942616,0.0,0.0,338.4921513207598,-23.33674434486998,71.57183179966069,33.29781043054095,16.74096236114757,73.56040792325624,87.93648807735164,90.4264145503713,98.02962055837148,83.76442599715554,107.03985384342985,117.04341713763115,107.75987064726644,87.11418687419311,79.97829735652783,100.82870013735783
1082,1957.5251187413253,1823.2142536117212,0.3851989725001725,-0.5253088756270569,-0.49895382594694004,49,0.0,0.014919443087343418,2.1773176961698284,-0.8448045057986466,1957.5251187413253,1823.2142536117212,1116.7709813181834,0.0,0.0,337.9913605553833,-23.33706348568727,49.738058821491,38.97300970475432,25.579584344960544,79.68528315944262,87.21601912245653,103.42742131704325,94.96769617280324,100.1523702312586,100.15915935026692,96.6938054620821,80.03992859418183,91.34391371602302,83.89048236226274,84.90424895915658
1083,2795.1621743534743,1824.403400962985,0.4682887477622359,-0.4515039907736978,0.12442642947609708,49,0.0,0.01414049353945492,1.7179729214353123,-0.5875407855775495,2795.1621743534743,1824.403400962985,1071.2263568177718,0.0,0.0,337.611266284784,-23.335718513071416,68.86716515648382,46.86904173236266,20.040394461767264,84.6132562296088,69.62651959275863,76.44748632416275,83.46661527828385,94.29450690737778,98.0209851469773,99.36634661624701,87.7835042510116,86.98600621001893,78.66876341169247,76.17576549901894
1084,1108.2240443642804,1825.508201584128,0.46794072837543893,-0.6765948133479877,0.20847228804985707,49,0.0,0.02458623635902792,3.5615476360468445,-1.3790968936261727,1108.2240443642804,1825.508201584128,1383.3520146100168,0.0,0.0,338.3767624494194,-23.336032601836763,80.91790981966132,49.95038196434736,31.837909347499973,92.57764525450429,121.4849791082666,101.32860622224585,111.54689252944007,146.18834061383717,102.45325154307729,112.17475014244297,119.01555306092811,101.02981023776601,109.56819525430893,103.27778951169068
1085,2561.3273806258817,1825.6980772713812,0.46017375743564143,-0.2715896906737777,0.4373815620439697,49,0.0,0.007970249768504483,1.0773655265647657,-0.08090768730128778,2561.3273806258817,1825.6980772713812,869.4871546919392,0.0,0.0,337.71737199785224,-23.33550849617211,44.807284602484046,39.83215492658778,15.615409893823976,77.75287505191719,70.7667577192467,59.9914092273093,81.38736974538563,77.74757920577333,57.15724699247984,62.28170422635366,58.71071764946191,84.1425458655608,74.20866287632272,65.08543670923235
1086,1628.2042409186827,1828.7687997815942,0.22680549434051583,-0.2425076057386308,-0.7789410139643232,49,0.0,0.013834750970936135,1.8399687683653392,-0.6620261283910847,1628.2042409186827,1828.7687997815942,1444.4201662314047,0.0,0.0,338.1408031506238,-23.334831913533222,60.29224989029081,54.55967243255488,21.845629000988794,117.24597858038835,121.08248379147912,108.52288963631449,111.79624889997464,113.65985564405625,123.0621072186423,125.8889840036543,140.03038686242934,121.37885112492674,112.46594854366052,112.58888060204414
1087,2073.1674379016063,1828.576141901327,0.899119880023058,-0.44991904533141924,-0.062135657502565965,49,0.0,0.01215789790253745,1.080206539589727,-0.08376700544925239,2073.1674379016063,1828.576141901327,881.7960504245984,0.0,0.0,337.9388873190016,-23.3347666726592,48.88630870604223,35.44382859591284,14.132002337619985,52.96775662860421,68.65578654414472,63.39498313344276,80.72251406683208,63.74120524366782,79.49300432482205,80.01496796973431,71.64973075053453,70.10656089956042,83.10657312942658,69.4808280942539
1088,1745.64588041563,1830.5042096207846,0.8191324400533869,0.4561285116742159,0.018986712383530648,49,0.0,0.01745442456721715,1.726640120552796,-0.5930045701130662,1745.64588041563,1830.5042096207846,1040.1462139912585,0.0,0.0,338.0875105281309,-23.334095561239597,62.50683636899697,43.64067288449335,10.275497028577163,70.3955160200839,90.9023900623001,86.79371273247338,64.39863981036174,89.65148527233598,110.98341924749144,76.67796011134752,84.47437588774179,93.55124611679655,74.85510154039471,81.03936090786397
1089,266.90354054871096,1832.4037260666175,0.33749207666489,-0.4069116143769519,0.17449207665041644,49,0.0,0.009054145912067985,1.1981149334374157,-0.19624620323724712,266.90354054871096,1832.4037260666175,1034.290373254254,0.0,358.4250509135448,338.7585087421173,-23.332155676036624,48.58211453256561,35.88383102304061,15.253801550390762,88.99310079377636,86.39509496392895,70.31259296959539,85.65393158334578,84.65240962251343,104.20755910267363,82.17253526523265,90.20827589403697,89.66833885688493,66.81133136035058,85.4954557359184
1090,2773.3888367784944,1831.809459613735,0.4449935398518144,-0.6040513866148641,0.2700665589315011,49,0.0,0.007818134044702966,1.062846041253552,-0.06617589819312811,2773.3888367784944,1831.809459613735,830.8206990315459,0.0,0.0,337.6211583335409,-23.332666487257324,38.55011500715662,32.50389952822855,12.918032512869203,68.34328485332341,63.615775191410776,67.8639559650258,62.65595207039967,61.59174691968512,62.94948978102458,82.4971110349743,70.47110816505334,69.17505938813669,71.51517114363008,66.16999747062773
1091,664.4354066582257,1833.069364790903,0.4236066645988292,0.09406568952365056,-0.14877856784532748,49,0.0,0.008313009802278818,1.187588103978903,-0.18666459658966839,664.4354066582257,1833.069364790903,821.5647859604769,8.837275408621682,0.0,338.57813146153154,-23.332467918693006,51.81058397007187,35.53155607621726,24.107461172008968,77.92043576999967,47.84154423131213,72.70980840953222,50.788539457001406,67.00651577217869,67.1596614979529,66.83571716309157,56.81164614852686,66.85153806856601,69.43828126835078,66.75149695566664
1092,1215.5649014550545,1833.1414283144215,0.619996708299754,-0.3375498650516499,-0.13962958224855573,49,0.0,1.2017196617404882,170.6027297199593,-5.579964939482499,1215.5649014550545,1833.1414283144215,21554.02936064297,0.0,0.0,338.32804889239753,-23.332913657925992,1198.1678689934688,791.0439907719554,408.201523432945,1569.7027335371704,1679.8002644809599,1629.9257685045714,1799.552912220518,1779.9924924900865,1830.5647851227163,1830.5653472980239,1760.456337276569,1883.6433674978666,1793.130202032039,1599.2817669840765
1093,2366.814331571621,1832.8203793364428,0.9126187829169164,-0.23982856375434194,0.36601971042057063,49,0.0,0.01573042270096538,1.3893480361163446,-0.35702762879949457,2366.814331571621,1832.8203793364428,968.550802162487,0.0,0.0,337.80564320574564,-23.332760500952002,53.85311685140569,45.170863983944685,19.09366905475379,61.74581080762286,80.20128559959892,69.89412280280986,90.59876194303656,78.0679886730509,89.6703906584646,72.5948344532908,82.40379117140154,77.17288207216332,75.13198912282756,72.95129496811592
1094,1874.6338816406012,1833.953974516166,0.3113171028565742,-0.3685244984440229,0.08010005936049994,49,0.0,0.012583849671025826,2.2808685268189985,-0.8952506312948533,1874.6338816406012,1833.953974516166,1063.027862641523,0.0,0.0,338.0289798127701,-23.332622821587254,55.3790935706448,31.55851899057369,25.876556757869736,76.61058447039255,89.14318498481656,103.15322682908621,95.91689593758605,80.6158201311242,87.22645323317349,86.70771385580389,87.09867852916932,80.4901653517554,71.71207262634712,91.53889737317996
1095,509.25119510861924,1835.2106217121066,0.6140282428511231,-0.4369005269673021,0.011322587850702786,49,0.0,0.07874499861603004,10.622062383557775,-2.5655221192742017,509.25119510861924,1835.2106217121066,2162.1915968290714,0.0,0.0,338.6485425681193,-23.331370181857338,121.2130966410183,78.17452565112353,31.7531142928475,161.42686621844578,172.61539793612178,166.9934907183238,175.2794608689013,164.02392046294034,212.3411033909024,196.26027263115617,161.64472181830695,184.46011070842172,180.03876116098348,155.96675432957858
1096,2088.5751123453106,1835.001470154623,0.4367848725949175,-0.0310776148741734,0.20840230689937334,49,0.0,0.010306887436808916,1.0912404668024378,-0.09480115671377716,2088.5751123453106,1835.001470154623,1082.8032558062946,0.0,0.0,337.9319001577542,-23.33207980562066,54.58376911345229,54.749428028284854,20.226186456342642,72.75672071635762,85.57118019358367,86.60802150965804,101.8852297360008,85.14835066615174,73.42468218839863,102.6861737471688,77.16259153266975,105.99792332692657,95.54286012972929,66.46013846157001
1097,1242.1208837828488,1837.1472234138837,0.8949551041596132,-0.4809720387744486,-0.14188350828233998,49,0.0,0.0262429358580817,2.5592807075200295,-1.0202948071770004,1242.1208837828488,1837.1472234138837,1108.0222676139265,0.0,0.0,338.3159964598716,-23.33125748806865,61.90995484646079,29.878553998565003,20.413246138155305,77.23826145618169,85.0607709013015,83.98508753236453,83.3618707724205,87.97236303936758,92.85468375488753,119.35594527793324,69.23718084700991,104.96797850417195,88.38356438380117,103.40280616130595
1098,2223.3279710299676,1842.4124960852887,0.3978621381281627,-0.13106299004331168,0.23527628641947998,49,0.0,0.010067780048365605,1.1720736557742608,-0.17238726148161324,2223.3279710299676,1842.4124960852887,1043.1088502144457,0.0,0.0,337.87076059569995,-23.328894101979447,72.43318404039016,40.69935483726793,21.855089741442328,72.99267104364391,83.08385364291291,84.31985936076387,92.6427758348338,79.53289382555707,84.40753602415265,86.81268267797563,85.40176965892985,81.97283056038466,84.57169428829368,72.38265467789743
1099,2716.3915055673438,1844.9452375420701,0.6613761024024766,-0.5732587814234811,-0.2960789076242954,49,0.0,0.02112127071671076,2.525904219893325,-1.0060421961495745,2716.3915055673438,1844.9452375420701,1074.0749754156268,0.0,0.0,337.64704132128907,-23.32727872340627,62.101450197488845,35.30628645914819,19.0200848247169,87.1827506471693,77.21685291302538,78.70461527580707,97.04933760794117,98.67526145450066,95.81439083270907,77.83247342392079,89.73613780061692,108.0505455153866,81.76927070294616,65.61551776024972
1100,2693.431622892257,1847.2794364360457,0.5617592390868392,-0.3717235920534275,-0.24071273281134042,49,0.0,0.009427576595670237,1.0042377828156266,-0.004591392425672422,2693.431622892257,1847.2794364360457,886.1257707350397,0.0,0.0,337.65746244143105,-23.32633931137764,49.64540438255299,39.61198708679515,19.360566664485717,74.53582799946192,62.270340954833806,65.37978043817031,81.43614768952807,70.19755113022273,68.23421875356999,59.85685572025504,70.45527904077564,70.3483996346993,83.77745869624191,71.01595254344716
1101,2402.560730189257,1848.646967308468,0.38005138317949405,-0.4103701857505941,-0.08208334960896632,49,0.0,0.0204110501682725,3.5134787552372293,-1.3643433296403051,2402.560730189257,1848.646967308468,1158.4549512475546,0.0,0.0,337.7894410711897,-23.326129605865376,57.65175760854563,34.33638823354086,26.123597248987732,95.00891481239388,92.69879738301634,102.89503083493287,93.61347238871821,95.6948254824294,87.44558148573205,101.31198791118302,90.15323497129131,85.9468991424933,105.05172790264939,90.52273584164068
1102,1900.2762496547173,1850.5914956957029,0.8063650175070213,-0.5280460778614164,-0.1870646120782343,49,0.0,0.032560671648363515,3.544574091148951,-1.3739101467693906,1900.2762496547173,1850.5914956957029,1342.0313606366403,0.0,0.0,338.017351120858,-23.3256809449413,84.8222754224232,54.048435531551604,34.08050666548583,67.8634197234654,102.08501916833949,110.84014602124975,117.52255638561996,120.75800648475547,116.15827278638866,114.06173842244068,94.6499622580751,103.19434769003958,112.82320494996958,109.12346912683607
1103,2190.561152933799,1851.066998763224,0.5390693403102444,-0.352104357338132,-0.08506926278346907,49,0.0,0.029594807503936973,4.035752281686768,-1.5148112524365878,2190.561152933799,1851.066998763224,1377.282883406562,0.0,0.0,337.8856359332912,-23.325314076836605,83.57887610483877,45.17740328001681,21.08416908413634,93.20597001976587,120.03281858829533,115.03516569880674,112.83509381282896,103.91955014584477,112.4576981900168,96.3526512144241,110.45804451344637,119.31231950700455,129.35423032866376,114.47889291847282
1104,1772.7461555054822,1851.779346422563,0.2958680641700798,-0.23792938327307303,-0.45376312159604865,49,0.0,0.008244551435109014,1.3814095840554377,-0.35080616191014014,1772.7461555054822,1851.779346422563,922.9708488191666,0.0,0.0,338.0752182090359,-23.325225334904765,64.96288290522315,30.622084458184236,17.692986640661587,67.32111898554489,54.1397828843571,75.79408259859729,67.47501314794343,95.97854341100978,74.01427715267803,89.73655015778101,62.607343374886526,78.14559304267331,70.38953628256952,74.09105377705676
1105,226.7385783389383,1852.6876955037926,0.2915988979412111,-0.3824489840818054,0.35776948986831153,49,0.0,0.03524290299574947,6.008309831318421,-1.9468807997383097,226.7385783389383,1852.6876955037926,2038.9990576834196,0.0,1734.914642078259,338.7766927998703,-23.323633495346208,99.45568667315618,67.23695704544096,41.13102468522155,142.8410348983473,167.56442488882232,150.96986614588997,196.4204577332414,169.00871160308574,155.64379770337354,137.50965885383266,180.2435295087351,178.9510462474955,184.35553859769556,167.66732309908173
1106,608.357769590531,1854.013257600628,0.5726294898601424,-0.3626447265017021,-0.12493787314146279,49,0.0,0.07537422088525002,10.813119651708307,-2.584877521669272,608.357769590531,1854.013257600628,2090.2220457406784,0.0,0.0,338.60354701713686,-23.32367093515847,106.96736540641083,89.31964390262716,47.502456344071035,149.42009653023,157.34446141018438,176.37744290632895,162.67969719828432,179.05250759869284,171.4245993076666,162.68394581979115,164.720292788958,177.97134600595925,181.44705072823487,163.31113979323897
1107,984.0516215638049,1854.7017872084743,0.5823679963369969,-0.640412394679825,0.023588247522459853,49,0.0,0.009347275253915521,1.1162543584122284,-0.11940791900396035,984.0516215638049,1854.7017872084743,848.9177283852357,0.0,0.0,338.43308354771625,-23.323778807380997,48.2009568674853,27.2147563876452,26.32556982673241,68.29303692775723,68.22435783288358,84.02899476286018,45.95560355250325,63.37594481138847,65.15539121778797,63.80110126675087,83.89425834383576,79.84309053342693,52.53794058212175,72.06672547205679
1108,2780.4969872225424,1854.97136392633,0.31975717741627346,-0.9548743877734377,-0.08853119734679758,49,0.0,0.01021113187991622,1.4187089003086246,-0.3797332332545086,2780.4969872225424,1854.97136392633,1169.8653257070437,0.0,0.0,337.61797213765067,-23.32300521703518,50.83448370493518,30.58312192522973,27.38633381592944,83.35407582402732,84.29882431519863,99.67379606808348,98.4630015641153,104.62129278611366,101.78515687662673,97.40585611238788,98.09601177148888,111.56076133706009,103.82258130808597,77.98002829776132
1109,1901.7754542227615,1856.975098271292,0.7071968806340108,-0.42715334587405956,0.14843319600210336,49,0.0,0.01072474257058236,1.0294898446873741,-0.03155516728801927,1901.7754542227615,1856.975098271292,1305.211726534545,0.0,0.0,338.01667360597037,-23.323020538469432,59.11228638318937,53.73334373410277,34.41641240587345,72.87162433747427,113.1255333997095,118.6416911833659,107.66415838174856,110.53770478249683,120.58864624048746,101.70486646724925,104.78173148969975,103.87894828118411,102.25266494819193,101.90211449977168
1110,2311.7054065257375,1858.1048075650676,0.3691225589295288,0.8545963465450219,0.1898949061847186,49,0.0,0.013238617152569484,1.969295209730028,-0.7357770612273242,2311.7054065257375,1858.1048075650676,1090.1241348475496,0.0,0.0,337.83067521412187,-23.32227873324045,57.53868472177754,41.01328913871597,26.015555811990655,71.92991372499324,80.85112876521835,94.3196424753844,86.20164656109907,86.82260268246881,93.64197641559136,95.08173049251299,97.87287215553093,83.61495074776937,92.17962268996884,83.04051846452789
1111,2780.1509705528215,1863.321427894464,0.7830086341756088,-0.5379947428740611,-0.1867595093055326,49,0.0,0.023429045990328523,2.44019525368905,-0.9685614451573457,2780.1509705528215,1863.321427894464,1268.147615147408,0.0,0.0,337.61814319998547,-23.319526721323907,66.36714546365513,41.578491452517596,33.35711732295493,96.40473151325867,94.48589961335816,93.8586799021912,101.44616149897385,98.58643362779989,95.56217296735437,105.30863013818811,113.9600793996957,132.54597506581092,111.41407635491396,83.27202082673548
1112,333.99248284005756,1864.1329128576242,0.6620549015505466,-0.6218805726487123,-0.42685585527737324,49,0.0,0.02056434498043168,2.053017069584053,-0.7809814006979655,333.99248284005756,1864.1329128576242,1422.4469616318506,0.0,0.0,338.72801108735564,-23.319049873558228,69.14549479194986,42.023843704717606,24.92754728914816,113.85546319272171,122.9414363318182,84.24974087526569,126.57914960970432,114.0817391665556,129.72484640694336,102.77502329193953,130.96961290561683,122.0936044010707,127.02702152535892,112.05243813904023
1113,2962.17869918381,1863.8576317722507,0.6514936328529322,-0.366006929340202,-0.07741903051896701,49,0.0,0.010850568698102291,1.0543465159822127,-0.057458418193772204,2962.17869918381,1863.8576317722507,975.0596651085082,0.0,0.0,337.53556053050966,-23.319001230330382,50.2066797252014,46.66410218776896,23.573656511114287,68.18120851113034,72.14020117287181,81.72801150859203,77.35648569167614,73.80641744125714,83.22749271550902,91.15021665232655,79.48656229591725,73.07390128094534,82.23806250434846,72.22666690984957
1114,1913.0400311723831,1865.4594591131859,0.6007993030429584,0.04661271164449499,-0.15951664493326956,49,0.0,0.12530210598499178,15.365664125050177,-2.966378339501073,1913.0400311723831,1865.4594591131859,3974.6802468588626,0.0,0.0,338.011566206093,-23.319480895226288,215.5635563374968,146.2704048559396,71.55689269225553,324.50901680549816,303.45068336248573,330.71877730928,307.5267827379653,329.25274867431125,333.1813436514699,325.42050686395163,317.6409099506904,354.412759155298,318.6812260994295,296.4946383627905
1115,2400.1969314087287,1865.7892090393163,0.5022250268521276,-0.3170638335631493,-0.10498588364367617,49,0.0,0.05136486289344299,8.109527329393106,-2.2724888543260953,2400.1969314087287,1865.7892090393163,1684.715983751654,0.0,0.0,337.79053319853125,-23.318989646925882,79.998655642463,61.702593777189804,41.796536322765775,112.76595728037015,144.55976046390055,121.91626467360884,145.5404031793401,138.930864773631,115.74643581272932,161.97410671537745,152.09651166811892,136.68361367157314,136.87026531149627,134.13401445908977
1116,2465.738082404472,1865.9610375495467,0.7710459071425,-0.15799362093900138,-0.09826924896932998,49,0.0,0.01528687892373166,1.6216616814905502,-0.5249006370378655,2465.738082404472,1865.9610375495467,889.2792620381758,0.0,0.0,337.76079671542055,-23.3188467918821,58.237157054443216,26.86300450992969,18.4851490666121,57.09950261649682,71.4132161949785,71.02003632786261,68.1458337793689,68.3535991794825,82.81684785340798,66.53297524709146,77.67817075908565,77.32755953095389,75.5808562110571,69.72535370740538
1117,647.104725580979,1871.0592518841556,0.9070667546002864,-0.5286310892373771,-0.01399443672704338,49,0.0,0.027230093837329314,2.7383742937589264,-1.093732023121943,647.104725580979,1871.0592518841556,1009.7377199535028,0.0,0.0,338.58594353293336,-23.31661790578254,53.437859821774964,38.31192609845061,14.77513522038843,71.01293864828855,71.95639991458282,82.7503049869479,83.74187220309811,82.73887054023578,77.59846877103777,100.97844941378352,70.49246193978088,95.11751231840191,88.80497547134308,78.02054460538858
1118,3071.9919112259145,1870.6458831518946,0.4579169591383614,-0.3987625860691887,0.10572559707686832,49,0.0,0.023350018808350963,3.4338250340294154,-1.3394454062327343,3071.9919112259145,1870.6458831518946,1233.7726456731612,94.34842246688484,1310.6962525942763,337.48575521728776,-23.315969833727817,71.70773386122845,49.680037201178514,26.560649013962426,92.10045889665588,99.49752759683764,73.80229391651362,100.82693082121169,88.26553436164937,107.90181242271883,87.406537838828,108.2868908562443,104.83100669300998,131.81374282121718,91.09148937190514
1119,265.80165152448535,1873.3476813286243,0.5162700071927238,-0.6690075368885575,0.15032827515088495,49,0.0,1.9187820165495293,267.02422735645075,-6.066376667736125,265.80165152448535,1873.3476813286243,56399.13861638206,0.0,23771.45968565948,338.75893062462717,-23.315094785294523,2955.253867859735,2145.774995143822,1101.1390439580173,4072.8785970439408,4459.383443472302,4556.176387573874,4848.328023939188,4693.488441746865,4638.54705167505,4682.032392826866,4769.648247074249,4804.175360519026,4544.4710627029,4127.841700846215
1120,1504.1659892376363,1874.0089006591754,0.40696837328970975,0.306453039787862,-0.1292508827487057,49,0.0,0.011156371831678535,1.4552863735630563,-0.4073711572231786,1504.1659892376363,1874.0089006591754,961.3415680228225,0.0,0.0,338.1970833560316,-23.315976376251456,48.343436749774284,37.10192575746087,23.797580394859096,55.74945216539587,74.48219103688504,67.70342894047309,73.71585120046468,80.0158909650022,74.16257509033262,94.16807334263183,90.92252737589577,72.41597123766459,91.62752445063398,77.13513931534845
1121,1702.6823759629115,1874.0206270253111,0.5155200298923948,-0.03343430297724334,-0.287058260035946,49,0.0,0.013700443310548293,1.70067418305193,-0.576552797470283,1702.6823759629115,1874.0206270253111,1014.6287898664119,0.0,0.0,338.10701286114545,-23.315970732180947,55.75387722337995,38.81994892733064,19.343015254351023,61.57519052839463,76.53240304092634,71.33265661935852,105.4516884484992,73.69513754460435,114.30385029740313,80.20841998820416,71.87093161471634,77.36312978722006,94.30071159443759,74.07782899758604
1122,2864.465827032638,1877.1355882014338,0.5294217051365396,-0.5200556603866635,-0.1662030090790618,49,0.0,0.07821315853571292,11.309636519050084,-2.633621618346464,2864.465827032638,1877.1355882014338,2465.3531239748354,0.0,0.0,337.5799152460562,-23.31363658485192,139.87150995167025,107.20759414552803,45.99636462708632,171.03834600725978,220.95403481012298,182.28048042083893,203.70464970709367,207.11502060402543,196.65109718710352,220.05112986332392,192.55019241911305,195.2491031964886,202.7701382186226,179.91346281655865
1123,2240.404767666988,1883.9302424283653,0.4909663526899391,-0.09692775833743289,-0.06554649506516655,49,0.0,0.014288569506519836,1.8369516435904834,-0.6602443099286032,2240.404767666988,1883.9302424283653,1043.1341363205524,0.0,0.0,337.8630499207552,-23.311581237768575,65.36417635913033,41.08605809538973,13.728920980155713,82.5027387605614,79.40383675113434,81.41980671439097,98.65912798130327,75.68126316428317,80.05529812628133,82.2714387780682,105.78690088133246,89.99595073993214,80.50837872904333,66.67024025954626
1124,2663.462585002412,1888.4209044835432,0.49326533866350664,-0.8769252240248664,-0.16412912364918006,49,0.0,0.008692657967682246,1.0107192941867804,-0.011576390676394904,2663.462585002412,1888.4209044835432,949.7119575749532,0.0,0.0,337.6711225710629,-23.309239913578025,56.07848108212667,32.944560035192794,21.389153645920484,72.1796854910602,63.49940134447701,72.08997247988104,62.384869172961125,93.66657527192714,84.93441692073974,77.8729097383854,73.58463873348451,74.55966361409352,87.97302034379089,76.55460970091265
1125,2741.7287295946776,1888.8189004518963,0.5766512880025213,-0.3416418960128136,-0.05467422819952715,49,0.0,0.22458560922086504,33.07128658047817,-3.7986277267712065,2741.7287295946776,1888.8189004518963,4765.666320075712,0.0,0.0,337.6356167554009,-23.308961485773228,272.78286607288857,183.4168885030998,75.54483237790863,346.2255461465813,396.8327378620279,379.3863601182967,396.1818036056518,411.41695914146084,386.2445944384783,389.93567381406086,392.21244972640096,394.66390570483384,381.137941150337,359.68376141368503
1126,997.5358021739861,1891.6922252413679,0.41970486407567953,-0.41541555603776725,0.20047146326744436,49,0.0,0.01488587012832109,2.3165120749243586,-0.9120864208119441,997.5358021739861,1891.6922252413679,1049.337667283811,0.0,0.0,338.4269334351068,-23.30837710212511,65.06708178501552,36.152678475885494,14.860085545504333,77.91362259409155,99.39152111760785,79.31404682177467,81.66532503416036,74.88132302375922,99.47242039020968,76.59748719980198,114.37411305343792,76.04305101288642,86.9333157036012,66.67159552607477
1127,2166.7221452697922,1890.4969808981043,0.30771447785298,-0.4761869349822398,0.13315627564735552,49,0.0,0.008489732289705239,1.3608196845154852,-0.33450145700551887,2166.7221452697922,1890.4969808981043,921.5894625953349,0.0,0.0,337.89648457792845,-23.308903153488004,44.785299359413244,34.46431118901111,15.950096988646735,69.06325444241841,74.05041452773219,79.84129156461523,74.73233801600622,77.17931766365388,68.34843076287362,83.76760524577574,68.98500788517768,68.10291932429752,89.84257507625625,72.47660054945698
1128,572.3141373250073,1893.7615008208957,0.6032303882615715,-0.6835444100070611,-0.37475182181446803,49,0.0,0.010838206688635312,1.1160880802700208,-0.11924617482326452,572.3141373250073,1893.7615008208957,909.7337970470719,0.0,0.0,338.61984227214236,-23.307062217596293,57.23871940235784,38.92146219990879,15.02839649689638,52.8640805475262,84.73836464825548,48.046638728371256,58.213949218120305,74.44925205506104,79.09080470161626,89.54190670600556,87.25192895688392,75.33653867151622,86.73521143752112,62.27654327703157
1129,908.1806162979321,1895.8293168199873,0.4938797419088422,-0.2936406341059818,-0.03660552216562718,49,0.0,0.020572977097022247,2.7909835458617245,-1.1143931903235824,908.1806162979321,1895.8293168199873,1194.598557984305,0.0,0.0,338.4674681006772,-23.30657780122281,68.32257308602676,43.39917487763523,26.23686744850948,89.20059974935089,108.14706317228791,100.4793195440584,91.57391948757615,91.13655584274305,101.3569813621911,108.17807024398728,101.1917539106783,88.86398869169602,88.36342500403141,88.14826556353302
1130,1666.5456218697275,1896.3484498832906,0.8263823505969148,-0.016923197900487224,0.269363338937931,49,0.0,0.013756015326652335,1.2795540198876512,-0.26764656386181573,1666.5456218697275,1896.3484498832906,962.3410653011845,0.0,0.0,338.1234108659869,-23.30667148342113,53.99291187637726,30.354536391661576,27.6405744171415,66.46389585829984,69.94335845128941,78.02943169553878,67.5938313952612,72.57444793965567,83.09245015367725,87.59720305657574,93.40710041046908,78.34312674578615,82.40226140239974,70.90593550705137
1131,1415.953354737564,1896.8647134928049,0.6830140289302334,-0.08300688673202142,0.008843633047361436,49,0.0,0.03468043283119784,4.143826327987331,-1.5435038634782539,1415.953354737564,1896.8647134928049,1294.2235383007023,0.0,0.0,338.23710096488435,-23.30643699302379,66.96151304755945,39.0040724099624,26.178488111021785,101.30155608868024,100.41308631948982,113.11793451385081,110.13834833757798,96.86912802505715,105.899935380613,110.14137898751379,109.49768851304715,120.97118657339989,101.95018947508456,91.77903251784429
1132,1206.1300566044517,1904.2477422833044,0.4199099317573707,-0.6955465581423157,0.09552941617046684,49,0.0,0.015991931588444773,2.190579135892101,-0.851397367319457,1206.1300566044517,1904.2477422833044,1220.2227692353376,0.0,0.0,338.3322901007333,-23.303281480175354,74.62868500653269,46.659417393772216,21.718834536914155,103.41489695931205,105.03241133593357,96.63548501212557,89.06372842470786,88.59730005100663,88.41349425136718,108.46679976263937,96.09336633850197,89.70910266143494,113.19825732826695,98.59099017282263
1133,1531.7445799799557,1904.0726996954274,0.6094224649682586,-0.37548496786033436,0.22786886249582464,49,0.0,0.011120813247681705,1.2538850598509481,-0.24564431938600922,1531.7445799799557,1904.0726996954274,904.288019062485,0.0,0.0,338.18456749762834,-23.3034528233513,47.178170805730154,30.690174583994555,18.050448700734304,76.77279830371792,77.2109400504954,83.46244918047778,72.39075602891941,67.28096905849165,73.45622239175825,76.9920700579099,68.09486851166074,82.32973432228658,80.06397119695163,50.31444586935666
1134,1721.132032040407,1904.5736644988767,0.7105789432085471,-0.011146870149321595,0.009023242319138515,49,0.0,0.03463061988966849,4.237561926449227,-1.5677901447645246,1721.132032040407,1904.5736644988767,1234.1901542557046,0.0,0.0,338.09864718664215,-23.303237677626086,62.35853437361829,45.639097179259686,27.192551296490034,94.26151083413087,121.2816604271801,88.63943630082052,117.49876205351043,90.28310835036822,107.04247410877383,101.1631389723427,94.03485767010378,89.70313848268975,101.54363642928894,93.54824777712743
1135,2117.1489161825475,1904.2791899723666,0.9626493502621348,-0.4876535997213444,-0.47034661625828295,49,0.0,0.019581345883391398,1.6226574892989303,-0.5255671464455878,2117.1489161825475,1904.2791899723666,1090.3664345316236,0.0,0.0,337.9189854483454,-23.303195681664075,65.50391643073706,54.15774986006927,24.903159523172903,68.44557570210276,92.78545759844476,87.55560280868909,89.15108398470277,84.4864561572345,91.46578051054334,84.35940069056448,89.5878028347108,89.98402749193778,93.11881529072423,74.8616056479898
1136,1013.9987868956367,1911.1973642523158,0.60143367973817,-0.26806221101102434,-0.07831982409253732,49,0.0,0.3149128396079994,45.519529915719644,-4.145494421029974,1013.9987868956367,1911.1973642523158,6207.773417251565,0.0,0.0,338.41944811910656,-23.300262869408424,336.98283403960806,221.27024440801085,136.93280659127626,444.84391034280236,453.44898921528943,457.2353594887338,512.6372664840637,540.6852924668692,580.3079003147125,502.11113610150494,524.2046415574492,500.3013095287396,529.5268568428293,467.2848698696753
1137,657.4983682460494,1915.0214367329845,0.8500985218778198,-0.32883152364391377,-0.1637576320731755,49,0.0,0.021014041691897405,1.9292354835107597,-0.7134631027379285,657.4983682460494,1915.0214367329845,1094.9837097179557,0.0,0.0,338.58116875287595,-23.298313793563782,51.086450616745694,38.91344145302532,15.652758903944523,78.85060412659236,107.77218944773804,76.2940982051043,104.4290089131382,88.59098525615681,76.64317960227346,90.03135120472571,104.108992109009,82.90988501764147,93.36500505747185,86.33575980438891
1138,1608.194789466804,1915.154779554788,0.6842133054745425,-0.08371546916126253,0.10779365978829535,49,0.0,0.028533806471065407,3.5336834283044642,-1.3705690995576245,1608.194789466804,1915.154779554788,1128.5497340351633,0.0,0.0,338.14988404760027,-23.29883835975411,51.130207684639615,43.96258189000899,14.310050913355882,72.74864140241982,89.67202567265329,95.99486101670087,93.37873816667616,98.83147589467166,91.09322801912292,90.04961253751964,86.44844985465994,86.49256395204333,125.50312350894765,88.93417352174345
1139,1336.176136723889,1916.5448830998607,0.5326175482440959,-0.8666273196246728,-0.10709198322251001,49,0.0,0.013139048642352978,1.9065968779328433,-0.7006471938153512,1336.176136723889,1916.5448830998607,903.8589909569164,0.0,0.0,338.2732871972063,-23.29821360888523,55.710309570748564,40.9729572168708,17.1671461574491,60.86349895315449,80.30378556428971,74.38770407409399,60.1659859300802,85.00025180097839,71.82876336620842,75.7856883779443,89.05530048470592,55.8404106202537,78.4564683887593,58.320720451379515
1140,1831.9859418363662,1915.6877969738225,0.610585714843489,-0.20161815585733994,-0.15242138047298281,49,0.0,0.061639623811289304,8.81431060150474,-2.3629708756295704,1831.9859418363662,1915.6877969738225,1724.7132050392286,0.0,0.0,338.04835935625925,-23.298581347894494,80.40496400993553,50.90438164002836,33.176644899312905,126.58010901195111,128.41886601920461,135.57736091139222,134.91235668710704,152.85549433971667,150.2302631353345,149.05161152378903,144.89279171743948,147.73410517172778,152.53727294588768,137.43698302640158
1141,622.9997210206221,1918.5048069633092,0.48052557457475986,-0.21275061462696984,-0.054085473198045166,49,0.0,0.03288729307612732,5.16260577932001,-1.7821724081039227,622.9997210206221,1918.5048069633092,1343.1721185350043,0.0,0.0,338.5968136312184,-23.296819216490903,62.50337154790678,47.75145874166935,21.35247960733488,97.44172975854426,111.40159820873075,108.26479507003545,130.0754936504712,111.86066920097863,116.25866907283753,124.30750204502726,96.12125634070708,119.58922112601775,109.74198764187452,86.5018865228689
1142,845.6028759830322,1918.9254632574223,0.5350784693591433,-0.3050269057166057,-0.13590656720667074,49,0.0,0.0408003332654317,6.2939556509138965,-1.9973091960492837,845.6028759830322,1918.9254632574223,1409.9443913864166,0.0,0.0,338.4958329799026,-23.296895519390524,79.71461445871213,49.674590753631385,28.832514997405003,103.01394096637603,122.49174760977458,101.37545597473431,105.93275080206556,114.51701710310974,104.47992560271365,122.54467763026379,113.76068534008797,137.76019851420267,121.36832058415769,104.47795104918205
1143,2133.6922417711553,1919.5378744840507,0.4279573273490492,0.4399599732414891,0.2330855093908763,49,0.0,0.008569524556891346,1.0629540689777175,-0.06628624686681615,2133.6922417711553,1919.5378744840507,846.581488333294,0.0,0.0,337.9114919042618,-23.296826652105512,38.48529758337057,29.308813253351396,17.745483203587344,48.459414565185995,73.38177008792924,70.47722698099912,69.08034536668765,64.41088403851333,71.37485188037785,72.2400263980013,66.94372350490735,88.4791639953176,67.53619474982153,68.65829272524377
1144,725.3589278817861,1920.8684113918002,0.5398245103939421,-0.44767418791797875,-0.12732211508710503,49,0.0,0.27752196723868355,43.83064720869632,-4.104444708866829,725.3589278817861,1920.8684113918002,5837.217137531418,0.0,0.0,338.55037743924305,-23.295958118539964,292.932433769461,224.08763073719257,136.7222829763286,440.2242886169531,468.88615040253046,482.67163928813204,473.19385632585,474.17081024885465,495.7273550693964,467.1885547377465,520.5244769819558,494.6470096046142,458.08632516820376,408.15432360420004
1145,742.365092305688,1922.8772794590948,0.6341745122453868,-0.972698608567068,0.09448431178381382,49,0.0,0.046163139564468054,5.3758712799720865,-1.8261221535244423,742.365092305688,1922.8772794590948,13541.72798349501,0.0,0.0,338.54266047102914,-23.29514034226959,773.9745851386515,461.2435989267197,258.9070304387519,972.6445683583438,1075.9473590992939,1162.4288132888864,1168.4795357993103,1083.341940290248,1221.6105721504416,1111.1326208398666,1094.978736911694,1156.6477679679006,1103.9424569708253,896.4483973140752
1146,1518.7647348616465,1924.91337216426,0.686455567881258,-0.25340286224710096,0.07662108534511754,49,0.0,0.03175193890121446,4.062241499194759,-1.5219143463241172,1518.7647348616465,1924.91337216426,1156.9701347081946,0.0,0.0,338.19045369823306,-23.294767982212157,73.53678129235917,60.359978363931475,22.101119438619335,58.035199502813185,101.49390666266638,94.94136096408538,82.16570691892741,89.4862510134121,120.01392181660667,85.40849598928398,89.43004292255998,89.79786764646093,95.17702814262803,95.02247403384055
1147,2535.978765623993,1924.5948918990669,0.8743254657369594,-0.1402164261199371,0.43442237127570815,49,0.0,0.011139567450595621,1.030987290784099,-0.033133279173012134,2535.978765623993,1924.5948918990669,785.4041133325459,0.0,0.0,337.72900639395124,-23.2943342043626,40.243456165823346,20.795783311535622,11.224411210703975,59.80121449912092,81.65150384987254,67.53995594725887,72.32829124028777,56.93324357081045,61.3178293497364,52.75364116461414,77.92519898274075,64.1838032680072,58.23841555977384,60.46736521226008
1148,750.0342481048632,1926.7113534246612,0.6292713485372469,-0.3288746892987226,-0.04945757058190187,49,0.0,1.5989123498992448,228.40713681039526,-5.896774174382746,750.0342481048632,1926.7113534246612,27174.38534416988,0.0,0.0,338.5391768725317,-23.293551404037096,1474.589783786696,948.3274181018705,507.26759783493674,1978.1692469153134,2168.786148954702,2219.825369861299,2309.0775930204936,2159.7917680551427,2277.9289110298746,2200.868049440657,2228.435106307794,2366.389162357888,2294.2708545915502,2040.6583339116696
1149,770.9532126750247,1926.766596197611,0.4715884198880136,-0.38519093589580766,-0.10925643503010822,49,0.0,0.011126112802682536,1.4948289718608911,-0.43647876622300597,770.9532126750247,1926.766596197611,1234.1680783160646,0.0,0.0,338.5296874848515,-23.293551309620742,55.47067668797317,43.703577598269746,25.0077985175608,81.65894635921525,118.84740469116683,95.15140827406586,124.69541702794882,86.45619158535006,78.135110214237,101.28827154614495,105.90337369054359,109.15298155177167,125.45264169537913,83.24427887643773
1150,1751.6106676147638,1927.278004451846,0.9684767973558736,-0.19749927915364637,-0.2568082306019701,49,0.0,0.013532270431685702,1.1433001234896103,-0.14540062600162304,1751.6106676147638,1927.278004451846,886.839513720058,0.0,0.0,338.08482471932797,-23.29377218768148,56.04870769832527,26.130083039112662,10.753076119969169,68.07961289652206,76.74447525518565,73.65104361105432,69.93899734735749,82.57296432687508,75.5621455019926,72.21585106877062,63.68168765871134,75.11677787984948,61.29308415777729,75.05100715855507
1151,1838.4147433896455,1927.2849982040407,0.5762689330868339,0.02380904327368345,0.19514534641615788,49,0.0,0.016152970366623838,2.1504265516299292,-0.8313115342601916,1838.4147433896455,1927.2849982040407,1021.2067958384678,0.0,0.0,338.04544682490973,-23.293747246806113,63.752534931597,47.58944030617239,8.135618283150025,81.45386458591771,87.9898823097844,82.0611060963239,70.16354094121799,69.68766909878208,102.80461348717569,83.6896258069402,65.74731396410496,88.40947303206428,98.4888437870213,71.23326920821575
1152,2469.412788645232,1926.643853171752,0.37740769112667044,0.187458458608355,-0.28670313517074686,49,0.0,0.00804307205692308,1.0828578892114695,-0.08642866238294078,2469.412788645232,1926.643853171752,891.1558672754568,0.0,0.0,337.7592047862588,-23.293558840653787,50.74819843517858,29.692201032631814,12.947504438310395,63.89990667105481,62.090111191005704,84.36639711864001,62.6722513233925,72.71815584651682,74.59847119415755,61.901759940362396,88.366464377553,85.0354698536309,74.84163393209235,67.27734192092997
1153,2871.544462347148,1926.7105485562204,0.4262720872485407,-0.16160616302005204,-0.2049251124217607,49,0.0,0.010083044820335747,1.0011860688341425,-0.0012869947931417873,2871.544462347148,1926.7105485562204,1201.0911049987683,0.0,0.0,337.5767938921268,-23.29296978357109,77.19018836373724,47.713902564100486,28.475196555781757,61.709615057582866,74.68129748076834,82.37230200940682,111.88212999142289,102.00603858540855,109.25386319778345,95.44721391877519,105.43228494022739,99.78749150163239,103.42987256211967,101.70970827002131
1154,509.6727061074034,1930.2661550095029,0.5937973949404916,-0.44097769829348354,-0.010063539519090465,49,0.0,0.5083946994562076,73.58136878963549,-4.666919656218621,509.6727061074034,1930.2661550095029,9996.504119206887,0.0,0.0,338.6482031952774,-23.291765958771755,547.1760966599209,358.479646404219,183.4210815740213,724.3828048300995,771.9568300859429,863.2254464367882,800.6795774659365,834.6219710624691,822.891956083336,834.2538870787869,793.8516161559022,821.7252517974489,907.1316147330706,732.7063388389474
1155,2580.0956116518664,1929.6866920735636,0.7858938246478204,-0.884451421687293,-0.09926425554638316,49,0.0,0.013442785941875014,1.3597261072393017,-0.3336285906056946,2580.0956116518664,1929.6866920735636,859.2598612779534,0.0,0.0,337.7090012355218,-23.292157588758112,46.812469299417785,34.29662283909725,18.14627784554674,55.66155288759423,76.94754008478574,78.86700793342818,85.0757377395562,64.49400121846406,73.9677072756181,74.42038650357787,65.00073398338088,58.867321603786195,72.8577137063653,53.844788357334906
1156,2937.1922875381374,1929.655442980377,0.38013206295184426,-0.39032524246643846,0.045949165969844954,49,0.0,0.015415634955291723,1.5195629809726277,-0.45429676222785625,2937.1922875381374,1929.655442980377,1443.904452010067,0.0,0.0,337.5470220105971,-23.291631169122294,68.35818020671985,56.60747858908579,23.249667869050473,91.95671462279685,111.37906731816173,116.44328820113904,133.97722183794588,113.96607650264544,116.66416744525799,135.26698364432377,115.16098874124131,116.96005543991895,137.56182734548793,106.35273424629213
1157,818.2592021064295,1930.4654635421618,0.4457549325436062,-0.4667757560895096,-0.030932494441099134,49,0.0,0.0427109409263351,7.218914806126342,-2.146179791315612,818.2592021064295,1930.4654635421618,1557.4085276423912,0.0,0.0,338.50822419911043,-23.292059885750135,88.399626735364,47.891692974204474,28.534250769722632,105.70553762814154,111.06146925986089,133.75498932563477,121.58715059531366,138.21842197136567,115.0108560146601,132.92550468260652,155.22121383414554,124.77949798138843,136.00456181746569,118.31375405251742
1158,2604.3648369195043,1930.9956083304437,0.3193869616655182,-0.4812722820733809,-0.2260930209015053,49,0.0,0.010237824927036355,1.4706444591308738,-0.418769227534411,2604.3648369195043,1930.9956083304437,1119.1552217781805,0.0,0.0,337.6979943295094,-23.291580832562637,65.57624086210362,47.50212734377829,21.65932521067927,66.33648234896043,103.8932904728552,86.87150577424123,82.08295780751655,96.29025482211182,94.5002092422063,90.59625250057806,93.11928643220548,87.42371807679469,97.51359565713793,85.7899752270115
1159,639.3133531858243,1931.6888911534977,0.4540735011036349,0.09785251598919173,0.09967383850886684,49,0.0,0.012859054712749863,1.7807491976794345,-0.6265068933607326,639.3133531858243,1931.6888911534977,993.8749774025306,0.0,0.0,338.5893952132651,-23.291346669773972,46.55262679963549,55.594058984162814,22.06389285005968,66.66796438349357,86.13621819424124,79.63140047061412,71.8968657339316,96.78895207762801,82.54903966466541,66.8996718762467,63.502778209021784,96.79205275204214,81.40995379558878,77.38950161119926
1160,1073.8144575407862,1932.0196223827752,0.534973586455024,0.041560863889746155,-0.05523942687110971,49,0.0,0.026032005214534488,3.7087523956077812,-1.4230695996259661,1073.8144575407862,1932.0196223827752,1158.9221072388423,0.0,0.0,338.39229669780485,-23.291630497143448,48.251435232978366,50.75948663797523,21.3375660041146,91.18244296907922,80.99608118126994,98.65524176700629,101.59780884676789,108.53609391575873,81.06131820098068,104.14248495771704,105.35994552674359,99.1611231366457,88.78850259205994,79.0925762697452
1161,2250.6947543650367,1931.6043550503716,0.6764385613149445,0.7981533395764823,0.5475415125096305,49,0.0,0.012561984827903223,1.2074271681330764,-0.20465235905190576,2250.6947543650367,1931.6043550503716,1033.4754427558669,0.0,0.0,337.8584257072386,-23.29170872088636,50.927781097196835,41.54196379670948,17.41880910214534,72.7513898405258,86.76848179378067,91.53832908696643,67.07253292543186,82.83528327521637,94.52165458020707,95.06678681262363,88.24293551566035,72.56500400613068,86.23132103367695,85.99316988959546
1162,2677.3232263915042,1932.0686709900865,0.6486239073089138,-0.21788168855397724,0.06768325144616594,49,0.0,0.0298625302209137,3.658630180608906,-1.4082962815479305,2677.3232263915042,1932.0686709900865,1277.6110421550097,0.0,0.0,337.66490160903084,-23.291034739610666,63.796355974838306,34.53173042285687,19.71037245624256,101.81024217049503,95.76586962896391,110.72505482029291,102.99622251355898,93.68506022034772,109.71639923968756,109.67399347869183,106.97894266568495,104.84659325309596,118.05055142529409,105.32365388495906
1163,1381.5546372283281,1933.0607195001437,0.7960990748590885,-0.11529179997956569,0.23713025859496575,49,0.0,0.012101337520487889,1.1409743237782983,-0.14318967816457592,1381.5546372283281,1933.0607195001437,906.3178484363531,0.0,0.0,338.2526958100155,-23.291346366601836,48.49187461333352,42.826957429522295,19.95804681811924,61.62376877543048,75.27292338205123,72.74623503642798,61.53548705750781,90.50712683056909,75.19452847678642,70.07131328715812,82.47238645713968,55.51660954001156,70.75174707674546,79.34884365555013
1164,1528.1029428913002,1935.1206722920174,0.4439120430371877,0.11872891696916293,-0.616452056193443,49,0.0,0.011999068410652703,1.0712762989864053,-0.07475374162097162,1528.1029428913002,1935.1206722920174,1432.1315890722462,0.0,0.0,338.18621640768856,-23.29051590450279,77.74255047755591,60.597586401532936,27.753902974343607,92.0842762454176,109.72087871307762,117.0773071775029,124.02000622023058,128.91028015035053,140.18424936053032,104.90796220662097,126.65289994402715,108.63578867511406,114.33725185034265,99.50664867559928
1165,764.0381965715495,1937.4392081785147,0.7116567763858533,-0.3353700500966185,-0.11992803899807722,49,0.0,0.11662620598676508,10.279798912751318,-2.5299615483367033,764.0381965715495,1937.4392081785147,5012.772733618551,0.0,0.0,338.5328115478782,-23.289096997272456,257.0843047691732,180.23882496575095,63.77937007979891,383.861223824559,438.41926517836174,423.2013302875947,458.50366552137643,370.1083102240965,429.2420906541979,389.0447658893502,422.7906491608136,426.56109945154697,418.72719360980466,351.2106400021255
1166,2608.5949871123576,1937.5427940200814,0.27383488860872807,-0.7632266123506487,-0.1826769618247261,49,0.0,0.006276917601321945,1.0440456685261426,-0.046798739853143714,2608.5949871123576,1937.5427940200814,961.5711922972964,0.0,0.0,337.69608492425095,-23.288847391022692,60.48014134695027,36.53324631022669,16.419678426721855,54.723432994013606,85.03584897395302,67.88968136197545,64.56447013501631,87.08260127694787,83.45252670348279,78.75101244987262,84.43131095361396,81.88317512010391,89.41041756016529,70.91364868425278
1167,2884.4362689761374,1939.5498586868484,0.5046528442873911,0.10936193780279595,0.1751890509159864,49,0.0,0.024101287768404048,3.389163370878083,-1.3252312600698166,2884.4362689761374,1939.5498586868484,1258.050219302852,0.0,0.0,337.5709697523531,-23.287598896830342,78.55768704331265,51.85464981273462,26.431654122503396,96.49840366391703,89.79272780141989,94.40360493321626,100.5260316933041,94.37530922147381,117.56017557768995,92.65944357976414,119.52631393803301,97.57599791272153,103.07203685405945,95.21618314870203
1168,501.1195815000919,1939.7916499461096,0.36803133173161784,-0.45441725577514674,-0.4396991588288532,49,0.0,0.008096113952080472,1.0031806853465353,-0.003447904788746459,501.1195815000919,1939.7916499461096,1090.320971724711,0.0,0.0,338.6520679711941,-23.287784959333827,60.73816720542037,32.84497587566744,20.82389225287744,81.62891058252187,90.32688033244979,73.67990122761732,72.157809441466,81.09434026596176,95.25792247567898,86.32566631988149,87.64882295099147,96.13117351055462,113.89526606990884,97.76724321371358
1169,985.1280169470251,1939.685690165854,0.5650505078792627,-0.2512741813497426,0.1454842543410164,49,0.0,0.012203693158709264,1.5576836959708276,-0.4811981855867944,985.1280169470251,1939.685690165854,908.6571664409777,0.0,0.0,338.4325204482707,-23.288370300917663,67.55897595138673,39.143660126914035,18.47423163922116,75.62729916655317,69.01731959434683,77.35148730797766,64.32630841602217,63.84964397258477,56.46945996763954,71.36861938711438,66.09118304248875,84.19631550006224,76.66927744402582,78.51338492464055
1170,1186.9222805246018,1941.298375772993,0.7951494353909913,-0.42418160866764915,0.3686213424407243,49,0.0,0.01785889486072782,1.7878082837972953,-0.63080236311697,1186.9222805246018,1941.298375772993,1042.1011478383587,0.0,0.0,338.34098221640653,-23.287833756793887,53.00868311439396,40.74808106449329,14.429463431060887,72.71249225582505,82.79822784074024,93.96216061308864,76.07758994291665,91.58026080612882,75.46656958048736,82.92497114172747,82.9520021764896,86.24979080919618,93.02863380276438,96.16222125904608
1171,1615.0674551952397,1942.341048335179,0.7054834496370851,-0.6134456894750466,0.6034313299500005,49,0.0,0.013762675429380138,1.2257324782188503,-0.22098923436466944,1615.0674551952397,1942.341048335179,1053.2483180423014,0.0,0.0,338.14676676303964,-23.287510712597005,56.070714749657284,36.02038344074482,25.507770866391283,59.87496647690753,79.3852597983214,92.95316610871876,63.047594828643355,85.12837549663553,93.34279673225058,94.40809497079852,97.66180671743643,83.67334534490692,94.91988589677052,91.25415661411856
1172,652.0675779078667,1943.2728028244092,0.37450495791282523,0.2940339069429575,-0.20806132277958267,49,0.0,0.012795344052535304,1.8650008643220843,-0.6766975935390109,652.0675779078667,1943.2728028244092,1100.9740041739224,0.0,0.0,338.58359408089797,-23.286536089378977,75.53440935955025,47.04721229237965,16.759693450333224,61.79243373780212,81.34769120499467,86.262109326244,108.32985149969056,70.70038516137964,90.52534580870449,105.93008724072732,87.5844499207114,100.15608545392803,93.95241611890965,75.05183359856741
1173,169.5486858096844,1945.9412554606677,0.6023912312162253,-0.7070323773395366,-0.24457403298933453,49,0.0,0.1061471343056322,12.722030735132591,-2.761391101132718,169.5486858096844,1945.9412554606677,3793.2132994910307,0.0,3003.4923434187085,338.8024488551933,-23.284675762220044,269.8156281580307,102.38582657788257,26.37204979063017,301.7812740378254,308.9188824591375,276.7686776855976,323.2004720732383,357.1102248216654,310.078953652472,298.99784573300394,302.08421897497476,271.66238016106604,329.99778760276,314.0390777627466
1174,791.3676769670385,1946.2516470105807,0.6864156547997251,-0.4691499184734132,0.04086763474253,49,0.0,0.010110770694230449,1.006720264900839,-0.007272027210475028,791.3676769670385,1946.2516470105807,946.1615844048823,0.0,0.0,338.52040448290717,-23.28545457344253,58.29222716737013,32.32447423690114,17.272626176052533,71.2950744308043,80.49295148256948,65.89494414273211,74.73331415498059,54.51578640240237,82.42488848859115,90.4045819771121,73.99817081773222,100.19063786289108,70.507296750287,73.81461031445605
1175,218.28586781367375,1947.1355444867165,0.7698176325733561,-0.7424401227400417,0.028388758987660922,49,0.0,0.015293659611063196,1.369402399074122,-0.3413277109454914,218.28586781367375,1947.1355444867165,1089.7091123800858,0.0,923.5835731456981,338.7803412963615,-23.28426755804135,60.46229177395644,36.84573541749058,21.013438592636376,65.38860754042008,91.17079993973799,80.39461152254907,78.19927700736814,110.19144070147516,109.30270774331694,93.59221116981205,88.96534796265072,73.40406294300367,98.90111892417272,81.87746114149579
1176,437.6313240163245,1951.6467252086743,0.5846634404666526,-0.3136694014677804,-0.04808219100335851,49,0.0,0.2761900868211089,38.76478675385163,-3.971093498115792,437.6313240163245,1951.6467252086743,6283.96480169749,0.0,0.0,338.6808457944638,-23.28275193426953,327.17404571051406,250.99232275484175,127.53612112310023,436.4432497301286,480.27975677104735,493.52947014121196,508.19807140513126,529.809497043469,526.4500283852044,502.77498930719173,493.61629819642576,564.0647065106215,534.5076562295285,508.5885883890733
1177,1822.3618745619758,1954.9742447741585,0.7489016186302769,-0.04907818432714532,0.3864079401861931,49,0.0,0.015254116827173118,1.547595621030557,-0.4741437305033555,1822.3618745619758,1954.9742447741585,989.9877974282246,0.0,0.0,338.05273783205496,-23.282214963696145,58.810234877038845,42.32022488268663,20.717578587911085,59.23549780746957,75.78935493922775,103.62612832664514,74.21975318494961,63.26258168054099,78.45234303695155,64.58831322331287,99.74835105628328,87.03871312264693,85.59484419134131,76.58387851121901
1178,3006.885415091656,1953.4622366688648,0.5594509147162056,-0.24607296214483623,0.10698903043409566,49,0.0,0.020070190169462824,2.589543336380848,-1.0330579584886468,3006.885415091656,1953.4622366688648,1154.5558976702305,0.0,535.2349286472454,337.5154580393176,-23.281587675314242,59.88191346575551,44.790629387940214,17.83363255020843,88.80300464767576,72.7473292533703,94.77337231403453,98.05802706889881,95.03374050674738,91.58226707001171,107.6551489371345,78.48900717869873,91.47201071196434,121.7411537062884,91.69466087150207
1179,464.2667155492942,1954.7053168189118,0.6775472224923909,-0.17462072596748637,-0.046065382752232084,49,0.0,0.028821151282360763,2.94076852286522,-1.171152102921274,464.2667155492942,1954.7053168189118,1394.5030479787329,0.0,0.0,338.6687598224124,-23.28151750127988,65.45352697167053,50.667776788913585,34.050836067225276,106.45352650699587,117.67253878739115,102.9257915776445,115.05385592804492,100.93227326096027,113.52109268358294,115.01126076439732,116.57641681843944,121.36843345123916,113.33417045200459,121.48154792022316
1180,2378.7738488089367,1955.630401419356,0.8420420445871979,0.4211887859188901,-0.1968320728788257,49,0.0,0.010685266639786856,1.024722043334331,-0.02651519660954466,2378.7738488089367,1955.630401419356,894.8021616361463,0.0,0.0,337.80035298095544,-23.28157879694021,50.48527459051721,35.691700520572155,16.17331078566189,54.90594205038181,72.76913241968069,66.55039444144055,79.86965977915095,70.11015982306765,62.81696680748423,84.98039197294615,72.56745312860144,67.90873704664628,79.90514563546807,80.06789263452714
1181,2731.5994669694255,1955.4565953330768,0.6873762384178036,-0.38130013800644014,0.04024474451127,49,0.0,0.02030277920710161,2.3853804920885344,-0.9438941580573046,2731.5994669694255,1955.4565953330768,1048.8293129835363,0.0,0.0,337.64031964257055,-23.281212070832957,52.48460136698743,47.86236585523747,8.108372037845072,78.62067150444987,73.8583352464517,88.2370529141677,79.28378805638701,83.64957459444413,99.21675626777838,80.22845313535979,94.26919865342123,103.96641925362306,75.5759295660769,83.46779453130645
1182,885.9022341130623,1956.309148300287,0.7144653212510976,-0.2728878334519146,-0.00808573543687024,49,0.0,0.19414024807756647,25.269119306145473,-3.506475264757602,885.9022341130623,1956.309148300287,3538.787467465663,0.0,0.0,338.47751347970717,-23.281357960065904,195.58491969769744,134.89526828973175,67.55772172788949,252.90986762541274,299.91448538437703,263.8971989045067,325.55063675994734,276.68183503717466,302.1689734753735,304.26991970767654,283.611014612887,301.72151508633897,284.22112833508874,245.80298282156159
1183,2837.4734954193623,1959.2350534105753,0.6555434679426928,-0.602035405767188,-0.12381910558499055,49,0.0,0.013209643249573954,1.3475902398237134,-0.3238946421520963,2837.4734954193623,1959.2350534105753,1029.0469595881784,0.0,0.0,337.59230587145794,-23.279474372810938,64.50647472069775,33.33508843277397,19.28729492493975,89.18166272610883,77.92798045136925,72.76909351080015,84.09852876787427,93.47890750987173,79.6869218714391,84.32675418572286,87.59418747023503,74.45783251259759,85.68532855198633,82.71090395176182
1184,1714.589968709797,1960.4679696244987,0.23974961480411314,0.8887624738676765,-0.009919451339613994,49,0.0,0.0281286372483373,3.8226827359286837,-1.4559206379634049,1714.589968709797,1960.4679696244987,2607.4045994922226,0.0,0.0,338.1016242593327,-23.279949531513658,139.2690839992068,90.69372377834216,51.63327586509364,172.55171079236888,204.36583487417536,220.6726417986901,224.9394294743229,246.52856524028658,203.56215601490163,219.99224778126288,215.09781352067859,218.7480810461962,196.84001621210402,202.5100190945928
1185,2617.0513998668926,1960.5738509260743,0.367550097411459,-0.5163814424352197,0.04983801814210181,49,0.0,0.01640151828334354,2.877127199861709,-1.147397656965016,2617.0513998668926,1960.5738509260743,995.2058018992683,18.129410926989834,0.0,337.69228253893795,-23.279240325708066,75.60186081323954,37.94486564911299,24.61580979246122,73.43494105699075,73.16311281545845,60.48845563198297,79.65219486881172,74.47479748950235,93.90370407641566,95.85601764226502,69.55213952576071,80.32195884399593,77.66665115147899,78.52929254179196
1186,1096.309706947526,1961.593546385248,0.7494723681146668,-0.70313663048792,-0.13944976597943198,49,0.0,0.010198657678770155,1.0110732552591435,-0.011956556638893221,1096.309706947526,1961.593546385248,866.0977822709256,0.0,0.0,338.3820709333638,-23.2793233298786,61.318032892438445,34.08751400668319,14.50840338540172,58.83222331010796,68.15188945679517,60.34684337655023,84.28456099439776,66.49414227959582,70.31148214693886,72.18425698896904,69.2316524374784,74.34496090157128,63.84986132439555,68.15195876960217
1187,1727.1531713684833,1963.7821622469153,0.7458267870465443,-0.5172269181565181,-0.31975759032307166,49,0.0,0.02085342705262981,2.4527439793011987,-0.9741305458323766,1727.1531713684833,1963.7821622469153,1070.2941346894693,0.0,0.0,338.0959262604364,-23.27856665665211,60.23489605446745,35.291919692668955,20.601267418876056,69.91116180952504,78.14616524011672,73.03079429363837,77.67686321959059,134.1140742614949,84.65548799280661,99.72744252653706,92.57428683784022,84.2372442376728,75.89025431053695,84.20227679369759
1188,2596.4957358580814,1964.3260226205914,0.6400262769294172,-0.09247427461461524,0.242821807070721,49,0.0,0.012579861771482037,1.4096313679286505,-0.37276388836578167,2596.4957358580814,1964.3260226205914,870.3620471419563,40.58104428698075,0.0,337.70161122224386,-23.277703944453553,45.81160282169141,22.464942570002897,15.410604182326546,58.586186073779885,74.2635897739099,69.93315103616665,78.98663012124908,64.17715520023656,64.21264878210026,79.62258146433525,86.01278132804833,74.14154163674573,74.80722357000974,61.93140858135403
1189,2006.3233746215196,1964.8502944944817,0.3914216186374099,0.04216160755185339,0.08807119768893149,49,0.0,0.007808257501370411,1.0253553415868089,-0.027185995544311448,2006.3233746215196,1964.8502944944817,893.8918470580236,0.0,0.0,337.9692986614381,-23.278024715929067,37.182673080646055,38.85697891242233,8.88392385152579,64.73889439199823,83.82035225335535,68.46365205858226,59.86383051626429,82.2417887752664,85.34216943772141,87.1554020902832,67.10493111408098,64.3580626045848,72.1295486593448,73.74963931194767
1190,2025.079253705533,1966.9126180975456,0.6338158621404592,-0.10344830133304317,-0.23130046920044325,49,0.0,0.013056389003708941,1.4227990568989692,-0.38285892160536245,2025.079253705533,1966.9126180975456,992.2716076910968,0.0,0.0,337.96079255168826,-23.27715527391274,68.96150921172404,28.478781439935304,15.769289912118328,69.42841882324932,73.31544520922398,70.28906789958623,115.54198160194795,72.49377321311339,87.09872759020773,77.38743362770035,65.48548029409295,76.91564893951548,98.00866728300392,73.09738264567792
1191,2128.1902215886585,1970.090982303045,0.6078247106520716,-0.2996748091407702,-0.055153136997349694,49,0.0,0.1402746352556852,20.577400274469195,-3.2834762640433537,2128.1902215886585,1970.090982303045,2944.240469633244,0.0,0.0,337.9140259631875,-23.27576698150193,152.2250336443168,103.44805280392217,67.30063574471248,217.13039589915618,255.0738029102998,261.2703141984887,241.42860203239067,268.67431117567406,228.99952823335818,202.83262411125952,226.76522907214536,242.96339315489638,232.65713714582313,243.47140950680114
1192,2856.616398416004,1971.7979374488789,0.5074913971329861,-0.24602689732540475,-0.07965598220165954,49,0.0,0.19674128303989158,29.67939647435133,-3.6811376634746966,2856.616398416004,1971.7979374488789,5156.557452645617,0.0,0.0,337.58364609158326,-23.274209027848553,245.71495011667218,202.36489892243787,86.3847555446022,346.66965097715,417.2299289031869,428.65204849540396,455.56095249492853,441.4053444291334,417.0977889060638,423.86109061309946,406.570277000983,449.86998067743536,429.56481239183586,405.61097317268445
1193,1281.270170631548,1973.011180520313,0.4145381316279777,-0.08202209866074892,0.3225032056438221,49,0.0,0.011101639569479151,1.4989687345217904,-0.4394814360795565,1281.270170631548,1973.011180520313,999.0030428496966,0.0,0.0,338.2981698278447,-23.27466530420424,40.33587457169834,36.458343774444586,19.883730822395012,78.8663310027836,81.14332704286088,83.22142433055147,78.9608694088572,75.39015374582095,77.440533380599,97.3946073578316,82.5758923950858,90.40497521793273,82.72898750173697,74.19799229709847
1194,1300.7968608077304,1974.2067592639196,0.639098368820042,-0.40616973854356236,-0.38121053148507406,49,0.0,0.01214648868631821,1.2744980505292427,-0.26334793877363155,1300.7968608077304,1974.2067592639196,940.538177364069,0.0,0.0,338.28931251397637,-23.274175027465784,51.77335567461812,36.928306265705075,13.598018047946912,73.15107135966767,85.49150058618098,58.95970582075857,76.22178941338305,66.93644486922264,66.05826662132131,83.58657152909899,81.46949078929593,84.00979799794771,71.04800443077644,91.3058539581456
1195,2990.4446636282137,1975.3830283038249,0.5453450535848633,-0.45979574340962437,-0.1379466490197233,49,0.0,0.01608238649433744,1.8416359797831556,-0.6630094777970508,2990.4446636282137,1975.3830283038249,1156.9542619519375,0.0,339.0754771587435,337.52295822864073,-23.272484597269965,61.577509443106536,47.01981724676993,21.677162735649656,75.29841715195882,80.83178879929088,88.87666336246666,122.12774412999099,101.23020683450413,98.38577298748942,95.9472103815688,90.5593434993879,99.24949781656034,93.39429857911013,80.77882898408319
1196,1004.6638643241583,1975.534809532434,0.9208194319504716,-0.18177971124139394,0.21324309046480563,49,0.0,0.01505807818475229,1.2985470175181613,-0.2836441977338933,1004.6638643241583,1975.534809532434,1017.5383468205126,0.0,0.0,338.4236282138884,-23.27344886513182,62.33289612853159,41.89593207043204,20.118529223024225,60.61438756498491,72.89513899711932,72.14572269320898,89.12225750652362,86.93901269715359,99.0707007754507,79.04082228944722,87.43490489381941,83.15330218232933,75.8807580876941,86.89398171079358
1197,2517.800587614134,1978.860663778305,0.523874031176614,-0.15264828444258863,0.21179066852251655,49,0.0,0.020761612156979803,2.6820487657083634,-1.0711666751065387,2517.800587614134,1978.860663778305,1199.955644548323,0.0,0.0,337.73732348550806,-23.27174617975755,62.79106489132306,42.63730907472518,22.45043106143025,87.47237174489462,104.86822061101006,100.69797257482911,81.18298364354153,94.47499605379826,103.65789725860739,90.14069421626084,106.86124479981706,113.4855172495337,94.31723854619511,94.91770282235697
1198,2977.1571715550353,1979.7602239432822,0.4535273020498998,-0.6210835758251853,-0.1588932329432744,49,0.0,0.03156626504887756,5.000951992104904,-1.7476317136217174,2977.1571715550353,1979.7602239432822,1390.2893570980737,0.0,67.156717984142,337.528992962639,-23.270684839655104,70.55498553466907,49.105945559480624,21.749171608223126,94.81329009257624,113.0216173575748,113.80589638767489,108.27842500743184,112.0595122167704,122.352792944991,116.10840419537499,118.66226385161488,122.69144109540025,128.6109453689786,98.47466587731299
1199,247.07334853035903,1984.0367108468567,0.7799342254373112,-0.3630372690061691,-0.07331965524231425,49,0.0,0.01741727366639074,1.6189533266656555,-0.5230858212908774,247.07334853035903,1984.0367108468567,1195.6144561039805,0.0,1003.2844874987734,338.7672131260614,-23.268944404812792,55.15480213475863,46.645944584093726,28.25500900576928,91.67435821285534,119.37451735536222,89.31288177824013,93.57629159067932,94.99655475020799,108.98495640694188,102.18493698927188,101.44266683149226,97.06486733305513,76.68618287692992,90.26048625432259
1200,1522.6666015887893,1985.6620605228143,0.5024819101646891,-0.09948756908211935,-0.116167310483121,49,0.0,0.028445476410996116,4.151125486759782,-1.545414655286571,1522.6666015887893,1985.6620605228143,1287.567283150885,0.0,0.0,338.1886768827621,-23.269456608592556,81.42390504609968,46.88088685741286,23.70778380175804,105.67189630565407,116.73513560628814,109.06010080430696,129.78852885994277,87.85103905683184,105.73024926099473,81.27335573602755,95.23894659626005,104.50153226744035,108.22912725735104,91.47479569451716
1201,2541.8242875063224,1989.7859410117367,0.50872557453464,-0.48215673303357964,0.07568439816511856,49,0.0,0.04061880988050242,6.1719516380698085,-1.9760562859430617,2541.8242875063224,1989.7859410117367,1903.1246810665807,0.0,0.0,337.72644236227995,-23.26716505018413,120.23390482913825,65.3677848417136,35.12257597395717,144.72122613852312,150.90179208258544,150.00597011128616,182.71761779238363,147.29255813146094,145.96723830062686,181.13178171315093,145.99734524378468,143.34458350053598,141.3058716459587,149.0144307614754
1202,2323.996021530349,1991.1417472824346,0.9166771288323944,-0.03752996891150782,-0.22667078072234842,49,0.0,0.025604081363686932,2.530731356051847,-1.0081151151906684,2323.996021530349,1991.1417472824346,1003.9918790854549,0.0,0.0,337.8252360998344,-23.266836380943193,51.11094213269014,28.189312635066916,19.146578561508118,65.43746245174844,71.96503738090261,82.28072749049778,100.65968241962543,84.83255126556091,71.07586821961193,90.20118824267925,79.58881346463178,98.93843505756372,89.09211614962587,71.473163613742
1203,2011.3173229108609,1992.7887901015467,0.7062658204171416,-0.14717059264844526,-0.21815020864053275,49,0.0,0.016422378966237723,1.7177432304782925,-0.5873956142203787,2011.3173229108609,1992.7887901015467,1022.0206767111848,0.0,0.0,337.96704987389637,-23.266381167792776,59.6277443637318,35.639298377732736,20.210505104530768,73.53099927045778,81.84029081964272,76.22511078155244,74.83623320337999,88.70798219388772,84.73999218651505,85.04510918527636,89.59904269180504,86.23396577743428,73.04946406419212,92.73493869104594
1204,2539.322716071008,1993.8584852473189,0.4602220868140277,-0.7519696567750143,-0.07498263147853947,49,0.0,0.029330225904055474,4.72023976487311,-1.6849101480241457,2539.322716071008,1993.8584852473189,1918.3259626255858,0.0,0.0,337.7275823524907,-23.265471281267253,131.58906007864238,76.56316364998415,40.92239331613496,138.83439181615847,158.49898537369674,152.5556701953226,174.38820646961364,149.90599468745995,144.44061710313036,178.7449443944371,150.3979556373248,141.49594385285008,132.95599082583055,147.03264522500012
1205,325.00168554680016,1994.9511515681645,0.531198500040246,-0.8278592268032877,-0.06223427360650878,49,0.0,6.350409874830739,889.8655934413233,-7.373311037862732,325.00168554680016,1994.9511515681645,180728.3623467212,0.0,1467.2165502208554,338.7318518151883,-23.264530449842958,9760.746476281573,6791.4531184838925,3442.481717513365,13171.079642471661,14747.239139902413,14653.955944447516,15168.087310278095,15022.740390067302,14907.50003382525,14880.249536689054,15078.739041691038,14879.17637630515,14854.248725764553,13370.66489300035
1206,1944.7746884582255,1997.6854096971747,0.36755637387306056,-0.19764901774996452,-0.13989716828504342,49,0.0,0.013964191456226339,2.132959851938302,-0.8224567023299121,1944.7746884582255,1997.6854096971747,1051.8791093788147,0.0,0.0,337.99723233264496,-23.264373665017306,61.825181040265846,47.53994800709155,12.163790993600282,77.11836372449157,85.59898522140534,82.11611861943209,90.71097593622619,76.14338327222555,85.2680555678457,92.95226230092322,99.35548812747987,89.14341686463487,67.82958824546033,84.11355145773226
1207,2167.127277033023,1999.679112793985,0.7323220874087976,-0.3901482179449764,-0.1827228734247119,49,0.0,0.01943030793525163,2.1171320906330373,-0.8143698876600379,2167.127277033023,1999.679112793985,1044.3899908389808,0.0,0.0,337.89638911850443,-23.263411045598843,59.486976181513604,34.12695272620406,18.687697785687476,75.57638142583157,101.85060319816508,83.50093866499003,82.39055647201612,75.44666095198376,93.03368937317245,72.79623505600367,96.16139553341218,91.40153653449329,88.88926295250364,71.04110398300392
1208,2978.3371103908166,2000.290483479229,0.6773561692575192,-0.20575934020508369,0.03766622554608055,49,0.0,0.0138316704554334,1.2712243464286546,-0.2605555046659571,2978.3371103908166,2000.290483479229,1063.8946424760352,0.0,180.24383308180882,337.5284982230849,-23.26212902588084,55.272028785724984,52.851800302624035,21.29385612537504,62.70767571355218,89.37749584610563,75.77997724950868,86.0392120225525,88.953403927506,82.0146283348254,72.62565556581566,103.9487813651172,99.3843802622022,87.25585787500158,86.38988910012424
1209,1964.7108858841252,2001.4124525881846,0.31259896560772266,0.8156298497661872,-0.28142920191905557,49,0.0,0.021635821276699652,2.9129843233878616,-1.1608453685512603,1964.7108858841252,2001.4124525881846,1815.4470080859815,0.0,0.0,337.9881924453015,-23.262811549967967,96.7933365719569,67.68625191573537,38.46855053111534,136.08613287556108,174.21068365548956,152.5498539049882,147.1160611398533,123.90061175606678,142.18721897802612,144.85077177903995,155.84062873960585,163.29688469396038,157.70487172403438,114.75514982054821
1210,2625.0747627007277,2000.623595423804,0.3519496725730069,-0.031283317036583706,-0.05460828340630739,49,0.0,0.016525305695685496,2.5496439668195165,-1.0161988490839289,2625.0747627007277,2000.623595423804,1093.7536575232093,0.0,0.0,337.68870200207556,-23.262542935585483,72.93482846057763,42.950414009029345,21.191251593842246,94.62365843613443,107.82170921768028,93.72752622206559,77.0613220878039,99.66049593209243,73.96299785031505,90.91434711976447,78.24044835693925,93.75038450943228,83.9188101339896,62.99546359354291
1211,1189.6316552310168,2001.7256178569169,0.8247332782112198,0.0058516170214411405,-0.018772956381682564,49,0.0,0.026901761562322667,2.875559329906483,-1.1468058314907503,1189.6316552310168,2001.7256178569169,1105.0518154200233,0.0,0.0,338.3397177491445,-23.262657512987065,51.92611440920898,37.14045212212172,31.941921278759473,64.42763941740084,95.5873648017742,90.99740553207158,104.82688136891555,72.75702948501808,97.83604620969257,87.00253352074668,86.1596674819601,95.35584431923036,123.19473307990211,65.898182393221
1212,2255.388675910607,2002.723510085308,0.3780614889681063,-0.005209387147039282,0.06239611318172619,49,0.0,0.007560589932212828,1.0231458959709157,-0.024843916385317084,2255.388675910607,2002.723510085308,873.1115538133088,0.0,0.0,337.85636293101646,-23.26207235461494,60.81132967154571,30.415895835896826,18.770910069023508,56.23882237030624,71.96585572452082,72.31852731308781,84.32994230765432,68.80654605109612,71.38722057370654,70.86666117617222,71.12432848562,74.10613147014755,60.930479230621444,61.03890353390979
1213,831.3267409453014,2005.3703909607448,0.6353281242826373,0.11821800350028934,0.09648742124563962,49,0.0,0.010199390851704248,1.2466105989176448,-0.2393270375624973,831.3267409453014,2005.3703909607448,854.7800620476868,0.0,0.0,338.5022142352845,-23.26086352493496,50.18534670733744,34.502000248239405,12.056876134589283,63.54802799516318,75.72940518993676,66.42039895499914,81.07977981334389,61.77745725841106,69.75220640650511,76.37035380156289,57.33614401580415,49.041445518484466,90.09866021085469,66.88195979245535
1214,2901.1630727006163,2005.7707786747337,0.4624215431171089,-0.3719943474698444,-0.46291469649988526,49,0.0,0.020056256119375875,2.6745429065334574,-1.068123923712987,2901.1630727006163,2005.7707786747337,1224.800071244064,0.0,0.0,337.56350581761313,-23.25998032626231,71.91567100369751,51.61211479884893,32.3293944771925,75.0196745854855,104.61888465717823,90.08025648597975,113.73384903887518,99.52349448361443,105.33121231014363,96.48335168791247,98.06594776770568,89.3311126431773,96.11670141164245,100.63840589261025
1215,1291.3120731938773,2007.9645163815537,0.6079560031876989,-0.5925067164354854,-0.1774411953434482,49,0.0,0.01956257347151593,2.132264145987173,-0.8221025107816733,1291.3120731938773,2007.9645163815537,1163.8844945647763,16.053329418630888,0.0,338.2935996528278,-23.2601056876148,59.1609724639782,47.97547057911386,19.399366318839405,79.41272203416912,88.97966181913748,85.93984835019485,99.69098981924179,81.87289872723494,87.56432990648857,107.33760159178985,106.54795464789784,110.70529732760644,84.66531727422714,104.63206370485676
1216,2829.569529710586,2007.5225297519721,0.7906209165274781,-0.027506677952022777,0.11163789396185285,49,0.0,0.026481164357200982,2.4591254522910666,-0.9769517120948585,2829.569529710586,2007.5225297519721,1338.6633296202326,0.0,0.0,337.595975463717,-23.25936840553463,58.735157606558914,66.72887729104418,28.41761458887068,99.69070012923923,105.80264612757355,109.14765112002847,129.6413245268995,101.86550853230715,116.75299693439084,100.26904987570012,101.12567842026841,95.35170511475256,122.76268608961013,102.3717332629887
1217,427.9201354309257,2009.947001753694,0.5899637437165421,-0.5860870166188826,0.2205482034775641,49,0.0,0.01989620703919266,2.2871402509209227,-0.8982319925547454,427.9201354309257,2009.947001753694,1187.2372791155544,0.0,0.0,338.68515289395464,-23.25844660226777,66.34834357244898,42.25732707188248,22.364881042863633,90.95258482082718,95.96537411446226,102.77091571835544,113.66913955929806,88.02939502454143,85.23457761772906,80.6990584586032,96.62310853424603,99.89600852085574,105.45196156044138,96.97460349899974
1218,790.9094247350879,2013.2659026631418,0.49577779434925884,-0.00994048687777811,-0.7131714184915505,49,0.0,0.010221341429845734,1.20341362320221,-0.20103730899773642,790.9094247350879,2013.2659026631418,930.9886503552705,0.0,0.0,338.52053488905904,-23.25753227080807,66.16049969365184,30.678562104253366,10.473954408495368,72.85012004895779,74.77384079974927,78.80048756857747,66.78578518753994,65.77289919939768,69.0488271896248,69.16035475599237,88.03947502000844,74.3325480333382,88.30751005967583,75.80378628600809
1219,1906.6993975812704,2013.1903640150665,0.6722229784490762,-0.2977200685238249,-0.09369630908410125,49,0.0,0.1308082206550315,17.61612634604748,-3.1147760411937453,1906.6993975812704,2013.1903640150665,2712.1026262172218,0.0,0.0,338.0145077259598,-23.25792947453802,129.17807722735247,93.51792154638221,47.809971132509865,205.06302488890415,235.76328321378722,212.68165697889043,225.35862014315808,226.78438165765078,206.5275655553399,208.73572816465236,244.35137890948224,243.82921540937903,215.59738066815427,216.9044207215786
1220,1652.6351542972668,2015.0207500760166,0.3140274978904989,0.0016232652238479701,-0.16134242497439225,49,0.0,0.007244762932661529,1.0851530996730818,-0.08872753820920261,1652.6351542972668,2015.0207500760166,911.9630510014514,0.0,0.0,338.12973068872833,-23.257226101841553,47.122024198514396,31.8214937173566,14.285202718399724,60.86636787853453,74.25409165898986,81.28798812073822,86.94050777201092,82.49861878014723,71.42125468332728,82.17093645478377,62.610144974157976,68.13713651642323,79.63045738802589,68.91682614004174
1221,2493.5569692423774,2015.0281462111932,0.5980897867043682,-0.3502090635621009,-0.08626196499147058,49,0.0,0.8000236730165396,118.47568360218551,-5.18407305812158,2493.5569692423774,2015.0281462111932,14225.916585863684,0.0,0.0,337.7483651704075,-23.256705494897528,753.9143576264648,563.3325362843979,262.3965772147806,1024.6277580190472,1166.5988975963467,1194.875887305955,1150.9047295816197,1204.316813130539,1202.522782925879,1156.0427129135037,1167.2146208565784,1131.7583120456322,1186.2750778064851,1061.135522556457
1222,2795.6624120069455,2016.647177461581,0.5881491945354266,0.1074153311846241,0.4436990414691431,49,0.0,0.008623222906215238,1.0022755363096998,-0.0024678254071930235,2795.6624120069455,2016.647177461581,815.4171457886955,0.0,0.0,337.61136742780735,-23.255620197374228,36.19441716169703,39.095070774130704,11.912695325878103,55.79987576545672,64.3146269279611,53.49989469158497,66.18316505311789,72.3853859073907,74.7628439310187,73.0373305382403,76.1777900261563,75.23830919138548,52.04811711954052,64.76762337513699
1223,1768.0569587668895,2018.7489940775895,0.7507306570347759,-0.3235599774747008,-0.06467253160127322,49,0.0,0.06912873537711278,8.472180752304252,-2.3199880319633186,1768.0569587668895,2018.7489940775895,1714.5007993967101,0.0,0.0,338.0773858822316,-23.255656171494845,77.00418457129403,58.06987911071519,37.092840344024616,109.4093773945812,130.72929763344612,151.50919431225753,143.3535456344889,143.74667801239627,128.95837684143822,169.23073184476436,142.40085802893663,148.85433032824147,152.38352661666954,121.7579787234559
1224,2008.481627745256,2019.3095541639018,0.5169297333498553,-0.7405703798726229,0.005643383365838962,49,0.0,0.018065179454814905,2.5477647746397873,-1.0153983219215428,2008.481627745256,2019.3095541639018,1043.4258392535264,0.0,0.0,337.9683514311033,-23.255332515826595,65.95887201844891,33.59664704952515,22.12217479292888,74.50603185990968,90.08524361581657,97.52129206005607,77.3542308389771,81.3227336745962,75.40151065976956,84.08412022238365,99.83647089332204,69.90183578216062,90.44310367379275,81.29157211183926
1225,1626.7861100846887,2020.6972931337052,0.45806519267121487,0.14401757496438708,0.0710673567961112,49,0.0,0.010134139835867535,1.3037711231682074,-0.2880033943843173,1626.7861100846887,2020.6972931337052,977.3497133833275,0.0,0.0,338.14145387948145,-23.254862217330917,45.488221598143284,39.25329454451381,18.277630383570582,68.45410752427367,84.4514960561834,73.62190657831914,70.37744815387332,74.34584452650354,94.00865599627971,80.22253625815972,80.77467197491937,86.29880305993368,81.34559415992098,80.42950256873327
1226,462.3869543869067,2020.920023139606,0.5418554015698902,-0.13730074559130942,0.05157374086938742,49,0.0,0.01536487624464455,1.9169892227986582,-0.7065491782668444,462.3869543869067,2020.920023139606,1057.6959158668865,0.0,0.0,338.6695048415897,-23.253926594811393,43.03934051591504,51.71408441371069,25.579076043108913,71.0801701906986,70.53261500514654,95.53040486119889,89.88691091485893,74.1646499285585,89.93952542070036,84.6379142014452,86.7035869967853,97.62029952440434,108.10450690871218,69.16283094164288
1227,1323.3525156449598,2021.384449218492,0.9468874674500136,-0.4625131290356602,-0.1449183820276559,49,0.0,0.026128476428077762,2.5219874360389594,-1.00435729671821,1323.3525156449598,2021.384449218492,975.8426007121477,7.453466676553899,0.0,338.2790632167782,-23.25452634729087,60.159597666109576,51.6825390160566,18.155482686595903,58.296378485110694,86.72840872869784,50.055333991688954,80.59708962797184,84.22153533734073,80.09744016275218,92.30945367575588,79.71309679274236,78.82175843759269,78.44142627151759,76.56305983221483
1228,2032.6084050363252,2021.4147029681108,0.554749658749656,-0.4838914611769875,-0.17746825631142515,49,0.0,0.033556931819284784,4.891328031919295,-1.7235669732846932,2032.6084050363252,2021.4147029681108,1303.7135313824822,0.0,0.0,337.9574110963971,-23.254442187522226,68.04648956194961,54.14658484384745,31.28627780752451,89.65268187847899,108.07959660573658,88.771144811483,109.41420421855221,122.99900198686689,89.55567334087911,105.90560675132721,95.90857920393478,127.85272416855109,96.8504548044352,115.24451139891553
1229,782.2421121986474,2021.845958777221,0.5991108943111477,-0.4254923253610571,0.08920786313597227,49,0.0,0.03244421060607736,4.682213049824208,-1.676127927640048,782.2421121986474,2021.845958777221,1222.9683810948063,0.0,0.0,338.52445549986544,-23.253948168747627,64.84931050452835,35.110842319687734,31.748042383781275,93.66926265287225,103.60424131062388,84.03126980567203,106.02739878944686,99.57653072887102,103.75257820277801,87.917327438367,106.38515200632644,100.31667791600921,105.25381335997352,100.72593367586875
1230,617.1838648963551,2023.7869225554905,0.6337605318119247,-0.729623771796281,0.07472491792038236,49,0.0,0.010129298048939974,1.1018279113622025,-0.10528442417079398,617.1838648963551,2023.7869225554905,923.4252966049714,0.0,0.0,338.59930406023915,-23.252945881600674,43.82535825676299,35.88336574010212,7.650416165115306,68.94309249407969,84.17449672223964,70.17616939904592,73.98251803780195,95.04924359162496,84.22331081663984,59.55800895843234,80.97148789059283,67.56477652955346,80.62217631712365,70.80087568585685
1231,2095.6007565544664,2027.5114710726914,0.6629274284469192,-0.6478033944764484,-0.2856829382739444,49,0.0,0.010193951825933184,1.0011357012482272,-0.0012323722920001606,2095.6007565544664,2027.5114710726914,871.4406588659771,0.0,0.0,337.9288482675048,-23.251863885899322,54.96084283955255,29.801770061317676,13.327381812546392,64.12057827949505,53.178545758692586,90.491605121237,77.10937572684276,56.03733722634386,72.41064056001827,77.39564501345286,71.99572194256656,81.98792471971481,75.61428379786325,53.00900600633341
1232,1490.4341442192876,2028.0111696510537,0.7667385991299788,-0.015518983664195804,-0.07422443771475114,49,0.0,0.016575693477851216,1.628327642691011,-0.5293544889383185,1490.4341442192876,2028.0111696510537,1025.921512824551,0.0,0.0,338.2032895366339,-23.251807361493892,43.34459038701981,32.24285756725196,21.89396604882803,76.24177657363109,87.55175696858552,81.47971874724072,94.24346527243792,80.60561277418111,82.92008283447142,84.63713546667361,93.1000734254709,90.75294937260833,89.77268255799956,67.13484482815085
1233,238.73532176551987,2029.8951567386457,0.4540041574601849,-0.586070771777966,-0.5947147189652319,49,0.0,0.023680463924542483,1.6928991496769534,-0.5715777171220535,238.73532176551987,2029.8951567386457,3610.775858736603,0.0,3121.7590243809145,338.7709053623341,-23.249823250349184,64.15516109661357,36.690411996789564,15.089934829657981,80.72794628149045,112.31512241522621,245.15544503846965,311.7275356571747,332.5948561545995,416.9443734793878,407.8188415185775,432.9531049876808,446.47246868462025,413.9813441117649,294.14931248454934
1234,350.31977344365276,2029.1355636732023,0.49456554996315544,-0.6435661703666884,-0.03919365464830683,49,0.0,0.4311023076000185,63.994371654583944,-4.5153544479735945,350.31977344365276,2029.1355636732023,12181.802469374852,0.0,0.0,338.720309059182,-23.250329419508603,715.2955084418774,460.40918303756007,228.03549301974064,908.3390620706452,965.4021726469742,935.4762298260551,1065.739752811788,966.5305716700739,972.8600108907832,1037.444910461536,1036.027622336148,999.9932138847082,965.9833381009948,924.2654001759664
1235,2004.0241873410253,2029.7818099517906,0.7160223008973293,-0.8491555767531965,-0.12026641733522006,49,0.0,0.012883420997505637,1.3774839585034417,-0.34771637493659446,2004.0241873410253,2029.7818099517906,1429.3163237529966,0.0,0.0,337.97037893904,-23.250971494788992,85.43019893027615,52.721964472332004,21.08628851252034,86.2267604264701,117.17506481900152,125.00593267656578,131.88290018600642,120.48766593978145,100.92126098127989,129.64579849484846,99.2331770270451,119.68276460201797,130.4522317499158,109.36431493493586
1236,232.7463738510169,2031.488191111282,0.8475519996027419,-0.4971051388318011,-0.5573454480852323,49,0.0,0.033662894768451156,2.2925062892231174,-0.9007763394496383,232.7463738510169,2031.488191111282,2985.4901259148746,0.0,2578.053975646698,338.773617898105,-23.249148892298678,59.10196106934058,26.217123162396426,17.36768856805553,62.30214004835706,92.49028465157082,243.61123972108732,278.13565837765657,292.27815823110075,316.7815103935093,329.56435853079216,365.0089560679203,356.8740769452765,302.0806323536996,243.6763377941117
1237,447.6976842690334,2030.859677475624,0.5852045364125181,-0.5142588999154399,0.009519710071821098,49,0.0,0.04552813560585447,6.24416408063751,-1.9886857667171387,447.6976842690334,2030.859677475624,1569.4182165409643,0.0,0.0,338.6761496497515,-23.24976337771686,107.9801821576961,49.868754468457766,26.794619360759583,127.03805607828524,135.67131591584507,125.34415548491641,130.6122890767642,104.41568352915196,132.83651863156598,120.70155684413984,139.86719011383633,127.42444232459404,132.14957202173306,108.71388053321886
1238,1536.4061419522438,2034.9624551317488,0.6711840127978849,-0.39795144647429864,-0.3009216809287733,49,0.0,0.04211258425928878,5.420822550534434,-1.8351629774409912,1536.4061419522438,2034.9624551317488,1418.1500775820523,0.0,0.0,338.18244068441504,-23.248916233292164,66.5643717314776,49.613721385691065,18.567189255906996,87.3053646816603,114.00035643359911,102.78136620494962,135.18673745154882,123.64897871920357,112.82011100820343,135.4855768500051,123.5631655623473,113.67405188128632,129.41184234437708,105.52724407179602
1239,1109.4083698956426,2036.4381444549952,0.33106774744038286,-0.3871078850806579,0.06364135052430056,49,0.0,0.017652847255829846,3.2247363055204463,-1.2712355177851293,1109.4083698956426,2036.4381444549952,1143.8965109758922,0.0,0.0,338.3760770924327,-23.248147077175123,64.9020329077239,52.50985609793922,17.44794364863364,78.33618764459004,92.06446650080497,89.05262747774938,85.94718286866444,90.49160840458177,102.34771564826518,95.83133438580734,114.11610223506901,77.58691662296087,96.63505397511798,86.62748255798444
1240,1873.5771304433888,2038.4319940772245,0.5194553260084448,-0.3593410997197898,0.07207235108016752,49,0.0,0.038659438890334935,5.761648719225053,-1.9013669408516387,1873.5771304433888,2038.4319940772245,1474.7647912625907,0.0,0.0,338.0295390801818,-23.24742474759412,81.77345526509023,45.61506638216565,26.31951083705741,114.0512948831911,115.08652891179267,125.61565466651561,136.60550808757128,115.70923878831837,118.37245563883717,116.18747777334085,133.53720370769207,113.31359810625264,119.99137765567765,112.58642055908811
1241,2008.7978502885917,2037.5320030065018,0.6472314388532601,-0.042716727677052556,0.03407827691260033,49,0.0,0.114156773260828,16.01686914766016,-3.0114440688869153,2008.7978502885917,2037.5320030065018,2449.8861081221967,0.0,0.0,337.96821864125656,-23.24773977402685,122.67554036126931,97.39324579601382,42.52901744492183,177.12429931594107,203.71035127921624,195.78161450540887,199.15778031027327,218.65229013911636,196.70176722665636,194.18924565423072,181.25800369842239,233.2767817213578,198.71106717746437,188.72510349190424
1242,1752.6706880758463,2038.2193705044763,0.2910999714297254,-0.7066526844624201,-0.4425576095207968,49,0.0,0.008964299646337612,1.2625715626462886,-0.2531400083264296,1752.6706880758463,2038.2193705044763,1051.6357580456051,0.0,0.0,338.0843679519976,-23.247546802101105,56.97975113629222,47.050648465348004,20.750259527965397,61.34820549638218,72.44338962882136,78.79210929569443,95.64260487178285,76.1103064983359,92.93367749256393,87.0592439226672,84.30507588041235,81.69522326929143,110.94125293376922,85.58400962627863
1243,679.6505453863889,2044.936662187264,0.3416076163275755,0.15194515125861044,0.07428894792553994,49,0.0,0.016502717306993386,2.6933544580050244,-1.0757337808789886,679.6505453863889,2044.936662187264,1172.675760219494,0.0,0.0,338.5709489600381,-23.24421124325953,67.82847704240999,44.73262782387392,38.13734222100568,93.84042274837486,84.20357795362867,106.9315177619267,90.19344283762649,88.48140912687057,85.4372268065785,90.33682238047845,107.83948564109102,88.03380572862237,88.63971004880757,98.03989209819935
1244,1230.6172089429642,2048.217165384048,0.5465228735283365,-0.2992988384971635,-0.06320165870871654,49,0.0,0.056345355589695334,8.377956260270862,-2.307845221653897,1230.6172089429642,2048.217165384048,1756.9782579089995,0.0,0.0,338.32110496270377,-23.243307144098175,90.73863071318135,69.6513413274338,28.07991959269315,130.7950180810331,159.52127634016736,150.07907891601155,144.6475758846456,141.73384477619118,140.1803143766198,144.78183745379434,125.43959499384738,135.06520714115717,151.7393639024534,144.52525440977024
1245,732.2039457566974,2049.4921865446236,0.6644524468601957,-0.2011411930688808,0.16493925652064081,49,0.0,0.051527410463394825,6.521401067950895,-2.035852275645824,732.2039457566974,2049.4921865446236,1591.705601244018,0.0,0.0,338.5471128978894,-23.24237435548528,68.60743375335194,51.137025054406664,27.691169525146375,133.4214550664285,110.51363612201608,116.18417882165878,138.90238798548415,121.57097844705507,133.65527400444935,139.81419940764974,143.81362964875677,141.084356767864,134.12175344670888,131.18812319304158
1246,1096.7172933468435,2050.355048256458,0.35994336411912914,-0.4308021699459758,-0.1512584765429553,49,0.0,0.012110365230881283,2.074481678747899,-0.792274009031032,1096.7172933468435,2050.355048256458,932.5926824561443,0.0,0.0,338.3818222276494,-23.24234025608872,51.49132423862206,51.749324826535535,16.115248968087826,70.85472360097324,72.53928132882325,73.45996021794548,73.86223619679804,88.22979879881626,69.92544363005126,76.76297098419445,82.79715539343208,69.27579648068841,65.56774771544266,69.96167007573372
1247,912.7448478798972,2050.6579539234294,0.9548892647120878,0.34363324448512333,0.08689585663154892,49,0.0,0.013898376834849038,1.1012754467422727,-0.10473989152317913,912.7448478798972,2050.6579539234294,993.1303294736182,0.0,0.0,338.4652454001424,-23.242071419081878,52.08451019323662,38.869899145058355,21.96868264140871,57.434874983372396,83.26762833425798,90.53310573653258,56.21857318881362,73.76691202296253,88.26072453607155,82.03583148411423,82.20818169089526,94.19331130396355,97.24136819556765,75.04672601736323
1248,2857.5807243090517,2050.9915514885306,0.5019625616954916,-0.5646180380347858,-0.2592667634862214,49,0.0,0.012427175200170781,1.494196296363172,-0.4360191389918158,2857.5807243090517,2050.9915514885306,994.5542549157688,0.0,0.0,337.5833508264284,-23.24121204192513,56.462774417437906,48.97185763441399,26.866882790218483,89.94359329145098,70.15727062429033,80.83955076042012,68.3944318578213,75.6536205422559,87.3740702261419,77.1293781975436,79.20781809370071,62.00513392412342,93.81450714799465,77.73336540795547
1249,870.3738970743274,2054.9748778629005,0.5449669801454198,-0.44926811593626204,-0.15675005947616294,49,0.0,0.009293746540365529,1.0841344742721712,-0.08770788680712607,870.3738970743274,2054.9748778629005,894.0644365555027,0.0,0.0,338.4844540854069,-23.240233661822057,57.250338123493705,39.07174007559972,26.600861893385044,55.74089004983427,74.07646358523894,64.10441606973438,76.80967166342396,71.86844180468913,88.72732881834466,65.8084722920301,69.26605928382085,76.42129404270685,66.21716291118382,62.10129594201723
1250,904.3870591954153,2055.695034876244,0.4288600730558294,-0.17222263436314283,-0.29536100001417315,49,0.0,0.012999728085811076,1.9077401537927126,-0.7012980518910451,904.3870591954153,2055.695034876244,1013.7987742772846,0.0,0.0,338.4690302563859,-23.239965164649156,75.071627563406,37.00816613865395,17.82157220591721,61.91778992320964,77.94057422709987,68.01868471238981,84.02921673207658,90.49142310365201,101.57341895342499,75.71090363888322,71.89672044023729,81.27614625244166,87.38590261702485,83.6566277688676
1251,2446.094308866952,2056.863657082206,0.5666836700119978,-0.11839566550044364,0.11081137958351318,49,0.0,0.02491374849694448,3.5308602516566654,-1.3697013222740582,2446.094308866952,2056.863657082206,1139.0650523555978,0.0,0.0,337.76993975614283,-23.23932832707447,64.35651627326628,40.42889985378076,18.970985687506193,86.07131447510068,87.28846519171773,80.72050958035891,105.98188162135474,95.64062623010517,94.25367546866882,103.35424959504891,86.85560264951974,100.88366109663926,91.80034795071701,82.45831668181373
1252,2605.0332308976226,2059.598480331291,0.7820168232009003,-0.5185977306971685,0.0982472376144096,49,0.0,0.02040863249344258,2.1965039701083224,-0.8543299814374237,2605.0332308976226,2059.598480331291,1117.6943592964303,0.0,0.0,337.6978755495494,-23.237997570185538,56.31007045307099,38.7183451898191,15.415086541443074,83.96248221898958,79.19465295723816,99.47997299333619,77.78433614741233,91.21030202034638,95.90252731272128,108.31331425582229,91.03413535835526,96.48177115787135,109.16202669969582,74.72533599030848
1253,1831.4168470392651,2063.3338326647813,0.5686803592547697,-0.1739846246300424,-0.0672267501528067,49,0.0,0.06046755486390364,8.989511041612044,-2.3843401754663316,1831.4168470392651,2063.3338326647813,1746.393915011444,0.0,0.0,338.0486662030451,-23.237062939280253,93.07529351553947,60.033346244571256,30.289594026811386,123.17907879204762,116.48197340863024,130.3007441912688,133.01229444736668,146.46436514357208,142.1495877183408,146.336561608749,172.05245124038433,164.52545351714983,157.85663059635823,130.63654056065434
1254,840.5445266891911,2065.473877509923,0.27068340991898915,-0.29589863345616474,-0.09061794131175008,49,0.0,0.010096293554067591,1.7841063053260888,-0.6285518202250416,840.5445266891911,2065.473877509923,1018.8828709900989,0.0,0.0,338.49796865320167,-23.23583028968456,43.75259523377384,38.02761857843378,11.699263511929004,84.16717043424295,84.56292688778572,79.82619723515845,91.03536465175982,78.80363955895277,94.37014928694998,72.40224417086529,89.08054164776205,93.19126447811561,84.68700825143152,73.27688706293816
1255,2795.5138729087325,2069.260703665298,0.5773626971407773,-0.38526388659875715,-0.14662584872276332,49,0.0,0.01870294973663865,2.01304119162049,-0.759631654199343,2795.5138729087325,2069.260703665298,1251.3701864900672,0.0,0.0,337.6115245078004,-23.23369933591376,75.53464844835374,51.02596097550998,39.71493316197535,83.73968163567815,107.41526562835782,94.22663987216745,108.0798468548051,93.37473876837227,111.93571588996289,107.56953307289706,100.966610435452,100.11836728698927,99.71307161471404,77.95517284483188
1256,653.7141380530935,2073.2591896863128,0.5626103082979905,-0.4493446358539049,0.0003772782344542756,49,0.0,0.5510393837939199,83.80992277013308,-4.8082386011459635,653.7141380530935,2073.2591896863128,10961.268654811629,0.0,0.0,338.58267154669136,-23.232379134000578,613.9933313104016,395.79221326042693,218.63283798472642,779.1513491918334,981.5906451829201,882.5521204971005,850.6937199465845,870.4174784495708,940.7017041242898,857.946185874049,885.8675710656819,898.7560371363895,948.7782965431982,836.3951642444555
1257,2246.1980087684624,2073.111107526473,0.5241873758992792,0.26174713860282034,-0.1851413803425294,49,0.0,0.011757791957934938,1.482628061434755,-0.42758053919272004,2246.1980087684624,2073.111107526473,993.3462914265377,0.0,0.0,337.86059596727364,-23.2327526551033,64.91596631379386,45.28556601495637,21.142875070654597,70.5910603215624,74.95606773222994,97.28934893473378,77.72946320797828,69.62606750823251,78.35752260462071,84.02846953611967,73.59745952529042,78.69228771189935,80.82316196504861,76.31097497941722
1258,321.7252124861228,2075.9747910428755,0.5199923524414432,-0.5887140442196774,0.005693820585213764,49,0.0,0.1850810172033297,26.296790905745233,-3.5497568829200246,321.7252124861228,2075.9747910428755,5426.277932061756,0.0,1958.397930672881,338.7331898346987,-23.23076722103599,288.24652067372256,174.95125700620633,97.92997987791276,389.49331729440814,460.8946955886957,439.06374120566585,437.52605616414235,479.61396768811403,433.53669028720606,468.38843844248254,464.00473704461405,425.8495374904092,451.80425145804577,414.97474184013004
1259,1467.7113852552498,2078.165302816342,0.2116990532577091,-0.30764161078293334,0.03375150522589895,49,0.0,0.013743890324930336,1.7263381632375532,-0.5928146783944733,1467.7113852552498,2078.165302816342,1314.186093832156,0.0,0.0,338.2135847575112,-23.230906451956315,56.445556223793034,48.519135058003975,28.891247741087334,93.60663315209857,98.96227671001463,119.87722513407203,97.66798905166189,108.37275998808641,101.73005302517294,110.96784529844123,115.28560772267284,113.69885462030786,115.6969946888912,104.46391541785233
1260,1833.5369959391307,2079.759557983565,0.2802744864336671,-0.13282207196221055,0.026483203295985736,49,0.0,0.006230481365799972,1.0183098947099116,-0.019699909347856984,1833.5369959391307,2079.759557983565,835.1377087915052,0.0,0.0,338.04771029085026,-23.230218339185413,44.336987644817825,36.52057113357461,11.438168416093305,63.978244489010876,89.13882608898729,53.25840110114288,69.13376188544183,63.091879113679056,71.81573156597469,72.74970193836165,62.382678061283556,70.41484114775184,67.92319499652442,58.95472120886137
1261,855.7705582913125,2081.3391334163434,0.8140438950776445,-0.4733273195691039,-0.2987379317144949,49,0.0,0.011980419109379874,1.1701418745091796,-0.17059630304279008,855.7705582913125,2081.3391334163434,839.6940696467773,0.0,0.0,338.49104787311916,-23.229234861576437,52.13400012027997,33.219586715252014,19.78264262402262,59.06769828874072,58.35384338312688,61.85007577083079,65.56659514113046,72.62232580988916,80.5371790793489,65.58919936953461,75.93833899297374,57.146487586511135,64.74626112506085,73.13983564007532
1262,574.5687194439993,2082.3282167525363,0.58821827780248,-0.49152611614949965,-0.07287198276656345,49,0.0,0.045031260383510484,6.091697799761707,-1.9618458762072566,574.5687194439993,2082.3282167525363,1605.9471162020745,0.0,0.0,338.61854329291134,-23.228499007791758,84.48388791067366,58.27635079414368,29.380840213474666,117.33350579388218,143.3500317342943,124.51622656321928,125.56095990537378,137.1176583906481,155.41546601525872,139.33635400743069,140.92686563269294,120.78811890981659,117.31733774420931,112.14351258695673
1263,1962.887917649044,2081.938530837222,0.5825925005761473,0.26640824162542226,0.15473292950950931,49,0.0,0.01127463032667904,1.3951734502141044,-0.36157050789177914,1962.887917649044,2081.938530837222,859.2771903425686,0.0,0.0,337.98906086693927,-23.22926036471201,37.22005000172223,40.31431257352564,15.811087491464495,51.01151035101165,65.32760525026788,67.76344621563425,65.97734966714278,88.20944322175181,61.213372796728784,74.58752264192778,81.36423133812363,89.16811570808458,70.95324881881875,50.35589426636433
1264,2404.216793354007,2082.163837087513,0.9104517400122714,-0.6261295041008104,-0.39877696148751085,49,0.0,0.014531294775722745,1.284142900543079,-0.27153338772791075,2404.216793354007,2082.163837087513,962.7550740241782,0.0,0.0,337.7889576217139,-23.228831854678557,57.711453067612645,37.237211947359945,24.721718825401528,95.68849160571648,81.49385249441787,65.1509583068698,66.52955074305513,83.7021269252588,71.12216740484104,70.7482345124423,73.83492472677027,73.82735933586703,83.55982116903478,77.42720295953046
1265,789.1538963931728,2084.8983913389725,0.6488648186591293,-0.19639501085984426,-0.0040057272532093525,49,0.0,0.020122671868986558,2.371615973195928,-0.937610916806165,789.1538963931728,2084.8983913389725,1118.6668669280316,0.0,0.0,338.5212480859567,-23.227684482783406,50.680456516914006,54.99727540980744,24.793033809962207,91.01398073972595,87.52801152612514,86.90666562230717,77.37020116816369,93.84434094527009,89.00074843121996,79.12441424932734,102.83402381366395,90.40464783518178,109.77106413658299,80.39800272377997
1266,1392.8884741058655,2084.2628309003903,0.37686862223130657,-0.06844083111927483,-0.03296724075393444,49,0.0,0.007339794984975357,1.0348169136774152,-0.03715879618958885,1392.8884741058655,2084.2628309003903,840.5267056855434,0.0,0.0,338.2475096024978,-23.228349286608356,41.885219392075186,31.63420885112423,15.515654107665704,75.21427245248157,53.7414391661613,82.98813289467827,67.02829876282837,66.46247125604293,58.781074534705425,77.40324348434069,48.362839378418016,64.61523705949648,72.76510621592772,84.12950812959747
1267,2684.5604128193654,2085.358264177911,0.5133756808155043,-0.4237712145929076,0.18158505440024722,49,0.0,0.021952167109339598,3.200977731045291,-1.2632066320037323,2684.5604128193654,2085.358264177911,1112.82324471664,0.0,0.0,337.66185599333,-23.22715680276175,79.89166854470179,50.102576831113545,19.521297298685475,73.74541972011205,88.69463799347362,69.72802304888071,89.97473533526603,91.43305195628052,93.61546790243,91.36896639057731,103.49209199494884,82.63125627421081,87.983473877456,90.64057754850323
1268,280.0073811830228,2085.572647984938,0.5289343660461026,-0.5978616788605412,0.028944561249572898,49,0.0,0.36148666099190346,49.00121587243906,-4.225517140894738,280.0073811830228,2085.572647984938,10990.129999837367,0.0,9209.745054789335,338.7520858661181,-23.226697871878137,614.1215828641592,411.5299374492839,204.98212057149755,786.0479836316299,839.6373503354104,901.9720838098715,922.5281807592457,961.4104372164355,918.1030260102216,885.0546000515518,950.8498532561409,868.1114627594252,930.0081453526697,795.7732357698246
1269,2704.825748892645,2086.2687500354373,0.4337283024022738,0.23221381070032715,0.0005951220585458166,49,0.0,0.018888221723838326,2.437307500084709,-0.9672758122573657,2704.825748892645,2086.2687500354373,1299.2771075199748,0.0,0.0,337.6526694780396,-23.226748619863596,54.41665938382127,63.41026639185232,25.13104744041564,79.0533958099629,115.6924672884945,87.29911593887492,93.60817132648845,114.45355845977792,103.90143052356024,126.87726378598224,105.18057951882713,113.30001493949149,106.62964300717326,110.32349370525257
1270,2378.621244301067,2086.9875379297637,0.531681851790843,-0.05026548321860117,0.311797458927345,49,0.0,0.010630863668622922,1.317118750037801,-0.2990623306489781,2378.621244301067,2086.9875379297637,1005.1177718869992,0.0,0.0,337.8005680841234,-23.226848368620605,61.20113775941563,35.950024999492285,20.24286139400428,83.87889699223237,84.36818250638882,75.92435070069594,73.947265386777,78.44660411383457,95.9880417805329,74.77932423335629,84.04250646754883,89.07059802915921,79.83841027568472,67.43956724787628
1271,2636.195457946028,2087.296989097518,0.7109675638654342,-0.2557196873595805,0.06641667739981685,49,0.0,0.014179307916722941,1.4811519092541348,-0.4264990068154117,2636.195457946028,2087.296989097518,958.2096047058601,0.0,0.0,337.6837867857657,-23.22641569287799,66.8444921244046,31.53602405661571,17.787923410824128,85.1870709708015,73.3648650773261,74.50033607107716,72.91499439920884,68.46333657371686,80.18756298802678,88.28726484791346,67.61280321072897,87.83677342713719,84.56427184751037,59.121885700568455
1272,1272.9591998480646,2089.283418354235,0.35511669017062886,-0.12228134647195119,0.034329697982584756,49,0.0,0.012059657455389127,1.8895954077867068,-0.6909220620525727,1272.9591998480646,2089.283418354235,1127.6807827244172,0.0,0.0,338.3018851129793,-23.22621567669352,58.27012858699306,47.979163580826466,22.560347985163766,63.58977738120595,99.45773241096975,92.11128551404009,74.22013682418421,94.0264108811243,90.07616817460102,90.50492567035107,120.34785100250564,100.81601813243009,89.16243423501116,84.55840234501068
1273,954.719239669264,2090.094950295642,0.4327362622617265,-0.39148374787542983,-0.3761726105723666,49,0.0,0.02788097038060747,4.2098363585269,-1.5606630365190868,954.719239669264,2090.094950295642,1370.6988994770577,0.0,0.0,338.4461756298467,-23.22567616371873,62.386452322791484,40.77380259069908,19.152101294718136,105.93962248219643,100.19050201533406,124.09718611909483,100.96755640042821,125.94517477363297,101.05227828461628,109.89722131227761,127.40942296833124,116.51445040951322,121.66633941380587,114.70678908961835
1274,2032.8377788239056,2089.9853734121284,0.27461192659638983,-0.26043773443646195,-0.1331105170685295,49,0.0,0.007681054250636537,1.2880553534690737,-0.2748363174772219,2032.8377788239056,2089.9853734121284,880.9974585894893,0.0,0.0,337.9573493792639,-23.22587142707413,53.293361627026115,39.00966478167645,19.233073819691736,74.26521275664686,65.66484553611062,72.9871579864944,76.60372513322002,64.97572120897094,61.14046031040445,80.41719032055069,72.47034974415494,69.3502792083894,63.64981810828389,67.93659804786876
1275,381.80571094398465,2091.73172777534,0.4169010513033405,-0.6681285731807234,-0.20387508805102017,49,0.0,0.023031236452267886,3.5744864817669684,-1.3830341474030128,381.80571094398465,2091.73172777534,1301.833262050142,0.0,0.0,338.7059228035742,-23.224299787648444,67.2656743160228,50.37138772008572,29.951812265496986,99.59128971953515,108.95907454598672,88.28591175118495,102.40917989951066,101.30098427987528,125.91033961252356,97.69449342260026,108.98063249616305,92.1609158614965,118.24223263854184,110.70933352111823
1276,502.7358590361617,2092.5162061142973,0.5005151047675193,-0.5849691053365834,0.12330840848906349,49,0.0,0.021888894220399226,3.304880163463484,-1.2978892909534634,502.7358590361617,2092.5162061142973,1183.177550127371,0.0,0.0,338.6510955548091,-23.224155038515256,61.29486405945082,38.08834253915455,19.58632166436799,81.19169373977812,94.77810071429171,90.92353661437627,102.3903937987977,99.77160449937398,89.73176027052125,113.09127370171139,103.58742802166832,108.12988870350135,92.89171860780174,87.7206231925756
1277,925.066592879751,2093.724055556786,0.6391766302405048,0.03176534057300456,0.016774088575240563,49,0.0,0.015691844519872343,1.8726028156020587,-0.681114180111384,925.066592879751,2093.724055556786,1012.107767282781,0.0,0.0,338.45961656557785,-23.224138607092577,64.85776380315234,44.738542035180345,15.651108892370491,79.64758283710401,81.47015449336706,79.16961321067444,71.8572856252287,64.68995585417862,82.99544379236156,105.28069477857704,84.88408415527314,73.43717091127407,99.86565797331349,63.5627089207257
1278,1271.1183078980507,2095.1370627795063,0.3948185958073998,0.47503010158523157,0.1721612562276758,49,0.0,0.009235410825759587,1.1429934569348887,-0.1451093607099761,1271.1183078980507,2095.1370627795063,1158.1348748464204,0.0,0.0,338.3027170371382,-23.223775911426227,50.41512889115704,56.914973234665254,20.465178721347353,77.79072557656814,109.83919514121128,95.99549172076043,76.36575346867332,106.37757280342461,99.87047099389314,94.32222004768089,105.60761076310793,90.2108428619995,88.63090175521003,85.32880886672166
1279,1330.1795935314722,2096.8484829320364,0.5892176765307584,-0.2622229266317181,-0.06864808622377508,49,0.0,0.18916496320974918,28.170298385254696,-3.6244786178534367,1330.1795935314722,2096.8484829320364,3900.332939980678,0.0,0.0,338.2759379883271,-23.223085855934944,205.84010980176808,141.53137222719837,68.73551718955773,302.9984130749358,309.92403691512976,329.1538994543133,323.554882643793,300.64277273084645,315.8938011394674,323.23285713039706,346.65180784406584,296.4024229548806,329.536433031272,306.23461384305295
1280,1923.3222606252812,2096.7643763279507,0.7599329076560731,0.021513403551038503,-0.3117657153994595,49,0.0,0.016524006039233173,1.7397801273558449,-0.6012359145142827,1923.3222606252812,2096.7643763279507,995.2466890575417,0.0,0.0,338.0070074798355,-23.223100656235502,48.823728881615196,37.037347846436646,21.963329377756743,48.93763251275352,66.42747117528151,78.0473291771243,97.23810395350053,79.72215520847776,90.98535887390415,80.03017411508705,81.47004478310879,91.57694458602826,83.87793239688199,89.10913616958534
1281,1946.1918746198644,2096.7631600184413,0.7014615783013355,0.3141174596319137,0.019446498336618673,49,0.0,0.012207739906659226,1.19370855328827,-0.1922457643262425,1946.1918746198644,2096.7631600184413,1119.753883359761,0.0,0.0,337.9966384626175,-23.22309122449359,72.71478252705765,37.50463603573109,24.00056864551655,65.01464866755379,77.74862311859803,83.82311398321968,95.58402828934004,104.96845467566274,85.9988013342464,106.32531627615685,89.96294954879718,91.83006212782891,90.26987970935,94.00801842070192
1282,2416.3521162346815,2096.7978584181274,0.44249531322503455,-0.2494686735118332,0.22042029808471056,49,0.0,0.013667426874424479,1.9346431336715224,-0.7165021658024262,2416.3521162346815,2096.7978584181274,924.888752763404,0.0,0.0,337.7834724693231,-23.222721770882327,52.24422299935034,30.215916283877963,16.93153674345345,60.355828510359515,74.30076928361922,60.54796703405972,81.93910809759413,69.84529634160657,77.01232565502677,77.49309312149268,93.68317328903865,69.3335592669579,84.31837070290021,76.66758543406691
1283,1006.1279828381751,2098.7304827666776,0.3096831737680429,-0.6208570692581848,-0.41777140905008536,49,0.0,0.011154747732496353,1.6689232457529124,-0.5560909095344263,1006.1279828381751,2098.7304827666776,1041.7145825409464,0.0,0.0,338.4228596415964,-23.22211956042592,69.42502866824023,39.94890839219627,17.67616453219877,75.02770830837684,88.03319608454309,89.83199239163284,83.1241284683917,88.54451005631442,84.22404511801301,94.48381225692631,77.92989750846593,74.28551228950855,86.68765012729233,72.49202833884618
1284,1957.8032093013114,2098.707264997258,0.4012388922858844,-0.27454316147141655,-0.062089553264807085,49,0.0,0.029621313183631048,5.117605487571529,-1.7726670085015073,1957.8032093013114,2098.707264997258,1483.7075251596734,0.0,0.0,337.99137491202214,-23.22227588835271,77.62248318463101,46.762145582079185,21.186144242479934,109.81338361634673,101.76490361734793,98.79331553826955,127.84312871189928,134.20295815150263,104.75916459319266,143.100629461125,135.09354402917984,143.28650696593633,109.32584024017208,130.1533772255112
1285,2048.348529837696,2100.779691597583,0.27967845853438733,0.19415590035354013,0.01844048094719329,49,0.0,0.008496708953929576,1.3014037321477447,-0.28603011965842934,2048.348529837696,2100.779691597583,1019.3816023858388,0.0,0.0,337.9503236325507,-23.221365005088675,59.463439281659625,41.61977625607523,22.989054537937307,73.77395526115149,80.29105502473018,73.59491930075544,71.82704833472127,95.48390247015979,93.83063003098627,84.08869187207907,85.16728844878668,80.05034213414046,92.76717546903916,64.43432396361689
1286,2250.284767670945,2102.2732980835185,0.6029749521718046,-0.4328535856162943,-0.45525784416963117,49,0.0,0.015706760489693022,1.768454188977279,-0.6189845352255723,2250.284767670945,2102.2732980835185,1144.381360120441,0.0,0.0,337.858769975075,-23.22059861281798,65.93415699558155,38.182391798827965,21.00411054391979,83.24565108222774,97.66551175213388,107.51294803824288,81.62464589949892,89.18560783184255,83.10566786619134,86.77860303103192,97.95109535720655,98.6816274755985,93.3435659141628,100.16577653397462
1287,495.9712445930742,2105.989293303506,0.3918799874868622,-0.3552301902457149,0.11099507508438522,49,0.0,0.012903554778627742,1.7347748696292322,-0.5981078055669496,495.9712445930742,2105.989293303506,1129.0228690580961,0.0,0.0,338.6541412123533,-23.218531856735005,45.118774281090246,48.292602942680645,21.53123767667116,100.80792207105486,104.86072448111976,89.11982640618903,109.77450267748719,88.8723303312353,83.1183017796869,81.9902880983829,97.04702889691787,87.80727121019798,85.97277573691218,84.7092824684699
1288,926.2861464576991,2108.12034903135,0.7869714322282872,-0.5234492811042555,-0.19999183508479002,49,0.0,0.014701808036335398,1.5335903073359736,-0.4642733875796124,926.2861464576991,2108.12034903135,880.3734721778321,0.0,0.0,338.4590497835712,-23.2181413865271,57.64743771892699,35.0393754434793,13.26508307043085,58.83643320747838,69.56052287679887,72.79462522212451,69.10326764464062,61.46179827444955,77.25334169404886,59.462840255892246,86.48959153448502,62.29819946595796,77.41939895839499,79.74155681072398
1289,1109.8085091851447,2109.6799871747203,0.6851681798528163,0.05885377916630906,0.05214804580928844,49,0.0,0.011039354143670368,1.1402191074918733,-0.14247078630445453,1109.8085091851447,2109.6799871747203,885.9314605033295,0.0,0.0,338.3758443580166,-23.217630490183662,48.25478319181458,49.867263293738745,30.01439973553289,57.24609564578349,66.54817965711635,79.68304327383818,79.60393416610088,58.647017151984215,54.228280301131925,94.5735971666055,71.6354208750325,65.44104678802466,65.08564500295017,65.10275425367537
1290,701.9563754234858,2110.1258565829407,0.28585021150534834,-0.2915889443006475,-0.15736840498075005,49,0.0,0.009197844453130233,1.6026331829305245,-0.5120853266914781,701.9563754234858,2110.1258565829407,980.1061711062982,0.0,0.0,338.560750793068,-23.21707650203906,55.05640478949235,38.53888815567841,15.618260329814483,69.73026074367252,80.39295670846296,71.81023788287213,78.2638443142894,83.74366847516544,77.30521240877815,73.13915031021821,90.71217572120472,83.57080528149828,79.44283712934475,82.78146885580651
1291,2714.0956593582177,2111.4867168889623,0.4473833335378362,-0.2987332388995713,-0.09760999919397696,49,0.0,0.014147945625407873,2.032828710776558,-0.7702519646735916,2714.0956593582177,2111.4867168889623,989.0700601438837,0.0,0.0,337.6485067434048,-23.21622831401346,59.5998988720048,34.21899221993117,19.63968998791862,71.31965633075517,78.14128689960367,86.30848398922846,89.60433876835415,78.65683010935972,86.07973220013736,81.75058634285485,61.41510826529271,81.59087114466845,74.95373810865843,85.79084690511614
1292,417.2414259974027,2113.6307144716566,0.22752124759246817,-0.9635525133563436,-0.12210992098692676,49,0.0,0.00823502692873066,1.224578404637558,-0.21996649102905108,417.2414259974027,2113.6307144716566,1051.7360902982564,0.0,0.0,338.6898204745496,-23.215231061690595,43.70608417478528,49.22457073601689,23.676792893646684,77.3332313691793,85.16236246756533,76.55101165274581,93.3877140615241,91.66950512010354,83.30464361896725,87.32514504296225,72.70553042806986,87.64452262061818,98.58129838824914,81.46367772382277
1293,980.5407183042399,2113.7621234627572,0.5626397571272461,-0.265281299347362,-0.16290701802997562,49,0.0,0.05275577439644053,7.802618247457055,-2.230600897630181,980.5407183042399,2113.7621234627572,1643.9266390463818,0.0,0.0,338.4344472808242,-23.215836340081545,91.56667589051276,53.287344178451036,37.95670167236959,113.6411130770234,126.21148848213014,136.62772764323398,122.79989338493024,125.57350311003339,150.04469820125874,154.75099210303466,133.2671862896477,140.48263938378048,136.00521296878713,121.7114626611887
1294,855.2099904041543,2115.05643483396,0.45659332794239854,0.015577148582509373,0.11951718377443561,49,0.0,0.015686214221793785,1.7241809990056645,-0.5914571368181631,855.2099904041543,2115.05643483396,1221.4502175103314,0.0,0.0,338.4912661893068,-23.215185871937397,80.92142600892512,45.9669588111244,25.401293894292564,94.49169710114984,92.50377198642359,111.65045278690411,77.21793746077958,97.81490331032596,108.90089024331942,113.37090469488209,94.26962473489661,99.54258172114459,91.78753924812264,87.61023550804094
1295,378.5840120442224,2117.9527770304408,0.36244885963132045,0.4303519900126835,0.3369472616806454,49,0.0,0.009100312351022061,1.0088410266428411,-0.009556838557428228,378.5840120442224,2117.9527770304408,1006.3708479578646,0.0,0.0,338.7073377065129,-23.213369898217742,50.481102925210934,34.95011650023015,20.61989142968865,79.74964481116466,84.64173457561971,83.68528584249711,75.67898559330641,87.41884279286316,88.97439522896863,77.94398138854147,70.68234596511971,100.86283046605973,70.4622299678134,80.21946047078089
1296,1324.866742332574,2117.7282569121576,0.2961849299731472,-0.15096961499368203,-0.010187475467365802,49,0.0,0.010231163071188648,1.7917794130526523,-0.6332113559621027,1324.866742332574,2117.7282569121576,957.1563360507726,0.0,0.0,338.2783386146108,-23.21438420349728,40.43835334603536,35.84754222547446,23.390492011771435,86.9320934193684,75.81735861254074,70.9926850203172,79.59272254985311,88.50073282213177,90.18604758158787,56.299967918178,76.96516010788046,78.87746974863298,70.88385565083551,82.43185503616533
1297,574.7176469942318,2120.107463820521,0.5371401158939824,-0.6150602291348106,0.09300303828103841,49,0.0,0.010185276878265722,1.2326491811587423,-0.22709872886581745,574.7176469942318,2120.107463820521,880.8671962437932,0.0,0.0,338.61842048833694,-23.212758582264247,52.220190573264354,34.16320375829308,15.347649711464046,55.689852963631466,68.20245661342983,80.02868100349643,62.69693394418961,61.657237876158405,72.3155455026268,75.849661702432,60.61864745101809,94.70640937716811,83.95284813421317,63.41787763240772
1298,2940.393059968455,2122.117416316171,0.893808416668354,-0.25328911234279794,0.21618317052099773,49,0.0,0.013083058471876033,1.0884395515387457,-0.09201078679111313,2940.393059968455,2122.117416316171,983.6570147464686,0.0,196.20741440213175,337.54593820401925,-23.211438393132962,40.48993145897359,47.658733956250245,23.33017587337022,71.4869803893453,73.6782685662057,70.66994084473484,71.87010390362396,84.73976744660979,78.07169498234244,89.35793142999091,83.31420151445234,87.06734207289827,88.56280092931567,73.35914137835543
1299,2699.9614442053557,2124.979291971242,0.5223337741073433,0.01095277721059737,-0.3271306209947821,49,0.0,0.008627422916013115,1.0179739664344702,-0.019341678846582517,2699.9614442053557,2124.979291971242,870.3018045762327,0.0,0.0,337.65493557154514,-23.2106270265441,45.244110623721326,38.660110636107774,14.935985441199614,76.23132999550225,63.662100803912296,74.18312358042357,60.965995194371196,76.16337167443197,56.71226665675071,66.9886939317775,69.22344568055237,76.43485296407442,75.52491070011243,75.3715066932952
1300,1075.1667116400038,2126.73963151513,0.20028935928587294,0.06326576898795734,-0.03823161332229869,49,0.0,0.008372522307543628,1.5668223460904174,-0.48754939211833465,1075.1667116400038,2126.73963151513,919.7550933199026,0.0,0.0,338.3915372825588,-23.21049959353773,62.68898119771731,22.679045636321234,18.296737550940087,68.07956957190977,89.15422462272184,90.52183814912385,74.92161904266098,66.02878145201214,75.76842516206914,96.19782084276201,68.11304236523146,58.12945207018417,74.88364431042241,54.29191134582614
1301,1518.8184999185846,2125.598864776553,0.6401964322521998,-0.09388351493865832,-0.08433597842935481,49,0.0,0.06182931224361986,8.10856998562193,-2.2723606737172624,1518.8184999185846,2125.598864776553,1793.76959290652,0.0,0.0,338.19040591138656,-23.21114986287729,98.80991310449943,72.2825054654913,28.565433311525055,125.222938691062,127.87488743427241,144.3826799922433,155.60181287252684,139.656645763418,152.03769604583735,141.4619510445783,181.3268679147575,134.2557653046293,143.27947644288514,149.01101951879414
1302,702.9097091333467,2128.7239425594576,0.5830395349557435,-0.35662977689505404,-0.023895800332074488,49,0.0,0.20477127808930357,30.3845412220697,-3.7066317082388838,702.9097091333467,2128.7239425594576,4293.323442716493,0.0,0.0,338.56029478018104,-23.209328718632833,246.47399792172928,170.96359660099546,87.60728209334718,294.711350559948,369.9600054054622,327.6924482267922,347.3064253228255,388.7490337772871,331.80186326582407,331.79965176736835,342.0953361319906,356.4909043438239,342.87444480561305,354.7971024934859
1303,2606.821685036119,2130.318510822397,0.6680631240618103,-0.24979750198711909,-0.15278267002505053,49,0.0,0.030145363980941885,3.5978072925745677,-1.3900947443742928,2606.821685036119,2130.318510822397,1211.1239840499193,0.0,0.0,337.6971661456933,-23.20852986976843,67.79754079040168,49.363042658665094,23.1525897732049,90.57658730998708,80.5746985668523,83.1722845837716,101.31728999539942,101.13583352857785,108.9695384968762,95.76168707832517,96.02733176662394,115.30283764167795,114.79203824446405,83.18068361509194
1304,1383.829774122517,2132.1278901412124,0.3703605814205022,-0.04605453177328835,0.2016891161616594,49,0.0,0.019279468711928083,2.7362992830124844,-1.0929089916228176,1383.829774122517,2132.1278901412124,1280.9387770424323,0.0,0.0,338.25160217494283,-23.208403314268406,67.52814256968038,54.33855712767119,9.552969731307764,89.18723667031048,105.20311507372384,110.2169035219579,88.06352130088872,108.47067395360608,102.95219875003913,127.7200801372371,97.51001633867176,118.42560732677968,104.13583425472734,97.6339202858311
1305,2355.9217248117575,2136.1992965578097,0.37207828606919596,-0.41436087873980854,0.3458839963541806,49,0.0,0.010544804132585484,1.4713059437905658,-0.4192574736009045,2355.9217248117575,2136.1992965578097,1096.5601069743843,0.0,0.0,337.8109130198326,-23.206366752522833,67.76741688234267,38.523451221931325,26.874511072645234,88.46832003293889,101.6210529830195,81.1022024551522,87.22118388186064,73.10163088409794,95.00743658289669,87.19271755021094,95.56856572243983,86.73151916330063,100.2030622705285,67.17703627101936
1306,1177.31319235509,2139.225772496652,0.7156409686674774,-0.065245691862501,-0.28342335566378973,49,0.0,0.01569428467051506,1.664716207263654,-0.5533505193441339,1177.31319235509,2139.225772496652,956.9608007060983,0.0,0.0,338.34522152634344,-23.205360086353185,60.93720137587995,29.21502397723185,27.675159970578893,68.50751514263375,67.81415094819084,85.58232598795776,90.85787534598161,61.57630237763847,53.80503469661417,77.74917593889955,110.01086314303829,77.59932458304503,66.23425411956666,79.3965930988414
1307,2365.4668791162926,2138.8634341119005,0.7846629628907263,-0.32426196017578035,-0.02239018945962825,49,0.0,0.012212497060347426,1.1687462615685655,-0.16930058679717963,2365.4668791162926,2138.8634341119005,976.2392271395619,0.0,0.0,337.8065888444013,-23.20524730650659,56.10687229187884,29.01676940700128,12.74866418498725,69.35863965491141,82.63449594099261,76.61706641592926,79.26744414180791,77.48222556536746,77.86883449599193,87.85281914782408,89.53736263069518,78.9931958157739,99.69123665868547,59.06360078771526
1308,2667.2737862846307,2138.914806970176,0.575190229923977,-0.35317634642706125,-0.12663712790751577,49,0.0,0.00954164385590947,1.0633287545658427,-0.06666889559833483,2667.2737862846307,2138.914806970176,868.288863159605,0.0,0.0,337.6697749628135,-23.204866855982246,57.241553141711776,43.25878664466039,15.435519353053499,62.07538250717992,67.02628619204046,63.159587110033584,67.96295086158621,70.28720705949328,60.79298224553947,69.14853865597215,58.021015221413506,88.30032170227634,76.1693477720861,69.40938469255822
1309,1542.7615818806507,2141.3067284071367,0.7297043881842524,-0.5152967287989555,-0.29072262403506305,49,0.0,0.02365193330069223,2.8234459734417814,-1.1269487048496831,1542.7615818806507,2141.3067284071367,1006.9649435957688,0.0,0.0,338.1795498061141,-23.20460718745217,47.299088345219715,37.08083964634035,18.90378650123482,72.24952658125122,82.05050231188562,73.42873171970959,87.76100089607556,73.22577600254749,72.95617990716218,83.54073028705834,85.69798920661391,84.88595103205722,99.1211708853202,88.76367027329266
1310,1834.2330762380639,2141.43194816277,0.3143944462894241,-0.41894782043024203,0.21478820366745324,49,0.0,0.0071062773486827565,1.0983168396545555,-0.10181910589587545,1834.2330762380639,2141.43194816277,858.8524751284226,0.0,0.0,338.04741523516134,-23.204521696757336,50.413213808018234,47.81050409596527,15.364296001806409,75.24192140073569,67.90808140032036,68.93811332535272,67.47512548061287,70.83565513194895,66.81653500985422,65.4801919742725,60.23689065476627,68.00162246715746,74.23762866119779,60.09269571641382
1311,1769.2969971259886,2142.507943611122,0.46157697343566395,-0.4667422308070903,0.28509477061631516,49,0.0,0.00881266402462475,1.1784870274752068,-0.17831201567240446,1769.2969971259886,2142.507943611122,890.8998385399359,0.0,0.0,338.076853317331,-23.204090349211985,44.1512066621065,34.28398455596591,25.84402623600087,49.24599223677946,75.9788799445043,73.0565000794139,71.2110491010033,79.04835231826488,59.89560234358322,77.07565665825405,69.12859138415266,80.45741396745407,71.60824780530747,79.9143352471454
1312,256.27338169129996,2143.324260740271,0.7387439271359179,-0.1815089381297986,-0.14104357355871983,49,0.0,0.01290386068012716,1.1819753935133577,-0.1815210886291596,256.27338169129996,2143.324260740271,990.1712803622227,0.0,797.2523194891879,338.7627353228981,-23.202595285078594,43.46330302030425,51.904243050484006,24.034389794354713,65.64503837253734,87.56682756763283,72.49300478991036,89.25785030595269,81.77773165998946,94.55974171227888,59.71254695433,70.79067936435472,82.51505620167588,84.93782950222835,81.51303806618904
1313,2087.876708932863,2144.1315533185684,0.6460168512504612,-0.1762523462243444,-0.04411001255485783,49,0.0,0.29723147986022,42.4628161680657,-4.070021983859774,2087.876708932863,2144.1315533185684,5049.263638039385,0.0,0.0,337.9324321552997,-23.203278095402055,279.3427599197135,185.82679398027642,91.0398526626972,331.59977291696725,408.98870394581814,464.9820339426719,436.4981099199338,423.6129061983595,405.79379382169265,418.8640810242651,435.73617649273945,411.91299400111404,405.8801261747741,349.1855330383621
1314,2455.098985291158,2145.519711064721,0.4116271774627613,0.17243447482556565,0.5772069482493258,49,0.0,0.007209863475153089,1.0463878902296988,-0.04923176237772827,2455.098985291158,2145.519711064721,810.6892828957357,0.0,0.0,337.7659647882653,-23.202379682801922,61.38133056642127,25.300303529487135,15.879176005628352,61.22480896007986,52.24359847676892,57.67809228722886,54.08361885162557,70.70073183869813,52.05190798350539,52.32674658103144,58.04167403133188,93.24935303191747,85.09269541268318,71.4352453393282
1315,2146.1058392481273,2146.1896903834886,0.2760317324854651,0.7125044432251247,0.18866393163824416,49,0.0,0.007533618900445648,1.2366067637764397,-0.23057904399429788,2146.1058392481273,2146.1896903834886,961.6751283138128,0.0,0.0,337.9060370289377,-23.202381496706302,62.03429520944552,40.09927504575442,21.319177179375252,73.04673472081525,68.16821107016554,64.14337127465399,74.45505675620349,78.67966751178813,85.9558642853105,84.85172622823569,76.72957440869915,76.52619102440175,87.66465228765809,68.00133131130605
1316,1246.4796583193224,2149.472509176607,0.7000215888703987,-0.43083834620125433,-0.09303519828374564,49,0.0,0.1096370426854746,14.077384512339263,-2.871304932936271,1246.4796583193224,2149.472509176607,2371.462496715638,0.0,0.0,338.3138607448356,-23.20112561134388,121.96000169540841,101.75392532769364,42.490831176969294,184.82992070278812,190.13188236623432,187.11691770679417,183.8218035328777,189.4333019210087,199.53139664446508,183.46248875362483,200.31015030898507,221.90784690478927,175.75547256588607,188.95655710811343
1317,1192.5740650967139,2150.0611326237117,0.48204318327177037,-0.5497718183384573,-0.33598679462011344,49,0.0,0.0092163916598716,1.1080509232957947,-0.11139929989385325,1192.5740650967139,2150.0611326237117,870.2268797795875,0.0,0.0,338.338296937783,-23.200853685184782,42.03379949953213,19.738497050637278,16.812188315042302,58.29625839230705,72.52526292699577,89.54391563208651,79.78332834785482,73.09852999790871,79.26720169030985,67.64425546880837,59.65359555475597,69.03158500574371,75.23359384330257,67.56486805430264
1318,1846.5412594284053,2152.259554473649,0.6632983023396973,-0.19008004411435594,0.015802402314589292,49,0.0,0.04922962792872218,6.485012599012742,-2.02977706040892,1846.5412594284053,2152.259554473649,1494.8130633230962,0.0,0.0,338.0418393053324,-23.20000643865682,76.49777871770674,40.1074659362112,38.831909444604364,97.56774451285912,105.75165225573204,129.88930542345858,129.7761746613254,128.99988474663004,118.5245194754182,146.84720996065943,134.75458796757763,119.08782002653685,113.36437201018227,114.8126381841943
1319,1954.485058272589,2156.8047217724966,0.3929540275200773,0.0870546714443034,-0.07170548517476147,49,0.0,0.030222863144155142,5.2384731898394445,-1.7980118139049426,1954.485058272589,2156.8047217724966,1356.3410273657382,0.0,0.0,337.99290867548444,-23.198070600345,68.18793603665614,52.477678297417484,33.58624824441861,107.75995712356585,110.81913013385442,96.83245568854558,104.4831450793736,118.227908115905,121.20118525499345,109.241886007284,111.27798034914072,113.18170749606989,102.00274219162712,107.06106734688629
1320,672.3243101024443,2159.15200803863,0.46131956628705173,0.13859000242130656,0.05035151460883869,49,0.0,0.01100273101012584,1.509835273447,-0.447323918339827,672.3243101024443,2159.15200803863,925.6499563775116,0.0,0.0,338.57411981236305,-23.196614624027834,45.112326216862314,24.37459493526366,15.118313508257376,64.27889611558064,72.9155228808171,68.01314314960355,88.91949493532984,80.67003845802833,69.9200679432389,69.8174181170005,82.48895191645796,77.34832391596677,87.61867842161246,79.05418586349217
1321,1784.7288636053843,2160.594971558094,0.6707845803724335,-0.5286932605267012,0.2958157580158017,49,0.0,0.012345406429840606,1.3144105984767107,-0.29682763071106716,1784.7288636053843,2160.594971558094,895.5447720837989,0.0,0.0,338.06986227763895,-23.1965506784432,54.41185042748435,41.20933514447006,14.255085436005881,66.77286286760618,72.23897850551674,85.18159453261444,61.24393575851272,67.3426431029328,79.56706203941195,79.72580044434855,65.91084803436064,70.51183928450185,62.817448334779385,74.35548817125334
1322,2483.946428827063,2160.517140247155,0.5612674664894318,-0.09005251952733004,0.028537761173665424,49,0.0,0.050444951694486366,7.314944637143558,-2.1605276088347862,2483.946428827063,2160.517140247155,1608.323544006502,0.0,0.0,337.75290686872233,-23.196098448931057,85.53370722250575,61.06892141277774,24.3399466840512,131.1082359626943,110.0355311906795,120.61709634816435,130.5960000551607,140.619508740882,120.0516794481238,137.01442881480392,128.66655194402782,134.0793792601129,147.37373348754934,137.21882343496878
1323,2307.484846108809,2161.84488249671,0.3752291739831402,0.1638183063906449,-0.24518579903072718,49,0.0,0.01242273454832388,1.6335508253489106,-0.5328316285180547,2307.484846108809,2161.84488249671,1179.0773288803616,0.0,0.0,337.83289671115085,-23.1957274377815,60.5985675640445,44.52380265214916,30.10488519330887,96.76856612765837,90.61510823780769,87.57486480460693,100.05322590654059,90.81876124980542,89.71071637890937,110.28017298318387,102.74853881835429,103.53654336283938,99.47222621169985,72.27134938945323
1324,1753.373747911076,2164.2638157787505,0.6069462576305606,-0.28165929355201125,-0.07404463257589482,49,0.0,0.6037175302435638,88.10560579511646,-4.86250885412982,1753.373747911076,2164.2638157787505,10927.55054689596,0.0,0.0,338.08407661534477,-23.195028882275395,565.5125515838981,422.194488770082,204.65137782452607,787.559460756668,837.3264484102315,831.4396069912189,884.0503390220395,939.3737539405998,969.5795484462318,897.810448167797,915.5298676202575,923.1868716396871,947.7015000458351,801.6342836768898
1325,1083.440240775504,2165.339302229598,0.5556909389511949,-0.45658233649708496,-0.06519035654941197,49,0.0,2.9917966286176734,450.6127643221869,-6.634508724107437,1083.440240775504,2165.339302229598,59635.590530625755,0.0,0.0,338.3877580155248,-23.19442238844331,3169.4977427714,2140.4272416679514,1095.830491227686,4372.308747170526,4688.6527769649465,4945.545764478973,4850.89141796745,5159.676479271113,4946.775423627211,4961.785150013429,5106.446041857884,4858.46234756879,4922.263870864084,4417.027035174309
1326,1905.648152553479,2166.9653089672706,0.5321769310299407,-0.3376589118510378,-0.08804830864447616,49,0.0,0.06504127593206338,10.179859075928404,-2.5193544148028604,1905.648152553479,2166.9653089672706,1827.9886749625389,0.0,0.0,338.01505143005875,-23.193858005420534,91.73853285899563,70.90490806991302,37.45847165904515,134.85312968800537,137.12680923966892,158.57648645652006,146.92396057363734,162.9290761841659,146.08493657909543,135.4985218459705,167.69083667019544,163.22284492069065,157.92758704169307,117.05257317494261
1327,1421.9681694617072,2171.5052442346473,0.3591440521126892,-0.406458348286113,-0.03629325215064341,49,0.0,0.014614373513564278,2.4317582468209755,-0.9648009934318914,1421.9681694617072,2171.5052442346473,1058.846572590395,0.0,0.0,338.2343021564489,-23.192006154673006,60.75772152716729,34.31666449942784,16.733930522287697,94.287695050753,82.61179030551932,90.9640645735451,85.20448393059974,102.4212597820842,84.33562376790982,79.91448896719191,95.34798941426506,79.80877664157288,78.78421927712596,73.35786433094515
1328,765.2454075019323,2173.4583029966025,0.6708298553907591,0.09039628466547507,0.3417022040727075,49,0.0,0.017556154284595542,1.9537440309889709,-0.727169160469564,765.2454075019323,2173.4583029966025,982.764231372216,0.0,0.0,338.531982642637,-23.190760278131,55.56602339544202,27.129311269001274,19.12029011626656,66.89787438482928,76.05148644456904,73.10698540635127,90.12737603207627,88.78492334287586,82.04609641724545,80.10315140268384,84.07509301604162,67.95553484351586,79.16948859542592,92.6305967058918
1329,952.9014348033254,2173.6761924194348,0.9068469246017887,-0.19770870988849962,0.020474515892577108,49,0.0,0.012028466010114114,1.0887952203177478,-0.09236551424512163,952.9014348033254,2173.6761924194348,864.1177427627449,0.0,0.0,338.4469226174749,-23.19085009721924,47.068183417321464,26.139831369150222,16.71397727347946,74.15388951246544,76.49196354657084,70.24062718106974,69.16714855072681,64.0789488695618,69.74566491604318,75.26503189613456,76.96266724294054,71.59996470400057,67.33256531035086,59.157278972929376
1330,2497.0363324812297,2173.8227264850284,0.38761563207787786,0.22680709417415804,0.36631271586660036,49,0.0,0.008731652489455736,1.2779553947411013,-0.266289239102368,2497.0363324812297,2173.8227264850284,871.7777018835639,0.0,0.0,337.7469903973967,-23.190539562738223,41.3864385361996,37.2360136051797,22.861150233973802,71.43732655647847,71.55131870429248,71.54826189848468,66.12995873513148,62.851448128633855,70.10683864365356,73.74049083629411,87.13273679918825,58.96542616014882,71.42068139624509,65.40961164965992
1331,553.0112297671288,2176.4974748733116,0.6766472025625728,-0.8254220446520436,-0.10702203245132916,49,0.0,0.03771408908270822,3.948725065613782,-1.4911422413789086,553.0112297671288,2176.4974748733116,1726.0110290340842,0.0,0.0,338.6281765627764,-23.18923468806093,78.7090142830497,77.87835049385356,31.11210915990351,120.76298933883166,163.4873129513325,142.35203377205823,120.21381971662208,155.4047333522081,129.20983398745793,146.89659459444033,130.30822422612053,143.07332767321108,141.92256430184767,144.6801211831475
1332,2189.191365706357,2177.0024446423577,0.5922450232089602,-0.3764284133579665,-0.0653931816593098,49,0.0,0.014824016746197023,1.8448600086560785,-0.6649085417189549,2189.191365706357,2177.0024446423577,1009.2400533084051,0.0,0.0,337.88653133779553,-23.189511465182257,62.60054576886235,33.584011307544785,20.122979019943017,82.81489016214167,89.3201382857167,79.32462034447431,93.70961695988973,89.246626842794,76.99178731405041,86.45655981891923,82.05807306215007,71.9594722458991,76.52316156845275,64.52757060756707
1333,2600.0797549046915,2177.089008716075,0.5375147879318609,-0.6894112307627807,-0.18968726056951837,49,0.0,0.011060398832116175,1.406298453731051,-0.3701937481061489,2600.0797549046915,2177.089008716075,885.1900347441959,0.0,0.0,337.70028909247276,-23.189051873640178,45.909062497860944,36.66396265349834,25.008842353627948,66.12850076651286,82.05333880296445,74.88833984705653,51.971494447193976,56.2656106835434,77.06161449960274,75.30173343068412,78.33485521771159,66.50066067820784,88.74233219478677,60.35968667094442
1334,3003.0166368591695,2177.907846411832,0.9234405452940996,0.06182101676506225,-0.4424698111663923,49,0.0,0.012262605379591044,1.3225992794324593,-0.30357070439829814,3003.0166368591695,2177.907846411832,693.633919100913,30.10663244289411,622.7069741777809,337.51766184452254,-23.188082620122064,38.16528807643478,20.61303811135329,13.308047862745326,32.352286283798215,100.25138214413056,58.32693220492774,59.45949714898903,57.06664821456183,58.31537737041551,41.95134658952588,46.135727395398916,70.50865753634078,58.28806972330343,38.89162043898777
1335,998.3455440822486,2179.010429801599,0.6455555662454805,-0.41273604486226184,-0.17499010807496032,49,0.0,0.05199496723365531,6.945429457683363,-2.104247761734012,998.3455440822486,2179.010429801599,1515.1952777878414,0.0,0.0,338.4263191547985,-23.188664423970167,77.75613549250266,55.58869955283629,22.9372449488501,90.84478390467768,113.55954271480068,113.08864431465972,159.50102999452253,126.14134163090392,119.48469346035876,133.97760550706568,130.68409091802727,114.61651245628113,129.86400866897975,127.15094422337528
1336,1083.732501684835,2180.0605056387585,0.6136374485324176,-0.2793337844399842,-0.0002132950711255809,49,0.0,0.10368646465887714,14.558800453083425,-2.907813983790809,1083.732501684835,2180.0605056387585,3012.8567310466983,0.0,0.0,338.3876146873669,-23.18828890745793,172.99628415731735,129.32354548287745,49.73266386443882,233.9785415665752,221.06268636686025,221.65988049495752,255.77141777407155,243.37372656049314,293.9726294017454,251.21764094864494,227.77793594204456,231.26010493550177,259.9024133335072,220.8272602176636
1337,1612.5756437077653,2180.1018315147044,0.26693431321797306,0.5382038202526426,0.21457434238132778,49,0.0,0.008114930368964565,1.3238083834056829,-0.30456281764587084,1612.5756437077653,2180.1018315147044,928.5388963642395,0.0,0.0,338.1479011972558,-23.188444900102663,54.60326951879831,23.631645501132887,15.53154615653948,71.29439836899117,59.757013647124396,83.26942264325129,77.98108449974855,71.9531707251748,72.5907601285185,87.35554749943431,74.10046160992158,78.47232948126896,86.12229935882988,71.87594722550529
1338,2132.664463040498,2183.09586578807,0.2944117876998941,-0.2541139683918992,-0.38628620214422665,49,0.0,0.008391944468922828,1.419630283544922,-0.3804381378543081,2132.664463040498,2183.09586578807,860.9990582369446,0.0,0.0,337.91215830130034,-23.187013726937362,42.1123388136062,23.60171357155805,12.207145427179192,67.67425107158735,55.096395342146835,73.22721687399581,73.316110421452,64.70649159505956,75.01974920267,73.5392011967063,65.75801052040771,86.433027942367,70.56809610572593,77.73931015248266
1339,2418.8194462781507,2183.5514932665133,0.3763378706458645,0.306071130026598,0.04717573954110041,49,0.0,0.008037943123212132,1.0963311585779618,-0.09985439317110002,2418.8194462781507,2183.5514932665133,809.3624755661601,0.0,0.0,337.7824550771637,-23.18657311985447,48.63340138632892,34.0413052990941,21.108626765327415,48.10192839817888,62.57639110725718,66.08531831880705,60.65035558572063,71.34394314051823,72.42773875598863,82.14111042931182,59.683319908770805,62.90231531556308,61.864464104936346,57.80225705035706
1340,2668.0488053493123,2183.3867100234534,0.3105465188222918,-0.12271483868463212,0.5851094674212247,49,0.0,0.007938628453692871,1.0411597871993885,-0.04379346492351856,2668.0488053493123,2183.3867100234534,951.2868256072461,0.0,0.0,337.66949133985145,-23.186336793123083,50.783373568413154,47.89586132842859,21.74631872723597,68.70318743473638,83.95588191647077,71.9930152469276,78.39268008061846,71.8626881420569,74.03966878161414,68.81460297734719,64.81446289227765,104.34902447821565,76.00558409555795,67.93047593734576
1341,795.3116140058418,2184.013945385915,0.5457674263249279,-0.18719902209530165,-0.10256567484779516,49,0.0,0.03769684471344294,5.340521338192251,-1.818959136601603,795.3116140058418,2184.013945385915,1526.7145362172523,0.0,0.0,338.5183423605344,-23.18639427222501,88.51787978199022,50.02860387273375,22.989948904066583,99.4587070041276,100.57377960989953,129.1666512291001,119.73859570736687,145.0756300706389,133.4083137271675,122.63065532342307,144.01194085564896,127.95560571725574,125.57620798273115,117.58201643110255
1342,1046.9431077916454,2185.704999822821,0.6155821024238904,-0.5577126607472743,-0.08628746960429373,49,0.0,0.00998970870161244,1.1931960359878289,-0.19177950471980007,1046.9431077916454,2185.704999822821,845.0476650995804,0.0,0.0,338.40428588367894,-23.185911545863526,40.02788595676009,28.73869080944942,14.377769422606937,37.82773286805173,74.42662087570977,65.61357427795653,61.51472407217591,57.06326774017681,73.7920471017375,71.45937041076411,72.34560981823462,81.87684622338669,81.02098367164925,84.96254185092104
1343,2186.2168484089993,2185.310683516469,0.6998656746549524,-0.1604776329924877,-0.06913841701789306,49,0.0,0.011726629216909838,1.2317598635567517,-0.22631512164607176,2186.2168484089993,2185.310683516469,1021.4765642346393,0.0,0.0,337.8878865538714,-23.186052065126304,62.63069010381351,32.09410791233486,29.573991691963613,70.84836582763623,93.62455423514024,88.63121459883112,85.89568997615959,88.459572973241,59.71091635377901,88.51091504669947,96.89485367077327,71.99946536841985,87.31084481392278,65.29138166192482
1344,1241.0912265155057,2186.4283949018295,0.5642012756769609,-0.5539520201765324,0.3332664353201166,49,0.0,0.009157736564503138,1.1723381064508398,-0.17263220452428066,1241.0912265155057,2186.4283949018295,898.18342037086,0.0,0.0,338.31628449619376,-23.18572515402065,55.10862238586107,32.39077398057601,15.696168775129301,58.67803003770694,83.6325267018803,64.96467727574294,66.52012831181727,83.81229076041029,73.92789655181988,76.74772416236156,69.55892298232942,71.49354012918309,76.35986744664811,69.29225086939364
1345,786.2395733797421,2188.008491997502,0.22620489639464447,-0.42599587599518207,-0.07097753419102112,49,0.0,0.01190190026175831,2.0701571958623965,-0.7900083113519102,786.2395733797421,2188.008491997502,1199.1860462747943,0.0,0.0,338.5224496910276,-23.18472040934465,65.19832320591544,38.357309161312585,16.424081404303024,79.39900361163527,86.63151181231005,85.85916653556097,98.98308273735987,118.98782148163548,109.74772957437318,94.61005837839195,104.44041926091364,102.56145822712597,106.32241086417243,91.66367001978442
1346,726.1558520575577,2189.4094709843143,0.5972209002360597,-0.33407647608501273,-0.08498826105346004,49,0.0,0.010083965805622968,1.160771578797295,-0.161866914919365,726.1558520575577,2189.4094709843143,943.0285575079581,0.0,0.0,338.5496808856005,-23.184070863759942,57.26992039057511,35.81683131250503,16.229797359257,71.65942982339047,60.663557201308535,69.1735813506332,85.81648892587972,90.2049686618484,87.26537003100162,88.83939041765969,62.5083700743777,82.54957613138383,71.94564034195483,63.085635486182895
1347,583.1453742508611,2192.7154852808685,0.5280446954792208,-0.5931832499629568,-0.0024606005157465937,49,0.0,0.060805220380300236,8.943709160720056,-2.3787941700197495,583.1453742508611,2192.7154852808685,1991.6665421537932,0.0,0.0,338.614494547267,-23.182517905201074,109.48541978947713,83.46334962171241,38.329185211033135,150.79711391350625,149.35030622938962,132.42536717254362,182.55491882923445,165.61192030957523,162.83926789660006,154.22566781418,159.84984691705188,160.3074834792524,188.06736644446087,154.35932852577594
1348,2544.5173504366076,2193.8610668340602,0.42832710701012716,-0.33022066581817744,-0.07824910147015675,49,0.0,0.03589232400194633,6.005330818913396,-1.9463423415335042,2544.5173504366076,2193.8610668340602,1508.9520754422201,0.0,0.0,337.7254958216038,-23.182133920130685,73.25739411897385,48.50168543989785,38.52533790553365,110.40623310838455,115.40073977807938,105.1393697454206,124.92427381496654,119.85385760656143,137.6016570988806,134.55191920290878,138.96247145741557,137.93475906973865,111.38921764614642,112.50315944931245
1349,943.5593669593071,2195.6063440521307,0.4106649174632602,0.02237902463687893,-0.09152306275081536,49,0.0,0.010160562634121009,1.4459156605146306,-0.400357403832427,943.5593669593071,2195.6063440521307,992.1443787704642,0.0,0.0,338.45113663443425,-23.181704912866216,52.3048732049847,21.512572744807006,21.035023034606485,78.99758810606511,62.01479520930799,76.31756204555742,86.72309409143327,85.84673970407955,89.35267529980972,80.21457579613397,81.11646097097943,83.59839794818672,80.89415648301485,92.215864131498
1350,1760.5808420198714,2194.7211124086734,0.5476178754131622,-0.3809116635008573,-0.0919202014062953,49,0.0,0.11657320848609166,17.95882574440264,-3.135694841212617,1760.5808420198714,2194.7211124086734,2734.5021279032294,0.0,0.0,338.0808165679931,-23.18233711303322,158.00277182386637,101.23676428257289,60.131509686807874,225.60784295872074,175.51523121748667,218.71332646525477,221.01985716320064,231.69750780838632,227.70023369249103,235.77348323406142,234.5027040299727,220.2546426097327,216.58054505937906,207.76570787129617
1351,1338.4656958619305,2195.870133624872,0.95046653180228,-0.30318773176231595,0.09144875564079244,49,0.0,0.014581856810457592,1.294708760694763,-0.28043021670323165,1338.4656958619305,2195.870133624872,925.291486510294,0.0,0.0,338.2721440792786,-23.181830443168842,57.73623781238819,39.15232182341447,16.969831249931254,75.47326020492783,68.25915314089832,73.25093064635496,73.29933852657659,77.06990903786124,69.17273675847319,92.66035554552856,61.537630140065936,87.83174059075456,67.12928215176605,65.74875888135281
1352,1787.5689034299448,2197.4300960191467,0.5320269441210381,-0.49044004467947167,-0.04788600011533749,49,0.0,0.2506368063704135,39.330205656858695,-3.9868155433321077,1787.5689034299448,2197.4300960191467,5506.79231413513,0.0,0.0,338.06858468967766,-23.181202313901572,277.59194543234696,198.16313619500846,107.25636518301965,430.3435888293569,440.5319701256759,444.2209514131373,519.431531718953,411.7593186385128,464.9527829776222,450.5383345949315,468.50774673708224,462.93560865291875,410.7796800868191,419.7793535497459
1353,469.7902224723435,2201.957240703596,0.41965840740618104,-0.6922200401243057,-0.04127960496463096,49,0.0,0.011973925712204693,1.3012362392875787,-0.285890374580687,469.7902224723435,2201.957240703596,1145.8995699461223,0.0,0.0,338.66585568161514,-23.178509434764806,56.440677806946184,49.791890418656955,28.515579713038488,73.50811471316807,96.9130404758555,95.52998100396098,86.82655946331383,82.15894987469707,86.87298557029446,107.47479981953369,90.20124212879738,94.36107925145382,102.58734459874569,94.71732510766014
1354,1532.725543753205,2201.21926697409,0.7653197013578433,-0.5815465031635939,0.06935484212354381,49,0.0,0.012657686606132349,1.2303685097824724,-0.2250880180201822,1532.725543753205,2201.21926697409,1007.5472574838427,0.0,0.0,338.18409371948655,-23.17964324566228,49.146488618172036,33.27488937547611,26.149003178384156,78.51722628983705,84.37194783386543,73.16435230798137,78.02780180674579,79.86137477829952,84.04478144698362,83.38791303523419,84.46449209120725,77.72803234477787,93.66474451546406,81.74420986141428
1355,2231.139453985335,2201.493272630493,0.6602377164549275,-0.2267213816716967,-0.0585684340351093,49,0.0,0.0996161391069028,13.613546828696752,-2.83492822400257,2231.139453985335,2201.493272630493,2160.631268554674,0.0,0.0,337.86753932741874,-23.17927407279653,112.73357597765667,90.05314254793916,36.60036208171074,190.04037226471792,158.61455704202018,176.11236999199463,184.22617156836532,169.85760589494774,167.87806779793175,180.9472109123463,185.9191515427687,182.01278906630597,180.0801249969977,145.5557668689715
1356,739.070067185482,2204.30414127668,0.24036708537446083,0.16324626332619344,-0.06895743410456934,49,0.0,0.010975679276847993,2.145913545114236,-0.829030552653398,739.070067185482,2204.30414127668,995.4954577226781,0.0,0.0,338.54380926672974,-23.177879556291128,54.35257444219299,34.475226193509734,20.24903638974108,62.69670936636434,73.66421273267498,81.85929442712089,65.36253612400142,74.05919133331949,103.86441400395772,96.06777945319325,68.0113447324508,85.66107397105633,89.09068144845966,86.08138310463548
1357,983.1683544414457,2204.333545360905,0.5942413240249323,-0.6131704337945981,-0.06213989040889464,49,0.0,0.022932180502700402,3.1578539091122293,-1.24848008624054,983.1683544414457,2204.333545360905,1005.4604707141277,0.0,0.0,338.4331762676133,-23.17810143571551,64.61598385115772,37.53960725434508,14.941453960882269,73.5970005376779,78.99684760166735,84.67234332834143,84.63563071799541,77.72013723548108,75.0169582637622,74.35224504073813,83.69078761574761,76.50016385465858,91.37255502980724,87.8087564218657
1358,1186.5456227482834,2204.6257945457796,0.3873641094584814,-0.09021214223187772,-0.04643694382525921,49,0.0,0.07797408374335024,14.647419192981491,-2.9144027769158103,1186.5456227482834,2204.6257945457796,2491.9724625037106,0.0,0.0,338.34099754053506,-23.17811571469317,128.98668312167462,93.1275115261345,51.71968062795993,192.182116878785,200.00784711087448,211.6101734094296,190.44007117420955,220.80177164790888,201.90938613838418,174.07063001199862,204.49154373188975,222.55841609380758,206.50573408677405,193.56089694388035
1359,912.3769938732501,2206.4943079476916,0.6530654384289828,0.3429119330111818,0.28755525334516047,49,0.0,0.020233443699188097,2.343152400074135,-0.9245013407399381,912.3769938732501,2206.4943079476916,1058.7803571693596,0.0,0.0,338.46525925348374,-23.177141205252518,64.09607720487429,38.74787816639103,26.981293848080544,76.97023467110202,81.28114899649789,95.10246591559584,90.43978335632208,89.57110058961887,90.44134151252666,80.70476054883264,79.85739686440937,73.21933432150288,83.50096953366089,87.86657163994454
1360,285.26339179662807,2206.2588568936017,0.5140683162347023,-0.9377043667832781,-0.1420873859391893,49,0.0,0.02988496052986446,3.7269146739978054,-1.4283736247366854,285.26339179662807,2206.2588568936017,1870.484358324234,41.19025462514561,1549.7407977434464,338.74947660586736,-23.176424482462192,106.59683438568638,82.11265926311845,39.6111281756568,130.1756454146002,137.9142372815072,173.0273797272315,162.43469620558216,169.54494930328414,186.21599648478107,115.39979040617959,159.14358413498613,158.6309673851628,118.29214922171666,131.38434093474092
1361,2440.981730492657,2206.7340939937358,0.5522572320871917,-0.20577721923122327,-0.053195739969473244,49,0.0,0.11647251553937311,18.02133373353142,-3.13946732338874,2440.981730492657,2206.7340939937358,2715.960014562921,0.0,0.0,337.7724376464617,-23.176890242595693,161.16020116334693,90.61774234253656,40.35080424808412,198.9970588089692,195.80869105779038,225.4606752267557,224.4949874272021,237.54480805102932,236.1959407230762,226.41360251511526,211.92850897253447,211.64637693060865,222.8066681225389,232.533948973333
1362,1150.5073267198652,2215.4531267496495,0.3900854411073338,-0.4649982921472269,0.2729544465636103,49,0.0,0.011068980550321964,1.8029352058460744,-0.6399502981577122,1150.5073267198652,2215.4531267496495,878.6057575974658,0.0,0.0,338.35732463327287,-23.173584247943438,41.13812262635639,32.304212956079915,16.200349467158738,54.98951023134883,73.1479523317586,79.86151526138163,80.97642912453472,67.9204275765669,74.60108311881555,67.4547975426514,69.89876837237783,65.20756110243657,78.46192780774533,76.44310007825334
1363,2176.3018979190656,2216.201551276969,0.21567046871890583,-0.2957843163786717,-0.4820616261646188,49,0.0,0.01668512582466705,1.1663947979745843,-0.16711393515086073,2176.3018979190656,2216.201551276969,4954.138272198081,0.0,0.0,337.89240600681387,-23.173188722337713,261.6507030687991,205.5823135235934,107.42506247917184,354.3986486190497,364.8999973507853,431.70572332239783,394.8021675194241,398.3001131737426,405.4634573602595,438.2119639458534,393.79660013544174,414.9270871537227,404.9570771161236,378.01735742971584
1364,824.6822992430319,2216.1815725218344,0.6175120428857559,-0.33496708350411364,-0.02565442458741517,49,0.0,0.04936261799816247,6.9006719412272375,-2.097228453712318,824.6822992430319,2216.1815725218344,1481.5140931816404,0.0,0.0,338.50499428019447,-23.173021733696164,84.34115112313896,47.384550849982205,20.455370727321,128.6696462081449,114.74682336518046,122.22120711085844,121.92111095535179,130.19478873013838,116.51127983568912,114.26691270042465,124.57818841125228,104.4001256108869,149.74905963307535,102.07387792019605
1365,1442.576591031436,2217.7360200920557,0.5609608105610019,-0.4745233364114738,0.8369781927069274,49,0.0,0.02895948338714058,3.124330675958385,-1.2368924823024892,1442.576591031436,2217.7360200920557,2515.6377384551297,0.0,0.0,338.2249500965932,-23.172748206876992,152.3578414635667,90.9780869440435,48.442863271366534,182.31680352099394,183.3735240276036,228.07659002051122,213.76226825162632,200.98591954034157,194.89852645848822,251.9298128162077,183.05529648384828,222.00608669223024,192.73728367931142,170.7168352849904
1366,2182.808367889194,2221.6296018797357,0.9650932479981778,-0.9258271568895833,-0.003371901627410071,49,0.0,0.034105490691021756,1.308924764865018,-0.2922867115965546,2182.808367889194,2221.6296018797357,11250.726501485264,0.0,0.0,337.8894616474812,-23.170922217932645,619.4356915974239,405.7342986336685,221.30381357971106,814.5404550242345,869.6981306774092,967.9669069437164,941.9075662958783,916.1320636335543,942.5230684622995,989.0945318617748,873.1683696154772,909.3533660600253,929.7347958446376,850.1334432554524
1367,2789.0188432482505,2224.1523154557362,0.6008277041726663,-0.045192156056367734,0.05642388693712167,49,0.0,0.014850063673500025,1.7397646966328097,-0.6012262846945721,2789.0188432482505,2224.1523154557362,1016.1971111488092,0.0,0.0,337.6147318774012,-23.169175118997877,47.65583682435931,39.10475454841898,17.323933636324398,63.95734062902429,75.93231378073965,91.080624882832,88.41914748408857,92.11594230216275,93.43692545367676,78.76007084189911,87.7190666055089,87.54114213236946,73.11427682388671,80.03573520351839
1368,1853.4910134082234,2225.5569572888917,0.6060415957410018,-0.4644415993318951,-0.056264248912659416,49,0.0,0.11402558088320995,16.442510585204445,-3.039920325293477,1853.4910134082234,2225.5569572888917,2560.105584875654,0.0,0.0,338.03871528715854,-23.169464223424608,141.66903008392973,83.08595614499066,45.796823076099976,173.10675646400375,219.8449088133832,208.83864252914677,213.45676056438435,199.41122986616068,192.39885981726496,263.20796044619385,214.01589026170456,191.29379973806795,214.5636114187113,199.41535565161234
1369,762.351040755506,2228.2896297631605,0.5269372990106017,-0.6676846424968313,-0.07625855180931157,49,0.0,0.018407794010426443,2.5386867250350593,-1.0115227801650257,762.351040755506,2228.2896297631605,1040.6260310381062,0.0,0.0,338.5332290567457,-23.167911688014097,59.79813585623422,36.89342858241459,22.353695649604308,74.6754799789417,92.98158641324318,97.842748689829,73.99420709057684,91.89737426223212,74.85733852282637,82.59883176072904,89.90131961689258,72.29433942298098,88.35957339790711,82.17797179369425
1370,2593.6905101950697,2227.7661540983145,0.8053596850606423,-0.21110712778894494,-0.329420421696867,49,0.0,0.021534921333168814,2.2715751556204427,-0.8908177753191506,2593.6905101950697,2227.7661540983145,1024.1039663914137,0.0,0.0,337.70325681987725,-23.167945717726575,50.48091951378011,47.216289720445346,24.938849349772145,76.94562766174161,84.44958566228186,88.13101614697237,88.4590541145005,80.52975169174297,65.86575116467667,104.36851137734628,75.30605689666137,92.74133005177022,82.86991328352428,61.80130975619776
1371,2359.9694181786194,2230.8456349082057,0.26448336098980646,-0.2899836110638647,-0.5340370117373379,49,0.0,0.0073454928067075076,1.096827594216543,-0.10034591997430906,2359.9694181786194,2230.8456349082057,930.109181834096,0.0,0.0,337.80918057749585,-23.166928219910947,49.15283920232784,31.431003637251905,24.872426502212107,68.5979582012538,64.3414317470898,72.38573274264368,79.67241095562065,78.0772419602527,87.26012423539699,67.4346216339329,71.63956332860397,73.91303148669788,92.71814038807075,68.61265581274105
1372,1023.4058748647062,2233.198702430836,0.2722310960532073,-0.6241080308344686,0.05408106237884844,49,0.0,0.011921050237068168,1.8870934692804453,-0.6894835291449746,1023.4058748647062,2233.198702430836,1407.0635047809042,0.0,0.0,338.414915398755,-23.166105829874354,65.81465489818866,52.127923754826014,15.062584004257868,97.4881309549447,119.65599641655878,127.87585874048587,92.9312157582428,118.67982269487791,114.45820857740895,116.98442917507101,130.64934880766353,138.15511878551132,105.92830203503286,111.25191017783385
1373,1806.998426537315,2232.4796057433837,0.6295529057699075,-0.417758277982951,0.03889638918749217,49,0.0,0.043802893080150854,5.985047461257933,-1.9426689967477602,1806.998426537315,2232.4796057433837,1362.1267002706784,0.0,0.0,338.05978846738077,-23.16659370188351,64.68744932414148,71.08592372227625,30.78994712612787,93.33754282976133,101.0470546947905,123.41509833563424,104.87074564712337,107.06961490180555,96.50958777067684,120.57596887417549,114.67784563089563,130.7688093128416,96.6785153336721,106.61259676675617
1374,1782.7725300212862,2234.181929870444,0.6144678881339224,-0.5078068509051659,0.27376598403538355,49,0.0,0.013181337692921926,1.467490968401532,-0.4164385927114856,1782.7725300212862,2234.181929870444,1056.6712076813833,0.0,0.0,338.07076822316725,-23.16589052171173,50.69287770542631,31.175918467424086,24.810327446738953,69.05968630574299,85.00425521049772,77.05538410342635,91.69691964039234,99.54218897516937,88.56600498091437,95.09770415702243,78.99572368145905,96.24822223653729,85.95705696521976,82.76893780541243
1375,1244.9482538986692,2235.887784978124,0.46997154453150947,0.25287419093757557,0.20216482315302411,49,0.0,0.012834800437053123,1.6666793728360756,-0.5546301513382297,1244.9482538986692,2235.887784978124,980.501178096926,0.0,0.0,338.3145111562475,-23.165119352599618,49.84049885778172,30.461808044929622,15.4641529763807,63.20833787638683,78.58128845531478,81.70219683006891,98.04284049154735,78.19555759795846,100.72967574082477,64.55045514710466,82.2236420223189,70.41747732765575,94.62755364936518,72.45569307928838
1376,960.1763069410072,2236.282322143866,0.6864469391072578,-0.22097260927356863,0.03519548991679536,49,0.0,0.046908003338171175,5.819240782038277,-1.9121658182916292,960.1763069410072,2236.282322143866,1591.1397289150832,0.0,0.0,338.4435679207115,-23.164771131189465,85.56902862178593,64.84209296443191,21.088182065779904,109.92491207386956,113.44629959629835,136.4690780354927,129.842815257778,145.6569056166444,117.63474468626852,131.82964658505668,123.41585127716037,139.8579122669529,144.86815221377935,126.69410765378463
1377,2187.4204605821387,2235.6242653409936,0.5197880977990252,-0.359823882937643,-0.09767597467655399,49,0.0,16.27844739893741,2302.0634053162757,-8.405293202882305,2187.4204605821387,2235.6242653409936,452663.1594086479,0.0,0.0,337.8873830975527,-23.165087796245952,24370.551618334866,16837.80118947913,8488.855242336962,32882.99842106487,36296.51197565262,36576.67514496941,38008.228567984974,37689.11520029245,37888.25046228678,37710.56142491716,37657.31327242794,37255.16299832667,37458.80434905848,33542.32954151587
1378,1631.7827767535077,2237.281276041382,0.4935960760819648,0.3142607788820404,0.1350593779516973,49,0.0,0.033065335887986665,4.025787904522105,-1.5121272267280466,1631.7827767535077,2237.281276041382,1890.1915476512916,0.0,0.0,338.1391975112904,-23.164620058215228,102.25506963132966,78.26365542106802,24.087399047262192,146.2335240662264,142.3619266894237,172.35116403895466,168.06131034816184,174.00750251744387,165.13274302681015,129.68119078860195,143.63382095791047,156.91023162470273,154.23214784541983,132.97986164797618
1379,384.29608651896257,2238.604039946208,0.3386953901663338,-0.47253707165536657,0.37802092338193743,49,0.0,0.010413624389032506,1.5394070098626254,-0.46838364959159634,384.29608651896257,2238.604039946208,1093.4921867185997,0.0,412.3685821704734,338.70453904908413,-23.163110811563765,75.3181484614074,36.4551658887757,17.399379043388308,71.10674881810895,86.30049206450921,94.2040833387675,82.37898732836561,91.29774144034232,96.18845650661143,86.56906165336545,96.10470250088902,84.25721052884225,104.31286765968363,71.5991414855429
1380,445.64194712004854,2238.902684287802,0.8037594629222448,-0.08870313091600085,0.0998933028592054,49,0.0,0.01844404083050133,1.7420863855143254,-0.6026742168369663,445.64194712004854,2238.902684287802,1156.2075243439344,0.0,0.0,338.67673918086405,-23.163080658412884,54.13398476838062,33.210832445278804,20.00896245254659,74.68135129709154,85.1791963312233,101.10457377595779,96.05927439029429,102.69513075558238,94.05606511701119,111.06298077639332,98.90846162348498,90.02337432731363,95.71490501399445,99.36843126938146
1381,2541.365200091927,2239.081935919416,0.34831068202648424,-0.12799751287304534,0.09283757697271108,49,0.0,0.011028911524398945,1.3524305830259344,-0.3277874576767016,2541.365200091927,2239.081935919416,1109.562403032854,0.0,0.0,337.7269851417317,-23.16329664757582,53.114947916440876,38.87099560912377,22.343992944362206,78.24662711722024,90.5330701161446,86.83947193855789,89.83389099891791,86.79885065777783,89.78367829514644,106.56559331280329,96.37119499395155,98.71762189608314,95.17422388249858,76.36824335382576
1382,1074.284801672698,2240.0773329147833,0.6375974319201949,0.15360424697964986,-0.11313801539668021,49,0.0,0.010049667575221338,1.0937639801993146,-0.09730904275504597,1074.284801672698,2240.0773329147833,873.3513455679238,0.0,0.0,338.3918520585824,-23.163276210506808,58.07513268451979,26.769249815758528,10.592835208017302,54.21602503995152,69.93276901464606,65.79412171655729,83.97884284387445,67.4814616883397,58.4465092625593,72.7456030034167,85.24388835131495,74.96381399597212,79.54063287311064,65.57046006988546
1383,1656.039802528956,2240.150558632288,0.7871157286340513,-0.1059091992004958,0.17736011237661287,49,0.0,0.03369201579985,3.7469207685031716,-1.4341862742572642,1656.039802528956,2240.150558632288,1469.4169774227782,0.0,0.0,338.1282044583136,-23.163423184467195,86.658977124307,47.947289867402255,28.780688983171572,115.81949885068515,98.71452310759416,129.62140702236383,110.05097206110058,114.15167938076542,135.67260251947226,111.36812270334528,140.33118974662355,142.67978983234087,112.07584162410771,95.54439459949859
1384,982.9721773687075,2240.4514866000904,0.5216012407570328,-0.4133851223121855,0.5796240548110785,49,0.0,0.010085836073308922,1.209404912973338,-0.20642932127691693,982.9721773687075,2240.4514866000904,959.4846093549003,0.0,0.0,338.43323338827975,-23.163052624408007,55.29732094701905,42.29074555784382,15.36928020835643,76.5620826207112,81.90930995029382,85.00446795884523,62.46062551315029,84.05433869853107,73.67690912350349,78.72449960802398,87.79530129128341,64.38527370019415,76.42587495281273,75.52857922433164
1385,2530.422619576737,2244.580796265352,0.45467157686926096,-0.23096797907645752,-0.14650245293744532,49,0.0,0.014350935587286041,2.1150227624163835,-0.8132876143114997,2530.422619576737,2244.580796265352,997.4498383625986,0.0,0.0,337.7319513066334,-23.161018836345505,54.26738911565543,43.76714451301072,24.892653775866947,59.261722038904935,74.8294728978552,80.32789070220176,67.62057210480211,89.33511247761788,83.05288242604668,96.78201300039335,76.44387457006906,76.83364171431974,100.18975736454519,69.84571166130956
1386,389.9948284331468,2246.0111014272984,0.5556231948055887,-0.9242461392840149,0.10244724502254667,49,0.0,0.010415356163026928,1.1641723797258228,-0.16504322832096308,389.9948284331468,2246.0111014272984,1178.7046093411932,0.0,418.3256183470933,338.70194384960877,-23.16003370821693,73.44283850359201,51.322177456183915,16.91468413711368,98.42835903490686,86.79053677285124,96.10760404358928,93.15800753650747,96.3009055603716,110.95789604184469,85.9405582098603,106.17286095850747,84.68759725128261,92.45856305245782,86.0220207821241
1387,1390.2809165440576,2246.845922486122,0.31882418449868044,-0.2585943541612354,0.15746643825534937,49,0.0,0.020899698616825918,3.533829484317258,-1.3706139748349664,1390.2809165440576,2246.845922486122,1331.2886527720211,0.0,0.0,338.2486431741874,-23.160606869060654,80.33674411704418,65.20518007734184,23.82033847239625,103.2263001503818,99.12651748017217,108.96941499324797,109.264307155296,120.77604721310487,116.09629880005704,104.63471707484388,108.53083972979147,94.34221436907586,85.8263894314496,111.13334370781801
1388,1018.8061013557868,2249.893480669323,0.5546449980811075,-0.29128598464396477,-0.03542229362330705,49,0.0,1.7107460381595418,263.58603220144033,-6.05230598162433,1018.8061013557868,2249.893480669323,32194.293564661937,0.0,0.0,338.4169861569503,-23.159146441987073,1684.729786322009,1140.2504335328936,601.9591501400243,2326.2105359171173,2595.4869514531,2591.5586984653573,2607.6634250562247,2775.6018248380688,2700.3250279977174,2607.78700274995,2728.5253718942777,2726.505118450047,2687.267016866689,2420.4232209784614
1389,1823.8123940374708,2250.262909956003,0.5868738841366491,-0.38917403446892873,-0.07211190990373503,49,0.0,0.14660519048589485,21.72339830415879,-3.3423194129388207,1823.8123940374708,2250.262909956003,3207.175543889879,0.0,0.0,338.052173946468,-23.159179479283473,160.81842982611408,110.4763935672829,53.78726953209082,252.20545118628326,242.59584369263143,267.75101137883786,282.60170284136154,240.38987427368932,268.0707767748994,273.2730313049788,264.8191266293128,272.15391696934273,288.4071947827547,229.82552113029942
1390,2267.9473055236954,2250.0651900935563,0.6301897681711338,-0.2969101876832497,-0.09285419738009913,49,0.0,0.5363380502624849,78.29896464777477,-4.734390048480392,2267.9473055236954,2250.0651900935563,8958.219252161129,0.0,0.0,337.8509027871667,-23.159005482075283,491.8171247035864,338.3247619348633,157.9640132961234,673.2680348044921,729.0924653751217,714.236959446627,725.9617162330273,749.6563235741658,769.3355025020205,763.5676563056064,690.2644160802918,705.9881664637123,767.2946501253006,681.4474613161894
1391,969.5657884300994,2254.621375697909,0.6139214765352312,-0.0852687325352702,-0.03602872026751829,49,0.0,0.25711121262266784,36.57930744803068,-3.9080886969224875,969.5657884300994,2254.621375697909,5108.287841036429,0.0,0.0,338.43929621137386,-23.15713785987319,285.7947748383108,199.78297250982638,96.94903352717043,338.3657041991381,369.9303169511692,401.2457471407715,475.7543752988899,409.81244776446977,392.0203581975174,420.08353995624356,415.59234962985033,446.25260572838243,446.6793469566846,410.0242683380051
1392,1470.719834387759,2255.3160816756463,0.6513743948016664,-0.4189324238471802,-0.12638316352469584,49,0.0,0.09693904193875262,12.939986985127815,-2.7798345988127675,1470.719834387759,2255.3160816756463,2309.847398665,0.0,0.0,338.2121878623582,-23.15709544193775,158.13773879436027,78.90624976716404,37.60508983581322,164.062848261051,191.0571630145536,182.71721484333125,192.68225172930224,167.11290187094136,193.71945946958934,193.1427578403346,185.4046183564978,198.90545344121423,195.30857134317006,171.08508009767735
1393,1141.094207627465,2256.6557747161514,0.4362521063148058,-0.3086757574605131,-0.22036558308687498,49,0.0,0.030574589436774758,4.952119462864937,-1.736977782193542,1141.094207627465,2256.6557747161514,1414.953300854122,0.0,0.0,338.36156391486645,-23.156411407185313,65.94276741333871,75.89248038252131,29.63525479095719,98.14515428095822,107.60364325478398,114.19462992965133,120.81031905844193,126.63865350351469,103.85901027562622,120.86431253735532,104.95939792367642,123.1364203549855,110.79917256769168,112.47208458061968
1394,2349.7490208758018,2257.71740171665,0.5906562159606007,0.07381621478360487,-0.0812848981627271,49,0.0,0.022677513423906014,2.934588770445814,-1.1688681283210893,2349.7490208758018,2257.71740171665,1147.4425764576167,0.0,0.0,337.81384108528704,-23.155742089411454,63.942877298205445,41.03645308741275,19.072427017775738,92.18988443479233,94.91965871048617,75.83357361880473,99.24426376439715,83.41340769724692,91.85988986708377,120.09453734635862,99.88724070673597,73.80444393297827,95.82929697120511,96.31462200413361
1395,2478.850018065823,2258.769147453871,0.3939743817333281,-0.5009890865442148,0.047871335285950355,49,0.0,0.008732496180987632,1.0615240680267515,-0.06482461352473572,2478.850018065823,2258.769147453871,966.4637255344187,0.0,0.0,337.75534003310696,-23.15516773793746,50.275203879083165,39.23535167008198,14.5372920860323,61.25688278357373,82.17889600915372,71.02661698842027,86.93591814650672,80.03365579856049,68.05413398820275,76.83258125508767,86.92397535014058,80.57549771484577,90.65491857455642,77.94280129017318
1396,2322.8800979267185,2264.154143072704,0.5169087811497277,-0.5856498635225993,-0.10455990457912649,49,0.0,0.01697711793131748,2.137830382917853,-0.8249331124660363,2322.8800979267185,2264.154143072704,1132.0546773468463,0.0,0.0,337.8260235097241,-23.15308583950913,69.10942098679399,37.0590749978836,16.302051131314023,79.16386999796825,86.84701112893826,97.56228371684,70.2058726360553,99.59953801625163,86.51162659332596,120.93387367984204,98.27692526101923,91.7002350797747,98.76091761728983,80.02197650354964
1397,2377.974923249145,2264.290989577521,0.5236091591630887,-0.014552769961697205,0.13000995914443472,49,0.0,0.021863571584272243,3.046747516513395,-1.209591164496372,2377.974923249145,2264.290989577521,1141.211944342435,0.0,0.0,337.8010576813739,-23.152975288353193,61.838337004614274,56.521701934998745,13.153161631522124,101.24615908788286,93.20691270413703,76.91194899689512,96.1209527353847,92.3110805909336,85.44243734576074,99.46444023526905,80.31519797007232,78.21405386657591,116.28557614033463,90.17998409805375
1398,2612.023273964275,2265.7360467251106,0.7199009962445496,-0.20665272101042326,0.12263869289324886,49,0.0,0.028394326210530244,3.256804558205701,-1.2819792430198262,2612.023273964275,2265.7360467251106,1165.9087965389222,0.0,0.0,337.695003425731,-23.152101960533994,64.3952483027864,43.89015856081218,20.956261880554546,89.24692135330099,92.18596683656418,96.9835847471913,106.86783148256379,90.33093723352992,85.3661693801142,99.8769504689793,98.25754746873031,100.93922578484714,92.20050888144857,84.4114841574995
1399,1823.0440530006097,2267.616597087983,0.33836777131949985,-0.06778931608561548,0.01522979899669393,49,0.0,0.012200001803628114,1.918829297924246,-0.7075908523323821,1823.0440530006097,2267.616597087983,1035.4792814813068,0.0,0.0,338.05252764727095,-23.151949175345955,46.14977158593352,40.31944346569472,21.565852997342837,72.05835085294649,76.19247668993785,84.74386661274201,79.19984531204425,95.89660210226262,76.24108901718431,87.90853897251093,91.0324218180375,86.72506034436361,88.63136243391219,88.81459927639416
1400,1933.4169179028136,2267.1603327248895,0.804229311104733,-0.19730107915701914,-0.06772004841879563,49,0.0,0.12657837897082702,15.174022967934444,-2.9527518427298416,1933.4169179028136,2267.1603327248895,2338.320921044524,0.0,0.0,338.0025114769125,-23.15209956356012,133.96040078155335,75.56737913329596,50.77069724056871,168.85456393251508,183.64503837366232,213.2432758682903,181.82648563115274,195.3995811289405,211.76898122268747,175.79369740879577,170.0607751527022,194.6381524166943,191.07652651994837,191.71536623371688
1401,1115.377194706551,2268.467238961917,0.49423792723802884,-0.42634233762752155,-0.3190012830354619,49,0.0,0.019440827664789717,2.341692396246241,-0.9238246143443939,1115.377194706551,2268.467238961917,1241.4588099785587,0.0,0.0,338.3732098234557,-23.15147437490259,62.58350257595663,50.76601069233042,20.690398406314266,92.53157634133149,93.26874578191448,106.2441133887607,96.32537196906107,104.61983376535792,128.04264721029136,101.34198404788461,99.4497710491372,95.04336049401576,105.4344810291242,85.11701322707863
1402,2458.4613010303838,2267.9870499611397,0.321525187572698,-0.3502231831451081,0.02265274916068202,49,0.0,0.010349712559266472,1.5197346351241838,-0.45441940314742446,2458.4613010303838,2267.9870499611397,1046.3555752392654,0.0,0.0,337.7645904078569,-23.151350059799775,54.047318312863084,43.41762519335495,9.672202696716266,59.82277993179426,96.22406766873263,91.38627817212073,104.73954276713039,88.15364209633942,89.60370401588276,87.22802710220095,76.45580395020222,91.100086012822,82.29899360855092,72.20550371055491
1403,2842.686633900743,2267.706985526915,0.6160397691574155,-0.08197785835271729,-0.03287040861207046,49,0.0,0.1755116995188258,22.410641801442107,-3.3761357353619244,2842.686633900743,2267.706985526915,4774.035633221658,0.0,0.0,337.5904879904903,-23.15094404509413,280.0396658314136,176.21970192697708,91.07912713144268,343.3881698322077,418.6233961730422,336.6916385702167,378.97487103794424,387.14032879199425,436.142057326009,385.1263565157762,408.2883282294739,381.0988606914643,394.10558794060114,357.1175432230948
1404,686.3646768453626,2269.767583522444,0.6040108700706501,-0.5601612194982187,-0.11511141891464792,49,0.0,0.03131008829143633,4.20667747900653,-1.5598480411209967,686.3646768453626,2269.767583522444,1228.6421108518239,0.0,0.0,338.5676113486717,-23.150543723748534,73.1389798281394,48.65997052840481,31.586537010930837,99.07397095405815,112.40084422173771,82.08922857446464,99.09215548218168,90.66985269070395,94.71097172286022,102.44073891750597,81.12289774653237,97.88579179849683,113.09608198712662,102.67408938868056
1405,1857.3745811956671,2269.801070970756,0.5021387385494319,-0.38488476289543955,-0.30164038636645907,49,0.0,0.011455417171799598,1.6258701016012276,-0.5277146120452911,1857.3745811956671,2269.801070970756,919.6859273757611,0.0,0.0,338.0369713955981,-23.15102833887995,56.09635266499286,37.12267278668291,22.821865276289486,65.77629216747472,81.73988430904186,72.18385015880057,77.81743700398546,90.17317054495135,77.64666778273488,45.479839728302345,75.34030539466285,85.11947007543012,82.54128921912303,49.8268302632886
1406,1334.700237536615,2270.719997853061,0.506585180520183,-0.19196164146465614,0.0049549162636368,49,0.0,0.2238920348671154,36.54936721542679,-3.9071996558867284,1334.700237536615,2270.719997853061,5112.591668534365,0.0,0.0,338.27382244063114,-23.150642440656352,290.2680415406048,217.67023897521597,96.23665080407926,371.9584452532678,404.01089837176164,422.2839521012731,422.03170489660874,416.44718423446045,445.3481342409324,386.98141646123474,409.72043606715494,401.73277024594097,464.99969379243714,362.9021015493933
1407,1775.0539475362152,2272.521059670426,0.2857433641640351,-0.354532437935761,-0.15803534960375962,49,0.0,0.007822114739792928,1.2590806632503178,-0.2501338854013644,1775.0539475362152,2272.521059670426,939.7125836237217,0.0,0.0,338.07427584911585,-23.149918045192,48.47307819123806,29.21871138858856,15.817190956834914,81.11711578799044,78.43370488284455,85.7145936685813,65.54623908644213,72.91900745989064,73.83105486590591,69.80781705052581,73.16922064178452,90.96380871494853,73.5331398974067,81.16790103073964
1408,791.6518244333371,2273.7981386831757,0.8449104979276347,-0.2128856028921961,0.05344039034246053,49,0.0,0.012801446135101972,1.0910574955041847,-0.09461909306633604,791.6518244333371,2273.7981386831757,927.3128193496905,0.0,0.0,338.5198976715843,-23.148981909438874,46.883033829267454,33.280104594485934,8.806037937074425,74.96213137598451,65.51772639521056,68.2428408420682,85.69988992995226,76.24253573082254,70.18021787943007,79.52207389654598,68.46716524390014,85.11843598376086,87.82691634352966,76.56370936765785
1409,2804.482167525339,2274.0423435448934,0.7133563710326465,-0.3760886921733925,0.03797552737758044,49,0.0,0.013377824272298085,1.3843024315514119,-0.3530774543577431,2804.482167525339,2274.0423435448934,980.9156989830113,0.0,0.0,337.6078098428757,-23.14836503039739,45.004537899346886,45.64552046483437,23.051036040594774,77.41926741639426,68.44534541072528,78.62829774699685,81.74967284907356,77.47271181652476,93.45875972493499,75.28952561595597,78.88337037830912,89.28979855043147,77.19970328768552,69.37815178120337
1410,1558.518239422389,2274.267179388692,0.7012816054352482,-0.6172780752973115,-0.04310506103568865,49,0.0,0.015320106603259012,1.8403327902380404,-0.6622409106427622,1558.518239422389,2274.267179388692,860.3744083661893,0.0,0.0,338.1723987776924,-23.149209107922424,49.74197761570423,39.76203524945477,25.85025890264265,54.73582026065715,65.75129254151476,78.08905099351932,62.48228539837069,64.25829696969325,74.26257716869043,63.682400742488475,70.1450866691792,67.30889735770266,68.58078686081268,75.72364163575915
1411,1382.867344066697,2276.9449197914532,0.6581715392390647,-0.34575202375866787,-0.08323589259511596,49,0.0,0.08845471852980125,11.996756172574315,-2.6976595803701002,1382.867344066697,2276.9449197914532,2074.980428517261,0.0,0.0,338.2519935581705,-23.148063873288425,108.38925306559658,84.5783026695565,34.76852560247082,150.6389822576166,178.74727876309763,171.05393306859784,170.1547796424359,144.80095584892842,206.2884524920604,151.99655853800374,170.2394970298098,158.17507353367347,187.0802293274043,158.0686066780088
1412,386.9489003825963,2278.4236064624743,0.8396150142397688,-0.39521306043366533,0.330175104584324,49,0.0,0.022284740462823648,2.0629141424589736,-0.7862028830300309,386.9489003825963,2278.4236064624743,1279.9929529299397,0.0,723.3472958165316,338.7032680465029,-23.146524650023544,55.15625484221649,52.583982069438704,20.877810664851385,105.67550101778335,81.11753931962946,126.58826876025111,101.74631516907047,99.56905941865223,111.16236352714697,94.7182285506174,115.46082154411438,103.27609367622932,124.92958351128848,87.13113085864974
1413,548.9921941952153,2278.872117929948,0.7542106312859921,-0.4694383523195321,-0.08012058681773084,49,0.0,0.02957927873851725,3.2785481025023406,-1.2892038999270912,548.9921941952153,2278.872117929948,1257.2630474267671,0.0,0.0,338.62984477342445,-23.146575481754873,71.49476346157157,35.4239487447192,31.514874782362668,93.64734942859934,103.3527416046193,86.36074762461077,112.92142058047858,99.67485172183714,111.75163683896002,102.78017031341759,118.60161994878118,111.74514138772042,90.22451473156555,87.76926625752401
1414,714.8979955333689,2280.152157700397,0.620857752058628,-0.4264233955184132,-0.21894986411644482,49,0.0,0.010943991790145258,1.1596661757106368,-0.16083247541286078,714.8979955333689,2280.152157700397,900.858973610839,0.0,0.0,338.5546689228317,-23.146250292425922,51.90282908681904,40.34122293611149,18.965376519862545,70.43247529005433,87.31429258562449,71.6392408546523,58.17658881062131,89.52485312287253,67.51255522339375,67.4131770567411,68.74854991400069,76.23056739212808,67.68040304208597,64.97684177587146
1415,1320.8548748766773,2280.2704637140805,0.6985316875451728,0.03557758097213351,0.38552192452328793,49,0.0,0.010120908752681308,1.0381674536795462,-0.040668524300303155,1320.8548748766773,2280.2704637140805,1092.3838321807366,0.0,0.0,338.2800926625369,-23.146658293528983,58.13249170333904,32.1612399806661,22.158932512093223,72.64948818006354,116.87256012053899,91.3707310358666,83.42382856012516,73.54085223992882,90.42798273523454,83.33584135448827,90.07427437746915,91.70597634490599,95.79777492225936,90.73185811375797
1416,1988.267067460858,2279.950142437495,0.5130369171010656,-0.2673237731870782,-0.05902796605950399,49,0.0,0.41727252525899067,68.07411205393903,-4.582454962981179,1988.267067460858,2279.950142437495,8553.354821423152,0.0,0.0,337.9776630006484,-23.14674502054971,459.24787563869654,342.3256797292688,147.1006700139478,662.8503100686439,653.9732283524986,683.704382324484,693.5512485817198,716.9586193134517,679.1656192042951,716.5538333412339,752.8617468277362,703.6289080904955,697.4171473509859,644.0155525856948
1417,375.3954209723363,2281.282125496264,0.6347356402445078,-0.7215645573699218,0.041227550578336644,49,0.0,0.011181293404375833,1.1149420548337436,-0.11813074263111108,375.3954209723363,2281.282125496264,1055.167664486882,0.0,791.7537100388402,338.70849792795826,-23.1453154392659,59.99236382057154,48.43162867142629,17.449067502412923,83.66276501435868,70.52559052997361,79.14340978846877,89.9672639610102,100.23350418963109,80.87623314207434,81.2804800116815,78.06880381850718,91.64901367613231,93.69478312584832,80.1927572347851
1418,1317.36639153067,2286.45396798054,0.5643665476522843,-0.5310489643151663,0.5677338299782282,49,0.0,0.011889160009340176,1.1422828209833238,-0.14443411350827742,1317.36639153067,2286.45396798054,1634.648237443384,0.0,0.0,338.28167092647493,-23.144080631919334,78.508040047989,60.89782166492762,33.063513722970676,86.68213673739676,147.17230134439043,151.49570249246003,130.60610432757778,126.07762734068558,145.87465242963387,127.59182248050107,138.88878700471935,143.81405156473244,153.25832752085358,110.71734876454585
1419,1687.1875774027292,2285.556856236605,0.6327268414946345,-0.4053235013714394,-0.0059724747087497665,49,0.0,0.29696475928837884,42.212303441604035,-4.063597628471982,1687.1875774027292,2285.556856236605,5530.382115023507,0.0,0.0,338.11409403169733,-23.144501465852734,289.68735034437157,230.32511336961312,117.25217637860399,424.16486119826266,495.6181680839201,484.44172323288984,414.79987253937486,410.65052333496016,448.7145359138809,459.6275266542457,453.3712133627232,418.39435608571085,459.5138474557229,423.8208470692275
1420,2593.8401939338637,2287.1557750259976,0.5466599991932624,-0.13057395245280937,-0.14109231213520038,49,0.0,0.06669703119755496,9.63538617458083,-2.4596728133397545,2593.8401939338637,2287.1557750259976,2042.1343297665226,0.0,0.0,337.70327305904635,-23.143201181084,113.29255302312157,66.40119981972842,41.993270366223264,125.99393316138017,173.14204006031963,157.36275369158284,169.12079819715262,184.59997127929634,174.68628275494302,167.3275440211915,158.67663777154044,176.77901878043753,184.79111991393268,147.96720692567243
1421,563.0000327046727,2288.9171702381477,0.2159477707206968,-0.8607460460380576,-0.2679423574579744,49,0.0,0.014829927615021766,2.5667381493854777,-1.0234539139093577,563.0000327046727,2288.9171702381477,1309.2666088172682,0.0,0.0,338.6234828363033,-23.14240923913859,70.5953316255453,45.4690969052441,20.172501527668366,105.57436616881718,110.16030274724937,94.34750563262807,97.33886387437308,79.39990467671745,114.96682150473579,116.00971803112733,119.32334487867027,120.9071384559628,128.5884849722663,86.41322781626272
1422,1054.0957393329782,2290.2540423817504,0.6194684540437284,-0.45832555257895957,-0.0642380272277339,49,0.0,0.031958679160686655,4.332759635332993,-1.591911491831251,1054.0957393329782,2290.2540423817504,1253.1299873234582,0.0,0.0,338.4009624223481,-23.142355896470384,79.7532135332101,62.67188721971743,38.28486431591857,91.67531351993412,94.65691923640365,119.34311775758658,86.81628953643455,103.92419554628235,85.3977996655798,96.09167776942107,89.11762441212707,117.80918830356265,94.44743007689272,93.14046643038736
1423,2581.745981279395,2289.716055540704,0.3419809251430488,0.27640039503391933,-0.02500966326737279,49,0.0,0.010356365284776702,1.4330217851073361,-0.39063198171560154,2581.745981279395,2289.716055540704,1069.9773949951264,0.0,0.0,337.70875654075473,-23.142149919981456,68.86632096695223,45.8785790569429,28.717537397095448,71.53408539724481,69.75766281621897,82.19354572076308,77.02078318898705,92.22364170590266,96.02183204493511,107.52042020696534,89.91788744026267,77.63926725330032,92.62241904233849,70.06341275721729
1424,620.8127983698971,2291.4040052829764,0.6166281066482772,-0.5587632306929354,-0.016269877719925482,49,0.0,0.08667369506461432,11.988639842610606,-2.696924783777863,620.8127983698971,2291.4040052829764,2328.382813268425,0.0,0.0,338.5972845473188,-23.141448625640386,128.98729942621367,83.32337363925882,48.03597097769182,202.28802422086594,175.49047972936557,194.63919374246342,167.7622515367791,187.36961032806093,183.0489501409033,189.36801646401685,193.26235687001179,170.45985385973336,202.8826346304984,201.46479770256187
1425,1317.0301138000063,2290.7554905329803,0.49937650169706066,-0.3764385652988248,0.04899193624489041,49,0.0,0.03021983740596009,4.275348176159922,-1.5774287215362979,1317.0301138000063,2290.7554905329803,1639.0586183497635,0.0,0.0,338.2818215656938,-23.142288256867502,79.73118239169773,64.06344944714704,29.190379255916394,95.160059748428,145.22878372593632,143.9507401023878,133.6126064357173,136.82331111642856,140.75315944236564,126.7654795329268,137.06131764737665,148.00143008581543,144.78894953281122,113.9277698848087
1426,3009.1795551925966,2290.9763241530977,0.4680892205241814,0.574416636596033,-0.12527081744421129,49,0.0,0.08512019046227833,11.934870008749506,-2.6920442328876777,3009.1795551925966,2290.9763241530977,3172.462575006063,0.0,1296.523621091777,337.5150956422313,-23.140963450111038,0.0,0.0,0.0,0.0,0.0,0.4005319668051055,120.90776136832743,127.51380933716261,835.716774665344,565.5807630373979,599.6673889817436,447.36823892730354,103.28799811588442,372.0193086060947
1427,421.1318314950784,2292.4792866280545,0.5687632925707647,-0.356068727864999,0.3061798664425737,49,0.0,0.03998143634629205,2.430506462525682,-0.9642419504174861,421.1318314950784,2292.4792866280545,4722.107332555971,0.0,1281.9013899326976,338.68775611790056,-23.14072149021611,248.91214391215834,179.42556855974448,97.98944675902034,360.07821104092574,365.9939722867381,357.4831893145489,353.3049411154204,372.3539502523829,394.80716007317767,401.49553619644917,397.9745219168374,393.4000036138815,394.2011361039598,404.68755141072677
1428,660.0089423091973,2291.4991277149975,0.37876276151369614,-0.1880647664915038,0.014751773807204679,49,0.0,0.009241851474922194,1.3101235846386663,-0.2932806620307873,660.0089423091973,2291.4991277149975,921.2013136648354,0.0,0.0,338.5795247789824,-23.141457724242436,61.243246586032406,51.3254645313628,14.42718034487011,51.272181608764065,75.92396261402446,76.33908715407128,74.00399627248937,71.79488970087672,86.50949113522563,70.87532656758515,79.51201455360703,58.94618901633482,87.74879302867184,61.27949055091981
1429,743.4373159237908,2292.2560992226113,0.598422190588825,-0.4868438047990531,-0.09907850472856057,49,0.0,0.3664756404102647,52.78584398067068,-4.306293674451434,743.4373159237908,2292.2560992226113,7451.5578562270985,0.0,0.0,338.54172248229145,-23.14123943442058,371.0738543773301,290.293681874641,143.1754646848065,545.6417644901812,574.5183884815302,614.178281165845,621.1943355569729,633.2039334142073,606.7530404862184,572.0630271740199,616.2731708998833,653.1410111064658,665.9483052628873,544.0995972521102
1430,2626.027770852619,2292.421286014317,0.6259849125463642,-0.13850346101629532,-0.07736421364164299,49,0.0,0.018936230221281145,2.154977908790759,-0.8336070561497094,2626.027770852619,2292.421286014317,1166.0891443716102,0.0,0.0,337.68869656404695,-23.14096526830329,66.73171304994993,38.10928805416057,22.825428210086166,87.38424640967378,82.51670271849139,77.54812884498872,105.45178960556197,90.61852017024546,101.6012842518573,88.45836322967145,81.81595502774545,94.75183659730004,124.27062692503134,104.0052612768468
1431,2285.2571787261204,2293.272068553059,0.7052264076111626,-0.1793341356868974,-0.07500275024092926,49,0.0,0.35958083754526593,47.197640143114576,-4.184800711709979,2285.2571787261204,2293.272068553059,6103.258718010187,0.0,0.0,337.8431006557636,-23.14098814177734,322.1679246261298,221.73396238349028,109.20841116434148,445.3343892008243,487.43960466800684,503.79037199229685,527.1494328468189,482.35498008862794,485.4225182535415,507.4739003971608,518.4703019718163,501.6783517782493,505.54116294326286,485.4934056956206
1432,510.56795614389563,2294.8855124515226,0.693085884393106,-0.7733562137609101,-0.4071014967152159,49,0.0,0.011089988216954123,1.089946111965004,-0.09351256628557142,510.56795614389563,2294.8855124515226,1007.1369762903869,0.0,0.0,338.6472302392944,-23.139850360727518,61.508355652338544,31.70749151799084,14.096786493493395,81.02396252134628,74.76445738348502,71.68493028275054,83.4256559017511,91.08088630480273,75.47062469069988,92.90924702355791,78.00240765240352,88.71453846562795,93.97751612328479,68.77011627685434
1433,419.9543100672129,2295.8345233593013,0.2718091339839863,-0.7119245683425349,0.5291673684637226,49,0.0,0.025232142311441816,2.1137179323330524,-0.8126175797032055,419.9543100672129,2295.8345233593013,4582.0199383161325,0.0,1309.6230507665593,338.68828398792783,-23.139321772521754,243.90314805306141,171.31221022742355,86.63821608725513,349.67320169844044,367.24347385647843,343.02064112676516,343.6095065892244,354.54464457816925,376.1415334273535,391.1090030130904,395.8024099530443,389.99874263444394,373.86527058650563,395.1579364848772
1434,1103.362651058388,2303.768936350996,0.6940047122000865,-0.26232100449537327,-0.13718308477457927,49,0.0,0.01838243344847405,2.1211960637378033,-0.8164520313386663,1103.362651058388,2303.768936350996,1035.3368466059414,0.0,0.0,338.37862918995654,-23.13675816912565,62.84022191059993,37.22777458510495,19.29362302055823,70.1694192313784,94.07028785366558,87.59771008852917,83.83886744359754,78.02719164682475,73.21665258912593,80.6455024031125,90.5493873435654,86.74873952642898,90.91672837870104,80.19474058474907
1435,834.2137668100003,2306.199406357481,0.6807673825073649,0.052803605903764025,0.05318986228603573,49,0.0,0.032053616641977506,3.159064052295023,-1.2488960790682455,834.2137668100003,2306.199406357481,1596.2483323642705,0.0,0.0,338.500576190039,-23.135525392891427,97.12931731397558,60.76643318165877,27.410473203134053,124.17240346749463,134.61449468216665,127.72154638469885,145.76768824179578,123.17936489357925,138.48445457290762,146.43182650845122,119.71827827365588,104.03964193885858,121.4443524491115,125.3680572527822
1436,1120.4348374738192,2305.9220838944702,0.6766424725897536,-0.5804180188469266,-0.4061101881865458,49,0.0,0.018487135781358625,2.0431156196443356,-0.7757323599887732,1120.4348374738192,2305.9220838944702,1026.2995823447025,0.0,0.0,338.3708923373224,-23.135871853982657,64.08971274845346,42.26614694603053,18.191942834366287,79.23793285885188,77.12300744622223,69.612339533529,87.71284084146218,100.57237349029151,73.45610747909298,81.3942720265046,87.61870424477368,51.30833787379175,108.53278090778161,85.18308311355088
1437,2773.82581487418,2305.7698475459174,0.5011698624950622,-0.26210793733389653,0.09023022382922025,49,0.0,0.1309235231118953,19.105523994352115,-3.202897383225812,2773.82581487418,2305.7698475459174,3867.605101997175,0.0,0.0,337.6217535051043,-23.135193342433453,188.36072198419583,128.94213273623063,85.1774555280041,287.9710937817109,328.8057222713577,308.037437353497,328.15423431617756,321.5320098335653,318.7454234075024,306.38998268491014,321.09726540974606,345.2231457002314,308.79014699808977,290.37832999195666
1438,1841.237297937988,2308.3039284086894,0.31484059387046853,-0.4959311460435151,-0.21537304112315844,49,0.0,0.014741532422897318,2.670056282248428,-1.06630103993981,1841.237297937988,2308.3039284086894,1083.6892045130153,0.0,0.0,338.04429724204016,-23.13499111502104,64.40620586955023,54.4372738804114,26.327217404592233,76.16204846707299,92.99566057241464,85.89047943479316,85.58742639170288,71.43765206516755,104.05338996833387,80.78683106177223,87.65454423126857,84.09820216965798,80.94838925387342,88.90388374240399
1439,2899.2276325770426,2308.202092179005,0.54573574985203,-0.1627526581005149,0.006000246516125685,49,0.0,0.06609415605791245,8.979647816821512,-2.383148259761139,2899.2276325770426,2308.202092179005,2269.725490722158,0.0,1810.0204101262777,337.5649435873806,-23.13397934065419,134.36806856247816,67.170288175905,45.430204073176924,172.02186988242283,193.48665239876487,165.39449989285515,178.02599941367362,181.93493424387134,202.44044192194374,181.5590812742126,203.71122925664815,193.58659831387604,196.02873859249829,154.56688471983153
1440,916.9577862453815,2309.6364628282654,0.3443093570987106,0.42166082646784275,-0.08477976681733222,49,0.0,0.021985760418920763,3.210657521785841,-1.2664849554990232,916.9577862453815,2309.6364628282654,1459.8280825022437,0.0,0.0,338.4630826222307,-23.13417099769929,68.76621010415245,53.81252505538305,27.53430709887754,100.98066329569961,124.45653752855614,118.02770362085336,99.12789011593831,114.34258442681448,126.28308040347251,126.44110837935979,120.66962201158651,121.36278559837766,127.4290859225436,130.59397894062872
1441,1960.0856702101999,2309.9238213121703,0.8056670176069518,-0.09095090541639377,0.23096449596456017,49,0.0,0.01956380092595249,1.829888973688265,-0.656061850586605,1960.0856702101999,2309.9238213121703,1081.7655384549737,0.0,0.0,337.9904483387866,-23.134269997608463,60.791927928246196,46.1912173106304,19.98019533717505,66.2082454749582,71.79432325739425,93.60148794186975,101.44409097412205,94.61058139065545,87.12268215816249,76.43835169702882,102.28403250528723,82.79414390897776,100.2222686234499,78.28198994701626
1442,2339.602334915696,2309.9281275442577,0.5842511974517517,-0.18331682739496988,-0.05736448315455172,49,0.0,0.04672857796758471,6.626736965769034,-2.0532493313433786,2339.602334915696,2309.9281275442577,1582.5355209268987,0.0,0.0,337.81849409387064,-23.13399831565405,76.74645355689904,62.033522534232986,22.171563336294877,110.8679114835089,119.36666821086936,144.58629007004828,133.01587354223906,139.73867406882465,117.75585178985524,141.79666500756971,135.7574164021359,127.63997460984076,144.26146821506515,106.79718809951474
1443,1549.9027762014298,2312.3517588609902,0.6113438775016145,0.04135926693335588,-0.007309572274589704,49,0.0,0.012526322505612275,1.6924952577953851,-0.571318651271564,1549.9027762014298,2312.3517588609902,790.5967090425485,0.0,0.0,338.1763001042988,-23.1333404206691,28.95169905910298,33.767182075848005,13.998911922057843,53.642818261465905,58.71922606624807,72.34851072940072,54.59101570348413,64.49729498065318,63.8702646352483,73.7942248871164,69.79874681189263,75.95920671548072,70.72758755861358,55.93001963593608
1444,843.1237607773248,2312.7245888335665,0.6822276839928102,-0.43701153848130025,0.07200708722685925,49,0.0,0.019949847870388667,2.4305812587328557,-0.9642753622605837,843.1237607773248,2312.7245888335665,1066.7094066710943,0.0,0.0,338.4965321625051,-23.132815475626103,47.642753170157285,33.19479394943303,18.771429038777,70.7563652083896,88.45992040571886,82.1846646994379,92.87664361876168,86.96724298517762,88.4666066200798,104.30420686532057,78.9775939369963,88.82639330295547,97.69325158868372,87.58754128120553
1445,1569.1490460995392,2313.178138347892,0.3748183911076399,-0.09454942985207188,0.04541331817772458,49,0.0,0.017962878136430223,2.7288498929792038,-1.089949117258491,1569.1490460995392,2313.178138347892,1242.079530009696,0.0,0.0,338.16757971984094,-23.132997125964675,66.99003544501423,54.8529766051883,24.081499585465387,87.45236104031419,103.52705670325716,94.16758657972409,92.63243589065877,98.03258729657497,103.19464957179761,115.66357708604369,96.26115848502396,101.88937182501557,123.20882992059003,80.12540397502829
1446,2441.8686389859567,2312.861699165949,0.523344590493516,-0.9793807196952575,-0.08265790235099311,49,0.0,0.013635470836325644,1.5410318522917013,-0.4695290386058434,2441.8686389859567,2312.861699165949,1057.6087955762755,0.0,0.0,337.77216293158375,-23.132671440777976,58.29978836740536,37.90324910328647,24.060643055572157,73.23986832735145,89.47155465121082,89.23237945357866,84.18301493925482,83.90918592374696,73.62972190342148,90.88272826343616,74.45436444054346,97.3333375857711,94.97463855056027,86.03432101113617
1447,624.4405104883165,2313.796725956647,0.3680932903841197,-0.8888054033500097,-0.331213367315778,49,0.0,0.012880442847012615,1.9698834212417928,-0.7361013128538454,624.4405104883165,2313.796725956647,1029.8211400599378,0.0,0.0,338.59560970715927,-23.1321234412762,58.74268198362044,52.88377640446345,16.469063564436738,79.89050624283993,80.68699183243862,82.25673823350338,85.24518468233352,76.36415612010416,78.39615660895709,69.01974193246758,94.77734015866812,93.42392133571903,84.05528797465281,77.60959298573283
1448,1034.305192977413,2314.9908725386645,0.47126148006022456,-0.4915042554147144,0.1553376901018872,49,0.0,0.013857815160343394,1.9769085039990175,-0.7399664240076613,1034.305192977413,2314.9908725386645,1181.6169764208423,0.0,0.0,338.40990987295254,-23.132034998686027,71.66814159116547,45.91071854821866,24.113916307970968,96.71663324323528,100.59829623068772,94.26267188770868,96.50419155432337,94.39202203654561,104.44109939497389,96.55916334297672,79.78016197004273,94.39430137323495,93.25976447191994,89.01589446783827
1449,2366.139377354397,2314.1488650497263,0.618647352614488,-0.029283404294837567,0.12265823948699399,49,0.0,0.017021687583759906,2.1163501695062923,-0.8139688182641793,2366.139377354397,2314.1488650497263,1096.0792161858703,0.0,0.0,337.8064752859645,-23.13221390901894,61.59517527233791,29.42997854077866,20.403601664447844,75.89722582076055,83.78976144450822,85.86167693306996,88.36748607231038,98.14513375769113,119.68767786880687,87.96667291241674,93.71777090018757,87.2616189283739,94.9980742327181,68.95736183746256
1450,2558.701443424018,2316.4185445900152,0.37202738949501646,-0.2477992889126438,-0.6464143119635971,49,0.0,0.009547891435187975,1.2547247641235517,-0.24637117404103986,2558.701443424018,2316.4185445900152,955.7393067305583,0.0,0.0,337.71923443994615,-23.131053432642908,50.69221159860386,34.84435552031954,22.37687165935143,67.13933221656046,67.46305989218436,82.32337287479373,68.22042344989254,76.97514610736633,64.9375668768556,68.54921044096551,85.77604111096859,90.51116651654952,91.74852234357664,84.18202612257002
1451,984.8055960180136,2318.972874650747,0.7467065843742317,-0.32015512212166336,-0.31520143766159164,49,0.0,0.018371861043311788,2.0237302217685844,-0.7653815433859854,984.8055960180136,2318.972874650747,988.1238920166218,0.0,0.0,338.4323336205383,-23.13033803322742,51.031810344294115,35.191343501619045,23.727614951414125,79.66318906277586,72.13979268077037,89.46296779217816,84.84530246774283,84.27309451790316,75.0726836341261,75.5296099884657,62.05562649370249,87.24968770599986,91.2620960089904,76.61907286663954
1452,1260.2371236737026,2325.4118269326473,0.7065823259581795,0.1430752691127547,0.2062664380682752,49,0.0,0.01278831192178411,1.4385563862307957,-0.39481722334994,1260.2371236737026,2325.4118269326473,917.1941643790612,0.0,0.0,338.3075388566119,-23.127825613975,44.870325464344575,33.089684845727845,16.086689931697027,69.65439021858838,67.58276180265716,78.5772388843232,63.60670382592555,69.07965109134305,94.4799246347869,73.53123704936684,78.6557441385497,79.78139907900952,76.9801749208122,71.21823849192936
1453,1486.7545021457481,2325.1016334949763,0.7175716712830602,-0.35574496286997076,-0.09984342854165006,49,0.0,0.09010764581894479,11.641415618684372,-2.6650144864379026,1486.7545021457481,2325.1016334949763,1938.485784038383,0.0,0.0,338.2049100609247,-23.128021402906516,101.12540340649919,74.87699130449515,36.86677227587759,148.27894468645889,156.46167091133216,141.82223519684152,168.9873846925164,170.9103379081479,154.9049805783394,156.106091591539,160.86220436506457,151.02012693556267,165.19233805205914,151.0703021336495
1454,2635.7620388299356,2325.8847077198125,0.4211967076860428,-0.6205825024665453,-0.6911408338042282,49,0.0,0.0103015594312629,1.1121917486195794,-0.11544917177605322,2635.7620388299356,2325.8847077198125,1002.4234405909681,0.0,0.0,337.6843354073763,-23.12701002726981,47.89045787104027,42.93824793147377,21.058983238438188,82.78822446824887,100.93020641460069,54.401567118825355,81.47431277598145,75.88943736699858,87.26378039661341,70.66561217803638,101.15402402535429,90.99010100744547,73.71261358788553,71.26587221002578
1455,2216.9332285853857,2329.9965869478847,0.7954526947008344,-0.06828677060274455,0.017031094356430812,49,0.0,0.017414654404559863,1.7270358131319352,-0.5932533588061889,2216.9332285853857,2329.9965869478847,1048.9028092855967,0.0,0.0,337.87409104277964,-23.125744412760767,64.13599141102486,33.350298375364225,19.629653279441275,82.88878018584217,81.83430706816546,101.98013877814932,83.67456603497664,86.23569515090217,87.04490042438488,82.10602444362277,81.97745138271961,75.20125970336849,83.60359667672502,85.24014637090988
1456,1607.5190510599248,2330.260143218219,0.42884584463489145,-0.1298772061092366,0.3670866121497401,49,0.0,0.008050540657404485,1.1961207398133613,-0.19443755194880752,1607.5190510599248,2330.260143218219,884.2519822856741,0.0,0.0,338.15019475883037,-23.125880424009953,58.96315106012293,36.6608840649741,18.434715834417887,73.11501008317892,69.47988850564974,67.04349272674406,81.02750855647591,70.40642934818112,70.30974756593591,58.50374800739888,72.32539248358906,74.66317285186648,65.17716032242149,68.1416808747177
1457,693.2758643506348,2333.4194334878653,0.45613271157135205,-0.3289073530769495,0.03863738435968271,49,0.0,0.11609899278443814,19.392274519050247,-3.219071876118641,693.2758643506348,2333.4194334878653,3241.186441746888,0.0,0.0,338.5643974080141,-23.12403164833806,162.77432646591376,110.69602211650842,58.72541884744055,223.83037296512336,221.5203311599388,247.87600688223262,257.46741241426173,261.47284172701364,277.6956237624258,291.41230748082296,283.4386856062979,284.64946618259853,300.6287206129933,258.99890552331607
1458,2128.011307141512,2333.367707047727,0.3628664961888614,0.0502178697733381,0.02270957803579548,49,0.0,0.022222233781096678,4.08717125051783,-1.5285570870590148,2128.011307141512,2333.367707047727,1244.6498014180315,0.0,0.0,337.914380407301,-23.12440564501042,73.73772022322942,48.343098368624084,19.772839671656993,79.74220430603448,112.7158599674427,108.35328086903232,117.77551589087805,98.52105420657695,103.14649870626815,98.80103538976886,77.35196900626012,108.28657232944306,110.91092427948593,87.1912282033305
1459,2370.410073444117,2334.109038627796,0.29972644198774256,-0.22095767264768473,-0.028904177247370485,49,0.0,0.009685064329628032,1.4999135786000528,-0.4401655919419431,2370.410073444117,2334.109038627796,954.2518184693541,0.0,0.0,337.8045622380432,-23.123893310876937,49.849692168351446,37.11406234888105,11.524886731084015,53.17112575207534,76.58874624698856,80.58599404841932,80.27305649217271,70.52844472457689,70.54670919390433,60.55675316639046,86.17355883346931,87.22683222569692,108.91860859424565,81.19334794309805
1460,2405.414336997217,2333.8360377100585,0.7363294769719233,0.07501419076586252,0.5019704998886066,49,0.0,0.023401533888884767,2.123234950603022,-0.8174951362682864,2405.414336997217,2333.8360377100585,1499.7223949717265,0.0,0.0,337.78870344120173,-23.12397139348154,81.85079497636957,52.99165225325089,28.97183228529839,98.36908566009066,113.70925476604373,114.95983217529314,113.56139932380748,129.49992447359932,114.88113640994081,138.6776049609252,125.02524882020566,146.15925310404052,121.0506031789846,120.01477258387652
1461,2887.108079694864,2334.881009190036,0.8919444383999267,-0.13187069152224787,-0.05270755450056424,49,0.0,0.022137152935586445,1.9353451608276202,-0.7168960772308111,2887.108079694864,2334.881009190036,1337.550219012828,0.0,1140.4832117010524,337.57048326468663,-23.12288428742023,72.06845945975682,49.98452813736127,27.929278499982082,85.87765879368254,87.65235386534414,95.99046364646233,113.19505405012681,118.5966343132911,122.04064470553776,112.45575180529286,104.55556514992159,126.45815154427336,123.97369222864558,96.77198281314972
1462,1097.6119795137192,2336.239725884059,0.5866074755940424,-0.8859953363785413,0.45558359154722866,49,0.0,0.014646082361671494,1.1117182645888146,-0.11498685202454313,1097.6119795137192,2336.239725884059,1466.7652460733475,0.0,0.0,338.3812115451116,-23.123225428570475,77.90427762538037,65.69378619953368,30.645662414207308,87.88011620235397,135.61588424425963,132.38682423495402,115.97133690878134,117.22337232923024,116.2938438333396,118.59860061936502,133.2995084120105,103.21265441497123,117.41051933493709,114.62885930002349
1463,614.2213968920295,2338.6740319406476,0.567686891676169,-0.4636480061618645,0.05413948555159853,49,0.0,0.03236112278473956,4.113951709799533,-1.5356479739323248,614.2213968920295,2338.6740319406476,1633.1468577597411,0.0,0.0,338.60020466373976,-23.12174552427285,86.38350905162221,62.495707979866125,37.7769628092293,121.41544451486692,140.85026877495739,120.76823305999741,128.80106892870185,155.05642053950208,147.4844009377189,122.89279000650983,125.93570617573627,126.75907111842317,130.1541782868997,126.37309557570977
1464,1096.485959683413,2337.8506032667055,0.7871779533070713,-0.1789350942189861,0.2301457908486011,49,0.0,0.016543763695737596,1.284481769523993,-0.2718198619081753,1096.485959683413,2337.8506032667055,1486.1914028160893,0.0,0.0,338.3817205337756,-23.1225535207964,78.43434695987176,65.50251238067565,33.75930058033097,88.87773464299111,134.07059981936058,134.08979504149363,114.17070983359625,116.0402934283072,111.66302348435309,123.64357703612349,136.62421933788778,109.37004283775069,126.14592516146784,113.7993222718793
1465,2023.775846220387,2339.9520435506256,0.9059708540017714,-0.32977500251043707,-0.10639257265738397,49,0.0,0.04324315644714847,4.427811957095231,-1.6154729218163983,2023.775846220387,2339.9520435506256,1258.3227762888064,0.0,0.0,337.96160893507465,-23.12172638278794,59.74164603163854,41.35974817187544,22.33387936706161,86.72826232521615,97.5110831955495,108.97015141894411,107.78552086977933,111.28327586990412,96.26830215783184,105.57933565066938,97.94645964967476,114.20755784995903,114.51765499167615,94.08989873902645
1466,2081.95786172634,2340.4554457260374,0.6739212028162564,-0.379111583811154,-0.01898019393278245,49,0.0,0.06327134942943319,8.59232178241782,-2.3352763324668007,2081.95786172634,2340.4554457260374,1599.5703351773013,0.0,0.0,337.9352500468592,-23.12148258856069,88.36522422328065,63.318929421749914,30.318820793234003,103.12852314468206,146.83541267383652,137.6225355865502,115.61634876501519,127.88609871129292,140.9714447090505,136.6459752433211,137.79538876864,107.72986205846478,151.62494902518918,111.71082205299447
1467,2880.6484923681305,2341.8879389931894,0.6357843812032136,0.05731793431403098,-0.10505596753842042,49,0.0,0.014159139225667874,1.216534970268289,-0.2128114939691064,2880.6484923681305,2341.8879389931894,1446.4145573536703,0.0,1176.105178256681,337.5734223254047,-23.119975692622297,78.33672628102283,47.48662312250996,28.59337573465599,102.65978365091681,106.19802359076718,99.69872239996388,135.5026345434299,132.13875823954447,128.15822115899812,130.10245492813382,122.16738888035724,123.87612170819176,118.2654586108625,93.23026450431557
1468,2364.2113723410057,2342.5247557817056,0.4471939166370472,-0.4976542351318226,0.17762145400156584,49,0.0,0.008870188891902466,1.2557865103828691,-0.24728953392609015,2364.2113723410057,2342.5247557817056,923.3678804608518,0.0,0.0,337.80737968527006,-23.120393077199708,42.68954283220764,39.89922189557186,14.534687841623194,68.1462134661106,56.889217044777375,73.87745738845287,74.3333336861767,86.93466590931062,73.16907774768067,72.70686584741378,78.96408545799162,85.71203583086438,74.4563851505063,81.05509036216405
1469,2482.7448619202473,2342.5626861164233,0.6078465343057103,0.2334144684681802,0.30928256025000084,49,0.0,0.010303438121734423,1.0659577395440578,-0.0693499679960123,2482.7448619202473,2342.5626861164233,969.8981181892484,0.0,0.0,337.7536804219041,-23.12025107975238,59.22081063836494,31.87969629385439,19.823223838694837,71.59002526002843,81.87132577853396,71.41401280302296,76.45946419559472,97.25265561719907,88.62741371044143,75.41039380561665,83.81781319133978,80.35391530112972,64.41020996339587,67.76715779203174
1470,1883.539957417949,2344.2026747631326,0.4844081961798226,-0.5263995156005298,-0.07794757086943682,49,0.0,0.02168535638490196,3.2693858558622764,-1.286165448577511,1883.539957417949,2344.2026747631326,1140.837537258209,0.0,0.0,338.02514452017266,-23.12001941615886,69.07131646289436,47.93888514645394,14.382176255017772,75.47781280251093,88.78844438073084,80.60476777508441,108.74250835078787,94.41168183703388,96.13877000727442,98.18793235657135,80.30142572226116,95.37566871180942,101.2501460470603,90.16600140271845
1471,401.21089594766545,2348.6454011124074,0.4767639621452442,-0.8951156759297438,0.1786684910632955,49,0.0,0.02131866721335102,2.651593720205965,-1.0587674545076387,401.21089594766545,2348.6454011124074,1395.3231531159554,0.0,1146.9506982288135,338.69668596369564,-23.11728996238672,94.67918160498954,52.83674090543876,31.872667216652513,98.8279754005488,96.2580608257415,122.9425988531298,111.38788366615141,127.58010828983016,101.50554269282071,104.8110214366025,97.98647666980484,127.05617036930835,113.53293181595726,114.04579336897932
1472,416.54667229595407,2347.4355518414663,0.7994186473423852,-0.880804651365292,-0.051020446445850534,49,0.0,0.017756229978767402,1.4279058916808767,-0.38674896385513224,416.54667229595407,2347.4355518414663,1366.7789834420703,0.0,901.2957108189303,338.689740881917,-23.11781766509995,69.93417063417036,66.96426325409291,20.778318866481428,105.85180260471273,101.61934200386874,121.59264320885981,110.01893179950099,104.71955846371114,106.88163299530585,113.7712889500783,107.62480113446324,124.60180835579364,109.89139900451552,102.5290221665156
1473,1202.1134554458436,2348.7613626862876,0.6657104524839351,-0.05053670709162916,0.7353203537971814,49,0.0,0.010897554233617672,1.021988548181593,-0.023615073426757477,1202.1134554458436,2348.7613626862876,956.6495132049138,0.0,0.0,338.33385972147727,-23.118069187828773,64.08607192496734,34.9725235516513,23.835744820532213,79.52792704304733,65.27806875836741,82.75784299356796,78.40183474416773,82.58089629715116,66.69234715623617,72.25647281246583,69.38287354099674,84.26964394114688,81.81454881195285,70.79271680866286
1474,1596.3755732073996,2347.789203243312,0.6544024592444355,-0.5476393369098964,-0.232266133303587,49,0.0,0.01339291007890104,1.4218849289123874,-0.3821611274813557,1596.3755732073996,2347.789203243312,959.7360312163605,0.0,0.0,338.15524340237124,-23.11857688055069,58.261039836241615,38.075342790066344,22.172103349897093,64.93792456134173,71.3407126200416,75.94402434098203,93.80910623199765,83.464736176847,77.07758422731048,79.7178336505403,68.61240665866413,73.3197613592246,91.44463170710867,61.55882370609727
1475,2093.520670606392,2352.7224211609714,0.4435241542537215,-0.2800006966705026,-0.10747397367834938,49,0.0,0.014138516068633273,2.218054249723351,-0.8649304100641553,2093.520670606392,2352.7224211609714,1112.6725715349633,0.0,0.0,337.9300201753166,-23.116364249563617,56.40000201669834,48.46467886774829,25.73700498335424,71.88393632411422,84.30638128570291,81.66092442543378,96.09236653704787,98.74319612638222,102.17355287571759,101.2547778846779,91.82257221973725,82.80782696612202,89.48562972671775,81.83972129550892
1476,2195.4569813253374,2352.5880000631046,0.5402473480029505,-0.2851186043911697,-0.00032265030869003453,49,0.0,0.025553437920701104,3.5943211930529304,-1.3890422090176135,2195.4569813253374,2352.5880000631046,1205.8326507495726,0.0,0.0,337.88384016069415,-23.11634853401738,52.876240651426166,37.11025358796949,13.65339793565311,90.59252125813723,111.08175771334957,88.25286896053228,101.79291359730163,95.15423445226199,102.10719616099931,98.92755145111965,108.98399096729563,92.88106166812011,113.86986116915287,98.54880117625365
1477,1018.9895770512263,2354.492340637185,0.8064370014147718,-0.12889779927563133,0.05584284572818722,49,0.0,0.02105927159584156,2.072894322065485,-0.7914429048804662,1018.9895770512263,2354.492340637185,1019.011063200473,0.0,0.0,338.41681634832076,-23.11556532143166,48.15708894808252,42.571191250026935,24.46045887620675,82.16885603467,89.9503248947633,82.09499534480628,79.3809343317048,93.46148322275465,64.61327877623299,74.73231681224706,74.0112148896483,89.57605853035783,90.53195160122225,83.30090968774941
1478,2245.2136874721637,2354.2703125614285,0.9198077495740111,0.25786020329021364,0.11943467563982364,49,0.0,0.012221449124568962,1.0315717460934466,-0.03374859664520117,2245.2136874721637,2354.2703125614285,952.8437306186945,0.0,0.0,337.8613006882992,-23.11560771103117,53.33052275247599,32.212694132400486,13.812763096068696,65.25607702989853,65.42889622943642,80.8262711601983,93.79068635384115,78.04753921523502,84.53404639792176,72.32381119740757,69.57235002231067,97.418034055849,80.91674087417182,65.3732981014791
1479,2231.7062178257893,2355.137867611041,0.7296816215960481,-0.07383319082221769,-0.14275180869080703,49,0.0,0.016459693472145005,1.7792456737810793,-0.6255897962933694,2231.7062178257893,2355.137867611041,983.8441362810577,0.0,0.0,337.8674206447199,-23.11525739024448,60.864062194940715,45.11105533466649,22.589128069673635,62.96981673970289,85.3682107978126,70.48362257753709,88.98119658763991,84.06571759387741,82.1677400989663,84.70153040760871,64.88452267976865,95.13593900106865,73.18281782588234,63.33877637191226
1480,971.5516968966182,2356.291746773098,0.6561338329207391,0.43561074217808754,-0.1281232548389992,49,0.0,0.010841351423166721,1.1628372117464139,-0.16379730275274013,971.5516968966182,2356.291746773098,907.8118790297054,0.0,0.0,338.4383051635519,-23.11477846769806,40.877129105267564,27.444350118466986,17.20218198608334,79.29832280920073,81.75917647467509,68.69283771517206,69.83972815764446,81.9311044603972,75.71491772644147,72.14016040828125,79.12083728586178,71.1942472186928,81.99180190801394,60.6050836555068
1481,868.0985135030365,2358.589726574753,0.5949389261326153,0.2876437001838818,0.17762886124701854,49,0.0,0.012859836407414463,1.4032330218371747,-0.3678244906409353,868.0985135030365,2358.589726574753,1002.2562343051455,0.0,0.0,338.4851688349854,-23.11372995029396,47.86255414355266,29.4052175790548,29.52432237828144,65.63804876657055,84.9974798305285,77.55594649272854,70.86903016057427,91.76622689770826,68.21286996518165,80.28648514234159,92.58465055814247,93.62449599900461,96.04716914236596,73.88173724911027
1482,2222.719558779288,2361.5523609170978,0.41601711175831063,0.10491308347953074,0.1853817508422767,49,0.0,0.009078891591602732,1.279419687711413,-0.2675325733921938,2222.719558779288,2361.5523609170978,893.3220739066159,0.0,0.0,337.8714974731102,-23.112592082451172,52.42167793052998,36.70187843276749,14.477997106868592,53.21652992461284,92.3269354288743,67.19419355127704,70.11180603496868,89.24972637740245,72.2694467421174,60.320773883340195,64.97155923187164,74.60083042445676,63.44186464319422,82.01685419433423
1483,1384.639064544993,2365.4283241830744,0.3578478884329832,-0.06570842884101243,0.056597024949019206,49,0.0,0.0172770554510836,2.409411936802013,-0.954777644024212,1384.639064544993,2365.4283241830744,1319.3171234174433,0.0,0.0,338.2511635065126,-23.111197353428864,82.3922388245412,46.27030718676894,23.068584080909584,79.00088953601369,91.01663839227787,110.40837842286899,124.8479807552636,102.66711588515065,112.45193042032304,89.38623328030835,122.153585924689,110.94923263634188,103.3143919117704,121.38961616021626
1484,1816.1593462855906,2366.561731785586,0.5309975949986961,-0.12643477871214218,-0.0034832633941260112,49,0.0,0.03977912455170781,5.9707378459054485,-1.9400700081436737,1816.1593462855906,2366.561731785586,1455.5878439834344,0.0,0.0,338.0556778888026,-23.110725171828104,76.42714146876399,45.548132056120764,22.362216267635695,122.9586193613697,121.349753254425,111.84157471925812,105.65538502984603,110.05729069441975,130.75179650292844,111.0942427365124,146.12326611878257,117.66648682570501,127.31760556851842,106.43433337914863
1485,1867.9778535487358,2368.479506647711,0.5875075259632734,-0.2447218343768348,0.16166235455703465,49,0.0,0.03018989721974432,4.129331083384765,-1.5396992633278077,1867.9778535487358,2368.479506647711,1217.033649119604,0.0,0.0,338.03220410842823,-23.109909939370795,73.09677455956036,39.89492009069022,30.350253037828807,66.98611472905974,87.75290002311007,80.83958854550468,88.30055292716914,95.37242078714553,95.61660296515163,112.38861847138699,109.63082183472565,122.51599340031191,114.95447838737417,99.33360936058514
1486,1998.7138449331533,2368.9878038520364,0.7902817131383371,-0.1258255663804834,0.07786341570906254,49,0.0,0.021957387930416117,2.435850970394179,-0.9666267847016298,1998.7138449331533,2368.9878038520364,1320.2463599739394,0.0,0.0,337.972979713669,-23.109641891268183,66.65859958002486,50.86498597336167,19.307610007572595,104.39790604831076,104.00158517654643,91.90547627921146,88.3595818638249,118.52350647527796,128.75176113185066,115.14099325273409,98.04497222922097,127.5096614665417,109.95542454816939,96.82429594129216
1487,1991.9646720524531,2369.7755000108577,0.5607546524098903,-0.09687521923316451,-0.230578754041188,49,0.0,0.027145137934974545,3.6687431363286724,-1.4112932652305892,1991.9646720524531,2369.7755000108577,1385.0627394800288,0.0,0.0,337.9760375809287,-23.10931714199144,67.96585171808931,50.22723227980866,22.211059436488906,99.44568406996629,104.90351062879829,88.85740608380496,95.31007469198629,127.93097751039657,139.24238731802222,121.71483925970476,115.71861655351938,142.84141258711884,122.09832905288161,86.59535828944273
1488,853.7530616963958,2371.7004369900633,0.6331443175550856,-0.3028115520299092,-0.23440447073338844,49,0.0,0.010933399687516275,1.2216438384421355,-0.21736152224417032,853.7530616963958,2371.7004369900633,897.9886465307229,0.0,0.0,338.4916535470102,-23.108253698321125,53.29101546562796,33.26572300549462,24.796896377310652,81.38399118328462,59.74829979523081,55.86355690947059,77.04285872047964,67.91299429776258,70.58598174530859,79.3676924892425,60.37318451494838,71.1842111491433,83.18059957008326,79.99164130733537
1489,1563.5335417674548,2374.1373011476535,0.3712415133753045,-0.4024481376619694,-0.17547470661207124,49,0.0,0.008042357028575137,1.1664773023708832,-0.16719073148284777,1563.5335417674548,2374.1373011476535,850.1660318192992,0.0,0.0,338.1701208483694,-23.10759796983868,57.5447092935497,37.40591093482602,17.50382505547833,57.4368856671715,78.4198077084231,58.65205004736778,71.01794974847049,68.95168666282429,71.84621102805616,77.629673517365,61.61908141892539,54.3671685498349,72.01186177496024,65.75921041204627
1490,847.0630116641531,2378.343114701649,0.7129668746416814,-0.6198310185125593,0.048836050418817986,49,0.0,0.011884423024162412,1.3079840463206693,-0.29150611716260555,847.0630116641531,2378.343114701649,939.6616840318773,0.0,0.0,338.4946769616884,-23.10547956519423,53.55488845146797,37.12779610913614,19.72139292385822,66.08732223773939,67.58114911874385,70.65303774256019,77.89288032297559,74.74294950636002,81.30825111641651,68.92515141140032,66.28131994069285,95.17570819408989,71.6422332814308,88.9676036750055
1491,1235.7352486504847,2379.1725078690974,0.5711279277504168,-0.23081644597174192,-0.2966261336609454,49,0.0,0.030908411764210896,4.019884192635723,-1.5105338545869709,1235.7352486504847,2379.1725078690974,1403.5037863407736,0.0,0.0,338.3186120089091,-23.1054149158235,90.36171134931412,51.55317899140423,32.301076712135966,109.10032943821943,96.51064362631982,121.67638183070062,118.83162699278371,97.74581156122184,124.49756286515557,107.88489327844366,120.41465732537534,119.68989916154962,116.44573472776787,96.4902784803819
1492,909.4236923237098,2382.9096682018544,0.5656696301876198,-0.35290872900711656,-0.28131661844105826,49,0.0,0.020979812295584162,2.8970929848853872,-1.1549060862787823,909.4236923237098,2382.9096682018544,1137.0838766762934,0.0,0.0,338.4664240687496,-23.103635148441587,66.9785926786549,43.19770950623476,19.26261275664222,72.48317261204943,88.53741359048661,94.81983842188167,99.43804179578349,92.157217480995,87.30970442783361,110.78301413475849,111.76937003912803,90.05108079654607,77.80486598936247,82.49124244593662
1493,1499.8044933098788,2382.773989000479,0.8165265140476996,-0.2710054917900167,-0.09918955433084507,49,0.0,0.019761607703002317,2.068252637174716,-0.7890089668931848,1499.8044933098788,2382.773989000479,993.1820118585348,0.0,0.0,338.1989891720696,-23.103993794986337,56.043051198393044,41.45187167888258,16.10159013733882,62.06955659567367,64.3051410621166,88.57619249853366,76.3479687088741,83.61486522704925,68.50186017199644,84.00187746215744,79.99620189239016,74.08318299255878,102.86425381745448,95.2243984151158
1494,1641.6892566119213,2383.9452584136434,0.2104299294151224,-0.25314354157727464,-0.0474413178293302,49,0.0,0.0062123173349529675,1.2027777862639173,-0.20046349662555388,1641.6892566119213,2383.9452584136434,853.9929786374098,0.0,0.0,338.1347165028378,-23.103511238842906,53.566853935597095,39.6934017745421,17.048193414634994,60.06080442623812,69.90495620142622,64.30769051242444,56.17577353373377,79.22254861811953,79.54526414941003,77.33987702181369,66.93879121125335,66.42668413324662,64.91634019527325,58.845799509696526
1495,2529.6577643808528,2386.5667951490295,0.23949390525529493,-0.6059764053076989,-0.3834439941622035,49,0.0,0.007233895353387037,1.1003758715219771,-0.10385264708821512,2529.6577643808528,2386.5667951490295,931.3729508187366,0.0,0.0,337.73248585735047,-23.10186213291508,52.1959606445635,34.98790862777607,19.126618514022777,73.36804153944817,85.548164984681,79.18458134879336,78.38899415195256,56.053501460817394,67.0975393708015,61.08570827880371,76.91423132578791,78.8522742737249,80.40399873667064,88.16542756089315
1496,2687.841929777959,2387.678105474634,0.6886875604859353,-0.2079939808298196,-0.33154725390601875,49,0.0,0.015895191402443554,1.3678901487777348,-0.34012805468969476,2687.841929777959,2387.678105474634,1148.955976569074,0.0,0.0,337.6608367377756,-23.101192989297378,56.316005056124226,36.577919165450126,30.953055588106487,102.08862402245546,84.3275139597341,99.85639940601959,89.28002602864869,91.05500348577706,92.14646602314991,92.01157306783452,82.28836794751354,107.10381465744177,95.49312833533389,89.45807982548463
1497,1303.7159533175259,2389.992338513335,0.6282889856628369,-0.5075065122321011,-0.16745272541209516,49,0.0,0.05900842458032722,8.20981566327459,-2.285833514807916,1303.7159533175259,2389.992338513335,1644.0020896349772,0.0,0.0,338.28781254237254,-23.100935880805896,87.24644961425255,68.98449489690725,31.31403462811952,132.66864617194318,112.93953928442559,154.39356614292296,155.07038284053036,127.25649101663217,134.3409355531975,109.52194621236369,113.8989825496088,150.73510702002187,141.4390807534274,124.19243295062444
1498,1772.076200790391,2393.1783501984023,0.694337917568387,-0.2971147083915643,-0.10144130770615238,49,0.0,0.041584234873211535,5.1034137092692715,-1.769651939824308,1772.076200790391,2393.1783501984023,1388.28369782702,0.0,0.0,338.07565470203417,-23.099646317387048,83.72886085500487,59.159235790310476,25.737465782781207,89.72158851013995,122.84809632484954,99.6329653907958,94.4189000623922,119.68607712847253,103.4116946482428,114.47343567793294,126.4210944564368,120.30495955790741,102.42101002875847,126.3183136129951
1499,812.9694552504499,2394.334924896692,0.7826251079559883,-0.015516822899063263,-0.08119140089838196,49,0.0,0.01729814031285005,1.629801978671207,-0.5303371018156207,812.9694552504499,2394.334924896692,1161.9044784129437,0.0,0.0,338.5101027985999,-23.09878270089826,63.25561146355724,40.3884591457288,34.109789820484096,103.13042733916195,75.44026613625637,81.82537822814813,94.09147774306473,96.84952070167245,87.84542075894977,99.25360814531327,99.43474369598019,83.69071763761994,107.50060822720215,95.08844936980464
1500,793.8060434132656,2395.161686937891,0.5491072848250935,-0.39165953955709276,0.01697913176514579,49,0.0,0.12086500000421604,18.20288488615325,-3.150350556617881,793.8060434132656,2395.161686937891,3033.0647528328973,0.0,0.0,338.51878207249854,-23.098418495193442,194.49990977822299,118.45379279371697,66.32447136105571,211.4096425936508,259.50046054579553,207.35355262940857,224.47652204661674,268.85881524115104,264.9334729617145,241.79337059067797,228.44275256764365,229.33401788013558,253.5438497115416,264.14012213156536
1501,2335.697720489698,2396.058050806473,0.5905696223212455,-0.27002533630628894,0.02576853981816501,49,0.0,0.024457522074037112,3.2919029367441905,-1.293617553396561,2335.697720489698,2396.058050806473,1177.318967164908,0.0,0.0,337.8203533908681,-23.09811625811421,70.06194368575824,53.56452691869144,20.14890952925431,87.87801178047394,101.42277353488286,104.12383058537522,95.02405591448553,97.82465956648976,108.92784053659486,90.0950128057452,87.68433713291638,80.6997115105786,96.50558755248471,83.35776611117684
1502,1142.666211468935,2398.5895307596506,0.6533700443375109,-0.15314527313837514,-0.00826951837080413,49,0.0,0.3523542554774016,48.42517293426708,-4.212677950827578,1142.666211468935,2398.5895307596506,6504.957286456742,0.0,0.0,338.3607589647861,-23.097275324271592,350.3409574111095,229.99838487048737,121.4734175563163,494.73114145466326,523.5614633823704,542.8842808281734,478.9195204042861,531.4985967015621,536.7824307241267,521.331436236438,583.2857284472597,549.9389564692117,559.6436610658898,480.5673109048457
1503,1430.5179002685015,2401.8755948907447,0.41862201202332017,-0.4676982195270055,-0.3982830291170604,49,0.0,0.00810849760281804,1.0159400991905363,-0.01717025570164271,1430.5179002685015,2401.8755948907447,937.0576744438806,0.0,0.0,338.2303708258525,-23.096022942294038,41.903678479713975,27.891497374039595,20.428840479315944,66.37401662281573,77.90528320887806,63.475400354252415,93.9730835856073,71.68138004566141,80.09782002334072,70.77399767804755,88.73200446466268,63.524601824791716,87.64502674113996,82.65104356161359
1504,1915.4733254094597,2403.30179027335,0.7839828322246781,-0.07365272059155588,-0.2343737502195553,49,0.0,0.01191031662745681,1.2612015566156372,-0.2519612452411354,1915.4733254094597,2403.30179027335,762.1443487292398,0.0,0.0,338.0107037775409,-23.095383288241838,37.963933115269356,43.93820649139677,10.844361633761947,62.85876121212432,66.67950996875602,65.50723273125558,48.622946663803695,68.69636166959339,71.11471526894854,67.09840746724983,65.07688525725227,45.35497309245555,53.67064944818904,54.71740470918351
1505,856.5439277999424,2404.975578139394,0.2988855030245431,0.26725175626743264,-0.39113222387528807,49,0.0,0.010076429194555947,1.0329483676571347,-0.03519653419108387,856.5439277999424,2404.975578139394,2670.2035007627223,0.0,0.0,338.4903540540794,-23.09439244155439,171.91945802473998,90.46260059174094,54.877444333118646,186.62726030526477,226.7192833420409,212.80205329237197,192.8474612693383,214.22621198403706,216.37760490351363,204.57236738396622,200.95612104815072,231.48010060347372,247.39426459155013,218.94126908941524
1506,2847.4949574759703,2404.530423770107,0.7021581534129618,-0.281513163027706,0.18608904885589617,49,0.0,0.011081382150083374,1.0413123575484373,-0.04395255579294415,2847.4949574759703,2404.530423770107,1000.9575346189015,0.0,882.3955205608115,337.58855230082554,-23.093930944506933,51.16061034626216,37.581439119453414,13.498215492777895,57.07218362169236,97.10617116760538,88.57874290164472,80.99196544827885,81.10685687174062,68.81311873004202,85.11643460489793,88.87497102963911,83.26414428165452,95.00288472252902,72.78979628068357
1507,2865.2282177763623,2405.343922761019,0.6548790006791261,0.5710961069845476,-0.11405402248045199,49,0.0,0.011846637281219484,1.1695109264854182,-0.17001070920678693,2865.2282177763623,2405.343922761019,1029.799261936755,0.0,1006.6421652413632,337.58052207103145,-23.09356324372438,62.03526783905389,37.61588181616645,22.024889452310006,79.74045877114051,82.71861362215432,91.07178281188138,67.07986236120419,84.81802845729095,80.62710327333059,75.54450111403753,91.09941884050122,91.81155104401145,74.48416849063726,89.12773404303519
1508,1351.5553802758445,2405.8459703970475,0.517295574355078,-0.2863870169444947,-0.07614613680930964,49,0.0,0.05710543813017527,8.982212847393027,-2.3834583553162485,1351.5553802758445,2405.8459703970475,1795.4752016254752,0.0,0.0,338.2661366088546,-23.094347307088874,91.22397039462737,70.22308135689552,30.194536137896385,141.51462919012707,124.78267509851625,177.37912985132604,143.26172980229333,150.54801324272088,146.7571083728759,146.81055372613122,148.66207087952046,159.96345897208408,137.60643638179005,126.54780821867037
1509,1270.3863339064742,2410.9756268010588,0.3664388091795915,-0.214160841394694,-0.0329775939902996,49,0.0,0.007210513260307101,1.0833981970452577,-0.08697027128388735,1270.3863339064742,2410.9756268010588,920.1605283571348,0.0,0.0,338.30290031472316,-23.092179667441396,43.29551270873333,39.88009162896387,13.946394811401264,56.68878609338252,69.12127081917032,77.2215976518334,79.21375443136358,64.92952853495123,94.42008835678145,79.27404528799988,80.95794261521799,60.95965524891777,81.35648516053207,78.89537500788626
1510,1814.659282348706,2411.0107487065793,0.40796548530035537,0.48570353433864555,0.03469854323385435,49,0.0,0.010492507264743487,1.355918634506402,-0.33058407330198736,1814.659282348706,2411.0107487065793,1029.855072054666,0.0,0.0,338.0563709948999,-23.092205800391294,62.694019112234336,32.764555558370894,17.451435188566634,88.06365807677312,72.58313005795846,86.0367493148013,85.22737397358858,91.40137515009914,74.42100014859173,76.87589796311994,69.51447599949071,105.60125288010809,85.94283234993428,81.27731628102866
1511,2712.987426704832,2411.580503809171,0.4432859823161248,0.5670843731745205,0.26240095399494334,49,0.0,0.01423523705133299,1.7449271975013365,-0.6044432796949992,2712.987426704832,2411.580503809171,1274.0496044843535,0.0,0.0,337.64948491169486,-23.09119863502312,81.3853847986307,44.00576802215236,20.52746208740474,84.4606630504442,103.47355047418671,117.30045196102945,110.89877081803532,107.3651363571678,96.27799634326901,103.36446893930786,119.49555210599081,91.96308245831196,101.76035235937891,91.77096470904391
1512,1108.2206443691812,2414.3654109678487,0.5589384580798092,-0.15417212461124422,-0.02650165535604984,49,0.0,0.05651888006600787,8.2458599427048,-2.2905898849109168,1108.2206443691812,2414.3654109678487,1856.4476561074482,0.0,0.0,338.3763504981084,-23.090681171441542,114.73867350296564,71.92284064536862,43.57617837829696,134.08681900831021,117.32262366003894,140.55134993576996,157.4384343838804,145.6442055658246,171.44402889894013,167.1824724978958,155.5631257094385,165.01382489507617,142.0365855100327,129.92649351560954
1513,1684.1958700306275,2413.5464177493427,0.4572870127798154,-0.24162041846704682,-0.201984588163401,49,0.0,0.011369540535646495,1.5829094602754312,-0.49864018667058313,1684.1958700306275,2413.5464177493427,936.6637155548387,0.0,0.0,338.1154649249697,-23.091174409928936,55.34304046395822,36.54015762586645,16.76227431810281,80.23070783837647,74.57250212248343,67.62552546663169,64.45536794213874,61.5239675520926,76.27034239979466,72.04013226892911,77.21248475694425,96.158338867163,82.36635905782329,75.56251487453406
1514,769.4705823862884,2419.724720478015,0.2549561301822681,0.15794771512603242,0.5950828463800376,49,0.0,0.00846868756119149,1.3593535910516614,-0.3333310970717138,769.4705823862884,2419.724720478015,1046.6594358061002,0.0,0.0,338.5297759015074,-23.08815872093766,70.66128923700262,39.704681221930095,29.121312238971942,68.73807276677086,93.07610177832282,81.23459912644745,87.1687702144127,76.07024036683721,74.02238498986632,78.06741439960678,103.11135585717453,88.78955787221277,85.30873135546969,71.5849243810745
1515,896.8475281376478,2421.8746008640087,0.2211879457191456,-0.5139617459481051,0.29881331363909763,49,0.0,0.00915490280261606,1.5269511736338899,-0.4595628752861098,896.8475281376478,2421.8746008640087,1026.3372325176429,0.0,0.0,338.4720817632705,-23.087389228026776,41.978644795461314,43.36418409973551,20.092539256306196,77.91262629949262,91.2980872875658,78.83123279162822,91.30331736709395,70.43515108629194,75.15764195914578,88.27782164611747,90.21659024403831,89.89410605792888,73.48981611836638,94.08547350847041
1516,2306.689265938294,2421.5006968397415,0.8649302432475949,-0.09543390226372726,-0.06635194425630082,49,0.0,0.016972117407202388,1.6738466946524755,-0.559289197590902,2306.689265938294,2421.5006968397415,935.6508246806848,0.0,0.0,337.83351861284785,-23.08754270373556,44.90778954576664,38.633898989804216,20.759885869766865,62.17807484186774,68.78154146951317,95.97002633904603,77.598720536916,90.29033010850814,66.6419528282549,78.44989460347709,70.7056618513204,71.91988666389997,66.77494134105987,82.0382196914838
1517,494.32815731701953,2422.971791924575,0.34431750138269507,-0.690393714086211,-0.22567498731950653,49,0.0,0.028668183273855,4.6993289847101325,-1.6800896240720498,494.32815731701953,2422.971791924575,1806.6705646610928,0.0,593.9235215707486,338.6543864393514,-23.08646166483353,96.10529873926598,59.05220531176205,32.18357548045639,147.3967442455267,158.51450273448475,140.4506277041799,148.1566890726736,159.354388948772,165.8917593463366,112.24780737007671,162.36216394484177,144.5236782478355,151.13866117921637,129.2924623356647
1518,1182.9024440938347,2423.524768245157,0.4419467695009767,0.15061705484959867,-0.07823487320619012,49,0.0,0.01014358418976855,1.0805331351297511,-0.08409522324334022,1182.9024440938347,2423.524768245157,1291.4693757036448,0.0,0.0,338.34251854757946,-23.086908818377342,71.5679518716964,56.819420458972274,25.796447530327278,92.938955571783,99.35058509022645,95.86337441305326,94.62818856880696,106.30459592311901,92.45817129968833,123.00248741596408,123.16066861259503,100.08795195185492,124.06051408290685,85.43006291265107
1519,1269.6681403474086,2422.9116360986504,0.6731551454075081,-0.4006019584232637,-0.11553583534202054,49,0.0,0.048213992715261896,6.251609120516201,-1.9899795402465592,1269.6681403474086,2422.9116360986504,1488.12737977204,0.0,0.0,338.3032199978327,-23.087206216008603,71.85316661755897,63.55980198100639,26.258177767698413,96.99686672621152,114.46305074015622,136.7583926732716,135.53136842916751,130.16418850030837,109.70000156748173,138.99665042278303,123.64266560166122,107.28400775625255,141.74197580526888,91.17706518321359
1520,698.8135481113853,2424.205777492203,0.5728133428691853,-0.6180554656655776,-0.06735243235726174,49,0.0,0.15965893801667103,22.47519973411119,-3.3792588998493054,698.8135481113853,2424.205777492203,4272.163411755229,0.0,0.0,338.5617720435217,-23.086212663668974,235.19405874857924,157.03759634258793,89.26441290160898,312.36877256867194,325.3780597300583,360.98386395469174,389.73170156192816,369.8941183741291,346.2271718775988,326.9852114052739,368.14250651128066,349.6397974958053,336.5885870741257,304.72755320888973
1521,767.6815380332022,2423.7207987881093,0.4846501216970099,-0.5759994297056648,0.345980702828833,49,0.0,0.01026245546884343,1.2160981240420377,-0.21242154632763027,767.6815380332022,2423.7207987881093,1077.8894765834534,0.0,0.0,338.53058145818756,-23.086491861566426,61.841157476064616,39.61206954040859,28.065237992785853,80.63025525307717,96.23627630714877,89.60052122625939,90.48279631833728,89.77415113762191,66.19293321505528,83.60507072263083,105.38862475080893,89.5182104786792,80.99646781305725,75.94570435151829
1522,1161.714127029781,2423.9062009050617,0.5933956805401223,-0.3181235955061578,-0.03213299771964432,49,0.0,3.0251517195615913,445.2063040567947,-6.621403263132956,1161.714127029781,2423.9062009050617,54372.80345163841,0.0,0.0,338.35211512075875,-23.086738176838352,2852.53456495517,2146.1879947379807,1090.0713022109708,4007.6352254437306,4272.472410378397,4360.473754925026,4530.687235427737,4426.238023075414,4584.953951574665,4506.7096301944475,4590.547477263895,4506.634810837995,4518.445175769996,3979.211894843
1523,2477.2988040213027,2427.083602211727,0.43809441322346465,-0.614796267099211,-0.10449586117616527,49,0.0,0.034475846014799666,4.8603186477168805,-1.7166618575223047,2477.2988040213027,2427.083602211727,1782.0214720066642,0.0,0.0,337.75625316786943,-23.085042224079718,94.19306693526694,83.5271630801828,38.49315534474646,128.07063077251397,136.20644206380948,139.33383305212774,146.36782845828947,145.5541788295499,136.64553876054285,139.61542909319803,151.4089629360193,140.3429502930212,148.85205741316162,153.41023497423447
1524,1985.265256000668,2428.012461454471,0.30716555771567094,0.4910108776811098,-0.06062180735705522,49,0.0,0.007640938670641037,1.0575012988751182,-0.06070227367313747,1985.265256000668,2428.012461454471,915.5891107559187,0.0,0.0,337.97910436902737,-23.085056034371814,55.3983486655642,41.39967663100647,20.772146329881757,69.47567972901541,73.61153809702834,76.81607300821618,77.03512325877088,70.33653228940457,92.51716159529778,65.61515237963755,60.53093615755125,76.86977853522716,67.07110844308805,68.1398556362291
1525,2142.395193412179,2428.7693192103075,0.6403397910807369,-0.418063131410706,0.0231340517184957,49,0.0,0.01899592242850842,2.27644918871643,-0.8931449028016659,2142.395193412179,2428.7693192103075,1249.8607686731664,0.0,0.0,337.90793733887205,-23.08464667037891,63.46911823375647,48.06864701080022,30.94047255442544,75.59727574321627,107.3425133647749,105.61075890086678,86.09415216715306,90.78256876174474,99.41049326165407,106.4374864732941,130.16833675564777,100.86472685832183,111.747756483947,93.32646210356384
1526,1955.6102872670629,2430.0161894095986,0.5921229725824015,0.057422013868158026,0.005822032625498839,49,0.0,0.017719638531389456,2.204343103381335,-0.8581979821510279,1955.6102872670629,2430.0161894095986,1024.6250684494323,0.0,0.0,337.9925368383669,-23.08423534919232,66.51928402280302,45.528261620739656,18.024316783099763,75.27018613412355,91.05842684904162,89.62383633119998,84.50567837636927,91.1688331094937,71.1421430895544,81.74656359425938,78.21391956948837,75.33313580916145,82.15159237101427,74.33889078908385
1527,2197.5660877164164,2432.5697557551507,0.6437683603209781,0.35597269358401185,0.6512108619562862,49,0.0,0.01135095856722152,1.2349478141293995,-0.22912151440522002,2197.5660877164164,2432.5697557551507,883.8488006595356,0.0,0.0,337.8829526822672,-23.083022656047905,55.32829641307971,35.24725034901978,16.910310248431564,50.03159552740205,68.00829091036528,60.07694786582786,69.8310176038825,55.88107019988311,95.50950355941964,80.60819815195148,85.9292962186261,61.93558040148716,86.2655383402329,62.2859048699265
1528,2453.71984365307,2433.1503009209746,0.5002988767138963,-0.13482349760898837,0.03278441191209205,49,0.0,0.016090494863383296,2.208461506371965,-0.8602245846981176,2453.71984365307,2433.1503009209746,1042.7513963997233,0.0,0.0,337.7669396443519,-23.08254092230754,46.34724482147793,41.13053838899233,13.165601025270833,92.93508418800016,93.64332923920094,77.84825899535771,86.24437849388781,80.69934406173688,78.49821693142336,98.98666464028753,92.92712046342896,91.14294129227214,76.87081354798833,72.3118603103984
1529,1183.0063709504961,2434.825656737542,0.8356891607574026,0.46459256046810393,0.2465633756774949,49,0.0,0.011816975527727964,1.0150717785502414,-0.01624188376617562,1183.0063709504961,2434.825656737542,1093.1803033997826,0.0,0.0,338.34246475915455,-23.082200367638215,44.16163514296533,28.953971720494394,31.834748030634614,74.09532663533213,80.23447683268628,69.38074650649148,99.87257768031543,93.0369500161085,92.883813062158,90.34816718990632,98.62344147284271,104.49351916025844,112.2201556103581,73.040774339231
1530,824.987491947327,2436.6709687125763,0.5956589129078445,-0.540452323249623,0.3328689625024285,49,0.0,0.01657117432763863,1.9952023754808852,-0.7499673830106199,824.987491947327,2436.6709687125763,1072.042897839107,0.0,0.0,338.5046123781744,-23.081155772874613,58.03650231882099,35.18884701449475,17.42018865272812,75.05823703370696,102.55201892774575,81.49029036544833,75.00746181980513,93.90180691458193,99.34803963618748,82.70480370262479,73.09999716858513,91.8520483458135,85.15637606708378,101.22627987148024
1531,458.47143182802307,2439.609852954356,0.49771875844779484,-0.7015861874452392,-0.12111545595501347,49,0.0,0.012815570214016605,1.1729566620023655,-0.1732049156235857,458.47143182802307,2439.609852954356,1325.137532301087,0.0,1093.254844824452,338.6705988871421,-23.079477621830293,84.6669076606835,42.0709015799137,14.514202054553172,99.13233491726811,113.80032023858138,90.20358878428428,103.66837706838096,120.08720410750561,93.75651052341874,115.09316464910049,113.35804823882808,110.48201961891935,119.43497142008195,104.86898143956763
1532,1135.6129333731162,2442.3211422269187,0.24961171305068214,0.07310093028151914,0.12816480468633693,49,0.0,0.022705682244051912,2.534089603132266,-1.009554917704302,1135.6129333731162,2442.3211422269187,3074.2392681651977,0.0,0.0,338.363924901459,-23.07905038608867,171.82210049607878,108.79574612141218,40.01225927707802,241.82540544339963,260.84396378276335,232.94178298911174,257.87794865914657,267.7391779127382,262.94686580077166,262.4689612113543,235.81279302303994,265.58899736043395,235.478957124243,230.08430896362665
1533,2136.0929796940577,2441.5320553178676,0.5880660535120359,-0.19459546228657373,0.04597542635318675,49,0.0,1.2140668016198888,181.58790189475255,-5.647717276825931,2136.0929796940577,2441.5320553178676,21632.804980268393,0.0,0.0,337.9108014616955,-23.079333492165233,1181.7767682743765,791.6779414880127,402.12572915532587,1583.2983662033305,1748.1610429492732,1741.0315488241067,1895.6687249890256,1729.9574663276887,1811.5206626332242,1771.2196061149068,1838.7264270046016,1730.614724956231,1831.5628973013754,1575.4630740469088
1534,1138.0780410831603,2446.1722471533258,0.28830946572874766,-0.28030142114683126,0.014437663293680044,49,0.0,0.016289030334856958,1.2609864478323551,-0.25177604779025137,1138.0780410831603,2446.1722471533258,2955.687403830174,0.0,0.0,338.36280591485297,-23.07744730585136,168.1739168450647,107.64142883023102,39.593901125553785,239.06212277023633,262.1618186081805,208.08048488352034,250.69305117159792,266.79363565310473,256.6837409994712,251.18369146153225,222.12766216056653,251.14432107257332,232.27392386541743,200.07370438312358
1535,923.6593651929941,2447.0249836467024,0.589837478519546,-0.3656780277234918,0.1426199649336249,49,0.0,0.01743055294920329,1.7751527396631694,-0.6230893176172313,923.6593651929941,2447.0249836467024,1147.896229428482,0.0,0.0,338.4599138204477,-23.076934340843533,74.44353194309312,34.574417985384045,25.209981233098766,78.96751079601694,91.06831310623814,87.61976133573415,103.74830607455682,109.4126259153981,92.64311058941398,89.29331037839937,77.8938562296578,107.30636050487499,96.70500937022462,79.01013396639131
1536,1369.517690441146,2450.3022399249735,0.6228617198416911,-0.06985426574607767,-0.09454107795342191,49,0.0,0.033324508844912684,4.604400984225714,-1.6579328451992457,1369.517690441146,2450.3022399249735,1172.5820447743672,0.0,0.0,338.25798581548423,-23.075830132592454,58.24739101846255,49.07520540222066,23.782479903409246,81.03901136463443,95.86104252112659,103.54645941681125,94.36970645009905,88.22049766957338,120.28316820976332,78.97987085379131,115.88620421979452,92.56432159619985,103.71752344705368,67.00916270142753
1537,1970.086206653612,2449.9811346503884,0.8363091660096076,0.06861771254545879,0.024516672585592626,49,0.0,0.019450572305326003,2.0194555276645847,-0.7630857340069914,1970.086206653612,2449.9811346503884,939.993779792401,0.0,0.0,337.98599088564237,-23.07591019390648,42.798577738154655,37.860600139052416,14.40961391069401,78.05393960691944,72.48086914854406,64.80906690228318,88.72878180987357,59.79429498342331,78.95666958083956,73.0888292413648,89.85286316022413,80.83163636450186,75.12909439570839,83.19894281081761
1538,2265.047776104964,2451.0433527846617,0.44361149783459547,-0.3802162192595301,0.1059280665394573,49,0.0,0.015523374809585804,2.3187813535780717,-0.9131494983615596,2265.047776104964,2451.0433527846617,1106.308866027843,0.0,0.0,337.85240699783316,-23.075270750636122,54.67784745228549,34.370899405248366,21.70667218531885,81.52425583164697,107.39464136070637,82.37440986424394,86.20751025375839,83.22528149451958,87.55390266716714,97.96573885532916,88.10975727137223,102.10639163701617,88.78504758193091,90.30651016729932
1539,1196.8509235563113,2451.4524064213883,0.35437034829574343,-0.7743277953143063,-0.758558933213478,49,0.0,0.01281335747771673,1.130184758507548,-0.13287361543712417,1196.8509235563113,2451.4524064213883,1533.2181132427233,0.0,0.0,338.3361848175212,-23.07528019063599,67.5562869655646,66.339488684536,41.93719082918329,97.57269560658528,120.25747985055752,116.62869723083696,102.45535804920937,131.7935998457771,141.6195996087864,131.63345925445896,141.16733000212605,144.41229953584323,117.86715048870272,111.97747729055581
1540,2742.0533196020992,2450.8882968794783,0.3896288484184006,-0.18577595243888378,0.005372546177334836,49,0.0,0.07253697058883145,11.681791237484338,-2.66877360199881,2742.0533196020992,2450.8882968794783,2883.0489348137758,0.0,0.5747844224443209,337.63638439135286,-23.074779340242692,126.34364036447545,106.79172218297214,55.15690953644973,229.2924837499146,250.07820536230525,238.74892596485776,240.5672830682459,243.58952516509785,239.32215781338016,238.29478853521536,218.07004383413687,249.12936331444058,247.77315267099635,199.8907332512876
1541,2898.7935126193415,2452.62345697297,0.8787200503719943,0.3593973427854933,-0.35183402768706745,49,0.0,0.013152129931328544,1.254781704623024,-0.24642044457496734,2898.7935126193415,2452.62345697297,630.1115359113298,0.0,456.4850923242303,337.5654072595904,-23.073809625632144,56.95079960286402,4.087843953431038,5.233928355664356,10.328112401706376,22.78242959569668,49.25462510600248,49.089988798977444,49.33034966586811,72.22005934999139,63.97436755571397,56.08376842651425,58.12521828957131,94.36111043990797,38.28893436942035
1542,1355.5629834712686,2454.0724827916824,0.4962086980632087,-0.4518023385427231,-0.08025401943713562,49,0.0,0.0458807210908746,7.407897140253333,-2.174237358681684,1355.5629834712686,2454.0724827916824,1508.3097741814433,0.0,0.0,338.2643045159422,-23.07425497472194,76.02807403164098,65.77584019494515,30.2489176220302,119.49779076533098,134.4231797121878,109.98631348194837,109.81308103029792,118.25022081851377,142.77669762568223,117.86847472783349,136.4007451401234,130.86219961032813,94.72753031370438,121.65070910687652
1543,1526.9349057721106,2453.504081876168,0.2782802651404179,-0.43992762592963797,0.28895554353485736,49,0.0,0.014298493397214668,1.9117937158372216,-0.7036025743131485,1526.9349057721106,2453.504081876168,1203.7666778582716,0.0,0.0,338.18669189354716,-23.07452702619316,53.38816457300324,47.74319107456395,26.195348540852507,90.15352587782843,97.08229436594023,100.15590851628893,85.30224975987039,90.3179985661684,86.83487689373936,109.46847987532668,117.17532948280237,96.69780713251558,100.73415232933547,102.51735087003614
1544,1565.8145116908518,2454.791641053424,0.5023315367133075,-0.5616123652409578,-0.022837498921116767,49,0.0,0.06171758627819032,9.711591569201357,-2.4682260235546933,1565.8145116908518,2454.791641053424,2034.178398249096,0.0,0.0,338.1690835747599,-23.073993280216335,93.69175971165762,71.13990168941322,40.9614971634943,153.85608257113907,151.21203697060707,142.4780061611994,161.25548090946012,171.4459067234697,168.42648594708416,192.4811587875314,180.75125987626836,190.37532592274903,155.25430693467345,160.84918888034932
1545,2553.9039121227524,2456.48846113803,0.6477081264471788,-0.371990574648675,-0.5741385890554532,49,0.0,0.013639363113055776,1.3636457168066645,-0.33675388177355925,2553.9039121227524,2456.48846113803,1118.2526314499391,0.0,0.0,337.72159817711616,-23.07270047864694,62.80660457121573,45.59972143237103,24.283701212157446,87.17102194906475,97.30312230993735,81.01693392565463,85.54903622098932,76.73737460497637,83.6625941414074,95.63279578722666,88.54020331973544,85.17944430071697,96.29625234015381,108.47382533433209
1546,1017.5344695543571,2458.795251668676,0.5636467286493638,-0.33285066020314724,-0.08423095517066789,49,0.0,0.3630591947709216,54.99105908775644,-4.350730209894788,1017.5344695543571,2458.795251668676,7462.710950918674,0.0,0.0,338.41738896921885,-23.072106638549137,432.93089813970073,297.0655857276637,164.20865975010133,526.5759992493433,615.6302617653643,597.5161367180149,613.8222289070895,613.6270359461971,607.0294538074081,597.7926711699522,580.5272521039959,633.8392392848871,626.4899056174962,555.6556227314597
1547,1289.9579951271555,2460.4430236594667,0.7112951266865406,-0.298348117256712,0.06911063344900427,49,0.0,0.016342791221957125,1.8346680428001985,-0.658893740650352,1289.9579951271555,2460.4430236594667,903.7579992078538,0.0,0.0,338.29401347082495,-23.07157717440427,33.55241852117243,38.327752450689985,20.171675267236857,66.52529714637308,92.14373515694717,82.30377928174276,71.28420399886716,72.00135243980783,67.9166172693917,69.60483153515636,58.6635309452071,74.59424601941453,80.87323754731766,75.79532162852922
1548,1870.300707604009,2463.211454207479,0.8825282745983413,-0.026281003118249085,-0.12655908559890494,49,0.0,0.011983316029386681,1.0726791945996106,-0.0761746431095559,1870.300707604009,2463.211454207479,888.2449138455455,0.0,0.0,338.0311882202847,-23.070438967091064,46.703330672576996,29.42486251066225,22.93398705544898,53.413153163721034,74.50865898232576,82.24985757243564,86.86976350606389,53.95452064857106,62.34768214539129,80.113804092503,65.7965474772403,69.17718368415964,83.24846906194902,77.50309327249673
1549,2006.836055687352,2462.2984341657448,0.6805039570854747,-0.3929240195067512,-0.36037545366845225,49,0.0,0.011834441667875732,1.2832194865941522,-0.27075236514645934,2006.836055687352,2462.2984341657448,880.2653121961839,0.0,0.0,337.9693542731866,-23.070759806397255,57.23857049416526,32.82410407379198,14.753463465575312,57.475779477227945,65.05786416118836,61.88587092796247,87.27957766459672,78.41389146103793,58.975178855671466,80.23808047711375,89.52317794158839,68.54953701051909,66.47691563678144,61.573300548963886
1550,2215.766607439018,2463.198801810666,0.48380689864113885,0.29620113182939795,0.4490021762586256,49,0.0,0.01142881510029957,1.4323616583571501,-0.39013171811093733,2215.766607439018,2463.198801810666,1021.3740368749206,0.0,0.0,337.87473628651827,-23.070246943387236,41.46376795955963,35.97581507506898,22.281516260589328,78.65052755330959,86.03680059431724,76.11455747609122,66.00029076214048,96.46984529204755,81.61734607159019,97.96478993754891,83.09353983840153,83.9827500817999,90.82576252621772,80.8967274462384
1551,2663.9985926465024,2462.1156073938378,0.3488158886713993,-0.6795113632625146,-0.38145719936220945,49,0.0,0.007996275475533403,1.0142468848115531,-0.015359206183132188,2663.9985926465024,2462.1156073938378,1058.7833117829316,0.0,0.0,337.6717493445668,-23.070212718808868,58.45759068452945,41.02340715815406,27.734746556394022,71.51861632361675,74.43278214663997,108.94102136123736,93.18710161696609,88.53839687125956,80.89892693275577,87.09525815411286,85.41711850144029,75.02671808661114,83.53556844880445,82.97605894040976
1552,1944.2103532613226,2466.274277061559,0.7691079239988172,-0.1505307874437248,-0.21711061049693028,49,0.0,0.018798502371769922,1.955162020104649,-0.7279568807003667,1944.2103532613226,2466.274277061559,1050.1864040686305,0.0,0.0,337.9977178578363,-23.069133586772814,67.73572698120186,38.46016495150624,22.88508234370832,67.0116577782036,76.46787114909358,67.96611537754,91.67759041793659,91.71583162825829,83.7803319472828,78.81676377815111,98.38447589481345,86.37633281520635,92.78962816043045,86.11883084529775
1553,1416.4254116202903,2467.2778896914488,0.5273577951021797,-0.13912623733612775,0.16036369078987278,49,0.0,0.010743610644022239,1.2493826154238048,-0.2417386466173735,1416.4254116202903,2467.2778896914488,1165.561599479058,0.0,0.0,338.23673708432915,-23.068769794566638,51.19264078137019,39.94559068423848,25.187825370860626,94.17406012074818,99.19035019450975,100.2755031691934,86.95444569274338,91.57102530211156,90.72767858298496,102.69216833820312,100.55156533459979,91.91252278879031,98.52823342647304,92.65798969223141
1554,1517.6124468112023,2467.0072093811186,0.45159895822255813,-0.28825798512304407,-0.4464117949430862,49,0.0,0.01606409724629841,2.1646056931299418,-0.8384469908758758,1517.6124468112023,2467.0072093811186,1107.914232281958,0.0,0.0,338.1909123649603,-23.068900002885357,50.062506895738615,35.82625808583083,26.114669588408336,64.47508553708111,98.26420496662402,95.14939314370093,85.61779948044108,101.68639659151755,84.45294417941032,82.8589851302509,88.87009552573024,110.27931433368268,93.5729752863865,90.68360353715468
1555,1013.223056116594,2467.8135896311246,0.4786080017031367,0.051968234769865874,-0.5499344016699456,49,0.0,0.01002515565732543,1.039739641449835,-0.042311505849012894,1013.223056116594,2467.8135896311246,2298.8772746290842,0.0,0.0,338.4193339608543,-23.068345930470937,148.92984425663414,92.81944444417724,46.364081525111274,143.72658484675998,180.8270352432907,177.00872667200235,180.57946313668634,187.75598985762556,187.56658712363074,183.0041774979928,186.7768283578705,186.11657432996907,202.83889871233583,194.5630386249976
1556,2205.716390528969,2467.92036215869,0.3167751083974944,0.20525167905969682,-0.16194044570726893,49,0.0,0.008294980526398215,1.2328529331607738,-0.2272781819067346,2205.716390528969,2467.92036215869,1060.000888002545,0.0,0.0,337.87929177096834,-23.068287641788764,48.79119336679334,42.271399197100884,21.841753132014123,83.63165860252033,86.68169744658341,90.2156122047847,65.81188634439945,98.73129074820719,88.7401140446988,78.79080286606606,98.32527206989475,94.53952826977896,77.04360346195563,84.5850762477474
1557,616.6426472794182,2468.7151122207847,0.9946495361058983,-0.7560841158692007,-0.5017640821852983,49,0.0,0.022943524646209183,2.105524425724803,-0.8084007098501823,616.6426472794182,2468.7151122207847,1061.5064558349432,0.0,0.0,338.59892560454165,-23.06756832478347,54.68019047381121,50.99559132207493,18.295967316902768,93.84416129042806,68.92056260923202,77.46986696918043,81.45334027843546,91.69559811845083,77.02767867830391,87.74711717063876,103.23761737819694,85.55199137146937,93.73157878120446,76.85519407661387
1558,1305.4350925668643,2469.0768259409324,0.8375418764629972,-0.3394604138344993,-0.2505657171138943,49,0.0,0.012703543314918998,1.079491893561155,-0.08304846337576963,1305.4350925668643,2469.0768259409324,951.4825501695068,0.0,0.0,338.287000585782,-23.0679859571755,65.40045360142338,39.429012457538924,18.71339517532641,73.73096988510568,77.2418594380682,76.209548433702,71.21944530933678,79.51016844402719,70.16657117337368,86.41124473640748,56.14255531072601,93.47578415232044,79.45432996855016,64.37721208360048
1559,1990.5105475702092,2469.652781910944,0.6993598554962634,-0.04195028984742444,-0.18816198629685846,49,0.0,0.051797257898331034,6.404587051203811,-2.016227832405092,1990.5105475702092,2469.652781910944,1585.3363537472621,0.0,0.0,337.9767517684533,-23.067704019929096,80.42632427525447,74.18585848648306,31.77899436708198,129.38639355784284,115.24605989487898,121.77412470609897,138.27165402412066,126.76394425293557,134.43036996410757,143.79116971753115,118.45745108512615,148.03206407657848,112.54866240788144,110.24328293134084
1560,1134.2847936077246,2472.9147934035677,0.7647109366797636,-0.3918027160406074,-0.07785747468739306,49,0.0,0.0626249488314703,7.351396740661202,-2.1659246535378642,1134.2847936077246,2472.9147934035677,1644.5422318973701,0.0,0.0,338.36450611597877,-23.066302815376254,92.4109099814192,60.39072342786665,36.16700455745661,125.45807046187207,143.25061807895636,132.33935324602035,128.95138628224163,107.88890160335966,127.80519878375034,141.82683321731503,134.46290522740424,121.0728509542581,166.58678225418942,125.93069382126038
1561,2205.4905257532323,2473.257655554921,0.39371723082791915,-0.2402743938730436,-0.17703536407288664,49,0.0,0.00986972274165009,1.3306681934784135,-0.31017444051611176,2205.4905257532323,2473.257655554921,1058.6255967934887,0.0,0.0,337.87939865206636,-23.066064060472765,43.40772103802347,45.0860919380715,23.876547028702134,76.25226573523713,86.20923048683396,80.75298510132696,76.29605774551837,100.21513228768211,103.82897234457415,82.58586851646099,105.02806126510538,81.32587392426478,75.49207459170832,78.26871478997941
1562,2574.2944869550306,2472.5384736677156,0.7549339765597244,0.3390128760696491,0.18886657825669584,49,0.0,0.014432562240269217,1.4335020634090108,-0.39099580603587514,2574.2944869550306,2472.5384736677156,1073.839544443428,0.0,0.0,337.712386318155,-23.065988077866116,63.37244214436791,41.31620983248551,19.080833988523224,78.42096121296629,79.73769267716983,68.77483850737603,97.04886594610498,100.85836697784131,83.43061671988636,89.49712548821591,91.83748979876731,77.53973001499915,105.34875473808222,77.57561639664188
1563,1481.4039086847968,2475.0552794924133,0.33699577514114704,-0.6279277750097659,-0.40508655206681204,49,0.0,0.010778642818663765,1.704525089283096,-0.5790084952220604,1481.4039086847968,2475.0552794924133,1084.3199615965043,0.0,0.0,338.20730884785644,-23.065542057364365,56.165025979148865,47.25418919647694,13.65395403148409,99.37672165005513,84.3130441080998,74.37758826558664,90.16895192938806,96.90160533237814,85.64845317570867,85.33673066391427,81.30594704701537,92.26153844960002,95.17198343955346,82.38422832809476
1564,2465.725969976742,2474.776964516192,0.39372333717079605,-0.19912974483580378,-0.11881928877465504,49,0.0,0.013722625384037363,2.0589075448202108,-0.7840921126889323,2465.725969976742,2474.776964516192,1032.1750822972265,0.0,0.0,337.7615533351544,-23.065184234326495,50.06356904813133,42.10200312745947,11.273350414366744,66.52423153981827,69.34875788235455,81.45743136339753,91.30894790719553,83.33969856124654,81.05130129357201,98.813375584547,94.00498520146724,72.92535727610517,93.78259851124218,96.17947458632287
1565,1012.6264438251981,2477.2959507487394,0.6428873360232902,0.45459451322029176,0.20814454251667724,49,0.0,0.012901937108841605,1.2019558590107395,-0.19972129699528943,1012.6264438251981,2477.2959507487394,1220.135643076097,0.0,0.0,338.419596209937,-23.064394696060205,75.15695439294372,41.32426024679401,25.59296438323392,90.35884724179968,79.53104099967189,90.50162222880374,94.76363594215742,117.09215447992389,110.22898182110397,94.43215749961173,112.0075812858635,98.7591780361657,100.82820176332984,89.55806275469396
1566,1344.7520328870344,2479.365034126437,0.7026379709717223,-0.6312887161986568,-0.062421671046524164,49,0.0,0.020746965247026614,2.4573768646209184,-0.9761794130503971,1344.7520328870344,2479.365034126437,991.2934496982801,0.0,0.0,338.2691914731421,-23.063713358079625,45.15529862736628,42.94122377804095,21.618233734009745,66.38544312035378,79.94418505485464,90.84218256602347,83.36789058738599,80.81365254509035,94.60289369460081,59.07042285178703,74.91111501555474,91.82575324112989,87.42077474513461,72.39438013694786
1567,2256.753311353119,2479.649117013592,0.5344819030134862,-0.09649454085255811,-0.023802417142948208,49,0.0,0.23259649649989053,36.90620286304219,-3.9177484115221684,2256.753311353119,2479.649117013592,4968.96391098096,0.0,0.0,337.8561901396488,-23.063359385432747,261.2144740993788,188.0780774596023,109.22581167159876,368.59591928935606,361.68375147444385,399.2623145342092,436.81001314471837,399.07840343843986,411.22382910665283,406.9975801332231,448.5530686667329,417.59787435613964,383.84179943028016,376.80099417618317
1568,654.1640472404223,2481.1151309885017,0.7820142989241345,-0.4571381547176768,0.05185618065763272,49,0.0,0.011022554915153773,1.0297370979314844,-0.031815897948257295,654.1640472404223,2481.1151309885017,894.3792879666491,0.0,0.0,338.5819175672253,-23.06244872847475,48.86759079830543,37.32345933850686,11.825138125440468,47.198732124458544,63.8345883430021,87.66692918267242,81.01708759808962,63.79343332796685,84.82760116864304,62.91612475241814,62.56984387468943,81.74887522583785,83.43861369106202,77.3512704155563
1569,2505.8052004308493,2481.4238706870824,0.6235316019489978,-0.22471999956154584,-0.05370067037907893,49,0.0,0.010426132454899966,1.0983654300815866,-0.10186713868292686,2505.8052004308493,2481.4238706870824,907.3865814953074,0.0,0.0,337.74341244245875,-23.062369098311258,52.40245320623289,38.91507158408042,18.530648319520623,63.94607046239637,75.51102361096835,67.25348879816197,71.31697872261975,81.77754361716477,58.727622771490275,77.77374054350472,78.55983867710799,85.12533808667885,78.04763218330561,59.499130912074804
1570,2812.5909307320735,2480.6468555412284,0.4666336598703185,0.16388435556217748,-0.13178307531066408,49,0.0,0.02312712551542639,2.9308409885033506,-1.1674806415508219,2812.5909307320735,2480.6468555412284,1497.7634958362744,0.0,1443.448481263897,337.6044923163027,-23.06227386060014,69.25355649288922,47.91442041033976,23.14822280923184,122.09504844731799,113.37120037824195,134.72455612162713,119.60550484231956,127.04670299603158,128.692888261085,110.77858637696511,123.17920821875427,115.82762062794092,139.1040169036752,123.02196294985507
1571,828.2261643241798,2482.153462947049,0.5101020135454083,-0.4734898832156546,-0.13210228022752848,49,0.0,0.03203828040896829,4.534640391473783,-1.6413571302593066,828.2261643241798,2482.153462947049,1355.7948557071427,0.0,0.0,338.5030955920255,-23.062209063955425,59.13590787089851,59.29580635565458,22.36824675511781,96.34172185454103,120.23951916650032,113.65336224575587,104.2516682700041,119.03483877260958,111.35043317104174,112.40484631329964,100.36431363006231,107.73318710574924,128.64956993934405,100.9714342565639
1572,686.0904083492323,2484.953649788389,0.4309021298204065,-0.7607862579539277,-0.28739761521244817,49,0.0,0.009320175079664888,1.2501351546227524,-0.24239241998780195,686.0904083492323,2484.953649788389,958.7306838067727,0.0,0.0,338.567455418314,-23.060887770401298,45.56532201028729,33.81070298250431,16.067434129517203,63.73355785022779,90.24832647538543,79.11760048594245,86.73657225541578,80.6631619524837,69.23165171958804,77.80103550591745,74.66726232384809,96.9301677974733,72.56634484739004,71.59154347079202
1573,1152.9042538282865,2488.462600799883,0.7934626176620676,-0.25054885807375793,0.3385328124440582,49,0.0,0.01803879272670381,1.8294065819008323,-0.6557755931780019,1152.9042538282865,2488.462600799883,987.6871611543562,0.0,0.0,338.35606423350885,-23.059835845190857,56.04284079962635,40.85755003073102,17.97929513602623,74.78737547535961,92.02730345739212,77.28009846201235,81.47801906856688,87.76444576831938,65.54423842113218,85.31979477237927,71.6706682390392,86.62765993073947,88.78379809728767,61.52407349574446
1574,2451.2430121955717,2487.828854549358,0.47325116690796243,-0.46540430372001024,-0.2085517822700073,49,0.0,0.02730912289938012,4.034907259052066,-1.5145838926608326,2451.2430121955717,2487.828854549358,1301.0197681720224,0.0,0.0,337.7681276115262,-23.059762325202733,69.48115056059639,47.97290178211151,8.496741405150654,92.27285517188537,105.72222682935785,106.22558985493487,101.8556534314779,131.5612981863519,113.07559971813697,107.8898240274929,119.06245569286757,109.68289291421173,108.11351996744622,79.60705863000052
1575,1066.5827328242897,2489.2982447021573,0.4241496569923643,-0.5215131474788678,-0.21808141817791213,49,0.0,0.01631395502013539,2.1337310601114896,-0.8228491979014985,1066.5827328242897,2489.2982447021573,1159.9598591904723,0.0,0.0,338.3951530315454,-23.059433035769484,51.16359358552229,42.297029394297695,25.30261119585357,86.10253857787465,78.33639949966434,116.11004657949263,102.05663965886941,90.77328496301837,86.03436061195237,79.4351295679878,99.01218503536158,90.40654910412394,109.17360788341651,103.75588353303712
1576,1479.064461019179,2489.854464551188,0.5436776058313321,0.33262288221223213,0.11471386759206262,49,0.0,0.012481261704023694,1.252057236468125,-0.24406045659915612,1479.064461019179,2489.854464551188,988.2870062028376,0.0,0.0,338.2083657343488,-23.05937562375033,57.00092181844855,43.37299752771192,26.879580154991004,72.66173547177937,78.38309501548926,67.41065855383773,91.9438360668626,80.74462017777995,71.03257610676675,84.01301301500729,76.49231007894872,85.08898380254219,78.41691869122045,74.84575972145174
1577,2007.0027900132138,2492.0911040157935,0.5710989069302309,-0.10672761722277772,-0.06758741912410746,49,0.0,0.02670674174390758,3.849326187852717,-1.4634617857789571,2007.0027900132138,2492.0911040157935,1162.143041068143,0.0,0.0,337.9692959998314,-23.0583466754758,64.94859410119179,48.01012488208151,25.917790353513954,92.68873138643835,99.44119314424992,94.76222379425751,113.25216175768885,85.62886067483224,92.68656704759019,91.89929954589948,77.35196037780216,80.56553166098658,98.70139401089656,96.28860833071387
1578,1007.1801028177268,2495.3452836722527,0.23491508844501233,0.30644019248929927,-0.043291569091390474,49,0.0,0.006374841465557705,1.0052586629652334,-0.00569456097004209,1007.1801028177268,2495.3452836722527,917.4685046179579,0.0,0.0,338.4220473351735,-23.05687038597603,71.39326942204556,37.43324083664305,16.53647570501726,57.427755104710116,56.85131886256491,75.83071204178606,66.63188565933339,74.7350850635727,89.0540988611521,76.6772401837726,74.97555400862217,75.20343897838194,78.29698668843415,66.42144320192179
1579,2492.2578002938353,2494.585236148792,0.3827353040135018,-0.3547125933427625,-0.1907029642808965,49,0.0,0.018349693355398423,2.409583999738781,-0.9548551767561277,2492.2578002938353,2494.585236148792,1440.4137176572694,0.0,0.0,337.7495638047215,-23.056901263944557,78.08364903085166,58.939660886644205,25.748051059901634,104.19829828018378,131.28231088001803,130.86613325438674,90.73820181852417,116.16827895265577,110.82397409053036,101.77732387805501,126.57800078644144,123.60140881762636,113.35976392878436,128.24866199266611
1580,1027.9913162727028,2495.5908056169674,0.6465793876355399,-0.536190251085458,-0.14388778746181735,49,0.0,0.010018601792167462,1.0541855684253303,-0.05729266630296033,1027.9913162727028,2495.5908056169674,862.3887489600536,0.0,0.0,338.4126233445196,-23.05678373571991,48.86198127749359,38.8481001887713,13.198326663819975,51.77773044412382,65.35142862539286,70.0130191189199,58.771777731965415,81.36745363028602,61.48355553422743,82.8261807701262,82.92403462210586,74.30938719015928,71.26019374512671,61.395579417535295
1581,2480.3304741250195,2495.839837708175,0.5399358187566312,-0.5410693462723732,-0.3293751381496123,49,0.0,0.013777051753226821,1.741103175064439,-0.6020612687374589,2480.3304741250195,2495.839837708175,1110.3651005845059,0.0,0.0,337.7549662028064,-23.056392173371595,59.18401170176831,51.18919076416023,14.332305129750125,78.15695337450859,90.85138152261734,89.05613548794948,87.90208046298325,102.59234298082418,93.46639983435283,87.48352489573092,100.51156042389704,73.3551497407357,101.45403486668718,80.83002939854056
1582,1164.4738384281625,2502.493251996345,0.3654637115685636,0.13147923421626675,0.08694860337852112,49,0.0,0.008052230525262527,1.2111416700478532,-0.20798736636597803,1164.4738384281625,2502.493251996345,821.1530901830473,0.0,0.0,338.3508163960117,-23.053996616266502,38.282208563173626,29.289912838657983,25.16768154161931,60.44317516602254,48.721127582495825,74.2655820627775,68.9089623643455,60.839383245422106,64.4457830444112,63.54337694876435,80.01273585029935,61.616574860921624,73.7901859881609,71.82640012597555
1583,1551.267122541955,2502.076570840039,0.6912186481276259,0.1870727620548281,-0.08257535827281193,49,0.0,0.010876041232201927,1.100790062891468,-0.10426125105925742,1551.267122541955,2502.076570840039,908.7224719692504,0.0,0.0,338.1756686288324,-23.054291243015665,54.80928305665003,42.73825099801109,17.30059360039496,42.95262663768683,88.27826376830537,57.71137328360944,88.46151481085845,69.79543707967012,71.340810730246,93.23132599767196,70.1045353469782,75.87033621847361,77.90600116695492,58.22211927373942
1584,625.6237405055339,2503.4024516125023,0.5073184102100232,-0.46869019996547845,-0.1685616653379295,49,0.0,0.028422926750323832,3.885504011045896,-1.4736184040577434,625.6237405055339,2503.4024516125023,1402.4544720517044,0.0,0.0,338.594810455774,-23.05312764633087,84.82272055227148,45.70729476089704,31.346850217885837,107.19440725998447,128.29365912887295,125.23646549868944,97.61037410974257,120.75857149383344,106.84732149137281,111.08367327263161,111.63606352100534,115.24688778282717,112.68917502237647,103.98100793931363
1585,796.5968570948598,2502.574524105905,0.6216675055462159,-0.6581969103488117,-0.49317858064083686,49,0.0,0.014686165445714036,1.6609239942653102,-0.5508743977654238,796.5968570948598,2502.574524105905,1070.1660140685224,0.0,0.0,338.5173950419895,-23.053668663924906,58.75893428860422,35.816651972292576,17.559812408190105,80.84709527320953,83.21834629851091,85.58884424400448,80.29625910716197,89.68077198404733,88.49146171145347,65.81977878709684,105.9221102876309,73.43457084361935,114.21271145520204,90.51866540749877
1586,737.7153020591286,2506.00102339077,0.42730083912484307,-0.40546492712506643,-0.5018338277705982,49,0.0,0.01013608708859262,1.207487086677307,-0.20470623734815704,737.7153020591286,2506.00102339077,983.7968588217577,0.0,0.0,338.5440525454492,-23.05217777985541,51.12122417227671,47.62345428873581,27.195230155629083,68.86352961327106,79.8268699126626,68.0389188667239,66.76008963490877,92.26102590346541,80.38528159894777,85.74225006919114,79.14281109725725,89.54337109328326,70.08174325368753,77.21105916171746
1587,2409.8856730942352,2505.2707609101203,0.5528358737253455,0.5428273997677965,-0.0025309774665175917,49,0.0,0.011334921152031144,1.328893069627082,-0.3087250912973091,2409.8856730942352,2505.2707609101203,982.0482598938314,0.0,0.0,337.78687527764123,-23.052539600990425,55.04687001941745,39.94109291094504,24.4967108326872,69.81575965953033,92.7123791140304,64.78832426224139,77.47573283544739,80.63278373577197,71.97007629106386,80.4678041669844,91.24036340853395,79.65056717687735,88.28292791286957,65.52686756743108
1588,1203.2384749854718,2507.043119774062,0.6086199385487697,-0.43016713889974884,-0.08028366737965416,49,0.0,0.009978319451314856,1.1646973541490684,-0.16553272220656212,1203.2384749854718,2507.043119774062,875.6340567791866,1.0,0.0,338.33326052735873,-23.05212175616266,55.125314394904876,32.49318134633701,24.660805177152422,54.975824507448706,63.444719257630446,71.3049475507694,58.88427312801653,67.6639929676937,75.9053448504819,75.02187549847218,73.58891499246923,86.27509402677862,66.68812090257622,69.60164817845543
1589,1357.713879388692,2507.8698552755905,0.3854179567246835,-0.3992346410159461,-0.01921461964707007,49,0.0,0.025953471648778162,4.601468023797196,-1.6572410210098434,1357.713879388692,2507.8698552755905,1274.460509144114,0.0,0.0,338.26331180917043,-23.051841040594113,66.11180572271815,47.824133400204616,22.881835711512803,93.53726541095642,107.26286692917351,110.05963172904063,90.29199314390999,95.05022339069797,101.51863593307766,99.380663667432,109.44786463512429,101.17388769226248,126.7183597445168,103.2013420334869
1590,2285.7998293215223,2509.026459492676,0.7270232017955195,0.1501113349768048,-0.020455661924725598,49,0.0,0.013843151727115442,1.3734065921469563,-0.3444978190299431,2285.7998293215223,2509.026459492676,975.9711905810627,0.0,0.0,337.8430653067905,-23.05109438834198,45.644817434141174,41.21893977139676,26.539824346072834,85.54081364889007,80.32380099882099,85.5513644947001,87.16124700183218,79.6139827108569,87.4277099777673,74.02563139102307,70.6138490547235,67.18592890685713,81.90650009565556,63.21678074832533
1591,2193.800107535986,2511.5448223160356,0.3408776162659021,-0.2560127260555478,-0.04362711332544819,49,0.0,0.013856552068305421,2.159681801089603,-0.8359744216148681,2193.800107535986,2511.5448223160356,1090.1195003734683,0.0,0.0,337.8847250265667,-23.050120958930314,67.8515874664119,39.75801914010057,18.242071284413534,72.9747764060846,70.26402918191485,81.49084185787379,88.23024878382489,89.97117494837747,102.3277762844851,92.05065104859133,95.05938725063815,100.43890848704774,90.86611305514386,80.59391517856062
1592,1057.0841606213974,2512.1662769320856,0.5552431023895151,-0.36830224527636035,-0.19204912612979344,49,0.0,0.0316084646690879,4.505393771031775,-1.6343318856865796,1057.0841606213974,2512.1662769320856,1356.5268460613258,0.0,0.0,338.39943661262873,-23.049898586163422,88.46662414863381,42.98628882625585,22.810054458786794,113.38350375501037,120.60129525903064,94.94631904480933,98.59860468546819,91.88497799374113,132.31519657792205,100.88951876520102,118.76279852804693,128.80698601771468,114.85282361518921,87.22185438551584
1593,1932.47135233874,2515.470459823154,0.44202044613372415,-0.32279852561554523,0.05304528693342894,49,0.0,0.008397762403771032,1.1883097199920905,-0.1873241238198698,1932.47135233874,2515.470459823154,859.9374655137137,0.0,0.0,338.0030573467768,-23.048641225580937,48.016428054721544,36.7523740362334,11.91049648347882,56.527566170021345,80.4917398855203,67.16389253134042,73.78858674080963,60.696605919976385,65.57120379936197,66.54924935097688,81.99559184316382,73.9960821888462,75.07971521039858,61.39793329886433
1594,615.1576795806162,2518.7347931909753,0.3242249517867379,-0.5819974903851495,-0.2217299381474718,49,0.0,0.009288210042593349,1.2860716070457883,-0.2731628757455254,615.1576795806162,2518.7347931909753,1049.9643654346316,0.0,0.0,338.5995279265073,-23.046726418981173,53.54806803177259,38.92060737878886,16.882599182490562,69.49268906074735,94.66112425014458,89.38847032185922,82.51845402309004,89.13183964462125,85.80217899678972,87.40268610678987,92.3671471167034,63.697880144882106,98.75699824969837,87.3936229262538
1595,1438.8863744749044,2519.32087515698,0.586518230017691,-0.389796677690787,-0.24557191072248102,49,0.0,0.016949370385959096,1.9040152190896669,-0.699176038614109,1438.8863744749044,2519.32087515698,1114.0813051084838,0.0,0.0,338.2265531861305,-23.047091159164722,74.4544686805938,32.84232353363737,26.51312960062627,86.88361226886556,92.89236273191318,114.50764962664653,80.60902192383969,79.67205775804803,83.57299666668959,102.12346911635015,82.20368679757708,83.9505021051287,96.45291182349366,77.40311247507404
1596,2070.0249529711814,2518.322731832043,0.35914358507061,-0.14516338033591783,-0.018846224781905077,49,0.0,0.00987232940055207,1.3241287384854716,-0.304825528650091,2070.0249529711814,2518.322731832043,1013.6154669112111,0.0,0.0,337.94077510239777,-23.04738177572408,49.55264328958684,48.978519375878975,18.27989270648273,81.66541405192399,75.18173000283284,82.34293950371286,71.9878700316705,95.63381043051191,86.26196169605772,92.73484717273425,73.8221100045393,74.98799311616563,87.32986527425842,74.8558702548552
1597,1879.4143918462703,2520.017855560284,0.5369480748031197,-0.4351340725759469,-0.35444856659276996,49,0.0,0.011016670109344113,1.3509422310221637,-0.3265919453072707,1879.4143918462703,2520.017855560284,921.5271769526516,0.0,0.0,338.0270833996958,-23.04676745839128,52.27479620599294,28.932612615723098,25.122193695879034,67.4159889632268,73.55667610335175,76.56579494265227,74.83397013757542,76.85324793287279,88.11285223696666,85.18684793440275,64.75322130950084,70.70042172086988,78.10013869680682,59.11841445683059
1598,2318.539191510958,2522.1435656905155,0.4603847991969036,-0.40384050853271225,-0.42219965197658027,49,0.0,0.011306091943785814,1.6422538720444335,-0.5386007362605093,2318.539191510958,2522.1435656905155,980.4847391686352,0.0,0.0,337.82825435911496,-23.045599639925047,55.101865218501246,42.44420291225599,26.43003436050075,73.33773468493213,76.99187838412794,73.42806374666434,82.98398721776024,79.46618015612333,74.74012287795261,88.83012545588943,74.92084684179761,82.39058124982316,74.30287708154384,75.11623898076257
1599,2755.8785037288944,2523.0598611676114,0.43286565260539817,-0.20859276716796515,-0.04589462369353829,49,0.0,0.024883523244218032,3.2171743372838715,-1.2686864894237866,2755.8785037288944,2523.0598611676114,1572.5569750042687,0.0,1203.3393207766817,337.6302422023135,-23.044689871178257,78.92159544450395,54.93732622635594,30.402711681497312,110.87763657344385,122.50566944185843,136.8148582062712,147.52408658406677,104.56184772364631,123.00197768396485,131.72602721809784,134.2510862438296,128.38903689560735,143.06090288621255,125.58221219491273
1600,2280.7292797516643,2524.196740590093,0.5122705628171899,-0.51581646400041,-0.27371444946521245,49,0.0,0.015481366581868893,1.788551406250956,-0.6312535677127298,2280.7292797516643,2524.196740590093,1154.6906849512454,0.0,0.0,337.8453759328307,-23.044778273732366,56.74495538256657,48.57228290276233,24.852034959219786,85.98910141885054,87.10640750614283,81.1257380287959,99.94525639752914,96.89062180548048,98.376392971407,97.38021535659868,82.7652649452203,98.28568952247588,103.30215739876058,93.3545663554355
1601,1025.7771183175546,2527.171549460339,0.30475038116267766,-0.8744402298129822,-0.29600701310862926,49,0.0,0.009014568067578655,1.3021973097845434,-0.2866919845020549,1025.7771183175546,2527.171549460339,973.8912219218616,0.0,0.0,338.41360015762194,-23.04362416824327,57.68353534594548,44.272393911877,24.64286461041913,69.08521959942965,82.08603612823109,76.5145454413765,63.69327627817272,83.69555797511171,69.10046007677516,62.53502231433926,90.3051267139636,89.53166698048068,87.0746894126836,73.67082713305594
1602,1895.883217240398,2528.6172991078674,0.6357966495411709,-0.4148725215466112,0.013892567985017389,49,0.0,0.021901671532794164,2.7315750071675104,-1.091032826103899,1895.883217240398,2528.6172991078674,1080.4152031834858,0.0,0.0,338.01963001354653,-23.043178432507098,59.460727443518145,45.221573649842114,22.092987737323632,78.22729972323764,97.8484746657087,72.87555369107963,92.7083715463984,103.3576425052026,96.43695865327189,85.69537345350136,81.5236435113166,91.91716350066915,84.91473475861318,68.13469834380261
1603,2353.1405042329775,2531.122464701128,0.5853644556916753,0.2989944865593827,0.16557545366867013,49,0.0,0.012931462932513866,1.3819911476087146,-0.3512631528975473,2353.1405042329775,2531.122464701128,997.4306643296742,0.0,0.0,337.81259722879,-23.041825872602384,35.02652376213287,33.65662452845827,17.002730302285116,88.75454382872212,72.55004462271351,78.11880328897394,67.62950637802462,81.85236609334727,96.32362635476599,102.81439507878557,77.17117038226576,90.45762832436857,86.13243929318355,69.940262091647
1604,1613.5718905350445,2532.2943910751187,0.3160730316521832,-0.19004834483102334,0.2694016483898684,49,0.0,0.01043677532859125,1.6474882981871648,-0.5420558464036758,1613.5718905350445,2532.2943910751187,1081.7778445414351,0.0,0.0,338.1474561744277,-23.041702496865668,75.73026409861144,40.80756372763684,24.60252384708466,70.21514894619942,73.5763313079191,87.774049449307,90.98901779973059,96.20657066059033,65.92287394411397,93.64632596522446,100.5395777901094,87.65941353267945,88.24237346797372,85.86581000425478
1605,2689.1198841566465,2532.262484987538,0.4112267276081382,0.3976367972419212,0.8113410159029497,49,0.0,0.01357481660668737,1.5333246774777396,-0.4640853132728262,2689.1198841566465,2532.262484987538,1293.1975998883377,0.0,67.02286801337333,337.6604819076731,-23.04095229992282,77.89248176997113,58.641857906406116,16.201615411852977,96.04378900046406,97.72473428429765,108.24782015233077,112.24367432127607,93.21984961224351,103.22403716129213,117.26541548358216,108.11346426974342,106.72721876711083,102.70272718427437,94.94891456349258
1606,1933.8602353125739,2536.23868013161,0.5638700283223919,0.1968861662902784,0.009196897605256086,49,0.0,0.01425224543537318,1.8354708075739308,-0.6593687040390294,1933.8602353125739,2536.23868013161,988.0820606098969,0.0,0.0,338.002438310195,-23.039987626849747,50.60050666644777,40.51464078591069,11.144748362324394,80.42201287363801,71.89215658246698,79.24444560549895,69.67942476259785,76.23668038601603,81.11191935579797,82.31409838530624,98.95795789223476,84.26598236368633,74.27899127517915,87.41849531279188
1607,2296.394872589081,2537.028551329564,0.8775403245989183,-0.16106100053892763,0.1341843936835283,49,0.0,0.018701529053401812,1.764449954826967,-0.6165233623921132,2296.394872589081,2537.028551329564,1026.8009297170786,0.0,0.0,337.838295602805,-23.03941811884345,51.20062463345949,29.0895933646725,21.74806262613015,89.94097054567672,79.12650688036001,77.58166719217047,81.40143504317717,78.37974001596584,85.34572875405158,86.1212153452966,86.81313977121283,68.98127147104441,85.43705255671404,105.633921517147
1608,1490.1016739842971,2541.1009306666874,0.4540282570668995,-0.45629611484054217,-0.10081430461983273,49,0.0,0.019495457835595444,3.098060452364249,-1.2277247197039183,1490.1016739842971,2541.1009306666874,990.9538797356811,0.0,0.0,338.2033595951629,-23.03802553351613,55.2676463894186,37.5441771516944,15.99766370913546,83.57476107109864,72.08548792703164,77.11656841520713,85.97165022351669,66.49602140981249,99.02054901755832,94.69210918908158,81.41375518320561,82.11791250251966,61.97910923315406,77.67646831324669
1609,2224.6871254230578,2542.341681953217,0.6347409491478453,-0.4853733181012145,0.06498269735291291,49,0.0,0.010744500499090572,1.1455152227493832,-0.1475021622555498,2224.6871254230578,2542.341681953217,926.3802784130439,0.0,0.0,337.87076677122514,-23.037265432749678,51.49813459079226,37.53595438669666,18.027439254735413,71.91832970823553,49.266127610621034,73.99740734141088,74.99699615255952,75.09844431485848,87.27682761492899,77.75767801287955,82.45792987861395,76.7338834681467,77.32966083730543,72.48546524125965
1610,1637.1425364794231,2545.054131967601,0.6349482350986689,-0.47473560842460966,-0.16064179843388918,49,0.0,0.08602104318088656,11.492895879364418,-2.6510736805038446,1637.1425364794231,2545.054131967601,2201.85873060575,0.0,0.0,338.136784528326,-23.036385430777763,132.3427457014796,68.024282706364,49.52918787538606,161.12735303399552,170.58781321199473,177.06867591683363,177.03973700200666,190.675758822621,185.19104492627636,192.6533146001899,171.05263403801365,183.97679010395163,188.7340148034126,153.855377863225
1611,976.5423738323071,2546.121062855719,0.6301884386766466,-0.3896685171779823,-0.10931178534026212,49,0.0,0.04292783659669753,5.512599124945238,-1.8533910295592095,976.5423738323071,2546.121062855719,1495.986214629851,0.0,0.0,338.4358756912835,-23.035690968645554,79.97031542570446,48.31231119437821,26.684202209310953,106.34279924674513,120.77951237629202,109.93659251388513,116.31835259274109,136.0757194875758,138.39452034615414,117.81230080432395,119.07067692949204,140.85267187325195,133.67624322194055,101.75999640805571
1612,689.2636592419055,2548.3173857684,0.6863575107336105,-0.4446996259751951,0.004428525436858082,49,0.0,0.03864924149735005,4.807850161422895,-1.704877310610027,689.2636592419055,2548.3173857684,1396.0393114841122,0.0,0.0,338.56593634320797,-23.034491810162926,85.23862718172984,56.34854825746355,25.576881980232933,87.03355781173327,133.77140962051627,120.13093466767367,107.99598207354559,108.5080957689544,127.02629803656782,96.64907736095506,110.28840282407751,117.13762757582239,114.94289751706984,105.39097080777
1613,2616.206301739041,2548.095955032905,0.6076725872051685,-0.1743487555392708,-0.17580509821832443,49,0.0,0.06250760763186791,7.621097385621518,-2.2050437781539762,2616.206301739041,2548.095955032905,2474.8629626166153,0.0,0.0,337.6935163013728,-23.03445440138607,130.38862606956667,105.09403579468056,45.1304586211794,200.40277976443414,176.9544566998601,194.21828464928723,188.31380789879097,222.72014814690857,229.80578721546047,191.00588783258934,206.122903535307,208.89652968645123,189.20023609759372,186.60902060450593
1614,846.055233699012,2548.6710182296965,0.6614544810265113,-0.3842082544232804,0.07605115074951864,49,0.0,0.01462392225023504,1.539289387716862,-0.4683006881002983,846.055233699012,2548.6710182296965,1011.4696859632545,0.0,0.0,338.4949505679211,-23.034512694995882,54.4313626976342,33.752632466298316,12.032576439792624,76.26002661419894,79.10016295254641,88.34711705081192,87.54268684011821,92.25884459814995,73.24890883711446,83.38061315316816,86.90831707200195,90.5036844872069,72.56196929874378,81.14078345546866
1615,2477.338975999833,2549.3087257337947,0.8181352276440284,-0.8361542879230437,-0.015922640962572652,49,0.0,0.013613744707903407,1.0366662397085502,-0.0390973886001109,2477.338975999833,2549.3087257337947,1609.5176279940847,0.0,0.0,337.7563874869448,-23.034118397914117,97.12155355669637,53.78120836176153,27.3868091123119,118.15704266078005,133.63558166861614,144.22721854667623,117.71050855782343,141.65977547819116,130.2883219506566,128.63786967501454,123.32625393457265,129.2538699281111,135.32265279932545,129.00896176354766
1616,1153.7582572160882,2552.2802823597417,0.49533013646385315,0.22398176563883535,0.08383818502385008,49,0.0,0.008118400023839114,1.0036219541352343,-0.003925382242897616,1153.7582572160882,2552.2802823597417,902.8336132547615,0.0,0.0,338.35563694452117,-23.033246993968056,48.70742397722919,41.04241109779537,15.236441401757585,63.978220755234574,66.14174291954457,69.26195498658522,81.62875472880216,67.9646488707015,71.08740375142116,70.66538698619982,70.77353584047405,80.10985451102879,78.80079632440209,77.43503710358553
1617,1375.8683460448503,2552.4655435837226,0.5341260323744382,-0.4735678421462183,-0.03488876225934522,49,0.0,0.2495462689064431,39.3346497826949,-3.9869382194190854,1375.8683460448503,2552.4655435837226,5437.460399255174,0.0,0.0,338.2550769783566,-23.033265853283115,296.03691281673366,219.1434375944434,118.23837510153093,420.7524387247963,410.6270744860092,443.56841051679646,424.94506518085507,469.5165223516709,448.28087611609755,437.4377859094037,449.66884116448466,447.57600641963796,476.5975011922136,375.07115168050063
1618,2473.299837579889,2553.750792704801,0.4228856550487561,-0.8145856127749326,0.3759322266116631,49,0.0,0.011320336752719965,1.1205801160571554,-0.12360727983879957,2473.299837579889,2553.750792704801,1638.6515893104802,0.0,0.0,337.75822165707615,-23.032272221355758,96.61611206763746,54.751023091058315,32.466353325659064,127.77041996106348,116.53533397357953,143.10243087618915,126.00853920273488,141.56804709405117,147.46346132121528,131.72053909596696,130.40968931423274,138.00884241417563,129.69710789945526,122.53368967346151
1619,879.593655906898,2557.251256799185,0.2454874965313505,-0.2784596111950065,-0.017049545198848406,49,0.0,0.01004662585308662,1.7466850206313795,-0.6055364895108997,879.593655906898,2557.251256799185,1113.7051400767778,0.0,0.0,338.4797575471169,-23.030969697369862,53.9395991901093,53.246549538483116,13.573725287701503,89.0567242109997,76.48636362207804,90.55735028617529,90.82186180521472,93.31861551722855,95.51149029341171,97.39541804653183,102.27723241942942,95.39102682189088,72.29430040040036,89.83488263712317
1620,1636.2438050353458,2557.5864601120907,0.6940305390175359,-0.16133864148030427,-0.01906863438870285,49,0.0,0.015775602628857285,1.671333561743092,-0.5576578356365103,1636.2438050353458,2557.5864601120907,1013.6644291447999,0.0,0.0,338.1371920766451,-23.031163919154803,51.821782787208306,34.19751206685852,20.38292181242743,73.51511417276262,79.0604891911165,77.40108631671671,71.2571279288912,86.65182666961738,89.39036999372976,87.65828088106693,86.02016495675983,82.84583573319931,85.38278838877551,88.07912824566989
1621,1264.6503630171237,2559.844716691472,0.7127217678033719,-0.4661449293130739,0.027392891052760937,49,0.0,0.016151029589936475,1.510116415388167,-0.4475260712326772,1264.6503630171237,2559.844716691472,1091.105131728337,0.0,0.0,338.3054272642943,-23.03015120673897,49.68503951553392,51.49672930261621,14.331880673671215,70.50877939316749,73.05403629451814,64.391803393691,95.44087108937025,96.26318480910714,89.30562806943993,93.00597011537764,108.32718263852861,117.75208664493098,100.92883105276087,66.6131087356236
1622,2380.62264288297,2558.514344030677,0.5830213326833227,-0.669028751874681,-0.01590205943550769,49,0.0,0.01055408287148878,1.037015757789136,-0.039463389210002836,2380.62264288297,2558.514344030677,1050.2856229972285,0.0,0.0,337.8001846820908,-23.03038620324998,45.00267440324134,30.991421081122073,18.670673459948556,63.39172270775028,94.71626933184857,95.58668862174187,103.63153895619047,87.24120765768183,92.44714045863117,95.29889562852918,77.92371535027372,81.7937076347144,75.76830730670241,87.82166039885252
1623,542.1764107829475,2561.9683865096295,0.32685071275919875,-0.8958388933695368,-0.1404001858619831,49,0.0,0.01486492875637751,1.8502958538413474,-0.6681029391398352,542.1764107829475,2561.9683865096295,1398.281173017615,0.0,1158.8988969092006,338.6325065309423,-23.028617771102482,76.4154344042676,56.243931661454866,40.361362506638145,90.67074542541921,113.88713936362313,97.65111244573558,118.19745312352094,110.9853122551648,115.05809939556366,104.3650691670475,120.46801289369941,108.83889647760668,112.53831182116969,132.6002920767038
1624,1962.9686727335475,2565.8176771209187,0.4734466191627361,0.03064908401812117,0.09553159970425619,49,0.0,0.018475884105776382,2.906646296562477,-1.1584804665974762,1962.9686727335475,2565.8176771209187,1043.032599070647,0.0,0.0,337.98927411354043,-23.027650634280203,62.342297902563864,40.10152896346908,20.968440920533418,72.158894424359,80.89383807851432,88.97975835975022,74.69691543717167,93.28655186345173,73.84532996387102,82.2935013843784,72.01780073042626,90.01106986052471,101.18278843695907,90.25388274467426
1625,2157.0808892233745,2565.9335245998554,0.9805854974663191,0.6828885456681055,-0.24282820755248716,49,0.0,0.012346216623274646,1.0230039080994784,-0.02469323203894444,2157.0808892233745,2565.9335245998554,896.678525283002,0.0,0.0,337.90139455301454,-23.027487492908904,49.23563274418939,39.72133516466674,17.87737500778271,52.026725186142855,63.307906488875176,75.14428096661231,75.333252557729,77.82113954912288,74.98180313452848,79.81933031795481,81.14168853887253,72.10546152821503,74.48749441924186,63.67509967906833
1626,892.5058452095169,2566.9071181767445,0.5520049477326039,-0.4528185442150755,-0.1372837298655573,49,0.0,0.6042438106118738,89.98836111286197,-4.885465856061441,892.5058452095169,2566.9071181767445,13082.639185110798,0.0,0.0,338.47390208954005,-23.02695856403656,698.8805299740405,498.25006292368005,230.55814152121525,935.7208233909851,1035.0601753709454,1046.1197150693488,1076.1349909454937,1154.426211563592,1112.1060828829843,1069.670274317612,1095.2325546427992,1075.7314022457372,1070.8723124406988,983.8759078216631
1627,2345.386700787974,2568.02541396032,0.49961126719988147,-0.39045432351942594,-0.17309327254427145,49,0.0,0.01563093683527749,1.4756102517754763,-0.4224291595457194,2345.386700787974,2568.02541396032,1460.4627278252494,0.0,0.0,337.81614698777815,-23.026458125875404,100.80284890245946,54.66523989269824,24.54527232956835,98.52610705774009,121.97610862280258,118.95451415696935,105.93489968417121,124.79060754331891,120.75670596262988,132.6980975886164,110.58401100510208,127.7157115918559,108.45814865097742,110.05445483633964
1628,2233.937388896515,2572.7907820571663,0.7840593679182054,-0.0632305259525127,-0.07298752660236804,49,0.0,0.020567727169210716,1.9438844126982808,-0.7216760933226687,2233.937388896515,2572.7907820571663,1109.8032387958929,0.0,0.0,337.8666061110011,-23.02457158761726,50.54020850331186,40.95995240697496,19.74374579843281,68.65514630546146,90.80783909612009,104.47888910957357,85.47380625176825,71.54022333595597,101.12066440617173,90.11528896767615,98.55885212984958,100.98854229375934,103.8329066743258,82.98717351651126
1629,677.5055258532208,2575.7047255704374,0.8656509424779144,-0.7709343113574231,-0.027685416745617294,49,0.0,0.019392018226456226,1.8908250142559841,-0.6916283476818608,677.5055258532208,2575.7047255704374,992.6308723934997,0.0,0.0,338.5712236844571,-23.023067389811377,67.31023925104913,34.50908505035399,20.526725152632324,69.77444962843876,73.24408321109732,87.73751172553833,81.97291303712359,80.84063372935432,74.16751940386212,84.25449534185218,74.75903800001512,77.10827236673121,88.08536718846103,78.34053930699011
1630,1234.0662020711195,2580.6389373254765,0.7012086853326378,-0.2833546452988217,-0.13604407150495806,49,0.0,0.011578793189696504,1.07267706846538,-0.07617249109317506,1234.0662020711195,2580.6389373254765,1083.4383640461738,0.0,0.0,338.3192630101309,-23.021473583159754,56.965139964113405,43.75388014669373,13.356013682918132,65.59199457450961,72.95074861657906,79.33254801884821,100.32953739043626,96.92421212234177,87.39143216984897,90.63874597100842,112.53180255446382,84.80551230274196,103.48596681642498,75.38082971524548
1631,742.1999471437857,2581.583049731335,0.24777905367521555,-0.5792138780304026,0.5183758006217639,49,0.0,0.008358304820061016,1.1228915061259466,-0.12584449179559667,742.1999471437857,2581.583049731335,1106.746479997635,0.0,0.0,338.5419296293739,-23.020692455305593,56.1719391582385,34.94579382261462,17.796861736098577,90.78814973352381,89.09502326900133,79.04337799470447,100.0156117705505,83.89656912572056,96.14415849103952,91.46634481835129,99.68126507298908,83.11732288015813,91.17589361532912,93.40816850931554
1632,2029.015442480859,2582.737116743442,0.7168993923668019,-0.40563108536867304,0.04390244296657547,49,0.0,0.045872726408972615,5.6393138351758845,-1.8780656607892432,2029.015442480859,2582.737116743442,1418.0304794606895,0.0,0.0,337.95938322701465,-23.020567622118737,88.00173043849975,41.03338181041476,31.215050290532503,98.61151383995423,120.04707807208757,101.48137280653206,132.93504007245394,125.26963085393571,106.30659826157074,102.63836263043561,127.80984620628175,126.28383569116122,119.8712240315978,96.52581445523174
1633,1337.4184256708281,2584.3774914557516,0.918617913483358,0.13666673080645025,0.011500029542065362,49,0.0,0.016960724719684607,1.501812325767805,-0.4415391609381439,1337.4184256708281,2584.3774914557516,939.9226945875489,0.0,0.0,338.27247321458714,-23.01995781747853,56.21547753949618,37.101673872862676,25.445710879642085,70.78515626842108,70.32436007897013,70.41407257670257,75.1653776858883,72.10737067658181,83.8802989196148,73.38855042857567,75.23947223005402,90.25954646096326,86.84244906612577,52.753177903650666
1634,2748.7526756097836,2585.1966587384527,0.6276515670072382,-0.09353132559413481,0.33691130754541027,49,0.0,0.021211275538145738,2.185458775777704,-0.8488565470583229,2748.7526756097836,2585.1966587384527,1349.7755624827794,4.959520163929597,1278.6286917854668,337.63356994842053,-23.018812433662205,74.89935653010207,47.04836949569808,24.365887908889228,94.15957777414415,101.17807424334684,100.95237771992231,113.37547740040225,133.0978118334423,122.52312869983285,99.68039952729194,104.9721691238665,119.8210459843971,120.94872001335105,92.75316622809268
1635,1919.1691180671314,2588.4932522800596,0.707155107911566,-0.38122352209947186,0.07802819547492568,49,0.0,0.01432674244192869,1.4021383106971146,-0.36697713930098286,1919.1691180671314,2588.4932522800596,995.1779611617565,0.0,0.0,338.00911371117576,-23.018222195233893,56.832794857454296,47.06042369748464,14.327361934180276,76.16247430875706,80.08917816264253,81.22899314336908,79.63739165918658,73.90551587276036,79.12048780069463,78.59740092172717,83.60070281225569,87.33418579467758,85.3441659869303,71.93688420963632
1636,1570.9857130910782,2591.128194917237,0.7350836344553666,-0.29893309258454825,-0.1508396642269429,49,0.0,0.016622663798962968,1.5507480927484418,-0.4763531392558396,1570.9857130910782,2591.128194917237,1036.7885120925102,0.0,0.0,338.16673586386844,-23.017189159520726,58.38117509176346,41.99525111644046,14.046718444036118,63.82663775270513,72.83762704968207,72.09516051757228,75.73843686900042,95.67767774558567,94.35797877553505,88.38942987614746,81.79769516484853,95.81555345373982,99.05720220312475,82.77196803232886
1637,2369.1604950034302,2591.0530159310106,0.5502080478610618,0.3667467295973318,-0.10714842655523966,49,0.0,0.016284515009414066,2.0277371134705886,-0.7675291252114541,2369.1604950034302,2591.0530159310106,1245.6850319224795,0.0,0.0,337.8054094627423,-23.016840787669214,76.83262512258511,53.0579230544283,32.504083891661764,91.40786672640442,101.38082268141108,98.70596737313603,79.82828189908177,92.3847451982566,95.35628882517781,98.79514437047166,107.2026874267149,98.01461970120815,119.07175280143093,101.14222285051105
1638,1476.7679446984025,2592.0923424011894,0.6777383330338139,-0.4831375796436838,-0.06107593671568404,49,0.0,0.21289250295508186,29.18603671903628,-3.6629378113040816,1476.7679446984025,2592.0923424011894,3804.8136142359162,0.0,0.0,338.2093876912942,-23.016778159824426,212.07354052372824,114.45128044431888,72.36270706013042,302.8745573830033,297.0685007192564,272.3974943041344,303.366478965076,299.6643541031092,339.1511507639841,316.5346077125823,335.72635237958934,334.61402491653064,321.1406063359773,283.3879586244956
1639,1239.8663473725912,2592.6942139129596,0.5892689958198825,-0.39862365217931184,-0.3398449982901536,49,0.0,0.01679971890910933,2.151021490574592,-0.8316118734713697,1239.8663473725912,2592.6942139129596,1107.1214933643764,0.0,0.0,338.31663105892187,-23.016453544752178,54.21422635832791,38.827378354362935,22.186941953429898,73.26921023153619,91.5556830121181,88.64085915509608,84.2869683202149,84.02301276433751,102.00984213683131,100.94573407077033,89.5633096557572,104.79732620037281,101.95608748742967,70.84491366379163
1640,1755.087062027549,2596.337186477641,0.9487432071520343,-0.41133385756408797,-0.20680891452972697,49,0.0,0.021379412101951538,1.857742501751521,-0.6724637926877395,1755.087062027549,2596.337186477641,1043.6957650707845,0.0,0.0,338.08339508460006,-23.01500404165127,51.45174158237742,50.94573193812058,18.429324533586467,76.18888378741103,91.45550067621214,77.82336348500458,81.86282721291249,79.0813906170068,92.81482751448253,89.33385967281498,76.37515298033296,87.96770331077798,90.22508838385826,79.74036937588647
1641,1810.521840841362,2595.9450493214026,0.5773715335549667,-0.30171003903874033,-0.14053768050130408,49,0.0,0.3156804081085899,46.926725291132044,-4.178550621754727,1810.521840841362,2595.9450493214026,6403.0403524160665,0.0,0.0,338.05830032338446,-23.01515441629091,330.6412296353932,233.64734376267234,129.58347814923545,436.2591180785808,505.62074410596585,534.4109560129633,537.8609404891778,547.2195672790067,506.20027568553917,538.2460726314428,554.3406816914201,547.5759985140306,552.5754640272959,448.8584823533413
1642,2291.6620616466357,2602.122544246798,0.6772675519579657,-0.1434230353249365,-0.3522504441509129,49,0.0,0.02221950903697711,2.5158318180877797,-1.0017040135172042,2291.6620616466357,2602.122544246798,1234.1586074280224,0.0,0.0,337.84050242084055,-23.012301605259317,63.33955467403016,37.44938070141066,17.85109851442732,102.19003274775955,90.66573873324336,104.90686861339398,102.3150215310992,110.76111827568837,99.201288740698,101.9415122390541,102.34122857976294,96.34477284834199,128.1118048057432,76.73918642336929
1643,2252.2683600190053,2604.8801402181407,0.23817749035771063,-0.5817561234818974,0.10256429751843558,49,0.0,0.006553168294211721,1.055632808656914,-0.058782198653170956,2252.2683600190053,2604.8801402181407,958.378428103756,0.0,0.0,337.85833723320206,-23.01118672288518,42.872578781783844,22.200231577412808,20.07650211881235,72.07589174878999,75.82241613482046,83.60402534466697,74.64868869031245,74.40696657420109,80.16456663637825,76.81768947379474,77.47733730013323,80.5890864937341,95.03016660225413,82.59228062666159
1644,2392.3279111745805,2606.00327940769,0.5007567282102016,-0.09906269284849266,0.01945977358736141,49,0.0,0.010614918564476432,1.09081876223522,-0.09438149814910793,2392.3279111745805,2606.00327940769,1245.3156640990194,0.0,0.0,337.7949388951732,-23.010588695272453,79.65766364556096,49.055078202839155,30.470553562230375,88.02187068829805,107.74070659270294,115.87780909606894,97.03042565425302,92.89028670640948,98.06923125381539,100.55116744037093,80.29803340724264,99.3858432905501,112.45830579511185,93.80868876356544
1645,755.3393962713982,2607.8565997195,0.26687689796077685,-0.30291473021591236,-0.25656159792920263,49,0.0,0.015620874322513398,2.0172055986207895,-0.7618754121109839,755.3393962713982,2607.8565997195,1529.7133493175638,0.0,0.0,338.53594996440404,-23.0097603677342,70.16874342667721,50.61937743184852,34.23947947774589,126.0854981226775,115.72241542580689,135.5308622200156,108.13806199843886,142.56110515524807,125.31493448544484,119.74284204946194,124.08336117394488,118.71810275428405,136.23364984892675,122.55491574704276
1646,2369.769479654296,2612.4359340296614,0.2696340272081095,0.4885097678249637,-0.4199993254409756,49,0.0,0.023587580438843594,1.092882060829201,-0.09643324317544931,2369.769479654296,2612.4359340296614,7044.337437665858,0.0,0.0,337.80515717990556,-23.007931273465438,385.48128558590156,268.3016604811633,162.38598506913988,514.3995501749454,538.6285034817405,570.5852242830124,579.0379731776812,600.9579302916139,577.0223821759546,565.6223721870908,601.9733666006009,583.1319628612371,577.103114083435,519.7061272123408
1647,1688.9132705298439,2613.535534496551,0.5907796736739671,-0.3191100128097411,-0.24413799728003366,49,0.0,0.030199641660704178,4.071968996780888,-1.5245111567584948,1688.9132705298439,2613.535534496551,1225.4897185938426,0.0,0.0,338.11335334467265,-23.00784879555081,59.38006396044207,48.03279931192807,24.726866191891915,97.62007007561843,82.49027442614857,86.17274980012313,112.69117919494937,97.65752878513923,109.49762019661381,88.82366514660438,93.24809903415861,120.02805153351314,118.63608035806688,86.484670578645
1648,2361.194020807819,2615.316562884926,0.6109550595384399,-0.3408353652394362,-0.06916499848152739,49,0.0,0.038213752105762666,1.2393951748943197,-0.23302450264845817,2361.194020807819,2615.316562884926,9947.354813011849,0.0,0.0,337.8090419708151,-23.006739538472576,520.5219031344575,406.1402598215327,201.44146595961547,690.5326566394855,770.1428038918523,774.351253561332,810.9420366069348,849.2066819049569,806.9743245454429,871.4420460105177,860.0794222039841,776.2997757377871,823.0963315193488,786.1838514746007
1649,1875.0419589600792,2616.8357107608645,0.9563545141695549,0.03223484478109606,0.20191939394158057,49,0.0,0.012567942276299532,1.0404102841732374,-0.04301159107028925,1875.0419589600792,2616.8357107608645,946.3099611015442,0.0,0.0,338.02910102443474,-23.00643034084006,53.02039586797355,41.763195766185156,25.585850102446535,58.17341930090299,70.4259563264942,80.76611310949404,71.06786013880455,64.22989631598689,79.44906363727091,69.15940167051014,81.55154465849859,76.66720420862146,102.19397433290652,72.25608566544858
1650,1222.8288499666978,2619.0296507706516,0.6635770899300693,-0.5461571223864443,-0.16966193862142676,49,0.0,0.026827115824899845,3.390206905297379,-1.325565510321015,1222.8288499666978,2619.0296507706516,1188.4387154649964,0.0,0.0,338.3243296195196,-23.00547298630301,67.53210278194656,43.58495984072366,17.520067108669394,89.86575801312742,104.82906643221885,77.96967271817908,92.77395004887771,84.58474073989265,96.25353594451408,96.44010951579739,110.71896683589998,106.43543072874762,123.29628528833922,76.63406946806268
1651,1445.637594503793,2618.8828115857245,0.3976582932387502,-0.2507965046735126,-0.21334719405527755,49,0.0,0.012412165332014663,1.8017084172124815,-0.6392112687135899,1445.637594503793,2618.8828115857245,1005.9255861903766,0.0,0.0,338.2234743190358,-23.005610487311134,64.35271182875277,49.898738434174874,19.959900435311667,79.81307978800625,70.15846754747005,69.95806712333246,76.09387563522955,77.28911607285428,72.16786185254324,86.30453836351273,80.1463045780317,90.44609655897924,92.45759692245923,76.87923104971856
1652,1073.1110976096547,2621.5959322778467,0.606118403193422,-0.5624789897489957,-0.07559437939921199,49,0.0,0.04652327119250635,6.514303931458645,-2.034670042877985,1073.1110976096547,2621.5959322778467,1465.187370811584,0.0,0.0,338.39209752036857,-23.004316611274586,74.24071554682223,38.92695375390792,24.47302948888224,90.74290481870769,120.14000144906439,132.00478529813788,119.7121050777725,110.41049736500688,129.60782973618615,131.23619193070323,130.49916329601902,138.24724076572204,117.26940693611819,107.67654534853372
1653,2361.6827957931246,2623.22384541356,0.5036403636311505,-0.8701825928536162,0.4415520777204107,49,0.0,0.08110879384213267,2.0861296198815937,-0.7983532236136482,2361.6827957931246,2623.22384541356,24133.432742096906,0.0,0.0,337.80882928747087,-23.00344459965178,1278.7301850835906,924.0072714343729,465.43851342505855,1668.497154652551,1889.06328098946,1879.2973095689713,2037.325125174492,2043.7048218797886,1966.2683023382049,2006.3175319936054,2032.9877446127427,2001.7728111494516,1990.8631070970505,1949.1595826975686
1654,2382.0160759734217,2625.1520283498066,0.7263280885995239,-0.4910312137642301,0.15711123699161011,49,0.0,0.040554587166148334,1.3387717384548345,-0.3167663395051593,2382.0160759734217,2625.1520283498066,14409.831135849026,0.0,0.0,337.7996279036622,-23.002621075635314,759.9381658699789,509.8538462006896,240.09272155694873,1099.4676500697442,1175.9125119947455,1173.850466283209,1200.264789311509,1222.5903230156964,1195.3675455372609,1237.9269276135492,1234.626198127483,1198.185131848461,1124.7489647487973,1037.005893670953
1655,2393.4312602618465,2627.6577666092994,0.6417813196255288,0.0527178260558573,-0.3263433703855287,49,0.0,0.018661436193363117,1.0170946329150294,-0.018403406497595576,2393.4312602618465,2627.6577666092994,4866.501350832768,0.0,0.0,337.7944638716587,-23.001565538145485,254.01707196013916,171.86338764401268,105.51035840091217,366.35042465337744,408.35323084606773,390.2810678410497,355.2965658261085,434.61964289957393,413.3474311108581,389.040612796264,419.16910813873585,375.8317608507017,411.41962309127064,371.40106477369676
1656,2400.080787907705,2626.008183248111,0.698243475173396,0.12395402851662304,-0.6526253975085582,49,0.0,0.021123359789082446,1.9936075133958926,-0.7490991543169552,2400.080787907705,2626.008183248111,2040.081317631411,0.0,0.0,337.7914522456839,-23.002246002515427,108.39131142380191,68.48195239312881,43.58026315590028,144.15129784286617,168.34341078038545,157.5686604184732,157.4194945894792,168.68631328842127,156.626965250576,171.70954223793333,170.97360098490424,153.80120644189208,203.23172163288754,167.11557719076131
1657,1805.8937296267427,2629.1502563134673,0.4694392221844608,-0.0015073603420299381,0.015838627954888936,49,0.0,0.010380711753449803,1.1500991808305414,-0.15183823529727625,1805.8937296267427,2629.1502563134673,993.3618054900224,0.0,0.0,338.0604051122756,-23.001320918396257,48.55943975158142,33.439132387862756,13.808245395084608,59.98451466831227,75.90462056617599,87.09408614307829,83.45280596387136,91.57858768486723,73.65503699435439,73.42104873249758,81.16975791627519,101.4445347972184,98.82486545413983,71.02512903470318
1658,1198.241213153156,2630.3716659689253,0.674244572503491,-0.33194928992875095,-0.12306358833031818,49,0.0,0.035141128956621595,3.8846327662163747,-1.4733749226144432,1198.241213153156,2630.3716659689253,1556.4170182135667,0.0,0.0,338.3354527777717,-23.00073509784322,102.39549305944344,59.01619926577892,28.959818791447987,117.21960435311917,116.07647897494641,147.49578794693127,136.36098439341959,126.21553335884798,135.5127715762045,108.98172192093028,124.19774882259469,112.64872638806128,129.58813953385464,111.74800982798638
1659,2347.75589739739,2630.977571840055,0.836035031071508,0.20803481202363308,0.0319137930549988,49,0.0,0.0513477765919735,2.179524912430421,-0.8459045936494882,2347.75589739739,2630.977571840055,15130.044300214015,76.04046961672586,0.0,337.8151413185747,-23.000227628178163,831.1905278929678,560.2683697921566,295.23178871506974,1025.538545427065,1262.7307571705705,1191.3174873084802,1240.3329492334055,1310.3432813829115,1313.8519446383166,1289.8699839064789,1209.388228555577,1257.2593309087229,1288.0270713096977,1054.6940339725948
1660,1325.294747587291,2632.9051381424774,0.4784195759085192,-0.5897322335808368,-0.08485984822528307,49,0.0,0.026612920424643447,4.291954818126346,-1.5816378536322135,1325.294747587291,2632.9051381424774,1191.2065252879402,0.0,0.0,338.2779426560656,-22.999734898998454,66.24349559301714,30.01057512704979,33.62849789488258,94.71035487534631,87.34276440566471,92.6941649225027,96.71761569703243,96.01231694435465,97.24355709339017,92.10727107314466,95.19996073844837,112.56465724497775,93.84437336436228,102.88692031376672
1661,2243.0798137709953,2632.9658359583973,0.6341001277210755,-0.4041137879791158,0.17143822478414608,49,0.0,0.010685484664632856,1.2140744728188873,-0.21061331928279717,2243.0798137709953,2632.9658359583973,892.8843248915641,0.0,0.0,337.8625222257638,-22.99949279519594,52.404986841990606,31.626030199892412,13.699399177423793,78.06475735648854,87.20710267867247,59.590149034645925,75.29347954020925,74.79574386929733,76.33221253955342,72.60898717735313,66.29971115124717,69.27407080055691,60.810642740834396,74.87705178339877
1662,2340.501369749749,2635.286041528672,0.7547308476153829,0.22444031315791285,0.3321035529128868,49,0.0,0.03094912625648832,1.2987808546642647,-0.28383969515949514,2340.501369749749,2635.286041528672,6803.343694436975,123.07530210036924,0.0,337.81842942348356,-22.99843950263288,370.9625537228703,245.94145928120471,138.13495384090564,446.33769725398747,548.5209032290056,544.8752181121029,541.0502992766567,591.6521172823154,576.6212440369981,603.8750593287743,562.762555855547,542.0801980543048,573.7550675276098,516.7743676346925
1663,1882.500456004311,2636.0850797180096,0.3869890697004129,-0.5284624916553802,0.07517957758214806,49,0.0,0.016926272757384238,1.5232624117873614,-0.4569368137806987,1882.500456004311,2636.0850797180096,2838.9594837742507,0.0,0.0,338.02573259956756,-22.998407566761575,168.8915033216886,104.5853564613016,50.55319379553205,226.91720986246384,234.5783317357261,218.81536577372384,227.8433223318095,248.47421947363023,233.94291936085378,233.65087281907603,237.20630719698391,239.6872306821297,231.1120841600837,182.70156679924787
1664,2384.3074239569046,2635.4552469383284,0.9497285893056695,0.5628507903353601,-0.42585318426981883,49,0.0,0.06653653668371123,1.5535010232562305,-0.4782788591277698,2384.3074239569046,2635.4552469383284,17009.67636730113,0.0,0.0,337.79860225214486,-22.998326084698636,886.6609405280656,626.2447587181691,322.70428497065245,1315.869977568018,1428.4667224371942,1342.8306399308974,1408.7087049426532,1424.6582711811548,1430.4003228685492,1388.694570743898,1403.9195643410374,1450.6498213767109,1311.2813867458367,1268.5864009482907
1665,2188.7525608601127,2638.1773430717058,0.5879019568344974,0.12032955791624272,0.4236875410098612,49,0.0,0.024742340375885512,2.3787882033052714,-0.9408894402859734,2188.7525608601127,2638.1773430717058,1508.5995820645842,0.0,0.0,337.8871165053347,-22.997364478675447,75.8014054093735,64.75376279726999,32.230342960281064,95.11352201895338,124.19067849523404,121.24462012260986,107.76929970156365,111.0249966498989,129.56682226634337,129.98710814933466,126.2769539631202,145.32078337977617,117.94957297299895,127.36971317782658
1666,2405.7709003468826,2638.040234390118,0.6855109654731759,-0.25525218484558754,-0.11140931343421193,49,0.0,0.014631695955058715,1.2345225829802167,-0.22874759709958054,2405.7709003468826,2638.040234390118,1492.8219821864168,0.0,0.0,337.78889051570417,-22.997227159214802,81.05640407791141,70.77372082573561,28.82913575697268,113.45233755905608,114.36512614711178,140.16249377462537,135.84651685095838,116.65097357034324,107.2917849306904,137.9067862768311,116.6868359319295,103.17379468285513,122.60213705918791,104.02393474220844
1667,2670.9769388630857,2639.4562747303603,0.4416163907055214,0.35605486449235263,0.04792651490448721,49,0.0,0.048527710887166835,7.248664369738173,-2.150644978396593,2670.9769388630857,2639.4562747303603,2090.3470578600263,0.0,1964.969147438792,337.6688592607929,-22.996317361104243,139.31084338463893,82.2735861876159,41.74797306144423,132.20286586080277,167.54304102495615,178.640918740343,164.95540623922028,190.37426447093958,146.64312139934822,147.93237915399155,181.88560462469974,180.99004759620254,175.64925369338104,160.1977524224423
1668,1665.2042858243212,2640.4289771608746,0.44467209450568174,0.29711085549690686,-0.044780139975049725,49,0.0,0.010435324518282761,1.3936392895046519,-0.36037595368563025,1665.2042858243212,2640.4289771608746,1039.4991897684135,0.0,0.0,338.12408802399096,-22.99664615569817,63.693621234015794,47.70944726104123,21.268760166190138,87.70815259913972,102.7949556028343,66.8492895622044,76.94892603644175,86.47926418922009,75.61609358643219,79.0089726772677,82.60432452179433,84.66555632657618,77.0019784888368,87.14984751641882
1669,1880.5967324841788,2639.7959022473738,0.2680585320260079,0.08509624493486642,0.940785801081964,49,0.0,0.02275606611916851,2.240951113384515,-0.8760809561313581,1880.5967324841788,2639.7959022473738,3025.5860906203848,0.0,0.0,338.0265957595958,-22.996862170584507,166.16435218298943,105.05669808744659,53.092442341404876,246.6123840093075,244.05754270493867,221.76854432657987,262.4426148954975,271.0199033010449,255.80749005690168,237.2106421013695,263.08055704502755,247.9270718672226,246.87963637813908,204.46621132251502
1670,2338.3955026132257,2640.007038584771,0.20751378113563024,-0.10932921381078174,0.07868569965908077,49,0.0,0.01874410495920472,1.1338775960146725,-0.1364154356765906,2338.3955026132257,2640.007038584771,4975.845881041438,159.31824757771494,0.0,337.819387529409,-22.996474567181576,263.23227686063046,178.25871326545973,95.21270306014603,318.18562766635915,398.2414588490369,389.0799394340165,373.67234592946534,417.10041654449583,409.52126972642884,426.395356239236,443.5494666226663,403.38734182229246,449.99619176739265,410.012773253812
1671,2364.052862362654,2640.6439826301685,0.4306482934996761,-0.6104543430878715,-0.7094562416354815,49,0.0,2.82160755754919,279.3085374150007,-6.115210526645619,2364.052862362654,2640.6439826301685,225180.49167527515,128.03044121678363,0.0,337.80777542641806,-22.996184426090764,13590.44935180316,8851.6315889553,4296.9996403328205,16333.14689893906,18274.77782606404,18185.21474463288,18993.485777215086,18798.800977842613,19298.227965259415,18833.46101037992,18430.83240487372,18214.655924641953,17324.392330147453,15754.415234187678
1672,1392.6746452263797,2642.3094945952,0.292536314738789,-0.5587177587723117,-0.11692983075340885,49,0.0,0.027315536922757348,5.189322401790264,-1.7877766333613714,1392.6746452263797,2642.3094945952,1469.783204714327,0.0,0.0,338.2474413761444,-22.99583757443743,104.95349010887158,46.52559107484978,32.61592925391302,117.91722381014245,102.9671596957547,104.80898418481391,130.92648460034596,117.15304057334481,136.66813877831743,93.45339169871006,123.47874966369028,126.03311653711773,127.87220313673583,104.4097015977194
1673,1761.0467493484607,2642.0083492660438,0.9296397907891458,-0.1025308622703883,-0.15479800821212902,49,0.0,0.013727532539149156,1.1766388993590382,-0.17660800486281397,1761.0467493484607,2642.0083492660438,895.1490902313717,0.0,0.0,338.080707632208,-22.995974241697013,49.789491324190195,30.592832580332505,16.180095989231052,63.939379176038244,77.28756448009759,68.6411993893785,84.83924540450093,75.63942331606975,70.32387182100905,71.64704959825738,65.82138438979959,78.88930827893174,77.93624222522097,63.622002258314154
1674,2350.722967789547,2642.487983401617,0.29585893180999673,0.6786646308824569,-0.46757378930400584,49,0.0,0.07023691810521228,2.0803984764123338,-0.7953663176142753,2350.722967789547,2642.487983401617,25315.322273171434,474.77736080128864,0.0,337.8138106300212,-22.995429123229663,1378.4899440066845,948.3592811296356,443.26736531222036,1760.4599158914707,2104.597005964184,2000.728724820175,1996.1132096521017,2082.0469585696196,2148.914186755217,2162.4414353908114,2110.469637365517,2122.3081580511725,2104.9593939455954,1952.1670563170278
1675,767.9177088493783,2644.8671770394612,0.4706638681169601,-0.915486764584183,-0.14360701952253727,49,0.0,0.014678926553735113,1.791298693722335,-0.6329200229970761,767.9177088493783,2644.8671770394612,1357.6539008151026,0.0,0.0,338.53021254767253,-22.994354064114376,75.72218011251393,43.15493690168382,28.369414973189283,102.55867223917227,100.2432440258204,100.15634794149196,116.99798122299339,93.90224875706173,138.65945795884988,110.68082362847728,112.79429727525397,116.31580839019921,111.62126133009298,106.47722605830268
1676,2575.621977172445,2646.9723127500265,0.5627241214168505,0.09506030264206738,-0.05949722344439793,49,0.0,0.057492666142562855,7.54339758375571,-2.1939174958180225,2575.621977172445,2646.9723127500265,2228.504965104865,0.0,67.33129178728102,337.7120271252865,-22.993311357238387,146.53895650568026,92.41170048871479,30.205190301006354,181.30255863071727,208.169546758794,159.8720862061795,175.2684943844616,186.2636966039185,181.4614099670702,171.00127771064547,164.65496533186095,164.52242882349958,198.20094218153233,168.63171121078426
1677,2710.006179772757,2649.196373358969,0.46411552713881077,0.16386889751227085,0.0756068178917608,49,0.0,0.12991003899769563,18.801023830469447,-3.185453749730513,2710.006179772757,2649.196373358969,4604.558313853311,112.29288411341417,4154.956236643951,337.6512102315849,-22.992204676925216,271.43370943440914,221.82285356662624,100.20976850317925,257.0681465215273,369.5830005295252,388.59091876362265,399.977395819869,379.3669018875969,474.0725856766994,437.9144818976313,352.57377855270397,351.09527342571687,339.0585089282278,261.7909903459758
1678,1557.737585867441,2652.8204692972795,0.28748591519587596,-0.5558031045499353,-0.19222861503156574,49,0.0,0.01233371554276248,1.8015620867178432,-0.6391230842068741,1557.737585867441,2652.8204692972795,1087.9158228655392,0.0,0.0,338.1727294874241,-22.991484849181766,59.92479757258555,49.087169324086524,19.219570525026562,93.18171955389562,86.38694165636718,90.59536663353597,92.12431077245428,76.77583721863417,98.51641726464787,96.12671687066066,93.32002965757675,84.81365864361385,78.96909197896751,68.87419519348671
1679,1649.346308921902,2656.6558399479327,0.5327528600046201,-0.59602725239427,-0.1700107700290566,49,0.0,0.33864788685246655,51.13190059122323,-4.2717298397735055,1649.346308921902,2656.6558399479327,7727.655362326157,0.0,0.0,338.13126688170644,-22.98988651386841,397.5537240142072,291.5754791163652,176.2035280382768,598.8796927675601,597.9788031732818,634.197289105759,641.7288792293913,638.9593092768149,663.4013871725049,638.615665771194,624.1388370628409,604.5724181379267,621.7679101393894,598.0824393206449
1680,1162.3323105956608,2659.363200846032,0.5701926053664113,-0.3173979466319632,-0.020175920526774686,49,0.0,0.0597458549093606,8.133193838329072,-2.275652807399062,1162.3323105956608,2659.363200846032,2157.289590725783,0.0,0.0,338.3516883537533,-22.988636653871296,123.44405105875111,75.17744355805164,41.595306146261606,150.74829099280578,184.12067585496507,163.23669194067088,179.09046890837024,203.59185789249352,167.0775379897887,165.26026869806324,172.64047864822751,202.36413033225904,166.14051448849136,162.80187421658326
1681,929.2130033148281,2665.555124462769,0.7805816038630421,0.5663697181749304,0.10454830843120981,49,0.0,0.010925258267614526,1.0143352156967416,-0.015453758964687358,929.2130033148281,2665.555124462769,908.7082541179643,0.0,0.0,338.45718996825434,-22.985890653373446,40.61347057391236,33.51681213730923,21.582250070303665,61.26758092338304,79.05765226685818,81.1382383242744,76.75178992192184,74.59529272804107,71.26900415495595,76.50635799076665,74.28641890452732,73.33692889449065,73.4390074187753,71.34744980844465
1682,2194.4777753949274,2668.044487327154,0.542093169909909,-0.19728104266066152,-0.18385157381855255,49,0.0,0.06473563744657576,9.093251283393451,-2.396797981425264,2194.4777753949274,2668.044487327154,2141.0529869383354,0.0,0.0,337.88455038311884,-22.984916350248586,126.28440426369694,93.49691787943274,42.36448087323052,167.11620824791555,187.2156795889981,174.59344141536457,165.65338137786165,196.824554590008,137.9764195965632,188.31598468697152,162.02223397684196,184.02337481181303,155.6059409503236,159.5599646793139
1683,1030.679789175556,2668.9636840888675,0.5400318402017663,-0.3038332964319442,-0.10407489448356065,49,0.0,0.0939296315829696,12.24761519276913,-2.7201288320679557,1030.679789175556,2668.9636840888675,3530.137330284754,0.0,0.0,338.41126543458387,-22.984551444344554,170.77421652528415,135.93514845292964,76.11135234345866,242.52814223462605,287.8530746195781,262.9437437408408,303.59924034915485,310.0981737978825,283.4904801212921,314.05882148377066,290.5310291736306,281.48166469856915,298.848027216282,271.8842155274548
1684,1127.0877847651134,2668.7994030723976,0.6313345502895209,-0.26515739033986513,-0.10793942496683936,49,0.0,0.026773056437048443,3.5266494152788423,-1.36840572134229,1127.0877847651134,2668.7994030723976,1162.0157310958775,0.0,0.0,338.3676334357078,-22.9846845170742,62.61660772266144,43.91564900120928,22.61600748093414,80.35043879109274,96.40707121497731,103.50714787608891,78.06162644515166,81.8881511001914,98.83404351964651,95.02354466884577,107.70299267194963,100.52361932781685,107.83265882595092,82.73617244936106
1685,755.3848804896193,2671.099398178094,0.5134006058916613,-0.6543488328909653,-0.20813925167115369,49,0.0,3.1955909011665744,465.5701135403946,-6.669962734403763,755.3848804896193,2671.099398178094,83017.61504674122,0.0,12.830678626584705,338.5358533882463,-22.983411346292872,4401.640761662169,3242.120134837894,1586.9360508585555,5923.412412268653,6687.890343601552,6662.977689865289,6852.48693130559,6941.433316143826,6948.598666967489,6696.655196437846,6894.525888992299,7022.202070277812,6906.105429432639,6250.630154089606
1686,1189.2515032756005,2674.2235050263016,0.6820638080458957,0.10380690160101019,-0.4194479350362705,49,0.0,0.011548318579605116,1.1878813863405286,-0.18693269288065392,1189.2515032756005,2674.2235050263016,913.8267292572699,0.0,0.0,338.3394962023011,-22.982459961299288,51.662879139705794,27.60425438138361,17.34156341653665,64.90528653153439,89.05549933819219,68.08781224665601,67.86496424025671,77.9558953691378,82.52862068853187,70.24582741172107,69.83878916594138,74.47636158590934,68.03185563769946,84.22712010406363
1687,1433.7187803590732,2676.18332326949,0.5721085520138426,-0.5280706498476725,-0.019251880824044245,49,0.0,0.04595095970785341,6.378576326535234,-2.011809391738249,1433.7187803590732,2676.18332326949,1614.6979255499077,0.0,0.0,338.2288558535335,-22.98173421349548,104.65299439609063,56.42401194577558,41.70416273723932,119.79373662914891,117.01472933038889,127.8978109861074,118.80759429052772,120.60228494367715,115.51134562841293,154.43111555914052,139.0230714242985,139.73225633947334,132.60126580559853,126.50154553402838
1688,1094.7460228041375,2679.9465270840046,0.2842030186611975,-0.657107028825524,-0.14558570371318658,49,0.0,0.0179792371546661,3.174642741475296,-1.2542371475851248,1094.7460228041375,2679.9465270840046,1337.1689481399726,0.0,0.0,338.38226262014814,-22.980019853630626,84.56759058590633,45.69978955526231,17.9153171934754,106.03356095886853,95.91447390991564,117.26802427872641,107.81935571768628,106.92218531139291,107.08562153550275,102.36023891580697,137.490225325731,105.52951715071113,117.95164757429745,84.6114001266894
1689,691.8850938991986,2681.0259545261024,0.4086616011131453,-0.5270028695407938,0.08674532643565987,49,0.0,0.009288679092347901,1.1872423816364621,-0.186348478644487,691.8850938991986,2681.0259545261024,1037.2288711563197,0.0,602.9436957665644,338.5645780730647,-22.97920409001603,55.35106428616957,34.35040064331556,22.46186426519364,80.17521372357972,68.71973653179393,90.91099882319239,71.84787579960471,91.198224712037,86.50891849897515,85.48564139006257,86.768163968484,74.21537276647112,101.21905462325927,88.01634112418111
1690,1446.9545851081207,2683.0320846039745,0.6194003921397084,-0.4830915972948998,-0.9219873989387786,49,0.0,0.009776300611022942,1.0251805287976559,-0.027000872643084282,1446.9545851081207,2683.0320846039745,922.3741302337319,0.0,0.0,338.2228641720642,-22.97888346478224,55.45744366112648,28.113722938066815,19.406264063218288,68.92414728415619,59.3169601801673,64.14833424928082,84.15599582613186,73.17650602729121,83.01246800048997,87.48864802470798,74.6395393380229,76.95499086643484,81.07219940345966,66.50691037117768
1691,1494.7436735099916,2683.0485402381573,0.49665426049922823,-0.6998248687962352,-0.36675984451653126,49,0.0,0.01842423487112624,2.260026358219405,-0.8852837606588638,1494.7436735099916,2683.0485402381573,1177.713924369389,0.0,0.0,338.20123650400166,-22.97888456916308,72.8368291161386,49.09034472029089,20.451471007983436,76.21577494985632,94.97532256962278,84.65847782226842,117.03918642395584,87.78512303814861,104.27859351109464,97.83631700366796,119.03149423211948,91.10072562313225,82.6984591993881,79.7158051517216
1692,1885.128143191295,2684.0998506705887,0.3504541244062925,0.06856940344048071,-0.11047462764139024,49,0.0,0.00930139663596121,1.3835159016474723,-0.3524603878360169,1885.128143191295,2684.0998506705887,975.5752141532698,0.0,0.0,338.02456265788186,-22.978401693667617,55.11255394646976,40.66125696526737,13.120512491850938,65.3082674620846,95.38544152739115,74.65666174474191,92.40686179147377,72.29293236085222,71.80224877448256,88.69693998290941,64.35263098612558,75.99263448939007,67.12617962847648,98.66009200175398
1693,2276.6690611860313,2689.8673432641467,0.5172257155995057,-0.3251472984252419,0.15969026086442498,49,0.0,0.012320311514183283,1.4909416522841104,-0.433651619385545,2276.6690611860313,2689.8673432641467,1135.4434805259589,0.0,0.0,337.8473736103364,-22.975757101854274,68.62309201768716,51.46120549595496,13.132302681449042,79.02377970831651,94.93362537983816,76.23948892452924,103.27064123761767,90.77114405055062,111.13129995538216,88.94098083772639,94.3510786478906,86.92172451479107,103.60487320585088,73.03824386837425
1694,1287.1020739998366,2690.609363479996,0.8582760939760302,-0.3193343542366223,-0.12300084019705067,49,0.0,0.01619530197176084,1.507543164201378,-0.4456743894369447,1287.1020739998366,2690.609363479996,935.8455370301272,0.0,0.0,338.29520425882333,-22.975678522241335,49.58339066610791,35.68305575181272,18.559509106452843,79.16586669589141,69.13854899153588,63.29929221863337,71.90255423383613,88.28453039752351,78.87366950364851,82.51763292424849,72.87281995851515,88.22445075683984,74.20213861737966,63.53807720770179
1695,831.1664983245271,2694.5076657095224,0.3621965543175022,-0.6278454589424693,-0.058135333972541815,49,0.0,0.033243407680691686,5.329157235964251,-1.8166463355545346,831.1664983245271,2694.5076657095224,1820.9068780653615,0.0,0.0,338.5015317623348,-22.973737296216573,88.13145200837403,66.08555269273836,32.428877282996325,140.02994678909215,152.96932146115682,136.64918884887538,159.21945489171958,151.1574396830099,132.27521304271568,147.34202603157158,160.10685104090106,167.25731002398112,148.06719404490937,139.18705022332017
1696,2375.746597216493,2694.666735259942,0.3552899355611699,-0.08832541249597353,-0.06949473432545873,49,0.0,0.06323604275198641,10.983531115576573,-2.6018549617315645,2375.746597216493,2694.666735259942,2685.0635746265634,0.0,0.0,337.8025422704927,-22.973665157153352,142.71633798699014,98.50934409843208,53.88167221844496,172.5369685490848,205.58254821999856,210.7923468158732,210.44776463402437,247.5801340404247,227.3794641110206,233.40488644606606,238.2047167307668,231.04605550673307,217.9922492802625,194.98908598844127
1697,910.529054053993,2696.9985626626326,0.43674190348069536,-0.8511665680481784,-0.5061370430188237,49,0.0,0.009151328900294069,1.0953257175507198,-0.09885821186781474,910.529054053993,2696.9985626626326,1101.2959694718274,0.0,0.0,338.465615060401,-22.972773882026566,53.14112013971565,39.163003173946,24.68463209310442,96.8688996152486,66.55213251869937,81.37538644037588,79.56343019053962,94.57417593406873,85.25382267416481,99.52217275964891,88.86565797736971,105.83773948060292,101.25143699294654,84.64235948139631
1698,1973.6000521443,2699.873772081596,0.8452077338491585,-0.10401484353382678,0.1006949205352904,49,0.0,0.020172212594421986,1.9435491325596113,-0.7214888099739223,1973.6000521443,2699.873772081596,1099.7146799098223,0.0,0.0,337.9845321026972,-22.97179228882995,59.88336263446294,44.707590223120235,15.67139083968518,82.96400696031571,92.44399289026197,88.98905244130069,67.40241922818909,95.77252060166856,83.89753088548204,97.66470328896054,94.08386022357155,88.99564097471833,104.43800322749668,82.80060549058871
1699,1456.2944141826385,2703.453105029141,0.572807743203533,-0.3702831097486317,-0.044500607735113724,49,0.0,0.0717138373677035,10.247549138490454,-2.526550023747047,1456.2944141826385,2703.453105029141,2118.700610761543,0.0,0.0,338.2186331088067,-22.970377035598208,119.38921564424774,98.51558361928836,36.58612993610842,145.52944439366223,161.83349139946932,172.19271803102401,179.8454748349452,154.4565668347014,184.78640612941973,150.316624566744,188.58175136591467,188.93800049799353,163.84385538297568,173.88534812504858
1700,2159.7685959379633,2702.909557301317,0.3235900654841541,0.21154570271090273,-0.5693013821958769,49,0.0,0.00907956421365854,1.258301050222608,-0.24946139770320058,2159.7685959379633,2702.909557301317,1503.2787440744505,0.0,0.0,337.9002866855518,-22.970416005931273,65.49200588294524,62.26911078083273,31.450976224494575,101.1033755211593,117.01896110817054,112.26904527928384,121.16358313965219,141.33016000837992,123.44946864699367,132.55725507420158,123.97543885683118,131.42740789101913,130.01778863612043,109.75416702436635
1701,1223.5840032362898,2705.0478833017883,0.5384803671150328,-0.8589262750723448,-0.23949308006488537,49,0.0,0.022969196509420125,3.0497669464678863,-1.2106666330144171,1223.5840032362898,2705.0478833017883,1272.7963888509428,0.0,0.0,338.32394170777485,-22.969634719294884,79.96815648570906,52.069141710706106,23.170331252218695,90.64220254776124,106.84370795254276,89.52398119342772,108.48508339493294,88.68702613186605,97.58360138302967,96.95749614639732,108.67555635705085,104.69212544358106,120.02471338259846,105.47326546912092
1702,1433.913551389527,2705.3902081625843,0.5462836994950454,-0.32489369046842426,0.2264086342009163,49,0.0,0.01060375046276744,1.1937847713396468,-0.1923150861517825,1433.913551389527,2705.3902081625843,995.912364728754,0.0,0.0,338.2287607897237,-22.969565495478236,43.64885499449002,41.284140372013546,14.91244260963239,92.29300133719099,73.9224525064948,83.63504128662376,87.78302339566756,73.48440028429181,97.39564129295933,75.8126571151953,74.56463419906041,86.09072208599312,92.66785082108069,58.41750242806026
1703,2155.803610272236,2709.40557845968,0.5048007546844212,-0.2524731861392623,-0.17729436723932318,49,0.0,0.04039891851849391,5.699416185573208,-1.889575928492845,2155.803610272236,2709.40557845968,1759.7895656809226,0.0,0.0,337.9020860806692,-22.967712369316555,95.78699080118886,67.21350093207238,33.09106051126186,135.25945871535413,149.24622671341103,119.20584357637884,149.526436917523,161.72254703831902,142.5391141257494,142.6534741107828,148.486222171412,155.5437485724924,135.4262406464072,124.08870084856952
1704,2413.1450492217673,2708.323100497664,0.46677822542115305,-0.43586607254591775,-0.33885523793318095,49,0.0,0.01124467292204251,1.325727415567417,-0.3061355935723109,2413.1450492217673,2708.323100497664,1414.7453124747285,0.0,0.0,337.7856340806352,-22.96793734997283,84.81640848551521,47.507460336548206,19.891102389324896,96.74023462509196,128.3770587324858,103.54222293222284,121.33000552674281,120.016817871763,111.5431392328778,111.43333678557339,126.99221593270731,120.59362919904115,111.59470513544028,110.36697528939379
1705,1616.9560966202598,2712.1808678418265,0.316849776843656,-0.7461395639473815,-0.09946701767521668,49,0.0,0.011291740992081509,1.5456737751548797,-0.4727945962066479,1616.9560966202598,2712.1808678418265,1052.2653341962828,0.0,0.0,338.1459280836644,-22.96675388299,54.408750717699576,54.8308063504846,13.986029848783016,77.77756854006567,96.15523041379967,76.6647980533453,91.4035952471884,75.92167824004038,81.50180323564781,94.66850379385053,84.36373280598346,89.00866353814277,75.4702112005998,86.10396221065179
1706,1079.53903763581,2717.218620260765,0.43272076481349653,0.24095933494046767,-0.06119615113723433,49,0.0,0.009818071689385128,1.0353642566341585,-0.03773291992998923,1079.53903763581,2717.218620260765,1026.4557781193048,0.0,0.0,338.38911713259375,-22.96448090703117,45.70351871145429,42.66844779094785,22.5055828262171,71.29931486498424,73.07067467985684,76.30050716494934,96.62175252317363,93.07567510814027,99.71796392249269,96.95768994870446,78.7993101641695,69.0944180121146,86.63243283066844,74.00848957143154
1707,1843.6007340531764,2718.9663402781152,0.5978152822557805,-0.49601103386619905,-0.15497413333110263,49,0.0,0.018821919900029974,2.3981814440495235,-0.94970509574823,1843.6007340531764,2718.9663402781152,1044.1418022434623,0.0,0.0,338.04336842855986,-22.963889025929394,42.874469295536386,27.011379933096904,17.5784516509436,84.93918404673113,97.76056786753934,84.08107008244603,87.2189802224747,92.2836615824007,96.37007988126635,88.31836906008465,83.00813928185686,87.90911103300074,82.98063727997223,71.8077010261126
1708,2415.3024211306742,2719.0853251054255,0.5510499186208008,-0.057068953136664054,-0.14581836068777626,49,0.0,0.10444393671583184,14.564024903072553,-2.9082035321601465,2415.3024211306742,2719.0853251054255,3108.4255026071514,0.0,0.0,337.7846703080656,-22.963451222785423,162.6745375922116,119.00428110035813,54.04695147906449,244.32533798909174,252.69357726694864,264.5671946457551,228.37962956178757,262.5173890717049,227.7969312845741,246.99597880218843,286.54846245082916,265.8474840447488,248.1314621617371,244.89628515615158
1709,1028.0542341946798,2721.2735085521,0.48016941429195054,-0.5983393233673362,0.04002583008165914,49,0.0,0.010015096964313552,1.239071869643532,-0.23274124351153874,1028.0542341946798,2721.2735085521,909.8068784991334,0.0,0.0,338.4124111391973,-22.962755362381888,57.62604333759579,28.71644437387502,22.761276413654347,60.72883500253017,77.9322233492586,69.00759553181402,59.69853918633048,75.65348201554082,77.18021669727423,84.168889908999,79.72068400302962,73.01872284447185,83.17720576828677,60.416720066472664
1710,2003.859721106894,2729.793824947481,0.6716182337053433,-0.2154580980747701,-0.06224441962136568,49,0.0,0.012614942989879837,1.3760092894790343,-0.3465534146104069,2003.859721106894,2729.793824947481,947.5305455296013,0.0,0.0,337.97085562691484,-22.959311394361155,59.32191295649384,34.07188818154967,27.297236858512278,72.6315138380157,76.05967645996762,69.77823567869886,77.29888989405809,76.2611159425451,72.8748206622106,85.68204066051987,83.82308760284316,77.59402821917219,70.84974898761186,63.98634958740263
1711,632.61353223231,2734.8086250258566,0.5234406288682126,0.04569661375102781,0.7800921750870801,49,0.0,0.00927440066616573,1.2276445203861999,-0.2226815742110146,632.61353223231,2734.8086250258566,978.1870351209052,0.0,709.4966228984351,338.59132705129724,-22.95672530876728,72.66782646716172,43.813326753249434,5.028333399953039,81.98578205033172,87.03477439412879,74.2185647671367,74.1431625288568,80.24688995465625,66.27269468534158,81.78333564279578,67.27987926728711,118.17265263046883,72.59685432989691,52.94295824964052
1712,2596.5400838211185,2738.773409728519,0.23837898393994014,0.5698454165333422,0.46587006442219675,49,0.0,0.00974415681719843,1.424738850947874,-0.38433816790347247,2596.5400838211185,2738.773409728519,1140.3352747186482,0.0,1073.9014749791854,337.70268976867646,-22.95503800033209,59.628245121748115,45.05003749972258,21.500010232051054,84.45800005317429,91.70434377528316,85.9940995611027,105.89256247268912,101.20110400714498,89.27938473654793,96.21690618728961,101.57326422203332,85.01796764443816,89.9481121716397,82.87123703378353
1713,2040.0964093379725,2739.4748872779537,0.5737581423938805,-0.45489025216257345,-0.16008637261994685,49,0.0,0.01416786666162839,1.6795301473885633,-0.5629695094691981,2040.0964093379725,2739.4748872779537,1023.1271780370975,0.0,0.0,337.9544647922336,-22.955258313491157,45.84750547842816,45.04231522814737,27.371992072762474,84.67036719874665,79.3886093465957,74.09227114887986,81.02154429024574,89.76663018957188,95.3167918320382,88.25125910382471,89.30337179146225,72.15831072869267,81.17867961155488,69.71753001614698
1714,1270.1141119425365,2741.193553732268,0.48139065005088644,-0.36155831000403965,0.027713233003887835,49,0.0,0.008904465037168697,1.0491382177073958,-0.05208176918107661,1270.1141119425365,2741.193553732268,1063.1163888791914,0.0,0.0,338.3028684404065,-22.9545962108627,82.03430423167364,37.98110670612216,26.71982066832779,58.94500887831528,90.89224556759616,74.86023445194141,86.66380038478333,79.10402192942706,89.17569309234317,83.48927433903113,88.98230979836951,97.8759886789877,99.57176882063025,66.82081133164272
1715,1498.6066251012005,2742.525363624382,0.45922399148609405,0.26349037000852993,0.2898519135905057,49,0.0,0.009586593098576577,1.1134903016629725,-0.11671609686340628,1498.6066251012005,2742.525363624382,960.452217457349,0.0,0.0,338.1994796544955,-22.954104704509753,58.937186876590815,35.62585384000815,23.7000949997754,82.36716058466594,79.00017990070754,80.67981864172623,54.97656090684316,76.24025338615981,80.97155005313186,82.56402244656925,75.38679169788603,74.24499490698386,78.22241760771242,77.53533160858844
1716,1621.6531175271064,2749.9938411358917,0.715224007098339,-0.4615627236739199,-0.12127234757445654,49,0.0,0.07587017267088254,8.917505076881627,-2.3756084131535506,1621.6531175271064,2749.9938411358917,2203.500638575608,0.0,0.0,338.14380370567625,-22.950999429336072,113.85567415715849,94.60985133324085,43.40645268564043,141.84753280275777,183.8224215978601,157.16888158790752,212.0945385395125,175.00877760160807,174.3905290137639,189.55223620047147,176.2205725893384,192.59713350429766,173.86744652522185,175.05859043682887
1717,2347.8064946481404,2752.1230909539618,0.525582662771849,-0.04177368600677874,0.018201972819534434,49,0.0,0.009732162340398049,1.065183530598982,-0.0685611073695755,2347.8064946481404,2752.1230909539618,1024.1010063199212,2.0,0.0,337.815247089118,-22.94975434499764,56.73338768411132,41.63169052705925,21.172940578052348,85.86089556704526,79.2400588113264,66.69324968829116,80.11360245780564,90.3057216168415,85.74680140354997,86.71975374695437,86.48663502164067,89.33781570359864,78.18596292495516,75.87249058868963
1718,2124.334781644793,2753.4847099091303,0.48888185981602583,0.02816879869036735,0.0672486876174697,49,0.0,0.02311494668851364,3.232934053587311,-1.2739921145638144,2124.334781644793,2753.4847099091303,1236.3795956493143,0.0,0.0,337.9163591556754,-22.94936926817269,62.0265374855225,36.62333434495616,18.75366840125764,76.75797502452657,107.99341348982864,118.514845479158,107.09197106458302,101.04350145725431,91.12971326689654,100.96112899423872,102.21026744426926,94.35558726891755,113.57182066924963,105.3458312586557
1719,1018.5235596586907,2759.055964231714,0.390837509224673,-0.5435880059571686,0.11064124719941262,49,0.0,0.018214663516689315,2.5787050356504806,-1.0285041708591,1018.5235596586907,2759.055964231714,1369.263548007451,0.0,0.0,338.41669254264605,-22.94700685888545,84.04383986891573,50.14150008797061,27.353276763771426,112.38913404377377,93.34327842766886,111.91644121762704,113.13253401935239,102.44704890982484,102.9352399973148,99.08883286092512,121.15995247084281,117.65398677775025,113.92084069449479,119.73764186721864
1720,1620.6136539500455,2762.7598330686546,0.5003012772724829,0.1561778135003848,0.21471764767263962,49,0.0,0.013021910551486127,1.4336984991754056,-0.3911445765311109,1620.6136539500455,2762.7598330686546,1588.230669964381,0.0,0.0,338.14427439681793,-22.945680669430168,102.54514844709189,58.489688218003685,36.93471972168089,88.86084610715594,131.05798176368876,131.69079211809301,132.18141271186659,144.86516028793443,122.13663531978392,137.9179291315516,131.22920606530724,121.98942145271587,123.19881122687107,125.13291739263613
1721,1496.1937494332935,2765.6290808700105,0.8301395051835628,-0.6423865367755617,-0.0755951151252479,49,0.0,0.01313018441071471,1.1855344322789179,-0.18478543001490447,1496.1937494332935,2765.6290808700105,987.1961327891488,0.0,0.0,338.20056800999214,-22.944478517168797,45.46672619603321,38.10590223271865,31.55856631753734,75.00239370125067,90.50219236063336,69.51559058418894,82.52355648480358,84.64057170023219,80.07027119023886,81.59850344874894,94.83205830904579,92.2412280650692,74.35942390393632,46.77914829471179
1722,1622.5848443058555,2766.7118960371813,0.7167676136682019,-0.10445615722047467,-0.0037775795455084896,49,0.0,0.03641783747600314,4.34231647850664,-1.5943036817551786,1622.5848443058555,2766.7118960371813,1588.4221828687607,0.0,0.0,338.1433826515919,-22.944034041233888,104.01446860995726,66.62230208986615,38.202440249484745,94.83400391720244,126.69651361457173,129.1474429524182,123.82241022980261,139.0487052126672,129.0845927028733,149.22375060235123,130.50770757666953,113.65332325755917,128.15911793701787,115.40540391631927
1723,1931.6990784362358,2776.0542114254645,0.8828030437214206,-0.8948100570941453,-0.2484808316504076,49,0.0,0.015229741751283221,1.409651325213347,-0.3727792598974103,1931.6990784362358,2776.0542114254645,902.2869862133814,0.0,0.0,338.0035297348833,-22.940071671917238,42.90363502086456,33.88088830966017,17.14075829876215,52.90757943553648,84.87233680529069,77.45583416205444,64.46784466191394,76.6614786400433,71.7875585973536,67.81554528133198,74.00475828700404,94.46912921877401,78.68824541790013,65.23139407689186
1724,1356.32169247764,2777.3424281301095,0.4973101519340333,-0.741314332774956,-0.13634949392683776,49,0.0,0.030760929236426066,4.658370071534157,-1.6705849672812416,1356.32169247764,2777.3424281301095,1341.6859753065205,0.0,0.0,338.26384865862707,-22.939567058918602,77.3629872564612,48.91216006229975,23.037194882738188,104.9180288538416,120.7868446361891,87.30241082421561,114.56634985695732,115.715053361799,106.25590614094985,112.00388083370343,97.92096833312075,109.62430111163914,121.06891563061411,102.21097352199155
1725,1813.4408268032892,2779.536734334198,0.5813831758314761,-0.4792877110755201,-0.09150603784915161,49,0.0,0.22544968152954187,30.67020564008121,-3.7167917197127447,1813.4408268032892,2779.536734334198,5774.204278346176,0.0,0.0,338.05703450023094,-22.938661988391882,315.4895661176745,227.00844588141027,79.28275518185939,401.7828623722834,423.3442823730244,459.09220844666197,513.3991093003917,483.26747857478733,469.2017675528065,469.69244154207246,499.2628119157932,517.4198741860505,504.0475200717801,411.9131548295793
1726,2097.3415213631465,2784.596363877606,0.49225937291335053,-0.1772668691277105,0.10276839197547527,49,0.0,0.039705729312038786,5.716466009190901,-1.89281906366797,2097.3415213631465,2784.596363877606,1749.9809956416932,0.0,0.0,337.9285944298842,-22.93642478872764,103.68888422423157,84.77880307008178,36.651195799936204,129.0419615592565,135.3441646117563,138.75392566587834,153.39733770799955,124.88346730128312,149.02297284894718,150.2696632638586,139.67390095980787,131.98773638351082,134.38159597264402,138.10538627250156
1727,2201.8472657836796,2784.3920337349937,0.31163133864012094,-0.5194834825141432,-0.041564950708346086,49,0.0,0.013980758029580707,2.17378304914221,-0.8430404946585891,2201.8472657836796,2784.3920337349937,1160.1473123038763,0.0,0.0,337.8813145434666,-22.936436346975754,69.6571291893261,47.320596909674386,17.210144333875526,102.78800834721937,104.09608759624285,79.97046070111347,91.60434712517468,72.06235942201322,102.60256500624143,90.77987391080265,83.70737456011103,98.00699536850814,102.70106001387273,97.64030981970083
1728,1839.3901325425363,2786.3873085093887,0.5540215937749611,-0.30294425261219476,-0.1544649632497306,49,0.0,0.5616966746062604,81.58360555379309,-4.779007237176717,1839.3901325425363,2786.3873085093887,12576.998917869547,0.0,0.0,338.0452966625021,-22.935800281530092,682.1131629805668,444.61049080532325,248.89460647172797,912.2626981033663,996.1611038167636,987.0686868742807,1041.6922530549011,1081.1894555442154,1092.253837345002,1030.8453780564764,1060.6667409480062,983.3244363411288,1085.8315673690322,930.0845001587552
1729,2385.2515211826903,2786.6728774357016,0.6741162880699217,0.1754206331574136,-0.2838140148092697,49,0.0,0.012899880205558205,1.1489093563564308,-0.1507144155260218,2385.2515211826903,2786.6728774357016,1185.712701167544,0.0,4.091594718851216,337.7983435779145,-22.93532311939376,62.58819242128679,49.44059582982467,25.276373703790842,88.07250045749892,90.70708601456906,100.09944786641708,95.42447548869714,81.80900554013982,103.17571349504392,102.29259537995873,93.9101066755778,105.72596795027943,103.3839616785518,83.80667866590807
1730,1725.9723153914786,2788.986494330712,0.32201853895152993,-0.08876062841424545,0.2387848231896499,49,0.0,0.008496311299127209,1.1458067467055446,-0.14777843780275443,1725.9723153914786,2788.986494330712,961.8876131033056,0.0,0.0,338.09660934068324,-22.93474386005919,69.33440922928813,42.99579967928372,12.379335158096056,67.38133355987836,86.52259524637333,62.84324384194425,78.05826855448636,82.60304866817788,77.54342302970997,74.08463532442573,72.052207831352,83.5443652270354,90.90873091649617,61.63621683675819
1731,1808.6537805345024,2790.014023980948,0.342599765410152,-0.4054589478543187,-0.32321939473798017,49,0.0,0.01027172635731317,1.4494463019073252,-0.40300532636221065,1808.6537805345024,2790.014023980948,1278.1226313071295,0.0,0.0,338.05920338729317,-22.93429807314955,68.028218403132,57.69572055335783,30.912980228440706,74.69398354976911,87.56595141863869,112.82920195750236,107.68818804892544,118.55713360768075,110.94342095675833,102.94881275417526,101.31513954452245,106.67308038047578,111.36544219866161,86.90535770508923
1732,1883.1339702317591,2794.1783888402774,0.7991302767238211,-0.3453824374893744,-0.45199778245104577,49,0.0,0.017795205943756175,1.74335743470374,-0.603466095435695,1883.1339702317591,2794.1783888402774,1053.7209336085198,0.0,0.0,338.02550935075453,-22.932539624749584,73.52587759051832,40.71605971364959,19.388435776554974,70.18046790597737,92.71925455073293,74.96831630455996,99.10272178591183,78.70384064771558,75.20973978238501,85.61418105146379,92.98152163756103,82.6954065482058,80.24068325296042,87.67442706032313
1733,1221.6710748998075,2806.359964454897,0.48132022362412974,-0.3647573867749087,-0.15956096072863604,49,0.0,0.009721689775585724,1.1786838881971033,-0.178493367658494,1221.6710748998075,2806.359964454897,931.1876948521758,0.0,0.0,338.32475283751273,-22.92742359478713,47.86556132937085,45.31812763636988,13.976739311925286,57.86999829738419,76.32851775530108,81.89147646543637,89.25230436614649,73.71193375648917,67.78893252470661,75.10434650211485,81.92567469071409,75.39011491007795,73.1715076604145,71.59245964572438
1734,1282.2452304698738,2808.5654760727507,0.5802970835242707,-0.6167258021632112,-0.11086945109246063,49,0.0,0.043240083428916234,5.603246968969458,-1.8710994121821567,1282.2452304698738,2808.5654760727507,1664.0435010550432,0.0,0.0,338.29734889535825,-22.926531762459007,77.65672057255989,54.76959038378878,39.15573233790624,114.06433232488689,124.64236285046454,143.9314765149138,147.45821129929254,127.0220683184885,141.63985410096586,140.8495134765748,145.66680329484424,136.04883550557733,151.68555215902092,119.45244791575853
1735,722.9899726261768,2814.3481897520787,0.46404679112682434,-0.816389559718466,0.2801474952477051,49,0.0,0.011709866769153874,1.6746465967288569,-0.5598079280081582,722.9899726261768,2814.3481897520787,1049.7893945036972,61.577041461287905,735.8582462145869,338.55033547617234,-22.923694059687648,92.08956071008629,143.92175244629695,10.062366025824232,94.37461192159259,71.26372825160152,51.232291295403044,76.18417251383099,71.9288392936564,64.82724073419215,92.23922963596445,68.58634894996295,81.80781288839577,62.72449418180127,68.54694565508868
1736,1701.5263600036847,2816.063903816334,0.2606166673027719,-0.09690589237477089,-0.48038567486090644,49,0.0,0.012824269164315885,1.6246569559008661,-0.5269041857689465,1701.5263600036847,2816.063903816334,1191.2731540256204,0.0,0.0,338.10767293064225,-22.923466021062563,57.481433211056334,42.372449429417145,27.543750050662123,83.76654261133166,93.6717341032805,84.6387080298277,90.78041067960336,103.71160488152134,104.4712379404177,100.6983678530543,103.36246395393823,96.75863312627675,112.74367735890566,89.27214079632776
1737,873.428872713013,2820.364447880957,0.4662861585794063,-0.7381018786347594,0.021910383175033583,49,0.0,0.015414462386458008,2.009160734953503,-0.7575367053736,873.428872713013,2820.364447880957,1146.75714609205,0.0,649.8876842859668,338.48227662804203,-22.92134217026401,61.36492868425241,42.02936258767613,27.85049811079744,80.97515664501472,85.6759818475725,74.1876682996731,96.31608336910793,84.78995129666794,113.56650396570772,86.62521531038674,119.65651297046205,100.92275640565944,94.40127148489192,78.39525511418009
1738,934.7980711598236,2821.370919250984,0.6660470531477649,-0.22337956206362433,-0.01676637229879706,49,0.0,0.011864226969978983,1.1669575556694185,-0.1676376506665911,934.7980711598236,2821.370919250984,1015.919984919236,0.0,135.51234351053841,338.4545149140296,-22.920977598427335,55.16617260096163,38.83576550932358,11.62198396793104,48.27542106517357,95.23918760602328,80.65752035930508,92.95766098026147,89.23459218068203,78.73083225379048,96.2143280774918,87.05587039958158,87.24839309780305,72.49714622986858,82.18511059103884
1739,1426.4981037122668,2825.317099769308,0.6371375528860777,-0.6130272022817346,-0.15369803079495645,49,0.0,0.09616125249468724,13.070010843824374,-2.790689869756857,1426.4981037122668,2825.317099769308,2440.876694691392,0.0,0.0,338.23208687744864,-22.919597971713294,122.866991256576,92.85112177181547,45.81711271433215,163.80896889629165,194.16985191895031,208.40247735398466,217.7578143764057,189.7121090895667,195.27013899518,172.71846043806656,222.10144478404249,191.25585930077773,213.8246171120506,210.31972668335177
1740,2021.5410586316452,2826.035218216037,0.3089763285612165,-0.30468172007081235,-0.2165741437360045,49,0.0,0.011718664454793738,1.809188047651344,-0.6437092748234743,2021.5410586316452,2826.035218216037,1037.3005892283502,0.0,0.0,337.9629124873984,-22.919204623293183,66.00277540358493,46.79903339795338,18.365584150259075,67.27315707324155,90.74094288731132,96.71596247286786,79.98590356440651,82.0354818157087,80.5823427160308,97.25495325589955,92.98819531207775,70.3670734872275,77.66755015594043,70.5216335358407
1741,1113.8811429570299,2830.8199626686933,0.48027793957055054,-0.6323762218151997,-0.027476611517452218,49,0.0,0.0260359046872063,3.5737442415537006,-1.3828086714478398,1113.8811429570299,2830.8199626686933,1380.5071493877713,0.0,0.0,338.37349846847036,-22.91717302834108,79.94316007246628,54.53158998290864,21.394410661615815,88.13985347749599,113.51690229163619,99.19933518892789,129.80021386068947,110.09420885713644,113.5763922920242,103.64693707287304,119.56002022030088,122.54917011255151,131.7565488657321,92.79840643141283
1742,1615.5316145447334,2833.2806931736486,0.5653367009686726,0.561122565049303,0.16346743406139874,49,0.0,0.010463717095329159,1.0391350846191063,-0.04168002070060201,1615.5316145447334,2833.2806931736486,945.3809358850613,0.0,0.0,338.1465752819143,-22.91629932141277,58.99238615649559,31.027001162478534,20.501455903465505,73.1275518259059,70.63357688163907,82.43418683709336,76.05832002141278,68.20613281231547,65.32422719535779,86.98307858917478,83.17121211277794,93.31430464485793,75.37008470541655,60.23741703667018
1743,1751.6388464022289,2838.4476584751205,0.5632966117641923,-0.6667667221220075,-0.09140261205051678,49,0.0,0.02314224286710404,2.8597504389654445,-1.140820338321575,1751.6388464022289,2838.4476584751205,1331.0701211872333,0.0,0.0,338.08500805150527,-22.914132109772158,71.7414260998965,50.85611687592301,26.967765287578402,97.93310418107585,94.77405551663011,101.23928388359428,132.2155226459974,99.92702107082403,107.13448056508516,107.00010172201688,107.69665787376087,101.03880165739824,131.02356485396592,101.52221895348694
1744,1479.8827492188036,2839.8077171096857,0.7277172891201465,-0.5268829930536432,-0.04597382141540498,49,0.0,0.01569494214778151,1.466423860423947,-0.4156487962215828,1479.8827492188036,2839.8077171096857,1045.2584349758847,0.0,0.0,338.2079351762182,-22.913570776388074,64.6018326371896,42.382590524518946,26.340217107801074,74.57072288367236,63.139490578252925,81.16465411276236,64.45500174561107,94.92495054358992,91.22969689036387,100.77160503735578,87.72486975557742,104.28656477326341,69.6780406560727,79.98819772985334
1745,1724.679775250025,2841.0586059806105,0.5193203174829947,-0.5354795171797265,-0.16078508618097026,49,0.0,1.41758366023009,215.43437578508573,-5.833287506720373,1724.679775250025,2841.0586059806105,32509.23036294574,0.0,0.0,338.09720328806384,-22.913049056872197,1784.992729148912,1177.7842709321917,654.4792685152258,2395.5544295552245,2564.5189254172888,2593.05442218753,2753.3550156202555,2685.0170032687415,2733.117979781664,2754.5009802046206,2720.3426997177285,2597.625259712704,2637.9806801542236,2456.9066987294295
1746,994.7610083476025,2843.4343377668797,0.4170912383985509,-0.9159508347553875,-0.3154304822065858,49,0.0,0.03117987166694893,4.9496663302834465,-1.736439807535449,994.7610083476025,2843.4343377668797,1581.9605187822308,0.0,16.249344944088044,338.42737125382325,-22.911834187531163,79.31754802252314,48.24219340270828,38.87497081147917,137.49389241556503,114.69806770705858,112.0025119086858,125.93663437276865,135.68526304734726,114.62720268238664,119.83032942920899,145.7700483554625,131.94900876655748,131.43750440992855,146.0953434505506
1747,1332.4858213795833,2842.6334055478837,0.5593049672093209,-0.7096008318150667,-0.20373574388423984,49,0.0,0.05716677382577325,7.614892206126988,-2.204159399969525,1332.4858213795833,2842.6334055478837,2176.0318171356785,0.0,0.0,338.27460785800025,-22.91235682359625,131.71825420538715,78.96491019173683,33.26648591260191,182.32824935523627,171.55192875103063,167.3066474911115,171.3804519231852,172.59971477158211,205.6699693394893,186.1263304565557,159.97565747050888,168.69864440483406,176.45285662558916,169.99171623682943
1748,935.8863237437141,2845.160048186056,0.7745824238039856,-0.8315366460985424,-0.050438480977112225,49,0.0,0.04115711578028874,4.555002150065935,-1.646221465765161,935.8863237437141,2845.160048186056,1522.910644789432,0.0,601.5194844752069,338.4540001846651,-22.911067322647394,73.88105624712875,60.775199990896624,28.350797929869294,128.64360346533113,136.6933826573752,118.22370972940084,133.05901176480177,105.1233644694438,106.02367807209548,137.4857226424653,133.23583107570823,133.34765885281394,126.68801332934756,101.379614562754
1749,1870.392853969896,2845.208655904295,0.6202935461693946,0.04768496741776596,0.09502262795900904,49,0.0,0.01527519063622463,1.5228824698887191,-0.4566659687006231,1870.392853969896,2845.208655904295,1210.3861881806038,0.0,0.0,338.0312930593279,-22.911283245727994,82.82544632125197,43.51044546355417,22.75466364507372,88.4733834427563,88.66141716248688,96.66856684552496,83.92795814297298,102.94584173088847,96.11325427110437,96.21201768028254,95.08792753925337,107.91469127371525,110.52296850781794,94.76760615392087
1750,1018.389826985455,2847.0391453277857,0.5133356410045273,-0.775981779894134,-0.21940288295466312,49,0.0,0.018376773964416407,2.529229634388101,-1.0074706542429455,1018.389826985455,2847.0391453277857,1195.3783178388323,0.0,1.0,338.4166803077729,-22.91035029455624,75.28031913965498,40.36122869134727,29.932906947625234,90.97460708105937,101.44523791931914,101.04994571035783,80.80787812095105,101.67047768111397,92.03433650710684,107.40140016999584,100.46926833153822,88.33823859119019,94.9577019093468,90.65477103822565
1751,2487.6520817662004,2847.999132290239,0.6176010809160676,0.4907026145987415,-0.01395399377357641,49,0.0,0.02450339212903594,2.901731788745778,-1.1566431687287433,2487.6520817662004,2847.999132290239,1140.2403483673222,65.7308445461496,1165.2551969658025,337.7520949904744,-22.909663402278888,69.57666033296839,40.56137680790214,27.832195269243606,52.51799142817463,72.67152155754346,100.03299409454863,92.36194031534228,97.60328472970095,114.58635231519392,90.99684297978168,105.44908262400996,97.16878323443677,102.19739159404986,76.68393108442596
1752,977.7912830450119,2848.4334453010383,0.5730403178814101,-0.5907846451566349,0.04218304281291968,49,0.0,0.07164392728612368,9.763838384729562,-2.474051455436967,977.7912830450119,2848.4334453010383,2402.5579316895155,0.0,425.76151464059893,338.4350426968078,-22.909738074641727,122.77891075308506,77.10895622317739,64.15761392153682,182.90866107557562,184.9750258960138,189.7521734721664,216.1344597489469,204.9226586197995,184.89528631152268,176.6250755715551,181.84706217045647,188.82271228723573,223.8480326619365,203.78130297650722
1753,2158.6237063511257,2849.663274162873,0.7678930289043328,0.21046600001259627,-0.1795569974731376,49,0.0,0.027112217511623016,2.3162053311656376,-0.9119426422147537,2158.6237063511257,2849.663274162873,1623.867429653399,0.0,0.0,337.90092113239353,-22.909274518889696,91.66007456248583,56.38508275016528,35.06851659349484,135.0655852684823,122.40769848388267,118.58044409099125,134.1804937432088,133.61467359680535,133.2402139754202,140.0427850853577,148.85050727317827,133.0267608923728,114.211709658448,127.53288367910562
1754,1976.245118136228,2853.1177039229615,0.49396397632293737,-0.16315863053594779,-0.16958918581830193,49,0.0,0.019270742144169056,2.7719241864076096,-1.1069533697961327,1976.245118136228,2853.1177039229615,1078.6285319715262,0.0,0.0,337.9834169075348,-22.907944337594646,68.18096329751256,42.25490057664108,28.2243099278908,64.53794078537003,89.50255568610655,75.09944060780633,97.68976712335001,91.3735624215332,125.01297367665902,75.48771034251267,90.98010292320238,68.91043498737153,79.99459080168145,81.37927881388849
1755,882.0480664446728,2859.2321580548896,0.5054489102440166,-0.6886033785492187,-0.45390179314555046,49,0.0,0.03423121285618259,4.243970530099432,-1.5694308988062717,882.0480664446728,2859.2321580548896,1842.5911690634348,0.0,1533.792872899397,338.4783380361321,-22.90515684970462,92.86708599656153,81.67421315495166,41.873220107734326,138.68066584495625,123.15095116095009,141.3343330611068,167.307623546701,122.22718635119273,141.36782182360702,187.0665732744352,143.61508244124457,161.52259345066284,160.37912073284258,139.52469811648825
1756,837.8341612129734,2860.4813877933,0.5765523895703422,-0.39134171506828735,0.04563835361107221,49,0.0,0.015417018759805692,1.6965517396724665,-0.5739177721125922,837.8341612129734,2860.4813877933,1242.5932853495742,0.0,1052.8205781550469,338.49833461673757,-22.904594475038152,65.0923074731228,50.28373174371078,22.51903113570319,90.11057266240003,94.98744435243438,100.64021286609338,92.65631822969245,83.84192163683869,107.8337103445097,119.45612643625569,110.95957939458084,84.44120442549388,119.19733861408957,100.57378603464903
1757,1380.0283973142741,2861.0738590748083,0.6944567267889744,-0.5122803529048774,-0.18536014476787452,49,0.0,0.05582057055023833,6.924098974688295,-2.100908167886265,1380.0283973142741,2861.0738590748083,1746.796913130868,0.0,0.0,338.25309681998306,-22.90468881973312,94.73719624778545,59.38542192813332,33.49388538861537,135.91746637263188,121.74886661531511,155.20999573744842,141.0404486569145,130.66099627557182,135.28326859064435,152.86780683441577,136.6062229377796,149.4428672243246,156.15775352364517,144.24471679764264
1758,2384.321214477601,2865.8140640703627,0.2645492893873796,0.1498588058073279,-0.28351159804977055,49,0.0,0.010414002277499649,1.7655671841577103,-0.6172106204569603,2384.321214477601,2865.8140640703627,1089.4788055300753,0.0,1021.5287484285313,337.7988525398578,-22.90235181658668,64.66429333924745,48.34765580892295,15.41140182592564,87.503916693162,89.81135785424149,84.89652514082748,89.20336763435772,104.95343921125698,98.63881832291999,72.38748892253813,78.60307578467506,102.8671116067741,84.76031806325074,67.43003532197558
1759,1336.921022721115,2869.1871931337214,0.5985681004848993,-0.4740327083193837,0.13517982668535977,49,0.0,0.013162563170329763,1.544919053525232,-0.4722643234340543,1336.921022721115,2869.1871931337214,977.0820794485826,0.0,0.0,338.2725917161884,-22.90129520135948,50.47296356113729,31.516905988764037,21.893273975594685,67.79750816716654,89.03245225302551,72.96490284181236,70.1673821681864,91.34499431394616,75.60422005687323,62.37325473744689,73.5687127520408,84.33756544491743,107.22196058998998,78.78598259768123
1760,1671.1183112531944,2878.3626843833204,0.4012776350214813,-0.7280999185171185,-0.07743607193690594,49,0.0,0.02568551584482743,3.8124566006990657,-1.453012271422061,1671.1183112531944,2878.3626843833204,1550.0558897577744,0.0,0.0,338.1214350548109,-22.897513677705245,86.60211137577522,62.17150968027837,22.644336779525283,115.99470746888453,135.60544894761205,131.87005789443566,129.60951259798316,128.54531386660722,115.40253815221936,107.94020801683553,109.72682638826419,134.24217834765182,151.8315732605164,117.8695669811857
1761,856.1080139261359,2880.315274080026,0.5214183887460955,-0.6046470922732645,0.0815918321311349,49,0.0,0.09734574064390496,13.156800147745464,-2.7978756944800858,856.1080139261359,2880.315274080026,3427.0598616500993,0.0,2907.508490052189,338.4900484416889,-22.89634883092844,193.66564804425863,140.56462351123076,61.69446279710818,243.68507540266756,285.70240521169984,286.1367307895357,276.40922765994503,252.4408141735339,289.09605412146055,296.33692595734794,282.0525627767616,293.41514484907935,290.1471346870873,235.7130516683824
1762,2361.7669252987425,2882.1125382362293,0.5220790080490884,-0.03220885367221509,-0.07169141872407818,49,0.0,0.4872400428470558,68.82498788691485,-4.594365359075643,2361.7669252987425,2882.1125382362293,13359.00815381678,0.0,12696.146481759602,337.80907120947217,-22.89558379369198,697.9067367475232,499.6820038278589,278.83592086726475,987.0059393962521,1072.5025265269219,1093.2716805264124,1140.2034113668667,1137.612342832178,1063.8286519367998,1089.3985406908812,1146.7673120462487,1083.6203674301069,1086.7685249138128,981.6041947076529
1763,1539.931202096326,2882.7859585579554,0.45897187919236004,-0.6513264855164572,-0.3800838135761445,49,0.0,0.013847244685529924,1.9222312254253568,-0.7095140695257798,1539.931202096326,2882.7859585579554,1017.4398126599463,0.0,0.0,338.1807690164528,-22.8956716502606,46.177207801283544,40.72595464055389,16.783319745696666,49.455639799539,88.20344454590006,87.48237474687966,91.88430384334393,84.60015048737489,79.31459635776994,77.18713491342189,78.83417618814536,96.12245259685325,90.66063843790667,90.00841855527744
1764,1814.8277508476172,2883.916533251441,0.3442555005245116,-0.1322949965785225,-0.3334208697555786,49,0.0,0.008512667232241006,1.0230396438957319,-0.024731158551079907,1814.8277508476172,2883.916533251441,1047.9549212457869,0.0,0.0,338.0564387874272,-22.89517357673838,71.56813200460832,36.053443176571534,13.917800978359574,82.0694940798108,66.55108694334456,86.51028686001564,80.68202780047505,82.66463624737534,82.34640647370426,80.66913565259826,75.08368167063547,102.24210992471998,99.25551438745504,88.34116504611315
1765,1137.8943729339749,2886.051278647318,0.35811085490037264,0.03212639752152295,0.010361196937577768,49,0.0,0.00800982798617075,1.1128413983839804,-0.11608318326537954,1137.8943729339749,2886.051278647318,947.1276945029178,0.0,0.0,338.36259982892517,-22.894176658984794,52.177582905287316,41.47484565129801,19.768893234525628,71.2428083542768,73.33183251089162,79.19684612220648,78.58707081254974,66.64199999101461,89.99450406708232,66.36692242564351,79.15735830722514,72.69453118494613,84.90701274644893,71.58548618952169
1766,2295.2424352421804,2891.530878097876,0.7218435630692288,-0.09937995618067796,0.006336134453911451,49,0.0,0.011366017381681776,1.0764194167856018,-0.07995380775063138,2295.2424352421804,2891.530878097876,1038.94196737836,0.0,680.6567546029571,337.83916737410544,-22.8917218563825,59.20584877016267,39.930050257643956,16.58516785511761,95.62751860050474,99.37486696645661,70.90079369871083,91.98662937005976,104.81074464092937,71.7436654522605,78.73461860434475,79.56541452287655,70.4137177715701,78.25814909080643,81.80478177691603
1767,936.5436888375716,2895.7819580783957,0.4554556072796173,-0.881631342515724,0.23833009971232924,49,0.0,0.009173489167000677,1.0854331595688653,-0.0890077124420815,936.5436888375716,2895.7819580783957,1039.7150705822676,0.0,874.3080512741589,338.45365512674084,-22.889977510124897,50.41206618798303,39.416415821337935,17.32031427124671,70.10589420367634,77.7509705060967,85.23268593691864,83.77341730898195,79.64994934588407,95.8145849548088,95.69860602205353,82.97199351337326,81.42163417248297,107.49113906702794,72.65539927039572
1768,2055.7893222387743,2895.1631881753488,0.674976842009114,-0.1585346734735004,-0.20068118449404437,49,0.0,0.01659252916599783,1.746587568065066,-0.6054759114845166,2055.7893222387743,2895.1631881753488,1105.4618616714145,0.0,0.0,337.94746473730305,-22.890384685050762,68.33821969745341,37.369917061572345,20.596545001871327,74.70766204265334,91.53882635628794,88.53409346415606,94.70672750586411,117.85696328466129,96.0972018463011,81.63593375406464,86.32852194251399,76.95583957219644,94.47335487620649,76.32205526561208
1769,1680.9237505866754,2896.66924328612,0.34569110491290184,-0.5195747322981685,-0.19487694696458568,49,0.0,0.016254111450443445,1.997766152561321,-0.7513616268971558,1680.9237505866754,2896.66924328612,1449.5211815053822,0.0,0.0,338.1170022644471,-22.889885666878534,85.3462531484,52.03357395769923,24.378963136258932,91.04282355924015,126.27937710738736,113.12080814513828,118.91780890144128,113.54469469949686,96.70117902469349,126.81586967566932,118.27257862223999,110.06331670315369,142.26946871427668,130.73446611028712
1770,2272.6955477500655,2896.541161359415,0.21894400310937642,0.24344903280400026,-0.3285469804990104,49,0.0,0.008154849819455301,1.1777989300114027,-0.1776778886066993,2272.6955477500655,2896.541161359415,1120.2393921666082,0.0,637.130436134938,337.84936912174976,-22.889654166771045,72.87300031582865,41.527038937097544,25.547798414009833,91.88045398693896,89.0525458194609,82.48749348651427,97.79591697390208,85.76597797183695,89.46019419598633,84.93303731011267,86.29601890702847,95.61502146171343,98.9072103107037,78.09768407547455
1771,1852.5622405389736,2906.8459175363337,0.4760229500049206,-0.1372276812150888,0.015528337967634809,49,0.0,0.016882756539308767,2.052799096865741,-0.7808661199047938,1852.5622405389736,2906.8459175363337,1286.4765380610033,0.0,0.0,338.0393804924751,-22.885609273456634,72.16732295265572,49.93072731359936,25.785002785574665,99.423227589986,100.3106299232898,118.77652816224034,108.9420895383791,100.48201688342672,94.26387372965411,114.42539428297742,107.41319103424152,102.12132455488216,108.53805400644788,83.8971553036487
1772,2286.0422424304056,2909.3326356814327,0.8110787499976533,0.7053221637749437,0.5789770443740252,49,0.0,0.032465052630387375,2.7355451935417445,-1.0926097352208126,2286.0422424304056,2909.3326356814327,1991.4716941424401,0.0,1583.627586216288,337.84334553728945,-22.884313352351818,105.94580561405226,114.93028432528573,36.884168990024136,146.90718950841648,148.2568869393129,141.3147363955017,168.49617131491382,147.43667391792528,163.70108350145415,170.0815311652809,191.1587417773144,149.38805204404127,148.86436659873456,158.1060020501825
1773,2134.3831723677217,2910.7524929181845,0.6848829165283679,-0.2748898576924163,-0.12222151204546723,49,0.0,0.012319394489206971,1.1839353460025812,-0.18331996618477092,2134.3831723677217,2910.7524929181845,1183.5303296153666,0.0,2.9775799555705316,337.9119319176397,-22.883840056755382,66.45628210633994,38.11339112357467,29.519794572050237,104.25973035729143,98.59705509077293,93.04304520304618,79.61878200460288,117.51597241556175,85.94122782705111,100.32211222845089,95.93457802713544,83.56932057061991,99.8478790246071,90.79115906426205
1774,2308.7385424564964,2912.5137367241905,0.7328804406072928,-0.3162360404132746,0.274094830472685,49,0.0,0.012938825677678331,1.1137621490611285,-0.11698113602743727,2308.7385424564964,2912.5137367241905,1076.3700833251537,0.0,1015.3563664502879,337.83308478057853,-22.88296780773056,62.894134916958876,50.97719229992376,18.333456622996426,78.72840546073562,77.31857840889468,75.08487708010634,94.42117073691222,95.88585740091389,89.87502251965046,80.79624837735562,82.19768955008934,86.96181351773467,97.2970194953711,85.59861693751074
1775,1101.5841771138664,2913.686500260951,0.929547017575897,-0.11906242647913931,-0.1826849550330644,49,0.0,0.015296589949021853,1.3175391678492463,-0.2994088369940992,1101.5841771138664,2913.686500260951,1066.0129638525893,0.0,279.1642363875217,338.3790022888524,-22.882640766238133,52.96782015056585,46.789374487667025,32.34278026291779,68.46928617067564,96.89603074301723,80.36240680183973,86.78212703376289,88.01594870917856,73.01409149513611,76.1584568717919,84.19209653084812,110.40948400897602,84.62396581687551,84.9890947693369
1776,1642.3630777907579,2919.8267711386175,0.6203233319066861,-0.758456792989103,-0.19245829615508675,49,0.0,0.048633391691352494,6.324683404777575,-2.0025969771890653,1642.3630777907579,2919.8267711386175,1772.8766266283108,0.0,0.0,338.1344431614452,-22.880240586149814,83.47360369839855,59.29865033063971,23.71669484734513,123.52742693656967,123.5907204676777,161.10628801265685,143.3882108689757,154.09180091609866,145.8218803695376,141.60839610619453,151.07211787997136,149.7608102856392,183.86071255883581,128.55931334977032
1777,2069.743511915055,2920.385980666037,0.6667431357476654,0.29870564412820866,0.14341020711383895,49,0.0,0.011615418547161112,1.1187452913470222,-0.12182805109749882,2069.743511915055,2920.385980666037,1066.0776703033364,0.0,0.0,337.9411706416521,-22.879867958780398,70.504381371656,40.593458080757074,23.28127347223886,74.08493490799741,80.90848067434962,71.50095282459499,90.317187659235,85.48928943458941,80.34693980020796,85.37787175362169,95.23708997933667,100.06247008808026,104.258364556847,64.11497569982456
1778,1510.7666476368956,2922.0691102928827,0.5296070394732649,-0.7758766919909003,-0.3451378751261593,49,0.0,0.01548826963152278,1.9390408220686692,-0.7189673806293859,1510.7666476368956,2922.0691102928827,1052.9701932353228,0.0,0.0,338.1939546013283,-22.879302337214064,60.074530666463325,51.57695208731535,13.260324718980417,68.4622335264231,83.74488775220252,88.31504770160298,87.87214253619837,97.63961472565921,79.84535060392457,88.246188306291,96.03864611666296,76.76799686265224,82.58758894124608,78.53868868970048
1779,1832.222138704912,2928.279802301606,0.3022018263769787,-0.6214572716680695,-0.02804165881733849,49,0.0,0.008333464792091105,1.1926018282138942,-0.19123867691847635,1832.222138704912,2928.279802301606,997.0042609355332,0.0,0.0,338.04858626854065,-22.876685614942872,47.25872618704679,39.42700745977852,19.93386685856604,85.27987269487106,73.14917654021576,85.55317519297131,70.54133942798083,68.55189935731758,67.75221526578714,92.05218411049664,87.47910223423725,102.98468625104806,97.87786252121292,59.16314683400329
1780,2257.335070781781,2933.736473484598,0.5628972941305702,-0.09424907695464155,0.04075881743279601,49,0.0,0.04312855675533469,5.463444691960536,-1.8436663773640176,2257.335070781781,2933.736473484598,1802.752351521098,0.0,1659.0868077151922,337.85635056770406,-22.874170803057314,93.87486946322751,76.78749506316268,31.38299611472778,146.92200127313762,146.81744841766258,129.9411989791534,155.67480732379587,147.42063586212845,139.0673666706358,132.27275931201063,159.5387166640802,148.81953006687257,140.60174908418156,153.6307772263214
1781,1491.7634193216393,2934.61858930651,0.5734795848982617,-0.2815336287485106,0.2807557350508104,49,0.0,0.010403628053006509,1.1190607654213949,-0.12213417380678554,1491.7634193216393,2934.61858930651,1080.218624382532,0.0,0.0,338.20254641143873,-22.874071466026784,68.59288838829245,38.88300991568501,17.32799392896866,71.83732421631768,71.48823115475233,95.44268177055869,79.03451999810862,101.9410898122477,89.33257016791006,72.54445026772792,91.6694885828615,91.76115280942237,107.00327815681842,83.35994521286058
1782,1502.2210893772915,2935.645586177553,0.3079117085787576,-0.5396648625905835,0.06658316695203086,49,0.0,0.019950278387306203,2.874158008440482,-1.1462766000900624,1502.2210893772915,2935.645586177553,1566.0750150385322,0.0,0.0,338.19781722835666,-22.873644974710533,65.95542421403866,70.26548721408943,32.07037024478869,114.95084550348656,108.10639828155189,133.72292857066753,124.24431282648138,123.63265307510099,137.93876189183842,132.44402663538204,128.04977462265612,131.40335478147622,129.98444050631235,133.30623667066175
1783,1004.8694485406274,2936.8219419293755,0.548846016421304,-0.7954060313972089,-0.019761917889460915,49,0.0,0.11741420195378528,15.728334097459499,-2.991706814410323,1004.8694485406274,2936.8219419293755,3910.8774310552835,0.0,3278.4189780928955,338.42271996955293,-22.872934317973318,218.06564760956917,154.5650771167482,72.03791292769395,273.58111763284865,329.31350275580326,326.2534464779376,353.8316511098743,335.6607868123669,302.6067334750916,291.7774899453709,301.69432875176966,320.58426552090054,333.972150022862,296.93332089644673
1784,1395.4516144405352,2942.4358829375037,0.9245387505222025,-0.6533752965966056,-0.5347544728095434,49,0.0,0.01480568949915207,1.1766434237230305,-0.17661217968343945,1395.4516144405352,2942.4358829375037,1022.5261061235273,0.0,0.0,338.2460970451629,-22.870795258341246,42.96959515039112,45.89886204270917,17.453057215112565,71.33679257569683,76.69690532748842,73.41669974226645,83.01034273776483,77.79749494663093,69.10236990471576,104.87552208614377,92.70471759689468,108.98898407790776,76.66877765966609,81.60598506013895
1785,2335.5255820028306,2943.101781858904,0.7131223005766376,-0.2903310534350902,-0.20051684379501178,49,0.0,0.019167813918922156,1.917495769688755,-0.706836036242433,2335.5255820028306,2943.101781858904,1114.3280887619494,0.0,1030.9661190807346,337.82100292445375,-22.870199473619724,68.8145894040044,61.64707257623457,17.865983435748728,74.42817122062192,91.17446007505545,81.88202103017298,96.78105318192327,110.98601984549697,111.3672836728549,98.33904119913535,91.6784329484426,77.88323533531377,73.11525707735348,58.36546775959086
1786,1681.5601205359314,2948.0163039934955,0.30604812218735433,-0.4835287203053226,-0.31527397936997414,49,0.0,0.018614429783146914,3.03091389520328,-1.2039339968335656,1681.5601205359314,2948.0163039934955,1388.3530657760502,0.0,0.0,338.11672036591426,-22.868492973948882,77.96882521073519,67.05998061382739,16.416839309605592,96.31755063489702,117.88654136194569,112.64111942767003,106.38052300720915,128.00370622450112,111.80771993335915,123.24201403545591,97.68263902417056,112.04987487445796,112.43120593631143,108.46452618190418
1787,1295.026406409316,2953.301866985928,0.5039823545281172,-0.6803095911683851,-0.11274648839969974,49,0.0,0.3250500068897014,47.87065496607349,-4.200173423844084,1295.026406409316,2953.301866985928,8944.049336336619,0.0,1.2744957804761614,338.2915041257649,-22.86623545151495,406.005628727009,364.06479315608874,187.20740866374436,641.4008434592195,719.7986949129325,774.0124554171045,753.6452504175859,746.1579840048603,701.2272016442719,737.7065345226549,762.3013378656066,706.5293476074585,788.752346073378,655.2395098647053
1788,1511.9287154326382,2962.99884712025,0.8348247063110804,-0.33796059609066037,0.10181294885017153,49,0.0,0.016514136297609065,1.3242321706545082,-0.30491033586071636,1511.9287154326382,2962.99884712025,1345.5634521705986,0.0,0.0,338.1934239399645,-22.8622500412059,65.36009115470398,49.97350245996435,29.083286731423794,118.12687565086055,95.9248103495442,98.08808691597469,121.03958240543398,99.5630187207529,122.50534508250438,109.00066313507176,94.33175642773384,112.98975398242504,125.53348418373932,104.04319497046583
1789,2175.7574338408863,2966.494882492382,0.5887994535529862,-0.05328690648591718,0.031036925796736076,49,0.0,0.062147460430750666,7.760421298313855,-2.224713247271236,2175.7574338408863,2966.494882492382,2293.773445020228,0.0,2085.291081737483,337.8932666040377,-22.860587159313518,120.23687376847072,84.96616182040228,43.44634701927497,167.87802184440096,183.30321769509757,191.97163568269787,173.60591518013808,204.678836483374,200.68325850413078,197.63689363759806,191.43296471935,196.14211540516166,171.17949080983203,166.61171245029882
1790,1527.8677156147617,2968.657804991287,0.2999732626102835,-0.48594881922794214,-0.05031374183772209,49,0.0,0.010251971670771968,1.645329918806998,-0.5406324875555142,1527.8677156147617,2968.657804991287,1034.6729900198716,0.0,0.0,338.18621625677036,-22.85989401610584,62.46609688903306,47.231807844439345,15.76366547468786,72.51538410033432,84.00525199607495,82.21492858084048,80.56445212356726,89.47033800481177,93.15498740939512,88.45420800877729,80.50488696262278,90.02168283921358,86.82202271366,61.48327707241372
1791,2015.9097622940376,2978.4413780375103,0.8619016704276526,-0.5353330129549191,-0.04173150337934197,49,0.0,0.013370402579224526,1.0726411033618577,-0.07613608752794321,2015.9097622940376,2978.4413780375103,1124.092089344337,0.0,353.75543284745197,337.9655497110007,-22.85571111416243,77.02809924842649,41.01872218756327,19.826939688859603,89.50462239319776,72.70258850153016,94.29575862160586,96.30846221968409,88.6616375485003,77.3250018644035,88.84033662750821,92.7495546953514,90.39408351628029,99.6326892077658,95.80359302366028
1792,2038.337574316704,2978.6416199144774,0.8823596897892834,-0.09647837926189314,-0.25970100704654814,49,0.0,0.016618412147718385,1.5134995169221948,-0.4499557166869491,2038.337574316704,2978.6416199144774,1078.9751407513713,0.0,436.87443686072186,337.9554093069368,-22.855615469734673,65.3505500722079,28.0195539983024,21.552591787260855,94.43445119348499,87.32177438647258,89.25477328640797,78.55924504195714,77.902010751935,81.66471280280888,90.30504148581315,96.53407245229837,88.9705171297424,92.88589303287995,86.21995332979964
1793,1554.3041578192162,2979.8709741479256,0.4617155372134314,-0.49267453005064665,0.007668186497511622,49,0.0,0.008640541357608765,1.0291265319686056,-0.031171937288506424,1554.3041578192162,2979.8709741479256,940.5582626585393,0.0,0.0,338.1742620283887,-22.855224335170593,49.44585463431857,43.8716269188175,22.404283561265256,88.28979192274474,65.99345134866243,67.68343231477586,88.34011436091743,70.05723746282098,69.6688585837345,72.46674296610085,71.16824452527845,88.60956185574082,70.39010949927015,72.16895270409181
1794,1484.4361495237774,2982.034188911866,0.5356527582193834,0.35763375172642625,0.16282362750128682,49,0.0,0.012078457671846017,1.2959695112308807,-0.2814869612825371,1484.4361495237774,2982.034188911866,1076.9838029168689,0.0,0.0,338.20585205072285,-22.85431584814873,52.67303928161316,47.55277873050659,21.589630918414638,92.75893028149534,86.35733821993537,79.85729169123142,90.75087507682882,92.27329079519507,86.0234070203581,80.19599545490699,85.29284489342974,70.23004798721674,105.34429691560358,86.08403565013327
1795,2255.5734359141043,2981.926959271559,0.8070384299416694,0.034521233037216596,-0.09727424132893984,49,0.0,0.05308996719190778,5.382058044920758,-1.8273709431814031,2255.5734359141043,2981.926959271559,1883.9203177008771,0.0,1702.680411944199,337.8571919667543,-22.854095137599213,115.63089755709107,78.34025446631503,34.81048767987195,112.86350806956807,146.7578070874172,152.4478318950707,180.61718043692298,148.8275519146025,189.9190442106053,176.91633882234922,154.07779003729027,150.29752065013676,140.5269998801047,101.88710499353122
1796,2193.149280867697,2983.346223171832,0.792138775946145,0.36186882030836076,-0.10353731335087552,49,0.0,0.025356872982380735,2.1715240120653934,-0.8419115900593921,2193.149280867697,2983.346223171832,2493.2028733063257,49.19360065328345,2383.1823330786888,337.88541699294615,-22.853553573246742,120.95992553810866,96.55798629278402,48.795619887880946,169.9046540843778,174.93315439687382,191.37819646442668,206.512286267321,215.62570875418027,213.4014966248577,226.65879052130197,210.58976698233633,215.56519847796508,216.64650032339443,185.67358869051714
1797,1088.3816508809712,2984.6202343809628,0.5518929435194471,-0.9239757126309063,-0.06863976527387215,49,0.0,0.14388295171345758,19.281085737939183,-3.212828714570474,1088.3816508809712,2984.6202343809628,5289.535643598445,18.70301408636081,4553.6024617734165,338.384921327771,-22.853079595669666,310.55612291331306,207.9985026874408,102.99975063204062,432.028647989095,450.2574340529201,439.05250667798776,433.478319650067,421.5929374824152,432.1714737774962,424.3290940709229,399.80299651511984,380.69641424450396,455.821569698838,398.7498732062845
1798,2210.0008576401974,2984.6670892569737,0.6079224773376434,0.1734888133893872,-0.2836638733049127,49,0.0,0.03417510477376571,4.035613907549489,-1.514774025080738,2210.0008576401974,2984.6670892569737,1691.014984994024,3.6972939454772904,1570.2029571824378,337.87779905231207,-22.85299034058632,106.00676537212664,61.06721078764755,35.91971721616852,118.23109276524664,138.35829236012427,133.6504997008798,138.63476814086027,152.08879442807597,137.84375986284942,130.1155982125386,115.04295146827565,167.83641723490726,130.53845566024086,125.68066178408252
1799,1418.0451739216908,2985.9732312499323,0.5860854693397716,-0.6844894593516,-0.1220469241305857,49,0.0,0.4244495314570265,57.42218722855364,-4.397699327210703,1418.0451739216908,2985.9732312499323,10466.843520973296,0.0,30.806445680336033,338.23586905824664,-22.85266209413279,594.866703166987,407.0006090629397,213.74904387442092,762.9866720777054,866.1153536583715,840.1379272170731,846.4063716146863,866.1868463562339,872.1603204891564,849.1027473914387,806.9909721717491,908.398676317748,886.0270207131368,746.7142568616505
1800,2186.386102735998,2986.77390483786,0.4561417027970966,-0.6175994346898704,-0.3294788692470167,49,0.0,0.05414709865554962,6.819786333347189,-2.0844269206214365,2186.386102735998,2986.77390483786,2965.4587893590356,63.80279472814543,2836.887805661268,337.88847767210586,-22.852130621609422,139.83636241787428,109.6973373029359,54.986002017734705,211.81439723195888,227.92181046198752,238.49505890858762,253.73761072469281,259.13341360396026,237.5281052719157,256.8425701343326,255.70615077225722,232.836026277046,253.68168257016572,233.24226166358628
1801,1075.348986252121,2995.63231504811,0.40536250346606234,-0.6645516626545425,-0.008443333209864876,49,0.0,0.025035431940376218,3.695076728062093,-1.4190586523129036,1075.348986252121,2995.63231504811,1379.5203029780887,101.017519898234,1286.874800130104,338.39080557679966,-22.84848310621496,72.12451089417098,58.908526222229334,13.459211186411581,115.9509274642429,118.72633323544434,115.33668851420121,110.0595509227907,114.77022374125494,111.90250912783345,122.68078174746353,90.27838468918222,119.02585003744346,110.83904244107794,105.45776275434207
1802,1758.4409601752814,3000.725417131803,0.7727791879171114,-0.48081621308932115,-0.2812921083251653,49,0.0,0.03594696775407147,3.4059912046366354,-1.3306088053504341,1758.4409601752814,3000.725417131803,1823.2128395608706,0.0,10.609982361467624,338.0819675333665,-22.846521312810214,86.39429724951822,78.46419459830878,29.982185320980633,133.1623872265369,144.3261624103318,124.75803000811224,148.00687950153088,148.67077475676876,158.2793971262804,163.44735344083352,155.52467814952917,155.41956007183762,176.37670185094476,120.40023784935684
1803,2251.9525060729557,3005.58268361599,0.4298820614564723,0.09014709133355049,-0.44834891918474523,49,0.0,0.036595672220486195,4.700843829795754,-1.6804395585255438,2251.9525060729557,3005.58268361599,2051.065072169652,0.0,1505.4490715345528,337.85885095528835,-22.844242749229245,101.30333216024032,160.81802576831825,36.056430248889725,91.0376711338761,106.57172181242575,122.8674727857157,247.79462098027852,152.16557935088264,174.80253522744962,245.804703780308,155.58926422117673,199.5504178820949,130.26250348478487,126.4407933332109
1804,1880.8243983180182,3011.9507770773075,0.41338856528652956,-0.5059656259249871,-0.09207527733301814,49,0.0,0.04262601825347126,5.792123016399138,-1.9070944426999303,1880.8243983180182,3011.9507770773075,2239.815377715562,0.0,842.8882263575783,338.0266408651088,-22.84181034667315,113.36988796939826,84.6698818668604,44.71146945551145,151.3360298204545,168.3917151539298,174.50978073478902,167.0868286087619,209.09344348520258,168.90425900606635,183.43149963085668,178.55098526346302,204.48445202098006,218.01521017678385,173.25993452250415
1805,1407.5668268704721,3017.0557300631845,0.533301332117985,-0.716575652791935,-0.16094875289841912,49,0.0,0.3615695382828138,49.39149782309332,-4.234130491423352,1407.5668268704721,3017.0557300631845,10463.109926383644,284.9522292517812,4292.2097902009755,338.240598170744,-22.839709901109728,624.7650499088231,399.5440940096415,177.3846143599618,810.1129680311975,873.1129538106607,863.9838576445071,876.7177580626983,881.3714605205405,785.1045554062489,832.378021386296,809.7572515522565,922.7305065212804,835.3705020425181,770.7763331270135
1806,986.0064169141187,3022.5900529686596,0.4580814109546221,-0.8430327547384288,-0.04598618312891281,49,0.0,0.08009849606440056,12.194452991821747,-2.715405809705251,986.0064169141187,3022.5900529686596,3088.9014120057645,0.0,1812.017843607789,338.4311749592803,-22.837187036387007,0.0,0.0,0.0,0.0,0.0,5.1408266236797635,23.71114968585091,60.41702121332369,686.0279891697475,631.3429458366718,487.9221750038244,642.2325832488834,220.83727838793104,331.2694428358519
1807,1905.9230030907365,3029.3513227299873,0.28532673073142434,-0.5001008169283059,-0.3978197681395166,49,0.0,0.032327866700901375,5.469683311167203,-1.8449054546845425,1905.9230030907365,3029.3513227299873,1905.7389886091005,0.0,1275.0347906750258,338.01530142546426,-22.83455153282316,116.4235410577291,69.84251021585936,27.46703441374884,129.19370673470968,139.33800747102876,143.598734701468,155.1218302452073,174.48242267362906,167.07749108537132,168.594199358663,180.2177734456136,135.96142854924238,166.20205380133646,132.21825485549357
1808,1586.0194478081094,3030.373497978831,0.4997765939977746,-0.7723075526706171,-0.10041229775749572,49,0.0,0.01625786506620935,2.1615580841966935,-0.8369172753706624,1586.0194478081094,3030.373497978831,1178.510229069268,0.0,440.58551303489,338.15992111766985,-22.834185041401636,63.42277860651678,55.464976785205096,15.061972547852443,89.14149306376571,89.82576980426944,91.30976047779177,88.76749544773509,97.13634400752814,108.48812132411373,94.3751399403489,100.54687668778925,98.74765469047333,96.52762219881069,89.69422348706769
1809,1559.7932665599844,3034.46510628618,0.6581631885933398,-0.9886511362595327,-0.10545123925542069,49,0.0,0.01630394294158167,1.701289257632507,-0.5769453994248184,1559.7932665599844,3034.46510628618,1147.9510257257787,0.0,486.99230448558313,338.17177700933695,-22.83247946633132,73.45073351627676,35.92362220508119,27.935107718938724,84.05991660949681,80.45670847364164,92.77057763258668,74.547102006215,95.15204221531603,98.82004130706457,85.78819415750988,93.26256814509003,104.292386156148,96.77232891264416,104.71969666976923
1810,1095.1512225359663,3035.69190207675,0.510904537986238,-0.8362089735047806,0.08709663307322185,49,0.0,0.12536917289417665,17.954759353345857,-3.1354489716899887,1095.1512225359663,3035.69190207675,4063.52503623716,0.0,3265.6985994980378,338.38182399323995,-22.831806538311984,274.7782615673294,98.94585392928349,35.374260979926255,253.7535733663977,273.7693972524567,358.33734171128407,403.4071782479736,391.11243335042394,385.78242909603557,354.2933862524759,324.8874143939054,322.712328379223,272.96637630006427,313.40480141038074
1811,1180.615980431101,3036.0744482803143,0.33151668903854564,-0.654668062145741,-0.023048730465331773,49,0.0,0.026337731345254665,4.109478462341362,-1.5344667716613636,1180.615980431101,3036.0744482803143,1534.9250297739818,110.45935310505787,1446.3961449828507,338.34318868177263,-22.83169759457224,99.26468982764192,52.303834606065834,36.327197797277776,88.70470007393024,92.92929232861843,108.424844913089,142.345823179606,115.72269665339563,154.79591986992253,162.65729919589293,130.07230248928823,134.7322256896975,116.80874292583417,99.83546022372174
1812,1475.397948479934,3037.3025137981153,0.507055731050659,-0.5791821990652648,0.0700978852445792,49,0.0,0.038175628295750386,3.7906691234045997,-1.4467896944142282,1475.397948479934,3037.3025137981153,2500.436708786464,0.0,1471.6025428827215,338.20992877888386,-22.83128841745208,146.12418448038284,84.90219042617208,45.023111780223694,183.52541867451072,153.95260881522927,217.1968209277148,190.00212921219352,213.7109378410017,215.7802453718358,204.87181960607143,209.63197042794775,202.60351551945922,209.23193969567623,223.87981600804483
1813,1281.1086163936072,3038.502361412797,0.5212938394509983,-0.599322930909101,0.09140158306417016,49,0.0,0.8186879502533987,108.17417006121711,-5.085308929674214,1281.1086163936072,3038.502361412797,26338.64781826105,2232.6962311081033,24514.671231908607,338.2977588523021,-22.830733459427982,1604.9356090028255,834.0477408352647,527.530930539771,1733.7475497914265,2079.301757167639,2119.0845712448245,2184.777374585105,2165.3007285214458,2333.8472785298954,2331.9973601229526,2183.768758322406,2187.1624705891813,2210.9608518528958,1842.1848371554152
1814,1333.2181167380131,3043.4250119231433,0.4460605124928496,-0.7791610935219021,0.11865078000340978,49,0.0,0.01994798534712193,2.6473054181964533,-1.0570101212791665,1333.2181167380131,3043.4250119231433,1340.9381457438737,70.67127724296131,1209.9413839171943,338.27420045506915,-22.82870208149071,60.8021274843954,47.51066158286866,45.56804751710783,95.1340672333356,83.50908020457334,107.13695298828418,119.05041200670979,135.2679088979767,134.3965426864092,121.09518480974775,132.0189133460309,93.98912671396559,99.02485417432858,66.43426609814017
1815,1758.3054160184545,3042.7392625791863,0.5438705019915554,-0.9766195526322027,-0.10194300813084771,49,0.0,0.03701895684628232,4.471250238480431,-1.6260724408018368,1758.3054160184545,3042.7392625791863,1878.542725165572,0.0,1087.615641317917,338.0820382185928,-22.82901745480334,109.69377207250248,73.72642423682068,36.089017947867895,123.8698499482175,141.11207361292833,145.66029246273203,161.4099072907531,162.06239094711253,176.56571643721182,147.87868810075946,145.7791621145999,142.77005460313302,157.3119115015807,154.6134638893525
1816,1748.0830619435185,3055.612631699229,0.760679860687158,-0.3981815164451824,-0.04752385145448948,49,0.0,0.013468588704981226,1.2234251300736814,-0.21894349247295566,1748.0830619435185,3055.612631699229,1016.3709836803603,0.0,779.6108578582357,338.0866619694105,-22.82365614068863,51.23144188914024,34.18011355305209,16.994886398731218,78.50710053965975,83.60843522825043,66.96754546251707,100.72623138680233,86.91482481197319,80.993004487183,80.14068872862845,79.58213423568372,88.00725347815319,93.75769857336208,74.75962490722357
1817,1132.053438215956,3067.199358534687,0.23183758540754817,0.24423343205991266,0.4983401980354251,49,0.0,0.003709955210659236,1.0205800195997903,-0.022117654203500946,1132.053438215956,3067.199358534687,405.2770832103326,0.0,216.57657459192228,338.36512112011866,-22.818702901990378,6.02542162613201,26.251509119648176,2.3151709271525003,11.521743565230029,35.908014699831824,26.62553311242804,50.348752922932725,16.450708500382078,23.505921259123017,32.20963813560314,57.48343026721349,57.9769944537751,26.894114672182567,31.760129948697866
1818,2067.999985621934,3068.0377219517663,0.3894691185610517,0.498372916797495,-0.4419078247321297,49,0.0,0.02105867387802761,2.8516401621399816,-1.1377368065816797,2067.999985621934,3068.0377219517663,1530.0408855985493,0.0,1164.1282887559892,337.94205702524005,-22.818354190724843,100.86662590947955,44.44249005038019,20.3153910602097,216.33540953622236,76.66007427392299,124.16525950700208,123.62163148718531,112.75848172598556,104.92162611283342,120.73537456921595,115.79669842037816,115.75599534502078,178.2539852567926,75.41184234392097
1819,1685.4876045802982,3076.5909782462027,0.5020962188435792,-0.6672938643335694,-0.2072677218343977,49,0.0,0.04470015238762257,5.9478411431314635,-1.9358984018176622,1685.4876045802982,3076.5909782462027,2038.8886013560968,1.804012826838691,1861.6550845969573,338.11495990121256,-22.81492543886124,116.85506120067173,94.18411568986576,29.470057746937172,149.9354485535915,171.28516340800712,192.5493718673066,165.8097932331504,154.3097797060047,189.29742416993867,152.35176953846127,186.17891529921474,145.8239949760091,155.85482190683996,134.98288406009817
1820,1374.1553293695908,3078.822479643447,0.4501357851437535,-0.7077683724501236,-0.15003284605800765,49,0.0,0.15054838500562773,22.524988224478655,-3.3816614315311613,1374.1553293695908,3078.822479643447,5028.223783344485,235.55176212322124,4657.33432818024,338.2556833444957,-22.813967710430514,290.01614379068934,191.37728007602283,98.3021590475906,403.4256669322918,457.0284738470142,439.1255669277215,393.21949430623545,418.5156413364966,392.3537995828693,365.00815276876995,385.7157711246995,385.4059383339204,389.7320086881483,418.99768658201486
1821,1532.8303058532479,3079.3779452882,0.46999205919305526,-0.3490675222540007,-0.26296189214633753,49,0.0,0.017778627290408723,1.7352786499409147,-0.5984230586455528,1532.8303058532479,3079.3779452882,1574.2545614126848,1.0,1427.984481691146,338.183961746785,-22.813766021522497,101.116048919489,57.96644248448792,28.915453532319688,129.7500778782342,128.99605531368363,122.75150508833704,126.6114013610134,128.88285628753462,132.6402979902252,133.28027574006055,124.31623056504927,133.46073692036694,125.14280161236962,100.42437771951374
1822,1213.9309260941106,3082.225798561593,0.7081666839004308,-0.4231788779809164,-0.5668543416177982,49,0.0,0.00764391281006328,1.1297292792529425,-0.13243596133553048,1213.9309260941106,3082.225798561593,279.67599303916813,83.42670587042153,136.49162691282982,338.3281030428461,-22.812487254196657,22.018820191981614,9.946268772460835,1.247363526662419,19.835945229029157,3.106933170444905,9.914457999570393,35.796543801187354,9.956326544771912,29.223877280711392,28.043227351092845,29.231685979558968,11.671685639940799,0.0013118554755227167,69.68154569627998
1823,2018.884436323825,3084.17588080237,0.5922283995033961,0.16913408950400255,-0.12745931038286007,49,0.0,0.008036139636360306,1.1364105138863274,-0.13883810772952643,2018.884436323825,3084.17588080237,675.5753496699732,0.0,506.62828441724764,337.9642674803006,-22.81165850088544,45.58093874559425,33.15976476300342,18.635552501203893,46.02092663173542,44.79942070598371,67.03104326164959,70.46182833007677,48.330844426925694,52.31176787421195,50.859364599373926,53.31274254692317,37.17591407937063,66.02879638961576,41.8664448143051
1824,1701.5361098692163,3085.6871658692726,0.6635467654796565,-0.8484927579376479,-0.40956127078178955,49,0.0,0.016885418849387792,1.7626944932064166,-0.6154426193587902,1701.5361098692163,3085.6871658692726,1301.4952308852723,0.0,1193.135463744482,338.10770717629987,-22.81113389880166,75.65981331535544,50.89308210160448,26.455999011227725,103.92067965741913,101.911263659475,105.62398483008235,115.43214168553321,107.48043553121852,102.96837582744874,129.61916734579154,111.60631832387257,96.01100573938109,89.87834908270437,84.03461477415823
1825,1732.4854273781273,3096.796375567403,0.7184455729548895,-0.3682430895795343,0.12052098233903316,49,0.0,0.03109990591180651,3.1430765431783647,-1.243387393742816,1732.4854273781273,3096.796375567403,1659.2079551690185,0.0,1516.4512652234694,338.09372036730434,-22.806501012966056,100.45374513117869,66.01574883176977,34.51151098117927,107.42354311873521,153.81020901968535,117.37298831795653,137.83111882597166,134.70762696145576,145.90547388653047,121.85913499857507,142.95331695509958,161.83580091619098,132.51771780528338,102.01001941940682
1826,1602.5722798897043,3096.933424686402,0.77075854716909,-0.06484653677929478,-0.1574775110012334,49,0.0,0.013519125061393324,1.1190911987404166,-0.12216370044914404,1602.5722798897043,3096.933424686402,1045.5595598578207,27.4348016457711,964.6598852691166,338.152438237413,-22.806455009691643,73.7299857941213,43.42164877819427,17.591778232559083,68.56091100054218,69.01117358538865,92.21075250407118,97.82402657555048,84.70542585830347,88.13124528604015,87.28586715059888,80.01139644992836,82.92428381734581,86.22737118133574,73.92369364384113
1827,1702.4443137469302,3098.886083706435,0.5614780515204486,-0.4709501108843686,-0.12250191827294261,49,0.0,0.06295104721613969,7.095971372149115,-2.127529636794678,1702.4443137469302,3098.886083706435,2934.849829052425,7.9690924290176675,2693.714636938462,338.10729858170316,-22.8056348812192,159.0598005345807,90.0596866182456,54.021637319540844,234.6925325781071,256.78492896009436,217.36916230242852,239.6364983085424,257.2079185316863,241.27798443727798,255.1465970792705,259.5918682375518,227.84341512315734,205.92432879617166,236.23347022576945
1828,1538.9207793581807,3104.436797931803,0.45641551688442467,-0.5933140273866973,-0.002522886297886303,49,0.0,0.10477852113595419,14.962392412017953,-2.937502601512791,1538.9207793581807,3104.436797931803,3902.976405824657,200.80201276401277,3729.5415850502072,338.18120664899857,-22.803326563874045,200.9342658624115,167.73960958769896,88.85281981925206,253.79470882496813,303.82268359509567,272.0728158733858,323.29224721376534,332.110561137595,336.80968626478733,317.2035819245783,329.3241420061423,335.4977790390952,327.9550021801954,313.5665024956861
1829,1384.4199293167353,3105.7136008453977,0.5147132618655089,-0.5554941268771,-0.533003812371239,49,0.0,0.01453539198710334,1.9395969762272407,-0.7192787459802786,1384.4199293167353,3105.7136008453977,1023.9542658660324,99.90861632642881,762.3717234903872,338.2510354851436,-22.802767305374996,77.14354727528763,45.477180446649946,35.463774079771255,43.56905796275105,83.12800237610392,51.50292121389815,78.05671177946313,87.13270583095664,71.49263659588053,63.06627627343559,71.01557784092577,58.96701838857923,75.63112400731492,182.30773179501463
1830,1288.4960138642011,3107.345032545353,0.6454524284588321,0.07300132040282092,-0.06414514229991279,49,0.0,0.00866258283144634,1.30886703136834,-0.2922388213497665,1288.4960138642011,3107.345032545353,390.48640221617586,40.87725306088057,90.73303439038364,338.29438886516147,-22.80205536444057,17.459136647036516,17.916518740308714,4.550686703559625,33.124065668438114,27.13493013764696,6.08545944937575,48.27620061988543,27.1413934782615,11.5680470879661,30.455954362335113,27.585778948954285,49.563295591153064,6.690827567810757,82.93410721344392
1831,1358.3479162986469,3108.1548309882505,0.4491115006346866,-0.6381749025770499,-0.5926271844742104,49,0.0,0.009685965802213113,1.2493271469145315,-0.2416904424044156,1358.3479162986469,3108.1548309882505,904.5687494453027,153.41463483613038,730.4965177161025,338.26281825663466,-22.801742641333476,67.63841057814805,30.271886678525288,20.078278029810647,151.11452237161745,44.752996505578174,50.280078648568505,54.73166654574156,87.70465981049006,75.17104036059621,48.408785575448825,108.34006534748043,49.61042996745816,74.34892608803231,42.1170029378071
1832,1752.7991579993702,3109.428620705033,0.7300889116055455,-0.5438009067610362,-0.043795727062174085,49,0.0,0.07081819133972592,7.448683998383408,-2.1801988755871,1752.7991579993702,3109.428620705033,2458.1765122352695,0.0,2220.039919088691,338.08454174588235,-22.801234531184747,119.25770237000519,90.52120470708988,58.65004273031708,158.62260883145194,167.94589556303904,222.19532229328894,202.48766275863753,211.51011468991635,216.98353236629083,205.30603729726192,223.75268624933375,228.59827678190044,209.78834320867963,142.55708238805664
1833,1925.4845885864136,3112.015835826502,0.8060979604072371,-0.6099446096242606,-0.3343514228195916,49,0.0,0.013099938592475272,1.5641559278469281,-0.48570011226355614,1925.4845885864136,3112.015835826502,658.0039851074168,2.5069770663776856,375.4374675698327,338.00649629447815,-22.800104171457388,40.347902120739406,11.464102578670483,18.70774123452823,15.528485909944365,94.85073823494179,46.90824705779034,33.88527336319778,57.68406428278513,73.8434937895158,43.788541058510205,46.966281841691554,77.16273585045377,65.83638673920456,31.029991045443452
1834,1417.5840317957077,3113.0372214659324,0.7180454834494373,-0.17646881793141536,-0.21462182805022056,49,0.0,0.022629371067171895,1.9014239021774164,-0.697697372455045,1417.5840317957077,3113.0372214659324,1424.9817245315398,302.01282992956806,1446.4863077444936,338.2360445961585,-22.799724594688417,2.179418537132472,6.144669276443576,6.748817215546396,18.563515779747547,76.48502204390826,109.79652271197138,151.88740871378923,133.73019063517384,133.075921316839,162.04401747895741,147.84482946337607,175.87194393204493,129.71012074330463,170.89932668330516
1835,1286.903765257701,3114.547768514116,0.4054332157981909,-0.6544348426502309,-0.545551943786589,49,0.0,0.005722597876839106,1.168098171967094,-0.16869836069073676,1286.903765257701,3114.547768514116,446.05035257893996,36.80525125328824,94.92994092970201,338.2951052964339,-22.7990539613914,35.09764940205567,10.401931231812101,0.0,39.896583766652554,60.29784850030586,26.013059306010046,44.505202139531775,18.17834256071755,10.182913767607886,81.62060556877526,19.966328216752185,33.095495162808284,31.231455011035163,35.56293794487559
1836,1357.771519852022,3115.89140871085,0.622020919228686,-0.6822152894386971,-0.34861026106497456,49,0.0,0.00753981392832641,1.1858368940503572,-0.18506239524084073,1357.771519852022,3115.89140871085,899.625001556261,88.55052328785273,531.8222253937801,338.2630761029007,-22.798519284696972,49.54874841603102,30.523900726803845,19.517454549869072,133.63468308272303,51.752181378552706,78.12113924114928,173.04386208047728,65.00909471842937,45.28699931912194,85.33937732849297,67.21379330237778,28.58431106352787,45.01148531745453,27.037971031250315
1837,1930.006897747344,3125.1312593950142,0.9055649280086658,0.20101253150782028,0.43285869609853805,49,0.0,0.014697519442269361,1.7236363647308628,-0.5911141202989921,1930.006897747344,3125.1312593950142,468.4433399540177,1.0,227.11849058700204,338.0044585471312,-22.79463821141133,25.36158590332202,2.2443452591515123,0.0,3.0433744709635686,52.08180325018941,50.17216356418236,31.485393342619957,48.651950805751454,36.78192742222464,93.40636497598007,24.875259255059465,38.57281967283127,30.32948824148725,31.436863790254773
1838,1631.3214102822906,3156.7899827826423,0.8304707267277718,-0.4874644668031452,-0.511218062437119,49,0.0,0.02238954389681588,2.8345785714395215,-1.131221249163024,1631.3214102822906,3156.7899827826423,623.3215752356605,47.094979301526166,126.03143746828871,338.13944688233147,-22.781517248424066,21.939893393437657,28.631013563001115,0.0,123.64012530577452,47.92972083859716,15.331280951877082,55.85360488805011,112.3279603664401,51.70795079122061,10.574349933263656,74.3214684307935,11.734600885215327,64.14947700784077,5.180128880148882
1839,1632.578364274311,3173.0444994129257,0.24030396615131241,0.8679596171005066,0.40814133958338844,49,0.0,0.005109438817337413,1.600439280534649,-0.5105980049648715,1632.578364274311,3173.0444994129257,441.5839349520068,1.122715941335014,32.87403964864146,338.1388796125447,-22.7747453595719,50.94683931275666,20.84473071408147,13.126225172579968,0.0,15.921828588355314,21.416501156129534,84.31022206180873,16.32934611740027,16.60163988610817,85.10504398779946,10.430057573992348,60.778699422428176,13.36950505293705,32.40329590562963
