id,xcentroid,ycentroid,sharpness,roundness1,roundness2,npix,sky,peak,flux,mag,xcenter,ycenter,aperture_sum,aperture_sum_mask,aperture_sum_edge,ra,dec,aperture_sum_0,aperture_sum_1,aperture_sum_2,aperture_sum_3,aperture_sum_4,aperture_sum_5,aperture_sum_6,aperture_sum_7,aperture_sum_8,aperture_sum_9,aperture_sum_10
1,1679.9950905457201,80.93325522752326,0.9640332800656917,-0.6076982924790362,-0.27186815903762407,49,0.0,2.470020507255049,286.65178441360877,-6.143386624029322,1679.9950905457201,80.93325522752326,41683.56326841311,0.0,43.06784227603424,52.03619843029155,-27.930031921489388,2.7487641588746574,8437.479212376093,3504.550505765786,3163.9658232635243,9415.280760817608,5857.290692041815,1280.4841415027336,7941.342675760992,2.756794248887839,615.7983713851006,1461.8655270917056
2,1861.8004145137631,90.64920586529922,0.9753539076952679,0.11111745848332694,0.3525730502501046,49,0.0,0.011435989449692539,1.3181455210971054,-0.2999083957527387,1861.8004145137631,90.64920586529922,566.1646705944767,0.0,15.540553750420255,51.95046927764799,-27.925934350923455,0.0,1.0295094785675574,0.0,19.02204099312343,0.0,32.024176413078706,16.133296862508345,443.2547891038548,10.270492464804718,3.0829698437873114,41.3473954347518
3,1429.123817207728,129.00091207532034,0.330139983942239,0.629073561612865,0.5332841804190551,49,0.0,0.0132731250224857,2.142080029715185,-0.8270892309156207,1429.123817207728,129.00091207532034,516.9313797773744,0.0,332.72479899073335,52.15448696658836,-27.909987608275685,39.18399079473389,45.52914886816434,46.44746943468765,58.72266949846541,44.03153647944226,47.741955096869134,58.740708461510145,44.34254860458604,44.98814980909482,35.72825542002631,51.47494730979443
4,1472.9305207151376,224.66973298697565,0.7016346954514419,-0.047162945330427045,0.18904521138662148,49,0.0,0.015225256875996619,1.684808579408661,-0.5663764134205282,1472.9305207151376,224.66973298697565,490.3786481819418,0.0,100.71913335228115,52.13381113027919,-27.8701404035633,40.557770307494465,32.75607628452937,51.3212013549694,40.189790252419684,49.89362753391744,27.857116414777604,51.17274046751609,52.20230579168564,52.93827526490546,59.718931292688325,31.770813217038345
5,1791.0594768298802,327.51770948712146,0.5703138966790046,0.22971586970595526,0.1687601916782196,49,0.0,0.02344871954971162,3.830477916259829,-1.4581324071446962,1791.0594768298802,327.51770948712146,393.0735211581616,0.0,0.0,51.9839074747296,-27.827275056228025,21.43642600931713,46.27476882638084,37.749334453709466,24.025079989879607,44.028820344076685,36.259214035384225,39.39207437340133,39.28206778044462,36.090887126008674,37.57952076677152,30.95532745278757
6,858.7520567586267,377.19532821273106,0.6497609667628945,0.6306365000468541,0.07098366214616293,49,0.0,0.008728735800675744,1.1657625507716611,-0.16652524957545836,858.7520567586267,377.19532821273106,247.82684306467533,0.0,107.63278799788192,52.42307659982145,-27.806167226633924,23.3253288322769,19.604272967624784,20.936203374277014,24.72314508532203,28.157701911840064,28.41339278667404,28.699733906985735,11.055157499920373,13.10345358468562,25.46460498767447,24.343848127394303
7,1679.0018643292497,469.9817900771107,0.4749728549464749,-0.15137215742348972,-0.1796443045512531,49,0.0,0.008126731577622169,1.4824543129940977,-0.42745329485415823,1679.0018643292497,469.9817900771107,182.10529450920845,0.0,0.0,52.03672108670695,-27.767943683175478,11.877429276518253,22.130955068637427,15.04217279703447,25.384578445922447,10.628687346553907,16.404058184440714,26.317092363080842,13.453027769200862,14.472695553094043,14.650387873578829,11.744209831146634
8,1680.4022454251408,507.2043412786146,0.7492094330920884,0.45136580171672086,0.010249855194811466,49,0.0,0.01028018621696847,1.2415731597296815,-0.23493078864464412,1680.4022454251408,507.2043412786146,233.4702536591684,0.0,0.0,52.03606695577982,-27.75243512731114,19.59679564941775,24.855648594778657,18.00827193917115,28.64191721559407,18.895987033876906,22.98965803475227,22.42248347866602,20.901310262274343,19.25794960584997,21.830157685151175,16.070074159636125
9,1771.4434095131437,531.1565463105521,0.2299920930108014,0.055186992916600265,-0.12036535377429373,49,0.0,0.008560966029953087,1.631667669753971,-0.5315792710183175,1771.4434095131437,531.1565463105521,390.42534067942483,0.0,0.0,51.99321099098416,-27.74243746441879,43.00795779111026,38.3731925964736,40.91885598718416,34.54004374322621,32.10431933426745,25.807839164959905,30.46031844500895,44.312626030783456,32.04342367213708,38.1729106614279,30.683853252845857
10,1749.691265594995,600.219871288624,0.47486466311427383,-0.21803599162515144,-0.1352542019849253,49,0.0,0.021627510368928887,3.067646810945057,-1.2170133907287446,1749.691265594995,600.219871288624,758.2611764628377,0.0,0.0,52.00346949305782,-27.71366827923698,56.2046680120322,74.6751835890646,50.39099689564519,71.92674138688547,93.44751198207057,58.442936856973986,80.0211639155088,78.13718781066606,54.90500990796558,81.25883662558357,58.850939480441745
11,989.2775980396798,607.1721762538058,0.6040425401297249,0.5061885819609505,0.005897247470501082,49,0.0,0.008793363659566419,1.2670772464600415,-0.2570077303591867,989.2775980396798,607.1721762538058,222.12928291504085,0.0,0.0,52.3613459695218,-27.710492074337846,15.672302690977526,16.699771461762232,22.71528518917112,25.195152063280897,14.857598930900267,32.567224176196426,14.96582247798442,20.383058628853263,19.02993206414904,21.811392281632642,18.231742950133025
12,2066.134330295755,629.7392507097,0.8581146007245177,-0.2696200972512814,-0.044363627271614074,49,0.0,0.015782598463426816,1.856861051725509,-0.6719485171219296,2066.134330295755,629.7392507097,239.4351689245077,0.0,0.0,51.85456189319721,-27.701214425154653,22.633868806055045,24.33959792553113,22.94036003050146,21.067588354471816,14.4694451632073,27.962845682471773,18.788859754099803,22.987880365801587,28.18511637724918,14.316342348707929,21.743264116410664
13,1593.134185018354,644.8341852888407,0.8919690883591906,0.18785361441719037,-0.22674751136208213,49,0.0,0.021293349625091756,1.7079669220771225,-0.5811986388062282,1593.134185018354,644.8341852888407,1478.3756816503517,0.0,0.0,52.07715200619094,-27.69509759267121,97.61226949045678,126.9856457610439,124.08380603391919,144.87848980007038,155.67289338246817,156.85728865293686,129.2506394694135,134.7375482667995,157.1838401965565,131.86473269890166,119.24852789778501
14,1594.3679695790988,658.7821894540506,0.6720651571162037,-0.8687248410344979,0.09645265908565794,49,0.0,0.011079169856298917,1.3710092979886723,-0.3426010003061674,1594.3679695790988,658.7821894540506,321.0755342821307,0.0,0.0,52.07657127510062,-27.689286214131076,39.801394637912495,46.76888911937081,21.122343745038926,24.744544655302256,30.539099118877864,19.876228799657348,31.486821723194975,27.419896564852685,25.207998810231146,24.946079559613707,29.162237548078537
15,576.6368786978622,681.448932987926,0.295425149739196,-0.25080632381276186,-0.6602888450022889,49,0.0,0.005961330119861579,1.2904098228785705,-0.2768191508424569,576.6368786978622,681.448932987926,263.1326108340348,0.0,0.0,52.55540530492102,-27.67900915722306,18.76257949584089,31.725457471247545,18.807624301209124,20.016242451438245,17.270443000410474,17.172013091138687,30.98637575721143,27.442254741218832,29.50184564899481,28.096381364164536,23.35139351116021
16,1076.9955444894756,737.527546148354,0.6179655109970548,-0.24194650213427524,-0.3297912977404179,49,0.0,0.07632190628689363,7.664976195585972,-2.211277026109804,1076.9955444894756,737.527546148354,4581.744442248804,0.0,0.0,52.319942831870975,-27.65625951668814,408.6769968439176,395.4613771542596,407.78874598649134,402.17545331361043,463.5208157774033,438.9965164438182,386.1707372057059,458.3506525758813,414.072257649913,433.8466378623463,372.6842514354569
17,1079.8632672397187,742.7623665420374,0.7050531641879656,0.626428405422402,-0.5268556923247868,49,0.0,0.017214096881358217,1.399671171792523,-0.36506504446374055,1079.8632672397187,742.7623665420374,3710.839477138307,0.0,0.0,52.31858904214998,-27.654080823901616,327.52533081412,310.82264518507094,326.83080212908703,319.81614533564033,366.72087902311995,345.4257604769212,310.7014621882488,376.92640059557084,343.04575755877704,367.30555632711764,315.71873750463317
18,797.1505046722822,769.2448906471434,0.663581484273231,0.11016292671280438,0.025386850037892976,49,0.0,0.08103019252650914,11.555387226596341,-2.6569612586910596,797.1505046722822,769.2448906471434,1175.7702752542566,0.0,0.0,52.45153390296559,-27.642749963825853,101.04741971741507,101.96478227714923,114.9891650660163,111.66574206764464,80.83218780931249,113.4578259057507,127.18989144857088,105.31585433686857,128.68802334370216,98.87169091534447,91.74769236648218
19,2086.4120319050867,780.463045500348,0.6858391500878739,0.10555900657855208,0.17150002872391878,49,0.0,0.008864191635296115,1.1894800397344099,-0.188392896710986,2086.4120319050867,780.463045500348,191.20096140727068,0.0,0.0,51.84514920505889,-27.638400662604305,15.464575906264372,23.860821490747156,14.776847276403263,16.57011144641506,18.320657460407126,8.648570517464098,19.06237873909069,14.207191141334267,26.71626892544795,14.381664392846421,19.191874110850286
20,1351.2960465726599,793.3070982047535,0.6354985269517158,-0.04610889542686629,0.006401677370508905,49,0.0,0.09807944952196225,14.698645577859706,-2.918193295176248,1351.2960465726599,793.3070982047535,1331.1420368734414,0.0,0.0,52.19088758548432,-27.633187214053248,120.2380150496219,116.66057119906051,124.85932911765349,110.51888482776732,132.14429259582585,136.812369139366,130.34240961044554,114.34993739882675,115.49560380854803,123.98691121211891,105.73371291420698
21,1765.8005791651074,828.0391169528884,0.5535607567498207,-0.48611556130516964,-0.18778238069469425,49,0.0,0.016785947617501292,2.7968821364453835,-1.1166854128273527,1765.8005791651074,828.0391169528884,290.2535251062146,0.0,0.0,51.995954415170154,-27.61874361421025,24.2330215530817,21.683764167504066,36.04980687678565,32.478615132652514,22.241576499909762,23.484411420678654,28.89566145593177,32.36987684308643,29.519306096296056,24.48291082179864,14.814574238489351
22,2562.5707997322775,829.6698586554951,0.4899212455769807,0.0947067554476202,-0.02484868883953133,49,0.0,0.009195449087424918,1.7213683923847587,-0.5896845605642995,2562.5707997322775,829.6698586554951,187.83291841710812,0.0,0.0,51.62129053278105,-27.617352205864847,14.227727128983757,13.135395433299681,22.00675862405416,11.549069853553206,12.737655139725844,16.22887944087998,26.386497314400444,15.122420844357107,16.152620467596456,18.575904541693042,21.709989628564443
23,1624.0899477502164,849.296189429518,0.5197040030867356,0.21810594432544272,0.27861109517033517,49,0.0,0.006134748689211766,1.0497654634191695,-0.0527307016737388,1624.0899477502164,849.296189429518,168.64992925926782,0.0,0.0,52.062593757654156,-27.609907990236128,11.287999559168936,17.508721741048927,22.25012827434638,12.96827098905107,6.866700235295764,10.561581879283253,19.61204889384367,18.309940315886603,25.220053034397786,9.100162177698937,14.964322159246478
24,1122.8424101259925,900.4949935473448,0.39255491333786735,-0.2688096635839162,-0.06579165753385129,49,0.0,0.006766284465823378,1.3088663924063757,-0.29223829131555307,1122.8424101259925,900.4949935473448,190.67425249278406,0.0,0.0,52.29823887483527,-27.58839557407491,14.628693955565037,11.43651791449966,15.187685357160895,22.07789053180872,20.20000277114604,13.79588780043331,26.461741967322553,17.449619706206676,14.969943750162821,21.2857794531635,13.180489285314856
25,2422.289792943011,948.7364294002098,0.3250275705460002,0.09363631130546711,-0.24832041218065093,49,0.0,0.007758491887734355,1.6689019266655494,-0.5560770400812303,2422.289792943011,948.7364294002098,220.79833796688123,0.0,0.0,51.687425913763,-27.567941923478116,15.429692117602043,10.85725751545883,17.1247198171467,11.520681845316538,18.9295017696138,18.119735656781643,25.531075776177822,31.288600661384464,18.31419974528378,32.71787720793334,20.96499585418229
26,1335.9343997314168,962.1066383566737,0.7201019096482155,-0.22692311075411872,-0.17927536820054504,49,0.0,0.031108701417788574,4.1948133267653045,-1.5567815976796209,1335.9343997314168,962.1066383566737,418.7739101412713,0.0,0.0,52.198033199258354,-27.56284992965651,39.51574900111507,36.36511975655685,33.14841904918008,52.276544340478054,36.86487745586148,43.408744288042726,37.621545594663544,32.58454694037506,37.55701879793448,33.18928766241629,36.24205725464764
27,2486.136219928588,1010.2297546765917,0.6110330659843063,0.2939938715001754,0.3621318638161966,49,0.0,0.01952586745475109,3.0769953812645325,-1.2203171108714634,2486.136219928588,1010.2297546765917,280.3653980332683,5.0,0.0,51.657513929820986,-27.542234680945725,15.59375276607799,20.862526812580985,17.025745319726724,26.498842447485426,33.52336041503137,24.768439132805725,33.39970575966452,25.123908995922918,31.876166033460287,26.7730379117317,24.91991243878072
28,1005.7843261897964,1024.8516459821196,0.6729275244978354,0.17398447377069218,-0.07799385898949182,49,0.0,0.04197134922742946,5.977194900067729,-1.941243543065849,1005.7843261897964,1024.8516459821196,594.5766817255837,0.0,0.0,52.35313783672573,-27.536482662715926,49.687978712273605,62.342919322142436,47.634543894490164,71.20009989008513,42.91469316093084,43.300907361407326,57.56991871408276,55.18538974565336,51.9195762296833,51.38681986362694,61.43383483120782
29,2727.9660124007573,1038.5331150005209,0.41780109865418147,-0.3837035217516389,0.34310002918182597,49,0.0,0.022131562834976647,3.047251056279033,-1.2097705906477905,2727.9660124007573,1038.5331150005209,954.6727262768052,29.79394781565796,0.0,51.54393714565364,-27.53005771119248,83.50421635094038,95.41467828696713,88.12464734494924,86.47713539160468,105.77743983247382,64.56479089248452,78.83116374844697,91.65229627800875,91.27734248322807,85.15520837594539,83.89380729175627
30,2408.2406154761393,1148.7553920123394,0.650485971452928,-0.018940477320286295,0.2711848063412982,49,0.0,0.013294308172999604,1.8545744767417174,-0.6706106964647416,2408.2406154761393,1148.7553920123394,234.65772003422163,2.0,0.0,51.69431462375151,-27.484621974730477,7.746682094402438,18.538422360718712,15.365821056132988,21.647425341201576,25.80160937018806,21.071649499281204,33.62025906564402,23.22833748981412,19.528714573987585,34.05469281106865,14.054106371782265
31,465.69364981348997,1175.1773837165845,0.5944364107715067,-0.05492202338376793,-0.504582454746002,49,0.0,0.010750662255533412,1.458210168676783,-0.40955030604309023,465.69364981348997,1175.1773837165845,278.72174526759744,0.0,0.0,52.606609493606925,-27.47311268205478,30.556281218093435,31.452362120213625,23.969494972913317,26.918437898580812,22.79125410011554,20.623279405052095,25.514433891949714,15.08314218773528,32.74554656148918,24.91661208321056,24.150900828243913
32,1881.1829423920044,1204.4904043483534,0.7008428524318147,0.12471556421002887,0.08320108496967471,49,0.0,0.009582238939002265,1.3129344149665516,-0.295607580780588,1881.1829423920044,1204.4904043483534,172.4357820366695,0.0,0.0,51.94188354761599,-27.46185146600167,9.23507710029005,19.065468585425307,16.67038032081974,12.421478279695668,14.475061108269852,11.132532352274195,24.165847372396385,15.076411580324994,18.54183404990792,18.290486170035635,13.361205117229755
33,2220.9174433419894,1211.2396541247972,0.5039994047230953,0.652241610955513,-0.08499694982064236,49,0.0,0.01376915784611707,2.147108747303303,-0.8296351031233528,2220.9174433419894,1211.2396541247972,455.72315095605757,0.0,0.0,51.78236132039587,-27.458798293469073,30.578453813520216,25.568472790355496,45.35956850678388,36.017443351135455,52.22686588630195,37.006272220007524,40.84776399091163,42.4999347344027,46.66421261430757,42.82631508239143,56.12784796593973
34,2243.2387832329473,1215.3867777190972,0.2582821188370789,0.07380878993961647,0.1683976105492467,49,0.0,0.008645900145046959,1.8289351677911962,-0.6554957771279342,2243.2387832329473,1215.3867777190972,303.30976798364406,0.0,0.0,51.77188495784101,-27.457048165467775,26.19020334664022,17.361147706025918,29.53766682103572,27.997882422684004,30.271099436900005,25.154696011709106,26.790312199971748,26.84489254714272,37.26903315572666,24.022929300912104,31.869905034895904
35,1231.4395754074565,1323.4741409327355,0.4436319458860498,-0.26164809105823855,0.012362777044250513,49,0.0,0.008786825398153779,1.447348964583934,-0.40143313692249705,1231.4395754074565,1323.4741409327355,244.85040831755384,0.0,0.0,52.24691060242613,-27.412230221391688,18.920664113741196,21.654027995805556,22.743619070458212,17.60838466745185,30.63241618486572,25.408953225358687,23.642821268338608,17.344371855273735,22.471591416823074,27.017951102026082,17.405607417411115
36,1911.2705867528375,1323.7796504330993,0.8104390964768035,-0.06984532656948361,0.05724724650678536,49,0.0,0.022719109471811025,2.8829831428425656,-1.1496052575557973,1911.2705867528375,1323.7796504330993,280.71340458137837,0.0,0.0,51.927820529762684,-27.41213406286277,27.91152961563619,35.29107850585345,21.475821948120668,32.406430306711854,23.057800671102928,18.48220698886056,25.053402316970285,23.185733527972786,30.141850726544718,23.40348068343087,20.30406929017404
37,1809.6570042194066,1326.1683804425545,0.533069499631024,-0.0263658669066263,0.08983218190455933,49,0.0,0.007698446013053814,1.2698504266934583,-0.25938142308435613,1809.6570042194066,1326.1683804425545,177.7763273293238,0.0,0.0,51.97551532500834,-27.411180275352976,20.38896213754598,14.065082055770826,17.344146688819897,14.634733579769401,14.588863045685212,21.018938624104827,18.18901006956821,12.28712285358807,18.269110069081595,11.356109992467957,15.634248212921833
38,1632.971588233529,1350.0872370130064,0.8351607213813798,0.17969420114258886,0.04588546490027841,49,0.0,0.01636115932110553,1.9405740146701465,-0.7198255291173167,1632.971588233529,1350.0872370130064,252.90743292116468,0.0,0.0,52.05844628145289,-27.40124766486863,20.559214256832284,20.138680000389435,19.810683715162806,33.54769784388131,18.568534408258422,24.81026172038195,31.336383231254413,17.068483844104918,23.408657338164744,23.674513982015938,19.98432258071846
39,1270.5167987106388,1379.8519778492366,0.6065588651752115,0.3950865671571467,0.0870225028413798,49,0.0,0.03888091745181504,5.006581988372217,-1.7488533315421504,1270.5167987106388,1379.8519778492366,984.7754056019467,0.0,0.0,52.22853634770403,-27.388761082373456,95.91656015033679,85.55726916027527,100.9975450246028,82.31746109656277,105.31097600329403,85.89551316443507,90.5726963453191,92.86118062556483,84.57949061903578,88.63105384938154,72.13565956313879
40,1911.077052388632,1388.0339310884299,0.49275041467230013,0.18184006390253918,0.5175256167672857,49,0.0,0.01022475612584192,1.5775699671912398,-0.4949715746101179,1911.077052388632,1388.0339310884299,289.70904131117055,0.0,0.0,51.927946548546025,-27.38536171210526,20.368819040101897,25.945618655233645,31.609576774534368,29.48149627044436,19.268265953298137,25.7489145209463,27.925100544338164,24.83501132691145,38.33633805362196,23.647623742815313,22.542276428924975
41,1629.5574414292826,1397.2839774522477,0.694868375411959,0.005628384376953557,-0.17031332824426437,49,0.0,0.00927197198496848,1.3086031461856547,-0.2920199002708038,1629.5574414292826,1397.2839774522477,161.9773896946786,0.0,0.0,52.06005103059703,-27.38158257558437,14.443414332107686,13.05843505738135,18.133424252100788,21.001351779588568,12.186162073098206,16.709753416610962,8.86649943691184,18.53077919672309,14.438968016786827,12.51516134492248,12.093440788446788
42,1781.4643058667846,1498.4730628671375,0.5148650783056333,0.3622882446864156,-0.3190172164266941,49,0.0,0.009786278213201018,1.2529059477567976,-0.24479617727925365,1781.4643058667846,1498.4730628671375,362.1566991222527,0.0,0.0,51.98880286077587,-27.339395521782365,40.852158403785374,29.76484489311312,40.357743168808305,33.98151162214858,31.60731158170702,34.12892869016858,29.294065402589304,34.12214915311198,28.119935238808186,32.384998455277696,27.54305251273461
43,723.1950230702934,1530.7533529970626,0.6158733409206272,-0.15373605306978783,-0.5391116082235203,49,0.0,0.01577367502006206,2.013172308073588,-0.7597023697141705,723.1950230702934,1530.7533529970626,470.6471657095908,0.0,0.0,52.485137494715566,-27.325368552519684,38.87075883976239,53.8305844920628,35.102586108612456,36.20916995021301,47.320359299888636,37.45845355369386,46.842693604539406,46.36598515990552,41.07062519488207,47.14934601199534,40.42660349403534
44,280.2933588604096,1539.0168561001362,0.509053204043227,0.06905670227326648,-0.3110440511514161,49,0.0,0.008850338902818637,1.3969015399243223,-0.36291449027739475,280.2933588604096,1539.0168561001362,239.963947323208,0.0,0.0,52.69282347614111,-27.32116378539418,33.21829047279986,28.878416983371626,25.025492302350735,9.32705287926448,24.553488481583003,15.557221122847846,29.772878076927427,20.708874931298496,18.04110684333842,21.32192539866007,13.559199830766046
45,2622.690624938345,1548.4334874832705,0.6863404421619584,-0.1110097613287028,0.1403217103092054,49,0.0,0.021288600214764655,3.0765637328128204,-1.2201647904520665,2622.690624938345,1548.4334874832705,289.3914533194336,0.0,0.0,51.594318407767716,-27.31778666035769,19.388457706420002,24.035616826758776,27.594152075571863,26.85764066049491,25.282812341559882,30.039128946252532,24.62501213228784,28.140699773931217,30.35412105894705,27.56285895504626,25.510952842163253
46,1319.9652199995592,1553.1968217856634,0.5137800910988382,0.16128541063640642,-0.03207510252399791,49,0.0,0.14263289778414306,23.95956598479684,-3.448697366918916,1319.9652199995592,1553.1968217856634,2481.599111117416,0.0,0.0,52.20524623137471,-27.316558029272198,204.27586183580516,220.10376156294768,235.83402393311812,256.75935752375426,226.59579937708105,239.43409897246892,229.14905660749292,242.52329536021577,234.32196033134068,224.76280870831698,167.83908690487436
47,622.1238937063596,1606.05938858873,0.4163993850984976,0.10148439036856859,0.10208345140385389,49,0.0,0.0053798267491175856,1.0293002988291067,-0.031355247153359106,622.1238937063596,1606.05938858873,161.2108294993281,0.0,0.0,52.532407749174595,-27.29384523039859,8.196878155018723,25.29641243177454,15.87711436049028,7.69438871256618,13.593091771205602,12.851048224569617,14.989116110731254,10.869237476179329,25.17306498167477,12.996368348984559,13.674108926133247
48,1389.6020560657685,1612.1856104206881,0.3864149339756238,-0.035573852263325066,-0.0892952123942987,49,0.0,0.01543269009970348,2.686262847605839,-1.0728712640183895,1389.6020560657685,1612.1856104206881,461.01291224573174,0.0,0.0,52.17256733526953,-27.292006184140686,37.44675939689017,36.08884701821603,41.95105331159311,43.41819668962821,42.76371540289515,42.53043312475695,43.96535190435867,41.69334448888122,47.57508945794614,38.84239115070153,44.73773029986452
49,1082.3108996062308,1614.136017639096,0.698204205997221,0.1536537422756968,-0.28130444757597267,49,0.0,0.02059685212615974,2.728422415962772,-1.0897790222923185,1082.3108996062308,1614.136017639096,368.94890908848856,0.0,0.0,52.31664063430035,-27.291018389312693,29.884331162858437,41.150381581213324,38.25538358707305,33.6870879203222,38.37595604115801,26.436189445878913,31.119209730787773,36.13162235924016,32.206476957368544,29.17681435953739,32.5254559430508
50,378.5988289001327,1623.3495007452173,0.5003289343267269,-0.13427375926259255,-0.5979825468079025,49,0.0,0.010810255492295607,1.5762701447787484,-0.494076624782099,378.5988289001327,1623.3495007452173,351.69706039209416,0.0,0.0,52.646542999355454,-27.286222520290515,25.11644788433377,31.750548698241907,40.3706183075067,26.80157648204863,27.47996152619885,42.723583166726954,33.54388820090637,26.556364540369024,29.79580414753883,34.77456290387382,32.78370453434927
51,2413.310252896579,1627.6604973868332,0.8854756918703172,0.9160479463972697,0.20212880242153827,49,0.0,0.0111488960328269,1.1358321635276072,-0.13828540625683666,2413.310252896579,1627.6604973868332,258.6063008864011,0.0,0.0,51.69261967821174,-27.285076798787767,20.333457454389418,23.61440346996613,20.10162451478874,19.506454760609643,30.587037516742576,25.523606027979476,22.583830443400366,21.153294636428434,25.295561959626905,27.79152027885827,22.115509823611134
52,2242.214826334205,1630.8356282030106,0.3595411728743233,-0.21297125489907998,0.9324535077353526,49,0.0,0.007458314343068018,1.162788458052125,-0.16375178067951895,2242.214826334205,1630.8356282030106,458.1657221368117,0.0,0.0,51.77283549871299,-27.283948320399148,41.26091063114161,39.5697576367222,34.39360953829639,40.39582434716752,43.55286632763904,34.33593853422928,42.60353355374311,34.88330161795935,49.377963500380645,57.7159809353333,40.076035514199276
53,718.9895933355187,1654.7723715105235,0.5001057587533567,0.12770859175223204,-0.14652643534922144,49,0.0,0.009167204732209586,1.5899564083634345,-0.5034630437150629,718.9895933355187,1654.7723715105235,205.27788415030057,0.0,0.0,52.486917373818684,-27.27368951970445,13.153361665525459,12.85063643146897,22.579608380788194,14.026374657847663,15.322074700708248,20.132866535116236,29.928610995062044,20.58629239540541,17.056698163944404,14.1397850256141,25.501575198819822
54,1611.756329289266,1667.5809886680713,0.747929512307114,0.40740369264770904,0.24288323799056613,49,0.0,0.02269036637085413,2.830931422032696,-1.1298233722881394,1611.756329289266,1667.5809886680713,410.06084975015517,0.0,0.0,52.06840934743658,-27.268959448374794,40.77617350593894,28.46486552276751,36.91974912476162,48.22892763039109,45.74511612977297,37.63302969412855,29.331199498929003,30.319764858303913,51.35274613754475,29.39743152736336,31.891846120253494
55,1580.309228446095,1711.0135648729126,0.7529255830219389,0.08417954510534978,0.0005803426022660125,49,0.0,0.18433422818378428,24.394265513813842,-3.4682193662150187,1580.309228446095,1711.0135648729126,2195.3292188503306,203.9837764563377,0.0,52.08314901855208,-27.250862330153954,215.19589159060502,224.9358188905971,219.41645916170958,212.04798839626906,215.43217020815814,182.11364842039103,208.1417350061291,206.64427098434416,187.1260310282528,181.92769552668562,142.3475096371891
56,2111.355017543992,1722.533541096675,0.25768892534385957,0.7055167475785736,0.08987865408730944,49,0.0,0.01708358269851824,3.170687905658114,-1.2528837401031883,2111.355017543992,1722.533541096675,849.3809879044504,0.0,0.0,51.83426710682125,-27.245859061771604,79.1113010941892,81.91469255225877,69.12564277098821,74.45211645066044,93.20200348128856,76.46272858329043,79.65127916910399,77.8119817830302,65.24372525082521,79.82933282521054,72.57618394360486
57,2341.1654781764155,1732.3585504123637,0.6723445819881632,-0.21320791073879383,0.16160473438190853,49,0.0,0.0407803991650167,5.8596384431257285,-1.9196770490044184,2341.1654781764155,1732.3585504123637,919.6140634649448,0.0,0.0,51.72657849425936,-27.241541008923328,86.36742189685924,92.15958947144173,99.06657068908822,79.98607554854064,81.17047127871479,74.93778484237353,91.89897437062223,95.86926891926826,73.48401236596953,77.08737136471122,67.58652271735548
58,2348.6460835988464,1734.0375726917453,0.31208284827604177,0.4182135362689283,0.2604736002624154,49,0.0,0.01768223580459696,3.2968430150874193,-1.2952456698714938,2348.6460835988464,1734.0375726917453,996.5834269323825,0.0,0.0,51.723075059128504,-27.2408327431357,77.26992284776105,93.72042114407833,93.1741788501083,87.16507636508986,99.29008971513304,88.44378887534349,108.29737213217287,98.56557940078494,87.67564626598256,82.16907612986584,80.81227520606221
59,1607.082974030802,1744.9788140671621,0.9437622171734941,0.1783639147898279,0.03473850979264849,49,0.0,0.012519419040059765,1.3763271635872318,-0.34680420330230194,1607.082974030802,1744.9788140671621,222.57297794359118,0.0,0.0,52.07060093575431,-27.236710439545966,17.04876202352493,24.994484032180438,25.002610742951898,25.28215255820559,18.729344007614714,23.793842428086784,21.057410889536165,16.831735276432887,17.748094763654983,17.795201527287958,14.289339694114833
60,231.65980361061125,1791.9485316531682,0.6000568519310028,0.24978072119774353,-0.187153956877952,49,0.0,0.013894977314649518,2.0097253685355754,-0.7578417864884789,231.65980361061125,1791.9485316531682,296.7087994450154,0.0,0.0,52.71502041715028,-27.215679904075397,16.313795385942864,39.682346682089204,27.67101917005718,31.557120491126863,20.152700095478362,24.049506621704122,31.707839931568152,24.039985710141472,27.388129944268528,25.72473324246281,28.421622170175883
61,434.52200492104186,1802.618804027688,0.2120477752708594,0.23878300491463464,0.24858061407238008,49,0.0,0.006049620641092492,1.371793398583417,-0.3432217714816823,434.52200492104186,1802.618804027688,272.5168465215641,0.0,0.0,52.61995900343464,-27.211634790879206,31.92144413167536,23.44939030592551,33.060685017502294,15.950370156343048,21.950761272142408,32.952057737642534,23.99682257381882,22.93523890470547,21.526727939512313,20.63487626826959,24.138472214026738
62,2287.380455275358,1804.774925703104,0.3806345685255616,-0.16670900969565522,0.16530790625281197,49,0.0,0.016562523351726345,2.9858283536741848,-1.1876620945452012,2287.380455275358,1804.774925703104,506.7697865698441,0.0,0.0,51.75187131254186,-27.21142792998256,36.48305397269435,53.51416911946772,56.919642516376356,49.221439103964386,53.94516011585601,41.34460064901381,37.378078821783134,45.24298177531022,41.664917601758916,54.20010060712603,36.85564228649313
63,204.76206266003658,1819.630046069596,0.25384672647565626,-0.3197934983589475,-0.1828569446854541,49,0.0,0.006051888171563102,1.0280118385058732,-0.029995289975405497,204.76206266003658,1819.630046069596,356.1267186450197,0.0,0.0,52.727553697092254,-27.204088785243613,32.16208540008939,39.23943503596824,27.3222071207312,32.416370834196144,31.587052958998424,33.843332119355225,26.48332185424912,28.126321607603884,42.33011453340316,36.41091354195613,26.205563638468785
64,1310.1331158962876,1826.5535308276983,0.6795938132671696,0.0768039483699348,-0.01590551431547208,49,0.0,0.020207490545096345,2.6886535753505467,-1.0738371208373876,1310.1331158962876,1826.5535308276983,365.8642938409896,0.0,0.0,52.20971752519932,-27.202655415210835,24.66628142325075,26.916202158626746,38.51023729527793,33.428484050995515,43.0991085825174,37.399444077809235,31.97073139832546,31.005170297914052,30.43695033602497,36.46084458552568,31.97083963472192
65,1973.1607460901655,1827.2506609238392,0.7733383542464011,0.15310610179370976,-0.12954942061441332,49,0.0,0.014580248730772573,1.7210374130234416,-0.5894757785106831,1973.1607460901655,1827.2506609238392,290.2072036834537,0.0,0.0,51.89910173593914,-27.202322457772976,21.633206796674273,20.91926075937039,22.321268635329638,34.1788683711575,35.80760971405483,23.733344695541952,12.820854211171978,38.18195341833871,33.1638242630563,28.106775195163408,19.340237623594753
66,1920.5137249085233,1845.1073234000344,0.312303451840568,-0.14022269390990458,-0.08565651604873034,49,0.0,0.006080343227310851,1.2662291277992825,-0.2562807490673252,1920.5137249085233,1845.1073234000344,207.24661217791316,0.0,0.0,51.92377573497498,-27.194910626056053,12.64588226987484,16.418585446158566,29.84955414521138,16.066836695198372,16.456019068892424,18.617458398234653,20.117755290248002,21.3018713351018,23.42999154397836,15.374660230066883,16.96799775494791
67,2786.418971372625,1873.5797081307937,0.3049483671808687,-0.19257399757168342,0.11182238644756455,49,0.0,0.008694926777718106,1.5861482172134767,-0.5008594185358147,2786.418971372625,1873.5797081307937,366.19543443512464,0.0,0.0,51.518218603844026,-27.182032695863164,35.642471276802624,39.18908006631457,45.3045305233138,29.845032363784462,28.639410609236535,39.953930544095705,15.776079064076995,34.46783339876934,32.41128522727778,35.13079877366004,29.834982587792805
68,1606.4400460779664,1900.8572473301526,0.5836830977172062,-0.254026081668407,-0.2316716857853611,49,0.0,0.037368208248712925,5.794026478714182,-1.9074511889976198,1606.4400460779664,1900.8572473301526,637.5105099216169,0.0,0.0,52.070903855230775,-27.171761275584107,59.348777240981136,54.44868369634656,66.96473505366565,56.414682270777945,64.78944032443785,57.26291590696488,60.79007045693015,48.15153984574383,54.004320547934,63.34587887397983,51.98946570385494
69,2360.4000334537645,1909.8343163306085,0.6455654289925065,-0.4357186683109057,-0.18876282412242965,49,0.0,0.007162486238986772,1.0170176401234288,-0.018321214513904036,2360.4000334537645,1909.8343163306085,155.1906951998912,6.138028720279431,0.0,51.717801508823975,-27.16757189034093,9.303358961059423,16.186213191564903,14.430279536567678,9.746853809826794,14.458561133107665,20.21318129047357,13.76767463624911,16.11765422503927,13.43260583342813,17.263182385408655,10.271130197165986
70,1400.7323496114989,1915.4833784783214,0.49648842090947876,-0.6541394652535387,-0.029027577414725395,49,0.0,0.00871095435160814,1.4075299215255825,-0.37114408983035524,1400.7323496114989,1915.4833784783214,232.21981232380517,0.0,0.0,52.16724231673517,-27.165636085501898,24.48704328121609,18.909542194413575,17.151941930201335,16.34587992688408,30.849154890714615,25.65053044256641,18.81772061593287,20.2494204678522,21.354033446054814,17.561490752416866,20.843054375552303
71,2809.3858208842603,1924.7377645024906,0.8207418070199514,-0.24084990678377421,0.029066042567923524,49,0.0,0.020516045830299402,2.464971313816977,-0.9795296738166058,2809.3858208842603,1924.7377645024906,304.59182495090147,0.0,0.0,51.50757053032486,-27.160675193514834,31.12904195219965,29.144347480548213,28.38835555101268,37.372985666005775,24.773989229308523,28.35552990377395,20.98606753574067,26.780293705243803,18.9795852112386,35.39310276952827,23.28852594630135
72,1775.5598013024055,1941.6167056763868,0.7516186243114026,0.06676608282707891,-0.0426998475647072,49,0.0,0.03190573343321117,4.174812179423128,-1.5515923544742263,1775.5598013024055,1941.6167056763868,433.67195144400245,22.7640104360136,0.0,51.991708809392534,-27.154754472654552,38.575005224058245,40.6941558629038,34.783560759110415,51.412444334105246,40.89902269136901,33.26385561620987,33.33310442406788,40.80653986571008,45.45186429066826,36.765851688816106,37.686546686983505
73,1445.2960449700188,1947.2683280981378,0.4407038725016964,-0.3342378148575635,-0.46659752498889934,49,0.0,0.011741944322611766,1.7705733125223848,-0.6202847847598207,1445.2960449700188,1947.2683280981378,398.7074697128689,0.0,0.0,52.146363336355165,-27.152404742628494,33.27099286790265,45.423459731874274,38.24767375640131,26.872566784678327,34.016492157601704,40.548961006535855,32.23309168371331,38.63417130060833,45.41633028661956,30.982748946848226,33.060981190085315
74,1348.6799326413911,1972.8658048827256,0.5241084695497791,-0.11594662643439795,-0.025124482640059564,49,0.0,0.021421648854102877,3.4045747003577613,-1.3301571688716458,1348.6799326413911,1972.8658048827256,487.38629431832857,0.0,0.0,52.19159440425482,-27.14170866617655,41.525945369859556,53.45338430744772,50.18558888467571,56.82650725225369,51.25713880781951,27.793133756921083,45.83536259958241,40.926796585806585,38.06200263707544,40.882889730722106,40.637544386164784
75,593.4861329471652,1997.0906669139363,0.25101491886971694,-0.2936001027107205,-0.22818270640215196,49,0.0,0.012639641422102398,2.6301897573171904,-1.0499677054286671,593.4861329471652,1997.0906669139363,483.353292839162,0.0,0.0,52.545142433361455,-27.130877073076455,36.29911663989117,41.800740123541615,50.065982011666904,44.70803804983663,47.71914398641208,40.87154339837688,44.50207489930743,50.950014366199426,38.737056484385036,42.89803437068848,44.80154850885637
76,2348.150802838484,2029.1261235274328,0.5735802808192039,0.052883426559276074,0.07844388050548139,49,0.0,0.020099760990625888,3.1813589759726466,-1.2565316912280005,2348.150802838484,2029.1261235274328,355.7878676666254,0.0,0.0,51.7236945583721,-27.1178826193,29.14248816381868,37.472372595445925,43.99645918895908,21.284716041946893,30.752090879227943,32.01690986550338,33.792378654427935,28.644448510991793,37.02995633912995,33.29173649605725,28.364310931116613
77,1232.0389519024482,2042.065807897479,0.47191764579621,-0.2258357541719136,0.12932430416490556,49,0.0,0.013102807834351561,2.3419485103139057,-0.923943356289661,1232.0389519024482,2042.065807897479,285.60429277831236,0.0,0.0,52.246163648477335,-27.11281952364501,25.613049258342592,25.565575468771893,27.824265593458257,19.99052775440134,30.72916040579613,29.46136968011121,19.83675829047186,35.456867210171055,22.026795157813297,23.360705141887905,25.739218817086822
78,2138.672761578092,2059.6258808403354,0.5939589948361081,0.022116359097549304,0.03458556574379552,49,0.0,0.01742421696552759,2.7941965412669805,-1.1156423768377535,2138.672761578092,2059.6258808403354,284.4664159871294,0.0,0.0,51.821782987062996,-27.105383622500987,22.35353377845027,29.90267875470291,20.796711682129875,22.971385465864977,25.344965215532746,28.918529249574455,23.09692048434311,35.37695807763206,18.013995191185565,32.53103897968293,25.159699108030548
79,2911.2692180977824,2064.989361418353,0.8058955983596737,0.5505202867360809,-0.20777700266306,49,0.0,0.01066609855146389,1.0337892137779776,-0.03607999141816619,2911.2692180977824,2064.989361418353,628.2390618465674,0.0,510.3211439835162,51.46018504396023,-27.102041347533802,64.29895516004288,65.31605371961858,55.600496908582556,64.4179677764005,52.09193936049203,54.41233206225073,59.37460762870977,56.014273728671,44.886952202110194,64.65518525734929,47.17029804233998
80,2918.6037544454593,2067.958733139696,0.5831936147525139,0.1792173834259805,-0.4263877094817513,49,0.0,0.011076500952493639,1.3275737809454295,-0.3076466666946054,2918.6037544454593,2067.958733139696,617.6303072820715,0.0,525.8706324074689,51.45675926755446,-27.10078924693133,56.19200814082161,65.24968373511865,61.47851893806128,43.49270044603518,51.54533606985113,52.615640386003115,62.438285417787256,55.28501524460364,48.475684710951825,64.08585638037529,56.77157781246243
81,887.9196312936541,2069.578655617422,0.5063772278200076,-0.5958689751793715,-0.5395682427955625,49,0.0,0.029761776609028224,2.995612471113272,-1.191214074852594,887.9196312936541,2069.578655617422,1684.8936099541143,0.0,0.0,52.40720982831643,-27.101067595910724,143.0816048308971,175.9630670618634,164.60264116364027,170.29915665916715,153.29336929408333,152.8767326514847,144.30089561572356,175.77004793163542,134.7539205633356,148.96399662405736,120.9881775582264
82,2843.797273132354,2084.727702529199,0.6593410141340309,-0.15676187588927398,-0.25590841977846296,49,0.0,0.016634454379223042,2.126952101726828,-0.8193942746040767,2843.797273132354,2084.727702529199,461.36653711023087,0.0,172.92649831812938,51.49180584210369,-27.09395116446921,47.31497832119775,35.94412448471728,38.24500764739715,40.54723085383008,40.24956350990021,44.51868243974697,50.0399153691171,37.24481258871849,47.47148940446322,44.99935411745383,34.791378373688765
83,2217.422088902039,2094.205667633368,0.2564914065552617,-0.048797494180272696,-0.12661730875631277,49,0.0,0.007681370279877536,1.7829694667949059,-0.6278597649546116,2217.422088902039,2094.205667633368,301.1618369313717,0.0,0.0,51.78496072320612,-27.090905197956584,29.08818490672644,21.509023037371087,29.39480290297938,31.950767820454328,18.182756111556092,39.76457910575253,23.0884697974108,37.66429445305705,17.72971579936188,28.552117747449845,24.237125249252287
84,1640.735855131389,2118.3091688516706,0.49221853933574244,-0.4849193508104897,-0.1693506285960368,49,0.0,0.025220316734295128,2.6891725764576613,-1.0740466844335868,1640.735855131389,2118.3091688516706,1566.8036450178943,0.0,0.0,52.05485668362548,-27.081155902378484,117.29691084054267,159.1848378798785,153.02507687483035,137.7037065081066,137.53338826484992,154.8445322018049,144.57138948685866,144.3618250411418,146.38607112892157,146.57463357053442,125.32127322042498
85,1973.0950850878683,2121.9469137319875,0.826091870313765,-0.6478667144964799,0.07966730920934857,49,0.0,0.009126311242353182,1.0559884895295508,-0.05914796083291937,1973.0950850878683,2121.9469137319875,197.77541778909676,0.0,0.0,51.899325171927664,-27.079533916780527,19.262379134818744,18.329739050744877,17.711113816728627,15.327041356978015,21.33946993286041,19.265839322673624,14.662196308949632,18.658203541195732,14.512507132756284,19.215065992905313,19.491862198485514
86,2106.1703127179762,2151.7430267503923,0.7096755537152066,-0.9097194411609305,0.48056647494966515,49,0.0,0.015034867095258917,1.746378362075322,-0.6053458543799631,2106.1703127179762,2151.7430267503923,454.43621164923064,0.0,0.0,51.83707790924277,-27.067028635133305,41.129909139735275,42.12957796135246,48.0652973309737,42.778046880390896,44.54886016933463,31.940006987320448,39.57850550057,34.882156061738584,43.82507812401114,41.78255271929517,43.776220774508324
87,348.4975984935159,2165.71129894563,0.5719834989541196,-0.44929925195542986,-0.369858504586582,49,0.0,0.01005230597494918,1.3953951938906006,-0.3617430570521543,348.4975984935159,2165.71129894563,282.17003803213345,0.0,0.0,52.65946207347173,-27.06019342632137,30.573336216954107,20.539496546301372,25.050181620749285,26.73250808265388,25.63131405182567,29.12011780947476,21.36701662079959,29.075624257857392,23.51753348756053,30.49496611855565,20.067943219401208
88,1099.1859457912656,2186.789581350302,0.3545313413309471,0.24873899159526558,0.316310055025543,49,0.0,0.0077144678602364064,1.132903878887048,-0.13548265938969586,1099.1859457912656,2186.789581350302,565.5007418006614,17.582133322823626,0.0,52.30822477306275,-27.05242967273102,61.20899173546417,55.672715674403115,67.47581505866518,63.74225811478031,46.30671925099517,53.65165714602895,53.558670677090596,44.09951190200143,37.68159878698087,33.193346919338175,48.9094565349134
89,2311.2136501237533,2233.454677948244,0.5641128241264873,-0.4246467153161815,-0.16992674346100173,49,0.0,0.00868718062365639,1.3886389054727675,-0.3564733217803853,2311.2136501237533,2233.454677948244,183.77209654634794,0.0,0.0,51.741239748152935,-27.03279023807988,15.696803729191434,22.490035214703145,16.816372220960858,10.00999148890963,16.954889396761047,13.009774581446743,13.036425350019849,17.118386248684068,19.29347116503824,21.55532142991918,17.79062572071377
90,1312.2516417728202,2242.2636618329693,0.7454724007214387,-0.11591506725496797,-0.012114546339401336,49,0.0,0.009264592848047013,1.1917350764014236,-0.19044930536366794,1312.2516417728202,2242.2636618329693,166.3280261136772,0.0,0.0,52.208514863885625,-27.02944615331144,11.745845082913156,14.78538141547421,15.176758083230983,14.624152250947311,18.40654727763438,13.121327187537808,17.76348439740793,14.759961589383558,16.728856955072757,17.134357184262598,12.081354689812496
91,2443.07225329149,2253.5936450470836,0.7086881663164767,0.032465208906194136,0.03407291779236581,49,0.0,0.0345131212772092,4.920075973364475,-1.72992952244595,2443.07225329149,2253.5936450470836,412.8984761467068,0.0,0.0,51.679592570272945,-27.02424106293932,41.68570149614099,32.301871732969374,45.1588670579783,33.159599232028675,44.172714933322574,44.76215076047734,34.99185071791334,28.74030021100055,30.105954358642975,43.11976358959548,34.699702056637165
92,1808.9289842745786,2360.6986149557115,0.6865559091825539,0.2471594391738265,-0.8587289444337779,49,0.0,0.009747231143141579,1.002796284976658,-0.0030317909350171734,1808.9289842745786,2360.6986149557115,426.650862540085,0.0,0.0,51.97623577503322,-26.980130255073092,37.22229855611855,57.770793621455056,39.54170899823639,35.491139739682794,37.068613661117595,45.72474045056458,27.151264127168133,35.968557601417785,28.20905753435433,36.70714799583532,45.79554025413447
93,1524.1046068208914,2434.548162488305,0.7236713150664013,-0.4169312077574662,0.18713373401130298,49,0.0,0.018852059544153726,2.3702669736053044,-0.9369931631620163,1524.1046068208914,2434.548162488305,364.99210370322714,0.0,0.0,52.109394402618584,-26.94938965554259,37.05572681294021,34.66127698317464,28.20265496735077,41.08979279071491,28.95496146266703,38.891735681144525,30.006299176368728,24.489876635486524,38.79967183494371,37.11558056246304,25.72452679597309
94,1136.1229315080343,2466.6980410210535,0.5414012849855065,-0.21306093627088407,0.007583954138480732,49,0.0,0.03357326496330136,5.751249006850826,-1.8994054281927841,1136.1229315080343,2466.6980410210535,544.415564312576,0.0,0.0,52.29071655730299,-26.93583287914271,41.15462304537763,45.91620146875021,43.10654004355488,52.38810300679918,56.25233589352183,48.43438504328091,52.57958630328041,44.006278318749736,50.70757662410194,60.8836608581214,48.98627370703781
95,897.9597962813725,2499.6930902110057,0.7381568333836834,0.03904851453798262,0.06525469964753586,49,0.0,0.016346799840402434,1.9670367701438343,-0.7345311958345757,897.9597962813725,2499.6930902110057,346.4650713185961,0.0,0.0,52.40198162917737,-26.921871803937858,33.003618133361556,39.26346560810728,29.111331566793815,29.2139678150678,38.766660981111755,32.08154930415658,29.658831197574596,29.22220980053465,30.99820007236523,29.610012635553613,25.53522420396919
96,2589.5403530974263,2504.6262336171385,0.6785521589632368,-0.37146585286374023,0.2687098308333866,49,0.0,0.00913487880806034,1.230035300257361,-0.22479393812490706,2589.5403530974263,2504.6262336171385,206.70782740558275,0.0,34.560597425399955,51.61152265283853,-26.919443659096302,22.907723724996497,20.778403736018667,20.945160860360716,19.008494123305894,16.78753033223997,12.709314072406531,18.776247743831725,14.746527242407431,19.617399087497244,22.498752311800363,17.93227417071769
97,1982.7777310821418,2505.8885909924725,0.527871454810106,0.0160739357039726,0.02505105879798229,49,0.0,18.575455461569085,2647.7511192079496,-8.55719290071595,1982.7777310821418,2505.8885909924725,466805.52755063353,196.82420639679611,0.0,51.8950509752209,-26.919557748018335,42642.34939885733,44377.61338393892,42805.518781993815,43370.57961232428,42963.4476564103,42835.954717160064,42902.202943622775,43038.42389456749,42742.255585807536,42903.62118640392,36223.56038954708
98,1997.8677522937296,2515.2525199953216,0.7060928164185143,0.2515211580914683,-0.82759074771283,49,0.0,0.01947087918558947,1.0388193971905955,-0.041350125819690414,1997.8677522937296,2515.2525199953216,4789.080697083685,0.0,0.0,51.88800609681285,-26.915647252463923,423.4910567954777,454.71491167770427,432.21160974956086,458.76967913578915,444.29440244715084,464.42188853945026,448.7423080251125,414.1037246228195,448.46278053570296,439.3347704897234,360.53356506519333
99,2165.6959699707804,2528.9688824775217,0.69946136914702,6.494888435513056e-05,0.25940686412297836,49,0.0,0.2939616467456831,40.44904272796564,-4.017270620007834,2165.6959699707804,2528.9688824775217,3831.070284325816,0.0,0.0,51.8095987545163,-26.909808174715316,304.9524891642311,367.0105344409136,343.0173269411317,362.3581668305233,358.11849226131733,375.1782256303733,372.70530187785323,351.17052323230934,349.25423478412927,351.54372942538,295.7612597376543
100,1433.8930017301439,2579.4083022575182,0.5782594626544522,0.08425149157267199,0.21709948675813592,49,0.0,0.008644331228375296,1.196304823357952,-0.1946046344048166,1433.8930017301439,2579.4083022575182,253.09498634195472,0.0,0.0,52.15151862943883,-26.889017063481866,23.980466844330607,25.303225314374156,22.390661615236574,25.006401399487522,20.455512898256387,15.31402117129218,25.0813432500995,21.935414428417396,29.003171267965417,24.615180055615863,20.00958809687912
101,1395.6132091806712,2611.103561251486,0.42329280601554325,0.4050337585617548,0.5356820553503086,49,0.0,0.007043574245692941,1.1164774414579057,-0.11962488132803316,1395.6132091806712,2611.103561251486,242.5331057430431,0.0,0.0,52.16939018591726,-26.875800490612473,23.110334578427192,22.92456342196727,18.05285918463808,23.340342488991215,22.658279312012013,21.786318461784898,19.58945947227304,16.11807807090979,20.355096745913585,27.377551817334634,27.22022218879141
102,1403.6365193639108,2618.3040952032648,0.5192488443004386,0.18940385569723778,-0.12890871054989633,49,0.0,0.01183015242599461,1.8926832261842812,-0.6926948330709073,1403.6365193639108,2618.3040952032648,286.35741529262526,0.0,0.0,52.16563996313366,-26.87280291004606,20.640321992301214,19.077256639541737,26.873959346074052,31.372887975634658,24.968529801372533,29.007658101225474,32.07670328254227,21.566952594187285,26.489345694629883,25.629290161130236,28.654509703985894
103,1854.858252791743,2633.9388702044207,0.5240072150106012,-0.31270797777058734,-0.035761082948433255,49,0.0,0.010938277701030001,1.880444078275742,-0.6856510566303136,1854.858252791743,2633.9388702044207,247.8521316410328,0.1745163347422698,0.0,51.95488327115838,-26.86626888118806,14.887424160376195,18.4543090245377,28.003327490898247,21.000426776689515,26.17244336277393,19.69207549085939,25.934392716339524,24.83133421868429,28.198628709797923,26.776009128749802,13.901760561326299
104,643.2520368750087,2722.2266637825182,0.43632815456921453,-0.2078725653952549,0.038649659212208046,49,0.0,0.01010482376257148,1.727196258881544,-0.5933542216062228,643.2520368750087,2722.2266637825182,290.73491265851476,0.0,246.21702840083515,52.520629901839946,-26.828832124486365,28.216142857849412,31.06676962930314,20.496123954046688,24.785184734143627,22.08349621534088,21.60533758924099,29.65710768900444,23.499377322192526,24.560568417165115,38.23553289479965,26.529271355428328
105,1597.5314361302942,2757.4313831585278,0.3907750405854812,-0.2565926049082491,0.5155056644492672,49,0.0,0.0062246428508033825,1.200007976415388,-0.19796033199755247,1597.5314361302942,2757.4313831585278,202.64611986630962,0.0,0.0,52.07507177307698,-26.81486658108144,18.167195068034527,16.649849368631966,22.315670730400214,14.108973876604635,23.279257066899955,12.091250669234245,22.928773244228488,21.234127406382413,19.261434442057713,15.22707792444325,17.382510069392186
106,1987.945569617944,2787.7470499023702,0.21167614965901146,0.18548438384263433,0.0662996857867657,49,0.0,0.005254370964215141,1.070149539121877,-0.07361117196470296,1987.945569617944,2787.7470499023702,276.4963342360214,1.8241322986791988,0.0,51.892826771847844,-26.802121093116046,17.430064605081053,26.30622475204942,19.72106286970735,29.50277082373327,23.19253928214857,32.94186306632332,24.399232442363807,27.59625322111572,29.290069799348917,29.071774812764467,17.04447856138556
107,2348.3985061046733,2852.36784315578,0.6929061317676726,-0.4641074931154523,-0.2125196403873711,49,0.0,0.019432936703999804,2.246727608590114,-0.878876055261081,2348.3985061046733,2852.36784315578,709.6379790647743,88.22379111643974,854.9318736989107,51.72465521262447,-26.774885195341415,40.336788379520556,53.82780236129018,70.46955967110073,64.0789369702157,80.77984325218705,60.222624161983816,64.31035604441662,72.68305060462936,76.8522269085203,73.04005442636915,53.03673628454088
108,1307.9588869636339,2886.148896820394,0.49567080079464526,-0.5760353401310703,0.10271930311423198,49,0.0,0.01510164347563763,2.587333702507046,-1.032131114129117,1307.9588869636339,2886.148896820394,301.88718139664996,0.0,0.0,52.21019372960169,-26.761173145735082,16.010143626725977,31.69310360097858,27.564724600041117,30.791472372634914,27.850116225395254,24.760055011351007,39.60444910754788,31.13022792898238,21.3324915450845,28.209356942103447,22.94104043580492
109,1777.9148437708634,2905.275030822703,0.46298020491578246,-0.09757811365730672,-0.09219705569836692,49,0.0,0.01579700832767462,2.303058460350485,-0.9057624053593277,1777.9148437708634,2905.275030822703,762.5500024750665,0.0,0.0,51.99090499108786,-26.75324597135399,66.52348232228636,85.05817721502271,62.8282864773139,77.43051774804411,56.784814046528524,69.9752303897892,68.32964553730265,74.52608201377281,76.27720099467516,58.160203759899616,66.65636197043156
110,1787.8323636726577,2919.186701035773,0.5777381748139003,-0.2647169906163283,0.18129845865196667,49,0.0,3.7505270214817137,547.1935058213222,-6.845352336168396,1787.8323636726577,2919.186701035773,70090.99830914724,0.0,0.0,51.98628207290903,-26.74744721377826,6038.14608703611,6455.525862271224,6343.42873158649,6572.719201224834,6566.654978124527,6682.530198486385,6511.809669169748,6534.2787611424865,6446.071900209208,6389.091835494165,5550.741084402049
111,1757.2838515424678,2963.6317395679707,0.6600522646243311,-0.2963239538097639,0.11743152639254903,49,0.0,0.008671719274193595,1.1792383070600312,-0.17900394654390894,1757.2838515424678,2963.6317395679707,225.8860271168516,0.0,0.0,52.000547240099856,-26.72893824983094,18.355926710702796,24.418561713110314,20.25392000459616,22.2350334335703,16.322301787985428,26.515447943388928,21.121013005508924,16.036399893666403,21.664299952840086,23.869193344587643,15.093929326894642
112,1394.933182081135,3040.2350758000944,0.7970516532096016,-0.2839402707089112,0.09457485951498591,49,0.0,0.010091821989545589,1.2137403691436894,-0.21031449216276715,1394.933182081135,3040.2350758000944,172.8421265691045,0.0,173.83724927623823,52.169554017963904,-26.697010068936166,17.119588584165573,12.544281130149939,15.063902163268375,13.187658910159326,12.889842798599428,19.87164937255653,14.508248061335593,17.27932869307918,16.8166408102121,19.00123763423914,14.559748411339307
113,1554.5068140791184,3173.447452695212,0.7105643552722389,-0.09938020099164593,-0.05156626788180423,49,0.0,0.14971461423833154,23.086978538904113,-3.4084177480851148,1554.5068140791184,3173.447452695212,3520.808199056591,0.0,79.54390558255878,52.09512462734382,-26.641542160545164,809.6635126989318,0.0,1609.6489429300061,0.0,396.5490679292825,0.0,0.0,79.03895013150719,170.05735682382775,4.695185823067293,451.15518271996854
