id,xcentroid,ycentroid,sharpness,roundness1,roundness2,npix,sky,peak,flux,mag,xcenter,ycenter,aperture_sum,aperture_sum_mask,aperture_sum_edge,ra,dec,aperture_sum_0,aperture_sum_1,aperture_sum_2,aperture_sum_3,aperture_sum_4,aperture_sum_5,aperture_sum_6,aperture_sum_7,aperture_sum_8,aperture_sum_9,aperture_sum_10,aperture_sum_11
1,1303.684225775429,77.08754521247934,0.738922424539445,0.3570193794269764,-0.8219864566629336,49,0.0,0.03264796956084318,4.660357758569094,-1.6710481429098543,1303.684225775429,77.08754521247934,596.0020816038293,0.0,64.77716085563772,79.39867781518186,-49.68126716532779,41.222642912799095,0.20789211863726575,29.409702400709154,60.4842706174004,155.6940244360846,0.045395059621201196,87.75868350918417,10.704163618792915,11.375071612866005,182.59625195530475,16.503983362429736,0.0
2,1305.3835583450216,97.44370814064152,0.464669493579906,-0.3250807657003713,0.2384444567816924,49,0.0,0.018362620440089874,2.4070969445016384,-0.953733953994881,1305.3835583450216,97.44370814064152,1029.8773686455934,0.0,794.6483370665029,79.39755076267753,-49.67278829951506,93.78575175619483,90.41502620109804,86.95248184496728,76.0746217183248,81.0145100225087,84.07268084923132,73.60730935416171,145.4742390218742,71.37487945762672,101.03673802510295,126.06913039450282,0.0
3,1366.5881992866882,103.56154819580883,0.32078741029382035,0.08500604861346604,0.0376482300998367,49,0.0,0.02230025752117319,3.823863377294348,-1.4562559174652194,1366.5881992866882,103.56154819580883,1219.9704671863608,162.24863750188084,1189.7355613855311,79.35813911257138,-49.670297293074846,91.08648579910454,86.07611455862352,88.3839446543227,115.1132230608656,113.95634199634996,94.85283991440096,112.84957872417121,112.51637129836035,153.04122895881812,117.25393441833302,122.64155291803723,12.198850884973561
4,1293.2457960604697,103.97238064037579,0.6426070900792027,0.1440282331596952,0.1713079459971024,49,0.0,0.24191822060267207,29.326527074876445,-3.668151589302685,1293.2457960604697,103.97238064037579,5890.41943902578,139.46890372410166,5292.3881697019815,79.4053541311258,-49.67005531139146,666.3273431546779,567.0301109866591,493.717440956671,491.4098304006398,487.6433975542458,475.6592792382788,469.28888588029963,495.6692102454628,561.1700853805444,570.9399199043194,597.9930962823304,13.570839041651004
5,1817.032009923632,107.14394161509075,0.3827740379443497,-0.021353806387192135,-0.14791708852544308,49,0.0,0.02829094749753652,4.097591377698001,-1.5313216181673637,1817.032009923632,107.14394161509075,1611.536798812326,0.0,1549.5270580577244,79.06815863799812,-49.668818779235906,129.15822357373878,148.62064300185446,147.2845007650889,133.81933226029648,144.72980744713198,152.43312751461096,150.05410093478912,146.29380479649097,146.07682486116497,129.19493977786567,131.80349956703662,52.067994312257014
6,1508.922516516969,112.33778465135339,0.35267683027426217,0.27796629038368253,0.13332910467397688,49,0.0,0.011421834416177284,1.1432423949148303,-0.145345802613738,1508.922516516969,112.33778465135339,1530.7936219704834,0.0,1474.7974605394734,79.26650349824925,-49.666723628259376,53.56409750590254,89.28505749281874,100.03190143091473,137.0875404970255,131.5916011061387,151.04665716393254,191.00067815784183,150.58174219565024,131.0306607041997,164.5632083095776,145.5938813411904,85.41659606529076
7,1799.8526570612712,111.70803717144287,0.4732033036102653,0.14635783143424025,-0.3844227774057331,49,0.0,0.13399883177502725,17.744583186025636,-3.1226645059496496,1799.8526570612712,111.70803717144287,4770.620349101646,0.0,4588.04253650166,79.07922288256962,-49.66693004916237,428.73733343711444,415.01572575228795,446.85499460628444,387.9641500886969,407.7087206934425,403.6965651939705,426.570558347472,460.4634191822109,432.121372609477,427.38363269831524,409.28834129259997,124.81553519977479
8,2000.9529648614002,115.52586766924566,0.4302890865627324,0.09221907553054566,0.2050810541890953,49,0.0,0.04867857923291048,5.469833842142085,-1.844935334783835,2000.9529648614002,115.52586766924566,2843.32426136332,56.74580866155816,2659.794761391062,78.9497779683895,-49.665124280674476,283.58517129492316,277.26773050863454,315.34262164479156,263.24169743596127,255.93793420827438,231.03450136431024,244.40578863498993,235.03957039469833,225.40411290246686,246.28057785733847,258.2738841300759,7.510670986855521
9,1534.7455264777352,118.66554282478766,0.5630445014631906,0.19183387045593536,0.3285081812178678,49,0.0,0.04105192621448095,5.240754210041697,-1.7984844797154989,1534.7455264777352,118.66554282478766,1629.5747546668977,0.0,1583.9979244827382,79.24987821865115,-49.66409461919597,133.164392659932,167.5367080133712,135.39000353811232,165.6995420909249,142.482020458286,144.9117855475667,158.22025874667094,142.27904313886245,138.8030914277594,122.7097493188581,128.62261870811693,49.75554101843687
10,1736.2424308644395,131.67777784876395,0.5596320137250727,0.2009617216937638,0.010494663949223859,49,0.0,0.04569077818079681,5.882990359610753,-1.9239953417865308,1736.2424308644395,131.67777784876395,1739.722017883243,0.0,1582.5517481217805,79.12018550548822,-49.65864832625836,157.35952627067746,152.31928201572765,148.9046363773312,166.65780793758097,142.92434744658158,145.5454229762367,147.55022319447428,160.0006492305787,162.55450829157286,165.9323829261719,148.03143348581898,41.94179773049078
11,1483.8754644619016,131.9333180693235,0.6303598775302366,0.2138555976323219,0.006047982928872071,49,0.0,0.03530229825767489,4.183384886224226,-1.5538195576228209,1483.8754644619016,131.9333180693235,1507.3802826965375,0.0,1441.953635507546,79.28261450872127,-49.658550469075,139.61999220258366,138.67719324917522,123.66472206483328,116.6763661827901,132.94983763825826,143.22756430392536,137.69920820434584,133.38630247180433,137.0207491780884,126.6757908792427,134.90376058532343,42.87879573616661
12,1530.3032550721473,134.30067428931966,0.39665101966974947,0.04596134041932253,0.06921135984954235,49,0.0,0.010475822996737164,1.223583648540487,-0.21908416155455318,1530.3032550721473,134.30067428931966,955.9333898391676,0.0,878.6356939265568,79.25273168877278,-49.65757965415616,86.83420445177913,69.82376801880127,89.72761260646642,95.54890258581379,96.31612861526611,92.96519641018976,73.66382867228263,98.6504025585173,74.39779566644354,73.63271527423632,75.62963453589883,28.743200443472453
13,2118.8529745080505,135.04507316780234,0.800654715533746,-0.8565210809634093,0.04449349214419551,49,0.0,0.021684064367064458,2.7284256427933005,-1.0897803063620577,2118.8529745080505,135.04507316780234,861.4571885489947,0.0,395.6584101415483,78.87394165225557,-49.65679909064766,39.36209226889305,57.05169207157155,99.29791743312097,70.15234779504284,86.18917588790657,123.81201175506146,36.82621950609294,49.90257863569634,56.4479861199396,131.8287620588923,43.81501346782291,66.77139154895424
14,1981.089618062486,139.63360760556714,0.6379491304097192,0.24437895181681196,0.3540123648560214,49,0.0,0.013312121898034674,1.2219960746544232,-0.21767452712586882,1981.089618062486,139.63360760556714,1137.3683168911493,0.0,1078.2491430882649,78.96261409150107,-49.65510831024641,90.99920519398928,92.88265953351475,87.4790378076266,98.82796956331316,101.17325719568754,103.67180365247707,99.62568961349983,112.36447932227856,111.68670471137207,94.8102647726853,100.06605615714429,43.78118936756074
15,1864.0537150126213,141.96545944799357,0.5089754553430311,0.36781753851043425,-0.12081104433228707,49,0.0,0.02575366686807236,3.57279941919683,-1.3825215878184403,1864.0537150126213,141.96545944799357,1301.8869379569187,0.0,1219.6865933603951,79.03793840814009,-49.65427126841114,92.71541016234221,103.42160020196728,106.20461841817838,138.43785721609422,114.17318487864497,114.12219666451709,118.38201340445136,110.15277557640694,121.00783113021357,116.65024189879037,133.10703630052737,33.51217210478497
16,2094.896300560809,145.11331729777507,0.6955619759740254,0.21545246658904693,-0.053487250094890866,49,0.0,0.04956090034220887,5.0661961727509714,-1.7617050062210722,2094.896300560809,145.11331729777507,1863.4070297252078,0.0,1676.49896837496,78.88938696375615,-49.65264779809273,186.48324807073317,178.61903656693204,164.2885470084097,183.80711989126678,166.97337572710447,149.25620924797303,165.51250928255024,155.96372710487387,167.06657824406662,173.4945970947734,155.242624800727,16.699456685797458
17,1650.815881368017,147.478584850618,0.5522937960711617,-0.2064963182073936,-0.09421975079341335,49,0.0,0.026281199541881423,3.2415375120480996,-1.276877629386278,1650.815881368017,147.478584850618,1372.989232079623,0.0,812.5745878573034,79.17517230528216,-49.65209375084277,106.83002331737934,126.34121012784237,109.85468948809671,111.90143166842921,131.43820631595062,130.2425000075874,115.01734144172283,112.72762197115853,125.80335529305583,110.28082728909109,151.51164918839066,41.040375970918454
18,1910.9300311286227,151.1235945923428,0.4305754964300381,-0.4797362486682511,-0.12486235730629998,49,0.0,0.009749099111190396,1.0971571537696598,-0.10067209794018811,1910.9300311286227,151.1235945923428,915.4575965335016,0.0,835.5097055670208,79.00778618271424,-49.65040784424096,76.98397874350836,77.55478066639148,94.91157250359778,80.45331114133145,92.44450647559745,68.26375421978337,78.06140534560573,77.38695258859117,94.88026212691362,83.22741820390563,75.92944937960283,15.360205138672727
19,2162.1735940297976,149.83004342223794,0.8938109543162616,-0.0220117677531918,0.22340278099615238,49,0.0,0.012180427184351982,1.283712038948456,-0.2711690353420204,2162.1735940297976,149.83004342223794,645.4455271666707,0.0,390.3494164063208,78.84610664747537,-49.65055605410228,54.91471775644267,31.125480303966924,42.18447980910635,40.04704522811629,74.59963990520727,65.60916786588119,77.70693865308922,42.83426811991795,62.35895383403654,105.68338586350741,48.38144982739878,0.0
20,1361.7397530235412,152.7901450222901,0.4888950778799291,-0.0008683917580218062,0.015952290514714803,49,0.0,0.4077982995612752,59.31910089805089,-4.432986399469149,1361.7397530235412,152.7901450222901,10586.359662990617,0.0,10071.749818990502,79.36119622387406,-49.64978371285719,890.5369894770183,942.5155408538794,882.7294456313067,927.2703680996585,948.2004786360756,901.7719239626615,951.3643908422317,1023.7289059325994,959.6788495368446,915.955696511763,945.9410356332123,296.6660378733671
21,2003.7879509239935,157.7384711297114,0.42942643595930347,-0.18234776190949673,-0.4259686566636863,49,0.0,0.009703895242094647,1.302055006020775,-0.2865733290648588,2003.7879509239935,157.7384711297114,940.5861142449074,0.0,903.4323068819342,78.94804604028496,-49.647533802511425,80.79512693308502,90.27254664137303,77.89575049175444,87.3528432648288,80.73940019653597,68.19038696934602,81.974124098315,84.26832462741493,94.60684010299335,85.8371182409044,83.62987725316873,25.023775425187832
22,1565.9663850956347,157.95905267619045,0.43472089492557325,-0.44942858293484383,0.1677803590455497,49,0.0,0.012306628837670147,1.365580240464308,-0.33829306010375865,1565.9663850956347,157.95905267619045,1130.4040045427546,0.0,561.0012829860274,79.22977412382029,-49.647729761576294,86.56741347399883,103.18019931039777,116.88831989522564,99.5939105797004,114.20312112063722,88.94702956008175,92.30574373344392,98.64898331028598,94.11937588196471,97.2735583867601,101.63621199764431,37.040137292613856
23,1251.616021946284,161.21784074332305,0.6932845324977563,0.26915869728638997,-0.3686584520717807,49,0.0,0.021119210176237826,1.7869826584678656,-0.6303008449347081,1251.616021946284,161.21784074332305,1406.6591725671062,0.0,1357.8812728129224,79.43204490842999,-49.64615719600853,114.91427743183544,136.9782184692416,123.42468645706477,132.2046218567162,122.51351967589774,123.14945422179855,111.03381031291542,134.2727738939871,118.71355406416993,129.0083581662282,126.15689844279225,34.288999574459105
24,1588.9357641203503,162.74803437022075,0.5138453374888214,-0.20658595239533661,-0.3059185605679856,49,0.0,0.009613472078753712,1.1056655481031654,-0.10905944359842977,1588.9357641203503,162.74803437022075,926.7705960737284,0.0,357.9200403851742,79.21499348911455,-49.645736459284876,76.47641647926793,87.36721937636256,73.95896472538708,68.46901532158142,93.61857056536343,83.22352899086135,92.14358583371362,83.1737367943515,81.35573367990332,73.12396592976212,84.72309108950915,29.136767287664963
25,1432.8486073755744,163.43659046153297,0.5809720426287803,0.025538857706387284,0.26362530912989585,49,0.0,0.027230242525671296,3.1038421995518934,-1.2297490836513327,1432.8486073755744,163.43659046153297,1320.4943515849136,0.0,724.1334457559702,79.31542759866655,-49.64539972054986,129.13211481932862,114.24764047186278,116.7786550959772,96.58315809114971,99.58949159354088,110.89501906007806,117.89741969508981,127.8341160746769,127.7431661058728,140.34636189449446,119.30397290335586,20.143235779486435
26,1574.3207246336606,165.93380376309878,0.48729849672083325,0.395142967679416,0.09154457297056393,49,0.0,0.027374172664906812,3.8200139787625895,-1.4551623803737406,1574.3207246336606,165.93380376309878,1309.6755089868789,0.0,490.47509404430974,79.22439713554051,-49.644408216738626,103.13447912932256,115.90780464277611,107.43832050270582,111.0187339828758,113.90788916465007,103.76261256681902,115.87275421342781,135.39589755314887,112.27771345076346,124.02577569944886,131.33838377424524,35.59514430669538
27,1457.2716880737667,174.89382119380568,0.6506558234835002,-0.372179595751875,0.0017079403876669,49,0.0,0.013999470800253256,1.48688856246836,-0.43069605190574,1457.2716880737667,174.89382119380568,956.325524364797,0.0,347.8046124453186,79.29970366059338,-49.6406399341091,88.65472164828397,83.66412260692701,84.49892573457446,61.90804882791105,102.8615331514626,79.65333854279905,94.9483177067774,79.89561025636942,85.16074637098184,87.35453278961953,80.6366167578966,27.089009971194148
28,1646.5673233174787,175.76343228375606,0.5158804958419322,0.1453387100536853,-0.09801329921797705,49,0.0,2.844694043105654,399.7893654112999,-6.50457809373603,1646.5673233174787,175.76343228375606,70957.41896044495,0.0,8663.211174504657,79.17791352059103,-49.6403104198273,5905.296451748051,6227.529632231599,6194.41367024948,6253.058222090956,6359.726961882011,6299.1662913513865,6476.179869383286,6417.668386434404,6340.938284721102,6308.955559870354,6318.240501966081,1856.2451285162563
29,1754.1488051154704,178.63836752409944,0.5030440268091058,-0.343272322882233,-0.22780743136108716,49,0.0,0.009765774538798767,1.2034913283164153,-0.20110741334960433,1754.1488051154704,178.63836752409944,961.526711526416,0.0,146.1738498258234,79.10869995880759,-49.639074361543116,101.13616438062607,95.98977698139049,85.49424165659417,91.6131466702497,90.70380102237593,78.98013418786542,78.62577745524672,73.13141070893141,89.31167393348304,88.56626227178158,64.82215579953886,23.15216645833253
30,1282.5012673019005,180.078434144944,0.45380208480558004,-0.12800120097451576,-0.030358260234227347,49,0.0,0.15849352525006116,23.7671975055729,-3.4399449379532134,1282.5012673019005,180.078434144944,5288.0575221323015,0.0,4412.74598720042,79.41213897454372,-49.638336236158,416.20412919101045,450.0130041414262,464.5753819357392,466.90433426213025,456.828459374285,467.2920585997375,474.1728503342441,446.0288034014094,519.0751517407368,506.7151902844996,483.144356607929,137.1038022591535
31,1563.3479889112052,179.95825534249653,0.8444744981518276,-0.29330440134641195,0.09181736955005923,49,0.0,0.013120639756382382,1.0891396578765888,-0.09270892977583765,1563.3479889112052,179.95825534249653,963.3196384850613,0.0,102.557599951429,79.23145454875825,-49.638564086592034,80.32790049860631,90.9245765851565,72.58916169486336,79.83034761311924,95.58654307702278,83.73929686783339,77.60452781118713,82.00430907095449,87.7728549359386,82.97201214277283,92.37631005098955,37.59179813661711
32,1824.1215502312762,178.7769194051867,0.5998859857316686,0.1854403372903185,0.001908782963787301,49,0.0,0.013377344613126391,1.3131211386756567,-0.2957619816966864,1824.1215502312762,178.7769194051867,1162.3587609008478,0.0,301.84805447546,79.06368217401598,-49.63896958406993,87.67395154399759,80.04286249860161,77.21079588822448,107.95683791874639,106.79644370962401,94.57046735947243,115.30934260180328,96.32269897370738,116.71480975252919,125.14401360720458,127.23886890200711,27.377668144929743
33,1776.520249264616,181.50828873054235,0.4502328444221658,-0.13997830218004811,-0.20888075326938788,49,0.0,0.061078860463895504,8.953271689835558,-2.3799544087376048,1776.520249264616,181.50828873054235,2261.491361147222,0.0,305.44951595808925,79.09430971446523,-49.63786554514861,162.4115810608866,199.88445946779956,179.84771366311816,231.6591568782956,210.69185392134887,207.7423943383045,195.9439463775227,192.14312796797293,193.13114771907738,198.29817544100916,227.94059248514588,61.79721182674063
34,1281.9670963932963,185.3794325030955,0.6719561280077009,0.009976017505922096,0.5670685459793463,49,0.0,0.03847274852651717,3.729468379511374,-1.4291173232888874,1281.9670963932963,185.3794325030955,5161.546819003051,0.0,4219.395471016644,79.41247342181748,-49.63612712955521,401.6380525308872,432.59107680466536,459.38416665103557,458.3971356184098,455.7820528643073,454.64922769669977,465.8464126288514,438.1043026723957,497.51334886407034,495.68841083756814,464.3008240666016,137.65180776755903
35,1364.5930816873101,194.79617056588728,0.6013953372281208,0.05152472140056258,-0.2087004992037744,49,0.0,0.018365382574203993,1.7871722275178477,-0.6304160173251755,1364.5930816873101,194.79617056588728,1223.598894660536,0.0,401.76449681913385,79.35930602545137,-49.63228556201854,101.49177448293722,93.63737785906909,117.64081979779556,117.64367875864052,123.60972556503387,108.34646978212835,108.66205721748221,111.55133943530646,97.28003920121705,100.4914297743225,108.60416717974958,34.64001560685357
36,2060.8675164611727,199.27273819349008,0.6986163366352043,0.01956654053265886,-0.1892872640256154,49,0.0,0.020724502737442058,1.789141578291473,-0.6316117712589848,2060.8675164611727,199.27273819349008,1465.9665856939612,0.0,1091.630359282876,78.91142160774594,-49.63014204321307,135.12446917656126,126.86443812412172,131.82869201178386,117.74634531235515,139.05439305603804,112.25003435685895,120.6099008310724,145.91331256341584,148.24438407202504,126.83450105705973,125.2305898811922,36.265525251476944
37,1604.0474104533419,203.24377869043872,0.6275037957942547,-0.1148235734581379,0.17725941018252178,49,0.0,0.014807150586310592,1.5121603493266345,-0.44899461537222307,1604.0474104533419,203.24377869043872,1089.4542582204635,0.0,0.0,79.2052706273315,-49.62886524141266,114.68223532828841,89.57359651603224,92.86021864905089,94.05513916383985,83.03102042308477,102.53135117999147,113.05371043474108,85.66234359879593,97.20826145390305,93.7449631489453,101.47362917560142,21.577789148189147
38,1406.2006967336583,203.7346235409908,0.35779831856372696,-0.41317320860811624,0.11767983497535339,49,0.0,0.00787581205956243,1.2132751443168508,-0.20989825135900128,1406.2006967336583,203.7346235409908,817.3161106814464,0.0,19.19255256986102,79.3325314089002,-49.6285934998513,69.21530059508697,66.3232546389076,86.38028362374072,82.91189393032269,71.57082324068487,65.8806381031283,72.50323907665754,71.29819978157035,81.87855074860587,58.976251718712724,69.06755771618045,21.310117507848258
39,2046.4880632047295,205.56069847380593,0.46518218457469723,0.2984435301780338,-0.15676970217785047,49,0.0,0.031393934684350665,4.418559494132799,-1.61320176742503,2046.4880632047295,205.56069847380593,1496.8304752689105,0.0,863.4324717722354,78.92068631031165,-49.627545585925965,112.78976340139681,153.42368751583922,141.7802057004974,142.0174187370568,119.3288407634682,134.34995580353694,129.0199302604999,113.75933114951498,142.2646962430296,126.61630933904291,145.21295186423993,36.26738449078783
40,1616.1308047277116,207.1582504849052,0.49040388750163266,-0.0735045933827565,-0.15059259319508989,49,0.0,0.017418788497580127,2.20052103360023,-0.8563138102670156,1616.1308047277116,207.1582504849052,1117.7953699676195,0.0,0.0,79.19749852532757,-49.62723396652473,106.45377946373344,93.92110036357269,98.72908274243127,105.58321295961167,99.01197237034333,106.9143429282465,92.41070523641267,86.36380113177705,96.57397246983314,97.8070189965958,99.59512323085815,34.431258074203825
41,1894.9927964261844,217.82139676682047,0.36564565150013206,0.13384399251851178,-0.4074001743936614,49,0.0,0.01066577865893675,1.5258372977177883,-0.4587705665659103,1894.9927964261844,217.82139676682047,979.2747866447708,0.0,0.0,79.01814910606933,-49.62263738179455,87.4284172359008,92.05339540174354,88.56381821578867,88.14401897451692,95.97367335637834,85.66613610675591,69.85136837977265,84.19115761083714,81.75158407450019,91.79220086894114,85.20244163392576,28.656574785709786
42,1911.1362350863008,217.8929627357413,0.9747249486253187,0.12014034102597437,-0.39102779681912503,49,0.0,0.024893883758353143,1.9619790788728784,-0.7317359301652436,1911.1362350863008,217.8929627357413,1154.474893777364,0.0,0.0,79.00776664077846,-49.62259016352679,93.24767044202352,109.03836705690547,103.4994433845309,100.30807770986931,103.02902112261899,96.01624452088708,100.31261555511668,97.52221842007704,114.23568770132513,105.45592829909731,104.26218350430418,27.54743606060851
43,2298.000894252826,221.64723167852682,0.6997440312029541,-0.26976215073107374,-0.458785571666642,49,0.0,0.011306859150976147,1.1328335352323398,-0.1354152423516575,2298.000894252826,221.64723167852682,903.830761677541,0.0,765.9965959196211,78.7589761319494,-49.620331336101444,99.05042184032558,80.37798194977701,85.76972015830475,83.00677626254215,73.528736715459,65.12987769370041,70.97429658403325,107.48955479544361,82.32571175967469,62.907599591659576,87.85489869524854,5.415185631372365
44,954.7166036103334,224.00890785539153,0.5808531483565371,-0.14600886367729166,-0.4970204528552248,49,0.0,0.04068356949363278,7.27540777665395,-2.1546433498794313,954.7166036103334,224.00890785539153,2324.412273711137,0.0,185.42130086041755,79.62286111903245,-49.61947117321172,57.46088534038908,64.46104360763755,329.8553852228096,272.10083144639947,224.93900091921114,301.7896629403168,509.4034877611515,114.69590939236917,17.284072697192165,80.40914846315637,352.01284592050416,0.0
45,1321.4095334782476,228.83525648474006,0.29076981146694986,-0.09189158628155818,0.01299722252195822,49,0.0,0.009638275760186483,1.222720028876839,-0.218317565662495,1321.4095334782476,228.83525648474006,976.0047899526867,0.0,0.2708497876864248,79.38703305478299,-49.61806449400153,86.86106019491366,93.05497708863618,89.94732787009968,81.31601486394436,64.7369590877165,81.04334014448708,92.13646887735166,87.88293809669241,88.82894432777684,94.4474857441307,91.1283663350443,24.620907321893284
46,1878.6717938946924,230.0223401282838,0.522059307949717,0.022617984421291648,-0.4112234443765196,49,0.0,0.020553317713118524,2.341741496367062,-0.9238473795974358,1878.6717938946924,230.0223401282838,1267.0230646847053,0.0,0.0,79.02866440807124,-49.617570839201726,84.6077300900304,110.50301733124749,114.38068662101246,132.11269423556988,106.70240813070723,113.05939667018623,114.91488980237254,110.07711605612235,111.71819882246471,117.73017146087686,114.13250568171637,37.08424978239876
47,1179.8969468340515,231.45818608841765,0.6149776574108673,0.03661761012573703,-0.032801795397455404,49,0.0,0.19138033832186413,24.95433690280886,-3.492865085247168,1179.8969468340515,231.45818608841765,4852.505790119441,0.0,2553.4950997409887,79.47803141218539,-49.616795369660046,407.7770621340129,440.49242079002573,451.70450624268005,458.8024837942057,422.56360184337507,429.676151059618,434.8710400078423,437.419928969121,384.00396187169446,412.8003406989193,450.1605143824782,122.23377832546767
48,1119.4548987532637,231.89895523347803,0.23968757009038372,-0.07849707569154084,-0.3787655082443574,49,0.0,0.007839367604398371,1.0627148411387148,-0.06604186419193045,1119.4548987532637,231.89895523347803,1015.4919715234876,0.0,901.3582410306681,79.5168982705139,-49.61651467519129,99.59707358180202,93.10631414667115,91.55507275460472,77.42830643525565,94.74755822478534,94.49421711330683,85.78892265756383,90.67372218437595,92.16711145649433,94.72948034308097,73.93775164456844,27.266440980978484
49,1170.9579718659722,234.691673682258,0.5922217265813035,0.30706852824629666,0.17551348286148835,49,0.0,0.057444127412682545,7.320171622124355,-2.1613031581336295,1170.9579718659722,234.691673682258,2883.777119511009,0.0,1526.2744467107282,79.4837721773493,-49.61543469705367,238.02366451368346,247.64492599674463,271.0126091524,249.91635803574556,253.2248848816164,266.3674106783134,264.0516156407174,259.2334450756538,255.76357657289591,245.26409398113765,266.387257029949,66.88727795215193
50,1926.141463800473,236.82016447616758,0.5989008286165385,0.24391482559288508,-0.09456750771338848,49,0.0,0.06101981101555581,7.766142536210645,-2.225513392811218,1926.141463800473,236.82016447616758,1886.7741285426255,0.0,0.0,78.99814970729972,-49.61468766002911,153.7926526241793,144.81469668490354,158.85821998583756,178.24435968671037,158.39060838635703,170.785050438282,171.78134956721559,179.7798541929667,183.71989915821837,176.61558923172274,178.44773164301708,31.544116943215485
51,1009.5048379814759,240.39669595773347,0.38590330841371395,0.06149213905441745,-0.6541474994069807,49,0.0,0.012075407868875938,1.7453131496265788,-0.6046834019534744,1009.5048379814759,240.39669595773347,970.7483044187638,0.0,912.8309252669346,79.58757463814499,-49.6127644476184,103.4841969651556,86.66371187198908,76.26378392459505,87.18925216115312,84.08159348706417,93.82763084715612,79.5651510325836,82.81379829595045,91.27668121924685,70.37696622562433,93.83743682249872,21.368101565746805
52,2408.3505087067533,240.25164192000597,0.8363155936292546,-0.1671921044337163,0.2642621768029731,49,0.0,0.02488576701427591,3.193300852069823,-1.2605995921822384,2408.3505087067533,240.25164192000597,439.7129246647886,0.0,133.28388418042033,78.68809370994424,-49.612284697657984,4.290465060621214,12.850466473210888,6.490843927640004,55.663534126383965,138.04740702231874,17.592730282019843,13.16328904633237,77.66434349805145,79.32937805552336,13.526492211549808,21.093974961136894,0.0
53,1444.7422540105808,241.56706643874975,0.314994575740721,0.29705436192240975,-0.17856580385762238,49,0.0,0.010456815325670166,1.2705274881013837,-0.2599601638272619,1444.7422540105808,241.56706643874975,1048.3419356197462,0.0,0.0,79.3077082864916,-49.61285562780906,74.9926733189796,103.50016498045164,93.82631873002883,81.00960064344453,101.99490359144596,89.17684227585829,86.58280218374408,107.92973624527099,91.65341179359142,91.41043573801319,96.76957573293475,29.49547038598287
54,1357.1328089598917,245.98446402675887,0.38943882262659224,-0.11542901919075343,-0.3387334896842965,49,0.0,0.014791153551651436,1.5788945427927308,-0.4958828091678622,1357.1328089598917,245.98446402675887,1354.8127079455558,0.0,0.0,79.36403710569269,-49.61095296203556,121.07121686762076,119.48206490511845,120.06112375016873,107.03636499622917,118.81701364311238,141.05390418492328,114.58619133594672,107.43405045701174,118.90736519901925,120.81724062356827,121.59767187791192,43.94850010492513
55,1719.70958268583,249.37701907466365,0.9432281010298437,0.092147141559225,0.21704040852828893,49,0.0,0.012448594130449495,1.0561583973280702,-0.05932264096512889,1719.70958268583,249.37701907466365,940.5143046538553,0.0,0.0,79.13090294935718,-49.60961969599118,92.06781153670775,93.06224430992297,85.69881394883625,82.75302064480049,86.09823899065259,88.71533392405902,80.57333500596256,83.12755995346724,72.99863850665119,72.79588318989275,80.18502614146509,22.438398501437455
56,2316.4973805963027,251.50997443917043,0.5156869747407616,-0.13933442991013995,-0.10535974119604344,49,0.0,0.15134999875681168,19.672286447870828,-3.2346370988305075,2316.4973805963027,251.50997443917043,4814.966581544306,0.0,4462.8350644125785,78.74719772797543,-49.6078435788351,394.3600504520962,420.90556268731507,435.78040430351143,361.34875582505896,419.4995607383955,471.1075834526443,451.1143796041142,433.17116163912755,417.9281128822575,434.3388833238403,437.12652154569923,138.28560509024604
57,1893.1459456962782,253.6859216711658,0.5638415606396571,-0.006095375818379792,-0.16168424382889102,49,0.0,0.039137455508795056,5.055050116483721,-1.7593136640136129,1893.1459456962782,253.6859216711658,1475.6755973900433,0.0,0.0,79.01939411039275,-49.607697313118855,129.0562425037539,150.39083290827122,122.87839372859726,146.78921106298537,127.39319651922878,134.16118597272154,108.17011689962092,132.53042150914828,132.47783927309632,124.57248308320331,126.52658893067543,40.7290849987411
58,2099.543013600182,260.4054414831617,0.47493294796061425,-0.1308899064704017,-0.24260338892051228,49,0.0,2.1756870831183845,306.92667803287947,-6.217586597251932,2099.543013600182,260.4054414831617,61438.001474478515,0.0,103.84989143942587,78.88671044710141,-49.6046068929706,5044.208330598503,5458.68833264159,5320.239633006501,5536.340134455637,5527.477626547639,5570.330259150294,5519.915802312891,5435.181872749794,5514.105391312243,5534.876561537273,5457.804903896246,1518.8326262698915
59,2197.06399109425,261.0145390529258,0.5268909830288896,0.08962482355678188,-0.3338531894854518,49,0.0,0.0281066907765907,3.760148075049998,-1.4380123695737226,2197.06399109425,261.0145390529258,1328.9568339428301,0.0,737.981001876172,78.82401649591206,-49.604162921211895,105.37600936146205,115.05877183069566,125.63573861202048,123.31614030926019,110.18189647904092,127.37216623448586,108.93563114099372,125.58153437849293,111.22682210358133,104.88644068412493,137.12484301742234,34.260839791249744
60,1312.3069908957887,263.89529267123856,0.9016773529619019,-0.5496534353285184,0.22034773050286038,49,0.0,0.013104603123420659,1.0360249093431801,-0.038425493398133115,1312.3069908957887,263.89529267123856,1044.1339013340407,0.0,0.0,79.39283171452483,-49.60344844059985,88.58892924107161,90.02790240235821,113.13529001389547,84.68445236391432,85.7740075099075,93.56025294390713,93.35994250128198,73.92015817836437,93.73899742023775,91.68688254151266,111.47046773132098,24.18661848626855
61,1040.4708943840938,270.8121300372385,0.43434170921132215,-0.2682316715025312,0.26988860579842827,49,0.0,0.00956678815008475,1.1574775634788737,-0.1587814535408365,1040.4708943840938,270.8121300372385,945.531341163864,0.0,757.4167407643641,79.56757054595221,-49.60015628147901,78.16322915448146,81.72177377756532,92.77112426761502,89.10193444428367,68.35308325385549,93.13910002835968,79.60150390629357,84.2726434984784,91.83797333055762,78.57703345977825,86.35291349732479,21.639028545270747
62,1616.5222151418905,271.9383049714734,0.5162569643130717,0.06038295510058834,-0.08414854439306801,49,0.0,1.31807104225832,191.45014290652642,-5.705139237149233,1616.5222151418905,271.9383049714734,30045.118409826566,0.0,0.0,79.19725242281517,-49.600244899669924,2462.9418041944773,2569.4252692846603,2681.839284345915,2600.766944735813,2786.7159240019064,2744.4516685942563,2712.8234101413814,2785.3845870528385,2622.760395096466,2617.897746324754,2696.75259488969,763.3587811644035
63,1480.779262997259,277.5198111821656,0.49576973779002587,0.10002178226758648,-0.029829687446703914,49,0.0,0.14410445849553435,21.024364650096846,-3.3068072010528504,1480.779262997259,277.5198111821656,3989.7939494221982,0.0,0.0,79.28451223240388,-49.59789443418653,320.07352897808016,362.2827681872286,341.2843458066317,356.0087302764344,357.32074990888736,389.71408030456826,366.6260504958875,347.68261050954766,330.3324362400133,364.1758043842849,349.8123265727885,104.48051775784643
64,924.6303217478965,280.57918689890465,0.2470786793539775,0.5331050703451087,0.08516661342683994,49,0.0,0.005115855251865938,1.0931284956020952,-0.09667803902548672,924.6303217478965,280.57918689890465,683.5501073913692,0.0,602.0412462386861,79.6420007947536,-49.5958323349097,60.32766068116463,43.875121105100035,57.947352231461785,70.05387654118901,59.802297849166834,50.967239065235205,41.449126974723136,62.38465050995679,56.15793728983026,77.26298632497162,90.62616549763466,12.695693320935288
65,1180.5273619207794,280.4726909288599,0.4668190316511821,-0.022294209857704955,0.03742210832345897,49,0.0,0.0165145201096767,2.386381939891742,-0.9443498840782792,1180.5273619207794,280.4726909288599,1031.0194751725576,0.0,0.0,79.47751385171146,-49.5963757802013,75.25813056656459,88.5455873436488,102.6704237931393,91.85224258316546,88.49815202095122,81.44245276466654,109.93007365245728,76.60854411217473,91.58827507774505,99.78632521138141,86.0572250069117,38.78204303975163
66,1573.8609526682376,281.4180219694205,0.5538808076146036,0.026879659309761855,0.01885851679970433,49,0.0,0.5371075920546402,77.24374150652282,-4.719658254569359,1573.8609526682376,281.4180219694205,11300.131172227786,0.0,0.0,79.22467619724277,-49.59629457759011,966.7785026170995,968.1713952209824,1005.296656020466,969.6063195433035,1027.73527208001,1027.6509759204105,1002.1174280369968,1020.4166662671893,991.2770640040858,1032.8321505009176,977.2423715439409,311.00637047238183
67,2369.8876908247416,282.14242772686436,0.9011338922557326,0.16752344089974636,-0.4679188356431207,49,0.0,0.014560844890317132,1.1532502875365496,-0.1548089289042536,2369.8876908247416,282.14242772686436,1006.6452050345731,0.0,941.369974500357,78.71300015088406,-49.59494053045186,94.56552282615127,85.09664329359288,96.46738819261597,87.37637510712244,89.85871707416925,65.570936052753,105.68861968537169,84.68289673538797,90.38874587883691,102.11747940490761,73.63084949032384,31.20103129334027
68,1269.835828438721,283.56413169332814,0.3546490112117589,-0.008419392993697997,-0.0359221517711429,49,0.0,0.05472281103269483,9.07168148270592,-2.394219483079626,1269.835828438721,283.56413169332814,2331.1478091459376,0.0,0.0,79.42010076139688,-49.59520711951407,176.61878131110402,201.01564351918788,223.90131328214437,200.801151000379,215.6307385670482,193.60087047183646,212.01071042175147,202.01183903615538,208.57791049340307,200.4197360140272,218.94251736055335,77.61659766834703
69,2439.8790323582934,283.7302650348127,0.9174395557163176,-0.2801704634686595,-0.33527080272253396,49,0.0,0.009385250976287705,1.0288822939663018,-0.030914233784437646,2439.8790323582934,283.7302650348127,384.80015982527925,30.62793649269919,317.0082115980822,78.66802044428954,-49.594078636624545,39.69834547860927,42.365141435250436,27.38777169217404,30.459549656651905,38.956417324324434,29.292522450610104,23.792215454671524,45.188120843660066,41.28453828120356,28.76655148651694,32.23871945448708,5.3702662671198835
70,974.1990580473821,287.7372379613616,0.5471218017994606,-0.0718420210407942,-0.23332036850399074,49,0.0,0.02564081675179601,2.912244949017771,-1.160569751750874,974.1990580473821,287.7372379613616,1405.1195945052607,0.0,1389.6188283022257,79.61011473532737,-49.59296503447054,100.75456147627884,112.39334861160927,132.8741111897588,110.40524562899839,120.16389457808182,120.1021183783514,137.80880259148154,122.4928228868952,132.67909352962437,150.36781437844797,118.32010694429094,46.757674311442116
71,1314.4927312033253,288.39681040191755,0.5138182296770495,-0.1510109084310934,-0.5141683721108437,49,0.0,0.011255391795222072,1.1887054219991693,-0.18768560910598342,1314.4927312033253,288.39681040191755,1123.6485901186165,0.0,0.0,79.39138834115452,-49.59324270807071,102.21081288120362,111.9553455653745,99.01203956693473,98.19864937598203,89.89892778602459,102.82581771158866,94.9515219794105,101.33261590387153,93.58928888971656,103.66743874204357,98.31734314072334,27.688788575743065
72,2294.336138098325,289.61679467595116,0.6473782009187626,-0.1951041825886029,-0.29493720223077297,49,0.0,0.03530302655510143,4.076978401065303,-1.5258460266540605,2294.336138098325,289.61679467595116,1417.3751405473936,0.0,1145.4145105702762,78.76158986889372,-49.59202332638836,101.30156481922631,128.68703185009093,118.22839409865965,111.85458885308573,138.7599409770286,137.22899662233255,129.22973989375487,120.70435046379566,117.57818250844988,138.46802586873622,134.4700156417009,40.86430895053232
73,1640.7522587366059,296.40797839514966,0.7246231543662148,0.36485592155706603,0.19751742647003145,49,0.0,0.03558178209233842,4.0793377045327714,-1.5264741487697122,1640.7522587366059,296.40797839514966,1213.9885349962583,54.040513145004084,0.0,79.18168130203146,-49.59004771054654,88.17744070550668,100.14228587769836,104.71293084524338,93.22068460685844,99.73000857583884,106.24653616299585,121.00616332432925,99.17301570046851,108.6915934025495,123.61783632442231,140.44754486487156,28.822494605475654
74,2303.7436712656995,297.5463439880425,0.9945419552725423,0.30171751800513974,0.09272226704111229,49,0.0,0.015421862888565806,1.3158024736236775,-0.29797674626878434,2303.7436712656995,297.5463439880425,998.5049083195892,0.0,752.899927194412,78.75557379870767,-49.58869636020269,81.3483405169888,78.90381107325302,88.99999048732198,95.41878310164773,93.16623056130749,85.55193152492497,96.67581686002518,87.95739697916812,74.69463241383737,101.65587292694684,89.49181114162195,24.64029073254571
75,835.1974377144528,298.04715159043224,0.737916906233627,-0.4492940334449087,-0.384864409248379,49,0.0,0.07171006661648667,10.363902156846352,-2.5388082606536537,835.1974377144528,298.04715159043224,1694.661804410921,10.377283946862956,168.24816370897264,79.69941270695819,-49.58832556307395,25.040135030394886,10.372525930381977,132.22469395758193,272.67731047796127,56.86931777105325,103.42021465898793,24.621281703203422,544.5504493364318,21.426965511985486,15.03673863193528,488.42217140100354,0.0
76,912.1854745039549,300.4588467501933,0.33129026390679567,-0.2938968263920605,0.06413119473593802,49,0.0,0.012796878680225072,1.7643247206155344,-0.6164462980680973,912.1854745039549,300.4588467501933,1073.912944451019,0.0,1062.0065001202233,79.64992550264066,-49.58751992551201,94.13528033256175,124.4151387275983,86.92890155053004,78.21426041165283,110.92367665868471,100.40465389765177,78.95458982455862,88.06766300280105,97.49664078447341,80.59203187472308,104.31489820086676,29.465209184916784
77,880.740466018695,302.7495635938258,0.40578691157152036,0.3668544108670362,-0.10019683770011016,49,0.0,0.0650047592252793,10.541908738420362,-2.5572981304913123,880.740466018695,302.7495635938258,2472.58073913263,0.0,2060.4141739093643,79.6701250688595,-49.58648679974457,246.98470431374608,236.53178765871309,205.16046667813376,207.1046809453621,220.65035770074348,219.26830475226842,297.4222918744973,187.14338131475856,169.75629072668843,181.29304949956347,262.64893911633897,38.616484551816555
78,2223.3504794540286,302.4924454572749,0.5194409009437292,0.5570542477378078,-0.3830785582673351,49,0.0,0.010102109453819057,1.0076214005479407,-0.008243456913297986,2223.3504794540286,302.4924454572749,998.9358769218416,0.0,97.22977774704874,78.8072579357425,-49.58682540402062,78.7090036380896,81.75414693507916,83.01851073626477,91.55853824527159,103.95174984098222,100.7920172085131,86.88209689639385,96.15323778140154,80.98276541664163,76.97538757863606,92.38547632554913,25.77294631901885
79,948.8449429730844,305.1686226002865,0.49659567334949445,0.02674185501777953,-0.14574478021774853,49,0.0,0.19843614651647146,29.168018020831042,-3.6622672990761647,948.8449429730844,305.1686226002865,5356.731197084759,0.0,5245.448142148129,79.62634897145709,-49.58564514374859,428.2147759261911,469.4574036951243,492.7336691105401,455.471778921348,497.00264911583395,520.5765123006117,493.76932531988945,474.951709970564,453.81154503057803,465.00838870047954,474.1098740834659,131.623564910132
80,2128.0007501267155,305.87714858537856,0.8382800702982748,-0.11110269982359698,-0.24266244611275517,49,0.0,0.021757797822201056,2.124776616043153,-0.8182831953548495,2128.0007501267155,305.87714858537856,1077.7316574214765,0.0,0.0,78.86854560710398,-49.58561040880047,88.98691645986472,93.27574217544795,94.87903794508355,87.32893096575327,92.18824986103019,101.07913559611853,84.6604476997181,102.48113169339038,105.03175983483641,96.69815991117578,96.41062383656495,34.711521442492625
81,1169.4800814481755,311.3360637303371,0.4502706934004214,-0.16078305182609876,-0.33494743485707973,49,0.0,0.01304006309545124,1.5359888864616853,-0.4659701835000846,1169.4800814481755,311.3360637303371,1045.4306996541575,0.0,0.0,79.48454257810641,-49.583500616071184,83.05235192798993,98.19894300709736,98.52969814281367,83.64440800700052,94.18989367317158,91.06699915246631,88.21576710090433,86.06767352181764,111.45812966325698,96.13733723160155,84.99410695145087,29.87539127458679
82,1185.7338514632029,311.5223037461564,0.9077162092864464,0.029160520223524854,-0.5853834858918784,49,0.0,0.013013029544219241,1.1578823217418062,-0.15916105820404475,1185.7338514632029,311.5223037461564,939.8586378956227,0.0,0.0,79.47409700736951,-49.583447479435584,88.37828277757701,72.74692558496079,89.35937500719876,90.56008698253785,82.91667104298313,77.1500997639315,90.72562353614086,66.92173094166023,89.6257648310359,86.73572408604616,90.07331607058076,14.665037270969776
83,2035.774927196979,312.7558318732021,0.5267137474290452,-0.07621040752857507,-0.3459856395969925,49,0.0,0.022605984075837873,2.7056355817693745,-1.0806732542271626,2035.774927196979,312.7558318732021,1419.6017409395436,0.0,0.0,78.92783127176342,-49.58290254752991,118.04868290774422,141.20601283517402,129.33135889256545,120.75012371104293,121.42038511329541,128.2319741410288,135.14525126877083,109.69780179972443,114.37685975343823,139.68697863180157,127.63163139848848,34.07468048646891
84,1096.5723805195264,314.8146414718904,0.5465917215086842,0.7076932217877396,0.6967179530071939,49,0.0,0.013018130773699801,1.4194532099534076,-0.38030270315511505,1096.5723805195264,314.8146414718904,934.8789292434492,27.72717013477434,0.0,79.53138543049091,-49.58193009673933,78.41468092552014,64.34577617076638,78.72652378763611,84.34365935018117,87.09260658275393,72.63158721504355,88.08213940049112,81.06113946536354,80.68974680755417,95.7158546116656,95.07069849879626,28.70451642767718
85,1548.324288547324,317.5757906170229,0.5839564693809632,0.0758421398514015,-0.0025662899650497513,49,0.0,0.014991920509231533,1.6660136395816714,-0.5541963815886974,1548.324288547324,317.5757906170229,990.1065700599254,0.0,0.0,79.24108106196023,-49.58122660967721,90.46489509152772,68.71989152719115,97.19616466575968,79.20793931188145,80.63479471649867,86.84629820808752,83.62576247930082,93.37432701914526,79.91180546548992,83.38901413510071,114.58262825309569,32.153049186846914
86,1342.6849239809576,326.13773722597216,0.8637193314347453,-0.4786506887769833,-0.1395049300745936,49,0.0,0.019196454783727376,1.757449273689965,-0.6122069964281358,1342.6849239809576,326.13773722597216,990.3824146007655,0.0,0.0,79.37321447673665,-49.57754606152174,74.22465130032106,83.5740224798196,86.61000768822173,85.89857504273496,90.37156959503253,96.40483728566734,77.7436010749343,94.74720369097335,98.61315354295085,93.77398731569579,83.08188513805192,25.338920446362188
87,1513.2075304168823,327.3492982694362,0.32363124981047575,-0.014329919717129469,0.4281920209235597,49,0.0,0.00971982287205964,1.444080636867995,-0.3989786118393047,1513.2075304168823,327.3492982694362,944.4905996244215,0.0,0.0,79.26364278000449,-49.577145956362415,94.52800961965926,78.65883034088014,79.53602410551419,84.03449364937609,79.17743126925741,89.38399746769034,69.98640596000084,87.47452938356659,92.06214288488711,82.44519965532066,84.5784769320624,22.625058356206484
88,1845.4152038603677,329.9489173456026,0.27548573466811493,0.6565994995330678,-0.23712975897546304,49,0.0,0.008914040363507212,1.1057670562234543,-0.10915911748506446,1845.4152038603677,329.9489173456026,943.9664846517652,0.0,0.0,79.05018439773272,-49.57596974619219,79.05734983196196,68.86306270757126,91.11850410120392,76.18196044834059,78.77351283033865,90.09709739567231,83.86364986413068,97.25995120116372,87.00848810467285,82.50638828669935,94.0306663761417,15.205853503868234
89,1715.4311538067286,330.1612165403874,0.29473747098114556,0.013836277900829084,0.007215338959774171,49,0.0,0.014337555656937069,2.3977701571111827,-0.9495188765543218,1715.4311538067286,330.1612165403874,1026.9588018155516,0.0,0.0,79.13370445683339,-49.575964484101966,89.99853553997933,78.85715334329088,105.67995520906612,91.71578238169681,96.4533809082383,98.78862124636584,78.18321928500856,103.67306466531437,80.22414745734355,78.52158340100186,102.5154025826039,22.347955795642086
90,1306.1915737202685,332.28001029703614,0.32587086630868334,0.7654412089070938,0.21143988849996667,49,0.0,0.022800726753481233,2.2758607858496447,-0.8928642319762699,1306.1915737202685,332.28001029703614,1913.0409616508061,0.0,0.0,79.39665370052643,-49.574951176988456,161.7446188768504,163.2904155535556,165.49603239838797,165.28544664587469,175.27397233437352,174.79998827613423,161.17795824169536,194.85600116113662,162.13395128445143,171.70806409443156,176.42419852055627,40.850314263358285
91,2371.839932952281,331.0371526496216,0.6505309424427981,0.17026720539260445,-0.07615962041319879,49,0.0,0.014706188118588181,1.5729441189613274,-0.4917832349469243,2371.839932952281,331.0371526496216,988.9802215607332,0.0,833.0095708655499,78.71195065049609,-49.574564934675315,74.96660276111879,89.65055168274213,88.18856176180334,92.37193354171012,64.47603037418214,70.48235059927856,80.92616842006397,93.80081649176304,107.89407647588226,98.86969949161295,97.42924616283213,29.924183797743748
92,1379.8687014333755,334.72989346308646,0.6025702263758311,0.18839081102434682,-0.03722663891010505,49,0.0,0.02021349372566999,2.3621524995350898,-0.9332698301123004,1379.8687014333755,334.72989346308646,1125.6774621654438,0.0,0.0,79.34931140267075,-49.57399795472953,97.27859245304711,107.34607028611043,93.94247246659148,100.54228015932519,95.76761903840516,96.91476734350441,114.20967964058067,89.43096405973168,109.27755231812282,91.44834551143074,98.19178725664742,31.327331631946667
93,1362.8596830483123,337.10950158772323,0.45895237311079123,-0.055125385669221164,0.047295823270494614,49,0.0,0.037575513831214546,5.753972944332525,-1.8999195386743006,1362.8596830483123,337.10950158772323,1495.2862505985117,0.0,0.0,79.36023682861494,-49.57299267667233,159.74749885819716,134.02516508363908,126.81655949520943,121.44914604463872,132.8833875181747,128.82320265150526,118.5031535389162,137.94739883403616,138.52090644667902,130.57236423769106,125.90669967510654,40.09076821471841
94,1856.4213329439099,337.5399523704659,0.4434573606719225,0.17032050488962402,0.012217025557339067,49,0.0,0.01974705286717854,2.8148376018699452,-1.1236333597390697,1856.4213329439099,337.5399523704659,1068.629290867062,0.0,0.0,79.04312311911343,-49.572797292660795,105.53758229635083,98.40352804395626,90.05347128564125,97.97732756532206,74.61012163886627,91.39450208172329,81.23827892287852,90.03640727226846,98.83566536975442,93.38230127736543,121.06589123590823,26.094213877027165
95,2293.701548503128,337.7841882244225,0.5127979872335435,-0.10490466617273168,-0.27579586817915297,49,0.0,0.030242060292993228,4.1043541446989655,-1.533112067182466,2293.701548503128,337.7841882244225,1337.3935155614104,0.0,140.0723906136798,78.7621794843404,-49.57195750383577,116.07455519382995,103.542793579754,103.15092511546351,128.52556292728852,121.81363229651379,122.30607366957824,113.09168093039882,120.57794409936342,129.73938889109434,107.11527948349762,126.5365929898278,44.91908638480045
96,2179.8741553690857,338.8917443427477,0.8516752128669809,-0.48698717472053593,-0.2782037982680545,49,0.0,0.011896816549426719,1.0579822152432459,-0.061195918098014404,2179.8741553690857,338.8917443427477,913.4510161946905,0.0,0.0,78.83531333130716,-49.571753653568514,70.11214724965517,90.21976374896484,93.64693462126347,75.47950892922233,86.29452371549684,64.4001545835507,86.9564309853275,80.49990098280762,70.39474341023754,84.61494241510471,81.265004443166,29.56696110989372
97,1147.9145809712757,340.7315072899719,0.25124780370218275,-0.5346948289610373,-0.7545160722535341,49,0.0,0.006965275981330333,1.0462503781129662,-0.049089069886433356,1147.9145809712757,340.7315072899719,824.7175473324569,0.0661035199310934,0.0,79.49832876920595,-49.57121982427043,75.14307525765994,66.47932344219947,79.16173375590179,61.873800785111,72.41977363607276,83.2743054984142,75.21005743008088,69.70190802707792,61.27114729207352,73.004441073423,84.17456878075399,23.003412353688276
98,2065.916588909042,341.57306657020393,0.5022675749080574,-0.09037550079453267,-0.25429088104432507,49,0.0,2.1074319131258403,303.5623275003986,-6.205619685072251,2065.916588909042,341.57306657020393,51012.67835188465,0.0,0.0,78.90853463704434,-49.5708482633523,4165.071222114577,4524.26747144892,4486.552493964167,4418.320786848918,4542.499316404357,4534.75580249306,4538.511396349684,4623.159887854585,4644.895251959554,4691.148624931931,4473.017782622013,1370.478314892894
99,2151.6383107141273,347.5125255607728,0.45308802093119965,0.14490680415392748,-0.18621470098271475,49,0.0,0.06373421999914795,9.671366332813655,-2.463719584608609,2151.6383107141273,347.5125255607728,2353.596919956519,0.0,0.0,78.85347980951875,-49.568218791959524,211.98414055777096,198.3197547269445,207.92932396684972,200.40497800208527,193.97640233849987,233.786632254875,218.48228846233664,181.57309783220234,195.31844705698182,216.3372791187841,229.99548024139307,65.48909539779592
100,1175.7690367419145,357.34527411796813,0.6591902875344124,-0.22420666007814583,-0.06428794339678294,49,0.0,0.05980389247245781,7.011673573875106,-2.114554223644007,1175.7690367419145,357.34527411796813,1827.6380660922941,0.0,0.0,79.48039477563704,-49.564341526525,154.87869338358038,165.14968477603333,171.36284700669438,152.73526698444704,157.50393509751999,162.05934188136752,145.89950915270336,183.460406578029,152.14835555560205,166.91829171464417,165.40837230600292,50.113361655670296
101,1952.4322596017694,368.7233214024021,0.5797515777149976,0.1049978985833406,-0.14757435697284954,49,0.0,0.015441682683426139,1.2088652127438149,-0.20594470040482615,1952.4322596017694,368.7233214024021,1666.3739110578804,0.0,0.0,78.98149640325104,-49.55970160920114,129.54260570257318,153.13654261849248,138.58479665884946,165.65127584421663,151.01984526965305,172.21603590564422,140.00475485499567,149.99161828022267,127.2604899918487,154.92813929459288,131.24961363033702,52.78819300645441
102,1622.432561097012,368.8091652427331,0.5319964377345974,0.022757558636161895,-0.09073631226071535,49,0.0,0.07985758849056593,11.749262757541818,-2.675026540907359,1622.432561097012,368.8091652427331,2155.612876813557,0.0,0.0,79.19346447184729,-49.55988514249425,170.7503206790539,183.57179881081177,196.47492514575902,183.44579398472294,192.45980323329275,204.19970772275866,216.08762421501658,183.91836857945643,187.49816812977863,195.37545251325108,188.14968683060846,53.681226969046335
103,2469.9377078943926,370.2677220262869,0.2796171354364032,-0.6138608763355102,-0.6866738124316816,49,0.0,0.007451854826540538,1.009712848932666,-0.010494707092412302,2469.9377078943926,370.2677220262869,958.3945543154389,8.513520067744068,876.4958376012662,78.6491101196131,-49.55793474772485,78.58830386112933,101.66876383428192,84.3088498248132,82.24857461655677,96.05872033982544,83.45132838957852,84.6812544675445,77.80797202574053,97.94639583583336,67.89385677785017,83.39417453438686,20.34635980789814
104,1668.892144076148,375.98016225654214,0.5727674409603547,-0.6855579953503079,-0.3314492733627456,49,0.0,0.011594496915966203,1.256422459062832,-0.24783922746619794,1668.892144076148,375.98016225654214,1088.2706744019606,0.0,0.0,79.163624711172,-49.55689000705096,84.88803010600581,99.24082965390156,81.24653582232952,81.00372971058363,82.58320087858276,118.34362581563691,97.32135328295352,101.04756037221601,96.31516302906184,114.45932287134441,94.96483917661352,36.85648368273095
105,1758.5102654753616,376.22655540987034,0.8858109008238487,0.3010042280158453,0.09257815647266877,49,0.0,0.016859702595001153,1.6035242795481361,-0.5126888503149513,1758.5102654753616,376.22655540987034,898.9463209909476,0.0,0.0,79.10606400672098,-49.55675129025536,75.54905323117788,73.3061173206479,84.82466159960907,81.8654843886258,84.68141801692036,93.06024958004821,66.59691115115969,83.62027466367292,76.73861757667294,73.61903444933102,86.00058666584195,19.083912347239888
106,1955.0021768812915,377.9950134248795,0.49769923369811686,-0.48000681531400036,-0.2705516455978181,49,0.0,0.03827536492275317,5.4042967849057675,-1.8318479773126555,1955.0021768812915,377.9950134248795,1825.0791309456336,0.0,0.0,78.97986356401758,-49.55583551508615,127.49906157959222,165.64062084847808,156.548948494796,171.02620527685278,182.02689908689985,169.98600310318793,145.4032229158057,163.49606332137054,166.56748684471535,164.86195156956381,148.12391347022998,63.89875443414114
107,699.6661729488222,379.46187635253517,0.8369464746787791,-0.6176432285047692,-0.11867984840667431,49,0.0,0.03544071693552773,4.6053059952775985,-1.658146229462195,699.6661729488222,379.46187635253517,726.2918431558053,0.0,31.767267454701575,79.78611419144428,-49.554005566020564,19.89934301593628,82.32143410690857,139.976198218408,27.78464613122884,49.873066129454834,43.96484305998169,5.164015851501517,164.12929892011002,118.713600714214,33.22845407331618,41.23694293474534,0.0
108,823.3546801336502,381.41356250606015,0.26133962464585575,-0.39058405745941127,0.12301760260832885,49,0.0,0.008434989232591436,1.244647443542552,-0.23761587856477817,823.3546801336502,381.41356250606015,903.9609049417813,0.0,939.9151610773436,79.70667117123865,-49.55356128553139,87.30143726727272,70.37195736447697,84.26327816743708,68.37365503516702,65.21804517502736,72.3962220309667,104.39806988397399,88.87316268596041,75.03747958952593,74.08342649688178,83.96058454713943,29.683586697951952
109,1040.8592516934461,381.1978311235411,0.849481994857875,-0.6702570142001427,-0.2963900189522525,49,0.0,0.017093573890351807,1.5630593921242177,-0.48493870093690583,1040.8592516934461,381.1978311235411,934.3485749824648,0.0,0.0,79.56698469089935,-49.55416786401267,88.85704081993963,70.7859880415527,80.24748409221229,81.97330311125279,70.24421544774495,101.69701138882232,76.43790398797563,69.89511487108047,91.60241742878313,94.4649975632188,81.78682643820818,26.356271791673855
110,2436.3441488966087,380.6580201217976,0.5596800246530365,-0.2733583315557491,-0.38917300322916426,49,0.0,0.1033651274903427,13.884391408603195,-2.8563171204285185,2436.3441488966087,380.6580201217976,2991.452711604277,0.0,2063.0209787813947,78.67073329249723,-49.55370780496493,251.98146440668273,286.8031866717047,257.05059877163916,259.29139275940577,283.5086878410548,259.18261380974104,232.05289225450161,278.03824376720763,275.00197689944673,269.67368096598074,265.5847147981789,73.28325865873313
111,1631.8310575135467,383.890656089113,0.2676980073294275,0.055220812892086656,-0.27239870275158773,49,0.0,0.010768915493569103,1.6863557358643892,-0.567372985369712,1631.8310575135467,383.890656089113,978.0646264687141,0.0,0.0,79.18743009511903,-49.553600796517465,82.49368320524148,71.24217277175036,85.6809897721607,108.25785537721293,74.87165594483386,88.1595072437029,79.82336581929826,94.19186135274447,85.32644455932127,89.35310991702053,84.03385959175006,34.630120913677246
112,1774.635910300285,383.89620848086616,0.4040846510988649,0.054619126894821145,0.008505209863503673,49,0.0,0.012437088764782677,1.4335590279554558,-0.39103895019534735,1774.635910300285,383.89620848086616,1028.6404750050683,0.0,0.0,79.09571395165993,-49.553546339843415,84.51555581989842,77.30585476770747,111.72663177558478,101.66340272376134,104.30217707194672,90.65404415151019,86.34591799971042,85.9040347845744,97.11837988487977,78.93281938154608,90.46083480389426,19.710821840054223
113,980.956934662609,390.21616457959794,0.6142316785355658,-0.20165048105182568,-0.14307540838349464,49,0.0,0.028144454297515425,3.5623784059853785,-1.37935012393734,980.956934662609,390.21616457959794,1163.7715085591262,0.0,0.0,79.60542571969785,-49.55028508042963,96.63527039035796,96.09321653884295,95.18906871071543,100.54379385126069,113.75236712616282,91.14206910153248,101.55040174467253,99.25891444827818,111.57857580516875,111.91066674018629,116.50112080923391,29.616043292714263
114,2461.5278858321685,389.14354968565686,0.41379853260194954,0.32540982252359846,0.2730644666479791,49,0.0,0.009225017727096859,1.212284674993577,-0.20901153773916645,2461.5278858321685,389.14354968565686,892.3934157519409,0.0,744.1100977895471,78.65459980116376,-49.5500966675174,73.51024566643831,80.01690770456226,72.4973109756694,68.59827305739728,74.1949725208458,79.33755585668715,93.98948705565707,72.7408926942826,73.4163053415111,94.6659572666238,81.64313621037607,27.782371401890103
115,1544.2348611219757,391.6852184287645,0.4677450242267076,0.32138086396129695,0.2174766860547808,49,0.0,0.008898358503129611,1.1173876110584635,-0.12050962961787828,1544.2348611219757,391.6852184287645,803.0194316322072,0.0,0.0,79.24368628449787,-49.550349433983364,56.6653937078285,66.94003503502714,72.48223316097321,51.644387372763994,70.27947392413421,89.18868433112466,70.28350829828946,75.37933044792673,79.02977115241339,80.7668741702308,67.5493539551829,22.81038607631218
116,1675.639470784411,393.40904049468384,0.5745617418407354,-0.162779035190005,-0.06811277292484788,49,0.0,2.4746129332526627,352.41919405865673,-6.367648884187956,1675.639470784411,393.40904049468384,48213.79309022607,0.0,0.0,79.15929807954235,-49.549626823419416,4074.9425183251697,4243.650472243226,4202.8841330946025,4297.531642144096,4324.234230648872,4242.589392485008,4467.043953022493,4342.13867320061,4341.207187223979,4203.52575604061,4244.844106447281,1229.2010253501153
117,782.7402446678233,393.4808419119515,0.4561891822207462,0.29416860135413603,-0.009832621115456729,49,0.0,0.02851987100259973,3.979953083423324,-1.4996948813585564,782.7402446678233,393.4808419119515,1383.9723044606862,0.0,1406.8615184364567,79.73270057185032,-49.54841874285307,113.49748994288544,137.11987180641074,110.57344776996968,128.8387963913589,133.3116099231216,124.25247727503049,110.14554627287542,108.01631740127073,116.3507046033721,135.57373917130866,136.39282418369066,29.899479719391813
118,946.58604995083,393.8861842905593,0.5121004019188515,0.11889720837603661,0.07431496200605273,49,0.0,0.016972175570834608,2.0234836224600232,-0.7652492341935336,946.58604995083,393.8861842905593,1083.3186219714978,0.0,0.0,79.62748503729745,-49.548678291263506,82.11405833864856,91.81448608930977,89.41946471473968,103.69364069113249,83.01897073932386,81.52371461949079,86.88347264246298,103.19573594659346,107.08003654442987,109.6426352677179,111.7871916747668,33.14521470288163
119,846.3439008877114,395.50783468543494,0.4700227886197187,0.8140894227200995,0.23939645576717103,49,0.0,0.020189376281181247,1.9793918368501704,-0.7413294371799555,846.3439008877114,395.50783468543494,1967.0272724217837,0.0,1259.4470429076064,79.69184935816381,-49.54775189476237,162.3936947285863,179.16821093376956,203.1562739231142,165.6895588218208,154.92685888530073,173.08912248516924,171.79357021588538,182.822188023391,183.18512375177656,168.9119668763652,173.28135916120777,48.609344615396935
120,1259.6298361834472,397.7034671925307,0.7288800856910127,0.7701535304128518,0.8075342010895613,49,0.0,0.013008608333723767,1.2791221867273865,-0.26728007989658875,1259.6298361834472,397.7034671925307,1070.4575514596881,0.0,0.0,79.42644933608776,-49.54764120438932,89.53382177549922,95.93759664914313,116.32755543229715,94.51360634610705,88.15770337455514,98.32627370800589,99.9955874790441,89.95106222205375,91.13391625131356,74.02232853860184,102.1101246087316,30.447975074335844
121,1260.5684887717798,398.8463209478727,0.7859184863328946,0.8190315747329644,0.1505385303918384,49,0.0,0.0164469766639019,1.5043309388685393,-0.443358468820938,1260.5684887717798,398.8463209478727,1064.5723913652891,0.0,0.0,79.42584445481083,-49.54716619054118,88.88056710079945,94.2266828621262,115.86803289034401,94.89755326714867,90.49227352332426,95.55571433932886,96.48547340575993,89.42600862067542,91.8190187348284,78.15397237134576,98.3761493568548,30.390944892753406
122,1930.1769107370908,399.02937055927003,0.6405053998122893,-0.13193508901081388,-0.31903979817640726,49,0.0,0.02187861270944443,2.4917803415510695,-0.9912743880487868,1930.1769107370908,399.02937055927003,1023.5980943195533,0.0,0.0,78.99584583111987,-49.547102126045964,84.29028929722554,84.62421292284446,93.45869746114565,104.16299268923639,104.78576340595006,77.40037558996383,94.02460424642182,77.48842173434358,95.57738469211654,82.79392725096517,93.11168725533945,31.879737774000812
123,1548.0964481014787,408.2347238974418,0.717632797726424,-0.004512925098592446,-0.3710231791294028,49,0.0,0.05477520493314344,5.75599283215302,-1.9003006111121101,1548.0964481014787,408.2347238974418,1898.9659415750598,0.0,0.0,79.24120163414915,-49.543455079107666,149.37560599952133,169.51991650558472,160.262432622084,161.83474323635238,170.10462712939196,161.4209302160363,185.31242895337078,181.42313080488083,155.0393464448937,164.8388549754756,189.70603062518285,50.127894062285336
124,1563.811171560805,410.39692030498895,0.45675284112271264,0.12395691696302875,0.0900504134675756,49,0.0,0.009680804848697065,1.2059379482300927,-0.20331240418160507,1563.811171560805,410.39692030498895,870.7905317375472,0.0,0.0,79.23111051797456,-49.54255671879518,68.01781592972779,67.90587806868531,70.52689609650024,80.71502261447276,85.60713969465135,66.78574930632772,72.45082466847495,86.1486843319774,82.13514784060054,78.7574685405585,86.04393761323435,25.695967032336263
125,1224.4142466284886,410.71799689875144,0.6934690643378029,0.11661970447282353,-0.3128798781098372,49,0.0,0.01467608496169295,1.380478511193165,-0.3500741267810765,1224.4142466284886,410.71799689875144,1014.5385685596827,0.0,0.0,79.44903690443888,-49.5421740829598,90.3705624723477,95.61190756384924,84.45788439788123,86.08664913338056,82.24730736659185,75.14186637475166,82.32666169372503,95.35980181320123,102.99179146985637,97.06138425730079,95.14627150316244,27.736480513634593
126,1525.453082328422,410.53267528743373,0.27401605952592134,0.20609992357567192,0.11037005936764618,49,0.0,0.018497672805311498,2.9902961808541053,-1.1892855154098685,1525.453082328422,410.53267528743373,1312.7757688748582,0.0,0.0,79.25574037445273,-49.5424925447764,118.4816427130317,116.34680810546698,117.30285638040237,125.33943331420271,105.68736328730499,111.44134916443846,119.64675122694895,119.32403751467646,112.304427947602,114.88356125780862,123.26097577181518,28.756562191159716
127,1077.2168150735713,412.7850781913405,0.4546245572191321,-0.14989368184893295,-0.21688859669988853,49,0.0,0.016217200849656034,2.2405094507842387,-0.8758669504204547,1077.2168150735713,412.7850781913405,994.4972961330851,0.0,0.0,79.54354455818712,-49.541077713279044,91.1593928165353,88.04738913183601,91.51085207019567,88.99908531227423,82.78529111177178,78.72160055136035,94.76605443798124,98.40778293820603,84.1252922223639,83.84596815668257,87.42675637176288,24.70183101211505
128,1455.1255140030357,414.1940643354844,0.5272828313862307,-0.15295621790888372,-0.2137985742165874,49,0.0,0.010544088955619797,1.1776963867036738,-0.1775833564876693,1455.1255140030357,414.1940643354844,941.5769286696893,0.0,0.0,79.30089504377767,-49.540939544393396,84.52029807648896,75.32392926688034,83.6761541087797,92.89777593934619,99.41273486219214,82.86939907911207,81.23429291147424,81.2719628220888,73.32579561564097,72.61304039009414,85.85339188228428,28.578153715307387
129,2610.003245914783,413.91449327942695,0.5694238807520815,-0.25369517310048817,-0.49427202612324295,49,0.0,0.014843102113592079,1.4688835906095221,-0.4174684480202985,2610.003245914783,413.91449327942695,981.8440779598482,0.0,773.2026794325126,78.55939227885904,-49.53928341514133,91.96691906752876,94.84609915514532,86.9696938056216,86.23407232822494,95.09178335113913,84.16871138934792,78.63793942598335,92.84938258730864,98.11153831791151,103.19480329737617,69.7731352342609,0.0
130,2350.893812343727,415.1428388988609,0.6678291558927764,-0.0960173217204324,-0.5565027482198718,49,0.0,0.01291161945012908,1.3363197816337953,-0.3147759933666118,2350.893812343727,415.1428388988609,935.9174041420451,0.0,0.0,78.72575151035818,-49.53958160487214,75.06882594903391,75.61009356974523,83.85941762643695,86.17777170666253,92.1011831480365,93.13638034054648,81.75081932612107,51.611054204624,103.80042187335039,80.22101596128678,88.48884472172003,24.091575714481284
131,1192.7588159586307,415.7896171010366,0.3804913773552374,-0.13422350633583596,-0.3294749283985651,49,0.0,0.01038567520928171,1.4369972129657425,-0.3936398145687362,1192.7588159586307,415.7896171010366,928.6352054019258,0.0,0.0,79.4693513303107,-49.540017010931315,76.76778281395966,69.26638819390429,79.32301549056513,80.81474016281933,70.17182579357186,92.00826719297456,85.32299622171317,91.84411689941997,86.73066477540165,84.01947717533923,90.72868515981924,21.637245522437652
132,1712.2138519241912,416.3528853547153,0.5683906902801985,-0.13702024189144998,0.03715829704868539,49,0.0,0.07416046581507617,10.135873874201422,-2.5146529944084834,1712.2138519241912,416.3528853547153,2212.329729644436,0.0,0.0,79.13582406573164,-49.54005547501756,156.65769766072418,177.15500675741418,192.93933091283884,209.20847428886503,197.8856422100199,214.64001667309958,176.36346401295228,204.8717048084052,214.35052432297132,195.74349873203454,212.2036565807456,60.31071268436557
133,1407.1642428093244,418.27564913865217,0.24082625252455353,-0.13086797855401933,-0.3300959799413459,49,0.0,0.013086870840778307,2.4548205104984726,-0.9750493581028732,1407.1642428093244,418.27564913865217,974.817813329056,0.0,0.0,79.33168582750366,-49.53921015787286,90.58399922066022,96.71799617406973,79.51377476215067,90.87679890303338,85.95242672250937,81.80088819810624,80.40585732603063,78.83015502754515,84.71107336870195,87.76035271149343,88.4328176213814,29.23167329337385
134,812.8216893291909,418.53180238780766,0.4899853196131341,-0.015105520795375962,-0.19138945623463893,49,0.0,1.6101251678004107,235.18715332462475,-5.928533988741954,812.8216893291909,418.53180238780766,39908.43941745933,0.0,25718.250068420184,79.71327668506125,-49.53806783865714,3244.295743528458,3548.991456446488,3499.389738422574,3484.4354749751233,3618.594858319816,3674.4754784251345,3633.5388866841404,3493.585729886921,3499.6425852964953,3601.8547569137318,3573.8906896756052,1035.7440188848473
135,1469.5237713992947,419.68368705858387,0.5389533744720819,-0.14042970027385954,-0.1467391751484273,49,0.0,0.3225953760587237,48.89999089370526,-4.2232719456201995,1469.5237713992947,419.68368705858387,6499.727056424212,0.0,0.0,79.29164626247031,-49.53865944140393,554.0212177861729,522.3869666598744,549.2418795149541,556.0406317544887,589.2500954699535,590.428529374775,568.5545370359335,569.6927429940145,594.7564295598042,628.2511600298785,598.1801039144426,178.9227623299201
136,1207.5150928866374,426.42774742758274,0.6248847757576715,0.13869567415714054,0.20573622872444455,49,0.0,0.0121059176876109,1.3760031973212747,-0.3465486076000634,1207.5150928866374,426.42774742758274,871.777362123215,0.0,0.0,79.45985415797885,-49.53560581300349,74.09866663726321,82.03600375652476,80.68992848457903,84.68337144558859,89.06115527757999,72.70268554730853,66.06639117424382,70.15720567527555,75.1982624072547,75.03331669289545,77.77749536456129,24.272879660140177
137,1976.2159344117779,427.08475922205577,0.5129848601071777,0.03607661531580794,-0.1180961820582029,49,0.0,0.018468827457740294,2.346328739152891,-0.9259721503077336,1976.2159344117779,427.08475922205577,1092.4077492477306,0.0,0.0,78.96633884368457,-49.53535565597205,69.77486838521239,89.7660506912718,83.49579676177805,88.54026710047339,102.5589805260041,103.4915506578195,107.80463885945827,98.26077809815249,97.80578272236377,96.7823800673165,124.7495019679291,29.377153409951305
138,2365.687196457387,427.1775550231644,0.5187134213282262,0.14831127397446547,-0.2852217180527205,49,0.0,0.015779941549872736,2.1081542472718646,-0.8097559592927785,2365.687196457387,427.1775550231644,1030.0310252970407,0.0,0.0,78.71630370504842,-49.534527868339524,92.30829961729623,83.7399589159291,103.86389432429408,84.61753085248036,93.14483556145203,86.75098542922686,86.87619392992403,104.0439143901347,110.45398723129917,88.64951116812958,69.76695040049003,25.814963476384644
139,2168.334733708628,429.0565771672135,0.45132518596951093,-0.3649541113291728,-0.7609778860282675,49,0.0,0.012039666627810123,1.1087006655372975,-0.11203577057384817,2168.334733708628,429.0565771672135,1286.3907240489013,0.0,0.0,78.84300539601283,-49.53421220920163,100.77807345897224,127.4114781338377,124.18788200403253,81.78848510532616,122.74540098064773,105.70456314701005,110.1792071640927,126.63398651197653,101.07058089792595,121.7586558621177,133.4718411188943,30.660569664067772
140,2675.942944928846,430.95606738380786,0.49397030213807175,-0.2717652110576525,-0.01736346090236813,49,0.0,0.007235999105048305,1.382173500909265,-0.3514064059999688,2675.942944928846,430.95606738380786,458.6309826413568,46.51762903717282,95.51765451648679,78.51715867540541,-49.531939610687076,63.596638995944204,52.352900722072505,10.988440301555572,34.09879769546753,9.274078726738068,7.221384635288026,54.68723042104193,19.752980199740737,37.35401446002071,5.420580568551619,163.88393591493585,0.0
141,2178.1019283518585,432.3514728619798,0.26041466011211684,-0.1468546533678963,-0.3669563872332832,49,0.0,0.01106121616843228,1.5757578514466697,-0.4937236993489127,2178.1019283518585,432.3514728619798,1095.3570267676505,0.0,0.0,78.83674541883634,-49.53281959590841,90.82110320439782,68.21420674249794,106.74341126411397,90.11535819049328,106.351672974855,83.3392776390359,106.9405259102508,113.32836548385134,90.6257470360671,96.66312055186232,115.44681011513121,26.767427655093748
142,2658.910861909291,434.0321937452276,0.24697933098855285,0.8510544243252919,-0.013519506629229237,49,0.0,0.0048004079488577645,1.184565835688063,-0.18389800726806466,2658.910861909291,434.0321937452276,395.9459989411024,34.529834393750576,163.3813007774512,78.52810928153212,-49.53072260764782,8.723165753732815,75.03646891350925,57.55591135045233,33.00796315440114,34.2851614560033,24.76698310397294,21.46959952277311,32.408874520510935,18.481838935759086,24.644860743565104,65.56517148642241,0.0
143,979.0671703558302,434.44551737981095,0.6302177838457528,-0.07916700371197985,-0.29227633275476,49,0.0,0.022149571889413824,2.451359048928073,-0.9735173168367828,979.0671703558302,434.44551737981095,1148.2324727312075,0.0,0.0,79.60648993132635,-49.531853835399865,111.89569453131469,92.59059289780257,94.19913622456744,102.08254556407111,102.75076950664746,90.02874492487149,104.92152071697288,96.6219167367172,103.80680719277488,101.87466289272767,111.62442786492022,35.835653677819884
144,1254.9772361827852,438.72105352504747,0.4474553910571417,0.08606572404149182,-0.3952824880666481,49,0.0,0.01215880549528244,1.4935905380267702,-0.4355788841793861,1254.9772361827852,438.72105352504747,954.6019414341077,0.0,0.0,79.42936005850605,-49.530546259848016,92.2033484575,82.13723353005628,77.46781469363553,90.80187894188133,77.2813887283744,86.1072611814484,65.092119698746,84.87972917766612,77.72184841196946,100.69989260882141,91.82555357001615,28.383872433992675
145,1609.5265945192275,440.8109798456084,0.5938436464269475,0.08258061351765345,-0.11556579812932248,49,0.0,0.10915807492883729,15.530807083414707,-2.977985062818793,1609.5265945192275,440.8109798456084,2446.6277682324853,0.0,0.0,79.20175790811537,-49.52988736559672,188.04679678006596,249.3702565131428,217.28660398009436,214.7423367423038,188.01106072768167,222.80241121144468,233.41929159772394,223.59295480800262,256.180454184932,176.9153560146354,216.68208436433773,59.57816130812063
146,1662.1086339382018,442.0889857451646,0.6472376692326174,0.03623136942451974,-0.06463169011985573,49,0.0,0.03661271878389088,4.781800941133997,-1.698978732896459,1662.1086339382018,442.0889857451646,1165.8928707503064,0.0,0.0,79.16800383941663,-49.529348306127666,91.93632632308461,97.0894774031238,98.84824042053305,94.44974611169309,104.30973450981016,108.21378359704718,105.235358540308,118.94547921054959,89.39229744043496,105.78696906046271,127.87510136829394,23.810356764965483
147,2407.948117845578,443.48233170618875,0.44767504955730963,-0.2006931548157114,-0.3270388438571,49,0.0,0.029801193551458452,4.68668969903546,-1.6771655006888557,2407.948117845578,443.48233170618875,1346.179947068522,0.0,0.0,78.68924522864835,-49.52761694918566,132.23342356224668,104.28438346127884,111.51410685248979,105.34922928267608,131.68245778981213,118.89818957872662,123.88660822171721,141.2077607172385,119.38804081613475,106.53778102660254,119.15443783574112,32.043527923857816
148,832.0604707562107,445.452399513333,0.928226694724639,-0.5547552217394124,-0.34272903134516464,49,0.0,0.013432531302722237,1.0453465403073872,-0.04815071557811839,832.0604707562107,445.452399513333,1261.1373690013338,0.0,99.25316496860486,79.7008127786097,-49.526905317602015,105.79046708134709,109.71876921807154,103.25645090355346,99.16776190364722,114.83975651892867,112.72538831710678,118.61306915580955,99.3190412220749,121.64444304367979,118.49803272137322,125.99430726471189,31.56988165102975
149,1509.2084958058008,446.71249858375387,0.612148279766741,0.1753664956323179,-0.3880394916129106,49,0.0,0.02041421632943425,2.3704588435338967,-0.9370810484927551,1509.2084958058008,446.71249858375387,1035.5359925879372,0.0,0.0,79.26615313920472,-49.52741392101206,84.15710734327624,103.8526615281322,89.91205569068981,91.3983103540024,84.59105993939114,111.58403845694906,93.33961172167008,94.06495617493077,76.62750506364101,92.11619926466793,87.95090578839506,25.941581262191526
150,863.4073427656133,449.1890321920841,0.2548836884034224,0.7412266282126908,0.19464129133171643,49,0.0,0.012618014106780012,1.9730945593435258,-0.7378697476173559,863.4073427656133,449.1890321920841,1125.4845007016063,0.0,0.0,79.68067723801485,-49.52543233713693,101.51938188823111,101.4060063210124,102.98051150076608,89.32752337380124,106.96132805325817,91.90269984731268,87.856569447227,92.93393877825824,115.27588253713128,108.42471652861259,98.62898081970755,28.266961606287946
151,963.2855835060936,449.08742586136503,0.6918996815223327,-0.03949329758930004,-0.22757701625265478,49,0.0,0.028880580739172716,3.3075592902422346,-1.2987690948807011,963.2855835060936,449.08742586136503,1187.7945641780038,0.0,0.0,79.61657012504106,-49.525718355621315,101.22945167490317,114.08106910387272,89.39345348212018,101.23985218483365,105.61659267052525,105.77546622479136,114.9056944992862,100.25963572434395,122.47433923828693,98.7555471277241,105.54921019544294,28.51425205187335
152,1059.6969558209323,449.9664371092148,0.7540966119724493,-0.06994095277783223,-0.04188004675800691,49,0.0,0.023783332837661077,2.6560094007111252,-1.0605740196143307,1059.6969558209323,449.9664371092148,1039.377148060538,0.0,0.0,79.55468428322399,-49.52555376728814,87.21453152310708,88.78388199814262,92.20453675661679,90.90269126287097,80.27104319245939,93.26902516406429,78.73771418679064,94.86023917390989,93.28043148172256,101.93044696978842,112.53617108826646,25.386435262798994
153,1258.1235643878135,451.8457571200102,0.6290084730475528,-0.013059756689204132,-0.12823914831183988,49,0.0,0.07275765874912557,9.349289014987074,-2.426946463382283,1258.1235643878135,451.8457571200102,2091.3946190040883,0.0,0.0,79.42731589295384,-49.52508190235081,179.05309641194964,208.84511846024006,167.08630814455273,169.3671556557247,209.01125361700485,166.51920585236235,174.69293484253834,203.13681703974567,186.00070364146487,191.39336532009838,187.4094568952765,48.879203123130594
154,832.1340460699695,453.68054012987204,0.45320287460122116,-0.10855277380160785,-0.09172165697745478,49,0.0,0.024418898848756882,3.5238587387171756,-1.3675462262049687,832.1340460699695,453.68054012987204,1362.308670035196,0.0,20.128073493081104,79.70073121887671,-49.523477492535946,121.42073956568744,119.81582154249918,109.85000624447142,112.65761227465592,140.27855460300674,116.6651200649135,111.71644522027394,114.2102044705575,130.4950321133887,117.36096045623543,125.82977301931109,42.008400460195006
155,1787.1787548954605,453.98980174298975,0.4863415364180283,0.3042081467873542,-0.23480457969668928,49,0.0,0.017990811565351008,2.754982163791324,-1.100296978757095,1787.1787548954605,453.98980174298975,974.7264267411299,0.0,0.0,79.08772945676333,-49.524334853568874,88.79529460120645,103.88752624077242,81.6122702313898,83.20711210790402,96.25082380631063,95.05310389564082,80.09886296886711,61.942983674316764,83.92407192226048,86.6945716174456,87.95556644579472,25.30423922922104
156,1385.961392484595,456.14081624684144,0.4156974647253805,-0.02546925471143933,0.19563843601175718,49,0.0,0.011343979954807567,1.5575628812577724,-0.48111397208725565,1385.961392484595,456.14081624684144,887.098597851033,0.0,0.0,79.3452551764366,-49.52341881838736,78.5980372460335,69.54126389771945,82.348750039859,63.125744471479834,89.34073194248754,74.15197888348315,78.74933917057689,74.262666130153,71.32244112064073,93.87919525065689,86.58121598889217,25.19723370905077
157,2120.8353151299516,461.14081021935823,0.49198858800484685,-0.32400535750731657,-0.07492357279030412,49,0.0,0.0101905892887082,1.07641098810622,-0.07994530608478503,2120.8353151299516,461.14081021935823,997.4898331361924,0.0,0.0,78.87358973499023,-49.52093673848599,90.58335160504774,80.5182319008972,84.08865095450633,96.92962087241403,88.83185507049399,85.148078648657,88.03057712970974,84.34423307226268,68.37874627927903,104.555119498348,98.64567036250767,27.43569774206885
158,2423.949713112181,461.2463408550362,0.4316527499125557,-0.2155301892852827,-0.321873266256399,49,0.0,0.033683874613720494,5.190160862512669,-1.7879520461716978,2423.949713112181,461.2463408550362,1495.7714040563378,0.0,0.0,78.6790536922113,-49.520169773648796,131.7942890350067,125.93771286762974,126.26514812324822,128.47160173425186,133.81133322585765,130.8109244508198,128.5750935541852,146.65657432591985,141.02749215683133,135.8887629859103,125.81812256243414,40.71434903424313
159,1756.7151000034132,462.45281550826866,0.4614087363769116,-0.01744851871797479,0.23866279142001898,49,0.0,0.022265381170714693,2.657083098516333,-1.0610128422383005,1756.7151000034132,462.45281550826866,1360.782613712561,0.0,0.0,79.10729021485668,-49.520827390801806,121.53317278558731,101.39785540813703,128.85063336219736,116.1073667760381,101.89407731707644,121.63289358187845,130.79966537725164,130.09588504805478,122.88051911626839,130.0901467416195,117.98171202976894,37.51868616868309
160,1003.9721703090819,465.0270617927227,0.26250910949641254,-0.4723636861592273,-0.1705362675615438,49,0.0,0.014429378390687793,2.4684821309614837,-0.9810749694064838,1003.9721703090819,465.0270617927227,1126.9244052470804,0.0,0.0,79.59040323080174,-49.51916656337724,95.56161358267508,90.5697428694653,96.84745119124453,95.53599554716206,97.56825923617409,97.52024110143788,104.3878064316637,108.82354766788666,94.03509525903641,99.63882049272623,104.37762796433324,42.058203903275064
161,2567.5307565744297,465.14966467760183,0.5327916418709805,0.32948263718752385,-0.4120429697787285,49,0.0,0.0113857438683787,1.1050522491197996,-0.10845703208439514,2567.5307565744297,465.14966467760183,994.3199184315148,0.0,884.0751122021195,78.58692902474355,-49.51808729462259,98.73194072914295,83.14919271958354,95.67609936786263,95.19215507202627,93.40875809140678,82.26606749289365,86.27521226719158,89.97303125200315,90.0341304767625,85.05138468287838,72.43896933718057,22.122976942582813
162,1277.1814057696868,466.3181153360647,0.5788742403055087,0.03484962354672116,-0.15655098254464994,49,0.0,1.6875725264514931,243.5230494394235,-5.966350183595352,1277.1814057696868,466.3181153360647,31069.279375648526,0.0,0.0,79.41505781012104,-49.51907473083243,2483.522437497454,2667.9032981317796,2672.0258828066,2801.2256605897514,2817.99281057601,2748.126757550327,2854.5690806672274,2791.323789753844,2726.9752639316357,2789.965380869357,2861.6635344538136,853.9854788207376
163,1749.431053655885,469.128623856291,0.3247410006309727,0.07954578687229542,-0.17593917142424018,49,0.0,0.020575819054066045,3.476370732095713,-1.3528152122479322,1749.431053655885,469.128623856291,1326.7980628244748,0.0,0.0,79.11197066245923,-49.51804994266819,122.73344682709877,99.7458552146855,115.15553441749437,112.95176421000076,128.71685700361817,128.34540708531804,112.39413080081853,128.85141057441726,111.54242950796998,120.34479255760905,109.15063421250912,36.865800412935094
164,1315.3698772393016,471.35421579071647,0.4801468717863059,0.2876735704565689,-0.09336176654701894,49,0.0,0.019261241062661062,2.783823837584671,-1.1116043733363126,1315.3698772393016,471.35421579071647,1019.7808967652816,0.0,0.0,79.39054089009105,-49.51701775074182,96.94153054422509,85.63819792526392,81.75981482279036,101.11130737279703,86.969965475183,87.46938684357826,100.36301913812144,77.64570352412764,99.66765082866193,94.13379605567476,82.30647035966845,25.77405387518968
165,950.328632739289,471.55724112982676,0.5781793192063713,-0.14306412102984564,-0.14863069168656357,49,0.0,0.18121227350609237,24.766975439782613,-3.4846824337016598,950.328632739289,471.55724112982676,4238.569990627424,0.0,0.0,79.6248073664036,-49.51632720884399,344.6518310983379,365.693791817017,357.63138311330283,379.3474857947684,387.277748058797,387.8336460961912,392.86163218655486,371.6779393828874,377.88377086828837,363.4189515168676,398.95350121191586,111.33830948249623
166,2061.6173888813496,471.8167882154098,0.6973430373085682,0.12774330843502094,-0.3256888751120801,49,0.0,0.03216516103145205,3.646872689696006,-1.4048015064969723,2061.6173888813496,471.8167882154098,1223.528514987603,0.0,0.0,78.91162311748934,-49.51659194139185,80.95930005494598,89.74623043266328,133.8477658493158,105.05060096635722,102.68010697418276,127.80620893791139,104.20708276945342,114.3245856709322,99.235105706864,107.93176998755607,129.18726306277807,28.55249457464285
167,736.6312710033444,474.80310387084273,0.33951453555676986,-0.23399339831358357,-0.5107344066477536,49,0.0,0.010085766680431563,1.337987237102509,-0.31612992692332675,736.6312710033444,474.80310387084273,1003.8922715717738,0.0,706.0573214289911,79.76192737563198,-49.51440071595152,84.24892013462352,77.61197882140186,91.14169636832955,78.77687746555006,85.95675328525382,87.43682178637741,76.51150719049662,97.15559990832412,92.36756672922397,108.70067428057517,102.24534463644474,21.738530965172917
168,2231.209517791748,481.18873492096486,0.5559923659404453,-0.31278868449590275,-0.7035383741455195,49,0.0,0.01676301475173696,2.0479343813321296,-0.7782900928176907,2231.209517791748,481.18873492096486,1028.9649228837825,0.0,0.0,78.80281992860776,-49.512358695552415,98.9274136688515,94.84986621961707,84.88416857567219,99.08113915313356,83.17580828507329,97.23274547744462,82.9476696188734,83.68376654365392,85.49047203368502,84.99617249401763,105.43117560547125,28.264525208289015
169,1206.377099125558,481.94860502480964,0.5999300483507146,-0.05509580251152081,-0.2075393192507158,49,0.0,0.29777828476545726,42.0628179304076,-4.059745910452067,1206.377099125558,481.94860502480964,5752.366904378142,0.0,0.0,79.46046592390503,-49.51247236298594,488.97414354363093,498.43177666840694,496.2778125026309,544.238192324511,467.5443542712393,481.7515555351004,521.4876234994979,563.5192286955769,521.3329520116296,490.08292535953143,524.6929513607619,154.03338860562496
170,663.7161832559882,484.3515319518917,0.6925016939148871,-0.23802198227966032,-0.2818704273744628,49,0.0,0.035294862278401194,3.935504930784033,-1.4875011521475727,663.7161832559882,484.3515319518917,1329.60019845618,35.48325085740528,1324.2568739726116,79.80866770041787,-49.51018969175597,121.99679900898943,107.62132533835745,113.55525391816293,130.64912848278368,102.66283232288183,130.97606472361844,117.7339098440963,120.95867438230603,120.47128068133655,124.79188648114615,104.56904908968241,33.61399418281872
171,927.7028925740443,485.4344119893675,0.4427548411531679,-0.2741280932292047,-0.22915633873786373,49,0.0,0.022878099254806588,3.456327865817507,-1.3465373318851888,927.7028925740443,485.4344119893675,1084.4737251941156,0.0,0.0,79.63927647403004,-49.510492478280426,95.64343937580949,84.60920225202753,104.51710812415502,97.65116341146695,84.15139995228496,119.63176062412585,100.88094771924483,104.85225126453805,84.82584989149224,80.55248460265827,95.63356180522639,31.52455617108591
172,817.990876413317,486.2259256452042,0.41579252436404424,0.07979252377859809,0.022795114951315858,49,0.0,0.06144165879493389,7.197113322764778,-2.142895852405808,817.990876413317,486.2259256452042,3156.2539294971266,0.0,0.0,79.70967035224218,-49.50987941118311,264.18694827703985,260.6253469610119,273.1795387647833,259.0848903494252,306.98252292160987,281.35115336523484,271.2411623292081,293.73759960487735,274.76168063135265,293.55178954666405,296.9256966821818,80.6256000637377
173,2357.7807632373115,487.3698174178332,0.5755375963975082,-0.28693462473077597,-0.4222283311569091,49,0.0,0.16602628568849837,22.89883810849343,-3.3995336167807806,2357.7807632373115,487.3698174178332,4031.962704898524,0.0,0.0,78.72162688864775,-49.5094717644216,374.9501196841476,348.13829921987076,331.87020953022216,337.40942323679747,354.4561241243887,382.3697161478359,369.98200726403786,371.9735100901639,347.4552910117022,370.2780030333639,343.83440157058,99.24559998541386
174,741.850818315619,488.50069458582436,0.7222581112178096,-0.2685643088610563,0.046954208612988706,49,0.0,0.02084810995131911,2.3800090095267286,-0.941446502704659,741.850818315619,488.50069458582436,981.2085198716413,0.0,495.05059073346854,79.7585141786972,-49.50870998110219,79.0557113517701,97.69032273470759,76.40506953891918,74.40251632408304,83.03436758353736,74.16330607327811,91.94167762075398,89.96345031806709,79.23972066268264,109.8213439411926,99.545303807411,25.945729915238616
175,877.6516779277347,488.4948839479446,0.7542180699496229,-0.1427617794745624,0.29805003708116956,49,0.0,0.011871500924344606,1.0695781265493571,-0.0730312819697842,877.6516779277347,488.4948839479446,901.4663588009507,0.0,0.0,79.67138024307387,-49.509093459686184,91.81769438814965,74.92495454742108,75.69242812058346,72.16778807779758,82.37094590273973,80.51082394191909,68.20163047926931,68.48975404638666,81.15154402054607,91.26361154006366,86.5654436908386,28.309740045236012
176,1832.700711703726,487.60253818918255,0.41886285123836203,0.25586320473681246,0.1038333574968502,49,0.0,0.02168742594931987,3.3762861505816555,-1.3210981182491004,1832.700711703726,487.60253818918255,1133.9606126592655,0.0,0.0,79.05855289563966,-49.51029668746146,94.8048423552503,88.1849567709611,104.22520228260143,90.77513482920557,102.53926498413631,108.74584261561054,108.47869978290444,98.81504417457617,105.26531112119252,104.76892195383255,91.0177439120646,36.33964787692996
177,1577.0163861112324,491.00157600027205,0.47507234977637985,0.021694272337719134,-0.09327323197685093,49,0.0,0.019449526234572696,3.0900296290581344,-1.2249066093021834,1577.0163861112324,491.00157600027205,944.4863974975754,0.0,0.0,79.22262110402629,-49.508975207220146,87.04860848693947,71.41652033508903,88.2013906338496,94.84725718467617,96.76744208291211,93.66143313389907,71.73457910717788,77.71149987742716,68.39890800492077,89.74503070275762,82.10097308056814,22.852754867358264
178,1030.4050422707696,494.7431847383833,0.5155672433958414,-0.18726887220124513,-0.20635744986865814,49,0.0,0.04524193024092068,6.541382849877019,-2.0391739199646146,1030.4050422707696,494.7431847383833,1651.0238197914166,0.0,0.0,79.57334716190387,-49.50684065222011,155.53507767841006,151.68742712951538,136.2664800896726,154.31880939207605,156.98215751707323,135.67632976247026,152.25253757624847,139.97491733779918,123.10180305636459,152.79037001492446,134.02825091131865,58.40965932554375
179,1606.3235589619892,495.2615245709657,0.5669428598568697,0.10226179324673879,-0.08058717610887224,49,0.0,0.1264968490549131,19.128540411936807,-3.2042045819912195,1606.3235589619892,495.2615245709657,3261.406666403942,0.0,0.0,79.20381578567743,-49.50720126209021,267.88519637112427,258.7420736795773,293.8440162057437,286.7794703634731,268.54329096085814,284.41304719344305,275.4418115450107,306.3316539642405,320.1030752448943,317.6534200145495,290.70829478837373,90.96131607265288
180,2518.703798947696,497.4277531508092,0.36905842167897185,-0.30622464077324074,-0.41300527448244845,49,0.0,0.022604360063386442,3.3834010457955532,-1.3233836980267053,2518.703798947696,497.4277531508092,1327.3139833334844,0.0,16.2607349300251,78.61842390615745,-49.504803060279926,107.32420739579621,106.97200738326842,115.47891969049857,99.17521227556226,129.47338733207238,124.49624370424094,126.88554007183777,95.88388973619587,124.81352711456609,116.92812862940369,136.07658474628397,43.806335253758235
181,634.8226254653329,497.7350199749775,0.8053885273377875,0.3654394208525524,-0.04912304132517341,49,0.0,0.01721419836855146,1.5370170956521991,-0.466696745044295,634.8226254653329,497.7350199749775,962.2754491153705,30.21949085621013,851.0496873211678,79.82713655407782,-49.50451639242474,85.28412640523149,104.53767430652648,91.94936040280875,78.54094691191536,126.60937207929865,65.36640907593659,63.54576094321226,58.619967582737914,112.64312066096204,76.96047363513895,72.32793710496827,25.890300006633854
182,2385.284087460007,500.0961166865723,0.357560459324766,-0.16546965193957672,-0.31906924969352307,49,0.0,0.062349972934992455,7.4309712717477625,-2.177613955798556,2385.284087460007,500.0961166865723,3780.8554472538144,0.0,0.0,78.70403387781522,-49.50409443462232,308.65644894045744,309.7142694344179,329.00560460207817,329.12132155811867,371.0674678312541,341.57957241970155,318.6914400901969,322.89799416395726,354.06846392652966,341.70124876935733,345.42526829126507,108.92634722648054
183,2499.215728671801,499.7694912367598,0.844240244054902,0.2633646890125236,-0.05834045865582178,49,0.0,0.030103463663855256,2.5205530431717,-1.0037396031900145,2499.215728671801,499.7694912367598,1454.80419770108,0.0,0.0,78.6309382085523,-49.50389026194225,125.42226855871742,114.14410091938362,123.90943292273784,130.28178356400704,112.72590505890709,137.23373746336804,133.4317414404503,133.32783285787167,128.7219331501555,129.76803790705267,139.93603385553786,45.90139000289117
184,1599.4538774863715,501.1065689363731,0.5626107575294859,0.07290898285980373,-0.1902708345941116,49,0.0,0.12110608782066816,18.353528469180894,-3.1592989245198355,1599.4538774863715,501.1065689363731,3260.767659215132,0.0,0.0,79.20822364336651,-49.50476604165991,301.40068763000676,273.44274932763494,282.6176900775706,287.2765630129311,264.1738820715574,267.46592812685634,286.8543182162559,307.7531900436949,295.9259529931568,320.1855719050038,293.4820765845598,80.18904922590396
185,1230.0468933789048,502.87590954376606,0.4936813593154976,-0.1571952148286923,0.3149774279217755,49,0.0,0.012118058560861532,1.3347578805309428,-0.31350623412829304,1230.0468933789048,502.87590954376606,962.0759501468998,0.0,0.0,79.44523483339762,-49.503785407872854,82.1817709903597,92.73488257086117,86.73306763172377,92.50641088409671,90.23287408870257,84.92845119244876,77.57193504612052,77.09134179918449,80.0962146951575,82.53619511071886,83.93426226143612,31.528543876089632
186,691.9370157867672,504.8170756247505,0.5045261181455231,0.47764143032405687,0.593154783485102,49,0.0,0.012575451952740409,1.383524296364752,-0.3524669757045169,691.9370157867672,504.8170756247505,1019.2525701148754,0.0,825.1719293687806,79.79045933122644,-49.50175577355976,93.53849332425249,104.14121727128972,86.235418057152,93.07459618538192,91.6193420660166,81.98126151315702,98.13785980348129,70.94919523293657,88.53417110372345,79.77758446136144,100.86469100142318,30.39874009469975
187,1449.6151315147883,505.5992585645194,0.5699548618991959,-0.35891665714057436,-0.16592038439530224,49,0.0,0.021176588816705606,2.8029206436579166,-1.1190270054519647,1449.6151315147883,505.5992585645194,1023.9210999937732,0.0,0.0,79.30435827382638,-49.502853822485235,78.08293614977323,97.23025468992887,92.01113064988951,68.31270485552773,97.72795187644257,87.55030740874832,101.06512987059781,107.42848788777448,98.09597983677828,82.42375245642384,82.7168975838917,31.27556672799692
188,1099.7992896693681,505.6237826284978,0.5467233288317604,0.009007854249904523,-0.15531247699633954,49,0.0,1.5158872184957601,223.83870359878807,-5.874837954655444,1099.7992896693681,505.6237826284978,29560.674581001025,0.0,0.0,79.52879259525234,-49.50243926470468,2457.727518501215,2527.4277395677127,2553.874287728853,2603.526977181853,2695.4593699077736,2757.3258291518086,2601.7761405679967,2638.76643647531,2613.5533266972134,2732.6097570067996,2611.8691264030376,766.7580718114567
189,580.8001788300876,508.43350958386714,0.7240500360953777,0.3079677421107441,-0.31765675328241194,49,0.0,0.06510395983276493,9.610281518052915,-2.4568402745683944,580.8001788300876,508.43350958386714,1874.746859851748,4.425672389169213,176.71077052964228,79.86173554317867,-49.49986899487164,16.993154028918553,449.5602628894874,259.62910893556625,273.4869703322621,77.85813242978946,108.13948763168474,19.877018394989545,185.39006114277905,100.59364717465063,357.93312342260833,17.89607136599699,7.389822103014998
190,1466.0324115272904,510.43959380811526,0.49713848424576274,0.6097882229034964,-0.201920964463729,49,0.0,0.007909984467241457,1.0306579900160793,-0.03278643602548934,1466.0324115272904,510.43959380811526,792.7402450190818,0.0,0.0,79.29382163871908,-49.50084545614529,60.6110412218315,77.11705715097766,75.73706861873332,62.49595275053965,79.9192711083007,59.82674190337781,71.1350631423069,60.58367359939275,74.17214800598468,73.35509297627524,76.46197588563747,21.325158655724017
191,1545.5929162463262,511.10133972030684,0.6628376520080569,-0.4989971733831754,-0.7326956393920853,49,0.0,0.010684432318330866,1.159951295603235,-0.16109938579397137,1545.5929162463262,511.10133972030684,820.5400642839803,0.0,0.0,79.24277852311839,-49.50059647186993,70.95448435571234,78.76163483032374,64.94488858931159,67.01781961300907,65.8115360595358,75.88382406731063,70.20822804387524,85.418923922689,77.3370283029081,74.38235643690264,67.59481738835103,22.224522674051215
192,1889.89004813805,513.066266793821,0.5435459644610968,-0.19079074984594666,-0.1185258136537421,49,0.0,0.012843951715937342,1.7698590570587822,-0.6198467066123813,1889.89004813805,513.066266793821,843.179069169488,0.0,0.0,79.0218956168607,-49.49963460534576,77.91282358351283,59.86946093592365,75.89071889698133,66.33123545626654,80.34471438589298,90.8580384228866,63.53261415172469,72.74417899395151,74.53206797794044,85.71350448453558,66.97069976918428,28.479012110687602
193,2544.098569473999,513.3160839979106,0.5548903307839075,-0.18926203119869012,-0.3862349829375277,49,0.0,1.683800548497682,232.368863736959,-5.915444835832458,2544.098569473999,513.3160839979106,38131.61877094256,0.0,1428.5334942606542,78.60221290809905,-49.49809983455262,3128.0110275464385,3375.070977236923,3386.3735462360128,3331.4744202830598,3495.363146044996,3366.9506243075657,3489.815009671226,3420.3113784734214,3363.9920655627375,3472.416288988821,3309.54644085192,992.2938457394334
194,1619.0848668204362,514.145403525449,0.2483650245562525,-0.9228684449056613,-0.48746305024452713,49,0.0,0.009798079456560506,1.363740714292526,-0.33682951624077406,1619.0848668204362,514.145403525449,1026.4629627783925,0.0,0.0,79.19562947170824,-49.4993329263579,86.49989062310547,87.85482843466593,103.94725019139666,73.32679832126541,89.38595402970967,92.22240897723711,90.60659050475329,92.66939645944188,107.39721100828245,70.3967691655628,92.5354366543414,39.6204284086303
195,1262.587208425923,516.1894777916151,0.41684345033790754,-0.10327396492832265,-0.37607125244313677,49,0.0,0.013034621323060576,2.1115995987790934,-0.8115289270237107,1262.587208425923,516.1894777916151,883.1523654842038,0.0,0.0,79.42433279557505,-49.49827936783873,76.40691600002482,74.63875999604548,79.03650349519648,70.01007389153185,77.19092378662283,86.19387461421381,90.51022807992594,89.66129012866529,71.28224759977512,67.08798708781886,71.6576641620567,29.475896642326525
196,713.4956159757086,517.2393778401446,0.4062116743339473,-0.02515143580999289,-0.35289111342937846,49,0.0,0.015051919837839645,2.0589799922346916,-0.7841303161513355,713.4956159757086,517.2393778401446,1174.7630216124546,0.0,498.14196932780794,79.77656912209643,-49.49664905653721,111.78938734483744,103.96579731154759,107.1625499350411,91.32629557995693,89.05993776052833,110.11102809498408,109.32699849122695,109.57881482666416,96.30623736150922,101.03866552723804,104.81414976614933,40.28315961277145
197,2115.0513836583277,517.0287657649799,0.7419856437063068,-0.37306862831555926,-0.1482641055014155,49,0.0,0.04291649575197611,4.901372500753414,-1.7257942745809849,2115.0513836583277,517.0287657649799,1470.2949696153694,0.0,0.0,78.87745798151876,-49.49766262027892,124.81090335852073,130.2637064595238,121.3643839892324,121.40410431873627,132.24053003800933,128.3323023984227,143.67879034322405,126.32470873243673,127.52473974711233,124.86813977820674,151.26720778588015,38.21545266606404
198,2159.1613619159994,516.488086085123,0.896851098991767,-0.2808487973959194,-0.17137037995360477,49,0.0,0.08000286839899845,8.084574201279077,-2.269142878508167,2159.1613619159994,516.488086085123,1808.0446998333555,0.0,0.0,78.84915966555268,-49.497803923931194,148.69834019319444,139.2846611275482,165.81031501814283,161.51799814841297,146.5726021180438,141.28750691912037,153.65834262747785,169.52946679793814,189.47302039819425,186.41837003222702,155.29059923741997,50.503477215635776
199,2216.0402979856385,518.667434025705,0.8686406669557316,-0.4131324134557342,-0.22970318092755743,49,0.0,0.023398758047826068,2.2078915381584383,-0.8599443375701442,2216.0402979856385,518.667434025705,1082.479763739351,0.0,0.0,78.8126790353655,-49.49677748576161,96.31261553103263,113.22810096510504,90.46433344159796,79.70614980474403,102.88088200687186,106.89598744041552,105.3711152593495,106.85388898427709,84.37360270182162,83.23553699922911,88.15018551570715,25.007365089199567
200,1147.5759976766342,519.7492790988003,0.4168852766698274,-0.4238945085902488,-0.20800087394521138,49,0.0,0.01553216536091521,2.3372747207437468,-0.9217744047407641,1147.5759976766342,519.7492790988003,926.9083993400916,0.0,0.0,79.49810580240593,-49.496634905720605,61.4559378894091,74.75425695460292,88.5300324617988,71.47877547743047,102.68374161297638,72.4107185114073,84.96993353987199,87.8311607193847,92.17394445970733,84.27304835790554,81.32210368989462,25.024745665702447
201,1300.6550030694177,520.3722179572211,0.9349685848078392,-0.19339248941990186,-0.06881009785761028,49,0.0,0.019243812142104067,1.8076681003049901,-0.6427967353732442,1300.6550030694177,520.3722179572211,883.2010547546784,0.0,0.0,79.3999046490213,-49.49657973811604,74.41476149425404,71.2328629442028,89.35098521547701,77.23766658120798,56.33996793131072,68.24874954675673,84.1987010198978,79.63721057051578,82.37093921458579,94.2541360143876,79.24386629962237,26.671207922459818
202,840.9493611574222,521.4300210004577,0.5255230668369716,-0.042167097590449114,-0.21135860551339727,49,0.0,3.798864885455872,555.3963918716639,-6.861507635081706,840.9493611574222,521.4300210004577,86088.82989227927,0.0,0.0,79.69479406729961,-49.495275314900695,7126.489793766813,7421.275407472987,7533.3491005775195,7648.865735823478,7839.656627975739,7754.393567130313,7720.0343381400935,7727.120046995484,7648.740451538239,7768.981551781455,7626.862200113414,2273.061070963735
203,977.6398673362072,522.3920030186858,0.32187871306258414,0.3369218619153476,-0.24834896210057042,49,0.0,0.009363967971017793,1.515039568074136,-0.4510599384850112,977.6398673362072,522.3920030186858,868.4379402599291,0.0,0.0,79.60710883088164,-49.49520963824513,69.32248260979573,78.40057194628253,66.47005279802431,65.36698240588233,76.52277126618729,72.00236230326529,79.49758334211513,84.98585429780451,77.90530545214332,88.29175167418896,86.00514427888217,23.66707788535748
204,1195.6890499454419,524.4587196729354,0.6353162335943194,-0.18644200271292619,-0.18279991043535787,49,0.0,0.091374743007357,12.362613007105445,-2.730275686313493,1195.6890499454419,524.4587196729354,2068.898055724144,0.0,0.0,79.46723110807899,-49.494745970854076,169.56420909537894,189.46289136081356,180.80170201848227,191.61626595533863,178.49787672725196,193.4476802715952,191.89476956729598,173.43805047685493,176.34942946612313,190.90583581251283,182.04576037623974,50.87358459625645
205,1455.0727036087187,525.5316572489534,0.5024362920281094,-0.019917227894817313,-0.06606080297275407,49,0.0,0.06237134951732453,9.872639508244097,-2.486083198445489,1455.0727036087187,525.5316572489534,1755.1195944161163,0.0,0.0,79.30084104481546,-49.49455205300659,132.22108453362708,147.6506962065566,150.56085013271095,159.91732322434916,167.58300093354273,147.61998776461775,158.9297995715463,148.21433701034414,158.90133093898302,174.42975350245877,146.71815608501896,62.37327451236082
206,1349.8251794005164,528.564304790618,0.5777931605093481,0.17533408903434508,-0.1776542896935071,49,0.0,0.030465898066723153,3.6739872624163223,-1.4128441157220424,1349.8251794005164,528.564304790618,1292.869147885784,0.0,0.0,79.36835075413869,-49.493214599647835,84.53849913243891,100.17779281549338,119.96181067760327,115.20158715385598,124.44317599489743,120.58200845715635,109.01476331452677,122.26866690920036,134.01076248035514,99.90141299473369,120.61567696246537,42.15299099305733
207,1876.6523225539595,535.5145102630553,0.5338185723308526,-0.07656029460234383,-0.19844327903641598,49,0.0,0.0837642450064753,12.557460379697504,-2.7472545414556566,1876.6523225539595,535.5145102630553,2140.1608675408315,0.0,0.0,79.03042178723143,-49.49029506697611,181.94418562382197,178.07349046878096,158.4006425364027,189.47632804056462,187.78830870188315,211.71928263331057,197.85523149268582,187.81435729018733,206.7387142541387,188.5821224481624,199.1628820047797,52.60532204611372
208,2123.9013961967207,534.9662693768765,0.6060077736233078,-0.19783779276113103,-0.306534520790474,49,0.0,1.1044108573587659,155.1785572685975,-5.477079274533226,2123.9013961967207,534.9662693768765,19506.170590803875,0.0,0.0,78.87183158222571,-49.49017295194863,1690.07554290013,1757.554093223746,1726.4141153158398,1735.999192582326,1797.1113104716583,1673.1338982996676,1752.1270408375906,1768.057827926757,1694.0584205955483,1714.3516594761932,1703.2529936949736,494.034495479451
209,539.2515596659999,537.8586433068482,0.38032136858217397,0.2023901241869805,-0.4030224307042041,49,0.0,0.04343924210522426,6.373003849669123,-2.010860452048383,539.2515596659999,537.8586433068482,3472.197026958732,1.5230476816716332,636.5736458605561,79.88821901868074,-49.487456782061905,46.027409708392675,119.72842824154425,284.29755664480007,385.07313355403636,391.3634061105564,141.5805873561456,198.7388380792202,835.3353127849922,417.0314717917224,426.72211835223203,226.29876433508952,0.0
210,1964.0301531301507,537.3761889154865,0.3799819241879289,-0.687215684360725,-0.10579558508780895,49,0.0,0.019279665441801448,2.453811013857391,-0.9746027786186249,1964.0301531301507,537.3761889154865,1410.728929565148,0.0,0.0,78.9743797884661,-49.48942031125336,118.82219726054745,134.71533898056478,115.45665497769451,115.82730197201803,118.99791927375509,122.66068666872675,126.25682738290695,122.54673970922194,133.9027489907832,129.06332227537123,129.41958256550765,43.05960950805038
211,1214.7037653365976,540.8718297199813,0.5523398696002962,-0.11725326193144617,-0.253374724281884,49,0.0,0.1110419239886486,16.728195837610556,-3.058622760352554,1214.7037653365976,540.8718297199813,2486.2743731577184,0.0,0.0,79.45499933696595,-49.48793431103553,185.68542043754218,245.56370982520014,197.68425649287113,196.6688189466597,207.7397305818413,237.10128888468648,211.8197725490022,205.03320835559302,252.628500576481,226.2832229829304,255.37198322690597,64.6944602980049
212,1686.5940004293495,541.0273299172458,0.6322612663656448,0.22841557951336908,-0.09772634544876951,49,0.0,0.011721887350329106,1.4639717967596992,-0.413831775430221,1686.5940004293495,541.0273299172458,784.4179602636049,0.0,0.0,79.15233211887649,-49.488120276149836,62.987169908313646,79.13076483172446,54.997486904748584,76.56407873438516,58.4371171624861,72.56133739448653,57.50945487859194,81.19280473266772,74.16488057411259,71.22045076069179,71.72755012721532,23.92486425418096
213,1906.2422554485165,541.0661654039008,0.6212416352019715,0.08791888664834355,-0.17699130329524773,49,0.0,0.009956991131541281,1.1224925199648876,-0.12545863911312918,1906.2422554485165,541.0661654039008,850.6240789948538,0.0,0.0,79.01145144807012,-49.48795149807503,85.8329795559738,83.76409771702936,67.68675842866338,66.45528684453276,75.36659734068739,75.25179304260205,72.11701381820365,81.59517617784927,74.3763170912616,77.60329986707445,70.79359944403566,19.781159666940546
214,2488.898413682591,541.6999560576185,0.5571187041064527,-0.18344188867896327,-0.3800645130586643,49,0.0,0.10747051863243215,14.937603617344005,-2.935702327158926,2488.898413682591,541.6999560576185,6978.093900674949,0.0,0.0,78.63775938888136,-49.48645387806626,631.3112783055348,653.6729007726204,600.6188305166817,663.1851024310233,637.6074339983229,623.8179959033018,600.7701356271285,562.9025796879846,624.6062175732479,584.4922466748841,599.4141595799309,195.6950196042876
215,923.73617584198,542.8196955068307,0.46849978121269403,0.03219382603211482,-0.22501310022854878,49,0.0,0.012745740467194785,1.7324265630311502,-0.5966370851990741,923.73617584198,542.8196955068307,892.5004015572733,0.0,0.0,79.64161107884517,-49.48657461831965,77.22612712092592,74.9011371814384,83.99355383420814,76.32355696526281,78.54119692705356,91.07245502650156,85.85963150458994,77.56617443950226,87.44922890802272,78.85444476180291,63.133240455733606,17.579654432231536
216,2000.7490187694273,543.0841055863374,0.9991534313449753,-0.1779570172941843,0.030273163005690745,49,0.0,0.014666289573140822,1.177756766752363,-0.17763902034566198,2000.7490187694273,543.0841055863374,899.7750698637249,0.0,0.0,78.95084055201984,-49.48699245086282,82.4922699729432,70.07398432319289,82.72420123521923,87.39318899427201,74.0130051104818,91.91421783963943,76.17360919852149,79.85767311796901,76.5904875642218,82.05733740991872,80.6442384441863,15.840856653158982
217,632.8385546801768,545.3823139559478,0.8063999459458736,0.13229258919966103,-0.04900711721506976,49,0.0,0.01182600994137009,1.1561099872126313,-0.15749788228586525,632.8385546801768,545.3823139559478,875.6001989726426,0.0,865.3263720100274,79.82815937044472,-49.484658926872925,85.19182372529374,79.0924532714716,69.85848727751303,65.2249632935171,80.53065105789732,78.71121252619335,78.15045503714737,70.49121301945252,88.19246140723745,82.7463996321456,76.90039673552556,20.50968198924783
218,2809.688262933525,546.1622335378977,0.9165739931357995,-0.09159424124698355,0.5555479547583211,49,0.0,0.010224121939663116,1.211999337952229,-0.2087559564985805,2809.688262933525,546.1622335378977,323.194772038995,0.0,30.422876013517936,78.43206510526694,-49.483401991517944,51.69117466258943,21.205562295150216,0.0,0.0,24.88756466793231,41.51862573336869,30.352792592788383,47.57940150526919,28.784245710142102,18.499767586711787,58.67563728504288,0.0
219,2523.7989297717363,547.1577236102675,0.5028935088017707,0.026933312454037774,-0.3432781999956111,49,0.0,0.02462583833311629,3.102703593838961,-1.2293507218248045,2523.7989297717363,547.1577236102675,1310.938840206412,0.0,0.0,78.61540409252291,-49.48406796689736,111.95881962099479,107.75932365397854,123.85365341229635,102.37296350738829,120.75613223446157,112.94548498028493,115.23307869580057,127.74093420077085,99.9634621010039,128.14601591697118,129.3866752818439,30.82229660061677
220,1236.3001982262128,547.9390536040667,0.5955170761021797,0.2627368599885531,-0.333348367690386,49,0.0,0.012987895177378639,1.5184865797425433,-0.45352739503229494,1236.3001982262128,547.9390536040667,891.2292716338472,0.0,0.0,79.44113374363704,-49.48501855030326,78.61913366705636,81.16351783313189,64.13687411494459,82.5180541644396,83.04962997516205,87.11564526548305,73.66237610847946,64.84778865200727,80.70182321166374,78.11191533106776,88.82584427910949,28.476669031302023
221,2111.863985073763,549.2189007429466,0.5952503710160876,-0.34277390311019984,-0.3379081822764796,49,0.0,0.06331695738057419,8.561928455587603,-2.331428986252929,2111.863985073763,549.2189007429466,1971.064515254151,0.0,0.0,78.87959198492761,-49.4842568899558,158.26908315616612,187.38336077202536,173.78446619697417,175.75235963181876,185.57714806040713,150.6412937476618,172.70887426904386,172.70458763616483,186.69201652746494,189.697453832693,168.43897176423317,49.41489965949794
222,2582.5978712924616,548.7196538295894,0.6062285129374143,-0.10121974055293169,-0.41645405971717847,49,0.0,0.2181228199527949,27.820851318356265,-3.6109260381882042,2582.5978712924616,548.7196538295894,5345.983887235832,0.0,74.50499663581418,78.57770525486583,-49.48321863554438,448.963993692533,432.4015462156374,478.60516011242134,493.3822989607453,502.4821957106682,481.7133243171812,445.78231361930216,475.12567929952405,483.0368592222013,476.74753719750504,483.39930328642885,144.34367560168423
223,2805.425828653277,548.7719940240524,0.43184982735600486,0.5868840397768915,-0.24955642439115117,49,0.0,0.005581127487102692,1.0617044718859836,-0.06500911650991677,2805.425828653277,548.7719940240524,276.81648682076263,0.0,40.85555688914631,78.43481544246423,-49.48233299335051,57.70438777834472,11.380680637476157,8.430651232324633,7.173626623308039,17.39035239777934,19.78943182251676,17.875676591235486,11.090278624455873,36.71007827121948,27.36292121231255,61.90840162978961,0.0
224,2490.2962454165786,551.2592733245428,0.5545871377605492,-0.14835678974866537,-0.3751750589701009,49,0.0,1.0383513235220083,146.29580394662577,-5.413079674695371,2490.2962454165786,551.2592733245428,22997.74272374189,0.0,0.0,78.63690903524704,-49.48246685261511,1975.353336866237,2009.122595441214,2021.1003845305058,2009.9273662210437,2046.934835745094,2109.69137631835,2069.2966955985994,2003.7266599325708,2053.7189984472525,2018.6297205652681,2071.85124726384,608.3895068119139
225,2061.089340096852,551.787708903476,0.6184581911966036,-0.09650841963736509,-0.07862771217378192,49,0.0,0.014818888428582195,1.7202180172277106,-0.588958730173937,2061.089340096852,551.787708903476,974.4753594977512,0.0,0.0,78.91216182755437,-49.4832741173445,71.39660696412636,87.18991728167856,85.19788755460388,92.00970565432068,93.85637653234656,86.87683131551876,91.20983297034891,80.98257747484487,94.50410898914775,79.39007222541613,81.76524573986373,30.096196795535178
226,2599.291887218336,553.2457820509438,0.3926049001817211,-0.44535865661669627,-0.1347234135020749,49,0.0,0.009568837755641775,1.1612422793718544,-0.1623070989093114,2599.291887218336,553.2457820509438,956.992382394654,0.0,155.68668444221225,78.56702430128428,-49.48127435621742,91.35056535483628,78.25362277302244,70.19087101844352,81.99226856888146,96.58612864949936,89.77409905791357,89.29138000315444,67.95668426616041,90.25928527574592,93.93752106428866,76.1729723013105,31.226984061397367
227,2366.1946998162143,554.4490963017769,0.3416749001530139,0.24294520243874596,0.29882675184921453,49,0.0,0.008360447212637439,1.0064201028082376,-0.006948257582806852,2366.1946998162143,554.4490963017769,934.3340013456341,0.0,0.0,78.71650676509964,-49.48150207073037,83.08988407140525,63.873244412438545,76.81926995616949,85.33150577804113,79.34803334331615,101.53693665711494,99.08322085585789,67.111307097048,60.43383245018103,98.14524633555399,89.05435841774693,30.507161970760855
228,1374.8484845007686,556.0340063617058,0.43608042102319483,-0.031228559248163344,0.226793765381042,49,0.0,0.010501433325046097,1.3911937366795937,-0.35846903438353844,1374.8484845007686,556.0340063617058,877.9702561096905,0.0,0.0,79.35226572024567,-49.48179074172022,83.05700656537596,85.58068020938882,70.96563832604153,79.88659074754804,79.12322279651245,97.0008730249303,70.26425176744252,68.66269418077721,63.77794199119601,73.1789953391496,82.19520232118602,24.27715884014207
229,2469.27869455885,561.2788625591317,0.5527304776562671,-0.11567347867861151,-0.34780612965831703,49,0.0,0.09019339505300866,12.561708541472502,-2.7476217815583235,2469.27869455885,561.2788625591317,2595.7428275501006,0.0,0.0,78.650434320905,-49.47835797788983,220.07972765487017,251.93391942218744,190.67111111734204,222.55274286891415,246.76082760812972,234.16670403078302,228.48766177321363,202.85476482893588,228.00148121465702,265.5754642041905,237.8225543815891,66.83586844528801
230,510.05342802777807,564.9089463363031,0.7846053310894141,0.42961454950881567,0.5936113792839501,49,0.0,0.03607518786002279,4.482186498010372,-1.6287248075233296,510.05342802777807,564.9089463363031,2231.492965157833,0.0,45.39215007481775,79.90678446352655,-49.47607592942683,210.09852424346582,219.34694876323522,354.87375228294627,292.9227539736287,84.3493791051661,297.6103283183422,71.34624600378162,187.11692919105542,114.70012452166951,182.50515498545647,92.95739358646607,123.66543018261956
231,584.4008451832831,565.8526002244455,0.3312447723793038,-0.4615121641385951,-0.5445507450711639,49,0.0,0.016399054998555866,2.2841316646964436,-0.896802836065699,584.4008451832831,565.8526002244455,1133.4223197997248,81.85850236335322,1155.712004833941,79.85910939401614,-49.475960341871726,91.25247306005514,99.13658338675378,78.74179374945336,85.39502483811678,109.88399580135552,96.74147288777164,115.39821124392572,94.13923965085866,102.5248924918698,110.15685162224061,130.96829297569354,19.083488091630443
232,2663.8582278867502,566.4977408021626,0.45628061494554406,-0.1369560502816416,-0.2477634542757852,49,0.0,0.014129677874926047,1.5369692878460497,-0.4666629734789495,2663.8582278867502,566.4977408021626,1135.2515104328052,23.693711346815103,907.7421530291618,78.5256978905861,-49.47551741017272,98.75863621467829,98.25349660832075,99.46323520586273,93.08408190189243,103.72997611158289,116.11279249397987,93.12758680288422,88.9483835711724,122.30759012178694,94.31352757889897,95.34491775269422,31.807286069051464
233,1014.4859398936687,570.8493591163773,0.5798126108855726,-0.20806776177119998,0.1075148638801022,49,0.0,0.01115556585529971,1.031242055340985,-0.033401539446804865,1014.4859398936687,570.8493591163773,919.4361131381355,0.0,0.0,79.58331930479008,-49.475099683671054,72.53616359760855,90.94155078864483,85.18941942797866,75.06162401026029,73.51074675969811,63.624735234734146,94.72993726298441,77.44154307298345,84.40738897945411,83.83573967667382,85.14484748205189,33.0124168450632
234,1667.023688301785,570.8470254544957,0.8261292895863712,0.4804312564821704,-0.08317185088539765,49,0.0,0.012400509264214286,1.1282446633133205,-0.13100821987430314,1667.023688301785,570.8470254544957,811.4557117087949,0.0,0.0,79.16489518147269,-49.47570141905617,59.41954668688754,84.02499499348613,58.733706996198066,68.49965221272066,67.01689610579655,76.1266392916705,67.4572807302951,70.35396633309577,67.04917383735821,81.42004495748498,87.72413388879663,23.62967567500475
235,1792.1187734859584,571.2399090096947,0.6298167123567773,-0.18720270372060505,-0.24245896081542545,49,0.0,0.07412680310965993,10.163828733986701,-2.517643345857483,1792.1187734859584,571.2399090096947,1792.2996488354786,0.0,0.0,79.0846805221286,-49.47548049662881,152.7566920610661,145.0671358641211,173.26168834723376,173.76160440896084,155.8690401569068,160.27836085659226,143.69355544352203,159.58359712463425,157.4126162290243,155.64790003715547,163.4454579116968,51.52200039456506
236,854.7460401143584,573.4967563273902,0.573909564636697,0.057855653810930226,-0.17487108260817483,49,0.0,0.12872503537893054,18.21283302569536,-3.1509437650541776,854.7460401143584,573.4967563273902,3020.7820707683723,0.0,0.0,79.68573357546063,-49.473619695331244,241.09074882940308,284.3561059078902,290.0433964252655,282.3233865074664,252.91115482483366,264.0179672875805,278.0578845369031,274.07310927179435,263.10232583000857,243.2574709300647,256.0881715679666,91.46034884919516
237,1072.177222043571,574.4478972062393,0.5070955212216878,-0.22303743570817527,-0.41244091834204627,49,0.0,0.011106833934529482,1.3257246987044196,-0.3061333685300378,1072.177222043571,574.4478972062393,954.0247758023185,0.0,0.0,79.54631681782023,-49.47371433305126,88.2777537830803,66.80339102512607,87.68548034126187,84.29496371373341,84.02840288213585,95.27669510391283,78.18687017167744,91.48211686627056,76.92449370984414,100.01733399811879,75.57382966947279,25.473444537684358
238,2351.746615497169,574.9992509703766,0.6424004039464319,-0.36713778847341977,-0.46022683892800825,49,0.0,0.01226916270256602,1.309739660624896,-0.29296244679160355,2351.746615497169,574.9992509703766,916.6230443196802,0.0,0.0,78.72585566519541,-49.47297914176153,62.04139642764345,89.6878337007654,69.50994018525171,79.4667032330912,76.28921676443468,75.69506369895286,76.83133229555102,96.153588230873,92.83202789058386,83.11058469701145,84.41307675377499,30.592280441746432
239,1863.6253484349593,576.1454590720222,0.5579589174814015,0.37237310195119666,-0.04648841127497096,49,0.0,0.008980807636239404,1.0631605000133146,-0.06649708183601934,1863.6253484349593,576.1454590720222,806.7686290169904,0.0,0.0,79.0388355073817,-49.473379011770064,71.15341688748171,70.61504429470877,55.640183743531196,82.9953635492658,63.72920294992535,65.6711842931431,74.5540732797619,68.3699742882777,72.72787047856565,68.37184012950252,91.22761315072363,21.712861972103013
240,1945.3245061325422,576.5173138729195,0.5046170910771588,-0.1110096489833955,-0.04741994179277881,49,0.0,0.008225662553662569,1.0571155103905137,-0.06030611250774261,1945.3245061325422,576.5173138729195,821.8089415310961,0.0,0.0,78.98645086356987,-49.47313606313221,68.79529257869365,97.53676140151956,73.03677242166737,67.95264448659682,75.01540546848176,68.64796683615695,73.46735410868729,67.735552771558,66.46776940739494,78.1095958576653,60.11245205053851,24.93137414213603
241,1974.5798825120055,578.0524566934309,0.42638445379609763,-0.5246768503534931,-0.1375176212275812,49,0.0,0.00927688299412168,1.072321138474197,-0.07581216810541401,1974.5798825120055,578.0524566934309,1666.7388823572314,0.0,0.0,78.96769563036145,-49.47245919094346,141.94979553745628,128.9908590372494,138.67611482319205,131.27855237554212,136.6094956778943,150.04749219530416,141.1337826551565,145.37097762448872,165.7105263916397,151.41076747387785,181.85632130404971,53.70419726138073
242,530.4501367957716,578.3068802943922,0.4112311192623759,0.13184838517416275,-0.36938661827946667,49,0.0,0.05879806569503334,13.23606244131164,-2.8043970182075117,530.4501367957716,578.3068802943922,2430.897541783632,0.0,313.437616381212,79.89362896014896,-49.47057226145527,154.9159031865605,206.22048377342955,402.4312474892603,380.4209278061069,283.0783381161236,108.24916052844819,25.230293791863627,36.19514365260612,400.8050094982688,188.1399047265994,241.70879891333857,3.502330301026496
243,1051.3604453960315,578.9532940182916,0.550662125236993,-0.15046930647156395,-0.2374428914995458,49,0.0,0.06619444494680413,9.828230989292871,-2.481188387478086,1051.3604453960315,578.9532940182916,1755.4531531697858,0.0,0.0,79.55965094789387,-49.471797476377745,138.65773286336236,153.74050550665362,154.60043809920367,165.85074488101435,150.86796964576894,151.4983232298557,155.08195586224855,160.40742859944015,156.41584198391723,172.26226836712016,163.51224098127858,32.55770314992251
244,1077.2871546275376,584.6564923307877,0.40910062009074377,-0.21455801029286245,-0.10502748326368673,49,0.0,0.01893790688713349,2.619368971772729,-1.0454916967295977,1077.2871546275376,584.6564923307877,1161.8939771394803,0.0,0.0,79.54301142307389,-49.469470580652434,106.85345107135629,92.10457526619821,85.61836761564034,112.40441011417758,100.3364070020406,100.57845654175281,113.35890691354103,129.24174946649188,92.62712980563705,106.96821556609561,98.14832183379113,23.65398594275782
245,1973.304761997971,584.0409030065691,0.34418042017075184,0.22468926886200366,-0.5204069130607872,49,0.0,0.027500041838681984,3.5711039820476445,-1.3820062399961273,1973.304761997971,584.0409030065691,1730.0916404123534,0.0,0.0,78.96852531511351,-49.46996585131238,149.16991740699555,138.96664264250785,151.7078225646523,141.20293801623868,147.07991503734442,173.54997501297692,140.44344057942763,135.57836766237708,160.53653834870218,155.1673993697495,179.89718214154317,56.79150162983835
246,2080.637100342356,583.985088440416,0.4520810588402039,0.7618628275596474,0.6381133945808729,49,0.0,0.01204395774041529,1.362369757371207,-0.3357374858879358,2080.637100342356,583.985088440416,1049.9983541311485,0.0,0.0,78.89970925308357,-49.469826892707346,71.56379822598673,101.66607693313783,91.44061200508976,91.07387652856033,103.11247103683235,86.8552389625379,102.8087209172446,84.95097478022244,83.12159169039231,107.97559575549312,98.25554607031223,27.17385122533898
247,2153.6325937208303,583.7451339369318,0.6326052767140451,-0.21133949742735492,-0.37458881449165204,49,0.0,0.015872152041670192,1.5648053517154112,-0.4861508068892625,2153.6325937208303,583.7451339369318,1029.2303630020492,0.0,0.0,78.85290809067128,-49.469793224765084,93.2183752651341,77.15101205386034,92.47167637753266,82.62714644895078,88.17351350763916,92.7705513352781,101.51684369439664,90.77784843727173,91.84280888733818,100.57771987579142,101.5362254079032,16.56664171095307
248,2380.6381156682096,585.5432480051898,0.7793239752861232,-0.41547043959554786,-0.6637036146578807,49,0.0,0.013165856177324587,1.2189208513056102,-0.21493876577441123,2380.6381156682096,585.5432480051898,988.1122278423478,0.0,0.0,78.7073760305855,-49.46850781561187,85.44083867891307,98.86015315603379,76.92957725543448,98.94898631954132,80.44987904531615,95.53010869024499,71.87178843434697,95.13352580120369,81.61055862628446,95.93878142769341,89.90680515282878,17.4912252545068
249,1362.0294529376222,592.286793765498,0.37867351021691475,-0.2858023798072335,-0.3192811831325029,49,0.0,0.00706157552472046,1.1093940421504913,-0.11271457307438121,1362.0294529376222,592.286793765498,759.2044099380698,0.0,0.0,79.36043984162825,-49.46667576207061,71.14126028563855,50.28202192687092,68.16419802541976,69.60684969913402,59.92102782622618,68.58005525909091,55.95278716109479,72.30168888268568,81.72364925513048,73.15778264616645,64.28547689232032,24.08761207829174
250,1497.4682650859736,591.44270769377,0.47331179524589617,-0.18476149545077872,0.18119063487521564,49,0.0,0.010606183715960357,1.250657345937787,-0.24284584587152197,1497.4682650859736,591.44270769377,896.944789046003,0.0,0.0,79.27360838257262,-49.46710939145572,78.23564706159263,82.9619016912067,83.35137049384669,66.73688271785889,82.48234774012698,75.13723803089104,63.56751659145871,81.82549168199853,85.03887011058973,81.81550941785014,78.32074953243942,37.47126397614365
251,576.2331155948646,593.0037542415372,0.6284095049994818,-0.28972342121483374,-0.23626334060834736,49,0.0,0.021984016054573546,2.51651905683489,-1.0020005588147138,576.2331155948646,593.0037542415372,1128.5997058291023,5.0,1141.948912853301,79.86419567173166,-49.46461918872977,97.62481148518441,115.63253109737192,80.28538220584136,95.16240020829356,112.44492442695892,109.0938497913198,91.10438426864195,80.14014560641401,108.67721450685052,119.152713789801,96.96100513436608,22.32034330805869
252,1812.0758184660522,593.2091420645459,0.4276955872959533,-0.9402911442484271,-0.5818629430091297,49,0.0,0.013540400038011772,1.677690159744896,-0.5617793931120326,1812.0758184660522,593.2091420645459,1116.1617597474358,0.0,0.0,79.07190867785096,-49.46631291642395,80.00757159171107,81.51949318550425,110.55512456312886,89.67149532860913,97.95087863139213,98.5795427333359,96.51052614330933,101.10940578160006,121.74668071493494,81.07972307950239,118.10524027074167,39.326077723666074
253,628.9797542040337,597.6379236662308,0.5107066818000798,-0.5913882764148123,-0.3678225139939492,49,0.0,0.012655396926570375,1.4857217481336236,-0.429843701614147,628.9797542040337,597.6379236662308,1040.3853850917442,0.0,493.9707896640473,79.83035888367704,-49.4628749876506,109.35563736554269,110.27776495712938,72.24818929766856,77.62580546339194,80.6488353409226,87.05738220925362,78.34977314535922,85.11625851671914,102.64527464701712,102.1463087201835,102.0811306435904,32.833024784966106
254,2649.6722139712742,599.4999206220326,0.4279785056123111,-0.43816516513509846,-0.41147397764158655,49,0.0,0.1464107432364525,23.043800259383175,-3.4063852554089995,2649.6722139712742,599.4999206220326,4392.674412275021,24.553132466003426,889.1020760622193,78.53498111361783,-49.461821303980464,398.5724454425201,400.50371281713495,412.09417252402375,422.8802181672089,410.656034190033,371.68403452010324,345.6338010346689,389.6316031508138,412.4997768195961,403.2156168262843,333.74579430122833,91.55720248140409
255,1423.0590151759031,599.9700768241465,0.9627066613985256,0.2118491401144683,0.2675703222112131,49,0.0,0.014112194294071883,1.2349681364075022,-0.22913938111286652,1423.0590151759031,599.9700768241465,783.2589174531946,0.0,0.0,79.3213055165169,-49.46351954209081,79.57190116821835,69.9689546764403,61.32996673713135,76.33700978877565,64.43121545475091,74.09531264889051,48.15370958161806,79.6858952876409,68.8632731670014,72.7347595679484,60.88647549770417,27.200443877074715
256,738.6759095354349,600.5845119623234,0.5592641265842567,-0.09627617311280905,-0.21917000081445373,49,0.0,0.0665464882365124,9.264915350825879,-2.4171036393215437,738.6759095354349,600.5845119623234,2044.9522341505435,0.0,0.0,79.76002753178817,-49.46200361189218,172.66093609887741,191.7270624691302,177.49960038711228,185.2917606323663,185.62409289307635,174.7671713528759,184.80589812206532,184.9394471093945,152.74886001496566,211.38957528442995,160.68663148866142,62.81119829758813
257,1384.4813026408265,602.1230929298101,0.20250201740072088,-0.04737556326294453,-0.23176755002079,49,0.0,0.016658388751995563,3.625101579919563,-1.3983004513919761,1384.4813026408265,602.1230929298101,1157.0046457111898,0.0,0.0,79.34603413789851,-49.46259561278382,98.967352685044,94.63823618694715,105.60298456875879,98.14622747192143,113.67291885660413,96.60707416963677,104.5250860840386,93.27369899794934,108.2788981310535,104.85569839218032,109.49138426370641,28.94508590334935
258,1991.8849239243712,602.0043749587734,0.9744575367084303,-0.26423507469932633,0.021268338599385827,49,0.0,0.015628471350287436,1.3739107777899937,-0.3448963260380527,1991.8849239243712,602.0043749587734,809.8108511930595,0.0,0.0,78.95665071696784,-49.46245638563411,63.69689147279363,76.6477523915066,79.10651311285844,63.29252383322465,68.40361031080164,79.64445757284284,71.74584232738874,68.18188928202574,68.99718015155241,81.46061058370694,55.85273623975619,32.780843914601725
259,886.4074099871067,603.4294418146492,0.7593930332887758,-0.17378860691937198,0.01800452774901342,49,0.0,0.022984402661427403,2.571118212797355,-1.0253051118573928,886.4074099871067,603.4294418146492,1054.5699915205394,0.0,0.0,79.6653172228978,-49.46123072106864,105.74802558555245,86.55076016415677,79.46969208790303,81.74318552838665,101.19124268971896,102.45686775983103,76.27542959125051,97.69024296453381,100.5147891376934,90.39940728949745,98.19419015012605,34.336158571889335
260,2616.04507026467,603.5049003171599,0.5813638333300659,-0.36388927435640345,-0.2369551379304797,49,0.0,0.017114577066768732,1.9061134864698623,-0.7003718854047563,2616.04507026467,603.5049003171599,1100.8903936027214,0.0,0.0,78.55655792139132,-49.460275740162906,83.32541570078456,105.62025030604987,90.90807902551782,98.32167333054008,103.33008357442276,104.93878712093337,96.36456191284981,85.2551164700291,97.65558840706208,107.56943363831843,90.30632533488892,37.29507878132452
261,1167.2029786246076,605.6992854939293,0.4210272629632529,0.007154850162922359,-0.2034797126153219,49,0.0,0.015493693950828457,2.19315944577177,-0.8526755166101609,1167.2029786246076,605.6992854939293,1090.7588129252415,0.0,0.0,79.48531330935383,-49.460855710644346,78.94018000894289,93.75949575523629,105.68079974112044,94.85721517513855,100.78366885474622,103.87650562478034,104.05029565653358,90.98404060103334,96.2732680642321,101.78194787464751,91.48381158323312,28.28758398559713
262,1935.3858369802372,604.6227831627778,0.41009544266404446,-0.3109794272088682,0.17445425479434448,49,0.0,0.010077404624636365,1.0346625217952845,-0.03699679520171936,1935.3858369802372,604.6227831627778,1143.237772497133,0.0,0.0,78.99287447643376,-49.46143813547129,96.37034550107708,106.77153731487942,97.39462082715355,97.79648610282453,97.17504736342923,99.47743535274361,93.00325713344421,108.91389614756744,92.92578020691752,107.49547859708268,112.04939716531487,33.86449078469893
263,2303.1800941963934,606.1851345903981,0.49921616800002305,0.22557627958357435,0.2111575279741179,49,0.0,0.012228240418050386,1.2802494711821868,-0.2682365127937044,2303.1800941963934,606.1851345903981,938.0460751734004,0.0,0.0,78.75711375015968,-49.460111251477194,68.78771356446933,75.03731690296766,96.40307517099234,61.01141636354768,70.65303364276477,100.0204226455092,89.62992964154597,89.29648746091749,76.32919575085239,99.80785405139139,78.69511649862767,32.37451347981454
264,475.03235505747784,608.8396069206664,0.5849920842194837,0.9973835066784918,-0.011749447123288004,49,0.0,0.041232091346172214,6.093662457970075,-1.9621959849476083,475.03235505747784,608.8396069206664,2028.65121162015,0.0,44.23000060781207,79.92897098484954,-49.45763639624873,442.04595430648266,238.2686903807113,287.7692360413271,306.41843511148585,39.966006741660486,0.32519836485237374,266.3168417857513,81.72087090813503,186.62514717541907,21.14918141171566,158.04564939260928,0.0
265,780.5085767377337,608.2662838057005,0.4621696726036917,0.6873545848603584,0.4412471259342384,49,0.0,0.026959008959228897,2.146219204581831,-0.8291851916500037,780.5085767377337,608.2662838057005,2223.866362578151,0.0,0.0,79.73317799148813,-49.458927798372855,207.50082425804646,207.2767325485832,169.31889709003525,197.07463458101438,186.47491847163676,213.7601178416138,196.72219492371477,209.4465966292644,200.4056356363769,186.20725575311434,193.4263376978547,56.25221714689617
266,1474.7769069019537,610.1662492098261,0.6480714515628218,-0.17777654438165408,-0.16664355517158266,49,0.0,1.5889919921870053,224.469370455976,-5.877892721371989,1474.7769069019537,610.1662492098261,23174.17567206872,0.0,0.0,79.28814354914093,-49.459299139187486,1880.591087877815,2044.9981174860013,1967.1028774485135,2087.8615558441197,2055.311265476442,2141.4552683233414,2142.5684627352884,1997.6007342824328,2108.2967878507925,2051.724031152142,2101.935656191132,594.7298274006992
267,2197.571890468305,610.5401367304338,0.5990414356451472,-0.20995927825410973,-0.2744737600548952,49,0.0,0.013172337827521544,1.5158648472044924,-0.45165120454308066,2197.571890468305,610.5401367304338,905.76695115226,0.0,0.0,78.82482361867461,-49.45853993347346,75.31386481869185,79.57978665315693,82.24810618135751,89.71260401413012,80.7018514000689,70.15763454612267,71.71141118186127,76.3794427047797,77.57044298678831,97.00033639435104,88.56173852899849,16.829731741953317
268,1259.9825685074043,613.1902181311556,0.7811602001937494,0.020152427914268356,-0.5569440123108198,49,0.0,0.013841665202155327,1.3689035003375687,-0.340932085002536,1259.9825685074043,613.1902181311556,876.6794131973942,0.0,0.0,79.42582468710441,-49.45786184466887,78.70702646666885,76.47929538377755,76.32772616673421,68.20041154472857,86.09427456909228,75.13245035724589,73.43134888623499,80.04971876061859,79.02495919846099,79.54724892203784,75.84959158985498,27.835361351939525
269,2250.3277965655575,613.0832100106202,0.9064861302586812,0.009715927905553921,-0.47368363799220126,49,0.0,0.018857327831257365,1.658401485117617,-0.5492241950042139,2250.3277965655575,613.0832100106202,936.900761863668,0.0,0.0,78.79101666927053,-49.457363893052204,66.95213884835674,91.39665297751566,78.67045062117312,90.18735592707537,71.29512499229095,64.55198904000122,88.33455414898509,79.83212382622112,87.86965446287908,89.74859863750595,101.69446401152737,26.367654370136208
270,1853.7944868531238,614.0050506843694,0.5794829617433191,-0.23828410803731692,-0.21502984470140102,49,0.0,0.030062706979575603,4.267316003341961,-1.5753870110773622,1853.7944868531238,614.0050506843694,1084.8364223175884,0.0,0.0,79.04519101109784,-49.457614084973684,97.07454663831066,106.94205653285805,89.55588339593501,92.08827541182893,88.5908342625612,108.45147857354237,88.84807254623871,94.36633326143343,95.15534475416275,89.14883017141742,105.35132923678674,29.263437532513052
271,2208.185913580695,613.9261307539281,0.6526970770042704,0.1516448206221971,-0.7920085113960567,49,0.0,0.011262018391153131,1.1086036209309469,-0.11194073188808758,2208.185913580695,613.9261307539281,858.4935313406481,0.0,0.0,78.8180312796382,-49.457106559419906,86.3474388007209,62.898878331142896,72.09445908665413,85.07536532451687,63.96016721132281,93.50039195643315,83.60313787967758,63.710589419610706,80.22683707841595,84.00774335455924,66.21649642497641,16.852026472617688
272,1105.3278605797666,615.9055397343046,0.6815673023481233,-0.21543442427233764,-0.35968269030649325,49,0.0,0.010335599041601952,1.0316070848589542,-0.033785790296639674,1105.3278605797666,615.9055397343046,783.7344746804356,0.0,0.0,79.52494962288023,-49.45650162903339,62.57262603336477,67.72283814463839,107.01953307503304,69.63163510005987,59.449134576820995,66.84651606966406,52.660048065440236,63.59315143442916,74.57206503919599,56.097338408810145,80.90216542670709,22.667423306271942
273,598.0246449121864,617.6940703657207,0.4801920595714264,-0.2811272650060486,-0.20219653435653884,49,0.0,0.02616607400522514,3.0191446375003568,-1.1997097979300684,598.0246449121864,617.6940703657207,2141.068172335413,0.0,1236.4144835484512,79.85009255298728,-49.454410977115664,179.81263217284453,197.33148594534993,169.81167155039887,167.6022861248145,182.52711153795576,192.85572719266116,193.5398073862308,195.9383484177759,210.03555717758016,191.9305165314354,195.73439532930615,63.94863296905983
274,1388.2280911069417,618.1518245571626,0.6730212010846258,-0.14296328734358657,-0.23239082902717545,49,0.0,0.17841569313499314,24.208951912576634,-3.4599399694286315,1388.2280911069417,618.1518245571626,3137.4903895850116,0.0,0.0,79.3436137888497,-49.45592018238413,281.5141878612236,263.12324661093226,274.872850196303,290.9828030779306,258.83775287220305,321.3479869552359,269.6709364751527,270.81231407971836,276.947143833058,262.75653207325854,279.04028394298905,87.58435160700655
275,1925.027370373327,620.7647102794581,0.5815304049618301,-0.13870595751370426,-0.18613510631478958,49,0.0,2.1300951332441036,319.4712592696005,-6.261079484075949,1925.027370373327,620.7647102794581,34594.81506759094,0.0,0.0,78.99954306559724,-49.45472482293262,2822.803828620308,3056.625844659806,2980.437846531835,3083.1665786920335,3075.28872307648,3092.0316665455143,3093.2331671173206,3185.976891154636,3121.523165192719,3092.9164926797703,3048.003108708518,942.8077546120126
276,2421.035365569887,621.214483392458,0.592469717538986,-0.23525627221597065,-0.4800557995686206,49,0.0,0.04881091312955375,6.643475681963622,-2.0559883740874065,2421.035365569887,621.214483392458,1518.384422789275,0.0,0.0,78.68163576690498,-49.45353163763435,127.84184924754909,141.97085124329365,138.70737425273848,136.97391615280318,142.291050610998,138.40561437511857,117.88266389711184,127.42647264153105,125.85198529777381,149.445540165215,129.7901367176845,41.796968187457836
277,508.30193823217746,622.4540663021147,0.5067712681393182,0.14262759612251433,-0.15839052813856427,49,0.0,0.02075568286981866,3.6836707628875396,-1.4157020178111834,508.30193823217746,622.4540663021147,1336.1553796487628,8.671761002711508,456.2793545332326,79.90756700018883,-49.452095084276685,74.42644085237689,46.22207405093671,144.69546138834204,49.091091648674436,199.70972724754606,82.6525691950012,93.84785785103385,123.1803596496518,85.56880800292858,198.1849676020487,227.62319932684954,10.952822833373126
278,2612.015110685942,621.8873611860757,0.46256911411434737,0.0013375073833928335,-0.3131929455355393,49,0.0,0.05521847186920904,8.26714304032403,-2.2933886299306816,2612.015110685942,621.8873611860757,1944.3367844623863,0.0,0.0,78.55924171980462,-49.45263173255492,169.75588111469256,192.606268216305,157.67684985653378,178.73069039613625,169.93398842511544,164.2510931874738,175.1076620208946,161.7978499911642,154.20339056313375,180.5502259198016,186.1014020594002,53.621482711735084
279,597.6486224417546,623.7626535056812,0.5894143819132583,-0.2301131113448916,-0.3601085144514579,49,0.0,0.04647811545270716,5.938718726851573,-1.934231891122752,597.6486224417546,623.7626535056812,2204.738735502002,0.0,1230.293242042564,79.85030059223133,-49.451881351849075,192.0592935631637,217.3074221326168,175.82305887530552,179.14731573165275,189.13601272422497,189.31483417131284,204.30643606822565,185.58033315041664,207.09060836743288,195.51580947173215,197.61582009765598,71.84179114826199
280,972.4225179455785,625.5547641692402,0.4348742046081356,0.4473271892848572,-0.18673734503546652,49,0.0,0.0085114434068175,1.2026974978756815,-0.20039101863292064,972.4225179455785,625.5547641692402,811.0704767748548,0.0,0.0,79.61010443269036,-49.45221703119523,59.54919918825945,82.91298689726968,69.39087594996076,70.75415350086612,79.51183189980492,67.2950092344038,72.11376439642189,68.38333013829927,76.02387613324768,63.90325438382555,71.3859046106173,29.846290441878317
281,917.7045027314858,627.0009495681857,0.5328008894075141,-0.17435246196234389,-0.19734923745714592,49,0.0,0.01027307710297048,1.2487985026284203,-0.2412309232849172,917.7045027314858,627.0009495681857,789.9627135042297,0.0,0.0,79.64516804563031,-49.45148748783407,74.28913929830063,72.40030882987966,55.637514729835814,61.57158670776708,72.54683279970556,83.63827792021935,66.74038887313802,63.675072153318695,72.60365608677033,72.4919263783528,70.59066270810065,23.777347018841148
282,2262.647546164511,627.1502421524904,0.6764630255824053,-0.1917585664276433,-0.4417646796757117,49,0.0,0.04975938211746709,6.254706637086931,-1.9905173622589936,2262.647546164511,627.1502421524904,1419.5404157052562,0.0,0.0,78.78317050833223,-49.451474460838725,112.98963187013761,109.53390545712298,150.4293933306529,135.54064823785671,125.61429995107048,107.46066964093339,108.62821820869,137.96193082687967,126.31783957095968,136.3767030262726,126.34741623256257,42.339759352117476
283,2158.777243241384,627.5285657406505,0.5996889528699679,-0.1842353247931881,-0.27004492253289697,49,0.0,0.085993533543156,12.00370595991093,-2.6982883712572074,2158.777243241384,627.5285657406505,2140.317393566934,0.0,0.0,78.84974205179903,-49.45154130527459,175.78739615635052,209.72552250391374,177.5212246151353,186.34096165871756,210.36549832727795,191.9547744419006,175.6283032589105,193.05785080741538,192.0844316250064,171.0899076178496,206.28628076844328,50.47524178601275
284,1532.0094430061154,634.4789007549317,0.6002222768718015,-0.016882767071413562,-0.030750761495900947,49,0.0,0.010655905225428189,1.2631363279448993,-0.2536255641932792,1532.0094430061154,634.4789007549317,854.9849761626049,0.0,0.0,79.25144730905758,-49.44918907126977,76.84872378456014,86.89823783772597,76.39464208971336,84.70460125066248,81.25541825461116,74.81582085204616,71.97674863269087,78.78548932466619,55.549854892743554,62.35874584842145,80.42139541932698,24.97529797543654
285,2074.185518614506,635.274645239802,0.7283722605467313,-0.6682267416985145,-0.4798762968460636,49,0.0,0.013955334794563158,1.438452975653417,-0.3947391724340474,2074.185518614506,635.274645239802,927.3721575621785,0.0,0.0,78.90397724000498,-49.44846855536842,95.33777579554584,73.96128382635514,79.25794204062561,83.45484218958278,81.19902645891881,82.24792572853664,98.74934269194934,78.6236466666291,79.29134775330199,91.05912326596678,68.53335616416997,15.656544980596628
286,2698.4819638726594,635.1737714781734,0.5712873771287379,-0.20846308834173854,-0.6065124609741147,49,0.0,0.029273614912704558,3.662315070754233,-1.4093892603482996,2698.4819638726594,635.1737714781734,1720.2412994769295,0.0,503.21544802074857,78.5039068236532,-49.44677343799156,114.95964193971068,123.88803497158176,145.3556240966359,155.70925261239393,173.6468794609732,170.80032841877136,140.34866116175542,179.14140227169722,165.13828674160834,171.76883561108514,142.79843299473418,36.68591919598246
287,1082.971459839372,635.8072814416166,0.4620327643123591,-0.07767906428037043,-0.18077566986690108,49,0.0,0.02649216541715746,4.3698311200380315,-1.601161633013688,1082.971459839372,635.8072814416166,1070.6132050939732,0.0,0.0,79.5392236236012,-49.44816969411616,80.26756636114456,97.33203252355415,93.62157825368219,78.21461642178852,104.85469427758876,91.87380345360054,116.41004760424994,87.03925194104927,115.23330042185697,83.202162132763,96.56980627842938,25.994345424265912
288,479.3859920960334,637.4813855148327,0.8681586552395797,-0.18602879976039918,-0.29909055830396947,49,0.0,0.05229027855768471,5.856223876564724,-1.9190441773398927,479.3859920960334,637.4813855148327,2629.4474525664036,0.0,298.2447299199182,79.92600676244481,-49.44572117854645,50.82635148064205,217.15888273424375,317.88409167523196,122.85988723901059,393.46712467921725,224.14997266077097,59.15626252365533,179.40591678629582,218.55884026888316,480.4501486010604,302.89189385043153,62.638080066960676
289,2831.323706887073,639.1333550692243,0.7182193607374783,-0.04227034359730131,-0.5518990275684953,49,0.0,0.009194270037065263,1.2169454262154722,-0.2131777569455291,2831.323706887073,639.1333550692243,508.78855769165045,66.46517019716777,362.1943440484975,78.41881127941275,-49.44457617622848,32.895411441744386,34.04262845977824,45.64365059959296,40.74946494010052,66.72776788948156,39.419687554158685,31.198492320752255,25.472271330504434,89.08236516108852,47.27681617444942,31.469163580084846,24.810838239914684
290,2212.246651009165,640.2381616089583,0.4152794920457499,0.9131854074515957,-0.19274078421644722,49,0.0,0.008512296503064471,1.0168809543227237,-0.01817528322398579,2212.246651009165,640.2381616089583,832.1352227801597,0.0,0.0,78.81551561950327,-49.446135247507144,74.59383772318063,75.30161215370532,77.24492309469771,63.29565017945714,68.68994901604998,64.89868064365271,67.59053345470005,68.91003977962438,88.37846921896795,76.71031165613343,81.17575696543936,25.34545889455098
291,2034.363127519769,642.2873695635174,0.519709874152803,-0.06873066478479896,-0.2598157828031461,49,0.0,13.047633105437932,1872.987996579265,-8.18133748530129,2034.363127519769,642.2873695635174,333705.48570996104,0.0,0.0,78.92951463455265,-49.44561075319583,28369.595932583852,29373.170623871265,28936.61388748272,29665.22142815793,30071.292069963063,29857.501369548736,30084.98590400246,29855.514098238895,29847.092258585,29554.920793198347,29620.32114456004,8469.256199768475
292,1970.5952255093737,644.3212158192715,0.532396250685558,0.05448762546833993,-0.4144064233377777,49,0.0,0.011096434180188929,1.2363508788744693,-0.2303543547408143,1970.5952255093737,644.3212158192715,957.5453818509327,0.0,0.0,78.97038336514852,-49.44485412727647,93.71652752869281,82.59416173541497,82.25830067078945,82.759743624288,91.86260138560371,83.072537801088,74.5841040420494,70.63028075249885,90.66651729821307,91.54803729382971,90.36488500206315,23.487684716401574
293,994.081505574027,645.5711016433058,0.5318976640675145,-0.2044992401085228,-0.13135325367218043,49,0.0,0.008548255783861581,1.072198921644008,-0.07568841525275621,994.081505574027,645.5711016433058,776.5517674039925,0.0,0.0,79.59615731571704,-49.44392483853958,66.58337352551641,60.22925931967025,67.05340340520152,71.06563803512967,61.95070414504458,65.10031886324582,71.30943018193929,78.70713603638549,82.84471281640299,63.887613459609575,71.27016016024228,16.550017455604706
294,1173.8127513894908,645.7916706137793,0.6780614081934232,-0.26326535760181485,-0.4223338626746389,49,0.0,0.009464299655752384,1.076860944139203,-0.08039906536651237,1173.8127513894908,645.7916706137793,744.4369060985084,0.0,0.0,79.48098361214487,-49.44416164735693,58.577100942189674,71.29636462036243,67.76246612385927,65.57749304048897,63.4845052192103,55.97550366675276,55.413428418349646,58.62838062563538,83.95549435566531,74.1541726022854,72.13751066511236,17.474485818596804
295,2760.5843258567115,645.7044122241679,0.5815934333135359,-0.43247626372662673,-0.5132574878874921,49,0.0,0.075214516641241,9.374453033559638,-2.429864843949619,2760.5843258567115,645.7044122241679,2407.8145476452464,95.60252417895038,2199.8504292206253,78.46417877719273,-49.44213799473947,174.21832483516027,190.3229099168252,204.89374528339545,232.58267634527613,206.25251240410262,229.44622949082637,253.30463675683217,232.75901566324666,205.42037816645484,202.69364237196658,228.33189397922027,47.58858243193996
296,2360.4394960023205,646.8228612332792,0.7278617963265408,-0.1357786151576047,-0.6011506640480005,49,0.0,0.023544423969614363,2.4293081703481465,-0.9637065270214601,2360.4394960023205,646.8228612332792,1066.7563520473086,0.0,0.0,78.72057769681827,-49.44303198326199,100.48272001905696,76.57507432626494,91.87017135561074,104.83146958742626,86.82131313801379,94.55377703107808,102.15767766633678,94.96965151588427,96.32781735869337,102.30020636630428,82.06649612987374,33.79997755276536
297,2123.3809481249473,647.7900964965467,0.5796622575543832,-0.3572677588533372,-0.3401807023352144,49,0.0,0.08057112722295845,11.388841848117616,-2.641198905337067,2123.3809481249473,647.7900964965467,2027.493287628015,0.0,0.0,78.87248502276864,-49.44316732244592,151.95908902858324,168.99310626014943,195.8472929430574,175.1062874820443,188.37490589688855,189.14113046893925,175.45279476490722,204.550112079591,174.67369950801546,184.32405772359112,164.34700567128493,54.723805800962914
298,2154.916978737191,647.9685651923537,0.8699719397850433,0.5768875032387829,0.12326937012355396,49,0.0,0.015800541486358854,1.3389346881012198,-0.31689848269240106,2154.916978737191,647.9685651923537,1000.5088572629629,0.0,0.0,78.85227745329995,-49.443032824748144,77.3981489537417,91.14147697162738,95.69938890625039,101.88810585765788,83.27255928732137,79.03674270638626,81.36949590191983,76.3138351400109,83.33040832078478,100.85267086284175,98.04610212469902,32.15992222972166
299,2599.032603037546,648.1820827112683,0.4658801212111136,0.024310790905268193,-0.14676872405204316,49,0.0,0.0351427725744591,5.219187298023652,-1.7940072060391012,2599.032603037546,648.1820827112683,1542.3558367720375,0.0,0.0,78.56770404200316,-49.44172302544307,107.49607140918835,145.6277811202149,151.55670391328522,148.22236883401607,132.1733522335815,140.5972676519319,124.54752034860746,141.90802275099503,130.62679968665645,151.72628755915338,130.40583708641302,37.46782417799412
300,1370.7781665809391,648.8209465981731,0.33620353496229766,-0.09580319755644348,0.01179392183180976,49,0.0,0.012312823006210234,1.8207572977091844,-0.6506301482731404,1370.7781665809391,648.8209465981731,1004.3422347682409,0.0,0.0,79.3547605916352,-49.44312839587457,69.92297686164919,82.25825949005764,98.30730960078745,95.43306504353163,90.77180389899179,77.49692314716329,92.49412008019078,95.17172155363264,72.5393419016304,100.16778419986284,92.79938740289477,36.97954158784867
301,1017.0997945108021,649.8035600202354,0.45558653263231247,-0.05808706568939243,-0.03424334781120435,49,0.0,0.015607399616733917,2.1907191651020934,-0.8514667690230706,1017.0997945108021,649.8035600202354,1007.0377841329074,0.0,0.0,79.5813938059793,-49.44220991928357,85.60531823665778,104.09613153134445,77.67644264187173,101.37171754273099,96.14611743641422,86.60199818754822,75.87992324113144,79.96632687893313,113.54795670027573,81.48887663962711,80.08862268509924,24.568352411273455
302,694.2690821069527,651.8993675399264,0.49255775155349474,-0.3567615736597011,-0.13851538002935848,49,0.0,0.03901840919455587,5.729006000378677,-1.8951981927901964,694.2690821069527,651.8993675399264,1472.8696630514578,0.0,0.0,79.78824098313476,-49.44048551222558,110.87836811063733,133.64039609476936,138.90450473636656,151.07737223450323,133.36866245831112,118.25704973725396,106.0236244156546,134.72994474672737,135.0973567018645,130.7200814631829,142.7240784982576,37.44822385392917
303,894.4513817035596,653.0771540418949,0.42072688542979225,-0.582606795724107,-0.41326900380039355,49,0.0,0.029769691917794796,3.7180626780027453,-1.425791766764315,894.4513817035596,653.0771540418949,1606.4443300301991,0.0,0.0,79.65997110424784,-49.44056608403087,130.37297888803647,153.75220148012863,143.39786599315005,127.7719588822178,140.63069744920386,139.6830200040648,141.0531993381185,138.7987698904881,148.46366512704023,143.53448785791215,150.6041837647215,48.3813013551171
304,2230.8118524682327,654.5382256222824,0.5766628269852913,0.19090078493599838,0.04019174345612485,49,0.0,0.011267416730268487,1.2889175316841097,-0.2755628273627853,2230.8118524682327,654.5382256222824,943.5016422063962,0.0,0.0,78.80366731704599,-49.44013649723043,80.49267067964608,69.07534820672929,85.33524192198857,89.5107734077543,85.18450310750806,70.28200650095042,95.7618719175585,84.82849340051774,72.17910966110065,97.92650916584103,84.48838458499188,28.436729651809785
305,490.6563741467313,655.8708894047863,0.27730281424683145,0.7147630972622153,0.23290676702648583,49,0.0,0.005089307622368471,1.0323403374239324,-0.034557242981846086,490.6563741467313,655.8708894047863,894.5764412802147,2.08061590938172,545.2893974817289,79.91867453994915,-49.438104351710514,74.55886323660144,47.30793721417123,49.84209037241006,86.42125446353438,133.68987359460664,42.625902098570485,53.44818181386222,86.96546642880871,111.59135776868477,103.77338229697476,79.45185809574694,24.90027389624303
306,1602.4340786698515,656.6543939812404,0.7761590458775666,-0.19118179319303077,-0.1439813848916915,49,0.0,0.016244168357708883,1.7982697653385642,-0.6371371061597069,1602.4340786698515,656.6543939812404,832.4506607509359,0.0,0.0,79.20631313960102,-49.43995802728822,60.13850687424599,78.52967645528878,87.6225619438955,75.53770125450902,63.874762282760514,76.40988005054794,75.93476047823378,77.83784859575985,68.28167054232622,76.66765822618652,65.09944415166501,26.51618989551666
307,589.68077827363,657.8068453314354,0.4179221803622486,-0.35386146614409136,-0.44478331138969696,49,0.0,0.017825106739114468,2.2443679589848107,-0.8777351500168186,589.68077827363,657.8068453314354,1206.2466600781759,0.0,381.2355274263247,79.85522064331693,-49.437669453139506,104.10924946484246,109.02967552288789,100.6590677138128,115.3282328004865,108.23004885171468,117.7565667665799,99.9732326871993,105.47166257563644,110.74499483103051,103.9567154259779,101.91789352471469,29.069319913292958
308,2034.4559126793822,654.8686696867908,0.5778450895405409,0.822278946403168,0.6694675589294188,49,0.0,0.03057922622321766,1.2240124265460801,-0.2194645673036696,2034.4559126793822,654.8686696867908,15429.164076554183,0.0,0.0,78.92948472694604,-49.440368714785244,1097.754968264856,1248.134956581842,1381.751934584338,1392.2267877607133,1347.810494623165,1446.9162819729063,1430.5266562921029,1442.8539856249868,1428.5035023111038,1422.1445081096713,1384.815609372177,405.7243910563216
309,1316.193465533586,659.868739548662,0.7787613039887784,0.026541798423753187,-0.04656650048493437,49,0.0,0.017580784972567817,1.8171405337338258,-0.6484712900160676,1316.193465533586,659.868739548662,981.9836920707191,0.0,0.0,79.38972182604036,-49.438475720490366,100.03637859335086,67.52335068645613,80.93218588816728,86.65207648566022,94.11586626600221,86.34663550324501,96.92611012624677,74.20012832051052,86.96082785547453,82.82757112730847,99.06890428330031,26.393656934996752
310,1688.1344331631574,660.0892843943819,0.8109982687176227,-0.6315030042252192,-0.24913074983879963,49,0.0,0.012723872896108565,1.1814632314459967,-0.18105052603272115,1688.1344331631574,660.0892843943819,867.1318295202418,0.0,0.0,79.15140061590152,-49.43851330386362,72.08864063680744,72.95197694298926,81.63567808988464,69.72627263013078,72.58856233349266,70.24146363850105,72.05816969692407,81.33108515323173,89.41791332834629,80.44185261642434,75.96691407945931,28.68330037405029
311,2329.5980821682906,659.9560329692165,0.40217020606119164,-0.2297137673550262,0.5186843993410826,49,0.0,0.013302389487454823,1.646411396852689,-0.5413459092970828,2329.5980821682906,659.9560329692165,1165.2998977196262,0.0,0.0,78.74039202646736,-49.43764156265582,110.44420929397972,106.1223933872161,93.10332621454481,94.34810143666297,103.01492874414942,106.71782825084917,94.19037744392247,111.40114596151855,109.12177490226023,103.40558157877285,96.61519562901958,36.81503487673012
312,1719.997261291349,661.862836211989,0.41833929196806957,-0.1478649405890826,-0.22396952142794072,49,0.0,0.007238041743665571,1.0002496877792415,-0.00027106122287884305,1719.997261291349,661.862836211989,811.3649521884906,0.0,0.0,79.13098565524679,-49.43776267775118,74.8938091613672,76.96250725457352,62.06493091653382,82.22840250925923,64.67898795833085,71.55599303023968,70.31795340080686,62.332124247167044,63.583915136037604,78.30653092709348,67.52323811653213,36.916559530549165
313,533.4604543124746,661.8942365163973,0.5316659374327825,-0.37444612210480227,-0.4413212595178498,49,0.0,0.15600168046868051,21.361727197175355,-3.3240909113731005,533.4604543124746,661.8942365163973,4329.692396120729,0.0,4154.227528534771,79.89121609636977,-49.435759830010106,343.54962752910876,404.74281579664824,365.52328713652946,387.93338368508114,366.6373809335715,382.90634672276974,440.0375031061519,367.77986341964163,355.9022150805041,376.1002776957498,408.2127984639106,130.36689655106233
314,1420.038215042228,663.0880276034079,0.321263710207818,-0.1900011073101564,-0.2733722237103531,49,0.0,0.010629438503277917,1.8048310457001984,-0.6410913821492983,1420.038215042228,663.0880276034079,905.92023374425,0.0,0.0,79.3231804002873,-49.43721984012538,76.30950768911002,70.81369486824875,91.48580992747172,78.07317664211486,85.36835493566414,75.97902124570766,87.37865921106706,85.91660131942898,83.23992824608048,78.23201404349898,69.37226348697234,23.75120212888502
315,1802.817804215002,663.7719784172879,0.47059796459979597,-0.6995004319533972,-0.16128086249557172,49,0.0,0.009104528649589128,1.0926700965740797,-0.09622264443421888,1802.817804215002,663.7719784172879,900.8983597899582,0.0,0.0,79.0779213801741,-49.43692006777581,86.47169606501105,81.89494051248411,76.53206893324825,77.62254376966068,94.5834485689216,65.24288147933525,82.26187376479729,80.63238773674763,86.00807539405162,76.78068119271464,74.240968892154,18.626793480832006
316,2471.9957287673165,663.5494341497102,0.6808790799777213,-0.30020731330915484,-0.21154356291141863,49,0.0,0.017130961125316396,1.7349759549448098,-0.5982336506887758,2471.9957287673165,663.5494341497102,1086.3472052350626,0.0,0.0,78.64917477923208,-49.43574107220951,89.51622302336845,105.71076659386897,83.79765094168184,91.10942845417532,86.46578150401724,89.26515094356029,96.69146973974256,94.11580576580269,91.68211829337577,98.32770585105729,124.71151655282785,34.95358757158437
317,785.0492301280303,664.728298168012,0.5266514752593843,-0.1672803564611893,-0.2401262756952645,49,0.0,0.3286711890336285,49.43844929581333,-4.235162100143582,785.0492301280303,664.728298168012,7095.6818939907425,0.0,0.0,79.73001828398574,-49.435417239862865,595.8653015671498,632.823673267728,639.2562730900927,623.7142878922814,632.8500559332044,639.7562804141518,652.5680432790316,582.5631344739818,606.3923976784826,657.5320716209509,645.8662474852836,186.49412728840434
318,1112.0801458223696,665.0927460670737,0.5486987468317196,0.18879434979503257,0.011111721591463022,49,0.0,0.023986355948455055,2.0038157040352265,-0.7546444396932268,1112.0801458223696,665.0927460670737,1729.5539979412956,0.0,0.0,79.52049155332037,-49.43602002489394,159.66026953383107,128.7594893208091,150.74985641197617,170.02274152192712,153.57050375436154,148.1313463805239,168.82136812568552,143.23707410672898,145.12188699418888,151.29542144065755,146.44003666852052,63.74400368208528
319,2507.1517670396847,665.4566832647267,0.5627089122071621,-0.12595306782354482,-0.2776570597662547,49,0.0,1.8635376382721232,268.0694651746146,-6.07061836970725,2507.1517670396847,665.4566832647267,37319.452982143535,0.0,0.0,78.62666075831649,-49.43483583360903,3125.6703403504116,3255.4510008843636,3362.3180251613967,3200.3567458898588,3262.7853656434827,3428.1356781719187,3462.1831245562817,3342.1185866309434,3324.0120915172183,3260.7281173553256,3332.857438026068,962.8364679562624
320,2272.8698236634245,666.3494773597257,0.6181768524659379,-0.27691029259298633,-0.30342269064215854,49,0.0,0.4692880110856462,65.46136858219269,-4.5399627018449165,2272.8698236634245,666.3494773597257,8346.590786276918,0.0,0.0,78.7767617772954,-49.43511853481052,717.8726551280713,711.4847774332251,702.4176832432146,712.702811660354,743.0966962720204,777.1123051538704,767.756101466899,729.5768907896204,756.66265882368,736.9436180965176,749.6471939885354,241.31739422090988
321,2028.0787068667391,666.8869129472412,0.9920896338219276,0.4566129894114921,-0.10845197334428335,49,0.0,0.017613982969461754,1.0753517164000768,-0.07887633158073626,2028.0787068667391,666.8869129472412,2703.0532050980773,0.0,0.0,78.93359882147001,-49.43537112908312,237.64145011751324,230.7490543443615,230.68449803759253,256.80778761680835,221.74229668334982,244.85181771317673,234.18981358433177,246.18906888686493,236.94144955523572,234.03390831623935,266.42537424315225,62.79668599945096
322,2226.0779951138825,669.7202303415445,0.6248867268830914,-0.7088712723895454,-0.49214576235461505,49,0.0,0.018768824808077275,2.1734210649634242,-0.8428596799008508,2226.0779951138825,669.7202303415445,1072.8319337110847,0.0,0.0,78.80675192753164,-49.433821633362896,99.95977663240608,111.06045057772717,92.63002033276956,94.60912158003842,85.3771007230576,83.2380117928165,102.73664218010637,89.05297037261894,79.54645556140764,102.69251108315072,93.87952156359998,38.049351311385834
323,698.1389513547931,670.8754453203945,0.6056089017712261,-0.06340429239143075,-0.21812375258186611,49,0.0,0.045947418023174764,5.9889834090844944,-1.9433827749658927,698.1389513547931,670.8754453203945,1516.6211357294137,0.0,0.0,79.78566878654294,-49.43259196999072,137.72146334872792,146.00439427004608,122.24975673412855,138.16407769013176,112.17123382765237,116.96696815268558,138.63710418609145,148.30121064165695,131.0350350049102,129.70962283887894,155.54670911125532,40.11355992324836
324,758.2614165410283,671.5540371411986,0.6313237191424335,-0.06680740305205224,-0.19952969052507086,49,0.0,0.08819998432721703,11.612144213167523,-2.6622810519229363,758.2614165410283,671.5540371411986,2209.970345093857,0.0,0.0,79.74714934709996,-49.43249485313245,188.7282958179349,188.02233802821297,185.4579888100269,208.3451807576884,185.89949883380143,181.172478813559,195.43075686055343,191.70934226939625,187.7210146821655,222.814159601499,200.3094590069881,74.35983161203141
325,2047.8072415566253,670.9051735994303,0.6671318596323913,-0.06536032470140417,-0.14401687648453096,49,0.0,0.09538529500933068,12.56927851448982,-2.7482758739745283,2047.8072415566253,670.9051735994303,2646.494969741433,0.0,0.0,78.92096849922137,-49.43366640535408,213.6250813114023,232.93747784088725,246.15903780692724,218.58023882340646,238.16356497913858,257.0919734806224,257.77752287972316,218.05663064939534,221.9076687080234,231.60691442543515,241.41910839640119,69.16975044007057
326,2876.104425643585,671.0228165936118,0.9441897999526813,-0.26270002852938285,-0.20238454085921612,49,0.0,0.01758742049514358,1.7753396320170378,-0.6232036205216923,2876.104425643585,671.0228165936118,745.5157369401354,0.0,436.382094824877,78.39033867090727,-49.43109218734316,32.088382106842694,86.62897353087993,83.13411143439401,53.554754110044954,38.66379931451351,38.688718699986794,72.46469136271818,180.67818781831474,49.349474851149374,51.30662092872693,58.958022782564356,0.0
327,2101.310503677785,671.8816742981327,0.919601699609541,-0.10922412845673711,-0.5252289801273126,49,0.0,0.029116807198476407,2.8522921595243975,-1.137985020315234,2101.310503677785,671.8816742981327,974.6659924433002,0.0,0.0,78.88669297862411,-49.43316978628922,69.91208381136283,99.09449335353534,95.65569629687346,79.74117725653281,88.75329258620154,88.15197627545575,79.68457529350258,93.56662689173837,78.58226913752438,93.85376435974317,90.47137249240316,17.198664688426724
328,1757.239444790851,673.5046266492554,0.5663147527849326,-0.1787501389734635,-0.10324168683980733,49,0.0,3.992577619679476,599.0720553607541,-6.943697654318615,1757.239444790851,673.5046266492554,68625.00232570115,0.0,0.0,79.10713298188509,-49.43289395416672,5607.627579366341,6068.739565273523,5992.602392310742,6042.744761847478,6101.914913538676,6151.70010307082,6148.408435941703,6197.412073791544,6145.576592453716,6213.8696558692145,6204.968267242673,1749.4379849947172
329,2237.6345356782035,677.4558393209351,0.5876471782776321,-0.38759031328660665,-0.3162591998172013,49,0.0,0.08912675903694002,12.351885921486142,-2.729333179973919,2237.6345356782035,677.4558393209351,2195.8999324601054,0.0,0.0,78.79937470069612,-49.430572867242724,152.7795993162024,203.2603038373623,208.8070828271196,204.3203623839028,184.22971557030547,232.7195427622036,202.06285465784936,188.68178717110692,182.145000203348,178.03120751470482,188.44877124732844,70.41370496867201
330,1113.235484532233,679.1244278035548,0.6178620739122408,-0.023642695807482007,-0.0009634128086858175,49,0.0,0.01891097757986016,2.340311874904337,-0.9231843406671483,1113.235484532233,679.1244278035548,973.9585746750101,0.0,0.0,79.51971432959509,-49.430175838501484,93.01413488873794,89.81569861304368,69.48332329261919,84.31711804118945,84.02960817440643,93.38242434598072,82.01700498371721,110.02710761070188,72.02526039122488,85.65001085574167,83.1408107409393,27.056072736707826
331,2051.041541342167,682.2969025660101,0.3161491433759156,-0.4973189802867156,-0.013060202721379472,49,0.0,0.007455579006202739,1.1060554200764745,-0.1094422207453815,2051.041541342167,682.2969025660101,917.2290709344674,0.0,0.0,78.91892412771382,-49.428914986846436,67.2805750080672,80.71007419755821,87.16943725230573,77.88928187817703,72.69718235735633,75.53679216339235,86.24749494850239,76.22540977976489,76.39611081172933,102.20886526028175,83.78784225435541,31.080005022976792
332,2506.201234630566,682.2261006712243,0.22929359497233573,0.12795071325475746,-0.9649274922734512,49,0.0,0.011403123564667772,1.1111166396180574,-0.11439912863838284,2506.201234630566,682.2261006712243,1515.4598849132142,0.0,0.0,78.62735189025074,-49.42785229812819,122.98619530229496,132.78534840993527,111.80302634317077,135.4904228523606,139.02104975166628,140.0628125452826,149.4546434702749,109.44728288471194,132.35191429468864,136.96738934800723,154.8538361619486,50.235963548872306
333,795.655080987122,683.3876976320895,0.5069107065249132,-0.4377999692325564,-0.37720163629883147,49,0.0,0.014320249521550654,1.5882464449122862,-0.5022947297385306,795.655080987122,683.3876976320895,1085.6760656662732,0.0,0.0,79.72314215118847,-49.42767356734456,115.07664179239973,96.75493002741177,92.4347135863396,86.08141914906659,99.05056319711267,103.38560709744569,86.63165427908308,95.16786028200919,98.59175364364577,91.56441015278978,89.10643555890651,31.830076900062807
334,2118.236740076754,682.6450647303355,0.45393153673087117,0.21884761497114158,-0.46600096066804386,49,0.0,0.012086366039237928,1.616194189418651,-0.521233852615936,2118.236740076754,682.6450647303355,862.5576140121439,0.0,0.0,78.87587905769144,-49.428654808917294,76.60530281897519,73.96586798291516,77.08861492911355,69.58169603217958,74.68275854806234,74.25452875696908,88.31246075536713,78.50286680721223,72.38420511834036,73.38640447764982,79.9183013246573,23.874606460702115
335,2624.5075340849985,685.062992089144,0.5235118782231293,-0.29389870673833596,-0.4481767992269137,49,0.0,0.1992752743167377,29.759754149527613,-3.6840733477672174,2624.5075340849985,685.062992089144,4849.978329800653,0.0,0.0,78.55158573902462,-49.42626648889218,427.29318221728283,433.10732404280213,385.00986973529444,394.1106657873954,451.0806018658749,418.19843694442284,484.51336233551046,415.7624569515725,469.8229856121233,447.827684539393,416.5141272432181,106.73763252576352
336,1770.4790441645362,686.1617964377233,0.6026343701074545,-0.8122673640884319,-0.49989166054178735,49,0.0,0.01469082553243973,1.4171474422846955,-0.37853759322531966,1770.4790441645362,686.1617964377233,1593.28445410525,0.0,0.0,79.09866232569568,-49.427612724652306,139.70921968067552,140.7422041596611,150.64833509411773,135.2619188983431,146.36485329380793,144.6434541643866,139.29840004489915,139.54793009554476,137.68789238241692,142.42798889751427,137.06787560992566,39.88438178395704
337,1911.59915771778,685.5386445677883,0.48810342343635094,0.039961043270401383,-0.1920304979060749,49,0.0,0.06656206170675873,10.702023997598177,-2.5736648011902408,1911.59915771778,685.5386445677883,1825.3733282934722,0.0,0.0,79.0082590201968,-49.427752242956664,157.5243643563927,150.80897150950915,160.5865140493697,161.9358984431393,196.0315795660457,153.8900628461022,150.81839121255314,170.7879627580454,150.8145543395749,154.37260175618815,170.65608529324066,47.146342163311246
338,1952.0498412195113,685.9402392171161,0.6548637796039078,0.5126962320126786,-0.2231054711539194,49,0.0,0.012063430621232232,1.1203003374406237,-0.12333616696047559,1952.0498412195113,685.9402392171161,944.235958778312,0.0,0.0,78.98234689882572,-49.42753749584196,78.60646175166673,87.85927995084486,78.10202279661121,75.63885366804536,88.75326978804127,88.46959536127007,89.15272220022959,86.5433010973772,81.09280454780586,82.7164053320459,79.33448712511967,27.966755159254316
339,1613.5456158329168,686.8815245464923,0.5841230560918591,-0.013233844872121205,-0.12258607259106731,49,0.0,0.2665857957944741,40.51466361039144,-4.019030593375184,1613.5456158329168,686.8815245464923,4583.7679537352315,0.0,0.0,79.19919533950608,-49.427363669602585,375.40437199259316,416.4011787950372,394.53091576615464,370.33291786897087,411.5050118928022,403.24578048664443,375.4483849967742,427.17307800499754,430.75156101597736,445.02700115595985,402.39849103743126,131.54926072188857
340,1118.198635543254,688.9355819143651,0.4607006269237327,0.2585780882440544,-0.1500766629069811,49,0.0,0.011258828279656144,1.5487497491927038,-0.47495312263425676,1118.198635543254,688.9355819143651,871.4528033846373,0.0,0.0,79.51650919357513,-49.42609661284783,73.3175904485663,94.15961520264625,79.84456193621867,80.21700110074042,81.21765560390045,76.96128094718725,71.61529052976744,86.8200486268857,57.72224255383286,62.31292805636062,80.08613359256259,27.178454785968803
341,399.99764432692797,690.1242922004334,0.8866368531328075,-0.3927566670164659,-0.530188418211885,49,0.0,0.041937264831160975,4.951342747113244,-1.7368074764163766,399.99764432692797,690.1242922004334,2057.3459314450156,0.0,31.608619628407226,79.97653411948198,-49.423463338869986,215.7149217056228,451.9597768220155,136.31006066210261,0.0,245.93744650820554,69.53079062519728,249.02121402889077,0.0,386.3665200359726,20.825057811534183,281.6801432454746,0.0
342,2452.6241039537517,689.9229672107934,0.48275534603509007,-0.17954643807011375,-0.4090062119675673,49,0.0,0.13576872888735259,21.623785280877442,-3.337329300674015,2452.6241039537517,689.9229672107934,3350.364373176157,0.0,0.0,78.66170722672481,-49.42481218102791,303.2159342946985,286.25771899978844,278.04301563004134,264.179115128416,306.7329503707354,282.1514580546135,308.75009559534357,318.7749491285598,276.31335143965305,298.31304055261444,330.0227239067434,97.61002007494973
343,1790.0398108553889,691.8754990849031,0.7196275381815516,-0.6600763019527494,-0.07394543365122151,49,0.0,0.012692205173046143,1.2975104773046575,-0.28277718357913173,1790.0398108553889,691.8754990849031,902.1608519078095,0.0,0.0,79.08613741525416,-49.425219682765565,73.79464903854371,74.1149997485139,88.54605966740499,94.27560083591503,72.00602011509996,91.51772281945193,90.68314304051108,67.67084011474648,57.138565100480136,79.37588955297083,87.64033481838408,25.397027055787284
344,2235.1780869922845,692.4010323391419,0.7916099648241579,0.46306153136754424,-0.11824077358360723,49,0.0,0.013131516102110665,1.276944374397994,-0.2654299478997813,2235.1780869922845,692.4010323391419,870.4095787193818,0.0,0.0,78.80099967101702,-49.424351663217735,78.49433569348702,68.4424419599319,76.91237386149722,62.78226185082498,72.95827458318507,90.7221537459472,95.59216354093866,67.1544103493851,76.75644119633036,84.43997961495239,73.73438529851646,22.42035702438541
345,2360.1852540037344,692.5239188159409,0.5114004782737008,-0.5364136582577911,-0.3529639685189063,49,0.0,0.01329124220707066,1.6724912388678768,-0.5584096286238639,2360.1852540037344,692.5239188159409,874.8619339830575,0.0,0.0,78.72092845485241,-49.42399211495273,75.9922359665802,54.69901047105043,84.45601018685579,78.60453859772514,88.7116510533883,57.96511797161881,68.03387137582737,78.80351038235715,90.43270595339118,86.42177483838014,84.31900173823468,26.422505447648295
346,409.0173613368834,695.4235763266647,0.9733757981737367,-0.4364763846944848,0.6244922653075133,49,0.0,0.05356695474905321,5.840256536075126,-1.916079810313055,409.0173613368834,695.4235763266647,1994.9184774767605,0.0,44.340584147861044,79.97072308118926,-49.42129375839182,252.75674399470415,183.30748557480027,166.62482030201465,35.30422396197155,222.97161062712263,253.451233582812,265.791354983386,174.2416321185082,81.0897346068311,243.28071751774587,58.63238125748692,57.46653894937712
347,2220.699656226018,694.8652535449531,0.9759456381227815,-0.191690736450627,-0.2387397484782521,49,0.0,0.027317723712896615,2.5684109114039115,-1.0241612656641352,2220.699656226018,694.8652535449531,954.7878480629126,0.0,0.0,78.81028201666439,-49.423357114624295,80.43560011667222,92.32230312928377,69.22441734850112,73.19714083544886,83.3890970111353,98.87046716329485,81.43579555781096,91.01208534388654,89.8737231535716,88.88200556308334,85.56387174966895,20.58134109055517
348,1606.473260129801,696.1364548129595,0.4428578976098443,0.13912706736026678,-0.31579178444333383,49,0.0,0.010900121535372618,1.2435829647192287,-0.2366869105203799,1606.473260129801,696.1364548129595,1095.7170787009309,0.0,0.0,79.20372623139478,-49.42350785514643,103.80680318434963,88.78640597386367,92.18651255182091,112.64732074075144,83.94209816999862,80.79921385128392,81.39289982500554,113.38131156672138,97.19200466392272,101.08085540015952,114.5849063611353,25.916746411918194
349,964.4388181435337,697.9301654576468,0.4602467270570912,-0.26366101362117345,0.2854095162975105,49,0.0,0.015362774061093319,2.014213042996642,-0.7602635097651805,964.4388181435337,697.9301654576468,989.9565185518119,0.0,0.0,79.614972117668,-49.42204490629819,64.188788416639,95.72877356147383,101.66630996183875,98.24503628162844,82.13839079510417,87.66219287644648,92.60972201677102,81.90526716138194,87.28924438553318,87.57181006270602,75.0475505361843,35.90343249610483
350,798.9172633946986,698.7644787885869,0.5895085299444792,-0.16687083925260915,-0.21711954904913974,49,0.0,0.16052411274769116,23.109109552638273,-3.4094580285802847,798.9172633946986,698.7644787885869,3373.763000817005,0.0,0.0,79.72098582020321,-49.4212763825385,274.2273828468347,290.3048940247342,277.5309780401761,279.88444614851016,308.77006766390286,308.1202950511107,306.203306434508,296.94032913536626,302.91333515058125,318.31019535671527,336.884614006574,73.67315695799124
351,1495.4044452447497,699.5323945118374,0.6607913928321396,-0.2850218418781396,-0.18603613386539436,49,0.0,0.009775530535069552,1.0163548209098507,-0.01761337878122732,1495.4044452447497,699.5323945118374,813.368587478991,0.0,0.0,79.27487005036376,-49.42207346635405,80.59537162583777,73.61654134068982,72.3238286341898,58.94167387442229,76.83672257489388,71.01730408344126,81.9144997857334,71.86771040792755,72.89538178452156,73.6564542975422,65.8243583805333,13.878740689258041
352,2112.9131395070117,702.6313666303062,0.8187486409590158,-0.13025019050676873,-0.10919180222170977,49,0.0,0.02166187840655948,1.9887787542161601,-0.7464661795713952,2112.9131395070117,702.6313666303062,1110.019957425141,0.0,0.0,78.87934478807306,-49.42033738499319,88.68003323923779,98.75780806501214,105.24203298545903,104.69300218208951,77.8973848513593,86.86469110485545,95.6670065316305,93.60342760822891,107.99726696505556,100.67872015975163,120.03621513856135,29.90236859389963
353,2473.4605532995365,703.7206500140405,0.7329251772431183,-0.20658625412222453,-0.23717550982243824,49,0.0,0.01335467472087328,1.2743618679799238,-0.26323191958927483,2473.4605532995365,703.7206500140405,999.7972323834206,0.0,0.0,78.64842599578876,-49.41900007958981,76.61833211137406,94.1352829972721,93.97708860089834,79.22832089995461,90.02916377517147,90.7652358842819,98.45526260937754,76.87567388797495,100.49295908435468,91.26450645149069,80.05596054245032,27.89944553881987
354,1589.3588003551845,704.5684710225402,0.514700374963225,0.43935425728935257,0.07342489088269334,49,0.0,0.009053016084392173,1.0967193562945918,-0.10023877129380486,1589.3588003551845,704.5684710225402,804.778235554724,0.0,0.0,79.2146884907882,-49.41999450916664,65.95401007153293,73.03071088991845,77.51153884970427,66.6938513648031,73.5256316669408,75.47604065439653,76.83280384254934,71.42088093724446,59.78408980427926,66.3349445420435,79.14361803872055,19.070114892590887
355,1215.6260604745814,706.2623448427663,0.3451150211076122,-0.41287376123105585,-0.11635411734145562,49,0.0,0.013039833673718328,2.0287670509193108,-0.7680804572724731,1215.6260604745814,706.2623448427663,1067.1682367934623,0.0,0.0,79.45406309801636,-49.4190269772055,102.37878158363145,91.26980513163399,82.07930853351269,80.20841170274059,95.99186264871904,107.65447844477436,114.60759415082848,92.24946282339333,82.03530029323602,88.91085573100932,102.98927773703429,26.79309801294864
356,1888.4090873075393,706.8995946224355,0.46889422940157993,-0.05520067687699667,-0.12329868483581562,49,0.0,0.009336432165134762,1.0362776691393978,-0.03869034899023744,1888.4090873075393,706.8995946224355,900.0281194221043,0.0,0.0,79.0231479804364,-49.41887685493048,58.858782334696315,85.88114237953484,68.41579574789728,73.27540194661401,103.16991831600335,84.89022902742401,59.582199749645966,89.98936007140892,82.12879794831456,82.31203806421271,88.55484901234612,22.969604824006225
357,1201.0379055563685,708.4404908202448,0.5197818769913792,-0.09431699106730641,-0.14862825409719932,49,0.0,0.14186986247596917,22.64281793655234,-3.38732618638544,1201.0379055563685,708.4404908202448,3047.2660124432205,0.0,0.0,79.46340194276401,-49.41809922582877,247.33860228280614,266.12195025787736,265.0427351586096,262.0422510294204,270.79064870138836,265.3269172175766,305.60945327297105,282.0591421801828,255.63981633329172,294.45028142154183,249.17902179118613,83.6651927963683
358,1363.9076774531309,707.511414363366,0.43677661991014755,0.29512644247662095,-0.6545624883852296,49,0.0,0.01784826793035977,2.381735045279244,-0.9422336174960968,1363.9076774531309,707.511414363366,1304.8561713502154,0.0,0.0,79.35908812919538,-49.41866954831733,111.806580209516,119.99954743798725,109.86004535725388,112.40486069261607,92.17153337852986,118.24229013043279,125.898826595576,123.55356792060277,115.09821591779496,111.29129149469316,124.0813166426298,40.448095572582936
359,2450.080937396935,708.1540457474214,0.5534924704186673,0.05520785923627982,-0.306875848993426,49,0.0,0.011415522249037455,1.3884707333216468,-0.35634182492424665,2450.080937396935,708.1540457474214,926.7287896947196,0.0,0.0,78.6634199647634,-49.41722422102452,85.47706107928101,72.70540648049251,77.22406601000853,71.57665434126156,85.87366050929532,71.85853221274633,83.42367019613049,84.39197094439058,93.60070257015165,82.3520173646152,93.61645442586446,24.62859356048186
360,1937.8144438233278,708.8378457310862,0.5298285532585533,0.3366172458211851,0.131039240680641,49,0.0,0.014104657941171713,1.9251312338555813,-0.7111508504511209,1937.8144438233278,708.8378457310862,904.681391049357,0.0,0.0,78.99150788817528,-49.4180146552223,82.17064089094977,72.2309479976057,75.55919947578539,86.80364470912015,84.99812732072303,74.09977225681112,83.89318618667482,66.48859177541758,76.49877159635469,82.71369423444817,88.58929714681362,30.6355174586529
361,2241.3599322456225,712.5577329708033,0.35734134483532465,-0.10035846072435813,-0.44365403776405166,49,0.0,0.034336939330572955,4.262031830772545,-1.5740417222425305,2241.3599322456225,712.5577329708033,2452.9008706067734,0.0,0.0,78.79710978442907,-49.41593966110815,210.14754308671766,195.42960854306813,238.88133550239766,218.84145812322868,211.17372743019268,221.1856480877189,212.12851304778104,207.41136454037698,210.6708974322213,223.07259103124233,229.7472114804062,74.21097230142198
362,2271.0127197686484,713.8714897166352,0.6349685589990186,-0.09558190359495647,-0.3157053321698702,49,0.0,0.07738955830933597,10.548443158816251,-2.5579709174663723,2271.0127197686484,713.8714897166352,1885.3718259213292,0.0,0.0,78.77812393390862,-49.41532353050223,173.69443546018044,154.93181056623047,152.3919559182558,154.48505339311635,176.50457356470758,158.02260661175166,150.17173208320753,181.93859284782124,193.8375946815531,173.50252673993674,162.32440061846313,53.566543436104936
363,2578.2571892798132,713.8145474277788,0.9116524962667453,-0.5798312752501953,-0.6154033058852166,49,0.0,0.013392878528323878,1.1021575100490475,-0.10560916064730566,2578.2571892798132,713.8145474277788,1125.248429949672,0.0,0.0,78.58136274594632,-49.41445168732362,84.54295945455243,102.84735737079284,94.16740623241952,107.20534904075254,92.81929198418257,97.92442894117927,94.83785484622646,109.77684868873193,115.55029087494329,91.85542036009198,104.70626559394739,29.014956561851765
364,1284.9129872342091,714.8471138424002,0.5572007349354777,0.09058658714108891,0.043379007713616774,49,0.0,0.009673787128170233,1.1054471630033442,-0.10884497365392123,1284.9129872342091,714.8471138424002,827.3237583497169,0.0,0.0,79.40967077856179,-49.41553600371455,75.20630528447583,88.18115166636373,71.20568217022728,75.18631827762724,66.85087798311204,84.14393148326867,65.33956118772949,69.84499605763988,77.33668758415469,67.18495282876322,68.28285478923183,18.56043903712294
365,1335.5303754639613,714.6473977510692,0.5170505778440846,-0.2621822869222796,-0.18649633068999594,49,0.0,0.06374631937277137,10.161900191627277,-2.517437312580548,1335.5303754639613,714.6473977510692,1698.9818835857222,0.0,0.0,79.37725326374735,-49.4156711851671,166.6998546597037,159.9263374297662,167.71211616468625,160.58673336904963,140.70545757728604,129.49377079598614,161.6844294963713,138.1586489560479,120.69984789734437,168.87094209638911,135.9855367423756,48.458208400716195
366,953.0044275519944,716.9335965754915,0.4983401095405581,-0.33696739520035257,-0.1822275166771822,49,0.0,0.010248658295831591,1.0715294500745587,-0.07501027938981156,953.0044275519944,716.9335965754915,932.3261790705268,0.0,0.0,79.62222946186647,-49.4141013885698,85.8080707160855,68.73359480621951,79.54053143807086,81.90456201808257,93.47709868421524,83.63866602186157,83.58274835375758,90.18620847863147,89.05239098880853,79.42558772643369,83.22444794880653,13.75227188955365
367,2581.5451421343864,716.8373028829624,0.6999079274020535,0.049835999978328265,-0.31070034199120244,49,0.0,0.014230918368167544,1.311893946603626,-0.29474682032307287,2581.5451421343864,716.8373028829624,1217.7805362709996,0.0,0.0,78.57927322679683,-49.41318094421332,86.40390159359549,112.56809261015347,98.5345380699965,100.34676841794885,104.40150587255508,110.59133720812991,106.32432678390586,136.3351615126616,115.8130694832353,102.22205666952364,114.1277471282063,30.112030921087598
368,985.3264908285582,718.5568156962489,0.2913427858949851,-0.47244518525571993,-0.39997766524463935,49,0.0,0.01023174717335173,1.8238626149107684,-0.6524803034112415,985.3264908285582,718.5568156962489,880.4820947239368,0.0,0.0,79.60152464240215,-49.41349726322946,90.55054991964988,79.20374783963064,80.72194808952223,79.6735532161681,71.65831042107123,72.15742659420539,82.11029275878093,76.21698205935735,74.9562004900609,65.78329229816345,81.0790249694032,26.37076606792366
369,1260.2542635863838,719.8380614039468,0.5444510423159677,-0.46246276514562573,0.18706902092034614,49,0.0,0.013216381563951751,1.6190166818873026,-0.5231283090580463,1260.2542635863838,719.8380614039468,911.7545321322879,0.0,0.0,79.42545418014988,-49.41342794249998,63.26478373079086,73.99724204686333,86.84667410464289,72.12956531265844,86.20005318227068,88.53170909330397,83.74874313864721,90.52272925833519,69.3310007044329,92.99085636043591,82.56355409994406,21.627621099962447
370,796.10107318877,720.4666088933631,0.5458679380664052,-0.20002340576537284,0.3371839407678868,49,0.0,0.015317651402146906,1.8604828790517358,-0.6740641945372999,796.10107318877,720.4666088933631,1019.1393497864063,0.0,0.0,79.72269517356764,-49.41222657112952,98.84451562988582,85.41161360050361,76.9598734762918,105.00952627115902,101.77498562163679,87.91812885633932,82.37335714875914,94.94374860090053,74.45271318288339,85.77378829063596,98.00471419802102,27.672384909389898
371,2226.11276515027,719.6381396451238,0.8405590915319173,-0.42225334730336334,-0.2548365988747008,49,0.0,0.025709636598729445,2.6680400998560616,-1.0654808815289505,2226.11276515027,719.6381396451238,981.5643001998849,0.0,0.0,78.80689855168663,-49.413023835620294,75.11927673258444,113.02997623295869,87.78022550754964,88.08742104201892,79.1980404958828,76.70181593208372,88.0037261771565,76.69110426242872,91.80595860854652,82.98052280003611,92.93814192581341,29.228090482825326
372,2613.271043282007,722.018611832543,0.2627948682498191,0.22064298200867072,-0.40518757600384925,49,0.0,0.016087863667315825,2.252592586909754,-0.8817066263837209,2613.271043282007,722.018611832543,1568.0819462377058,0.0,0.0,78.55898545560852,-49.41091043762802,141.23583496359277,130.41465746510232,145.39957236634626,160.4632156873089,137.6550221658688,113.77496928078355,155.8418456215463,136.89517159472405,124.29792716468063,144.3556085993783,127.45366159830536,50.29445973006857
373,1962.0768814787837,723.3814619417196,0.3950204278664955,-0.6570320065628003,-0.12069909301462321,49,0.0,0.009418185748561401,1.1484882553809614,-0.15031639597754626,1962.0768814787837,723.3814619417196,897.4542182985783,0.0,0.0,78.97599677672935,-49.411925123982755,95.28646889517915,79.96522519037289,71.17591750891745,99.01929846532015,82.50128974424987,83.25686510145908,63.36221922427161,73.63352581587826,89.07960715090276,55.27052952067244,86.1583985331899,18.74487314816482
374,375.927386962899,725.3991489170784,0.817436034142072,0.14887425387601003,0.08936536536951756,49,0.0,0.04931163382272449,6.516874429026706,-2.035098382086133,375.927386962899,725.3991489170784,2129.076786248228,0.0,31.611217431537014,79.99171687296581,-49.40866421623336,372.51433398313657,143.95292065269882,63.10857426302622,40.57734120961839,334.3699081557255,258.9160716478163,272.14934871323703,41.2509309700722,170.55598093526103,335.2542916524301,96.427084065206,0.0
375,2167.170147221241,724.7758427421949,0.4847621868105769,0.02745838152413421,-0.06643214778774537,49,0.0,0.023500576950782885,3.3405330190532476,-1.3095394220920966,2167.170147221241,724.7758427421949,1353.9605849420666,0.0,0.0,78.84466116165044,-49.41100752848824,108.98045375157074,127.03822733858532,95.97398745056053,120.77436525480755,110.70767054924586,118.87712889085537,134.34754998120354,100.61722585201301,144.64544724023222,131.02543711127342,125.4571373068342,35.51595421488482
376,1165.4099263059304,726.6878562220055,0.38855777957955384,-0.3848554862769676,0.3036388833740181,49,0.0,0.012238001605895549,1.7744529142537522,-0.6226611991905997,1165.4099263059304,726.6878562220055,881.9157403792311,0.0,0.0,79.48617786310449,-49.410443971156525,64.4784846085048,87.94684088148155,74.803919003298,75.42445322879652,80.09050117509571,76.29796526892169,82.32928613722805,75.28498620239176,90.74550389884858,68.9372557242763,87.59279239893831,17.983751851449934
377,2267.744529470748,727.0453886845203,0.5508356843307523,-0.18799786780607947,-0.25341465154845405,49,0.0,0.040633683202248916,5.90463784420356,-1.9279831642357013,2267.744529470748,727.0453886845203,1340.083229037839,0.0,0.0,78.78026448180793,-49.40984251427811,116.9308887980217,126.09087753725515,112.87072803857869,119.79491373370263,118.59024541732262,105.33535050229298,111.5534731948231,125.09857036370573,122.64309984474431,107.62241775764073,140.40060220738263,33.15206164236852
378,972.086481386173,727.9816008036977,0.4862049095521738,-0.1426936355076342,-0.06264179228961889,49,0.0,0.008617617521193836,1.1068702239283918,-0.11024176146576532,972.086481386173,727.9816008036977,833.5786373432256,0.0,0.0,79.60997157663847,-49.40954140920316,72.41811702253382,80.07263772845565,82.5316754297868,73.25244015730235,74.52573913716373,64.71066413716544,73.52555249450131,70.35685335142475,82.72355808253023,68.90564494664197,71.96544781288083,18.59030704283874
379,2087.6740004138205,727.5098981122665,0.4782676211909354,0.3089345027985787,-0.1845419962711778,49,0.0,0.013216555845183782,1.6387262783726921,-0.5362660451223059,2087.6740004138205,727.5098981122665,978.820022989612,0.0,0.0,78.89557600453527,-49.41001653737167,73.69645730983375,75.23335523142819,80.5735697369922,92.51396573711456,88.34154979565258,91.00832135200775,116.59162304111167,66.9704565490718,93.15872502609486,92.04628925717506,85.86858802069548,22.817121932434013
380,2144.135315356523,728.2380113095642,0.638163989253409,-0.1740644666627679,-0.24763796639646155,49,0.0,0.14945103658421116,20.376311670794085,-3.272813937156128,2144.135315356523,728.2380113095642,2965.4430059203387,0.0,0.0,78.85942229708795,-49.40961026642396,262.9534090163357,254.88625550800327,272.17955437977866,265.16783967527897,257.30059693849705,238.82506464270784,271.79536911679344,243.41422310037882,268.03729692223106,266.81485675001784,288.9952928671227,75.07324700319357
381,2199.581496049576,728.7763620457712,0.35130110953628757,0.01668027352555442,-0.2774977125841569,49,0.0,0.02548482170258998,4.432996681940146,-1.6167435155844379,2199.581496049576,728.7763620457712,1255.8187764248132,0.0,0.0,78.82391873758151,-49.40927394046204,122.97379795139635,100.3687960035338,95.98513969356603,106.71184591202761,104.03732568590127,116.16026696188386,114.42437191177348,100.9508029962408,117.75181951766383,120.09813559201095,117.2487841670272,39.10769003178805
382,1568.3090534851258,730.9297306744951,0.7089026660172291,0.050791293424671966,-0.0075932437250977826,49,0.0,0.02891751705823966,3.2753814147790408,-1.2881547010399683,1568.3090534851258,730.9297306744951,1165.058137385017,0.0,0.0,79.22816648077,-49.40900949097002,93.29237560018737,102.79149946146809,116.79450993786284,103.7879469413709,96.69625520998287,99.65822440698028,114.01889064293573,98.25335266388345,102.55051289900379,99.71812695939872,106.88263755172443,30.613805110218628
383,2346.5324436292335,731.941068602326,0.7403327544730044,-0.01836443623304488,-0.09601539626389526,49,0.0,0.016070799804623243,1.7091619061755385,-0.5819580117288541,2346.5324436292335,731.941068602326,890.0193687227246,0.0,0.0,78.72983248102821,-49.40760592117863,85.82457190496096,81.87655465383338,65.39872315184631,75.24506729780052,87.1093677440595,94.64823766492987,61.08784411202694,77.53825976913669,79.67710421055713,88.73105875272813,67.58369745814545,25.298882002699784
384,649.8142536238847,732.2462542608991,0.6581692640124632,-0.52414387088465,-0.12410971999506268,49,0.0,0.011136775860832974,1.0909708079458822,-0.0945328248722417,649.8142536238847,732.2462542608991,944.5871690788497,0.0,0.0,79.816311242522,-49.40686487233294,80.45873934917613,82.48735981036683,78.44388686428668,71.38809025976465,104.75506023389585,70.36903997380591,73.62134249570273,78.51122823587374,87.29207125735059,98.30866691964965,89.81444415092238,29.137239528054593
385,846.89687792766,732.9671640837602,0.6912781410532283,0.19425167657334447,-0.42489160572537354,49,0.0,0.015301988641119422,1.631800611162421,-0.5316677286271686,846.89687792766,732.9671640837602,882.425470127884,0.0,0.0,79.69011585229143,-49.407158341143486,76.4220423876719,81.3495549204791,77.87826947817459,83.39899001046427,84.173068788457,91.45267405816969,75.63797188581329,61.37150585685959,77.17734694858044,68.57545985708731,83.16841260884502,21.82017332728179
386,709.900442033587,734.8399613271172,0.495067411374654,-0.9994525438370918,-0.4813418023641725,49,0.0,0.01112737977961717,1.2599854308693046,-0.2509138085684151,709.900442033587,734.8399613271172,3986.288037997182,0.0,0.0,79.77782600411905,-49.40597985200062,341.4551408622103,375.79261375650793,323.0559188560052,370.1249106355448,355.11304826565015,380.5354055888001,330.4202568552071,327.4171526328197,340.72704119263045,379.9762518546778,346.8944614861467,114.77583601098114
387,547.7631153626313,736.4419242768804,0.2752471164155013,0.1460991257289476,0.2515702113335553,49,0.0,0.008644879132580323,1.244992473107171,-0.2379168145273741,547.7631153626313,736.4419242768804,919.9600456572787,0.0,11.987338098083393,79.88162870518232,-49.404755419529046,97.63860487878675,83.27842263147397,84.82797734979908,84.399583759434,76.71025670625147,55.79530085002766,84.43280933490145,82.06519064771132,84.51705222405789,81.77018477284271,85.86179078778126,18.662871714211207
388,674.9947585007524,736.7867671739407,0.6359789848318931,0.04062266951853231,-0.24077576667750733,49,0.0,0.06991538725692036,9.008521859569369,-2.3866338417939827,674.9947585007524,736.7867671739407,1900.5067372560577,0.0,0.0,79.80016570035062,-49.405056689653016,167.1042822243586,162.42588184070485,144.3397414999086,157.73323249296772,195.3225996230915,186.89372085656277,179.57706490217026,166.1523361960481,156.325871458692,159.90745396868905,172.5546049370913,52.169947255772875
389,1113.3124806947494,737.2347570529815,0.5789008441601332,0.5215010673076215,-0.011839944440049707,49,0.0,0.013877835697377322,1.6261319110425614,-0.5278894311190263,1113.3124806947494,737.2347570529815,938.4294762151983,0.0,0.0,79.519511920622,-49.40596471070591,92.78544726697055,79.08529909202157,74.2446417432038,87.55615381972237,74.2258851430104,88.65333786427173,81.2238749238634,88.52573407719971,59.17100329089079,88.78547381638225,94.92073794357907,29.251887234082623
390,1261.3211756028493,737.1984897753778,0.6749169713888207,-0.10938411604093731,-0.13672796027666104,49,0.0,0.2734170456163039,37.59780824418759,-3.937906321414969,1261.3211756028493,737.1984897753778,4312.05874498518,0.0,0.0,79.42473908091402,-49.40619605507161,372.08634906682244,368.17613672254623,387.97644885937166,384.7298529457528,379.7717650797323,396.5405279169501,382.1322886283395,370.9539621766047,377.4138859800679,392.25220628987347,400.2080178109104,99.81730350820817
391,399.7829703647034,738.104419373553,0.6353403659247774,-0.7058289666442912,-0.0494563749689855,49,0.0,0.0323224016448018,4.160484514221878,-1.5478597746437948,399.7829703647034,738.104419373553,3606.014665953261,0.0,234.82567317335298,79.9763601750081,-49.40347332713093,435.34035197415244,372.5208817192283,274.4599998215026,261.1222131835872,517.8265687940994,181.18280567876099,299.5794892289708,434.65863054096246,116.5904242834298,228.6550050830533,441.0717512909001,43.00654435461377
392,1638.4619519946543,738.8211791291552,0.577173045757537,0.06367271330276614,-0.3241212034169181,49,0.0,0.00908951513176692,1.0705913456850433,-0.07405932091289587,1638.4619519946543,738.8211791291552,751.1083360241746,0.0,0.0,79.18324444962289,-49.40572080220555,70.05052186367053,73.00203379707256,60.36644713560375,58.734497002765096,61.17138566187937,48.387956751040335,65.20408251698711,59.28466999205979,76.93600305534974,90.75741315597264,69.86753187118512,17.345793220588504
393,716.9986665988483,738.9224542860309,0.5287612028052258,-0.12185918352859756,-0.26946839098173325,49,0.0,0.2954282765827772,44.29202373612379,-4.115813809955085,716.9986665988483,738.9224542860309,6583.403325282798,0.0,0.0,79.77326163422855,-49.404301225374915,528.2147558127388,595.7650096288535,569.6756598136847,607.7712578651433,610.7337385806926,566.6746483496756,558.44826346069,582.8396049489488,568.625808909894,601.1825339451841,605.8343648946454,187.63767907264537
394,914.80259516331,739.9669158956181,0.2446843386321744,0.45435094894699446,0.3021012944960208,49,0.0,0.007748229484130488,1.1550117127910131,-0.15646597090528305,914.80259516331,739.9669158956181,893.9195576640013,0.0,0.0,79.64660884456524,-49.40441477318593,82.28955737040769,71.77262222419319,75.38048560265692,70.77700691200378,77.66698604132921,96.57092846853234,69.89901944668699,75.06168781500787,78.47952288065161,87.63910337441902,83.04088464323766,25.341752884875127
395,2196.2817544515756,739.5703853292987,0.7971863373847212,-0.44123105020202985,-0.13202601425949628,49,0.0,0.016137076183295334,1.4632052293342885,-0.41326311147941547,2196.2817544515756,739.5703853292987,1015.4140548138744,0.0,0.0,78.82606648753216,-49.404783679523334,93.40368917690583,86.25233876691115,85.32721562975422,96.24088406516223,95.23644568803046,80.94413939975567,84.70529608322204,96.78095985370322,94.39288979093865,82.83673013812472,95.20651572436549,24.08695049700068
396,1671.1269058362288,741.0971339748218,0.9822585427984397,-0.08603070311637394,-0.05824527046356044,49,0.0,0.018235262963664324,1.6857516032258868,-0.5669839534563372,1671.1269058362288,741.0971339748218,797.8763305766553,0.0,0.0,79.16232913707061,-49.404766254223745,63.83590540084488,62.06585790001125,63.85297875335965,57.24043324651821,82.48725389535818,75.3560898862363,73.70733522120273,68.72216196154403,75.49992748303522,87.14606560039081,73.49485208808117,14.46746914007285
397,1593.1479387978034,742.8594075572918,0.831957832476868,-0.16891610491846715,0.3267128935430178,49,0.0,0.021858047448983668,1.9244316097003313,-0.7107562044539979,1593.1479387978034,742.8594075572918,1163.7487766253535,0.0,0.0,79.21225998688888,-49.4040407249946,97.63528235635343,117.15599909547552,113.27637057724887,122.6984499175182,86.6016410455639,99.53725736321502,92.16722323757176,97.31763040538598,91.91261127789181,94.74204292165416,118.88046270063214,31.823805726842593
398,389.4611742592409,743.3901376579179,0.541952560539517,-0.24706161312361494,0.329709784389533,49,0.0,0.0364302466079416,5.5976285800687995,-1.870010195767466,389.4611742592409,743.3901376579179,2590.69607987548,0.0,137.80922578136824,79.9829337310461,-49.40122722799432,319.0198892734601,224.3063260256667,477.8023204113793,245.97933126583956,338.10364368451036,138.6636135428572,154.56862221296947,238.41430663040893,157.92018407366564,84.7635169828969,180.58507376161688,30.5692520102092
399,1026.9671534615218,745.3372228721273,0.6192884199960432,-0.25902732250443977,-0.11452195469961379,49,0.0,0.040223116584332794,5.609253255968969,-1.8722626217686844,1026.9671534615218,745.3372228721273,1121.890485365816,35.224846995723226,0.0,79.57477467957023,-49.40242696495681,102.64877509851951,110.32600079995885,108.0116315167636,77.43834633615668,95.41145787979936,90.6400922989861,105.13267689624992,111.49340903726826,82.70437713584197,119.26163237100563,99.30879865045577,19.51328734481016
400,2412.7360689308584,746.4025261877747,0.7051064152742521,-0.2606088360608077,-0.45842923195000046,49,0.0,0.025690472320301153,2.7881779916823737,-1.1133012369957607,2412.7360689308584,746.4025261877747,1172.1095967072533,0.0,0.0,78.6875048715256,-49.40139840754896,98.45079454497227,109.77081498203782,91.70354933462215,109.87700454954248,127.28968331573898,93.53595391286214,94.36413548649479,119.61151429857001,80.96131610883438,116.28842630796315,101.43504150243001,28.821362363185152
401,1422.0443136575668,748.2005448537074,0.8158152385088135,-0.31086552069268775,-0.20709614785001743,49,0.0,0.011609915579018946,1.0293794714009632,-0.031438757497195845,1422.0443136575668,748.2005448537074,877.9026435494925,0.0,0.0,79.32181289302814,-49.40175913862953,73.09670269434743,85.44573621541204,77.96681893273609,76.34781501723175,77.51042090990023,83.46994094944274,69.496462019214,73.55048905266845,74.46667417817375,77.64056152913442,84.0142064282836,24.89681562294788
402,1058.2627581473866,751.0710861988867,0.6406608965102737,-0.2500511089066172,-0.1802324922133384,49,0.0,0.042081171288764145,5.656331974185414,-1.8813372264796757,1058.2627581473866,751.0710861988867,1180.089313056111,74.30208209903648,0.0,79.55472039972939,-49.40009971592382,90.76438545728377,100.5659431962114,98.87386886796355,90.23668982000227,108.30492724561074,94.51197614121264,104.37897646166958,101.18727646806335,121.46980962855712,122.5535086806528,117.37194258721566,29.870008501668014
403,1386.495543439457,751.6839732044829,0.6754249122342406,-0.20217310795296736,-0.11064351953984235,49,0.0,0.013444298250185921,1.53066774792921,-0.4622023286391441,1386.495543439457,751.6839732044829,796.5403003452525,0.0,0.0,79.3445697223672,-49.40028310822372,73.28426305154022,72.37019585420643,65.5711765077245,65.29431752779163,69.31330970280908,73.0219255467185,68.6563750181838,82.15328349051705,69.26999547775881,63.93688777022366,68.72398954293568,24.944580854843103
404,2108.0755970548084,752.0950122826724,0.7014230772388503,-0.6099617653630036,-0.39209417508132216,49,0.0,0.011355420610214224,1.171779118379139,-0.1721143860529612,2108.0755970548084,752.0950122826724,877.2926489007434,0.0,0.0,78.88257894695208,-49.39973742101248,74.69311734287909,78.34834653347532,68.60586646229257,64.9799206104355,74.73221451607213,100.75680521339123,85.23475898642548,84.37551978886378,79.19644301703651,73.07768719713229,71.19606820950756,22.095901023231885
405,1950.666326023849,753.8240823261954,0.5085078798638254,-0.4047692530112576,0.06674196708308525,49,0.0,0.014132322210344613,1.6091029555323848,-0.5164595813307388,1950.666326023849,753.8240823261954,1111.2291131040706,0.0,0.0,78.98336169078749,-49.399255654685014,111.06349024369705,106.7307796203436,69.16006323377675,82.13718148685558,102.1415132675422,86.86945593771016,99.18329245181533,94.96976348478304,103.06297116862922,106.23366105897273,117.76776679647395,31.90917435347098
406,1231.100934302839,754.8778347301013,0.6579395096890321,-0.2765577724140839,-0.15258182223317032,49,0.0,0.037924452616516516,4.924693881741958,-1.7309480999763973,1231.100934302839,754.8778347301013,1235.490663513518,0.0,0.0,79.44405452958706,-49.39879215065423,107.35118204657441,104.41489017993791,116.1312944675986,104.58230305239087,122.5588921203272,117.94780151827823,100.30637928771559,105.46874857214772,106.96361527030982,120.49803158923055,109.2293139078089,20.038211501198262
407,832.7331515179628,756.9709106970554,0.4871397986395951,0.12904976970279602,0.02883261437845556,49,0.0,0.011049969857798832,1.3009430069048302,-0.2856456773591785,832.7331515179628,756.9709106970554,843.787459565389,0.0,0.0,79.69908544846523,-49.3971194367407,64.83641038586643,81.56092399183265,65.10543433989872,73.54562151700509,76.71941936176373,73.16522375647781,76.41870615263424,66.48411923873661,77.6590882737438,80.01926645175207,76.87591999841428,31.39732609726338
408,371.66462373884775,757.9425608537367,0.413895323318226,-0.20314358166204416,-0.5228390771076318,49,0.0,0.02646774383508297,5.775088604000796,-1.903896629390294,371.66462373884775,757.9425608537367,1903.4445446809004,9.0,65.50072893328093,79.99423014079706,-49.39508777089906,213.93793448609068,197.84891184855718,129.60891853712218,487.84647437400986,254.966313810553,95.3754469447135,121.6624150566027,26.778615748825153,6.297256921082623,11.802531502112798,215.2277974130003,142.09192803823063
409,1994.7205857665474,759.7821729262779,0.44676773767729744,-0.3054227284104525,-0.6274879096600569,49,0.0,0.013148628828984352,1.76360774512151,-0.6160049935533063,1994.7205857665474,759.7821729262779,1043.540821292428,0.0,0.0,78.95516939376638,-49.39671527188603,81.25097451406593,86.80140078745953,91.79057004624796,90.89489446485955,79.64978281997439,98.34854194643454,102.8860169363358,104.3141695819462,94.83011125201938,92.5182935280199,96.59343635209304,23.662629062971945
410,935.0185937560633,760.6690746220978,0.3474057896287382,0.11356776194507799,-0.011170502636922902,49,0.0,0.011964439248026175,2.008298428015309,-0.7570706207968512,935.0185937560633,760.6690746220978,881.394341855094,0.0,0.0,79.63359045628486,-49.395837728597094,80.77052200571299,87.39182744496405,69.63257490017435,62.423506956749065,87.12853500661305,89.18241159609084,79.5287378316041,79.8172560153531,75.90119275967066,73.11675371973632,78.02458142697583,18.476442191449728
411,1682.4832573262036,760.9344004636301,0.37381641184110537,-0.060928671338918904,-0.1998054880113212,49,0.0,0.025495864580997375,4.700259220823006,-1.6803045251949358,1682.4832573262036,760.9344004636301,1130.2213407623788,0.0,0.0,79.15506631321992,-49.39649798154093,108.2248768189967,103.90992144794546,94.27809726565962,84.14667257668691,104.01824180138402,92.48031296123818,109.68071389332044,98.8245062874416,92.87806696879309,121.20540358322745,91.62327281846555,28.951254339219716
412,1701.8927139069815,762.0487771648011,0.3083381796801801,-0.2812179508793116,-0.15288280322509343,49,0.0,0.010104546482072022,1.6113478848432983,-0.5179732833219157,1701.8927139069815,762.0487771648011,897.7591690901075,0.0,0.0,79.14264089414138,-49.3960273851122,82.93680634694417,83.49225659943178,68.79447489116427,81.52308344572933,67.83758818650603,83.5128285370624,71.29343324708807,90.11962386317134,79.07694225680487,91.91140027263283,69.43979176353942,27.820939680033064
413,2091.0034281574212,763.246066155663,0.35093470139828165,0.05119469629684584,0.5847252005922587,49,0.0,0.010394605484146979,1.4192867000494136,-0.3801753326758489,2091.0034281574212,763.246066155663,938.6081622751627,0.0,0.0,78.89353867134874,-49.39512150998408,82.11982595562,94.01689690305697,79.67797041527658,89.96203699512402,80.16392939835029,92.05257594870403,69.35168838367282,76.3829951639654,79.39846447591037,90.12674032944473,78.24224090070373,27.112797405333854
414,2606.801478413182,762.8703593569435,0.7282872098240638,-0.228819691224133,-0.5962259567647679,49,0.0,0.01347127147298932,1.3515103315236745,-0.3270484249510327,2606.801478413182,762.8703593569435,938.7628402728974,0.0,0.0,78.5633502784274,-49.39391370503629,78.4353896046174,71.5620627633164,68.49900982699475,90.84332340940304,77.66257247911173,77.25669259099871,93.03925783847922,84.63280393149805,97.86690202087348,88.12364512070607,89.35316441017355,21.488016276724956
415,1419.3839898469898,767.6484612202046,0.514922213458775,-0.04786630671199716,-0.12414520350809473,49,0.0,0.01255023725578403,1.7425811079791513,-0.6029825034071946,1419.3839898469898,767.6484612202046,838.5070794490846,0.0,0.0,79.3234971927096,-49.39365446996329,84.64278082548319,66.52909632926435,75.02718091705978,87.45811005364564,71.06060518882218,69.73694116554458,85.6646600751474,64.37794053706125,67.45411157194133,62.345438276373066,83.3644768674817,20.845737641260104
416,2900.3020766353557,767.9691185387313,0.4849870907601802,-0.448883631094813,-0.46191016247040545,49,0.0,0.017978966394339588,2.176771187392426,-0.8445319507889408,2900.3020766353557,767.9691185387313,1047.3290700081548,127.35091163950486,1030.7562883105938,78.37551977122759,-49.39059352725121,67.13170949645723,88.03343909454605,83.1553317162448,80.38048836298117,101.16206750164676,93.50784559609883,87.24876436559525,96.3977077623405,97.77214239325446,117.38772848854009,122.52608082370857,12.62576440674082
417,1593.613001601757,769.9479489875372,0.5244455073432691,-0.10059633461323975,-0.2873698106084645,49,0.0,0.02829291766047219,4.340717562466187,-1.5939038212813126,1593.613001601757,769.9479489875372,1128.9805312402539,0.0,0.0,79.21196119768155,-49.392754269787595,97.81347243305011,85.8685618647605,94.29053339343508,92.82583491762125,100.31489744292143,133.75436075867134,106.92583858150348,84.92960034134329,94.65092417249457,93.27823720386843,111.59899157697771,32.72927855360669
418,364.5383451194597,772.3584716008626,0.9700267821319161,-0.3022854713341826,0.5912275785366209,49,0.0,0.02767753792546835,2.9278140952007474,-1.1663587431314624,364.5383451194597,772.3584716008626,2223.3627152322797,7.28876833001677,86.9399907789023,79.99869543850497,-49.38905089323347,102.26482296220584,209.88379612174964,179.9334955108866,135.98929540888759,322.63319340806044,204.32330469840988,28.635563812528822,468.5931835805294,283.5835287997303,70.82281327695085,166.6008624948143,50.098855157526216
419,2571.6094295649077,770.848402292788,0.5434811230544553,-0.10851950145272081,-0.26116820271414587,49,0.0,0.14915276053648358,21.82174870598194,-3.347223875590463,2571.6094295649077,770.848402292788,3499.1970876376627,0.0,0.0,78.58591915507903,-49.390712807937234,298.22762608804646,326.39555217423487,288.564678759906,309.93415492046404,282.625090352186,297.7248862321879,313.5852592118116,312.2765402823416,285.00914411774033,347.03107489615286,339.8815201703934,97.94156043219763
420,2600.0396145325562,770.6914627550312,0.22795253672616086,-0.16565390872673216,-0.614702731197666,49,0.0,0.007684186481752194,1.1518381807056708,-0.15347867566305584,2600.0396145325562,770.6914627550312,908.8915794068708,0.0,0.0,78.56772087269188,-49.390679201188085,64.13380453008236,73.61355599591847,81.10511546638821,92.87776342041889,94.81585903801874,80.89470246153262,82.67612055858892,64.62315320810893,82.38403137279336,84.31647781026297,82.81766655390865,24.633328990848725
421,1976.9696618852631,771.810707255483,0.4238386247245914,-0.11237502986797442,-0.11775333158622144,49,0.0,0.019777033131410326,2.831844665521621,-1.1301735685568783,1976.9696618852631,771.810707255483,1569.2206099063121,0.0,0.0,78.9665579968588,-49.3917277894398,130.80378966585738,155.39593203400597,131.56121562396575,137.57305947956962,160.74970503903432,117.01405416859163,124.83160743328693,160.20780995798378,131.50387313167172,128.81115288209202,152.37075585476734,38.39765463548561
422,1643.3318907232708,772.526137572177,0.4988631500320999,-0.27529785499942006,0.029976403292808828,49,0.0,0.017576795703716046,2.3707763229284944,-0.9372264531653318,1643.3318907232708,772.526137572177,957.5214542024652,0.0,0.0,79.1801339064989,-49.39167690565294,74.69075321978549,83.83361980223097,83.41102398094337,92.18084315135752,91.00769324911995,86.42374188482074,86.61633137095657,74.27494295102657,78.39116080989648,88.66795511390836,88.65309989343395,29.370288774985234
423,2319.1411177770606,773.5897913963281,0.36437068519479426,-0.2266868439362804,-0.11849067417008814,49,0.0,0.02286211246333384,3.4769935391044515,-1.3530097092118187,2319.1411177770606,773.5897913963281,1343.1871635795753,0.0,0.0,78.74753339203292,-49.390324432921055,137.59965230640807,107.65495767177228,129.8941717775025,113.2584258140758,145.1682244071547,108.79206727329395,115.37541381833766,104.55362987512959,125.91829482390719,119.48867073759305,98.50027176610374,36.983383308296766
424,2792.1306100920337,774.3355483215472,0.3406981167345225,-0.32386623818486177,-0.4032120262588534,49,0.0,0.008869928135782653,1.0020277198220169,-0.0021993397542747024,2792.1306100920337,774.3355483215472,1017.5462431396097,0.0,200.8302014430774,78.44479518938604,-49.388417347356715,75.6164415731088,92.2457760134304,104.1634245169597,71.86488412570249,83.96266650119503,84.77656780042011,97.77825862774023,93.95897471898093,91.94739325993972,108.21810176584594,91.46764894911769,21.54610528716873
425,2078.1116839851384,775.0774865620394,0.568528379503146,-0.21462404107712202,-0.3936974100818077,49,0.0,0.03225940445391859,4.504114805917874,-1.6340236294201578,2078.1116839851384,775.0774865620394,1212.5329193502364,0.0,0.0,78.90182215968314,-49.39021405779929,107.49093160763724,111.2594456605454,111.38480741664932,114.47246712542845,103.47617248867246,111.49900604125614,111.0013987095454,85.15304190595097,118.43736182892953,105.71083929760786,102.69632244050635,29.95112482750729
426,2161.275600994787,775.1701929768294,0.41704467109653975,0.18797729773572153,-0.26547054581047985,49,0.0,0.019059615658976473,3.051987533846279,-1.2114568884161272,2161.275600994787,775.1701929768294,1098.7596788713531,0.0,0.0,78.848588584676,-49.39002284698016,103.58189359240095,100.10717287973726,100.31468987981734,88.33505109681911,95.31696496649693,90.25740738065117,85.02309879976983,93.4281368111347,95.29098902590057,96.45797443751822,120.15611336689693,30.49018663421013
427,2260.1598283312464,775.0452042227209,0.24100690653124496,-0.0637862215581345,-0.37100229486640923,49,0.0,0.018996594776745153,2.9835197525901096,-1.186822293662535,2260.1598283312464,775.0452042227209,1360.0606013895813,0.0,0.0,78.78529245694287,-49.38986168933787,119.35718278926603,106.91617529697562,120.75975310715035,115.88979155632326,114.77241247535778,115.72078710299937,137.33227421191248,126.9142816277451,130.4371568792114,119.11768100537503,117.37944504595836,35.463660291306574
428,932.8145930207247,777.7419085080938,0.9738095231897861,-0.06068947983856833,-0.22629376810471133,49,0.0,0.02823433576006574,2.690551441814011,-1.074603249813734,932.8145930207247,777.7419085080938,946.6511634404103,0.0,0.0,79.63493982091514,-49.38871931178359,76.13209034426893,79.36226441709697,80.63742391455906,72.65958422364764,93.9880756613885,91.1665340638792,81.26957528426553,84.7542756311334,66.70343387381071,88.63839547799398,101.55761740867831,29.78189313968803
429,1978.369178669693,778.3043940548688,0.5161884614300718,0.061936907923299145,-0.2674637630612975,49,0.0,0.02462448369698254,2.963538625862679,-1.1795264801858627,1978.369178669693,778.3043940548688,1689.9925367116846,0.0,0.0,78.96567536986123,-49.38902034258857,139.38710981215897,155.65036586271165,136.96002139697626,142.85812438605026,179.35768967337737,130.13558568097756,146.16063091293265,175.3363280496648,132.1502590470002,137.59300204878213,165.51832132357586,48.88509851747695
430,2865.1229601101522,778.3203212182933,0.5165901683646751,-0.385950437826937,-0.4743132313472105,49,0.0,0.10455783925388647,14.60572521331946,-2.911307814318685,2865.1229601101522,778.3203212182933,3407.0911336273784,11.422992768415714,2948.4145698854754,78.39810637335539,-49.38644050330231,317.74584516602374,356.82875318431104,276.3724974416947,276.83144574570343,315.64759165905684,292.04742204378965,306.462453287563,293.5214047537544,300.44838743226865,300.64672628552216,305.32936004138725,65.20924658630383
431,2833.8132947470513,780.0403104995426,0.5989152718216884,-0.4640361721502156,-0.6925811034266405,49,0.0,0.11480376670800192,14.6214525619965,-2.9124762989149695,2833.8132947470513,780.0403104995426,3136.8889575317417,0.0,2229.8360831614737,78.4181556088653,-49.385862097684864,265.93660870248607,281.9118952011188,279.487407764095,288.1865380753148,280.9612423944771,310.60820011146444,279.1397324484118,281.83644145049254,267.49908553912655,256.7292752880261,256.4793407145646,88.1131898421637
432,905.3378113580151,781.2818299845015,0.5467530022328343,-0.24767874291141853,-0.15739303720524847,49,0.0,0.011121379636546042,1.2774498168779913,-0.2658596209776424,905.3378113580151,781.2818299845015,878.358524659812,0.0,0.0,79.65251380615223,-49.38717827985531,82.48484206566904,86.32093594244257,75.38970442167783,62.548777073671786,65.8041186714029,84.36028370452928,85.05276479029041,87.67354838934526,61.641203997374085,81.64703860230969,84.94684183304642,20.48846516805269
433,395.1279961569837,781.5892238559052,0.6397096229399156,0.2281119263832488,0.46560021173441674,49,0.0,0.013976984298806294,2.0459350817476913,-0.7772296231885879,395.1279961569837,781.5892238559052,1320.6830053833905,25.158403789959728,444.28116351219614,79.97905721745319,-49.38533717096904,55.797579385031185,75.4158290284825,59.816950706692374,111.68984966760026,41.91759130203743,104.95146612043051,280.8421453406038,302.5838293727486,94.63680999409617,119.09377447654626,55.82741161042598,18.109768378695296
434,2389.2824109723256,783.2325546409116,0.7028669561935199,-0.23365191194515944,-0.5451686199133514,49,0.0,0.028658550195643187,3.303326290260366,-1.2973786845015804,2389.2824109723256,783.2325546409116,1093.52289193577,0.0,0.0,78.702677602367,-49.386120094174935,107.84606922646267,69.10710546708918,103.41918538154178,89.1351451659759,100.4865598348465,100.86550072095778,97.21099180901271,98.55302879093881,106.93811978370715,95.55062245360229,92.80655812665792,31.60400517497747
435,2661.639410382368,784.3386929644527,0.5898263329002527,-0.3333744081876661,-0.36248941743083946,49,0.0,1.5444160862402898,215.58888897443344,-5.834065936028903,2661.639410382368,784.3386929644527,30156.013837109123,0.0,0.0,78.52837101812774,-49.38476917317928,2505.3699294994235,2656.1928017192567,2609.751755890957,2829.497549642386,2648.297032257767,2647.200894925536,2681.8663745098484,2753.9219180046566,2662.8242568120795,2750.655962127318,2659.4937078147836,750.9416539051093
436,579.8920103992464,785.1979625052189,0.40496833375131946,0.5825365833644529,0.005236186458806404,49,0.0,0.009517568125577441,1.2420519200801141,-0.23534937634254713,579.8920103992464,785.1979625052189,981.5967983216029,0.0,0.0,79.86078931239692,-49.38456023224568,82.35532164678986,73.6051042334897,91.14926664169826,98.37715755580585,95.49154306339602,80.93022330436315,78.58090163380822,95.74996259212378,100.41395482347642,78.35638003079039,88.96019359981631,17.626789196044932
437,1684.610762331029,785.2809323069199,0.33200555946683397,0.1443652890601849,-0.24721912771194304,49,0.0,0.008265692932290987,1.228568400234986,-0.2234983518116519,1684.610762331029,785.2809323069199,818.3040861267115,0.0,0.0,79.15371533500627,-49.38635334048529,68.90072978092775,66.61048391221327,69.08752863998221,60.591121482839256,84.09370804000417,94.57631816454821,71.9482379920899,71.04191518865495,61.57337516209458,76.06786291835999,69.27654726042906,24.536257584568155
438,2503.31216185194,785.1228571163821,0.725571145718561,-0.07458582605661887,-0.6602329566787276,49,0.0,0.015378688168584067,1.6431657945416644,-0.5392034643117678,2503.31216185194,785.1228571163821,934.1943976186247,0.0,0.0,78.62970459412749,-49.384991767861806,84.69302641740276,90.50456651428149,74.33523016404627,77.4609031633725,80.75052363846632,81.2683621911059,83.15178797747618,85.65075154750431,81.61593544093523,74.12967876898117,94.42755144658372,26.206080348468916
439,385.7304823404543,789.0014031767041,0.26398531607649917,-0.7821675339195954,0.13841417905138365,49,0.0,0.007291877801521608,1.5941548621793649,-0.5063262702586218,385.7304823404543,789.0014031767041,695.8099918993687,25.68668989797135,415.8300388401371,79.9850227940983,-49.38220897772944,30.476600246474923,95.0533509363493,48.99131503398079,45.500642030950914,123.31536009395123,43.007004781362056,37.772444184900635,73.45073460373604,58.274436173989024,66.86072896077204,60.46573682312119,12.641638029780582
440,2602.523476167554,790.9823103683232,0.5850971719978846,0.17996853108122288,-0.8540163425746864,49,0.0,0.010623115596467239,1.1644676952662238,-0.16531861203457643,2602.523476167554,790.9823103683232,846.3344555344713,0.0,0.0,78.56624081498427,-49.38221672401551,70.83411541013601,85.00849167273697,64.6199767028525,63.80900491779585,70.72561543884703,73.50634471273133,79.17564551787663,71.94530027760968,60.79761784771515,82.03773125665235,84.36481657028853,39.50979520922919
441,2644.7917550093434,790.9670123125285,0.3227472234632804,0.090283791708363,0.43787906939378907,49,0.0,0.00956832771087003,1.1716047477750622,-0.1719528073368357,2644.7917550093434,790.9670123125285,1270.0727537175294,0.0,0.0,78.5391907344764,-49.38207031788049,98.48447753498291,113.01740407057973,101.79736613667639,96.32299725266867,129.82220508787407,111.66362807003469,93.68114117081238,121.19767910224218,120.4752924941315,122.62870143194075,126.40443101296046,34.57743035262585
442,1441.6904976356016,792.9938632661314,0.6984013524827903,-0.4886953897057205,0.06610032274723857,49,0.0,0.010829936431103068,1.162238656817795,-0.16323829065366782,1441.6904976356016,792.9938632661314,808.1012454964408,0.0,0.0,79.30919556357676,-49.38310767765071,62.50098657971138,65.68970409482671,57.462700660657916,69.88900052308637,72.74971606329717,79.81713729328793,76.21967120085519,85.93810730583265,73.01626558411766,67.90036893288251,74.4431357539459,22.474451503939463
443,1405.9416334772923,795.2582348650473,0.3080601492129894,-0.3063547879917811,-0.26175658249264916,49,0.0,0.008047085170643365,1.1862229717727497,-0.18541582524553257,1405.9416334772923,795.2582348650473,824.3154801014598,0.0,0.0,79.33207352782759,-49.38214190868284,69.53177701405674,81.48784313278898,63.45198824305601,70.34321164526433,74.81713869698326,76.51040929610227,78.25458872817896,69.24964732593209,55.614637205966446,75.01964755892716,90.3675703034625,19.667020950741005
444,1467.2094470212467,796.9917629162927,0.348555923262042,-0.32392010376432556,-0.3001526662078708,49,0.0,0.012627269392045214,1.7436823465746258,-0.6036684266993022,1467.2094470212467,796.9917629162927,1042.1368334109,0.0,0.0,79.29285977462698,-49.38145511287069,81.76507348218057,101.6602718131962,100.32249086161335,90.19606902724027,96.9196967226085,86.99906194029087,97.4630963071489,91.73646174317156,79.85733807937879,82.95168305618853,115.03346592330121,17.232124454581196
445,1734.0785614730096,798.0999598503191,0.8592590137615632,0.05769150698722961,-0.12505791619105774,49,0.0,0.04241811841131964,4.530148008763363,-1.6402809787291681,1734.0785614730096,798.0999598503191,1137.8945978846655,0.0,0.0,79.12206157281408,-49.380993244635455,96.49478894435573,102.35363296332794,94.95706093597641,111.30997009745157,85.517203354637,108.15257044581674,94.32169688085855,105.72764502052613,98.32117773245255,104.87099879289008,111.21217796759157,24.65567474878123
446,671.3750911090805,798.9195218093319,0.7683134552300294,0.2109808160926976,-0.10000947416090017,49,0.0,0.012933155988970933,1.2221841611347857,-0.21784162797937215,671.3750911090805,798.9195218093319,865.4484013346503,0.0,0.0,79.80217143731808,-49.37915851051439,84.57410237361171,77.3634164721576,72.57696253627259,74.90205482146246,80.74603665843959,74.56125013439895,89.84512330582832,94.22194647345344,58.611919004062734,63.3996231295494,77.26827969418838,17.377686731225044
447,2516.3521746149454,800.3412282304173,0.5748722294516969,-0.4014266495451111,0.11142808725687069,49,0.0,0.011564478272740195,1.326167039497708,-0.3064955744313198,2516.3521746149454,800.3412282304173,928.2511776999556,0.0,0.0,78.62143412215372,-49.3786094340597,81.6788653949162,86.20356120962603,83.14114755577049,81.17756745843343,92.02533143267355,62.46053560148661,76.87510243242124,102.96751523618553,81.70917039947994,74.865320320758,87.35052807798084,17.79653258022363
448,2427.1538233035167,802.4071421583941,0.5540786469251087,-0.06455311294028133,-0.2752522351961865,49,0.0,0.7009109448670999,105.57491233214417,-5.058901823663348,2427.1538233035167,802.4071421583941,13156.762437390265,0.0,0.0,78.67852422994495,-49.378023216110684,1111.3445211338417,1124.913448115164,1193.06815673144,1149.5933067042774,1144.5974464483147,1246.8379885903412,1138.0044223556974,1182.1917670206792,1157.2465986298052,1184.945695771765,1163.6955913236156,360.3234945653238
449,1051.5329116713272,803.0625518214143,0.5786833000184812,-0.10720117036252201,-0.2401549196757137,49,0.0,0.26341989335441535,39.69579011818875,-3.996861126770062,1051.5329116713272,803.0625518214143,4684.2754573511365,0.0,0.0,79.55887493217429,-49.37842480709485,379.9876860223482,403.4769742698448,388.5045950061693,394.9715129269225,417.7140240405591,429.30036015336543,441.0027747448826,421.7351350339481,428.69949242653115,431.24627446857676,434.94319528783706,112.69343297015163
450,381.4997126274653,803.9098467653254,0.7392392244032799,0.3773768991855151,0.6258792578367548,49,0.0,0.018454074004966643,2.1297050392861814,-0.8207986462954491,381.4997126274653,803.9098467653254,1389.4885374175433,10.939520061506844,595.9151539983433,79.98763210808151,-49.37597972376528,96.92798656484861,88.6824541792869,97.8682627476698,78.99267406788454,175.80068839894585,122.6912249185638,155.82148518935833,160.3020936225504,189.71186063058136,117.35368732813319,66.33912115109032,38.99699861863005
451,507.4737600785593,805.3797468143669,0.3857416440784417,-0.3866287397227086,-0.8325897210031299,49,0.0,0.013240906559131353,1.5503066293134897,-0.4760440103428719,507.4737600785593,805.3797468143669,1129.5293467885165,0.0,0.0,79.90701683688756,-49.37588167754024,96.69869375696547,106.66016843818808,109.49290834252893,84.69609911795882,82.45306811880525,85.0512184440755,97.58048721734531,84.4382795259709,104.02157283469522,117.17644024106576,121.68064648689999,39.57976426401731
452,357.7430448890881,807.2917357030295,0.6690372356465538,0.33016914099554995,-0.6991130853472971,49,0.0,0.03441343417310031,5.072005342931865,-1.762949255916744,357.7430448890881,807.2917357030295,2216.4504558329527,3.2829466310140507,207.71290023907807,80.00281018744285,-49.374467508403484,143.6287633042216,454.96402811423536,103.40039591032726,284.3479395326841,170.7480232018991,253.8944881831285,182.51809773049695,70.63760339195743,196.67784600224525,138.92304137778586,206.6339301566661,10.076298927305336
453,2361.113942080503,807.2904621572836,0.5967719739448593,-0.0695250810172071,-0.6121376417203719,49,0.0,0.017228477984666632,2.055148065259536,-0.7821077913315597,2361.113942080503,807.2904621572836,1228.5265816968313,0.0,0.0,78.72080526707343,-49.37617377329835,95.44009565535826,115.90084350191108,102.83961149297457,103.40961822829912,98.46878231027938,104.86527812022516,109.37412058174971,102.47315237167837,119.15587952321123,125.01040563052683,113.73837536107848,37.85041891953905
454,391.3380534607126,807.501308171397,0.3615549503009834,0.3572037093980172,-0.17012212873756366,49,0.0,0.007018107171818322,1.3388681247497876,-0.31684450542400167,391.3380534607126,807.501308171397,753.4307420148784,22.248278720475707,525.9623947744612,79.9813135486817,-49.37452565378109,62.84734634814922,54.11454657820317,49.90009675158423,66.39074516080805,70.70175551419746,57.49978187758863,62.95186519387535,41.38904129467645,89.62676203141329,94.7321518742223,85.83980152138713,17.43684786877317
455,2102.595546053351,807.9235248341329,0.532430049280265,-0.521974054055133,-0.7535991459795761,49,0.0,0.009559895465421386,1.1876650699165083,-0.18673495936694118,2102.595546053351,807.9235248341329,815.9274025162047,0.0,0.0,78.88623884468953,-49.37648651283393,74.72854442504955,87.45002098857631,72.4267973943937,75.78263570871894,66.95740886507289,77.61322344770403,61.740539455300684,54.55559053282924,72.08383804346883,79.36888838986566,65.74916668318336,27.470748582041427
456,350.1856140626438,809.1156850975656,0.7045601630435856,-0.9637188482655158,-0.2931086354014227,49,0.0,0.04345435789035354,5.7842920259727855,-1.9056255266165347,350.1856140626438,809.1156850975656,2388.0671039999415,0.6275938496047772,179.70893411258237,80.00763335904391,-49.3736743579615,243.75211167880087,323.495851600802,237.11120675841505,437.27180396248673,102.35644208132555,240.0614560101336,226.71327903468395,133.78062776364547,126.6132574348362,146.59571049608874,168.370307835037,1.9450493436861722
457,2365.5805743661012,808.8916586397642,0.812835424551954,-0.1339252645904166,-0.12333340996994915,49,0.0,0.014481593989883064,1.0631295633563433,-0.06646548779425718,2365.5805743661012,808.8916586397642,1227.708393678189,0.0,0.0,78.71795364251201,-49.37549461947403,94.98345567812306,120.91509018892464,99.44016306384717,96.9892654815675,102.07855299562024,106.67465188317084,103.85531580511295,105.07765294180882,108.2094772581516,122.46857582772151,126.87600368107545,40.14018887306523
458,1323.25938084254,814.2056628208464,0.4319956128197408,-0.33888522168787827,-0.05106988745270302,49,0.0,0.018749085527872505,2.7268758150237145,-1.0891634003381243,1323.25938084254,814.2056628208464,1145.0757714008707,0.0,0.0,79.3849631102809,-49.374178540979386,98.88162792871422,93.97068573332714,97.45644153958574,99.37112565364987,91.61423058073402,109.49264364821623,98.94346057005326,102.92951636123806,96.4602848200159,116.25776398127496,111.63533470891468,28.06265587514681
459,322.9542301291754,816.7666788648277,0.9721876650948794,0.8794923196104895,0.2800938779861844,49,0.0,0.053273976703239724,5.012763068685382,-1.7501929447591167,322.9542301291754,816.7666788648277,2404.2979659189436,0.0,46.68860137258779,80.02500373457143,-49.37036532010029,339.93206446321267,88.87936473376254,361.2288180925923,201.18497348432882,365.1633284121829,64.56969643406478,361.86991515779687,22.810046045595,128.9501529432462,202.77925213873974,199.93629262137537,66.99406139204655
460,2909.7455201642774,817.2901250613457,0.5651923237970329,-0.5599126902227288,-0.5790720008430216,49,0.0,0.36995543033773726,50.933308713919004,-4.267504723992509,2909.7455201642774,817.2901250613457,8909.425543367826,0.0,7651.678404653898,78.36982427208443,-49.370002470450295,710.5521757596,739.7452558530188,780.9226239449183,789.057566519921,851.998420061896,799.0241102665066,785.3763945996327,758.5832416367207,793.6303309433164,854.4162811137207,827.2126047116301,218.90653795694413
461,2431.169399349316,817.9791483978296,0.6869098360599952,-0.5334083413595252,-0.2180778802328264,49,0.0,0.012528585336299929,1.2726841277596448,-0.26180156963420054,2431.169399349316,817.9791483978296,1035.2604009417223,0.0,0.0,78.67602437498745,-49.37152361831162,92.03871985118393,99.41114123003157,88.21077279954876,91.04525321897574,86.01322103145918,98.06530819817925,94.28233157463424,91.62593211124896,105.02004786227992,79.16354652131335,80.52364548342182,29.860481059445522
462,1212.81747598568,820.9538775772874,0.3020816392382576,-0.21891946705863624,0.023013645470290917,49,0.0,0.00793145959153134,1.1552264931393958,-0.15666785034817596,1212.81747598568,820.9538775772874,855.3206238824366,0.0,0.0,79.45562176010883,-49.371237219199514,65.20410445579725,71.02407566799715,79.2563155386634,84.28625401257024,68.2736193817818,67.44570749005177,75.85362640610663,87.0267219633899,69.88759830828539,76.67445979563271,85.69606419602371,24.692076666136764
463,337.79701621239144,820.2116020963448,0.786225026495995,0.7425942432644348,0.15297775074165643,49,0.0,0.0296178638041356,3.0161367788140105,-1.198627581171752,337.79701621239144,820.2116020963448,2933.8942541250262,0.0,111.31833956753856,80.01548421245049,-49.36899669365668,432.3731478455851,312.92204660637253,275.28002022065857,87.76254701102664,190.1818137543346,305.50729148987153,195.05333444968102,313.46421969149696,196.48536198358406,228.48356475281852,296.0449141539784,100.33599216561802
464,1122.6492052496642,821.1703007058964,0.5339495878559435,-0.033012120181242104,-0.22646464898675833,49,0.0,0.011339626280616482,1.5720306064660745,-0.49115249307833625,1122.6492052496642,821.1703007058964,778.560508607162,0.0,0.0,79.51331685699664,-49.371009240947785,75.24533905985345,62.131494822839855,62.307597570489044,63.746852217947364,60.833158386993816,76.5570929000821,67.1612516308696,76.70108691441004,59.608707380795,79.71412815288778,76.7143790275396,17.839420542454345
465,331.7082189320083,821.3447872301863,0.4123989794537318,0.2370808458663491,0.019895626955395457,49,0.0,0.028535518110858724,5.852998261889953,-1.9184459878645925,331.7082189320083,821.3447872301863,2820.0081918369515,0.0,72.36104730050317,80.01937180879202,-49.36849738267301,370.9302139075309,204.34218671969964,247.76669181074107,111.54496463999834,282.3791169985857,347.5899457865628,395.4693477043494,151.0189913429684,87.11638225117045,201.23824328661505,361.5230498685572,59.089057520172354
466,2121.478474774357,822.3934439972455,0.5770328067118682,-0.04692162955972912,-0.36050462804122196,49,0.0,0.062490029486365936,8.975251545985891,-2.3826165730709388,2121.478474774357,822.3934439972455,1796.2013413928892,0.0,0.0,78.8741957635033,-49.37042355974651,153.21030791412727,169.36375518098836,162.10452386037352,167.16044271930826,147.7890344478084,159.91935518134332,142.3909920895308,162.62483363615297,155.24988089263795,148.19114300295212,175.54525804270378,52.65181442496245
467,302.9550919335319,824.8112010876627,0.9524369208116265,-0.07571186751282243,0.4935147267739643,49,0.0,0.024670101671713247,2.746750592958629,-1.0970480673544094,302.9550919335319,824.8112010876627,2007.6715582872268,0.0,35.29878103006301,80.03774229477376,-49.36692296753877,0.0,32.94725277529233,30.77564601669753,228.05459098545822,506.8064770920023,120.77264011271126,185.96296529528,436.3570518276042,113.19279524720767,204.9693611733726,147.8327777616005,0.0
468,2874.6210381474557,824.4676093531508,0.41684127027711504,-0.27647120167679545,-0.7008929232302787,49,0.0,0.010992945474630917,1.274597592483008,-0.26343273457440625,2874.6210381474557,824.4676093531508,978.1348220717614,0.0,821.9562531926432,78.39234514262321,-49.367172454179546,96.05164968676362,92.51385625742887,103.79068177948722,77.8298409813741,99.03531839883823,72.70685438182272,104.63791575872301,87.00231594450969,61.77387299382859,81.98332043539405,85.37923488000826,15.42996057358296
469,2253.8313732559595,826.1017025492208,0.7383746245394474,0.06990642121891179,-0.19969824006254114,49,0.0,0.02017054900666763,2.2550076630217584,-0.8828700551163338,2253.8313732559595,826.1017025492208,964.7738098502317,0.0,0.0,78.78952335268677,-49.368604113153076,79.15230692464803,73.66051053066273,99.83344512729255,71.56293743384876,74.44000118154871,91.16777082514895,84.04287210001662,104.45706815981438,105.63790826238949,70.78444317378506,89.8354665267198,20.199079604356626
470,1647.9445395613573,827.9029441257743,0.6496188698188431,0.04782886574883597,-0.05802242948994163,49,0.0,0.025118674579034356,3.3041876497596436,-1.297661758955139,1647.9445395613573,827.9029441257743,978.9385786060652,0.0,0.0,79.1771953375349,-49.36860328545783,78.41342614486075,78.73123577689145,86.09362654251547,84.11763415367564,87.13531831515925,89.44138732379716,74.16837509073764,102.12695118104907,105.04382238221469,73.48532311493895,95.71358420763781,24.46789437258741
471,2761.279900115144,828.7951507136081,0.452713842940743,0.005172245004465752,0.017013148190166458,49,0.0,0.012607914916194257,1.5408028930939612,-0.4693677130894585,2761.279900115144,828.7951507136081,1003.7250025831297,0.0,0.0,78.46488158088391,-49.36585672571596,77.32131085196923,99.85969340291174,73.38484861087427,99.43284756608429,97.616921526749,77.65660537647659,81.37306026498231,100.86444514608037,93.33315461246593,90.95643172132812,85.01862589051962,26.907057612688234
472,1895.872915090286,831.7278850729998,0.40897202657741405,0.6116242522273722,-0.20905409796212268,49,0.0,0.010380938276123181,1.4882048761821096,-0.4316568079818533,1895.872915090286,831.7278850729998,896.2965844890355,0.0,0.0,79.01856663585124,-49.36685955242975,76.74700600956325,77.47267012211111,68.40755562972174,94.59731547645585,77.90324890815063,67.0249642931275,93.87939001210279,65.5721877500335,66.33676845362001,89.384487826058,91.67642398589882,27.294566022192285
473,342.5924723356772,833.12554908526,0.28863075401054206,-0.05706320050594527,0.006844437411607742,49,0.0,0.021685819551093312,5.255159869117846,-1.8014648309865873,342.5924723356772,833.12554908526,2701.245722104011,0.0,253.2432426504276,80.01232862903026,-49.36363792102142,251.01258266618248,286.0740759681745,231.93946180601617,286.6246666431289,273.03796474892937,204.57670150118378,297.7068443258605,222.51014532159877,318.10268305385796,156.16751115837144,129.2930497392525,44.200035171454694
474,1350.4565965731897,832.528775115535,0.6881471576853702,0.49436938890359455,0.06613668068869234,49,0.0,0.026103464887567873,3.0302931132143605,-1.2037115970765364,1350.4565965731897,832.528775115535,1203.8275580433178,0.0,0.0,79.36753454951527,-49.36656950927043,102.37474298225567,101.29211962513776,107.96062859539695,123.35777693918234,121.33491415529164,95.36285715714439,90.82803833441625,126.5600778804568,102.80992043147575,105.28251663004916,100.15437979253771,26.509585519973342
475,1558.5517300867507,833.2394349128537,0.8261052226074891,-0.21457171450321416,-0.3000330881881191,49,0.0,0.042796013971142174,4.78475959961301,-1.6996503060740737,1558.5517300867507,833.2394349128537,1155.1670599713127,0.0,0.0,79.234391576586,-49.366380685072485,106.94725307754864,109.88175630135603,90.98652395870819,103.98167695017757,97.1540647613792,114.01095445424522,98.49778900209711,101.9917104028775,88.55650169210566,112.0733783642729,95.63510406971787,35.45034693682672
476,407.6942585308915,833.8527853382108,0.6325331134386661,-0.27085536040377617,-0.1129121454957162,49,0.0,0.009133992681856353,1.0256588500853203,-0.02750732941808866,407.6942585308915,833.8527853382108,941.5224335262144,0.0,847.9693181933087,79.97067859657601,-49.363616568443526,63.42890566772184,90.53848100717236,96.36327499971202,76.12901673608202,88.08013265824134,82.69230631678806,84.03846333782718,67.65830163309192,89.50096050294056,79.78519927589316,94.5541510500076,28.753240340736426
477,2655.7472630932875,834.2427115458676,0.44882556268009005,0.6477312424774562,-0.6592036044455858,49,0.0,0.009545358286777987,1.0579280993366993,-0.06114038115148233,2655.7472630932875,834.2427115458676,1113.9487844341606,0.0,0.0,78.53242616760936,-49.36399998508299,91.44457733338423,104.24726429733443,87.9068276490681,108.87165266241574,95.32192092980269,86.51104900086355,69.88585959813872,107.26185600375914,109.25828420878925,125.40230032916745,105.8842759692509,21.952916452186347
478,310.05648812241884,836.3335297462994,0.41209863353457543,-0.40077459801762894,0.32417953290263946,49,0.0,0.046505623272815017,9.945458815203757,-2.4940620582224957,310.05648812241884,836.3335297462994,2575.5099174392594,0.0,49.5761646928008,80.0331191193734,-49.36215508769983,234.27967817480297,23.98167048091816,102.90538607044793,241.15624031748368,191.9833011995641,292.5727657034736,245.78927924943468,214.33593394492414,208.51919855945732,384.0877572248738,203.8084528482273,232.09025366565152
479,1225.561481798275,835.9432159216377,0.4894999335274349,0.047458674522083376,-0.033325624076261134,49,0.0,0.008858443673023048,1.0686733036185243,-0.07211240118740488,1225.561481798275,835.9432159216377,812.157811133811,0.0,0.0,79.44743692654536,-49.36500907408483,55.49961564740404,66.45256694688013,65.84917418099391,88.00605091065762,71.15614377559055,65.25803347614685,70.69889379313189,76.12271188996381,82.35749565266279,73.16827752923443,76.75747045435035,20.831376876794586
480,1910.5792898953455,836.4287912374346,0.5069177250922194,0.15428647162289183,-0.1775588388938408,49,0.0,0.0377568221039336,5.705664441250942,-1.8907655663931078,1910.5792898953455,836.4287912374346,1285.458458205681,0.0,0.0,79.00916512675344,-49.36488519403722,90.98767136291377,109.46425884693008,107.16596612857973,112.8388611711958,98.98731109650046,120.72476333845047,121.04518946491893,124.64967619153019,124.72383175074322,116.50612046445409,126.5009199792743,31.863888410190157
481,2319.967501402843,836.3830373664593,0.6954604977072292,-0.053350119385522934,-0.07795373027039182,49,0.0,0.011579570568702334,1.1426102480743916,-0.1447452873259397,2319.967501402843,836.3830373664593,1018.0538625016604,0.0,0.0,78.74724830761932,-49.364160196575,83.66635735842904,81.93198149258404,72.75946224651791,86.33545206207882,95.72664264226515,93.58794964181573,93.55572458217493,99.28271739377391,88.5009979065045,95.24444831486707,89.09649107001954,38.365637790629734
482,307.338296499772,838.0433803096367,0.8307513447155073,-0.8586041250573676,-0.7615608204475213,49,0.0,0.04345436410670255,5.33355214423697,-1.817541363474429,307.338296499772,838.0433803096367,2355.9981275390173,0.0,48.650534091362296,80.03484592455469,-49.36143035023354,189.77302675209262,51.950555467009266,67.27813072376547,239.95692451860072,148.35484800912644,323.330288576867,71.44931730761293,262.0598830536575,207.08946036497397,432.81533893491434,185.95298774721954,175.98736608317765
483,859.1098863108833,839.524480554424,0.49205886336067756,0.11497930939201341,-0.06802192801171213,49,0.0,0.0391562492031186,6.132899452730369,-1.9691646115058168,859.1098863108833,839.524480554424,1297.7854756751444,0.0,0.0,79.6818691184664,-49.36279481196534,110.47100414341585,113.2606153259479,104.66078608659502,117.82290869929575,127.29231730861723,119.4331254507156,102.40467026026991,103.87987050016541,119.93604215511347,104.67895939517796,124.5654128937116,49.379763456118916
484,1621.335378402021,839.048888544747,0.8216158690822719,-0.20439536901311853,-0.37788373897077504,49,0.0,0.011068363390511645,1.0807203499862688,-0.08428332329703409,1621.335378402021,839.048888544747,751.4714570557624,13.779787123876897,0.0,79.19422229988058,-49.36396249446589,62.39344980436756,72.26419557000816,55.48984927334277,46.06907207699528,65.50138163121873,67.02269876211791,74.00684320907337,88.87709149799369,74.49654060037008,54.13254414531656,79.27437596927192,11.943414515686353
485,2830.8171618109986,840.6453430835977,0.6204105021621725,0.03753068503933043,-0.4509165086033307,49,0.0,0.014933271493972127,1.4145422774095142,-0.37653983012104786,2830.8171618109986,840.6453430835977,1365.1850235197767,0.0,226.97838325376227,78.42047550288221,-49.36062624464504,110.31325151656533,109.02767569987286,138.6109338110279,105.65789160142495,135.6142736956132,144.14721054340265,114.11488674221023,105.05124356624228,118.16126357846892,99.91679021910488,147.4730538663387,37.0965486795049
486,315.24265561649304,841.4389370955906,0.29923577238299215,-0.7693198921302854,0.34695959241134405,49,0.0,0.025233298689997387,5.801471215095951,-1.9088453544139983,315.24265561649304,841.4389370955906,3678.1023603866256,0.0,49.68384107621189,80.02976630652797,-49.36005169544025,334.4511159168302,7.902659385595044,148.61239389585583,246.92492710714407,346.0283977951324,153.85842984742064,342.4327005786524,112.15907499929509,286.17497216498987,1492.1829953190634,126.7873127504129,80.58738062623432
487,1339.0661601453528,840.929855011848,0.5529140664513751,0.22977630833926868,-0.10802488256170352,49,0.0,0.015370790043959604,2.166752436351854,-0.8395232339199852,1339.0661601453528,840.929855011848,959.4152036570836,0.0,0.0,79.37481045739318,-49.363058896518794,68.67951959562889,81.94104477049763,80.56248528458966,66.44092798994618,83.46615032954749,107.58822324195194,84.84460799351427,92.96623630161234,80.02884558242857,97.69996733176527,88.03885096563178,27.15834426996958
488,454.76150822529985,844.6888156391707,0.2185295232607451,-0.8048540974445804,-0.58302126962168,49,0.0,0.008022940911392546,1.4013239977354113,-0.36634639845832506,454.76150822529985,844.6888156391707,965.1884169599156,0.0,224.51022087566565,79.94050256959154,-49.35929635339614,88.95184355863454,98.76001927543939,79.81777435357361,70.55781036304867,78.81336988819506,100.98498599462516,71.30029557749728,87.08586648506127,87.65098991787328,94.26273785408256,85.43151915276003,21.571204539124835
489,1343.1881403221737,850.8445915509712,0.5925899940779797,-0.3078661749966077,-0.302103160517714,49,0.0,0.00903045680850658,1.0215009016759815,-0.023096885797892396,1343.1881403221737,850.8445915509712,789.5330054231538,0.0,0.0,79.37215958184453,-49.3589316722546,55.16721883553822,58.08421060190796,64.5847140970678,62.27162008663717,65.57652483112412,84.58324019598665,78.09959680604821,85.58396472290201,79.55287711399076,81.60828963497154,50.563644231430615,23.857104265548777
490,2049.031001882715,850.5579673236799,0.6494473864619899,0.34055346140767134,-0.32467947280305887,49,0.0,0.011455862520484524,1.2392819519361291,-0.23292531242826195,2049.031001882715,850.5579673236799,905.928033387126,0.0,0.0,78.9206197972659,-49.35881287124724,66.97236386534783,82.7197360154542,59.97514558720617,79.65482122579459,78.70041361165582,75.35468590584483,84.23262225519795,81.17997130815237,87.02618757300178,86.34274906574935,101.89341488713166,21.87592208658936
491,1816.2197785032718,852.1523945904428,0.5525631678715657,-0.5098215045528683,-0.6838879873456223,49,0.0,0.00935358353541679,1.1366522449872658,-0.13906903510543778,1816.2197785032718,852.1523945904428,799.314557479039,0.0,0.0,79.06955392515154,-49.35842149756034,77.71103764389362,53.541844137850504,60.528464632013325,74.40932238192376,68.24703727866643,63.47747756326123,68.0295979684545,71.37022204700094,84.58414276866995,79.24857265452708,77.54827657976041,20.618561823017256
492,1542.1889541394632,853.4373221779543,0.7444047308390036,-0.20143654954720663,-0.17334678617938545,49,0.0,0.01648672536750626,1.6422278458086883,-0.5385835295114084,1542.1889541394632,853.4373221779543,944.7230536622216,0.0,0.0,79.24485437178227,-49.3579622593457,95.1987159837119,79.70136149057319,74.1318860857029,82.70427329832609,81.50355127852521,70.32804110908079,88.66405594139499,89.82187147329427,82.52950368019766,88.6476525855968,84.79446094943697,26.6976797863808
493,1900.8096591903627,854.42688806782,0.6416101289789562,0.19366868465105536,-0.3871383700384073,49,0.0,0.014196226263533838,1.348801290218593,-0.3248699317814191,1900.8096591903627,854.42688806782,984.3207187746827,0.0,0.0,79.01544480336254,-49.357396782497766,77.67340680468915,71.741193325305,75.423962469167,72.77189858013156,100.86846416908173,104.55363522523129,99.67040546548587,73.41970050382349,93.7685832282979,90.67643674221101,87.7541529258745,35.998879335384146
494,2669.7220650293602,855.0437889166202,0.9567862374328346,-0.5009312965634103,-0.3412246625310344,49,0.0,0.02341683817767815,2.1303850940903217,-0.8211452869087834,2669.7220650293602,855.0437889166202,1153.6254041330571,0.0,0.0,78.52360618315386,-49.35528133785831,99.93207752529632,94.36532767335578,110.04832138084969,88.77227978648529,91.47173508843268,116.90140561009213,111.20719559275787,106.4919041462521,98.18392573930674,97.31557771939947,106.5464124632395,32.38924140758936
495,2845.8805400034457,855.0944007308033,0.5571550766403179,-0.4597433688501114,-0.46373797121253896,49,0.0,3.621955207731654,495.35375902659973,-6.737288657537713,2845.8805400034457,855.0944007308033,87299.8064494053,0.0,23789.50820699548,78.4109372238516,-49.35454074299592,7190.508217388387,7585.963526175777,7539.69674712718,7683.315185398079,7949.298964596406,8000.938596981173,7798.589450315298,7762.531074352237,7916.087387514415,7789.386858370246,7826.578033385727,2256.912407800348
496,1473.5590559996215,858.4303538642109,0.43109514823476563,-0.35422955330874356,-0.49362425846352787,49,0.0,0.00825323317340192,1.1360221140629618,-0.1384669638293118,1473.5590559996215,858.4303538642109,783.0111922451745,0.0,0.0,79.28875387678822,-49.35585945322414,62.86504289132809,55.445873849372106,54.55510218718189,64.23317195052293,58.24461129998869,82.01040050385089,60.93591753488134,65.59614095894645,91.00080401615344,94.39200886250364,70.09563475925859,23.636483431186512
497,331.94216643670717,858.7470312196299,0.8626474001266127,0.11978712185763782,0.5164007192305444,49,0.0,0.04757539269873214,5.577550946930391,-1.8661088648570512,331.94216643670717,858.7470312196299,3710.5626300091926,0.0,277.77778479791334,80.01896619680012,-49.35291619367243,253.56397508641925,155.13582597609877,227.63880653745346,315.9090070997729,292.7319957664185,1252.06983717816,140.36100032816697,154.41993724304962,366.71955891457884,220.60483507040465,327.0020042671508,4.40584654151786
498,1094.5165158099533,860.5705221499306,0.544076970254823,0.08903455384375569,-0.21229168081971828,49,0.0,0.315386066063538,49.70782466731136,-4.241061894487278,1094.5165158099533,860.5705221499306,5706.749460132847,0.0,0.0,79.53121031091817,-49.354544371664964,473.930178584153,527.0831513212979,511.56046655942527,489.5609760232385,532.5886862580707,500.3918966415481,504.77711244440695,484.10701048699036,524.6307773892013,491.8181929051587,503.2610449245694,163.0399665947868
499,1844.5516555811894,860.6079223426149,0.5530553211411479,-0.47232976292581474,-0.23507080153270393,49,0.0,0.028184090185531748,3.7638037161204045,-1.4390674167840785,1844.5516555811894,860.6079223426149,1190.186991926515,0.0,0.0,79.05144090098922,-49.35487548622475,97.23089712646426,109.62707883989493,106.79124695055901,93.24252119553972,87.15565802593781,89.46818533800631,113.21341031633173,112.95485180325703,97.54014645715685,109.87894950464951,142.04656066470045,31.037485704017165
500,1759.3798691021825,861.4080317320501,0.5411401857072158,0.22777590540011428,0.06269297908355795,49,0.0,0.029161071338948432,3.6412197345566093,-1.4031172195993105,1759.3798691021825,861.4080317320501,1384.1792079214142,0.0,0.0,79.10592293448734,-49.35460268130347,122.93854492975353,113.35452050388248,132.14604377060598,119.98650466790818,131.094704035995,125.26449322569113,130.58481162418684,123.8698638276831,125.27873851857215,95.81833612892376,127.35431103677699,36.48833565143505
501,282.5837883552419,863.5250991075607,0.5509300411122117,0.0440121415046061,0.12302131082489948,49,0.0,0.022196569926820463,3.883882089153169,-1.4731650917051087,282.5837883552419,863.5250991075607,1705.8490886474976,0.0,44.16517573242865,80.0504991074533,-49.35070034314881,152.9285079895157,94.39763035997437,152.45641557354347,149.33502297193692,181.93090951224104,162.25278918942274,112.26309660520917,160.02145700859498,225.57000290400913,93.58654947246873,189.85417804224755,31.25252901833385
502,1554.271878655808,863.671786872086,0.6925351276372285,-0.26039795345183814,-0.46658730159978823,49,0.0,0.028631296041585583,3.53483983078651,-1.3709243500129769,1554.271878655808,863.671786872086,1063.0328851284016,0.0,0.0,79.23712230054933,-49.35370025314945,110.92018568030636,94.34742892965309,102.84832830533063,91.701953101283,98.79798225962878,78.93999473477487,79.074018921582,86.1821470678228,96.75399398279951,96.0180842828635,99.43758968424572,28.011178178111248
503,2465.1962960159963,863.7628345926533,0.48950581612253813,0.25033550890136036,-0.006361693896434295,49,0.0,0.022992770892870527,3.363541601320075,-1.3169920088503955,2465.1962960159963,863.7628345926533,1153.51809920136,0.0,0.0,78.65446617451728,-49.35234668769563,105.10161117952245,104.19178926290158,97.97896622169975,99.86428065495508,109.18393289018525,84.16928562402293,107.28881517308099,96.4844580939022,104.05915173882383,97.13144703321849,112.97752531420636,35.086836014841076
504,1326.117168270847,865.1345084640104,0.6463916598280269,-0.2626810733835771,-0.06663863369017504,49,0.0,0.020761119667039887,2.5387109938624346,-1.01153315931828,1326.117168270847,865.1345084640104,1041.8751744830151,0.0,0.0,79.3830589831195,-49.352961721412434,83.52093954912795,75.99094886930867,103.3105311422438,102.74039387298666,91.28863854913868,106.88588651756632,81.29070127361061,96.71885452516179,95.51257817906097,85.7721627322272,85.90350173499377,32.94003753758888
505,2219.875110726166,867.541187959395,0.2221131415335441,-0.5174603340160298,-0.17084223615686592,49,0.0,0.007728318646673304,1.1750191907756775,-0.1751123992426205,2219.875110726166,867.541187959395,908.3779175431843,0.0,0.0,78.81138775490477,-49.35141489228337,83.87230249830762,90.9142468165563,77.58965205256641,86.72087235730322,72.76270705231299,79.4758992228371,84.62726281234637,72.55319679623173,77.67720369815956,85.83667378743343,74.49913942905962,21.848761020069883
506,342.55684192880426,868.9473268595227,0.5144395220833597,0.5647232381441564,0.08652659207828543,49,0.0,0.027664540639194022,4.128576396079674,-1.539500813215663,342.55684192880426,868.9473268595227,2274.601923974077,0.0,440.7419083079253,80.01210838807101,-49.348713929486834,82.17088692865968,219.14480779670902,121.81119218762582,280.26109903919166,213.3316823493472,232.24612439007774,300.79507922155494,265.29348268936076,96.16373923555541,128.41238881591923,319.1295267453309,15.841914574744916
507,2809.81756172751,869.9646403907274,0.3593637193937988,-0.049369905515529326,-0.04317215559415167,49,0.0,0.02184565413657449,2.1440542931705604,-0.8280894466351245,2809.81756172751,869.9646403907274,1899.71557156764,0.0,0.0,78.43409925196282,-49.348501759472114,171.260849169354,170.67539076672583,166.1491901857272,177.1301577664268,160.40291422926924,181.36212260178803,162.30829972645668,143.59606613798599,183.32075287124263,175.3743728249765,162.97888355428313,45.15657173340391
508,1857.669607016224,874.1033360462773,0.49851127061570816,-0.76003100615564,-0.6564236164243287,49,0.0,0.013286502065838897,1.609780229897197,-0.5169164735302514,1857.669607016224,874.1033360462773,991.511706176324,0.0,0.0,79.04306855545994,-49.34924097679206,90.45170496037281,74.48245970741628,75.94927110143259,78.12008409973225,95.35310653478363,111.0641491989866,86.96679807461939,92.38853493045784,95.46637546433938,75.6840125042295,87.86275504285801,27.72245455709564
509,2740.3536575097514,876.9037113290154,0.8841293579352401,0.5438473790002167,0.16245572577780973,49,0.0,0.016715775382985194,1.4282280958589177,-0.386993930473949,2740.3536575097514,876.9037113290154,1044.2376940086208,0.0,0.0,78.47856455591747,-49.34589868829533,75.1946626735677,100.80541113483932,81.06980697664038,83.34137679137089,86.99486889344749,102.32974274499621,111.8951903444704,94.5580768219711,90.13172678088608,86.85341414744117,101.02488907201618,30.03852762697388
510,1730.6938434348583,877.5340420557844,0.5355261650247195,0.09124566239619393,-0.09211632384064598,49,0.0,0.03572386826787819,5.335356520471843,-1.817908613150184,1730.6938434348583,877.5340420557844,1219.2064688281685,0.0,0.0,79.12428360443211,-49.347898341233744,107.61372408289374,86.88608858739117,110.6831705517153,113.93990493076558,83.33012526852484,113.86363440464868,113.92360032066424,119.51172505023649,106.14701236173582,119.88575662194586,112.41939302276522,31.00233362488175
511,1556.9646898355736,880.321022097055,0.5220282748057206,-0.2648265054152613,0.03568719587919921,49,0.0,0.02303710609363714,2.2158911319528225,-0.8638710485868373,1556.9646898355736,880.321022097055,1445.0848817830188,0.0,0.0,79.23539593292145,-49.34676369388355,124.7692126472557,119.14496773419336,128.59588107079884,108.8935394287316,114.31972952614547,135.81196732615922,121.38466020161239,132.99761735977773,139.60944262759762,146.30718795546485,132.59445594408498,40.65621996119692
512,1841.3489260743002,880.0525876790695,0.2004529770175732,-0.2685117701894295,-0.1383797454319858,49,0.0,0.010318813835052074,1.7903079589628217,-0.6323193559057609,1841.3489260743002,880.0525876790695,943.4964038053821,0.0,0.0,79.05351482291337,-49.34677654059089,80.10258818384892,72.64060322086442,73.42746261693347,89.00787042336367,96.80925722512183,85.5743864329848,72.21340429165181,81.28287012434976,86.71256370198378,78.99352521793494,87.43500970728448,39.29686265906015
513,1372.036699704628,883.353056284282,0.32126338362045187,0.6351730428268558,-0.33804132607657356,49,0.0,0.01366804458142428,1.5067096569257992,-0.44507392948697094,1372.036699704628,883.353056284282,1196.574724689952,0.0,0.0,79.35366465822821,-49.345411642509504,94.29003758576226,103.82900997059889,107.72797710929692,108.17251784423104,105.10897348767088,100.22009777979574,123.21543854045011,100.45468016432426,114.39443849802757,108.7907805469441,103.48049618581308,26.89027697703724
514,284.76528914585776,884.2342281049372,0.7080625332520072,-0.3124392594861159,-0.2685160655192944,49,0.0,0.07471081791333505,10.631986223361055,-2.5665360129701185,284.76528914585776,884.2342281049372,2673.979990768088,0.0,54.25755766763225,80.04895711114638,-49.34208284273907,112.99861580071473,219.03738041045432,231.83555578944095,171.1522201818181,290.0708373306221,153.41345691054357,209.68740769676708,265.9680765577598,372.04536213156365,186.78908149026046,407.84738969955583,53.134606768587496
515,1465.023044693255,883.4947692250722,0.6555830744316433,-0.07593757372624559,-0.29926346555633865,49,0.0,0.02204312905868339,2.437105801641871,-0.9671859588582378,1465.023044693255,883.4947692250722,1116.4642918805107,0.0,0.0,79.29419586341014,-49.34541229946552,102.71114757332089,97.736844910898,80.47940337288237,95.72461048298652,94.12095943636041,95.25656976771675,111.37366983037224,107.37400129206473,104.85750797068037,100.64875339160577,94.38996774290207,31.790856108720448
516,2233.284673077607,883.6237373056614,0.7433364715968347,-0.5534934718196618,-0.3308475863022259,49,0.0,0.011597872350008122,1.1170316718626692,-0.12016371774915319,2233.284673077607,883.6237373056614,906.9980839061295,0.0,0.0,78.8028658857398,-49.34468455480577,63.003596973846044,81.95108170088656,80.78713808052565,86.17249827909374,82.21719144195518,79.58619023456441,71.03942149836517,83.59374881334452,74.11484264432158,84.90940949367636,92.3164615663235,27.30650317922663
517,948.2668581643893,885.0797113617527,0.45249321509918217,-0.10115604410613215,-0.17272000177022706,49,0.0,0.06755099605063372,10.89888810004158,-2.5934554841525332,948.2668581643893,885.0797113617527,2088.3798284028117,0.0,0.0,79.6246713717414,-49.34403384383804,173.11879700891222,196.47859259162456,180.8018415831499,179.6923338311223,202.3478659279951,174.6450136127425,198.50895059015738,196.22721935925844,183.09796763884052,179.6727082650067,163.4836589094386,60.30487908456342
518,322.98775663826706,887.4109871465852,0.6904910080251799,0.11491806033195497,0.3241856598155371,49,0.0,0.034736773607111845,4.41277109360071,-1.6117784990142594,322.98775663826706,887.4109871465852,1967.3124913693512,0.0,349.6679044256972,80.02449555349915,-49.34093419306367,116.81043314940037,177.78556860945667,70.23073371660473,271.7885860769725,351.9618114594026,162.25405121193018,65.29316708148863,142.18731595025653,133.52077302279605,192.81951355752733,209.3604491725034,73.30008836101236
519,550.8510123928053,886.039902374226,0.6443394675754158,0.09250374198981669,-0.4185891254482239,49,0.0,0.01495330413808078,1.4555280447709842,-0.4075514443476652,550.8510123928053,886.039902374226,990.6632565533357,0.0,0.0,79.87880416966823,-49.342440722982175,78.17564888600612,81.24912539391237,92.82610792851901,86.18864473532031,91.25977527579698,84.34965901116067,88.47357275560196,89.9909722393248,90.09299215292029,93.57421624701401,84.36994491345305,30.11259701430604
520,721.5335875442337,885.6256752383098,0.3875170972425837,0.001647112962323201,-0.2597379840743564,49,0.0,0.026740572012871115,4.455653038311494,-1.622278412430866,721.5335875442337,885.6256752383098,1220.3368431496242,0.0,0.0,79.7696621133806,-49.343193955083656,106.84215259618604,81.07517100706247,115.04196176374688,103.16590126145496,108.16783982841335,107.49134238037723,115.91289712915199,91.70010752987503,109.36069730592101,120.87548443756219,127.66447859598091,33.0388093138921
521,2860.4246243981565,885.489378247334,0.5969111816861921,-0.30306143003058866,-0.45814209805361006,49,0.0,0.027014311136342208,3.3786649168140133,-1.3218628055731445,2860.4246243981565,885.489378247334,1370.5599750688848,0.0,295.01432543557445,78.40184170484363,-49.341813474894685,125.47015221623803,115.33056431245755,143.29313887430789,97.2673614757903,115.33886799744178,108.14048776457307,107.45562563912696,136.1488018562718,122.18271249282836,122.17387835990922,136.22826911702967,41.53011496290996
522,302.03560810414956,886.9762046001009,0.3773054699695743,0.22569041103299034,-0.8011785908432258,49,0.0,0.018165695669727863,3.688105906056171,-1.417008458933515,302.03560810414956,886.9762046001009,2186.4298357766365,0.0,79.95134464565533,80.03789520878681,-49.341020135536546,350.85118631114375,220.74101568285155,239.249935173642,361.60755753180405,37.74976233431744,102.1296813726865,108.31542451779906,361.81200520679386,119.69058315633575,82.88279533726978,200.83339343168888,0.5664957203040986
523,2610.4189490387007,887.1580182451173,0.347838616840262,-0.20283002517155815,-0.3767491701129566,49,0.0,0.00874246444929741,1.009146448461857,-0.00988549027925668,2610.4189490387007,887.1580182451173,862.9842447058891,0.0,0.0,78.56171200439586,-49.342119217429456,71.10672618891982,71.52722815496871,71.74653635050042,65.03688163829005,77.5907179920726,83.02472718684905,93.9792158156416,74.22682439849132,81.89187404683167,72.48902815116818,84.04230060769231,16.32218417446331
524,962.9174649613991,888.13570008649,0.5149934924389558,-0.29100417485346736,-0.13281847305046948,49,0.0,0.11031135356553366,16.044610279512128,-3.0133229315761714,962.9174649613991,888.13570008649,3068.7242319656443,0.0,0.0,79.61529176902206,-49.342793916205174,269.1409494381461,263.2768193937492,268.8518713999958,242.28713240554282,252.55510331074777,281.2010437240196,291.1123715498615,255.69033639599243,280.5145372378243,284.0211503246768,287.1895065797584,92.8834102053296
525,802.8768740887807,889.9879263205075,0.8034539047795095,0.026545653525182764,-0.19369582616356767,49,0.0,0.02389908473047093,2.3604096355179047,-0.9324684470514861,802.8768740887807,889.9879263205075,1084.9488034739977,0.0,0.0,79.71762622811838,-49.341617041598994,86.89719778320074,108.7028093823908,88.78260011169118,88.32042187127908,81.64498490057484,96.42963383858611,83.78818057896636,122.9832012068494,95.751132458648,98.90230033764789,101.81933401172185,30.927006992441402
526,2048.752490556964,889.6797526727141,0.43820210377485747,-0.3082389536994929,-0.41530006452612317,49,0.0,0.013390153879376292,1.7165905813463287,-0.5866668132304238,2048.752490556964,889.6797526727141,977.4103329198249,0.0,0.0,78.92089252836519,-49.342513231160794,74.15871674320653,96.75722006244429,77.97448557802358,98.1819893772512,88.65023020867997,96.35381690975157,89.54217224508469,87.27491446180584,85.08184017571665,85.81164959210354,73.16091927816089,24.462378287596174
527,1759.0096441228327,893.5708193799136,0.7256195719898177,-0.025806443182807334,-0.07416431236775785,49,0.0,0.0112261314777402,1.06529622474844,-0.06867596987220012,1759.0096441228327,893.5708193799136,2372.7371124752813,0.0,0.0,79.10618724197059,-49.34120211854937,186.448826431745,181.7148577844581,197.29676122518157,182.24852707421545,210.01621447032315,226.76768635447525,229.40955717350954,202.09241785746173,234.0814510176158,251.58666258165857,202.98787208922278,68.08627841541431
528,1707.5257891535982,893.490862682826,0.42614552620806084,0.2380510531392867,-0.08779356549315596,49,0.0,0.04367631286581515,6.5828622665599665,-2.046036921074132,1707.5257891535982,893.490862682826,1727.943356741928,0.0,0.0,79.13911052319031,-49.34125954706182,132.48695400732973,138.14138790323807,162.21516065898228,145.746654488368,158.78319686453358,163.83649371077186,137.94629265358253,153.9020638061453,148.37296433660293,151.1019422805672,195.1770936812831,40.23315235052337
529,2254.4513466977105,894.2768612394219,0.47042172989283143,-0.09759764575267618,-0.4058117741537739,49,0.0,0.03668834011622526,6.071442418638474,-1.9582297013442516,2254.4513466977105,894.2768612394219,1349.0345046247696,0.0,0.0,78.78936713154751,-49.3401979429577,111.45618698035189,113.12280451903035,121.4671036194415,118.859311604907,110.7629220230809,128.68301187410924,123.82792548383598,122.40211717349261,114.93460171828914,130.20135421712507,125.70797939430136,27.6091860168045
530,266.5339598450897,895.4627458849135,0.6173290483548336,0.8186068365910822,0.2560055522628484,49,0.0,0.02159282810174453,3.33533623996603,-1.3078490557521034,266.5339598450897,895.4627458849135,1914.2121014791242,0.0,34.96205154269159,80.06053349966356,-49.33731972934882,104.21292830723837,156.781378590692,431.2412077038354,318.9528677539509,56.582939561074056,24.35567870661858,134.9096731768504,216.87511285714604,199.66839041466676,52.63538050731967,186.83454565210468,31.161998247627167
531,728.4871572987948,895.461710211982,0.5921044062848382,0.4158112604672873,-0.14278928143312647,49,0.0,0.01892932852136562,2.3851402992517063,-0.9437848257346106,728.4871572987948,895.461710211982,978.0349695229208,0.0,0.0,79.76516926978657,-49.33911738684233,74.52882867030694,81.59565188718973,84.63835287397032,86.75880889398911,73.40371092850685,83.47500427905423,94.18249092961423,86.4660840636325,97.60460483834589,92.4424887588435,96.67930087784664,26.259642521620812
532,1796.38509125573,897.3901121647002,0.39195939138353386,0.20001057370889108,-0.06859202516170369,49,0.0,0.01034249210630993,1.152656092035618,-0.15424937489281546,1796.38509125573,897.3901121647002,1304.3918072044535,0.0,0.0,79.08229015101867,-49.33958742796709,119.60698536358152,119.95651423789883,108.53644329567466,125.7171185185016,105.75223884220978,104.0038378475072,122.49765840554815,123.37132702796745,112.60915836319978,98.98615574415459,125.59805265554553,37.75631690266443
533,2457.942539121891,897.9195776366223,0.44528271771165884,-0.09866785710605443,-0.18175822881795753,49,0.0,0.05577150619905803,8.560451397568004,-2.3312416647022873,2457.942539121891,897.9195776366223,2141.1613451797393,0.0,0.0,78.65926350966161,-49.3381377923134,176.9765783961915,204.89600513449102,195.86523693605278,202.9748176605779,183.9856196917731,195.32746620732263,177.49327345989605,203.20616101332982,198.50968958576243,169.46732370024247,176.03415223375515,56.42502116034434
534,405.25350410745455,898.9686835825503,0.5347173417501393,-0.39404791398594285,-0.6158006382863676,49,0.0,0.037826675265974136,4.754074823540074,-1.6926650318243501,405.25350410745455,898.9686835825503,1646.4743452704242,0.0,853.2251880013686,79.97182028224995,-49.336477831538154,159.49095886627228,133.49496599615074,134.98072174996253,135.67418137937895,124.80368683106765,138.6323116480692,154.20196666291696,147.71262079195375,151.33310160594138,183.57885440296852,142.87438014551373,39.696595190228535
535,2499.222640522233,899.0718367805908,0.5166925278430813,-0.5484297920117608,-0.3744532941582671,49,0.0,0.013529446464771973,1.6684987239890272,-0.5558146971432916,2499.222640522233,899.0718367805908,966.7644234117628,0.0,0.0,78.63287438985468,-49.33752986555968,77.92589645602638,99.18327073408783,73.60510483520237,90.66559189715048,80.19794712251237,91.2237990945523,73.89868719572235,88.42152941017271,81.80005485389113,85.07753286192923,90.93673651435302,33.8282724361625
536,1303.9174148170846,899.8893837013513,0.7770510580854861,-0.30683156152508745,-0.3926994386513637,49,0.0,0.01987029254058491,1.9983239891157571,-0.7516647548677219,1303.9174148170846,899.8893837013513,999.3601700403285,0.0,0.0,79.39720318491673,-49.338458629900714,76.44414466722426,80.15718594523585,83.64276795391095,84.50173529879478,96.41049634612733,87.49457588035976,92.49222157975504,78.02216502577316,105.17537601064717,89.9199166375665,94.60531132234088,30.494273372592843
537,303.92078487241844,901.456525035011,0.9276159050572721,-0.08290336525568719,-0.1620649219986079,49,0.0,0.04267927930412482,4.520734149559788,-1.6380224206636078,303.92078487241844,901.456525035011,2672.496572260534,0.0,169.68338879686388,80.03658865888184,-49.334996084757464,191.44761321828292,316.4362509133888,434.70546288673216,168.12078250935377,235.4303703848134,236.98881140407192,234.12902611511942,108.83798723486078,145.372962122775,137.5137598336601,250.273579997176,213.2399656402995
538,2359.0526527273237,901.3781341795407,0.5513321464941732,-0.10282096229593915,-0.26002302933631855,49,0.0,0.047602941510131516,6.628797969263855,-2.0535869572696743,2359.0526527273237,901.3781341795407,1575.5610489987603,0.0,0.0,78.7225092570886,-49.33697866095746,124.19292079592711,128.8411555942005,168.17534086063137,143.72605681593697,129.66207738046742,152.81502763780452,137.182583463863,135.01015166429875,131.01964261808655,152.43616998194446,135.01071306756776,37.48920911803195
539,1756.2791417214673,901.7190431465373,0.6466498304519388,-0.2673316557647937,-0.13244652339016824,49,0.0,0.23611500287159867,32.98799713600885,-3.795889870465001,1756.2791417214673,901.7190431465373,4088.9350968957347,0.0,0.0,79.10794020689819,-49.33780863284802,363.32213052555954,318.58541640072156,376.5795747935042,367.111009190904,349.05726179506524,360.5362037513175,352.15161917675186,358.90003367626116,386.6427495897137,395.69357546195005,351.48194977916575,108.87357275481995
540,1841.4008851114907,901.6696149802847,0.2529302828656478,0.03293484138862072,-0.11177058425653136,49,0.0,0.007515899850110314,1.237772298809687,-0.2316018975224729,1841.4008851114907,901.6696149802847,862.7337153050753,0.0,0.0,79.05350966471438,-49.33776967400343,77.35267064648556,73.7269167118172,79.68669448526065,75.77538240138117,86.83295810250355,66.1842057573229,81.22946118096861,70.4909030434533,82.04745069339492,63.0342552167305,87.66065985183948,18.712157213917344
541,286.396041174107,903.5151971144757,0.7986587950684777,-0.2232622872140849,0.3871630913036725,49,0.0,0.0418347851506142,5.400115188343484,-1.8310075593390924,286.396041174107,903.5151971144757,2262.7754721668316,0.0,62.423724270160605,80.04777785339435,-49.3340577416581,296.544255365067,185.56581937504632,190.1114107224471,89.73925964847422,203.57760623776306,175.5419470111582,202.8389128239873,183.9930860218341,203.16663583989407,206.3523351992455,186.6437239532306,138.70047996868422
542,1009.9452987903489,902.6482372011416,0.27301294567928525,-0.21982394658535745,-0.28481901828164774,49,0.0,0.007906513859281535,1.1359444466756115,-0.1383927318438017,1009.9452987903489,902.6482372011416,860.2386036330709,0.0,0.0,79.58517178830934,-49.33684919717162,74.0434347061719,71.96843310536099,79.2038378494307,76.06283164632234,66.30273365867988,78.78597943648592,85.94467677860263,79.64178554799312,75.51610327409283,76.51417645623337,75.39415781754235,20.86045335615487
543,521.8157434390241,904.3907359647565,0.5066262141187949,-0.40309734458809354,-0.47296640482815205,49,0.0,0.0877902784941042,12.381745863912657,-2.731954714619236,521.8157434390241,904.3907359647565,2837.861465401078,0.0,0.0,79.89726380143429,-49.33468629243073,230.58302711882448,253.81086773501147,248.83470868935643,253.08801827256593,242.48501444052613,240.87919253700767,262.7998809046229,258.1190201756755,252.0660638283096,248.79495289940093,269.3227157981777,77.07800300159941
544,758.1445010875751,904.5398642733524,0.5828168052437845,-0.11939981136211113,-0.19384520817959847,49,0.0,0.02052345520059177,2.5206546142807853,-1.0037833543853627,758.1445010875751,904.5398642733524,985.6534569941025,0.0,0.0,79.74616452536404,-49.3354247611017,80.79505269945471,85.9064552608605,81.95805422235651,76.61524879413051,91.84498503721328,79.32294590032242,91.75979165266509,80.83292508682926,93.40959264979584,106.85442115698415,89.92563341879455,26.428351114695722
545,1808.9628423190313,904.9417225831709,0.3897208015892852,-0.010929746418531686,0.34597259747810294,49,0.0,0.02720697454792567,2.9299167394245917,-1.167138197538656,1808.9628423190313,904.9417225831709,1889.5431627881326,0.0,0.0,79.07425559211936,-49.33643204310052,169.84220205312295,136.5241857801003,150.4976440852636,161.9413321186448,175.44162958128408,161.37884410439187,182.548523032464,179.0058202442461,182.03763299450588,173.75253183786322,171.54252233661072,45.030294619634844
546,1562.027107008045,904.7731134509498,0.645189895737896,-0.11607486430396545,-0.1510939105554629,49,0.0,0.5806117112372996,81.82768146413208,-4.782250614723857,1562.027107008045,904.7731134509498,8842.970178892554,0.0,0.0,79.23215313660343,-49.33657632594178,743.0827835953039,795.8544162850328,722.8304204887374,788.6500941928969,800.8558988193715,806.8704202157721,784.05720940366,808.4177209158822,791.9214809899393,802.1859978936432,751.2295754987363,247.01416059357797
547,1157.5714186901735,906.4831389594415,0.5564715764302876,-0.21635684097628471,0.2502340755470791,49,0.0,0.01158170870463717,1.2271878678782482,-0.22227763285113525,1157.5714186901735,906.4831389594415,938.64590147883,0.0,0.0,79.49076761869782,-49.33552045733503,80.53030178322352,70.96750806654944,80.8748915704119,82.6999627772096,72.55219251730209,78.42730138248386,80.00360666328302,97.61130372903824,110.1013241542752,81.65755123488665,78.78866301569471,24.43129458447167
548,1485.0733118877931,906.3428501024049,0.8690701167567066,-0.15449326888470183,-0.1850782097207471,49,0.0,0.06457902842359346,7.093563223722727,-2.1271611097030534,1485.0733118877931,906.3428501024049,1466.2956250374418,0.0,0.0,79.28135864195659,-49.33590139930916,123.11447974353794,124.73030588004517,121.71716390600227,157.3488710708852,122.54805007389399,137.24583982949446,139.07200610836665,124.59173433085797,112.1035258704908,132.26339074372754,135.37904806777286,36.18120941236696
549,2439.4596453539198,908.6194964062278,0.7249376693917637,-0.1433274140127816,-0.7779596243712196,49,0.0,0.014450615392171993,1.288868054350417,-0.27552114869656674,2439.4596453539198,908.6194964062278,1024.1280667106003,0.0,0.0,78.67113001705971,-49.33373510045852,85.02553706983119,93.87482816635828,86.03972633264986,96.18538386612667,98.18949832419382,98.46744663906603,77.96358365901413,88.16705017404931,84.54509079330617,98.34359316320669,88.52744274405188,28.79888577874626
550,2069.456780960876,916.4368693398226,0.3000739529722079,-0.3458773074401459,-0.11613772424170227,49,0.0,0.06078047597613848,8.241276926742453,-2.2899862693135122,2069.456780960876,916.4368693398226,3373.234474790602,0.0,0.0,78.90771988575113,-49.33133137306145,281.9725049665175,307.4379427707131,281.4659764455488,321.48792901174863,310.7466668784857,267.8549431816692,278.8043678370366,307.60497473195846,291.63288545829886,318.560829287641,321.195137676551,84.47031654443232
551,2330.612632397872,915.8581133578477,0.5344564316308469,-0.163727518433024,-0.3558799093541227,49,0.0,0.20652553214890426,32.00714224292928,-3.7631172497518532,2330.612632397872,915.8581133578477,4303.053826112966,0.0,0.0,78.74075087895551,-49.33102035526952,370.5672244192323,385.83099357079027,394.91404866982487,385.6928117536682,345.83400265156,386.95437637018864,398.88038595268637,387.1183204723215,370.4705946110829,370.2987704978166,393.904107215694,112.58818992810006
552,286.82384369678914,918.7787869445518,0.9332516280615208,-0.28139411293221134,-0.7639585380510664,49,0.0,0.045142469386727516,4.758340627833084,-1.6936388199221228,286.82384369678914,918.7787869445518,3342.6121166402386,1.0,115.02068097486558,80.04739632715601,-49.327700734563706,769.4442048741495,527.2329106036774,315.0326336851624,234.0772396219121,329.244145972923,296.83032654376973,177.4659446539057,110.15693621103097,248.05335391303504,154.93829722892008,155.49518831900573,24.640935012746482
553,1179.4829544911843,918.4571367830557,0.5306332477694922,-0.24146938802828707,-0.17083359689024208,49,0.0,0.012437940488901868,1.599985784365853,-0.5102903100790412,1179.4829544911843,918.4571367830557,834.890336248093,0.0,0.0,79.47673009969189,-49.330564855910566,77.62711691712923,69.46983436782591,73.47246818318229,68.8060367369703,67.83160249518906,73.1943170584061,70.48235009193138,75.97906766887859,78.80913487205495,70.93397566635768,85.11644583662996,23.16798635353757
554,2709.3890620557427,917.6577635069282,0.6146217332428776,0.21903733270034473,-0.11213709695011098,49,0.0,0.011754766205777823,1.2399787575545138,-0.23353561299454223,2709.3890620557427,917.6577635069282,871.9603492941746,0.0,0.0,78.4986093170942,-49.32904240745697,65.20910693350595,74.72557492789505,74.8336466952548,74.98167334156605,81.21111934399696,79.18265117019088,70.65287037519646,82.22518478448234,82.74307349352483,74.89403891973888,82.46853043119881,28.832878877623607
555,292.4744421311693,918.2641578357652,0.39152786367012526,0.3832825557031971,0.3874185407203491,49,0.0,0.02138942609467549,2.971240302655816,-1.1823444432899473,292.4744421311693,918.2641578357652,3187.2528542160017,0.0,162.32306053983135,80.04378799387744,-49.32794125158728,730.5660661543584,456.68626033629994,257.5048519566808,219.5917172207641,241.91077215546676,123.1829286355141,295.36537458613395,100.1597350607666,250.30566047708714,306.65736978171566,198.8874640661927,6.434653785021085
556,324.667278209501,918.7287367476239,0.2665347074242656,0.16447115850824057,-0.34990344520058064,49,0.0,0.010443772019482253,2.667004495795545,-1.065059369462365,324.667278209501,918.7287367476239,1417.0822856398563,0.0,471.15173456200546,80.0232063716311,-49.32789434602038,81.39081386910973,131.655878521168,170.21748603815,84.8304591254352,94.13019282040742,97.05343424288333,56.570072805185106,92.66518220384664,286.5257158055702,84.94162793668535,218.63306113779942,18.468361133615822
557,2577.7270177484515,918.7285286502436,0.8182168870013227,0.2585485945231911,-0.06155738978721161,49,0.0,0.012523289302973174,1.0543494438400145,-0.0574614332146935,2577.7270177484515,918.7285286502436,887.0597809953276,0.0,0.0,78.58278298050675,-49.329080543345874,101.27817932823854,74.46623957892163,80.88611340264401,92.2326464391932,64.139917486007,69.1741784200649,72.73658056775128,59.59016004981696,76.8157816084623,76.36653325979654,92.3309002534184,27.042550601012774
558,274.61872772442405,920.6215487479087,0.6621750093579505,0.4611124601698425,0.22829797280539213,49,0.0,0.03955683570452895,5.590250747477552,-1.8685782208804282,274.61872772442405,920.6215487479087,2317.4193547536897,2.0312793704762937,61.60595729545243,80.05518486225019,-49.32687622529833,213.65391902512965,315.6423579614466,237.1421689959154,218.21182802284642,358.42069953242475,226.92095420399966,100.15208773281003,152.38218054285485,194.97611619844704,49.213615235558244,116.65703129996677,134.0463960022907
559,1836.1117387376896,922.5260142543137,0.5737838756825222,-0.14533515036763825,-0.0691797811348741,49,0.0,0.025678789874974826,3.4003825135007286,-1.328819435369273,1836.1117387376896,922.5260142543137,1057.8808389187302,0.0,0.0,79.05691824581388,-49.32908420046395,91.64743755133381,87.31824360325876,84.05516353358274,91.4745273476907,104.3246970708853,116.61770950276687,98.79525084967771,90.19718694728161,95.31587594581308,81.28048597769994,91.72037101480144,25.1338895739384
560,998.8860695527404,924.1806065997249,0.6807181072048052,-0.032508931117513004,-0.23438431158046688,49,0.0,0.013930293725089244,1.6313035326219318,-0.5313369416535317,998.8860695527404,924.1806065997249,838.8192086691239,0.0,0.0,79.59217339519398,-49.327854549472576,77.33886480791904,73.90185227196596,65.48724666226964,57.009992749583105,93.02446316080267,64.45982060914966,79.58124985055707,61.77050380343964,71.23483894596717,85.33010236728532,83.35159512405319,26.3286783161314
561,287.52518008310676,924.5166566002022,0.3391915555350565,0.813430811191227,-0.647869442129459,49,0.0,0.02084687922138829,3.9279744261473613,-1.485421628910474,287.52518008310676,924.5166566002022,2765.896506927661,3.0,120.93032737449644,80.0469074386159,-49.3253135166858,611.5011504810727,432.4448419121144,248.5906316568636,127.18324541408252,330.79643416785404,218.2605844818151,226.12484532828725,14.716735657386662,177.62403290100514,133.08002321105766,232.59493350506585,12.979048211056448
562,1853.617488293205,924.6780170740101,0.2175952271880737,-0.1568782126914544,-0.37562657391133536,49,0.0,0.00949097470933444,1.7176521222000802,-0.5873380257648583,1853.617488293205,924.6780170740101,913.6856873695459,0.0,0.0,79.04572924710085,-49.328172473063354,69.91668276235097,84.7167588262039,79.4477404650545,82.66212018070226,69.9737454589347,79.2239426053821,79.45009777139992,87.41832835199703,88.33273577445593,74.39365220823315,89.70533260358519,28.444550361246264
563,260.70983373262527,927.637267657694,0.5279225794713273,0.7648263906030804,-0.09334714886523926,49,0.0,0.021260434293159616,3.775575550765802,-1.4424579127400172,260.70983373262527,927.637267657694,1671.0463618741019,4.251837029093807,45.91103478644037,80.06402483249694,-49.32388804402906,109.82787261885784,52.071797663000524,214.63930492951266,108.4994470265874,113.5458970556649,137.3715660485852,325.76531449277775,71.80403084405978,283.5496689874305,122.53958203120264,79.02824478822495,52.40363538819777
564,2318.0153154464188,929.1363009586862,0.5140980189753522,-0.6116599657524645,-0.46182052352553876,49,0.0,0.01153835031123147,1.2620307048629413,-0.25267480325745956,2318.0153154464188,929.1363009586862,1176.7160564063902,0.0,0.0,78.74885602509202,-49.32552024286757,91.01809900637386,105.78081448498759,91.89583870913853,104.85030137435874,131.2754348839494,104.471756292711,101.0336555739642,117.36936919491019,108.01729027532282,97.27686952161213,91.3652596125053,32.36136747655665
565,683.9418033437498,929.4918824473925,0.5663483052333945,-0.07751192519886299,-0.13143662078791085,49,0.0,0.07476329932269013,11.005263567889173,-2.6040011201105533,683.9418033437498,929.4918824473925,1922.0573043506,0.0,0.0,79.79348421439744,-49.32479872226107,146.3157675038749,148.31059570557858,170.20902357052313,157.90742868425406,166.44548479468818,167.34787086088272,191.78420421621735,185.4697502796982,175.70007301345487,158.24256803717975,186.88610387523386,67.43843380901427
566,1923.5303660314544,930.2596891793546,0.5196384698165846,0.029346381294416517,-0.3504266463331602,49,0.0,0.02009620591104212,2.7617827115543347,-1.1029737666301611,1923.5303660314544,930.2596891793546,1046.4725595698483,0.0,0.0,79.00104257235373,-49.325775829161145,82.27498056997818,114.22355155670326,93.09213236093406,81.26777410664104,91.4433684645709,90.99508000416489,91.99617340024484,90.96097955569043,102.48942025820398,92.05180458168056,86.58404493969782,29.0932497713385
567,2609.155285278185,930.0548772004464,0.7056087263867331,-0.274227079733538,-0.32803149520419644,49,0.0,0.12368201232346687,16.035287999611594,-3.0126919110538655,2609.155285278185,930.0548772004464,2338.5329738849678,0.0,0.0,78.56275319544707,-49.32425160472331,189.56021529871157,220.2711633092099,236.0831064468733,195.4851544243264,193.58995143265565,225.66941178659195,191.0041744709962,214.79450179491965,203.67715597315032,203.58032313805074,213.0217681151151,51.79604769436712
568,1727.5833037788632,931.0031561407346,0.4930371518432445,0.5176186155312578,0.25650494829182974,49,0.0,0.01421560654620302,1.8164943176014607,-0.6480851090776353,1727.5833037788632,931.0031561407346,971.7206758668719,0.0,0.0,79.12630964985347,-49.325621549325994,75.98058195130463,83.99878727122812,75.39719103576945,84.92458221181391,90.90595089346748,93.27843120213802,89.17721349214135,83.60391110642733,91.80734401658569,90.94271457589689,80.81562213496346,30.88834597513563
569,2435.0831996697934,931.4707762780068,0.6025023609472535,-0.18241827987228787,-0.21696917565870472,49,0.0,0.1287256503204421,18.576988500803903,-3.1724382806716642,2435.0831996697934,931.4707762780068,2653.3108461817883,0.0,0.0,78.67403086020761,-49.3242272932067,207.06617295517196,256.5871187231978,215.92382066355523,245.248066463733,224.20286808073374,223.96879120027438,236.55436435689217,217.3453535389304,246.26560376669556,261.8573823717545,258.4944790239482,59.79682503690165
570,261.4175679183123,932.2954045351983,0.8539162525341844,-0.24003431789220572,-0.12492856813767983,49,0.0,0.019473716067717223,2.46237347726249,-0.9783848115907265,261.4175679183123,932.2954045351983,1421.2705860483945,5.0,39.57444197527223,80.06353887862767,-49.32195075727933,66.35739316041253,30.94364134020062,152.0753809858674,100.7842526493319,45.823756894297254,160.44784437484427,285.99882684054126,163.61031384057455,214.39803143884205,79.69130783297756,103.04815986813497,18.091676822370292
571,2256.2557547726333,934.4580741481096,0.7276899119894438,0.13462994836093867,-0.1102117292502042,49,0.0,0.05811911073257872,7.1303548299405355,-2.132777855783537,2256.2557547726333,934.4580741481096,1462.6889848262535,0.0,0.0,78.78835527764635,-49.323452465549764,128.08942520332667,127.55470307086105,130.02422540835926,121.64500979278935,128.1600418182203,138.44622177731387,117.46085135252412,123.94744785031452,147.22008810891765,145.63582509979756,119.17461752692412,35.33052781690509
572,1759.740538141111,939.406308680872,0.8461050119075445,-0.5846179659236375,-0.11817418510328853,49,0.0,0.022667328644195985,2.1484824355426273,-0.8303295188826004,1759.740538141111,939.406308680872,1153.7604107268255,0.0,0.0,79.10575917365169,-49.32210409107313,80.25369470427405,104.39979577925202,101.0592499356157,84.46743128427369,99.56435400339348,109.85207994846573,84.79519030476509,108.87002437278828,100.78549056971235,118.97590758113972,118.6089280344278,42.12826420871766
573,2958.6557351882275,940.0164536410057,0.5024660131740455,-0.7782536182146413,-0.3098369575656464,49,0.0,0.015090829457115255,2.126853502107465,-0.819343941708544,2958.6557351882275,940.0164536410057,1014.8428749075999,0.0,858.7334017668834,78.33943202887026,-49.31864342121725,89.61593737754364,103.66649992854137,96.7247965822734,72.98370842418558,82.42819093310953,84.36018592128879,100.13004420716149,101.28935325813981,89.6190489332825,83.03682611376264,82.33070912215825,28.657574106152996
574,712.7812590639272,941.499117168712,0.4766725778279001,-0.15172065101741203,-0.09337800430443637,49,0.0,0.01030529940291186,1.202186806748559,-0.1999298938682622,712.7812590639272,941.499117168712,907.8199361260309,0.0,0.0,79.77499171528166,-49.319887796612015,62.40812473549996,84.45252533118915,68.52688098787007,67.51788134734646,77.18540918292761,79.40066420082056,87.68041507996014,78.45466295798735,77.95212711759541,100.70917442682543,92.8309172957176,30.701153462291114
575,838.294247870494,941.2648027985656,0.6627182841140908,-0.14036254027407397,-0.2966136695926987,49,0.0,0.06906736277347515,9.334085541529763,-2.4251794415667893,838.294247870494,941.2648027985656,1569.1045860643792,0.0,0.0,79.69476762337916,-49.32035042170571,103.22186629370654,137.60775916472053,131.40395757179385,155.7334447272693,147.148521069315,145.2632985694201,139.01663429638575,139.13886164741842,117.61041699544057,140.8501514473425,166.26911849645086,45.8405557851157
576,803.5736587486606,941.7551059919151,0.5984978752453975,-0.05265531807171953,-0.2858051218654103,49,0.0,0.07751371305556438,10.939587540392886,-2.5975023698225472,803.5736587486606,941.7551059919151,1817.6941578746735,0.0,0.0,79.71695837986663,-49.320050726740476,154.15628225637602,163.47823002555265,146.70934880144392,148.8240284775373,148.41969026456405,158.0931669227787,169.81632268548643,165.94227975223754,182.18282188714016,154.13938181708681,173.64611916547221,52.286485818997505
577,1306.697987872296,942.0512841761338,0.8023761538664211,0.030160980501370973,-0.21135731699150687,49,0.0,0.03729465809191529,4.172504995910557,-1.5509921633752677,1306.697987872296,942.0512841761338,1156.0542253546448,0.0,0.0,79.39535840841938,-49.32089458980898,94.26844636300255,114.22358773001885,87.79502271239738,106.58845819015059,106.60845756413644,97.08212776802404,92.30789856330614,91.34178557523211,97.54286347493029,123.5104587937411,109.92954942106289,34.85556919864253
578,1975.790096105949,941.973147809749,0.5213903750101874,-0.3343651862172232,-0.17959106114462103,49,0.0,0.013443312014050053,1.7969376653767224,-0.6363325299281614,1975.790096105949,941.973147809749,932.1492423645775,0.0,0.0,78.96765752703688,-49.32083104081419,86.51195188778466,91.44383587580734,86.97641729952142,70.13629801139274,80.49489933829221,75.94001338033743,76.94415508297126,84.00675804008506,88.48473621394251,76.12214538836622,94.839783141097,20.248248704979705
579,1915.863675784115,945.49651009888,0.5604753509460142,-0.19155214105802854,0.0655775460663626,49,0.0,0.00954623372717364,1.0037500772683876,-0.00406397929650235,1915.863675784115,945.49651009888,812.9688339501068,0.0,0.0,79.0059696472856,-49.319435968847245,82.75153781941947,65.06566187275399,73.04054236821165,60.39789444341224,69.08100251482792,72.69971353751228,81.81395397736341,76.5261154482745,64.11769570731431,75.20909401017471,74.95322345576565,17.31239879507668
580,2583.123435320864,945.7436848653753,0.7682812920113055,-0.38747624152168614,-0.37736305652283975,49,0.0,0.01462047645355354,1.4742773491445371,-0.421447982675207,2583.123435320864,945.7436848653753,1049.639735126092,0.0,0.0,78.57947615589485,-49.31780652072972,88.5037321719645,96.44711531921902,73.95611726901275,85.31958539625258,98.09121639913539,95.21734547159284,89.68497953876742,102.64084987839131,98.50368427418618,94.9897863422733,97.90330709925351,28.382015966043305
581,1728.5817220697284,948.3456871379772,0.5833709204568547,0.454225895351654,0.3804357719874268,49,0.0,0.014043761179043195,1.676107046830635,-0.5607543799529027,1728.5817220697284,948.3456871379772,1098.1654564504934,0.0,0.0,79.12568333868494,-49.31839521984147,78.70322659338711,83.7042699432132,109.31197564524899,106.2624059581148,99.09924954447655,102.48679988190167,119.33961104106154,84.74484201961718,92.24367792103396,95.9095720457234,99.68120889850547,26.67861695820931
582,1790.6302552815741,950.1330632193881,0.4425720911118564,0.280798180080513,-0.15997984681696575,49,0.0,0.015210499866909024,1.9230491253860944,-0.709975946700716,1790.6302552815741,950.1330632193881,1034.813875563829,0.0,0.0,79.08602420313066,-49.31761569832957,91.34603510877555,92.57335487326756,82.50296333642407,96.4679602295219,76.24454218574503,85.36215965517154,102.33451094687808,99.87621132141138,100.12060167255888,78.06538128776388,98.19933737153019,31.720817574781016
583,2262.3751880228397,950.2051151871354,0.6938448909475994,0.017327102977505504,-0.34372637346480833,49,0.0,0.02922776872809419,3.5059780280573882,-1.3620229751136834,2262.3751880228397,950.2051151871354,1118.5418626112073,0.0,0.0,78.78449965614179,-49.31687731325423,117.98053729402577,93.38289192798675,95.70678927098251,102.45984395077232,86.09710933907368,88.68861521945743,93.6967823359914,105.93040205947018,114.87948742803448,102.51865266380736,93.58577250545599,23.61497861614926
584,2591.0752727469085,950.3660901258161,0.4368415724853403,-0.3245277544679067,-0.028815574834489193,49,0.0,0.014608245926928335,1.8591329722092038,-0.6732761331594905,2591.0752727469085,950.3660901258161,1175.7832877312271,0.0,0.0,78.57441854474384,-49.31585302628007,109.01152657768334,104.83842577413675,89.10943657859605,101.50645480539637,101.4455264626361,106.60529233449542,112.7043251418026,109.80713494946815,111.80678778211637,107.8683790304598,98.48067629466325,22.599321999772904
585,1719.2960556984638,953.0271980631383,0.8377877615848741,-0.0787353460498155,-0.18659606587936042,49,0.0,0.06594181780122234,7.039797851942354,-2.1189004713473176,1719.2960556984638,953.0271980631383,1647.0139930237087,0.0,0.0,79.13162167098727,-49.31644867595869,127.52785654014491,141.5939776763334,163.79972073124318,156.4017118424428,143.4959325279351,145.64639224592375,147.04746699937323,150.64317257583565,138.29907167258068,136.9734580083964,137.3860604582129,58.19917174528696
586,2292.089186543181,953.4572389909841,0.6726192691337785,0.3577849986388755,0.11068608463872519,49,0.0,0.013631063958430008,1.56591692760002,-0.486921797175398,2292.089186543181,953.4572389909841,852.3527469058786,0.0,0.0,78.76552011798304,-49.31545145520259,85.6503767107842,71.4700002152455,52.163316844693334,78.00092947705693,79.68708726221357,68.70373300168421,68.51900074812058,83.5804350583791,65.80280245026465,84.32411350243036,83.32392878151578,31.12702285349031
587,2438.924070769229,954.5634154749965,0.3667140166727753,0.2315498361523611,0.09171470430369445,49,0.0,0.015564734652067381,2.6082234156877586,-1.040861973827444,2438.924070769229,954.5634154749965,1109.6701742905207,0.0,0.0,78.67167993298246,-49.31459467170099,72.78941333243172,111.81078810175501,94.94390552711434,87.45646466775264,93.8736455032438,90.64877067619717,106.59302006401127,99.95779099271428,113.4539534116592,105.2375849585096,101.25295646507874,31.651880590052734
588,259.73744445321245,955.4060878783753,0.28516409349120064,0.5446651970172285,-0.47680066899297086,49,0.0,0.016685415062484343,3.6614687904900913,-1.409138341658276,259.73744445321245,955.4060878783753,2180.723161340399,4.999859256321882,61.346744202254115,80.06444585786619,-49.312314661622885,180.43468936638956,116.19914863959801,656.967754205678,209.70233189866192,178.31159329758435,171.99999506157107,42.41430038484011,99.28116759998713,145.10297939761222,141.5099418880384,148.85777328660856,89.94148631383027
589,1158.2453445657657,954.486907090697,0.6316081074653226,-0.301272327821897,-0.32203336694261736,49,0.0,0.06959073311459747,7.988835375114103,-2.2562086795030383,1158.2453445657657,954.486907090697,2551.7160190834493,0.0,0.0,79.49022234087609,-49.31552065670669,219.69536809299217,218.44456130327956,234.84354459821913,217.47694997111586,207.8692207670419,256.3416235362886,216.72411592513583,230.56205556030926,219.80741160536468,208.63422891020159,258.2734208904036,63.043517923097085
590,1875.9885227579002,955.6655680521743,0.3370762456603132,-0.4278825836327021,-0.35662874065751143,49,0.0,0.008574962433218031,1.2278896626552356,-0.22289835786609952,1875.9885227579002,955.6655680521743,822.1675955662915,0.0,0.0,79.03147305421506,-49.31524050245823,57.65801223570122,82.81901785311064,62.3659230809269,83.62478853505235,82.53409526765675,78.51253055857532,59.789051462135824,75.56865820802665,77.42526871920859,68.72241780385575,70.30307547985674,22.844756362184892
591,1898.2283540567917,956.3081486472419,0.20443621105814658,-0.28591458769691297,-0.363584003306438,49,0.0,0.007641967510641431,1.3891308939336309,-0.3568579250617533,1898.2283540567917,956.3081486472419,826.5769840952435,0.0,0.0,79.01725952463755,-49.31495030165262,62.78240672296029,60.75873193469802,81.3977012636216,61.380961644846884,76.45290700790912,81.00294843088196,75.32057933521155,81.7167772211734,75.8527852522522,67.50751600554298,80.44334228788225,21.960326988263162
592,381.40704785635387,958.4407634102013,0.5133686390773302,-0.39285908588435264,-0.6954753524672287,49,0.0,0.36544833851309616,49.54488340959982,-4.237497026886055,381.40704785635387,958.4407634102013,10942.761203355518,0.0,4811.898143458595,79.98667586567564,-49.31159914126529,901.4562677171485,925.008400180866,936.3288190885111,984.3897034995462,1019.3846539496965,1006.5418398876676,976.1334715972707,980.8712133848568,1003.2793437937077,982.4971228660979,930.3053274864707,296.56503990367753
593,1524.5017595664606,958.2563152972218,0.9646838677013194,-0.5570044721504764,0.23324440163627333,49,0.0,0.011998500175214049,1.0429256184927276,-0.04563333906709536,1524.5017595664606,958.2563152972218,793.6518216034774,0.0,0.0,79.25612604139863,-49.314284618390495,66.53990820652777,74.98949001121792,67.42868330143273,80.99319249744852,66.33998664177754,72.86093561365878,79.08402310701932,75.92708096186277,60.24022976879328,58.37385243063913,64.73844315773309,26.1359959053665
594,2595.2076754949235,960.2381250709913,0.43258358972790917,0.07990688792217392,-0.1845543656684437,49,0.0,0.009672492110060885,1.4408730151368585,-0.39656426977365644,2595.2076754949235,960.2381250709913,840.1762670921921,0.0,0.0,78.57183037609215,-49.311725563461245,64.23256176166676,78.38918965463643,75.11443071570653,58.68986575759618,63.09192879741288,82.22434866276691,81.74186207250051,73.0622595265479,88.35490414314015,78.26363384943963,74.36653436410168,22.64474778667654
595,572.6476024166108,960.7912809070597,0.5737547467132836,0.09690626630791101,-0.5370858555977402,49,0.0,0.013939310044668484,1.4819457697673315,-0.42708077847108844,572.6476024166108,960.7912809070597,1012.9411244369666,0.0,0.0,79.8644525509522,-49.31137698295045,84.93065755831958,96.37085143964595,85.01247110393987,79.62736977123072,85.75963742929318,91.19135140665111,109.14636720899993,88.25099749765116,87.11551792531287,83.56103395891554,96.71576902086127,25.259100116145333
596,245.0442052892731,962.1857056100898,0.7049581349998034,0.2860635637609456,-0.7685103599783545,49,0.0,0.017495988111868987,2.433992607147261,-0.9657981369947435,245.0442052892731,962.1857056100898,2918.138726581158,0.0,53.810887044548736,80.0737855455575,-49.30942040183155,86.98279621605076,198.46583920442168,525.0089384079483,246.83026330198405,191.85583774670482,112.7433626202127,76.43659055085965,155.76661352966215,246.03004203165642,1007.1580772310787,27.341171270701576,43.51919446987732
597,1739.7001820101502,963.4724809145703,0.8899963101328838,-0.3210254764000751,-0.26701357314810037,49,0.0,0.011369265486857114,1.028203693481881,-0.030197898982952297,1739.7001820101502,963.4724809145703,780.794680084549,0.0,0.0,79.11858783270819,-49.312087297423666,68.84625265406524,74.30473845404184,71.71226234421675,70.5249613584609,55.959702879902636,71.11582375164714,62.850143094968054,57.2693560040288,78.68346874382317,67.74533294978556,80.84116951815766,20.941468331451343
598,791.9108960050316,965.2860932357485,0.4309485891084772,-0.7547579412597707,-0.5180468450960308,49,0.0,0.009527394871570383,1.313437657198262,-0.29602365915973994,791.9108960050316,965.2860932357485,826.6489729704126,0.0,0.0,79.72431051851486,-49.310213759553946,78.58479245998221,70.21882589848217,58.92657608902968,80.6820412177592,68.27456971777048,73.63793012360097,77.59195430006714,87.20546638897073,68.07441975099434,76.11519989650641,72.74784552202519,14.589351605224115
599,276.2498161580968,965.9132121300269,0.6226027890750504,-0.6236566275705968,0.39394561241572484,49,0.0,0.024000393317748087,3.064195502481102,-1.215791176993533,276.2498161580968,965.9132121300269,2850.353259295157,20.916432621495254,172.9727012322932,80.05381929392918,-49.308014799758986,198.53901928006297,343.518333555818,292.6348162314651,225.25068465583945,717.3993514597803,307.631092210686,262.5483329881556,135.0102868483765,139.93457246337329,98.54548223011443,54.31318799233341,75.02809937915151
600,1677.3493616090889,968.4187821967171,0.5295151368064807,0.07427416882764978,0.18797929062563742,49,0.0,0.010361445508364434,1.2131723582134402,-0.20980626618827797,1677.3493616090889,968.4187821967171,905.0974195134805,0.0,0.0,79.15843905357129,-49.310050120388574,60.27160781520426,89.13228199372625,88.4778263947043,81.45864372698432,83.14266353064961,75.30732484829588,64.47489641312968,58.790900360416146,87.71530262270213,106.35598108175466,85.30960711641463,24.66038360949871
601,1454.669110490228,968.8198280591243,0.5126549517538865,-0.27411373584076415,-0.46331366106875815,49,0.0,0.02950052050380078,4.323781287670829,-1.5896592941698808,1454.669110490228,968.8198280591243,1203.921492951586,0.0,0.0,79.30075060731698,-49.309855956146166,99.68585669295928,106.03459001118937,100.46591794757862,102.49895085832722,125.57600958253636,99.53574786695921,101.31067763628305,98.2382390793631,114.41885516469736,113.81807505222378,109.83207410984622,32.50649894962246
602,2065.459658547976,969.051912697557,0.6120567706793227,-0.1627404972047305,-0.3376385873110608,49,0.0,0.08537694143886151,11.953833626586873,-2.6937680175767493,2065.459658547976,969.051912697557,1935.310301833148,0.0,0.0,78.91040720339369,-49.30941581604566,144.42697407173503,185.94551533757374,159.1868874075038,161.1450881998291,175.77894445639413,166.34425574442596,164.56523823842565,190.8537451794886,201.902782170553,163.0792679887728,183.96554234908695,38.11606068935939
603,2576.572762947748,969.3440869077365,0.3683782551282996,-0.10199332226405748,-0.23505437362805648,49,0.0,0.013643873076800844,2.0356178816298724,-0.771740643058497,2576.572762947748,969.3440869077365,1045.2284558365925,0.0,0.0,78.58378692911276,-49.307996427713334,81.50092652290587,114.19630532809992,90.98342570043764,77.0022419947192,90.72859616222956,105.58345536165422,89.87679699016283,81.03770617852899,80.57958263795197,101.98927295852867,99.4148299575086,32.335316043865014
604,2695.5046392488553,969.4653701052692,0.6878134333728062,-0.36753780870499814,-0.33961429605171056,49,0.0,0.02741470591680263,3.315737552245647,-1.3014503697421445,2695.5046392488553,969.4653701052692,1128.8697417920325,0.0,0.0,78.50779061909677,-49.30751194961711,117.31537828573047,92.60542716428427,96.3338390915209,95.89977703280763,83.67418712960648,95.03944539294085,113.87693904865975,96.03738217908159,108.7911878135344,93.72825902211306,105.05721702503612,30.510702606717008
605,2104.937713083353,970.2035728715812,0.9597647095083022,-0.5852360323165419,0.3346825937158795,49,0.0,0.02345595033345978,1.9184812561167635,-0.7073939010630659,2104.937713083353,970.2035728715812,1083.6555196013044,0.0,0.0,78.88518130791552,-49.30886854660055,100.21173067621658,90.61737693877652,100.25737901653349,89.9019512766647,98.01012954212814,92.70974261009542,79.4617444293126,99.04681947437683,90.47314074301445,102.85978823257865,112.82821174234633,27.27750491926065
606,268.2329239787463,970.8581736822925,0.5820739054276818,-0.23969276899091418,-0.5566632981446775,49,0.0,0.023644937141105084,3.9359430738135144,-1.4876220213320441,268.2329239787463,970.8581736822925,2188.890091495158,12.883436696240702,108.66783005731048,80.05890630561235,-49.30591715022985,391.6882124478843,184.00319016073126,231.97920254122178,368.1719521927961,259.4837520960546,86.61089164676817,182.81801162968094,71.36947454427118,138.72862489220915,133.4308438976392,133.28812621191136,7.317809233989562
607,1331.543647280209,971.4794386249981,0.5789515020005658,-0.3606042225299836,-0.10654195077744893,49,0.0,0.009959700432725167,1.0662559296531908,-0.06965364844246497,1331.543647280209,971.4794386249981,832.0334799914447,0.0,0.0,79.3794338897767,-49.308657828067496,63.781005517047504,72.34325868409368,64.49592068630483,71.19164395106112,85.40099072801088,70.0996389499074,73.89272030404761,70.25773631081165,76.35589524940164,86.96855818280507,71.50228799310372,25.743823434849617
608,1543.9594531779042,971.4265824392154,0.3024236727707333,-0.22786958254228978,-0.1374804552249312,49,0.0,0.012233880730756352,2.0467086268462213,-0.7776400502813372,1543.9594531779042,971.4265824392154,993.4854515646623,0.0,0.0,79.24368582321529,-49.30880167009669,84.9466868947107,88.62184718598154,82.98701732767992,90.79190088939006,94.07345124012421,85.17962802353186,86.66922555848993,86.08550945656796,84.7227293867804,89.55817150429021,92.1797920846573,27.669492012458214
609,314.68590124834947,971.8689510104813,0.3380298141525358,0.6562705287386503,-0.08672735181440835,49,0.0,0.005810419434029845,1.0272311729028238,-0.02917047563948656,314.68590124834947,971.8689510104813,859.408397760206,18.869642317754696,542.526738274564,80.02921877361395,-49.30571028390657,51.72880278771043,79.61827947343588,69.34497682148694,100.09242847869092,78.95672085745345,49.09446826528469,81.96618834796803,124.18941630507965,58.29927160216444,86.242646700785,55.619343268330724,24.255854851815798
610,2154.030363668663,971.8134249508935,0.7022633175383919,-0.22128193897992915,-0.3495367998195626,49,0.0,0.012588881261586986,1.2767242609506222,-0.2652427778525407,2154.030363668663,971.8134249508935,1039.7932572036545,0.0,0.0,78.85381321491704,-49.30810629208005,86.73588385580783,91.20742699461019,77.57311799774479,95.7258637143321,87.61787197403129,91.47140299521271,128.39792217709532,81.8267488475453,87.51238266927759,85.18470512104415,103.70467239524558,22.835258461707685
611,2565.244205666571,971.7065254497641,0.6355123976159539,-0.33278992235225474,-0.27254350417562934,49,0.0,0.02247165799057354,2.752524140688562,-1.0993278414726493,2565.244205666571,971.7065254497641,1072.666404094513,0.0,0.0,78.59103822210672,-49.30705089121199,94.13397668890077,90.52668085270328,96.51124117543117,92.09292724674876,106.7042383521561,105.15614234162156,90.70624982497938,85.82150443406609,86.78448701861421,88.87926999326484,101.30941784266099,34.040268323365794
612,281.6785863160551,972.5064882423605,0.5428787096850759,-0.5735221631627545,-0.5718722116436887,49,0.0,0.016685415883992444,2.3722912891447,-0.9379200354038263,281.6785863160551,972.5064882423605,1837.9379261575473,24.42669822405756,234.50285611768538,80.05030371745532,-49.30529323307033,38.94449743899165,259.3731800801597,241.2216711135426,97.97931988675683,148.40621024600554,251.19318370270537,140.13935663459267,152.90410711911585,200.1991567386653,118.22133021552527,131.33921535237357,58.0166976291128
613,1040.4839668374884,973.5199929123924,0.5890958510949489,0.5108520045206388,0.062362321042529485,49,0.0,0.010528201687502757,1.2149842064322378,-0.21142658145329885,1040.4839668374884,973.5199929123924,889.0638026557756,0.0,0.0,79.56543114275723,-49.30738252656929,82.20562364843227,76.52689693201624,73.55427711434368,74.51949558311374,78.22629928953582,90.9977527487323,78.31651060712866,87.39569225116297,59.99724398097687,85.33618890174708,81.27206144849653,20.715760150089544
614,249.7041105396484,976.0919613920549,0.7166390883286617,0.22851786776247174,-0.38434191355645936,49,0.0,0.025474874657173192,3.0635236086931266,-1.215553078803637,249.7041105396484,976.0919613920549,1866.3114255808016,0.0,64.61244503095843,80.07070687781086,-49.30364912287435,207.08554458693084,114.96516908136573,202.08112623580087,235.4981419527051,36.275837901666534,302.83862115552165,155.86500931292107,53.53406938267321,186.35057352659894,87.45470225116318,209.2960096289242,75.0666205645303
615,1667.4534469648424,976.6185118123956,0.4705762907805566,0.07113539982496518,-0.19563700078743382,49,0.0,0.031915768674742176,4.996073195202702,-1.7465719810005291,1667.4534469648424,976.6185118123956,1453.3398915703046,0.0,0.0,79.16476635133199,-49.306636145998716,120.87623894949539,113.93007792288923,139.07046617356067,131.53257938491421,125.36493353820592,101.83147269352546,134.02693269075073,129.72517101782415,137.34166609022384,148.20530332031188,128.6013139204399,42.83373586816332
616,289.6901864835512,978.4333715725462,0.658399656710303,0.7475051920961664,0.3123307375860681,49,0.0,0.02322212182826502,2.783531345092767,-1.1114902905526738,289.6901864835512,978.4333715725462,1721.0082272300501,34.82853452176496,374.41096370324726,80.04514307594769,-49.302861123240966,52.45367153042654,80.20480544031462,113.34057486137817,148.5248471116788,192.39778146754435,160.52510568063292,159.7235599556915,110.97846963004616,204.42826252526382,162.7894230837192,237.7013954479081,97.9403304954458
617,2897.2680710520344,977.6986470451805,0.8501882472205887,-0.4553323217789224,-0.3139439098419511,49,0.0,0.03192017495659218,3.284302956621431,-1.2911080281833585,2897.2680710520344,977.6986470451805,1189.773278673335,0.0,65.89745540805441,78.37892790814901,-49.30323171332775,98.02450947573811,102.20142878650384,96.74030836962984,111.0285940030449,123.31365430908323,105.92463594427451,91.81939532642737,95.03331818793333,97.77897832831661,123.54119234165967,108.99847647148157,35.36878712924206
618,1524.3181731850193,979.0843167846175,0.8898687550627875,0.3596560673496558,0.20373767434627402,49,0.0,0.013989850784358309,1.2410370731483866,-0.23446188812088462,1524.3181731850193,979.0843167846175,842.1038267465901,0.0,0.0,79.25623483653462,-49.30560642155314,60.3292270942624,72.70422400742623,70.64643228458041,72.64825730188156,74.21533317018421,75.17039234583352,74.48480978615294,77.36325214580714,78.45758984652105,88.58165046219557,67.82533553519845,29.677322766546588
619,232.01533006732956,981.5381903995974,0.5860391041038234,0.15471500674192784,0.4464388327258151,49,0.0,0.01668541138912628,2.7846444426040176,-1.1119243753695216,232.01533006732956,981.5381903995974,933.5592093895835,0.0,34.62333608889133,80.08196810150856,-49.30129544484173,64.70294367469783,32.90208800087512,55.71641111213939,65.6963108540236,49.72271526166789,21.24528099595466,101.14961599106917,144.09155893059813,86.01533806756024,221.379685065209,72.5709215335772,18.36633990221129
620,1023.738983460235,980.8885401256575,0.8099573142367326,-0.10164634225801807,-0.20896969885029273,49,0.0,0.01856170128061264,1.9403803933632162,-0.7197171940837044,1023.738983460235,980.8885401256575,847.9369803081277,0.0,0.0,79.57610887119142,-49.304278888635864,64.86519000228196,73.33108125416996,71.14416392575319,77.62901354613766,66.37298952544725,87.82619643928109,86.24492413773314,64.46278170414921,85.13793309751307,74.3101419476535,78.16230689315177,18.45025783485587
621,2755.3276432268135,981.438716623835,0.5169530647222091,-0.24158856395567627,-0.34368193616609993,49,0.0,0.043289699826119264,6.132754571458914,-1.9691389621859343,2755.3276432268135,981.438716623835,1887.885016436932,0.0,0.0,78.46963931660302,-49.302286459392214,168.2125055556741,186.53214968910586,160.0926851104239,155.0062169356889,162.66821012136137,177.42907510935225,153.4609709251382,169.7312230262624,151.41858303914805,170.26041509359214,184.2761752319825,48.79680659920216
622,900.9364280100865,982.1703772267663,0.5114379619856676,-0.3989530747789082,-0.2846443745556092,49,0.0,0.024433105409766384,3.6761615350374366,-1.4134864664111695,900.9364280100865,982.1703772267663,1049.1337126847827,0.0,0.0,79.6545732808003,-49.30346871348979,82.07469335718636,89.89549433344452,90.81221930611704,94.58042830296529,95.47923509831261,89.1546177200363,82.70649159002433,100.95205194277064,84.72884378531272,99.04929329038364,102.20139460150475,37.498949356724744
623,239.04664827615827,983.1057350310622,0.9717859479597657,-0.649859795298671,0.9215363257477087,49,0.0,0.020903583992408607,2.021317924484008,-0.7640865680411696,239.04664827615827,983.1057350310622,1772.4295298148804,0.0,60.47272199023985,80.07746453363565,-49.30067619711747,147.77720724653147,76.00717949308411,440.7050953345538,126.61498248047461,72.54416934179082,114.96710489914797,108.31795195654175,189.54356520780826,163.59791182693303,219.5927416671911,105.49964432221478,7.261976038608686
624,2385.4880401367222,982.4362679978507,0.6609194297110597,-0.12946099998834484,-0.4187310929923422,49,0.0,0.010833751383797077,1.1988464716001357,-0.19690892353922446,2385.4880401367222,982.4362679978507,838.145709636087,0.0,0.0,78.70594915525346,-49.303134541224956,66.9475988784007,68.28686963113874,61.96547195838056,87.4171628885205,74.03024305294171,64.06774296000542,74.38961181195745,75.72273690551724,83.04989557440665,82.28249307830552,78.02706036127864,21.95882253523388
625,860.2510635794547,983.3931995463771,0.41089927229792383,-0.6639054639051111,0.009691422702365247,49,0.0,0.018260960909997584,3.08737688747862,-1.2239741216169135,860.2510635794547,983.3931995463771,1124.8677715739561,0.0,0.0,79.68056519176811,-49.30285604267019,77.66454384019434,101.30301874313324,103.0011962107013,119.10734954301793,81.00410530015735,100.84029917805509,87.83704288757991,102.99308933014515,107.10959173230336,106.4305488288762,103.15393810426838,34.423047875523835
626,1636.9190955944907,984.2119696399035,0.9695300956495547,0.17304727769226422,-0.4129636200784478,49,0.0,0.016815923667478038,1.4351783015574522,-0.3922646491422156,1636.9190955944907,984.2119696399035,828.0087756421574,0.0,0.0,79.18428057992415,-49.30347783072763,61.30361461876307,58.9267088501588,84.84431631996607,66.40644250730395,92.53597988346235,66.64774653039004,60.68000442828769,77.28547295406918,83.38098992571052,77.34511727799207,79.27152342940191,19.38085891665175
627,249.09916031516593,984.6093709316046,0.8193988898658461,-0.4125902489938307,0.6700864213438169,49,0.0,0.020385431414126538,2.384933845215268,-0.9436908420289782,249.09916031516593,984.6093709316046,1997.7556016066824,0.0,73.04603366310646,80.07103143797212,-49.3000977962635,305.20762860810794,88.0867309026226,557.464957299411,66.52947569096803,20.131447869546566,114.56776861575212,240.2604580581185,200.01938037266729,109.05360358651467,82.69055832734892,213.74359227562448,0.0
628,273.9011360215396,984.4566677703554,0.8478051157281992,0.1753645799689143,-0.39392088771219386,49,0.0,0.028981670015562518,3.2276473204510534,-1.2722151850524208,273.9011360215396,984.4566677703554,3024.37299687236,23.515420803429617,210.60655259970986,80.05518761312489,-49.30027839318924,210.86132394888676,201.92733764885756,176.96182397312563,293.8400380522995,210.31402216436223,710.2358328368779,254.68215566520138,230.56216314917805,201.08231361401016,96.87447721669773,159.4578271602899,277.5736814425734
629,1282.095306289723,985.0741676852778,0.4264267247786632,-0.19013363734495756,-0.07272645466362167,49,0.0,0.01006904465988802,1.2526723007641238,-0.24459368589830086,1282.095306289723,985.0741676852778,851.0460069853445,0.0,0.0,79.411011206825,-49.30294233673382,92.50653780676001,65.10086115485353,68.1904420467161,83.40157566642874,77.3989705557241,92.1139740400579,74.92198206524907,64.82623597478616,80.40873133348357,60.093297504920784,71.90353154511159,20.179867291252854
630,1105.2123290107634,985.8801210928686,0.4915070934086918,-0.17633024012833168,-0.19003178326381867,49,0.0,0.11233448279077218,19.226457080437605,-3.2097481570113215,1105.2123290107634,985.8801210928686,2435.318344679369,0.0,0.0,79.52403437542812,-49.30235300151975,222.08922710844908,194.73867911049172,226.61401807035014,192.27534850124232,224.32003593105847,249.38699656029306,195.8841136929475,240.75868020660823,211.8855664016741,204.41456130113085,208.95281302745508,63.99830476766846
631,1840.3742629011797,986.0560144412852,0.7905282106866339,-0.08690619299653658,-0.14522900221811522,49,0.0,0.024704951776625097,2.5846848520414234,-1.0310189939490995,1840.3742629011797,986.0560144412852,1038.5230683210118,0.0,0.0,79.05427515228558,-49.30261047289976,108.63494696696883,83.47011081553605,96.89152537215696,78.03619671428265,91.53209883400923,90.32339462569641,99.22489088978327,106.66938370684312,84.18827990058901,80.59445332237745,90.52128109886199,28.436506073906905
632,1440.5597725863822,986.3404753884078,0.34776441916021306,-0.08751182853818518,-0.37150882957364756,49,0.0,0.008287052480894503,1.1790291340624939,-0.17881134184342468,1440.5597725863822,986.3404753884078,784.0493125158386,0.0,0.0,79.30975255504892,-49.302548246249934,68.1142133984466,70.35350712160071,63.74714863127077,55.49735615128315,73.09089753638253,77.31050313518548,81.14539357228468,62.712892219408296,79.31007847586119,50.97488603538285,76.07437624684128,25.718059991891003
633,1126.373851023916,988.6008909289104,0.6891901967569015,-0.15680680337776456,-0.07592000070745303,49,0.0,0.036737005458144,4.5881442892797395,-1.654092668154069,1126.373851023916,988.6008909289104,1215.451921500876,0.0,0.0,79.51050577210752,-49.30125552143218,87.75100900883274,101.65680119289551,100.39105110517438,115.19687397900742,96.28674533019611,108.2303274801458,117.7475371341688,103.59167099001488,116.69170395004853,126.01070778898864,106.00226298946129,35.89523055194206
634,305.33291882170363,989.549014783263,0.22535192434740706,0.07504556552299627,0.10177749484201525,49,0.0,0.004685007101910078,1.0070743667907198,-0.007653854870484455,305.33291882170363,989.549014783263,788.112711875239,38.374887816627975,590.8856771988994,80.0350714983534,-49.29830198146291,64.03247351095584,56.36524289272651,60.83291634902403,46.66179453810941,53.113281774846065,90.33446457066688,66.62139200412221,80.28870189229808,96.28853158461476,85.58377986850564,63.389518388045545,24.600614501323964
635,2794.2980568557696,989.7261770576138,0.600049584442004,-0.5065788766425083,-0.09598794530313304,49,0.0,0.02186150584397339,2.460451254193175,-0.9775369133209753,2794.2980568557696,989.7261770576138,1610.4003692011083,0.0,0.0,78.44479408990263,-49.29867251157083,222.47801174219853,167.44599730740583,138.86827359964968,167.0112449601373,146.4048656895966,134.67811679913592,124.42318879985712,111.58032573356348,128.56876026200126,119.1143282463117,122.92881759717426,26.898438464076705
636,703.2383804349764,992.785120508762,0.5883069459368719,-0.2824526156849411,-0.34582727489769177,49,0.0,0.9872858020817215,143.95963043103373,-5.395601807685431,703.2383804349764,992.785120508762,17169.819289939038,0.0,0.0,79.78084349577914,-49.29849012486083,1380.6589963012796,1488.1620485028634,1505.4699281507337,1492.7920394233233,1560.300658003564,1582.320807345326,1492.2694453284935,1501.725411365635,1618.617413286645,1538.1016232056968,1596.1328014582318,413.2681175672511
637,865.3600124510266,992.9158854266778,0.5245709419111374,0.5463677544551058,0.24232553362360515,49,0.0,0.013919354146439982,1.4135745432075408,-0.37579678860804216,865.3600124510266,992.9158854266778,1046.6163690696324,0.0,0.0,79.67726308998516,-49.29890174589166,83.39043074097899,101.73989336301693,90.20919834841854,99.67212666325739,88.9394516399299,85.89626968592148,106.07724629674635,95.17038754853483,91.24353106311287,87.81557325323334,90.40180289948646,26.06045756699534
638,1536.0768635966253,997.5387559337971,0.8568290033478351,-0.28633303287982076,-0.07654777207595374,49,0.0,0.025289249675301346,2.5561109168044287,-1.0189492378698295,1536.0768635966253,997.5387559337971,1023.5450891171613,0.0,0.0,79.24871429636814,-49.29792013898624,70.45844704807075,89.53281033744851,95.84904064215146,104.76564199353732,78.24616537165903,88.21946516431343,82.33099648773391,75.16154383326858,108.35791368389005,114.65023940471875,89.92132170935895,26.051503441010453
639,2158.924656488233,998.2194869658173,0.5066550551171318,-0.2857447409213821,-0.26910935909558936,49,0.0,0.01854432420506982,2.5420273949554812,-1.012950566384754,2158.924656488233,998.2194869658173,1041.9580299310342,0.0,0.0,78.85076490997889,-49.29709461078048,86.16602231053349,94.40870812592158,112.08106218749643,89.90845512753455,74.07832636091022,100.85562698003821,85.9969257751603,97.64346167396496,76.35044338857065,102.20094625757056,84.92496765704931,37.3430840862839
640,266.6954388360081,1001.1952610388602,0.4980693999771152,0.024075281292382036,0.2796833280296926,49,0.0,0.015204616351150082,1.9910688686798115,-0.7477157050287813,266.6954388360081,1001.1952610388602,2488.018435362971,20.231291285895484,289.24799691074384,80.0596709208957,-49.293271120944574,327.03316952245655,264.5495455937457,163.569741154797,162.0452769743098,250.39001194391966,215.07238968004253,142.1517154746521,318.3224254982979,174.81566286004548,298.709183757172,127.39345914012516,43.96585376340741
641,1630.6789167623333,1000.4214927013707,0.6124185867907224,-0.434418535336529,0.09027469852348091,49,0.0,0.009381190945178433,1.0189709730275567,-0.02040453157271182,1630.6789167623333,1000.4214927013707,789.5857082410932,0.0,0.0,79.1882706960767,-49.296724727372684,90.23586237116578,77.4849270157645,70.65285402054704,60.16266109038315,69.43342870218657,65.7346887292004,56.548149373027854,68.9351837754082,66.53688192156028,74.94091201724828,67.45853206661317,21.461627157988076
642,2775.702341026263,1000.8259979692776,0.9425265202223534,-0.8152311936424264,-0.45369654568076356,49,0.0,0.01499930433194169,1.0607853689513056,-0.06406880256800428,2775.702341026263,1000.8259979692776,1325.461287533181,0.0,0.0,78.45674434124857,-49.29412565574575,143.478199166602,115.45758478463058,118.84251888960044,127.42332326784633,108.94285696023266,92.4600911284387,127.63247191350904,110.98793539718537,115.79109600144471,115.78021992555828,122.00473085487286,26.660259243259798
643,1353.6215234342594,1004.1541462950786,0.5532061922064212,-0.9403508524736115,-0.17074963563177364,49,0.0,0.02220423343758156,2.7346474022090965,-1.0922533439070283,1353.6215234342594,1004.1541462950786,1179.4259972236125,0.0,0.0,79.36528128136479,-49.29506375366028,105.42601565822659,104.43626042611133,119.75366514710367,119.52706292370193,105.77156259194676,95.83723033578606,113.06269210851534,103.17683403199993,95.36664469112179,90.85377061696245,97.91392762365486,28.300331068481754
644,223.10378718299125,1004.5017113450613,0.8624014236187504,-0.17660927492946416,0.8133975902726545,49,0.0,0.030908458061640994,3.506664658021015,-1.3622355908269133,223.10378718299125,1004.5017113450613,1131.532802398407,0.0,35.80636256749658,80.08749120855987,-49.291685523214014,75.32941894872043,72.92872368214566,166.17706010610277,48.84196052505686,113.92522293721713,87.84574806407537,36.45261023725153,294.45020691798265,60.90039027806229,116.68323108123656,57.998229620555826,0.0
645,857.1808350829947,1004.9792668245576,0.8296126338961938,-0.16346969313340998,-0.2702619168876605,49,0.0,0.11663218612126347,13.433795372616796,-2.8204968217906723,857.1808350829947,1004.9792668245576,2062.0349819275766,0.0,0.0,79.6824406113823,-49.29385430708371,182.90296260218446,170.0861911938763,174.12689242056882,201.12513288266777,185.9168724376956,167.9702879938725,198.78254458362323,191.02575935844234,193.59746153271868,182.01994958813452,164.96964650220596,49.5112808315863
646,1233.1040943178944,1004.9657035167407,0.2751785934247252,0.32042696357019024,-0.5805327724145818,49,0.0,0.009949460086116878,1.705474437594081,-0.5796130359855814,1233.1040943178944,1004.9657035167407,863.8015542859087,0.0,0.0,79.44227665613447,-49.29459524236859,86.88400666165748,82.66681519252043,75.14136136703748,76.5473549510613,78.78356932931484,65.13453284206759,53.99296598849395,70.45707775911146,89.39875062638302,83.21118369509679,77.5901766952311,23.993759177933313
647,265.0657344140997,1006.4583692874497,0.5234456927594068,-0.4798044815004579,-0.673118481999219,49,0.0,0.024994200994147026,3.4939870970431968,-1.35830324210577,265.0657344140997,1006.4583692874497,3111.3735215065735,9.372415748327064,365.79816671289734,80.06067411621629,-49.29107078299316,412.4160194458748,335.47222259711293,250.00330614284695,197.2874263233818,496.8847461081186,248.94686787745695,256.23172403318546,193.95538353341377,311.69900049640614,210.10438214700193,164.34914012535398,34.0233026764205
648,453.08228062567696,1006.4543388491459,0.4321711951402446,-0.2705707172688266,-0.6030736399840064,49,0.0,0.028236013337790446,3.618432572334169,-1.3963012104471613,453.08228062567696,1006.4543388491459,1733.2023851385184,0.0,0.0,79.9405768366819,-49.29189438400589,129.9239600917007,156.9621938892704,158.12556524280922,149.18165050279234,133.21127717491336,168.43731372917563,148.42790537326783,155.5987895731426,157.9131844659816,146.86476181340373,183.1060691498477,45.44971413221326
649,2646.0754693325025,1005.9075562215114,0.5962414261882766,-0.18577856873575488,-0.30899711056599743,49,0.0,0.2864581565959641,42.51025753446947,-4.071234340014855,2646.0754693325025,1005.9075562215114,5068.791867281436,0.0,0.0,78.53958040064393,-49.29251543809179,443.5348125876835,407.0718885797168,474.6039392731346,442.74266704826914,427.88643482413573,469.2675263550047,438.88955641329596,455.8338161918601,474.163464631833,471.85486171735977,434.2027878958271,128.7401117633151
650,257.70040176791696,1006.6455974342574,0.29187200026856286,0.22624957060022088,-0.3042470852676065,49,0.0,0.016568165148338518,3.3097544782637924,-1.2994894461537598,257.70040176791696,1006.6455974342574,4131.898540727674,0.7043507464614547,335.8966032399806,80.06537729236409,-49.29095805082339,1133.0240566319626,381.03981515737684,297.6521113653054,251.94365446474558,511.94868642110555,280.65027451285846,165.25661884232898,319.7556790990469,302.71785442896845,253.1346780326687,169.6914701274538,65.08364164385318
651,2892.254153785646,1007.2624233837523,0.8233673741053822,-0.30610740347541016,-0.3109459953285512,49,0.0,0.01287791548131885,1.1949561782608118,-0.1933799475441207,2892.254153785646,1007.2624233837523,1034.71944072972,0.0,0.0,78.38233679183837,-49.29093784707556,98.59713529556578,73.80384392135173,83.57512684426901,118.71030695976881,89.26916312625058,77.67426454224149,84.94045601755438,73.80658673719027,105.86479979847947,95.22697014388126,104.74072447603879,28.510062867128386
652,237.7800471869511,1008.793285134468,0.7259345814288314,0.2648007640199675,0.0021549413480199103,49,0.0,0.02893846327173083,4.164899461768337,-1.5490113056377905,237.7800471869511,1008.793285134468,3054.734918266088,0.0,65.44527362323375,80.07808538793482,-49.28996841135813,191.55358330559918,125.36168538252625,90.89353046142094,389.9033135920309,247.23109679120302,108.18591677209008,122.47878938107591,167.83230561295468,47.258399043360306,1333.9356462159556,114.4244627373077,115.67618897056326
653,1543.2914023019218,1009.4354077120157,0.6432541326024799,0.1096587043588287,-0.09948042740059423,49,0.0,0.13841805632309329,19.485031312829413,-3.224252770122658,1543.2914023019218,1009.4354077120157,2643.5294405660043,0.0,0.0,79.24410105235435,-49.29296484070117,245.18422451179325,236.43776803971662,210.56763749553107,213.45635376847105,221.140506830594,226.08048218017646,214.013059630432,241.35715580678183,244.96577599501353,246.5948571762164,262.78892304326325,80.94269608801453
654,1840.68396872334,1009.421771337636,0.2809147269151066,0.04732649993101779,0.1626442120626254,49,0.0,0.006672689375786155,1.0347683098170795,-0.03710779952584367,1840.68396872334,1009.421771337636,821.1967103212212,0.0,0.0,79.0541074531126,-49.29287470081524,95.36868294287291,87.13315662204593,71.8180547207823,88.30130850105085,62.551599239177236,47.94284851882597,60.40037863198503,65.15973702616259,61.72811282526007,76.03723892074655,81.4982765571907,23.25731581512093
655,2660.05939590234,1009.3427592781773,0.48055369078278243,-0.0795700829835324,-0.2440146161093608,49,0.0,0.04397958503113727,6.259519237245184,-1.9913524461932148,2660.05939590234,1009.3427592781773,1853.2464357160916,0.0,0.0,78.53066709277005,-49.29103239512757,150.06596696384298,162.3796696967878,141.38423854228722,172.09519217875106,169.56140061562735,160.91619288604653,153.18807327473496,192.04100101953549,155.46926665928012,161.97093752202588,186.2775102958425,47.896986061329855
656,228.810750639829,1009.2495187032484,0.8809487531825527,-0.25660676059185356,-0.12458175179189446,49,0.0,0.019861430785337652,2.1436505048850565,-0.827884951417952,228.810750639829,1009.2495187032484,1868.688849977067,0.0,65.03408154278154,80.08381089860768,-49.28973516047967,238.36227671379348,130.54874762805997,167.50550608292826,64.45397136144791,194.23755436722098,271.9553766628525,159.10461850031558,230.37224359002806,128.61060797143648,151.90817026849066,107.82876281213868,23.801014018354604
657,465.50944213975816,1011.4009968706652,0.5843483020919921,-0.26072961876173084,-0.5566176018458718,49,0.0,0.23430244911149475,30.440704784177314,-3.708636758250262,465.50944213975816,1011.4009968706652,6096.127606766767,0.0,0.0,79.93260843268212,-49.28988342044021,514.2225498889218,552.4521284006303,526.8296951511082,526.3991459810292,568.772318702275,530.3394943758382,549.2056703375654,571.0025763636877,527.0574271438434,559.2308174192522,508.1208958355085,162.49488716710744
658,1090.3186081996894,1011.2475234986792,0.6198049088229739,-0.10959271710695387,-0.2441587084915558,49,0.0,1.2135969825083937,176.96990333343578,-5.619748534158697,1090.3186081996894,1011.2475234986792,18104.836096145256,0.0,0.0,79.53348141499976,-49.291757244816424,1464.7621080310814,1601.3246866274553,1562.8182028511737,1610.888859977048,1577.7124139721209,1608.884599717802,1718.4759013685655,1638.19876642695,1660.2738446490011,1661.6062026890736,1551.5041083854326,448.3864014495513
659,262.5787645010696,1011.9567411623069,0.9476170621976108,0.21670159213524043,-0.15586439270158836,49,0.0,0.06851051821005989,7.13063054901323,-2.1328198386019257,262.5787645010696,1011.9567411623069,3884.0940012466285,3.6071026667549226,606.2911675651902,80.06222307441995,-49.28876838513171,242.1752517750145,383.2265842488333,303.58703779741813,307.83738598964817,577.5669837132805,365.71932391447274,418.4864873254251,369.83910490133167,347.05965933265077,291.1853291304918,216.62554134732255,60.78531177073896
660,2099.286620394014,1012.3232280183678,0.8569687696766214,0.2822111855675001,-0.0750419072466152,49,0.0,0.014629435756584562,1.3751205161932591,-0.345851904005005,2099.286620394014,1012.3232280183678,1010.7905507567916,0.0,0.0,78.88890573660476,-49.291329293929735,76.95147712347786,79.1422291875464,90.40943362278412,80.45388531708173,102.55130660644096,89.80559499000385,94.66841374485473,78.43602078444894,102.08242508199267,90.25592217762488,96.68837340974305,29.345468710792456
661,2177.0030814932634,1015.0323641362617,0.358418960604933,-0.39768515765874557,-0.49476776154380425,49,0.0,0.010690733650331253,1.5896050594367201,-0.503223090969596,2177.0030814932634,1015.0323641362617,1309.5859192081907,0.0,0.0,78.83926674037959,-49.290053385237215,109.69667831098795,95.81997013471062,121.35202625609438,122.31215316109123,110.330723915022,127.86427243387882,135.35851887525467,106.17638779769668,118.72630339789265,115.87915747282628,109.39577061322166,36.6739568395138
662,2992.677999548582,1015.6600992340403,0.7513840822407188,0.5261862458447716,0.3621134821583503,49,0.0,0.01598129118805551,1.391059843226773,-0.358364534225487,2992.677999548582,1015.6600992340403,1721.5844455737106,0.0,1464.6010213504237,78.31825550270155,-49.28696475784702,164.98647386652755,124.84639934240109,170.70717927103578,145.02337904601922,159.11746525455538,147.07758061318646,144.47990290846536,152.3018024463434,167.15432100604676,170.68306381287118,142.33142792014766,32.87545008611083
663,1947.156775967301,1016.3046368089948,0.830599858708844,-0.43141873841550243,-0.13699120441703302,49,0.0,0.03288420631889006,3.5712039806985834,-1.3820366425372455,1947.156775967301,1016.3046368089948,1005.8370225665658,0.0,0.0,78.98609917712074,-49.28989688755097,96.68162158130524,74.73323231890105,92.97213862932901,73.72625144843786,96.6473907328797,95.4987973482026,94.8628074047577,86.53446047029693,86.82065111658366,95.98085190130432,86.35544671862004,25.023372895947702
664,2863.8086365231807,1015.7245462582941,0.6875445923318533,0.2937480086097695,-0.2639464928376637,49,0.0,0.06329512780602034,5.583898857601691,-1.8673438580352155,2863.8086365231807,1015.7245462582941,3484.7060365079305,0.0,0.0,78.4005638071462,-49.28754034008009,279.4327053845224,321.73157225642626,305.4182282660042,316.599873171569,307.7173519678642,310.5577554099269,346.96747263704174,311.0068690244301,309.4439034368786,307.52078680092063,284.5074570478342,83.80206110451265
665,1512.067913289564,1016.5060919239027,0.5140189793277027,-0.11624850009507315,-0.2647646851551865,49,0.0,0.011302147726722079,1.3376734916728714,-0.31587530213481546,1512.067913289564,1016.5060919239027,980.8113509945459,0.0,0.0,79.2640452959218,-49.29001076982118,98.86733488493782,74.89250540641255,91.26446970970949,88.38446061850792,87.47038081659333,71.93030063165145,94.20806357506805,82.2737540604737,88.69555820036095,72.83495702331913,105.16558979621504,24.8239762712966
666,2886.7143595227926,1016.715422150602,0.3249444700692077,-0.1911425167726196,-0.5140687405896804,49,0.0,0.0481134138907673,8.669254331399568,-2.3449543602749228,2886.7143595227926,1016.715422150602,2060.9778192776366,0.0,0.0,78.38594070813771,-49.28702471756946,185.20203853807294,170.31342036865976,190.9160847161536,182.09465658997783,210.80880468812333,176.89568383026005,176.08983533141523,178.71314497844781,180.83523561606154,169.46350173820784,190.40921427232527,49.236198609931066
667,557.426031619053,1017.7180307147811,0.3934062277475688,-0.20759511818352414,-0.45420456019136884,49,0.0,0.021967301774084434,3.5325880708512973,-1.3702324950969205,557.426031619053,1017.7180307147811,1111.3170945880192,0.0,0.0,79.87386025544191,-49.287604028374055,88.43964586025959,115.61703013007309,93.49195411885637,103.57387825635996,94.87094178091337,93.95782239722422,100.8984833740031,91.02089303687498,111.77695559442714,97.51621907173505,97.28383001504162,22.869440952250653
668,2199.6699866526355,1017.8799091563724,0.7320905257434774,-0.11267427941592335,-0.209187042004173,49,0.0,0.0412000760320459,4.831228508405048,-1.7101439482973428,2199.6699866526355,1017.8799091563724,1331.2994831323251,0.0,0.0,78.82479611115996,-49.28882003482714,118.45466040630056,103.75828107555793,116.51700973523535,114.21551721391998,129.1877590675685,108.1699247637059,127.83782758737968,104.4360334659352,132.5887584956899,110.80891829712691,133.4684547753466,31.85633824855859
669,2046.7048502297228,1018.9278012565045,0.696352115143252,-0.11745698038809545,-0.26139083170215544,49,0.0,0.25552129384781525,33.87416766867019,-3.8246715821161485,2046.7048502297228,1018.9278012565045,4290.589846922243,0.0,0.0,78.92251253629,-49.2886649655822,369.7757217596977,386.2880987748888,392.51011766032997,376.5059739001382,368.9521247382946,386.9414668967073,395.424169854408,361.027908241766,413.3767878305706,386.8865944279602,355.49873402054203,97.40214881693859
670,2168.0652038244552,1019.6322626729828,0.630095618057734,-0.15364452661531888,-0.18849362824604576,49,0.0,0.13076516014542872,18.458080669819836,-3.165466349275854,2168.0652038244552,1019.6322626729828,2700.3098893930987,0.0,0.0,78.84499038718215,-49.288154837842114,221.72730099980856,216.34073506635153,276.3765301781807,236.00658943569698,222.8103441859625,230.9778527467048,259.8164386445994,257.1770569578793,235.46575387547117,257.23954199210056,228.63827828998416,57.73346702035898
671,2994.708326885177,1019.6892805212444,0.7479566196347952,-0.1434226144672591,-0.33230791926935077,49,0.0,0.03983776254312638,4.1594828865924764,-1.5475983545362895,2994.708326885177,1019.6892805212444,1729.4222273594373,0.0,1472.7236060838432,78.31698898766992,-49.285276205478496,164.4356685796351,120.78641659434437,171.83898469446558,144.17665169460247,154.6084792296813,150.7420897909625,144.87198405702634,158.58784673234365,165.49358292645906,171.07465226373245,150.50023917471543,32.305631621469104
672,1963.4628311074193,1020.9310070045602,0.25310782799460424,-0.717330512635628,0.1976925363029071,49,0.0,0.011607918157385587,1.8350257232551122,-0.6591053913469067,1963.4628311074193,1020.9310070045602,1001.7264290038363,0.0,0.0,78.97569159363437,-49.28794890999021,84.61321909529305,92.28537549607654,71.2149040429971,96.5815454971968,88.27621203524515,83.40331778950214,89.6753307320637,97.15302080338347,68.65403637799409,98.46728751732324,103.48196639468188,27.920213222079237
673,220.11491511748193,1021.3068912738945,0.23351776122699308,0.4671142348657051,0.7170186679762557,49,0.0,0.022977203985166752,6.188575171246949,-1.978976676470363,220.11491511748193,1021.3068912738945,2682.2994770437726,0.0,57.07261149548848,80.08927555799696,-49.28466980586791,322.81373298101107,837.8558799053532,81.62950095153265,76.25566005550132,99.13574495487306,233.97747212873247,163.9720444045384,109.09087982227425,458.2970000836677,139.1108865519912,160.16067520429726,0.0
674,249.46592774604989,1023.7572469902769,0.8595208714274721,0.5758166338357374,-0.21730978029230405,49,0.0,0.038401585712369374,3.7681026778023208,-1.4403068211536139,249.46592774604989,1023.7572469902769,3511.1853814771994,0.0,180.14013547384423,80.07051261644845,-49.28379007647196,413.4825812894901,292.19553157002883,230.13010049188753,227.17323841448865,1111.4074660906795,164.19353823957277,199.25985570093658,231.70519317676218,165.15542413250557,119.55178198834341,238.69460323066664,118.23606715183757
675,470.3134197411295,1024.1518232833762,0.4154983214363328,-0.41276920929334476,-0.5622966884205708,49,0.0,0.024502540551443866,3.734314253040121,-1.4305271556305104,470.3134197411295,1024.1518232833762,1370.4345750286643,0.0,0.0,79.92946236835857,-49.2845902503067,108.54079353049954,132.7305685416887,116.10581593973096,120.90322994281792,141.67102343114672,118.95170369851166,118.1922348237385,135.43147799803063,100.2403451022391,117.7687103990382,114.32250461951413,45.576167001708185
676,1903.7513610926446,1025.0020088259682,0.35197135744120683,-0.29880224856245663,-0.9419270935467513,49,0.0,0.009694063477130602,1.1546307466471417,-0.15610779534676816,1903.7513610926446,1025.0020088259682,1034.0738351895898,0.0,0.0,79.01384163255307,-49.28632273701838,98.08761321625829,87.89847081616735,102.83831696809322,83.31657821271597,82.72221880003808,90.15353271789988,80.99381604587172,73.68472864281077,96.97433423381769,107.27274570535602,107.27158950065441,22.859890329906285
677,2061.898507857967,1025.3960325119056,0.5798935022454077,-0.17772109529775115,-0.1715540069723851,49,0.0,1.1853639019626232,175.76499011348233,-5.612330935167815,2061.898507857967,1025.3960325119056,20184.150943482415,0.0,0.0,78.91282290415849,-49.28594567345956,1646.6294280481102,1756.486315788987,1751.9600814257296,1815.85055742491,1810.0994858722545,1827.0826544006159,1746.8850399540042,1885.1282623046475,1758.1975585514194,1836.1468952194357,1820.9116836066642,528.7729808856352
678,747.8774064755262,1026.0761699957827,0.5183636092426929,0.17975007628685713,-0.14785929347854856,49,0.0,0.013942918993787341,1.8152017899679018,-0.6473122778356531,747.8774064755262,1026.0761699957827,1012.3128563661177,0.0,0.0,79.75217116664071,-49.28475730791587,80.51030641295192,86.2223169252807,128.81124555667498,74.92404320108969,70.111563199605,89.64747157522604,75.9543857222516,94.36144533242013,103.29894920155559,95.02269256857011,84.14071391531942,29.30772275517251
679,1614.3009894937709,1026.4303199548185,0.6455542691708007,-0.2846332216181658,-0.2779603277719351,49,0.0,0.013149476952854624,1.5180398543045184,-0.4532079339667097,1614.3009894937709,1026.4303199548185,905.4632202191515,0.0,0.0,79.19873671909701,-49.28588918226588,73.23483564206327,85.66918748520445,79.13022561345788,64.07900246189956,96.90991520909901,62.89204263070011,79.33600188719396,83.779828434835,81.92272611429337,84.78216664949889,88.13931001782719,25.58797807307873
680,2085.3700390727613,1025.9483658251181,0.4930187758688488,-0.14158898105403606,-0.39982635159774726,49,0.0,0.010733192228838803,1.048922702414957,-0.05185871297307175,2085.3700390727613,1025.9483658251181,1236.2969051858945,0.0,0.0,78.89783161735134,-49.285676441186276,113.22823604310055,105.80540250544894,123.36867581945936,84.95810060871852,109.2546254662881,113.0119514998614,107.22217843757113,117.38721771348943,115.34758212870749,106.64133903564652,111.74503679679428,28.326559130808942
681,227.7138712896395,1027.8322200959503,0.7032808910469842,0.7434230400850939,-0.36467965498150334,49,0.0,0.025379846091230025,3.686404154979444,-1.416507367261528,227.7138712896395,1027.8322200959503,4157.082885827671,0.0,64.46832549088755,80.08437430287424,-49.28198811000016,165.53414407597862,101.83393486325559,155.01811149059006,396.10294789539057,225.52812943514974,2297.9364983460364,150.95172665279733,12.44098478303717,247.62811383342574,263.89394942795474,115.17929766060047,25.035047363454698
682,655.5950425484756,1028.1508740444647,0.3041494865882624,0.28037860966094336,-0.6860976556915276,49,0.0,0.02081302300664459,3.4048846118323826,-1.3302559967206926,655.5950425484756,1028.1508740444647,1349.4818876440825,0.0,0.0,79.81110249067396,-49.283600905833836,101.62957000713962,106.61066939308161,134.87201436731755,130.00309758554567,100.72912364734636,123.23103113936199,132.34896540799406,128.18643493921806,112.99021899061037,97.82074081750159,147.0325144493881,34.02750689957764
683,773.7789067387037,1028.3739145946097,0.5902156580767981,-0.250565670490575,0.2648483332585613,49,0.0,0.011306804238709785,1.280894251970611,-0.26878319188444516,773.7789067387037,1028.3739145946097,790.5799312605716,0.0,0.0,79.73561713533299,-49.28387654268249,59.78250217157157,71.10525899243207,81.14629075231765,81.66870039519347,67.1086897219833,76.0108228808972,68.47223977680568,53.04634004013947,77.44677656258176,65.93081522259507,73.6592789912916,15.2022157527627
684,272.0677832320131,1029.1348604744073,0.4539483232843743,0.5077544689232226,0.8617575761348516,49,0.0,0.021828802021592507,3.6460483775796075,-1.4045560669798434,272.0677832320131,1029.1348604744073,1853.733780914124,0.0,445.31295191155004,80.05603961038047,-49.28165628706725,118.73590908398083,171.13256267518074,153.49562608697894,257.326684848509,156.48486272091628,112.96416569196967,190.73336590043505,141.05132779229262,163.81377749578104,117.51026713252755,236.23317508971098,34.25205639584112
685,1074.2411385506923,1028.9277667365475,0.44882197608678404,-0.29881467515054416,-0.2977511391673567,49,0.0,0.012434650679475997,1.7895755498475538,-0.6318750939054589,1074.2411385506923,1028.9277667365475,991.748214465521,0.0,0.0,79.54370221446682,-49.284361393039404,75.28443946721387,69.18630406296121,82.1242087593842,97.5509191054464,84.17371157554912,88.33295184342356,110.14024635337651,106.10464064219455,90.62970503229649,84.85603420014137,69.6831556400653,33.68189778346848
686,1663.5061213106744,1029.289771815815,0.4412503813366395,0.1483352154358111,0.04757868185692925,49,0.0,0.017068962313088448,2.419334389250314,-0.9592397467311788,1663.5061213106744,1029.289771815815,1048.7918397907185,0.0,0.0,79.16730671480722,-49.28469111151237,87.19444661682179,95.38571781400944,92.05495119546819,93.60786474335444,99.47742059994587,91.95244422606632,102.00712508388233,107.62617626136729,76.79254781685918,99.42219578904722,78.80151515589914,24.469434487997376
687,2315.9480344535527,1029.0905853025845,0.8461219335773268,-0.06251843019739425,-0.2377320851793237,49,0.0,0.018677586562118098,1.7728473202253023,-0.6216783381015194,2315.9480344535527,1029.0905853025845,915.8514078949362,0.0,0.0,78.75056245826667,-49.283880018841394,79.41426168094264,89.35601182844431,78.7383940888339,77.63318416378542,86.916099010478,84.86348328837116,72.81633263828655,103.4262480782107,72.61093709520523,60.66382166536443,86.85485397946991,22.557780377543942
688,1993.3061809617761,1030.0875268865127,0.4632615605185033,-0.1474466114648673,-0.27716343309343505,49,0.0,0.014699070400325248,2.158500611913201,-0.8353804402760473,1993.3061809617761,1030.0875268865127,912.8079158950025,0.0,0.0,78.9566472257042,-49.28409408663939,91.44031276445068,90.06175236987806,76.49804399212499,85.19911010826691,84.31257598429443,91.19884184675361,63.91435439848675,74.30451739111524,80.09580353668187,79.60407977434582,66.58111148499711,29.59741224360699
689,412.18814265246345,1030.625038427416,0.5241627287679254,-0.3218230456054981,-0.7602302569262187,49,0.0,2.416414164606747,322.5739203452952,-6.271573130912179,412.18814265246345,1030.625038427416,69800.25939884124,0.0,0.0,79.96654445436742,-49.28165613883758,5701.933707048638,6210.2552286324135,6122.8991212364135,6302.818591496916,6248.829561296616,6208.228265519524,6270.630010933327,6287.760949356497,6221.421409915969,6244.112583154823,6172.838341634845,1808.5316286152613
690,1898.0666704365265,1031.2753891663474,0.5006774314135247,-0.15409447442508722,0.09934129770834547,49,0.0,0.01353604281955551,1.5286674564195688,-0.46078255010786195,1898.0666704365265,1031.2753891663474,1082.5886667529319,0.0,0.0,79.0174829103753,-49.28371490111377,95.78710670205069,92.1140249963246,97.40211237307236,93.46216179176497,92.89457369590555,88.35894463132976,77.3771629016398,98.21814725870057,101.2403282228623,112.85261069475054,105.82785706145778,27.05363642307291
691,2955.637039211387,1031.0200798256908,0.5596631143499496,-0.5414871397531269,-0.3730375104342308,49,0.0,0.047488086332245244,4.9209206509156616,-1.7301159053979895,2955.637039211387,1031.0200798256908,2466.552778467566,0.0,1441.767994567852,78.34202484965014,-49.28074474859115,198.00829485342268,196.35905355472008,220.54276151993508,243.43731641138064,217.01676005645018,217.56709555496423,222.51693262386203,222.8232453278764,200.3330875260915,241.30854300960817,229.76416385968287,56.875524169572216
692,257.86132155991555,1032.466464424256,0.5054627241075185,0.49770478378503674,-0.610403466846446,49,0.0,0.023784007786458592,3.408448010399659,-1.331391685055241,257.86132155991555,1032.466464424256,2093.30681486053,0.0,354.6085777765698,80.06508806530685,-49.280201509328265,271.33191627611575,180.73712768064775,250.4002883018278,209.7172604407034,206.10044340550718,185.61965298965617,131.32106503712862,146.4627653979807,168.00253615757111,161.0915385896962,99.02205417209703,83.50016641159806
693,741.8236573561578,1032.6710396510996,0.22332006784787156,-0.4253556877473495,0.03126478770560106,49,0.0,0.010385847998871418,1.7162307303189135,-0.5864391851340313,741.8236573561578,1032.6710396510996,1076.5335754632401,0.0,0.0,79.75600735314028,-49.28199138148355,89.95247024743608,95.66445010519494,108.0218591057909,87.32529295709956,87.49031032005007,112.05757929855493,95.49278316133835,82.59026821517415,98.78400168832579,90.91193351370802,106.72189927340443,21.520727577163015
694,900.382659402742,1032.7432083783183,0.9267368085139912,0.21164266802863743,-0.013823030648419927,49,0.0,0.01574559368359569,1.4580969971781017,-0.4094660389295534,900.382659402742,1032.7432083783183,826.6116146811905,0.0,0.0,79.65473663963058,-49.28239636663446,79.60137767141046,72.15339713746422,58.44194588817797,64.84592059928589,77.22180362306884,67.84155902220206,78.52628955838156,70.17590145225856,91.78245680972265,80.35745192455052,61.48631674645425,24.177194248213517
695,2746.946074556225,1033.7169447049184,0.520943803532949,-0.10412161721980571,-0.0794856262819541,49,0.0,0.02348696541659585,2.881941703146852,-1.1492129787923386,2746.946074556225,1033.7169447049184,1335.8874428835284,0.0,0.0,78.47531679993226,-49.280540015644846,117.18529050928177,112.41886314367716,112.70442587071693,113.47882243192038,127.40835090503113,121.92540967688404,123.33633445242246,122.67985714241203,110.80698658388755,122.62832518227978,108.46622048673623,42.84855649827888
696,2847.299496008545,1033.277159450828,0.7205856437992968,-0.3945200537091316,-0.2666643291382701,49,0.0,0.018964550749061632,1.8028593690339165,-0.6399046279061683,2847.299496008545,1033.277159450828,1205.6482441240273,0.0,0.0,78.41122599670702,-49.28030053563696,126.00782119577477,114.57255219151764,92.45751923864321,102.08534349722538,105.76297720739586,84.35329492464734,116.63123387207409,114.3617112164527,94.51066283136626,113.09187153600925,107.21564297016596,34.59761344275485
697,3072.465150027975,1034.1989228314553,0.4924430958185067,-0.6052753956034462,-0.8005731192013055,49,0.0,0.00984140591967346,1.2500926895401823,-0.2423555386470102,3072.465150027975,1034.1989228314553,443.95245218515294,0.0,356.57602539858954,78.26744461918396,-49.27883913969346,0.0,17.241494150735598,19.71592712301187,15.21010958370048,60.459054387292156,57.0189833031467,40.247074506491174,57.74395697922057,49.48995905323184,72.22323231266043,54.60266078566215,0.0
698,235.6000514382565,1035.1107867082612,0.8357214177805432,0.14992807951534373,0.37463570180945316,49,0.0,0.02591487353545059,3.1284039675017747,-1.2383070699921883,235.6000514382565,1035.1107867082612,2153.265752728813,0.0,87.97753041572471,80.07928462932193,-49.2789937752769,245.02989638487014,196.25240182624103,128.07516873724353,186.52433053233963,224.96970144641068,176.09097532968934,232.5567159235598,274.12683902366,84.21122019469948,180.3697525334138,137.76036363642896,87.29838716025611
699,1348.850543026264,1034.8629855482984,0.4483559010163963,0.018296124812244033,-0.22739609096703312,49,0.0,0.009211209093336338,1.205049034850486,-0.20251179804840153,1348.850543026264,1034.8629855482984,828.3552997981002,0.0,0.0,79.36828784112663,-49.28226449397868,74.97450596659542,57.30011942615717,77.84616976412522,71.37562540074609,62.70300754089523,76.24278208721076,62.888139188101235,80.5371991082392,84.69430091341674,84.89083876830807,73.82641329518796,21.076198339117084
700,3001.8868807645863,1034.7205349865974,0.6518337493231059,-0.36900507237336505,-0.6479927923489792,49,0.0,0.03883699033005324,4.443150270082819,-1.619227503991306,3001.8868807645863,1034.7205349865974,1473.9295036137125,0.0,1254.6467488472645,78.31251763071467,-49.27897872705417,120.95772626514815,122.6321114694216,129.05335291798002,167.430502187554,146.71090515321782,142.21735816303865,117.8595547908316,117.78977614507716,112.96853313018764,128.17021789185716,137.13298529148565,31.006480207913196
701,2077.2256648203447,1035.7673817797404,0.4325302455607667,-0.06987880913430082,-0.1492474602695079,49,0.0,0.01660140665461053,2.2105697267073268,-0.8612605453866206,2077.2256648203447,1035.7673817797404,1359.046608041567,0.0,0.0,78.90305908092967,-49.2815990994799,105.38647995771211,122.73562584015458,118.86578680427786,110.28202024199535,106.6258479100009,110.9712352136388,108.89631609477813,132.08898992257764,141.15789817409188,125.05049585281836,136.58294064634123,40.402971383179995
702,2730.1295703994324,1036.807699009763,0.3272883792605201,0.2504692111972346,-0.16053119432250776,49,0.0,0.009965793779086437,1.3699199523618597,-0.3417379776297172,2730.1295703994324,1036.807699009763,995.151276046853,0.0,0.0,78.48607513776476,-49.2793196915097,83.16173067353742,91.86298937558838,93.97800883900621,91.93646068602028,95.12621725532726,86.7731610565574,91.72491227052524,87.90952981850072,78.44310745495997,88.43164288932408,78.20818623647747,27.595329491028487
703,2774.544566187182,1036.7986791032647,0.5408955168298002,-0.287641654517917,-0.368451928537709,49,0.0,0.030704648924819587,4.331504809345997,-1.5915970023502393,2774.544566187182,1036.7986791032647,1255.579304485782,0.0,0.0,78.45771107329323,-49.27914337485554,97.62104793110922,102.81095032505486,102.18120910776098,110.58623138604004,109.8728784753952,99.74975798772545,118.89556480927305,109.96293374256847,108.43565268164124,141.29567604245656,122.58831074958921,31.57909124716757
704,886.6812380453993,1038.2547400070946,0.7293231845622477,0.07356046601215882,0.11141710426292603,49,0.0,0.01662568609584652,1.727485249261814,-0.5935358692160984,886.6812380453993,1038.2547400070946,911.1601022743116,0.0,0.0,79.66346659276074,-49.28006590552285,70.66543542574595,79.95484989814689,82.78283011724722,88.69135737911176,80.97908615276921,71.00576490813216,89.11855139999584,71.07471673758675,83.69103866770251,86.85552414638548,74.61588542183259,31.7250620196552
705,1518.7267219498033,1037.636198228678,0.44952047657478783,0.5452486422867706,-0.41433421720930874,49,0.0,0.0074486790182288045,1.0439153342275194,-0.0466631926214338,1518.7267219498033,1037.636198228678,803.2541226041072,0.0,0.0,79.25978217436432,-49.281208711189535,61.18805246916164,69.21330987264771,87.30009042714212,59.99828907043867,68.65161142601514,67.92951937533306,65.53464739065473,67.5156226300364,76.01041727981902,65.81400420069062,94.46011331754659,19.6384451446215
706,2909.404760526976,1038.7619595292556,0.7760079194503756,-0.6735582850556243,-0.7819673798983761,49,0.0,0.04301460573857108,4.01972928438651,-1.5104920143927658,2909.404760526976,1038.7619595292556,3585.022118508058,0.0,0.0,78.37160367730907,-49.27773613356298,311.6574183838501,303.15092095849684,292.4908951785844,289.7224282865817,341.1592824499023,331.5285817079601,323.61934047370744,307.61971307549476,334.23255316633174,347.14957502540074,301.19102697996755,101.50038282178073
707,1323.1244117998972,1040.371744556585,0.5492887379068973,-0.5042933697117365,-0.08613786043351518,49,0.0,0.010190563415760405,1.169972695526231,-0.17043931607339685,1323.1244117998972,1040.371744556585,876.5397363098034,0.0,0.0,79.38471150944316,-49.27994527038089,65.55025486769574,67.06185880810696,86.08734377719551,66.16527613303623,82.41997770862912,77.92049784283142,73.18123167905816,78.10047922516327,90.11738125740115,86.586552027744,78.3948843890162,24.953998593925697
708,2238.828001530431,1039.882684582939,0.7100271687344046,-0.7645865551818739,-0.22780918531027078,49,0.0,0.010819858974633651,1.0404153940173482,-0.043016923513857046,2238.828001530431,1039.882684582939,874.4927397723518,0.0,0.0,78.79985789639507,-49.27956728457195,69.57307506817224,78.11812784424865,75.08221301317185,86.81964094554583,80.26562271350971,96.85183854758179,65.6363358790846,91.35623231319857,85.12021387646392,58.414137420092494,65.03636461331575,22.218937537966312
709,1198.5379108378552,1040.72769484734,0.721284428024238,-0.09130029625408571,-0.44615018472484164,49,0.0,0.0363505170219645,4.329477208270811,-1.5910886443068037,1198.5379108378552,1040.72769484734,1213.7679689518154,0.0,0.0,79.46428291622365,-49.27964799264902,98.07638771774867,90.2456886942891,107.32764094382188,120.62400200473708,115.74369026389567,120.7026795231691,93.40290399935017,98.62853581600572,119.94383290983984,105.76150985904843,114.12037492881784,29.190722291091948
710,2904.9822076852365,1040.7768527219018,0.4732283044604386,-0.48944349285779737,-0.6863100780064539,49,0.0,0.047052346343245975,4.026690865807971,-1.5123707238651718,2904.9822076852365,1040.7768527219018,4225.220734808656,0.0,0.0,78.37444192903405,-49.276917036900024,353.8412960988883,357.3791881573061,342.35090591295324,354.9178645353396,409.1337506859703,385.72048172669525,387.5228218657627,350.8080541122141,404.36876748950755,395.131649566075,367.7077600810616,116.33819457688178
711,273.3439124961532,1046.0772417678024,0.26042668068720837,-0.3794459852402526,0.7194928574777528,49,0.0,0.009768754616186618,2.1452392381157726,-0.8286893298797691,273.3439124961532,1046.0772417678024,1773.160373208335,0.0,518.423183474229,80.0551037618464,-49.27460381378119,113.63129311956011,129.24632576747337,99.3029128801532,109.57426809291661,252.38965415525166,219.78625862570578,156.8767434371186,129.7559055021379,186.30485756916983,171.07348169563477,191.5961813155074,13.62249104770574
712,1032.4741411661894,1046.7218585624014,0.2549061328911069,0.29893103630612017,0.10303696846001503,49,0.0,0.0062201488668984185,1.0141118358042747,-0.015214628603885252,1032.4741411661894,1046.7218585624014,842.3617241296874,0.0,0.0,79.57032599968245,-49.27686700275454,65.45680157594524,63.57232576073657,65.57517519990351,87.22438535553943,85.29434393350596,69.72421285546226,69.53990046577772,72.74905756415865,82.05745502440438,75.84332843886686,80.73649064886361,24.588247306523265
713,2565.3557384888204,1046.290539449601,0.485886385323724,0.021137363811048603,-0.2026789721292892,49,0.0,0.010759265492407438,1.2409751157502484,-0.23440768259310674,2565.3557384888204,1046.290539449601,865.3706140279359,0.0,0.0,78.59135407275662,-49.27597620597805,59.80233198544491,68.90145760211718,83.9914911905813,71.14559908319339,69.03067444898446,86.95989583284927,101.44670652111097,93.06800278366694,62.59059787990937,76.15566197798736,75.96580116964891,16.31239355244184
714,1975.2498734627577,1047.4920849333168,0.35402942909218144,0.09969230599083329,0.1179809274288941,49,0.0,0.008678558170377066,1.2418017750110217,-0.23513069070948406,1975.2498734627577,1047.4920849333168,844.9321817336531,0.0,0.0,78.96821563929359,-49.276866768826814,79.22360069702957,91.56572471017242,67.23906098667885,72.25219200384106,68.84828019200057,71.21441018745105,69.43932000369942,83.96831797491728,87.84313108562463,73.80524717914187,62.35952510717597,17.173371605920394
715,1939.0016307412163,1049.0019905629551,0.3601906904958938,-0.3626358642733835,-0.3444736814080574,49,0.0,0.006791357122964337,1.0539250729549816,-0.05702434133061694,1939.0016307412163,1049.0019905629551,821.9799655741888,0.0,0.0,78.99136836602158,-49.27628315733655,60.070680670756886,84.80069899886418,53.53645636761595,64.8383841159316,75.72411499034538,70.43132478225839,91.69091076262981,68.2120544253806,72.71165802001036,80.655655993306,77.66675746551086,21.641268981578765
716,1047.3367754209328,1050.434410419146,0.6052682238078214,-0.2754028267076526,-0.3049215450065448,49,0.0,0.12280841707603384,17.151657659276626,-3.085765249356135,1047.3367754209328,1050.434410419146,2732.5843232215393,0.0,0.0,79.56082308051316,-49.27534948710038,234.73190470931664,264.2229763262292,223.5426295891703,225.89546270932453,234.33516371052136,252.81081206567634,236.60869200171237,256.1927038993464,234.94800316150045,253.31769927525443,236.72269301391745,79.25558275956988
717,1553.8986634165374,1051.4126963745164,0.7987620063632405,-0.08154767575982881,-0.09219793921296404,49,0.0,0.031066177905386277,3.403250851121568,-1.329734904507606,1553.8986634165374,1051.4126963745164,1071.4672835969084,0.0,0.0,79.23731391712653,-49.275476545876366,77.98786400517547,96.90506979262692,83.2827156180183,88.26466541782037,108.10972823338078,75.86030631014685,95.35333479817328,88.14296978916988,120.74122059411032,94.98801861628158,104.42683046454115,37.404559957463555
718,1907.9315746775476,1050.7463147973747,0.45764065198634635,-0.05336837458230956,-0.05388932485946267,49,0.0,0.0173116693469157,2.3883114696824737,-0.9452274107742544,1907.9315746775476,1050.7463147973747,1018.1978592822419,0.0,0.0,79.01121397774911,-49.275591691000095,76.48678039830293,102.81498031420537,99.37076557969328,71.10861896083644,87.0620027387288,87.5299392068703,80.30973684074822,93.42542712665374,101.00374841367942,97.08574593375872,101.80336690893367,20.196746859831052
719,1613.326112497003,1051.897702294672,0.30630012506057197,0.08507407224823783,0.0020238205173952,49,0.0,0.01220426431325709,2.0650766395277715,-0.7873404347829572,1613.326112497003,1051.897702294672,1031.483160339238,0.0,0.0,79.19936120206803,-49.27527799562014,84.4683889841925,76.28084188643932,88.2048903510412,92.03755113290104,89.06405232182578,97.71907328494795,99.64442770367566,88.0141593379515,102.96064030292673,92.70914535345524,89.09395428167728,31.286035398203964
720,2111.457947962173,1055.4596191959768,0.583642590685627,-0.9365884874716678,0.8013292228872106,49,0.0,0.01763856751243202,1.0035894465112307,-0.0038902143434894963,2111.457947962173,1055.4596191959768,3714.4317510263854,0.0,0.0,78.88124885437729,-49.27333475313614,303.47766018517854,314.8335932009762,308.1235959854762,303.0601092948217,314.19113275261145,346.7585594124985,328.855516347285,351.09340998321795,352.9390676953043,350.1882186741189,336.00362786691863,104.9072596279777
721,618.966867469839,1055.4158445087762,0.7777180865853146,0.1724688368598995,0.003744439231294727,49,0.0,0.012252850756227644,1.190898180210361,-0.18968657905729447,618.966867469839,1055.4158445087762,885.5760146263206,1.9999716708202828,0.0,79.83435271354126,-49.27211715897669,92.71035591055228,71.85835450270622,69.58370680199444,81.65404556437966,78.25025241929362,71.99629755431442,88.06297658207275,61.91440620943294,82.55565743902883,84.31384247521075,87.79324676222856,14.882872405106175
722,666.264354979065,1055.3007633490872,0.408142557517709,-0.15029373407902077,-0.14032168362464492,49,0.0,0.007925056065658045,1.0344468616603342,-0.036770465922891724,666.264354979065,1055.3007633490872,859.9288410043439,0.0,0.0,79.80415168118012,-49.272324541577554,78.42147828862872,67.95630673271165,86.59927314892687,86.46670527438451,59.236177565122276,74.11972291196156,89.08873778779508,75.84734077940782,76.26802475962324,80.06716332088766,68.69607365330904,17.161836781585464
723,1432.5706403019783,1055.0990925601914,0.4218981541773239,0.18585113304041867,-0.35891339818194673,49,0.0,0.012991196368450059,1.9606761368383345,-0.7310146578056619,1432.5706403019783,1055.0990925601914,928.8243369361076,0.0,0.0,79.31479540570079,-49.2738947682069,73.66317744387783,89.40463409386746,68.15992302823176,84.05660791889291,70.46522443699448,77.83174512421147,83.64531506366438,93.32901308160652,96.86833142138376,79.42005489658703,86.76754296251886,25.212767464271103
724,1526.3079584202305,1054.5043406382806,0.5588812879098802,-0.2273532611873542,-0.09178224034181245,49,0.0,0.11138215646200074,16.786617495573214,-3.0624079864738114,1526.3079584202305,1054.5043406382806,2455.6980353527842,0.0,0.0,79.25493320609415,-49.27418251645628,200.5582116664977,208.95710341324596,217.7085586801753,220.71244608940265,214.76130276173717,219.208133509194,209.2551839756586,235.05068577022672,215.2545451258932,223.45224375417953,206.3828470239207,84.39677358265277
725,1763.6283227221354,1054.8302648597323,0.33777532239112545,-0.09351248540633961,-0.4002430587859485,49,0.0,0.007696828234987595,1.1292660770969114,-0.1319907055659162,1763.6283227221354,1054.8302648597323,792.4786521226197,0.0,0.0,79.10337526396512,-49.27400957477895,63.92101731717139,76.84690953869406,64.2421434619685,71.42043562212407,76.95303772443629,63.04013756267781,65.49368067619977,75.11798298631886,73.66670944387661,62.294868355963516,78.37030107292247,21.111428360266377
726,2226.252542963478,1054.5626992477921,0.6342428519411232,-0.1571722564893514,0.08385461051662961,49,0.0,0.03821557846549786,5.033575936494231,-1.7546915619014745,2226.252542963478,1054.5626992477921,1186.0010642068894,0.0,0.0,78.80793885657707,-49.273478837685964,98.82248599813302,117.03337606168174,116.73164861238709,102.96270762253278,93.8342324174649,110.17167227365735,118.82434698294011,99.47038152525735,90.12526610990967,114.7504224672899,90.28001740747297,32.99450672816249
727,234.9476675392927,1055.8008536690077,0.9605289954229428,-0.6316584631024429,-0.6765638402487907,49,0.0,0.024329006634168655,2.2893256037069465,-0.8992689135744454,234.9476675392927,1055.8008536690077,2777.528651660543,0.0,223.71667448152806,80.0795493521532,-49.270370914168254,298.0702369254915,543.6744223098228,260.9557609233302,236.38832216882133,169.83984583170206,236.31734892324067,109.22985508636276,275.866495828588,225.5978187601301,188.66906939090273,133.37698969496353,99.54248581718704
728,1417.7356181852888,1056.439853984123,0.4686152296598746,-0.19867527816105587,-0.19587633437496701,49,0.0,0.03809686443453779,6.078870477072128,-1.9595572248486157,1417.7356181852888,1056.439853984123,1422.6060738398548,0.0,0.0,79.32426799799283,-49.27332697236708,113.02139094163041,145.7559781837336,109.64514607317396,116.1519449780541,130.02615229829655,124.4411703153173,133.05480928720192,124.95035849904808,133.89221770571078,129.96902906414593,109.44178018046352,52.256096313078785
729,1069.2961944011545,1056.8764468882493,0.6079180428447002,-0.18575159051029858,-0.2285091877716246,49,0.0,1.5890417561610428,230.05412999455532,-5.904575085609793,1069.2961944011545,1056.8764468882493,25538.079348232088,0.0,0.0,79.54678091576707,-49.272707299349285,2086.6522488835444,2263.200240616094,2199.157464914886,2258.6678037854467,2212.583126210818,2338.711261435941,2404.747918631575,2302.417069038801,2305.7938213213156,2252.059073131869,2289.442970571432,624.64634969037
730,207.1896182184213,1058.5776744530242,0.2659720918020686,-0.8808410899836834,-0.4745428237578956,49,0.0,0.023182819380922343,6.977246470738642,-2.10921016168002,207.1896182184213,1058.5776744530242,2067.807980508768,0.0,54.41060272566901,80.09725111729557,-49.269079330390376,0.0,255.5179875801096,125.64081977357941,136.94999272054136,140.0094839480089,145.1085415301631,108.96025358968572,150.55376207542088,280.9024255532769,322.59070407639774,314.632907729825,86.94110193176
731,1737.252870059647,1058.325225241146,0.6602013183895652,-0.35111839565497405,-0.20237685940403233,49,0.0,0.015274356378907178,1.5431836905599114,-0.471044061833766,1737.252870059647,1058.325225241146,1007.7482841327611,0.0,0.0,79.1202217228882,-49.27256728454169,101.09017744321133,102.70813228187258,77.44742924290121,73.4480404164093,89.47641715426575,101.38122975967913,97.21202824362126,89.44847279877847,79.90040101823689,72.1277808288338,101.13979688785899,22.368378057092425
732,2750.627444959085,1058.1386965833894,0.43868744004873944,0.2189201008400145,-0.4351179112522875,49,0.0,0.012783157643017266,1.6509776209538434,-0.5443529660732059,2750.627444959085,1058.1386965833894,1033.6890247561175,0.0,0.0,78.47311676126861,-49.270350403722524,86.50044981349355,75.2375040438126,88.61215956026518,85.00136783960313,99.52508939035015,101.15535142902849,72.21545840712179,101.775214618691,95.4992820213067,84.57353268645966,105.46630417240496,38.127310773580355
733,213.68112466961568,1059.0043630209348,0.8452567127234479,-0.22499026492078547,-0.5300037265005072,49,0.0,0.05714208866361904,6.691642025033008,-2.063831749916285,213.68112466961568,1059.0043630209348,2378.0153345484523,0.0,67.64855689151706,80.09310344577354,-49.26893331737937,31.767965221641255,384.42193282876485,172.8661775110129,250.22511239095527,190.1588150979595,190.20315944209557,381.1347400507766,192.35185048486252,143.4261654193501,132.12571417426796,255.37860978761591,53.95509213915014
734,349.7098345790803,1060.0309448878768,0.35636338197983225,0.07179196704569414,-0.6246582595248857,49,0.0,0.01404774248969086,1.939996517977736,-0.7195023760827659,349.7098345790803,1060.0309448878768,1192.2612552738215,0.0,339.7861495612019,80.0062474904185,-49.26913684286913,102.50447998266412,106.57335650106057,91.10805941402393,107.42992666730134,100.47628024215638,93.32160960606839,106.8759171378538,108.67249662960326,118.04077261596913,104.63611164202595,117.51174328798419,35.11050154711047
735,975.8968839835496,1060.607234213711,0.644308549694452,0.25553497751335497,0.1911215419470425,49,0.0,0.011559250078258509,1.2898335745674152,-0.2763341937524605,975.8968839835496,1060.607234213711,860.5653748919658,0.0,0.0,79.6064117102588,-49.270962910508935,82.89495106331631,73.83157772234412,89.76599857186812,66.86028849938818,78.63418301023356,78.47740252876667,66.99729682535022,71.56332569864418,70.10906549642591,81.07167414937017,68.40509551198745,31.95451581427094
736,307.33926211640505,1061.844921510792,0.6415069629629128,0.30639350414141625,-0.2595656246014018,49,0.0,0.0179673217735266,1.887548684698889,-0.6897454050224763,307.33926211640505,1061.844921510792,1211.6510083987268,0.0,1038.9379322695268,80.03328702920291,-49.26819147672377,89.33462262013472,115.7749639492153,105.4553759294129,103.21661509374135,123.13539822755861,88.52941643843856,108.90878113829754,130.87913836577235,104.14275987487196,98.39865265285655,118.54768286285127,25.32760124557567
737,742.4839217772611,1061.2889343374113,0.4066800027775187,-0.3052761040537169,-0.3100204814285109,49,0.0,0.03127257698778705,5.150344434590477,-1.7795906847583411,742.4839217772611,1061.2889343374113,1336.1402647531302,0.0,0.0,79.75545364511053,-49.27006999020797,112.01949327078108,114.47719286906636,124.36514473433516,116.02024378577082,111.93896475519264,110.9474321190332,113.40644591606602,125.04795206273309,133.44349017166812,116.13036646279043,129.9173825380335,28.42615606765972
738,2269.9831938689144,1061.946270447211,0.6315636309757302,0.06254929555023829,-0.12158010641353573,49,0.0,0.049158774644437214,6.975998063017013,-2.109015878341545,2269.9831938689144,1061.946270447211,1391.8146575562178,0.0,0.0,78.78003947715989,-49.27030281183213,101.24750563415385,123.71543583189604,132.9108774076943,104.79833241746257,131.43751872868376,112.15483024635971,114.25132421599832,119.31140030001261,134.04346453523104,124.22537627161321,150.16730073161642,43.55129123549571
739,2483.838811854284,1064.1044767931455,0.5250146062016968,-0.2813099241864075,-0.14568276879014394,49,0.0,0.02668200574344957,3.752214905888454,-1.4357192609471063,2483.838811854284,1064.1044767931455,1105.3557566773486,36.38854973430323,0.0,78.64349535285933,-49.26881933807588,85.79594055321283,80.29294443125906,104.75377846046686,82.20142194090701,105.48765787907105,92.36007626202951,104.5354190736403,87.08093017676572,107.1594863037923,109.14368703714374,111.19256971966664,35.35184483939367
740,1244.7056500977571,1065.4073039393252,0.23003675476558028,-0.2969026666034926,-0.523028212444069,49,0.0,0.01915054163636506,3.4690060478058413,-1.3505126424607383,1244.7056500977571,1065.4073039393252,1291.6494222135182,0.0,0.0,79.43474901570592,-49.2694266406916,110.61912556318265,110.98211042907775,108.67259283090962,110.62056310543221,105.26999626932594,106.96918896837917,125.14670987002911,125.44635786742062,112.04900287471101,115.38816488578343,122.9277717325586,37.55783781670806
741,1806.816194286335,1064.9669472553187,0.6642198927379436,-0.10344712467212425,0.10506234295012215,49,0.0,0.012544627154816258,1.3071151395557539,-0.29078461216345264,1806.816194286335,1064.9669472553187,858.5767218857717,0.0,0.0,79.07580591082323,-49.26975795574532,50.90248573980675,67.81194962741415,78.06107173745445,68.54530742024286,81.56860447754441,73.03904275496515,59.84563488758437,78.41425269006004,91.46946639536532,83.21408219426831,103.17673116990261,22.52809279116323
742,2957.8708471739014,1068.378626236835,0.5150196404440126,0.009787475880147846,-0.1768842999352129,49,0.0,0.017060824780829046,2.2080718687521714,-0.8600330119709529,2957.8708471739014,1068.378626236835,1098.2220330475284,0.0,444.86087387005887,78.34087090187117,-49.26517004746055,92.76427464044536,104.52356242186002,112.68966656438772,90.13125737679374,88.4363678549422,82.51201101505649,83.86635759919245,100.79052384114217,111.09232728277264,107.38427518261244,92.56087573349166,31.47053353483163
743,225.03580413615043,1069.0184791306745,0.8444166328733874,0.3995567087008931,-0.957814243318911,49,0.0,0.04210754426255201,4.767589696567621,-1.6957471813312475,225.03580413615043,1069.0184791306745,4871.233436265556,0.0,96.45218346112563,80.08578005430914,-49.26481649990444,254.0128041041341,210.17984926736062,770.307432806755,155.1747128899139,354.8985479045284,197.6308967168921,496.7091456575941,201.85702906937013,137.02945337458434,1799.4108486317157,242.48689586626395,51.535819976443605
744,404.5066058678214,1069.1080343935103,0.5752528137387122,-0.49636667484401453,-0.3940662727762805,49,0.0,0.015689530966530817,1.8537473768634107,-0.6701263737262249,404.5066058678214,1069.1080343935103,1118.7157122237281,0.0,0.0,79.9712027785898,-49.26559099698851,101.60179632400438,103.81204911111945,91.0888706394733,96.58554493254353,86.83317874635223,82.53501321569564,117.84684808333392,114.35462748428498,81.18404487550345,105.41454011041453,103.63002602595293,33.82917267504975
745,1077.1756024722113,1068.7527291384113,0.5401249588669219,-0.2780797954621015,-0.619495345442853,49,0.0,0.020697281891809024,2.69227139314824,-1.0752970915227413,1077.1756024722113,1068.7527291384113,1606.287005767084,0.0,0.0,79.54171580868498,-49.2677736289534,143.5291424183981,134.11868997800198,137.53060968289088,138.0181781968313,146.02327645751043,145.69395728291096,150.0121909577681,147.00901056441603,108.59284737890817,136.47484477723697,177.2060511327025,42.07820693950852
746,1758.8067100062096,1069.559956627596,0.8454693096146298,-0.0125807683381344,-0.3250466023020818,49,0.0,0.022093178065351056,2.132577862003965,-0.8222622413589935,1758.8067100062096,1069.559956627596,1357.361765441603,0.0,0.0,79.10646697466177,-49.26787503411126,110.57593296449076,112.6010378465568,118.13215649923677,128.24179059993634,122.05889611942577,125.15691610355877,112.31459132492112,126.63672826581643,126.54087382880415,112.47336020711492,122.01755958014338,40.61192210159761
747,472.6512488555031,1070.4619347683886,0.48579198092884956,-0.866568116318645,-0.7383860634245791,49,0.0,0.02344343651839019,3.220156969739235,-1.2696926058156757,472.6512488555031,1070.4619347683886,1290.5930838969691,0.0,0.0,79.92768845152501,-49.26530549399373,110.54816888894534,118.25014842078618,118.07513195449124,102.59621608966206,119.69609826712059,109.65759582915015,110.07556797832547,119.64041003777453,136.135331186114,92.02138787916337,112.2297960582989,41.66723130713728
748,1764.6143965327524,1070.4850237241008,0.5189006850277142,-0.3587024948306027,-0.19382230534659076,49,0.0,0.023177318593799345,2.9696812184513477,-1.181774580786326,1764.6143965327524,1070.4850237241008,1351.3889834821123,0.0,0.0,79.10275934768137,-49.267486301400744,115.15263166251053,123.74340691016273,125.37525226450589,122.15585118955846,119.95498424816223,127.7270701018625,113.09389363932719,118.78713352926661,107.10621279965724,117.16795791119145,124.55720589293604,36.56738333297138
749,3002.0050991121548,1070.9905120884082,0.4811777487796013,-0.9987436908050871,-0.5896177130147265,49,0.0,0.023068894919708816,3.028753506152644,-1.2031598247370923,3002.0050991121548,1070.9905120884082,1274.8451524455004,0.0,1082.1803858239587,78.31271535324767,-49.263867729570364,105.01680363514075,89.86491104128783,97.14211150234465,113.5296866658988,96.57723152979088,121.1434635589359,118.25559257180319,120.82391752730621,123.14616664753501,122.12020463690584,129.78502670057628,37.44003642797524
750,483.0038726239319,1072.2582927310698,0.6801537165875625,-0.37693199668036337,-0.5157533525431137,49,0.0,0.016990974329822196,1.6723553765632384,-0.5583214268974179,483.0038726239319,1072.2582927310698,1165.494666173533,0.0,0.0,79.92106815868493,-49.26459797109753,95.52181768871826,113.67496745593535,88.61719731825305,100.56597100315322,128.45106801287403,94.56438434930783,111.38692613644676,97.79603748751626,101.86720749591616,96.54352810355755,106.64045004021906,29.865111081635533
751,2263.7249039494595,1071.7796738432733,0.5565355178771,-0.06930280028779863,-0.2235565102548576,49,0.0,0.04256242115383886,6.399179089871997,-2.015310661676363,2263.7249039494595,1071.7796738432733,1367.74578131506,0.0,0.0,78.78407074854528,-49.26622040856351,90.71253805141754,113.05021027960001,123.8839684411246,113.21803521883974,119.17257833045986,115.36099819941272,117.20390714697983,116.40816260216576,128.91402814671275,136.18050618149243,143.1083713596597,50.532477357195134
752,2371.388663370905,1072.696551272392,0.4700353325127146,0.36836033306967564,-0.4287662800626315,49,0.0,0.011786889621822536,1.3278898680677276,-0.30790514301325894,2371.388663370905,1072.696551272392,959.4996698168927,0.0,0.0,78.71533233920681,-49.26556676909519,88.26901971218753,91.83237336115351,83.01829388323773,89.09168230016883,81.67488843012706,88.95612919954188,61.16159236649471,80.97121170660792,123.41198766719305,69.74842764958456,76.18676130569807,25.1773022348978
753,341.0626938021357,1073.5530332932676,0.4667450689753575,-0.2396341490187902,-0.24828173884603283,49,0.0,0.016855627819733304,2.0908845022537457,-0.8008251090417495,341.0626938021357,1073.5530332932676,1236.7015726418163,0.0,394.711833834171,80.01167690364633,-49.26346508902172,100.33965408981592,113.84997296090697,107.08290422497132,102.31474744744446,112.44286134314734,103.78084731843866,107.05771997746413,107.90795036967492,123.44897160054758,110.87531223033857,101.58758096660827,46.01305011245839
754,2103.926321258188,1072.9400866072663,0.5216673701835557,-0.12445831203886433,-0.181070625985969,49,0.0,18.496030637035208,2669.5397903206563,-8.566090996341165,2103.926321258188,1072.9400866072663,435754.2252012206,0.0,0.0,78.88610583528127,-49.26606489401993,36069.55971419801,38176.08274317824,37832.7830073916,38412.11207508873,39222.33005851959,39056.70758093451,38921.764260441334,39490.7799368753,39385.241880182904,39222.75523715513,38907.55067456981,11056.55803268557
755,539.573542000956,1073.376310547203,0.3210911786708095,-0.481220885614425,-0.6776334724800986,49,0.0,0.01153540884836811,1.7970508133961558,-0.6364008934757698,539.573542000956,1073.376310547203,1128.8570777027712,0.0,0.0,79.88494578782513,-49.26434894450555,95.47091629806903,110.34914394915316,117.30188011777602,98.02257128486903,78.28053520238004,86.60818662312349,96.70704438568751,100.78431378703661,87.32092499442669,117.59814102715498,94.62286170835013,45.79055832474432
756,1266.525852475559,1075.7100097541972,0.7931309166298596,-0.3725429022051776,-0.2590443516545451,49,0.0,0.06410187008893603,7.444605538552121,-2.179604227695754,1266.525852475559,1075.7100097541972,1483.654527211599,0.0,0.0,79.42079711473099,-49.265160421458894,118.0450628729203,125.9953048727009,132.94474710668072,120.56161627052074,132.2272578287255,120.30302335704882,151.5375818282368,150.65321514836745,115.46761678653286,139.04365351951168,127.27215766471879,49.603289955634395
757,215.51986247163327,1076.433011777319,0.6869049448811236,0.466143049013894,0.8661617663532424,49,0.0,0.01775922649857981,1.971604484329116,-0.7370494931695579,215.51986247163327,1076.433011777319,4541.577578635583,0.0,86.92146772917233,80.09179980279525,-49.26168131730285,166.80219591989137,248.0863200243711,574.2952366704228,208.63304787334147,94.5444465556896,83.67629618584539,365.73207427218927,140.44853332486608,267.056071205104,1923.8859835360017,265.7205555755511,202.69681749230926
758,1076.6775278337902,1076.663824665816,0.727642322567735,0.0009164173365831794,-0.24670090397302996,49,0.0,0.021575322508575155,2.439382041749453,-0.9681995557559988,1076.6775278337902,1076.663824665816,1282.640190651122,0.0,0.0,79.54201157149984,-49.264476526062396,115.47337485199189,114.60397078454328,122.562973522538,104.28069036759416,95.24063928700154,129.46435686900537,112.80921963281223,105.32985804108534,107.41374955675053,108.88781378670751,135.09402665229885,31.479517298793308
759,1091.0025422345168,1077.3565532589632,0.8292868026738031,-0.17448088944393847,-0.21913431625949656,49,0.0,0.011690230171602763,1.0394430846806388,-0.04200178566981052,1091.0025422345168,1077.3565532589632,871.5373716799913,0.0,0.0,79.53286339395005,-49.26421393736547,72.88407061528528,81.33782873434797,70.64340804342717,64.92729978542219,79.25638056062866,92.24219119285141,93.08071637023858,74.81997544203767,76.87678492714679,72.64201116795795,76.53330424900022,16.29340059164737
760,2347.965576822279,1077.71320588159,0.3829033475517584,0.2402177266103345,0.004057526765706741,49,0.0,0.009849270391413617,1.2975971619049298,-0.28284971745597265,2347.965576822279,1077.71320588159,890.7628952517505,0.0,0.0,78.7303076610467,-49.26353916360163,77.19421561770943,74.98622270549706,84.3886866245443,40.98912782366758,86.82721792904833,90.73193293733917,85.39103867614362,82.84099440567329,67.50539109795085,79.00919538321008,90.28425148250977,30.614620568457035
761,1055.34948989812,1078.07463404966,0.6490382140109271,-0.06188015109224852,-0.6093075031914512,49,0.0,0.010701700399808585,1.1534556820045538,-0.15500228186185053,1055.34948989812,1078.07463404966,1010.6627333380094,0.0,0.0,79.55562500061677,-49.263848601354724,85.21212835421164,95.96378551511911,81.7472989711759,90.45164353475582,90.68413776135995,88.89718965762687,88.16714398379204,89.78945367764541,89.89155388675779,99.0588101741524,81.77480975902631,29.024778062386208
762,2187.7534085560424,1077.6771444565459,0.43383877651769204,-0.25446912071178174,-0.1891053717311124,49,0.0,0.01578181173805653,2.3267086880301444,-0.9168550288004528,2187.7534085560424,1077.6771444565459,995.4813734642821,0.0,0.0,78.8325971270465,-49.26393034684171,96.53196696364344,88.97312776594184,88.32289903672729,87.85841584301,86.66512638552736,82.28396462413383,96.6592949201917,82.64288295638912,83.95179863173453,96.4837022482806,83.94961473575194,21.15857935295052
763,2129.3514872141513,1078.435125880328,0.33286551404817555,0.2756933590711058,0.1285706250361985,49,0.0,0.012753390694499326,1.0002925444313957,-0.000317579629855176,2129.3514872141513,1078.435125880328,2764.489860936497,0.0,0.0,78.86988740107944,-49.263729194593985,241.0316655849106,241.68598992410477,224.37739719539206,242.86130045563954,249.7419399697996,256.99537054966544,245.3610741821821,232.53289531527696,232.43288910817512,256.3168749571939,250.6939284453478,90.45853524880872
764,498.4866144377798,1080.4991939047643,0.8173470938392191,0.16199729690700287,-0.5698128646541246,49,0.0,0.018742096873340237,1.7457460177347186,-0.6049526500852133,498.4866144377798,1080.4991939047643,2833.857768713694,0.0,0.0,79.91113470920195,-49.261225018628004,237.22250435311088,241.56813454736124,251.39330446983467,235.14565950862072,252.84038986190404,256.64495798517,243.20703248742942,242.2571957664893,279.9775900133789,241.86372154852018,268.2277876263063,83.50949054556827
765,215.27409783187738,1081.7332200179924,0.47488295817909393,-0.012477718490334244,-0.43414943047828064,49,0.0,0.015059101064714758,2.3418125614556597,-0.9238803280543719,215.27409783187738,1081.7332200179924,2260.612695375125,0.0,85.53818000785861,80.09191724316844,-49.25947199360647,186.17530972219717,214.52641852145342,328.89665515124796,255.56438319585203,27.898989648742095,106.04574808455008,170.66264910888611,205.09031195176473,333.8768626902444,176.6851089906953,126.69259483377775,128.4976634757139
766,536.335184572498,1080.6762324186022,0.5277100730075619,0.08784005148208295,-0.3908498943858426,49,0.0,0.016862190228097304,2.146382524967382,-0.8292678095432188,536.335184572498,1080.6762324186022,1139.9436800704552,0.0,0.0,79.88697152015979,-49.26129546206183,93.35423864494797,112.1305673226974,107.83145961126854,107.58599549981278,93.78289672765855,93.06232385773869,101.55284017672946,88.50820730347861,84.09169044799611,118.88006399649416,97.28031604794177,41.883080433690914
767,253.34901386408282,1083.0676017884407,0.9458688222135515,-0.17199842761418818,-0.23698040580677657,49,0.0,0.04766556595123323,5.091072117218478,-1.767023122620945,253.34901386408282,1083.0676017884407,2622.847374073619,0.0,467.33513593181175,80.06760325684274,-49.25909903670429,78.6098632506533,173.02237513487208,141.2070679532082,249.55011071891522,297.50509483240506,353.13731278608884,291.8318501142518,268.8402724569644,203.6917078499924,236.7558377598898,276.51671562762255,52.17916558875576
768,744.0315245985754,1082.4187354271382,0.7606298632492341,-0.14515787614249073,-0.19220907676342439,49,0.0,0.010408024915844832,1.0943830197561086,-0.09792336498927738,744.0315245985754,1082.4187354271382,753.0850258681452,0.0,0.0,79.7543682051253,-49.26127110445137,59.434793430420605,70.3355206173906,60.685347223860255,66.93395645303198,62.298194425885725,66.74121956723785,55.42188549316069,65.38518257256561,83.7466229581643,84.68882520768011,60.04433697127283,17.36914094747464
769,886.4048691177383,1081.8148289622734,0.6254253492652015,-0.685954780321616,-0.300116703824938,49,0.0,0.013238227535149872,1.5525051541876567,-0.4775826266811939,886.4048691177383,1081.8148289622734,855.0087502988629,0.0,0.0,79.66347590332347,-49.261916026992594,72.50097433618404,73.47069404092292,70.12686321738471,88.71166620544489,73.03944119351165,81.78673848816027,71.14411676090145,73.50411682811358,67.30380786422771,87.60440310063392,76.87225978641787,18.943668476959857
770,2450.3183242714717,1081.5053560975446,0.6472985336178764,-0.2824928945329355,-0.03709865797816343,49,0.0,0.13800580907507837,18.792033986347082,-3.1849344730346725,2450.3183242714717,1081.5053560975446,2788.1225597298135,2.0,0.0,78.66497806177767,-49.261671615127234,240.6662731928227,231.58508905416022,277.1782262681973,261.0958099265825,258.31274113782206,247.9516166090275,235.4327885695431,252.34636608772746,260.8408626029192,223.5576485717444,236.68944359501847,62.465694114248336
771,2064.8106917604423,1083.9715243146256,0.30841458841545194,0.006875211309951562,-0.3242288270368208,49,0.0,0.008852652903169757,1.1309052045657249,-0.13356550687725585,2064.8106917604423,1083.9715243146256,986.5754255887393,0.0,0.0,78.91110891520093,-49.261535183028656,75.40725538857743,90.05448673840259,91.80541352913556,105.8067020039899,94.3689072101709,81.2624311404164,90.60912357826547,72.23281169627546,80.61009985302962,78.1139710157849,97.03603320955787,29.268190225133196
772,577.4613453581169,1085.3510552385458,0.3252770619172137,-0.34570793520302584,-0.4733395798931384,49,0.0,0.01140047542999773,1.8398716690080175,-0.661968830098117,577.4613453581169,1085.3510552385458,961.3823259303741,0.0,0.0,79.86069103035206,-49.25949875220599,87.44083118383432,89.19572623025806,89.30523121561018,90.87270401726148,78.55000902561113,97.31825158642002,77.08206316748667,75.48723580121191,72.95826098659245,82.71544604699508,94.2289567715034,26.227609897589378
773,1744.067679060341,1084.6789647527814,0.4535557471938369,-0.27369823039316765,-0.4124651283865605,49,0.0,0.011608096336841827,1.4705884836055974,-0.41872790156291295,1744.067679060341,1084.6789647527814,981.8787298344853,0.0,0.0,79.11589011078564,-49.26158337474091,85.83062900343668,91.12758616420055,99.8594348078243,66.24582888784471,88.6317513656591,101.63003037958259,82.77356272089062,78.47756610267098,85.19513279174963,92.41252350156881,88.07384733872689,21.620836770330445
774,2626.25114178122,1084.9752344891672,0.5782649843494791,0.24105978574159992,0.05129656974069443,49,0.0,0.02153535833589126,2.5645588703055413,-1.0225316822277613,2626.25114178122,1084.9752344891672,1184.3098372275692,0.0,0.0,78.55268019228986,-49.25964555780673,94.72642048493341,102.73039376675843,102.2457806426713,102.58394295279831,114.61272939914454,106.19362159039039,117.62583790587188,104.50811850589767,91.4968398561763,111.31403228301178,103.65814220185354,32.613977638061684
775,205.29505805248198,1085.8237152529557,0.7319429037789807,-0.039503859062949585,0.3111927689463682,49,0.0,0.02474117585087364,3.2087873755033307,-1.2658523507747688,205.29505805248198,1085.8237152529557,2103.516661255418,0.0,72.6484683110334,80.09825644457747,-49.25771905358278,180.06416662483076,271.29286063095435,69.28606270579368,145.13355325602063,190.76895911837198,204.2897980711156,166.60496498980842,193.8092879889751,255.35488880012122,283.0890766905503,143.82304237887604,0.0
776,235.23517067939474,1086.240003221468,0.5091497217467456,0.004453471618293032,-0.8501121506929565,49,0.0,0.027784254190569065,4.22056455103049,-1.5634263673322593,235.23517067939474,1086.240003221468,3548.798931472066,0.0,299.48036810970996,80.07914249359854,-49.25769096679317,247.13112986253608,391.8395425602471,375.3096916534919,268.7707989611765,462.03492878879314,271.7987550231989,302.22128164711415,302.1912878000918,237.22935267164894,418.7575635894963,198.2377363234953,73.27686259077672
777,491.72017119112155,1085.493357916863,0.4398669510597468,-0.3395862304581174,-0.5053412362119565,49,0.0,0.1508710502385022,24.47609878662893,-3.4718554934002324,491.72017119112155,1085.493357916863,4337.009771438049,0.0,0.0,79.91542456774715,-49.25911799363961,354.57795200533076,375.8482261126884,351.53215882674283,388.6049921484754,393.97230666624114,395.271585437249,378.02439858880246,383.5303912121601,419.4291652935317,374.6980255856598,410.46863989819997,111.05192966296784
778,622.7616468762393,1087.0925886213593,0.43957077021891955,-0.2935622079466318,-0.35016520114241206,49,0.0,0.008767456728828543,1.1867711094606803,-0.1859174134696836,622.7616468762393,1087.0925886213593,812.7136831962604,0.0,0.0,79.83176315127469,-49.258932573913505,67.64043128069589,70.54874738890032,69.47763923330189,75.18608668916598,62.22649371813242,71.13702725499812,65.4274915304434,90.46238996598859,70.86488952613837,68.35164672693324,73.4129994897904,27.977840391771757
779,1109.98304717891,1090.108981278002,0.860196098140034,-0.2703953556575588,-0.30027977252106547,49,0.0,0.019880799985268826,2.03183818101672,-0.7697227926296992,1109.98304717891,1090.108981278002,866.165722430685,0.0,0.0,79.52071109527509,-49.25893396943871,75.39348381367246,89.92435297303379,63.803945856085136,78.60970996323229,67.33335415308584,75.67976542474882,69.3419175337174,64.61734639521151,84.74300055599906,82.32218766545627,91.68938989026967,22.707268206172763
780,243.51198467740394,1092.3815257538388,0.9632426141519749,0.3831149194492156,-0.8210926689224685,49,0.0,0.043675884536484175,4.0690682250213825,-1.5237374290457932,243.51198467740394,1092.3815257538388,2899.222645976535,0.0,432.71732312790766,80.07381458657704,-49.25517194932225,198.38986232832917,243.92696931557936,290.8884508043992,236.3494937273298,247.51292905415755,310.02027547920966,259.0755134043686,352.8494592476494,293.6805150963973,276.9006044355772,178.94371603442107,10.684857049117149
781,604.35653849537,1091.4992249450759,0.5030707236695854,-0.3865940142798015,-0.5733678527037559,49,0.0,0.04038833593647531,5.855096883372834,-1.9188352141768457,604.35653849537,1091.4992249450759,1454.4420905503948,0.0,0.0,79.8434888590355,-49.25703271966943,150.64926947690225,118.85090015264025,140.05813836285174,113.63975980888202,117.62910123257852,155.4999988858797,121.23291987725042,122.7919938072545,124.91648203952977,129.23992321713646,124.34478340616474,35.58882028332444
782,2137.6514933218696,1092.419981392783,0.29860030972753293,-0.09754076550643523,-0.0709203572722729,49,0.0,0.019468171517564865,3.2756468335685778,-1.2882426795308115,2137.6514933218696,1092.419981392783,1276.9462782200221,0.0,0.0,78.8646284384827,-49.257886793051064,129.19431732181488,98.61890747814658,114.9090526105262,113.72935620898866,102.89395286899223,122.63237061953853,111.20096393320709,124.6100250353449,100.37516531221699,105.42518319900056,117.5815814676957,35.77540216454983
783,2815.6946472050267,1091.7686166136373,0.5448630959553339,-0.16749178216121025,-0.3372921736595726,49,0.0,0.30231270292914925,44.53957017660104,-4.121865054037871,2815.6946472050267,1091.7686166136373,6570.981097736581,0.0,0.0,78.43179139289616,-49.256068642751046,546.8505961948728,582.3310471470401,561.8954963520389,580.7913968522074,591.8319115059267,587.2943733674415,554.3723654302383,558.3527946853334,581.6887074325307,616.5132492235091,627.6949135781655,181.3642459672772
784,2241.0716477413885,1093.4044452246912,0.46936342595097147,0.06236585763771468,-0.11032634519272914,49,0.0,0.01785310701149532,2.4312421647549605,-0.9645705476418936,2241.0716477413885,1093.4044452246912,1309.4646617783565,0.0,0.0,78.79860921218757,-49.25726240314424,121.72562441468665,103.60386999794886,110.43782400476798,115.16917441002659,101.97505028346418,107.21338940619272,117.3986256578372,106.89795853240668,123.27213688965463,118.63856248697238,149.6319562027504,33.50048949164825
785,1725.88157997138,1093.7558125824805,0.6096461010274274,-0.010936718959997808,-0.1986675633377135,49,0.0,0.03474085501488421,4.717426111694535,-1.6842627665096752,1725.88157997138,1093.7558125824805,1205.2386211565151,0.0,0.0,79.12750731956602,-49.25781001422056,97.37858496932834,104.28200597946525,107.52538769264041,90.58280208057671,102.81460508865538,87.92768607171669,111.764301855779,108.94996271928017,97.18621049024017,121.83371596868412,138.76520250893947,36.22815573120954
786,469.49225170326713,1094.6519153465272,0.23260412687151885,-0.6524720471728488,-0.35122135087905837,49,0.0,0.007296174276446548,1.2241017780972436,-0.21954382195111094,469.49225170326713,1094.6519153465272,856.1578447405773,0.0,0.0,79.92955828289044,-49.255214723419535,57.955885235171614,77.08769685794519,66.8475976327872,75.3756251068049,69.67209850384084,92.06891479195974,93.46108081779893,67.44469351222722,75.37674561645969,73.95599224024514,81.641149545784,25.270364879552883
787,1289.0193843330771,1096.3469515502197,0.7259724075097005,-0.25118111994657655,-0.2031142134028331,49,0.0,0.05633308456949864,6.956518160004865,-2.105979807985168,1289.0193843330771,1096.3469515502197,1414.0061965479472,0.0,0.0,79.4064004292876,-49.25658740873771,117.47928018156216,111.44514588883527,112.65785561079286,138.59600482607908,132.52033235142352,113.57499026533618,137.73389132237634,133.90238092476548,154.19305142348568,108.62471863291725,125.7028878325907,27.57565728778266
788,245.15005838879722,1097.533454179417,0.2053044573080951,-0.6647640455342175,-0.01059154438936787,49,0.0,0.012427410833421762,2.109482716092757,-0.8104399284233433,245.15005838879722,1097.533454179417,2496.1937083808753,0.0,467.288186027139,80.07273154217404,-49.25303339801562,221.0997821996858,165.31414907298225,296.4085066860566,150.85751813977848,222.74498347942261,245.5691965092161,230.7172520753916,424.22351851128525,191.17026348447496,121.5534625402336,212.93427072279468,13.60080495955353
789,364.7159187711078,1097.6468517701508,0.30135195207743876,0.2577314199096855,-0.1612801151958753,49,0.0,0.014177316159675678,1.9153829477354793,-0.7056390416645454,364.7159187711078,1097.6468517701508,1389.4031107314377,0.0,0.0,79.99641678690361,-49.253530900945144,122.19681271110247,131.5186715116141,124.82731335436479,110.44264919064314,125.09762791281871,146.9951334533277,136.74873867684568,122.03794032745742,110.20295999392866,107.54210129239243,117.84070768086944,33.952454626073205
790,870.8949190765321,1098.7710119641374,0.4462640993401526,-0.2137660075828762,-0.7349402456821426,49,0.0,0.007924433582270272,1.0044733309782905,-0.004846026521719864,870.8949190765321,1098.7710119641374,792.0995857863214,0.0,0.0,79.67331154098139,-49.25481189451216,75.60991000271176,50.15629802763847,81.90883747928532,69.25907216512732,79.34763191417547,67.5798316502631,63.18635906323027,68.50683103602782,73.73580937316441,74.26507529705191,67.2600082055133,21.283921572132314
791,1591.275375036407,1098.1084650762045,0.6309045945826738,-0.11030806440964953,-0.28069268893121324,49,0.0,0.15021313553397367,21.09451557541693,-3.310423891213572,1591.275375036407,1098.1084650762045,2859.74000018211,0.0,0.0,79.21344133853009,-49.25602393235739,238.45758487264146,225.58151745385447,280.9931854824882,259.95013389541833,245.40700193648206,221.79184781110914,253.58705956024835,239.80397006108956,276.6530614282489,275.8641924343967,269.1469577121993,72.50348753393344
792,895.1198686357953,1099.541787352232,0.5433783048354368,0.02481829472556701,-0.39015525558762704,49,0.0,0.011549159509439817,1.2925865093778564,-0.27864904728373074,895.1198686357953,1099.541787352232,849.7695413541934,0.0,0.0,79.65784475041258,-49.25455188280644,71.36249917502099,74.47423776235848,72.90808290438287,92.4374957283298,74.19614124729891,73.24660255652657,66.37335970188546,78.5997367451518,67.05569939203598,76.13281060777922,81.08335824933488,21.899517284088468
793,2219.36545973234,1098.6666695976573,0.21036726045414628,0.06924339343915892,-0.2187705999462163,49,0.0,0.009814499458291487,1.968048281560675,-0.7350893716180967,2219.36545973234,1098.6666695976573,908.0092879859619,0.0,0.0,78.81248356738027,-49.255117969291746,69.11722566475326,87.20256012679144,79.52563108027776,73.75972029168852,63.09383662991837,105.94288489818803,77.2442500520916,88.34634513437837,79.01851328796445,79.89305348635,85.75064197383122,19.114625359728862
794,2233.1407495913277,1098.8501824338846,0.6012955283127949,-0.1834019401703913,-0.2724872331988018,49,0.0,0.07647922125581195,11.028429866774129,-2.606284214297418,2233.1407495913277,1098.8501824338846,2059.5565859874014,0.0,0.0,78.8036906643708,-49.25501119135429,171.2826894308401,181.10098143611006,183.84730688914817,171.55386393345032,169.12454018191872,187.34422424554788,174.59347208128412,199.41371122251485,203.26349967322912,169.93022334003038,194.03392369520037,54.06814985812737
795,2425.164144449116,1098.964652280247,0.612644472556005,-0.13477287690341022,-0.19927300633941808,49,0.0,0.23675074268633184,34.29238214477235,-3.8379941368465564,2425.164144449116,1098.964652280247,4201.182585792245,0.0,0.0,78.68111441286172,-49.254471401092175,352.3289227536567,386.69007379982145,356.17960870428396,336.23166393517226,383.865242408737,385.1813147866052,408.60694356486823,381.47123525202835,364.60378754416007,384.9372311637055,364.1172454004104,96.96931647879538
796,228.9032087042969,1102.8250258647836,0.6851097013754841,0.16392323910417078,0.24410315722863987,49,0.0,0.025705169858317833,3.0565831891403676,-1.2130905505295857,228.9032087042969,1102.8250258647836,2820.018171112795,0.0,280.3305760953004,80.08306203254523,-49.250750962660135,346.30706646583724,210.21996904342683,446.2057395387036,401.0747740195961,197.44630824461666,180.82123176853014,146.4128784795466,141.96586128141422,225.65730100412733,173.2558658462529,215.58772771299482,135.06344770774842
797,2167.5260527392174,1103.7029331958845,0.6223370818726993,0.232711932954055,-0.1498564390249859,49,0.0,0.010918463190334253,1.217628507937283,-0.21378701884982867,2167.5260527392174,1103.7029331958845,822.5436918300644,0.0,0.0,78.84559102039057,-49.253127704506646,72.63143237925564,68.8524455869117,75.76755666399634,74.04418663860424,81.4453385605711,87.44680271634527,62.82360623325664,76.56222539356908,70.18355744859538,57.97397218711481,75.94637755059688,18.86619047124744
798,1084.8264616182325,1105.2932023518163,0.6976770686153106,-0.6226498439612922,-0.5906962768967635,49,0.0,0.010960582641613271,1.0825471491226626,-0.08611705161171723,1084.8264616182325,1105.2932023518163,960.2137991440917,0.0,0.0,79.53672930041776,-49.252562880020726,70.38746492918314,90.97726055804746,91.52590781055217,78.94093073132196,81.66859563332639,71.9759830155298,89.99774568876204,81.12865734614904,81.93066846872188,85.81686888722706,105.65063249168558,30.213083583585153
799,2588.643588522039,1105.1179389818706,0.5752287331337997,-0.24682734447833948,-0.27409482618314485,49,0.0,0.5056656093716527,76.06533082605935,-4.702966896141917,2588.643588522039,1105.1179389818706,8846.987740406603,0.0,0.0,78.57679499250628,-49.25138659015579,716.0351873907757,802.8816087526562,682.9091256014092,760.0067793757797,832.008125694831,810.993284027176,803.0255648331288,808.2560300059464,813.4438112270423,758.8436453800766,811.0581287611965,247.52644935658168
800,1512.6087432204674,1106.0261452835302,0.556445309630153,-0.14643032966283928,-0.23486440889152643,49,0.0,0.7853745750488509,120.15311807515616,-5.199337613989279,1512.6087432204674,1106.0261452835302,13718.417495597289,0.0,0.0,79.26365750585013,-49.25271150821176,1129.4785804787584,1187.9560894424417,1131.6960907540747,1242.6497300139897,1191.2292104087726,1202.0099443383622,1182.318260708324,1264.985833251773,1289.7892730900417,1221.575410278069,1296.8661058584582,377.8629669742221
801,1893.5820112134445,1105.7743045135105,0.5829566087147582,-0.05479071804126155,-0.2135131170220612,49,0.0,2.090151601639087,306.6351793706473,-6.216554946828369,1893.5820112134445,1105.7743045135105,35508.240805140085,0.0,0.0,79.02046479897965,-49.252678979576714,2839.9775082057795,3032.2632779906526,3045.1631663096464,3110.0837276399625,3188.848525720443,3255.109280944189,3284.74099387596,3152.1400363247258,3202.181532597794,3218.9578100468316,3230.4437660694257,948.3311794146642
802,1082.1965698020012,1108.8271304554312,0.5309814847883589,-0.5403024478072458,-0.31515422790854697,49,0.0,0.013506878802429711,1.988741746123581,-0.7464459755141288,1082.1965698020012,1108.8271304554312,904.2607020582586,0.0,0.0,79.53839819980627,-49.25108567186105,69.00298975746102,70.09121812080025,90.35570363769533,78.57033802824779,75.4033809596454,71.30774611664131,95.36465238478846,70.57159235451019,75.28777296945802,81.70401847697539,104.1369590534955,22.464330198539933
803,1692.3061038825592,1108.6963975373264,0.6572012253223276,-0.3642231218454857,-0.6117561793779214,49,0.0,0.012572249287490444,1.2970976185024858,-0.28243165490104083,1692.3061038825592,1108.6963975373264,894.5528603889456,0.0,0.0,79.14894966033174,-49.251597680955065,79.40564665271792,80.98501672650454,70.7936750404271,100.5187915806442,74.66884946062036,71.06639200912471,75.79532347826085,71.43054916629708,81.33399696743692,87.98554416593895,75.78975622736527,24.77931891360772
804,2473.2609915497806,1109.249366223308,0.672553005123509,0.609450864319082,0.08884739007307746,49,0.0,0.023862322062990448,2.8722238933535222,-1.1455457266851035,2473.2609915497806,1109.249366223308,1114.1217503360228,0.0,0.0,78.6504610855164,-49.250042797905735,93.19958158150203,107.74760054479071,92.27109593603879,101.5857092329074,90.09769003071021,96.98146129400651,101.34575661940647,106.18467404062181,93.81414575616179,87.52073335127905,112.12439816927147,31.24890377932661
805,1421.8409578408482,1112.2153173925813,0.7771286930165914,-0.22409479098406382,-0.08310360307120618,49,0.0,0.011226886897529022,1.065095402606824,-0.06847127523510545,1421.8409578408482,1112.2153173925813,834.8509997609062,0.0,0.0,79.32159274208725,-49.25009018060081,67.59605666980559,67.16549984233603,84.68825224430091,61.85601832268464,85.71755250022574,79.47322629758862,64.83068025585686,63.027627411060024,73.90143332596053,61.63303108891831,90.65739943430324,34.30422236786566
806,1337.7931480612096,1113.3767981146118,0.9953341125383575,-0.47795123462855216,0.32964686327130915,49,0.0,0.013989673248469796,1.1207778666472827,-0.12379886456326347,1337.7931480612096,1113.3767981146118,876.058038099827,0.0,0.0,79.37523961549864,-49.24954101394199,67.11032570438687,78.87209188833165,76.22864341849767,65.43852163654012,91.47863358723258,90.56070815087911,85.1465594173105,68.83767524761195,77.93491298487763,63.76462955973224,82.85305784067523,27.832278663751357
807,767.5068480456792,1116.7942963871733,0.556245288392857,-0.3207226386464636,-0.5166977478617155,49,0.0,10.613203966180496,1503.9895737694678,-7.9431120639268205,767.5068480456792,1116.7942963871733,232703.82839257875,0.0,0.0,79.73922735494372,-49.24701851808239,19286.650220417258,20246.269042838278,20222.563680685475,20415.160879344898,20981.29562838909,20838.103780822596,20954.879816508394,20837.03553854906,20989.696689303742,21065.60815779112,20797.560054337464,6069.004903591505
808,578.9217469283523,1118.3369695410065,0.5660398284251106,-0.26842410978179776,-0.4631367693456434,49,0.0,1.7377201398041606,251.90526715329105,-6.003093120925658,578.9217469283523,1118.3369695410065,33474.859637844915,0.0,0.0,79.85957775771304,-49.24576094063782,2862.964458379827,2892.6988701745004,2866.021999733186,2946.1276653711266,3036.3800789050088,3001.2688049007656,3036.675294337386,2877.043194399773,3035.611326388939,3009.7914926334156,3022.2357461498477,888.0407064711378
809,2078.0549598106227,1117.5784810923255,0.8722171826575494,0.07976558979110027,-0.24761526045933757,49,0.0,0.021779444978927264,2.1635286783014505,-0.8379066407313844,2078.0549598106227,1117.5784810923255,983.341638096676,0.0,0.0,78.90273935502348,-49.24751072499222,90.59676128716285,90.51943831126735,90.3892284260424,79.7090341808559,89.24909791511826,78.84319195486611,80.15301174017449,80.5110785567165,102.76325677974918,92.48536443192646,86.20713128630506,21.91504322649145
810,2060.973198497017,1119.8699128445073,0.6511958931521357,0.017622270692556067,-0.09893828683907575,49,0.0,0.07334587698764261,10.100763113956294,-2.5108854650656904,2060.973198497017,1119.8699128445073,1637.6245296376865,0.0,0.0,78.91364774801359,-49.24658415630703,131.04677828816477,132.69500080281688,140.07672110467078,166.29138447307827,153.3185260992256,145.4212007888486,148.2162341617974,149.45184957102583,145.39788566168494,147.75195562372534,138.2356943489169,39.72129871373121
811,203.18628322792708,1121.9849233734997,0.4161411616838132,-0.4515061390291646,0.4582997453615154,49,0.0,0.017066234640658668,3.046851625857398,-1.209628264174709,203.18628322792708,1121.9849233734997,2529.826857618432,0.0,74.73931389862415,80.09933112994513,-49.24264354329327,316.918110798577,219.11362885825477,81.57740522080388,80.3497696435053,225.08107279355562,123.2348134446741,250.25984635661084,51.117303515240415,137.67749768908834,692.4506185254239,301.9904941284718,50.056296644226144
812,1455.5032907531217,1124.0175227676482,0.34925472290141074,-0.20802922245183167,0.11148961629928991,49,0.0,0.014178126424791646,2.0398407572112016,-0.7739906624815946,1455.5032907531217,1124.0175227676482,1106.476348394132,0.0,0.0,79.30009650528565,-49.245191818361036,78.94985138748262,102.422122625569,92.07336986736405,92.16302544377788,104.4863316680016,110.13606428855066,96.5189649626755,91.59451483034417,96.45720720273721,108.93691472605735,90.32293220732575,42.415049184246286
813,2340.4364029970866,1125.301177552542,0.2683121842199397,-0.10821668934231819,-0.18806787002105851,49,0.0,0.017912610958352414,3.4466364279926616,-1.3434886845539207,2340.4364029970866,1125.301177552542,1135.9166842736947,0.0,0.0,78.73530383414712,-49.243731474254865,84.6561785141223,109.60881661328638,102.1665325773102,94.26840107876751,98.09956684001932,91.3105730728724,105.14644082778946,101.53357350466666,108.10488717348527,88.44556148706806,112.94339841829674,39.63275416601037
814,2135.2958142252223,1125.0291273119824,0.5317414595089506,-0.5877637560041202,-0.5227834120636379,49,0.0,0.012864592982769225,1.1568114553229099,-0.15815645142976908,2135.2958142252223,1125.0291273119824,1345.7327344319483,0.0,0.0,78.8662259602152,-49.24430450415223,118.62420712175376,114.37557227858585,115.22037356046118,104.23071374760735,130.50847310194223,124.22088847126884,123.14661775371655,120.97253214787744,112.55148579515856,132.9803092866246,117.29193128047783,31.609629886474078
815,2468.0751993448284,1126.885034185745,0.6312731109383856,-0.08756919606030152,-0.2273662005072372,49,0.0,0.09131698331825928,13.104244603229121,-2.793529977532238,2468.0751993448284,1126.885034185745,1942.6528727893144,0.0,0.0,78.65385317521635,-49.24271090318406,169.55628415696907,162.34603190840184,189.95972688423612,183.16228072846442,171.27648827366238,160.87699238068066,168.69176867533068,176.09933345221035,177.08109122509097,157.73484023221957,186.23007330534085,39.637961566707396
816,1989.1864757464639,1127.8495731111525,0.6186139901183335,-0.19104576660425604,-0.370614455630531,49,0.0,0.01769251791520453,1.946284944535768,-0.7230160579453426,1989.1864757464639,1127.8495731111525,1080.8067545842969,0.0,0.0,78.95948284834344,-49.24336653656334,96.47304004136959,81.02666722467487,93.27265548434147,84.6415964358688,117.81228468667791,82.08579403790992,99.92467753380959,74.43801954918285,77.47801079878619,112.16299752841124,129.12778328774786,32.36322797551643
817,1230.920877342311,1129.1591816551552,0.21477370297696505,-0.5583552193743352,-0.25277427571583444,49,0.0,0.00738987941364359,1.0566740607661977,-0.05985261623431496,1230.920877342311,1129.1591816551552,854.9001993664342,0.0,0.0,79.44342477216153,-49.2428463458744,70.12421368963967,83.27439869958008,79.28486327195655,75.69287618667803,69.06824867790252,66.09631070536277,69.47215763215362,73.16487412119898,76.3875609359591,83.33233488168713,83.23822463985367,25.76413592446216
818,213.77084769157196,1133.495290849816,0.3704323138438264,0.7815659626785123,-0.2940050054105568,49,0.0,0.017244129788833818,3.4207103913735306,-1.335290767344768,213.77084769157196,1133.495290849816,3100.212414772893,0.0,174.30166005606162,80.09249135707634,-49.23789997752141,307.87523857116395,363.64400429524915,458.53748541701606,382.5511513659285,135.81809172651333,232.09094041985247,79.34553473424603,199.4180697172382,128.65897181888135,597.7271157259988,197.49845691141854,17.047354069386838
819,2013.5768971661953,1132.6005227437872,0.5618388735706823,0.006688636434385164,-0.17604338886804116,49,0.0,2.011122259975946,300.3537633556127,-6.194082694789812,2013.5768971661953,1132.6005227437872,35372.019184292985,0.0,0.0,78.9439270112449,-49.24135264297938,2832.3755918436555,3021.830288072835,3154.532750551073,3165.3468996730508,3122.352245066618,3357.4307553236113,3144.3033481228476,3141.713414279584,3226.5888120807494,3214.4814183250437,3094.6867379199325,896.376923033979
820,2215.448677558607,1133.0080876101526,0.9081775270330361,-0.15915368819243095,-0.30090440742516317,49,0.0,0.06315688228577884,6.712997568447695,-2.0672912246918034,2215.448677558607,1133.0080876101526,1390.4464831686587,0.0,0.0,78.81509727646805,-49.24081805588515,122.75339703136373,109.99467242197002,127.68290801941762,101.8240907788761,125.92467952867975,124.5372242929395,117.88855505284158,120.50904368432288,138.94555277541522,141.52891413066124,125.35785725769159,33.49958819447945
821,1471.5103516124918,1134.01508010446,0.6374693225368762,-0.5881540314384421,-0.10776047341245261,49,0.0,0.011371193472282362,1.1516019747030763,-0.15325600227682115,1471.5103516124918,1134.01508010446,882.6150467589316,0.0,0.0,79.28987309873196,-49.241033932698784,84.4749298078921,74.77617251842989,87.2427612236254,68.01030127816259,73.23214466569203,75.07714966937777,93.92432696673124,64.04088723007844,74.62411272437156,76.57738186865896,82.8192675721783,27.815611233733215
822,206.60604191453834,1135.8818481611358,0.7239416792267663,0.6128790098064179,-0.16441131354624353,49,0.0,0.02490080832513697,3.4783509477777876,-1.3534334949100786,206.60604191453834,1135.8818481611358,2262.8133668914024,0.0,128.0839316101297,80.09704497808606,-49.23687069861679,412.1958879798797,228.40977408946424,347.7635599146164,225.7417133085861,122.47720460286666,206.13450701525574,80.00740019622314,144.36073963281203,97.8640451430953,238.02959038622126,152.23331485129427,7.595629771087542
823,226.027030807585,1134.6164457135967,0.4873777109140649,0.6819329015266349,-0.1184674540228256,49,0.0,0.019025715026845982,2.1114090329428925,-0.8114309380087986,226.027030807585,1134.6164457135967,7487.805891769582,0.0,374.4991440436852,80.08466305012263,-49.23749236138612,189.25322668390206,440.0249844507017,311.0859386616829,4795.465395205503,230.82423181803773,160.58066453083296,253.17825603276103,222.4645924407619,90.86045002423714,639.6686897609595,132.3689432173046,22.030518942896084
824,2347.463795170329,1135.6828016207296,0.6812355284883975,-0.14886909042083094,-0.3551125857613115,49,0.0,0.0475399975422051,6.23375311826019,-1.9868739961752746,2347.463795170329,1135.6828016207296,1322.1581908411727,0.0,0.0,78.73086058985128,-49.239387629674034,114.15911287616214,109.5239942470073,114.38145357419069,120.22949346817884,112.1545609435302,131.24817746397576,124.31414866944016,106.47044797545273,122.83335887873953,127.3155653167471,103.74444478534701,35.783432642401124
825,2794.9323725448576,1138.2754448087533,0.556775453840664,-0.0775215723934053,-0.10075200788733807,49,0.0,0.11293347706089456,15.887331258755301,-3.0026273772323657,2794.9323725448576,1138.2754448087533,2902.1559318759532,0.0,0.0,78.44534239482165,-49.23678072597595,246.41451013041535,266.62694962637704,243.48292826545566,278.5721353412205,256.6436530685225,249.22069949823526,256.07938505937875,252.73803427203273,267.20882600832687,219.8991303897712,287.73756132607616,77.53211889014102
826,2986.595000832161,1139.6068623086178,0.5338317035695712,-0.10573595043116611,-0.427726469486019,49,0.0,0.30180135948500003,42.58521387679238,-4.07314708188783,2986.595000832161,1139.6068623086178,7344.964171045147,0.0,3440.000063405057,78.32306360474391,-49.23535691091709,621.914722978704,630.9505029982653,615.2957518904434,708.8864335376034,653.3827564488212,595.7655885120674,705.4714870282373,723.6086582659906,632.6730605326551,666.9338861149084,613.6538447361066,176.42747800134532
827,1891.1696381926158,1140.617482725069,0.30344443224335377,-0.6640224538895799,-0.16123538201611648,49,0.0,0.013715485608312386,1.8296535983270923,-0.6559221852887397,1891.1696381926158,1140.617482725069,1161.3953035803913,0.0,0.0,79.02205909934544,-49.23816371575688,95.06745839811603,105.31176899917449,99.15896226562434,99.72674711223613,112.71221065408142,103.24528464575107,106.18935101323862,91.2236695199422,109.76100552550204,99.14668548757953,100.82511790146557,39.027042057679786
828,1127.9085749748192,1142.1032177536442,0.292315961025823,-0.12310219368282692,-0.564506886179674,49,0.0,0.013749917736458893,1.9908399626807434,-0.7475908746815914,1127.9085749748192,1142.1032177536442,1030.6993515025865,0.0,0.0,79.50913523497962,-49.2373006368926,93.17370980234172,99.58743077181191,84.43210712169922,91.89114272546718,94.30270129977427,76.59481596941309,87.462221116562,91.20410708497589,108.39201721845149,81.76832145666945,102.12099606945384,19.769780865966446
829,1521.0228343886213,1141.5909166247172,0.5661515072648593,-0.12294502446568745,-0.159992123133279,49,0.0,0.2640702815456192,39.837324065359276,-4.000725396249194,1521.0228343886213,1141.5909166247172,5012.918860733054,0.0,0.0,79.25827122613192,-49.237895513761444,417.1563982437808,459.4696827846838,458.51536422879803,442.03461181134594,462.52765864475214,504.5127868095251,416.99057159698543,447.65514269259256,408.6528113540685,431.9814537049397,430.10474129820136,133.3176375633815
830,434.26247642168437,1143.3318800059244,0.4892087954179013,-0.4350076933437327,-0.42387681593100374,49,0.0,0.010954073254034542,1.1841716831252522,-0.18353667916970617,434.26247642168437,1143.3318800059244,1046.610868535865,0.0,0.0,79.95174073685729,-49.23479104416188,101.35957879011157,94.66876252814455,84.79084635229106,102.06680958065644,81.78389443425536,81.81548002778366,100.70143017651074,91.81245034616825,79.58073214157896,97.90931436556679,101.13201882724891,28.989550965548748
831,1708.014784189585,1143.0005648269716,0.48074799556533415,0.26638450583517015,0.2485142090905071,49,0.0,0.01542233212176642,2.0759095071826086,-0.7930210446801826,1708.014784189585,1143.0005648269716,1012.2249152938908,0.0,0.0,79.13894211897863,-49.237298952932996,84.63870959202856,96.96824525456816,95.43587007086325,103.74479361511528,75.74986581922354,81.77137988964537,80.86364236763646,77.9148860882959,89.71455972881577,84.71359874720548,111.81266707158449,28.896697048908525
832,1486.7187598267449,1145.8432463089757,0.5829922156730878,-0.09133178033428699,-0.23264055267929593,49,0.0,0.2085959778298637,30.980529910763334,-3.727722104842038,1486.7187598267449,1145.8432463089757,3989.7278945603657,0.0,0.0,79.28015994188463,-49.236112079114925,373.52923866997173,332.54813367751433,351.23491932393324,353.1745897398656,394.66750550534675,332.77742668258827,369.6052008280059,356.977681559073,359.92255034763934,352.1680346902298,318.3719816856982,94.7506318504993
833,2188.1185479120604,1145.6872861668426,0.23048923419408596,0.5877484658999822,0.31481493873776,49,0.0,0.009929110190865184,1.6346492785325284,-0.5335614678165591,2188.1185479120604,1145.6872861668426,948.6206175785712,0.0,0.0,78.83257862427537,-49.23559299687928,97.30970256712042,91.1617347246272,84.65586038943505,81.4037408322035,81.12852996649741,85.40383410951836,69.85876580464426,85.18897867351129,74.5056268520991,89.9096480871641,80.98023714603735,27.113958425713083
834,184.49788238973062,1146.0486151897185,0.22892606064370302,0.4860010405147835,0.24993621957833279,49,0.0,0.011639218099645066,2.85401759289826,-1.1386416147243261,184.49788238973062,1146.0486151897185,1302.8951451242758,0.0,47.05915062821408,80.11107338671549,-49.232525953381575,41.642694199550434,191.66760347565332,246.03715218787582,147.40944233317077,118.63995547839554,55.24509508465154,96.96569156191666,150.34825964695185,38.824567557818774,142.5109074851387,43.901392271202724,29.702383841949636
835,2630.1213197029633,1146.6137122579896,0.21775152738281026,0.005673436945740271,-0.4644658880318424,49,0.0,0.006869057064243464,1.1941099416821914,-0.1926107852995475,2630.1213197029633,1146.6137122579896,885.063381033709,0.0,0.0,78.55055034727754,-49.23395087129838,84.35259339511069,75.84127529560774,82.16992350408333,53.61485437231316,86.41162790331393,96.51920582532651,70.27267011510014,78.5247247283584,88.28522745300441,71.7066038981614,78.05920647531569,19.305468068013543
836,2641.64051828919,1147.3901514906054,0.7286317730027198,0.027617845374936056,0.04320679235769608,49,0.0,0.01749592025594875,1.8618698870290893,-0.6748733198092082,2641.64051828919,1147.3901514906054,956.9073340643242,0.0,0.0,78.54320493216528,-49.23358546527256,94.78101916981316,83.9664417540478,70.09777287339674,78.35794682479995,94.28587245401854,96.86628941248033,72.9391912723365,81.09431982862927,83.29929752043857,96.87001431343748,85.35523238003603,18.993936260889832
837,199.87826080805905,1148.8390311137955,0.8211969289232757,-0.215067914975304,0.3193657160628946,49,0.0,0.02574272093592253,2.7614607045518387,-1.1028471690370976,199.87826080805905,1148.8390311137955,2051.8180357814217,0.0,82.21544778812049,80.10124012068425,-49.231439548583815,306.0187056622258,41.25370106538785,155.80534932718393,91.99841116785375,206.20602417495286,103.61772710020384,166.9952171984317,122.11953156237612,532.9651706003222,106.76620938988167,167.41761532044524,50.65437321215677
838,250.1057138213144,1148.9211295037478,0.5246411651074832,-0.48131204255325405,0.37884036899867957,49,0.0,0.011850655460436677,1.2166593055823016,-0.21292245539410296,250.1057138213144,1148.9211295037478,1282.1645912660265,0.0,731.0611379885214,80.06919606854038,-49.23164811508735,78.70648819810775,87.3070933273177,108.02477186509046,108.8075196942778,144.64516267266055,95.2707407852947,95.37087174332063,116.26853509374904,138.96706294172753,169.6258444916108,121.30095226745142,17.86954818541805
839,606.7675490793309,1148.7138749327394,0.8366988355314228,-0.265650635686738,-0.16319095773912265,49,0.0,0.015680670770999362,1.4462980313737819,-0.4006444876596063,606.7675490793309,1148.7138749327394,915.3247628816569,0.0,0.0,79.84164451959055,-49.233203466147614,76.19585627403552,63.801516091501625,75.26753901226802,96.2813091173609,92.4644461041114,67.07086738141106,83.03593264335949,79.22968176404619,93.57530112478892,91.55447053360612,72.82146420178701,24.02637863338053
840,861.7630413052037,1150.922017679612,0.6493947233320279,-0.004906016474354291,0.24701095474841825,49,0.0,0.009742192283037835,1.0628222159964962,-0.06615155954660024,861.7630413052037,1150.922017679612,814.007407281413,0.0,0.0,79.67893395627289,-49.2330597227625,62.9047064686611,59.97387058193999,85.21597109091267,72.86034784161355,72.94499045173248,76.7012150583918,78.30496325693852,65.76099122370755,77.86665490340695,66.56108157580455,65.88652493035585,29.02608989794799
841,1704.234304421609,1151.4195987036865,0.717673464977267,-0.0652597210124959,-0.2770699885158664,49,0.0,0.01850350277861936,2.1210216874092427,-0.816362772981654,1704.234304421609,1151.4195987036865,1021.1993085409348,0.0,0.0,79.14135930921718,-49.233792466171636,103.96033388366425,74.18236354695983,89.55105277834028,91.39247339022639,73.63262042406674,82.52199136894806,78.10827014195957,85.6942730431753,91.22782469411125,89.720688409551,123.4327871396791,37.77462972025298
842,2523.871605544308,1151.191292941707,0.769753671604567,0.6216436849195481,0.49858227583130027,49,0.0,0.014871429204313495,1.3472214437640808,-0.3235974672221717,2523.871605544308,1151.191292941707,1154.4608457019212,0.0,0.0,78.6183659947075,-49.23240829505622,90.79702904800104,120.72202849767586,100.11473109909626,115.63352811766958,113.78725206530089,86.37933154714662,96.0371079315336,96.95460900959024,98.6910889852343,101.38570540209639,105.89875268280448,28.05968131577209
843,2008.389217739743,1153.515741103748,0.536243751638433,0.18002905970521396,-0.16882001353481874,49,0.0,0.03165222762951047,4.351150169526542,-1.5965101804630588,2008.389217739743,1153.515741103748,1494.2566978252812,0.0,0.0,78.94728353267242,-49.23264564072469,129.23679366199855,124.34063984139057,120.76937573793143,136.4673814201426,132.2482887527082,138.3443777216305,133.15522324428736,115.13994584693646,130.02798394572315,146.1350818092003,138.49860405429172,49.8930017890406
844,2759.510881238364,1153.489668969778,0.4349528818763634,0.05038858320901993,-0.15857277754416366,49,0.0,0.023637997494596476,3.620254434249325,-1.3968477353849913,2759.510881238364,1153.489668969778,1137.902074606286,0.0,0.0,78.46803820174131,-49.23058855688585,93.41217614432017,103.87966373325207,91.02429795089427,123.28307408833444,108.22811145897704,94.1956032295005,92.7022183321697,114.55641061879714,90.67738792733272,99.98034569580058,96.22042223946852,29.74236318743905
845,254.27938950576905,1153.6457028218306,0.34454584254380904,-0.5005392100549164,0.033154700001504875,49,0.0,0.007259465485646383,1.215785984531179,-0.2121428314262572,254.27938950576905,1153.6457028218306,1203.887920720692,0.0,825.2862884674264,80.06649924914423,-49.22969955869552,78.55723856807381,96.99148755313917,129.1497882689627,110.43393637163344,106.02543246265469,113.27056224982192,65.1588496914245,125.6686608920787,94.16129223613987,157.0972387261065,109.1109801131386,18.262453587518067
846,241.62378865872412,1155.1664354175211,0.2506706131323763,-0.08756688586572968,0.567112112444717,49,0.0,0.0058483906616159246,1.1488183988114071,-0.15062845590825802,241.62378865872412,1155.1664354175211,1426.0157291954622,0.0,607.921095589867,80.07456175330269,-49.22900585419791,100.17877198029925,97.4312622617931,146.2055902130872,74.64810188948401,228.084712453691,90.74568330200816,80.38985742493198,122.98364256398021,99.70924372410482,129.97710775638757,231.96226346784695,23.699492157847892
847,2517.0821700410897,1155.2035554568047,0.36479023358830676,0.016143143818806195,-0.28199540970627496,49,0.0,0.011035840970956171,1.4168682255473506,-0.37832365247324007,2517.0821700410897,1155.2035554568047,1307.0595216872705,0.0,0.0,78.62271764214397,-49.230758573707234,98.9900948150886,137.35450598365225,101.55686079996211,134.8274091160935,118.98229048649246,102.44444926003312,92.85510276734729,127.93474149509765,127.47365112900474,108.51946800884917,124.30168593064087,31.81926189500872
848,800.4276212160365,1161.4542188234457,0.5696438525889276,-0.17015111628719157,-0.23323177319802596,49,0.0,0.179760496513051,26.592785753199415,-3.561909586641385,800.4276212160365,1161.4542188234457,3562.6133055990463,0.0,0.0,79.71802433374812,-49.22850567777061,307.3829209391433,315.01096626417996,330.07221393132295,292.93498947571754,329.3658283817245,289.2083161281307,344.80231132677596,324.47898067331414,321.7520663475025,311.39497020567865,310.78092214302893,85.42881978252792
849,901.3136588701449,1161.6190521427427,0.37649838835020133,-0.3540420488334004,-0.08734052921793972,49,0.0,0.010732804699923406,1.6249904697986164,-0.5271270457087572,901.3136588701449,1161.6190521427427,868.3021028201309,0.0,0.0,79.65365796944634,-49.22870273835977,78.55143663152148,79.9868673723216,78.66607171942059,67.77163635958071,70.09237251794555,72.5076188608967,88.23412627934599,78.91516575183044,76.07740022678736,78.4868356980408,77.15711851009075,21.855452892348964
850,1443.7773254875242,1160.3920418475407,0.46154934136807163,0.2917262168623554,-0.14882615086326986,49,0.0,0.009533191621102518,1.3340381888955908,-0.312920655265482,1443.7773254875242,1160.3920418475407,835.1431077316269,0.0,0.0,79.30754997991056,-49.23002974057437,60.56146628988202,76.78514003788155,84.23203911813216,70.2831137046326,74.7480222413457,58.9077914475146,67.01481044380174,64.82221035697687,74.97176548056413,82.83190992520986,90.4278790250931,29.556959660592504
851,2461.511815736569,1161.0108734510472,0.5989929603498345,-0.31049742874334385,-0.2738646889209265,49,0.0,0.010922515350323056,1.2564573265737309,-0.24786935777260707,2461.511815736569,1161.0108734510472,846.8258760265339,0.0,0.0,78.65819947320756,-49.22851255427399,75.5236622357979,71.93276694580624,86.2888069090375,63.892637442573495,79.38230645623997,66.95830760549006,77.012539683913,78.96810908451114,78.6103315602722,82.13102850470653,64.34025602649939,21.785123571686405
852,524.4398151577227,1163.09360850335,0.8231233215854228,-0.2598566978870148,-0.570685337633224,49,0.0,0.015080499083454279,1.4262682108110325,-0.3855030065003866,524.4398151577227,1163.09360850335,899.1850893648246,0.0,0.0,79.89408926686855,-49.22691298568551,84.52687440651735,76.94161362080571,73.89690521035509,74.15416964234399,97.88748056085274,70.24179116192511,79.59486834387215,81.22154072567713,75.64316705071562,88.62960666588978,71.2502067497129,25.196865226157108
853,1624.8876486822228,1163.2540090232658,0.6939394799008305,-0.10262333121036865,-0.22223738268929666,49,0.0,0.19059680344549199,25.259482443913434,-3.506061119501646,1624.8876486822228,1163.2540090232658,3205.535309629997,0.0,0.0,79.19199215857556,-49.228879377757124,276.5183304667505,284.28487060266997,299.99951075253955,267.21310743483525,274.0123584223317,313.9893208861957,276.02855521346436,270.7659627058806,314.25286641282355,268.2530386156538,273.40049853734087,86.81688957951135
854,1821.077243163594,1162.729209921407,0.7487672721278578,-0.2932451792329469,-0.13551224693453534,49,0.0,0.039427990789629754,4.507732521086182,-1.6348953451528383,1821.077243163594,1162.729209921407,1229.1429809614997,0.0,0.0,79.06681513502886,-49.229013602407605,91.2372630428036,121.01129744891819,102.15242847632939,105.80687484461438,127.19716087315913,112.7114160290311,108.43813830933067,116.14879598116454,101.42465033288869,91.50336367273425,114.08399527366745,37.42759667685816
855,293.996451165527,1164.6565252504508,0.9638968413789668,0.16708416355646405,-0.890422346528614,49,0.0,0.013376457515666525,1.040663285309486,-0.0432755822129873,293.996451165527,1164.6565252504508,1226.9336449221591,0.0,675.8084132956101,80.04108449704874,-49.22529734703014,98.3559434554065,95.52668828316853,111.80048774138488,115.07771762768752,115.95567017972955,93.15857445792764,119.72069270055295,110.62276612959315,85.12066665003368,118.19416835971253,114.55440180301366,48.845867533948514
856,679.6098215748899,1163.775980041986,0.5768931658156082,-0.12448912217779035,-0.36766134131891154,49,0.0,0.36467344224360726,53.812596451709375,-4.327209868029522,679.6098215748899,1163.775980041986,6785.582078406397,0.0,0.0,79.79509345180848,-49.227173045918896,550.9039826521084,623.2797753797138,580.9352006644591,570.083994203647,594.0706826441569,636.1657958607974,648.3927351909956,629.2133183187137,570.0682760666847,599.4249931704687,615.4548578824069,167.5884663722452
857,2289.2592250775574,1163.2678403933185,0.4938620632794425,0.21650317363137558,-0.10250224970958279,49,0.0,0.011081371537171121,1.2136567247916425,-0.21023966657975593,2289.2592250775574,1163.2678403933185,1016.5154285332421,0.0,0.0,78.76810560516361,-49.228041196855386,84.71822901275169,76.97465507401375,87.31559674826678,93.0297353762854,74.7645380584403,88.60040751332068,108.34521237118182,93.3209901710241,87.41898927246885,93.18801083869343,93.23260577927007,35.60645831752522
858,290.47442688406494,1164.3708419193638,0.6596254406481452,0.16585115641861214,-0.2885639801116113,49,0.0,0.014494321330938897,1.2544132783426658,-0.2461016062567341,290.47442688406494,1164.3708419193638,1223.0820097457208,0.0,706.0213436206727,80.04333319166116,-49.22540018016469,98.34171664789335,88.95914155788384,115.57974241303162,114.11659361365321,109.40725001202887,103.45853538554411,124.07528677016776,98.85376707519438,94.63818313428845,117.36673672173211,113.14512893012622,45.13992748417689
859,1501.982354084073,1165.3445016123635,0.48889943626039517,-0.33008215636620075,-0.1846529315737219,49,0.0,0.011470602269609734,1.3862419204589227,-0.35459756983112634,1501.982354084073,1165.3445016123635,977.9713505682955,0.0,0.0,79.27040944443566,-49.22799234081358,93.2482980954797,87.45302489358448,71.15902981197682,93.61776747889024,85.64227133191534,80.1731782809643,73.92212891811027,83.57902813212411,94.10387989083829,87.05418871534671,94.45260380625194,33.56595121281329
860,2596.75374709379,1165.6619817872293,0.9627870212227053,0.4989833603508384,-0.3757095633362682,49,0.0,0.01477232996289064,1.2012074224544163,-0.19904501777722336,2596.75374709379,1165.6619817872293,996.3191975216107,0.0,0.0,78.57194227412472,-49.22613344537535,83.45698569041446,99.52082220275496,87.19388907188849,74.39102461751986,72.40039139253832,84.8343840865031,95.97403251988851,94.01935373581337,84.83688743521006,96.2256280991879,92.15672522801123,31.309073441880475
861,206.08020468061807,1166.8685392563623,0.3436721263193973,-0.3264127717582184,-0.88338816664796,49,0.0,0.01740410334943728,3.4798829020803392,-1.3539115755015274,206.08020468061807,1166.8685392563623,3295.6056195450683,0.0,210.80657928809825,80.09714862752476,-49.22395869015272,352.09010710374804,305.43855541057474,546.630005972384,143.71003710166428,175.15682198343313,612.2852699082387,194.40426378346498,241.8608019208594,436.0034556588401,79.00161237100637,162.30714613101736,46.717542199837396
862,3092.557517336463,1169.281574181045,0.22281777117357587,0.1468749065812935,0.8509150836563425,49,0.0,0.0111670288067865,1.7959901951113162,-0.6357599034609053,3092.557517336463,1169.281574181045,1774.712041149718,0.0,991.4670206407429,78.25569683697634,-49.2224583879728,108.78257439128782,415.6958860618972,196.56710221698165,121.47460866543952,146.45857145026395,107.93832323654333,173.1686734607035,116.02883708225322,109.43852933961017,105.01064054919178,166.45418876894394,7.694105926601864
863,233.16584969951876,1167.9273035257286,0.7651936106381212,-0.20259402728671486,-0.2124420398748238,49,0.0,0.02636656675964212,3.1873179361724233,-1.2585634666843233,233.16584969951876,1167.9273035257286,1787.5787619273392,0.0,503.6405514391606,80.07986376415872,-49.22364898584105,77.68692242893388,224.62756925662407,122.25385825561207,85.57668081498147,212.43448844290333,168.81611759368263,101.67052513903892,170.83016540072197,78.85357965497192,229.03866135337856,281.46277651086257,34.32741707562766
864,200.94940426878216,1169.149043387174,0.5219489184432862,-0.12316885575618591,0.24811735287542694,49,0.0,0.01877600782501389,2.9695624678199146,-1.1817311638576018,200.94940426878216,1169.149043387174,2772.0989936476017,0.0,150.77275451981956,80.1004042672895,-49.22298342485011,432.1024094530747,279.3533669284606,256.3453563895539,91.9536782100221,74.2089042361127,258.8678026570872,248.56718030946462,161.79218941375686,630.7400017500846,123.2519417526093,127.09574882695713,87.82041372041746
865,860.8804999014644,1168.6024338971356,0.5155370850787326,-0.4017422550751113,-0.2937746758720043,49,0.0,0.01761372517081677,2.0312062129801243,-0.769385040679891,860.8804999014644,1168.6024338971356,1133.1174694896881,0.0,0.0,79.67942690186779,-49.225690914836555,81.09846044638472,92.00252278849365,87.08402116761002,92.24567794905454,110.42122100547519,107.88530429166909,100.54579863693681,105.0075416914236,119.03313135532183,97.2063056795507,107.07118554910303,33.51629892866491
866,3081.945371612573,1171.316829995535,0.40923837442629263,0.26519598691954205,-0.4483982178254899,49,0.0,0.009407025566703989,1.05332532660022,-0.05640631667748981,3081.945371612573,1171.316829995535,1378.5421775990694,1.6460825082259911,980.12080030468,78.26248177844498,-49.221665910535904,132.93613488109946,178.9601937554159,194.94032314939454,112.66574126132761,104.96994661583167,100.0371830736259,164.01855964817037,109.19697965666067,85.42737342296422,79.98270491169566,99.71938865262828,15.687648570255249
867,2587.114021878217,1172.1854289781022,0.6567859293369235,-0.11960116325152811,-0.3913952907085909,49,0.0,0.02764495631802197,3.101822649804553,-1.2290424072810697,2587.114021878217,1172.1854289781022,2370.021405519567,0.0,0.0,78.57812645368209,-49.223449110859065,196.87317452789176,190.43539996726696,189.36021504767783,203.64802175503496,226.7697333992924,199.6467755174114,211.3208825179931,221.74866329671687,218.36692754784107,231.52426902883235,205.6781958146463,74.64914709896198
868,3044.1990255534542,1172.1279823201612,0.9127228054270526,-0.44049281036422805,-0.5927479792671482,49,0.0,0.02371198387034864,2.0744594985625247,-0.7922624003678768,3044.1990255534542,1172.1279823201612,1197.1501474220397,0.0,1019.6155375859273,78.28656369578077,-49.221521899394446,97.318506162013,103.41811125483966,110.5391926951281,96.97743326111787,107.38088662185024,104.4956243238833,107.45756447323117,100.45178997437144,105.74760228670102,111.78704978355523,110.86419613858828,40.71219044676048
869,236.81320777638626,1172.3119916781575,0.74673262626721,-0.012946802985967443,-0.04447956943453495,49,0.0,0.02273490798577727,2.8627465946148103,-1.1419572668133748,236.81320777638626,1172.3119916781575,1488.6316905044957,0.0,563.3600975989309,80.07750516078683,-49.22183975649274,65.54003013360614,159.03904326060342,79.08560894354655,106.95967064642113,114.92824129304867,154.22365911990624,132.51265702328817,177.63166601776518,94.14765897018245,208.46330959253513,149.50937164227145,46.5907738613212
870,194.3057738841314,1174.3073195968138,0.4778811033382346,0.6595005069289818,0.684802865876214,49,0.0,0.016969822681326293,3.0372036740900796,-1.2061847914251436,194.3057738841314,1174.3073195968138,2015.4159967486353,0.0,90.80235789148443,80.1046030125603,-49.220801686412635,252.4215753928742,382.2934200610871,176.47806576716067,239.2028980697126,82.92525197271996,138.81885237099698,227.79442816406345,102.74953257494576,79.12911872148504,155.3740366600651,104.08244644597104,74.14637054755336
871,1072.750893049393,1173.8213385427946,0.5920910136444459,-0.06359967069468617,-0.23408796713177743,49,0.0,1.1709138330566884,170.57063218884375,-5.579760647731682,1072.750893049393,1173.8213385427946,19795.21982566806,0.0,0.0,79.54424334612453,-49.22398814725326,1639.3415078367664,1692.7183892548926,1728.242033782029,1774.9122526552912,1731.3183376861923,1813.94694746361,1734.1523340515027,1774.6063008228907,1778.444018637638,1807.6838849510682,1794.3789259724088,525.4748925537647
872,787.6626974392183,1175.9041219182461,0.5412669621692698,0.15467232137320197,-0.23369449898790978,49,0.0,0.023691915789391373,3.1981203897611303,-1.2622370206525142,787.6626974392183,1175.9041219182461,1127.610854090353,0.0,0.0,79.72610530777817,-49.22244901819705,95.99338559426164,91.97127744331637,86.85532613770026,109.67947878931128,91.49055886218136,94.00311689591868,101.64700469733593,97.98402262950496,102.43116973612095,114.87017622334426,109.42345812555331,31.261878955804143
873,978.143135786084,1175.9459237191845,0.79200235707041,-0.0814462396178907,-0.019021283290917623,49,0.0,0.022469357978370304,2.3031144439906597,-0.9057887975362073,978.143135786084,1175.9459237191845,1028.6488573180059,0.0,0.0,79.60459188175865,-49.222911796419226,80.33392848935684,95.57425733963564,100.14163647535469,81.79720195217047,83.78505215234529,82.32872760948639,91.57342027783866,97.84310840394998,91.34896145875095,88.28650427424373,98.90433804444075,36.73172084043254
874,2591.336248019009,1175.5347303516498,0.32547566345275875,-0.6626472583465413,-0.5224861682798585,49,0.0,0.039592597948190825,5.623987540666834,-1.8751108747015222,2591.336248019009,1175.5347303516498,2419.7768285065226,0.0,0.0,78.57545083867107,-49.22203900095414,198.25446147827796,198.13353002817811,187.50330403792108,208.41300024479847,234.4159271389115,197.51950957376224,210.19894477214518,234.71753947646206,217.792161596455,241.7216363328057,210.37337337704065,80.73344044976454
875,2864.2501642805983,1176.698156304099,0.4462694172138303,-0.18946131555315354,-0.653387713036781,49,0.0,0.03525437687418852,4.778268683191967,-1.6981764164578914,2864.2501642805983,1176.698156304099,1691.5437623315397,0.0,0.0,78.40137444712353,-49.22047357212417,133.03170556358828,140.44779524881864,152.70758963964667,141.16192355440177,213.16523597161287,146.32722435394476,160.3081451788151,136.78700165156482,127.81226232998773,155.93846443476085,148.85832664601173,34.99808775838647
876,2198.763892333556,1180.4955169492225,0.45854016839338996,-0.20293044998079982,-0.2563701556584301,49,0.0,0.008978459975390575,1.1841715950204923,-0.18353659838874126,2198.763892333556,1180.4955169492225,858.995847312548,0.0,0.0,78.82589751001983,-49.221067850078114,68.77500368409608,88.70467735452831,74.77084028896951,92.26456037662876,73.06956918669366,72.48513725319933,71.21033929401582,69.33575691901262,74.74592922999776,73.647436987563,81.47102938547334,18.515567352369757
877,232.0520236285828,1180.380858027322,0.8894598305445315,0.3367342760218537,0.07265270152720837,49,0.0,0.02709098363704844,2.8948853984658816,-1.1540784393304635,232.0520236285828,1180.380858027322,1599.9910975096209,0.0,588.4623918570161,80.0804828247813,-49.21845530283344,67.3934000931576,191.10129894042097,128.03765479795283,134.80449024322073,178.53467595835423,146.48723526914046,90.69761618386299,136.3788006249672,114.26181235842509,240.61414680116272,93.47583268130536,78.2041335576507
878,2425.5146779511456,1180.7993080824288,0.6239016086373169,0.39308277074228004,0.5008170397781483,49,0.0,0.01396392253901826,1.3269691321689476,-0.3071520511614381,2425.5146779511456,1180.7993080824288,1133.9997966521782,0.0,0.0,78.68125306033826,-49.22037442928114,101.498325981951,110.08598147680021,103.5321624132531,83.88735297300661,87.25134857134546,116.1550133812544,101.2327836076177,101.10420537332836,102.14388268874328,90.17494290917804,104.44193454721423,32.491862728485714
879,180.82498815351116,1183.1894225891413,0.5599234737016272,-0.22573563243983452,0.1289951442554582,49,0.0,0.01569933151794522,2.5395463948829784,-1.0118903783689284,180.82498815351116,1183.1894225891413,2143.8025971905417,0.0,57.523962841709775,80.1131337262611,-49.21703440054069,753.4802999515132,175.60519822291144,239.51493628488356,118.73699269503484,70.93512053807824,121.49883379495,150.96649496039367,107.43601058059176,74.45835543919469,96.11163752797546,207.43720339116234,27.621513803852842
880,2188.4674214570546,1184.0007605618619,0.8953097729271574,0.30652339093570774,-0.18701430135396951,49,0.0,0.01293229855028339,1.0134333937530926,-0.014488026686895063,2188.4674214570546,1184.0007605618619,922.0151256681938,0.0,0.0,78.83247688022851,-49.219628829902994,84.70033941804945,88.33594078266987,87.26357818275251,85.92075884635469,59.96440809838691,74.13389264340974,83.79034944576011,76.31008646988028,78.65552705849757,89.73307378303414,90.30426546575603,22.90290547364253
881,1557.7627742716522,1185.940516087831,0.6671804756395677,-0.27044924026286976,-0.42260623915335066,49,0.0,0.04442438849364231,5.823743446340353,-1.9130055868249294,1557.7627742716522,1185.940516087831,1383.3644121375498,0.0,0.0,79.23481526687327,-49.21942459416996,126.82232171530958,132.3823874491986,101.70948972053064,137.72575223331447,118.74101143684351,141.1428889185894,136.74940180994227,110.82756213990965,115.90583472658543,114.9363513066059,116.88264077133333,29.53876990938722
882,1739.1834649886534,1186.5717418467657,0.5616514113568623,0.31018997645844815,-0.05330579203720752,49,0.0,0.008848903871138455,1.138995450130753,-0.141304973088326,1739.1834649886534,1186.5717418467657,740.7838998531593,0.0,0.0,79.11908434744133,-49.2191310134828,69.70710490482983,63.75941441578307,49.27214827545188,65.06818303996405,61.637742578907186,58.41431510439714,73.59490805284213,72.99872238095949,73.31577259912459,83.44054051119801,50.461500113385796,19.11354787631602
883,330.5306795332257,1186.6039698249622,0.2860459771572165,-0.20449012834486247,-0.93423311683667,49,0.0,0.024685555274214094,3.9717663785602193,-1.4974592378475875,330.5306795332257,1186.6039698249622,1604.6217350882669,0.0,0.0,80.01762978603983,-49.216318924428556,132.51751691441982,143.71847742374473,145.33739840912867,138.3699231978976,146.54777955093115,162.30179471246353,127.41242579591395,143.17301590988683,149.07185451343065,118.35118390277893,152.54320688651677,45.277157871154046
884,2535.644580871053,1187.1694173243557,0.8206938285463301,0.13290523936880308,0.3767919893153286,49,0.0,0.011963054526430206,1.1098218607612904,-0.11313318773910007,2535.644580871053,1187.1694173243557,830.5601856941623,0.0,0.0,78.61103491923048,-49.217379921770494,61.80246274543587,69.61467983717793,75.73424199014408,63.02260415437327,84.1651412872387,83.00713636984267,62.7731302530393,54.014589628496,79.90818637948314,78.61061229962326,89.00714310392605,28.900257645382084
885,979.6590292512619,1187.8711594898266,0.794231366476953,-0.055414759275982516,-0.10186721797703034,49,0.0,0.02790814500639707,3.058222623464469,-1.2136727417873951,979.6590292512619,1187.8711594898266,1058.5862242776006,0.0,0.0,79.60358511702897,-49.21794642291504,81.781239418117,100.71899154055407,105.28497256550037,87.96009878222662,95.82500158011321,92.67478953037146,108.18379667122014,75.35843781465627,97.64683711920969,88.66075304251561,97.71995433526982,26.771351877846662
886,3035.0378529468135,1187.806987710132,0.43909997562682646,-0.32749435697248935,-0.6304193110740501,49,0.0,0.039014146878050236,6.134850314673846,-1.9695099269060379,3035.0378529468135,1187.806987710132,1643.3697864202272,0.0,1373.8846957689332,78.29252757840216,-49.21503618292763,138.67105264658346,149.8407420623808,149.71829431238518,134.98856872303028,156.30448535730545,157.96108186256316,127.11675009559774,153.7847793500503,130.46323251988315,172.18621209966471,125.05309835284129,47.28148903794161
887,1694.5739314245623,1190.5758572672491,0.30033954617565,-0.3067402537330622,-0.2525910067916898,49,0.0,0.007878057920850336,1.182726999240191,-0.18221127744895144,1694.5739314245623,1190.5758572672491,971.7059989601269,0.0,0.0,79.14754337748137,-49.21748088460323,91.68916636761546,69.11516003595725,70.72056713752937,90.13801506020732,92.76067243623447,80.34262688451082,78.1057051215765,101.504107344876,93.26512281660007,94.88212452278157,79.70383398971416,29.478897242523914
888,2347.015859475968,1193.7113172878226,0.3160640180193988,-0.37530120122905064,-0.2646534109127801,49,0.0,0.0069282369181855276,1.0821661476087219,-0.08573486045259307,2347.015859475968,1193.7113172878226,846.7847153132957,0.0,0.0,78.73137887093178,-49.2152113332419,85.68734124660094,71.3927749485427,67.60109147549736,69.74699983116156,77.35716357096298,75.49424745561107,74.0537287372774,79.88430396380387,86.28148943888908,61.33925658554528,66.8140020871057,31.132315972297818
889,968.7330411689766,1194.7269859103596,0.2547145488460591,0.04339338135256198,-0.3112726038114148,49,0.0,0.009008833867814016,1.5443930333936706,-0.47189458474096113,968.7330411689766,1194.7269859103596,916.0613159966651,0.0,0.0,79.61053131563862,-49.21506588827958,70.10703837454837,84.81778138062535,81.1312015624828,96.93841432165344,67.44173320171649,64.79851873976116,90.99954473554797,73.7299359909188,70.87515780759688,88.27948710244274,103.09217365558725,23.85032912378391
890,924.022197624229,1195.9000797528909,0.6835397591271408,0.3494785178976215,-0.02680276871320411,49,0.0,0.014225860891710108,1.6074621140785115,-0.5153518648140722,924.022197624229,1195.9000797528909,909.5956889974194,0.0,0.0,79.63904527610734,-49.21447439997771,89.4512515925106,96.57933633528182,80.302247551904,88.33873519175481,74.97721422524693,86.40206272993902,79.55162367323354,79.77649816067546,60.34332225013311,78.9745831834137,77.47816995881655,17.420644144509875
891,1392.844419086371,1196.240086544663,0.41201287118238167,-0.0889417232304693,-0.08925132979781975,49,0.0,0.014228121732276335,2.138022607059834,-0.8250307326185563,1392.844419086371,1196.240086544663,901.5440859870145,0.0,0.0,79.34000789170192,-49.21506062747161,73.69901615600443,86.52621009436072,73.29891804449315,64.57719162785392,69.5427395616376,98.83746123126082,91.0006511541625,68.9949724059988,84.08148042098748,80.7100539871184,82.99740449843762,27.277986804699072
892,217.02754658107727,1196.715236015672,0.8762858736042074,0.8635943883607937,0.11220507126991694,49,0.0,0.03387064421895518,3.6311675319810535,-1.400115716289706,217.02754658107727,1196.715236015672,2503.9219263259965,0.0,407.7404071787683,80.08994421893432,-49.21157756813979,214.49870551073462,257.46838181291093,154.34623836314017,176.38364759578008,248.70065319213597,169.00798954249882,235.714737069188,318.6692982903463,206.09892990893434,267.1433957042731,214.33324580415254,41.55670353190151
893,1703.1506044491375,1198.4080610908113,0.5878510443758379,0.27637817521840197,0.34129358238250446,49,0.0,0.016652857697192845,1.7773343064396114,-0.6244228095057512,1703.1506044491375,1198.4080610908113,1138.1070957816655,0.0,0.0,79.14207669813432,-49.21421453368205,90.86274046838112,95.8558943570982,95.2753093567913,105.93035807742702,115.7414390786223,93.00230130262938,100.64803012250954,115.99829227301586,90.69645694755368,105.44803415790264,103.87470591453805,24.773533725196245
894,1791.7503330338457,1197.7954991985378,0.6526604747203582,-0.10787864885710471,-0.16626004297833877,49,0.0,0.1615535817875095,22.412457401589965,-3.3762236928146674,1791.7503330338457,1197.7954991985378,2977.3744577739426,0.0,0.0,79.085562819333,-49.2144240381479,227.72954664110517,262.99324310218503,257.064268465182,253.48127809699113,274.87748121931384,275.0171874519969,270.17615813993234,252.0915390032708,282.0462978744161,267.3399575742799,275.19060713471436,79.36689307055465
895,1508.6392384270948,1199.6632215704644,0.34618383730243596,0.24413212307960466,0.1950994673099246,49,0.0,0.017278859207352792,2.3827518736972624,-0.9426970493253811,1508.6392384270948,1199.6632215704644,1195.1388215392035,0.0,0.0,79.26614525819508,-49.21369524040238,95.38444359546027,94.75759621284855,99.93482973198019,104.18996756789309,103.43688141321834,108.95275931280156,117.31949817942191,118.82897000019068,101.82473033007602,104.20684556587128,103.12163365463019,43.180665974811305
896,2551.72678437578,1198.670019901818,0.5030959072164789,0.0884399253249612,-0.43855239814021174,49,0.0,0.03669218985466486,4.847754401705763,-1.7138515234165232,2551.72678437578,1198.670019901818,1565.3544097463382,0.0,0.0,78.60083570258682,-49.212535037066324,133.5906741651312,158.3593035404923,132.59793195222292,143.79309154348437,126.8929099569572,127.40261739036819,141.9131802460991,143.30884629553105,130.10801033476906,138.35944887931157,150.35027774141867,38.678117700552455
897,2960.946184900003,1198.943746348805,0.42639414754535915,0.04503373733453644,-0.02709156537588472,49,0.0,0.0109707076398223,1.4849594122835517,-0.4292864586075223,2960.946184900003,1198.943746348805,1068.635692997804,0.0,0.0,78.33986101982188,-49.21076006685582,88.38262925387025,98.28441635347389,91.04702508523276,85.05654828697365,99.68191851883536,96.57972198325008,83.26746283405922,85.29779588407388,103.31034255524813,85.58630687326365,115.60609869961311,36.53542666990993
898,205.20797934538285,1200.6486699531972,0.7232355688906283,0.007096568984321271,-0.007202721139192696,49,0.0,0.03037416599528106,3.559201510589412,-1.3783814426561252,205.20797934538285,1200.6486699531972,4211.696950702028,0.0,311.0743549246663,80.09745221701965,-49.20988118409918,196.28085358487397,246.20288910223053,561.7156399117675,139.4310126109935,310.7973682219,157.18320815464259,334.6421635377409,205.64724390530358,148.4293587741578,1704.800107238979,178.07845638936905,28.488649270068578
899,222.12665846953513,1200.8442256339704,0.8803190301246778,0.19197175544327083,-0.531252736292114,49,0.0,0.02175882117759047,2.215770921270152,-0.8638121464914885,222.12665846953513,1200.8442256339704,1745.4108379420077,0.0,438.88299586355356,80.08666195399688,-49.2098820981377,167.51005309908297,152.62988108484694,48.299886838361985,198.23661846515688,124.71349992794262,120.64020121164718,154.90841196008827,282.75490773486683,156.3578039342362,144.97444155671513,164.08989673296887,30.29523539609382
900,231.9906443346828,1201.9621018619048,0.67628725764293,-0.09191038386087363,0.49364394277631896,49,0.0,0.016566284007642033,2.0560935313170456,-0.7826071668720093,231.9906443346828,1201.9621018619048,1331.7651864672212,0.0,578.2107261447412,80.08036360019035,-49.20946394301778,79.07146974617316,121.47691110657232,68.81968690815498,138.44121798645398,163.5981916038586,81.6938521522149,117.20442048311828,168.55539494333067,122.66314106366929,135.23044325213576,108.8254450388007,26.185012182738284
901,1317.6177580737703,1201.7819672084981,0.9807751313210328,0.17081778321646365,0.4229359554846734,49,0.0,0.012220894747323937,1.061012022963965,-0.06430076295156562,1317.6177580737703,1201.7819672084981,777.4553458673824,0.0,0.0,79.38798338319585,-49.21268673871722,58.839458594985224,62.962612602482835,70.87992496688149,74.84651129745495,76.92171753879782,63.17710093123562,68.22023746016049,59.87306440344213,67.74759335792767,82.64950829757896,70.93125840179727,20.406358014637917
902,2060.2264911925968,1201.950161415529,0.881646976147516,-0.08215201898876498,0.4644256162082977,49,0.0,0.01581923411874781,1.313652380028786,-0.29620114249552487,2060.2264911925968,1201.950161415529,978.6009937541343,0.0,0.0,78.91432682805693,-49.21238605799925,73.56025482656827,100.69662713502039,76.7734383866487,94.78060747985381,77.42193141449657,104.67432553280567,73.0867522724142,91.89582380759825,71.3032738605215,94.6309363169297,88.36193304469084,31.415089676586323
903,1496.8877390386826,1203.415315315275,0.253474559065377,-0.5812007718071431,-0.10016987955804361,49,0.0,0.014324171726986289,2.680277016473397,-1.0704492056955797,1496.8877390386826,1203.415315315275,1049.5372313263242,0.0,0.0,79.27363878850782,-49.212127848435465,104.4455850827062,95.4913607540633,89.42012602982444,89.70055413953452,89.61572011769303,89.7625269018015,95.12124159526894,110.58068465461386,79.70699099124168,92.6073590288483,99.5227625131406,13.562319517587733
904,801.2474903867729,1203.5913600254528,0.5179880463350923,0.012261048603060726,-0.18011879810799106,49,0.0,0.03538436438845334,5.291754238846435,-1.808999165890285,801.2474903867729,1203.5913600254528,1297.3402455046185,0.0,0.0,79.7173206103348,-49.21095169469242,112.496911592954,112.38517214412377,130.16896687988043,111.53713122566563,115.25195697126459,134.04676729264935,99.39482227941495,98.67126283765667,123.81168138625858,103.14952343362003,129.81166251250687,26.614386948623448
905,466.1171849702108,1204.911131094197,0.5240254017868637,-0.2946305072206335,-0.6786285826111403,49,0.0,0.04944257536792929,7.3143715946667385,-2.1604425504555143,466.1171849702108,1204.911131094197,1628.744172693155,0.0,0.0,79.93104139073014,-49.209264088579,141.65307230754618,126.51466512336994,137.00079141613236,161.77504285146185,138.0104548147483,149.04428837261304,149.83976618108926,136.88537646767674,150.71616154241786,142.54903279271417,148.11457454748574,46.64094627589945
906,2682.995689201768,1206.0613158099493,0.6133423522880842,-0.1115901141019621,-0.10421761994023641,49,0.0,0.03678914362234387,5.364154432729688,-1.8237531814858463,2682.995689201768,1206.0613158099493,1115.811203168081,0.0,0.0,78.51715955655219,-49.20898683101062,79.1252111973923,98.25193518443095,99.94197007343756,103.17587380152219,90.45933011092282,79.13728660192109,111.44774267203906,111.33998107870626,113.9905309107011,100.78391451539034,101.36337273627348,26.79405428534387
907,180.56568941078893,1207.8313939753218,0.2868029183262394,0.06867709204886695,0.16467797957440083,49,0.0,0.020566216587260325,4.894752299812517,-1.7243267977807464,180.56568941078893,1207.8313939753218,2401.5878704301786,0.0,86.08498494568931,80.11311148861766,-49.20676698744935,133.62366545007367,147.96758859658246,347.41861217340016,251.16644507135274,366.7159848341846,132.74258756093414,251.1670291090304,133.76484953924526,290.86860936946834,220.41985047502467,105.41721192558317,20.315436325299395
908,1132.07433672546,1210.5843097026377,0.5675876720607149,0.18966267127333208,0.3577015247999429,49,0.0,0.00914391311479247,1.005400038495475,-0.005847243801585583,1132.07433672546,1210.5843097026377,811.5632262052968,0.0,0.0,79.50630482195342,-49.20877439693373,70.50452725008185,70.08311687032563,72.25076206180086,79.57993891871843,69.86238692704816,83.46700954436889,51.60078329227521,74.80006877981981,63.21898556620467,78.5909646066574,74.07926047345546,23.525421914540452
909,178.24455027814057,1213.5522100669928,0.453699721984692,-0.10535025425414397,-0.891936223332661,49,0.0,0.023360803203148255,4.182751810484985,-1.5536552396642032,178.24455027814057,1213.5522100669928,2566.9313906362595,0.0,79.3010318407371,80.11454792595636,-49.204372050411635,81.47928819266377,203.59968497947776,323.9500038468125,448.01485648215987,385.389105413219,54.36584590355249,193.82276497236185,164.50935959664844,479.34602542805476,138.3043379663149,45.040775386590774,49.10934246840351
910,1267.1617980584808,1212.8984900064315,0.4494081364380328,0.15278896534047826,-0.21082131058941933,49,0.0,0.02339879246847139,2.799219541114516,-1.1175924031460618,1267.1617980584808,1212.8984900064315,1393.7384350665607,0.0,0.0,79.42014559502488,-49.208000327754235,131.04728635453415,127.65625395228719,105.28731162240851,110.11189829035568,119.30689482541042,131.95241010570504,120.91467119528573,107.58196776397676,117.60841542001228,134.59002952955498,139.58754802182676,48.09374798520319
911,1372.1795664088993,1213.7907096544202,0.4216839275850824,-0.0718052545462751,-0.4354046420354322,49,0.0,0.007656714162785298,1.0491971803228648,-0.052142786925350355,1372.1795664088993,1213.7907096544202,851.0427644182433,0.0,0.0,79.3531676591061,-49.20773213045909,70.67908959768994,72.96257739050647,86.62307947485924,80.74277768795568,69.09694641561425,66.13978836200931,67.09065581006824,89.63302618085109,79.9908580000417,82.67415638497698,67.65026154330754,17.75954757036291
912,678.0436859807738,1214.5676620034162,0.5985864105364448,-0.905858878336348,-0.46238629768416384,49,0.0,0.01222394099130418,1.4569182872850202,-0.4085879865348397,678.0436859807738,1214.5676620034162,901.5774068718788,0.0,0.0,79.79584131544804,-49.206006075697275,63.11948868327857,80.96453399285392,93.41221008000736,72.65771658171607,88.9362631928919,91.56076450647893,73.07023979399571,69.11485571730127,75.2597982803457,84.2730222109064,86.55815395785277,22.650359874250036
913,1883.4002369198897,1215.1721159041747,0.5753523359380405,-0.07232800792068979,-0.17147229105777895,49,0.0,0.9742165529861493,145.350485263255,-5.406041215082115,1883.4002369198897,1215.1721159041747,16652.101459345988,0.0,0.0,79.02713032703485,-49.20710756515173,1363.871529838838,1475.3994735370961,1418.485367358101,1462.6915593073427,1479.4388701788516,1529.5750355383648,1538.9862159925146,1456.9741435648389,1528.7905975501058,1463.136474968256,1505.1795353832194,429.5726561284612
914,635.1033823654393,1216.5193135006532,0.7962278645488257,0.0008343362147316351,0.03665850484905281,49,0.0,0.017443402724272142,1.7851616973487119,-0.6291938999801685,635.1033823654393,1216.5193135006532,821.2105217487276,0.0,0.0,79.82321397716454,-49.205050634035494,67.8986345626667,66.13677612822337,66.85277609669384,86.91483859977816,59.56898825212423,77.53039528108962,58.11821582867705,76.53223956976817,87.2438698178942,71.63228203288469,78.98513476656026,23.79637081236723
915,1345.9058413043476,1215.374766251024,0.7570408130818628,0.46305479802773136,-0.014579882573378989,49,0.0,0.01410298475601036,1.4235061004726208,-0.3833983316683044,1345.9058413043476,1215.374766251024,934.7252888383722,0.0,0.0,79.36992192467658,-49.20704983905611,106.70879147077864,70.06026265905658,75.98590120261176,81.54319380184444,82.90137823946985,82.25532973126079,97.21380962976842,80.59572764405108,69.5795517771364,67.4318129930229,90.26090557147072,30.188624117900545
916,465.2515406623306,1218.2361363150765,0.4328960564718701,-0.17478231764100402,-0.46690329173253037,49,0.0,0.02990374531351506,4.550727091589741,-1.6452019788063652,465.2515406623306,1218.2361363150765,1399.8361984071155,0.0,0.0,79.93151232904914,-49.20370904021738,119.55075985118764,128.55728863111125,116.91951389852377,120.1443021820206,114.67424879066104,127.13024038207557,122.5243770966893,136.6283833963263,117.98356431618768,116.58541427746232,138.63770023013376,40.500405354736344
917,2612.51661617589,1218.3789129209106,0.4613681706844704,0.24747657049621677,-0.472162922269831,49,0.0,0.00885292756834464,1.2154219331295715,-0.21181767306592023,2612.51661617589,1218.3789129209106,857.9780396966353,0.0,0.0,78.56217251349241,-49.20411403116495,105.60447686504651,77.63372922351735,73.86374623507376,61.314662751180045,75.90815795155979,73.22611161404592,81.2134886994932,71.84563566657752,66.30445803231504,68.67089833514183,75.39963815004919,26.993036172635176
918,1035.158156655398,1219.4008341541717,0.5119123440791462,-0.11631282986251572,-0.25356677728446697,49,0.0,0.015268461974749601,2.066728155842725,-0.7882083901875281,1035.158156655398,1219.4008341541717,908.5530758677273,0.0,0.0,79.56808778093625,-49.20492504572837,64.74439644477047,83.45956513562786,64.43260755931271,74.4298673370178,91.48074159250933,89.46483239805619,85.05273624987862,68.06549880359992,92.00663914311751,89.8036268423572,84.04518527106181,21.567379090418
919,1161.7680805594978,1219.1588963043607,0.5966697884458808,-0.19185121376679365,-0.23264002629676203,49,0.0,0.140330642278114,20.51112669983842,-3.2799737933005964,1161.7680805594978,1219.1588963043607,2781.389966759659,0.0,0.0,79.48734689690896,-49.20524901637552,213.27060356391195,249.41181293460778,246.65111904494412,230.15013605963154,236.97801872493858,248.48724224802635,257.2649224034459,267.67606238187193,245.02656643019984,249.7396420329819,266.3504256693099,70.38341526578935
920,1987.2041000124104,1219.468233347614,0.7824074603814989,0.3283409806810713,0.1662868280394566,49,0.0,0.01493850107884697,1.121466452605876,-0.12446571671886097,1987.2041000124104,1219.468233347614,1813.1517222899733,0.0,0.0,78.96093811607564,-49.205195518842594,145.2599993004869,162.12495418570023,170.6537921253282,145.1013937978077,156.38054295348252,167.37114714808678,190.52388891435237,144.47392064760686,157.29735080207507,148.60037564354974,168.1663942112624,57.19796256023445
921,181.00974752227057,1220.213278840579,0.3438206200794847,-0.332910739807318,-0.9318574770580154,49,0.0,0.030608528060607595,6.105131970465562,-1.964237640573467,181.00974752227057,1220.213278840579,2438.7927493425873,0.0,91.69617963925936,80.11273412840204,-49.20161076494578,132.5740569301595,510.65478413525994,162.6163681828535,166.4572562752063,148.00320661215517,108.23392994892501,263.27055604294355,224.0495048288491,344.3427147817104,175.86865817719104,125.54422467452612,77.1774887528079
922,1359.7857478083904,1220.3437106328627,0.6913894155285412,-0.4729735086565222,-0.47900140113808626,49,0.0,0.019878588803782057,2.0856867457298063,-0.7981227031590487,1359.7857478083904,1220.3437106328627,1258.9403440564379,0.0,0.0,79.36106353304194,-49.20499153854441,113.46210991857072,109.46955573229395,118.11968224059909,108.84105151923039,112.75062736499173,103.23638594355829,112.18033063855422,115.96717961682606,107.39356918738258,115.52642271462454,98.99476102031585,42.99866815949033
923,2045.0085571404627,1221.0162649758884,0.8151316860654788,-0.7237075922387036,-0.09547462753562455,49,0.0,0.016793275811407167,1.483095382892458,-0.42792270719294845,2045.0085571404627,1221.0162649758884,1079.776359975221,0.0,0.0,78.9240785043005,-49.20446617135448,70.00283139112807,102.01662148789131,88.0075712460321,95.67494366912743,121.60747149650189,93.29310704712057,80.76818007605179,91.6346970023802,113.82940007977102,88.51131603885466,100.62600121097196,33.80421922939016
924,2626.328106039733,1221.3207531911692,0.5208316227219384,0.1699715447274654,0.3927681371678382,49,0.0,0.013765353540805221,1.8447529509849947,-0.6648455343570463,2626.328106039733,1221.3207531911692,887.0285811970928,0.0,0.0,78.55338163213928,-49.2028389483077,76.36433622493819,90.02516495332748,71.12934773556569,78.54510736628532,83.33597105086947,77.37061097807629,92.01612306555018,78.85732834760748,67.0777383143072,81.44149113514246,74.0513785728237,16.813983452599246
925,2860.528433829786,1221.5423216860002,0.43373150676149314,-0.35139855197480285,-0.10084004750792974,49,0.0,0.01597675387469805,1.9735469122673488,-0.7381186356668058,2860.528433829786,1221.5423216860002,1145.8164737040795,0.0,0.0,78.40405128976828,-49.20180699187052,78.29948171978342,112.94720147473713,88.99353649644694,114.62657249743984,88.121420789806,103.49481086324565,92.20595360296639,102.21755264918981,96.43622579671889,141.77921653597332,97.87967607833858,28.81482519943365
926,442.93090590396974,1221.7148892696366,0.89983657766373,-0.3026653195410709,-0.5219689832413795,49,0.0,0.051867767122585375,5.165704650842797,-1.7828239294016015,442.93090590396974,1221.7148892696366,1462.4384049203709,0.0,0.0,79.9457232882147,-49.20216986040016,116.87442719914313,135.02494551169818,134.39923207113142,132.19405709912283,147.25114515676063,136.25011319017165,115.85588263111853,125.8693505197038,130.07946104196012,114.98097302366652,137.54269974564212,36.11611773025205
927,1434.8487091072611,1221.788138847008,0.5783130509811625,0.6388309697392993,0.18251725200379684,49,0.0,0.011458603186220455,1.312019553893955,-0.2948507691634368,1434.8487091072611,1221.788138847008,957.5908289522719,0.0,0.0,79.3131923579793,-49.20444324669076,82.07717892258083,89.14914561796414,87.2898343633077,81.4859629044065,64.17295165155383,90.37308495959749,82.99414771323492,92.44810329889448,84.73897459332164,101.20488215225099,83.81433043829381,17.842232336865536
928,195.07344654527037,1224.1478736291035,0.5791553633010578,0.34697601629513297,-0.7482704208511136,49,0.0,0.02562946621415615,3.910047669287489,-1.480455130307004,195.07344654527037,1224.1478736291035,2637.075555035337,0.0,235.73922606632055,80.10373781072975,-49.2000412907303,526.8533753034559,237.68994327821588,356.98841544791117,262.9396955832324,360.9429491046256,194.67233002044128,109.68620570318899,250.37890843268437,120.04377579276674,20.30614179229911,79.7460838767927,116.82773069972302
929,2011.1376335234702,1224.90430414038,0.531820592303391,-0.22037651037295958,-0.1359166596569297,49,0.0,12.657874587662024,1844.2534185968748,-8.16455149290078,2011.1376335234702,1224.90430414038,271742.20085758413,0.0,0.0,78.94568706268804,-49.2028970297751,22239.350487827585,23676.487988363777,23709.50084741813,24185.486088594436,24685.524177031344,24553.86763726278,24306.275687297042,24442.154995738656,24410.230995865095,24141.10851629298,24346.050336996166,7046.1630988960405
930,2915.126157075272,1224.727693964188,0.5960610563775955,-0.010779665784190576,-0.2243362229355444,49,0.0,0.02317784295889517,2.676213320793239,-1.0688018201525387,2915.126157075272,1224.727693964188,1211.0762225002652,0.0,0.0,78.36926245328166,-49.200233185837476,117.1765397562283,120.09195491409446,120.46082014110259,105.35363735511714,97.65579048740634,106.68205987833167,105.59387731748181,102.93203951553531,96.19169884953736,106.09111966970798,102.80259777395406,30.044086841768284
931,2795.2039267822765,1225.6246284680208,0.5660295488533121,-0.28510844155792037,-0.37216769046263853,49,0.0,3.6887809320607055,520.384126164922,-6.790810100853165,2795.2039267822765,1225.6246284680208,92974.46702911978,0.0,0.0,78.44572883980985,-49.200387640896444,7710.94958324067,8058.912005813892,8197.742252887925,8033.981888741253,8431.219674567343,8545.175013710512,8315.354351733658,8316.100727097417,8368.385404687848,8234.112373667498,8277.733643338948,2484.8001096328126
932,2585.4206335030153,1226.652451614602,0.5970898466795479,-0.28016537023884763,-0.2345584573746545,49,0.0,1.4586627596581765,212.2455046604777,-5.817096251744353,2585.4206335030153,1226.652451614602,24394.853068398574,0.0,0.0,78.57949434994589,-49.20076193593566,2013.8643113619983,2102.8195808505557,2063.2312147479142,2027.7589461409027,2179.302265771317,2206.124237847587,2310.491636957666,2206.217213295273,2165.469439933972,2239.4304574732896,2209.621672034533,670.5220919835604
933,192.5075922712235,1229.2246181951598,0.3485340806474841,-0.14045113546891613,0.05043271477388904,49,0.0,0.00760946692623085,1.231692406820859,-0.2262556601973459,192.5075922712235,1229.2246181951598,2368.2141484284166,0.0,234.172495050512,80.10533538100216,-49.197913586084674,633.1990094890982,108.16521124164476,390.7694080032119,178.81558073978277,169.9570433124676,189.05233380514298,105.5740603561216,181.27830735294725,170.9553633121813,46.85570066475221,135.00105774562678,58.591072405439675
934,1111.219301544921,1228.000894527008,0.582947396264218,-0.032418841562693666,-0.22420002554273427,49,0.0,0.010041379127538705,1.0019669023500737,-0.002133439646100467,1111.219301544921,1228.000894527008,963.6909630189845,0.0,0.0,79.51955979941368,-49.201482583073805,75.37747825007352,82.9184620200731,84.030364142423,70.44637776286211,78.79039960041888,76.40772050097955,83.44404658996226,85.21258230445288,94.14966998998088,100.63721777583129,100.51447265141856,31.762171430508435
935,1882.1512886821938,1227.3529276022887,0.6987154887099318,0.3819011906611584,0.2637489423234072,49,0.0,0.017869685739245883,1.806084116598434,-0.641844933221426,1882.1512886821938,1227.3529276022887,1369.5594200916817,0.0,0.0,79.02794524111987,-49.20203352829609,101.0490104114959,128.26436210297493,117.58037620821605,128.86673253377265,127.94967562270755,133.5562662317068,113.8227599545331,117.29402865185955,111.22963236333257,120.32953342653117,129.74481405274776,39.8722285318036
936,1999.2467939840876,1227.634194572968,0.6628922846371732,-0.3908607356660277,-0.5056218338955215,49,0.0,0.03865298961330656,3.1823050636964414,-1.2568545246446505,1999.2467939840876,1227.634194572968,12075.868339186176,0.0,0.0,78.95327563577133,-49.201776488926896,1051.2017612076472,1089.4949482386025,1122.3882816801486,1102.7027742683272,1092.2480953946147,1115.2213842945985,1026.5034887533566,1100.0155682951963,1074.2387215996366,974.1296974605724,1013.3131309620777,314.4104870313969
937,175.2321666152755,1229.9753367023877,0.5048102792791427,-0.5914392117936265,0.005668721276269125,49,0.0,0.024677047347721904,4.0303629857693535,-1.5133604041974102,175.2321666152755,1229.9753367023877,2460.3667165800935,0.0,64.5040744291442,80.11634319884469,-49.19751493509131,136.80064336920572,341.85927744833987,194.94119980928238,64.3764721495267,165.71659455149273,385.20626115077675,539.757717046616,209.9406688755434,72.15232613594493,125.88818474883001,200.15841424194252,23.568957052592502
938,2509.908971752785,1229.675551980915,0.6198460901353625,-0.10238762085130386,-0.24453486605407448,49,0.0,0.03666616797599458,4.876703537591325,-1.7203158873889954,2509.908971752785,1229.675551980915,1237.0914715476626,0.0,0.0,78.6276574687926,-49.199753448355786,95.60578676958225,113.90463698949448,97.8187829773675,98.78992371173669,107.57714687505445,116.43476837157661,116.43694647898099,112.23919089749978,99.21287525087858,105.68270630886471,130.06034487063303,43.32836204599356
939,670.4896987085704,1231.906024474538,0.6751601850169272,-0.21224095960400077,-0.34866436478446683,49,0.0,0.278881481232138,37.6632124326098,-3.9397933995478622,670.4896987085704,1231.906024474538,4598.830396621106,0.0,0.0,79.80057203428491,-49.198757633131976,383.439269616553,390.3245416552107,408.75413501217383,428.0049434761826,407.0412323114724,418.4513007557147,375.43303857790664,393.58395995535795,427.88006615823474,440.007278668627,387.8624753763023,138.04815505737037
940,1742.4378855334974,1232.5867315321213,0.7644344687102177,-0.7099744884333363,0.24374169458169792,49,0.0,0.012796308980049066,1.2871323626561455,-0.2740580250219635,1742.4378855334974,1232.5867315321213,973.9790121044022,0.0,0.0,79.11704333134708,-49.19995667609311,88.46085372652543,92.19417187396418,91.45602050433621,78.55773923152523,76.88514878256831,93.19927978440988,72.75117019176578,87.49895519568646,90.20669591819055,81.71057978852237,95.41683317850222,25.64156392840561
941,2692.4320879334336,1233.0428025805656,0.6748025935556042,-0.053216018962286296,-0.3430977333126448,49,0.0,0.01592684440417174,1.9114344909132095,-0.7033985459446035,2692.4320879334336,1233.0428025805656,902.6368951030018,0.0,0.0,78.51129973411955,-49.197709435869534,96.27915599551804,78.00813213126969,84.49078492380602,77.9662726705596,85.99182618526433,90.75405313387708,69.0943644612671,80.45736312363658,80.20765492149405,64.95776556491627,75.98218634811246,18.447335643280642
942,1952.9356427057876,1235.5351514284253,0.34117734513866776,-0.4330422138127934,0.10325720234591133,49,0.0,0.013846924023392231,2.145698424451912,-0.828921705771001,1952.9356427057876,1235.5351514284253,1088.1825259577547,0.0,0.0,78.98282239124714,-49.198545535413345,85.31725870221382,97.94758990110775,120.12379315445246,65.5831795650719,96.35410573031912,114.04593212041121,83.50001761266358,105.39494944247403,102.64514983636187,97.79302347414509,80.77162832239955,38.70589809613424
943,1693.9998724080128,1237.0934051974325,0.3792243388734921,0.6950254429203399,-0.42340664969044983,49,0.0,0.008997313235434014,1.2169225770319516,-0.21315737113515226,1693.9998724080128,1237.0934051974325,822.1998560443436,0.0,0.0,79.14793288460068,-49.19809892598145,80.91309148626647,61.8885986761931,65.3056022077342,68.41993323318206,56.84739323478297,61.5661140835401,76.07425602309843,70.17906199879192,85.82816621426119,85.47824745030536,80.86922908091398,28.830162355273764
944,1755.1255510027788,1239.5500726039284,0.9616359974765402,-0.41397143561378846,-0.19487136508525255,49,0.0,0.012809279965061785,1.0530836154767484,-0.05615713949849531,1755.1255510027788,1239.5500726039284,867.9760938362747,0.0,0.0,79.10895861164413,-49.19704870444512,72.10273720842751,82.55114159638748,71.82165901367084,70.81260223763206,79.65057068635434,73.22689519695436,82.47605978184731,76.70929609096152,77.48979892344377,70.47566559442544,84.93120054569634,25.728466960473817
945,439.04589573678146,1241.7346372908037,0.4977790411639647,0.05295703154285781,-0.5334766340247883,49,0.0,0.022582461915689862,2.9720901657616263,-1.182654951734416,439.04589573678146,1241.7346372908037,1219.6027571558254,0.0,0.0,79.94807583839325,-49.19381324043592,87.38178944560573,100.65372355409795,112.18905588968347,121.47220739015668,114.02404888927752,102.77483596634782,120.8894013979884,88.96146728556943,126.3287580334212,118.77453704722086,98.22162396064064,27.931308295815672
946,200.15439765411458,1242.125566432716,0.3514057467089965,-0.7541809125677927,0.2752228227147788,49,0.0,0.02326924151043645,4.426150194739416,-1.6150653674257975,200.15439765411458,1242.125566432716,2523.2026148571176,0.0,384.7174076564079,80.10036351278586,-49.192576565286124,245.80239706089662,247.41646510316218,288.80991679392906,309.991434864178,206.32165974241917,229.67164945043433,139.64274237669986,283.4701337088852,178.10679058174767,170.08505491458294,167.76081293198027,56.12355732820222
947,168.79464514999384,1245.0186040648994,0.5576949688871718,0.7729080528856267,0.9673341293810696,49,0.0,0.02391187547272467,3.7887687733090374,-1.4462452532638896,168.79464514999384,1245.0186040648994,3172.5232037108035,0.0,67.26555689842226,80.12033185080492,-49.191215469458214,94.83598643443912,1325.030622961929,136.50280177108502,143.4570910127876,300.1558297676257,239.79367895456033,138.76911493724498,196.13272936028423,160.01417667717402,131.2574045131313,231.05320082664446,75.52056649389752
948,2454.1731200198674,1243.7788082433826,0.5944262376997684,-0.2475612566045207,-0.22049425944097875,49,0.0,0.14437918563713306,21.040238547194065,-3.307626648488327,2454.1731200198674,1243.7788082433826,2964.934470505085,0.0,0.0,78.6632603798545,-49.19404986530517,234.36813065619702,261.9059591995679,265.5203588834045,246.69902733636474,259.84138648924517,274.81615537828,261.51270504151955,293.0232166872239,267.3918522624608,254.86877527095405,267.89647831451805,77.09042498534942
949,1207.0384879100618,1244.9091073725676,0.5226697039690767,-0.12082039617997443,-0.2821407882203171,49,0.0,0.04770539065695261,7.06636758544253,-2.122990563138052,1207.0384879100618,1244.9091073725676,1538.0503543449036,0.0,0.0,79.45842248499584,-49.19458607734829,121.04460122090435,124.10072490538849,133.35345606395697,149.27564134641915,137.25584300713092,129.08971656531543,133.53017956521964,124.77083698886355,158.35149248545548,123.55218062993386,153.77952499781992,49.94615656849569
950,1678.7973063623988,1247.5988504564884,0.8096742275620462,0.11214978357036302,-0.13003969230684723,49,0.0,0.05208842293989506,5.752952761717484,-1.8997270199717708,1678.7973063623988,1247.5988504564884,1340.0432558401417,0.0,0.0,79.15763109939775,-49.193726272277964,121.89424812513823,99.08405531055467,99.89260687196159,126.05292425776797,132.70221169606054,123.6630759432019,109.7705376740414,104.95968997858171,123.04856116447927,131.37398770328068,124.4882621214045,43.11309499366914
951,1255.2430852616953,1248.5446407360084,0.7615219210333984,-0.2897293731730209,-0.002403664459533032,49,0.0,0.01326151223616607,1.2976885130195972,-0.2829261508240127,1255.2430852616953,1248.5446407360084,894.7038595330392,0.0,0.0,79.42768095548786,-49.19313378201407,68.87459329235847,82.57807536101669,79.45291326058694,92.59638553899136,69.81228255432123,75.26579513084815,79.76807152493306,67.57727679765011,78.85033678495057,72.2267866530361,95.21780193254651,32.48354070180006
952,1413.227721311976,1249.1998471027666,0.7184036833548645,-0.025499864198354233,-0.19663820380355826,49,0.0,0.14559734340693697,18.485835291054883,-3.1670976978760064,1413.227721311976,1249.1998471027666,2686.7330056463425,0.0,0.0,79.32695304519044,-49.193008411757816,213.88067052670397,238.837445114392,247.94907288066992,230.31673571636992,238.77246211055888,206.2886826182802,207.34559172670873,260.9576901139331,265.4567943850726,244.64594070163963,256.1373774283252,76.1445423236882
953,1811.1442451748712,1249.3159561939137,0.6422305387175551,-0.31101329222547763,-0.47103180404566586,49,0.0,0.012883056568021871,1.4471412290320016,-0.40127729185476585,1811.1442451748712,1249.3159561939137,883.7150987608031,0.0,0.0,79.07325057181872,-49.192943714125605,76.82866680530853,78.49232209843609,79.37006276614605,86.34014477701297,77.78962255878731,76.49798937350003,99.50920632223071,74.9751601241355,72.60548228089348,59.055569050449336,73.99561590148471,28.255256702418457
954,1348.6978139404198,1251.48289691359,0.5575157094007817,0.1865206201947377,-0.23817723498151733,49,0.0,0.02009532217604403,2.407076990842493,-0.9537249537342163,1348.6978139404198,1251.48289691359,1094.8015297305624,0.0,0.0,79.36809259956861,-49.19200743298863,82.98817910338352,99.13225139225084,100.80801290318885,107.27530770788911,82.18643608221676,102.95592378047095,99.03358482439401,87.41189779576055,92.32649983916028,97.71499502661727,116.45330457380818,26.51513670142215
955,2177.6266797528892,1250.967463749788,0.324827085261836,-0.1206062512229617,-0.3158036696846014,49,0.0,0.015939712395118696,2.991086510196072,-1.1895724354180246,2177.6266797528892,1250.967463749788,1059.8087941802062,0.0,0.0,78.8395993959223,-49.19174901176671,85.69473053974178,87.29226385217736,80.84863200613607,88.34524915275716,94.71800993947681,101.88706336409973,93.04603736907998,78.62270939323332,101.7031986037792,115.30852729164275,100.63671382736956,31.705658840712374
956,2913.8118015475784,1251.440917762735,0.6082551100917047,-0.23512673274069898,-0.5155083675946315,49,0.0,0.05631380664015993,7.2633199684168295,-2.152837941002751,2913.8118015475784,1251.440917762735,1832.166945598977,0.0,0.0,78.3702884325217,-49.189110000784446,140.37487551168942,173.692743295791,151.21482260385056,139.82064913182504,180.59842903616982,187.02756230273178,138.80635604854945,165.0805840205315,182.9102839021175,152.9267960019514,172.308286720399,47.40555702337052
957,2004.9177897791135,1253.6781069720319,0.5892194625505586,-0.2691927429678672,-0.10485135295040643,49,0.0,0.044926430141785344,5.893927367202836,-1.9260119489843854,2004.9177897791135,1253.6781069720319,2260.3046363410285,0.0,0.0,78.94971579209681,-49.190917047889855,187.76801853598568,202.4781492396976,178.0081974777038,197.120071686919,214.5890587362082,206.99589294151815,201.78582794681466,202.11102958864265,201.56970337282837,202.649470566707,189.8702888673069,75.35892738069673
958,2427.6677362701994,1253.6506994966237,0.33898164341724346,-0.42013690311779606,-0.729433202566728,49,0.0,0.008945772616810708,1.066159019134258,-0.06955496290364947,2427.6677362701994,1253.6506994966237,904.7633116521984,0.0,0.0,78.68020268606588,-49.190014954473675,62.24292631472537,97.94352461696181,83.10804852730459,87.77822540464098,75.15687128922053,68.00001762888597,73.29353184743877,86.5572727753065,86.44108807836635,81.87129428596583,77.99762484531374,24.372886038067985
959,594.4535427431445,1255.2794042524386,0.5124541508966695,-0.09049946378164411,-0.33666244143815405,49,0.0,0.01671105967036809,2.18916473358473,-0.8506961081169296,594.4535427431445,1255.2794042524386,1064.0667186771566,0.0,0.0,79.84892647367494,-49.18876104377934,83.2238083830887,100.68155835095557,96.58645178295355,90.70377406347785,78.31830571154677,91.26466251502526,89.8147852691254,99.24766266964309,86.10809586898648,103.35556931137583,121.00857862819444,23.75346612278387
960,937.171936085129,1256.5428619295792,0.2388127267575049,0.0236536369828779,-0.2990976111426201,49,0.0,0.022681609225115393,4.49474235977452,-1.6317620071725527,937.171936085129,1256.5428619295792,1276.2377125593973,0.0,0.0,79.63044237747472,-49.18923838640143,107.37188966640518,109.06600437473678,123.0757036663567,98.59470122398804,98.57577719254657,115.8163516718982,125.84750068992682,122.67270602819748,113.27920020062592,100.37693134045809,118.29394063524626,43.26700586901125
961,1910.9430089148536,1256.9716231977643,0.618267690606179,-0.16887618666120977,-0.15231220144778765,49,0.0,0.6325517725679098,91.32074501731277,-4.901423614787173,1910.9430089148536,1256.9716231977643,10037.33299325942,0.0,0.0,79.00963436245182,-49.18966263915275,816.9803935097982,856.2594255732877,868.9224819283529,929.72664220193,881.9298880758955,909.9416153491604,888.5418637004815,866.5054844025735,901.3990216070158,899.777413467697,949.876000783797,267.47276265942844
962,2331.1694982875088,1257.1135094987524,0.7268770381276902,-0.5685113761499683,-0.5283914115102016,49,0.0,0.010956304394210234,1.1315158063703268,-0.13415156269873105,2331.1694982875088,1257.1135094987524,831.9971795956676,0.0,0.0,78.74173451515357,-49.18883592749219,70.34447815521428,79.85343853946306,61.475802165679255,63.50617441616537,80.63894291806625,81.27755129556992,59.15788027748273,84.29165479264665,69.91929907390517,76.85210287941052,74.02018309240174,30.659671989662648
963,2722.1952552647444,1259.165340239882,0.36263996254682573,0.23302796061515427,-0.0020970476154785343,49,0.0,0.010845920828262882,1.538623788595653,-0.4678311069044554,2722.1952552647444,1259.165340239882,907.043434828186,0.0,0.0,78.49248067262472,-49.18671034090503,76.73199776788958,77.31873339755512,82.25468637135312,68.73067187747368,73.07802479037778,95.9420837193566,85.93081329903785,74.54881826955526,96.49438805423162,79.02692506327386,73.96057703103511,23.025715187046362
964,223.16963443991713,1260.6727738782547,0.5336659498801096,0.1498478135446668,-0.01324679891305383,49,0.0,0.008926676305934385,1.2100407349364666,-0.20699997674226084,223.16963443991713,1260.6727738782547,1095.697041846436,0.0,648.2195998260349,80.08555527923143,-49.18496168340592,81.70369877838026,83.77103552692675,102.18237521723353,67.8197074279149,84.47874255126938,129.09683144527713,84.64321405466242,135.25764586071958,74.10021245918097,95.5282618492941,137.36141057894048,19.7539060966364
965,1688.3196487506082,1261.1840918009318,0.430588851269524,0.3401078566791917,-0.09011134267094964,49,0.0,0.013969680216989723,2.0038241171532327,-0.7546489982000897,1688.3196487506082,1261.1840918009318,959.1193162587949,0.0,0.0,79.15156617429047,-49.18806301784032,72.23180323955162,75.18734787946613,75.99847547692966,80.46692133981728,90.75233405057872,78.87192587188719,87.14832346615628,90.24451905556457,94.64496119011193,91.46591112672075,93.9987939728797,28.107999589130962
966,2563.492651661119,1261.293386843967,0.5867509186556165,-0.056322376666277964,-0.1734438271519839,49,0.0,0.02175154258335468,2.8357406588685796,-1.131666275399199,2563.492651661119,1261.293386843967,1074.087333497193,0.0,0.0,78.59365491118463,-49.18640410544741,85.13258235565353,96.25290096811624,93.61210950764477,90.28675648870488,97.35118632854022,103.45005311914288,92.11479429937742,98.99028490429929,104.32474074648502,104.02750001153623,82.27999094704231,26.26443382064995
967,207.0824748271191,1263.0506193892613,0.8454434907802448,-0.5879663739525133,0.9124631219596189,49,0.0,0.0279141644743221,2.88391406019263,-1.1499557859747362,207.0824748271191,1263.0506193892613,2289.898922977476,0.0,465.5323841963235,80.09579093519544,-49.183892854168406,83.8545291540442,182.11601291202618,158.7638298310369,107.99510807361185,270.85293998277353,316.1471584224172,209.06858910970396,446.36513624792343,81.42352073830315,314.33380421955263,98.53279700075286,20.445497285330276
968,1029.8204970717397,1262.5536174005733,0.9865808077996439,-0.1314237035973256,-0.2729039532832535,49,0.0,0.01552890206339784,1.3345774374113584,-0.3133594458047626,1029.8204970717397,1262.5536174005733,910.2561132641732,0.0,0.0,79.57135970428563,-49.18693455953983,76.74396034385782,71.74889814210917,74.5240414434941,92.69475651327002,82.9669729713807,82.39583348726822,78.0099366834835,77.53924893511099,84.96595945886097,78.36220931555113,81.38477651426739,28.919519455519165
969,700.671997432579,1264.0622824326283,0.71498472375241,-0.2840291908305548,-0.32584666186459704,49,0.0,0.032324206183219475,3.941231536173863,-1.489079872960097,700.671997432579,1264.0622824326283,1158.4626212771711,0.0,0.0,79.78117261519866,-49.18545687842224,97.57508885353371,103.63295128566526,93.2385831795868,108.92835295903188,94.25492340229067,105.31318220085946,103.8661319434776,113.55173166346165,83.88321088654132,109.15627444898925,110.41058473027557,34.651605723458054
970,163.0979416221068,1264.0659811992496,0.20556023985178656,0.46319342368523253,0.8819600627728686,49,0.0,0.026907167549435018,8.441869880841667,-2.316096634628903,163.0979416221068,1264.0659811992496,2723.385587776206,0.0,42.83655256919581,80.12381649424557,-49.183251449526956,58.455324557360846,53.855988359664174,146.007631203077,819.995188729853,551.8103090137093,122.52066213395753,90.4542134599277,389.03096953790606,245.37177115886732,63.1455086108064,91.86470943230536,90.87331157877145
971,2208.676799914904,1266.170866634706,0.7852606538815231,-0.35508780109723154,-0.22173696551376892,49,0.0,0.07258143012740317,8.746206260738882,-2.3545492876114134,2208.676799914904,1266.170866634706,1531.7217677428316,0.0,0.0,78.8198531971535,-49.1853498670868,113.08457404657119,152.1094962022963,111.59113743076523,152.38804437456048,143.9596225303099,133.586030818597,116.98952151979533,135.1640021402717,150.51002984491555,153.5734903438675,120.42539919932744,48.34041929155397
972,2818.018782431689,1265.699064820117,0.38673846707091997,0.521795846036066,0.20609710351123595,49,0.0,0.055865662193798155,6.8194011474760226,-2.084365595817949,2818.018782431689,1265.699064820117,2833.395560133248,0.0,0.0,78.43144372641034,-49.183595009591386,252.2310261970046,245.94948984443977,226.60793316275195,273.957935992496,227.03045724063378,243.52866882412226,255.3381665293863,256.4091004492134,240.40484144800257,279.1946910741783,265.68376702986774,67.0594823411519
973,1362.2019476626638,1267.900166996391,0.6944846621225601,-0.134164083126822,-0.20631294617364263,49,0.0,0.41428815411679293,55.134433618620704,-4.353557293853744,1362.2019476626638,1267.900166996391,6416.54394851602,0.0,0.0,79.35946192422693,-49.18517858295498,557.5938381180038,569.249560846958,599.6639279407644,556.3325496373316,591.3950174466765,535.2714326775134,589.0873440833427,577.2858992881688,537.530114669273,562.8643123259628,570.3836862342768,169.88626524774645
974,2547.336205067459,1269.9857901767855,0.20211428878386056,-0.09251672283999393,0.0067012474440919,49,0.0,0.008995131250768496,1.2666111177054276,-0.25660823934219296,2547.336205067459,1269.9857901767855,1137.8521475657137,0.0,0.0,78.60399778849894,-49.18283662216624,98.72304759476187,88.50429932610706,102.98699074316869,89.49500922168944,97.94995879491697,95.002985987164,100.35532478269118,93.57785885214945,114.86981129640935,117.5308152307141,104.36045475419587,34.49559098174576
975,1303.807792947391,1270.1662885113733,0.6168117505853253,-0.20991391708600726,-0.07177534021928224,49,0.0,0.06245652263896887,8.66348261658397,-2.344231270783717,1303.807792947391,1270.1662885113733,1665.641431621421,0.0,0.0,79.39668299942446,-49.184179572734784,149.22681270318094,141.8812610286722,156.30142006456202,134.71390262635134,137.62124195212022,150.74424285060041,141.63842668971293,154.57547225937137,154.80477255832955,150.81006274597365,148.0084712671294,45.31534487541691
976,1647.593814378744,1270.4543855576233,0.5731478325245818,-0.33859684741851653,-0.12037909696952698,49,0.0,0.03740341992878044,5.350836882947781,-1.8210542799232832,1647.593814378744,1270.4543855576233,1224.0090332989812,0.0,0.0,79.17753179958032,-49.184210058581165,90.1163412390007,113.32342467211939,122.7100865641174,100.58481325513526,105.668731330959,98.75664264690212,114.14981663586443,109.21587968890128,102.43003068759162,124.81892182540298,107.24394728878626,34.99039746420058
977,719.4556379226883,1271.406494068263,0.4056098906675065,-0.04941906533067037,-0.15174688456688623,49,0.0,0.031742179839051164,4.920629706345095,-1.7300517104200712,719.4556379226883,1271.406494068263,1459.3332270890237,0.0,0.0,79.7691645831996,-49.18245563540908,130.76435167589818,123.98207989925629,123.56941262798654,127.2395418459794,114.32313031712266,125.32132101414436,134.5740260514708,144.98100322379065,147.5176019965544,129.47620434934692,121.75483071809177,35.829723369381604
978,1903.963007655186,1271.0412295086956,0.3630314317840756,0.67888509200025,-0.12939899525588947,49,0.0,0.00894072371064304,1.0740268127374317,-0.0775378088058577,1903.963007655186,1271.0412295086956,1052.864678617008,0.0,0.0,79.01410719079759,-49.18380788992774,92.36913636449609,71.13042075367377,95.84026624723572,101.01885021357452,88.03270025077046,100.02840009676348,92.23756195255302,109.31675527696287,81.66668575844633,90.07316938845722,102.36462869673107,28.786103617343443
979,2865.17074197274,1271.8806719715865,0.7028349434991684,0.33059182842579743,-0.5664910337610642,49,0.0,0.011916031048769786,1.2048257954145745,-0.2023106430875311,2865.17074197274,1271.8806719715865,980.4236551817203,0.0,0.0,78.40143241778988,-49.18081431874846,82.36535350761329,79.41328675158186,88.27940382953327,100.13876685455003,96.12574495644711,66.35533021565229,92.37017676696992,70.28854153583401,92.26993678052669,111.77404122378924,81.3970131569138,19.646059602308604
980,1909.2946202347293,1273.6086089840464,0.3519949635395059,0.2046706190786113,-0.004593514215128366,49,0.0,0.00800329536431591,1.0381277223377416,-0.040626971676413846,1909.2946202347293,1273.6086089840464,1010.4242916100239,0.0,0.0,79.01071277887112,-49.18273243468942,87.17014739571505,80.06708223502878,99.73444269421944,88.03356068651303,82.50920953385938,95.57894943466286,86.01273911316244,91.37359104862618,81.81672822792787,91.92816778955057,99.67578134822764,26.523892102530606
981,2023.1301240214148,1273.7979523757313,0.9908154639361999,0.01598953509260803,0.2507103123055099,49,0.0,0.01900855216530844,1.6568561059233797,-0.5482119814933695,2023.1301240214148,1273.7979523757313,945.6930760389596,0.0,0.0,78.93815023347675,-49.182507493056455,70.27699495701977,83.00768702126096,83.23166937973647,85.36567298669976,96.19168254449548,69.2050885978827,85.31244372464106,77.2566626057982,80.76626847365503,79.20011960130697,114.94173000327602,20.937056143187103
982,732.6208802030416,1274.6624022718981,0.4406378235278807,-0.18349922769416058,-0.2829184041870261,49,0.0,0.03073662801809506,4.249140683796119,-1.5707527757026596,732.6208802030416,1274.6624022718981,1535.5190751055652,0.0,0.0,79.76075793441464,-49.18113946426891,124.57539963891952,117.98412185694403,150.62223868087574,115.10525387997009,142.4827620726976,139.01777189665128,139.99470673752128,132.78068910779925,150.4719989621097,132.20871995023876,152.49989675654024,37.775515565297795
983,1763.2437269345069,1275.0106424478686,0.5458414977468877,0.03571784157328388,0.170637119129679,49,0.0,0.00999090592077602,1.2522938977767024,-0.24426566085205753,1763.2437269345069,1275.0106424478686,838.1326052117254,0.0,0.0,79.10381315222337,-49.18226906162654,92.5221535462596,66.70998821661819,54.82097645046841,79.22342897387358,77.95053027783993,66.34684457796082,67.14821909885488,84.65995839174806,71.55855141055758,74.87485124437899,82.3025108647919,20.014592158373446
984,2299.838766812196,1275.4703347852756,0.5959934938605105,-0.005914055296947611,-0.10445835621399077,49,0.0,0.17819863879543238,26.20158032200914,-3.545818715363321,2299.838766812196,1275.4703347852756,3384.174177102164,0.0,0.0,78.76177648803439,-49.18126613128919,297.5986272219052,334.4406268472076,307.34929884128815,277.6304269935617,280.76752081377674,303.5074966116931,316.48848965889994,314.54092778721065,281.7867328816576,311.4578136497851,270.1654697412118,88.44074605396645
985,1180.0815648517018,1276.3443414737799,0.6159375345944986,-0.16200513668043665,-0.181008496290761,49,0.0,0.052153559818565995,6.8980503649311,-2.096815902423967,1180.0815648517018,1276.3443414737799,1555.9725940898688,0.0,0.0,79.47553910625484,-49.18144978571787,136.82841843370775,132.26590384933593,121.41499169828487,124.20440991109902,141.44146386111555,157.95615066702658,127.74275859209214,138.64572137456113,139.80635512839288,143.7576084064247,146.95993984232226,44.94887232550603
986,540.7569511796015,1277.1591434374784,0.4774027618694089,-0.6326925858609043,-0.5132677270044406,49,0.0,0.010581736009712435,1.125254845213619,-0.12812722908740676,540.7569511796015,1277.1591434374784,945.7111128244353,0.0,0.0,79.88303180360693,-49.17945056549679,67.54479267759237,75.15430937585165,86.55342399042567,76.44916798062297,75.12239627400756,88.2292609970435,99.66990539854069,71.68707656451429,83.31616448092183,100.45178654703051,89.44684636238014,32.08598217550418
987,834.5610240968512,1276.7300711038722,0.3945162645097337,0.30917247103827405,-0.19442435797066007,49,0.0,0.015133337051677085,2.2098903005759736,-0.8609267893745652,834.5610240968512,1276.7300711038722,994.9192704884458,0.0,0.0,79.69577388744827,-49.18057009709172,88.19049358928854,87.03619307243534,100.21403897833544,73.02226513179107,71.31018359835528,71.29384476414468,92.08486906410013,89.84848015341893,90.72776476731948,94.0877437793712,102.61109724783202,34.49229634205378
988,1356.7306213181598,1276.8381721322708,0.5733169794704781,-0.16701897931506643,0.027435960286824015,49,0.0,0.021008362462960402,2.111786182251718,-0.8116248597383964,1356.7306213181598,1276.8381721322708,1667.103592830367,0.0,0.0,79.36293808083649,-49.18144982207282,147.99634249428158,147.1038453442798,134.97760242140117,139.75129523485705,121.27551431234654,159.93946343513707,152.08858601656954,152.8266474397934,151.6832452588373,153.69502702161,164.70742007369492,41.05860377755845
989,2208.712284047119,1278.817010425967,0.7166488165067832,-0.019234050481995956,-0.003291983104745193,49,0.0,0.016954070385516228,1.6590375689122743,-0.5496405518399143,2208.712284047119,1278.817010425967,1087.6429871819325,0.0,0.0,78.81987177352745,-49.180080715121065,91.78165852738604,96.8232937672849,75.9272958703182,88.57104013517153,116.68415175600265,95.65648836434525,99.3308000369151,91.78660743897376,98.74307102016371,100.41382535935051,104.6532166180869,27.271538287933982
990,3035.9818739883094,1279.086413704957,0.5743589409082056,-0.18665997226547407,-0.5606451372711687,49,0.0,0.12496679903073987,16.81373283077961,-3.06416035555584,3035.9818739883094,1279.086413704957,3319.515508424751,0.0,2206.7144278825444,78.29262764656373,-49.17700344355927,275.5289544944342,300.8634850809981,277.116415298834,267.9252310853077,316.5976349666662,287.57101226522866,344.69429835758126,306.5136299907184,265.35135267102163,280.00623683270845,286.62566703860614,110.7215903426462
991,1621.037730825118,1280.2983134114463,0.8047189802401022,-0.09995676050608682,-0.2243379525288884,49,0.0,0.014925412755474668,1.4920594191545045,-0.43446529661019373,1621.037730825118,1280.2983134114463,895.7760141999514,0.0,0.0,79.19446144408263,-49.18011159561808,88.81840348724106,74.70397231831083,70.21559364471611,93.62790985315063,83.4151443910666,73.79594250639649,77.09790918422168,94.41417654302538,64.85833118534316,76.29710955363807,75.7331231119799,22.798398420861595
992,2239.2433663801066,1281.4424435795759,0.2013274380777112,0.19258903166517136,-0.23103819497203093,49,0.0,0.009059751133945065,1.8025257321603623,-0.6397036831395335,2239.2433663801066,1281.4424435795759,918.6933192913688,0.0,0.0,78.80042057286806,-49.1789200450749,91.60651770850865,79.35737192826689,85.63161245464843,87.53694800422755,83.95725848506332,76.2769929610709,68.66225598165614,63.9719316082758,84.0802249696893,93.47826089471889,73.9887242904191,30.145220004823823
993,762.8634836261006,1283.5993959815148,0.8992902897427658,0.22092331624710604,-0.40644077140779183,49,0.0,0.021144067199723712,1.5594632091915062,-0.48243783337960583,762.8634836261006,1283.5993959815148,1267.0118086877646,0.0,0.0,79.74144167225242,-49.17750636601479,91.25332232157118,110.17865972565538,123.75063139573581,113.70146445024221,126.88831795993988,107.39778771213298,114.1908079864648,106.95690257860895,103.22135361335486,126.0431917088191,106.54700126734282,36.88236796789657
994,1289.220751963066,1284.2574417615006,0.6039979377265129,-0.052660938652008805,-0.20386363268447208,49,0.0,0.21761153341434633,31.06391980232076,-3.7306406408049226,1289.220751963066,1284.2574417615006,4140.135495631393,0.0,0.0,79.40595814640216,-49.17829276937347,373.257990863181,341.1781817473876,338.56022805845237,364.39258690625616,388.6607367217262,358.7464784420865,361.84831184718144,387.04094087395197,354.5630140252814,381.82234659375786,365.9859994765576,124.07868007557282
995,1776.1558215149973,1286.585060609037,0.65366735363174,-0.10897347836865734,-0.1081792838651591,49,0.0,0.16790968672286827,22.708080336981226,-3.3904510550237763,1776.1558215149973,1286.585060609037,3192.8464528667528,0.0,0.0,79.0955933811518,-49.17743875827584,284.8954351537385,276.4576365514797,324.15515278328166,269.916941325162,288.0162046820268,281.87600611795847,270.9385974634266,259.7590017542667,289.70508553382655,290.90820698051584,281.1426959123521,75.07548860871782
996,2841.3900083438293,1288.943799807087,0.7964141620798355,0.22237779952774453,-0.3915826940557932,49,0.0,0.03909748108012376,4.210803806446639,-1.5609125171326084,2841.3900083438293,1288.943799807087,1289.381070717794,0.0,0.0,78.4167020423368,-49.17380989822601,114.8790855553305,116.45759836711557,103.30658010208697,121.5722002943,117.48696719303408,97.00601683755265,129.63416099382263,121.60617224500504,112.87334204568391,114.92944148632206,105.02873052307976,34.60077507446092
997,194.86911488834,1290.516449595796,0.6677256073499775,0.6604957991280913,-0.11975052253076852,49,0.0,0.026391755748872738,3.3674390622063917,-1.3182493634842474,194.86911488834,1290.516449595796,2963.163322302161,0.0,373.5962610582694,80.10336839425182,-49.17239025554267,300.6887563189073,346.97637955684195,358.45206262937575,355.30796670074517,366.7894937559721,145.64287265835162,90.200566463721,182.87251114433957,211.13080157158734,399.576642124051,151.86743328513603,53.65783609313212
998,2501.815979724203,1290.3402124816153,0.6031235070771979,-0.2824374094681017,-0.21199172449334736,49,0.0,0.1064284449826995,15.412712516598077,-2.969697694674443,2501.815979724203,1290.3402124816153,2216.7031149685595,0.0,0.0,78.63311061141044,-49.17450364920427,193.58345757175903,180.43803076851225,183.67154206773816,203.0609058672461,200.91203703749346,211.77196075607827,210.55796846701455,175.0442448122997,206.40647296082852,206.54899943364927,190.86778186138767,53.83971336455267
999,2873.1497773364395,1290.476715041729,0.5208866004644803,-0.058578097526353304,-0.37306096333654465,49,0.0,0.7154388429577125,106.88302434220674,-5.072271835053344,2873.1497773364395,1290.476715041729,16155.31218815783,0.0,0.0,78.39647385776625,-49.17303127668125,1348.5108736942911,1374.244497605498,1337.6031392407263,1475.6795646456014,1496.2836559474626,1464.4810613193174,1414.815973670001,1508.3977206480827,1415.101169033655,1476.1552197804078,1409.2843419687574,434.7549706040293
1000,480.11659774600594,1292.1783790082325,0.4856240472992381,-0.4906021341471675,-0.5584413584818662,49,0.0,0.045277948231408224,6.724247024188973,-2.069109148619797,480.11659774600594,1292.1783790082325,1597.3837020784817,0.0,0.0,79.92158992239763,-49.17296121057606,134.35011771956545,132.84235931768268,163.6728458857031,127.92904179344129,124.49995407630479,145.8813353342135,122.51529357359118,169.88091573474478,155.00525711438746,136.86422303523264,145.65881955718157,38.28353893643325
1001,2113.474993905917,1292.0382945580634,0.8807324001476546,-0.2968073466517169,-0.35141621434322073,49,0.0,0.017007883124227446,1.4367815994232387,-0.39347689358904037,2113.474993905917,1292.0382945580634,1057.2937488558089,0.0,0.0,78.8806118637664,-49.17475924750221,93.47978065417104,91.43226387339871,87.0801948706774,95.99564108620838,95.34329136505455,88.83901306291023,103.89201670547419,99.11636847103358,91.80875921378691,86.32793403088259,90.01657948220982,33.96190604000137
1002,173.2140906426132,1293.1925146321366,0.44728856131499206,0.46208579240319475,-0.819899674455171,49,0.0,0.026552142880757457,4.6443781374208735,-1.6673189300725235,173.2140906426132,1293.1925146321366,5888.713868920742,0.0,108.79058752940682,80.11714650739519,-49.17116781558872,185.75279547350362,566.7457063888937,120.56247879477,109.24328454048475,103.01629577570421,130.7708205327366,192.92890036335373,183.37155631047423,181.10031661384699,308.17370083525356,3594.5035332213574,212.54448007036444
1003,2088.68654402069,1292.8985557488365,0.2572837119153294,0.5612404245665563,-0.8308909431935478,49,0.0,0.012996232596824408,1.642772489974283,-0.5389435537636275,2088.68654402069,1292.8985557488365,1295.0188688871476,0.0,0.0,78.89641251732758,-49.17444433194726,94.698918154924,102.9953200595407,120.44176624509312,124.06265380585093,119.98841009243725,113.08730688295404,114.01534227642244,114.63641771438131,103.95243379926902,136.7651793124107,116.99935098337463,33.3757695604895
1004,155.14011253546437,1295.2190779264502,0.20224189709907428,0.177020265761121,0.5540321166403497,49,0.0,0.027642420162702436,9.373901242493487,-2.4298009343894162,155.14011253546437,1295.2190779264502,3247.3542521083764,0.0,39.80153316503895,80.12864720920552,-49.170232500558335,48.43336135868726,25.670140556247418,144.70266126072647,406.8649515238898,72.49668334973038,186.48918569661308,866.7568605983988,325.66971566737993,222.8114733964642,101.59141849380384,813.2670678698104,32.600732336624276
1005,200.00958885321887,1294.8691324802244,0.2003168911768216,0.11817763341941169,-0.3603721838560075,49,0.0,0.02229638894447854,5.919582508359297,-1.9307276955617572,200.00958885321887,1294.8691324802244,2560.0844079924773,0.0,448.6510395439422,80.10006024189799,-49.17060215722114,157.45871581041578,170.94342251495914,220.9004764870357,330.58839519292707,287.55362383684337,192.1133776116559,92.76317886165486,148.88411738467744,211.07620416582742,524.1821424283905,200.54450157003876,23.07625212805121
1006,1880.476341465066,1295.1798439164643,0.3429533725141128,0.6275143843466714,0.616224771351702,49,0.0,0.01189288098104189,1.5614844159522756,-0.48384413552104155,1880.476341465066,1295.1798439164643,2304.998049887648,0.0,0.0,79.02911507044614,-49.17377427373366,198.2359109979977,211.78395929556348,215.53898839166308,191.07514927538563,216.6728454565731,210.5121783452123,214.66531937235726,207.93072748016297,198.12695382760938,192.54134656502916,197.0108799197262,50.90379096036746
1007,1612.4634023345434,1296.0880950688938,0.5532133677190854,0.47078382720403084,0.0075770795381065225,49,0.0,0.010785391800888016,1.2359920129939748,-0.23003916085478565,1612.4634023345434,1296.0880950688938,887.3212402116618,0.0,0.0,79.19992783456156,-49.17353304271219,76.70348375695494,74.90337782332747,78.85294509619985,74.71237987227951,84.31710624265122,77.74882337305475,80.16997226363702,72.78522317001864,83.35164061650883,83.98010981061722,75.32529741734771,24.470880769064593
1008,1891.0358207740776,1296.8154172648055,0.6020796000594916,-0.13698495227855123,-0.17145340164041806,49,0.0,0.9987648437586086,147.94444864296358,-5.425246684151222,1891.0358207740776,1296.8154172648055,15634.221309061973,0.0,0.0,79.02238778599626,-49.17308222777565,1224.9105882637919,1365.135445445439,1370.7896871499327,1380.1862746260347,1416.9709571693475,1379.581970495885,1420.1324493049542,1365.8074011095766,1367.3615407854406,1444.8137121787538,1473.5961597478477,424.93512278497315
1009,2381.093810093811,1297.3401185338373,0.6806057437579974,0.008142020054515534,0.18165722320146338,49,0.0,0.04408332781312014,5.541896512330357,-1.8591460291011401,2381.093810093811,1297.3401185338373,1517.1150478348343,0.0,0.0,78.71007637865509,-49.171943193721425,120.65525085007609,129.74908986660262,107.4096641259309,146.56383110767894,139.0348798483804,140.47482126635703,142.21813624409452,150.53473154998917,143.3192932770989,133.15661053045352,130.6148467601967,33.38389240797555
1010,3007.1720980598393,1298.259947469372,0.5763143487016944,0.05693875179482419,-0.45258903054498,49,0.0,0.027110628230136633,3.43524563254622,-1.3398944903487606,3007.1720980598393,1298.259947469372,1177.0302951587937,1.7143411173226473,258.4540177533098,78.311131327549,-49.16915907411753,107.83435263138865,107.07265924042642,83.75607824263416,112.48060566152338,118.13109294480742,99.0922410612159,100.10202114135333,90.24294851716664,99.56053005844069,107.84440336300526,113.21535983833802,37.698002458493896
1011,1934.884362022867,1299.1810991404313,0.47186828125741265,0.9444342343190534,-0.0716548042224331,49,0.0,0.011072602588000288,1.284844851839581,-0.2721267217793086,1934.884362022867,1299.1810991404313,1158.0767562136875,0.0,0.0,78.99444665494633,-49.17204848920788,95.2697052236687,90.79798232386352,127.41831046626906,98.26595555796825,101.0299748681334,104.45962672344722,106.75659790457365,100.27143724632339,108.82429930880454,102.66689588907276,95.31453115222538,27.00143954933781
1012,1943.9312626203532,1298.5349042909586,0.8434929914071748,-0.1110737767612015,-0.08243322793922295,49,0.0,0.039148328521956724,3.9974982785025923,-1.5044707134803366,1943.9312626203532,1298.5349042909586,1423.4330485403818,0.0,0.0,78.98867986127338,-49.17230698145599,118.33103563920986,119.80953683481114,132.89309762972744,127.2915778882124,141.6813861792885,147.98184361121284,121.72593683654026,124.36485239943224,113.98028012170082,110.14957490711434,124.43052644498181,40.793400048150104
1013,173.49434052414145,1299.557532399825,0.30206996478887904,-0.4421620595098213,-0.19435980650771809,49,0.0,0.023178734930088412,5.028879532731253,-1.7536780804538357,173.49434052414145,1299.557532399825,2639.666657850372,0.0,123.12786956392073,80.1169193184078,-49.16851747355815,522.5174457128572,480.77753419958503,167.78913784855257,77.735491568031,82.20682773408814,127.28982850123774,198.86220554262286,177.9246917575509,142.2737858437767,251.24242669917214,179.5756273004758,231.47165514242195
1014,1202.855315204967,1300.2641968954192,0.36387445406217706,-0.2203659842830202,0.03938811496744418,49,0.0,0.01220417616964428,1.6958115178624364,-0.5734439516102204,1202.855315204967,1300.2641968954192,927.4833788018442,0.0,0.0,79.46097173274568,-49.171516006034054,83.15053298198283,73.62500620742794,78.45263399567642,77.04359703038696,83.667810842078,92.7470679403566,76.82743853734145,82.26892161830179,85.30684181264598,97.47076882646806,74.27467717945304,22.648081829725044
1015,1155.2340844254502,1300.88806399017,0.4986371157428724,-0.25085311679679934,-0.4444751444766842,49,0.0,0.05043378490894118,7.800648683297514,-2.230326797707844,1155.2340844254502,1300.88806399017,1618.150025965634,0.0,0.0,79.4913188265658,-49.171185683428504,133.79165715400663,140.07425688970983,135.9273825691127,143.32634656985414,134.34170059859755,148.42427175130115,148.67496197045315,166.95976713992388,150.14396984137886,139.41050032878843,131.4773446579519,45.597866494555646
1016,2097.471369811723,1301.205190671571,0.4775855875752809,0.0032536027803328317,-0.08818613033422795,49,0.0,0.015114495860825052,1.7007830030036586,-0.5766222675561722,2097.471369811723,1301.205190671571,1290.2369904066118,0.0,0.0,78.89083582726904,-49.1709681274283,106.91948211851617,110.60544859789076,111.05049591607002,100.09552593641295,129.70181395874235,129.02513721566888,116.74305835652345,111.2390636427331,104.26157417146791,110.57446920411445,119.0829679550267,40.93795333344509
1017,2185.455197697014,1301.4702533234806,0.3871867805377967,-0.46808061222135106,-0.8260475044092175,49,0.0,0.03308677923048077,2.740404823861887,-1.0945368083126747,2185.455197697014,1301.4702533234806,3055.2435414565807,0.0,0.0,78.8347666013849,-49.170690781958214,228.31555601884955,290.87784786647,276.2209123814729,267.9131085611309,256.356183166578,278.83874392256683,285.1551897414045,293.9024918178621,232.6263951396835,271.8240737682129,294.28136839966123,78.93167067268823
1018,209.7022037962145,1303.0067202559778,0.39566779995444473,-0.2506481829660623,-0.8403560509932865,49,0.0,0.007247725300416581,1.1022536320158436,-0.10570384634136494,209.7022037962145,1303.0067202559778,1482.8211481426586,0.0,588.1534071413478,80.09382371903867,-49.167259348989376,76.74157014060548,100.14427433884855,116.35983736894713,70.38635074053991,109.29307796105958,141.8919523200991,124.36458394697061,59.86730439529177,189.61571947630298,207.8457636289596,261.92461354466366,24.386100280370115
1019,1029.3509277048481,1304.1971347950644,0.4775200605029169,0.30031340791370403,-0.2110166136375734,49,0.0,0.016434370760779565,2.204690532478428,-0.8583690928211816,1029.3509277048481,1304.1971347950644,1055.6192183623384,0.0,0.0,79.57153167748169,-49.169582595190725,91.52373476872553,80.20623845914622,88.72885747257959,98.6889978903834,102.7654193939164,97.80202743041484,88.48278909628294,99.46928935517661,77.79539580676672,102.15752779747008,106.34978368290322,21.649157208572806
1020,1623.5012908494546,1303.9984999152161,0.5328240605596934,-0.4256587850983378,-0.0579228434193644,49,0.0,0.011802299085424106,1.5449807399115114,-0.4723076744469741,1623.5012908494546,1303.9984999152161,884.9897665385959,0.0,0.0,79.19289406058684,-49.17023637977937,59.826417619786355,88.65017149488716,79.32690415804677,78.96988833663497,82.02243907320957,89.60496640952573,88.7079791037323,72.11494245270057,75.32098013502016,76.05538752969798,73.4789509126945,20.910739312659764
1021,2345.438798558401,1304.0576004841832,0.5964294360339819,-0.1365972414151428,-0.23831211049925963,49,0.0,0.09407333132605009,13.84704190873725,-2.853392516547456,2345.438798558401,1304.0576004841832,2096.1318752996876,0.0,0.0,78.73282520690668,-49.16923972444282,185.20998627316945,200.6009007815677,157.77316473289508,189.1950359182954,189.68301407786782,187.14672909710478,179.3350385931534,179.3946947089587,189.4093942653664,189.98963796935084,186.65736124700908,61.736917634949
1022,1601.1669529315302,1304.8538924759853,0.5669771015147402,-0.08421442409320991,-0.16235092467156176,49,0.0,0.24102264663355294,37.048687898171735,-3.9219320794608246,1601.1669529315302,1304.8538924759853,4435.082519164738,0.0,0.0,79.20712740211344,-49.16988089470762,349.11129775293705,396.66314103664035,379.7615296094872,372.866662569858,422.0242275037532,398.16628406890925,383.22255609422984,392.650372019609,405.51397500091645,385.81098030302286,442.9674248081409,106.32406839723407
1023,2650.475495475612,1304.8822887697202,0.7171595112840479,-0.18803291017061396,-0.21742176627871812,49,0.0,0.02578806432258523,2.956484183365156,-1.1769388998686676,2650.475495475612,1304.8822887697202,1096.8404118305045,0.0,0.0,78.53845417812163,-49.16793623995236,91.26100642421906,84.25032109590933,100.79121381846318,100.31092283915078,97.56411478364049,107.29606487812973,83.19301686671179,79.56463681645812,121.28478904792959,115.09977732473851,94.68931351765968,21.535234417494372
1024,1559.245966107824,1305.6683000317303,0.3858380191200612,-0.29261830575055947,-0.24840325560074245,49,0.0,0.010845810485285363,1.6118355215632467,-0.5183018062626857,1559.245966107824,1305.6683000317303,861.591711372019,0.0,0.0,79.2338426450045,-49.16953857663634,73.84012675285153,80.4240813393175,66.63047105528032,69.4549342522432,73.713925387427,63.21655227339869,76.91895941793105,65.82152595306864,85.2375611920154,75.97685305762401,92.61005499635448,37.746665694507115
1025,1347.203703546449,1307.2713824956995,0.6211297551460954,0.02680135588632726,-0.23907854349389018,49,0.0,0.05643880759403921,7.7176114804591185,-2.218707278896364,1347.203703546449,1307.2713824956995,1556.2597414447,0.0,0.0,79.36896950633832,-49.168761125615134,141.17393666434873,139.66100213806578,138.2119637258878,139.98336328163532,143.3854922505879,146.12480177384936,134.05909271351726,135.6381761071691,146.75917279597408,111.15903386181,146.58668280815408,33.517023323700535
1026,166.13788282022122,1307.958464149699,0.6241405826264279,-0.056349312276151135,-0.25178400170883813,49,0.0,0.01982540969270348,3.095548667106831,-1.2268440905620208,166.13788282022122,1307.958464149699,2749.7100222758613,0.0,83.34860142263986,80.12154197398746,-49.16498064527441,474.93272078072175,393.9637146175618,519.1674469648717,319.59648885809395,185.32481549158035,97.51328217683127,134.09149722371694,144.98052267961393,122.78508261235729,35.90986845491561,151.20761015141636,170.2369722641801
1027,1385.1091393874324,1310.6239412055727,0.5648319642480892,-0.13766400632879208,-0.14905200206405117,49,0.0,1.6383932784021649,244.14644375335973,-5.9691260067895495,1385.1091393874324,1310.6239412055727,29258.27683024827,0.0,0.0,79.34480990339868,-49.167395384275416,2351.573051939948,2539.698379720673,2473.8901390188616,2595.1515391113635,2617.070600871156,2612.194386559528,2769.451277106461,2731.265747921373,2640.728303682757,2599.168860780391,2569.0822427009107,759.0023008348519
1028,1499.4058287364192,1311.4799377829258,0.43986331131307105,-0.1109343411220477,-0.17514486309506938,49,0.0,0.01866023153012746,2.1711745241985674,-0.8417368362155381,1499.4058287364192,1311.4799377829258,1405.4134787242203,0.0,0.0,79.27197416239031,-49.16710213850444,121.98812591331676,131.1913011940257,113.75265251180137,121.61067070700506,139.78308063585007,102.32363323034784,159.19301805127452,129.62588255631337,111.0073208536093,120.84332984539445,128.89840479391216,25.196058431369586
1029,286.5420260028481,1312.4270533996282,0.2816357970931723,-0.43802950093368287,-0.9951592214317945,49,0.0,0.040902679645290395,6.59133599568044,-2.047433626297635,286.5420260028481,1312.4270533996282,2417.2231723832656,0.0,298.5049378088312,80.0447992787676,-49.16369897754621,203.81902235306768,210.3585804499934,226.30453553949172,198.20940348219796,226.56345072049828,229.18941479938434,190.7978309290008,189.4553474588358,229.66158860788806,208.285938167825,235.95352933453472,68.62453054054818
1030,2048.1054695984562,1312.081293614901,0.324856560926006,0.1450356141172478,0.21322127914619363,49,0.0,0.007013369473535305,1.1297555257150014,-0.13246118543444252,2048.1054695984562,1312.081293614901,826.829515875492,0.0,0.0,78.92232190456254,-49.16651825406996,79.38302724109037,71.82211547717509,61.5295893412692,82.96325922029226,70.76768662087736,81.4295236809026,67.41635129412003,84.02517220880023,68.32244358543707,65.43890902697582,70.16200878969656,23.569429388855482
1031,2357.8241708294704,1312.2144952766462,0.5781546617452135,0.4216792018802217,-0.4795500437702277,49,0.0,0.00894814259814642,1.032055398377883,-0.034257524633232644,2357.8241708294704,1312.2144952766462,841.5992870772213,0.0,0.0,78.72496581532296,-49.16580853323124,77.89506407771228,78.43986304249916,76.9914786323457,85.68817241479822,64.22149023051695,57.113070258112764,84.62296536342741,51.09352022557259,74.46202897784627,75.93273106608613,92.73991718119267,22.39898560711113
1032,2008.7572676057198,1312.8716950147864,0.6148640528543557,0.1876721831542402,-0.2140094694053785,49,0.0,0.03217373560396887,4.427787874241047,-1.6154670164848117,2008.7572676057198,1312.8716950147864,1136.448200145285,0.0,0.0,78.94739738023061,-49.16624796349893,91.45721276501021,111.13620682503334,95.25330901496675,119.74903697167066,91.9156745149013,101.83278747302302,123.21972150874032,80.20105667766072,91.53627185871599,95.09767510544853,108.70319074651954,26.346056683594625
1033,2872.4369438902363,1313.0252644864304,0.5108093784492479,0.10290213757760253,-0.6158134173297699,49,0.0,0.02026643964463136,2.790526109620633,-1.1142152258945697,2872.4369438902363,1313.0252644864304,1142.124591513942,0.0,0.0,78.39708160966164,-49.16364021057569,85.37925834384576,115.08151172758414,95.23542249706081,90.13409571644667,103.10453625770305,96.27967941239115,105.08436572320794,92.02817539113454,116.25895439332746,87.58764681071354,118.88019097340384,37.07075426712329
1034,1015.5340936776613,1314.8842374607143,0.30148112937127436,-0.14863923460278597,-0.08152685703824748,49,0.0,0.008197323771100204,1.2706894637460493,-0.2600985721767046,1015.5340936776613,1314.8842374607143,892.4915500687157,0.0,0.0,79.58030309709775,-49.16510174324007,74.97304659045821,76.60849382373308,82.1411684191503,77.25588180901835,79.91902726027548,75.52500847710809,81.82447842691806,100.0649537570821,76.06778085736843,76.39879378335705,74.97621690489436,16.7366999593521
1035,3094.658987654457,1316.3532822626742,0.8347971699807587,-0.2831519693753533,-0.376205165197251,49,0.0,0.032578776078524774,1.6986272284409816,-0.575245203508938,3094.658987654457,1316.3532822626742,4270.00780494379,0.0,3429.0922395807256,78.25553374788943,-49.16117635580993,521.5964106950963,429.3620907802085,468.83748715878244,432.3942526313697,386.340375844129,375.63827411183195,352.74286270612674,287.7354749941562,331.477819700054,294.0259520681175,283.6859467713497,106.17085748256758
1036,644.3056279557599,1316.1670158251634,0.8490762128683083,-0.0050916253985106566,-0.12703816287894631,49,0.0,0.02452934112752534,2.2693057476034584,-0.8897325327395431,644.3056279557599,1316.1670158251634,1071.1307844551893,0.0,0.0,79.81683552874448,-49.16356438972035,91.77788089448799,107.67292004462368,102.13181977436477,102.63963024101758,94.44465263252982,99.44115860266123,93.33133166024682,91.98571131113144,71.89411324296368,97.17895855915691,94.09416184951422,24.538445642491194
1037,2942.575153113547,1317.2505990749437,0.6793967187251726,-0.0871807450458141,-0.5751160642003097,49,0.0,0.02427441394681467,2.6848793294397275,-1.0723119283141407,2942.575153113547,1317.2505990749437,1171.60933456633,0.0,0.0,78.35242675916139,-49.16155850160492,85.40823927224474,109.76335170526099,107.3159835644121,98.452499225959,128.67520860954917,87.97649889103263,103.03765190712743,95.67639058865394,117.12591138787202,95.42440740443018,99.42424138205836,43.32895062772953
1038,195.4280498338728,1318.2045901284685,0.8989634098004702,0.38602642995411973,-0.13590889236883652,49,0.0,0.03813313064835647,3.9347241900939833,-1.4872857382317957,195.4280498338728,1318.2045901284685,5154.150343970514,0.0,458.55475927691174,80.10280402330581,-49.160857743887895,139.43505862853704,197.1145465600548,365.53507996320593,509.4641333655407,172.32232872841155,201.49655342428085,234.78743125904947,247.9043703133044,2625.6610386144243,191.27925311094242,239.9162974657185,29.234252537044373
1039,1918.9522131883195,1317.5661481374361,0.5748065879805294,0.13844849828509945,0.08939382895936758,49,0.0,0.03380261158843737,4.757011529398938,-1.6933355100130036,1918.9522131883195,1317.5661481374361,1316.5139569409753,0.0,0.0,79.00463159196192,-49.16440637240797,124.81467329179586,114.55299963808123,118.42885430933768,116.2691737415702,124.32757319609951,133.8056999421454,102.58660348433986,98.2020894370685,98.93465679106589,113.717702014656,135.82671184556077,35.047219249254695
1040,1972.3230164685585,1317.8621419605438,0.7411738849251074,0.42922811647120857,0.13835200818133833,49,0.0,0.01602153356523623,1.5806383885501059,-0.49708131331875766,1972.3230164685585,1317.8621419605438,972.8554040577535,0.0,0.0,78.9706241461503,-49.16421846283302,99.9768670401769,59.160444395879594,68.13686214000194,95.83832343373035,80.96655650162282,67.33587557944836,95.47614133051506,99.05310358285394,83.06233252098664,89.13944117770069,106.11622352657469,28.5932328282625
1041,2495.124880158378,1317.822939088147,0.5456075215764404,0.027165697634818024,-0.32660485755290264,49,0.0,0.011987735843652909,1.281487731922545,-0.26928613226272247,2495.124880158378,1317.822939088147,1002.4453638476537,0.0,0.0,78.63750642279749,-49.16307420391702,88.48572627877695,92.06226684550276,97.91250958658878,77.91877647379204,77.71238475189583,80.00272620002653,96.30058458471208,100.1653649996293,81.0086766887436,78.0245771831965,103.61616226867733,29.235607986111937
1042,2665.6683017188034,1318.5074569765268,0.4862468145922457,-0.26768089293486397,-0.25414410466758003,49,0.0,0.22554445879733506,37.38947515442912,-3.9318734222373086,2665.6683017188034,1318.5074569765268,4734.123378060361,0.0,0.0,78.52885111572371,-49.16220317340978,378.58831411621435,389.0811625245093,468.81855781543356,417.77110039710027,422.7783000812632,411.4626142649581,438.2034683139085,425.12508641658985,428.6732441554211,412.8753216934066,412.90247618267665,127.8437320988782
1043,1211.5210060702755,1320.071528555651,0.6949411852751821,-0.32926629304072336,-0.371714296229916,49,0.0,0.01040281879611373,1.018462008262702,-0.019862082825962198,1211.5210060702755,1320.071528555651,838.719998900101,0.0,0.0,79.45540790912595,-49.163275017403116,90.5396293266491,79.3159304555382,64.15251542763951,66.93008972501566,85.99923478248289,55.05860792146328,88.23218666373344,78.42452614238545,71.58483223875898,78.53312789699017,69.81407179112875,10.135246528315651
1044,388.4180795414926,1321.2135191502086,0.48461724163298925,-0.4439378174186847,-0.657257901019554,49,0.0,0.025713181521813636,3.438616910866274,-1.340959486687796,388.4180795414926,1321.2135191502086,1358.1777027683374,0.0,0.0,79.97983561700865,-49.160489369825605,127.79811000352606,126.95140614179786,123.71923105330403,124.88936784074372,107.51847855677025,119.88512859609821,125.49828044359137,129.17266914393846,103.3115430077793,108.44223044476661,125.3073440274159,35.68391350860577
1045,3080.2481350427943,1320.0164136749756,0.8028030268875017,-0.5351745153949381,-0.9909956497368858,49,0.0,0.043154989619940916,2.4278490032301803,-0.9630541822198355,3080.2481350427943,1320.0164136749756,5388.615584993482,0.0,4306.8691351501,78.26474310810325,-49.15972537327387,477.35220807655446,604.856630618299,511.3039219023028,497.61092222080964,576.1301224918489,544.2076813868309,485.8063603789104,417.7315776823549,387.566160608409,421.56367929558644,325.02169324147127,139.4646270901037
1046,3051.2719450328145,1322.5090051218033,0.6641522223134058,-0.3675896473694431,-0.5098030349280915,49,0.0,0.014404505169294122,1.3197991233928614,-0.301269588922341,3051.2719450328145,1322.5090051218033,1516.7385228072708,0.0,1228.3450848562916,78.28322116186958,-49.1588357467377,103.04178820935653,109.77202508102732,86.22129656881943,86.96714369058103,110.06128351804483,85.73205653100644,82.24638711356542,141.80416123693394,169.60187983570333,181.12496183083422,248.28939464444517,111.87614454695317
1047,1221.1381428576037,1323.0771501082727,0.24176247580108284,-0.19452953885572677,0.2052163305392458,49,0.0,0.00662405538960721,1.0878062746175006,-0.09137889889299323,1221.1381428576037,1323.0771501082727,804.3032723272476,0.0,0.0,79.44927388909943,-49.16203564396645,75.74893839501613,69.45186935305372,52.76721017432714,74.22389767148724,71.96342469851604,68.79746941123497,74.37561871228735,74.43722495636604,67.44751007478361,75.1334045416312,75.89056479513486,24.066139543409356
1048,1984.9048752953934,1322.7457573154397,0.7085484486109258,-0.01662728616762715,-0.11049048238053776,49,0.0,0.056920841210489556,6.994351401694898,-2.1118686195410477,1984.9048752953934,1322.7457573154397,1493.3779625082489,0.0,0.0,78.96261703856072,-49.16216697114249,131.8532098374529,127.3851200264968,133.23153195363864,129.47015606580572,128.38752950440832,126.00141999795107,114.95164120700683,132.51270435355497,143.75089016797824,143.70098937342735,136.01071077190488,46.12205924862312
1049,1079.5087172063545,1323.6521477458032,0.9044563200042797,0.009618868624734364,0.3332217074040468,49,0.0,0.013774821969618373,1.2307567926529863,-0.22543060340036164,1079.5087172063545,1323.6521477458032,909.6104956725641,0.0,0.0,79.53951385244672,-49.16157255425595,76.87441826861239,77.23318704729085,70.31628280160768,98.9244368509325,75.09950972694043,89.220300732575,80.41566262920156,78.05279046924238,76.58343386158596,75.81282099067994,84.60811839484747,26.46953389904791
1050,171.3299974033561,1325.4841887778018,0.2810005137086936,-0.5879906227429679,0.41153064012671653,49,0.0,0.022755161637065615,4.805357578487911,-1.7043142753215488,171.3299974033561,1325.4841887778018,2743.7749970314526,0.0,124.72604718246782,80.11810004000682,-49.15770527218216,337.4969565718633,120.89973730167188,206.83908458868382,285.36112190898996,165.4170808652471,81.77079787991642,537.2802742936145,52.04482675433178,41.08402668057407,226.40829967627457,682.8254682468969,6.347322263388364
1051,1532.99705014063,1325.0713452617042,0.8665522254811685,-0.24063825494512744,-0.28451250323472965,49,0.0,0.02747064141285267,2.8239758185552724,-1.1271524339301406,1532.99705014063,1325.0713452617042,1079.2801713554516,0.0,0.0,79.250563434456,-49.16144900626546,81.82196085327901,93.88486086758061,90.9939959284588,94.12906362839067,106.72159075256866,89.48493777000813,91.9549715174247,92.7755174472347,91.67404259235829,102.81158612242972,92.69195908187265,50.33568479384554
1052,204.25527928257134,1327.0858779677521,0.9004782117620501,0.9134276811719819,0.7829043654415793,49,0.0,0.02061381468817468,1.8724918608320151,-0.6810498465650414,204.25527928257134,1327.0858779677521,1982.4262733188293,0.0,593.4813743497084,80.09711424991696,-49.15720100519152,101.77467783866307,221.47917440425897,138.58525052501108,221.33381780637265,175.287892447103,125.39161408841908,206.46170129612943,241.87709613464992,199.29432484374047,133.08494445773093,188.1236636099471,29.732115866803788
1053,912.8681132921499,1327.9155635838551,0.5055834265189747,-0.38785662632305096,-0.2221636948165113,49,0.0,0.020868694265472585,2.7898904847879344,-1.1139678892003235,912.8681132921499,1327.9155635838551,1104.3118217915458,0.0,0.0,79.64567336794889,-49.15944317339141,100.4832232033402,93.0815485765656,98.95168903542199,97.74037204145259,88.0102894462467,111.51140437717937,103.22325876715952,85.52492259117645,102.31770076230303,93.34334267279401,102.5233168014923,27.600753516413867
1054,2325.7841499308033,1327.665153197591,0.6499409168405661,-0.02048842818913307,-0.0537511809114603,49,0.0,0.024189111758685645,3.038513418924057,-1.2066528966333028,2325.7841499308033,1327.665153197591,1054.844259353792,0.0,0.0,78.74544161444976,-49.15945426833768,105.5715601735018,86.76986684623412,91.0824026077207,87.24282376993614,89.35243794294198,91.98138929618412,101.75175876854013,93.11158320951957,80.35863409074636,95.11786433136808,100.90111630627146,31.602822010827715
1055,2564.538974371801,1327.9427595576803,0.5776277557014122,-0.1644981753565243,-0.2809860542340377,49,0.0,0.29631417266208876,43.44287277094105,-4.0947963409061225,2564.538974371801,1327.9427595576803,5656.816381019161,0.0,0.0,78.59333192916068,-49.158631727420946,485.8600385511316,492.60107090930427,503.39330395588,501.95400362851274,498.90891944654,522.8625005861235,488.17145766407083,517.914006051938,528.2772240657489,462.4898176551343,516.5405647421269,137.84347376264984
1056,3011.9819890297354,1328.1164022342082,0.964727190924455,-0.5491980419872058,-0.5866321606816857,49,0.0,0.01608927141949944,1.3924698326023626,-0.35946448775400963,3011.9819890297354,1328.1164022342082,911.6396001137523,0.0,171.56910320583313,78.30829217422355,-49.15669670520852,76.44584613674489,78.74449700089643,83.51506242327441,104.36297647895174,62.489762162897364,63.910196901596485,85.91468794607553,80.16270816077535,85.86822019110159,77.0308576764582,85.19144417276208,28.003340862218245
1057,1406.0573538319516,1328.5134835995277,0.5720045651547419,-0.01908852451610474,0.04108103401009282,49,0.0,0.017449791130464125,2.2521507373167426,-0.8814936366228399,1406.0573538319516,1328.5134835995277,959.4652915631173,0.0,0.0,79.33144211579494,-49.159956508203074,81.21219662694779,93.37601873565242,78.30319539265787,73.25602761377982,82.44035138775234,102.12625917857511,95.67466913220514,77.94205972392587,78.98202467741227,79.00788220908478,89.5955810930792,27.54902579204459
1058,2733.732882367642,1329.0395788149233,0.6656988923024303,-0.32874022590686075,-0.04072530827864536,49,0.0,0.011904648919922265,1.2031224444069784,-0.20077457172499105,2733.732882367642,1329.0395788149233,881.6887573344952,0.0,0.0,78.4855502110084,-49.157552888549816,87.42456516696541,66.0712560390388,66.95801233883817,98.5038504043093,80.22318249254957,70.56285098305887,76.2808062985968,76.37802371908592,80.80913183562234,73.47851948546041,84.58216678083548,20.416391790134192
1059,2083.5460753832517,1330.3671649128821,0.586753930095435,0.004320167692750857,-0.25390431810831093,49,0.0,0.2436943398790215,35.397878556601434,-3.872443087354764,2083.5460753832517,1330.3671649128821,4689.926478760986,0.0,0.0,78.89978554767146,-49.15884146019906,392.75636827070196,399.320967855524,395.44762648272615,430.1736408765436,452.00961313673974,421.86127537650646,433.0027276926792,401.51729714401154,389.9964839652811,424.7968343523373,414.3787889172139,134.66485469072214
1060,195.18954802793482,1330.4458931322904,0.5552026592188891,-0.9279399459750547,-0.39102968696812523,49,0.0,0.033021369119459784,4.830729867683457,-1.710031881516675,195.18954802793482,1330.4458931322904,5284.020911049571,0.0,518.0939284003122,80.10286392147258,-49.15575666835092,255.48684125273488,268.3034141953848,181.50843266728953,242.24782920586776,319.0600529431787,385.4521684871552,223.39536705582717,161.27739050864028,2680.5922795871847,260.1460710393226,259.91602624994425,46.63503785704049
1061,209.22359723255778,1331.9994848622634,0.5997903768253725,0.5674773410332669,0.9992745248266452,49,0.0,0.015453653582719514,2.0779613245304867,-0.7940936502818375,209.22359723255778,1331.9994848622634,1508.0123885526784,0.0,668.0023445818078,80.09391281702557,-49.155178190379054,75.33639367362818,148.83686533983789,81.67748037645839,175.78436578513805,165.1766221859499,54.54063885607081,107.8828430352263,230.9633262399309,185.2296579629558,198.89601644449442,62.347665206186406,21.34051344680141
1062,163.70782439287882,1332.059714248119,0.5173986850099186,-0.717623965349035,0.08881758515350026,49,0.0,0.03596618499364515,5.726788558498578,-1.8947778715372507,163.70782439287882,1332.059714248119,4452.134739680449,0.0,80.30619386906051,80.12290488358609,-49.154927549111314,1626.668940896748,115.52614153299629,156.0864151930695,99.33912262183156,417.2689707324942,106.99395320660855,208.35821524828995,30.066024201862373,421.78752161504923,377.66749801727906,859.8204609095061,32.55147550471423
1063,1348.252305079787,1332.874543889216,0.5973476686777711,-0.2512635344870242,-0.26214015646216804,49,0.0,0.21064471619571262,30.694825869989277,-3.717662934988193,1348.252305079787,1332.874543889216,3956.9575741299127,0.0,0.0,79.36826670730161,-49.158094157411035,347.87635271920294,318.88907049016564,340.76163810397975,366.1691016331879,365.8999144113227,357.9816017990231,340.1454108075933,348.9606493842814,343.8153954480845,375.59119221445553,342.0927718795691,108.77447523904704
1064,759.0126263338325,1333.4267698768926,0.6401488665058478,-0.23419315967325838,-0.05190955493408872,49,0.0,0.02835793036459217,3.457256713829651,-1.3468290716939526,759.0126263338325,1333.4267698768926,1173.5630919331854,0.0,0.0,79.7436715445695,-49.156734621682936,91.65818937609505,125.03908792088835,96.32119405924234,98.03448500686662,88.23751334208376,113.72923423895239,102.33836062581642,95.96507406857546,103.76345189590853,120.23322683463297,108.56044426601267,29.682830298110826
1065,2451.696351240877,1334.4416529325053,0.4450502776614458,0.211810448321847,-0.05695477619112219,49,0.0,0.025226942599141235,4.101786077825181,-1.532432516700383,2451.696351240877,1334.4416529325053,1125.3189754756263,0.0,0.0,78.66525264482823,-49.156282974190994,98.85743843887772,108.26096270401169,98.88691668788485,94.56170985315424,106.10291826286323,106.08704415240533,103.98686948338148,101.62642995742085,88.4318578858747,96.8113337571198,93.55536894762136,28.150125345011034
1066,3033.3928036710886,1334.841093908234,0.6851285490846467,0.41076944517045333,-0.06888754482681442,49,0.0,0.011925761527683527,1.2149718108584389,-0.21141550444354507,3033.3928036710886,1334.841093908234,950.4823706157019,0.0,499.07070941691717,78.29470510575881,-49.1537883992485,82.83422652266427,78.337547349632,83.64365638977813,76.79440813189024,81.10507576440064,84.66696042181546,77.38424829454732,86.61350776091442,75.45771063863502,100.85142613932322,99.23508769277856,23.558515509322465
1067,1366.2991697112568,1336.6475616340433,0.5853307874137447,-0.19932020671886416,-0.2952319527911582,49,0.0,0.05201043331106197,6.863732274454263,-2.0914008378902347,1366.2991697112568,1336.6475616340433,1724.0015327136175,0.0,0.0,79.3567638561851,-49.156537463629604,144.66203742340963,139.79053069962922,126.24459985196323,150.3103713360151,132.50709292576047,153.76711190532714,162.2549277605346,161.95121059051093,167.17860479057748,182.66652104789543,153.84875109524657,48.81977328674745
1068,214.5846065262019,1337.7991076225105,0.24885146411619302,-0.2848413217388498,0.8245475792657436,49,0.0,0.006656618814257155,1.0544645708628344,-0.0575799809634037,214.5846065262019,1337.7991076225105,1156.5097984246481,0.0,679.7870238445055,80.0904549466377,-49.15278806453014,70.57670258655446,82.8688538425663,79.77949030582155,124.86615983394846,92.6944097153897,74.97020552667384,106.8647509717272,165.91142926174012,74.71137297900452,153.7204892529072,105.33634410056474,24.209590047750062
1069,1181.9906551373872,1338.4931761548814,0.5815563950895942,-0.060473025908517344,-0.16802763171719218,49,0.0,0.21180587886827604,31.233718690238547,-3.736559236152286,1181.9906551373872,1338.4931761548814,4101.751913505299,0.0,0.0,79.4741829844563,-49.155557645171164,323.7246207000119,365.5817600626327,359.41730681187596,391.2907830561432,365.696142770648,341.56979600207734,406.0257552743219,366.51637615394196,378.9421607311932,329.4630757206435,366.3342589480293,107.18987727377981
1070,204.74094240347722,1342.0333783914382,0.43653666097859734,0.07030150621432162,-0.23182986680807566,49,0.0,0.01251732930832945,2.185479750168312,-0.8488669670883099,204.74094240347722,1342.0333783914382,1786.4658901340151,0.0,583.7858244126937,80.0966932736953,-49.150976028041875,74.2481671912588,111.77635311388974,168.2859784861656,108.75933441822002,182.20147653722944,129.8537267262754,151.8940301643475,200.6236338852511,270.5806731613834,182.15825691111894,184.60872850528645,21.475531033588595
1071,1278.3592819134287,1342.86943508748,0.43083093650285853,0.8469279671084222,0.4767734741010277,49,0.0,0.0085267426499384,1.101392690593522,-0.10485547488505666,1278.3592819134287,1342.86943508748,841.5227612619342,0.0,0.0,79.41277999835452,-49.15385930247611,77.19440746948445,59.248220779165884,62.37262397334983,58.99608597549645,86.79190247237149,85.08150249417092,73.97840573239233,86.8434309355946,71.05735548113589,69.86385131237071,89.40351378003439,20.6914608563673
1072,1701.518404461063,1343.2070450668596,0.5488669333586265,-0.1840474271942652,-0.17289310389449744,49,0.0,1.0372506433390685,158.8865245222136,-5.502717663506016,1701.518404461063,1343.2070450668596,18422.54581129255,0.0,0.0,79.1431961470017,-49.15388259786407,1496.6084334291422,1569.2571916187753,1607.4010404166802,1628.2985369802273,1726.5928964725222,1643.7151121347438,1687.9896067689047,1687.0876733225125,1634.9280486331313,1628.2921211746855,1666.7057993882518,445.6693509529756
1073,2572.494237391674,1343.3297951615307,0.514406936357768,0.21479361950713108,-0.06731532248103084,49,0.0,0.01491161743227089,1.688400031948778,-0.5686883792507881,2572.494237391674,1343.3297951615307,1086.0289492633747,0.0,0.0,78.58834378070436,-49.15219386810859,88.82808637210196,99.9827677070693,93.94685694781256,90.79781655344905,83.64248888028587,93.9669422237422,87.9591225386859,114.61741132525201,101.15468412087039,87.13162661605898,108.28589604617326,35.71524993187332
1074,164.07705009022098,1344.9950184875413,0.8281627679606876,-0.9438740398766633,-0.3665868379616538,49,0.0,0.062118315976197824,7.604369449929509,-2.202658021064792,164.07705009022098,1344.9950184875413,3410.054172859192,0.0,84.6340302727316,80.12257031033644,-49.14954040349882,414.5197926000743,560.7821046450235,179.34956565384906,174.764173726245,78.62467628586454,413.9815180704016,327.1215316588783,229.2504166357063,319.2745333487256,322.0654583991481,317.31241995066085,73.00798188461499
1075,1513.9559394593941,1344.8435409673884,0.9139932610685293,0.10077437298668626,-0.1414348198831126,49,0.0,0.04008895185355866,4.062672072702655,-1.5220294218243384,1513.9559394593941,1344.8435409673884,1194.2991021803264,0.0,0.0,79.26268673642407,-49.15320548457114,89.87900168134405,130.1741560087865,100.45686728343132,103.79454766774029,99.11506163978099,111.47328340308815,92.78837228023306,88.59932478488801,119.5367455315656,114.0765778156721,113.58067187372131,30.824492210074855
1076,2663.3716533138027,1344.7575161397908,0.47358356194087,-0.18442807039622441,-0.16423565817982516,49,0.0,0.03489077400229511,5.693979006380091,-1.888539653940719,2663.3716533138027,1344.7575161397908,1329.5136587642005,0.0,0.0,78.53046362494766,-49.15127501929078,143.8674205700607,125.55439562073667,131.91702806557043,118.91542998386736,117.20805939245301,109.58058560326526,116.54381532327115,102.59831678225032,105.19482646203306,112.1182425127259,112.5961045360671,33.41943391189959
1077,356.69171487299934,1345.750725870254,0.4152519131479074,-0.19223566307763973,-0.7527395005635009,49,0.0,0.03502371426908493,4.820283235712472,-1.7076813944005576,356.69171487299934,1345.750725870254,1768.048438009206,0.0,0.0,79.9998843883888,-49.150129991934236,140.76189802899611,150.59345731611793,149.13772587056886,154.55042176003792,161.40604225277968,137.618830755082,177.90814628393707,169.55767296449386,151.77842153478105,154.75702679934523,178.52532703816243,41.45346740490383
1078,907.2235515419152,1345.8877992719533,0.5828145778709295,-0.0938222258708035,-0.18655033559081574,49,0.0,0.009999245701104801,1.173249096307645,-0.17347557092589655,907.2235515419152,1345.8877992719533,836.3909484474225,0.0,0.0,79.64920296650403,-49.15194133035307,70.29320604809513,74.82396460615266,95.44669567557685,53.19215945878496,71.96284900128518,69.490078201807,77.59440129161871,82.96776283401249,71.0402183246918,72.71841551000472,68.24065913433353,28.620538361059545
1079,1817.259824375256,1346.1071344088725,0.49404529959322563,-0.0480789480973572,0.306426654321988,49,0.0,0.011946217086723509,1.3584159148203732,-0.33258190250547337,1817.259824375256,1346.1071344088725,952.2034782437067,0.0,0.0,79.0694637643422,-49.15260978412503,83.94779158626812,78.47943655106425,85.54669953257172,91.76090048640478,87.13708020824122,69.54849094897638,83.84365776093938,73.41582294846876,91.09559395344716,96.9676152135207,87.35606671582146,23.104322337982858
1080,1491.47961971423,1346.8330495100388,0.636420079308114,-0.9335689037265823,-0.016593904813236564,49,0.0,0.018633677171273122,1.9153976175933918,-0.7056473572522344,1491.47961971423,1346.8330495100388,1196.3080959613276,0.0,0.0,79.27700446777146,-49.1523688238119,107.79161687781284,107.4058071823273,95.62656468668956,112.13231825364691,110.32013829130307,121.8305738225197,100.83664658666433,127.80813132559804,92.06365692887374,90.3064768149699,106.44651585284731,23.73964933807482
1081,2480.828214260973,1347.263119030771,0.5443833154645189,-0.04479431519602742,-0.5313523722185481,49,0.0,0.01199733270969401,1.3186856243654328,-0.3003531793953632,2480.828214260973,1347.263119030771,1042.1006114014099,0.0,0.0,78.64675419347414,-49.15085257513635,79.59313569978042,85.4246658471287,89.52533234460435,112.61675933930188,84.04106985595415,81.83264521552233,97.32313993389428,103.49929797394074,85.55276489940395,106.73783775977958,94.1236446769139,21.830317855185697
1082,2830.8048721518035,1347.4659477610344,0.5549534945502339,-0.302906002512021,-0.40032216267917037,49,0.0,0.04120105973854181,5.565290737462488,-1.8637196433198764,2830.8048721518035,1347.4659477610344,1502.4782890103602,0.0,0.0,78.4238326530872,-49.149473916583496,145.64455714506119,119.5906953915263,139.29513042731227,132.6338370122475,134.49993090994712,149.17678928650747,141.31824101319123,124.98316788835791,114.36212246992409,137.3081045898941,128.73434308388607,34.93136979250472
1083,2236.148379414753,1348.581987130724,0.5352319978170046,-0.07246955934449915,-0.07237539661061013,49,0.0,0.06455958905985311,10.030033701320004,-2.5032559806748544,2236.148379414753,1348.581987130724,1758.9370770397998,0.0,0.0,78.80262165173454,-49.150952971538324,158.76568858271378,135.80432985273893,156.65378269057237,183.4882746654418,160.27074275493754,149.97330932767017,145.3485082488651,153.96109477282135,149.22588948764184,161.83892657174545,160.93410569947724,42.672424385174224
1084,268.77976157662306,1349.3730373921517,0.20789730586310964,-0.6002892860514786,-0.7697613326320022,49,0.0,0.0070181624841374815,1.1228967334891553,-0.12584954617907868,268.77976157662306,1349.3730373921517,991.0485321415387,0.0,308.991657639392,80.05585243151468,-49.148224192713116,75.6981422901388,86.13368792366329,90.39947881851447,78.83570168064131,79.51861188524714,85.88672234831245,84.513847616277,86.48492510588312,106.39628063783249,95.4908275883385,94.9684324091539,26.721873837536222
1085,1473.75679910296,1348.3385877614742,0.39687209832352227,0.07836747187259825,-0.229096073866353,49,0.0,0.013768235530216702,1.9856101326399023,-0.7447349509516654,1473.75679910296,1348.3385877614742,1024.470892079337,0.0,0.0,79.28829385290929,-49.15173419740155,87.25306521954771,78.75268403586662,85.43377696277139,82.18470228013223,90.76683904764135,66.8084198431287,104.14295588189614,90.93925576218238,96.4290450032759,100.42080931369554,112.06688304688458,29.27245568231452
1086,471.0339872860426,1351.7584436270004,0.3765448073168341,-0.12785857857238928,-0.38552946384126846,49,0.0,0.015187830901507736,2.3805014690291175,-0.9416711345442218,471.0339872860426,1351.7584436270004,1263.202786149456,0.0,0.0,79.92701771607821,-49.14810241038894,93.91775720061597,108.41657375357023,95.37435987579414,111.48030200784046,135.02260752599898,111.66938615946415,109.57533092226359,109.17830315175041,127.21360162809586,110.79482797587039,109.08536324611106,41.47437270208079
1087,1505.2079685261897,1352.3289907943933,0.5351904308685919,-0.40901493223711993,-0.18681001794255006,49,0.0,0.02645932819718517,3.786672531141422,-1.445644373135078,1505.2079685261897,1352.3289907943933,1163.7981239205312,0.0,0.0,79.26825595353732,-49.15008377199404,98.4133308590535,117.73343061366234,108.44379304238296,102.02716303842358,95.25655233951488,108.22869270818046,91.72933464594347,91.48983484823029,117.52412635007977,79.70747187971048,119.84123841062244,33.4031551847271
1088,1688.9619288688598,1353.9417910381528,0.7518234623919343,0.5095831376907174,-0.3773779906022766,49,0.0,0.01297101410388575,1.0989616381283722,-0.10245633151381146,1688.9619288688598,1353.9417910381528,1118.3047488403186,0.0,0.0,79.1512006369566,-49.14941397337833,81.45009630471776,88.64485689281946,111.40624312825446,95.5127045147337,86.27731751766515,113.194183883129,101.71663765051932,97.84829052939676,103.32029164877548,101.95066235598932,99.91615472079911,37.06730969351896
1089,605.1376400656543,1355.935301385106,0.3848899481855861,0.23914789859711075,-0.6245272840785266,49,0.0,0.008861313901978156,1.2442796624750634,-0.23729500679449775,605.1376400656543,1355.935301385106,858.0741635711316,0.0,0.0,79.84157944028887,-49.14686136058055,69.90160823163332,79.84093770952495,78.22032372989591,71.62537217895999,87.99855277894628,87.31100060996908,75.83716101599003,89.30906957077308,83.19524830652011,57.69230188457817,61.91002474249438,15.232562811846314
1090,942.9748929403324,1356.3895335445368,0.5383089919018456,-0.1483997733824413,-0.19921445647978667,49,0.0,6.542031933375101,966.2160309164549,-7.462685596954083,942.9748929403324,1356.3895335445368,131691.13703936135,0.0,0.0,79.62639153661057,-49.147650356563084,10632.440476492848,11226.69802330052,11493.041111863773,11658.871236086907,11957.685417700686,11864.053672464575,11972.358136285799,11927.567796774481,11712.871377679952,11875.868761850608,11920.74786319755,3448.9331656635804
1091,2685.382549756337,1356.6179987938356,0.6729581915987419,-0.12145511400376693,-0.02797906669191968,49,0.0,0.01984889608795289,2.2010204857658415,-0.856560211805518,2685.382549756337,1356.6179987938356,1048.4451291258697,0.0,0.0,78.51651203048583,-49.146250699598085,81.34592042815473,86.23841217257467,97.09842162312961,82.55231820971349,91.79272194467711,83.18680553677565,108.04429407165468,87.821191853111,102.47912180067468,97.20513347752822,104.57851800749783,26.1022700003781
1092,482.0366178490681,1358.1247282042484,0.7440057352402181,-0.42179580437922426,-0.6174017045739896,49,0.0,0.02404523144401685,2.4250853639594063,-0.961817576360162,482.0366178490681,1358.1247282042484,1347.6753062493085,0.0,0.0,79.91997173057537,-49.145493334010425,94.5555472221432,118.74363351499713,128.0538140898303,122.81590797094682,128.565603731488,117.22618811371873,105.19784353039938,132.99697867587548,133.46726834994922,111.00295168636069,128.7661414904972,26.283427873102447
1093,2385.8720394097327,1358.90871821554,0.35641078335928833,-0.0668988644061316,-0.10218439106547031,49,0.0,0.029158933641268047,4.7011837896069,-1.6805180749243949,2385.8720394097327,1358.90871821554,1406.8069551128679,0.0,0.0,78.70729008185673,-49.14627756819013,107.35441953334484,101.11418142020231,109.55632879737749,123.64847687327128,143.5534983314248,132.67258769120744,121.61427152569712,121.31887795348014,138.6936194344895,133.1903259536482,135.23490285781418,38.855464740910826
1094,1974.856894726684,1359.778258414889,0.34987849826228945,0.5499985957617205,0.03477805195813814,49,0.0,0.012070987938747273,1.670287186293262,-0.5569778735268361,1974.856894726684,1359.778258414889,963.0278613468963,0.0,0.0,78.96909351257727,-49.14675031434879,80.0725564389034,94.78401540409723,86.94273219861456,79.36671041203304,86.47999743165397,92.43997075778529,73.29738029504142,95.9418859675025,66.2115463489693,91.23804902116277,80.88429345728431,35.36872361384849
1095,1608.410142022087,1361.0642341665673,0.6468811072895193,-0.42104200693144406,-0.33359422800736893,49,0.0,0.03182423901826812,4.119655255076312,-1.5371521862707083,1608.410142022087,1361.0642341665673,1113.7275238463578,0.0,0.0,79.20251383860061,-49.14645989915135,122.03602151865236,95.47265195313355,82.37265289070007,87.11704462187477,95.25083094800144,107.74789079382171,101.06049336338086,98.49551114257224,120.91991764834027,97.92285548444468,85.01707555920689,20.314577922228906
1096,2274.2791053814535,1360.357610951657,0.8329108208959417,0.4094324318152446,-0.5561557318348362,49,0.0,0.04493409082935046,2.5377407119098336,-1.0111181173485542,2274.2791053814535,1360.357610951657,4987.40942964498,0.0,0.0,78.7783743331663,-49.14595913285284,423.7703798558743,452.0774671758502,457.78344221824506,427.7024339023201,445.3860886746019,401.4492498813607,445.8828128516623,430.89790668060306,455.8066700705591,478.7259611518051,458.58520289362303,109.34181428847535
1097,2468.4364680721856,1361.3157135019815,0.41148412281337526,-0.5926850737820845,0.15117880910329978,49,0.0,0.019121812254514252,2.340184744976779,-0.9231253599322814,2468.4364680721856,1361.3157135019815,1406.4319193080514,0.0,0.0,78.65471288615193,-49.145035575426036,112.52581208048777,101.54932138841052,135.67459287708758,148.46399943899604,122.35540388540423,127.29727381631513,139.3747414711794,101.90698960429759,111.76645309387186,135.10548098205197,131.21578942984974,39.196061240099574
1098,1869.1457318031707,1361.3875986495566,0.8928488529469936,0.04860845785581883,0.0765096850328061,49,0.0,0.015084122558163097,1.3764073137381587,-0.34686742910298807,1869.1457318031707,1361.3875986495566,913.659274114456,0.0,0.0,79.03643154458483,-49.14619884125363,80.12549639477234,88.70658627534331,74.38441586626675,99.96118420097434,88.61709258262383,85.1018744646804,61.031664179017866,89.86805100369381,99.25465729382118,54.447456499274395,70.64144415000666,21.51935120398108
1099,175.93940005394242,1362.586331816685,0.5684091606730226,0.3635165751892489,-0.8702420678461664,49,0.0,0.02414518655980919,3.6056526555879,-1.3924597184540408,175.93940005394242,1362.586331816685,6858.270988381699,0.0,264.6696200303952,80.11488111583432,-49.142271085973434,206.18699200880047,116.23239053307347,377.65014234992134,266.1781763120191,228.1149028031552,243.64985663944003,207.67453335561834,152.12115033570066,127.13972731001739,4565.764421939702,341.73699375410706,25.821701040143864
1100,470.67331336220775,1362.5050545490528,0.5585001305759656,-0.1943673253220612,-0.35022583784302047,49,0.0,0.2691657708771563,39.49751848126602,-3.991424527436597,470.67331336220775,1362.5050545490528,5728.668650427269,0.0,0.0,79.92718250766782,-49.14362359492565,448.7140790093969,513.5030472691037,502.11341816106017,486.96299125979124,506.17957988985563,543.1100578130861,510.79324960867183,496.04235686507695,542.3342702783073,537.7358761938697,492.33880317263015,148.8409209064194
1101,2924.726855390028,1363.5862293224268,0.41201857519601526,-0.22369504489740522,-0.4153537563439141,49,0.0,0.03719791851270239,6.19600588666804,-1.980279554248841,2924.726855390028,1363.5862293224268,1503.216463384469,0.0,0.0,78.36412565445326,-49.14233755347488,115.41611324450933,122.02084788534677,139.24704324307805,124.31734700957327,143.17251546151624,125.82416260275575,131.30983352517632,153.2507464379326,119.2240480154702,141.3329832231815,156.09271723817096,32.008105497758194
1102,2569.323052989573,1363.7655259672079,0.9312461123192965,0.08850952819245306,-0.39332422259460587,49,0.0,0.017013957602425595,1.528494932374872,-0.46066000797375484,2569.323052989573,1363.7655259672079,877.9808233626152,0.0,0.0,78.59046971629184,-49.14369028469229,80.6111104653298,84.14021383915714,79.88529712213374,69.6901700966399,73.45697082746989,90.53721114341894,61.14993220925828,83.8339139737916,85.69867683839394,77.49349416053936,70.7376240083571,20.74620867812544
1103,729.1796218057897,1364.9191361380915,0.4501367259291174,0.3617378568192556,-0.17133919105177614,49,0.0,0.014191013628077209,2.1107271224257036,-0.8110802269392782,729.1796218057897,1364.9191361380915,958.9829822619265,0.0,0.0,79.76253047600048,-49.14352391440034,79.95857201084041,77.96334082367082,84.05589956195651,95.7920100920299,88.25790953710657,88.72801345773894,89.57689050675353,75.47795106074354,95.96691428893007,77.41121874722347,73.10955228794333,32.684709886989395
1104,2328.569504984178,1364.664438313736,0.31622346341904406,-0.5059849352707847,-0.8596274478080435,49,0.0,0.00797434800735552,1.1180360574037844,-0.1211395251527945,2328.569504984178,1364.664438313736,885.7163976455386,0.0,0.0,78.74381111753952,-49.14403136173302,75.93278854290823,84.54167784920249,76.605147045905,74.55012210040024,70.44561222673619,71.13024714639481,87.63375802618545,87.50903101822192,78.02821220555458,81.36356461795197,76.33958640346692,21.636650462610643
1105,1226.856912006264,1365.9142427025965,0.8835474833377878,0.3019000910831094,-0.40533869298563513,49,0.0,0.015092807377120307,1.4018431500957897,-0.3667485596496969,1226.856912006264,1365.9142427025965,886.7855471666069,0.0,0.0,79.44554442503618,-49.1441946192624,69.35726049431143,71.49028952340714,63.12844688787008,82.1557343910587,90.2331852851022,75.82135521193256,77.03074633246278,91.56629048699081,79.3815297194321,79.54883161215307,94.49738029271884,12.574496929167221
1106,1708.2471062216214,1365.7166006506986,0.5346186905556212,0.23170827871538735,-0.21607230566982966,49,0.0,0.07119188495750634,9.083766509329582,-2.395664906280908,1708.2471062216214,1365.7166006506986,2816.35603225703,0.0,0.0,79.13892243675502,-49.144501191596014,243.2453070495787,265.65654130411633,250.05071789750235,254.98075281871039,254.04378738727132,267.76036814442705,232.03761519623623,240.03234250569534,266.4575743150519,241.55663632431234,232.2996855052246,68.23470380890365
1107,1198.4135793925693,1367.9979240728128,0.6015402924432158,-0.3109315796579299,-0.28825348441530696,49,0.0,0.013259148301037084,1.5931604745094807,-0.5056488081215316,1198.4135793925693,1367.9979240728128,876.3203971640062,0.0,0.0,79.46365669425067,-49.14328777929079,69.75743307485695,98.24593337813941,57.787711260323775,71.40454842273468,82.15629127369041,80.31203005985068,72.85780822316383,73.26432890763195,78.49279365127819,92.85697414149008,78.05827764031405,21.12626713053213
1108,1585.0358835813863,1369.0667654943318,0.641229406287171,-0.49053290806331934,0.14816160879941292,49,0.0,0.009889148446500361,1.020384358031784,-0.02190948119348346,1585.0358835813863,1369.0667654943318,877.2188690241725,0.0,0.0,79.21740210387317,-49.14312521159633,70.11088968514949,78.71069647372249,73.1615846588335,84.22712550709029,65.02721791374816,74.60407085422645,77.0293616896533,64.5320677211015,81.21358122628301,97.7068603280104,85.85150738447449,25.043905581879315
1109,2434.5658502912725,1369.0005036321531,0.25776076182877605,-0.27968249438096204,-0.20751010562552896,49,0.0,0.007038352100192069,1.1010523859242543,-0.10451995586853088,2434.5658502912725,1369.0005036321531,845.7108318598903,0.0,0.0,78.67632007926494,-49.14193470949981,61.50931464882668,91.7492994369156,64.60505811554441,72.8899492399645,66.82946090417903,62.061269822142485,79.40310506452253,84.47495144017067,85.46405468555099,83.89418415241138,74.1322657744584,18.69791857520356
1110,2777.6301034086023,1368.8913971736877,0.69812312067012,0.10037439075043064,-0.9222078068889138,49,0.0,0.011132249276327935,1.0247066198013741,-0.026498854603171845,2777.6301034086023,1368.8913971736877,924.2226473324372,0.0,0.0,78.45783656965708,-49.14077171033487,76.46574333756654,88.40131042006416,90.04675083808894,70.52133192777352,89.60188044774489,86.04560835248729,73.61227493720193,75.02167821551882,84.86760955683062,75.9244096398382,91.9294640699575,21.784585589364816
1111,2740.815502234513,1370.4008963767026,0.4796387317190023,-0.34605473790010893,-0.2742314583134816,49,0.0,0.07803929971897809,12.572119860256398,-2.7485212821205796,2740.815502234513,1370.4008963767026,2156.3476141952406,0.0,0.0,78.48129049367029,-49.14029222716796,165.5357629913244,194.72625064137458,201.3250726420721,182.21328761079005,181.12606070025618,210.64398982759238,192.0724239066352,204.18560724420075,212.8890546308675,192.84171233518788,167.1542295320287,51.634162132910845
1112,2717.499541457756,1371.2111700905045,0.7293105012055413,-0.5733818595150891,-0.4565016363718748,49,0.0,0.02189269370975987,2.2107676898255764,-0.8613577719516098,2717.499541457756,1371.2111700905045,1135.8483322080488,0.0,0.0,78.49614362381182,-49.14004681777185,106.58019265340846,102.08052221655589,105.56504396114761,92.48181182606412,98.61972241364126,121.48952491110265,93.62567734852303,94.92003601082187,95.82968495685401,90.28901076947352,109.12714912139985,25.23995601905656
1113,1140.7467574595694,1371.5815798909678,0.6500105507338523,-0.24144231134387611,-0.16256447364303736,49,0.0,0.01027325298328382,1.116002406814249,-0.11916282804740373,1140.7467574595694,1371.5815798909678,842.4011053311425,0.0,0.0,79.50037749407575,-49.1417075562849,72.21249047274043,71.46305425327756,76.51486524291107,58.072667561021206,68.10852489975761,83.77631834568754,69.03767104784446,65.52736943556425,83.19023292683937,85.76897004459947,91.19806240714004,17.53087869375954
1114,2496.107097844149,1374.5508613998647,0.4553346689149436,0.5273232384903914,-0.11639678403811156,49,0.0,0.010020804758939527,1.3383466706474727,-0.3164215572121991,2496.107097844149,1374.5508613998647,922.4262739516325,0.0,0.0,78.63715237122665,-49.1394357383378,74.23587273584842,74.27915751368607,87.97154193686717,76.63991551676894,85.51092837986913,87.40718976641419,101.98789842835137,68.39989491234203,95.87524155443398,80.50948257617866,72.531875069386,17.077275561486495
1115,205.70600762616067,1376.9369885744638,0.5125049084516847,-0.150797652773158,0.673512506382462,49,0.0,0.010812209224962439,1.377234136428507,-0.34751944671170854,205.70600762616067,1376.9369885744638,1468.6512303662048,0.0,655.8971534471634,80.09581827901559,-49.13643936522019,110.85630207801114,95.85276845812228,96.7658341698232,88.96394436598595,196.69718464450042,146.82637116983477,151.4500795782422,147.5691605760204,100.8143515564995,119.12118588703153,184.80628417254934,28.92776370958392
1116,930.4919914335574,1376.2956110842254,0.5302609690263519,-0.8206480061575476,-0.40858833120946353,49,0.0,0.013741737285860346,1.4813487887713381,-0.4266433168034297,930.4919914335574,1376.2956110842254,1580.4482304239168,0.0,0.0,79.63427144880774,-49.139327379649394,140.0398319457041,122.78691814335716,140.21896196962726,162.36663280279257,125.85671652040416,154.00817823342032,143.39674120228483,138.57574119060436,138.43837608014098,136.62633360835628,143.10672364650503,35.02707508071963
1117,1888.5278999902134,1378.0353514186859,0.6921781452000028,0.027717985116472568,-0.1344203112507935,49,0.0,0.01525063821169916,1.6550652638102785,-0.5470378097111097,1888.5278999902134,1378.0353514186859,936.5820058211841,0.0,0.0,79.02411129066496,-49.13924343095951,88.4944260447034,89.4006951101771,89.02077167747304,86.50290552878937,73.4967990462586,82.45211242321207,76.63315549299234,90.98377151683769,81.08353519256704,75.81702448667048,80.18612862948174,22.51068067202143
1118,2613.855284759773,1379.1443303820442,0.5406512878241915,-0.5758801073467147,-0.14613925441777673,49,0.0,0.008050466646206463,1.0344259247179075,-0.036748490674766265,2613.855284759773,1379.1443303820442,753.2102103068412,0.0,0.0,78.56219100128583,-49.13712825714815,75.25757470226043,67.28242693647738,63.74355893824485,61.64086011548538,72.33257950772906,72.63242979401184,58.79622497963997,45.74974594563105,53.71159021732426,74.50857028796375,92.04163425690882,15.513014625164306
1119,2094.5283433720883,1379.5131515368128,0.4578789063749744,0.15232341370668104,-0.16554177403134293,49,0.0,0.15098925596712756,25.28727426539183,-3.5072550473332353,2094.5283433720883,1379.5131515368128,3666.7030616117268,0.0,0.0,78.89291833291118,-49.138345533175666,328.4962874780009,310.467861223101,321.0978668785478,322.65709852684387,311.5636390158061,366.0075761474061,323.5099086019888,300.36411422526663,339.8527263344049,302.91416448245445,352.1859342522294,87.5858844456771
1120,3141.4835538703787,1381.1869771555264,0.267179896963387,-0.3702022587303466,-0.9237203911588515,49,0.0,0.006970804558661941,1.1724309654582652,-0.17271820052922648,3141.4835538703787,1381.1869771555264,644.0596436003664,0.0,391.8653670281768,78.22623903777686,-49.133917291441996,4.3089899847442155,35.41781123287748,42.76277979474716,32.110832963770626,128.40954483765393,81.93152118134027,55.713506587453516,55.09074389535065,51.26345482710281,87.56371661706709,69.48674167825861,0.0
1121,2851.790736182629,1384.1469753586928,0.5461230415989491,-0.2898162002270164,-0.484656849017125,49,0.0,0.08569797284866025,12.621856413733534,-2.7528080883296804,2851.790736182629,1384.1469753586928,2270.479937059451,0.0,0.0,78.41071151486025,-49.13410043864871,178.51372848050215,199.69207330344727,217.14483476463516,191.41849139449312,207.282947671643,188.7268066332261,193.78256771475577,207.29482926715033,200.46024058725536,205.72165202850104,208.86390790856845,71.57785730527324
1122,291.09284696998736,1386.5723929988649,0.7451265356986202,-0.165999037113129,-0.8029070932027046,49,0.0,0.0280824066618333,2.813374724830929,-1.1230689536690992,291.09284696998736,1386.5723929988649,1452.7357411889388,0.0,0.0,80.04138069287458,-49.13282938282347,126.25721573468037,110.00305995518605,142.53242539039329,127.02639185239465,131.94853203240126,128.62097885955927,130.88950628201067,130.75804170996338,117.49008573145842,146.67663800124234,114.68728961986162,45.84557601978756
1123,831.1770139231696,1385.8722510143766,0.6418849117268438,-0.17122417394512301,-0.23515054020891082,49,0.0,0.5774061538557548,82.12271732715693,-4.7861582778504195,831.1770139231696,1385.8722510143766,8762.188226286058,0.0,0.0,79.69748153828343,-49.13508691404594,702.3877644450773,759.5785651885676,763.3854859675936,721.4171628280374,824.2751375258438,832.1917870507733,782.7366527070644,777.0857875351877,799.4702297372004,744.475260097724,832.0154619956988,223.16893120728741
1124,2015.2482711744385,1385.8529944745665,0.8205887973317105,0.4490854454571321,0.15311471098741605,49,0.0,0.016169422495372787,1.5993405275667365,-0.5098523562041563,2015.2482711744385,1385.8529944745665,993.2515917845466,0.0,0.0,78.94342307128402,-49.13583014840144,76.55720049873652,69.73464409164862,77.56708297955026,99.02336403659154,86.06551927510668,90.33182660004508,90.53329200327138,98.38297882543567,80.34106970511885,104.73884046395179,94.87915542601075,25.096617879079467
1125,2390.4472125654415,1385.922105179139,0.8327881148265995,-0.7099252885172016,0.28143578079289666,49,0.0,0.012140874244378288,1.0666759127691063,-0.07008122036122995,2390.4472125654415,1385.922105179139,969.0711950804509,0.0,0.0,78.70449005796593,-49.135009828618415,91.00076319394829,92.76619355668507,70.38603487551077,100.28753915703905,97.44354134091381,89.55414464652412,77.25520515698994,71.14049721846327,82.98666571754761,89.62415466091693,81.24235307436999,25.38410248154201
1126,160.965235004757,1388.3989147508112,0.4257862372570331,0.17295993424227527,0.7255721803479147,49,0.0,0.03338554780796925,7.396498833899986,-2.172565482794587,160.965235004757,1388.3989147508112,2522.484926981178,0.0,52.20352366694537,80.12421818182943,-49.13144213227796,147.0226696366483,321.2641258169765,90.01772780081595,121.70443294083287,195.95525290121589,310.3664213651173,270.3645531873857,144.2766970304167,51.941204966399994,439.28945899641565,372.4084661990946,57.873916139858565
1127,1739.03757955606,1386.5260757853255,0.41175979915498434,-0.10985583914739751,-0.2902358851723208,49,0.0,0.028130045070496733,3.2002069599173617,-1.2629451634901299,1739.03757955606,1386.5260757853255,1953.9281422407712,0.0,0.0,79.11932574921265,-49.1358173263866,159.3023178599205,149.07046093234305,154.6178607289616,167.0211900267101,183.32091970221495,156.79369448413595,205.81399605053767,214.18593317367146,181.5773579664188,178.22245721673812,156.57110738799187,47.430846711127074
1128,1393.6868154541799,1388.0595750861044,0.744930651519254,-0.16728877666679506,-0.23521538424766558,49,0.0,0.0681096309041824,8.288848842262714,-2.2962355494856044,1393.6868154541799,1388.0595750861044,1577.806762760717,0.0,0.0,79.33925814547148,-49.13513707959426,139.34322072320037,133.0086867416168,141.45416836290164,139.96076595772956,121.17706506473996,137.64459894615695,145.21576967287194,135.95460485517276,142.41540075960867,133.8166425492439,155.41573751323403,52.40010161424051
1129,2451.867675487666,1387.5306875009355,0.47418678610264225,-0.27777833948288505,-0.21738149501760637,49,0.0,0.016061137981086795,2.2790383231418394,-0.894379070288691,2451.867675487666,1387.5306875009355,956.7010605603358,0.0,0.0,78.66538521284093,-49.134163088407135,65.4962192618793,86.85948347553907,108.31296135471483,73.59347305205841,85.00725877935866,84.7592939895494,84.44287090054073,79.43796620442603,71.96708559089575,86.87235127121241,94.16860358209351,35.783493098067694
1130,1020.4462646525594,1388.9721580048129,0.578688116529289,-0.25218183149605294,-0.29250660203014256,49,0.0,0.394182418142563,58.730566588233806,-4.4221604765223645,1020.4462646525594,1388.9721580048129,7068.347697086274,0.0,0.0,79.57694319296913,-49.134242550765144,580.9967652006717,662.3889618934007,649.8884050254032,613.1669233294037,635.2293436747995,622.1481568312882,620.3490087590015,590.6726558078606,661.2852031608629,627.183415283436,636.9749411440714,168.06391697607523
1131,2482.218259255195,1390.3618066512413,0.4959427655237618,-0.3270551913537801,-0.14997417350284553,49,0.0,0.017164778074252623,2.055472415160747,-0.7822791320978322,2482.218259255195,1390.3618066512413,1216.0416053877775,0.0,0.0,78.64607193970481,-49.13289140949581,94.95620677901246,109.06171073099554,110.97578423836356,98.9236570961333,116.21544893882836,102.76778438455113,127.65253020931033,103.25633898260416,108.51057845933488,103.01468566560774,115.3971217070945,25.309758195941665
1132,2395.928947808686,1390.9318756775263,0.27447665312232467,-0.40488191449227345,-0.4543765034251424,49,0.0,0.007040098557684223,1.087039768228041,-0.09061358148083837,2395.928947808686,1390.9318756775263,978.8527500071023,0.0,0.0,78.70102060480659,-49.13290729243062,85.96222558571915,96.64106149767878,71.68852486634758,96.90062454955513,97.13472444843711,86.33373287834678,74.43250528790912,84.07713332672915,88.14709330230565,91.6032839115696,74.07371725290676,31.858123099597474
1133,180.43767906865983,1392.14280049708,0.7925469408047192,0.37234336388756567,-0.7514188942430255,49,0.0,0.03144483596780287,2.9224896245527683,-1.1643824450017357,180.43767906865983,1392.14280049708,7274.0605020906205,0.0,401.6831021567033,80.111792194754,-49.12997986586839,332.2427541466683,297.9913867599953,359.3063183769456,213.87759026648394,161.5509241035293,3471.0825066977186,914.8787024028585,442.97209434398576,140.66510875822487,293.8879388131482,490.61937843492285,154.98579898613912
1134,1789.6256591231631,1392.8895128104693,0.39489513275587107,-0.3096294622794873,-0.3695940442204039,49,0.0,0.01298729667829217,1.9924733070636407,-0.7484812797844042,1789.6256591231631,1392.8895128104693,971.4262535611196,0.0,0.0,79.08711560014194,-49.133136878465166,65.62637887742116,99.48943037234862,79.9847327231978,93.17388729507795,97.85769981237482,99.6786354333534,75.45372017916117,65.88963233859155,92.63581559748121,85.37873874240005,86.18824041696237,30.06934177274953
1135,615.6182441877731,1396.2819178723105,0.5765685055521049,-0.3043707967889356,-0.44761251924256706,49,0.0,6.582085190647187,929.2667190821805,-7.420350958828379,615.6182441877731,1396.2819178723105,130113.61349688136,0.0,0.0,79.83469158566234,-49.130087678369826,10622.742014884341,11344.846539264956,11363.919627764317,11555.783374127072,11755.946281110366,11773.509318378306,11816.505994122503,11489.684481152477,11810.977535971426,11756.11285139811,11495.407423811634,3328.178054895877
1136,1801.8638306876896,1397.3734733655756,0.5215390742657053,-0.008235548544354113,0.08619597534111281,49,0.0,0.023239684606539305,3.064066498598005,-1.2157454660933043,1801.8638306876896,1397.3734733655756,1202.1515067638493,0.0,0.0,79.07932707923875,-49.13126020234975,90.11771650518101,116.28866474965488,101.06286742974956,98.88773605064353,128.06442203944746,105.93374435510225,112.18868586591508,99.85207975561906,105.73381515653404,106.50436598118472,105.86637245604918,31.65103641876873
1137,2119.3533554959326,1397.9278071110255,0.6341412971508152,-0.301970412103305,-0.23997676145783642,49,0.0,0.036494526370458816,4.652429605360177,-1.669199526653751,2119.3533554959326,1397.9278071110255,1315.493700297941,0.0,0.0,78.87715933030834,-49.1306288682602,118.33372559542241,112.9564945316283,124.60158604409978,121.7199725584264,113.02729329711252,117.67173924754083,89.91632835939495,114.01822921824446,116.17274610353493,126.72149316873697,126.7714796315006,33.582612542298925
1138,2501.1012209445375,1398.1921832345895,0.6436286206938729,-0.008887333841303562,-0.17603107706932827,49,0.0,0.04217405133782041,5.654043258042561,-1.8808978171830602,2501.1012209445375,1398.1921832345895,1276.2465497458502,0.0,0.0,78.63408570661272,-49.12956999359993,115.04104598251817,111.33601174449127,105.84207516583496,95.39093718254966,112.69015685069562,107.65329526468744,113.87488819319103,110.33908007102843,119.3011656523231,125.33772875793085,124.25995411654509,35.18021076405468
1139,2866.8823924170733,1397.5212541417304,0.7733650270918442,-0.08589624838151565,-0.38159452798751825,49,0.0,0.057523186392733204,6.265618280749924,-1.9924098322476773,2866.8823924170733,1397.5212541417304,1706.2601997400106,0.0,0.0,78.40119270162714,-49.128461857130524,169.88477446965243,150.23959846766536,154.71988002105874,151.80689296323368,164.67180359520836,142.81438749572683,131.97460834970653,147.16818970216474,137.50894848292938,159.81778926758764,153.83326561760884,41.82006130746825
1140,1406.141216118194,1398.7275208119215,0.435537090235853,0.2979697316212915,-0.08975744133357116,49,0.0,0.008902963792536009,1.128690715592935,-0.1314373815774022,1406.141216118194,1398.7275208119215,859.9979681726466,0.0,0.0,79.33131569960821,-49.13070087214078,68.151616442289,68.3078541297923,68.42966370651749,87.69691304267387,73.74296632013188,75.163491354144,77.2945980417822,72.70893109085432,77.92659453715133,78.10941136039133,89.5650895760327,22.90083857088612
1141,2712.9293828416976,1399.6106720250943,0.5812741977278579,-0.18663330616191987,-0.05691397492489491,49,0.0,0.058591086119392274,8.462229563411393,-2.318712006745604,2712.9293828416976,1399.6106720250943,1562.0320158651575,0.0,0.0,78.499222897979,-49.12823246841868,136.18233797410184,140.68401174322003,142.34255939014255,137.02814638474734,166.22348375419554,127.33301657555077,137.59587743693024,127.17718156970409,142.458081107566,126.05116481077386,138.25983102586724,40.696324092357976
1142,2485.387480875778,1401.4972653532593,0.7258472796358048,0.12766531662232777,-0.09012171121661526,49,0.0,0.01006481683286976,1.0137848124089435,-0.014864451839694919,2485.387480875778,1401.4972653532593,868.1314162958265,0.0,0.0,78.64410656520009,-49.12824206609474,81.52600471068018,65.85762856253086,75.88287988855757,62.485908310714336,72.85337259684071,76.89835458166297,82.04093312919326,71.73305512026931,72.24637973049718,88.31560860516733,96.39802206683623,21.89326899287649
1143,921.9225406552379,1401.613964327621,0.5941598599817041,-0.6156703093856293,-0.2928142146857084,49,0.0,0.036557649769908954,4.134309763660281,-1.5410075326926396,921.9225406552379,1401.613964327621,1678.1332366162364,0.0,0.0,79.63963717200504,-49.12875815015655,137.59764730006492,157.21893549735927,145.36443933475223,151.67571774810642,140.8026943627674,140.89098202979665,160.5288277573856,136.0251561659137,146.69567190772645,160.2165335323926,160.6221684887251,40.49446249124602
1144,1255.8625923919246,1401.6861008866588,0.6885830779203529,-0.1690947846169967,-0.2007289616646743,49,0.0,0.11683588825399896,15.357462062713818,-2.965798627906009,1255.8625923919246,1401.6861008866588,2301.680326588917,0.0,0.0,79.42700353418431,-49.129326320470696,163.03508585200564,193.0526941500667,187.1477339616727,218.66588144286385,209.62071884008236,204.13592230902265,208.85658267779078,188.59489962579892,216.3953988104234,218.24692294086702,231.55801534481802,62.37047063350482
1145,2691.5474441287174,1402.3091434857042,0.7004243056259135,-0.4039673529612746,-0.30710525909492736,49,0.0,0.07191504017676938,9.130360099229046,-2.4012197658576797,2691.5474441287174,1402.3091434857042,1897.1157982486134,0.0,0.0,78.51285204371261,-49.12719067101826,152.8913314353698,146.592651622104,178.43195469304857,157.53014457434796,204.46324540289316,171.56794274761097,166.94288406553582,147.5263281781382,188.48269030728545,160.90970367715596,164.58686805660616,57.19005348851745
1146,189.34332017361794,1402.7209598907737,0.9775414700220945,0.8737274042213236,-0.3069939723075343,49,0.0,0.04329529473811462,3.5858012235561763,-1.386465527687974,189.34332017361794,1402.7209598907737,3262.9482104591625,0.0,576.3704682261543,80.10604259789848,-49.125616991465016,155.25856385062917,240.83058088858934,165.5864552351783,164.64770386083714,199.41292362881478,232.3206658647194,399.5256823865534,377.200936394419,539.344919555022,385.99805467742914,344.40920334031864,58.41252077665271
1147,2605.3545469649835,1404.2761444739997,0.5235582139329944,0.09677018522462288,-0.1536154282210839,49,0.0,0.1313438330622427,20.48713823316166,-3.278703244423351,2605.3545469649835,1404.2761444739997,2981.6946459263327,0.0,0.0,78.56773927406536,-49.12668738834487,275.61233073483004,246.3108225848743,301.7259599790736,250.0748518647898,276.13644939059066,253.8425411732577,286.8491166381024,242.07940351822936,254.7477002839185,284.2331790496928,226.7541774392655,83.3281132697079
1148,580.8318869198981,1408.608362286317,0.5600052652258983,-0.5379142353842365,-0.4669774592595199,49,0.0,0.021150614396349115,2.841053703874285,-1.1336986079573041,580.8318869198981,1408.608362286317,1063.7861092088824,0.0,0.0,79.85677332197069,-49.124829916905426,108.78933099913584,101.47074719317672,74.2326693563389,79.56184535372398,89.35986782960215,102.0227019568905,96.9534636752543,99.61518888516983,109.28663126435646,108.37680646558366,74.93366827196633,19.183187957683728
1149,1241.3400883371683,1409.285161274136,0.38108873162927676,-0.010201043294557939,-0.4103095265772228,49,0.0,0.013273875064196878,1.7447630751215937,-0.6043411539497849,1241.3400883371683,1409.285161274136,1018.5546658211763,0.0,0.0,79.4362361924924,-49.12614218203683,88.03619863449168,87.29830550824238,100.29152010716297,88.75181204338378,82.88152010757295,94.57547550165299,84.11081208354699,96.47310097070962,72.81426707275492,101.61224387520869,92.30566453276626,29.403745383683045
1150,1436.922853341209,1409.5151007695547,0.5806578864170677,-0.18277606396059795,-0.17336988419576152,49,0.0,0.20051833330449775,28.846246255224187,-3.650223266718242,1436.922853341209,1409.5151007695547,4228.38122974884,0.0,0.0,79.31170526828147,-49.12622535492607,350.51729303918876,364.4409678699898,356.8355163042875,399.20156926858317,376.00007029064983,369.21221136248914,388.50652864045986,410.9408216253032,396.2951056387906,380.7832652185625,338.78324249656754,96.8646379939683
1151,1198.3730356363865,1411.2095639778063,0.9655296664891952,-0.6236189209695168,-0.4980413511264026,49,0.0,0.017181020275052795,1.477264591897106,-0.42364572120041477,1198.3730356363865,1411.2095639778063,908.5620834808271,0.0,0.0,79.46358962906427,-49.125283094277364,69.6097871947293,69.81616608450115,77.98583154974915,85.45837681614583,98.60675960965136,85.78808447518765,67.87234108433614,63.996830109865684,80.98991852992764,85.59505153398345,93.12807700972431,29.71485948302545
1152,2460.097588988807,1411.184631544635,0.26504499335440895,-0.31479038230766504,-0.577865021487152,49,0.0,0.01221065563178793,1.8903820285675517,-0.691373949762427,2460.097588988807,1411.184631544635,1049.5464169135523,0.0,0.0,78.66025323035609,-49.12428309188487,92.99904257815426,95.23905339111701,89.29230211872053,79.43125519534182,102.766763608244,101.89531943891416,105.06004029875233,78.1897415891606,85.56333556193039,76.8735929727942,106.35375447535051,35.88221568507247
1153,2821.254010955557,1411.1363676972496,0.3906834611655362,0.5347703922948925,-0.3967255556929072,49,0.0,0.00799678814978162,1.0814700182305812,-0.08503620981339957,2821.254010955557,1411.1363676972496,790.7440682474501,0.0,0.0,78.43033142039518,-49.12298809434202,67.37479936979636,76.72106678212438,81.21605951209732,78.65374465478212,51.582205454937196,61.429813335971104,60.33123923757892,58.715482110564274,73.49531322657174,72.28259933272207,76.42601287172766,32.515732358576834
1154,1032.3097626531023,1414.2986654491112,0.5464290120666899,-0.1430309747040293,-0.28587565656429553,49,0.0,0.5034602384281608,77.91948014129696,-4.72911511594824,1032.3097626531023,1414.2986654491112,9221.642972646025,0.0,0.0,79.5693115559805,-49.12371392523579,725.9100605892208,851.476234881492,798.9468381342006,834.3805141217115,828.2519274370011,856.2698332783921,793.6857481281434,788.4878294177342,844.3079586783838,845.3355436122674,822.5418721483611,232.0486122191158
1155,1794.2800360055187,1413.868410656229,0.6175675018502637,-0.583304800317749,-0.559543833617023,49,0.0,0.02117731859646026,2.4176866165464226,-0.9585000159965434,1794.2800360055187,1413.868410656229,1222.8247437719378,0.0,0.0,79.08417338903098,-49.1243925885491,105.46861323446205,125.6078383141276,118.15536637739854,113.97995693050046,96.07637219605527,110.2124762459649,98.37030189614171,106.80663084120164,106.49941145560182,111.78157113426303,97.7433101501232,32.12289499609763
1156,630.6794947346998,1415.8440217786922,0.3442557963442838,0.9803841559517893,-0.4389138549576862,49,0.0,0.00974737168830372,1.017936048124831,-0.019301235721582932,630.6794947346998,1415.8440217786922,1531.0405884190563,0.0,0.0,79.82500046485248,-49.12198883415922,128.71477118801607,153.83784471502054,124.67233663597543,135.5419675809631,135.8916555252146,127.6284762233711,148.00769961626565,150.12023784869956,125.25348734027537,133.7003716884587,120.07025725605573,47.60148280074047
1157,2121.7882808167215,1416.2516724494717,0.45783309587143795,-0.42110714904554764,-0.15676208631672725,49,0.0,0.01519640515055883,2.2904618661776603,-0.8998076640452859,2121.7882808167215,1416.2516724494717,940.964477227991,8.724269426640415,0.0,78.87565990999612,-49.12298963303561,69.0021597140155,71.07855618794983,72.36235351307457,80.68755604617107,83.11024312671418,80.66414794856439,80.73651006342696,97.7612621933103,112.7042592451886,86.25120756459825,77.52302728439707,29.083194340580256
1158,181.53498390862174,1416.4157026195683,0.7905156723985147,-0.5088968112368305,-0.8597437781934871,49,0.0,0.021139008883868868,1.7272565705814165,-0.5933921335994451,181.53498390862174,1416.4157026195683,3849.1992276254423,0.0,454.493435893218,80.11090956120465,-49.11987288661148,328.3624204052994,127.86627021877483,242.23789061558045,704.6523036242656,350.2059438856554,339.1965246863293,422.0710845068364,221.4424022598653,230.2004557861673,502.16485977679514,286.2608663356541,94.53820552421931
1159,442.7738192300705,1420.308950471027,0.48614688340499246,0.11536826725814825,-0.27778139377122935,49,0.0,0.00888391899393059,1.0596710842978898,-0.06292770929053848,442.7738192300705,1420.308950471027,864.8384234293142,0.0,0.0,79.94459315735618,-49.11942889666473,86.17407915083982,66.51540112087118,73.58394146877023,78.01734131305372,82.14926194028702,63.562526159108366,64.49548460136447,99.16626165216692,75.93825069508179,81.37175177907272,77.12589259661347,16.738230952084514
1160,867.249858393318,1420.3537988293128,0.30809968975051494,-0.3094219843556204,-0.11896836034467131,49,0.0,0.018053410186182218,3.1214711079167863,-1.2358982987285938,867.249858393318,1420.3537988293128,1139.4726388706436,0.0,0.0,79.67437513751513,-49.12081502311441,90.12193520294781,106.45717898890126,81.6089873557948,80.96489888000849,102.82250637476588,100.62388065934871,101.3336429569861,104.27765871918828,98.42732830734275,133.5539242021148,104.5784366481939,34.70226057505082
1161,1328.4340085545034,1420.3939739053205,0.6977772759973988,0.45848733371719813,-0.3427178853251428,49,0.0,0.018500058185631937,2.104391467922472,-0.8078163307959565,1328.4340085545034,1420.3939739053205,944.6364495553619,0.0,0.0,79.38076612611913,-49.12160978147159,104.04482040816666,85.38140580369364,76.80842719634813,84.02534371824373,83.97342859896526,98.6845141374097,68.6033422828508,76.47753035993559,78.08802502473199,82.29369898030541,74.40369958841302,31.852213456298056
1162,1146.3712942798438,1420.9671346384666,0.8517741665740252,-0.2973224096947973,-0.6519304739122743,49,0.0,0.012310601496263222,1.083708739831225,-0.08728143963688519,1146.3712942798438,1420.9671346384666,2836.3933189870286,0.0,0.0,79.4966753127847,-49.12113955244859,226.2996567215526,262.4625754617258,247.17608377747132,237.15649762803156,255.9925100942393,261.32943857276854,271.82566602206214,251.5786178020582,249.34705758945702,232.60985016802354,261.2738876777491,79.34147747188965
1163,1396.5561917224932,1420.6700347682308,0.7121625069062709,-0.052896287716581815,-0.3003296675240291,49,0.0,0.13018298819559204,16.335938376170603,-3.0328602161574763,1396.5561917224932,1420.6700347682308,2556.0956925576584,0.0,0.0,79.3373952909412,-49.12155151457995,190.69781122581716,208.0872426498737,212.0453979618363,189.99181458148126,231.26755591489234,224.3085534436476,267.5852485649037,236.77078916292425,255.41675994238602,228.0268082876842,254.56307830555934,57.33463251665296
1164,1743.1556534383938,1420.4768602826628,0.8158650016221736,-0.1804988062757718,-0.01717632688583959,49,0.0,0.011026392040945016,1.0328032034979169,-0.03504394083401588,1743.1556534383938,1420.4768602826628,835.6571229169267,0.0,0.0,79.11672907173997,-49.12166918517147,64.20237340929263,63.91984628817413,79.95343825192924,73.44977992879772,60.45752237334691,71.93737691871253,64.85306914441051,75.05597718008633,80.56932619791951,91.32448412481949,86.60813824837045,23.325790851067246
1165,1153.6330108808068,1422.1152885835802,0.6151097584335581,-0.19091079309646064,-0.22738010946942472,49,0.0,0.17710913975618264,24.560924547831394,-3.475611777351979,1153.6330108808068,1422.1152885835802,3635.071797440045,0.0,0.0,79.4920494469803,-49.12067261346708,304.14015038405245,322.282498309636,322.9119667447824,316.8465551121179,337.2771450740491,326.3201615115853,330.86265174541904,333.050084581674,344.50648171175266,287.31592932484114,297.0637885827894,112.49438435734508
1166,2644.3144608732546,1424.0972094778667,0.8315620246457595,0.322350406840568,-0.42775864279563586,49,0.0,0.011895011604622066,1.090877242910548,-0.09443970477949812,2644.3144608732546,1424.0972094778667,883.0635632436106,0.0,0.0,78.5430453571469,-49.11828945896273,76.67374732665117,83.34771579696157,77.73389792422998,94.67796871341946,73.79741483377452,72.98021981320971,83.31392721564052,70.20529824870462,74.20026027834834,77.4127139039156,76.63833533564566,22.08206385310952
1167,2614.001088392091,1425.2263307525404,0.5526518977766013,0.7131206128789696,-0.09293052915539217,49,0.0,0.008016142587225095,1.0107603727953764,-0.011620517296443006,2614.001088392091,1425.2263307525404,908.1783938460981,0.0,0.0,78.56234773702455,-49.117928162390065,80.71536978712504,72.63135815345535,60.322924538966404,73.26559966291428,70.09962327745967,91.00397796409379,80.93073202461323,77.64842425594394,85.7493610798017,92.97449592007389,94.99193836170835,27.84458881994236
1168,314.09583792162687,1426.4433552190444,0.9091764861511296,-0.09007838440659117,-0.9682209365426957,49,0.0,0.013130459325894099,1.0334259961819896,-0.035698455430691306,314.09583792162687,1426.4433552190444,938.6754787384709,0.0,0.0,80.02646039120927,-49.116322757771684,77.79920410283908,93.1699193636181,87.40512738451974,92.32724423598955,84.20480697815864,82.9160123214015,82.44230849769309,79.96592971690598,77.72835791480543,77.77727863577518,76.66771876776788,26.271570818996654
1169,2305.4677510824927,1426.567712991105,0.6166368774854425,0.31945120209277655,-0.4312083489115056,49,0.0,0.011080849235755055,1.2258145871865995,-0.22106196287175134,2305.4677510824927,1426.567712991105,891.1763406316728,0.0,0.0,78.75875833554895,-49.118297169383325,81.33579652462629,96.05804563704696,71.54941040078549,87.44286492321534,95.7339513197088,69.2488177972498,75.92724350548455,86.17229561663785,60.80782106254742,63.88275963608346,77.481222739405,25.536111468881845
1170,192.50531828823733,1426.4344748389426,0.7370455011003398,-0.5682272609294101,0.7748031356919076,49,0.0,0.02441514307382835,2.74123534477107,-1.094865807152098,192.50531828823733,1426.4344748389426,2514.3231037202277,0.0,706.9672777163098,80.10385129990082,-49.11575318928174,158.59264801639273,244.380449055115,107.42410628350784,262.7531925114682,218.46860967796064,287.7835041096338,263.8610865345907,262.7315679150286,166.0186559856907,294.27730886694667,221.05190209953253,26.98007266436018
1171,205.53038550050297,1429.0740889047543,0.7339424909882993,0.46951821231763013,-0.6276063219961183,49,0.0,0.019589225891464723,2.010771407432553,-0.7584067526560673,205.53038550050297,1429.0740889047543,2129.1476784548645,0.0,1058.1483514390648,80.09554149202292,-49.11471736693948,124.4168645769863,138.72891446303296,143.96898054771034,166.44028211665554,107.94734416803968,168.10051419688534,236.04526782769648,312.8823314996611,223.53926216920522,195.11610107644262,264.1804093826504,47.781406429898674
1172,629.0060775677185,1430.1205211097542,0.6773683854626735,-0.08917460865250153,-0.4597279067262386,49,0.0,0.01775849788264493,2.13969301704307,-0.8258786733641039,629.0060775677185,1430.1205211097542,938.5110751717207,0.0,0.0,79.82599169083686,-49.11603496279689,69.74317223420343,99.99391135174852,96.04278398286806,89.07902186132024,82.12821272460937,79.74113678321831,79.18975687487888,86.6281279144201,67.06705545231421,74.28198804802665,87.14183254112379,27.47407540298909
1173,2587.130617228314,1430.3389811955064,0.2552518270799645,0.3266979294417178,0.2042808116421749,49,0.0,0.008023311151086569,1.140210992798662,-0.14246305932680323,2587.130617228314,1430.3389811955064,888.127466907999,0.0,0.0,78.57947929754242,-49.11589207685894,78.01895889683638,75.75711693248971,70.36947566345722,83.48268459815586,84.2993390351601,82.36232848760764,71.15816975723173,93.28260901337775,70.24170091308731,78.36294993234375,77.72893052120992,23.06320315704157
1174,1356.37450587156,1432.5571860783198,0.44331839073927504,-0.3212733017831248,-0.34717403641364075,49,0.0,0.021698122061459376,3.3353897800325947,-1.3078664842564374,1356.37450587156,1432.5571860783198,1199.9177273888606,0.0,0.0,79.36296174212863,-49.11656704765253,85.74764739436833,142.04336853923132,120.06091312449415,119.4604717260386,94.9841063477997,103.85653652217339,93.0269753916195,108.13365488170513,109.94180113175844,95.87080588013453,93.62671580940543,33.16473064013209
1175,1718.1603846413454,1432.2344006133544,0.41976131468058575,-0.5183578708118507,-0.9125285715571156,49,0.0,0.008999342362340542,1.2572362340973984,-0.248542222706426,1718.1603846413454,1432.2344006133544,904.0255047286335,0.0,0.0,79.13264996842999,-49.11678161099872,70.5976620524929,86.21495192976724,82.23919525279541,75.75809059026157,74.21654133751507,61.77237866799146,106.20674821172452,82.30013187652958,81.02029710064288,72.92493972829487,84.25750794412359,26.51706003649429
1176,2414.1107588851823,1432.5355535944045,0.8885901729534994,0.19338785671480516,0.109345088856812,49,0.0,0.015074192684022368,1.3492102897988312,-0.3251991117291153,2414.1107588851823,1432.5355535944045,902.3498749079124,0.0,0.0,78.6896238573459,-49.11552194162479,71.6455573756777,62.272948715081164,94.07622048289664,85.48215921749158,61.94819587791443,66.03405922924544,70.01630759080282,84.25848954957277,95.83972144511094,79.42564156876503,104.8417722477197,26.508801607634176
1177,2681.90257205586,1431.8194370363863,0.5504728871236289,-0.12269221550107343,-0.21369330053819327,49,0.0,0.016113461316040998,1.923714623953306,-0.7103516161948298,2681.90257205586,1431.8194370363863,990.5116198167981,0.0,0.0,78.51916310202577,-49.11493230370705,86.97000921732514,84.89448541964626,83.4151738139504,83.48133883223778,93.5653907152319,91.35481786440349,81.10541827555099,86.4202062786365,85.38026101402491,87.0014276034672,89.70811815626551,37.21497262605794
1178,2767.702531457745,1431.8915316082487,0.637711928021152,-0.32274227619792245,-0.07353220987096905,49,0.0,0.016020043326988843,1.8897653610442824,-0.6910197105260991,2767.702531457745,1431.8915316082487,897.8548363110158,0.0,0.0,78.46455169779354,-49.114564676722125,90.67183849940265,87.50844445425687,73.78713087034009,82.24664770910519,84.23988175736793,80.88858289524168,72.69291032198171,69.12209568152085,73.86543568576984,86.21801538424626,68.28504324871682,28.32880980306579
1179,1550.7852426257384,1432.6370397582511,0.5328366681260763,-0.09219920559475803,-0.18911446518335503,49,0.0,0.1805480332221436,28.112256182467544,-3.6222392545624786,1550.7852426257384,1432.6370397582511,3721.4789017459543,0.0,0.0,79.23920070518673,-49.11663374720247,299.0878510379915,308.4615513642358,326.82577404631365,327.2501555939257,339.0116513989369,360.3734492040917,326.0281053106967,349.15724436395067,335.815366393687,349.2952490868795,309.80744494095643,90.36505900428904
1180,2792.179718570866,1433.1270574913408,0.5540530748974319,-0.2809390119504593,-0.4128982507014559,49,0.0,0.01097231089161147,1.2100557517755144,-0.20701345085449147,2792.179718570866,1433.1270574913408,850.0671624014293,0.0,0.0,78.44898003334833,-49.11394889005463,80.14492349935881,80.82399891954913,59.96072855197974,88.97710909232552,73.33649981435661,59.3021158107351,63.43416908179303,68.22126772655716,80.66788863173284,66.32690725213473,98.98203347275046,29.889520548156213
1181,1225.251410194027,1434.0388495492803,0.37601108616225953,-0.05190865248320863,-0.22586022735861777,49,0.0,0.015314254090324676,2.636579609603553,-1.052602222678622,1225.251410194027,1434.0388495492803,927.5213866893585,0.0,0.0,79.44643040718778,-49.11580756765577,76.067926024087,83.25666933922417,69.86297914089369,86.42626446916309,71.38608997195833,89.38159490261344,84.34215698697913,77.30982660884499,84.17844339841677,94.25157424641112,87.11248285542604,23.94537874534069
1182,1762.3305388032359,1433.228321833709,0.9405886734403525,-0.6831492839807429,0.1484850588109181,49,0.0,0.012987991243986096,1.0047596074517675,-0.005155418955004005,1762.3305388032359,1433.228321833709,900.4791439872386,0.0,0.0,79.10453220907038,-49.11634587387942,90.51111660174371,76.33398117134293,72.64675433294182,95.55426389141479,80.6464518604337,73.72099843589177,81.19946740782328,86.92190193573941,70.09911111544959,74.32924306547645,79.89359839262178,18.622255776359268
1183,1683.53841221991,1436.9602511561457,0.5638049915223238,-0.4075050001789531,-0.23838718528031733,49,0.0,0.03100995323955128,4.422886034326371,-1.614264372332641,1683.53841221991,1436.9602511561457,1164.5286341082274,0.0,0.0,79.15469235860105,-49.11482467065467,106.67974806372922,102.18214149593256,104.31345651563646,102.19282172396316,86.20891277093206,110.45293148810786,109.92093543203563,92.4578449664867,94.09799278169614,111.36273405365323,105.91079354883658,38.74832126721783
1184,2742.90921991051,1441.547547851221,0.8378077783179458,0.5040916703292595,0.22868546077517243,49,0.0,0.01309521553763017,1.1104621719125127,-0.11375942204807599,2742.90921991051,1441.547547851221,939.9397684905222,0.0,0.0,78.48039146198347,-49.110641864017566,93.89055484462682,74.51938019332343,92.23484489605306,73.491288248908,78.12528582507338,72.41490793898154,80.28682795387186,85.04340329806364,101.90525094642769,72.95084937205569,95.84529152866614,19.231883444471016
1185,209.29794947924148,1445.1268757847356,0.4657567952470176,-0.09939102549750668,0.765572883733443,49,0.0,0.011971887463569267,1.514753120895532,-0.4508546399016329,209.29794947924148,1445.1268757847356,1504.1689297572927,0.0,1080.7140595049063,80.09302431356342,-49.108047880253245,138.17884077564207,127.44186517888876,113.90005738752593,108.44549341898818,140.62887266479777,140.81168823139302,126.49932303821576,139.69725826772432,92.78146193100211,187.70291552390734,147.4690320015703,40.61212133763714
1186,802.3669371399969,1445.0220480667112,0.5726080656130796,-0.2371294780540264,-0.49629063713406774,49,0.0,0.010727862233381805,1.3005438352469683,-0.2853124870333748,802.3669371399969,1445.0220480667112,829.9567371833521,0.0,0.0,79.71557551725701,-49.110363100474515,66.27290543632539,56.85530515454482,66.82754729909706,81.28469334231116,85.04547538823329,61.72167359001014,69.76518199982111,76.32377141061417,69.82765078627222,82.56246479912508,86.41747423427121,27.052593742726437
1187,2456.3721349833663,1446.32993112167,0.6476056499027155,0.0492733819229162,0.19763777836322038,49,0.0,0.011083197124159571,1.2272329270107125,-0.2223174975162154,2456.3721349833663,1446.32993112167,852.9291109914393,0.0,0.0,78.6627857340687,-49.10965108816625,73.06361023796369,81.30729895880594,79.2929988168888,72.29601461274731,66.82474202988129,65.60867608898718,89.61432886738163,69.08866094723898,75.59634275064421,74.70412446439875,86.80241901367822,18.729894202823324
1188,373.1956877265452,1448.674640205472,0.5147125216402686,-0.40946867037204737,-0.7049614059161272,49,0.0,0.41052145393141665,59.96658577954901,-4.444773307048912,373.1956877265452,1448.674640205472,9978.284326510278,0.0,0.0,79.98869726911236,-49.10732055710852,843.5324497316969,873.2782021270896,870.9128178196911,909.5134994942755,888.6045891885099,872.5132288759943,887.5485951945911,863.0796232694504,898.7166837477503,879.0030441961555,943.3254329555858,248.256159909489
1189,1888.4008130632894,1451.3849385240758,0.48997134626770955,-0.147412601790141,-0.17019534474218992,49,0.0,0.008208306898336291,1.1016418111633675,-0.10510102639409413,1888.4008130632894,1451.3849385240758,748.1869342619011,0.0,0.0,79.02430506949693,-49.10868144390289,62.3435439281913,55.23540701754682,59.42048468638939,66.71191285879458,74.1673120567156,72.26278202693638,66.02384184735139,60.246285411723335,82.61784346827717,70.11541452717489,63.526342558758955,15.515763874041358
1190,1917.7445685237358,1452.9371377942362,0.5488795249273126,-0.1979458485028259,-0.171658789176483,49,0.0,0.01113404036398721,1.3736715564202449,-0.344707264331322,1917.7445685237358,1452.9371377942362,899.6761735358293,0.0,0.0,79.00563069900095,-49.10800363202174,73.13239879548445,83.06517591512409,74.06306897876095,70.32258067115703,78.1590526631468,68.93084352869465,72.50963196725556,96.5177784050813,89.3188049128886,101.57482528547975,67.61877803795994,24.463234374796194
1191,2207.240558445755,1452.6646615987042,0.5664170928705864,-0.1530374768762139,-0.36928636948637933,49,0.0,0.02116729754053975,2.853427663087915,-1.1384171681893491,2207.240558445755,1452.6646615987042,1008.7887429827792,0.0,0.0,78.82137390909554,-49.10764919566729,84.59456628677327,87.93454358733112,75.04952904544655,71.3900115889439,106.45671965131373,72.16588253361381,93.40198362411176,101.61720502954405,110.84666317335373,94.17006865222956,89.1909350687281,21.970634741389603
1192,1398.4559913253179,1453.707533053452,0.5873910838665625,-0.00030150440757614424,-0.4044672941875455,49,0.0,0.017066767186593345,2.2101084645218942,-0.8610339697189228,1398.4559913253179,1453.707533053452,963.7252364924823,0.0,0.0,79.33615011443757,-49.10778729444461,86.70303105494051,67.49864870906343,86.54791752253678,88.57560378597319,98.57925784473156,88.65426327746262,74.305791740357,85.64590514270412,90.28780828766753,94.78214773026694,79.3288202705193,22.81604112625941
1193,995.0935888036321,1456.9749365389855,0.4893648238406949,-0.31029910115584575,-0.11092655133649144,49,0.0,0.008380941157978501,1.0431561906507139,-0.045873349348242616,995.0935888036321,1456.9749365389855,772.4463116313483,0.0,0.0,79.59286790052913,-49.105856119540405,62.922733293785406,69.76093218207058,66.81239117577488,78.99076790466177,67.77660542343014,81.4411913149643,60.76529839337336,67.11435650026874,71.70437851473594,63.70800803903345,66.32685138606045,15.122797503189306
1194,1463.4897065787814,1457.560586842449,0.45543220652683314,0.1886901051168576,-0.005018782284411901,49,0.0,0.020174715142956046,3.0699980312202158,-1.2178452424140813,1463.4897065787814,1457.560586842449,1042.8911648903195,0.0,0.0,79.29475448839604,-49.10622043519254,85.91678395050023,100.17066692489281,97.96214845647091,86.92139734181934,87.00240561665584,98.13166648748896,71.34683475793926,101.54413900810769,92.30719365026499,102.8326863121294,95.33987244246464,23.415369941585393
1195,2625.9608837180244,1459.8903687930867,0.2833910845019852,0.5838732999550321,-0.21118549482798404,49,0.0,0.008008992888123135,1.3322527506495727,-0.3114665639612962,2625.9608837180244,1459.8903687930867,836.6266051022071,0.0,0.0,78.55492449890964,-49.103443093289926,68.25075158869244,80.62384730675173,71.03689762031063,70.68024077800966,62.6584143343202,90.39597173446796,74.2935700934224,57.8496037129746,75.4052383930426,80.13466528401798,81.586641556416,23.710762699781007
1196,2661.653895594878,1460.1814893783755,0.4300307641911438,-0.06767627822810306,-0.2886131419974248,49,0.0,0.028794966066195013,4.827183100596109,-1.7092344310483718,2661.653895594878,1460.1814893783755,1242.3908900734236,0.0,0.0,78.53221232654278,-49.10319153146258,98.18458448411394,111.09058526851283,102.61594688367407,117.01396620588693,107.15272860006445,118.25790703639791,115.38393616661884,119.61480366963889,92.41289427275768,96.69071372193605,129.1342903389139,34.838533424908334
1197,914.3917880865696,1461.0870644231175,0.437437294351791,-0.15224680671991345,-0.19346198939778392,49,0.0,0.022898935453114368,3.717127154840571,-1.425518544050233,914.3917880865696,1461.0870644231175,1060.8430639957885,0.0,0.0,79.64421423252634,-49.103960456243,76.76180659632979,100.27848278376892,81.99422682545448,86.94955052199256,95.18211555896076,106.3777891736512,99.92767464850289,108.00619068199117,86.23053682680039,92.15048353382348,93.56591900048568,33.41828784402708
1198,2002.2340429095289,1461.8641218447758,0.5563422917479088,-0.6215152531286259,-0.3988313928861133,49,0.0,0.009107471241016135,1.0214184373696837,-0.02300923232936318,2002.2340429095289,1461.8641218447758,876.7350908503137,0.0,0.0,78.95187411604422,-49.104177821652,82.51887717011829,78.46677280854345,74.67948314085659,75.17528718641088,74.4195588783761,73.20815318848005,77.75820173660833,79.15117299330069,67.70048598555181,83.7508975912252,85.25066375754048,24.655536413301864
1199,2374.481209996293,1462.598345184247,0.48904017121414367,0.1948260570131116,-0.6444358604261567,49,0.0,0.018197051992783774,1.2704327305239638,-0.25987918520211567,2374.481209996293,1462.598345184247,2005.6880692359352,0.0,0.0,78.71497422665664,-49.103106353284,159.34287745276492,163.450467238362,169.91430077654616,219.63547751615664,176.2198109203065,199.92247993636343,159.25152074787957,165.67099876952153,182.3424598742493,176.30850563607322,177.58569603011668,56.04347433759544
1200,2649.222772436978,1462.8758143023847,0.2969791713742891,0.06877690816798457,-0.22989075607028223,49,0.0,0.006972112313786545,1.2042909213120012,-0.20182853096431075,2649.222772436978,1462.8758143023847,817.3817816763736,0.0,0.0,78.54013811310786,-49.102114849123666,77.05715816188528,63.02687378875311,68.60083312196954,58.93519672231224,64.37656252848878,77.60753716880258,84.20744378807225,82.66231404955404,84.29509126954154,60.57677821886874,77.23243927393406,18.803553584191448
1201,172.73625278125317,1464.8744930648131,0.7245469245839188,-0.7044346070343445,-0.09387278654704499,49,0.0,0.04227424405755839,5.219050386941808,-1.7939787243503553,172.73625278125317,1464.8744930648131,2790.286637434197,0.0,297.6691290895455,80.11614071966639,-49.09964045373566,602.9367073449786,460.25603194224107,128.54171658776798,181.55913229962022,118.58014209385483,146.23950695100217,303.8921144474174,232.66812079813604,217.54748369496235,95.67425818807787,286.334588057039,16.056835029099695
1202,2573.4225914194453,1465.8338408815941,0.9998586156257158,0.2904305195829944,-0.480872657099094,49,0.0,0.017041309783072896,1.3879724043903279,-0.35595207894956965,2573.4225914194453,1465.8338408815941,950.9081293261221,0.0,0.0,78.58838932689788,-49.101150438318015,82.18704227057877,74.7985393296923,85.92048994560676,80.08008788909173,78.0192705610361,80.96348411977135,84.17285181263918,79.46960962891774,84.87693725485367,93.09865492188561,101.68144488074212,25.639716711306725
1203,2765.9349409509855,1466.4554993005113,0.41258765042551077,-0.18410233230951026,-0.08796963633684221,49,0.0,0.028815335023300144,4.555059234777337,-1.646235072465553,2765.9349409509855,1466.4554993005113,1332.048934523496,0.0,0.0,78.46589184496004,-49.100171461223404,89.94161374797201,117.25630710496777,132.82885373692622,131.34795824685133,103.41948016568655,118.16832664972267,124.2066394977424,110.59182203966371,109.49259130800408,133.841558139578,119.39950485612198,41.55427903025938
1204,2586.173940541263,1471.113843086863,0.6565032508896437,-0.1263487476937476,-0.21180934405136181,49,0.0,0.3472118251516518,47.59644738414041,-4.193936345086772,2586.173940541263,1471.113843086863,5667.7908879496945,0.0,0.0,78.58030285680712,-49.098906890495535,460.451074719925,465.06404407303705,461.1107055726625,509.0108578870097,506.85282438480175,513.6038117031169,546.4947797784948,561.99176879732,474.7678445364136,498.8734173049892,538.0229330120966,131.54682617982752
1205,200.03849329420893,1471.4547192875789,0.7539597902919928,-0.8486991707790962,-0.44406328589689914,49,0.0,0.04054796675654555,5.041937224799899,-1.7564935853558654,200.03849329420893,1471.4547192875789,2633.521521303533,0.0,657.4491249313812,80.09871999312364,-49.09703406423749,103.04585472672876,222.0971763232181,222.06583047850026,309.9516693693084,175.10333712812758,113.65152833427034,340.6372152154586,275.27898202117524,211.73941479042583,372.1441165633313,256.5067296068137,31.299666746174807
1206,1312.8095046185874,1474.4545951788298,0.8081887544998382,-0.04521632949113096,-0.25241781713965683,49,0.0,0.02269460088495507,2.316152034728328,-0.9119176588781917,1312.8095046185874,1474.4545951788298,975.4456898978736,0.0,0.0,79.39063050638805,-49.099069357434225,94.97458767977636,84.92189756558699,70.93160604263636,92.60730651912942,73.99577693631065,86.4723450308997,76.9445627537406,87.29988168299192,90.29974855005264,97.79579514097986,94.3824340710685,24.8197479247007
1207,2476.288730217557,1473.814814646779,0.6536197812007007,0.1682087908439101,0.1936249305606668,49,0.0,0.011171368678345528,1.1533818521506174,-0.15493278434045918,2476.288730217557,1473.814814646779,900.9425675576481,0.0,0.0,78.65023802963383,-49.098139267330126,56.68205628924659,93.01756469722277,79.48420770871566,73.64979456546081,70.48609109735192,89.94260042714455,83.69791859753894,74.04353453212644,94.3926203689043,79.57027020983364,83.26491199928972,22.710997064812723
1208,2363.0353099977233,1475.9995868165863,0.48315841284557265,-0.22802854745748116,0.039724420829851205,49,0.0,0.012126235886699388,1.7532246974920505,-0.6095939497143381,2363.0353099977233,1475.9995868165863,843.49419124302,0.0,0.0,78.7223128421878,-49.09755346973876,81.11531552903787,79.14278403616434,64.58174644114412,67.44866253420054,79.9461054879822,77.69015244521347,80.64942979712467,70.08019153738812,64.1780221726408,67.48227337416553,72.57456371320322,38.60494417475515
1209,188.19681044714963,1477.2391787498982,0.23607144750997455,0.8830735453604971,-0.057613000834702624,49,0.0,0.05022498461677163,9.075684726860237,-2.3946985021433447,188.19681044714963,1477.2391787498982,6024.219522471738,0.0,579.6876113026008,80.10621048222845,-49.0945659274192,388.40359162430036,408.0262704158848,1041.6851062063427,780.6270217646556,467.951998673692,1070.7814745306919,149.11559737714833,607.9755650551518,465.0899042265629,360.97507558671634,217.08491998238298,66.5029970282077
1210,690.7406260442322,1477.520616535749,0.564712950345883,-0.23604252282968638,-0.23782820441930003,49,0.0,3.0552607432634895,438.1135919388713,-6.603966817107069,690.7406260442322,1477.520616535749,60202.763496108215,0.0,0.0,79.786464869695,-49.09648918642702,5029.384929903499,5248.942418596905,5139.955251136986,5236.315594299942,5541.824123723607,5491.224160728982,5383.042907100786,5407.305550508445,5424.384389403231,5365.525283964902,5345.616179075635,1589.2427076652755
1211,2143.8312517244735,1477.6278478099973,0.5274606215268148,0.535526253805696,0.1303829987855568,49,0.0,0.016256992847007126,2.0564326836286027,-0.7827862441229123,2143.8312517244735,1477.6278478099973,1042.748640790408,0.0,0.0,78.86180406969753,-49.09737564696974,86.15814878103619,83.252012803654,88.57936675972226,103.81973908849992,112.88032678315456,69.84167803700925,83.13115543610522,96.89326359594091,92.38646360552913,96.58520415497972,92.63333470055787,36.58794704421892
1212,2954.5634648311247,1478.0216279157796,0.5440649051883509,-0.17236602051488062,-0.4796544344016936,49,0.0,0.830608719097861,119.12848328206559,-5.190039031189688,2954.5634648311247,1478.0216279157796,18095.088345721797,0.0,0.0,78.34595267110669,-49.094521650453196,1458.4987058593188,1619.4633815741872,1559.861853126105,1561.9222320492227,1623.24547279942,1665.939133700886,1592.8609005889375,1622.0951225763822,1644.089826185274,1674.5148975901268,1601.120990937264,471.4758287346748
1213,1968.2518789353269,1478.9589477306806,0.6981246412063603,0.4762549258569092,-0.34572474609764714,49,0.0,0.020411202764170668,2.088259417200959,-0.7994611214346403,1968.2518789353269,1478.9589477306806,1056.3150050054855,0.0,0.0,78.97353492417118,-49.0971007842429,93.12230692492165,97.2937016919282,113.48653879126738,93.07703994443284,109.89450200197302,83.7827174092863,65.02809743726807,95.62882029832528,88.94667239033036,90.38775884639539,102.87185173645244,22.794997532904596
1214,2280.917793057504,1479.2294596015174,0.3079193598877626,-0.5165958702515929,-0.602146240194636,49,0.0,0.010046167131073267,1.4610471181043918,-0.41166055489865805,2280.917793057504,1479.2294596015174,953.93038174222,0.0,0.0,78.77457797177367,-49.09641494945496,78.949672934799,84.13356956817,78.62453966780214,58.05285468322616,85.85298834092839,72.10405964246374,89.33057352703639,90.1018423718674,92.69626804361906,97.95146734411045,97.8555753883364,28.27697022986098
1215,166.2687318971719,1481.1564281733945,0.4489036386241046,-0.4161779352590784,-0.6255099694205022,49,0.0,0.014507156381113547,2.9389084325946926,-1.1704651374864368,166.2687318971719,1481.1564281733945,3512.4889636343196,0.0,136.24539293391365,80.12013114379748,-49.092824809483254,134.2626391506642,462.04789103891926,330.91059126857954,157.06081408207913,113.8955636089853,211.4896807893827,115.11815152064048,112.40084410028886,1551.5170771597027,64.12155941164588,156.94698173269066,102.71716977074126
1216,186.3396984457584,1480.3081553622008,0.54902290666494,0.06700579579694003,0.4895095154783677,49,0.0,0.059512786588719016,9.892302616033428,-2.4882434835537257,186.3396984457584,1480.3081553622008,6269.402708217359,0.0,521.3752639482692,80.10736882071559,-49.09327816778616,389.14163593231393,412.6616834432547,1007.3815974417438,719.3743686742334,379.2135746274415,1308.8928666550787,201.22687624447883,464.011166745322,513.7244728177966,559.7417616996976,281.1588142256754,32.87388971032203
1217,2063.544670179995,1480.6629322320507,0.5113733958327553,0.33268562339324287,0.12979306294233645,49,0.0,0.032477823416191036,3.8358950622347887,-1.459666794398451,2063.544670179995,1480.6629322320507,1767.1870812181317,0.0,0.0,78.91290088828181,-49.096252349022095,154.6663161978847,158.2596883588248,159.4667863409863,177.06729030542797,149.56550552078284,171.09994377350688,149.040718227355,160.91692220739225,158.2565434281929,151.0368781944088,138.8775793363982,38.932909326971114
1218,163.25663688214146,1485.464901534154,0.9648383152300992,0.3106468111572261,0.9146635018560061,49,0.0,0.0488997786167854,5.005125716486636,-1.74853747591234,163.25663688214146,1485.464901534154,2294.426880252367,0.0,91.04327415956027,80.12201432503682,-49.09101472001852,227.76400546555288,365.6143680744881,282.2585957351771,208.3884621564706,164.43185741361614,226.49488674888744,154.43420029725328,17.39357808765607,115.9831302714818,199.1479918616007,173.56986280800675,158.94594133217612
1219,629.2255428796806,1483.4001553959251,0.84067778737503,-0.3450952781634926,0.0001333259984575643,49,0.0,0.015169045858804834,1.4154087292330948,-0.37720467424147774,629.2255428796806,1483.4001553959251,941.6512865512148,0.0,0.0,79.82557569957741,-49.09383717651981,92.46661404750193,80.48926230486171,83.42508683277842,89.76410194098295,83.11650384356939,83.91703288483983,80.0481340910572,74.81432009032372,91.83666022927565,78.93944018697123,80.9862686954715,21.84786140358127
1220,1989.724359645633,1483.4898169759451,0.39194270735047115,-0.483195225101409,-0.35470550863566913,49,0.0,0.01739397875380503,2.7192506531836114,-1.086123103813614,1989.724359645633,1483.4898169759451,1058.189320384588,0.0,0.0,78.95988057068507,-49.09518451552371,99.2890011358027,97.11968296979266,89.9099207757984,93.27361950826688,108.07558640637214,91.32565449773506,85.3163157447407,95.24724037311115,82.042570747572,94.5713129151072,91.55479801678314,30.463617293505997
1221,2018.1496162757815,1483.7050254491244,0.7853332971410273,-0.2911825836988349,0.02081448594724793,49,0.0,0.01723096056449928,1.7154568911100803,-0.5859495221153543,2018.1496162757815,1483.7050254491244,938.1669424369322,0.0,0.0,78.94179369620959,-49.09505473890345,79.93259785470278,77.76741625642461,93.6122076465894,78.48374543011302,91.81344802648282,93.75873593603785,89.01924793463093,75.51578358719908,82.23155921416065,74.98133525717418,75.99620472607195,25.054660567344946
1222,1159.081090479231,1485.5804433517103,0.804480174767396,-0.09434895126539307,-0.18299976867932174,49,0.0,0.021862471250090974,2.035441471585021,-0.7716465472686397,1159.081090479231,1485.5804433517103,1072.7121657706548,0.0,0.0,79.48843139919045,-49.09423761744861,98.9809886385478,113.28004669763996,107.41667040247684,87.08420774746466,85.5938711298516,96.56389813456431,99.77029998856388,92.15645755459221,88.05008970319602,89.30146980830165,85.26974317953776,29.24442278591826
1223,2558.2254052284247,1486.4044490267568,0.6219843868232029,-0.37269641054951363,-0.3416932208541684,49,0.0,0.012088270753970154,1.0453011049486458,-0.04810352368130941,2558.2254052284247,1486.4044490267568,1055.2034984456695,0.0,0.0,78.59816515708114,-49.092631159373816,73.78941058976025,89.18958676968475,100.83849554474196,85.77437781038729,105.31987804362859,87.35852077451125,103.28551503551935,96.1451036095869,79.5613623771832,117.84096008321472,81.35349203163398,34.746795775817155
1224,1509.9199257062846,1487.179009788536,0.5361184879121406,-0.17163693190853996,-0.20378648184026124,49,0.0,0.0782033351560841,11.78498157511458,-2.6783222696896085,1509.9199257062846,1487.179009788536,2087.1889991179405,0.0,0.0,79.26518905207223,-49.09389792860797,199.7311486865392,201.52217470447266,189.20884120040714,189.69577025843228,175.11243590219436,184.38567720260698,198.82101237068957,169.08554326500325,181.65770062723095,164.20949268350597,186.0272677359692,47.73193448088908
1225,2856.3060956326326,1487.8587748999503,0.6006773459696618,-0.5486323727501072,-0.5818784774363907,49,0.0,0.010135283932207168,1.034268772806798,-0.03658353107964492,2856.3060956326326,1487.8587748999503,860.4890346073742,0.0,0.0,78.40853200005246,-49.09087163161584,77.94408239453979,65.36912378731562,82.57296278460129,62.87508293135359,77.98367835862382,73.97658776883432,75.11649328645517,69.34088740796645,91.01265026520333,72.56212423006058,87.55182307409711,24.183538318323183
1226,859.4206725147927,1492.351697344191,0.5938631402162312,-0.5045881972712111,0.07711262197318315,49,0.0,0.010956330893340424,1.3064327703942435,-0.29021766413263506,859.4206725147927,1492.351697344191,886.3969841091705,0.0,0.0,79.67907446448437,-49.090796745091424,92.75554753122276,74.27213235224616,78.62892629057694,83.50245774795967,69.73329451057111,80.89112349005568,75.25928474126778,75.2427668231553,77.82406300086818,78.14787158328414,76.96429907824898,23.175216959713797
1227,1813.00908021527,1491.5648881535078,0.48675033251931715,-0.3608976578280206,-0.3647276797193351,49,0.0,0.027435331664546196,4.0730016829010145,-1.524786473824418,1813.00908021527,1491.5648881535078,1260.1698417684586,0.0,0.0,79.07233688725367,-49.09200586427364,104.46722229707837,115.08626082914854,108.0472425463604,103.57798045754983,114.66180016290399,100.6667690352355,120.52155515625118,108.7500390072939,126.17185385576143,112.71035000921967,112.71436084274865,32.79440756890718
1228,1700.5751967140002,1492.9720544173556,0.5763904395017092,-0.192139260205313,-0.2926884991104883,49,0.0,0.03390703061100717,4.779767040355264,-1.6985168254457272,1700.5751967140002,1492.9720544173556,1228.0270304107705,0.0,0.0,79.14387712277917,-49.0914809975141,111.01905373825701,108.72491524167106,114.35174263591398,114.9845962061963,117.86439445581306,116.94555385733749,107.15410903854287,83.37557918456531,113.95002681145978,125.75215916664074,90.86482144754774,23.04007862682527
1229,194.09197597192863,1493.4322076244412,0.7201086615453457,-0.115742513521189,-0.642939655514468,49,0.0,0.031226942989122902,3.753259225417785,-1.4360214018937838,194.09197597192863,1493.4322076244412,2330.77186531684,0.0,657.598921096625,80.10233844117954,-49.087848713299124,208.9329028491384,238.5198912367726,138.21874463134623,151.8921818781546,194.19864465614666,177.71339369413303,111.81202660603195,208.05903934388314,291.59823630766095,343.00549532359275,239.1902305670403,27.631078222939294
1230,571.9767185066221,1496.118263052319,0.371346394086338,-0.535531657283948,-0.07228317396759572,49,0.0,0.015055620349664674,2.0119626447284173,-0.7590497827354179,571.9767185066221,1496.118263052319,2247.556286286549,0.0,0.0,79.86193032404847,-49.0883381311241,203.50687396726815,226.25362565747923,201.84134817783263,162.72240403946728,202.45505778021771,176.78837057007397,198.02675755177728,170.64759341566233,191.67817832661677,215.5676466604491,226.2393599341019,71.82907020560292
1231,2380.1007521077977,1494.8669227351102,0.5448602680247296,-0.39112682996132797,-0.21764778345113708,49,0.0,0.03457390588898552,4.9997244630501365,-1.7473651771029484,2380.1007521077977,1494.8669227351102,1277.255579545535,0.0,0.0,78.7115322774597,-49.089646355988194,121.22907410151993,96.1328742274618,92.8337599071561,113.3098762142863,100.7861007108643,114.30483982947068,106.24109551181772,132.59253572517895,110.89056011757886,126.27528431729357,108.16217495243339,54.49740393047354
1232,2788.746947142725,1494.9565577769022,0.6429257023092295,-0.20277942392084994,-0.1077570126308982,49,0.0,0.03010173044503889,3.7709344827642957,-1.441122467303419,2788.746947142725,1494.9565577769022,1159.420201199674,0.0,0.0,78.45155712061238,-49.088203160508655,113.23558046503771,93.07762762611512,111.50121775867049,102.78765061941128,95.25759621505341,102.7594182499304,109.5150724283464,107.3067723379789,85.09188863283316,97.17332756793726,105.99106637330716,35.722982925052634
1233,2460.8953506603584,1496.2323116103805,0.3629606099335148,-0.09859027735086422,-0.031500157368093466,49,0.0,0.015024596927908487,2.335719191287272,-0.9210515727651031,2460.8953506603584,1496.2323116103805,1023.7831540665791,0.0,0.0,78.66013604864152,-49.088845814987245,93.51091797028386,94.35559840566202,83.55244327690767,102.05054945434509,88.4665904864924,77.55284320699764,88.34054656580633,86.76953882844705,94.6246465027513,92.26245973305309,97.64133636441758,24.65568327141501
1234,2482.311024109144,1498.6603339015717,0.42251506125622146,-0.24699953153113707,-0.22595048150213856,49,0.0,0.012916954680370504,1.8831398666493895,-0.6872064440381821,2482.311024109144,1498.6603339015717,1019.5545913018636,0.0,0.0,78.64652286322578,-49.08776895986351,77.39641785790502,84.97472827070371,93.28712914694295,71.26598684883976,81.3054011785628,82.192465538998,87.50602810987507,93.9520380514444,110.78357462073626,107.07803783295961,96.10453192104188,33.70825192385426
1235,179.85439546218862,1497.2153958533909,0.9348942534581739,0.8000412018358095,0.9532808834164503,49,0.0,0.03057761008210113,3.126760996741299,-1.2377367148091591,179.85439546218862,1497.2153958533909,3489.6412856054403,0.0,423.4875906827036,80.11136651753701,-49.086202221008996,189.73564627106086,254.77415009637386,241.54721063062,56.94794130535296,430.5744298087078,605.5207621215668,722.7814407489986,284.91465498016476,100.7577158985147,364.0499851659106,171.4472050423654,66.59014353580395
1236,2115.4883665937673,1498.697467273379,0.6424338947107284,-0.2595099661108272,-0.21054126686779176,49,0.0,0.07323272024448998,9.940459962812216,-2.493516201106348,2115.4883665937673,1498.697467273379,1730.7994301001681,0.0,0.0,78.87989754252543,-49.088649245673786,133.84000529454528,165.25817160890114,146.08971414396413,137.43090552035278,138.79952542417485,180.16303188838702,164.96827388137436,175.50618228535916,142.36869667422212,145.241602542046,143.9910094847669,57.142311352074486
1237,1825.6596118638297,1500.089376743276,0.7251179254568423,-0.16935949927093075,-0.13945480873399357,49,0.0,0.08843368504899747,11.051276676211652,-2.608531129760202,1825.6596118638297,1500.089376743276,1895.4828415242487,0.0,0.0,79.06429786542648,-49.08844432610927,173.85530748071253,153.16674601373316,157.76010900854723,164.99904189197005,201.26650706978813,178.83430187631012,161.9859771788528,144.05082680917832,166.7633970513094,176.07989752378458,174.67166556033726,42.04906405972511
1238,2571.98234153811,1499.7426155452395,0.7572022498963533,-0.10601399398910374,-0.20559437444431003,49,0.0,0.0902159949137991,10.99830470799098,-2.6033143690988556,2571.98234153811,1499.7426155452395,1933.7872784427857,0.0,0.0,78.58948162605101,-49.087027512155544,161.7172642213419,179.25938956139134,186.950739851884,177.7523147952357,145.58034790313616,179.49351857222808,177.7623070069891,162.40603879628696,176.2628672410313,162.26238919983513,170.25760714312926,54.082494150296675
1239,751.1285229857963,1501.1841521785145,0.6976300212911447,0.10453289030128059,-0.5786501824453869,49,0.0,0.01167988464243487,1.098972933748613,-0.102467491139769,751.1285229857963,1501.1841521785145,916.3073922163949,0.0,0.0,79.74793299601885,-49.08681559252157,69.64958888428495,84.97889427858897,83.05628489904484,86.69750030693928,79.22858318762192,88.0672923711267,72.62298672329919,78.13522100799,76.98695280015679,85.22908972815017,89.73465404229245,21.920343986899624
1240,2220.956901316023,1500.76476440194,0.552076175045592,-0.091098100339696,-0.10754629869342748,49,0.0,2.6703064607854796,405.1072243685849,-6.5189249703104615,2220.956901316023,1500.76476440194,47375.6135200379,0.0,0.0,78.81280329567042,-49.08757853018852,4017.2375952440048,4041.811960234349,4136.949043266854,4210.608671236447,4193.086551974378,4287.42812406438,4364.880497149025,4227.872577162198,4221.438002732541,4147.041553381268,4237.158098288144,1290.100845304332
1241,569.9016925000129,1502.515549727539,0.5605382298982362,-0.37310391128567794,-0.13154640567739884,49,0.0,0.07223210323147017,9.935684956361216,-2.4929945307821857,569.9016925000129,1502.515549727539,2372.0246651015236,0.0,0.0,79.86321522855108,-49.08566530129769,213.22181345261941,236.07529157905498,218.69377145082063,177.45466126215362,218.13837595765534,187.66770616596745,213.61176863150945,176.92304394878025,205.7841995816865,216.48968678933517,237.73104715798792,70.23329912395312
1242,680.4709470631769,1501.7540988502944,0.21989063815198062,-0.8016573797310732,-0.27314362251058005,49,0.0,0.007054151032216235,1.0409716289348137,-0.04359723308239031,680.4709470631769,1501.7540988502944,1029.0063476321648,0.0,0.0,79.7928804078458,-49.08635957456768,95.52359891775029,78.72843864144794,83.22910161147622,83.62769744679824,77.3684250026121,113.28712855472938,103.6576655863816,91.2893908555956,91.3712843866206,100.03439435841007,83.84167659381026,27.04754567653243
1243,2583.3464367517486,1503.4862320082555,0.4606177039501207,0.3433279485760049,0.14950790298654493,49,0.0,0.025103547164026872,2.848952533948038,-1.1367130339304141,2583.3464367517486,1503.4862320082555,1770.502847437842,0.0,0.0,78.58227182846619,-49.08542894122095,147.6319536388246,161.96019208249342,152.8447293564664,159.7644988435406,138.48727595084574,130.1547560973912,177.75429104317237,174.2012663704469,163.8354760180369,172.65693610811869,139.67804466150855,51.53342726699671
1244,175.29900627276243,1507.4474258021357,0.8292591443726117,0.521966790112891,-0.011027012176871277,49,0.0,0.0717964999521734,8.734964827724193,-2.3531529014725168,175.29900627276243,1507.4474258021357,3029.5509031928636,0.0,325.654929065021,80.11418638249474,-49.08191675015927,303.7384243242735,286.7335369619636,474.362990667202,246.12675743063187,579.8446691076626,106.15514708344668,245.24221467841818,215.77958722444208,101.65977912422451,163.3588956241607,225.4857449515725,81.06315601486561
1245,2757.0665271117773,1506.672437042248,0.4604522936936526,-0.09377976418864233,-0.21664988966780424,49,0.0,0.011053745696281644,1.3773976694858392,-0.34764835959280416,2757.0665271117773,1506.672437042248,870.7807732936169,0.0,0.0,78.47178311545939,-49.08345181058279,96.05921211455569,76.31529895540356,71.89637428684887,66.76058793350391,78.89609954930825,76.50794670555543,87.72310915146349,78.4339892617056,65.94476889642874,83.38081058825802,70.93504952741495,17.927526323170444
1246,799.6545160033005,1509.0038992192804,0.4179888410012243,-0.40908694019078584,-0.4491007286253159,49,0.0,0.009961867446253896,1.302286175284291,-0.28676607557694206,799.6545160033005,1509.0038992192804,910.1458162338332,0.0,0.0,79.71702843083686,-49.08369748321633,70.37326212666477,92.47473473049612,82.16600489378828,63.93193763024881,90.93071860003599,75.3310786671123,73.8747593488385,74.070478362366,80.15192262392688,79.10447266376951,96.69486179192356,31.041584794662647
1247,2567.5894267259723,1508.7501095096866,0.6922647967118191,0.7981915140839194,0.10416960721042721,49,0.0,0.011983318635754966,1.194503669418298,-0.19296872051334135,2567.5894267259723,1508.7501095096866,1099.254176678052,0.0,0.0,78.59232271741477,-49.08328949474857,89.4089062859259,103.74630419684757,107.4654995012211,98.50951631132912,71.98260458918742,108.80247812968415,77.3246931042203,85.4959389697835,102.05387722870543,114.19209457486345,111.9611749853959,28.311088800888214
1248,2741.04188702072,1509.1067021871388,0.6021569286223014,0.5429176415551632,-0.009447894957972403,49,0.0,0.014977574226882664,1.65079306307913,-0.5442315880698049,2741.04188702072,1509.1067021871388,997.516772160792,0.0,0.0,78.48199117327667,-49.08250195492712,101.71846158276588,90.49556329670446,84.30946919987173,79.62740559796194,85.50988701068249,76.94931351870945,85.95996515967312,84.90343007591846,88.97346459458217,87.62993305608083,109.45772481073456,21.982154257106913
1249,1805.7591660811333,1510.8861085631725,0.8894230630872553,-0.9505255396750193,0.42574295549494456,49,0.0,0.014266708400872963,1.152359116072049,-0.1539696044546512,1805.7591660811333,1510.8861085631725,1043.667743976981,0.0,0.0,79.07697101633597,-49.08396067674988,81.33052459822136,88.55468342966776,99.75213906528558,108.40493352877931,100.27637833194991,71.86434978358321,91.52826253199319,95.6167215218396,92.91273146963337,90.95139504751683,97.30251357878669,25.173111089724248
1250,2059.25320717099,1510.0240198419456,0.3295713858448928,-0.911311286381592,-0.587776935234863,49,0.0,0.007037269314333618,1.047876913468131,-0.05077568051956097,2059.25320717099,1510.0240198419456,910.9921520372802,0.0,0.0,78.91570352396137,-49.08402564620372,80.94227463308835,80.96501947118179,70.00010981439003,87.05652796234654,83.17348120023547,79.36458214509406,87.5556558158093,74.4098352958839,91.2175975466172,83.11185950815798,71.05812876483802,22.137079879637586
1251,2069.1953836664,1510.4645017707303,0.6164546535016419,0.13901528427468177,0.04893214221703803,49,0.0,0.026475234030316253,3.165020902522872,-1.2509414563576569,2069.1953836664,1510.4645017707303,1263.8472471198208,0.0,0.0,78.90937973967671,-49.08382599650557,115.39052915773308,103.08914540961985,140.75564575689143,110.19947530692963,102.80695142124567,121.89212307003174,110.07926037725849,104.49029714067129,113.57990196270222,114.06892351973912,89.09723454732784,38.39775944967057
1252,2969.3939251734882,1511.5598844310477,0.4585935592698399,-0.1956312620107312,0.2812665619378014,49,0.0,0.009003092406214167,1.1358087223314,-0.13826299870504066,2969.3939251734882,1511.5598844310477,930.4343552851146,0.0,0.0,78.33676232971945,-49.0804783891575,80.08251837070054,92.48702641970159,78.4612807415492,86.29835892528163,77.02772586553033,72.95340907697857,82.49775380574818,88.23684985226816,89.31816910728045,83.60095122107197,76.51687953587842,22.953432363125522
1253,2261.860501056576,1514.4144125927412,0.9639026106960534,0.13276303439605233,0.34993077717361804,49,0.0,0.024360442113446158,1.3795029617642425,-0.3493065930936221,2261.860501056576,1514.4144125927412,2148.8065890550088,0.0,0.0,78.78682853859539,-49.08179967255712,163.74268909599152,175.7154666005647,198.2694829491641,207.49306763545957,179.66284737120736,201.37757573904028,186.90989123184454,177.42013601582278,197.23171295580937,184.54739087830472,207.9237235791009,68.51260500269888
1254,1460.1982956948095,1515.7689848967186,0.5817051140009677,-0.15728621387704753,-0.2714190994195027,49,0.0,0.07644309637120504,11.194364489413424,-2.622498608660982,1460.1982956948095,1515.7689848967186,1862.556625748471,0.0,0.0,79.29680576183685,-49.081965385649184,143.71691750645613,173.15691998269472,149.23738066380344,168.98739610886852,156.989839017478,181.70806060811748,144.28945958010047,173.66679193976432,197.05768195988227,151.54594688931178,177.59655024429546,44.60368124769844
1255,441.29024978724055,1522.9298042840267,0.5570698295257415,0.026175991626340024,-0.31630704092917555,49,0.0,0.016957848054199455,2.223924230988651,-0.8677999669152521,441.29024978724055,1522.9298042840267,1039.4064289957703,0.0,0.0,79.94490259028531,-49.07666777196359,98.26374778443356,126.47119260661034,82.77794564574924,104.79024387394595,76.74669999245856,79.35410581242934,86.90166923024333,77.3378759100436,83.88278369598493,81.18616239768605,105.25483913334958,36.439162912835826
1256,361.8052099388452,1524.5805883697485,0.5246329776198417,-0.12700362229578085,-0.8034837776193644,49,0.0,0.01926040447206033,2.061958083119928,-0.7856995810123586,361.8052099388452,1524.5805883697485,1881.52660484163,0.0,0.0,79.9954443617728,-49.07564695445178,143.2155187096219,163.4562156452731,167.18090173046107,142.40715146354637,184.69729412690697,161.2691497906632,157.63882239535138,160.66756966564492,179.88450250482924,166.4831042156099,194.16339793668197,60.46297665703983
1257,2437.4398097112744,1523.6979293656345,0.5185829821197799,0.2997122405641073,0.09357010498306213,49,0.0,0.01407834265015819,1.667189223064786,-0.5549622357265054,2437.4398097112744,1523.6979293656345,1025.475848676067,0.0,0.0,78.67518111277866,-49.07747190795391,77.7953740632449,104.88699533516255,91.7755836997874,108.26900080904282,74.14112936945946,77.00671665923751,91.8409472362226,94.64982031627432,97.72723450918721,92.151114808089,91.47450195184746,23.757429918511832
1258,2286.708462714441,1524.7612566562223,0.4032645328417379,-0.10455385311304853,0.17649507143493326,49,0.0,0.018214427566839712,2.449650030976399,-0.9727601083886156,2286.708462714441,1524.7612566562223,1187.2520215800193,0.0,0.0,78.77106000066154,-49.077430088578126,134.10454459137128,99.72982836629741,99.54284193346894,99.70108775837392,103.18467793717704,87.32405606854522,102.08160075874038,118.3482563534154,105.39008384512357,96.85426734807018,103.30237869276945,37.68839792666653
1259,178.1285760277665,1532.077378116026,0.2621757275310288,0.5131484382380085,0.0848778620835839,49,0.0,0.014375588632565876,3.4532161082912984,-1.3455593952665907,178.1285760277665,1532.077378116026,2658.635708234781,0.0,414.8183196553573,80.1121998447147,-49.07166963428986,264.45393860916795,159.87283225194966,217.7487563546096,119.95421564210183,238.17142059727433,476.72600916911495,580.120483599177,71.69104350091334,197.73398169384004,138.2757619261132,163.81206945971604,30.075195430803063
1260,375.72312892754877,1533.4668324139723,0.526998702749933,-0.3578224746869319,-0.7177672066136637,49,0.0,3.044800596570837,420.0372173111025,-6.558219431689692,375.72312892754877,1533.4668324139723,78928.13435818105,0.0,0.0,79.98653470622241,-49.072004606941434,6471.459693673358,6781.817046912556,6922.242191141408,7079.360813267651,7047.857004833757,7045.646971274731,7090.612740696249,7201.631272219463,7051.783988345154,7171.682167102479,7117.199616496731,1946.8408522175191
1261,1643.2133560584764,1533.833182347432,0.35631080315396246,0.3504119315012295,-0.16712540144346272,49,0.0,0.011107762790045115,1.7028849572083244,-0.5779632726703889,1643.2133560584764,1533.833182347432,973.2590702905466,0.0,0.0,79.18038431200367,-49.07446985759176,96.585913496927,88.36884147456642,90.95452912507507,75.89984843379139,73.79613698863668,74.20124059604333,78.96479738870286,70.88767621849462,102.34399463616023,91.38321916607643,90.17848800252565,39.69438476354693
1262,2620.8608539932466,1534.9550063247052,0.5404672070569687,-0.3052877596406415,0.023447218205587726,49,0.0,0.013022701811507853,1.8392252603932957,-0.6615873075360534,2620.8608539932466,1534.9550063247052,841.6894718835713,0.0,0.0,78.55857865532151,-49.072186435383465,59.47786831808985,73.44455630252844,70.92654909791227,67.24225545616343,81.13854008763491,82.4326277527443,70.84539430814249,90.29372483892546,71.49004443074423,62.07205998060743,85.16664654564839,27.159204764430136
1263,2103.393103827705,1535.99180379185,0.376165902400635,-0.12762756560771435,0.5309178250484039,49,0.0,0.014310643397135737,1.7169595794496761,-0.5869001778723086,2103.393103827705,1535.99180379185,1150.1045548775667,0.0,0.0,78.8876928818747,-49.07313171077988,98.27538947592866,107.43632815290883,96.1188658343266,100.64058599321244,95.5830966840413,95.22548718158777,91.73272298620188,109.23802230123897,104.16238653346943,103.19642556643447,111.96006760208256,36.535176566133686
1264,2524.350900969444,1535.6108234989822,0.333663478818191,0.19708528582525692,-0.6746704272416961,49,0.0,0.012160801796657067,1.8752025535392458,-0.6826204643369507,2524.350900969444,1535.6108234989822,989.3878959082576,0.0,0.0,78.61995998391276,-49.07224103378102,84.92979088338596,74.87602256373748,79.45251465917197,94.39022924234808,86.68257129045459,91.81399745422098,82.48675102258392,77.48642552720429,87.30770943341076,98.46466739019131,110.67055644716899,20.826659994379263
1265,1326.5167260193043,1537.0140460099517,0.6478678020561208,-0.3472769854311575,-0.27309964016954025,49,0.0,0.044763848370104976,6.017270224918404,-1.948498788308558,1326.5167260193043,1537.0140460099517,1312.0821870398345,0.0,0.0,79.38181622679342,-49.07301651808613,114.03433034012494,111.55589814966709,112.54638979591495,113.40049553965049,116.70329809985208,99.76407986041795,135.02263141705697,121.70003451789955,102.84792339625702,114.15287191150684,131.28895085770293,39.065283153783625
1266,2298.940599219309,1536.532527639076,0.5379844872461779,0.4298484168951445,-0.46000107171783694,49,0.0,0.01620191369317669,1.8486929277463602,-0.66716194953074,2298.940599219309,1536.532527639076,1089.185692337026,0.0,0.0,78.76332337636843,-49.072495941890416,100.37305563329748,92.06432128397125,79.92612624056288,94.22169333639803,92.57029722698701,103.96601496913738,92.87067600693325,94.50129469702439,87.36304870136917,108.71163696102147,109.45313215479945,33.16439512552423
1267,1775.461877995516,1537.9747877735465,0.6236092852915058,0.16957346520611316,-0.34342699912209634,49,0.0,0.010163332915733398,1.2110927947498402,-0.20794355088787347,1775.461877995516,1537.9747877735465,779.1943368702687,0.0,0.0,79.09627071876302,-49.07269388846659,62.82427848349797,72.49870623515804,67.84642086927703,61.486209422700156,62.030800027279334,68.75828415565131,81.07225710988152,81.50811887437794,72.52240055299521,63.104487936218035,63.21828813081608,22.32408507241596
1268,1393.0424973869021,1539.0523535775658,0.3248700719546057,-0.5881163704152917,-0.47985068366093925,49,0.0,0.007198364581006878,1.045626174378127,-0.04844111519391805,1393.0424973869021,1539.0523535775658,814.049677651146,0.0,0.0,79.33950122330143,-49.0722231900596,73.30821797910777,59.67536871955056,73.96131001428364,82.44494166597099,69.84124575132111,69.58699730660504,68.68687655799893,55.310505793303996,82.217831548345,72.10905996145391,74.95958792962242,31.94773442358271
1269,2281.138578659036,1541.1645418376004,0.7187318485095233,-0.08055539094650874,-0.08878690490323334,49,0.0,0.08301681031821875,10.646237790798708,-2.567990405502605,2281.138578659036,1541.1645418376004,1726.7615405136423,0.0,0.0,78.77466236663105,-49.07060888770895,147.99732722665226,173.78416048140363,136.17199206769544,151.99411997519192,132.8974342420549,171.87392544359122,148.00436225462272,165.52904869487048,166.17627239864112,147.12918785461392,137.81376954949522,47.389940324809416
1270,528.0592670358187,1545.3906647034494,0.6778979907356654,0.13444370861324795,-0.162259812948267,49,0.0,0.01399544311578501,1.4145490539925811,-0.3765450314954246,528.0592670358187,1545.3906647034494,1072.1654504466646,0.0,0.0,79.88958754160994,-49.06764812185234,72.58692243415629,84.74541835470268,94.60027243570906,102.19332576780808,89.18892005228534,117.4603200117425,95.09373189935556,101.49568945544445,85.1335284497296,111.46188624368195,85.3571140646288,32.84832127742037
1271,2327.416904253057,1545.352113975678,0.5591812039780408,0.4054308417806449,0.06835652344634119,49,0.0,0.013136421771082644,1.6132346762551768,-0.5192438713386148,2327.416904253057,1545.352113975678,890.8494436463931,0.0,0.0,78.74524655044085,-49.06875031480609,69.80653970405238,78.29738814641291,66.20366700796058,83.87757795458737,80.01334942381851,83.38583692283632,69.30263854535066,75.61041015049803,87.26400667384127,92.08138483311649,81.84946141886155,23.157182865057024
1272,201.07692334846737,1546.2780711432176,0.8628728105723623,0.4412632977638788,0.1792666167462637,49,0.0,0.013691961163625385,1.321073233836349,-0.3023172336075527,201.07692334846737,1546.2780711432176,1753.7310876419328,0.0,852.5925212560645,80.09750081075019,-49.06586652701071,130.03203987868778,145.6062178917138,119.22082098577852,175.16727340062857,101.02081030593797,191.64947583231685,137.3768491868267,127.20043669847934,219.06484347984457,238.48187012280425,126.58729937099793,42.32315048791647
1273,2811.520030657323,1546.066708225616,0.68368666770945,-0.32477876540784983,-0.37442527229641265,49,0.0,0.034989234922642054,4.309118724304786,-1.5859711497023097,2811.520030657323,1546.066708225616,1194.2613614384913,0.0,0.0,78.43740008116939,-49.0668136789047,107.0212646052679,101.74807340819368,95.98945389455305,119.46812164070268,85.75553643813234,105.52647202659638,102.57540394355075,103.22099727334984,94.36726959975856,113.38748129918238,129.27263602663876,35.92865128256497
1274,3111.1860621868555,1545.885757966164,0.3255301045963041,-0.5300917633387443,-0.6795654516823303,49,0.0,0.0691427203277586,11.013268018293877,-2.6047905207980975,3111.1860621868555,1545.885757966164,2999.0210534286034,255.8634517921737,2744.2114395689723,78.24685715500546,-49.06546440974419,229.20580358244737,243.2822063529614,255.14718530697678,264.59129814490757,270.4158690136826,265.19622353323325,277.2905173604266,272.6503990397122,263.3310555497145,310.75092442587913,274.31016472354946,72.84940639511287
1275,517.323597963658,1546.5412161847457,0.5228686136983061,-0.2450276492143922,-0.25751140518285287,49,0.0,0.10617451314501976,16.05620793786484,-3.0141074597477937,517.323597963658,1546.5412161847457,2841.7560970766053,0.0,0.0,79.89640775634237,-49.067128333131585,218.98122788383992,214.92283962614823,243.18721758116175,263.2037718217055,254.26663846567527,276.49932901624226,261.7528979620521,254.49148282739816,253.08184706468796,268.9424703445856,250.11939789623204,82.30697658687632
1276,2315.06295636329,1549.4547882471193,0.43851192104504483,-0.13817620353667467,-0.18089715334365095,49,0.0,0.013163892184512771,1.8361426933130944,-0.6597660719430516,2315.06295636329,1549.4547882471193,953.8606906263645,0.0,0.0,78.7531187327697,-49.06707203241897,84.91008421265539,95.92882983923813,92.25316641838205,97.42143520087751,85.7574667387895,96.04644852305793,76.60152878334269,67.59994062510793,70.3974414240215,86.34757647518327,74.9839333678824,25.61283901782629
1277,2734.234132701295,1549.7588133847644,0.5621812977259807,-0.19959720274713952,-0.1618429531735689,49,0.0,0.012855742230027497,1.5830078316820013,-0.4987076586781001,2734.234132701295,1549.7588133847644,889.0523179376911,0.0,0.0,78.48656726217946,-49.06559198163866,61.922822388330005,86.48173580984442,75.46609744604004,67.97461706638092,85.43953762874591,92.41419306469027,80.32844493678218,78.28424805318139,75.56659414752961,83.28630755482843,74.7689604014681,27.11875943986984
1278,1120.0969593617735,1552.1669706597258,0.7601805959315843,-0.12359781050493374,-0.2803484711321772,49,0.0,0.03319201914045226,3.7748443394897446,-1.4422476191219764,1120.0969593617735,1552.1669706597258,1127.877048632698,0.0,0.0,79.51306628698686,-49.06643079610454,103.26850263201041,81.03145035965015,80.49533103962159,99.80220676917494,116.461714701382,104.65438445615206,99.80925647442436,109.69184090578953,106.63443884545472,96.6785002421488,105.05427860218421,24.29514360470526
1279,1642.9044546592233,1552.3937209205435,0.28281813456266214,-0.3147846402197837,-0.019423367686749207,49,0.0,0.02019920133029107,3.2113484302686777,-1.2667185723354089,1642.9044546592233,1552.3937209205435,1326.3454627271321,0.0,0.0,79.18058498738776,-49.06673634801341,118.8456963558971,98.36703389252855,115.61280936243725,85.66802218845294,129.27344286733498,112.60749231762208,120.80075310152674,125.14872025691021,126.22517076766226,115.9944853481415,140.65222019209855,37.149616076520196
1280,1854.3556673221103,1551.6860529956573,0.6015156911234548,-0.1370842875001009,-0.14704903126082494,49,0.0,0.12858120195124756,18.49092025822682,-3.167396314285768,1854.3556673221103,1551.6860529956573,2566.6581221688048,0.0,0.0,79.0461103616641,-49.06692177114034,230.60500360413442,202.86967000130178,210.0956067700443,218.7955621284744,232.22032611972048,220.89950472519436,248.7177868303085,220.0431503307185,238.7695346064667,246.17086371886555,215.91236539095496,81.55874794262127
1281,2864.0200973991628,1551.467622733473,0.4970753932547532,0.15623591663818603,-0.5856016688611482,49,0.0,0.010095695742203354,1.2704636925118327,-0.25990564558900703,2864.0200973991628,1551.467622733473,917.0088673793362,0.0,0.0,78.40405314549493,-49.064336584006064,82.88627085380685,79.86207382810724,75.95355305475843,88.5751267700759,84.53579932614574,76.84078190627895,77.31421371457783,89.32526226027217,79.34753772570454,75.86808582776692,81.3104422375398,25.189719874301748
1282,2423.8428251227683,1552.847449906593,0.535242712874255,-0.7318809472420506,-0.10611474411677928,49,0.0,0.010129752805472642,1.123578327420062,-0.1265083838784717,2423.8428251227683,1552.847449906593,919.2625262421044,0.0,0.0,78.68395753770544,-49.06536623488021,79.69383074551868,85.46736096312938,91.1109216394176,78.05879288860339,87.48921983845912,58.19558635786928,83.13047473495308,79.77830004833811,89.46242458745418,78.86120344292122,88.9943698459849,19.020041149455462
1283,1062.3956608203882,1553.5868505577066,0.48715225913629284,-0.12107852268803834,-0.32766802074757373,49,0.0,0.009330381902745424,1.0689014836984578,-0.072344199743787,1062.3956608203882,1553.5868505577066,864.2175991770725,0.0,0.0,79.54975671323282,-49.065736525215215,76.0230495637976,66.19774152114556,72.85757789881885,76.83357005239324,76.80421706767191,76.96387954569693,79.67675492109996,70.12706171202382,79.85301017701019,79.42374362053977,76.67924522412578,32.777747872749025
1284,1684.0512638442653,1553.8821052834287,0.48936505110347045,0.11638977317894866,-0.12453968613638772,49,0.0,0.013155886982844934,1.2446747278591088,-0.23763967907613764,1684.0512638442653,1553.8821052834287,1196.8601287561619,0.0,0.0,79.15441802053247,-49.066107134265124,93.11730905364534,102.77208549576976,122.5503160223261,97.46631828736658,103.42190557657344,98.52278650799062,108.02380439076546,120.3593551482474,96.39424046032914,114.95739767814842,103.01403021374541,36.26057992125405
1285,389.444749887242,1556.9544624535615,0.3617468866802818,-0.6730088413664874,-0.6386092985854012,49,0.0,0.009061032166602001,1.1440605248094518,-0.14612250191054443,389.444749887242,1556.9544624535615,1225.4037339146507,0.0,0.0,79.9776569071582,-49.06227737587616,95.14974580215656,128.67074917328426,100.48965594913781,99.76639208518775,105.73066908221081,92.49286333440187,110.52284935833006,102.13111151407007,123.25281564847248,111.90287158273796,114.6417946008555,40.6522157838055
1286,2642.387474949547,1556.5555609256626,0.6368023161366569,-0.4405925286742717,-0.13081090691556846,49,0.0,0.04299628762798384,5.505956205916397,-1.8520818817894424,2642.387474949547,1556.5555609256626,1393.137473349234,0.0,0.0,78.54500839734166,-49.063109243593786,117.11380411692349,116.93960670429797,119.15716500152118,121.02579803908309,119.7874924604208,121.05117628261162,111.99619532864565,131.35193005991604,114.58766575473169,150.3111277935728,131.43620645807783,38.37930534943179
1287,195.4376952300002,1560.169432183442,0.5852956422198459,0.5737269911897435,0.9465573214206621,49,0.0,0.022920965693210307,3.0735721163544607,-1.219108518969473,195.4376952300002,1560.169432183442,1937.1649145158149,0.0,620.265666120182,80.10098241023124,-49.060051539403894,66.12056159688069,205.5396887085244,72.33958655490909,146.02493562940705,181.00828407024585,117.9001622561365,74.90054117888931,81.34128771883827,383.57706114468897,310.39754810812815,245.93207676456126,52.083180784605254
1288,376.1755284914857,1558.7390782014336,0.907907517481107,0.022583388329152944,0.06356966176484774,49,0.0,0.012670963146209292,1.0282169044732052,-0.030211849097628182,376.1755284914857,1558.7390782014336,1380.70595940861,0.0,0.0,79.98608206602538,-49.061477413902324,92.20475279640563,118.45851351228518,119.96723739188766,123.33099639340047,133.5863247060427,121.72049396510566,135.46077003694472,108.03199054424783,116.4453412722703,132.8877010961221,141.9568821134359,36.65495558046174
1289,1275.5343218005532,1559.751347768371,0.2972255866629018,-0.441785980688659,-0.449560924921394,49,0.0,0.008820693556913988,1.350360891860628,-0.32612462938161946,1275.5343218005532,1559.751347768371,948.1888637896037,0.0,0.0,79.41420332352146,-49.063489348840626,75.74014204389506,90.31428467486933,84.63663060551455,88.51231394950284,78.24961240108966,79.63820582426362,84.48258572813208,79.66755922490341,68.5824870323182,98.55751784858421,100.01037734291762,19.797147113613043
1290,3071.7979866171627,1559.7858058635761,0.5533110257611624,0.19541904003133628,-0.1414010122643847,49,0.0,0.010053195461623152,1.1363636013464973,-0.13879328616752729,3071.7979866171627,1559.7858058635761,896.4011862828859,0.0,726.1453129219365,78.27200982205797,-49.05987865191964,75.71152527493669,78.22696499401997,77.70197762552161,75.53112205573284,74.39030798510576,70.19239486594662,75.85308898990351,73.313801534845,80.01414938369474,99.4124146774563,80.27670745705802,35.776731438664875
1291,949.8587540810438,1560.3866996253416,0.8231426869233692,0.4196178362692203,-0.005754077407690811,49,0.0,0.012890966163169891,1.2589025551076238,-0.2499802875077822,949.8587540810438,1560.3866996253416,844.2601841227685,0.0,0.0,79.62129803769858,-49.06266963779052,83.07432478185652,77.23281502747858,74.11850609695807,88.97538716865662,62.290364256160295,72.973754339328,70.85656514475544,67.35632812084997,64.22108939613193,84.32529841294433,78.84265234447355,19.993099033175167
1292,2141.893629332476,1562.0629209655121,0.49714236765856606,-0.9117396178222821,-0.31529546649422646,49,0.0,0.010202555263428446,1.0543545089683377,-0.05746664911348758,2141.893629332476,1562.0629209655121,1044.543086931798,0.0,0.0,78.86328086965267,-49.06219869052401,79.76077154297971,98.04239096494001,102.14172760798351,106.22284513948489,82.80738343279441,78.55629813331528,97.90257118256697,81.44363068882345,100.40921907318315,111.24601651778764,81.50044545315296,24.50978719478576
1293,195.73492116497226,1563.3753811376625,0.3940767473388434,-0.6663037606700594,0.8028789128661574,49,0.0,0.020354077673557222,3.081068540162859,-1.2217533988947762,195.73492116497226,1563.3753811376625,1945.663138146785,0.0,607.03960198253,80.1007694454596,-49.058717348211964,75.29170724286165,184.67646895067747,64.87451705290903,139.5144573497327,180.54718048922314,191.8449342399055,67.84150272379135,73.40128025511717,369.5757744212749,309.47797274403524,263.4469019685595,25.170440708697406
1294,1866.467705460756,1564.4406548740778,0.6945934666284114,-0.2867377890333199,-0.00996772310931122,49,0.0,0.0153977677524928,1.7552186391724294,-0.6108280553833813,1866.467705460756,1564.4406548740778,935.8689287953844,0.0,0.0,79.03842571544399,-49.06159637823195,75.52267311915666,72.14497715510772,89.67117435675283,75.33137940625281,80.51055492477968,73.61400643399858,99.07299555499411,88.49425630120678,87.58313375629992,101.02031247161395,73.30029301625892,19.60317229896248
1295,2140.1516555934154,1562.952186295621,0.46261309871504475,-0.39801706616760557,0.23810064019997734,49,0.0,0.012203842964398217,1.4162644946963874,-0.37786091915470654,2140.1516555934154,1562.952186295621,1057.339526638197,0.0,0.0,78.86439112002199,-49.06183145919544,81.43534258450953,97.38216990061895,110.02876394597877,100.4077501077359,84.74219924668816,77.14363005425183,99.59598820078975,81.48810827257509,103.825693417845,106.04465163273764,87.04323498916348,28.201994285302863
1296,2458.5908507962995,1566.2382382567846,0.46065004506416185,-0.44182231323970206,-0.5165038968341903,49,0.0,0.012987315241116458,1.1932796108870838,-0.1918555501586764,2458.5908507962995,1566.2382382567846,1795.7802495749327,0.0,0.0,78.66192250557248,-49.0596849332049,160.25446013255385,166.93625789400147,138.56404388203677,166.61441327738413,152.9389415894447,164.35870288076347,161.7431349510287,178.84285452241937,165.2920139739595,167.36056441947255,122.64469222008373,50.23016983178432
1297,2500.3795784228364,1566.2909015377002,0.6313304790937555,-0.7171199297433276,0.3756971765505058,49,0.0,0.011092590337144145,1.0196550629009273,-0.021133199957805823,2500.3795784228364,1566.2909015377002,1087.503957550661,0.0,0.0,78.63535249487843,-49.05953469098228,109.37605550856014,113.882174126631,79.57054411107899,81.73685624251229,95.28513840423,80.76204010131056,95.35702634906662,95.1817480153732,108.08242721577717,96.13193219628455,100.610539002801,31.52747627703544
1298,2925.1183832752586,1567.9328963445191,0.2815546835759003,-0.6886921531280571,-0.2384705659678776,49,0.0,0.01610090713430725,2.177026999971308,-0.844659538227261,2925.1183832752586,1567.9328963445191,1427.2516873946938,0.0,0.0,78.36532115008056,-49.05720059559963,124.76332123841419,112.38341566112913,130.71757743510943,113.98913317152798,118.54133415388584,147.32592756727422,112.90978132335852,120.5699938053815,138.72954962076926,138.627654906833,131.40345060320686,37.29054790780396
1299,2453.1762690692544,1569.1510817808423,0.4042138841418596,-0.059970300566061716,-0.31942602156275884,49,0.0,0.02334481165310945,3.0891880714018836,-1.2246108729595835,2453.1762690692544,1569.1510817808423,1818.1792671617504,0.0,0.0,78.66537847883853,-49.05848748042412,154.27975445489932,166.82405295241347,145.32715182396814,158.9597970056967,164.81607422050698,163.43246543528556,145.95233544775368,177.9350610067191,187.26094359692547,162.02087602002342,139.3767849494125,51.99397024814615
1300,2878.804397466684,1569.0768433536882,0.43433385745292874,-0.08776637736960836,-0.3202369986137974,49,0.0,0.043298574074644,6.884763522589409,-2.09472256932612,2878.804397466684,1569.0768433536882,1645.17930519878,0.0,0.0,78.39477271314672,-49.05693450947566,144.0368932129518,146.8887503721818,148.84251770962697,159.82141293716217,147.17170840754977,148.59783586989425,164.06043785611004,103.20050029016609,142.58206313151433,158.5895690803309,127.7320717619525,53.65554456933913
1301,150.72557525261547,1570.2873570196962,0.6712096053076839,-0.5170565509324293,-0.3624025765178645,49,0.0,0.046124646551559234,7.11558014625968,-2.1305257867176057,150.72557525261547,1570.2873570196962,1944.91416599916,0.0,19.518460348817808,80.12933028850323,-49.05561336815452,349.6129038800241,0.0,111.6136288014461,96.84610309924163,187.35877420313557,0.0,80.63255394486934,430.45674831716326,164.77231981119104,223.3861111179636,145.1989104338401,155.03611239028524
1302,2446.384216313521,1569.5849292275939,0.7687088233856825,0.14105093247763983,-0.30676650043881776,49,0.0,0.012216060754353534,1.1597386115669863,-0.16090029128719052,2446.384216313521,1569.5849292275939,1387.098129858751,0.0,0.0,78.66969890461385,-49.0583268662105,112.35712366543436,131.3149079990122,117.92305809836546,119.79621736132873,119.8627633195687,128.51593096100717,112.67856253439379,119.60666946929337,150.9122629190795,121.13252291496812,117.52965990010297,35.468450716196685
1303,761.5642972634382,1571.1833263255357,0.7730646550130584,-0.2868499042227944,-0.3584876095298537,49,0.0,0.06651394157945738,7.805993299822582,-2.2310704354352855,761.5642972634382,1571.1833263255357,1527.1798811461056,11.956928621886675,0.0,79.74098088565202,-49.05768134116756,150.69031377806954,151.7994835600344,136.45174581728645,124.16222774388672,113.52932603537367,123.73834692009473,141.19324872564354,116.48844963611793,151.5087380843043,135.2914626951062,143.03581842527765,39.29071972491033
1304,2357.286189046142,1570.9725030068378,0.8091480247209747,0.015741334291786254,-0.01860952033435773,49,0.0,0.015239817919015174,1.4330358937226544,-0.3906426711267486,2357.286189046142,1570.9725030068378,1168.5421050986736,0.0,0.0,78.72635445568048,-49.057998106663156,81.47411353163616,113.80872950020618,87.37683815233352,106.96094162071903,90.94306828425934,99.00057261684803,112.50231599263725,93.59554143397779,104.97186625640761,105.7213871781749,136.73876314606377,35.44796738541007
1305,2669.296602026341,1571.6222435695468,0.7235719241312989,-0.20999913773646733,0.0013540622512998159,49,0.0,0.03293435594205775,3.67284906648994,-1.4125077041075884,2669.296602026341,1571.6222435695468,1228.637709119774,0.0,0.0,78.52798408696044,-49.05673269816343,102.77038298553543,125.01113483717609,109.90955901743042,101.14477963329479,95.10729003901245,123.67523292033269,99.60616072432798,125.78348938065832,96.29478799823765,109.53435135929377,110.38908031123539,29.41145991323898
1306,824.3294183301338,1572.631756112898,0.5419215264510413,0.10475201646918944,-0.27909792730371125,49,0.0,0.025548157574666108,3.7131222603442775,-1.4243481232126602,824.3294183301338,1572.631756112898,1102.5279381884259,0.0,0.0,79.70106840594258,-49.05725488276823,90.23138372421582,91.57527539171394,79.93304456023506,108.75565052301802,105.36972336126723,101.05940981736344,115.65414885134176,90.86718137205136,105.6248987757711,92.25786297676191,105.33474106665636,15.864617768029774
1307,1772.6040498788334,1571.863583629684,0.3772945230943523,-0.07772937976980362,-0.10989772649885929,49,0.0,0.015610980001600121,2.280647997367514,-0.8951456500638924,1772.6040498788334,1571.863583629684,1092.8631684410364,0.0,0.0,79.09811948242844,-49.05857531733123,75.8753555917514,94.48546626017165,91.64188601823454,113.07439862845632,92.62428024384991,111.57824977081253,85.25038518779716,90.01304876080621,101.2098512707549,103.00359592110792,107.67804765432982,26.428603132963946
1308,2349.5273046415755,1574.197219050138,0.48219187002126346,0.05476538576793236,0.07198820788121782,49,0.0,0.020249795676787037,2.210842839935495,-0.8613946785016502,2349.5273046415755,1574.197219050138,1408.7315042771954,0.0,0.0,78.73130053923732,-49.05667492507182,117.29931828990416,126.90582067042338,98.61205259693408,133.74283438234977,128.03094439031025,131.21648156320617,131.6228428558652,113.56975925074266,110.69710440383986,121.02485830750089,153.55310050248477,42.45638706363407
1309,2629.092598229858,1574.8043875218814,0.3103524234518901,0.02048954392607097,-0.3582391103381247,49,0.0,0.008055483572815538,1.1777909499475228,-0.17767053228007856,2629.092598229858,1574.8043875218814,867.8176896828726,0.0,0.0,78.55356200340296,-49.05555414103248,62.99679025829515,94.2585938816533,83.7234199299625,75.77549606111839,66.44286944212773,76.85507145265461,57.52752572230329,82.65733014000767,82.51058897807569,82.60228639908902,80.57328911752842,21.89442830005679
1310,170.65524581197673,1575.6475070495671,0.4560861420859143,0.3278732189907733,-0.7680331393767701,49,0.0,0.011822612184947606,2.2570329513753227,-0.8838447489305703,170.65524581197673,1575.6475070495671,2124.1821727430815,0.0,194.49686545235153,80.1166201559081,-49.05348046128782,104.22254540169055,338.49566399163183,47.58887214680809,411.3884065643356,308.5406250150761,219.54014257603708,166.97403887671948,130.4549577049401,194.66238218101424,109.84798109533807,57.33945824191977,35.127098947570744
1311,2515.8308130658734,1579.0661253247233,0.3759597574598456,0.2310036892429186,-0.058351098454625105,49,0.0,0.015061406987808178,2.201106134588386,-0.8566024604891942,2515.8308130658734,1579.0661253247233,1036.4793013131016,0.0,0.0,78.62559061237634,-49.05416297297892,95.99448735502395,84.52954140631537,73.16572919563288,84.54528997030357,101.10370727560567,91.99525476009418,75.83667625665541,105.62416059750625,101.40019122137733,94.10595291404509,95.52596559012284,32.65234477041906
1312,150.0078913074967,1579.5328313277294,0.7522620075776597,0.08130508073029506,0.22391575282972534,49,0.0,0.07205904927855901,10.197897849048678,-2.5212766434616847,150.0078913074967,1579.5328313277294,3101.2499135159524,0.0,14.36787122587522,80.12971507081195,-49.05175795178606,0.0,286.67573250299336,0.0,0.0,1711.4434518043502,1.8683672997401437,278.94426270288824,133.26511227595853,222.1361072406089,37.64663786634689,84.98451887116731,344.2857229518984
1313,1125.1589120406459,1579.4651675653813,0.4073336815825196,-0.45469375462523015,-0.45810579753206127,49,0.0,0.013198130340878968,1.6218791511095132,-0.5250462277063866,1125.1589120406459,1579.4651675653813,1039.56571400087,0.0,0.0,79.50977802268906,-49.05506515788223,87.8072101855521,99.35440090464137,91.61188510981546,79.38882474212843,83.7161388199941,81.53843164878921,96.19236471162483,97.89872795847947,112.73552049154063,101.4690888111713,88.41815527595656,19.434965341176472
1314,2164.188027192683,1579.9632749537789,0.7208766111265787,-0.49091080353494054,-0.06228187773469947,49,0.0,0.017414330797491717,1.7152242013561667,-0.5858022395881369,2164.188027192683,1579.9632749537789,1018.8226048806225,0.0,0.0,78.84915802465758,-49.054697323421536,101.087503942384,68.94734299085454,94.52615700529805,87.91881194417546,89.47195460310508,91.17667303104052,95.50192761050934,87.00668791466786,79.41088752998274,95.54082995409115,101.08159702035914,27.152231334154678
1315,703.6448432456325,1580.7240192191719,0.7726058579666197,0.03178417270680002,-0.2021405041423169,49,0.0,0.01684803230991795,1.6967963256162883,-0.5740742876304423,703.6448432456325,1580.7240192191719,932.7674664758576,0.0,0.0,79.77776041399123,-49.05353068029903,83.86457553999836,79.04177393192896,85.75426339949146,68.70265994905097,77.96687530772681,84.05241857326735,89.26462782216224,88.56037719943433,82.10249166468498,78.89689144412256,86.20217535586949,28.358336288120125
1316,1270.8138435316243,1581.1135460598568,0.41464236722343495,-0.24164142399800811,-0.23988983036650935,49,0.0,0.015658502781384868,2.0509446540482803,-0.779884852084076,1270.8138435316243,1581.1135460598568,1181.8635829141801,0.0,0.0,79.41716759020314,-49.054583094957266,97.94919181571736,113.08761839642591,118.15520160728515,104.7872232572755,90.94217533468039,112.51878570839588,104.52762003052021,114.06799488112071,114.71839219029623,90.01015800050601,90.87276388680492,30.226457805151952
1317,684.5426657954573,1582.0508120402567,0.5853116688967708,-0.2064867038093224,-0.3104287467580055,49,0.0,0.24141181004862527,35.78501416499375,-3.884252983648369,684.5426657954573,1582.0508120402567,4506.726382187906,0.0,0.0,79.78989800872402,-49.052917414383245,370.88432431604906,344.96725201324233,401.4334254581466,376.7730115102676,406.7017274760549,435.48596564603605,375.1174043396341,433.3278169276152,415.8956527472352,395.2813907776985,426.6887895093172,124.1696214666099
1318,1482.559879928819,1583.1584301485507,0.29733237791188494,-0.5025808883029219,-0.494546134430705,49,0.0,0.008104806326307161,1.141594184190856,-0.1437793690378218,1482.559879928819,1583.1584301485507,944.6101115414845,0.0,0.0,79.28253802133261,-49.05389657219661,89.83639464237345,92.59641845573151,76.86597544578062,87.65849189230963,77.16418851946995,87.05632110597588,78.83741503427126,72.98426485030595,66.12033649426418,91.40928894228361,95.08690985732326,28.994106301395192
1319,1865.3354455293809,1585.4858431710004,0.8105234069307005,0.40144497181029687,-0.16721488781129934,49,0.0,0.031069947477111465,2.528955323542004,-1.0073528929432958,1865.3354455293809,1585.4858431710004,1856.8959616890131,0.0,0.0,79.03917540803842,-49.052828637701474,178.95923895351328,146.86564918932586,183.5669240361567,178.47552394528935,155.08814943381975,173.61873505487958,168.79732717908473,147.55092488130128,141.05538929892958,171.6559828290926,160.56010987655927,50.70200701106113
1320,1113.9371852460183,1586.4330474177916,0.6844481062731471,0.59351949917767,0.22141568821646082,49,0.0,0.012320428930112799,1.10761213991707,-0.11096926789624015,1113.9371852460183,1586.4330474177916,1009.0347740823954,0.0,0.0,79.51689468285365,-49.052143067860726,98.10425815736434,84.34472233327784,81.05004838816441,103.20531166075453,89.36877140431494,78.06610904534045,103.3289231702037,86.2362133339935,102.20304213354791,74.69127950083461,87.98823275162995,20.44786220296922
1321,603.9783608147392,1588.1805816261572,0.24603213838787263,-0.3242286596505018,0.11625351751704122,49,0.0,0.00882198456878821,1.5344674711432016,-0.4648942158675541,603.9783608147392,1588.1805816261572,831.7620242521128,0.0,0.0,79.84108247594821,-49.050094477585404,62.9004632560834,85.83402273639861,68.8687793724217,73.09925383659868,72.77183056753597,63.63081274994809,74.60406645386414,76.02083586303016,75.83199344312528,66.6019800120699,86.12522299447318,25.472762966563696
1322,2299.0319506236483,1587.5335849494982,0.92666511635125,-0.6713608015757112,-0.13004984731586117,49,0.0,0.021130215018227448,1.7730727251523626,-0.6218163729625641,2299.0319506236483,1587.5335849494982,1633.555476693271,0.0,0.0,78.76345516151076,-49.05124591870029,122.88489569377207,157.49821668010884,125.17026933223029,161.81886224420762,139.62246714037371,144.68603667473096,134.19435807226336,166.61472151204623,153.71997684109414,137.38098064900822,140.47107993745573,49.49361191597994
1323,2253.5488443619297,1589.718404751502,0.31492384640778215,0.8030197910359567,-0.44715019478931983,49,0.0,0.015481471173876037,2.2028045592741075,-0.8574399167374955,2253.5488443619297,1589.718404751502,1257.0861957609184,0.0,0.0,78.79237796420493,-49.05044293293858,109.53797604369372,106.99041381571351,108.72839078060576,120.56170893381245,105.62571603229614,108.13608956258683,116.22251916571103,119.7581454809658,110.13076702734318,118.12509687352448,98.05790997594025,35.21146206872533
1324,2727.827456184194,1589.623163756163,0.5237843490562871,-0.4188087641950983,-0.42049773937652823,49,0.0,0.009983124235995304,1.1223133728695438,-0.125285344407849,2727.827456184194,1589.623163756163,840.3647288613158,0.0,0.0,78.49088056418252,-49.04900843970502,55.43607856799791,61.466535112942296,87.60001317021622,66.47688068219432,89.5601327895051,70.63678958719345,79.18529909381083,70.71291471149343,75.7890830973677,92.05038326891656,74.84163758354597,16.608981196132163
1325,1702.8375304158178,1590.7862850470915,0.6278542345750795,-0.017896315983864916,-0.09601927351273035,49,0.0,0.04962425481514594,6.573585356599666,-2.044505766317166,1702.8375304158178,1590.7862850470915,1691.3510455586736,0.0,0.0,79.14249103291144,-49.05072430282134,117.9407789708826,163.44375139858766,158.95060947323094,167.08335501527392,134.00062507475752,154.73130034721913,122.96182310024632,150.31906691136828,162.31964618321626,132.93620925196504,170.45579573502215,56.20808409690372
1326,2710.4617319896965,1590.6521253931835,0.576536320174173,-0.3171026846876362,-0.529518373353213,49,0.0,0.023141109480112075,3.0509833878482127,-1.2110996074495977,2710.4617319896965,1590.6521253931835,1122.7361143863448,0.0,0.0,78.50192537323522,-49.04864756463619,99.72860565865383,95.7748184789581,97.31644002727724,98.98744413175478,87.8419634980545,90.66320498767615,87.70603322461201,113.95469829119422,102.97787220270712,114.51112840002841,102.71864864825734,30.555256837170976
1327,1708.603151069275,1592.768216356633,0.7890995355925818,-0.21807265721556082,-0.636473077004933,49,0.0,0.015260645562780527,1.372378347001204,-0.34368464315562064,1708.603151069275,1592.768216356633,1624.6525882835797,0.0,0.0,79.13882666641943,-49.04989638027724,116.12127839090144,164.2338457695583,153.2434147460956,158.29594980512735,138.57366932266908,149.21746002218197,116.87276165007138,146.98342251934895,142.16216753685993,120.31855243151432,158.46513689740425,60.164929191847385
1328,2300.4745519453036,1594.2859959578693,0.43846650217828376,-0.28311223722870216,-0.6095412232003002,49,0.0,0.029285039244756502,3.9634372767990467,-1.4951799741893175,2300.4745519453036,1594.2859959578693,1726.7140964089022,0.0,0.0,78.76256323304436,-49.04842897652061,119.20677612070867,166.49605862386633,131.60223274378285,170.35761357718985,142.52478335927748,154.34795044896626,153.67807285209418,174.38184617894547,161.29612651557497,150.91028256267734,143.20799039873037,58.70436302708831
1329,2435.109332700936,1593.6308336313634,0.5684033884825443,-0.19395792715847954,-0.1721995896637016,49,0.0,0.39846474005551763,60.92555570622663,-4.461998747762427,2435.109332700936,1593.6308336313634,7036.985462314623,0.0,0.0,78.6769745297616,-49.04834125852127,610.4036473681117,649.6669604386909,619.5721393091676,606.4898747554507,586.0564376857856,624.2206802867802,614.801851902487,598.0618182189704,623.1665798279248,687.4647874316099,633.1214167456542,183.95926834398966
1330,1357.1136723420457,1595.1336076340917,0.3976744627719055,0.2276927534125327,-0.15259858443566926,49,0.0,0.04940522023256104,8.149633724023579,-2.277845225773252,1357.1136723420457,1595.1336076340917,9458.877341600324,0.0,0.0,79.36228011114146,-49.048827784610125,787.0706436742191,899.7400132596629,806.8505057184304,812.3219004348181,837.7325000758582,881.1791918601014,872.6415764641674,886.2045114931612,837.3296912730196,798.7014026623245,806.0368581662838,233.068546518277
1331,1843.5229979498652,1594.6505149228349,0.6940306632084724,-0.5260012747528993,0.12074187680880324,49,0.0,0.029020386225038,3.1340558213755223,-1.2402668187962196,1843.5229979498652,1594.6505149228349,1275.5601744967298,0.0,0.0,79.05305511774989,-49.04902938104728,109.77621065404078,126.6340670073653,109.80567775428304,113.86917604963874,117.52427647457216,127.95853937371203,113.67349581592362,106.43132549449916,95.21756594694008,124.15313674767802,106.20192706380327,24.314776114273446
1332,788.5493179434778,1597.984859759208,0.6061341578792411,-0.1693843252609088,-0.20592756929500725,49,0.0,0.014374416806317458,1.8128346084476796,-0.6458954590597566,788.5493179434778,1597.984859759208,830.3175873760463,0.0,0.0,79.72370774595305,-49.04659228719777,82.18721164415612,87.27741648026546,61.815008036097026,69.99620365276974,76.53525757935812,77.90822710925633,76.16310440991467,68.24447256869327,64.1192293056866,78.01043148160271,72.0315977952119,16.029427313034365
1333,1408.6892484068198,1598.0329305050004,0.6851009514436872,-0.18390097676290498,-0.22576948106912648,49,0.0,0.0902790498438277,12.020641824633977,-2.699819142015236,1408.6892484068198,1598.0329305050004,1917.3768716936343,0.0,0.0,79.3294891871242,-49.047658922848846,162.62147319255558,155.7019348832922,165.47552580029037,206.08568527966764,170.86369962513584,161.46134680642163,185.0956700740794,155.54823894986873,166.04780312100468,152.15001314521623,181.10365013951326,55.221830676588596
1334,2314.038578038918,1597.6770634609113,0.35910024975142824,0.07644874918561331,0.07273726783367619,49,0.0,0.048464313544439336,6.411340862971147,-2.0173721675923435,2314.038578038918,1597.6770634609113,2606.0692236422037,0.0,0.0,78.7539535298146,-49.04698260413241,231.5268449548057,218.13240158514228,216.19874783289882,230.13816487824323,234.70129936753364,236.63856796737315,221.8743899455885,241.13468047284744,226.35007290210496,248.10722181903907,237.73688816246144,63.52994375416532
1335,806.9666997772267,1599.7594512532692,0.6279783496437605,0.015260312079672364,-0.271335041843021,49,0.0,0.06574161158464295,9.138270771194065,-2.4021600556422977,806.9666997772267,1599.7594512532692,1584.5959395001337,0.0,0.0,79.71199296695116,-49.04590451995665,113.13245200978886,127.61923962766753,128.56686644020175,143.93232463646655,147.2702620711341,151.71824017131732,147.48855626784973,149.29724049575884,149.07335530612158,162.66753943973774,125.686838094417,38.143024939672685
1336,626.2680664777683,1600.6014541700881,0.8929708912261123,9.336432453366724e-05,0.021980801328814647,49,0.0,0.011490128345623588,1.0479514909112777,-0.05085294966043882,626.2680664777683,1600.6014541700881,793.3096800037902,0.0,0.0,79.82684864592115,-49.04499610725611,60.87931378794552,79.4123576765158,80.18073879284016,71.32906393539139,66.55488649265612,62.495496224667995,68.61019684222506,70.15389512312123,67.35623798625573,65.33722933964171,75.79160623954489,25.208657562984666
1337,840.3204205145869,1600.320012397112,0.3925028957028285,-0.5364011489023268,0.020706093697453153,49,0.0,0.022786611281925297,2.9592618412681007,-1.1779584852121652,840.3204205145869,1600.320012397112,1403.9634052295464,0.0,0.0,79.69078912549266,-49.045761423193,121.86154708396623,111.11307456091691,120.67595055793129,130.58799090545082,133.09932566556338,122.39867585335247,140.1251905676933,114.18859514374645,127.28026842895001,114.40889189737804,142.25950164725464,25.96439291734266
1338,1461.5234317827974,1600.8339324187316,0.5450360996190252,-0.38950456139317824,-0.3770313790393294,49,0.0,0.04743422301221302,7.028436306715938,-2.11714678377899,1461.5234317827974,1600.8339324187316,1573.6860474527614,0.0,0.0,79.29589975538475,-49.0465223510015,144.42791065602,131.86452739212652,158.2391091593666,142.68853454187445,149.2501504253678,148.664183495539,113.34731239623716,134.2954934971192,127.22784556141553,144.50125513450433,146.3590095571451,32.82071563604575
1339,1752.4996379504416,1600.6644638502278,0.3217957100541398,-0.11111172410900351,-0.20959200784924129,49,0.0,0.012328091897940973,2.126271840741307,-0.8190469691261835,1752.4996379504416,1600.6644638502278,1016.4369792969455,28.276543214897114,0.0,79.1109262414984,-49.046586347582696,92.45575848079386,89.35986853054814,88.07622683520569,77.24621419623833,63.14838590227485,79.29957672991988,113.03216906444267,76.5325353943366,95.0800756550168,112.64654210055934,93.68373827445978,35.875888133149715
1340,2585.418068381722,1600.2772044225492,0.8153231828324178,-0.03647526278803673,-0.2803806968412045,49,0.0,0.011967859297304663,1.0535706136200844,-0.05665912175831344,2585.418068381722,1600.2772044225492,901.0684135449441,0.0,0.0,78.58146214393368,-49.045094659194106,78.05191010353256,98.2291338712227,72.72072149574427,69.06457458026772,90.38708308481709,71.03286339239966,92.75648418076511,78.02609392969816,66.90559220170394,78.45785247927307,78.91583848240992,26.520265743109825
1341,1355.5030557130494,1601.7933146078394,0.5291566376643022,-0.3064562956606438,-0.27013490468283335,49,0.0,0.4974375125534456,76.2178620352481,-4.705141905851694,1355.5030557130494,1601.7933146078394,10795.932987368556,0.0,0.0,79.36329532974472,-49.046051543671425,906.4992216041433,1034.9828885957513,917.4225679458891,925.4432988369157,957.2971315208091,983.0129229862727,1000.8855750356065,990.226065571574,943.0322003216991,909.8511984278956,957.133393003658,270.14652351834013
1342,1520.055311076594,1601.9974517394407,0.5787630604086818,-0.14667769100316297,-0.22258824328823298,49,0.0,0.4514922325842844,67.80913345842902,-4.578220486269643,1520.055311076594,1601.9974517394407,7907.071336372943,0.0,0.0,79.25869060481118,-49.04605997197061,631.8612270216815,618.6065017092398,714.9395976021362,672.1522590015043,773.3401635659433,705.2661430851434,695.14469416139,734.9956602468867,685.9269773363217,735.9788817302986,728.1230716732547,210.7361592391416
1343,1822.1657265636713,1601.5085121972184,0.444117271045355,-0.25283951079890765,0.1714562262472488,49,0.0,0.017482077379432002,2.5238806666933744,-1.0051720422169288,1822.1657265636713,1601.5085121972184,1063.0786334592765,0.0,0.0,79.06664064381448,-49.04618921766372,74.54889105436115,85.03703000990993,96.77021483188744,99.11747770345858,107.4298628725151,96.95286396632449,98.97933439741203,83.06091544071475,95.84549335765921,103.06109189620676,89.69027117824703,32.58518675058005
1344,2687.184363147057,1603.6804434282258,0.6239517606434009,0.002765216515071767,0.13228948554244024,49,0.0,0.010048049455569145,1.051233928989788,-0.05424842366913259,2687.184363147057,1603.6804434282258,923.6129519423623,0.0,0.0,78.51679726781414,-49.04330875676513,62.54081027827928,87.62104331379277,81.86895942568556,83.166820777901,66.45765090895708,82.14169978572022,76.0531710256792,87.36999578058135,96.85474111397775,98.23872947801286,75.25472734771051,26.044602706064715
1345,2488.4094917020825,1606.9268965529245,0.6734825459656172,-0.1135180329957912,-0.14966629984443391,49,0.0,0.0747039540576452,9.819416552921329,-2.480214209443326,2488.4094917020825,1606.9268965529245,1736.3019601642236,0.0,0.0,78.64315555666532,-49.04264122229016,132.26179162595972,158.10444336182,164.78827959764453,145.43511735643034,134.060038208248,152.72897345260634,166.1316820578881,149.63484382725045,159.168289584477,149.7472379740969,171.30773692680089,52.93352619100127
1346,542.0559030458795,1607.738341047966,0.6915854562283448,0.436215231423664,-0.024767379261448473,49,0.0,0.013163117690840167,1.411958734314752,-0.37455501069654895,542.0559030458795,1607.738341047966,942.1207157287749,0.0,0.0,79.88033537086315,-49.04172381829971,75.3465958357863,76.99657198239893,83.80288473922135,94.04625903813859,66.2996141257982,91.75402755870002,82.19466016204849,99.57304348102436,82.66861432864374,70.80342932868483,93.5851916413572,25.049823506972803
1347,1992.6417501161397,1607.6106512917515,0.5872797645604059,0.006691384521076384,-0.20483742930453053,49,0.0,0.03296412199900143,4.631163249446462,-1.664225225581347,1992.6417501161397,1607.6106512917515,1225.2460096439122,0.0,0.0,78.95828370366638,-49.043464016492905,135.51911295622844,113.01000794057474,117.28732633371041,108.8486046543641,96.71821390745154,100.41622659070607,124.10980451710284,101.41417600257259,90.56530701587116,104.41192046316894,93.50855152035165,39.4367577418097
1348,2589.9538882858833,1608.2045247609963,0.5362733094142081,-0.3952260786934108,0.022235692673528658,49,0.0,0.009044959947339561,1.0718289683922053,-0.07531372642953406,2589.9538882858833,1608.2045247609963,912.1156406066445,0.0,0.0,78.5786208309444,-49.04177617607084,79.11505090789527,90.28591766842877,73.70913722181126,71.39027613809421,79.07965058864579,87.09670056365621,82.63260580703447,76.44360651167298,77.84356802270138,69.76243408957615,99.17059052743022,25.58610255969786
1349,2541.414279063155,1609.9513264925104,0.2080728112295551,-0.4932403632505367,-0.2034479986548471,49,0.0,0.008011991965998399,1.381865937485706,-0.3511647793857049,2541.414279063155,1609.9513264925104,987.7814153648558,0.0,0.0,78.60948076360127,-49.041211919305255,85.05335466436836,91.7164192007892,83.34228687413389,82.29604226258107,92.70272495245092,84.59922785098003,84.13394374629809,91.32483349117607,80.36092983810416,97.15368484751109,82.3252304417922,32.772737194670675
1350,2567.038861209468,1609.635892359948,0.33331880502262673,-0.1905497764231292,0.03522174882763486,49,0.0,0.010033240342268988,1.489371443851839,-0.4325075568346088,2567.038861209468,1609.635892359948,970.8088601517458,0.0,0.0,78.59319266414627,-49.041258036177176,80.01421484780859,88.35856567563512,103.53231517073243,108.56169929234298,84.62961636319649,78.13454415966376,70.94651809590457,87.68111856124253,93.45568983301361,66.60083683774943,82.60809428522636,26.285647029229878
1351,2372.756206382042,1611.5976746634126,0.8088018488471104,-0.0030721715196011614,0.28920175904297996,49,0.0,0.0143228584957112,1.3604500929668182,-0.33420653664800914,2372.756206382042,1611.5976746634126,889.0112377156555,0.0,0.0,78.71668554764747,-49.041030264214825,78.4740152554428,77.76493066778964,84.82948889403555,77.24739244035939,76.6140183211754,79.33860803202509,83.00714944114219,70.12232499373853,71.32176149695347,81.18216064642655,85.61886509462958,23.49052243193731
1352,518.9505178186811,1612.2933075299936,0.2656048440856406,-0.4413309411071677,-0.0885388315682992,49,0.0,0.018462178057751688,2.035963375837337,-0.7719249034461735,518.9505178186811,1612.2933075299936,1467.1868381361355,0.0,0.0,79.89499430774123,-49.03973975449915,114.38392508111966,132.6199519265011,127.31114866521399,129.49986589380057,128.0556519438337,137.11344898436943,122.15035968056091,139.13316956263122,134.33887043756,125.01449129984357,131.7690626096559,45.79689205104567
1353,1709.130069067705,1612.7427035866658,0.5173906971293375,0.31072103866918377,-0.0705862176519099,49,0.0,0.01009924758900048,1.1080619822853994,-0.1114101361155744,1709.130069067705,1612.7427035866658,1011.501902753451,0.0,0.0,79.13850324048506,-49.04157348394074,96.2899064477779,71.27863947243748,91.33902314749466,101.16395927637802,90.62400690656042,69.20799338806985,101.13310066397216,79.42613621836693,85.18911603087044,94.3970658144859,93.79767729390554,37.65527809313167
1354,741.2531172021223,1613.694883715482,0.43705166096466536,-0.49769986689949197,-0.6812189806402827,49,0.0,0.015271852040068642,1.9064012361271176,-0.7005357773470117,741.2531172021223,1613.694883715482,1083.9670117919677,0.0,0.0,79.75370017463271,-49.039908762601726,94.95787928981046,87.10677706223396,92.6046942760859,93.45680182984214,103.43403558199049,114.40214958575366,105.40369932031145,98.21123920771862,92.20758373425525,86.83538445187234,93.14688000398043,22.19988744811301
1355,1286.7576435129965,1616.9119971643129,0.9096388820169754,-0.9002261741683476,-0.20914663415184762,49,0.0,0.014749138016683115,1.2311117771537405,-0.22574371477600125,1286.7576435129965,1616.9119971643129,987.9252713914061,0.0,0.0,79.40697074326914,-49.039685077909695,74.25481096011764,97.41944373707551,75.96419786671575,89.70285668732438,95.57405836389239,77.89632878393817,97.3834039410127,97.6218197124584,79.33445314287343,81.14925276438686,92.47435381782219,29.150291613788703
1356,2944.8817985405726,1616.9086246118818,0.4558711386270609,-0.6970344900705013,-0.21512201275014928,49,0.0,1.047306869084878,138.98786446889775,-5.357442205234618,2944.8817985405726,1616.9086246118818,40296.651348440944,0.0,0.0,78.35310754184903,-49.03670420238485,3275.617116843883,3521.1568682376255,3437.809168382865,3574.531869330276,3688.634652875785,3671.923095918556,3443.7038124282544,3704.3766600245403,3659.999248449997,3631.4318516262747,3607.8522340381464,1079.6147702847454
1357,2722.329636590112,1617.7897734730327,0.7402398293670456,-0.055715630376050235,-0.3190033959597292,49,0.0,0.03015465380045389,3.3275267585653956,-1.3053038914340762,2722.329636590112,1617.7897734730327,1125.8883292230985,0.0,0.0,78.4945435953604,-49.0372948483942,90.76457415661254,110.64005666308708,102.19998932856082,95.13419022424412,101.803893386254,96.95796238916063,98.20591513884762,86.81486229205342,102.61517289928372,114.01124446339828,95.62534958206437,31.115118699531934
1358,2347.6958615575563,1618.7423466073426,0.412819036907246,-0.6716692446029661,-0.434280222540944,49,0.0,0.009212966463348213,1.2412353291184357,-0.23463532088737138,2347.6958615575563,1618.7423466073426,877.8752074844729,0.0,0.0,78.73264226572083,-49.038119878504375,95.6943425441219,82.57617053974272,81.05928703622855,83.59139091228923,63.43236509582022,53.4622882032949,70.93185393817375,82.10797898361577,71.94063325075186,75.7523846323356,95.72541445733262,21.601097890765864
1359,692.5292342170022,1619.7547733821825,0.2864781355460961,0.013145988077514138,-0.28767412282844623,49,0.0,0.006232748884263554,1.1287427959596121,-0.13148747876908382,692.5292342170022,1619.7547733821825,775.7442353849515,0.0,0.0,79.78463832840957,-49.03723366206958,72.40172278110526,65.30230654481197,73.2880218109084,79.95773131214278,69.05912184580929,67.79161023717452,61.29298344185082,76.48698751083717,60.08454972834764,61.677799253838565,65.55814231269747,22.843258605427643
1360,1612.2704178056392,1619.7543453933595,0.6741934567231774,0.4275623606964185,-0.3329532035041754,49,0.0,0.012023911630550794,1.2397799910345793,-0.23336155734693403,1612.2704178056392,1619.7543453933595,976.5712119491669,0.0,0.0,79.20007117116752,-49.03867232150966,86.23317588967011,77.87552918311755,76.18747530727401,80.99690506507378,90.75695453410258,100.40526164394925,75.34199725965723,96.02271071317743,75.00070226061649,83.24710487133893,101.08060527882199,33.42278994236766
1361,1962.8835515304404,1620.720733934127,0.5186058439178249,-0.6702634967785768,0.025014613194718312,49,0.0,0.010174531967289291,1.1153270090186613,-0.11850554826031796,1962.8835515304404,1620.720733934127,866.8690838637125,0.0,0.0,78.97722488217899,-49.038040718924904,83.10052548429763,81.42925703878186,76.01443279656624,87.77153257527954,73.60899974305612,82.98144769057409,79.8447579103316,68.94321099648057,76.7921618420448,59.69020475602805,74.93460081402952,21.75795221624243
1362,1689.6300269857602,1622.4386365947594,0.5493605499279836,-0.2765138585273979,-0.16698310681893028,49,0.0,0.14995504621104677,22.56525755919772,-3.383600737272803,1689.6300269857602,1622.4386365947594,3270.190704048574,0.0,0.0,79.15090276512485,-49.0375402447813,264.67322862764115,279.1558338847814,286.17121539213554,338.70566383522487,278.5531255601977,296.9407145156798,296.09509111756404,301.2854447427269,286.698863944515,282.91540292130867,269.21378538332556,89.78233412347315
1363,2081.191918283628,1622.199346633671,0.2766579391033305,-0.07162187819403086,0.22032139324147532,49,0.0,0.009273720030667952,1.684638961981855,-0.5662671018618026,2081.191918283628,1622.199346633671,850.1347413511285,0.0,0.0,78.90203423853214,-49.03725057038797,74.36515363502967,84.4795021370447,80.05992754969398,64.31578781573239,68.44594920148606,75.31979311448339,58.45625529256205,69.3762302357015,74.93103290707579,67.93675119319153,107.5848513735275,24.8635068955999
1364,1562.1733123708748,1623.2541026053832,0.6320494658915407,-0.3332435016626902,-0.47608372845579777,49,0.0,0.018944982771429815,2.270806191483253,-0.890450174209475,1562.1733123708748,1623.2541026053832,1058.4542464746282,0.0,0.0,79.23191213084924,-49.03721176765703,86.29729877724357,94.50396473744456,107.13236648795726,105.02030028164046,86.63046190239231,82.95472005668371,92.55156841125287,87.3328215884706,104.27857739966583,86.9690119874298,102.47284004166052,22.31031480278675
1365,1972.8645540546302,1622.9927639960747,0.4525293674047394,-0.15620616636372847,0.2275177698172866,49,0.0,0.008236539596897118,1.1206295339923575,-0.12365516009080627,1972.8645540546302,1622.9927639960747,810.6149047090219,0.0,0.0,78.97088562758238,-49.037081249491806,72.67970656246209,80.44840924961647,71.37919731769259,84.95674766225598,73.02446940404121,62.67792797279859,56.87004551526236,76.53152217953333,78.86889787383939,59.65186269650992,72.12165695471646,21.40446132029347
1366,365.4919267324595,1628.5922198543883,0.4899082413068199,-0.4710463937065588,-0.7830265403985387,49,0.0,0.20042774680957198,28.910687854453016,-3.6526460617466467,365.4919267324595,1628.5922198543883,5673.245318031831,0.0,0.0,79.99241525115049,-49.03232878271099,503.9402562864851,467.0676801581387,483.32374711220024,513.6381104744614,503.9683314404095,500.2912521675855,501.810834346294,495.2223472660303,497.4992898279403,540.6264056355461,502.1862494463596,163.6708138703797
1367,861.9549345388785,1632.0848169376013,0.6057844966700945,0.13026689463091054,-0.1954045594386195,49,0.0,0.010129500269931615,1.2409507616693118,-0.234386374859747,861.9549345388785,1632.0848169376013,769.917266444272,0.0,0.0,79.67691203358241,-49.03258313278859,78.81893071275206,68.06459161911553,69.17125232805932,84.67157302493538,56.93728597940412,67.45630623248675,70.97475738378822,58.37039252759962,73.4999812497741,57.732346293449794,63.92058900389012,20.29926008901692
1368,1878.6986309578047,1634.0204829460854,0.5923359752437982,-0.2699816637209902,-0.44564395699832404,49,0.0,0.016492844882661305,2.0133158898010537,-0.7597798028878228,1878.6986309578047,1634.0204829460854,899.6860751103846,0.0,0.0,79.03075133005973,-49.03259329689919,97.0338943410357,79.14159379370705,73.50041963358507,86.44608900947358,74.84886264922403,84.9602104997901,68.10747807129216,83.83884594844366,69.08915967797765,68.32166788785767,91.51671409207003,22.88113950592789
1369,2455.500286843391,1634.022820386271,0.8259069087200819,-0.6462820700438079,-0.20345683276388316,49,0.0,0.022169391253289313,2.235199529334888,-0.8732907433022324,2455.500286843391,1634.022820386271,1058.6871852421568,0.0,0.0,78.66419626565681,-49.031451875120695,87.75778862568669,97.45247261055002,81.56540967390191,98.6808933960939,84.86494022173483,88.33446815756072,111.60930125093032,99.40999734435947,108.40721339594697,76.16646098098425,88.10918000299375,36.32905958141425
1370,2477.6172078121613,1637.2938961928269,0.48078468633219795,-0.284366271049803,-0.2718798706984699,49,0.0,0.02932089658672268,4.398424724366671,-1.6082429093915775,2477.6172078121613,1637.2938961928269,1322.053092530217,0.0,0.0,78.65015702070345,-49.03002215283004,91.45823750597008,140.85913901315658,105.73340910704647,113.22601862494302,137.59414723792628,118.36376787617344,95.6129391662833,117.13622415918516,115.68140699067497,119.263019664956,142.5522107858772,24.572572398024654
1371,524.4026663016966,1638.2575908303832,0.6686907000566816,-0.2536021745635594,-0.33723783319735334,49,0.0,0.018598628679955768,2.264725477134819,-0.8875389143366119,524.4026663016966,1638.2575908303832,970.1637841521613,0.0,0.0,79.8913804567312,-49.028942604453384,90.67188647388699,69.74658831369017,92.29624366215728,66.46787519717077,93.87086597298254,93.19515951437423,80.77550951925822,83.85705252531278,97.04668634926207,97.19460597131462,80.14825182598459,24.893058826767067
1372,2144.0411744257203,1639.2037937171847,0.3615911332537583,0.3677104114517245,-0.22894462288782613,49,0.0,0.007181599230873711,1.0160884259898753,-0.0173287611305465,2144.0411744257203,1639.2037937171847,856.2832070651543,0.0,0.0,78.8621386239589,-49.030053175902566,89.11123704449679,72.48814149503397,78.8427001773395,57.32628092188663,64.74149564601015,79.03359753284698,77.93487086188642,76.05379719233915,81.53956434571364,89.72854748448736,71.80167057180864,17.68130379130509
1373,770.7139561579502,1641.317916098905,0.5931684697152833,-0.2380009830763522,-0.26086335290706847,49,0.0,0.011543736074190163,1.4783011699414144,-0.4244073015194454,770.7139561579502,1641.317916098905,791.4201674068989,0.0,0.0,79.73485355230177,-49.02848649798673,67.26378949343575,66.36332029543904,89.95019586841529,52.4558671711607,64.79882994203129,82.54780607252255,69.03771231746374,66.38217684058993,59.14978061667517,71.25480310079257,82.08263466605976,20.133251022313203
1374,2128.5275258500405,1640.785868111006,0.49841167395808955,0.46853298574516405,-0.294866529322883,49,0.0,0.010206893792987884,1.1984132545914503,-0.19651650932492135,2128.5275258500405,1640.785868111006,873.3407532518456,0.0,0.0,78.87200157730135,-49.029422993040534,97.13394353998521,85.02604299316991,71.49516687329944,67.70952442263219,82.75038629765977,64.81562357183878,73.4569427104027,86.33775379514046,62.18399335823804,79.19584416035453,72.96657081060384,30.268960718520695
1375,2007.6570240731949,1641.9907584414725,0.21114759347449516,0.2808807188643562,-0.46316730280421803,49,0.0,0.007154074981061577,1.2763876044306892,-0.264956444786345,2007.6570240731949,1641.9907584414725,833.3338751725183,0.0,0.0,78.94881375958786,-49.02911816937698,67.51086480009425,78.460363962749,73.45746534092584,84.91469362521202,68.21206864122509,84.35045719558613,54.63413333375988,75.23709029858279,86.53290006821035,70.43872729768341,60.93836806203699,28.646742546452558
1376,635.6888062134685,1643.6468383116583,0.602579763481497,-0.03521056659810464,-0.2698549306278795,49,0.0,0.07228454169801335,9.90484505225866,-2.4896192149626897,635.6888062134685,1643.6468383116583,1893.8827534782288,0.0,0.0,79.82063944145038,-49.027093444571655,171.11007566780432,175.16277457089004,158.13797532755558,154.87139644221395,172.93934086095658,166.48201058600517,153.32913718089628,186.89174508461014,181.12500184855736,159.02746444921613,170.57823791396802,44.22759354555531
1377,206.4608983215696,1648.0354341355412,0.5170732755345272,-0.05667201449799541,0.4694729643770483,49,0.0,0.0247384661577678,3.377807482014216,-1.32158723336463,206.4608983215696,1648.0354341355412,4795.227961321038,41.63885916256358,704.1051260315128,80.09332197918447,-49.023498969161004,68.80022969923971,148.2199309567829,455.7037543881259,342.94104108430184,486.38634628475825,663.8644318342206,481.7537506804771,732.2516330703298,333.67573941105525,385.30030196495323,681.8530620061069,14.477739940686867
1378,446.1937073411827,1647.0749928236964,0.3198091574526297,-0.46984206434730635,-0.3123613099671857,49,0.0,0.009852482467144801,1.5038331395814926,-0.442999127575256,446.1937073411827,1647.0749928236964,884.9422916923779,0.0,0.0,79.94102052035242,-49.02496468004254,63.222219934212134,80.26588559699903,80.94275648794144,81.30196573151224,79.86145726055065,96.66584126289169,86.42645267213604,61.52318581159633,83.4551418367461,80.41174778978936,76.8293412498977,14.03629605810518
1379,1906.3541261557789,1648.5013328932005,0.4696689339905691,-0.09841085173980982,-0.08885858898329786,49,0.0,0.02886936765024017,4.480621385712445,-1.6283456185178995,1906.3541261557789,1648.5013328932005,1171.781557209044,0.0,0.0,79.01319938371203,-49.02653146136432,126.66918941018523,107.66648292146374,104.61044347219418,102.59204535904381,128.47503325263915,108.24825794148703,95.15861947438823,75.73265191466389,101.89196697091427,99.52809091077668,87.44991138859234,33.75886419269534
1380,2275.718246103939,1648.1052399514201,0.9952244729634941,0.10270642881789388,-0.12242780644576229,49,0.0,0.02753241617213205,2.281788473758447,-0.8956884550067932,2275.718246103939,1648.1052399514201,1141.1724465081497,0.0,0.0,78.7784942597592,-49.02606435645823,69.30823564188631,117.4149152216795,88.2993891264407,99.75121074626827,99.29484911012915,93.5443431329179,101.77982921715085,86.08507414570016,109.96033637064535,117.20889588864908,133.16395781567562,25.361410091006803
1381,196.31785176988697,1649.4016719446677,0.7698786429946841,-0.9088260954117235,-0.5618233162137019,49,0.0,0.06423203760112692,8.245271271197101,-2.29051237149348,196.31785176988697,1649.4016719446677,3360.552143657259,23.353301714864863,446.8209617532041,80.09975560320144,-49.02288027007148,132.57654118527978,282.4689303676132,506.8650262123116,249.04107706836692,346.4562870404683,498.32430083123893,170.30415624252748,354.3716876695768,103.0961455355727,415.9253509707347,290.3077413744245,10.814899159144549
1382,1943.7259215017534,1650.1647896923641,0.6546644443055886,-0.09158701776916471,0.18213574880722302,49,0.0,0.011341969119241712,1.0541133962754374,-0.0572183315739143,1943.7259215017534,1650.1647896923641,970.0917616161518,0.0,0.0,78.98945497033512,-49.02579604319934,80.6521283457061,102.90561718450395,74.57726092891838,77.74918525152557,73.41850925445246,90.404175506375,91.9117754612257,101.75578064436098,73.94166354444454,90.7702383579674,92.92814928109178,19.077277855579943
1383,200.7722060317991,1650.106602897332,0.44580748467633885,0.7136708098311647,-0.7519152877706584,49,0.0,0.06638091846512277,10.974966419403374,-2.6010080002147538,200.7722060317991,1650.106602897332,5178.588257629836,25.87365744490856,573.2097121341969,80.09692055631643,-49.02260836718682,80.57033814502569,238.33211367388344,517.7427242464848,405.45460996313443,496.77657823967036,698.2483713920094,484.27664624651663,834.931132293749,345.68415824444617,488.8732041985028,576.477127720489,11.221253265924947
1384,944.5227174271655,1650.0571073085307,0.6626039345004011,-0.24439606346588333,-0.35375658124006704,49,0.0,0.1841583876917362,24.47978330876279,-3.4720189229582052,944.5227174271655,1650.0571073085307,3609.7512113441558,0.0,0.0,79.62437783328454,-49.02529578069095,275.93984560740785,346.10930857126846,316.29731864741245,328.1659947071742,311.51777334833844,344.01279501962705,301.7684768882396,326.7661339965507,327.8068730426952,307.2566873446855,306.65325515687886,117.45674901387777
1385,1568.5101250832356,1649.4959435869414,0.4560234033778775,-0.03376026752678618,-0.07578955586606745,49,0.0,0.009005978832286947,1.0231595613578417,-0.02485841764688066,1568.5101250832356,1649.4959435869414,933.269480214944,0.0,0.0,79.22788010799012,-49.026278446320674,79.06088873545096,85.12854244086571,79.25920644937707,92.91212041598665,73.47085365337168,81.47300899965649,102.73510412607372,65.89260374617855,66.29934201183289,78.70124283061082,99.31720351103365,29.019363294505713
1386,2927.2380941900315,1649.4911873518688,0.4842143456213047,-0.24616048056419848,-0.5969512063038239,49,0.0,0.012944516641105871,1.4294293142898769,-0.38790671058012877,2927.2380941900315,1649.4911873518688,1070.191819757471,0.0,0.0,78.36454976702899,-49.0232118424576,78.09205124786112,105.59937619131695,86.05085806461365,91.75062251010814,92.74487216757137,82.56717630225279,79.55273582202983,93.52602064500775,94.13668001034827,120.65292711635233,119.89349587912878,25.625003800879863
1387,1002.6079244282995,1651.9591649455444,0.41283569631289674,0.37331907437362233,-0.29640719561688883,49,0.0,0.010136980864913063,1.2444277478556005,-0.2374242157634323,1002.6079244282995,1651.9591649455444,887.3644982718406,0.0,0.0,79.58746403134673,-49.024630319570235,92.04350357769678,79.37214315651099,99.81494139869851,65.15827321897298,66.89583598817546,78.68474467011767,76.46536762881105,69.43414944404725,81.99021001149555,75.03570949399295,75.15748283381654,27.312136849504885
1388,1208.8458164496246,1652.5808249863662,0.46005347123802115,-0.20077479782173496,0.04014810350487173,49,0.0,0.016357300114975847,2.2616191165375934,-0.8860486660246941,1208.8458164496246,1652.5808249863662,1070.7464355919333,0.0,0.0,79.45641747770021,-49.02472728906523,82.74978484757594,87.03752172947371,105.38257705055847,88.35700724266908,93.72716495872069,83.4580223266907,109.54608997640179,96.75979842043554,99.2258990049232,98.72110004389577,98.8988587362101,26.882611254378425
1389,734.1913825936838,1654.426134239546,0.5351265629226912,0.11032911295698267,-0.12790610677591804,49,0.0,0.01787894153783055,2.533860669757455,-1.0094568262707657,734.1913825936838,1654.426134239546,941.7283304093658,12.13149207523651,0.0,79.75800058381924,-49.02291692651021,81.6991619607582,77.69967695082798,80.55501342052557,80.09088855795575,87.30777206890734,90.99568224069012,86.87026257857,93.45692142543378,80.4998698475739,87.51046255166024,72.07465922466076,22.96795958180214
1390,811.6219993032846,1653.580002227463,0.6576087343744349,-0.5018274428755569,-0.2806785709480241,49,0.0,0.019947921102094292,2.3962604798189533,-0.948835063090457,811.6219993032846,1653.580002227463,1023.1067592557777,0.0,0.0,79.70880774442807,-49.02349300950969,75.87747745579429,94.51645554096044,73.6564484334473,80.14408179195141,100.44533065454647,96.56795447816476,85.53244217332501,95.16648160508937,104.10927305095532,102.66005502616349,94.86451905030621,19.56623999507363
1391,950.1418926904236,1655.7817935623925,0.675400613695702,-0.972459988432576,-0.43990720708072,49,0.0,0.011216452552583784,1.0270244883137833,-0.028951997534467117,950.1418926904236,1655.7817935623925,2539.051162479776,0.0,0.0,79.62078757041145,-49.022923361780954,193.2990377235149,230.9002064808979,214.24435054900198,235.65297816189354,217.09425609346002,251.3029426984685,224.85297077663898,223.8279707542989,223.27554455352066,224.84716291177284,221.61261789693518,78.14112387937261
1392,678.0451757986625,1658.5932131104457,0.30731388282110333,0.025078126877641046,-0.13965545110723035,49,0.0,0.014174627538930324,2.295243572844212,-0.9020719498783378,678.0451757986625,1658.5932131104457,1535.0231051470855,0.0,0.0,79.79365273382155,-49.02100556220066,120.81709591882894,128.55924128744778,140.2737265994994,145.85484113975184,131.17502954144302,148.143527519148,136.73389624275163,129.13597612996244,133.94350732084087,152.62047323737454,135.49922624572605,32.266563964311025
1393,435.4046583432849,1659.393960127955,0.7099305067362291,-0.1701299613761388,-0.33278120067824224,49,0.0,0.011523467832124509,1.0215094267513851,-0.023105946919987817,435.4046583432849,1659.393960127955,942.5774965796091,0.0,0.0,79.94779895201813,-49.019788557591866,85.36733823939463,92.0470132242131,83.90396248294677,76.85069209163586,82.43659397278422,71.44449074050799,69.80662845606884,71.39049841834304,92.65032723032357,89.43807761027722,107.37589449859678,19.865979614517087
1394,1163.6468468257935,1659.4452269979877,0.6371544637837924,-0.19568157873027572,0.5842209399541324,49,0.0,0.010464257222504035,1.0015014997969816,-0.0016290100177353294,1163.6468468257935,1659.4452269979877,1051.384050504214,0.0,0.0,79.48512143814673,-49.021801833408894,90.97924466901868,115.4186528879658,82.7566857751849,93.64361251626087,76.42302519793533,113.99654055095414,84.50713336529768,82.47822311368898,83.38177086737628,95.0864043189183,107.90052589294388,24.812231348669158
1395,1434.7611176858452,1659.228584977172,0.4255134161882391,-0.12307499145784341,-0.40608998281786285,49,0.0,0.01509943849227755,2.303116935081407,-0.9057899718877288,1434.7611176858452,1659.228584977172,1016.6257669759528,0.0,0.0,79.31286097731937,-49.022177052263906,94.38253836106094,108.0539334248096,86.38958429347672,81.84736651477891,85.84959601018957,92.92282943259147,100.98833102435448,86.93768435863879,73.56173858341369,85.75774588823367,89.94582934372397,29.988589740681032
1396,2643.24121467212,1658.659023721922,0.6122675657093306,-0.8202876784152984,-0.4949955616445596,49,0.0,0.020984994885531513,2.0852658270332913,-0.7979035653665925,2643.24121467212,1658.659023721922,1434.773179072766,0.0,0.0,78.54503254047627,-49.02056587431085,119.03911033792653,130.16728870481978,99.37151127683424,135.77845120794993,137.8948783533569,138.22674888284092,115.14863747200965,132.33105833909798,110.53169215546161,145.48047624280832,131.7443949593393,39.0589311403208
1397,2252.1259084327144,1660.0139184866143,0.29551899198920384,-0.27904433420599445,-0.5921363973918387,49,0.0,0.012311801808703457,2.1646518148679683,-0.8384701246537631,2252.1259084327144,1660.0139184866143,972.9134617644895,0.0,0.0,78.79352645312782,-49.02115714364298,68.35183064489635,70.85453797165809,86.25376126990449,98.40057569803663,80.36723387977428,84.2035781190855,86.80671315412536,75.4133569253848,113.7753443253756,91.54238759846713,84.93311705183984,32.01102512594135
1398,2845.3116490697967,1660.4562023430522,0.5915635717151214,-0.08280174232194433,-0.23064517737354226,49,0.0,0.13979761047926387,19.522874448819827,-3.226359403377344,2845.3116490697967,1660.4562023430522,3181.279986009501,0.0,0.0,78.41667121297718,-49.019010974707065,261.96962324260625,277.42536328599095,252.7570381483969,311.5701131481282,290.1628794157463,299.34428793367283,283.09220361627865,278.8435374596702,288.61464409571295,275.4743601516787,285.2915934239826,76.73434208763611
1399,2086.8352621857816,1661.358321679766,0.4446816097188414,0.036261992361810116,-0.2852849878080509,49,0.0,0.015454723372143389,2.3133106626963587,-0.910584899084973,2086.8352621857816,1661.358321679766,946.1155615202116,0.0,0.0,78.89854888457594,-49.020925046183294,85.42611062815521,85.45555748917279,82.65635717901127,69.03717652320532,64.8195884821778,88.14124228304891,91.6333000845581,89.60464076007196,82.06074509178895,90.11941380282263,89.30852124545925,27.852907950739485
1400,2539.8566427063865,1662.8785436239202,0.5607703248879686,-0.4774688685500521,-0.28618083428214725,49,0.0,0.023219330428820392,3.1338292844077915,-1.2401883363787733,2539.8566427063865,1662.8785436239202,1017.297647196872,0.0,0.0,78.6107354198203,-49.01916522279454,83.02102195267501,86.28670020518696,97.20993769363783,101.657335969962,93.04704257958758,87.67182277197624,86.304947269464,104.27312272243884,93.919839281004,76.36146227734342,78.98132156036411,28.563092913232047
1401,891.6203087135634,1664.6796803295124,0.5171784830525558,-0.4747254228883376,-0.4022021719094976,49,0.0,0.010110863058078677,1.1319597983078742,-0.13457750775985938,891.6203087135634,1664.6796803295124,852.1112770977368,0.0,0.0,79.6579369356912,-49.01907728079675,84.93371896991577,76.38048554684863,78.96937544313627,67.60614109458652,74.49160199521762,72.7996186119267,80.42170782582009,68.49507460002684,77.6637064174095,66.69870298265535,78.16877922998056,25.48236438021293
1402,2447.0755696893243,1664.8293237304756,0.9244679490421831,-0.045683629201218184,-0.21940741152111995,49,0.0,0.027707093009929094,2.7432651860459156,-1.0956694800664342,2447.0755696893243,1664.8293237304756,1072.2692287999596,0.0,0.0,78.66968869016108,-49.01864141081192,85.14736947945897,96.26402641333468,97.06733835924813,97.46113115720794,115.74499719586674,85.5458795220866,78.01245827864926,100.3032051378492,102.33988155785315,99.27784802891304,92.14091196097773,22.964181708514086
1403,675.6047227966485,1667.925927968697,0.6933097336916387,-0.2151769847649386,-0.3287885845404783,49,0.0,0.18410267673342376,23.799713995544536,-3.4414293452775055,675.6047227966485,1667.925927968697,3439.678845926505,0.0,0.0,79.79515728915311,-49.01710927351658,280.56815264018053,296.8573696105009,283.51175420282647,295.2607643744053,297.3318857843769,309.37596048209343,328.2587919007092,325.8184775364768,327.5610273235819,318.64072998628893,283.46081768532474,93.03311439973972
1404,205.78099504703187,1669.576917910715,0.31881004963867615,0.5410646287390246,0.02446232636126312,49,0.0,0.0133837451512536,2.5608741365222834,-1.0209705850259156,205.78099504703187,1669.576917910715,1778.7390712455683,7.0,747.8284069513957,80.09359407204721,-49.01452111941244,122.8931697481425,168.5958939326215,113.01613960061378,106.24969365690515,224.20196710423266,188.5591122487179,148.74008496788497,209.53527118314986,232.22487512615635,94.80240723765495,149.04463570341758,20.87582073607104
1405,962.1528208736074,1670.2689429990462,0.25450941545961253,-0.2771463077711073,0.014212969011016681,49,0.0,0.007496824695949714,1.0924891515177024,-0.09604283273454405,962.1528208736074,1670.2689429990462,873.2060548995133,0.0,0.0,79.61310692063927,-49.01691420019241,69.2164689025144,95.5046728072904,67.47337225231797,80.30492293325588,85.97332907069494,72.50973492474415,71.08657304997246,72.73824974537766,82.28976305750925,77.12084802542915,85.9371638942346,13.050956236172393
1406,1163.9854530227324,1672.3195349830705,0.554484022178249,-0.15640592980262752,-0.12475598121517194,49,0.0,0.3722069051154091,55.35306769898014,-4.35785423683182,1163.9854530227324,1672.3195349830705,7512.635639536735,0.0,0.0,79.48487639440269,-49.0164381183067,617.4511156616554,615.7601782967317,670.7157683961823,706.1399850625849,707.8312202251363,682.3220983403173,654.4154005182377,676.8653984165667,652.0813120619381,639.217336853728,675.2541308666821,214.5816948369747
1407,2852.868113065008,1671.428700983222,0.6557452326996901,-0.3287101480693341,-0.31135808336500037,49,0.0,0.060129450313538994,7.576359172306165,-2.198651387682451,2852.868113065008,1671.428700983222,1742.0835019804733,0.0,0.0,78.41194399409605,-49.01440663556524,154.3770839196215,155.41304541198775,149.62064502077615,180.19641616105773,156.6531329361061,157.75557642856793,137.059214959466,141.15848399901887,168.33250067759934,152.36179026256704,146.3218754625341,42.833736741170824
1408,695.7297449233114,1672.2795690469256,0.2394910043113851,-0.39844823638872806,0.09160655299618578,49,0.0,0.007067450215617216,1.0354159793358033,-0.037787157660116116,695.7297449233114,1672.2795690469256,873.8969682216072,0.0,0.0,79.78235136303323,-49.01535955972634,75.95945922301459,83.8704201468986,57.14717089865375,66.51848371050318,83.75199833271189,81.13923700558576,87.29961261478346,75.46281743847584,81.02738860742427,78.03032893616894,75.60619270063705,28.083858606749843
1409,1654.5002916258072,1672.055658786489,0.42531198853813496,0.41242665516488713,0.394874024567285,49,0.0,0.009993367166929588,1.029510430228941,-0.031576877307242464,1654.5002916258072,1672.055658786489,1070.5933188717504,0.0,0.0,79.17324493829435,-49.01687526677448,83.13337188731693,99.97509809053503,112.39588625358866,89.92544754750912,98.6216248811624,90.28800263232488,89.83483488113245,96.10876932260152,89.2831592282682,94.76059535010106,99.94941730001885,26.31711149719124
1410,1790.2672235721207,1675.2110057923217,0.6648539961963617,-0.06917250490569994,0.2903825124897547,49,0.0,0.012308031884629101,1.3934214115966104,-0.36020619926774766,1790.2672235721207,1675.2110057923217,812.873283322138,0.0,0.0,79.08699275334732,-49.015502827097926,72.29029018372873,61.886612249392726,65.43809347397756,82.82283810440734,69.85156549855498,63.15424986468135,69.91862918381496,73.09995908068095,82.37981247195074,83.79066213816529,65.56612646777961,22.674444605003828
1411,2051.015524105299,1677.1086120326543,0.31990676190032685,-0.10981600993290537,-0.3810292599629935,49,0.0,0.011431981146256737,1.6468406961073878,-0.5416289764495421,2051.015524105299,1677.1086120326543,957.682070946104,0.0,0.0,78.92134508432842,-49.01442103767447,74.6808539848017,76.76474895929151,87.50101961103937,84.21126266294851,91.5327260651287,84.77526805649998,90.79068774907222,86.23688016972207,84.05141643921633,85.10003585278992,88.15096649811215,23.88620489748156
1412,2255.32052735577,1676.6780344099097,0.41361303602569427,-0.4156250575462702,-0.20507844340053297,49,0.0,0.017318674245845253,2.92007213891207,-1.1634839515186908,2255.32052735577,1676.6780344099097,1030.955322545558,0.0,0.0,78.79155480499557,-49.01420666758502,85.53805671175255,84.4210495319837,95.48636736318386,83.66956974326203,83.37744921890851,87.31723666424107,103.7495124579174,91.10495552433875,93.73228406255969,113.93454173675146,77.26759138127196,31.35670814938682
1413,2129.5788305773763,1683.8417650561116,0.2396316665525398,-0.4251188493373706,-0.22569404925291184,49,0.0,0.0072499386140176215,1.1975831401852512,-0.1957641832338404,2129.5788305773763,1683.8417650561116,792.5782289684653,0.0,0.0,78.87145472555201,-49.011481409767555,75.62289914120686,81.35102886730317,78.05050092646064,59.99016687454597,67.45397233695019,53.22281527055265,65.37101234038406,57.227697026555404,60.77522160371627,95.36835460102219,77.84091359855732,20.303646381210612
1414,2439.175598135105,1684.007401429956,0.6170009276594728,-0.08486676327326595,0.037572990443214056,49,0.0,0.022509848527905538,2.792701741409348,-1.1150613895775923,2439.175598135105,1684.007401429956,1163.0374341495456,0.0,0.0,78.67479313608136,-49.01067411091417,87.82205586203396,99.73420573468493,91.98091711744546,94.73569654391963,104.93028263728195,112.26023800513975,107.48187154368065,113.61457360688844,95.78411970597253,115.42699061112415,111.61854974949674,27.647933031877223
1415,2515.933090295536,1684.6264859094995,0.28076304467251717,0.23332257470378773,0.11699947314584437,49,0.0,0.012082318050241576,2.253624898212314,-0.8822040803033676,2515.933090295536,1684.6264859094995,928.9255010420559,0.0,0.0,78.62604001926356,-49.01018143472644,97.32936626609126,67.0349048272171,79.59673113041256,87.98149228101116,77.37741095396515,79.38681793774958,84.32741291300417,74.57750898145967,89.08216566461007,66.39890301101224,96.99619086519978,28.83659621032316
1416,1946.7286655020405,1686.0006377852606,0.2409813164646966,0.22985455103352037,-0.15142174904085512,49,0.0,0.009362704475607506,1.8105902044828313,-0.6445504161347908,1946.7286655020405,1686.0006377852606,876.1950514731859,0.0,0.0,78.98761295967559,-49.0108609421969,93.14916576424888,100.36091049212905,76.52149886797483,63.27845562024911,80.45331563397097,70.10952824914456,69.34434349546436,71.54604040102078,62.618770666057,85.62517359304074,85.95203246072481,17.23581622916076
1417,416.0427995861413,1687.4703540027585,0.5245237080765289,-0.24746183959165616,-0.5312286063386605,49,0.0,0.2981432818350656,42.49828299248951,-4.070928460305159,416.0427995861413,1687.4703540027585,7404.902631484152,0.0,0.0,79.95992225933855,-49.008011737863754,597.8513377816989,698.6787761411615,642.8384839296489,666.8019526338612,628.0392182938052,694.5472589656999,698.9034197003351,654.622755192418,661.7740443798597,644.3073909337127,614.3842217817388,202.15377175021297
1418,1631.081372115721,1687.5351067585366,0.6277643466468561,-0.33412061097110407,-0.7839440210409906,49,0.0,0.014139260375480245,1.5937117025548824,-0.5060244041408802,1631.081372115721,1687.5351067585366,959.3494218903672,0.0,0.0,79.18812597795976,-49.010428953633095,87.3615527723844,87.56143990012927,86.08474892953845,75.21738346733838,88.39426895181909,71.44223763543042,84.6460386259213,79.55017769137208,90.18872656261445,100.49643609250815,85.4932812496964,22.913130011614893
1419,1643.7302872940922,1688.2919412127485,0.24496193332377236,0.2809671508809571,-0.2880639367625429,49,0.0,0.00702899090327012,1.1256043475920088,-0.12846440467806952,1643.7302872940922,1688.2919412127485,887.1033548543114,0.0,0.0,79.18009107709828,-49.0101119783132,66.7692059134194,62.70398664122523,69.15552696198141,89.46411739733043,63.88573464245015,101.60927378021933,83.07938172006013,59.625660699518725,83.87934262165541,89.63902790929879,81.00000116409798,36.292095403054354
1420,1091.2535175205355,1689.3998514720365,0.46557686863853565,0.26732701136117326,-0.1359737517221402,49,0.0,0.01226952969688819,1.5715369978498237,-0.49081152458806887,1091.2535175205355,1689.3998514720365,1077.1134143194324,0.0,0.0,79.5310368550419,-49.0092014819626,68.74407582295476,103.73902943180451,112.14916656756183,86.94517723351883,106.7734088924152,82.42526843498922,101.21109904696743,86.34939795005093,86.49497926528505,98.6401948892831,113.19635461422381,30.44526217037785
1421,2005.8725887783098,1689.00023712029,0.8874898159426319,-0.035963003570882154,0.008361213298253676,49,0.0,0.02384233723485211,2.435257531790471,-0.9663622380259622,2005.8725887783098,1689.00023712029,950.1139238734597,0.0,0.0,78.9500491088017,-49.00953361870167,82.01980229927855,85.9835519989934,65.71647096398377,88.32802060841937,77.70681502514756,78.22173116675391,76.7570428905537,96.85846005837428,81.10157852999362,87.89649300610088,90.24359641144972,39.28036091441092
1422,1786.1868223550953,1690.7236171336351,0.6132984455771896,-0.20131022676331212,-0.21162922615713747,49,0.0,0.12439191429162251,17.770334636012276,-3.1242390153778006,1786.1868223550953,1690.7236171336351,2574.905485516525,0.0,0.0,79.08960035974671,-49.00904192659383,208.8856992524651,195.45506882496016,257.5974674818933,216.01798461861642,266.6330238005536,207.27919077811845,223.563724775563,233.15385149690673,213.2031238497732,228.17822603925816,249.23550754524564,75.70261705317128
1423,184.47777660830943,1693.104098294323,0.9513607169704064,-0.015040059043568662,-0.9166322669751255,49,0.0,0.028399496337531353,3.203818245903661,-1.2641696759586643,184.47777660830943,1693.104098294323,1686.7555598791307,0.0,303.90333620258315,80.10694826227076,-49.004614938855276,153.2228008621158,120.74961337395261,235.15736075741484,319.0008109609794,225.90803495416085,32.06358372188723,47.63938935762437,47.08811002711742,148.52421353045474,37.37125209677235,186.4083672248126,133.62202301183856
1424,616.915239502075,1693.0068751264748,0.3109493335408315,0.14411088616859988,-0.45038045933059934,49,0.0,0.006977165790031888,1.2448419130565809,-0.23778550579533655,616.915239502075,1693.0068751264748,802.8176302516488,0.0,0.0,79.83230982943266,-49.006464183091175,70.65423495751777,55.125982031514184,63.854577919185424,79.72104008791241,75.4779600471841,86.29820636648647,65.32242028076061,53.80231546694333,73.13853670783763,75.96605678919394,87.83147303465641,15.624826562456382
1425,1537.007727014678,1693.794474613412,0.6283535659723145,-0.38426490186339335,0.11314944744515748,49,0.0,0.010044954940229929,1.0822328474129457,-0.08580177823668515,1537.007727014678,1693.794474613412,895.6454583158754,0.0,0.0,79.24788304563872,-49.00781548751057,94.55589865348024,60.54959756426442,86.63576055004347,71.7669987428889,80.87819177059697,76.94800001370676,69.77794765576297,78.8395168880055,79.43486436169837,85.07979199965926,89.6674160504092,21.511474065359472
1426,1727.7665259916055,1694.601335457473,0.3268791033807404,-0.2394265558566769,-0.09939470982309398,49,0.0,0.00715824526143816,1.1410046193895775,-0.1432185066882672,1727.7665259916055,1694.601335457473,834.1956719523689,0.0,0.0,79.12671269453772,-49.007458087439524,74.60117108153355,62.863466633030114,61.71726216923631,71.0348253595221,85.63889249304967,64.4338797508903,76.19946262601822,73.1148725934783,79.84142945797687,95.78859881268741,73.96079803339157,15.00101294155444
1427,1896.0079810334792,1695.705557016069,0.5499265171239677,-0.21831958515241381,-0.2841293445467836,49,0.0,0.026158864043221704,3.551924142634559,-1.3761592052755494,1896.0079810334792,1695.705557016069,1097.650414458046,0.0,0.0,79.01984794346325,-49.0068739995848,98.06682323101228,103.57025701402914,102.587652362769,96.52272936108876,95.08971915956187,101.77830294228616,88.01370665144434,95.85784096029369,89.93592594277371,113.23189992073168,87.13132566674305,25.86423124531244
1428,2762.958998355823,1697.7196123274343,0.38582466369805063,0.015448306841884913,-0.05064122034771213,49,0.0,0.05093016132920713,8.871210323037111,-2.3699571895899414,2762.958998355823,1697.7196123274343,1830.6942593610147,0.0,0.0,78.4692177192707,-49.00383156941352,170.3292733594172,156.08559534742793,146.18261585897307,183.59230300000067,153.4100719691213,191.45064284756933,166.554868978034,164.63498423812408,133.66430416528104,160.13914340524354,164.61268473849134,40.03777145333109
1429,250.9581018879733,1698.7417051267316,0.3716935065532497,0.9139159858458145,0.23095148400416107,49,0.0,0.008964537495346947,1.0409270254573504,-0.04355071053889836,250.9581018879733,1698.7417051267316,1180.2463045450115,0.0,583.0852042733819,80.0646888480737,-49.002586655633166,104.27223819940704,96.44706681799394,112.00724572672702,88.43664649746394,103.92340015313744,126.0096212232304,98.60095353986135,115.28695269140619,118.63225800055673,84.27396694577075,100.34153741869623,32.014417330760494
1430,370.76974959204074,1700.6628918086697,0.5831168682900214,0.14046990557731925,-0.08477435248106245,49,0.0,0.019661424976549643,1.4009356814281209,-0.3660454919580769,370.76974959204074,1700.6628918086697,1852.91191144935,0.0,0.0,79.98859003507326,-49.002324832201104,160.59809106379248,155.39597873100865,169.5507567386516,174.36681891537,165.5083237717119,145.95692535987934,150.9108119095282,168.29800201738485,156.2046599488414,183.73160912500725,168.50953404577098,53.880399822403184
1431,1089.7341506941154,1699.9729591764922,0.5521752425962243,-0.46059455635694446,-0.1487129108516836,49,0.0,0.02270931832412679,2.9279034315568326,-1.1663918716817268,1089.7341506941154,1699.9729591764922,1157.5294917933825,0.0,0.0,79.53197324841125,-49.00479339129208,84.68272684096013,99.40610539769868,92.20328723395426,100.34863528663175,113.45048190212495,103.02031760866322,115.33568303732311,89.71133066139791,93.12456308779508,118.38582599009757,115.32856258258502,32.531972164150815
1432,2193.2258668391337,1700.0959162770287,0.5075994965491086,-0.9417424041118125,-0.14003982927519396,49,0.0,0.05047882887649816,5.5014752740898745,-1.8511979135008028,2193.2258668391337,1700.0959162770287,2402.95544178227,0.0,0.0,78.83107524051225,-49.004584508886,172.28293679120094,239.2679401091694,207.93233639654954,214.2118579145913,246.04535680310715,211.76098503290467,175.97578524235112,213.94573497620684,196.10026642076497,220.71722719779595,229.6164923980311,75.09852249959746
1433,1466.8647572598043,1702.180060112886,0.7565000121438897,-0.10052826356705691,-0.09280496917574457,49,0.0,0.012063285596105347,1.2211033609765507,-0.21688106649995179,1466.8647572598043,1702.180060112886,872.1076605089216,0.0,0.0,79.29243220110051,-49.0042973938631,84.87894385081074,81.91811907706095,92.11055875455045,71.63334174739842,72.29194788204401,85.05018816477562,78.16267347141121,74.54182202127635,71.31122974417708,80.88341435755393,60.52997145746279,18.795449980400075
1434,843.6772176910034,1703.3378055549472,0.5047520929116979,-0.33872945655517034,-0.18783822194590105,49,0.0,0.009986153281264488,1.0052558661955275,-0.005691540296396666,843.6772176910034,1703.3378055549472,957.5414184399765,0.0,0.0,79.688240422905,-49.00284775232111,76.18066392372194,87.97277850969004,83.02672226438872,82.02956768027184,97.0348636978164,74.0529123021545,83.63502189493536,94.5261872778438,66.6373519969763,90.60043065549075,100.23224731057746,21.612670926109388
1435,1575.7260746617872,1704.475769871065,0.6512405476998687,0.31374506437517896,-0.03692260539219329,49,0.0,0.017053117120444605,1.8763859413926924,-0.6833054259637965,1575.7260746617872,1704.475769871065,1002.1150577972462,0.0,0.0,79.22328755366178,-49.003370908170375,94.02782816155224,76.84494121997231,80.31293660019662,85.53346179781977,86.50198250353142,90.0161492334584,99.69134144389193,83.19414812753453,90.22872143463826,90.11970815847755,100.35689365663384,25.286945459539353
1436,1436.95463007501,1704.5013193352681,0.6703776881400483,-0.2593808838568417,-0.262771867249894,49,0.0,0.03289436160771499,4.085496196453819,-1.528112026280636,1436.95463007501,1704.5013193352681,1268.3150599210785,0.0,0.0,79.31142786138743,-49.00331471058307,86.34233081092702,105.53984109992246,110.67816265804191,103.34917381754752,126.0601247152382,94.22775269280878,112.19507876731042,125.27616721936616,115.87025819886972,125.33114773643477,120.85496920499725,42.590052999614386
1437,2669.2498894035275,1706.2276259698153,0.6019695526861182,0.37564341236877086,-0.04349018139150553,49,0.0,0.016040361203196806,1.8467819480308065,-0.6660390518689132,2669.2498894035275,1706.2276259698153,1069.5107439936414,0.0,0.0,78.52877950411487,-49.00065124659348,110.04812454275279,82.77719161391457,86.11860616298874,105.56453809792663,93.01798350039994,104.80617515496044,99.4055287355035,90.69808183423893,92.97636429779271,104.58570953639338,78.63654406595336,20.87589645081671
1438,375.04152336473015,1706.7968031367238,0.35012514083263463,0.5671984394748234,-0.4881755510569487,49,0.0,0.010766545923297758,1.0199591485485489,-0.021456944318443118,375.04152336473015,1706.7968031367238,1603.7858197013416,0.0,0.0,79.9858372764624,-48.99978755237415,148.1032985177215,146.24183619937727,144.02748268497632,132.9088472149386,144.40853509460652,142.46079530284695,126.21620454061224,143.06861841579996,133.60663868769643,163.23677843916917,134.3212687015179,45.18551590207862
1439,1360.9989274505076,1708.5327655066108,0.37233900221953964,-0.010463141713710608,-0.05594782952366379,49,0.0,0.008890359887413334,1.1685027819846814,-0.16907437675676656,1360.9989274505076,1708.5327655066108,942.6568472412039,0.0,0.0,79.35966560668288,-49.00158158696412,82.43309946549006,66.63773282369826,85.80550316958866,69.79198409849522,102.72039555486427,73.75439437556044,83.44897092250812,77.94861359581918,86.65068831276827,93.41922977975187,83.26391108053438,36.782324062125085
1440,1811.6350297294969,1708.7033382535237,0.26648075800063886,0.28500699563706466,0.5166823578564524,49,0.0,0.00721681394183354,1.0623450443283269,-0.06566399080375833,1811.6350297294969,1708.7033382535237,927.1186406209888,0.0,0.0,79.0734553797778,-49.00153279493401,69.3852091909568,81.68238666361805,82.10801689424822,83.94708001268853,104.15551798584482,75.23101481429411,75.36269215562326,93.73967407886113,68.17620532248688,91.86286537794399,88.75091101514101,12.717067109282047
1441,1623.0225935349192,1709.6448519402838,0.45524607987911647,0.44822168027807363,0.3072710693590847,49,0.0,0.009039491615631095,1.2480524458367175,-0.24058208928530514,1623.0225935349192,1709.6448519402838,864.6622775002853,0.0,0.0,79.19324787113115,-49.00121731093734,69.72700301885872,70.16602998400873,67.34391189949814,61.493480870311565,82.15875902759079,65.14526577787686,74.19662278374489,82.34264674709087,96.32514027536301,71.33492081425517,88.1059046430652,36.3225916586214
1442,1442.270710371409,1710.5229337165458,0.9416294292653367,-0.35640844847247555,0.1068327601449634,49,0.0,0.014965757769417597,1.3740069732934153,-0.34497234209843236,1442.270710371409,1710.5229337165458,1095.1623728840868,0.0,0.0,79.30804630732734,-49.00080869161268,72.57723424677715,88.91617284140392,102.2687528083844,91.42884851718051,113.94892505063159,87.55057669203251,86.61265503017627,111.32569266579867,100.7134688386182,105.05170687715811,100.44394068679489,34.32439862913054
1443,1748.0535008405045,1711.3124567743744,0.6096004509364235,-0.212470299880354,-0.20468378457801567,49,0.0,0.02764856766579832,3.2016650441437147,-1.2634397359715877,1748.0535008405045,1711.3124567743744,1261.3389365594735,0.0,0.0,79.11383953446925,-49.00048541398625,99.33999298668311,115.4525925685798,109.57923493278597,120.21076645819127,113.62208913553164,105.10667036438673,102.44039125792949,112.9239462177652,103.89513434424009,114.37307943218488,126.87325570365815,37.521783157536994
1444,2114.951245587796,1712.200736175411,0.7891582310447238,-0.09659061673490009,-0.1628872576505923,49,0.0,0.0610252347966377,7.282173703300695,-2.1556525851096326,2114.951245587796,1712.200736175411,1371.744787011727,0.0,0.0,78.88082429100092,-48.999691984017204,117.6497935125851,105.78916061955908,119.06199093196946,120.15205447699739,96.10551231042652,127.67712952744264,143.12618111392948,116.96976130944523,142.47085340108993,123.69365453592431,126.9634154322494,32.085279840108335
1445,2866.9163890813934,1713.3600321794968,0.4509394490789281,-0.20744563636396174,-0.6954814411877808,49,0.0,0.020130415259638,2.961450677622593,-1.1787612598704678,2866.9163890813934,1713.3600321794968,1140.4552075270963,0.0,0.0,78.40330290563983,-48.99687528208663,88.5447486635266,105.71116756290189,86.16458821002533,108.84321772280624,94.91066764044957,94.78987906392923,113.21593743009976,104.76127579581242,113.6938146323262,101.23276333272652,95.97246887532103,32.61467859717145
1446,1251.7120448862772,1716.7539895025782,0.378208447440084,-0.3339658974124524,-0.4227735884305568,49,0.0,0.009726467428513895,1.114294620999,-0.11750008516709984,1251.7120448862772,1716.7539895025782,1056.9832653975384,0.0,0.0,79.42906063166615,-48.99804404718053,99.34290730503648,109.44861501749023,82.29748805344974,72.32683467432341,88.26032753316542,98.43433136262465,87.73347386576015,88.80547840563497,93.79163484111814,104.52831366908973,105.34619865804365,26.66766201180176
1447,2365.7934029091293,1718.1546114379223,0.5441571339791155,-0.38887035577709383,-0.37841467190313177,49,0.0,0.01224988954276565,1.264198102148972,-0.2545378350417556,2365.7934029091293,1718.1546114379223,937.665738066965,0.0,0.0,78.72154497162663,-48.99665183680893,81.91595026337052,79.96048532177406,82.26444394492202,69.88863849921168,89.30819424259775,70.32569384877,77.11324126718955,84.68321899430899,89.68891625931603,85.2199227942157,104.5775239067383,22.719508724550394
1448,1102.6388414220394,1718.633722495322,0.6233079180289707,-0.036543569256828515,-0.29855919001932174,49,0.0,0.16226056302537403,22.495588250124893,-3.380243385668048,1102.6388414220394,1718.633722495322,3400.845700202637,0.0,0.0,79.52372740617088,-48.997040885208904,273.4663953268763,314.7259383253672,300.294144858339,289.091517240028,281.101259454834,286.76464243444593,326.79482974021795,288.6080698997048,295.1749964464723,360.24879416953036,298.3243340278859,86.25077827893543
1449,419.07477641857724,1722.4029807450327,0.6014103340068319,-0.29479759508473363,-0.5514703039450309,49,0.0,0.24361620771537096,33.66995318852705,-3.8181062814678066,419.07477641857724,1722.4029807450327,5205.157566232456,0.0,0.0,79.95777714235271,-48.99347023887306,435.8852835729374,445.34810429217623,457.0119156096848,474.0958885807005,465.42639643289124,473.5116319273642,472.71400515540716,463.4602940740034,454.9179459862604,460.04324716494847,433.10518200929096,169.6376714267901
1450,2661.321392822149,1722.1313771453947,0.8742459393597749,0.07359552984802391,0.08408520698516304,49,0.0,0.021905235918695996,2.166052702643387,-0.8391725483002976,2661.321392822149,1722.1313771453947,1064.3953514652542,0.0,0.0,78.53390418598894,-48.99405457241745,97.2249311968852,106.27988391775207,99.55050770589689,81.66622683455492,87.0196258143996,76.12069560646113,87.76168029580572,112.05790755385475,103.56456339991279,83.93507708061615,102.1100319155223,27.10422014359272
1451,1079.3832160851862,1724.520071353288,0.6032602654705069,-0.45673825956319397,-0.4333703542951749,49,0.0,0.04263797614572866,5.375748197662903,-1.826097294958804,1079.3832160851862,1724.520071353288,1527.8414618147772,0.0,0.0,79.53847964838602,-48.99454698719944,139.08456148705432,151.06857941186055,146.49313783820082,145.23174030961763,128.94960459727912,113.0468932165154,132.1841097221761,124.94430106014269,146.4646239218613,124.08690448300288,138.9472535743945,37.339752192671895
1452,1152.203506373607,1724.8363158656343,0.7078725806985837,-0.18960818823216705,-0.6928264989523781,49,0.0,0.014260836114353269,1.298719651212641,-0.2837885299696168,1152.203506373607,1724.8363158656343,1131.4065547633013,0.0,0.0,79.49223631072621,-48.994538228821746,105.60651863585764,121.4573575131827,107.61072527491962,99.49270320519497,94.07556222480028,74.43001177500014,89.46862347252113,88.76822948818872,108.75836591810449,104.68929164810767,105.15433626518532,31.894829342238506
1453,1177.955890215163,1725.3750299097221,0.6053180072507128,0.02205655940501003,-0.08298110039346956,49,0.0,0.021075372028256878,2.568120616901962,-1.0240385434538626,1177.955890215163,1725.3750299097221,1163.276781902015,0.0,0.0,79.47588168730223,-48.99435284506768,106.11409711206338,117.27179471827735,98.67903539568067,97.60167373657885,92.5390386527906,108.32477486117627,101.06847104051698,112.79658355466918,112.34454778849901,78.49615986606045,108.43685951452758,29.603745661174617
1454,2207.323213209594,1729.4007116627179,0.33043967621347703,-0.8844080612618191,-0.39416233865691075,49,0.0,0.010275475950317695,1.3714733577550522,-0.34296843854194536,2207.323213209594,1729.4007116627179,969.3556183540529,0.0,0.0,78.82221594410109,-48.99234498569729,97.18433991886215,87.49150262252394,83.13050148037607,86.6188339051668,84.44053612012382,84.33150000632058,91.09354228013807,81.26573564006196,81.1716161306673,82.65844683337528,88.1080130172636,21.861050399173386
1455,1293.6171563034918,1730.3267545770336,0.5725512103094863,0.4488124145183026,-0.14932035865082885,49,0.0,0.010742073856286487,1.2201011035996374,-0.21598954987565244,1293.6171563034918,1730.3267545770336,890.9937938877958,0.0,0.0,79.40242561837995,-48.992436648780625,70.03555160703525,85.37165460247653,70.91961401701029,59.72630359728473,73.84173601441663,89.0469940116109,89.59853077096274,82.51227060728588,74.29018184235294,83.04100683930903,94.00236677874754,18.607583199303434
1456,1675.6565743458045,1731.6808988210175,0.8356327214451967,0.05851796043467817,-0.08824842739837915,49,0.0,0.04886179984024958,5.346896213645559,-1.8202543856863842,1675.6565743458045,1731.6808988210175,1272.7422740259744,0.0,0.0,79.15982775091554,-48.99202667412667,112.58104841854521,100.02838793216807,110.48281815748484,104.8587825182165,116.03512228788153,99.57663455306329,130.51835647370382,114.84513590046781,103.72996637268758,118.32951848296565,131.89176391134043,29.86473901744972
1457,2598.8584178070832,1734.0077294455582,0.4271112706088361,0.09292080231213791,-0.46276267396445564,49,0.0,0.012999016446355581,1.6667124216906575,-0.554651680363414,2598.8584178070832,1734.0077294455582,1201.2551943828512,0.0,0.0,78.57362942376889,-48.98933051155877,109.0854662907171,99.16868400859622,105.23692902914424,101.93421504330948,119.95231704219401,95.62093911185326,113.47709457025928,100.08505274867115,101.13085519486177,102.52391818055698,123.62130154160573,29.41842162108184
1458,2824.97394845151,1734.3254644010103,0.4531108391480912,-0.07534636244257593,-0.3656537576736898,49,0.0,0.009009883100021312,1.2477750320530887,-0.24034072789915695,2824.97394845151,1734.3254644010103,793.2965808291533,0.0,0.0,78.43007195857427,-48.98832254625502,64.18550261178069,67.86288058582542,55.40088080564301,80.82758436943216,72.53562467382508,62.852336647642375,65.38233233746595,79.55660037572117,71.99386708011829,86.65489662285705,72.87394856550225,13.17012615333988
1459,759.8918532185137,1734.8371968575545,0.5390622771125518,0.3105780499078344,0.13773434955671165,49,0.0,0.017984618951748303,2.1830942302602714,-0.8476812045944744,759.8918532185137,1734.8371968575545,1045.6200140530643,0.8234820294050509,0.0,79.74131212801754,-48.98949030513175,85.18631056024174,87.25392799852602,91.20032842600048,103.44826866640773,115.25810218725891,90.61384638404179,94.84018544505281,79.80668579455292,95.66083944375444,90.18828101740645,82.54541660083333,29.617821528987733
1460,1874.3812443476788,1735.2030873772483,0.4926538392769138,-0.4202049321580961,-0.5432127515314056,49,0.0,0.011523700962632222,1.3940293920925126,-0.36067982660192843,1874.3812443476788,1735.2030873772483,919.2562154807954,0.0,0.0,79.03364251231754,-48.99043824948613,53.44259698927249,77.83355213862177,93.47342455912846,75.09854170295732,76.51443708412025,78.9808377890918,83.87935385481464,75.57266182728955,84.01750376235177,82.79308538645567,110.54793452180829,27.102285864883427
1461,2591.5661635997126,1735.0605127899087,0.9682079468056006,-0.36706652256225153,-0.49323355249352396,49,0.0,0.02116252496511376,1.7247529433000544,-0.591817236862759,2591.5661635997126,1735.0605127899087,1218.0431323326693,0.0,0.0,78.57826492366318,-48.98891715219992,114.48066733531135,98.41612541026973,97.8607291973319,96.15894560009053,122.35633077983178,93.5466752309051,92.394938080614,128.03617486747177,111.24245701080135,118.36526998019629,120.04277272841455,25.142046111430858
1462,2801.487876880629,1735.1886680908246,0.6534973126313768,-0.19323951723672086,-0.2912501983449511,49,0.0,0.19488159013090736,26.283843895233414,-3.5492221979207517,2801.487876880629,1735.1886680908246,3677.615989443271,0.0,0.0,78.44498818478024,-48.98806214290081,282.9287358932358,327.1175320407659,310.7443118749811,327.28838492829834,317.39999412938937,379.88357638697266,308.1448991609658,356.98153160262416,321.44584382264486,308.429682458039,340.72059208164546,96.53090506370854
1463,2782.709845982598,1736.4391596288115,0.7722386964640507,0.22630408594683596,-0.3378734412997292,49,0.0,0.010970152545292688,1.0368183837082106,-0.039256722551468795,2782.709845982598,1736.4391596288115,904.9345621300832,0.0,0.0,78.45691772924978,-48.98761910732079,81.82680907814287,86.54028115734484,83.64767739122908,60.98196672406652,78.53484518563457,87.19799671431821,72.7595317487865,81.71225443859441,57.304016953138536,88.8576527746107,96.58489503760005,28.98663492661694
1464,1198.715940124711,1737.0613351165157,0.6422241483315839,-0.348342660316368,-0.23999380658087938,49,0.0,0.026042909782991633,3.407663707562227,-1.3311418223695668,1198.715940124711,1737.0613351165157,1119.047158165259,0.0,0.0,79.46267360297601,-48.989513423422984,89.62150503584033,118.89038606880123,100.73009930300734,87.19235476024797,88.46573931395174,97.0039799114967,123.85323148568337,89.0047037383688,95.88451663032416,87.25431938913464,103.7345398899387,37.41178263846394
1465,2861.5793939307564,1737.3193633702451,0.5348378752675778,-0.10326655076332117,-0.26831727608323375,49,0.0,0.03726167773052439,4.845942386179047,-1.7134456161704223,2861.5793939307564,1737.3193633702451,1599.4718276479316,0.0,0.0,78.40685235327224,-48.98691671678775,133.71862509789023,125.97318994790992,139.5678700516451,142.66964197244556,148.1864557901275,172.35603725372107,157.69489127099166,143.79337957981886,125.36646173765263,136.36755593927182,135.78094832410298,37.996770682354104
1466,1837.3627293536872,1738.49630606503,0.6160832514743725,-0.1718795837184179,-0.004853249064502804,49,0.0,0.20277124538689767,27.70587884417086,-3.6064298268750985,1837.3627293536872,1738.49630606503,4133.5972784999485,0.0,0.0,79.05715266813627,-48.98909902205776,318.0886903638155,351.40124763004883,353.2261484044358,338.6583386965293,389.93732813399356,366.5266488135436,375.434066538915,383.0226620258359,416.16247531142267,348.78276181873537,383.02344895159865,109.33346181107379
1467,1210.0536354758744,1740.649550278652,0.2014936421930121,-0.5840239005599905,-0.2470679668487292,49,0.0,0.008685529548042583,1.308173158639931,-0.2916630848645131,1210.0536354758744,1740.649550278652,1033.2608012226326,0.0,0.0,79.45546714257367,-48.98803399783096,87.09865915697097,105.04669990206494,89.28471902954756,87.69965692578114,82.11482181723807,91.59748873191448,91.00981083757827,76.60171206993547,89.4536207396605,91.8123162875444,114.02206082359193,27.51923490080485
1468,213.48469542927012,1740.9937935145053,0.3605649011202438,-0.3013090155906,-0.6548341495273675,49,0.0,0.011835038288619378,2.3113593267320276,-0.9096686666901453,213.48469542927012,1740.9937935145053,1483.9234274992787,0.0,773.1697086000927,80.08817420467747,-48.984804989416475,149.83351418898388,173.85588888473563,118.10845414389306,124.44720907114802,96.22416527166973,106.48978754653689,85.25958514743316,161.7796404480206,189.3786543812705,180.20729026158267,66.54973524552872,31.789502908475583
1469,605.969060300047,1741.9533608191866,0.433550238555952,-0.22364180025687952,-0.23619579216525768,49,0.0,0.007941659568750576,1.001833635465428,-0.0019890213978389026,605.969060300047,1741.9533608191866,848.2378561847204,0.0,0.0,79.83900334185836,-48.98603332475523,71.28624554976957,65.77434300999897,83.7971513710649,77.66883263929779,76.77693567986219,80.82488162151155,77.18326246120111,72.69949043724932,72.79416427801675,71.21496333666225,75.97521223054417,22.24237356954174
1470,882.2603681917828,1745.24428371103,0.5868891606238503,-0.11802936980990596,-0.2890420896728604,49,0.0,3.8335373126010523,557.092961292738,-6.864819178274639,882.2603681917828,1745.24428371103,66036.31805748321,0.0,0.0,79.66357581606022,-48.98548648546472,5325.004714665707,5919.372934324842,5772.456739960532,5738.561674530789,5820.573790913147,6067.243280554909,5917.550917700004,5825.282114529834,5931.274568907034,5943.315198810573,6037.6521033594945,1738.0300192263571
1471,2008.5654311672538,1746.4952876300326,0.3026368496477802,0.03684351516843834,-0.10136972403168108,49,0.0,0.017616783730737627,3.2735378738447767,-1.2875434248577644,2008.5654311672538,1746.4952876300326,1161.8280453681225,0.0,0.0,78.94846329743703,-48.985573791768005,102.55194779907347,98.18918568437763,103.36729484033089,99.80688640124559,106.84269554029402,101.67629922003596,107.75466422662583,94.61666191602703,94.62590367431964,99.05905476414992,123.64111900965685,29.696332291985573
1472,2368.9877155968725,1745.31091500972,0.4859310783112314,-0.268864796221287,-0.31645218398710195,49,0.0,0.032926907047280296,2.7562306827304957,-1.1007889075849318,2368.9877155968725,1745.31091500972,2432.3077160819093,0.0,0.0,78.71962740397412,-48.98532859379745,182.23412758568497,209.45543255330244,206.44964623447328,208.31548787209553,230.9759187702,224.5433198472411,202.61765244001072,202.53560438460093,233.53164570910408,234.2127947218947,231.96913012943344,65.46695583386817
1473,508.0446280568961,1747.6133825485438,0.544427350107965,-0.1486303658757249,-0.34237570824212454,49,0.0,0.5081616342622375,76.01298232482544,-4.702219430390598,508.0446280568961,1747.6133825485438,10013.457826075828,0.0,0.0,79.9011391936211,-48.98331917397333,817.6313657497119,898.0251192043139,862.0454768515859,873.1981211608222,898.7667117188171,906.9993373644842,892.9653676735495,880.4052794384429,914.4696825367644,901.6969072953434,910.8635395687618,256.39091751323156
1474,2073.099461290007,1747.7883126279773,0.5475806985850624,-0.15779250826868285,-0.25224862122254826,49,0.0,0.33751951353703985,51.92219701977649,-4.288382651958555,2073.099461290007,1747.7883126279773,6420.238140143485,0.0,0.0,78.90749325864387,-48.984936039463975,560.4466698072652,564.7130315556619,506.63005095751294,553.3746908614712,571.2795098587183,549.2338832603255,605.1136094268883,587.6875688389466,573.8575238264257,588.3997740694793,565.0042336311025,194.49759404968887
1475,1222.5012750045776,1750.1462696498845,0.42053377163306727,-0.12877153554057946,-0.256924458958826,49,0.0,0.09452401706014198,16.282603104528047,-3.029309592224439,1222.5012750045776,1750.1462696498845,2812.229053111223,0.0,0.0,79.44754450740137,-48.98409373440076,237.44925229827822,235.13435652193755,260.7475400105878,219.6301751199121,237.96532844558644,254.0323814981751,238.55152201146672,257.3754008820562,281.1725860788249,260.50460394287666,244.63901229499356,85.02689400652794
1476,1721.877932163205,1750.6859577561381,0.7836663985918608,-0.3013088217508245,-0.09769462502657769,49,0.0,0.020486280366647666,2.22766684197069,-0.8696256014510098,1721.877932163205,1750.6859577561381,978.5163986176342,0.0,0.0,79.13048931493766,-48.984092087243184,99.72826231057645,64.02694826925489,101.57447693616959,90.58854500838709,105.67437443800796,89.84137884177707,89.77724513958822,73.19537868909063,93.8147465556417,68.73048742882618,81.40009044227673,20.16446455803767
1477,1727.799442911755,1751.0076898050638,0.7862880810203049,0.49339485185708454,-0.356387960768179,49,0.0,0.012240860346771557,1.1943542362499229,-0.1928328857272511,1727.799442911755,1751.0076898050638,1035.5045067304843,0.0,0.0,79.12672995688216,-48.983955467523366,98.14584637496199,56.5688948140152,117.51825015669056,99.95990318894891,100.47112432317675,92.50837097967907,102.81323658341745,83.38206026183053,98.18893793413143,73.62964689675586,90.72548666775648,21.592748549120145
1478,3015.1732965296046,1752.0703364895849,0.5844864258296552,-0.5567832681912909,-0.45010437716502577,49,0.0,0.12685260215408015,17.354702682018647,-3.0985429445194805,3015.1732965296046,1752.0703364895849,3337.0077887948883,0.0,594.904702849775,78.30945659239755,-48.98005537036781,293.9689347002665,296.9100358735285,301.49182471711805,305.90497331200373,273.78078993607227,313.0877988590845,275.59110447058225,300.36238762591563,298.59862259340235,295.0923188058183,305.0747748690676,77.14422303202917
1479,621.734875174348,1753.4322169706327,0.899871588565994,-0.02029744882652421,-0.031112857964187064,49,0.0,0.022130531649983125,1.957092339618099,-0.7290282926076058,621.734875174348,1753.4322169706327,1013.3013833627347,0.0,0.0,79.82893435596604,-48.981304946994435,92.38409550140051,99.04413352701764,79.32414158413172,96.72729300957735,90.09592308268742,68.26037658795633,97.18240777743112,100.5775722042118,85.54040841593061,88.65307905806335,92.4908029915571,23.02114962276975
1480,1917.5326986231703,1752.6431828280922,0.410866797773403,-0.5087771790062373,0.37713231387244783,49,0.0,0.03734826700045384,4.9768500888113785,-1.7423863981316423,1917.5326986231703,1752.6431828280922,2600.0736086169527,0.0,0.0,79.0062716655095,-48.98312717035221,244.8168444643249,231.64441211236982,217.20399279794862,221.87076998704904,226.4080166126459,218.85809346134627,244.2018191963902,215.48067839847957,222.1654245958114,251.8286961747176,229.91566132279664,75.67919949307287
1481,2254.960220326855,1758.192441264267,0.9146403384172982,-0.16038140559288508,0.08852523954345187,49,0.0,0.012171839240895297,1.0798178434307986,-0.08337624921495093,2254.960220326855,1758.192441264267,805.0277229732978,0.0,0.0,78.79206730064196,-48.98024407389773,68.26485230735048,62.04897482291426,56.471277559518896,71.46541815669525,69.72455363334343,80.24916745956739,64.59398533291062,49.88641504291409,81.29000759347994,91.2741851510632,79.13533718970501,30.623548723835256
1482,212.26586979072903,1758.2654624064253,0.9176271744680905,0.7482963073046052,0.39278739258937817,49,0.0,0.013189083943699496,1.2364234273229897,-0.23041806332673972,212.26586979072903,1758.2654624064253,1642.774274036873,0.0,658.3119911137009,80.08882054608218,-48.977603429937766,155.04740663611938,113.04642048153708,114.68661529248288,217.88966405292553,117.92592311155968,229.11638059790852,91.13551837934205,74.8481696848487,79.61627111764534,193.14810914022328,229.07601090127622,27.237784641004563
1483,2496.2317415909283,1758.7254118002318,0.505412833757539,-0.23499034542051692,-0.34041741613124565,49,0.0,0.026381282217335118,3.927506687756288,-1.4852923330726302,2496.2317415909283,1758.7254118002318,1120.7941667512382,0.0,0.0,78.63890692189209,-48.979370638814444,93.36045950600445,114.18438781769416,97.58806840594403,104.96724691733681,98.3320466562163,96.08617624073757,89.79929682274414,99.16686808718899,86.43791701828133,109.32285768204167,94.48223398628903,37.06660761075986
1484,1309.5773989895438,1761.207715743593,0.5533112425198057,-0.21009730735221457,-0.2220481865148679,49,0.0,3.8124892695957935,559.6372262835805,-6.869766488601567,1309.5773989895438,1761.207715743593,73008.04113941312,0.0,0.0,79.39224306298753,-48.979586287267246,5972.917875998901,6571.269853838333,6357.279451295237,6306.186336470224,6577.986278297012,6575.874845911736,6551.138619684218,6564.152036824924,6673.812026405052,6524.227757788263,6458.789127575894,1874.4069293233395
1485,1875.9802488599119,1760.7570388287377,0.5326113740328217,-0.5516662314655953,-0.03357315685375813,49,0.0,0.0269699188575932,4.045050228227673,-1.51730979676608,1875.9802488599119,1760.7570388287377,1023.4751860263655,0.0,0.0,79.03266458413114,-48.97978930119975,106.35104945340993,77.4529116830674,79.50628153559309,86.66463504930675,90.15279072819563,90.57640231461747,88.70567665224038,74.08354852961091,95.90991898769269,87.12147242265573,114.56346789951624,32.387030770459305
1486,2034.266079751811,1761.1690271708812,0.35745439690542913,-0.2791131326122019,-0.6260708750954003,49,0.0,0.015461200358140022,2.507384058363068,-0.9980521508639575,2034.266079751811,1761.1690271708812,995.4304577045955,0.0,0.0,78.93217948817286,-48.97942212373433,86.24670553542438,75.48021911704309,81.52446495397118,77.40162177675509,98.96855260024478,88.13976420127577,95.86015110279178,81.40447161534676,93.46600515714317,107.32334098313783,82.53075977588206,27.084400885579527
1487,2718.1189697408436,1760.8442342753267,0.5743718178234789,-0.14133078828302367,-0.10636852422165531,49,0.0,0.02806958246216945,3.7613875037923186,-1.4383701934932747,2718.1189697408436,1760.8442342753267,1145.5372663704995,0.0,0.0,78.49806978661128,-48.97770988638998,92.03274237307886,101.70149238690931,111.54477232290733,105.915228216923,97.84991379971424,94.28164626900255,98.73114571467082,94.68917489307503,104.87497280858429,107.29179647317775,105.23849413128312,31.385886981173257
1488,1236.2941131109642,1762.2477909307363,0.8023487803625879,-0.5954038724858852,-0.47792925522917273,49,0.0,0.015447217249214164,1.4627796078694308,-0.4129472433783222,1236.2941131109642,1762.2477909307363,1130.0252884735853,0.0,0.0,79.43876409028638,-48.97906931311311,99.84913337869938,87.6012450617497,101.70147511166812,99.8557063003067,99.86564689972037,91.64366678157597,92.55041926554728,117.33988550248674,117.68952840159851,87.00853186080067,105.94400354832064,28.97604636111121
1489,1779.1469741686533,1762.2981136657493,0.599805449003167,0.13401589447816364,-0.00832461779493341,49,0.0,0.042547389883232464,5.726970326260359,-1.89481233216137,1779.1469741686533,1762.2981136657493,1389.9404849271598,75.11118230517384,0.0,79.09414017218201,-48.97922377552556,94.16774008345999,103.01317667065169,113.76824729630567,136.24239423123396,130.99469793382116,123.6262588065168,117.45742548545245,134.99896114154475,130.6025559458004,158.11161352863672,110.78073230176122,36.176681501974905
1490,1977.4901711656348,1762.2593293176678,0.6087946407787084,-0.027261769831621936,-0.23822813527935088,49,0.0,0.02700131038911135,3.6060058056677327,-1.3925660540021685,1977.4901711656348,1762.2593293176678,1073.9511401711834,0.0,0.0,78.96822495546722,-48.97904800310216,87.27145136169216,85.51293678101099,89.5244689691257,94.81285114387492,121.90332005889894,96.15486779507839,92.88128292656197,96.35701107218404,93.25977114372506,101.51019897155464,89.97943553634579,24.783544411130684
1491,2422.5794152191083,1762.5775322766547,0.3889695631352761,-0.04959908501838433,0.6123821187073671,49,0.0,0.008205446723353518,1.2243648097080844,-0.21977709688768274,2422.5794152191083,1762.5775322766547,832.4075346416746,0.0,0.0,78.68567841731686,-48.97798599680293,93.44609838971667,76.15379554275891,76.01126361868586,62.19163403099091,70.74688841304695,59.86209465628919,79.86854812299461,71.5461746144772,66.32999662235862,75.32601410864865,68.27851046126241,32.64651606044477
1492,2669.7982723836635,1762.7579436629956,0.5612792681373594,-0.08066548397740296,-0.13759781764747822,49,0.0,0.15021448678495342,22.863298420980037,-3.3978472124245545,2669.7982723836635,1762.7579436629956,3143.971163552702,0.0,0.0,78.52875248353243,-48.9770965822612,263.9819274828981,279.173659603067,282.4145262289326,264.9067234165647,279.16352165770354,254.97802975704354,285.4663343690341,279.41038375438853,279.7846834483642,285.8688902668391,302.0113934418987,86.81109012596775
1493,199.95425724688542,1765.9763562680148,0.9270036463412669,-0.0256649264387087,0.4627696383301392,49,0.0,0.07770229284774538,9.12618736258234,-2.400723451717384,199.95425724688542,1765.9763562680148,2510.5948706960507,0.0,500.4153470198969,80.09657750228197,-48.97433116275495,247.46994418190394,555.8392017965932,76.15404780838841,239.2393734718573,322.3592725543988,540.7735968460614,154.4704580501604,56.37850535427077,76.29536734251373,150.78990390908098,60.620455916346714,30.204743464475104
1494,861.411673346981,1767.2689704927518,0.5244904085806004,-0.31115740295704436,-0.13373915056233118,49,0.0,0.017397235475663887,2.4303246589229754,-0.9641607335437563,861.411673346981,1767.2689704927518,1064.6003499695125,0.0,0.0,79.6767259672709,-48.976256927277035,102.71699380017367,94.6065880427158,97.94847876382062,105.75746361741803,76.13379192183561,102.64391771744513,94.8784332094757,91.21724137680631,98.00861796413031,86.78260336437572,93.17720673308898,20.72901345822648
1495,1171.8475354421141,1766.686134344197,0.6853175179621409,-0.0520341533613311,-0.22884969359440518,49,0.0,0.023923282769400395,3.039236754872628,-1.2069113317478821,1171.8475354421141,1766.686134344197,996.766217903082,0.0,0.0,79.47966653639351,-48.97713103875954,70.31876513384427,95.02201967760845,114.66599223362388,90.4181603790471,85.71004724046693,82.66505424993574,76.93225801154334,75.08702193242563,91.60370375895573,99.73631037558307,88.68864875336948,25.91823615667841
1496,1638.091900665461,1767.2140867731243,0.4599994195419633,-0.007273137837518308,-0.08854451724225747,49,0.0,0.008125268562194048,1.011179190620115,-0.012070308863162309,1638.091900665461,1767.2140867731243,842.2930240860271,0.0,0.0,79.18368854346426,-48.977228577431966,88.94447925990006,71.7269676656227,83.72787564419559,63.68014053634295,76.09949282242572,91.02193708002707,67.9045249629561,69.03427204016182,70.82600138507229,70.48306418671007,60.2078513666343,28.63641713597854
1497,2709.2237710533686,1766.4140420104657,0.5254566672183819,-0.06732044295241535,-0.19329758911502207,49,0.0,0.012009237718278451,1.4179161366992157,-0.3791263626503717,2709.2237710533686,1766.4140420104657,927.6452797315744,0.0,0.0,78.50374883337145,-48.97542379746984,59.15023991929426,89.58429165122467,85.80646687996142,81.16558657958217,76.2985475696918,76.86689335708067,78.37972698099593,89.79657161393436,90.96151295993393,85.70294551347214,82.2424645374686,31.690032168934486
1498,1658.1113789412732,1767.910390078944,0.2268132083083512,-0.2265998792303362,-0.3770806886767862,49,0.0,0.00707929437336018,1.1421606447339265,-0.14431797915919037,1658.1113789412732,1767.910390078944,873.6899150144757,0.0,0.0,79.17098009841567,-48.97693513246595,92.35230783600315,75.15069092297392,74.91554239582567,75.43972842707456,75.95591144312485,71.74841060304963,88.00703645863207,82.84402751054697,58.922319587136634,76.42311143126776,79.53593016710701,22.394898231733404
1499,2301.0073967114918,1767.6556781443303,0.756530366680457,0.06798677423957802,0.07457883615277361,49,0.0,0.014389632107013885,1.2592111600939926,-0.25024641020615296,2301.0073967114918,1767.6556781443303,939.4308390265185,0.0,0.0,78.76287052524029,-48.97619252051595,79.862542484169,73.81517040618081,75.16924747670873,87.19502068116581,109.05775714127276,68.45785861149108,92.60379664537858,85.73351935149411,80.39768421085367,95.39351715296628,71.79629442173336,19.94843044310441
1500,776.954384180133,1770.2447842850543,0.5419042726666783,-0.20330603187553517,-0.30767537405306417,49,0.0,0.016155464961106102,2.0823437796250226,-0.7963810747868733,776.954384180133,1770.2447842850543,954.1420364612059,12.227730066355491,0.0,79.73032364421259,-48.97478724448447,87.29068655016393,89.78141783743214,94.34129706629233,77.73165861486768,85.11249830641678,84.22594117359375,69.9765054250272,92.49290885722561,65.9370685979529,104.18934633360675,88.48964093658383,14.573066762042926
1501,2464.751254799563,1770.4065632822817,0.6248334730778147,-0.32982730963424106,-0.2592073263645602,49,0.0,0.01714336786907795,2.08613827078373,-0.7983577260079813,2464.751254799563,1770.4065632822817,924.035791103197,0.0,0.0,78.65894434583252,-48.97460021180632,64.89495049996596,77.13112730272233,78.79223036667977,63.19063159787173,92.67071117818463,90.6225592533782,94.19677477535754,76.18242404351085,78.52748495771202,91.9989678513555,96.32818885756143,19.49974041889692
1502,1231.4840608639583,1771.8924812449086,0.7379506314733911,-0.3254742903637953,-0.04689032335681826,49,0.0,0.012582209756243735,1.1381603702475063,-0.14050864945018332,1231.4840608639583,1771.8924812449086,1039.5270276155,0.0,0.0,79.44179875390074,-48.97504458949048,94.12629643500293,84.1141742653968,95.00359789776897,82.63894615480203,83.83972025804508,92.63402166757953,97.63689623921238,101.17216506941588,81.03484080322723,108.51501701075212,95.3529601255113,23.458391688785703
1503,980.6025123964249,1772.0525180981156,0.7813139534956107,0.001750040743800351,0.11165212290307579,49,0.0,0.01296817069820952,1.2054385205961449,-0.2028626638124862,980.6025123964249,1772.0525180981156,903.2414097230533,0.0,0.0,79.60105043854443,-48.97454589610264,71.70644391904298,81.82699321688439,81.53561752451529,61.51885517224585,83.32895262166157,94.11500869689044,103.21457350847348,74.90620252400848,82.97173311564157,81.57871691177836,68.224308019066,18.314004492844724
1504,947.1721837924375,1772.6302870020636,0.5706573266378191,-0.1910540336221433,-0.19369732458738328,49,0.0,0.20435795251419145,30.687437765266157,-3.7174015717752344,947.1721837924375,1772.6302870020636,3961.357414293334,0.0,0.0,79.62226858703984,-48.974231050506106,320.90805109628434,345.2412181158326,330.9022594045624,332.5514710802224,354.9603058378801,378.84557810287777,320.90281081765727,358.9421883209313,386.53275431797147,334.2005756855524,405.5498204093618,91.82038110420092
1505,2526.4969046064566,1773.6868155418524,0.5751774509561304,-0.2774771256683234,-0.208763146592616,49,0.0,1.3390555625427651,200.38554538608886,-5.754665977301057,2526.4969046064566,1773.6868155418524,22436.428685911378,0.0,0.0,78.6197683271223,-48.9730410401745,1853.1626368445318,2030.812749206223,1888.09307954116,1954.095153427804,1960.8668486628467,1965.9752009681977,2002.8222272061591,2058.0706467616815,1998.761156478867,2020.9412724945846,2104.587513512953,598.2402008063673
1506,2724.6260554783703,1774.1559799835609,0.5552496709918392,0.014678161021692131,-0.3606509639084668,49,0.0,0.021161200087348436,2.726330986558927,-1.0889464490971044,2724.6260554783703,1774.1559799835609,1070.3631559015453,0.0,0.0,78.49401888558951,-48.97213836277501,110.35428492225634,92.00185729342846,95.51243123405484,80.24729395359849,90.88812257154034,87.8673260122604,89.90617313506567,98.11696862176652,91.41323809448507,89.95468829766116,117.2353058003335,26.865465965094472
1507,1115.7218709622339,1775.4076056947667,0.5999898144892082,-0.1661667078483935,-0.10357566551757488,49,0.0,0.01046245029861958,1.0751704602378198,-0.0786933096335071,1115.7218709622339,1775.4076056947667,939.6649011220555,0.0,0.0,79.51527272759924,-48.9734078727966,74.26445436301844,81.68637200044328,86.89940591202871,84.77284976944412,88.56251777649263,83.4310146375349,84.86540287849942,81.97466714826821,85.33816916386333,87.7039154049528,81.93948244093009,18.22664962657951
1508,1297.9623807565351,1776.270746771881,0.4720772784016433,-0.19676322406029784,-0.32682351857862446,49,0.0,0.14652082877045372,24.059978498488924,-3.453238087227792,1297.9623807565351,1776.270746771881,4035.900424907039,0.0,0.0,79.39959253307303,-48.97329806415219,342.2873993617333,352.8727417733378,359.2390822943931,334.06157954888795,341.45687477210447,346.0815343550378,368.72810825807113,364.7055054934734,354.2233637092802,370.57169201221274,381.14670195424753,120.52584137425963
1509,1928.5342999429809,1776.2678508330828,0.9645303661839143,0.484903353308075,0.11420827577784763,49,0.0,0.012262136269214644,1.0046149355732554,-0.004999076278993111,1928.5342999429809,1776.2678508330828,810.3374982396653,0.0,0.0,78.99932809125315,-48.97327127657766,69.76027545787466,76.1357686226379,74.42084150574208,73.93272915620858,56.188133449869966,74.74719899633689,75.2361343792405,84.90852529431587,65.06387051987234,64.5445731498043,79.81849711222112,15.580950595541035
1510,965.487824706334,1777.1846844230681,0.5578563458560032,-0.3436788497109418,-0.5392013445858822,49,0.0,0.035392661975482805,4.821966271177946,-1.7080604205927359,965.487824706334,1777.1846844230681,1288.9299549298576,0.0,0.0,79.6106273055628,-48.97237452252037,112.92445804180835,97.86064545683513,118.18356585016522,124.68435671545014,121.4673233878714,114.8951385675658,105.17405168943306,119.99104388532261,119.44886829316681,102.96877770467476,113.44337708044849,37.888348257116
1511,1868.7554686865813,1779.8978083980821,0.528243561523806,0.007221957359355167,-0.13248516914267294,49,0.0,0.0959497074201185,15.039748049207166,-2.94310140218235,1868.7554686865813,1779.8978083980821,2272.3694911980965,0.0,0.0,79.03727846140269,-48.97182086966963,171.73547659045965,213.88802990119154,196.97408693151726,223.59920006894424,203.23311324565793,206.75399119271344,211.7238872177134,199.1126108188223,199.70092611387005,197.65084886128102,191.4131592950369,56.58416096088865
1512,2327.3577986810783,1780.0313404751048,0.8185561783679053,0.10070291564018276,-0.26222602571482884,49,0.0,0.027732726221572416,2.82788239723546,-1.1286533613856249,2327.3577986810783,1780.0313404751048,1081.1906627583744,0.0,0.0,78.74619178197977,-48.97097067532769,81.13689724489663,109.68259729388245,99.66513720685603,95.64346890163517,103.4122158470457,97.38951094494226,88.03540514324096,77.90428281026938,105.43848365372612,90.67194335150435,96.47999446342435,35.7307258969511
1513,459.8987785199873,1782.4355638878285,0.5757031847195992,-0.29028669444490296,-0.2868672903918361,49,0.0,0.01604074940914707,1.7025518607911079,-0.5777508741674485,459.8987785199873,1782.4355638878285,1166.970859860739,0.0,0.0,79.93149226950959,-48.96862385700392,84.74523953272504,117.53936016788082,104.12329997149004,93.40565362362452,102.86914606571546,111.45141914883786,89.80515603698574,119.63412240739923,96.69344581291276,108.31414145566407,110.3661525693883,28.023723068115103
1514,1561.1053258792704,1784.2704567881133,0.4836373469796157,-0.8426741449519972,-0.46722671098155266,49,0.0,0.009078869518465729,1.0732980039509157,-0.07680080422220006,1561.1053258792704,1784.2704567881133,861.0171272079173,0.0,0.0,79.23255719119734,-48.97012152712573,73.4641459673397,83.03908563186495,69.64736825592857,76.72145993406501,82.64073265533256,74.36336329338567,67.7544754853915,76.61307170078784,77.0601308912037,95.94491522291511,64.84822800822403,18.92015016147863
1515,603.1930431473866,1786.083045208965,0.276178247205818,-0.1918169069707232,-0.18062869046287214,49,0.0,0.008916422286127424,1.2169183622716455,-0.2131536107268324,603.1930431473866,1786.083045208965,951.8822418380219,0.0,0.0,79.84053198667547,-48.96763747456724,88.67902516465455,88.62769329227132,88.89755548985084,72.80132043297823,79.44147325279252,82.30145464000645,94.39975597040274,82.27474107683122,91.40697242470699,89.51707052306519,69.39368860114894,24.141490969312887
1516,1947.7664308335472,1786.3187597676351,0.45708580275626326,-0.03692899756800841,0.09873843618736541,49,0.0,0.014400736878756659,1.7275857600249573,-0.5935990390752706,1947.7664308335472,1786.3187597676351,1020.4071486633006,0.0,0.0,78.98713888116268,-48.96906082231375,77.83935493800277,90.02475384980299,98.17048731143723,89.36320432913465,84.19775913452058,92.85905254776691,87.54695639833446,90.93706285206153,98.66812302047497,101.38296366928087,82.26645237707291,27.15097823541076
1517,1527.8318979483818,1789.988249444176,0.6066232425362394,0.6763341867889126,0.5396869903364394,49,0.0,0.01714529718674027,1.706596260319385,-0.5803269740600857,1527.8318979483818,1789.988249444176,1125.1537599036687,0.0,0.0,79.25367442769128,-48.96773262692033,83.4573618077864,111.33918981321182,101.13973678626918,92.53298558753127,103.6424207610334,103.32677942482395,103.11673318240686,91.14437386414716,104.08542485971972,97.84210152959955,98.50260972812897,35.02404255901055
1518,1706.3846948046166,1788.6911953467438,0.6374039690902986,-0.2705702296139116,-0.17459120191162436,49,0.0,0.17450068698135976,24.111643366559676,-3.4555670285054574,1706.3846948046166,1788.6911953467438,3385.636404165257,0.0,0.0,79.14034737216338,-48.968262739772065,299.6060742675019,270.40705677193705,304.65235596752086,303.4350724730066,317.6247292722403,294.4064445127427,286.33872067669495,295.7148359168817,314.8105182959571,322.65464502097535,292.14500832022156,83.8409426695764
1519,226.47654506619935,1788.5217824203285,0.3086135159228096,0.5444198139443535,0.8531415345302023,49,0.0,0.009194685701132741,1.3109663362145167,-0.29397884939305147,226.47654506619935,1788.5217824203285,1400.1960602392146,0.0,807.6678855860534,80.0795800739248,-48.96506646463513,115.12576951247347,131.41828749836256,113.89091751882106,174.88476818150298,111.53163090207019,132.37994002072216,128.80710976409424,165.24132825012475,87.60633081444047,89.87167451414291,128.3247694443906,21.11353381806915
1520,538.6825668642012,1792.0224721790355,0.30908275068213964,-0.3185941100386466,-0.4916993360798173,49,0.0,0.020212441134351895,3.7318154413682447,-1.4298003934355377,538.6825668642012,1792.0224721790355,1231.7645118338478,0.0,0.0,79.88143891767834,-48.96493165504472,105.03767488857511,102.31388653999348,112.82677537712016,118.70263609483355,101.13931470080809,101.10852861538352,115.52269437255103,118.09921930179308,100.74403009109685,109.42148689853215,109.8672912015388,36.98097375162206
1521,1057.7549898109603,1793.514288806128,0.5013418588668165,0.2171240706382352,0.0038095512299812957,49,0.0,0.012223664854299394,1.239189177439607,-0.23284402955302055,1057.7549898109603,1793.514288806128,1266.511502047694,0.0,0.0,79.5520150615672,-48.965759862011495,100.08663896832915,100.32431600162376,102.29294859895305,103.88434149880734,114.10582240870227,121.48831269414916,117.93493082431334,123.69337659766344,131.50965160684117,110.94072088376768,103.54305822990172,36.707383734641965
1522,841.9794794800898,1796.2277894483364,0.4372916221336114,0.08677935970975045,-0.17493321778212967,49,0.0,0.010090171329767974,1.2194998790383904,-0.21545440393072413,841.9794794800898,1796.2277894483364,881.1105019011479,0.0,0.0,79.68894431117702,-48.964140523982785,79.05626289231444,70.61921178697332,74.40666089281352,80.22813278944818,70.2610838609491,79.7229728304765,64.55282685173685,69.84792752661164,90.09719354536544,92.32128950270061,88.3342158886958,21.66272353306251
1523,1088.0335430875405,1796.4121991020625,0.5817720422278678,-0.14685955318356977,-0.17525494210234585,49,0.0,0.09113104038553958,13.600347046416061,-2.833874976517537,1088.0335430875405,1796.4121991020625,2066.6354426870375,0.0,0.0,79.53279078776578,-48.9646080380206,169.03643033354933,183.75185890451684,183.95103753885292,163.4287749966751,183.49436916553043,205.25163327462374,174.76883004560753,181.11483338180963,180.11177032008464,202.597384325446,173.04233949700358,66.08618090333776
1524,1387.070104086964,1796.1676971267334,0.6521126819760613,-0.19041485915619513,-0.31952457774388926,49,0.0,0.06550222938002372,8.535168397470189,-2.328030235235142,1387.070104086964,1796.1676971267334,1637.3263373745233,0.0,0.0,79.34300783122738,-48.96508776163316,133.22104744144556,152.5183480145387,138.0826184639266,158.55425162704188,144.84775025654608,131.3370000394261,144.42047641669095,164.74494107939233,170.47562121180545,124.69139810955784,137.07761881778242,37.355265896369296
1525,906.0542499982885,1797.103198784137,0.8682413638293959,-0.18828633211125426,0.09525776823078637,49,0.0,0.012915561736911984,1.195367526393992,-0.1937536338063558,906.0542499982885,1797.103198784137,910.7871168424856,0.0,0.0,79.64827797683424,-48.96393782966076,69.70344427147202,82.06920610958176,75.3387564018541,73.74723383729552,90.04739086647376,61.23764663433339,84.1345493182906,78.58847662650464,97.2043823368252,84.23075546919839,86.44512231100038,28.040152659655945
1526,1619.9693382247076,1796.8920898221882,0.28074592917037056,0.27939624866487484,-0.11484438093938908,49,0.0,0.007124824121313721,1.0279438527792513,-0.029923484376539723,1619.9693382247076,1796.8920898221882,811.9879374284601,0.0,0.0,79.19519608227101,-48.964864565552766,70.87503271416593,70.23687636511949,63.56880917677836,54.8804173332578,84.18523725757268,57.53893277768143,76.44244787608662,63.530397384138176,80.91921761874977,97.26303524633379,68.17511206226192,24.372421616314288
1527,2513.629859740979,1796.937601644419,0.4705952153681513,0.2475935582690073,-0.004480254688118914,49,0.0,0.0131939386056797,1.9031255832064229,-0.6986686185026763,2513.629859740979,1796.937601644419,981.5109992726574,0.0,0.0,78.62804796148163,-48.96339492857535,76.03329279998336,82.38976658610841,73.09534474686832,101.64352231512518,84.48619161618467,104.05297411177337,80.07366347681551,65.47074211432044,90.60198854796124,92.45961786279115,101.17876367489407,30.025131419831645
1528,231.9064358623526,1798.9904541521475,0.4796348569681993,-0.12414173068722822,-0.3393010738742287,49,0.0,0.01189028902173019,1.426970501494213,-0.3860374885492269,231.9064358623526,1798.9904541521475,1882.7612223430529,0.0,1230.1167991215773,80.07605845253306,-48.9607309488309,142.42563393066672,172.0704593825589,211.78761118322103,188.81154722747618,161.05636287491285,152.6538169213247,143.74303213578133,156.7980244624357,140.958821646069,178.35500502450765,204.72709537168697,29.373812182411648
1529,1058.5318381032305,1797.2624330421481,0.4766936176117842,0.20295550185823527,0.14593282541231367,49,0.0,0.01229494577275556,1.1709930872971799,-0.1713858282924555,1058.5318381032305,1797.2624330421481,1277.8226502845246,0.0,0.0,79.55151124784564,-48.964199633399886,111.20947257928024,101.04546011951851,103.24404816544235,109.7432472780342,107.12068463490553,117.30197301528207,117.89194368604157,118.53694990112905,134.1835536515878,107.88706281364591,110.35811116813206,39.30014327152523
1530,1988.0672065122767,1798.2018609092227,0.43226029331893245,-0.10296260989236795,-0.21255434627571948,49,0.0,0.010329437766120957,1.4005418415418043,-0.36574022002727413,1988.0672065122767,1798.2018609092227,884.1572866631352,0.0,0.0,78.96158431821749,-48.96405802864635,84.86818535104368,97.29839665199717,78.64672131973849,69.50335419840638,63.569061979135746,81.54631912100385,83.17771088381244,72.62306643685467,69.2079875417055,74.29153955653032,87.50669650687107,21.9182471160358
1531,1197.095606076566,1799.4447404334906,0.5705219789247501,-0.1425126595856,-0.18312337135644133,49,0.0,0.2987838125714781,43.22712453331234,-4.089390868104921,1197.095606076566,1799.4447404334906,5990.021099212583,0.0,0.0,79.46356877853184,-48.96351836394176,523.302908775938,518.6498218802988,492.0638525393093,554.7025324185859,505.09578675935103,585.9412138544087,484.06371400654757,519.1392258237056,588.8419058560414,557.4067721206563,511.34534802830757,149.4680171494328
1532,453.2777558090442,1800.5696292233315,0.5449536859052937,-0.4674983076376868,-0.5718675512906369,49,0.0,0.19948304075100798,28.72260421432895,-3.6455595346637115,453.2777558090442,1800.5696292233315,4954.977451945195,0.0,0.0,79.93558373560337,-48.96104225265857,407.81917305180514,409.38193843962273,405.5101163450166,438.82826238348093,492.3704761879145,426.376520480807,450.63780927393293,462.50490277889264,439.76680610835683,427.91579813269914,448.2856901344227,145.579958628243
1533,863.777719114608,1800.843522831997,0.5726282979103486,-0.3350418403736889,-0.3116600078564916,49,0.0,0.01554797534717432,1.9548426766795997,-0.7277795291389308,863.777719114608,1800.843522831997,917.2872371748012,0.0,0.0,79.67509272000028,-48.962274102464995,89.6269423573255,76.87751924364059,86.68139691217121,78.1442857037134,86.58849624464241,71.98149136465216,74.50937800570117,85.08722007319591,65.59573166079979,83.76071517193655,89.76393503670647,28.67012540031601
1534,2163.33727615451,1800.672018232648,0.7272214518189113,-0.2673377472322349,-0.40920974976546604,49,0.0,0.08220799612275546,9.895716225567648,-2.488618081892917,2163.33727615451,1800.672018232648,1931.7924265952913,0.0,0.0,78.85035961955145,-48.96273887108225,144.31742481678504,196.18189756696378,177.23999266618787,158.98362201503068,174.38976475138332,187.7675770623864,166.91809407683348,173.01420638445046,151.93364636212743,178.4921118480114,167.84319991710692,54.71088912802445
1535,1109.619717793282,1801.6881242244756,0.6948026625084642,-0.11462936407223749,-0.20513726608550908,49,0.0,0.0340284110461397,4.1054014830275385,-1.5333890871571634,1109.619717793282,1801.6881242244756,1168.1790975427002,0.0,0.0,79.51907758466763,-48.96244747293124,103.49124424543982,107.23062374512861,100.55394901486827,99.88920669155081,104.91022390508505,88.87486248513389,106.31520877499838,86.94298074542287,121.68413905560453,113.21738311884391,106.12702464519006,28.94225111543411
1536,2242.6891562775395,1801.6156520282736,0.7316433903365983,-0.07660507012247961,-0.32341176238680575,49,0.0,0.02160630821279165,2.3512953256802125,-0.9282679512239178,2242.6891562775395,1801.6156520282736,1054.4849673880144,0.0,0.0,78.80000543146551,-48.96217926995185,89.02587594975333,106.05452669164595,82.17600540054298,83.37862665642788,81.63357583393022,116.33220749906937,89.80168612709018,88.87298852839064,112.92608559960544,95.50220511910936,73.06599226710702,35.715191715342094
1537,2640.5514191964203,1801.620659999249,0.5365444747196718,-0.4070967313638713,-0.24785186699039363,49,0.0,1.7943549751120997,269.1750412382791,-6.0750869706498225,2640.5514191964203,1801.620659999249,35082.74276370936,0.0,0.0,78.54753160171958,-48.961012315340774,2965.6789768212525,3091.4610664554257,3003.808966116032,3107.8035680569055,3076.953868832892,3259.1243570577726,3072.6039046504575,3270.222785369803,3125.9794936907974,3091.270653898146,3109.035802355624,908.79932040425
1538,560.400955152128,1803.0452117143195,0.5876862786139709,-0.28629870676854047,-0.47066088564130365,49,0.0,1.5382635605574273,224.63297056707898,-5.8786837507448455,560.400955152128,1803.0452117143195,36226.46259022063,0.0,0.0,79.86759563036682,-48.96041862043267,2867.371125665203,3181.1361193647203,3191.6270030218575,3167.823465091037,3255.745802942849,3358.149641770333,3201.5733330397534,3302.623776429624,3198.76951070021,3248.441123705691,3300.1031303362693,953.0985581530664
1539,2271.658005322558,1803.3573806946988,0.6823356638599692,-0.3701481526802292,-0.2376839348829059,49,0.0,0.07806009634509688,9.800454149322329,-2.4781155030002906,2271.658005322558,1803.3573806946988,1914.623685455377,0.0,0.0,78.78162804707294,-48.96138735236423,153.5148145173792,161.44059631444105,169.72793311069836,173.0514299877142,175.86655300977603,172.95420051285956,173.8339827107124,179.41631150080815,152.40889821626402,177.65998625502354,168.90934312822847,55.839636191472025
1540,237.6417753866754,1805.5292693637723,0.4604841177717118,-0.9286995164347566,-0.3769862864609026,49,0.0,0.015956749179253868,1.5419064172660528,-0.470145039834875,237.6417753866754,1805.5292693637723,2090.8164808070696,0.0,1386.1947972309833,80.07237207526036,-48.95803402194168,137.44886259134915,183.49836448948653,175.15664078728236,168.15117363609613,184.95803935489477,152.64330632650297,186.58516050504647,194.41146101660783,179.88254611580146,265.3398621553188,224.11156091475988,38.62950291392299
1541,234.64704456873312,1805.7495906511251,0.9648940859231828,0.20549266100372576,-0.67303828092558,49,0.0,0.01985676608413955,1.1217073823035777,-0.12469894527433996,234.64704456873312,1805.7495906511251,2255.347284471314,0.0,1469.0615092339237,80.07427053444185,-48.95792801240994,154.7771297725272,198.52467411975397,195.64457107582112,209.4760512026325,215.24514800676457,170.97077495900783,177.56375458114152,207.53014890109353,190.60583037853505,262.0822331774952,239.68865865502113,33.23830964152073
1542,600.7470373456188,1805.6849534348298,0.6604039909424912,0.4222010032705701,-0.8033970574042423,49,0.0,0.01154397022444376,1.2846289093354368,-0.27194422791695433,600.7470373456188,1805.6849534348298,819.4189279126335,0.0,0.0,79.8419802752685,-48.95946202741486,46.37538087481081,62.648641553322435,73.63313735003217,70.02219163978913,70.05572221610474,84.96646904287687,85.40023613801195,76.99074513862243,69.04899105367772,80.52426552141979,75.99262357116723,23.760523812798283
1543,896.7929264797006,1805.5898976323624,0.5982747230757611,-0.4338325354179696,-0.7181479293555003,49,0.0,0.011079938842274243,1.149188952923952,-0.15097860624088885,896.7929264797006,1805.5898976323624,946.9143143700975,0.0,0.0,79.6541236757946,-48.96037928174353,61.21366943048069,84.25055264881713,90.74023520557522,83.34905399423077,81.83837126166111,71.57452261363031,97.12561632882498,75.52364530286263,86.69103605950829,87.189706120722,93.40222379407469,34.015681609709645
1544,1691.790199467866,1805.7553223160385,0.7816450889825878,-0.4369738041660726,-0.48928110165305433,49,0.0,0.012129413969063963,1.2078280973004067,-0.205012820592135,1691.790199467866,1805.7553223160385,846.607495666242,0.0,0.0,79.14961876927238,-48.96115771481545,88.43163758961668,71.87731790046738,77.12984091380795,68.79628237340572,56.741141629183225,84.4313510718051,67.46226127706201,73.48483466110244,74.6013254032876,68.10809011973407,88.56546744248453,26.97794528428527
1545,564.3847300560931,1807.2446426838771,0.6124411088381078,-0.263209161229638,-0.4027269712021368,49,0.0,0.6381777357015732,83.495799404317,-4.804161567708575,564.3847300560931,1807.2446426838771,35902.57337469606,0.0,0.0,79.86504466786906,-48.95868337131035,2870.5279720280773,3173.0512139704433,3152.403255608162,3154.446833033716,3195.4481169354035,3321.008470428042,3150.993114794154,3283.011046862268,3174.6033450904174,3210.2603794520865,3268.5650391435333,948.2545873497428
1546,502.2608472825369,1808.4684702663658,0.31935871270010213,-0.5727042559133902,-0.9129558015323153,49,0.0,0.010575905438317915,1.7813199716382753,-0.6268548427843363,502.2608472825369,1808.4684702663658,889.6829126056114,0.0,0.0,79.90445598179548,-48.95794274064782,81.56954705786117,80.10828931033963,88.1184724235348,89.03702052691895,71.50892553243311,72.32718927283234,67.40062117059426,77.2126076781278,77.2672419157651,81.83513941573788,76.08808752290707,27.209770778559186
1547,1403.2516431992074,1809.1186059851511,0.8916611696523651,-0.24220527595538696,-0.4299320921872553,49,0.0,0.036535789933363885,3.4754158972516165,-1.352516958339522,1403.2516431992074,1809.1186059851511,1283.2593712950054,0.0,0.0,79.33272452984882,-48.95970314187601,102.48966626023127,103.44863758897662,107.13387485854767,115.27903183716103,121.81743757723874,105.0507882336245,129.05902507912964,118.05128704263977,119.45788269190966,115.50006259506029,110.90677173073911,35.06490579974709
1548,1150.8826831500708,1811.4585675446906,0.8089211628850341,-0.6860844362736701,-0.2966431746797832,49,0.0,0.018085533250286327,1.8648115261445857,-0.6765873620887884,1150.8826831500708,1811.4585675446906,907.2343858912404,0.0,0.0,79.49286818781938,-48.958444060579126,82.28986246656572,92.48993563175694,78.07549521995135,63.072186833256204,75.17960249210358,75.75172761483863,90.08891787866668,70.19004781232627,80.84306808545239,81.29106046866782,88.47405320793007,29.48842817972469
1549,2813.943786618602,1811.2381336377907,0.8462621353926698,-0.18489248527513008,-0.41352913469089103,49,0.0,0.01109188439273306,1.0078970428702156,-0.008540427503371856,2813.943786618602,1811.2381336377907,800.7156257916396,0.0,0.0,78.43757034824252,-48.95632539466587,68.86760002089466,56.90192692847621,60.7448418081893,66.99108744331485,65.86321610937144,77.40219230714312,84.61666524755856,79.57954630537122,79.0764044080083,71.59538872524192,63.121867438333496,25.954889049736547
1550,531.4039383331307,1814.0571274557892,0.7482739387003714,-0.4100960238203832,-0.32623704275092025,49,0.0,0.01940274780010711,1.8598980367052222,-0.6737228399667361,531.4039383331307,1814.0571274557892,1157.390817946898,0.0,0.0,79.88593285328437,-48.95572421633037,88.91533972798692,110.70399042908949,107.99306259626593,101.31808082503937,104.69395508776438,91.51369774503338,98.74133994812644,107.03922267567685,96.22998092098749,107.11842686875737,105.70320981695642,37.42051130521399
1551,2203.9374631601313,1814.2248658414826,0.34105578068748793,-0.5188905428764536,-0.3824690321525743,49,0.0,0.00707613145850395,1.0001092301683323,-0.00011858867179782322,2203.9374631601313,1814.2248658414826,760.8901988112644,0.0,0.0,78.8246377198625,-48.95700957445234,72.26634412756405,57.75007080734838,75.83739595232103,81.72817694311267,71.96516067156467,54.62303834595076,65.15967667118079,70.54598271730845,62.70837961714452,69.1057540357231,62.94985097361757,16.250367948428433
1552,2830.731835924777,1814.5558094500932,0.780034609210465,-0.6259698882329281,-0.6612086112941227,49,0.0,0.015997568209384465,1.4679699549001088,-0.41679291729716306,2830.731835924777,1814.5558094500932,998.5593095013601,0.0,0.0,78.4269405811386,-48.95487177747759,76.92508825380943,87.37659914714844,87.93657546925812,96.73767720458414,92.20409350596998,74.46756195624556,85.15937309441752,83.9605522534298,104.91239265594365,90.72318609833681,90.7427663960911,27.41344346612543
1553,3003.456729982853,1814.6933838879663,0.8020536219935717,-0.22183760827395374,-0.3792858824073079,49,0.0,0.022093997473187937,2.2727466619076515,-0.8913775714204725,3003.456729982853,1814.6933838879663,1055.1872645125097,0.0,174.84503352680548,78.31736003332873,-48.954023125977294,94.72692507028071,83.79313605129938,82.54390377628079,91.35434195602177,120.55021742031329,83.62415029641309,80.92880150164102,78.997180793775,110.83593632858447,96.52326679129217,98.60909847665391,32.70030604995411
1554,364.77241901465277,1817.0875112417912,0.5060475157302996,0.24509048283042761,-0.016784840828190765,49,0.0,0.014393255141084095,1.5315033760421508,-0.46279489625324777,364.77241901465277,1817.0875112417912,1250.2809828380646,0.0,0.0,79.99163444199336,-48.95379342305052,100.98616964638853,92.54097726077211,92.57648818389679,120.08480566721576,113.060716416719,113.86617109861785,120.90113451036821,93.2482859924984,126.93448279909134,112.78920992830193,128.8359382655897,34.45660306860498
1555,1865.2137795220772,1816.6414288456658,0.938976593520128,-0.12510510993086252,0.0013644066996011575,49,0.0,0.035075165867720734,2.207500525819854,-0.85975203924308,1865.2137795220772,1816.6414288456658,2330.486536567398,0.0,0.0,79.03957816021354,-48.95651441203626,206.05463944757014,193.47556196517468,221.4412782907071,211.28899293011295,204.67695590479087,202.6805059646925,161.1089480321093,214.49318860509038,198.26640123174553,216.6120914401338,231.72312030418595,68.66485245108518
1556,2786.085979969305,1816.1215498585732,0.3809116257862399,-0.10648278270387258,-0.34907872580124544,49,0.0,0.01292783177294164,2.0013419135847785,-0.7533032269605399,2786.085979969305,1816.1215498585732,1033.8545180927445,0.0,0.0,78.45527599081191,-48.95440710853904,95.47659332911508,71.44983201249377,83.43787526080209,88.60231001813635,100.61821899164843,102.53481815939065,94.59898565518571,84.13537413153361,115.59656963230553,83.93632060339128,89.54428258580356,23.923337712938483
1557,1719.4231241760867,1817.1153852518676,0.6542481550072277,-0.6132163176497628,-0.08068716619968763,49,0.0,0.012142208867915607,1.3539238358974581,-0.32898558520845556,1719.4231241760867,1817.1153852518676,869.912999832412,0.0,0.0,79.1320898293061,-48.95641426046716,90.1466238075282,71.02159099430312,78.79075777111113,63.219985994245114,87.82325200557139,81.03787174118179,84.66822509713428,78.66824174253256,79.38197384204707,75.40464309402589,65.2782893463838,14.471544396347628
1558,871.9736673948826,1819.1327182102996,0.6170655969701321,-0.10481377691648619,-0.08366921298390388,49,0.0,0.014687056774969849,1.6711545486695645,-0.5575415384538013,871.9736673948826,1819.1327182102996,1020.3907460034861,0.0,0.0,79.66982089387723,-48.95467477223277,77.86056187874075,98.31415909046034,74.7942341427592,84.49506828944436,94.80815052052995,89.97949363746861,78.11908615138641,96.4326862129428,103.69545075884008,89.65084868507995,102.78522593236808,29.45578070346554
1559,1248.807203659524,1817.898611867643,0.8846768687775372,-0.14598629325332213,0.15479797296989622,49,0.0,0.018344823375626734,1.7084573243093053,-0.5815103374851,1248.807203659524,1817.898611867643,1023.3413225670125,0.0,0.0,79.43071646440119,-48.955897292713004,80.44139149593742,88.67006335963526,88.37615258087986,86.04373450613255,90.08509564070853,115.39553325288774,96.76744565531212,87.91980885321985,88.79829655674953,80.30327017740768,99.4750575130028,21.065472975139134
1560,1911.553735447375,1821.2246280742936,0.5605138743300537,0.07117925970791032,0.07084543462127124,49,0.0,0.012272964939187963,1.4284884953387018,-0.38719186760537877,1911.553735447375,1821.2246280742936,872.9336063047012,0.0,0.0,79.01018089665483,-48.95455833218537,71.31728045979426,83.58836891393923,71.18619540181328,80.77073824917412,81.21457187697384,73.94053206715776,77.07857925832656,82.96139705552471,74.1641781699262,82.12070275160755,76.71234555244013,17.87871654802345
1561,917.580975899666,1822.0750655151694,0.5166825696184268,-0.2698216124884937,-0.37838634531626525,49,0.0,0.015575527962071754,2.0900361454894627,-0.800384492371987,917.580975899666,1822.0750655151694,1057.3657296943668,0.0,0.0,79.6408723752742,-48.95356084194812,70.77244203166518,93.45766844749161,92.42523710617006,96.96487292426494,84.76799053196955,101.75898142740385,96.9766977534766,85.8040906124275,94.83153344737553,103.24973550959527,104.53686292412529,31.81961697840137
1562,1240.8921299877115,1821.8824664506267,0.7100424617310002,0.24853490230791767,-0.3498244013622571,49,0.0,0.0211174120201459,2.5886972802261012,-1.0327031685610815,1240.8921299877115,1821.8824664506267,1019.2185737224753,0.0,0.0,79.43573125921964,-48.9542275737641,88.9618128773526,87.75027698492345,88.46671066546757,103.20774528532006,87.7057316470038,96.45231881174152,81.60570004631124,68.89387903942907,110.36956527063252,83.59316550265652,99.72338299017582,22.48828460146109
1563,2960.8006624301943,1822.8054894984364,0.5751141288992385,-0.48127908352577936,-0.28030136597110794,49,0.0,0.08024558581907655,10.72989547385693,-2.5764887281794957,2960.8006624301943,1822.8054894984364,2313.7538210252997,0.0,0.0,78.3444802004444,-48.95084855155558,166.1093080505493,183.9121768050818,190.25083117468677,209.81069100847066,242.1198564654011,235.82200599907074,214.20228794427246,221.9823365278814,193.01747480821692,199.55892907052413,208.7014421361148,48.26648103502985
1564,449.95877528451547,1824.3341616718565,0.6797773948905341,-0.46917410742427224,-0.5952499145714952,49,0.0,0.12338091634685219,15.492453137153575,-2.97530047783509,449.95877528451547,1824.3341616718565,2830.265395827429,0.0,0.0,79.93754463682545,-48.95112792049566,244.92177845175496,263.4682490094722,237.90653380397885,231.36725181645653,289.210559293719,233.8557246947717,266.1126918810609,280.0069972465378,234.39460226646622,240.67342953441448,251.2783934636425,57.06918436515383
1565,220.93346522315272,1824.557127325326,0.9767654091773947,0.16771272752317098,0.3896742720124573,49,0.0,0.058352111980237195,6.4020979699942995,-2.0158057894462305,220.93346522315272,1824.557127325326,1860.3453254682756,0.0,667.086809166316,80.08283361632846,-48.9500269600756,136.7337524728547,103.8467274295406,204.30132351549116,107.28411656154454,87.00314464889422,377.1517462403767,69.48208486683689,117.30763717331021,126.60233637831003,63.02050443051371,430.76660006811176,36.845351682491064
1566,254.09446540023347,1827.6230031775492,0.763862466564505,-0.44698250224098185,-0.5546515555890792,49,0.0,0.01850605542071616,1.5278625564862205,-0.4602107192962196,254.09446540023347,1827.6230031775492,4146.835486038151,0.0,3074.7618579055825,80.06177550972554,-48.9489069120289,104.08176782295516,117.2890831234994,136.45469154592746,123.66707151161849,155.0490012046429,399.29392432737876,496.4261529377178,604.193695210254,646.4262986632715,660.4339110951025,666.3677576013628,37.15213099442073
1567,1571.8687625395921,1826.8206641790023,0.3482933768428997,0.09257209226061731,0.38020197761358115,49,0.0,0.008083111481189047,1.2740832848920214,-0.26299454524717225,1571.8687625395921,1826.8206641790023,772.7255677381709,0.0,0.0,79.22571891072882,-48.95239358926268,61.175826124603894,75.8778879283501,80.18327225764168,71.76429168163088,64.17902550450012,69.41345977905148,58.74360947573311,79.30176298053838,68.28803469978881,66.79330641321872,56.27292956639338,20.732161326720423
1568,2398.5180473435935,1826.932465025849,0.4667058169170081,0.15788659729626606,-0.1550373847301967,49,0.0,0.01014458952350409,1.1948810142585393,-0.19331165144525325,2398.5180473435935,1826.932465025849,918.5738127026036,0.0,0.0,78.70122495128929,-48.95124042912158,75.84907384673906,80.17569929987337,67.90310510605204,67.65919287109922,84.3702235797531,79.42848518364816,81.27925574396473,88.50879529902997,88.2109486710925,102.85556476768897,81.35805943661147,20.97540889705097
1569,2604.5391399541727,1827.4483409199577,0.31713208132296183,-0.4744455974211189,-0.16810550570603372,49,0.0,0.010004576645212778,1.0684132852868033,-0.07184819914757277,2604.5391399541727,1827.4483409199577,962.5947569528807,0.0,0.0,78.57052084680308,-48.950379586637034,55.941596231760066,86.15947071240429,99.97388096497205,91.38923708095973,66.37181292214714,85.9240056750298,85.06525898010455,74.92895155379935,97.52194444334091,108.36968955364839,81.83650449593539,29.11240433877902
1570,240.10451253008424,1828.6349498808925,0.6423225877836035,-0.3810246286290378,-0.09169509876941355,49,0.0,0.012248936068105553,1.2233505368084092,-0.21887729219978935,240.10451253008424,1828.6349498808925,2289.0974421911096,0.0,1018.4568588359449,80.0706427551501,-48.94841944346782,104.58984452377689,130.15751578917622,127.3796969240038,107.7177623300411,119.05213423833635,119.4788578869344,216.631010952547,387.5903070088909,253.04987609628415,341.9926156161405,360.56098263279733,20.896838192181185
1571,1478.5491790661706,1828.325257007294,0.5980459975673533,-0.24182196773123416,-0.21506326809813447,49,0.0,0.07991349648309615,11.3439847076123,-2.6369140809594165,1478.5491790661706,1828.325257007294,1955.437763600923,0.0,0.0,79.28492901313506,-48.95174222793725,163.06129923188877,195.159443806093,164.38061091724504,177.8011606555512,159.7237987314913,180.23601613349825,160.29429179492627,162.82645560765798,176.81182320602085,183.15748839311874,171.34165053250132,60.64372459093069
1572,933.6875963230437,1829.8526706045452,0.6230935438351238,0.0317629312644763,-0.3281136866372053,49,0.0,0.03510361316532066,4.856475457928733,-1.7158029959539791,933.6875963230437,1829.8526706045452,1117.1097194269523,0.0,0.0,79.63062539568975,-48.95035809646107,89.98217792195776,93.25822688973234,117.26807088551297,106.42516090997208,80.64836043905092,91.46693691921324,91.08279371611025,89.21159832744965,109.73938149714664,115.63159009028806,98.56731055902443,33.82811127149408
1573,235.21031683218573,1833.025815204437,0.7156305095569716,0.7388730813395891,-0.018923029565191603,49,0.0,0.016726517660057907,1.7947104964777203,-0.6349860070457822,235.21031683218573,1833.025815204437,2334.7273585963503,0.0,851.5573048399972,80.07371555673333,-48.94656692559009,122.0065463873211,163.4472292518858,119.2868827311674,142.56603773455316,103.30805340918894,148.36386775828558,168.37917960933459,243.55840849070333,332.7300389574435,361.40288124549954,412.63041122846437,17.04782179250322
1574,857.3583175503873,1832.6383233910317,0.5974272806401827,-0.254708598794844,-0.2887459674408099,49,0.0,1.7056787641386408,245.75230782511477,-5.9762440123032246,857.3583175503873,1832.6383233910317,29038.59718562823,0.0,0.0,79.67904103133768,-48.94901021673621,2283.1973897020184,2431.386521596557,2572.494138752681,2573.4334094518817,2627.5175707450553,2646.428578532789,2629.804392744326,2633.4908559145356,2567.58553310654,2655.36966689367,2671.3646881676827,746.5244400204874
1575,2680.7757326398314,1833.1019841133482,0.9498382999431639,-0.14682457916692493,-0.22352388305832296,49,0.0,0.05015548616399736,4.952179600577895,-1.7369909671129011,2680.7757326398314,1833.1019841133482,1310.9832815102109,0.0,0.0,78.52218795676504,-48.94774763740239,101.95330965642364,119.02563204061738,118.64569237918857,122.77448681424934,124.42669904315277,112.24310969150395,109.48019454521827,126.02301766731644,112.99937966976077,104.34003904822787,109.58145889059408,49.490262063957985
1576,2985.635877962704,1834.138196050561,0.69123676576404,-0.36268061771471455,-0.7826910043842239,49,0.0,0.013035030254664645,1.1036486867977287,-0.10707712717372733,2985.635877962704,1834.138196050561,1115.53201602054,0.0,4.561290406704606,78.32880868824756,-48.94600854372027,86.88818267066397,95.11035198696791,96.31944165533163,95.48520750937537,96.04658146907542,87.35081288302227,106.27249952118477,92.57306663700156,101.40950482214438,107.60860300389429,118.60862879786615,31.859135064012275
1577,273.49041559897495,1834.7067480450416,0.574885988775511,-0.5504382580824082,-0.014863235504813197,49,0.0,0.015647971832501682,1.1974601030863532,-0.19565263131652552,273.49041559897495,1834.7067480450416,2376.3996259044843,4.312125969959118,1682.0336106028021,80.04942172006888,-48.94604588103034,69.64773634402655,70.39192825315683,74.4855987317033,71.55164185652879,213.20919121204173,416.9241300632426,335.5784621370566,244.64002054592612,296.44996597699685,259.15351327491265,301.96077237988345,22.406665129008616
1578,501.3741538902604,1836.7976363928858,0.7933380910914047,-0.20239378786423,-0.35513315063090595,49,0.0,0.012449951449394226,1.2234285817880302,-0.2189465557138996,501.3741538902604,1836.7976363928858,889.9501756035088,0.0,0.0,79.90485336642078,-48.94613643750921,73.07616926896733,67.08074851578935,70.44257413751376,65.07079830180488,93.46368355323135,88.0509625724479,92.72716869183564,71.52888135623729,74.70793345542751,78.87405656364194,88.053971040929,26.873228145682866
1579,742.039009651364,1837.6852670385106,0.5685704631088125,-0.9308980720381673,-0.46422238810690564,49,0.0,0.00990568020622123,1.1256378724905876,-0.12849674166591188,742.039009651364,1837.6852670385106,874.5177620329641,0.0,0.0,79.75217863324625,-48.94658611823518,84.24894118094981,80.31364730292927,69.63710088895583,89.43801475062168,71.77147199558605,81.54179084567724,85.87534004404006,85.05303273316183,66.56451038041338,78.3078115640831,66.45398850889724,15.312111837648596
1580,2264.8503527583075,1837.8014925688365,0.27972710145359503,-0.13786644432024775,-0.17697355094522643,49,0.0,0.016284718628918095,2.7710148298143538,-1.1065971250738647,2264.8503527583075,1837.8014925688365,1137.5377369149323,0.0,0.0,78.7860695423454,-48.94705188850575,99.40340243759458,105.79369014813508,81.79029672160446,87.74113199981683,92.85430548962734,116.69487032339455,118.29472183566362,96.55212114622867,104.80335800665196,109.93935287660992,93.6380934809167,30.032392448688647
1581,2105.147898458166,1840.4512007607782,0.7089054127503713,0.6194983624325971,0.1542045566158716,49,0.0,0.010254083965554293,1.0460995935042594,-0.04893258334135496,2105.147898458166,1840.4512007607782,834.3619544995933,0.0,0.0,78.8873940058859,-48.94627262961727,72.18451696539276,85.4342433919465,82.04365754351677,63.99517579351978,77.25675933057363,76.01095062277085,75.89433260218533,62.806299231549424,85.01252817813801,74.60004688514168,57.224992554133344,21.89845140072524
1582,967.6078732655641,1842.9356372949344,0.8833903603946078,-0.24335458125810597,-0.6416925166533497,49,0.0,0.026908055181439582,2.412101011797234,-0.9559887271068335,967.6078732655641,1842.9356372949344,1153.9999507242126,0.0,0.0,79.60906076520014,-48.94498371052814,101.41458994476801,109.71909772774667,95.79991252839045,102.23019872195867,87.34902842601039,98.17938965276414,102.73482810844827,93.37208099362746,115.58914440214852,102.2098497087168,108.15794178693888,37.24388872269418
1583,2590.1002049372405,1843.3575902767732,0.8350616966675343,0.12192789703214993,-0.18905425349647034,49,0.0,0.01596643283260623,1.6295092476234962,-0.5301420736789721,2590.1002049372405,1843.3575902767732,851.9815800350348,0.0,0.0,78.57976468882231,-48.94380123027684,89.72249895631579,87.88382945933103,66.59137590929977,75.2238795288587,74.5811751943331,65.99110532773912,70.32750738020704,68.67397868730474,68.5936279600825,78.2256231384394,75.04244663294537,31.124531860178223
1584,1621.864934817875,1844.4840184691227,0.4385013735303578,-0.24160252087370443,0.1474366247417594,49,0.0,0.01415481677315041,2.221690804510677,-0.8667090437595358,1621.864934817875,1844.4840184691227,946.888781310595,0.0,0.0,79.19399842467902,-48.94503451214206,73.2754518218514,92.63289034554694,71.84412090397196,79.49522023559011,67.17356528373209,103.69065107781918,70.21254714050912,87.06083952825426,109.93176216859894,76.19475705448266,84.62621262786978,30.75076312236864
1585,1744.879754567714,1845.2453475132581,0.7446083222343379,-0.09342983210272361,-0.1011202331021693,49,0.0,0.01620762543121678,1.5693990362713746,-0.4893334539598334,1744.879754567714,1845.2453475132581,937.8812519979415,0.0,0.0,79.11595791339805,-48.9446818268323,64.89019893510398,79.32725437066898,94.77868701947233,76.36223201201226,96.87533621670548,73.13213533341259,88.42936767599994,76.85181996094425,85.3489838317295,85.09393600435817,94.28051592354691,22.510784713987135
1586,3086.7590999756853,1846.1993310615387,0.7143651081295928,-0.5045063827324895,-0.7516185242844861,49,0.0,0.02015708296085512,1.7489645579260853,-0.6069525219055439,3086.7590999756853,1846.1993310615387,1413.8941500351732,0.0,1183.3379921160213,78.26476139604316,-48.940478726544015,122.78863572684814,120.88976659939276,120.13372967156872,117.74645187578763,150.03843618582763,139.4552129920905,144.7688453236647,113.01760778818998,114.59521651644764,125.0738699361462,116.76165492600177,28.62472249320765
1587,1471.0171092029086,1848.1000203728413,0.44777147942332174,-0.32092296117697405,-0.3536828363101312,49,0.0,0.03197694597900598,5.238970207878488,-1.7981148219498113,1471.0171092029086,1848.1000203728413,1311.5068011864423,0.0,0.0,79.28969444450632,-48.943499481291525,112.9582830132181,108.77626487347251,117.45327391779254,127.61640930187549,111.56044127388901,139.72985208577975,108.74626237065861,106.77227115832936,107.48337335488152,119.27512252063494,117.03295052743125,34.102296788479414
1588,1855.5026704612824,1847.6664634314811,0.7001119553861472,0.06554884348804631,-0.19903771987781876,49,0.0,0.040367895449262385,4.711318023067764,-1.6828560523604994,1855.5026704612824,1847.6664634314811,1472.1883876368142,0.0,0.0,79.04578229635999,-48.943596185376585,121.58497839591777,116.72151706213835,110.06926454447887,108.17497128466712,121.53132356373683,136.10419863286347,126.60260771555963,152.68669785721028,148.58497988739813,155.07188367756643,139.64370792761613,35.412257087661224
1589,428.28826880518534,1848.6220246712376,0.5736277774655836,-0.6341137798032117,-0.5664301598510155,49,0.0,0.05377073536313546,7.2829135655249,-2.1557628893171144,428.28826880518534,1848.6220246712376,1808.869751927338,0.0,0.0,79.95114151432439,-48.94092129173541,154.42588485352007,148.05433058318215,182.26046904676247,164.7983968216895,158.68894432393844,183.04729273624784,155.4162318654242,141.66798401555874,166.45372187442408,156.665976281158,161.34818494741853,36.04233457801403
1590,872.6261998955104,1848.5766080332287,0.5468015260631167,-0.12255951310054163,-0.2813007653557476,49,0.0,0.060326248471909406,8.698340889408097,-2.348591059337278,872.6261998955104,1848.5766080332287,1896.8242437404028,0.0,0.0,79.66929315365103,-48.94240857296255,175.63592932664676,175.84342585519423,165.94335525894655,170.61532822888609,176.73945376377094,159.62676641779888,164.13963911407328,172.07286014528316,169.384591465023,164.53386163087976,166.16759542094476,36.12143711295529
1591,2272.2219735290046,1849.2529384639656,0.5874994350360014,0.1935428217804132,0.013253098483088959,49,0.0,0.016355864959694582,1.7412039412667608,-0.6021241038122829,2272.2219735290046,1849.2529384639656,1161.0073482959542,0.0,0.0,78.7814337530636,-48.942263466852964,82.71437890099496,111.50298340068815,93.37406241476583,100.5033475883046,109.13394895537435,110.58413320675227,96.96247211290063,100.2729685639715,112.6250184316402,111.9334900588428,108.42860277361551,22.971941888103267
1592,192.76619559604114,1850.1350460388678,0.5258715657476402,-0.3517998741892149,-0.47694911125141626,49,0.0,0.33292252545009243,64.6554701183426,-4.526513184669577,192.76619559604114,1850.1350460388678,4529.475255434171,0.0,59.47998815337432,80.10051078642825,-48.939234245037476,126.91692817667094,222.56827612790426,148.9908833060474,677.7713559287565,50.17353505097953,381.7280147114528,58.10847696829696,1802.8567453966486,85.81704538316717,314.15403509454643,517.0970345483206,143.2929247413802
1593,242.5144932310036,1849.673541956668,0.7712235381273026,-0.13243060556243702,-0.16157685042186895,49,0.0,0.04166407488691424,4.894799129719745,-1.7243371853712524,242.5144932310036,1849.673541956668,2557.9035698918487,0.0,947.6443035131022,80.06896244807392,-48.93966577843711,117.58629586283286,123.71885222343853,125.14064679562173,108.63068223991017,88.93324838834731,122.49155344883636,162.74015700381403,298.5317832363506,442.1469082253386,650.6753369624674,288.6817257428426,28.626379762048387
1594,690.1832868912419,1850.0990287378054,0.4472611588634352,-0.6417210764385245,-0.24676337241762086,49,0.0,0.008913088315937538,1.1548422641753324,-0.15630667382498684,690.1832868912419,1850.0990287378054,898.0273265315349,0.0,0.0,79.78501491397762,-48.94125444806545,72.02846000326099,57.62075339077049,93.33948137500883,73.20395197829949,81.45532757815451,70.56984628026902,90.62722821140858,59.47839003790574,95.37493988986634,82.89237405164374,88.21473585752044,33.221837877426694
1595,1318.7667334687644,1850.068056467446,0.7910560381186563,-0.161413696168628,-0.45195688832334885,49,0.0,0.04381087357477134,4.9736174917598275,-1.7416809543423295,1318.7667334687644,1850.068056467446,1280.49346116285,0.0,0.0,79.38627640375056,-48.94257057435241,132.36361022545626,104.11881946092575,108.8489392537698,114.66731664001044,118.08316511921686,107.21540308484106,112.13625853322509,111.48458582948052,125.38257406008827,87.25478541022173,127.61930751235714,31.318696033257247
1596,1773.2645375280492,1849.6038662595315,0.4280395027563765,-0.3245979909009082,0.11224485108220895,49,0.0,0.0101329085006303,1.337907064479408,-0.3160648673135314,1773.2645375280492,1849.6038662595315,874.3762369014487,0.0,0.0,79.09795464029337,-48.94285012784652,71.87471323569977,85.2558937164219,67.77065368745122,73.06732365087524,78.76809689318426,69.87362541597716,86.30191027629675,69.39184783404991,67.46981396143616,79.55355222392916,96.80465125259116,28.244154753535895
1597,2692.8646034856024,1849.4627534733227,0.23779238314775622,0.0293285807629282,-0.023412932167260668,49,0.0,0.010887763812281513,2.206467709931359,-0.8592439406054998,2692.8646034856024,1849.4627534733227,971.132353898015,0.0,0.0,78.5146139051189,-48.94088548205142,85.28373839308355,86.49445337870097,82.47907265451985,96.10500012792713,98.25206933640237,75.90239537413123,75.15431033508008,94.52930591365111,85.88587659710416,89.51797217607779,73.51848624898497,28.009673362351798
1598,1833.9656972821817,1854.754960428418,0.5627409174989683,-0.02041264593322539,-0.091958559500526,49,0.0,2.368419808356369,354.76727886904104,-6.374858892175307,1833.9656972821817,1854.754960428418,41359.29012049553,0.0,0.0,79.05945376700278,-48.9406609632267,3448.6709809911554,3603.424430472325,3602.610990562268,3694.682182006104,3689.091081166966,3747.5111710903334,3595.397693080161,3786.279304622733,3690.2068207765815,3654.728652255647,3724.6105058637204,1122.0763076075332
1599,2126.205180199243,1855.2532927722782,0.21234540669937094,0.33237938745243933,0.08244044317801576,49,0.0,0.010191004010596005,1.490864342327808,-0.4335953191307892,2126.205180199243,1855.2532927722782,1013.1892918968992,0.0,0.0,78.8740764313894,-48.94006747431997,88.13529639154915,78.2034616437223,107.26743105196618,81.57536489252944,80.8570207601146,87.20204968109994,75.58481163136726,83.20830015763215,104.84638065501085,97.19922608649725,97.34289917471014,31.767049770700005
1600,228.04701571886426,1862.8817388274463,0.336215359429061,0.3771076736727868,-0.8131543248594026,49,0.0,0.009089760274893057,1.4284181061497743,-0.38713836631778487,228.04701571886426,1862.8817388274463,2181.477829550127,0.0,706.5516290283379,80.07804205953329,-48.93409432451021,232.45814792631103,168.57266459951796,110.1866007374433,190.1183169798406,120.7407328577533,168.83769907637782,72.4044932766275,522.8253051235413,249.30451075240876,224.57024381950845,85.54654705925344,35.91256734154311
1601,2504.5544513933373,1862.8162727544657,0.5931488672927668,-0.7810071109489379,0.11610994474448946,49,0.0,0.02810791734828794,2.479325006877534,-0.9858336519757469,2504.5544513933373,1862.8162727544657,1903.769017673082,0.0,0.0,78.63412315832062,-48.93597564123349,176.69881285137902,148.48327349437335,168.30088932306734,160.93006707385084,190.59264175572804,168.40608016553003,181.15843931939048,164.73026750916608,171.46530020893402,186.46679988981654,148.0292463346878,38.507199747158644
1602,554.4276955099997,1866.3611279513095,0.8096180074777614,-0.39928463482674714,-0.41269784761434314,49,0.0,0.019491337622277737,1.8103942411653773,-0.644432898662973,554.4276955099997,1866.3611279513095,981.8923697139955,0.0,0.0,79.87103451540811,-48.93401715179508,71.31088113715447,83.78909451061858,82.9289005452767,74.82347204052391,79.67702591429085,87.0226212299375,98.3825624482788,102.68630652122683,81.30160497073213,98.50813071372049,92.9262088401635,28.535560842071693
1603,2915.9563945550876,1866.8967065825884,0.6565000215262611,0.12016768621258801,0.26332176641303395,49,0.0,0.026171573281760695,2.1321757226028932,-0.822057485187395,2915.9563945550876,1866.8967065825884,1858.1681361332553,0.0,0.0,78.37323615645279,-48.932687969155864,144.49213881250708,153.2017197368113,153.72716163171998,169.44986003520663,156.1341646333163,164.34816325679782,152.39523778247084,190.57675940101353,156.4345301592976,194.36974296749128,172.75838019641623,50.28027752020667
1604,261.3739931313367,1868.5730579374463,0.8564327959069581,0.040819460134149124,-0.3752619115429491,49,0.0,0.014986233106794406,1.2012902206814984,-0.19911985409027885,261.3739931313367,1868.5730579374463,1335.4018470789597,0.0,993.6129917052697,80.0568668750806,-48.93188033038803,101.35734477268947,102.84425772812479,122.57489868974154,114.90454402254278,137.12823451418882,121.87824029569526,108.69048320414109,118.92907940978503,139.821248897923,108.6368606295346,130.98745032875763,27.649204585835705
1605,2644.904605755772,1868.0569716947223,0.920679642818258,-0.3167007996292947,-0.33977479714078374,49,0.0,0.024046833238953395,2.3110876362411803,-0.9095410355003863,2644.904605755772,1868.0569716947223,958.0514333415655,0.0,0.0,78.54513741296981,-48.933316661820626,74.87461728808185,97.22785479642525,75.27274034581279,91.16178242302134,84.78944351570829,83.141786890243,85.66101212272294,80.73289943698359,79.85218276805274,94.25278185901382,88.16448807697694,22.919843818522956
1606,264.49850153174305,1868.4604352894057,0.8384569814679189,-0.18909824693473107,-0.6132819505577084,49,0.0,0.01605798208214366,1.3577951147314289,-0.3320856044366658,264.49850153174305,1868.4604352894057,1322.3212942600792,0.0,942.7542014114686,80.05488630383431,-48.931941782413865,105.5339031182548,96.70048665512081,121.74042621552003,120.69094262091774,125.93590545592963,120.21749624018288,106.65019022731997,122.0740202143208,129.27677795509555,107.16447539937812,140.63847169865562,25.69819845938321
1607,753.4318605663492,1868.5773399554287,0.5844208488090221,-0.3282152799292409,-0.30770402283470777,49,0.0,0.9270557886127425,134.39664845964987,-5.320971096392193,753.4318605663492,1868.5773399554287,16446.044418759753,0.0,0.0,79.74481239814193,-48.933748831848646,1376.1717263446558,1445.5198922218206,1421.792328660667,1471.1813866272155,1450.7571433126363,1470.8972075017361,1522.886021569021,1490.6258197515763,1476.0340561376124,1466.9223486104424,1444.9329562769108,408.32353174545494
1608,1005.0083004195989,1870.0649393361527,0.6429012175805151,-0.45771215649445607,-0.4829920152038393,49,0.0,0.010077213340728777,1.1043283477627488,-0.1077455512818045,1005.0083004195989,1870.0649393361527,827.8853216437437,0.0,0.0,79.58524886604195,-48.93376003365309,68.24706869813338,82.61952767343207,80.09145505716921,63.63958508194819,72.15813908377501,79.81937327517232,84.49844639656705,78.00632044291166,59.4786627386339,70.65884304818724,65.71618569322764,22.951714454586
1609,222.357509581566,1870.2271449166092,0.62105663040846,0.6188879953578681,0.17009431580913983,49,0.0,0.028922792715214016,4.335102690537614,-1.592498473910967,222.357509581566,1870.2271449166092,4223.761557009276,0.0,628.9811703813432,80.08159644520552,-48.93100689812954,254.33023718361642,65.74055440909126,112.20653688001183,202.03176231511796,363.2251875956115,171.4224105230525,68.79231263009243,2382.152804604732,416.5272667726522,74.67936237646396,78.0635997304,34.58952198843461
1610,700.3682745030789,1870.8980592113019,0.543563375850477,0.015046781228972298,-0.37575612752889664,49,0.0,0.00891146025236309,1.1603058157458686,-0.16143117260784293,700.3682745030789,1870.8980592113019,789.432805173688,0.0,0.0,79.77845517716597,-48.93262071673921,63.16819301842429,61.598341733923604,64.15339906904359,70.17521136647808,74.10148519830473,73.31692558049197,70.81314916507338,67.2628699940955,76.0928156547906,82.32364744991432,66.71504328538634,19.711723657761667
1611,1749.8549217003463,1871.5080678298636,0.6538667334821621,-0.10414593196443789,-0.07996681803262691,49,0.0,0.21795794448352757,29.76887271189139,-3.684405972720727,1749.8549217003463,1871.5080678298636,3841.62086771321,0.0,0.0,79.11282247710326,-48.93373653820212,283.93194689279994,342.8578038127123,344.52821513334055,353.55130526730693,388.03863939938424,299.46138354280924,325.5548250476893,340.57034263598445,359.8228397668541,337.4448697824764,381.0615879321034,84.79710849974833
1612,1829.4836238071744,1871.2489070409183,0.7107493951108748,-0.44890357680887827,-0.11509065312783735,49,0.0,0.05216998020677065,6.397869781525646,-2.015088491159696,1829.4836238071744,1871.2489070409183,1802.931299001969,0.0,0.0,79.06231698274252,-48.93379213755435,133.6726686536377,175.8690467989266,143.67510936749574,147.44222079791282,149.70237360205354,173.09869640252623,170.65807063312872,153.46460347415066,169.8545085940334,165.17560596529606,166.70839086232047,53.610003850486905
1613,2958.4624779568035,1870.6503092237915,0.5419686516321847,-0.5583935714896507,-0.36936917812397835,49,0.0,0.7971979425348611,112.79947570114373,-5.130767702561808,2958.4624779568035,1870.6503092237915,18368.70812468074,0.0,0.0,78.34630808075629,-48.930926588114424,1501.1630091053914,1590.2080765105254,1612.010022237595,1638.1455046012843,1629.28907717499,1664.9995086977494,1715.7530054269014,1619.9383997119135,1638.5233979354616,1589.7673772615,1647.2781007407802,521.6326452766467
1614,3089.6478137295608,1872.3858461962243,0.6413373393417481,0.08040141957925147,-0.23188919198358413,49,0.0,0.017026494413145573,1.8582947620140087,-0.6727865068713097,3089.6478137295608,1872.3858461962243,1548.3382719709125,0.0,1260.9962729307204,78.2631360759273,-48.929554255700424,131.4175211633899,145.1641754739997,171.39374243485068,121.96592258003913,156.54159500882196,124.9695104516938,146.89789673186314,127.44912128118446,137.701878270771,125.36253521768101,120.42199459716227,39.05237875945521
1615,3095.2605621305515,1872.8851754322286,0.3323863285383858,-0.4175799044066968,-0.389124326808757,49,0.0,0.01677979349312471,1.9808623255260738,-0.7421357303126828,3095.2605621305515,1872.8851754322286,1997.3542102889169,0.0,1603.4890650253728,78.25958108040348,-48.92931711788774,204.02506411745895,182.44215412849098,218.2841001970226,185.2223485243604,204.3462303601903,169.83458067762754,169.65634311620272,146.59673466925622,137.8593731912136,159.95675264667904,164.87458799208335,54.25594066833131
1616,2133.2730216379164,1873.2704564353817,0.6635259258580666,-0.08276170872115793,-0.20174866313678078,49,0.0,0.055439296090371626,7.0384810684142955,-2.1186973670385454,2133.2730216379164,1873.2704564353817,1617.7958001641668,0.0,0.0,78.86964402349426,-48.93254747041297,126.08819393759394,133.01062511855713,153.22987812132112,134.61912160273386,157.76603698265555,140.02227975207302,152.4390732459708,130.43720877290343,145.14275069440788,157.26766832806004,143.3956318567332,44.37733175115676
1617,2291.6281354636985,1873.0876474348631,0.5519347529270727,-0.41081739731279693,-0.32553044522180297,49,0.0,0.05109678148314125,6.806199889405482,-2.0822617490545663,2291.6281354636985,1873.0876474348631,1693.2768599656379,0.0,0.0,78.7692109469759,-48.9322866655342,153.43338469432348,150.65035877947048,134.95584577643285,126.56008719720765,140.9845591505956,144.8234625465407,155.586663421851,147.19246231088232,156.50577766162866,167.13435866097592,174.6819111029507,40.76798866277865
1618,510.5778729267555,1873.6480036130718,0.3188186498368141,-0.7863097631582913,-0.45829107180523826,49,0.0,0.025735010787240394,4.754328534604922,-1.6927229728431195,510.5778729267555,1873.6480036130718,1357.1161668905527,0.0,0.0,79.89880195988236,-48.93081833554509,124.9440752038133,111.11251676643008,127.0412909907307,113.08115054659811,137.57990517881308,101.7440401455968,113.60395459448719,112.44874163402024,136.37681793759631,135.0994189179333,111.93392832938552,32.150326645148
1619,2453.253667891612,1873.650429102281,0.6030719580771652,-0.1281411881857964,-0.14673214417343278,49,0.0,0.23154664175124962,32.91057310631501,-3.793338612963448,2453.253667891612,1873.650429102281,4467.944326999072,0.0,0.0,78.6667095366489,-48.93161834360006,388.47947460850355,418.65108720330323,361.19095513356336,396.20832608182377,365.68032528243367,407.28113504539,388.693459296745,392.86808427734843,408.21981274227625,406.7476491581947,428.7465172931959,105.17750087629379
1620,348.47747890963086,1874.8349572002282,0.8740772579707915,-0.11600557787495804,-0.5892936308188215,49,0.0,0.025753072160040445,2.3732719412599628,-0.9383687617063851,348.47747890963086,1874.8349572002282,1242.8373193570465,0.0,0.0,80.00158894976862,-48.92966384953572,99.42795349397605,108.80440199574855,112.39645531698504,103.63868801774905,92.65987495123915,102.91101863267211,106.73205301449599,103.96279444153794,108.25315616459368,128.79691725360175,145.20316060541188,30.050845469035472
1621,1163.901318319433,1874.8109975819732,0.906821695118396,-0.15311078827870162,-0.43314197427543727,49,0.0,0.013327647309102159,1.3144544446512911,-0.2968638481496998,1163.901318319433,1874.8109975819732,762.4679060152247,0.0,0.0,79.48446028466675,-48.93206768459235,82.54777771245861,66.543267248781,70.26663314482465,58.99325891572862,57.193316748603706,67.17308611830843,71.41887354366783,66.4906629023605,73.34020069815604,60.61394822509236,67.20935832417888,20.677522433064055
1622,1897.0904694962817,1876.462935980344,0.6157646277157345,0.08980447657229927,-0.14625396539615898,49,0.0,0.042363707608475715,5.580529925606438,-1.8666886034546792,1897.0904694962817,1876.462935980344,1342.7078889064735,0.0,0.0,79.01944504853762,-48.931557862770546,123.8806084072846,100.21812728917527,122.82545752624488,104.95121148150034,122.42794828082818,121.52863284237765,128.19339099325452,127.03438944937508,114.92697930215695,120.95043892666403,124.00115432622303,31.769550081389042
1623,2667.996347940117,1875.3810459907506,0.9779687131389553,-0.4962074325984806,-0.24040087976081542,49,0.0,0.013871586469472208,1.1111609604087171,-0.11444243617750272,2667.996347940117,1875.3810459907506,874.2268353175797,0.0,0.0,78.53053424630215,-48.93018039975907,81.06633103414967,69.67504994721891,72.29009538697487,56.70514966260005,69.19224982596371,74.20826759168725,73.31060133875113,88.14346793095328,77.02244451963446,91.48271332795909,92.01866627710493,29.11179847458238
1624,3103.6808058499273,1877.0762690089896,0.5021771919577127,-0.6091432677327305,-0.853344247127214,49,0.0,0.033188589578038316,3.8302484948481177,-1.458067376462343,3103.6808058499273,1877.0762690089896,1996.7505975451309,0.0,1625.6176791910752,78.2542753731791,-48.92752719727963,210.35478526508766,154.60566587778538,206.2063811997125,195.19939380813105,196.1939529738379,191.64786974341453,164.25199622661427,143.2738228716704,133.4249257815298,180.9754895095383,175.45969550796534,45.15661877984384
1625,1580.8813139250997,1877.970346424256,0.6072400588942871,-0.14748969531323558,-0.20648716276219772,49,0.0,0.3190934932052618,45.58580061108007,-4.14707396649766,1580.8813139250997,1877.970346424256,5679.850778618382,0.0,0.0,79.21999513912685,-48.9310820505433,449.97468767678527,484.93710718952013,475.9580143266617,499.7880290801996,517.5852890330432,552.6786102419817,485.02780560721067,478.6318598965788,503.10875086953996,555.7999897246701,519.3142886235105,157.04634634868037
1626,2303.504911825028,1877.4435037277267,0.5455324040745071,-0.47817345801864597,-0.2466720509957376,49,0.0,0.024610257444540797,3.3620841266819026,-1.3165214405877688,2303.504911825028,1877.4435037277267,1168.7602371582066,0.0,0.0,78.76169475132023,-48.930442999480405,109.25119116737491,135.63335350022948,77.7162481244975,106.84191767180155,82.82874889241296,96.50360680156393,104.35512563549571,127.65626751135208,102.8048799045502,92.9278898281833,103.21751306349529,29.023495057249725
1627,2529.956791337721,1880.7046106376256,0.4399281471298113,-0.02646511428060373,-0.18662393092871588,49,0.0,0.05518495172202883,7.510318215481823,-2.189145846604958,2529.956791337721,1880.7046106376256,2323.456973940645,0.0,0.0,78.61810008195428,-48.928441603958795,160.52081689565787,210.800005152453,220.9539098710811,203.93834925161315,219.93518193153994,225.0590665524868,178.01576883255802,235.7871790281413,208.04230070665193,195.5670670330664,215.96968585464157,48.86764283075409
1628,2158.3399010542485,1882.3468048882373,0.35682283516352753,0.0037916302080407854,-0.33937293707047816,49,0.0,0.030589790536853238,3.848338932210005,-1.463183285952373,2158.3399010542485,1882.3468048882373,1968.1197460927528,0.0,0.0,78.85377273029488,-48.92871821359946,175.55795950321138,168.72710581482943,172.34511481839817,176.27464206287237,187.2460760973934,163.84206869821173,181.47780470774836,170.69824490742616,171.12102664659315,164.33592294001073,188.19040887014614,48.3033710259118
1629,240.28087204325814,1884.0250547427095,0.5985934597275654,-0.05446711112798183,-0.40341552700222766,49,0.0,0.014034105825925307,1.914690761952775,-0.70524660474043,240.28087204325814,1884.0250547427095,1314.9275239634467,0.0,713.1773875318491,80.0701313482478,-48.925343769341076,106.61897992310219,121.42395151973648,99.66999309973119,82.79544995765909,134.89221947529077,81.94853198290215,76.52157511166234,120.2243196425397,191.25701537760017,83.30469818827196,180.95385799651459,35.31693168843612
1630,2042.654427107737,1884.6393908855887,0.28891927024456415,-0.4217884644633999,-0.034973863359996256,49,0.0,0.011270589410228163,1.5509122902379127,-0.4764680939170226,2042.654427107737,1884.6393908855887,1075.364254134015,0.0,0.0,78.92714401825351,-48.92796409836415,110.23353799036474,83.94028176798656,86.97938297973155,105.33485153227247,91.83685857812566,98.24538298831047,87.46990066505762,96.35926634497024,91.05721131242166,94.36706526075889,106.93641479186576,22.60409992214931
1631,2764.7483957679674,1886.1846602207734,0.6361660628795479,-0.39338095979933907,-0.268248786756525,49,0.0,0.019006570877682583,2.1685250813815036,-0.8404111240198746,2764.7483957679674,1886.1846602207734,1008.4912470805926,0.0,0.0,78.46924619755721,-48.92530391269177,74.99970303029507,93.56566870036285,94.26674824053245,101.75389644448116,76.41448969269871,91.61539180288688,73.89485458519187,84.58311969117406,98.56358841542327,85.55131585375467,101.08690041839202,32.195570205399676
1632,2264.181111171842,1887.717594025657,0.97249525473411,0.27387220796541306,-0.15890973396729574,49,0.0,0.022440583557271684,2.003624313299902,-0.7545407326633742,2264.181111171842,1887.717594025657,933.9091344168295,0.0,0.0,78.78666980076704,-48.92625569729355,73.843539145799,70.39807491551183,67.65537498504813,72.75949882042977,82.3022856517696,86.4178706736192,96.97622365777187,80.74996944135552,83.05122843469921,95.30828305222741,95.84596004917643,28.60082558942158
1633,726.8244807656502,1890.0439602098652,0.6325159245005302,-0.20956373023435315,-0.3757773144634933,49,0.0,0.13564675521195532,18.86065135099687,-3.1888917174586133,726.8244807656502,1890.0439602098652,2789.6581730793905,0.0,0.0,79.76158788206091,-48.92472525642817,246.03296668399716,256.4119387833305,257.05187706727475,243.49200479608328,250.99342619763394,241.02321306169594,224.75361313134653,263.52482805841817,259.29722759586883,236.43459847493003,239.7762215042654,70.86625772454605
1634,2008.0628092885947,1891.7822434575633,0.5985574421039187,-0.4058344014728864,-0.09679790839104206,49,0.0,0.030880585405777008,4.429763765874583,-1.6159514160584088,2008.0628092885947,1891.7822434575633,1030.2376531575842,0.0,0.0,78.94909668157716,-48.925039050582264,82.81423128772644,83.41148597686589,99.92076349722737,91.06501376579746,105.05507052537396,92.21839516181437,78.23429748642153,101.7458455650598,83.50355972945393,86.10489952580923,91.78658555818927,34.37750507784479
1635,2816.594699777386,1891.5902950054854,0.5652303211602525,0.028564749504169124,0.24794090724464482,49,0.0,0.01084235961629095,1.228666186865369,-0.2235847664222565,2816.594699777386,1891.5902950054854,849.0017897996472,0.0,0.0,78.43640667623818,-48.92283727300712,90.16354592783715,75.03783071677054,62.28176687472988,81.99988281626466,63.602524104287795,84.31976688603703,64.701784246589,73.7807934667259,59.62390057019521,91.2482693128217,80.87520987598933,21.36651500139897
1636,1341.6152055779999,1895.2370617262225,0.5513201132352323,-0.1117984526435608,-0.20826060735829524,49,0.0,0.0808254929695154,12.22868354366451,-2.7184492659563473,1341.6152055779999,1895.2370617262225,2086.3996696217196,0.0,0.0,79.37172002744414,-48.92377179143333,162.13946567058704,156.6126088272086,199.16274090367523,189.11696973203422,210.95612053433524,166.83080157297093,181.90111022325453,187.75173764566114,177.43390306939608,200.6412367939235,203.41251415398128,50.4404604946914
1637,1642.932522347875,1896.2320873918966,0.4959977540288832,-0.09484266240503683,-0.12154652875194225,49,0.0,0.04693181644946418,7.102209658667656,-2.1284837215397565,1642.932522347875,1896.2320873918966,1610.8532680619128,0.0,0.0,79.18064469517026,-48.923470564473824,134.79311278446923,142.06487413704212,139.7696528416579,144.64400513176395,152.60045882682385,149.65055790873498,130.60811423480595,143.09662376102784,144.94537541450995,147.41446608946572,151.1847924725795,30.08123445903191
1638,1006.2901047377953,1897.0846375501444,0.9846697553564924,-0.143284447490115,-0.13367094255220774,49,0.0,0.01214320737930853,1.0261823383212887,-0.02806133929575301,1006.2901047377953,1897.0846375501444,804.5475026579475,0.0,0.0,79.5843507758525,-48.92250476934876,48.50861287935571,71.34974511676637,81.59644602325376,78.44604649105895,74.18462612570809,68.20735566964865,76.37163373318857,57.54648951184021,66.42851686988169,57.57070473499344,100.97047878004548,23.36684672220661
1639,718.2320599785122,1900.8995266919571,0.5903864961002242,0.10797118321755096,-0.2310849716463088,49,0.0,0.012394525403374925,1.4620528516983584,-0.41240768050481613,718.2320599785122,1900.8995266919571,973.2865270653621,0.0,0.0,79.76698560113799,-48.92017611559879,76.68361582918159,75.64211288875718,82.84793446795132,92.50811364844486,68.45703924343366,87.79337616114796,79.61920061218433,70.45266693610849,91.8422962966812,102.39506028398088,120.20470711436715,24.840403583123422
1640,1631.631172014291,1900.9083001707256,0.7238357709602069,0.5543136707058923,0.08231870722427685,49,0.0,0.010145278503493884,1.074115218501292,-0.07762717472039302,1631.631172014291,1900.9083001707256,825.4867817694621,0.0,0.0,79.18781199341473,-48.921523596801734,74.84791392395533,76.7313755026991,71.4286847731761,67.08846456186764,62.22669502581452,94.74275321162614,66.30923608908267,66.13603494611138,70.34568250334507,75.3545868135705,78.61282992983612,21.66252448837748
1641,820.1284090414316,1902.6283112586927,0.47573610912378556,-0.2941814101091699,-0.3516326601000192,49,0.0,0.06870789218319043,11.522236109408453,-2.653841925959691,820.1284090414316,1902.6283112586927,1817.2514716699202,0.0,0.0,79.70237089308159,-48.919750248386556,134.48242542729187,180.0769699767819,157.62923357959335,162.12934868217803,155.3909314093963,181.25787568595086,166.71199435745535,142.62026146314716,147.97650276751523,153.88652110890666,181.7272775782253,53.36212963347822
1642,949.4814010999079,1903.9845088253408,0.4262580593298854,0.12111634254719235,-0.48136494810181885,49,0.0,0.011100540234894924,1.3979872842086725,-0.3637580529463279,949.4814010999079,1903.9845088253408,926.014865160651,0.0,0.0,79.6203491166861,-48.91950696167273,75.24028268595563,84.59256920122164,68.12207288683328,71.48274485674023,85.3904303050029,91.863713256475,77.16042509540216,86.94514948312329,93.99304702311139,67.58947745780881,95.10649649620623,28.52845641277035
1643,2230.9189461697574,1905.9117860205968,0.4926719931285028,0.10562344927662096,-0.025358397647105225,49,0.0,0.01834618140077473,2.6225631447043516,-1.0468148842674354,2230.9189461697574,1905.9117860205968,1008.3225567353788,0.0,0.0,78.80782355776114,-48.91874982801986,111.60297251537793,80.6695371601071,83.42198258418051,99.54394826322559,78.84561909596866,89.70835312694152,89.53148499939678,84.09336493772324,82.19785569802207,89.68151982491543,94.32617134707726,24.69974718244273
1644,215.8522272976642,1907.3869495241743,0.5690098732863071,-0.6867974837894979,0.11908911853442333,49,0.0,0.059894671688236714,8.603081239881895,-2.3366350600315724,215.8522272976642,1907.3869495241743,3047.252667004742,0.0,480.6343046004976,80.08544887287387,-48.915494291617925,192.88880341189613,206.80335528323988,490.54222840161367,361.5134015836717,81.92901552200199,447.48113565782353,313.543855787039,252.08273121545784,119.04297376421717,182.99027420045235,368.11997722463894,30.314914952689655
1645,1985.9307203462224,1906.7708524359946,0.468405476261707,-0.12083408141566375,0.04323230179646859,49,0.0,0.013358573337975473,1.8113205577387879,-0.6449882905248914,1985.9307203462224,1906.7708524359946,902.8573608432873,0.0,0.0,78.9631621793926,-48.91882439039189,71.94152271044788,83.34987495756204,71.20156938890355,65.4968709715878,77.56496670589536,74.47422913711974,71.84658157024381,94.57619135628896,84.71366458433451,77.58264468815695,106.34425720886377,23.764987563882876
1646,1528.8076035160527,1908.2639377469864,0.5482507688892877,-0.2625512348538487,-0.4306527210291691,49,0.0,0.02207083359709492,2.8537899213579276,-1.1385549995980644,1528.8076035160527,1908.2639377469864,1084.1100805247424,0.0,0.0,79.2530101724317,-48.91845151503174,101.97886848884674,88.45065776327306,96.71648047723221,88.39219664784525,89.57605123710084,85.68175598393626,95.35054873678274,107.55799730116016,89.1489324654903,109.81003841936834,102.15281603717585,29.293736966530677
1647,2138.8678405579217,1908.3961956557253,0.9743310409456963,-0.17812444053605894,-0.11104001505944437,49,0.0,0.01425498848213066,1.1994157752257333,-0.19742439141204754,2138.8678405579217,1908.3961956557253,878.5608350458035,0.0,0.0,78.86619586540873,-48.91790165176667,72.47440406945168,82.27407975990607,71.89676233234164,49.89594678105185,82.4547405024204,74.84651640269055,90.18573752613182,77.32392165750264,86.17519164839958,84.07986714075865,89.21377855653297,17.739888668615652
1648,2302.466282740052,1910.4941284697056,0.7729589292150912,-0.36958652811874254,-0.19862785916923564,49,0.0,0.016265954100958355,1.501367333128085,-0.4412174055467208,2302.466282740052,1910.4941284697056,1024.8678978181874,0.0,0.0,78.76247641345931,-48.916674922057624,92.12327898837094,92.05228496807547,90.07453703149716,93.18246956535943,98.29194385149995,90.66020848848613,93.56951357243258,69.57418453235135,94.65009492656101,80.36972631739714,101.91623270960253,28.403422866553647
1649,2376.0555880815655,1911.340596580771,0.6603786164250044,0.025027015689094472,-0.2215811834636682,49,0.0,0.14203870162673374,18.969379448143386,-3.195132809739425,2376.0555880815655,1911.340596580771,2810.5875796197224,0.0,0.0,78.71582337267282,-48.91613330400839,257.87553329769236,283.1612339998222,226.43665785330847,261.49872424910654,229.28985250469236,256.93300823876586,242.30542798773357,282.34472186065716,218.47176818523667,241.06288667001533,240.04457628012227,71.16318849256936
1650,1706.7226214904595,1912.1636740998347,0.8069224149602096,-0.7868218227532278,-0.444662401887098,49,0.0,0.012174187642137882,1.1934512490190203,-0.19201170830571535,1706.7226214904595,1912.1636740998347,814.902261990582,0.0,0.0,79.14020246315768,-48.91681595789177,77.19752312427445,78.55608265836243,60.62964822809495,74.20687852559402,70.87156709414998,77.56658380446076,58.34601854256523,78.94933294521488,62.65769046028725,74.11134622675371,81.80650816018547,20.00308222063884
1651,516.3841529324125,1914.186644495489,0.2531590281649959,-0.105189448082583,-0.4827028771455639,49,0.0,0.007939850678178179,1.5791282798009094,-0.49604352791303347,516.3841529324125,1914.186644495489,838.9033208762197,0.0,0.0,79.89488693270222,-48.91395047575664,85.36820067166313,83.70867831375327,67.6970501990904,72.02402782460064,63.372284578417606,74.56558815010978,70.55145942680281,65.92964784179605,77.90422361134854,75.79816076656597,80.66672229463957,21.31727719743197
1652,685.0497906838376,1914.6623311520077,0.7913875914249388,-0.4869625284903341,-0.32383953847080243,49,0.0,0.020450575159315098,2.215937985193137,-0.8638940053651684,685.0497906838376,1914.6623311520077,942.4727339992455,0.0,0.0,79.78795781505497,-48.91433826890495,74.04804119824271,71.48151673356791,75.45033756863285,80.50228959385294,72.42504148686217,94.97807717811202,92.11536446176802,87.39090453421765,87.94124856862054,82.0314304883124,96.5252228123143,27.583259374741907
1653,1545.170892906585,1915.1282510092515,0.4820806446144099,-0.3835574433691334,-0.31147864973484135,49,0.0,0.051027771674151234,8.055181967549748,-2.265188389079313,1545.170892906585,1915.1282510092515,1663.3765650378893,0.0,0.0,79.24263275205196,-48.91559501178804,145.3459249373905,150.45847707271676,141.84146824532877,134.60264052587553,152.26355995085777,159.35142525797636,160.13863755776254,132.31660636072846,150.23309240191134,149.33287701632767,152.83882471295945,34.65303099805412
1654,1348.5138620062505,1917.4712829998775,0.8065372158791517,-0.25578660682259957,-0.507969608278642,49,0.0,0.014583051581638484,1.461431068173581,-0.41194583914494864,1348.5138620062505,1917.4712829998775,932.5560502568446,0.0,0.0,79.3673156872059,-48.91451374038702,87.70108649582068,87.56972797816664,76.80682762184043,75.97667492783827,67.92493752921368,103.59905376102265,78.17585965441123,86.97178466394543,75.46340570960308,72.72397934425933,84.95906556818024,34.68364700254304
1655,421.7166277491173,1918.0911742089554,0.5812614733189708,-0.46533455136552765,-0.4099119846976487,49,0.0,0.018946689104988156,2.1129806301758878,-0.8122387896654677,421.7166277491173,1918.0911742089554,1102.4251129710938,0.0,0.0,79.95487566618523,-48.91195153555889,86.40965387258284,100.05195844011637,90.96587325331356,111.98680512286312,92.39209607570172,104.82068150888709,81.76667797543956,101.31049783823389,107.61264493459359,82.24048695640342,108.43631697052072,34.43142002243787
1656,955.4862065629574,1919.7920272137442,0.6254719811845296,-0.9388618400537626,-0.26794641610167264,49,0.0,0.011947369183125339,1.1648829804617182,-0.16570575011689595,955.4862065629574,1919.7920272137442,912.8300750541308,0.0,0.0,79.61648770264863,-48.91293422248138,87.38131471809004,97.12785030574504,87.70794936934485,77.23807127864995,73.89942103690183,71.54113999074124,77.40493148971878,85.17524477817636,71.80535961377072,93.0553293327593,70.93381758713153,19.559645553101184
1657,2361.7875754951183,1919.9763823397896,0.5437718716558697,-0.9938434523705617,-0.8595703820224863,49,0.0,0.01110152452284656,1.1475341425846233,-0.14941403991433605,2361.7875754951183,1919.9763823397896,984.8341639187448,0.0,0.0,78.72490418784521,-48.91257330950789,97.54800515902426,92.73705352428611,95.36990405642973,86.53729256659159,105.98982676367154,88.31467260751342,76.50983629947007,71.59933036955262,79.28675583376953,78.01208945869573,88.77072397512333,24.158673304616812
1658,1983.2830361785263,1921.0726703393104,0.5401024901884602,-0.8964808203413319,-0.6270078015017941,49,0.0,0.009175156164628752,1.0130307054455334,-0.01405652308347321,1983.2830361785263,1921.0726703393104,856.4576488145531,0.0,0.0,78.96486998649411,-48.91286891892066,60.35918959848033,77.97386892582938,74.88809314895488,79.81285524104142,67.2714979143304,67.42886263240511,76.29464319206758,69.4666862476833,84.02672333790275,84.493519541605,94.3568861863698,20.08482284788304
1659,1257.064170290507,1923.4961054758496,0.5573609229162961,-0.021185772469831516,-0.1669645250105069,49,0.0,0.12070928606408338,18.43382111143607,-3.1640384215533186,1257.064170290507,1923.4961054758496,2644.5613555035598,0.0,0.0,79.42528481012015,-48.91190881545034,230.43443336888905,231.30789552514818,229.2868457933424,217.80106465517093,251.82300332462916,232.30134872131615,222.73070742711388,245.97933252575268,232.88495858922317,249.73981907358137,224.5882542794696,75.68369221992285
1660,676.4401638770232,1925.1189738891585,0.5651983359958916,-0.49524742169922326,-0.5339929649175348,49,0.0,0.05419180095824036,7.678286016884765,-2.213160713983693,676.4401638770232,1925.1189738891585,1704.4257306248078,0.0,0.0,79.79336484189648,-48.90995406830801,134.2812954891728,163.36653103888938,163.37188907078382,162.2909511706007,144.02334502536783,170.93911451871577,126.51436097401542,157.12943032807317,146.40610250129333,157.33064726284343,136.48617774314513,42.285885501907146
1661,2428.8888858930186,1924.800308119516,0.38216780493454655,0.13504922065837405,0.2324700711607479,49,0.0,0.008219745477769123,1.01774178488627,-0.01909401370582075,2428.8888858930186,1924.800308119516,871.226118570934,0.0,0.0,78.6823861253875,-48.9103781063118,83.26154610558848,62.259476918587744,64.0833330524546,63.80298777060324,84.0986050278662,78.19212396564077,80.58202533350777,76.89573071504145,92.53398562209522,69.76321962833742,94.11402397236827,21.6390604588427
1662,577.3717540681017,1927.4452178049828,0.5931072657051684,0.24491427664579496,-0.2071708982532498,49,0.0,0.01415294823704708,1.721822841370654,-0.5899711619678056,577.3717540681017,1927.4452178049828,955.3670219396415,0.0,0.0,79.85615204757694,-48.90864974802038,82.30402643948014,75.62287655075123,75.83584978714585,89.66080999720467,92.92439207449618,77.48360069671378,80.64578346566188,86.63005510930248,80.11455965945127,86.0611445310289,99.51483731074153,28.569086317663626
1663,1792.4856523076928,1928.1839485707876,0.5979195920635473,-0.11041489806980136,-0.1652519979955679,49,0.0,0.054803287726742866,7.645858483218204,-2.208565638560712,1792.4856523076928,1928.1839485707876,1604.1075418057746,0.0,0.0,79.08584122273281,-48.91009645150687,143.96604425785145,137.18378383085434,155.16369248944278,165.46433181543475,134.9321055496847,151.55106218780284,122.49794615246395,140.46842675432185,144.96695506510451,118.95543161045157,143.04908517911994,45.90867691324189
1664,2068.3294754101235,1928.3532971008103,0.2566180818243811,-0.19013278189071336,-0.0048967210947001615,49,0.0,0.020508767952639426,4.131791977674029,-1.5403461201982886,2068.3294754101235,1928.3532971008103,1221.2143574811084,0.0,0.0,78.9109699077066,-48.90970968975076,104.69273744118011,114.5763918324503,92.70613323707272,116.11455323511396,122.59184018949446,100.98989036249026,128.83809983399163,114.21697661604418,109.71524721412379,90.8232536037942,89.78124233422602,36.16799158112674
1665,1562.9616448917245,1929.169037891607,0.7322916474652581,-0.09200554431404064,-0.04473054057795666,49,0.0,0.02091306493763364,1.7795854523026995,-0.6257971170852661,1562.9616448917245,1929.169037891607,1342.8463343588976,0.0,0.0,79.23135009059463,-48.90974758738988,97.47116849153716,119.91535282148664,123.3342291237944,111.08970570836865,119.653369643721,126.90070991304738,103.88335590175637,128.28093791318645,107.72464338754887,133.7594532458339,129.85204711740215,40.981361091214644
1666,2132.9029339772273,1929.3866944992662,0.4026696695767717,-0.4232451639214583,-0.023898019660419406,49,0.0,0.01719564092572438,2.8461668722301043,-1.1356508985099378,2132.9029339772273,1929.3866944992662,994.0608272265475,0.0,0.0,78.87003708702417,-48.90916690893824,85.12709290813038,95.51629306110826,82.13916928027314,84.58648613750148,84.78414472270823,100.25342714728322,88.42310500759875,74.83363222105439,98.22998801433752,87.25050684424743,86.44997167684622,26.46701020545853
1667,1049.113586827061,1929.6354368277293,0.5659348878214625,-0.2276446399907984,-0.2669605524812673,49,0.0,0.2151059019757152,32.67886075994329,-3.785667269720232,1049.113586827061,1929.6354368277293,4086.9278468322964,0.0,0.0,79.5571012928284,-48.90902752650398,304.4922856757153,375.94196684589406,386.68791708681954,366.81800398304006,367.8893448287955,412.28146595342065,359.45009055531784,336.67446030783645,372.35162170197856,348.1599482985888,334.55989052353834,121.6208510713517
1668,670.1859785448718,1934.3256244510792,0.4145564459025078,0.1244690055245604,0.026029819574076157,49,0.0,0.010714464120088687,1.244265949810771,-0.23728304130267594,670.1859785448718,1934.3256244510792,972.1292954074019,0.0,0.0,79.79728406571009,-48.90609804171132,88.3241822332412,87.68550928000573,78.95002699073713,72.0756499005673,75.63673645240802,91.80967317888792,81.33792455822201,94.84491956504147,86.61513038479949,85.23304345855395,96.61051224828725,33.00598715665035
1669,1678.868573457153,1934.0602835240284,0.48027696836616746,-0.34348686114653376,-0.5831792862112473,49,0.0,0.016165838390656353,2.3357981594963326,-0.9210882797436594,1678.868573457153,1934.0602835240284,945.9368784638052,0.0,0.0,79.15787227819911,-48.90770135912241,75.35201215956512,97.52093380164575,78.63880493537245,71.32635006772826,105.87722084058547,84.622111280309,80.84974469068432,78.49314004213326,84.9992281387954,72.02524418332797,86.96127363537991,29.27081468827827
1670,2022.781784673471,1935.194250049359,0.5082637975304121,0.11680329822168393,-0.28582649879782995,49,0.0,0.013237332733326853,1.5064691996884276,-0.4449006419781385,2022.781784673471,1935.194250049359,959.5184674536438,0.0,0.0,78.93985992429037,-48.90692977469773,76.29776745151142,73.16810344426183,87.3167114740836,90.75074627861912,79.2545127360525,91.69080124477684,87.31053039876309,97.32253018895767,94.65541720337785,76.728198282441,79.1702519842825,25.852896766516402
1671,2335.843654859845,1934.831606800294,0.79775426589071,-0.015504990503544683,0.08391905575044904,49,0.0,0.015155385637029619,1.5314922721124753,-0.46278702426134916,2335.843654859845,1934.831606800294,883.3749285857717,0.0,0.0,78.74140948732652,-48.906451335026475,80.93855718388315,78.75222055933916,84.73893731294966,77.98365124253138,71.29498497372111,67.27598891983195,74.3382743179431,89.59206391284073,73.8033977059556,77.41929795025065,88.54880979434684,18.688744712178394
1672,2839.5775535025946,1935.5863687584929,0.5463386309327969,-0.37290964076900696,-0.1623598037830701,49,0.0,0.02872517863507554,3.802385271660078,-1.450140297682656,2839.5775535025946,1935.5863687584929,1255.2143698058085,0.0,0.0,78.42212349808955,-48.9044093292388,120.01730223467558,124.81104558359922,91.87519622908738,108.56926347787753,99.40303220441952,123.3706373768983,122.84207736731082,108.794063648128,100.53939561788731,106.12085237292135,117.59902978085127,31.272473912152392
1673,1778.2819295090733,1937.5233572388088,0.4765952219264265,0.35100397038962017,-0.02470461606940397,49,0.0,0.034337951157115534,5.141528613138215,-1.7777306426023558,1778.2819295090733,1937.5233572388088,1328.6434863123436,0.0,0.0,79.09485458554775,-48.906214186104826,104.84843798669638,136.3921467613775,99.12904955942238,120.64529563504922,111.76789017912647,118.70934747501997,118.01958800730455,115.66051394807877,121.11470957105647,129.74670292644768,126.47429475095805,26.135509511806116
1674,1941.8428938790491,1936.6952816924593,0.9102126015594486,0.5673781073749181,-0.012388571649526892,49,0.0,0.02947778934281284,2.9872369846912057,-1.1881741939903068,1941.8428938790491,1936.6952816924593,974.6258333876524,0.0,0.0,78.99117080616296,-48.906411719697786,77.10306301206589,97.47205551580043,85.19447835626153,91.77770409871191,86.66655349277427,89.41364902432709,94.47058545420138,58.983275813250465,81.0075206429012,98.89280942666664,87.03113213383975,26.613006416851835
1675,2973.743528241234,1936.98537373509,0.8462370424102854,-0.20139776084187402,-0.3481036936301521,49,0.0,0.031038940177413682,2.9326796727769584,-1.1681615724337275,2973.743528241234,1936.98537373509,1317.2782542308591,0.0,191.14378374291385,78.33710072425207,-48.90321775628075,127.01208595486146,111.69517987511429,131.80383409417584,118.6185892402498,129.29990160186202,131.56377390337792,112.52577017750124,111.72777021649931,104.67124122320982,103.44681302515022,105.16292456076638,29.750370358090972
1676,694.8680461919761,1938.7982747895126,0.8454139816155843,-0.018772171290660455,-0.557780358112148,49,0.0,0.03119321104068278,3.2435363693582118,-1.2775469299549829,694.8680461919761,1938.7982747895126,1060.6963030899653,0.0,0.0,79.78161756301951,-48.90431325499582,90.4933436404715,97.25609949513665,90.12883750123933,100.35249614151675,101.00987511731202,80.25900691095829,99.75964084417609,83.49133419669056,102.49435635405514,99.76942834269533,83.17356202230842,32.50832252340527
1677,2452.642835836817,1938.6491166753824,0.5520040510029219,0.22634748325147624,-0.0611683542581429,49,0.0,0.02506947917230556,3.421667622108935,-1.3355945506407125,2452.642835836817,1938.6491166753824,1144.8650530622406,0.0,0.0,78.6673904357662,-48.904538708841905,98.45825264787229,94.7713916986884,105.04444172921681,109.47534041376278,101.01967431776873,122.71967796452424,85.80797164034388,99.82807580190082,90.72408632480521,118.6692286745313,98.96466358613304,19.38224826269297
1678,2515.8367624135612,1939.2919136419407,0.6193566484613553,-0.14605234601566658,-0.17846304851384062,49,0.0,1.134872466105614,160.60428580324046,-5.514392826140323,2515.8367624135612,1939.2919136419407,18717.26492226733,0.0,0.0,78.62733840697328,-48.904076889153416,1533.0182474983676,1636.8130172781396,1755.1995267960588,1702.0292585560705,1651.3035711428884,1612.589796054614,1692.8420207794816,1743.2843759636157,1641.1832186450124,1662.5133193449767,1606.2243953055763,480.2641749025265
1679,1535.0432071010596,1942.6382659342692,0.2910570812234435,-0.6361689194819606,-0.5579717513184104,49,0.0,0.007026697311456207,1.0040226587058676,-0.004358785109862218,1535.0432071010596,1942.6382659342692,906.0057574590433,0.0,0.0,79.24904446703876,-48.904130448328615,72.16604394636697,87.52576948292104,74.3096685126299,63.9557533007459,75.31458291033653,91.88150129334392,72.0111524749958,95.00534498429892,69.37240532013843,80.3347598578793,103.49044506989175,20.638330305494797
1680,747.9982725759123,1946.6809146018957,0.49072603499697354,0.022962342172005434,-0.0028160647073611654,49,0.0,0.00986469863520467,1.2740656499672827,-0.26297951718033097,747.9982725759123,1946.6809146018957,894.3920257369023,0.0,0.0,79.74790566149682,-48.901191233674496,100.4291816740845,71.36225075567828,81.39322336967265,70.57407757829834,73.34798574976568,67.31189395154297,89.38921355366809,95.66463731258216,73.0008190921888,71.34399420311152,69.98977680479615,30.584971691513093
1681,1680.7981281180637,1946.3730066322676,0.6336615552351204,-0.15479697763058944,-0.5610183625551096,49,0.0,0.010043151748670563,1.0849806489802551,-0.08855498113870144,1680.7981281180637,1946.3730066322676,861.0821435811915,0.0,0.0,79.15665431372825,-48.90257055932163,70.21469016791457,79.53711275653404,74.29970777248461,72.24299485637017,76.97695879966082,89.7734915402129,75.39743864831395,61.71157786674617,76.32609757332736,78.28537922784511,79.14010022036491,27.176594151416918
1682,2081.767706121026,1946.3092242671323,0.4625009595502169,-0.2300385769242427,-0.05767085962772022,49,0.0,0.011224583181229701,1.3732557743760516,-0.34437858463378834,2081.767706121026,1946.3092242671323,972.5107013537884,0.0,0.0,78.90249661429203,-48.90220604693713,76.70259576374536,114.74740546666035,65.25833131953675,92.41715094983545,82.85086337690318,89.31484777406023,77.59979531837354,88.96741921776933,88.46119822638659,83.04727579832623,82.49117563246584,30.652642509725414
1683,1920.0090461466618,1948.6319846400822,0.6465825124542431,-0.10446576709087683,-0.1524833787865078,49,0.0,0.010201349315120177,1.1642879474407422,-0.16515100430565838,1920.0090461466618,1948.6319846400822,886.1373794036588,0.0,0.0,79.00503164240162,-48.9014632199122,80.94255626304425,83.39859971288692,76.23440382604446,72.42016266385723,72.07969344481623,76.55476212447518,78.81927153595905,81.58309243226074,64.9362281363766,88.57476222135966,85.83582830269556,24.758018739882846
1684,2223.842519213999,1950.0455043389495,0.5456078332898525,-0.09480843845008856,-0.15287950835378575,49,0.0,4.353432418309583,645.5205297755374,-7.0247751472049735,2223.842519213999,1950.0455043389495,83264.58271148049,0.0,0.0,78.8124560912847,-48.90037673985778,6809.928087347026,7235.8720905563805,7338.049987453493,7439.120596874885,7556.411297506878,7400.193922036473,7418.398483545367,7527.548089410013,7624.032485242231,7473.04476860654,7274.604164111355,2167.3787387898783
1685,2965.1072388312696,1950.8148930456923,0.3258015790732394,-0.3066066598337311,-0.6159100841006792,49,0.0,0.013977362220500781,1.4222247906184027,-0.3824206112544704,2965.1072388312696,1950.8148930456923,1214.8829513122726,0.0,104.18568473976666,78.34267406486984,-48.89749721572188,102.33160368737103,110.18691809766618,94.38014731317634,121.41571021403782,85.66953747044258,98.41082987378044,111.2310197066285,104.50284729565044,121.4723720213256,119.00681714235287,115.2458639109444,31.029284578896245
1686,1272.9321087888013,1951.5678090949762,0.6378269537653072,0.08467457588858902,-0.24037925614742933,49,0.0,0.021036339442092752,2.666719044819076,-1.0649431562924203,1272.9321087888013,1951.5678090949762,1020.1637737761819,0.0,0.0,79.4151761955776,-48.900230918830815,94.19556140140762,90.7173977128331,93.58506645788916,73.66082169759778,77.73592315357847,86.08883231408208,102.6766083174517,82.3889166366487,99.33672623071007,103.48656691936125,90.69784141694953,25.59351151767243
1687,838.8372923160905,1953.472708221752,0.7042990173799933,-0.17120490225078325,-0.31050901110540735,49,0.0,0.03073199654338002,3.466957900374989,-1.3498714200150599,838.8372923160905,1953.472708221752,1199.393968895244,0.0,0.0,79.69030337553804,-48.8986160946915,114.25634265019991,88.42640336745654,110.1777859209472,131.08596119116515,115.500518142855,116.46487766092858,90.35549193718782,107.11222170584355,90.6329503801912,106.33727764308057,101.89132119687197,27.15281709851629
1688,1099.746369782241,1953.0160414224688,0.7299493467884954,-0.33838126425751813,-0.3356866797343077,49,0.0,0.02904294385468909,3.24931905180047,-1.2794808924232566,1099.746369782241,1953.0160414224688,1140.1356799815153,0.0,0.0,79.52494155558269,-48.899378365578734,103.88485193807992,97.31953146273153,102.61149059837427,102.00454075257815,97.32512340133246,117.53421197129202,87.98463975756232,106.18096148688969,91.09320712616991,104.31691557331206,99.21368510354188,30.66652080965087
1689,2202.8519640159493,1957.1341200143238,0.34043219043492967,0.5565135572111112,-0.3383077991803012,49,0.0,0.014131900836182158,1.5819944986217107,-0.4980124222682592,2202.8519640159493,1957.1341200143238,1678.749720936251,0.0,0.0,78.82578285038144,-48.897467917157975,141.8688031344658,135.0261070616225,144.8915617580667,177.35603535174403,127.95661470544214,133.297405791731,174.52113917619766,139.39691163782265,157.46541091851242,129.00676226904048,164.71430125129143,53.24866788031417
1690,2309.865357232695,1955.9443769946402,0.45573895808074,-0.13829415641138787,-0.062308010868841315,49,0.0,0.0201662483400034,2.8069966367318737,-1.1206047306868607,2309.865357232695,1955.9443769946402,1184.9264387963424,0.0,0.0,78.75795606029439,-48.897719868268055,100.2090806769693,95.01227002293149,115.33091663842578,93.96637367527312,121.605300581638,112.49398512431954,97.72273961966147,93.833759022766,113.87537121238842,112.53839160297079,101.20597744629406,27.132273172704416
1691,641.263126133003,1956.6218897706274,0.6390735850160972,-0.20393300146817142,-0.31298151638826854,49,0.0,0.052477617450667244,6.814846882840157,-2.083640256191719,641.263126133003,1956.6218897706274,1505.9719406613922,0.0,0.0,79.8155038199891,-48.8967135846541,123.4724394869701,128.8287934832618,121.27925755630099,140.38416502754833,142.9913628807697,115.70478337946236,148.30879570158558,121.95044945013424,152.08527222581193,127.2592660950643,146.9380381453504,36.76931722913211
1692,1141.7756268526973,1957.1137451045236,0.5317737594602031,-0.1661459785234414,-0.16659837562918883,49,0.0,0.014079518554681241,1.7186418344199592,-0.5879634474736484,1141.7756268526973,1957.1137451045236,941.8851694764436,0.0,0.0,79.49829297481202,-48.89774105514671,70.36530589273931,81.8809762550695,85.30385299197991,76.50873690457215,96.46389306315848,83.4046098188879,81.60682044341169,83.72764588690501,88.33645326066184,82.71458639317758,87.50873095909884,24.063557606781394
1693,2205.189236468511,1956.9413728613208,0.6794470233828678,-0.1882168675487557,-0.8711203442187808,49,0.0,0.017404846604589293,1.3677236425790882,-0.3399958855882069,2205.189236468511,1956.9413728613208,1814.323234605236,0.0,0.0,78.82430091828351,-48.8975433270712,148.9213800681143,145.8021750691246,165.9727890105035,184.9533123291744,132.1394280057308,148.45533872814048,182.90350227400705,146.2978144929865,171.75394916130932,150.69781640265853,175.90038415002377,60.52534491346277
1694,1831.7219435094921,1959.2580502933329,0.8408930742580879,0.043302845775305895,-0.13930887766912362,49,0.0,0.01923042610191262,1.8096829954162983,-0.6440062639699957,1831.7219435094921,1959.2580502933329,1095.7852719798434,0.0,0.0,79.06100513878964,-48.897120183787706,106.72736071346331,99.97963884578665,90.70953464907984,95.93801973397952,91.62056059596195,85.55348262365608,85.39202745859893,108.76899643464154,92.73895933108233,107.38965848950312,101.61005216537606,29.35698093871423
1695,2423.0189330027547,1958.9540528187113,0.7306326841442955,-0.0037374488956615926,0.013106094695803663,49,0.0,0.044535207203768065,5.581949593464939,-1.866964775930227,2423.0189330027547,1958.9540528187113,1221.4330331451097,0.0,0.0,78.68625601877596,-48.89616489339026,83.07309269700346,113.51765358489166,93.38559863490372,114.08647921619584,102.7268553525164,117.40420895297392,116.20388909227563,118.04273284804488,105.53408796910846,107.16608416375462,108.39684971626222,41.89550091717877
1696,459.79590358191615,1960.7274559057698,0.4191082332582434,0.11705562637221728,-0.30011730412807686,49,0.0,0.0306791846840505,4.135346562848122,-1.5412797786909629,459.79590358191615,1960.7274559057698,1578.4677815497384,0.0,0.0,79.93047926589301,-48.89434139285679,133.59454618462973,144.98292442842686,139.33667767539515,135.17378635185923,144.61964488516492,135.98576251308998,136.63529162010155,134.1284755434361,143.87500162057484,143.07300599168065,139.76709849436537,47.295566241014065
1697,2057.8415331192937,1961.2414218551096,0.7106524632750255,0.02047780723603644,-0.005873527035442159,49,0.0,0.016233143667913633,1.7351502246022434,-0.5983427019836484,2057.8415331192937,1961.2414218551096,1096.6913263061329,0.0,0.0,78.91769832904713,-48.8960234234235,91.46198911439316,91.51079776127449,87.12777164449888,102.17171378311647,76.31636158205632,109.3740234850737,98.19875988542151,112.68765981832009,89.43860237985693,89.34079295260926,119.14066226124334,29.92219163826862
1698,702.8389965202309,1963.2127967628967,0.6177846799704346,0.6278501493087367,0.6274239538238294,49,0.0,0.012394159900757151,1.079199251523893,-0.08275408865008521,702.8389965202309,1963.2127967628967,3228.7570824820004,0.0,0.0,79.77644919396914,-48.894166072649064,271.67707967077695,251.25723012656212,293.1926995501952,283.84495086978063,302.8015321206831,295.4859793578485,315.92039650384146,301.0344732433765,310.8120854244302,260.728512471755,266.6712855978845,75.33085754486626
1699,2266.2026317884447,1961.5011128449883,0.4327028321221437,-0.3376919329075611,-0.19569600109124174,49,0.0,0.0253689469856919,3.903552143957151,-1.4786499626984178,2266.2026317884447,1961.5011128449883,1241.6954119845093,0.0,0.0,78.78564808619733,-48.895508900496125,123.51393096728536,111.92817895209771,117.43718079153228,100.64266874250234,116.59979845592002,94.52047769007132,95.61508266246415,116.68528094358516,89.65469600050233,133.20309953887292,114.18604907419152,27.708968165484222
1700,1827.6706498613382,1964.422434734568,0.35516580284227445,0.14967271958941114,-0.08477406235827224,49,0.0,0.008109107123260713,1.0083713340025369,-0.009051227622405398,1827.6706498613382,1964.422434734568,1054.866499574805,0.0,0.0,79.06357902906758,-48.894971603493815,92.77785576810055,102.02408510417578,88.1011623412874,83.70521551022816,88.13692749629895,86.16171405252615,93.2711097291476,107.81773089181422,95.52048459295203,89.35267857769645,93.52211744142083,34.475418069156646
1701,336.2966453955685,1964.897735510641,0.7650159844234399,-0.6988614166836212,-0.21392629661294604,49,0.0,0.012754449020724961,1.0883784157892396,-0.09194980117113243,336.2966453955685,1964.897735510641,1067.9607828829721,0.0,37.62358364322898,80.00870991526975,-48.89208829421534,102.835829913092,104.14481409980144,99.79780723347719,95.19799455050193,91.60990311742864,97.71982755058578,90.789665294974,86.23843754826575,92.41734824765163,100.56059865561318,82.99106246534045,23.657494206240244
1702,2226.153213446936,1965.5232090887669,0.2157193831872277,-0.005181093089923726,0.22229508793906677,49,0.0,0.014213363509044882,1.9894044130720099,-0.7468076924925748,2226.153213446936,1965.5232090887669,2084.6876880164277,0.0,0.0,78.81104281258865,-48.89392288239572,186.70790559882806,184.11615059382336,193.42421609615548,180.41082439785464,167.97576264304462,179.67638633353158,201.85200709423412,191.37623846763577,161.727576751762,217.52977804066197,171.57628724840055,48.3145547504956
1703,2436.415065319661,1964.701068639557,0.46751188571601904,0.27067114509092843,-0.18029015156811098,49,0.0,0.008033232009008181,1.0901848050925194,-0.09375031143140483,2436.415065319661,1964.701068639557,802.7719622596092,0.0,0.0,78.6777917259489,-48.893731845377864,79.58530873227613,64.15712826271874,67.00780813914378,67.8536280250089,82.3781286268825,66.70072273081053,59.64577830636202,75.76955399031442,77.57378145573628,59.61841446965134,78.28954988443897,24.192159636265604
1704,876.6344684170413,1966.6785124422197,0.4565132034296153,0.1312957413225593,-0.30162692557463683,49,0.0,0.042763773195907066,6.850281931973393,-2.0892711144904306,876.6344684170413,1966.6785124422197,1477.408938335163,0.0,0.0,79.66629751190676,-48.89321139770041,102.24146293956451,142.78678117234878,136.9965951293606,135.9714795173586,122.40942766280753,133.26477353340508,125.03654128845943,133.19770708622724,130.44677005307355,134.91945487209375,141.99695186480474,38.140993215659314
1705,1998.5252057778885,1967.2333278036067,0.6920070347490771,-0.359438270977581,0.06609233371703906,49,0.0,0.019388320548126888,2.1795002329169226,-0.8458922994137692,1998.5252057778885,1967.2333278036067,964.1258014876911,0.0,0.0,78.95530396075837,-48.89361494064707,71.75953594471594,77.9645090843583,83.9779267742698,79.10138707671945,82.7427038382279,109.56553506265726,95.03336640875622,78.12726420014263,73.0705707165848,98.31963815285108,77.90889595601776,36.55446827238991
1706,700.8122972921304,1967.6865059981108,0.6325809507938364,-0.13072653140456975,-0.25999690084224286,49,0.0,0.1547153169570706,21.332618391720995,-3.322610411394933,700.8122972921304,1967.6865059981108,3262.2750739465278,0.0,0.0,79.77771223148963,-48.89229580807155,259.6434695704001,258.57374499196425,299.38221811246876,295.86696711985985,296.62851562839813,298.83713950673996,313.91436783357955,305.5570212326826,319.13068174345267,266.48990474952774,274.04272240116893,74.20832105628537
1707,574.7573385924499,1972.513613111149,0.42507997673094644,-0.2862226413964114,-0.24005366299452635,49,0.0,0.05790436729941236,9.819769418387542,-2.4802532251960847,574.7573385924499,1972.513613111149,1877.3528562201375,0.0,0.0,79.85756449639042,-48.8898632781522,171.18514995926392,149.80339603578327,162.82881443029106,173.27166237008294,162.98611379878795,151.11108862451383,175.70894158223024,148.22295089221495,167.96816573895126,178.17530517433363,186.2991941813138,49.79207343237064
1708,790.8701854504035,1972.1484901301205,0.7175158236591199,-0.14093276878269567,-0.25763999356178535,49,0.0,0.19367092050723544,25.12538275247825,-3.5002817159741593,790.8701854504035,1972.1484901301205,3182.1484679238615,0.0,0.0,79.72062387283496,-48.890703999939774,281.9393244236414,265.058691697129,276.237920969488,273.82500597708577,277.97899195570704,282.9573384626663,296.5982009285404,292.33304246195155,277.03870702278493,241.54459254915972,326.3930895234089,90.24356195229824
1709,2104.457628467951,1972.0317403293081,0.454852226230215,0.07353167323955721,0.2954842089870711,49,0.0,0.009174806120549288,1.0610039551380843,-0.06429250709417077,2104.457628467951,1972.0317403293081,863.2807669596907,0.0,0.0,78.88818333321929,-48.89144974560784,94.03037698327215,74.23544735018359,68.57652436713131,69.229801400262,76.3343689748732,78.74184119794432,63.740399345509346,62.28273288251881,94.03243217955199,72.51077953161538,79.47409256506997,30.09197018175863
1710,2914.4268434922815,1973.2059649800224,0.2601593940229746,-0.17422625987053006,-0.5337980556843982,49,0.0,0.009830799257502718,1.254828532891549,-0.24646096333424672,2914.4268434922815,1973.2059649800224,1047.7867426867153,0.0,0.0,78.37494606805495,-48.88840437013182,86.5722813841634,89.72418661676409,89.87453261564141,87.19380812919616,103.74301118207326,108.17680151619669,96.57443286678316,93.50302938276565,84.30975114956848,92.65513825261291,85.99201461280101,29.46775497814907
1711,1282.7018550817716,1977.4764471575345,0.3831294696246483,0.46381587100002614,-0.22338408433288473,49,0.0,0.007677005393098497,1.0963472087196555,-0.09987028808773583,1282.7018550817716,1977.4764471575345,839.8056995418513,0.0,0.0,79.4089402543386,-48.88944674565433,61.59437322380029,74.6463429602785,67.6819074992735,78.01441892572652,69.01093923501392,69.48499877930857,75.06702358107029,67.80119213697574,85.0494725066219,86.69995898866077,77.18678049742962,27.568291207691633
1712,2644.1877611085292,1977.2290775195947,0.3539515673215189,0.014801525374982888,-0.17288327796167208,49,0.0,0.008876804056289931,1.3289989145809884,-0.30881156561552114,2644.1877611085292,1977.2290775195947,921.5364996495857,0.0,0.0,78.54619563920077,-48.88783417905415,87.01467642427087,81.15676986108457,75.6410748667811,81.52170445961943,71.9764690920686,84.45087030593976,91.708393864487,66.86568104719356,89.16712813891068,88.35050816895824,84.76342142575871,18.919801994513115
1713,2293.6900563942036,1977.756285571226,0.529791209235321,-0.022975644593112847,-0.19017494523904752,49,0.0,0.38821706937728884,59.8047027627968,-4.441838340557502,2293.6900563942036,1977.756285571226,7856.836665016682,0.0,0.0,78.76828761755492,-48.88867130165105,652.8109246194608,648.184765935225,665.3201219813337,723.0867063147653,726.1856902220193,709.628900636148,732.53717125866,712.6776584583292,674.6726369055451,687.6911701295803,697.617622823878,226.42329573173726
1714,1190.8058852212337,1978.895145135032,0.43959001751625465,0.24147528674640184,-0.022188298611406018,49,0.0,0.00937150377198403,1.3466053810655947,-0.3231008639649443,1190.8058852212337,1978.895145135032,857.5000427845573,0.0,0.0,79.46717069507541,-48.888739570732525,80.51615886604188,77.67733476315246,80.25344291814457,63.71667096113707,85.45443182591302,67.23313656582393,82.2467528282236,79.040817399508,57.928422047271496,82.24912170266165,79.01006897945486,22.173683927224857
1715,1161.6980668081355,1980.8488517409892,0.3189918409691161,-0.15686864208290666,-0.11886640773091535,49,0.0,0.009425080890169902,1.2393853580918115,-0.23301590288921661,1161.6980668081355,1980.8488517409892,1008.0137857474803,0.0,0.0,79.4856111535326,-48.887882666466986,78.95808290055777,88.82161002064402,94.16704780598022,78.0772459165704,92.89138260693045,67.50401256017597,88.35935528607175,95.63776579046984,105.81286048108157,93.59004770851405,98.94915023088649,25.24522443959789
1716,1997.1178179178444,1980.2516244173748,0.5877705702846713,0.18028101652456682,-0.334568178306374,49,0.0,0.020238739092760315,2.4166976834465057,-0.9580558144523501,1997.1178179178444,1980.2516244173748,1130.0209754974617,0.0,0.0,78.95622321371496,-48.88819268452672,83.57083993734898,121.28132256383641,95.8626107271541,93.19336736943438,87.42922047918512,107.68989774271535,101.00024330913081,95.55523867234899,95.39775879046968,115.9407182360853,108.95050347300975,24.149254196742834
1717,1625.4190514361533,1983.378724747338,0.30037074395247493,0.007385743548354148,-0.04686685140241711,49,0.0,0.007023632016333911,1.0022551179061645,-0.002445706513759531,1625.4190514361533,1983.378724747338,1114.4138188457398,0.0,0.0,79.1917620172274,-48.887161739512514,92.93217596174655,101.3976957931264,100.82625383947305,97.51636895813756,105.06933308289,88.14060059372945,88.94322370347558,100.92430780003325,99.03285287123998,102.73990140443512,108.5752113921796,28.315893445273286
1718,2267.477318107791,1985.4899936572654,0.4760523671319501,0.03339769857056644,-0.020162299262726113,49,0.0,0.010056582494178333,1.229389632030687,-0.22422386552227236,2267.477318107791,1985.4899936572654,873.4975289751433,0.0,0.0,78.7849249488002,-48.88551093005406,72.87662135759595,76.71800689750299,71.50993845362848,67.81768362083764,81.13226629135697,85.24061930035111,84.6903947096116,77.87130296830287,88.4806036931158,67.9174424151002,73.16014207389682,26.082507193842723
1719,393.4118009951474,1987.5792226304588,0.40313757714303644,-0.3983646725057597,-0.8023343965061336,49,0.0,0.011142311315382881,1.3581788582237937,-0.3323924145975305,393.4118009951474,1987.5792226304588,1047.5646882802625,0.0,0.0,79.97237410498647,-48.8828836365585,84.32363892733613,105.14280365738594,99.85812629478595,99.30762764971584,92.1127931845092,97.45936962447198,86.2339165087242,93.49427615272961,86.76265985028192,72.83841623075944,98.9717544632044,31.059305736358077
1720,1107.9352914837664,1988.6763634474469,0.380368399993901,0.16887983461700853,-0.14809270117010476,49,0.0,0.015869014627834986,2.3860163737483733,-0.9441835490945747,1107.9352914837664,1988.6763634474469,1116.9017894486747,0.0,0.0,79.51965834748557,-48.88453435333016,102.50283169281082,101.85594471972502,90.32544960754979,78.4335510705455,101.91709816105711,103.01376976004302,92.60771753284115,108.41445948273645,93.81194165090491,104.16824888253802,106.08444433893337,33.76633254898965
1721,1353.345934184114,1988.5728402636068,0.6985518391880554,0.12853802171850848,-0.09522141866375028,49,0.0,0.10644923446318776,13.509839040639882,-2.8266254369188193,1353.345934184114,1988.5728402636068,2231.2896937167534,0.0,0.0,79.36415903359813,-48.884892588785135,175.1328079110636,240.1541381073089,190.9147091835897,177.32810351151872,210.11730870694112,177.61755131925122,221.4779027665231,185.04300177093313,206.3143468070551,190.38956956252437,197.50480029995475,59.29545377008952
1722,1619.9675789982343,1989.1878822303697,0.5670497894744518,0.20514774301250657,-0.21412148597975733,49,0.0,0.02779562763173311,3.7624279045087254,-1.4386704668708519,1619.9675789982343,1989.1878822303697,1151.6356182519621,0.0,0.0,79.19521704266296,-48.88474169638216,103.14388928192375,109.26171039063152,110.66841889512445,91.47032129628474,102.84865553530967,95.669375168207,93.39362003816824,100.71799470170723,100.03278181789747,111.25969978159065,100.35360970654297,32.81554163857426
1723,507.2040137654415,1990.2201009778364,0.4858987223849441,-0.34557968877475953,-0.06223611895841844,49,0.0,0.008883430889126867,1.0246424978107989,-0.026430911502493555,507.2040137654415,1990.2201009778364,905.2787292597773,0.0,0.0,79.90026647468117,-48.88223766962732,81.03666097178089,74.52298717645726,79.79136019050094,79.7709764867109,78.20251923143303,78.30320725420856,78.97945683268472,84.69547984035852,98.16886762764813,70.60158129879066,78.95907860108159,22.24655374812196
1724,1210.6533364712207,1990.8308231793367,0.361625420869463,-0.11634590174407736,-0.13548779882252934,49,0.0,0.018911687250969735,2.18394523354313,-0.8481043585842296,1210.6533364712207,1990.8308231793367,1347.4992868317067,0.0,0.0,79.45456913563693,-48.883794005236666,130.42181517590456,95.93336155956723,115.90951425415894,122.21659066859904,125.8501443926255,120.01271654219514,119.76788164223352,119.57302429604763,128.07900847010745,105.07210613867971,121.5934345825236,43.069689109064534
1725,1785.171336443662,1992.369408961581,0.9233092201681159,-0.4540827080255335,0.011016105830144703,49,0.0,0.019003847017598646,1.5582986007153232,-0.4816267017262813,1785.171336443662,1992.369408961581,1061.01930107329,0.0,0.0,79.09054095410015,-48.88335753550595,72.2574435359194,82.67086315198976,102.68863918748127,94.01733169966789,103.17690394808211,102.10947304031936,95.48850189093845,88.37619677046905,82.74747441649669,102.44245532054227,100.27505170045151,34.768966410932144
1726,1123.856254736798,1993.4929584114211,0.6957395721204015,0.3706765679242648,0.005148141718210032,49,0.0,0.024284343791574813,2.637551073188944,-1.0530021950197064,1123.856254736798,1993.4929584114211,1132.2660599697451,0.0,0.0,79.50955831917376,-48.88255426673627,87.6102805569233,103.29980614327484,97.58481013433729,98.54310947689379,109.58677721228503,102.76113126603964,91.55530306543923,92.0194359235592,101.32513934984013,97.20491654042277,112.99468187186896,37.78066842886081
1727,1710.2604339355605,1995.1440305628846,0.314577891146587,-0.722324261830855,0.47038389980270345,49,0.0,0.00906933762166867,1.1956406602445033,-0.1940016892611152,1710.2604339355605,1995.1440305628846,1034.2029376460412,0.0,0.0,79.13800756216365,-48.88223973618749,98.80781681932405,79.11543479538614,95.35894546458236,94.18768686371357,93.05677308348868,104.7022067771019,94.92474530811958,73.84739097369844,83.36210823303306,87.10542779736863,102.63584710145588,27.098554428768878
1728,1532.712659666601,1996.6144637399896,0.6992183233391588,-0.3630685141144452,0.11597420388974877,49,0.0,0.02989777453666378,3.419567832294908,-1.334928057604401,1532.712659666601,1996.6144637399896,1315.3346000925358,0.0,0.0,79.2505023933226,-48.8816399952111,111.19168902768988,132.5755308458895,109.46881439589453,121.89314143043994,111.20211937204967,111.57934358554235,111.09575446758174,112.49683647925639,117.10559770641059,121.74059195756513,114.90485861058704,40.08032221362919
1729,1681.55842629586,1997.7681383752536,0.48184261096094333,0.44141416850610304,0.05778709807501366,49,0.0,0.057394723998006957,4.516783518811121,-1.6370731902961402,1681.55842629586,1997.7681383752536,4620.085536498338,0.0,0.0,79.1561944422222,-48.88115587325534,372.7366122645116,386.3291047960721,405.37985130510367,440.9349198975938,395.19191959961086,405.3575811882144,390.6714257346353,429.5267988220565,393.2346297624741,432.7763708189349,450.9982319053638,116.94809040376786
1730,1402.4801602577838,1997.9070581311164,0.45220411626189977,-0.1123216754205389,-0.24586793395603915,49,0.0,0.13867264840244053,23.833757976280392,-3.4429813122957604,1402.4801602577838,1997.9070581311164,3293.7747418002405,0.0,0.0,79.33301597429048,-48.88104133971562,271.71969023662393,265.50219488443213,291.19934441931485,291.354152943205,296.7414930979603,308.3711362328603,317.37308662360044,268.6892950901433,313.88829714605174,279.89069999709903,290.55469263262125,98.49065849632827
1731,2963.185686875356,1997.8977041070414,0.2788729017167469,-0.042573424532050645,-0.08042754865133629,49,0.0,0.08528850796406752,9.23710440875996,-2.4138396314107418,2963.185686875356,1997.8977041070414,7904.772052390559,0.0,2397.1782389764994,78.34423130426593,-48.87789085659145,691.216606347669,737.8504499688855,720.5732694872186,717.4298473405016,725.9399644018678,692.7498424246063,672.1236901386894,653.293736368897,662.6330895267548,745.8182527550515,707.8862277114738,177.25707591894314
1732,2580.04845939724,1999.8428644327303,0.5358479041535934,0.1669680412665486,-0.01848999782396173,49,0.0,0.03797113609977533,4.0862553528584895,-1.5283137562502815,2580.04845939724,1999.8428644327303,1965.379128397087,0.0,0.0,78.58695292105867,-48.878637660817006,135.77183153866326,183.55632064216306,172.3753451054871,190.98167336276708,142.4645377705911,178.41482574282466,199.58099570113905,169.15448810937337,176.6381044952688,156.30254329701523,213.4275976092971,46.71086502249726
1733,553.0353406314401,1999.6508734221911,0.5864786784720801,-0.16044943145617074,-0.23703701317412032,49,0.0,0.09014661541698725,12.59555524532809,-2.7505432927586067,553.0353406314401,1999.6508734221911,2304.354279653592,0.0,0.0,79.87117806125653,-48.878478756978915,203.94626235900313,188.16922779181067,214.63903111923594,189.33109570728453,209.53073592018882,194.31955103251073,189.17461523024835,221.43482219823323,204.25979266910434,211.74920442805654,219.350314035647,58.449627162268825
1734,1760.8852647749713,1999.1150269161149,0.3533419286030525,-0.22536517152481295,0.04268313136740025,49,0.0,0.017063353169802228,1.3303984328663976,-0.3099543115939818,1760.8852647749713,1999.1150269161149,2159.955179023191,0.0,0.0,79.10593478942077,-48.88056143422924,187.69653326713475,180.92407135028927,190.6424326706989,177.9658834534724,149.86447024452931,215.35987377352333,189.54517253516144,196.15075264347718,180.73082153932415,205.16699482880284,229.18811566616552,56.72005705061168
1735,1748.8761985655,2001.0948308304116,0.506300582078988,0.5713359907652439,-0.12503076643421113,49,0.0,0.016021258486597068,2.3375365041091665,-0.9218960043794515,1748.8761985655,2001.0948308304116,1270.7336358280768,0.0,0.0,79.11354509010495,-48.879742959212145,101.37104673889971,105.56464504054338,103.3571452206258,100.31969244138546,107.83699823670432,114.13701021364523,129.62754505374272,105.51875690377014,106.36350950221865,115.16893177272053,133.2943912791211,48.17396342469962
1736,2519.6893015220003,2001.3691453028712,0.9355889524745056,-0.6954662359515599,-0.4279179462959072,49,0.0,0.012948971775088771,1.0522265993881506,-0.05527319048207195,2519.6893015220003,2001.3691453028712,887.6730719926686,0.0,0.0,78.62519857411368,-48.878200628170816,69.66938769839953,75.57478557582354,79.79372427313166,83.24687670713811,100.56885437062775,64.29690353818934,78.51285517491537,86.07823175477338,59.672953908686196,80.93814776328638,80.66235156706549,28.65799966063186
1737,1318.0406131627665,2002.000789988678,0.6848780545892705,-0.11645734334696778,-0.17882294462667356,49,0.0,0.12361714081321404,16.397132506169754,-3.036919765602191,1318.0406131627665,2002.000789988678,2454.9029970499987,0.0,0.0,79.38650967474173,-48.87926522729738,186.2444875476889,217.792761192044,210.06133003498408,215.70848404129637,239.3146053435893,208.6420052928768,216.32081301731412,190.33999045645714,259.38269611235773,218.57847033360474,229.7215441068893,62.795809570895955
1738,2744.460352817279,2002.3968340823708,0.5462110494868516,-0.025275049501197452,-0.2907418978405432,49,0.0,0.04447372446287857,6.5417799175937965,-2.0392398231110693,2744.460352817279,2002.3968340823708,1409.4625142867512,0.0,0.0,78.48281442907671,-48.876967761916276,129.35664836437718,123.08981909357206,122.02538269969838,145.0220746484988,130.06236905720925,129.3296518912444,116.63473223462293,115.7147368617988,123.82422785711728,118.26009016826782,113.8487365981041,42.29404481224003
1739,1680.730833678264,2003.3796151346094,0.705174070071364,-0.3629710218576326,0.6538841720517052,49,0.0,0.024719316093218386,1.4613998561592758,-0.41192265065759986,1680.730833678264,2003.3796151346094,3943.7159912839734,0.0,0.0,79.15672118049115,-48.878818010318874,320.1645294330797,327.5441094959966,362.91749186190805,362.35307688797934,335.0034809771067,362.2234087434146,319.36537927512046,367.10528187788475,343.9557941304757,385.7022421311629,359.43720872312537,97.94398774671932
1740,1301.2366807519013,2004.782983337393,0.6006094177196476,-0.1275617123511892,-0.2087121750940195,49,0.0,0.2518330429107512,35.82317952707201,-3.8854103238119233,1301.2366807519013,2004.782983337393,4846.736898779648,0.0,0.0,79.39715162816624,-48.87808903211299,406.77102241698276,391.5073997491935,392.4359259743825,404.45707369004685,443.3775460019667,448.95827730674483,497.5806598947091,391.47755358504514,448.9047874546875,447.03189153661754,432.6215390791655,141.61322209010626
1741,2885.9008920965766,2005.7881693292056,0.7604877593995815,-0.07552575244964506,-0.32659656314279834,49,0.0,0.019523385780658365,1.7797288310783659,-0.6258845898485148,2885.9008920965766,2005.7881693292056,1068.7650111642688,0.0,0.0,78.3932414730844,-48.87495864618904,101.08582438742509,94.35398099653322,74.18650727080724,100.82519878879441,87.273293049467,101.06291740923143,101.89173684236388,88.95492954045986,102.4035900791228,87.16034874887876,105.33163962822441,24.23504442296091
1742,494.1750328444595,2005.6489639135773,0.506914630787307,-0.3450588699370315,-0.553647052743903,49,0.0,0.055004330391178274,7.856896799979265,-2.238127621854891,494.1750328444595,2005.6489639135773,1928.5869392114057,0.0,0.0,79.90843052853734,-48.875759775102544,162.72034583821477,169.74870620689458,184.42224894604072,177.97930660401417,150.75910715591078,171.7191306119471,166.2839015537193,162.9527647060193,166.25029478069837,168.4656109332405,185.542198451846,61.743323422860094
1743,2348.000641596156,2006.1115694858897,0.6748711985433802,-0.24804101209922053,-0.15201038799082958,49,0.0,0.031087512242107467,3.673348889491873,-1.4126554474527198,2348.000641596156,2006.1115694858897,1217.9203326422808,0.0,0.0,78.73398543356014,-48.87672127018438,106.7294872011342,110.7204536682316,109.74915088830221,89.53789504120907,84.87935816990242,100.05790688217772,134.26011433370957,99.4864989648221,130.70713495903124,123.70974566190564,100.45624065203225,27.626346219822665
1744,1604.4154352022947,2006.787280810241,0.6095926011271473,-0.2018839146089787,0.006619044423787735,49,0.0,0.017891501285938544,2.3567966844811252,-0.9308052963442287,1604.4154352022947,2006.787280810241,898.2085988772426,0.0,0.0,79.2050718347018,-48.877409306155926,82.71724252904409,78.18276781549824,72.26695735504744,88.00586842156962,60.41179049284692,85.84543000352625,80.38776346949754,74.16371107577183,74.00702632001276,87.78970015662574,79.28054511836069,35.149796119441675
1745,1210.5688166232378,2008.2699924667768,0.4752959798465328,-0.49353083965334144,-0.1897719539129981,49,0.0,0.03302693751193628,5.102817897654736,-1.769525175261879,1210.5688166232378,2008.2699924667768,1304.649503740543,0.0,0.0,79.45458670753492,-48.87652769925006,122.78821861572402,115.28981796777839,100.12265069382781,107.60528141638733,108.74286563894677,127.48302592960266,113.5110683082813,110.10849867782494,126.36287924485444,111.42936833424098,120.14503965674822,41.06078925632595
1746,2435.9461505503027,2008.614925745543,0.28164045544355437,0.0899891640271155,0.3178014654996853,49,0.0,0.010952187001417889,1.499763800178695,-0.4400571670452891,2435.9461505503027,2008.614925745543,1078.6385314269905,0.0,0.0,78.67828303836819,-48.87543669324349,92.71782269727304,94.41812040734001,95.0071951956347,101.39190530956078,87.21415395150572,98.07909840215481,97.28313703336492,103.42890492418438,97.14629065450089,91.97186024360792,93.05906000849055,26.920982599373005
1747,1042.421310084662,2008.9946857916875,0.8548693839553879,0.654033216210659,-0.08115838110049882,49,0.0,0.01295690676811213,1.2034247270562057,-0.2010473270002287,1042.421310084662,2008.9946857916875,893.760537037901,0.0,0.0,79.56110926400362,-48.87594914444486,76.51545819855227,63.80639865802708,79.56509938543029,78.833466954107,85.85300142352085,78.25656038969584,74.74586226447968,89.83184542695764,77.51100048566971,71.40947639462476,91.91680979683662,25.515557659999317
1748,2255.2162551823026,2008.943247361247,0.3855318248045988,-0.22159145097902772,-0.42604428110963294,49,0.0,0.03536128024287588,4.417998119704308,-1.6130638167503686,2255.2162551823026,2008.943247361247,1918.5587663629617,0.0,0.0,78.79277509759505,-48.87576720827858,152.53320529734287,165.66821710894703,170.9433573514813,140.49816301414955,192.6409412677549,177.575392454431,170.61274054384256,153.50764555252056,181.0422364147599,165.16323949259467,183.50447278230993,64.8691550828276
1749,451.75218523090695,2011.1918539599312,0.8450929531347112,-0.4281270810564001,-0.36705894277573325,49,0.0,0.035336076831078804,3.584396962467276,-1.3860402515421577,451.75218523090695,2011.1918539599312,1283.3682478034148,0.0,0.0,79.93526969715658,-48.87328445296369,121.50568603941765,104.71874044482084,122.90717086042153,105.53987480586744,102.98430922303321,112.40778430403705,128.41154436477365,101.73106372136445,111.01067929528395,99.84837911562911,132.18477141360114,40.11824421516465
1750,1021.9230259356955,2012.9141346100582,0.5455674130117728,-0.2575783243413332,-0.2442220598483759,49,0.0,0.15603710694141418,21.883126378742602,-3.3502734212148826,1021.9230259356955,2012.9141346100582,6820.709582063948,0.0,0.0,79.57408309572551,-48.87427565935145,539.9294773516268,580.7737659679165,587.7615258115306,624.475523935305,598.6303161490905,664.4216540929331,587.296617239668,605.894584072807,612.8150264886599,613.1095965905788,618.0029828643287,187.59851149950407
1751,2787.506406305078,2014.1050874444313,0.5707370507825943,0.07534839612957833,-0.3810528921608803,49,0.0,0.024412809199978923,2.9381891182401203,-1.1701993649228521,2787.506406305078,2014.1050874444313,1262.642858966763,30.90712126891645,0.0,78.4556198724818,-48.87191568194413,107.6891638613972,112.66956030098632,104.83001227338264,109.08720353215521,134.5037511929032,98.14519848236351,109.62987195211755,103.35035569940538,114.9478943697187,110.05229997443948,129.35451293518594,28.38303439270797
1752,1427.9397922911876,2014.6119350713775,0.4489798670627513,-0.5878863013232519,-0.23649725248609732,49,0.0,0.014609838630575045,1.9090960074578338,-0.7020694234733214,1427.9397922911876,2014.6119350713775,1074.8365998547808,0.0,0.0,79.31686977807333,-48.87409742225915,89.20168924522669,96.4250074435729,109.15849640862805,81.11359245801879,95.25433737300288,105.30841090441635,97.27687318494179,105.58106207078912,80.80289041827274,91.83253591603656,103.58072883012593,19.300975601749094
1753,1788.987911176129,2014.6340418953998,0.39645024468873813,0.07160462077543409,-0.026632935546147304,49,0.0,0.013943164693270938,2.3860545718938306,-0.9442009306926067,1788.987911176129,2014.6340418953998,914.7713748980689,0.0,0.0,79.08814490675543,-48.87407823307119,76.8175597709188,89.36820700928779,80.2554453265617,86.81553768883165,71.4919323065329,75.84620517200213,81.89561072208859,92.68900471512816,77.60155977539964,78.12597675716194,71.87646133589081,31.987874318264677
1754,2459.794297665933,2014.693057763909,0.25813732385245824,-0.025528750843534426,-0.22691517245278772,49,0.0,0.006944547751438383,1.094360647459415,-0.09790116923116411,2459.794297665933,2014.693057763909,798.7436311179417,0.0,0.0,78.66320335508594,-48.872834147350964,76.49475239851114,67.03083388525963,69.53212847163059,78.78793788498928,68.39164178530932,54.79541464780408,61.52147231333379,70.98628937319613,79.8736324262481,87.22969743551448,67.98992716000875,16.1099033361365
1755,2623.1481556579893,2016.1252716207773,0.5199139259849289,-0.034512229610735926,-0.08856330568166758,49,0.0,0.013839961694506034,1.5271055144683912,-0.45967261354518407,2623.1481556579893,2016.1252716207773,1033.611074717397,0.0,0.0,78.55973718177589,-48.87170407223093,85.14524635185225,95.70945650882295,93.01243899893896,87.1921719271892,76.15040008996132,84.98252191271365,93.29968856435298,87.24198892456022,121.03070315891229,105.17472824595843,78.90510999144425,25.76662004269051
1756,1718.9226101369202,2018.0237660501864,0.6795730652305996,-0.05447848479979139,-0.24416182847167814,49,0.0,0.017808937670407598,2.061653599882716,-0.7855392417270924,1718.9226101369202,2018.0237660501864,1018.1915462165675,0.0,0.0,79.13253349614396,-48.87270317385649,80.64249655391558,96.75896251695089,100.0404095877647,90.45593729314065,97.31356981977919,82.79804246523585,80.02716452863703,71.63598111454337,83.78158095125531,110.02317634757159,101.8617002530092,22.852524784764043
1757,2795.2061729210095,2018.1676358370362,0.43848095839000895,-0.4218604252651094,-0.012654491493390133,49,0.0,0.007813275193809768,1.0174444871615622,-0.018776807452971337,2795.2061729210095,2018.1676358370362,984.339434548185,28.812988605286343,0.0,78.45076853985258,-48.870191302022306,89.3497292919632,78.37418995170322,88.59398570028043,69.48601759807528,91.42115199515123,74.26000999621456,86.18730887676544,78.40388346997139,102.05411408814635,98.13637556267665,98.80838879312208,29.264279224115008
1758,2970.112294845186,2018.7538081025857,0.5117126191734368,-0.5868319957697514,-0.2611561483904047,49,0.0,0.06406797488178988,9.003944149155128,-2.3860819810952605,2970.112294845186,2018.7538081025857,2229.377188935334,0.0,1055.6483831695336,78.339994754911,-48.86916904959679,196.63910534539042,181.9564664760346,213.02271429345592,192.66669039269607,209.05602659889962,199.24498195402185,191.88521104356647,206.31962980456098,190.2346781373472,195.79249185676306,200.23995127951275,52.31924175308505
1759,1007.0897243561773,2019.7080911783712,0.5255310807548814,-0.16730116603404344,-0.34644098860116357,49,0.0,12.02918478248648,1695.0190849924454,-8.072936481215368,1007.0897243561773,2019.7080911783712,284408.8786778847,0.0,0.0,79.58345845494662,-48.871414767283085,23333.10386467677,24807.475963643723,24931.076719596793,25097.07597154162,25743.88806043003,25848.03228367956,25425.779592024155,25411.79088811924,25479.72177631798,25480.22475454143,25436.070248092714,7414.638555220639
1760,567.5918017167996,2020.8900903691563,0.5812025596601803,-0.19380766584262357,0.18179191502028516,49,0.0,0.009753001546907341,1.1579264042078619,-0.1592023931630689,567.5918017167996,2020.8900903691563,911.2576171027108,0.0,0.0,79.86184051404267,-48.869682290449425,78.26451079772244,73.63266590634105,89.33388312481,81.18698548542966,72.44852379817998,81.43624392923687,92.8714838890848,71.11749554724092,81.24102832976344,90.60291695238158,79.56382627461969,19.55805306790038
1761,231.55186280887995,2021.5150037210303,0.8608978080289109,0.3197094123077797,0.9552649912747391,49,0.0,0.022235703329394146,2.680016711306898,-1.0703437552265835,231.55186280887995,2021.5150037210303,4493.057450065592,0.0,83.13672284409617,80.07466949653015,-48.86802184933771,127.8527300570938,2045.1604446565445,17.071698752355683,74.31157815949305,15.838384260802162,27.134309185666417,346.4977918113141,870.01204900779,37.36636701807151,62.95939931938869,174.62534023305244,694.2273576040199
1762,1806.441126009766,2021.4029576105354,0.39513744340146406,0.6717330766012971,0.30071932495618925,49,0.0,0.008092710419468423,1.142192720669846,-0.14434847006787277,1806.441126009766,2021.4029576105354,781.744448896507,0.0,0.0,79.0770956649528,-48.87124594018902,64.5941246346993,63.511303841689454,61.58125872207708,63.431271005441424,77.82867367254593,71.62535830209781,81.2227150308896,72.76079059319667,70.27216851837498,66.35271302972544,65.07910466710628,23.484966878663144
1763,1534.3324552263202,2023.171831964718,0.5586292751418194,-0.027267715715649378,-0.1388315186756276,49,0.0,4.385644853817915,643.0734089537153,-7.020651379759175,1534.3324552263202,2023.171831964718,82521.33041648805,0.0,0.0,79.24946679705239,-48.87057490278989,6728.936703235106,7241.826225147526,7159.664114826273,7425.391601656838,7535.855053870511,7615.407961020236,7485.084249735283,7416.230135733811,7368.636278059878,7182.581342770101,7262.186522846649,2099.530227585835
1764,2522.2767024446894,2022.5098293729402,0.5227028067274293,-0.15478906243242804,-0.12122210223107413,49,0.0,0.01288641655189446,1.5916104384338887,-0.5045919469124596,2522.2767024446894,2022.5098293729402,884.1463533978153,0.0,0.0,78.62366251715389,-48.869384281726774,64.4049869417649,67.66171122502718,72.83960744626152,72.16966774984013,81.90912582863069,83.98438316685954,84.9693865140589,87.7100930466836,97.32694435860515,71.00292297933959,80.0353238171769,20.132200323567307
1765,2875.5363752817666,2023.376921842269,0.7461625501582965,-0.23652684137236565,0.20853317592090465,49,0.0,0.013657825697944386,1.1676775101345036,-0.1683072890736796,2875.5363752817666,2023.376921842269,1071.7037732308363,4.824907670475712,0.0,78.39992521107372,-48.86767683981183,81.79298519448805,90.40022350513377,103.37280805473901,97.15252253711417,101.56775767917537,95.8353645921606,104.46862335352706,86.36829596478438,94.79536959838717,97.52355728360985,90.33470666913158,28.09155879858541
1766,599.6270734448995,2026.129517334602,0.5586140950317628,-0.7471664828197139,-0.48039934730161943,49,0.0,0.014117121897322867,1.5390018263222538,-0.4680978380147045,599.6270734448995,2026.129517334602,1097.0905449998713,0.0,0.0,79.84152195678544,-48.8676123752319,114.3392682522389,97.76160913358154,88.1680732458722,99.62004896640298,83.81025564258002,91.06513027254567,87.59467800903141,110.96609268508391,97.46560966355023,97.2092649455866,110.00974692925425,19.08076725414371
1767,704.1789266051313,2028.1812250006446,0.46090452845511837,-0.667022319740287,-0.6242316976943835,49,0.0,0.009863322068271778,1.2143960539730336,-0.21090086842124744,704.1789266051313,2028.1812250006446,854.1047909243277,0.0,0.0,79.7752919406112,-48.86710162545599,71.24454674652516,77.17202290606622,64.8606301180897,77.13091884155163,79.36735890811822,69.59166378452349,79.68261282864378,68.96040226697879,75.41344364884384,86.3749903700294,77.97848356195055,26.327716943007076
1768,2615.4036298104825,2029.0669938755595,0.8039295618921543,0.48378376476131835,-0.41554857093698977,49,0.0,0.01577459695017664,1.4051262501275965,-0.3692883680235016,2615.4036298104825,2029.0669938755595,1002.5914737254186,0.0,0.0,78.56471214567676,-48.86633945550334,85.32025699373924,90.89292933736701,84.04433380796388,73.43413813668947,104.43905646487744,87.12299984634812,88.25621198701393,81.61812203542718,88.66204619083197,96.66539245056074,84.18431005056202,37.95167642403768
1769,791.2038534357454,2032.042102909273,0.3039483852359586,-0.49241602970938453,-0.3320334496156272,49,0.0,0.008894891408479055,1.1933483277907972,-0.19191807220415497,791.2038534357454,2032.042102909273,862.218439400902,0.0,0.0,79.72015598275125,-48.86575048112526,89.04745302631736,62.31562239864703,72.9370214973693,75.1988892437407,51.939009964995215,75.39707168221273,74.45799389083787,84.88447460938019,74.45154609998124,88.4610656838674,94.34692471566132,18.78136658789157
1770,273.8738359005689,2031.0729742155709,0.29577745901627145,0.306117946029939,0.7190493878870484,49,0.0,0.0069652562656127015,1.4933064931316713,-0.4353723837047476,273.8738359005689,2031.0729742155709,1060.5337220907654,0.0,601.8047231531901,80.0477988316843,-48.86423771536332,72.9021837280665,86.54191679106712,57.019909732909696,74.05626356959358,97.86009906426165,124.50892088490528,70.44088249938335,85.5728593862627,60.078808533569465,161.71708628652598,144.0096927589591,25.825098855261228
1771,1773.8277785560726,2034.2798222388403,0.23287428113660066,-0.6287305784545799,-0.10700789949590665,49,0.0,0.0069967390708207365,1.1137184260655935,-0.11693851241063088,1773.8277785560726,2034.2798222388403,863.6300405070924,0.0,0.0,79.09776687214007,-48.86590210160727,61.375695458359935,78.43743353872216,76.4289125849949,85.54963870022675,73.23320556595164,66.99062876551307,71.95346479552252,79.87242392893631,82.68404913256623,77.3754617966895,82.15392766995484,27.575198569654624
1772,1005.7647770409566,2032.7025021197505,0.5779010657584147,0.4277085290852949,-0.5538856522885204,49,0.0,0.023779960323496118,1.0559805271296794,-0.05913977409746158,1005.7647770409566,2032.7025021197505,9391.711786579308,0.0,0.0,79.58425686828632,-48.86599786750081,760.9476769310179,860.1097840432137,823.8406776354678,850.2186335480436,852.0566496861315,835.4345452712541,855.6414044996081,821.1551059672922,847.6748798940957,862.5206922155323,783.5626321824136,238.549104705236
1773,3101.29151352201,2035.2215039538096,0.4655078758128449,0.31335914054284647,0.3991472519390316,49,0.0,0.005512642101609493,1.174886537793541,-0.17498981888224532,3101.29151352201,2035.2215039538096,169.2117979841729,0.0,20.67153654972487,78.25704676497246,-48.86165537540486,0.0,21.313108710509784,43.07675584290141,0.0,0.0,2.8952067902801675,58.69378581410008,12.003692430098717,2.0766683797305694,19.30644244652283,9.846137570029322,0.0
1774,1595.2466001278694,2038.087437431053,0.543940907660446,-0.15927635033079732,-0.13716263606966514,49,0.0,0.06771425135514154,10.15319717283508,-2.516507050421138,1595.2466001278694,2038.087437431053,1809.9823757843324,0.0,0.0,79.21087983239008,-48.86436767580964,162.23803447314884,168.33727279110465,150.30132088068325,155.18909973555694,156.2067264982341,154.38338051999978,157.6290220920551,163.32080963202293,158.4946027319464,164.7806815216349,157.67600393084126,61.42542097710411
1775,749.6216304141824,2039.086171289469,0.979493186789751,0.28084998272534156,-0.08539640100096463,49,0.0,0.01423403542814498,1.2143720809590164,-0.21087943502965922,749.6216304141824,2039.086171289469,792.0731277948033,0.0,0.0,79.74646071612537,-48.862695869915854,65.08232315095137,82.67729088740931,65.61010442120372,65.96626793280888,63.614411673774896,61.08566924102416,72.14789536048217,68.08948696097191,82.67688037510402,76.50674799879195,70.91311423769682,17.7029355545841
1776,638.828558270935,2040.2036833282225,0.732179902582374,-0.3570336984595224,-0.6115123712295696,49,0.0,0.02284239751750465,2.5783848957415585,-1.0283693710030666,638.828558270935,2040.2036833282225,1026.6726260987966,0.0,0.0,79.81662142546419,-48.86188198415377,96.55566910703877,87.86993331726441,97.64358502787425,83.98241669100221,92.89594373313503,88.73011720864426,95.82009445969118,79.53680350155922,95.44049638986448,93.33362330956199,89.69479174105562,25.169151612105185
1777,2224.3150437191784,2039.816809046593,0.34175952141387234,-0.2180884915795671,-0.27076852892297454,49,0.0,0.04617778035529689,8.955833610425966,-2.380265040666008,2224.3150437191784,2039.816809046593,1710.9755295045386,0.0,0.0,78.81245292984288,-48.86297220769819,136.65021024213934,170.85785964557476,157.74038611956342,150.20655816614413,135.83718081108248,137.16443663004355,144.33967087708726,149.5518177281445,147.7887036847418,155.43077101579888,176.26475439914202,49.143180185076346
1778,277.9367303037764,2040.8135790634997,0.7983271259693926,-0.037136729315245386,-0.004121707707855622,49,0.0,0.012428325831414263,1.2105506309481464,-0.2074573960130503,277.9367303037764,2040.8135790634997,956.4392251401032,0.0,609.3049359560894,80.04515776886966,-48.8601982733744,67.5943215659411,79.37923726459164,76.59185574435668,112.43961299091417,55.26413243951099,67.13748175146215,78.51919337241925,112.51292798835473,107.70430142529885,82.84316701403256,94.44721853691787,22.005775046303153
1779,531.7741219678907,2041.254096281198,0.5440073475528054,-0.3382179934499123,-0.07498884737929244,49,0.0,0.009817461447850279,1.0435999711598007,-0.04633514606581156,531.7741219678907,2041.254096281198,1040.7995462200001,0.0,0.0,79.88441179956314,-48.861067380698984,95.86801115807455,92.3703941070691,80.441331122619,84.28005525847186,107.0458831142279,93.41328566233312,87.799830085565,82.14629209849862,81.13270862845931,109.5351825482148,95.75703060089005,31.009541835576975
1780,1728.4094825906484,2042.3491252038705,0.48483142257029627,-0.008763605331560441,-0.17405761744696052,49,0.0,0.2374839446703568,38.77279590737558,-3.97131779780848,1728.4094825906484,2042.3491252038705,5160.220347309492,0.0,0.0,79.12654016836218,-48.862563662048316,464.3684144637383,448.946039326557,422.6028201449569,413.4114776474337,473.8982560650304,447.78260366498796,437.8883681506703,479.65213482886315,512.3759793961801,457.77175275121715,446.8779295349277,154.64457133492996
1781,910.5408759998561,2042.8302530348492,0.5965916544963784,-0.246142647302775,-0.33824219402419475,49,0.0,0.05912413884003497,8.155857541142563,-2.2786740783108614,910.5408759998561,2042.8302530348492,1752.9678507083017,0.0,0.0,79.64453242239695,-48.86156593900777,137.49107577879502,135.09154419812532,169.19317007786645,146.8180850907106,172.07685394242372,143.64267223421515,162.87728693184798,146.23523077779865,188.23035649908067,163.0134904446852,140.54523541756348,47.75284931518942
1782,353.503069371591,2043.5417889875816,0.41506822870769666,-0.47348223933157535,-0.9567175599611024,49,0.0,0.05328579911635585,7.586298428187064,-2.200074807215918,353.503069371591,2043.5417889875816,2397.749495507361,0.0,389.151403773147,79.99728837972442,-48.85939835992981,202.0653268315939,191.41172305074417,179.33515115681212,234.65493734100744,190.1502779163695,197.16979463650034,217.91871163447587,192.1413506688097,262.1990473968523,229.93428984084304,229.11609958033037,71.65278545302257
1783,1448.964720290219,2044.0397658814516,0.5605303802267171,0.021649164407099363,-0.035852897921494556,49,0.0,0.013646575530699421,1.3437660808563212,-0.3208091862382742,1448.964720290219,2044.0397658814516,1031.293664442173,0.0,0.0,79.30352687372262,-48.86184778592097,85.94132542556102,91.64892808795366,79.47467755589881,86.80510440234403,91.78567253283464,83.99053238994836,85.74007585443233,96.95295218598268,110.42813014171747,97.53174146030335,87.92852661821418,33.06599778698226
1784,823.0744254140928,2045.9373604411346,0.845885725520921,-0.4566076807011221,-0.6015379068995573,49,0.0,0.015219145901721088,1.3382281904917923,-0.3163254357126518,823.0744254140928,2045.9373604411346,903.256001739363,0.0,0.0,79.69991324055542,-48.86004878004267,74.05888530792326,90.48081353026919,83.74649785116436,87.76271690620327,84.47692143774677,70.88325561726285,83.06420465197135,77.75225740810995,81.22975409162643,80.3071035816792,73.8682258194131,15.6253655359933
1785,847.0517374894631,2046.5016227228496,0.5822700008540761,-0.07713006791357029,0.17316748251707026,49,0.0,0.014386665063080423,1.8291363555126616,-0.6556152044228771,847.0517374894631,2046.5016227228496,930.7603060296724,0.0,0.0,79.6847263444104,-48.859877337864134,78.06254066250577,94.72498607875306,84.40696457053807,81.92706620942616,96.66319400129262,79.92822769406204,73.40790788213704,68.05742507917395,72.36171002108733,73.40294068187765,101.11840233467572,26.698940814142983
1786,1186.505027923045,2045.964922371108,0.36575102188357056,-0.19142222202108233,-0.039026131491394674,49,0.0,0.00857764028394206,1.2130477222513505,-0.2096947167227829,1186.505027923045,2045.964922371108,873.8707700657721,0.0,0.0,79.46974916932258,-48.86078822526425,67.42761476002269,64.51564166479226,82.21604153099426,94.91724852959467,75.68717387770079,86.54497381494613,63.27234178857015,75.43720126091401,69.63428218858053,79.68033920305277,88.516215663374,26.021695783229923
1787,1992.4681766332837,2045.929464586802,0.7117023015473427,-0.4391540464847647,-0.07348005701504655,49,0.0,0.010906849545076615,1.1068998300193198,-0.1102708018846168,1992.4681766332837,2045.929464586802,878.451789757258,0.0,0.0,78.95930575331867,-48.860833787640296,79.6105841876595,76.21678318485385,75.98389551256787,69.9861727074065,95.59710265939808,79.59090642282493,74.3112095013413,83.78690908632281,78.24949091341276,73.89902653110529,70.08973421960135,21.12997483076385
1788,673.0674722603785,2046.6542291362898,0.4599807343059344,-0.1515619396469475,0.049330330062386636,49,0.0,0.018517030788443783,2.4107432197087797,-0.955377384920707,673.0674722603785,2046.6542291362898,1108.0603582187066,0.0,0.0,79.79490632770671,-48.85930660228558,85.80577112431264,95.96052013216851,102.89647435493549,66.92146029215971,103.82566360130193,102.465498022983,108.4959432429072,98.78634977454482,107.15145868921888,102.36837787527276,101.23912726480657,32.14371384409509
1789,2011.4607073036227,2046.6460228509009,0.5960109080749777,0.662677412276919,0.4402356866914738,49,0.0,0.008864866252677827,1.04673612519736,-0.04959303224311057,2011.4607073036227,2046.6460228509009,782.2014791426138,0.0,0.0,78.94727886078783,-48.86050878049056,61.91652132755537,79.33148825278194,66.15747384674643,61.35759420343801,71.76724009855268,62.0957216706509,70.58392160557932,53.06463447367017,84.60473918280398,70.42875612810826,77.9718519546608,22.921536398065932
1790,2886.1227498474555,2047.4148257137495,0.4413644377270304,-0.13641854738551185,-0.4490664283348827,49,0.0,0.009821952264091648,1.200342359740763,-0.19826283124485564,2886.1227498474555,2047.4148257137495,892.0255587005718,0.0,0.0,78.39338393468029,-48.85761514008851,80.74584735130131,62.85787289781537,75.98615469639216,71.08638663210888,85.74825221914371,93.86954190617851,76.09713299936998,67.39323032794131,86.47348342500985,80.86787446078264,83.00197049730659,27.89781128722138
1791,1871.52073707933,2054.1286001789126,0.6732106420318535,0.09919087092682351,-0.33148687500904955,49,0.0,0.01603823359830665,1.8503720737025242,-0.6681476633163532,1871.52073707933,2054.1286001789126,918.9665461592745,0.0,0.0,79.03591703939223,-48.85755660158699,58.462601800101766,89.8206947678296,71.13281852444112,76.14262667015481,101.28852496164703,77.30454635929858,85.43335448271469,83.91835808140397,77.6951857789161,82.50577519185374,94.5958329717141,20.666226569198926
1792,1909.8385294709199,2053.9803451640873,0.6707094078012426,-0.05742212399090721,-0.13087446439230518,49,0.0,0.19620294959032167,26.491392645089977,-3.55776197409151,1909.8385294709199,2053.9803451640873,3479.2568864341542,0.0,0.0,79.01165060401026,-48.857579810334535,278.82340074509386,288.6914041379383,307.2646224331702,297.75519663022567,287.6908701663792,295.04521179679443,295.79358378922075,330.85863897720844,327.3236620121131,331.4521854127112,341.7142699161021,96.84384041719709
1793,1995.3775393630642,2057.3642371678743,0.4273417311324983,0.12257831244760208,-0.11256863302430571,49,0.0,0.08250209707057882,14.477375682565127,-2.9017246108210273,1995.3775393630642,2057.3642371678743,2332.8291928865656,0.0,0.0,78.95748705023195,-48.85606542568988,195.52869188373762,177.95462413213878,198.8344719882529,194.57986227414773,215.45904867135232,200.29481904067504,218.52573127333838,212.07922069155597,212.37777494611623,222.07558463544638,215.09934224818738,70.02002110161669
1794,995.4861915029393,2058.1539566264964,0.20694898341957949,-0.7028692584065575,-0.10578759413539918,49,0.0,0.007332972876225239,1.19221100087034,-0.19088281217695025,995.4861915029393,2058.1539566264964,966.6519110980436,0.0,0.0,79.59068570329192,-48.85537205318671,96.76552884748874,86.56025073424063,91.28371509136599,71.62237304940831,73.80167111846373,90.84695554791847,95.95211637522942,79.55613515777188,88.53446740179729,91.76729644943926,76.5539538884467,23.407447436473063
1795,1402.252234742767,2059.3340478637615,0.7439993167683717,0.2028968667894411,0.14750433589960604,49,0.0,0.011723459421856054,1.1789575826035241,-0.17874545003073422,1402.252234742767,2059.3340478637615,803.4741716516189,0.0,0.0,79.33309597931445,-48.85544691408347,60.39373825293394,69.05809438372191,62.08338295142259,78.32924600218266,73.7080668474141,75.28881110672893,75.81873991296123,67.79356050532064,64.38903676422166,79.36489873062905,78.93819960476063,18.30839658932163
1796,835.8075519123831,2059.0794846603803,0.5740206724377794,0.1535628632050364,-0.19932558720818916,49,0.0,0.01070309395029505,1.1466294505545407,-0.1485577304993749,835.8075519123831,2059.0794846603803,895.6166000312228,0.0,0.0,79.69179633112222,-48.854607203304205,57.89363334439236,90.00997425041851,76.42737423012355,82.57772738954374,65.96171634433807,80.96131501555503,95.85641798828402,76.60074736736493,65.30216478605846,82.66648461034347,103.4535459673105,17.90549873749017
1797,2619.599774677272,2059.5683927389873,0.4498899769185669,0.08362160930854229,-0.33281864457057814,49,0.0,0.027367785632561516,4.32354338447216,-1.5895995531225902,2619.599774677272,2059.5683927389873,1172.6196397136603,0.0,0.0,78.56221886494959,-48.85361667625474,95.64743365753016,102.48111029608735,102.95762881536447,91.21261392789799,116.31134682118577,109.37552740052243,85.35314304923034,102.75165866558056,89.50515068431204,116.76417463720705,121.82206236508307,38.437789393659045
1798,1176.5542002213665,2063.575630799412,0.21467017227046695,0.2344501698187826,-0.131505703059757,49,0.0,0.007475389449981044,1.1546415400685077,-0.1561179446985079,1176.5542002213665,2063.575630799412,843.8951985749575,0.0,0.0,79.47601179864225,-48.85343613009972,77.26244365422914,73.7851955935884,70.80561268496055,64.9063263432754,79.32822325473771,69.16971324449501,76.00450766354814,75.00447011786422,70.0297563072242,80.56685223350823,86.7114306837848,20.320666793741616
1799,1934.0346274312185,2063.7164146634805,0.6383755570142877,0.44290769590479423,-0.08075546825979586,49,0.0,0.011969338927104452,1.3348805938860009,-0.31360604864157976,1934.0346274312185,2063.7164146634805,796.1105230256267,0.0,0.0,78.99634469113377,-48.853496213419625,74.74494508986805,67.41263499928166,59.95923381117028,60.361049774133335,63.28603028422022,63.44974680901073,77.57717985350715,81.28383152189676,63.386733109804766,62.142713552179984,95.57357801914145,26.93284620141216
1800,1885.867017369242,2064.964246081356,0.6034309499342821,0.37847349145702136,-0.20808588888863178,49,0.0,0.012907662054307184,1.6118528177390667,-0.5183134569449573,1885.867017369242,2064.964246081356,858.4562637311495,0.0,0.0,79.02684805172368,-48.8530279801851,75.36128354712793,58.759437231560256,86.23524053353609,57.2666392345226,93.21963451409374,75.0084546918126,76.19630861338084,73.99373485550782,84.17408698197369,71.34659674128011,88.45965752592959,18.435189260424323
1801,879.616336631668,2065.6157629173745,0.5061854737293257,-0.3070063667369997,-0.3572385304781024,49,0.0,0.0360729161260002,4.992195832981147,-1.745729033590425,879.616336631668,2065.6157629173745,1402.4002699558441,0.0,0.0,79.66403058552415,-48.85199671491407,105.7582903099586,121.79162799421408,115.68936510184935,140.4431498637918,146.94174734447807,119.56277198324184,115.58211265990522,129.40889934331727,128.65719203915734,130.29738658428118,115.47257909761368,32.79514763403559
1802,1269.0170292686869,2067.4145420393575,0.5905414062591581,0.004235987878361944,-0.1584488999705544,49,0.0,0.27698889197754045,39.20659529928897,-3.983397824512813,1269.0170292686869,2067.4145420393575,14211.324460194513,0.0,0.0,79.41745452471802,-48.85195772066157,1131.6400054798319,1167.5852933763144,1178.775902416881,1309.815844263106,1259.872428350388,1349.7396637365846,1210.5262505681758,1317.0235641025924,1304.4763880396845,1297.807085829893,1315.5135434188414,368.548490612222
1803,1953.0272543949216,2071.576818303713,0.70213712391048,-0.23866792974448398,-0.5441262709569572,49,0.0,0.010100911426845643,1.0369679388737638,-0.03941332254093068,1953.0272543949216,2071.576818303713,873.9931824106351,0.0,0.0,78.98433254820893,-48.850198515679615,62.59840987635393,68.10571349238937,74.88415998063883,71.11827568335323,68.13945861219075,76.8901685691612,82.81627649873208,89.1563917474227,80.61224062805833,82.67122085542447,81.13431809877386,35.86654836813641
1804,2115.8462912398554,2071.084768420604,0.46356653899911715,-0.11419476815203307,-0.1351326499601759,49,0.0,0.02410454119716862,3.573815183770837,-1.382830224128695,2115.8462912398554,2071.084768420604,1193.407492954375,0.0,0.0,78.88123624089319,-48.85015855695675,91.48085383080019,112.7006973507527,89.30456126566642,117.46650315855845,112.46648065375602,104.20512950702138,106.42104484194857,114.16333946883704,107.85537669042671,98.6251197519911,106.81239603367769,31.905990400938414
1805,3070.8395350240967,2070.8368680454314,0.39161998157804756,-0.29727373217054376,-0.24432024283256729,49,0.0,0.12531746701136978,16.86697749491616,-3.0675931636624583,3070.8395350240967,2070.8368680454314,5209.828921013526,0.0,3803.328082567561,78.27660644886329,-48.8469746687964,183.9727424360412,491.36723738839083,442.3715693642923,468.9815310090864,503.7877450277442,482.99994808196504,493.7370175440044,490.903193367875,514.2090954202688,543.629834597602,444.2727856007079,149.59622117554784
1806,2249.7789504572324,2072.471674224782,0.3119955496713241,0.006495398031079346,0.583368717811537,49,0.0,0.006996555581895942,1.0653132898694397,-0.0686933622846353,2249.7789504572324,2072.471674224782,866.7045977118817,0.0,0.0,78.79643772980323,-48.84931028895927,65.45363359279534,78.04959980210415,69.17995453878098,75.19143883003635,84.93518659766468,83.41702223300439,77.33729352895651,82.17629401390423,75.71684456405032,80.40354958071507,64.3680342506112,30.47574617925863
1807,1266.6525981147702,2075.331778562885,0.565373774621591,-0.20019677031168553,-0.24335701209449564,49,0.0,0.9299036904088286,136.36198236884252,-5.336733265448885,1266.6525981147702,2075.331778562885,19506.981518941495,0.0,0.0,79.41893775036894,-48.84865620589575,1556.8823497756407,1680.7813254714347,1740.5715062360484,1805.4754093684342,1751.753341272116,1793.1807831614374,1710.494264620942,1740.6453822941985,1707.8554817727006,1790.0158588743607,1733.8219914424963,495.50382465168695
1808,1615.8792686234808,2076.6309445759216,0.8065474808801988,0.03551428041190482,-0.004458974967096457,49,0.0,0.029368215516511247,3.0203992217380895,-1.2001608742299232,1615.8792686234808,2076.6309445759216,1182.7754656663717,0.0,0.0,79.19781466291471,-48.84830769638825,88.49810988660377,101.33562603679817,110.01972961479052,91.9049454213788,103.48226098511576,97.77338296968696,95.84102469166565,127.92532891889891,83.8164373023749,124.90235532426406,125.22186350318981,32.05440101160447
1809,808.6703237680348,2079.317428416651,0.546747967246294,-0.2819854232633404,-0.37321326383187303,49,0.0,0.01158968061426633,1.3978568216146463,-0.3636567254356068,808.6703237680348,2079.317428416651,874.7776112096024,0.0,0.0,79.70889551372682,-48.84610191035952,81.96217205334162,81.25319715745563,79.89816240399978,87.76703411453275,80.40313429630307,62.783679299102715,81.71637951549155,75.31279769540275,81.04449606583283,72.37097776759468,68.63012305503442,21.635457785510482
1810,2913.7095037857835,2079.211989406955,0.5345090603311563,-0.47708459702211,-0.4128348591435527,49,0.0,0.8808130815175396,124.08107038011983,-5.2342638281118425,2913.7095037857835,2079.211989406955,21443.635572501804,0.0,353.40144307819594,78.37613669133069,-48.8442435586481,1791.684114736147,1934.1704067799467,1853.4224576650636,1896.9962496493165,1835.624847126325,2002.5842905811764,1958.6418435678038,1948.3776354656302,1874.9926096549473,1900.3268796954935,1880.0208794796097,566.7933581003458
1811,1577.9333221886818,2080.8815589154738,0.5931807681534108,-0.05865893057105526,-0.13308166140100286,49,0.0,0.25881063394738496,37.70804447571573,-3.9410850266235045,1577.9333221886818,2080.8815589154738,4748.92465125498,0.0,0.0,79.22184059737411,-48.84653615576377,395.23395817511533,379.1205532364954,435.3378893954423,456.5166376473384,418.4635943703743,439.9738575959632,414.26572522777377,395.75577911024976,438.1702451740354,421.9651494449048,417.18302728640754,136.93823459087974
1812,825.0324670659542,2081.8144473223724,0.5981446639526546,-0.21007024620564108,-0.36519226747578515,49,0.0,0.019746033273548985,2.5425612616306044,-1.0131785645253997,825.0324670659542,2081.8144473223724,960.704895392564,0.0,0.0,79.69852618398788,-48.84510598759339,84.63959605605636,72.73696451628027,83.82137295683565,87.09505606765501,99.23233480145791,98.69722143523599,85.57835963415761,88.56874267566411,89.70428932081558,66.95496503153437,81.88159792612372,21.794394970747533
1813,2303.467195422495,2082.0190907196875,0.44690937191442165,0.5437392705660186,-0.1494583070013317,49,0.0,0.028582446071300106,3.739079383222173,-1.4319117140552278,2303.467195422495,2082.0190907196875,1516.2680865403504,0.0,0.0,78.76247983514862,-48.84520651094037,136.45214541248924,155.75994959004936,120.64347663961335,124.44766915749668,124.85019517150447,133.0580224883642,141.9520213885924,135.6966392826023,132.03483420515641,124.4752846100551,146.6272746719201,40.27057392250704
1814,421.13961244852885,2083.683677215008,0.26880422506623564,-0.07217843417783935,-0.2453546862553473,49,0.0,0.011928376578981919,1.3808799187547842,-0.35038978498817985,421.13961244852885,2083.683677215008,2226.7433693018306,0.0,0.0,79.95420826080039,-48.84295877216131,190.2620371469331,210.86764155357707,185.6181665314362,206.61169996480646,185.54703532203268,201.22771518173496,183.26530369670655,199.48953698888846,196.16852469161705,214.39281978262466,198.2805178878134,55.01237055365985
1815,601.1056889472296,2083.785419530697,0.6587111454117025,-0.11026163288416715,-0.7090713105172932,49,0.0,0.011439143094911144,1.1889497006056413,-0.18790870464705348,601.1056889472296,2083.785419530697,866.5618636656766,0.0,0.0,79.84028087611293,-48.84359594612024,74.9518770731504,86.41370456563646,77.71084800037721,74.63329059224264,81.6144778476018,71.46106701925754,72.06042389679251,69.39422477583611,61.116304114240364,82.35709459905395,88.97517865738892,25.873372524098667
1816,1819.3719521673556,2084.322802685128,0.40538658168662517,0.29655425240977074,-0.24860330842431128,49,0.0,0.01180948139548835,1.452619147286833,-0.4053794109812613,1819.3719521673556,2084.322802685128,990.2773156293996,0.0,0.0,79.06897725760696,-48.84502016882864,96.11805771625967,80.55962147788632,87.24713429402829,90.63832694422629,84.32153912139418,90.36427768608607,93.02637848483016,93.64326136479526,89.24619443290754,70.07890849940128,91.99005435931636,23.043561248268166
1817,2388.4671544977396,2084.819739507341,0.33583129252019844,0.058355137032639656,-0.3578390990020233,49,0.0,0.011898913730968526,1.9321082179322993,-0.7150786192962765,2388.4671544977396,2084.819739507341,884.8850423917811,0.0,0.0,78.70867768372632,-48.84381997298871,73.98562190515004,90.08000296256824,70.2435026165128,82.09216979551015,67.76933954211847,84.89526398938284,73.36085496880578,66.84074821180033,68.41642470912291,95.48397040977653,93.50619986771207,18.210943413320955
1818,1137.6899023550657,2086.0458331524014,0.6323764821908262,-0.2961914607603234,-0.25729156395844816,49,0.0,0.16818948920561302,22.915407751981355,-3.4003189734872494,1137.6899023550657,2086.0458331524014,3368.246924184704,0.0,0.0,79.50056685107548,-48.84401402649009,258.7388949527542,311.07296172491783,280.19901187276014,281.95826405037235,286.70631149418443,312.84829357863214,309.64306775132377,271.68238858475445,315.15202753208035,307.71184642972946,345.44634839741207,87.08750781578254
1819,357.76160180014557,2088.7947706643813,0.7198542089032952,-0.5785588461788418,-0.8119441763442362,49,0.0,0.027167432472981996,2.7009525248451007,-1.0787923764451135,357.76160180014557,2088.7947706643813,1581.625027376655,0.0,567.2354249227719,79.9942945576687,-48.84056333728684,133.3514648451415,146.4541863031638,135.27594062999998,149.54391397254693,116.77792991300907,137.13054319472195,118.90999862883776,125.35113920905596,160.46356032623808,166.1405521251009,159.28808041580095,32.93771781303808
1820,869.672658188695,2091.06432448238,0.8003906047507954,0.022944302086604623,-0.1539775831856561,49,0.0,0.03844099346271397,4.216729620388148,-1.5624393866146828,869.672658188695,2091.06432448238,1151.1728101197514,0.0,0.0,79.6702285756897,-48.841368595758375,103.9787840139767,102.93733799351403,97.73230770302467,105.12350056188055,95.31993046784635,113.14393158411009,115.10996333342356,92.68509271267351,107.54646483421831,84.36748678236114,92.20526487529247,41.02274525743011
1821,2705.8886227290695,2090.7049896595586,0.55651926977431,-0.23944247246427325,-0.1920351679489445,49,0.0,1.5484040993506458,227.4154240133787,-5.892049791344719,2705.8886227290695,2090.7049896595586,29425.962085097966,0.0,0.0,78.50776450145393,-48.840326388104174,2459.726289831857,2570.713499838058,2550.211646573548,2525.0767147884044,2680.742554325896,2667.322849582388,2650.5662351938154,2592.117029177294,2650.2470257139667,2679.467943184982,2601.9119457626484,797.8583511251118
1822,764.8852234010902,2093.0251868185956,0.3241185107247336,-0.05507870238204165,-0.4126432958969111,49,0.0,0.008900739382825868,1.3638744700574337,-0.33693600008607966,764.8852234010902,2093.0251868185956,864.6144481883064,0.0,0.0,79.7365557834891,-48.84026714546261,68.55514002557373,74.19744236879777,64.8150916128939,73.93371240878867,94.3469733439137,85.14594970148985,83.13863292421765,68.46933721063837,74.29132912391022,76.24060220759696,76.65958346237814,24.82065379810738
1823,1175.576473028226,2093.297331225582,0.5593448159911502,-0.054382556150005666,-0.5501768881025367,49,0.0,0.011166741636224749,1.2759012361959636,-0.26454264553347656,1175.576473028226,2093.297331225582,875.1351697100556,0.0,0.0,79.47656418712619,-48.84105093587918,70.34758601742425,75.59642477509675,93.3778675870241,79.01439045776286,63.68647471443469,86.09081984275555,94.50713239157564,70.16502613014524,73.17775210072288,72.37893849220814,68.26318820901577,28.529568991889732
1824,1595.8496601349082,2094.41281580155,0.7085127314764387,0.042629815425110545,0.051620935619377875,49,0.0,0.044653421598721106,5.170587091381432,-1.7838496440363736,1595.8496601349082,2094.41281580155,1480.2409274971328,0.0,0.0,79.21049648227539,-48.84089904810572,124.03659400383697,140.08299983413082,145.62550169661614,114.61415870256613,122.57638683298035,144.8546718315817,131.70096146541502,124.26570110459461,126.64610302068219,121.75824680297347,139.38176762323712,44.697834578518105
1825,404.7544319699368,2095.6215331957796,0.515918069278781,-0.14969165265262657,-0.9797110982186807,49,0.0,4.302586146992836,538.4657133752687,-6.82789513739518,404.7544319699368,2095.6215331957796,146371.28833425918,0.0,0.0,79.96450515163124,-48.837917718344315,12491.957090594853,12977.958175337259,12962.45565638081,12968.32861230494,13007.341605736163,13294.476354860337,12977.647428000158,13053.444596361172,12947.40759065098,12916.603764034897,12873.045981358668,3900.6214786389337
1826,1848.0352842663544,2096.1914212076417,0.4035798963317954,-0.16212994376307746,-0.263316041624295,49,0.0,0.0079287583716736,1.208468110624241,-0.2055879865433839,1848.0352842663544,2096.1914212076417,771.1346955604727,0.0,0.0,79.05084514710603,-48.840051819777635,79.85137535289249,71.80603481434895,63.64430039234146,50.71684910702095,70.99916803119748,79.33168011694679,70.27603251931012,70.01353373119753,56.735205678816996,66.45515144700934,62.80520966739225,28.50015470199832
1827,2655.285987298568,2096.585463714925,0.5164278466271467,0.5063171657610559,-0.0811890687406146,49,0.0,0.012479126740196862,1.447202947578905,-0.40132359599608375,2655.285987298568,2096.585463714925,887.0521686559443,0.0,0.0,78.53982928622652,-48.838065819396995,74.80958787779466,77.46489056308374,76.7105036782021,96.23931986710136,60.69076509768132,91.11100491045826,86.60601277539205,68.40949749899792,72.6327752875774,86.33895676744261,69.62072378122934,26.418130550983555
1828,2111.707304300308,2097.6880135060806,0.5048549711566583,0.05143667176822346,0.21995815749656458,49,0.0,0.011862136926018452,1.6517768861174693,-0.5448784614682969,2111.707304300308,2097.6880135060806,871.1262909069987,0.0,0.0,78.88392884068071,-48.83908155229741,71.6462286465595,74.34295478943584,85.1511131070049,75.31212100719608,73.38806386156358,88.11310365457557,69.77800336192162,76.4540973972581,87.15246126137546,70.06876253312359,67.76984699601877,31.94953429096574
1829,2293.0119514758785,2099.3806481877036,0.6159403215634198,-0.15476253406337637,-0.15198524965279095,49,0.0,0.4227758002057316,58.34840651760561,-4.415072500136825,2293.0119514758785,2099.3806481877036,7790.3411000334745,0.0,0.0,78.76916266639371,-48.837998122275586,639.1624650145087,697.2651868568128,645.9801081187138,696.4649349149161,667.1788061682878,718.3912326184175,718.4648680272087,750.7089984479544,676.3974874253234,682.4465854812397,711.2080798206998,186.67234713939212
1830,2599.3508404916947,2098.9947408034063,0.600285382034663,0.5046095391618312,-0.15074499927486218,49,0.0,0.016584442548572047,2.0093642513793655,-0.7576466786363081,2599.3508404916947,2098.9947408034063,1005.1334295277968,0.0,0.0,78.57524830333995,-48.83726107919158,105.76261725604647,98.0721639337903,81.87119773985924,98.58574339308441,93.4389808906778,78.35291896117546,94.2056611809954,77.84860803601825,62.73558727742014,82.43007694790501,101.2551334285871,30.574740482237143
1831,428.65531744105874,2102.9073438302084,0.7469528865932411,-0.7025213038982248,-0.09942017097438514,49,0.0,0.012923907517519201,1.150549036514951,-0.15226283268337132,428.65531744105874,2102.9073438302084,1693.5115682357268,0.0,0.0,79.94933158980722,-48.834980313117676,140.2396237143522,152.1247683836222,154.49923633765667,138.9377592759286,143.9504814873091,164.14932490370808,146.91138596049882,154.33271774884628,138.91269116443553,139.87273535801114,167.85912337908115,51.72172052227701
1832,2820.1845237933753,2104.266894972382,0.7175651878179558,-0.4771831407420756,-0.2784577202803535,49,0.0,0.041673702239388426,4.606986278978112,-1.658542296980209,2820.1845237933753,2104.266894972382,1392.2866119878367,0.0,0.0,78.43550295834002,-48.83421566610561,104.3146458724416,106.84023489998451,112.56610814253138,122.1323129691071,122.98417450162762,136.77473123792177,121.8816002869045,132.30094896874073,119.62244448784318,128.09134371129016,146.400584805484,38.377482103960205
1833,1081.0480403273477,2106.3481902588624,0.646854290305519,-0.12999986470594457,-0.13015258839596136,49,0.0,0.1724947903677971,23.560584448048555,-3.4304651485871336,1081.0480403273477,2106.3481902588624,3205.58439940691,0.0,0.0,79.53637150033123,-48.835458527286406,245.10369225136475,285.07631836410235,239.2762568737539,271.01032924688496,299.84084035350963,286.42923639126855,308.5107381186613,299.4418091127055,287.2672379944064,292.07761284598365,292.2329180590393,99.31740979522962
1834,491.65147919506035,2107.6548140371788,0.7360183828572953,-0.2333940469828408,-0.5654169831466943,49,0.0,0.05147525326987212,5.928988035268618,-1.9324514348428192,491.65147919506035,2107.6548140371788,1516.2808441873153,0.0,0.0,79.90943124152135,-48.83325130989978,145.70916136784908,117.89442448020759,139.42907895400324,125.3871012711856,126.19211184808796,119.15959939594863,152.80473618782727,156.57835113191265,121.09107034004408,149.99269048813355,131.59162952523033,30.4508891968853
1835,883.3926012646658,2107.865250286504,0.8242930529877197,-0.23050483490346146,-0.22354230508430845,49,0.0,0.016883190232317973,1.67525518173031,-0.5602024248147623,883.3926012646658,2107.865250286504,890.0546413989427,0.0,0.0,79.66147940567626,-48.83440295121337,72.97892487109081,90.3633862755862,76.39701485861633,87.81955078448594,76.90165829824653,76.50315940407523,72.1040935858277,73.51764373649638,83.08060870342187,67.72793372874376,84.03489767089324,28.625769481458867
1836,2167.5245383266947,2107.9706887117964,0.3642708263198139,0.003642679225755532,-0.20380420849533382,49,0.0,0.041613873923109126,7.416346668524809,-2.1754750555071385,2167.5245383266947,2107.9706887117964,1637.965312705874,0.0,0.0,78.84862500078339,-48.834692950094094,153.0877294334668,133.35093130051894,133.37180388810998,158.01542556063964,113.41395746944286,137.57580256356488,143.21570793321092,158.4732674785826,154.89039288878064,153.60340241263896,154.66454299937118,44.30234877754687
1837,1440.6248884051995,2109.1946673362704,0.34590064937856496,-0.1713959958726908,-0.06962202226614214,49,0.0,0.008635069557081479,1.2680425455293753,-0.2578345632386098,1440.6248884051995,2109.1946673362704,826.2650593876995,0.0,0.0,79.30875382391544,-48.834695774435474,58.04123727878225,78.29738049681583,72.57177014866386,61.26190595416631,68.56904757051107,68.71878229808254,94.75949444025338,74.13280083879889,89.54140587571429,80.7416600065351,62.78778390241081,16.84179057696516
1838,650.7351487213226,2112.479783343622,0.6152637133485799,-0.08697681127336873,-0.16796617778539757,49,0.0,0.016762632508422064,2.0531648171970627,-0.7810595340769068,650.7351487213226,2112.479783343622,905.5699804394928,0.0,0.0,79.80871828823251,-48.831808438384655,76.42099753534993,91.94293651505441,64.26412596589228,87.67990428598142,90.77083962782953,79.7290787725896,91.71860711970342,79.50993140498248,62.30977585414617,80.13987316082682,79.40739577713742,21.676514419999336
1839,2528.6827504117477,2111.492683597377,0.21127622227226117,0.31197382845861893,-0.0481998464882202,49,0.0,0.012705870070060207,1.690065585722233,-0.569758896097166,2528.6827504117477,2111.492683597377,1157.7564625756522,0.0,0.0,78.62004144868735,-48.83228991911167,90.00447499572789,89.82746081512445,113.66089822580858,99.36643064295517,107.40699801827415,114.46921362670861,88.7817661976527,95.85223152336764,92.00402760232792,132.02644538527954,99.18210774890207,35.17440779352342
1840,1205.4756276116223,2113.1669396465045,0.9435206407693586,-0.14202925238450861,0.35541011402385697,49,0.0,0.0233870222853173,1.8777816667394638,-0.6841127365417392,1205.4756276116223,2113.1669396465045,1132.8828233250133,0.0,0.0,79.45759433847122,-48.83281461009985,105.62783104757392,101.24748734878824,101.18545517329551,84.45513639397785,114.15739427112929,98.30228080992923,119.49024960611587,109.75806737259614,99.24963624459528,88.49958428020926,77.16059264991685,33.7491081268857
1841,1491.643257986808,2112.8461962547635,0.4965241281503592,0.09612721009423295,-0.15906687029673724,49,0.0,0.12922771349189435,20.9061847684132,-3.300686960905307,1491.643257986808,2112.8461962547635,3049.4715157100754,0.0,0.0,79.27645699457292,-48.833198082044056,244.26751682316888,305.736647371521,273.5256041116782,276.1714000929466,311.31866452808924,253.58868032640657,253.5527637360666,258.39893570183784,251.3730611963719,262.2688527996499,273.8697203123105,85.39966871002812
1842,1383.3412888216822,2114.9632699253666,0.3545908485803045,0.08946561666717877,-0.10222480849442285,49,0.0,0.015244301929121098,2.660232646311428,-1.0622990470204738,1383.3412888216822,2114.9632699253666,975.5558144655786,0.0,0.0,79.34500776326516,-48.83225480747455,99.40017073540446,68.47403029540746,87.03410646584206,95.19805522019811,84.63037861970265,75.99589841277785,80.83399983224894,99.64074816489878,80.49761061616567,91.3482519245845,96.95164174502291,15.550922433325038
1843,1804.7355639899931,2114.8848309569635,0.5399087170251156,-0.04745698892184032,-0.12846401920134012,49,0.0,0.22973038592163575,34.41127351794784,-3.8417518640271,1804.7355639899931,2114.8848309569635,4788.443432327562,0.0,0.0,79.07827698665413,-48.83229692490019,360.20623270690123,425.60654476525195,389.71590080541137,407.2107089748205,445.7858390240307,438.5376902263963,453.48510333800516,398.30997444804257,457.4159301586883,461.9315612794621,415.0848747752318,135.15307182531967
1844,1919.7155622705332,2115.121786094486,0.33979435821740495,-0.04688643059059132,-0.19338693065907994,49,0.0,0.012879003879872874,2.110659254539182,-0.8110453158390076,1919.7155622705332,2115.121786094486,970.6680024804941,0.0,0.0,79.00549872866755,-48.83209391932588,84.73601763333947,88.0432200549965,93.3725679248653,82.73269171094628,86.51816705461201,81.28182955894638,71.23938420543936,98.48316573418342,93.53191004135488,75.98941761903787,87.975004377411,26.764626565361652
1845,2432.253228983826,2114.791355146235,0.3689926391205601,-0.47925648736133625,-0.49006648019586146,49,0.0,0.016586656188388664,2.567791165782283,-1.0238992509488667,2432.253228983826,2114.791355146235,1074.7512534224486,0.0,0.0,78.68108920940621,-48.831209572591995,96.56881892772172,81.54783335159786,89.24039137732919,94.28630082029105,106.82744762912897,95.66026634630593,93.29498314610252,94.44370368005993,106.24957909669789,88.8553502642109,97.8590792118331,29.917499571169614
1846,292.07398405973873,2115.4800656802795,0.3334588854375062,0.18798532751205416,0.752725131402479,49,0.0,0.006197093239243725,1.0970049117829086,-0.10052143027551518,292.07398405973873,2115.4800656802795,1326.3097921232384,0.0,502.11745233353884,80.03568946133186,-48.82915537669777,207.74070736290616,111.11926162710344,78.7088783340889,162.20999691664264,51.466165116595164,65.64218964981795,91.91406310305837,123.40355656859094,174.90253189601628,89.17945769949152,148.3236104827634,21.699373366163577
1847,2122.044539392672,2116.9857030146213,0.579625737649309,-0.024019426343522884,-0.11601031617255483,49,0.0,0.2163640413806573,32.61190363795536,-3.783440375988341,2122.044539392672,2116.9857030146213,4043.3962455529786,0.0,0.0,78.87743807880175,-48.83102259086506,350.79987868552195,335.09295189354225,382.5628011923652,341.0875111751019,371.11106345413685,336.93597032776387,362.3401635538971,340.813317102881,348.23524891221365,371.1528078501899,389.0866785868084,114.17785281855609
1848,2243.9850555059634,2118.041501261641,0.6493969616705361,-0.4418695507048751,0.3655536150356237,49,0.0,0.02356952663676813,2.3363732212423,-0.9213555496316156,2243.9850555059634,2118.041501261641,1333.9783795557692,0.0,0.0,78.80026112923669,-48.83033657329223,100.90319146915446,100.30996475021888,109.32527234048956,118.78870328951764,130.60703584830782,115.59158930017547,116.77816669022164,122.55589498119419,140.48218810917294,131.01328202580544,120.63543696040762,26.987653791103426
1849,1503.7703572547837,2118.87524477529,0.47728783284861853,-0.4833296933972295,-0.3946714018041226,49,0.0,0.007714515571025554,1.0259410066255858,-0.027805972033123922,1503.7703572547837,2118.87524477529,790.0697875092129,0.0,0.0,79.26877766326369,-48.83069033492649,59.953308016447814,60.059750274051666,78.02420012276853,72.66804553578413,63.44770287492196,66.52194816258293,63.056236847027805,63.16581968183752,83.12533070543844,79.87078628211958,80.48500706768971,19.69165193854285
1850,1604.903859915277,2118.4535408541387,0.4604725921358777,-0.3969257598267441,0.0028137277689670695,49,0.0,0.011705117839507761,1.5948068277588328,-0.5067702157885916,1604.903859915277,2118.4535408541387,878.7057746967091,0.0,0.0,79.20476499516455,-48.830882218835555,78.98881221801999,79.32729401086831,74.90189054600528,72.81360852162422,70.93451820429556,93.28559065632875,87.13645183567166,78.83737032386693,74.19483176888744,75.43125770364364,68.36396675747882,24.49018215001862
1851,897.6089975144695,2120.313852652395,0.5484101214119608,-0.313924328356415,-0.29336753010876226,49,0.0,0.07164454581875715,10.72994876795881,-2.576494120887407,897.6089975144695,2120.313852652395,1881.3501430764281,0.0,0.0,79.65243462354837,-48.829251240302995,169.401735659033,172.49065476606114,190.51648993075727,138.52135493901298,178.1513342416231,153.30102352511344,160.7827882048549,154.92480132727707,170.45738892299102,179.88353504182857,167.0354028657224,45.88363365215318
1852,1759.5454440427704,2120.2811235443523,0.4828733587801725,-0.11120072302116968,-0.14806304200418266,49,0.0,0.06108025216666654,9.960067684835503,-2.495655724335022,1759.5454440427704,2120.2811235443523,1803.7643138380827,0.0,0.0,79.1068855453108,-48.83007694791341,157.31230376673275,147.94774974802843,157.01344013913044,162.12945329270022,159.89184274389748,170.45697764748826,165.1149737556071,153.92240164265468,159.58820290751987,150.01654958598186,173.4384898759684,46.931928732373066
1853,824.6781804389582,2121.7386720120003,0.9786636857250576,-0.28144456587124633,-0.20672731339821432,49,0.0,0.017899379624124374,1.412594675282038,-0.3750439121572841,824.6781804389582,2121.7386720120003,992.5584602797037,0.0,0.0,79.69858687819915,-48.82847077583187,73.94771695342317,88.58032417591112,99.25959663803137,92.71530580854201,85.92237690714666,89.04194734488351,105.91781556903382,82.20870443810021,90.87248434946909,69.35379444553911,86.34808007346797,28.390313576155695
1854,1295.6510710867926,2125.2295749711493,0.5542483980498784,-0.4835082457309918,-0.3261500259260433,49,0.0,0.018724879046051957,2.50856549066958,-0.9985636088999015,1295.6510710867926,2125.2295749711493,970.2478562868513,0.0,0.0,79.4004963058459,-48.827897958228974,74.92466803347403,81.46348236773046,85.40882168404715,90.22783389162346,100.8919924354671,92.72760612636428,64.24062517001171,93.20994638755599,88.10095678032904,86.68518803008311,89.57249837527044,22.79423700489452
1855,1364.1738690709435,2125.1048840392573,0.29185880549056187,-0.3668359939470612,-0.18940658812379754,49,0.0,0.01039275347785704,1.7512559228792721,-0.6083740427823078,1364.1738690709435,2125.1048840392573,943.3746675122636,0.0,0.0,79.35712748869533,-48.8280141500833,79.33180491962139,83.20868495578095,89.58093505023044,81.40284161010985,100.1108302469737,68.16417929389135,86.43480751433545,92.94087857255298,75.15530263724159,82.40817676015276,85.57170493664378,19.06452101472944
1856,2540.8763637835937,2127.2861261097974,0.20395172686536361,-0.5165302162372354,-0.5274188147058534,49,0.0,0.006869773152278124,1.1379053741399614,-0.14026537132179454,2540.8763637835937,2127.2861261097974,820.9031535097926,0.0,0.0,78.61240224144441,-48.8256702944031,67.72098945916035,67.09112254203247,67.01623473579453,64.67536422590896,75.5428008227924,84.74540705829327,64.08087907050984,85.12333598266326,61.71480191708169,89.31418722433114,74.7744510556815,19.10357941554315
1857,2129.8925285290406,2129.0044432903337,0.36167141114036694,-0.16706508227067607,-0.13130999286223902,49,0.0,0.009886576249382786,1.4871756719722329,-0.43090568099205445,2129.8925285290406,2129.0044432903337,897.2663347108873,0.0,0.0,78.87250436208186,-48.82600065177868,72.24545370609526,78.89868204994909,105.65318050684489,85.47428964414021,72.69434317940026,72.23391121247764,75.02748623620786,74.59664797987463,78.89740857953831,82.2781332580191,77.41679164967803,21.850006708662022
1858,2190.917054671561,2128.9391463111024,0.4023636027597418,-0.3945015480083673,-0.17553109311328333,49,0.0,0.012695383358539888,1.721266733237825,-0.5896204381624909,2190.917054671561,2128.9391463111024,1021.8601871835888,0.0,0.0,78.83388328804521,-48.825909490145705,89.26225594028654,93.95239366478631,70.94905299081915,101.73073165231858,90.9087972641629,86.50888485571488,99.48828476076486,87.99127668072005,73.95710901636167,83.29819153519163,105.8154863237101,37.997722498752154
1859,880.5929964105123,2130.9061089526763,0.8019071209549256,-0.6830486666211364,0.007816400919357586,49,0.0,0.010673653085069158,1.0123977873062533,-0.013377968236149843,880.5929964105123,2130.9061089526763,860.6020966571496,0.0,0.0,79.66316388390396,-48.82479606430998,84.22420046091709,87.93658371608674,76.38464945381926,66.55461734807845,73.78778217241697,70.31659911412143,69.17945311679901,72.89191693782047,82.4734355784748,76.50160216924304,75.06210153712537,25.28915505224703
1860,2384.6785734277523,2129.5852924553897,0.4722204065312866,-0.006943691222177877,-0.4810489899124764,49,0.0,0.013662589369855127,1.7401546231334701,-0.6014695991405873,2384.6785734277523,2129.5852924553897,921.3925722962097,0.0,0.0,78.71126157867802,-48.825178938592224,68.71850469015934,96.47755954466281,80.7183036293019,82.15066348719057,71.49834012399856,64.00537874480231,84.56597150786209,92.42601346124714,93.55094229608832,83.23292435259181,92.6556777927801,11.392292665524758
1861,389.35717174863373,2134.707414946793,0.9514815945598469,0.016446114997012592,-0.49758130978734716,49,0.0,0.014344307641183796,1.1130490497391219,-0.1162857580103211,389.35717174863373,2134.707414946793,1055.378096344121,0.0,202.02636247994008,79.97400109028739,-48.82156940974594,106.168403965915,97.11963329145499,89.33263183929114,87.94574766571827,86.17277146706542,93.37828558363799,97.66491931885975,79.18981161126811,100.22819620646052,92.5834133111552,94.02490917284682,31.569372910447804
1862,1871.47377016082,2134.7589461921225,0.2615018493357089,0.31783039979116173,0.31118671157349787,49,0.0,0.007768303687489802,1.3108645144136566,-0.29389451777748854,1871.47377016082,2134.7589461921225,861.2853430946732,0.0,0.0,79.03606220953147,-48.82396125378639,83.28509104047261,89.05321518776812,65.2152355739565,66.17275913951553,78.2932409952495,63.87611175251366,68.71735955861756,76.76575325708744,91.04607253992341,73.49240087750246,83.42596157067172,21.94214160139476
1863,664.4358638811105,2138.9842796024054,0.4438614910836132,0.47349964198601263,-0.47969210553542674,49,0.0,0.013182507700374093,1.478330401263863,-0.42442877021064485,664.4358638811105,2138.9842796024054,1038.5166616625368,0.0,0.0,79.79991587826215,-48.82081041379032,94.66837976306832,85.53776303770914,78.28823515388257,99.65137374327486,76.19332766732052,95.61940477575791,94.19104686145434,100.68998291453408,80.68292127695167,102.24666710910915,99.24840992622356,31.49914943325074
1864,2055.8344291446674,2140.152987166992,0.5220147285475752,0.3745502039258914,-0.4154099866265573,49,0.0,0.010927189615023496,1.248295932277894,-0.24079388828556403,2055.8344291446674,2140.152987166992,921.6370913744995,0.0,0.0,78.91940105491099,-48.82148187551411,77.15329800398169,69.73509818367535,77.12000094304122,84.69104151905566,90.6215202035638,92.04194255049131,78.68208658903751,70.89784615016046,79.39904540208056,96.63053816150796,81.74275415930954,22.921919508594343
1865,1528.7678693273988,2141.0189402914802,0.23186765115186414,-0.02889890625501051,-0.18114519720950434,49,0.0,0.02107153179244664,4.192059582069347,-1.5560686167020852,1528.7678693273988,2141.0189402914802,1376.2967778905122,0.0,0.0,79.25294705800118,-48.821471230462215,119.33822235676752,108.41232770418091,120.8232786374833,97.41068787669712,136.39128859199812,142.86444837028853,129.62327325713466,146.769673092852,111.93834500846046,105.75610676662828,112.83011941276797,44.13900681525327
1866,2460.3480165099713,2142.3429341360525,0.2090928142733401,0.0030603289903420035,-0.21258425291173208,49,0.0,0.011710756224654348,2.02315181008305,-0.7650711797492036,2460.3480165099713,2142.3429341360525,961.5464039801424,0.0,0.0,78.66343256969797,-48.81964810302777,89.28214210070034,81.37457260522937,78.38464032478035,83.57179365000115,92.63108478563683,87.30170380143987,69.72005363269521,93.86985061708376,99.23112639714832,82.53119199871239,87.63363716523658,16.01460690147817
1867,1591.719068106224,2144.7306985924993,0.289530314861414,0.0634342672712742,0.6225108652165616,49,0.0,0.010633282245868151,1.4205996453379541,-0.3811792547789392,1591.719068106224,2144.7306985924993,1149.6182037477274,0.0,0.0,79.21310915036813,-48.81993346653104,102.57019504383209,100.09068377376619,108.13574031677003,80.57017363316658,100.9816995192391,118.70936315544242,84.57511593005894,114.1645756953569,88.28296846801376,105.21760678698607,107.5836479858909,38.7364334392045
1868,2494.7895775568154,2143.2458455537912,0.4144295535442209,-0.10934891968073601,-0.3168823814131425,49,0.0,0.00880618507400502,1.0878976765793396,-0.0914701230865774,2494.7895775568154,2143.2458455537912,889.9919940325359,0.0,0.0,78.64164327985193,-48.819167292130956,77.93268949506799,80.30743730109094,84.8827839611657,78.07463575699282,94.5348398890931,89.23808952534438,79.33669605758271,69.30065179491447,70.65104838834105,82.0886139802179,63.366546386162526,20.277961496562206
1869,1691.863908315384,2143.7469362210545,0.6213304419372649,0.02681089218694941,-0.13645066704859016,49,0.0,0.050422724004927096,6.527926230085073,-2.03693809489147,1691.863908315384,2143.7469362210545,1561.4112536693046,0.0,0.0,79.14973546091477,-48.82032903841012,125.3551411643642,128.28976903995695,136.5045408852925,148.17496660512617,123.49038135418861,139.83465085751874,139.08381654165746,156.92892079575526,128.43233151309477,161.73876334083383,140.24731780445686,33.330653767059275
1870,437.7319621766588,2146.025490721927,0.7264896483295282,-0.2214376563139915,-0.4479955070925078,49,0.0,0.01680843626937532,1.5210648167208438,-0.4553693022995319,437.7319621766588,2146.025490721927,1143.6647723233482,0.0,0.0,79.94332200072388,-48.81705288170577,93.7841160169854,97.77462527737173,99.14751006999782,99.98471215804264,97.2427763924593,102.061067820831,106.94246062754355,96.95268053086974,110.63328936675892,95.44611340718845,110.28068538295838,33.41473527234119
1871,845.973165702962,2146.9081936785074,0.6355374788587494,0.1988364527462318,0.2894827547166173,49,0.0,0.018765604324104814,1.8661236743727398,-0.6773510563474593,845.973165702962,2146.9081936785074,1184.054996730793,0.0,0.0,79.68500919676087,-48.81804045161529,116.11852028414896,98.6172950196678,97.42515441416106,110.53291129262465,109.2198848856105,106.6011795440848,94.44924928324099,96.95185901057016,102.82968171041495,104.29382984810226,116.84680366923416,30.168627768932737
1872,790.9647210230721,2148.391916554241,0.4723590773042341,-0.1110862001094706,-0.29909605596770006,49,0.0,0.02035408839029312,3.1376745116095446,-1.2415197245266254,790.9647210230721,2148.391916554241,1102.5585209918563,0.0,0.0,79.71980983889495,-48.81727328463098,114.18969755834294,106.69632784646686,96.6122272390246,94.23798354111487,83.68376073231212,91.3838087038702,90.69759139860558,98.88817219616891,107.40027186643096,84.99634248159975,99.77376159956737,33.99857582835211
1873,1073.3206558461866,2148.378956912596,0.44724685423454236,-0.9950011045320307,-0.042290933224749305,49,0.0,0.010088919425283172,1.1645998170340945,-0.16544179385409016,1073.3206558461866,2148.378956912596,927.1405465297447,0.0,0.0,79.54114592175623,-48.81793224926806,74.00018689595294,85.96889915758327,91.81227667660525,85.02683766029989,67.15890311090449,91.14737051446323,77.7166690414049,79.10736917095778,81.70201596977786,81.01059755863436,88.4101752804412,24.079245492719526
1874,1591.401225783405,2146.6801578422487,0.5601142097466674,-0.11356131736812808,0.34588744299476176,49,0.0,0.016393058245503547,2.0644305174933297,-0.7870006760347409,1591.401225783405,2146.6801578422487,1133.9714920924896,0.0,0.0,79.21331019237319,-48.819121194774816,105.84485343545366,97.17705585821267,106.82211446500376,77.15015270091459,97.43264280355787,113.6084013601224,88.99840981184164,109.57820849486382,85.89520512461233,102.06410085049728,107.50270556677597,41.89764162063367
1875,716.2605413116341,2150.7002504204484,0.6612813013154124,-0.31292071961795764,-0.20034743595553575,49,0.0,0.09951874581730773,13.055634147990965,-2.7894949288662785,716.2605413116341,2150.7002504204484,2165.851636410068,0.0,0.0,79.76706746822443,-48.816092440804596,161.51349974212985,181.08037937910316,202.02261197867136,189.56264962035152,182.3719817664305,203.52688245705752,205.27854280180804,184.15588777292828,192.97421729430124,213.7602090813723,197.20197120267252,52.402803313241705
1876,1685.9573842589073,2151.0556891691144,0.8905541770601925,0.11387546080478804,0.029713018285539718,49,0.0,0.019455895896501096,1.853413809061396,-0.6699309861386868,1685.9573842589073,2151.0556891691144,1092.7776247586698,0.0,0.0,79.15347652641718,-48.8172855829372,83.4241487974615,93.77686126118225,101.83481026021843,103.81297205070354,91.7568601184306,92.92510170527581,107.7182375334672,94.14722288812429,88.58117020828655,105.2273749097854,102.5055632871008,27.067301738633514
1877,2249.2335715336208,2151.062959564876,0.5506289592071654,-0.13538328664276894,-0.26432692464505697,49,0.0,0.07712154737664463,11.464180843675672,-2.6483575707392184,2249.2335715336208,2151.062959564876,2034.3687526270842,0.0,0.0,78.7970523075325,-48.81656644493092,161.28719090849776,172.10568772128164,174.11509676043016,159.55199409253163,180.54389113071238,187.7235292623792,166.0155505268405,173.97088923258164,216.3789297858962,206.54262833200744,182.8437696670621,53.289595206863574
1878,2953.1485433562725,2151.1020346609107,0.5390333619679054,-0.42192326324693186,-0.3110986071124686,49,0.0,0.18917856637072855,24.792429653425675,-3.4857977240766784,2953.1485433562725,2151.1020346609107,5781.747176161817,0.0,4954.124512829998,78.35168425558076,-48.814110930390825,430.28647984701126,533.3825214100814,505.86816481800287,560.0154227679859,540.5329842849256,518.2210421542645,503.9038942250523,491.55273876111073,524.8511834450062,500.0584450239321,546.0138832819345,127.06041614251053
1879,2498.36124195435,2154.4290817920237,0.7937977849572777,0.516252996509301,0.3392928026278545,49,0.0,0.010566547835130816,1.038738899667619,-0.041265989480156834,2498.36124195435,2154.4290817920237,778.2774444307735,0.0,0.0,78.63943626126634,-48.81449682998263,49.90928054643093,81.5129266137862,67.47287665431985,61.85743001722683,74.44405622805252,58.59579540205275,67.20556958667183,80.11786480789375,66.82251569525185,85.77205519690222,60.622804016582386,23.944269665602363
1880,1737.0010785087923,2154.988634127742,0.46292482797185175,0.2407897944303841,-0.11544245866034988,49,0.0,0.012600470263248375,1.8585867819656492,-0.672957110443637,1737.0010785087923,2154.988634127742,850.104832117705,0.0,0.0,79.1211798584105,-48.81562726540154,83.46071186336475,76.34093530122563,71.90456298930366,65.22297768170816,86.29370963070754,67.29413136344122,77.26981638764569,68.29032301976994,71.35272893776067,88.63802109918116,69.41798716745723,24.618926676139267
1881,2026.9080048492704,2154.7398134499176,0.5583818635173448,0.09228548257197149,-0.07763657676403608,49,0.0,0.05802038419992434,8.094083531764081,-2.2704192051045884,2026.9080048492704,2154.7398134499176,1901.0886734707906,0.0,0.0,78.93773924770072,-48.81544836794103,170.9985449685667,176.3775923496426,163.017132291673,150.83009021751357,157.20894820626648,163.33763268012189,176.70496233741846,177.91042826117115,166.36147443359152,156.8093656130846,182.70626497882452,58.82623713291623
1882,1388.6311393820727,2158.521536806045,0.35692300294385765,0.0017226294096503154,-0.07866445717876484,49,0.0,0.010371855336705808,1.3987665434175334,-0.3643630900786552,1388.6311393820727,2158.521536806045,917.1862074333472,0.0,0.0,79.34161072920205,-48.814109787672685,79.01630724960128,81.43820594658641,90.02183251148536,76.10497564484535,81.01803272144812,85.83277249454238,95.86488974946046,64.01602216567684,76.82060528791145,87.45394946921786,73.28122000718602,26.31739418538574
1883,1725.0992840330696,2157.7825053016313,0.4407363797226954,0.18873428457414365,0.15325030061736125,49,0.0,0.02715225975444285,4.303840915128108,-1.5846405248156168,1725.0992840330696,2157.7825053016313,1222.9015835645005,0.0,0.0,79.12871267883695,-48.814468553419786,101.92804551226368,114.80615232252143,103.8461930581719,92.55438008338723,124.75516568068142,102.56033350936109,104.7690132006563,112.5953479086939,107.74481351923505,110.16915760879762,113.75137816129174,33.421602999439315
1884,2068.1281593973927,2159.150836219633,0.608702382335478,-0.08432925917552189,-0.31995959488427006,49,0.0,0.07631627399824595,10.49817869986896,-2.552784902625951,2068.1281593973927,2159.150836219633,1913.8634513337533,0.0,0.0,78.91166818319722,-48.81354668624472,149.9721589641972,192.93335069287454,160.00463517703736,152.10802060549054,156.36458380833184,163.69077832282267,168.32200937316765,194.58481428801315,158.34955569192613,179.12132732993348,169.12387706494184,69.28834001501701
1885,2035.8881911042974,2160.6568100885083,0.7000418437625274,0.22283749449537746,-0.150113053948877,49,0.0,0.03219006431839956,3.7528678121766026,-1.4359081686577277,2035.8881911042974,2160.6568100885083,1407.7218712629897,0.0,0.0,78.93207064271999,-48.81296962141119,116.26340519535754,128.6678070759943,124.33005287419665,112.66307431344099,106.40565116476549,131.0486556259121,139.3884008344695,109.75235182521077,136.8087070769796,120.45469792359793,139.01120007267048,42.9278672803943
1886,324.78437976886056,2162.7983277552735,0.5750568402296634,-0.08167644749446011,0.30772817483188614,49,0.0,0.009232285685989407,1.1540625846610528,-0.15557340297637234,324.78437976886056,2162.7983277552735,1075.4588691395375,0.0,626.6774675643524,80.01467036537463,-48.8095881233776,88.54250620154413,114.14225483290889,156.75448372721613,101.44896277448834,72.59524134751777,83.33484616636017,106.88283808866578,72.99292826036648,98.3674553604735,73.89826402078769,81.9717852732391,24.527303085969503
1887,505.09332193551535,2164.4520952330163,0.44220054612056525,-0.14937065702065064,-0.42491508685364643,49,0.0,0.058085397844354306,8.9106707579515,-2.374775992839827,505.09332193551535,2164.4520952330163,2158.2061439962963,0.0,0.0,79.9005952474112,-48.80963920717194,173.38412357213767,194.58591145667282,192.3615265269116,191.96664398771526,202.54721196541902,189.0158657037164,181.7770943036846,209.81082529257475,185.67547127088068,209.21086775945065,180.40753181040415,47.46307034672884
1888,927.1533279049619,2164.2412398959955,0.7677450881432414,-0.16007613109111854,0.054962299682431846,49,0.0,0.011641931901519537,1.183055396730718,-0.182512702506399,927.1533279049619,2164.2412398959955,777.878712005926,0.0,0.0,79.63357964697322,-48.81101939153849,76.72127669967759,77.21635142095415,66.64345486351783,68.94608041712878,83.14210240701918,86.57465369757972,73.90059307617194,60.379805198374285,56.34245484365048,62.39070508429072,56.74552242244662,8.875711875114732
1889,1126.095740285992,2163.013009166451,0.8075158650019458,-0.20389662475151357,0.5211671253732532,49,0.0,0.011847194986786385,1.0837824425334235,-0.08735527771553321,1126.095740285992,2163.013009166451,978.9092330037313,0.0,0.0,79.50771441585442,-48.811926444402495,85.75829822866436,91.12047999880093,86.25585428765783,79.26168294867338,77.08539690159218,98.21435896029979,90.26066637104344,78.23993944019827,90.82022094974641,98.38434808812433,79.48910268336138,24.018884145568926
1890,1890.0199896298743,2164.065462149577,0.5600020321650968,-0.2999549850874788,-0.25836708315795515,49,0.0,0.024309292638759288,3.2596264895543174,-1.2829195961676163,1890.0199896298743,2164.065462149577,1122.004736566884,0.0,0.0,79.02436978957833,-48.81173245806732,97.46607376136822,106.93704648882462,101.5732119203001,99.33728910398133,100.3931324883803,84.72248262821546,121.46104033970005,77.41000640830951,103.568565147841,118.32061041619806,92.04289216523338,18.77238569853209
1891,2669.3248295939493,2166.9255515144064,0.2189355046749281,-0.7270075350682031,-0.1050882795880243,49,0.0,0.008742068313319527,1.7338126886600698,-0.5975054423727162,2669.3248295939493,2166.9255515144064,850.7151700415111,0.0,0.0,78.53133982198442,-48.80870827727885,76.40974716754083,69.4466822511256,71.8313275893681,58.05620092881793,83.07509857662177,79.1619194247243,76.4567770703233,74.59031871521674,74.78524143135013,80.09480865993888,82.54046319075542,24.266585035728173
1892,2295.08263174221,2167.6881011521273,0.5323290668246314,-0.263731228054953,0.00033932238087374777,49,0.0,0.008766519936296324,1.019695574289017,-0.021176335924674546,2295.08263174221,2167.6881011521273,802.3091452834076,0.0,0.0,78.7681023647745,-48.80953297540346,72.1736979635574,79.15635298236333,62.52855874528201,58.28539679299996,60.5620169215817,66.1779566124352,62.04716199875445,72.72430859801196,101.21966340377443,63.54804646403095,80.52045687248888,23.365527928127268
1893,322.1341038232552,2169.508486490841,0.2599997619162734,-0.5572413647063329,-0.5623114501342241,49,0.0,0.005785349193332006,1.0792767074813978,-0.08283201097951616,322.1341038232552,2169.508486490841,1015.3382295074829,0.0,572.1370584714555,80.01630166076009,-48.80678083354155,67.06942518499498,96.49204059189559,142.124723894058,153.72906107786898,67.76757148922087,89.06055049864355,97.54472649991524,77.59061862693144,70.7674338920796,82.41872627832687,48.798331775576315,21.975019697971447
1894,820.8230905433013,2168.7212856987926,0.6181907860434318,-0.2895219896210903,-0.45559588505882553,49,0.0,0.014181785205422468,1.680654603217966,-0.5636961733527754,820.8230905433013,2168.7212856987926,846.2292240632457,0.0,0.0,79.70083338171797,-48.808885335064154,68.8140974557139,72.95599875436957,66.42763414124528,84.24067683108339,71.84957181601229,78.9498339177496,80.08306297931628,71.32625899176921,71.46411825439642,67.78870801433118,92.02007278501267,20.309190122245937
1895,2259.056812776442,2169.185759479985,0.5249026481850212,0.051733208072496116,-0.3987669042612003,49,0.0,0.018570570503226098,2.174618269002346,-0.8434575805648281,2259.056812776442,2169.185759479985,1057.0821076739505,0.0,0.0,78.79089963786069,-48.808993367443904,79.34346526022605,81.01322206081514,83.40050600950866,98.48032942734326,85.3450003043155,107.47105067924409,83.51607165114041,99.44612315640083,96.16529403467959,104.13362928447395,108.56104798137991,30.206367824423182
1896,1397.4240807539882,2170.264933982989,0.4953393082041571,-0.013061228913284923,-0.024845989500500713,49,0.0,0.018686433551731906,2.704608295790039,-1.0802609395075118,1397.4240807539882,2170.264933982989,990.1155884202288,0.0,0.0,79.3360345021932,-48.809223117486255,90.72285773835848,87.87409334147247,106.4358192725027,100.96055432734019,71.56077950668734,86.87552151005262,89.52668750983315,87.22100433964005,89.6904669241924,71.77950110465417,78.39618851971679,29.072114325778603
1897,1654.0019823575315,2172.195983726147,0.48391581232387393,-0.10656862794135011,0.029899022294137153,49,0.0,0.028998587758935056,4.324987512620521,-1.5899621446998684,1654.0019823575315,2172.195983726147,1180.8210291968644,0.0,0.0,79.17370329854154,-48.80848496447901,94.94983463436552,113.59386716781728,101.65214498022848,97.27357613370948,110.69838954630904,110.3504741502258,92.84480712463889,108.10225087055133,101.42255717362298,103.77740217292911,106.67377475727656,39.48195048519008
1898,410.93504564320585,2172.4912280381996,0.6944341946904207,-0.2832756854212919,-0.3579607719866777,49,0.0,0.010453980795701399,1.046645776444815,-0.04949931316425851,410.93504564320585,2172.4912280381996,999.7135793850398,0.0,158.90696429918856,79.9601103520199,-48.80591748280553,79.04420827315616,87.94451566392716,83.86527136186842,87.62575164624296,98.99792073019145,74.94694826150717,79.36702242556596,91.81306240140295,103.15000168886877,94.46597872357877,80.60316535914924,37.88973284958085
1899,2015.866464526803,2172.910220741363,0.5660528166376907,-0.023499574830797145,-0.14412029609627364,49,0.0,1.5222438843160635,226.36576132897187,-5.8870268470328,2015.866464526803,2172.910220741363,26871.74625161451,0.0,0.0,78.94476560042396,-48.807893665500764,2283.9605799140313,2335.72045073126,2318.968930586711,2402.422346755339,2472.5238558851697,2356.541130898268,2375.654184304105,2437.3483440989694,2413.3907881790437,2384.718435438769,2389.500712517667,700.9964923051754
1900,747.8623534318575,2173.920577497814,0.9014904769938972,0.060480585186197484,-0.38194096091066354,49,0.0,0.014128559806275106,1.2093066333480829,-0.20634108773162252,747.8623534318575,2173.920577497814,1138.9752608839372,0.0,0.0,79.74696770963112,-48.80651293636008,119.11686418704755,113.14920189652798,102.33106029466026,95.98536361324008,99.94449102144767,97.93080531267165,95.15527357567666,98.26702212003177,84.69761291159449,110.71935102942898,97.66398148971734,24.014233431892556
1901,755.0351654926175,2174.648884569895,0.6884833311752638,-0.004571803206912603,-0.041322557442753,49,0.0,0.02308182514149357,2.5880133864775954,-1.0324162959676193,755.0351654926175,2174.648884569895,1240.9837784191973,0.0,0.0,79.74242689631485,-48.80623057655224,110.13322123953222,119.85263206253994,128.01862097564694,109.95631126173228,91.37741123119204,116.76485630642682,96.85059733421333,119.30041510078311,94.20288923919819,114.26392533080067,111.79890984079674,28.463988496335034
1902,1868.2275034150905,2176.148202175102,0.6501545258142628,-0.22727192692448153,0.047913655160411246,49,0.0,0.021439378216585713,2.2771384159529133,-0.8934735750639069,1868.2275034150905,2176.148202175102,1131.4424951805365,0.0,0.0,79.03817513252423,-48.80671911609731,80.46615560261682,116.78672106704681,100.59257698675717,86.57046267475499,114.96446195702691,91.00795727297285,99.77086920061296,102.65872051124396,97.31599792581548,96.36268396578194,106.27542172340063,38.67046629250605
1903,306.51457171092414,2177.47849583397,0.4808681448513111,-0.4208978645495432,-0.12754760562941367,49,0.0,0.012247543774390995,1.8967725428188245,-0.6950381357069342,306.51457171092414,2177.47849583397,1060.968145275941,0.0,427.26731570503733,80.02612751015586,-48.80339085062851,127.80862633184529,78.46937689097055,118.03522710847628,87.03291502312086,89.94660893476625,97.31522749300778,89.47599676052923,154.32094799383523,46.58438126540419,44.93053121088239,95.08491642580411,31.963389837298934
1904,3044.7764688814163,2176.897663194779,0.8445447438174254,0.08801851841609783,-0.9436944166442676,49,0.0,0.008805670904302466,1.1124279551131515,-0.11567973517743252,3044.7764688814163,2176.897663194779,410.48294017066405,0.0,39.014628437317484,78.29391411942221,-48.802920623730074,0.0,26.96947427324853,0.0,0.0,18.935505515555647,3.6339381758844196,23.168499034909424,50.436536538580405,4.378239344924195,14.701912975255977,268.2588343123055,0.0
1905,1603.0300658628764,2178.0293986273587,0.7169445537519529,0.11836324094545358,-0.08274803712381956,49,0.0,0.040273262354876826,4.647633165020685,-1.6680796053110987,1603.0300658628764,2178.0293986273587,1388.7258930122928,0.0,0.0,79.20595181716493,-48.80605936152539,121.56335737278025,125.15151187237024,128.27945198291573,133.45761194221365,106.45674354073851,103.90094693005896,103.33149484477255,129.34405505186504,118.42127740550333,144.5319005506267,132.9709271296183,41.316614388829436
1906,883.6421172843983,2180.3155880987583,0.40400581578979256,-0.06142086933492106,-0.015566925014204832,49,0.0,0.023993669440198484,3.3791141227565706,-1.3220071486045135,883.6421172843983,2180.3155880987583,1299.2846938398643,0.0,0.0,79.66104733074685,-48.80421735266772,122.57247347440176,99.21206976448414,116.28634600498123,102.22658030139574,112.7197807680616,117.66368152285852,104.68579298568716,113.34068038441579,132.41502514228185,121.35264100261665,124.09135177031477,32.71827071836522
1907,635.3300360639529,2182.4529173517235,0.5232031298390719,-0.14357268005918544,-0.2520797809010074,49,0.0,0.047533817867767045,6.6611301106109675,-2.058869791831876,635.3300360639529,2182.4529173517235,1734.1203668651583,0.0,0.0,79.81811197981776,-48.80260398374433,155.9667357045676,138.62352858852398,161.73460033091084,161.726114433249,138.54756540009447,166.21406156481336,147.11070363786234,153.33474104077186,162.95617445100538,161.15396579001137,135.15365054865495,51.59852537469319
1908,524.7834772633781,2185.1141120541533,0.4569066166052768,-0.054946335081567474,-0.16515854538675293,49,0.0,0.019666024181221015,2.3014655356051703,-0.9050111893213799,524.7834772633781,2185.1141120541533,1336.1778782437214,0.0,0.0,79.88802159660743,-48.80110479633752,121.34044551903816,119.467721377742,95.35147740270025,104.61926046554876,115.49009016167741,140.23239585933038,117.49320352080974,116.88695350637762,115.36156207140417,118.8838745111091,140.43762873505506,30.613265112928552
1909,1694.433273545741,2188.1845483974776,0.34813710001888437,0.18616719485959468,0.18249433749806412,49,0.0,0.007639336261618441,1.237156140205995,-0.2310612873721533,1694.433273545741,2188.1845483974776,754.4484406802164,0.0,0.0,79.14813154040021,-48.80181286541008,59.62888661684663,68.26625291102467,71.246519370721,55.39118359783345,70.08715760325885,60.19461946588031,79.97654801047508,71.55784570296407,60.268145451146765,60.81260162598228,77.41553231112921,19.603148012954247
1910,1622.5846863999338,2189.053533692131,0.6695807961482235,-0.02517852196888218,-0.23260766835501198,49,0.0,0.03368551260862545,4.103578614580615,-1.5329068946610593,1622.5846863999338,2189.053533692131,1226.4256974447699,0.0,0.0,79.19358206559255,-48.80146522146538,89.0355108139464,130.12673393697935,95.54983222415677,107.07568927626015,107.25231378447242,125.07700070183341,101.6531496286432,105.3959638479643,87.17940563868763,115.2657267260547,130.8911342487678,31.923236617003695
1911,687.1346122438252,2192.884649451886,0.5999992668058421,-0.1444420174034682,-0.22728561404683884,49,0.0,0.22935844519026596,32.50943418634927,-3.7800235271019975,687.1346122438252,2192.884649451886,4727.750618594253,0.0,0.0,79.78529281080048,-48.79842615315418,391.32144143807324,394.95397745615975,398.6745869657372,421.71770083439714,425.6023731995368,420.82313923313563,435.9137148348652,398.38159461533206,423.206197643579,450.4835682630744,450.92203399287655,115.75029011748563
1912,369.9401837933439,2196.1694384557068,0.2964637645285609,-0.6449998885647756,-0.860881265407916,49,0.0,0.013452740072913524,1.9364852057696225,-0.717535458601975,369.9401837933439,2196.1694384557068,1225.962641412379,0.0,1071.278276971866,79.9858882360615,-48.79588093558826,95.60302176391507,118.35946964565117,92.59036198575653,108.51617215190703,121.96949411411924,87.28959401956683,107.20620733686309,116.82760569977572,118.86178662647649,106.25614397366961,109.84362625814555,42.63915783653296
1913,1371.7260651000574,2195.476505012362,0.6041442769876336,0.06238103113441254,-0.14375015275674827,49,0.0,0.07213859993815123,9.73908944921468,-2.471295886635184,1371.7260651000574,2195.476505012362,1932.8360992077764,0.0,0.0,79.35226263024241,-48.79869930659619,161.89650180135237,183.71554002064832,158.8316045451224,173.6717518877614,159.77221820598575,152.0300215530747,164.26516937499477,186.80389869807075,189.13761147248198,168.66650163352259,182.21212211474196,51.83315790001933
1914,1854.2012639430789,2197.2572072728976,0.579410456156632,0.15490984621368228,-0.10705182031394414,49,0.0,0.05438970818530703,7.422199476909433,-2.176331555359612,1854.2012639430789,2197.2572072728976,1566.1485108567413,0.0,0.0,79.04707700799882,-48.79793655174558,133.2905711041162,153.38801942586534,117.60469675410293,142.46803086887996,149.11605386231952,120.94368527173488,144.2095703529636,142.46625476372262,170.59985352672652,141.75630131532273,108.8686264709396,41.43684714004734
1915,328.3901080571369,2198.177027098501,0.3855727330696963,-0.3157294655223403,0.3642737439912562,49,0.0,0.0067076192436542415,1.1311209366457193,-0.1337726027425251,328.3901080571369,2198.177027098501,1266.6945157095047,0.0,493.7592644310262,80.01215202056615,-48.794864623464875,108.06650688467589,109.21167632220954,61.654181830655276,243.8146813455757,113.00979623996999,222.64523220622272,64.75647996197478,72.56377411728474,46.57779450243297,73.31364293874807,123.28897112871383,27.79177823104102
1916,1264.864040659922,2201.040829064535,0.7018784024733173,-0.034576541001218736,0.026037017359255486,49,0.0,0.02766853443788488,3.3130027847768018,-1.3005545023314393,1264.864040659922,2201.040829064535,1074.301416829166,0.0,0.0,79.41984747903844,-48.79627652486758,93.63955511714505,88.18723522032441,86.79683467585065,74.96005106010375,102.20690001144948,97.22296548589478,83.27665119745978,102.3790129648946,106.3535586283731,93.65147091235238,107.02440478263306,38.60277677268516
1917,348.339885632119,2203.97387632374,0.28101230658574716,0.5375619153097576,0.7432536914890745,49,0.0,0.00587475912435372,1.071532359037742,-0.07501322691716045,348.339885632119,2203.97387632374,1021.8364773227798,0.0,672.2052105965723,79.99949728999634,-48.79253667442218,85.57424174503618,93.83803524027672,93.13703580002709,75.84107166311765,92.45445522164098,99.24884402314517,93.83948595316303,87.67120343745673,89.48607307540892,101.58941550304536,90.56255178828022,18.5940638721818
1918,1815.3406699656612,2204.1201892805625,0.3588251726407137,0.6739766524167298,-0.37188467594767194,49,0.0,0.007721177373913375,1.1564879349054389,-0.15785276585063435,1815.3406699656612,2204.1201892805625,906.9636267231905,0.0,0.0,79.071665445779,-48.795108546307645,86.83434878443956,74.09588418990688,88.46941695707889,73.41638912237248,80.57898506923266,83.76840994125276,84.21301226452962,78.07956830402422,80.80396700769276,72.78866414989284,84.95122392371914,18.963757009048614
1919,1813.711381854729,2210.4070182114074,0.3038336857888118,-0.13124224825842523,0.41604077536148276,49,0.0,0.007670270779097366,1.0965635531807925,-0.10008451752105191,1813.711381854729,2210.4070182114074,886.6757057430411,0.0,0.0,79.07270303687854,-48.79249029927692,84.24469288058734,73.47550814734441,84.8658779100536,66.1286276773576,74.10432166164871,76.59896717179682,85.73195018736229,74.11583582084066,75.96611655442729,81.11536380921879,81.55646240194392,28.77198152045986
1920,1942.331269142609,2210.4634053954564,0.5479028341571165,0.0805877788012952,-0.1589218437395854,49,0.0,0.3333789367391194,50.237743073865516,-4.252575301316133,1942.331269142609,2210.4634053954564,6596.631920959578,0.0,0.0,78.99135578743098,-48.79234329305089,489.9611834745341,590.4658631670998,580.3379899863844,583.2412364376539,605.7469305742345,625.1917958925462,559.5593110754185,623.3894342327179,560.4325642098729,659.892107091134,567.1961596127258,151.2173452052561
1921,2001.280393995557,2210.9092648628994,0.5863421821735666,-0.13794496840312157,-0.022217817805080798,49,0.0,0.08138881393612898,11.91410766614981,-2.69015380109992,2001.280393995557,2210.9092648628994,1923.2268066717475,0.0,0.0,78.95407386393647,-48.79208178620123,153.12716068561772,171.37720431120374,149.58567535306105,166.8230145671024,204.6524187012094,168.35113420053793,179.00628365787315,173.12540620374253,170.30319291819944,186.99456902698168,154.4378626980962,45.4428843481223
1922,2460.214428740862,2210.7013286908705,0.7681714791675035,-0.1915329747978906,0.08951964622368365,49,0.0,0.011601923325210402,1.1201258692180542,-0.1231670683616077,2460.214428740862,2210.7013286908705,895.2282775557817,0.0,0.0,78.66382712463312,-48.791167625348066,82.72788214496065,76.03748237707703,81.39207568198185,69.88587127595127,90.67431342934628,67.84934199920343,72.95778157437935,68.47748481097801,94.8755668845702,83.00686144774387,83.22402081857098,24.119595111018768
1923,2177.0838750174353,2211.787172905462,0.44132265259269576,-0.5006095892462182,-0.2665791417010884,49,0.0,0.009775981558815799,1.245750127446666,-0.23857735068415806,2177.0838750174353,2211.787172905462,824.4411012166836,0.0,0.0,78.84288996676526,-48.791418738020376,71.9227599200136,68.19296552405227,91.18938486074853,65.2068296794653,62.73236904471992,73.97129356952854,78.0527011188249,74.48454491103956,71.45180016997061,68.20384666411722,79.66172396602846,19.370881788174714
1924,2859.765056562386,2212.8703884662937,0.5486576372393507,-0.43895294295855924,-0.5696810151879415,49,0.0,0.020464996199050622,2.2712344957045856,-0.8906549391744573,2859.765056562386,2212.8703884662937,1208.4095514865073,0.0,180.06697252200513,78.41117361336245,-48.78879935740951,112.60649497329533,121.39977056608384,106.23896390836084,118.54800696604596,107.47524042415961,96.55759070394708,92.75529039817826,113.0660055896027,117.08625798135732,90.53841914442124,108.02350872369436,24.11400210736092
1925,1377.355955642801,2216.648037217464,0.4831548192831204,-0.048483867305069754,-0.36228474005715317,49,0.0,0.00836613790583858,1.045813924419318,-0.04863604979217003,1377.355955642801,2216.648037217464,882.8617619041311,0.0,0.0,79.34867656420535,-48.78988243564542,89.7187570928543,76.95220459483498,81.42546693176098,77.85774145152152,82.31626392967576,66.9184843313426,74.43891054650415,74.37654723135267,70.91993198589898,79.67541986662872,87.3718597243112,20.8901742174453
1926,1798.2947405385537,2217.5931244549383,0.332604884300713,-0.6040557938683497,-0.30962903306775014,49,0.0,0.007705007110512504,1.0847659226629216,-0.08834008402523076,1798.2947405385537,2217.5931244549383,819.605243524125,0.0,0.0,79.08246103296703,-48.78950711775404,83.16191080685408,71.61132930390151,74.29192042754237,64.5591358386606,81.6380679600727,66.20263802317321,77.44016485287257,59.85134646703949,70.19123740540371,69.63048275043701,79.6089041420791,21.418105546088526
1927,694.8402314908055,2218.7082054518046,0.5659193093888583,-0.11675181451449466,-0.3180168234112563,49,0.0,1.2565466379789951,184.9249779774521,-5.6674889391355325,694.8402314908055,2218.7082054518046,23077.89241593292,0.0,0.0,79.7802957080313,-48.7876913414549,1962.8148540283878,1982.6549302679027,1894.772597353754,2051.090204961412,2067.207933550923,2100.728317295606,2060.831177251,2069.4202142935264,2131.298538283209,2054.302790253574,2086.0029415466847,616.7679168469416
1928,337.69916617557345,2219.8531963561663,0.3444303166035112,0.4113389373413401,0.08438381096779174,49,0.0,0.010551000727284618,2.257846446338875,-0.8842360067543441,337.69916617557345,2219.8531963561663,974.7867423840474,0.0,399.9126840187164,80.00612057275762,-48.78587477129804,91.05592831187259,86.14549948944135,50.25153391840865,48.97694133163874,150.65651733321718,51.70978164013492,137.37992615253663,41.28196195467168,52.40292657868617,177.5992309872629,56.96095695526923,30.36553773090741
1929,850.1332786311265,2221.4545747212774,0.45681970683933676,-0.47240721952376197,-0.30348008516578656,49,0.0,0.047714217837990326,7.333412519921473,-2.1632652891583803,850.1332786311265,2221.4545747212774,1707.1561140067238,0.0,0.0,79.68208178571301,-48.786991931281854,129.8822706859612,138.4891244489189,165.03566245099194,149.28644129799613,137.48825574918519,182.32025339723782,144.28852554088144,144.8567540352843,138.30561455964215,165.17309368008506,149.03206465059722,62.99805350994234
1930,2622.3243079893095,2221.831618945709,0.8710622571566261,-0.5191506820246765,0.02639781350764695,49,0.0,0.012589890618477826,1.0472793399159335,-0.05015634030837438,2622.3243079893095,2221.831618945709,799.6018647157409,0.0,0.0,78.56136889555229,-48.78600273136781,74.50241486412231,66.81041316863227,72.16565908605637,77.13733440323534,79.56369403295686,53.2599714416921,66.3461959826362,74.2634517556705,65.51211370760682,75.03943879560023,81.26445079844231,13.736726679089662
1931,974.3262002103389,2223.164833096774,0.20172076875006595,0.31022566190085316,0.26371550482734557,49,0.0,0.007146072634119286,1.2105609157741841,-0.20746662037778804,974.3262002103389,2223.164833096774,1643.9448517008755,0.0,0.0,79.60353971064406,-48.78657506862522,148.6076882730987,163.01905414725587,138.4098857517701,130.0384458055048,156.16784015542802,136.83308475826803,143.23559425584364,127.48732256348546,153.13919278100053,151.63282726518102,147.45677260988936,47.91714333414987
1932,1028.360482208742,2222.7061585800157,0.39569385948166497,-0.13052790723260016,-0.030634920333264697,49,0.0,0.015245214954583726,2.3186944897547748,-0.9131088248568195,1028.360482208742,2222.7061585800157,1045.208635192822,0.0,0.0,79.56937120020902,-48.78687817569955,101.54954547503301,96.46737806931979,75.16060113435869,86.99012463922205,103.85128743404351,86.3768244406989,105.49282066283799,85.13637255199926,96.23112689436203,97.45307370901116,84.86021268924733,25.639267492688077
1933,1701.9521885724416,2225.02355926837,0.9636719543824991,-0.17258337362148618,0.23390042772086272,49,0.0,0.01813527249303468,1.6167146346545544,-0.5215834240210361,1701.9521885724416,2225.02355926837,850.2655179631101,0.0,0.0,79.14339488981057,-48.786461042967574,65.5256661239458,88.06387611663442,65.64422219749964,77.92716651574841,86.44036364202515,69.02341962762239,78.44347271899233,72.42612927980021,69.92466713823208,79.70642348396814,71.47746294686306,25.662648171778457
1934,2534.0753102555136,2224.8978226833433,0.37632685334179844,0.18216026391190557,-0.1439135463543382,49,0.0,0.011595355038953214,1.751769997292959,-0.6086927096832133,2534.0753102555136,2224.8978226833433,961.1309650579367,0.0,0.0,78.61718694623303,-48.78502371324445,90.85290275344008,82.18444526326692,80.04107138874738,69.22594796720807,96.03761150398202,72.18281040402839,89.76511472907653,69.29957277562352,83.63741671682992,98.77698138126158,105.96480761995947,23.162282554512785
1935,2940.0057198032837,2226.5634506487195,0.5584503057722697,-0.28339323843596076,-0.36027282657623966,49,0.0,0.025476874517789242,3.070536045114306,-1.2180354998600005,2940.0057198032837,2226.5634506487195,1357.360478157338,0.0,1181.0895565626447,78.36053201992335,-48.7827339597782,111.4376346947986,121.25967715744203,125.92104358351517,118.36626924084302,102.95318613869429,107.21690677175282,142.64589146201828,121.37692366311603,110.3891693278905,129.4764905747882,131.6096266320903,34.70765891038876
1936,1910.387559731594,2229.412330503688,0.46513581415462446,0.4902067824047117,0.07317067015134328,49,0.0,0.011658559190681568,1.204533417797297,-0.202047133217889,1910.387559731594,2229.412330503688,1108.7221149134514,0.0,0.0,79.01158988832746,-48.78448413218534,82.06641446534417,114.64134170666273,102.475787415398,85.23002448101045,88.35083798930121,104.83014971728936,96.82949720476768,108.17169831508406,104.88041557298175,95.4886134956002,97.88756646661042,27.869768083401418
1937,2133.5255446022934,2228.7415493070384,0.5543278939040193,-0.1977384951592241,-0.2119668499796206,49,0.0,2.322595094917262,342.46414952538663,-6.336537786445446,2133.5255446022934,2228.7415493070384,43984.825868821936,0.0,0.0,78.87048556380063,-48.784438298232494,3602.081303856533,3769.0567884181455,3906.1841104778496,3849.2188708056806,3946.578983779589,3964.3208464791974,4062.0912299515576,3957.07602319518,3940.856054553139,3982.8100930923383,3894.9578007713244,1109.5937634414313
1938,2517.953159976567,2228.3026216146677,0.5085223923183922,0.4168665244689144,0.3760866921360203,49,0.0,0.008577736844562447,1.0560805958445132,-0.0592426576982799,2517.953159976567,2228.3026216146677,846.8849874849129,0.0,0.0,78.62739788039069,-48.78365676501328,63.569955322342764,89.7829133776755,69.56740546407534,71.30657554853087,86.63666616307086,68.27031630597747,68.5438920996364,81.70283793815827,78.7117781424752,74.38472147657616,72.50041729818929,21.9075083482049
1939,2787.0521589800505,2229.1428053495506,0.5154916872757023,-0.3708719584420811,-0.317319116218634,49,0.0,0.04040014715889364,5.520941386045668,-1.8550328410200363,2787.0521589800505,2229.1428053495506,1578.4775084001171,0.0,0.0,78.45725473498103,-48.782327533221135,153.92340211288655,135.98166755892305,162.45682181674943,117.08686720297973,127.07432339232308,145.71417065207464,136.93500495730106,154.1272474178159,138.76322612238704,119.25465331494557,132.0886541436817,55.07146970804921
1940,980.3539125945773,2230.9281170688346,0.5357961625174174,-0.16144270129600874,-0.20757478403262547,49,0.0,0.2892392336524667,45.49861619183423,-4.144995470247753,980.3539125945773,2230.9281170688346,5497.801864298552,0.0,0.0,79.59970257635958,-48.78335350476315,486.1000626163047,494.08184724730677,501.42419832070703,515.3797620306889,474.8093955447719,478.6070960564866,480.4518194608388,485.60960161090975,491.5656741772914,492.3821555055365,450.40987508704586,146.98037664066266
1941,2670.925035751011,2233.0488125589964,0.513194118233226,-0.6592932027672422,-0.6317576233797203,49,0.0,0.01639937073343623,1.8523611872268206,-0.6693141814661963,2670.925035751011,2233.0488125589964,1229.378322756154,0.0,0.0,78.5307007383903,-48.781153448751155,119.28422771394672,104.77618145538405,92.85681298715362,125.41258493319776,123.03535454354807,88.87389624845004,107.06158979847969,116.83189422660134,105.15087955545424,107.66111536377011,108.92288143777331,29.510904492395046
1942,2687.3767835221875,2233.3787486960055,0.5654110906312046,-0.0545878075951467,-0.2411406003138098,49,0.0,0.12872776399143088,18.19769559194094,-3.150040989870999,2687.3767835221875,2233.3787486960055,3243.113464303504,0.0,0.0,78.52030084099508,-48.7809546120178,273.671333723172,269.8342543765427,277.9973225790718,278.96114543006206,289.4462740834573,304.1247369867241,285.55432320384523,276.7582473147006,267.1465056343178,316.3813349591579,309.90856352948134,93.32942248297107
1943,1400.975548341619,2234.5548889450233,0.7258750888185859,-0.1433496815645026,-0.08697277477303098,49,0.0,0.02884597266054444,3.0698723019494847,-1.2178007760609364,1400.975548341619,2234.5548889450233,1254.5740806240237,0.0,0.0,79.33371992171129,-48.782438690473434,96.79422807180643,106.58509573418341,118.3964567155674,131.2478744038189,110.0431590502427,114.16268799699313,100.04979379964497,115.80301425149437,106.68535390133016,98.15759320476498,116.98983221516721,39.658991279010074
1944,1746.764044442051,2235.0134851680673,0.8460945861857987,0.10672766650851191,0.03552557283334689,49,0.0,0.037367578388195,3.8275675486102907,-1.4573071595817546,1746.764044442051,2235.0134851680673,1261.2458612094888,0.0,0.0,79.11506397609222,-48.78227946514798,114.72922849152914,112.19085225357912,133.547676467193,112.00375589567996,87.78609097154194,108.10159307336644,118.12594664171769,84.37232194296116,133.87053135251057,98.33816554369079,121.76102268248313,36.4186758932357
1945,2371.655797054702,2234.9103310175,0.778208767588531,0.446183207287474,-0.040001344168221965,49,0.0,0.011506893882775544,1.1808879641903052,-0.1805217405579655,2371.655797054702,2234.9103310175,885.694087050032,0.0,0.0,78.71993146990862,-48.78133097356692,82.82269391164365,75.14435475645499,79.34756062315077,85.71575083743494,73.73714788382343,65.21830725892971,76.34556072078013,82.46702090856554,77.50998739425604,75.8524758230408,81.92229992723603,29.610927004715958
1946,2564.33086734462,2235.2340887651953,0.5279193926005009,0.583908450161364,-0.34290820700733077,49,0.0,0.06036439010452334,5.973811490380598,-1.9406287847147987,2564.33086734462,2235.2340887651953,3153.9406075543675,0.0,0.0,78.59810815189373,-48.7806179802651,257.96793597926944,294.4512742453308,295.4111556988694,281.1979130961321,275.3573310478615,284.04291998940715,254.08811576005618,299.2532658691306,265.78504446597026,274.5714004361773,278.7973907454637,93.01686022069889
1947,2160.113119817518,2236.718370799698,0.3245211275093439,-0.35160078089549485,0.096984734725247,49,0.0,0.029040250648722284,3.833164521434162,-1.458893649504024,2160.113119817518,2236.718370799698,1963.7529051444703,0.0,0.0,78.85369644834786,-48.78106451042341,172.20080253848488,181.51412173489274,171.79177619907625,152.73713581723797,182.44517265536496,164.99356618030367,187.60440605231565,166.3951903766299,178.5467584464978,168.43304003535013,181.24550452348979,55.845430584826566
1948,1256.748964587679,2238.75028227711,0.8024546381508061,-0.22881802875682347,-0.5929355650094918,49,0.0,0.02108451725943695,1.9948260570038643,-0.7497625811636426,1256.748964587679,2238.75028227711,1026.2606482775223,0.0,0.0,79.42491200592939,-48.780555145289405,87.72563519493778,100.21769157249238,74.06037550418043,83.41882714714382,82.38073733801951,88.23952967198099,90.95518853289661,85.30545011330142,104.02307206613031,93.2061455680368,101.51961516258919,35.208380405813024
1949,2661.286925740242,2238.7439769363136,0.24762728107963164,-0.02057139490885822,-0.04107928465070307,49,0.0,0.008777132836462122,1.347115860535671,-0.3235123735454628,2661.286925740242,2238.7439769363136,1183.3001457904452,0.0,0.0,78.53682639076679,-48.778816199557895,87.60108724891543,96.10688470131396,104.44165372614158,110.9864167996644,95.19182393570591,97.42445719496631,127.21566868224588,120.94557152279302,107.10209818840715,108.69080975491082,101.67088055422906,25.922793481151828
1950,2130.0333910969694,2239.358229279316,0.6074064599798049,0.2527521502702984,0.035491285691480814,49,0.0,0.015544769407899986,1.5622712532491674,-0.4843911038815828,2130.0333910969694,2239.358229279316,3351.8656796276946,0.0,0.0,78.87272346069429,-48.78002126928561,286.34070007768923,281.4291013367118,301.468404808706,286.9364106048409,296.5567646469617,339.6274026701807,287.5764343318109,322.0103630012827,306.0467902022357,277.6144381939794,268.6598019992885,97.59906775400748
1951,2281.74959232747,2239.7565125895144,0.7369592187141951,0.47286833893005403,0.19435398070877233,49,0.0,0.018342732327573632,1.8946390267485573,-0.6938161972057061,2281.74959232747,2239.7565125895144,1056.9338228503066,0.0,0.0,78.7767965122366,-48.77953765785677,86.63419901109145,92.01079980972403,89.35459364781995,93.95368465629463,103.59034481816639,95.50178638785897,88.46133361971975,88.97085153953073,97.75727418625816,102.70357421286903,89.04328657987199,28.95209438110136
1952,1360.42171922072,2240.9711829466182,0.5925004170152982,-0.06496548574793232,-0.19417332585913682,49,0.0,1.2109867675246764,178.00466797590704,-5.626078478378924,1360.42171922072,2240.9711829466182,20005.481611022416,0.0,0.0,79.3593555405448,-48.779734468562836,1622.4303404418824,1739.9336888927833,1657.7646618992494,1782.2772778485287,1822.405688622825,1815.3515288063086,1779.8039198156744,1755.5844214526421,1810.214632102739,1857.3456687299295,1836.3191039700566,526.0506784397985
1953,1241.8595162102256,2244.0668716651694,0.6920779472990761,0.12029219517889993,-0.042319004719237864,49,0.0,0.04154358903208617,5.108560059646603,-1.770746259008141,1241.8595162102256,2244.0668716651694,1231.7028856052575,0.0,0.0,79.4343167099827,-48.778321878963055,92.65392202172345,108.06553134992018,107.25034693821641,113.67452472472755,93.76258518891511,103.45773237852612,115.9695518290472,123.37450463187761,115.44137145018027,117.7803269215481,101.79691636601619,38.47557180455924
1954,1744.8170021617555,2243.5320275181602,0.8478256684041348,0.04354102882112487,-0.24538973563930355,49,0.0,0.014404842955436453,1.3923952217374305,-0.35940631063176937,1744.8170021617555,2243.5320275181602,1044.9118213979523,0.0,0.0,79.11630164392031,-48.77873113212124,117.50003832394705,89.34779316619623,95.56414825982306,88.7868597204324,86.23894143617466,87.17569142602741,85.30752596754252,62.48496972328177,124.94866327082671,88.0253445255018,95.31692235269514,24.21492322550361
1955,1295.0955445068632,2246.1805173448365,0.3663723728195155,-0.1788285364592032,-0.27902816720417195,49,0.0,0.013037362350307379,2.1777487050765276,-0.845019410432923,1295.0955445068632,2246.1805173448365,917.4620418600095,0.0,0.0,79.40065305421427,-48.777502348650046,69.10065939960953,88.48470813369426,80.53548125940175,81.36000818544365,74.06329438096515,80.39982685109806,81.76218122647155,78.88902634671281,85.02926947885237,91.08613014787505,84.60096499956293,22.150491450322427
1956,667.5390932420769,2247.9514696043607,0.7200432148701468,-0.05141322508206368,-0.13211911589929393,49,0.0,0.013313412868930067,1.340057261417941,-0.3178083910361074,667.5390932420769,2247.9514696043607,899.2749003871916,0.0,0.0,79.79741607935301,-48.7754207274477,71.09808742255024,87.02024152904141,77.30451010025035,73.04862803299696,76.97153289291003,82.15714516273928,78.90009466786023,76.33558820543145,63.213113170446455,89.65855716325824,95.21679132596077,28.350610713746242
1957,2672.4046750038897,2248.085115544056,0.5211045554432531,-0.2325394950090909,-0.27509272928599876,49,0.0,0.3934200600931537,59.42716105260949,-4.434962459221346,2672.4046750038897,2248.085115544056,9428.321397138858,0.0,0.0,78.52985014947194,-48.77488341681695,760.4889281939645,760.8349564053915,869.6786285036345,834.1522278838577,825.9043913886411,834.1394344706549,875.6201093664638,829.7926315153588,881.0111936349151,811.052986491183,894.360432039114,251.28547724567898
1958,630.0820694343331,2248.9447440738777,0.4727080515653543,-0.15297988085719552,-0.35336444226061536,49,0.0,0.009742980028787998,1.1086674038023576,-0.11200319729892881,630.0820694343331,2248.9447440738777,843.2835682611053,0.0,0.0,79.82109139277934,-48.774883627418944,82.45205880121492,63.93881554212393,80.28020482821164,83.35604026769732,76.11601360773602,67.5267606885352,79.08236533589769,56.620538402235724,80.47541820748464,73.45278843051912,82.39815088530646,17.584413264142682
1959,1767.2864143503568,2248.7765995483646,0.5408103320433949,-0.021638146137000644,-0.2204600501860521,49,0.0,0.02869174522819035,3.8159511634384633,-1.4540070199118333,1767.2864143503568,2248.7765995483646,1285.1992977193138,0.0,0.0,79.1020990057733,-48.776533857441216,113.94785526679316,130.58761589864656,111.25308331343938,118.80914988079643,124.00205134258557,123.28168443220069,110.4822381144505,121.13513096114335,88.71271320770288,107.12798142903446,108.55088534050466,27.308908532016154
1960,848.5216754941098,2249.857043213401,0.6324862931981887,-0.09542581926779449,-0.15479985497292018,49,0.0,0.04338480102055734,5.700485710983441,-1.889779653485173,848.5216754941098,2249.857043213401,1388.8344444652544,0.0,0.0,79.68298834915882,-48.775154043296546,129.04759876604817,132.72982156842122,106.5728399980897,126.76316447879152,124.94731268155718,126.78584277940135,123.29646661944045,108.07969919829088,117.27751748679235,107.31343076798873,148.03762526110467,37.98312485932799
1961,2644.3554991553056,2250.704646781952,0.8190220283941435,-0.05467196579588575,-0.16691486543107772,49,0.0,0.013565060626897241,1.25189038728566,-0.2439157617208078,2644.3554991553056,2250.704646781952,930.7824801852091,0.0,0.0,78.54759681098913,-48.77389464773171,66.86951559356629,79.6812246860245,90.35273461121216,87.98152098702182,80.36209628249455,82.49647230967221,82.65010990260649,82.85511379773902,71.00014112126499,98.53187709890248,83.36009597375352,24.641577820951124
1962,369.2570652415878,2252.7077137560104,0.5172915245627632,0.06377063060212537,0.7120412990164918,49,0.0,0.008185161479125883,1.0222034137777605,-0.023843317507662283,369.2570652415878,2252.7077137560104,1079.6198162877245,0.0,704.3841329964392,79.98595335877322,-48.77232308127441,74.94226466295865,94.23630142923327,100.3295185343672,61.52463232264982,114.21712888677592,77.96915387888217,114.3458029015661,106.68323440932846,138.1298240135695,60.28877220917992,117.6077927284983,19.345390310715146
1963,1399.231241938814,2256.4162326523856,0.5562950783714962,0.10282971040521949,-0.11653619347275228,49,0.0,0.7740967181516355,118.11865664080209,-5.1807962477643414,1399.231241938814,2256.4162326523856,13704.232187415791,0.0,0.0,79.33479972769574,-48.77332881113854,1114.022349052104,1190.971491451783,1150.2993567872231,1257.0354126169027,1249.275401881061,1228.4191516416856,1254.6105004977114,1270.378690040106,1200.3142306537704,1198.7604870614657,1232.3748832936017,357.77023243837607
1964,2793.21398748157,2255.4218543573797,0.4569678659042502,-0.15132993896880662,-0.07590111642700809,49,0.0,0.012479673924702743,1.5160923257740957,-0.4518141235456902,2793.21398748157,2255.4218543573797,1044.002334474305,0.0,0.0,78.45352399984206,-48.77135376701674,97.42358001198666,88.55569584164643,86.65863227135213,92.30342373133487,89.53374995210784,88.11620614117582,106.145686041587,90.93579588112621,95.84815347379197,94.61735777006871,89.36924600197523,24.494807356152158
1965,1696.027099411241,2257.4491894278303,0.8678389335174088,-0.021787881895555274,0.22214231241385127,49,0.0,0.018914281452936256,1.7704822092269068,-0.6202289177192237,1696.027099411241,2257.4491894278303,907.5174001197581,0.0,0.0,79.14715819000497,-48.772952683505736,89.59830648544278,82.24018120729903,85.47829492989234,68.8005504433855,79.04220454130152,72.2975561078277,76.08516897154163,73.02401270117375,90.29658774279446,94.95327870747859,80.03244967069087,15.668808610930004
1966,709.4708030544505,2259.089498477608,0.5614910800194636,0.4442297159684973,-0.11694497759976609,49,0.0,0.009679510972543074,1.2862107219655894,-0.2732803139469964,709.4708030544505,2259.089498477608,838.8024129374817,0.0,0.0,79.77085425823873,-48.77091245214727,84.3020078750366,60.250568159966804,69.65907272118295,77.6842078171806,79.2428653058009,71.83277730884247,66.73029683404827,73.3877530808513,73.95114218217591,83.14409541218778,73.27805689443477,25.339569345773306
1967,2320.7704908865576,2260.2667013845576,0.577065030475249,-0.23776681018787085,-0.1825373429214475,49,0.0,0.26570651618619157,38.66919961424478,-3.9684129575479177,2320.7704908865576,2260.2667013845576,5083.882387998694,0.0,0.0,78.75220234411078,-48.77089763544481,437.53676232502534,422.5100641840957,475.3751767240735,431.1300119153609,500.1217166984185,436.7105330608748,425.4276421480454,471.5187189761754,445.47953980951723,438.53687059527056,447.36984070828504,152.16551085355107
1968,555.8630288866378,2260.851685603315,0.5182420177691563,-0.009210602744195946,-0.3166851134834333,49,0.0,0.04878934733989403,6.645256169614804,-2.0562793183156702,555.8630288866378,2260.851685603315,1758.1850140283182,0.0,0.0,79.86794624861972,-48.76966427135935,126.91412166870512,174.25302181152648,138.0617497056005,154.3450659336797,171.64763916915425,177.40532216638505,171.69203259141108,154.47168044996403,151.9249820795349,138.48387045869913,167.22159450732428,31.763933486333606
1969,2675.2905889665058,2260.711652108764,0.5078221320212095,-0.37558837603927037,-0.24156752386194824,49,0.0,3.417781680030822,508.6712072799742,-6.766092889029629,2675.2905889665058,2260.711652108764,76359.00809379504,0.0,0.0,78.52809722105714,-48.76961213945855,6255.383653765393,6599.35967302917,6794.878354373063,6717.839890002926,6795.688843931213,6831.529097274961,6861.2352864483255,6961.636131878468,6799.771474914425,6891.548146863484,6804.0576223809885,2046.0799189325908
1970,783.376536465634,2262.011074133757,0.5963360528146054,-0.26969798892366487,-0.25230838957389673,49,0.0,0.19692241817009445,28.545417051767025,-3.6388409812012075,783.376536465634,2262.011074133757,3811.0538684903913,0.0,0.0,79.72412169103526,-48.76991344777544,290.320565177645,339.584950149439,357.42729201767963,363.0887668386398,325.98780398037866,338.95390205526826,330.21067659931333,341.65796472835746,331.4810402673676,358.58570904661815,344.08628455673966,89.66891307294495
1971,1525.3143704616605,2262.2699683198643,0.7206282842072806,0.38257459578116426,-0.22002023793683617,49,0.0,0.012302209438847408,1.2458866213555875,-0.2386963057275563,1525.3143704616605,2262.2699683198643,848.393951193618,0.0,0.0,79.25508447692776,-48.77095007630957,82.10010556091842,81.84126062805643,71.79976435233506,78.44871246474956,66.3143172040796,78.24873849250582,77.23518986120142,73.3020734314946,68.5002624872864,63.69518421231386,87.10106154422787,19.80728095444897
1972,2275.2221432279075,2261.7560113409463,0.23715271845936944,-0.2293800533788769,-0.3505662671846245,49,0.0,0.0104744852942877,1.7455734027921614,-0.6048452899326777,2275.2221432279075,2261.7560113409463,997.6996780817767,0.0,0.0,78.78100189284234,-48.77038696632805,72.57404591419984,96.14004585636553,82.55674315694262,98.0410152273389,86.88655972709654,87.68389345477044,82.93758358714817,86.63463744495427,76.27726679623922,102.8377740740155,104.11113427291345,21.018978569792303
1973,934.1690900104828,2263.3743401685283,0.560677815510525,-0.11074781539326989,-0.14357809213981948,49,0.0,0.0381060587141323,5.343562154771014,-1.8195771633594269,934.1690900104828,2263.3743401685283,1405.8189189952654,0.0,0.0,79.6287926668991,-48.769732150202096,119.932275246617,129.21834186887526,113.29397949151142,131.41624012504343,136.5657671761419,115.45526603346488,122.83304007606372,115.16580783326842,137.40407108172212,137.36486545390068,117.28524217614459,29.884022432512197
1974,1155.530501310067,2266.3681234315463,0.4250406752399427,-0.5842018960904906,0.0009314212453689707,49,0.0,0.007230807271668012,1.128531128477964,-0.13128385700534398,1155.530501310067,2266.3681234315463,832.6313633445542,0.0,0.0,79.48884848146926,-48.76891004798466,64.5448314704849,78.21063787141182,77.49114403598085,87.67427948322637,74.7601919167596,79.16801690061783,59.528694162360466,73.74707448626535,65.9636075533966,71.24888766632975,80.92785766260666,19.36614013511405
1975,2084.6375155083597,2268.2369012102504,0.9439569806092711,0.41830558023259473,-0.6013295258453317,49,0.0,0.020106039445826285,1.701977622088434,-0.5773846140080262,2084.6375155083597,2268.2369012102504,973.0781815643722,0.0,0.0,78.90150079611429,-48.76806851176931,93.29466270378143,85.044089489141,76.59847284961654,68.59615597490438,77.48041399059713,79.1933565588542,92.84019824291326,95.0021850725853,85.87728113316857,94.19180638984817,92.96737226558628,31.992186893376086
1976,720.1704614912585,2270.2719028318884,0.7002161664723174,-0.1640658842343726,-0.45197720761226157,49,0.0,0.017495939650837337,1.8956676807495458,-0.6944055146433968,720.1704614912585,2270.2719028318884,940.4457259107967,0.0,0.0,79.76403858940417,-48.766286211172776,84.10802220763537,83.54679820509969,90.37003647190687,66.64369301364545,89.3726194366604,88.40525012614589,71.61411710735683,96.6296495179562,71.2392073894627,92.85990092693764,80.55893938338605,25.097492124603566
1977,1957.57765188445,2271.2579850497837,0.4854769733345542,-0.6717609561678379,-0.2637267622647072,49,0.0,0.009621439856825573,1.1194950459839403,-0.12255544017261955,1957.57765188445,2271.2579850497837,841.9778114983612,0.0,0.0,78.98182747137585,-48.76699452977861,69.66196614885446,75.26276602789383,68.67958733086812,88.55148071742596,66.14754237136603,77.9698874705452,68.29486807271832,67.95270227589728,70.34051557412839,77.14539614896299,87.74215778382624,24.228941575874494
1978,2456.515902656684,2272.5128810879805,0.5466350858800041,-0.35682693887895567,-0.14425537322639634,49,0.0,0.3515316516838553,51.33184347769876,-4.275967153337263,2456.515902656684,2272.5128810879805,7326.653122821807,0.0,0.0,78.6664449374468,-48.765425504404014,623.3961510697197,623.553606781099,628.0149189565942,657.603934705186,667.789352104822,673.326853499919,636.0071401954224,615.1074951130131,690.358014390267,630.9613883069271,667.50921354692,213.025054151919
1979,1343.4136792223985,2273.934017819459,0.22457268160918975,0.04368645625851133,-0.17862016243607118,49,0.0,0.009219139068824097,1.6975912647323836,-0.5745828295525,1343.4136792223985,2273.934017819459,964.6861232313133,0.0,0.0,79.37006513407093,-48.76598570014164,78.096559951327,82.11689488222734,82.5171519511345,84.91705956918773,91.45650855991363,78.72369032435496,79.04549001134545,95.69793161979433,79.61182677900763,90.9018674383079,102.76866298016003,18.832479164552893
1980,2726.154497352362,2274.224131047965,0.4318262480911532,-0.3068796101100831,-0.4620642799595711,49,0.0,0.013433286730013259,1.5453509711462246,-0.4725678235152086,2726.154497352362,2274.224131047965,1049.9513683913863,0.0,0.0,78.4960256995278,-48.76378903676012,84.67428674413051,86.6942611391217,82.73507746027676,101.16451960983366,74.52242966226949,94.55953492545243,94.14839185204741,101.56934767869033,90.66699870712577,105.08899814251106,94.59919357950244,39.52832889042472
1981,2469.277645690714,2274.564934630194,0.45995366059295867,-0.5181764338176154,0.30103194136775385,49,0.0,0.010479286911934295,1.3775492635477458,-0.34776784731115606,2469.277645690714,2274.564934630194,973.3108924782143,0.0,0.0,78.65838782373693,-48.76453249751391,84.09219821772717,86.65294487120869,73.74793739929731,85.46883215678993,88.68148601291058,94.10376951354303,87.57546158657256,84.54628411128667,80.76263669093167,85.15762704054143,95.67962721494177,26.842087662463364
1982,2339.1183970134443,2277.4848334469048,0.5605100115158328,0.044572587719904994,-0.16322788113387765,49,0.0,0.03440812091789515,4.859084867933409,-1.7163862111033343,2339.1183970134443,2277.4848334469048,1293.3056539405277,0.0,0.0,78.74067041825562,-48.76367754801095,110.97006927088682,126.12331014115557,95.56620898958249,110.01022011718712,122.22859890041394,112.9072719345541,100.47118434407832,108.51026676464176,124.7466479994981,128.1710426437504,123.37847140327258,30.222361431506442
1983,1731.581912850783,2279.0344920511184,0.5014700550922273,0.21873647862157433,-0.09611066554209002,49,0.0,0.05425575140725984,7.057437231542379,-2.1216175606123917,1731.581912850783,2279.0344920511184,2110.5737661566704,0.0,0.0,79.12469461848787,-48.76394509888933,207.61675891382464,188.00212641247023,171.01472546860347,212.27893335042538,165.20340044151618,180.97158460129157,184.46280388945874,189.55121160436886,188.22597554785168,190.94269134369372,168.90388820129238,63.39966638187387
1984,2921.2590848199234,2278.9411365584533,0.6862945452652361,0.16497892268672165,-0.23978179442213113,49,0.0,0.026090292932036914,2.324102268707231,-0.9156380865741374,2921.2590848199234,2278.9411365584533,1672.5167519426166,0.0,1453.0335976289675,78.37274896977395,-48.76099898910302,125.95357542367084,134.18421045531156,163.83924974355162,140.77605075963203,149.82681860680054,151.35468504716664,145.96493544355963,154.9974834732119,143.18921786566796,175.79717819980578,151.644332739774,34.98901418446409
1985,1966.056503215096,2279.3686823886596,0.6336684085090792,0.08625827151624524,0.25846895047782037,49,0.0,0.01057490526124182,1.2161280707106854,-0.212448282477775,1966.056503215096,2279.3686823886596,826.7530493643884,0.0,0.0,78.97648327897365,-48.7636045905085,82.95468682424865,74.97696789457227,69.57332516833705,71.63603785588293,70.03588978123118,77.91956493596373,82.14290810299438,56.407527333790654,65.44060034863644,76.92196158467252,82.61598873509065,16.12759079896801
1986,491.6582833204512,2281.3727107117106,0.6462345260422018,-0.23683093819565815,-0.6971652562014664,49,0.0,0.027109702415010928,2.8003917922948993,-1.1180469902559251,491.6582833204512,2281.3727107117106,1429.5307049091616,0.0,1.2689388368573538,79.90841113580208,-48.760875685547276,123.0799821467931,112.72500700084382,149.22652489956548,131.47682817479608,135.2350339515358,120.71362766652092,124.85971468063622,125.69771561605175,119.1158566490057,117.77778503648605,139.51905489599065,30.10357419093618
1987,616.5095296400443,2282.073327062937,0.34056041292010397,-0.5410196996369452,-0.7256059938442823,49,0.0,0.010658243662966627,1.4541196676824841,-0.40650037132063715,616.5095296400443,2282.073327062937,1001.7187807850172,0.0,0.0,79.82950014575285,-48.76103532846648,83.50324949295945,97.65385771831731,82.6380789121687,80.89196370261298,96.93717815887246,80.0135795236355,94.04588053491653,98.08013225769986,90.05360943026179,83.71535395507325,92.55464673537261,21.63125036312673
1988,922.096346654256,2282.0946141797913,0.589695828134589,-0.15613672403087042,-0.111775313913614,49,0.0,0.08122864917059343,11.789097135803575,-2.6787013651650335,922.096346654256,2282.0946141797913,1942.7246078335456,0.0,0.0,79.63635762482278,-48.76190437727632,148.87757250756886,159.21158618605455,166.22032547602336,178.22942199215453,179.62285811122018,186.5275968524254,170.70083598454613,176.87510239430415,168.19011136304863,167.87201559816373,186.78439759392344,53.61278377411243
1989,1786.058444481304,2281.4357707111035,0.5309077817121776,-0.06892859354436662,-0.7058779532330721,49,0.0,0.02000326676449671,1.6780636541853187,-0.5620210773716072,1786.058444481304,2281.4357707111035,1826.2309487811235,0.0,0.0,79.09026203991716,-48.76291477906248,141.983900993114,184.23343188208108,173.95544791092993,139.75699403851917,133.63730127668074,179.40206395841818,166.85770344206526,171.17551681518978,147.85657706926347,139.11375250103282,190.8695752331106,57.388683660718684
1990,683.8690581520087,2282.783526868983,0.32843920706212654,0.22435013032609197,-0.06578520779365728,49,0.0,0.014095753864475345,1.8796312417629741,-0.6851816372867671,683.8690581520087,2282.783526868983,1181.361405330099,0.0,0.0,79.7869240049225,-48.76096067790301,76.11047725844892,117.36246173121481,109.4094570267963,111.13711361748767,115.28598158626168,102.56169675164503,102.74064440369199,91.32981499662019,109.37914395097329,110.62581335009914,102.67073164662419,32.74806901023581
1991,2583.6752010443947,2283.4669598524683,0.2122334392869049,0.22801240265697328,0.026252787094000505,49,0.0,0.009559309482393358,1.8155012437454134,-0.6474913769278202,2583.6752010443947,2283.4669598524683,912.6333951109771,0.0,0.0,78.58612721000934,-48.760457468253,71.98600037695921,70.9692437694332,89.90764835206338,89.53906115894915,87.25702904977645,72.08626840321993,89.41798273035877,77.81123463764216,74.07772551983697,69.83340447552042,87.26618152176077,32.48161511545664
1992,1395.5963546000446,2284.877649370047,0.5042636881613856,-0.8386598481012418,-0.41573718876290516,49,0.0,0.01769351730702074,2.0954538629740482,-0.8031952577989536,1395.5963546000446,2284.877649370047,1171.2489522713474,0.0,0.0,79.3370670699644,-48.7614676470389,88.96735248070118,89.36589438621013,111.99956290193519,93.23248049670669,96.61245095611237,113.64269014955781,112.40010961150571,100.47892165177643,105.1607557079963,116.54055404149094,113.86864856142077,28.97953132593389
1993,1659.9104873931394,2284.407023522195,0.7062158932519262,-0.081203749113531,-0.07217825341061167,49,0.0,0.011320998024757268,1.223695316077549,-0.2191832442416693,1659.9104873931394,2284.407023522195,777.2389727949308,0.0,0.0,79.17000030208847,-48.76173019688107,74.39554743247143,86.8925411673838,48.429531958745486,68.07823164379985,59.969695443146264,80.35299990501431,75.64558181780825,53.96453765528844,71.60140196577944,66.16613136122143,62.97230521822655,28.770467226045483
1994,1479.8565352193486,2285.6424275291056,0.8351059409436403,0.31233186471703195,-0.10737512089749623,49,0.0,0.019410292035272763,1.949053807133451,-0.7245595719071656,1479.8565352193486,2285.6424275291056,861.8512681085998,0.0,0.0,79.28380784941332,-48.76119640411384,78.63842874168871,83.99765404884164,71.5838706662455,58.39114926101624,68.73199234963603,66.79508529758598,82.27340150141292,74.68635906095199,66.6020875650307,82.76946587073905,99.87263354668,27.509140198770986
1995,2091.3376313737376,2286.28644156313,0.4275240327802121,-0.08100361369668332,-0.5172256996688086,49,0.0,0.01719090684588734,2.4602983875047904,-0.977469454941574,2091.3376313737376,2286.28644156313,1009.7670994732298,0.0,0.0,78.89731200386925,-48.76053687086191,81.19273394407864,97.12418697789228,80.1498770347134,80.6007174174812,85.05831911373264,92.85523209660019,86.10832556714747,92.59582364739833,93.26573648129747,90.33927130099468,93.52999869824949,36.94687719364388
1996,845.4497805611894,2288.7322737561203,0.40312710406488284,0.2853459588346325,0.15756606869227965,49,0.0,0.012322109310855426,1.3951285202946946,-0.36153554247176367,845.4497805611894,2288.7322737561203,1042.1650461501783,0.0,0.0,79.68477584588598,-48.758948974205836,96.87317167977041,88.93949115143171,80.83889349000721,103.92738250732143,91.08684282181696,89.95903215163185,87.69101923514995,89.34831820454484,82.63374910458957,97.9537933664503,97.18419073278267,35.729161704681445
1997,2502.4216576765966,2289.979085322763,0.4466100284954538,-0.282787910142849,-0.24967338297641417,49,0.0,0.08295338285367211,12.945639396907396,-2.7803087637505026,2502.4216576765966,2289.979085322763,2599.675066320076,0.0,0.0,78.63751166933059,-48.758008978931166,197.94827645844242,237.33543618301857,239.76192770144664,206.39544007896947,209.29244595474097,223.6644302183076,255.54534008019516,259.5768095325685,233.18267385320001,208.87117425357022,257.5736451137987,70.5274668918174
1998,1866.9794356996013,2293.143278123087,0.6358861693279206,-0.38837015522592605,0.26578722306691993,49,0.0,0.01322498741687688,1.3963370565898006,-0.362475659164019,1866.9794356996013,2293.143278123087,875.8603792678555,0.0,0.0,79.03912903764964,-48.7579735733126,75.21394314329268,68.66539027547864,71.70449401028579,82.06715869583056,83.19491216178945,84.51574722603915,75.24771524378113,73.11971195043475,68.84566086137897,89.87794561709762,80.94190727453915,22.465792807907654
1999,2901.278807810021,2294.8383496937513,0.7975095321370588,-0.3261888258213557,-0.5313781761638166,49,0.0,0.01634264197104645,1.4265435841648773,-0.38571261221047937,2901.278807810021,2294.8383496937513,1230.001555583438,0.0,1085.2033137902604,78.38548489876877,-48.75446651407871,102.03678870154673,97.46716093855648,100.04444606598832,104.16001288292105,99.11161449722158,112.14421751120953,135.17478198977528,113.36522864234541,108.0535792104106,108.71526423866936,115.81131555665335,33.91714534814028
2000,2702.706376412096,2296.1650750415697,0.22913015598215766,-0.13429085879349908,-0.10061218158637673,49,0.0,0.012471374456890892,1.7537904276851666,-0.6099442383422423,2702.706376412096,2296.1650750415697,1197.6326875106417,0.0,0.0,78.51097312876891,-48.75473816543609,108.84324818491638,118.0086503629064,86.71980377815868,117.83741133425009,124.75237729726231,103.36343917682055,95.58152991430902,111.39116947357205,106.62528623844815,92.83809119556362,97.45973113247898,34.21194942195552
2001,2270.2956260979,2299.712054778164,0.6486712201514623,-0.10827780850002854,-0.15121358093815643,49,0.0,0.3281649781723863,44.83848926724829,-4.1291274289671,2270.2956260979,2299.712054778164,5605.4165663323565,0.0,0.0,78.78425014457498,-48.75458421995799,458.76406735592536,488.2159100138606,451.0638752016961,477.15027898685355,504.30266690013036,523.04997895889,552.6838133860304,480.2357934196548,505.34890766195343,511.42043118545365,490.765135575439,162.41570768646875
2002,2555.537149750654,2299.5218123167742,0.4808054971252891,-0.5245064869205706,-0.2805974028783428,49,0.0,0.0172068737227822,2.379237558650503,-0.9410945175146304,2555.537149750654,2299.5218123167742,1023.050373183027,0.0,0.0,78.60399152729102,-48.753862733869774,83.47934534287549,92.06077426602197,108.32574829754998,90.4854435929299,92.96936555597576,106.87390258940052,82.01750609439615,83.05100284154236,79.73829499362942,80.42284855810101,107.08163172282647,16.54450932777796
2003,2761.5576688358683,2301.4683257981874,0.6294032581395106,-0.17109756350391234,-0.2593891370706698,49,0.0,0.012607297348940378,1.2494162034511898,-0.24176783483141057,2761.5576688358683,2301.4683257981874,945.9745639406076,0.0,0.0,78.47381629652895,-48.75229859461107,88.03467607905628,80.34211898742387,75.51234197743446,100.55562653866096,96.8933524937657,81.37095826967153,80.77094504111437,81.45466725596984,64.41801342873254,96.6414353575845,77.35877801504938,22.62165049614426
2004,1901.8779854536874,2302.6473106770204,0.47749398040317087,0.1886085090109223,-0.11830359822009796,49,0.0,0.036102050947993396,5.40626629438308,-1.832243584415284,1901.8779854536874,2302.6473106770204,1379.1632909682608,0.0,0.0,79.01708728842932,-48.75397943896951,117.54417097363975,138.28907069535873,121.47793742752813,141.68679621713613,121.38558004134839,112.81572375453743,123.42499122035599,129.78139646141176,113.26274014827948,123.34921829653385,106.72351047534417,29.422155256787114
2005,758.164540022144,2303.852136437671,0.4003010343898588,-0.14710009686559045,-0.22435830587630065,49,0.0,0.047361478177284394,8.012982106690776,-2.2594854323629665,758.164540022144,2303.852136437671,1791.7593954743256,0.0,0.0,79.73987371515175,-48.75240853263121,158.73098749558778,152.82540187249074,164.6684250824913,166.76590597838276,142.56311851361602,159.00987616252044,152.05939458591382,167.62135578341088,149.31605219927212,165.83098030941386,170.37141540669012,41.99648208453559
2006,845.4990361865745,2304.2480107448864,0.46400228113198333,-0.40122962793675543,-0.42856232693891244,49,0.0,0.029003344086688594,4.291381265736575,-1.5814927523359945,845.4990361865745,2304.2480107448864,1315.6963915549804,0.0,0.0,79.68468304055683,-48.75248460324739,101.62998138277734,123.28104981973249,102.88638323184375,118.97572549396438,117.0145750564482,106.30565254818325,119.6772422417663,126.25373928494653,104.27728513913254,117.02399227890373,145.81719255404977,32.55357252323214
2007,1090.179432541146,2304.3611636643473,0.645214850376298,-0.2729856966053834,-0.12713248939981406,49,0.0,0.016976631502726717,1.8733165024874237,-0.6815278973508,1090.179432541146,2304.3611636643473,1024.9118769716276,0.0,0.0,79.53005849966051,-48.752972340442746,87.82347020875756,88.2891797275376,121.23200344487861,77.79055049011426,89.99295075599511,96.77223572879005,90.87337498390858,82.36429495696302,84.9592143192206,106.28370531216206,70.7937084682777,27.737188575022383
2008,1695.5299123727755,2304.161891225293,0.3182512470923514,0.20533201582729166,-0.21010585356003264,49,0.0,0.009415312031544915,1.4119329272162484,-0.3745351659542257,1695.5299123727755,2304.161891225293,903.7512439764173,0.0,0.0,79.14749590106415,-48.753489708875634,68.49369042246909,80.30653783162302,80.60015450987389,69.21233035488532,80.65252897582027,70.84876496000847,87.85439393293203,83.3074516161342,87.69047509396707,76.62295031997718,96.1483893267206,22.013576632006213
2009,720.2167789108853,2307.4926393975925,0.6640347878505567,0.1307969039178274,-0.12703217150657206,49,0.0,0.014112457194821897,1.466589372139694,-0.4157713337268991,720.2167789108853,2307.4926393975925,916.9695740047028,0.0,0.0,79.76383679145991,-48.750778835417115,67.70162582367185,71.03498475611755,78.78931659229963,90.24107919503678,77.45472482627711,83.71460454429439,66.71753761325313,84.39266446834087,82.75479841561811,99.18862017669858,94.71811002293447,20.26150757016034
2010,999.7517717196467,2306.8351654629205,0.3591660118894589,-0.7287850102468245,0.01663120399325472,49,0.0,0.009777999467043488,1.311598630780496,-0.294502386559373,999.7517717196467,2306.8351654629205,908.6873518166133,0.0,0.0,79.58719648012723,-48.75176797415891,93.08594386043121,68.75455333769116,72.48665415933172,76.50525366372429,80.94042685379151,75.22791553092691,89.45536377573295,87.3866207391729,81.21629083365555,96.09311303446816,67.0737225737208,20.461493453966114
2011,2791.5324098980022,2309.5198597937538,0.4358103879278833,-0.3528964023721167,-0.046595177856703175,49,0.0,0.016537923542592994,2.3523176575129185,-0.9287399214755055,2791.5324098980022,2309.5198597937538,1244.6973276762196,0.0,23.714028963577793,78.45492623807601,-48.74882237061643,98.30157165846468,122.4082163773814,109.78622386997151,108.61386526868802,92.19637715741302,123.39822459582014,93.26510109281674,115.66551723439858,97.42748415104474,113.0148075976154,133.9377450917789,36.68219358082648
2012,1304.0920449153737,2310.36746478181,0.7629570087100952,0.6481921093079174,0.07687624558738852,49,0.0,0.017350822605423474,1.8427351703259351,-0.6636573120976724,1304.0920449153737,2310.36746478181,936.0075111318041,0.0,0.0,79.39486459943899,-48.75076794337517,88.9043955148831,71.80706803814437,82.00068163988098,87.02719445194339,67.03041911127838,82.41063852359258,89.60467228366835,75.46033277718135,74.668927770464,88.41219436918027,99.44779525760075,29.233191393986594
2013,1319.8524949775906,2313.435984108035,0.44667409753779985,-0.1882142832363162,0.020741018613300917,49,0.0,0.01380449335040202,1.9558072153802548,-0.7283151099954803,1319.8524949775906,2313.435984108035,1083.3142033401368,0.0,0.0,79.38490046665525,-48.74950514567045,80.93776041139786,109.81879774995858,100.91933923575905,88.62886269941005,86.75164790465479,97.64798719235625,100.8107195904538,99.98131827409776,98.97114623749741,86.54326327363745,94.6296604547006,37.673700316213214
2014,2612.770022532424,2315.9684135156044,0.48053832883566444,-0.2594782318932856,-0.194495293533915,49,0.0,0.034175263173092565,4.887743562465008,-1.7227710309709263,2612.770022532424,2315.9684135156044,1447.039361507073,0.0,0.0,78.5679122560753,-48.74681606739584,115.56814882598411,116.07392083617039,130.0791813276191,133.88798741207944,127.53432907625552,114.4049213970701,129.29652675405143,104.56434065102368,144.59620423279134,149.17248246785937,141.87609414145356,39.98522438471513
2015,2691.15807250192,2316.4538912681555,0.7082000498661811,0.4394676220826645,0.007236051101149682,49,0.0,0.018274581484294585,1.7175561314965324,-0.5872773478818932,2691.15807250192,2316.4538912681555,1134.9869734496897,0.0,0.0,78.51838726529361,-48.74632908176672,109.9794207523356,98.89136632517466,93.65427477740023,86.50476211469703,113.57822612679313,108.47341099311552,84.92255646095458,111.14831384658605,105.54361047931405,86.15527453180582,102.10504159201739,34.030715449495474
2016,652.7439741427931,2317.536869440971,0.6857015707906854,-0.19377590830467312,-0.015946746409754225,49,0.0,0.011624412109931708,1.2114683717556238,-0.2082802008447529,652.7439741427931,2317.536869440971,846.9080067775278,0.0,0.0,79.80642231663509,-48.74638100738928,70.0668111003387,78.57536251906087,85.30193334424374,67.0964337255778,73.6086752589087,78.13064036757876,75.62939420115308,68.73943308876531,65.12809978591856,79.1652924810367,75.18700930028595,30.278921604659608
2017,1190.5227713672957,2317.109270673079,0.5736158001083099,-0.012334443605682154,-0.19268305906024524,49,0.0,0.2903104277617005,42.303148165421575,-4.065931721037804,1190.5227713672957,2317.109270673079,5823.183038753828,0.0,0.0,79.46661821998698,-48.74782037085565,459.59412411042075,478.87024106158634,521.7337619410152,499.0412314809242,503.7913908703692,552.9580179188389,506.14544300495584,520.6682437960864,499.65828749180565,564.2490867915121,554.1358672457474,162.3373430405652
2018,1025.2404228467074,2318.55362493519,0.4534948719903525,0.10649196357942158,0.060937812451832045,49,0.0,0.0220167891118076,3.4864542600525166,-1.3559599298131206,1025.2404228467074,2318.55362493519,1051.119948069634,0.0,0.0,79.57105383507407,-48.746937297230225,89.85551158529873,97.836974641512,88.68512846910389,88.90680544723685,104.3039141844547,87.11416758186408,80.81760953854966,97.15669686267177,88.18053060239308,100.86534119316173,94.27113886062918,33.1261291027582
2019,1996.3019138414334,2318.109627602833,0.5120008555536758,-0.09010027563404042,-0.2123438466058753,49,0.0,0.15500840612714073,25.08427458408352,-3.4985038652945195,1996.3019138414334,2318.109627602833,3344.376631935638,0.0,0.0,78.95744604639775,-48.747423301244936,308.98353174403235,257.1098723988053,260.76188524218287,317.30206357470354,281.5315697529616,302.4256560673126,322.0471589196229,317.9251269702779,279.19494871243876,324.38920155631786,293.64552925695676,79.06008774002595
2020,1916.1223388136862,2318.543849664253,0.3174510520720478,0.2889611943320569,0.07962579197737346,49,0.0,0.00859805827849279,1.1833105016822916,-0.18274679705889,1916.1223388136862,2318.543849664253,884.3468713167254,0.0,0.0,79.00811161026992,-48.747340913112374,79.40188648808656,87.23833382629087,86.74501738994785,73.12176937718455,80.19681690691601,70.0335447295106,65.6779236621874,68.2455783863071,77.19369875592494,79.53834705057412,91.87366227377791,25.080292470017383
2021,769.6468503508223,2320.429506301585,0.89589987218999,0.17313585817241547,-0.237272609374213,49,0.0,0.017465602379292827,1.4162604715734348,-0.3778578349451777,769.6468503508223,2320.429506301585,1042.1018569093876,0.0,0.0,79.73254528213786,-48.74553496269576,80.27627842236218,89.43008867839288,88.6328068377066,98.45712443582107,96.70990629424506,95.15399162052873,94.84483929927697,106.70380788764592,96.64143115242315,92.95718676172172,75.41823462976113,26.876160889502273
2022,2339.1047694018,2320.1768873465962,0.8202722979943059,-0.6096018563622908,-0.06939794128269289,49,0.0,0.015049495052947653,1.4010429780720977,-0.3661286445193404,2339.1047694018,2320.1768873465962,921.9898523320794,0.0,0.0,78.74084504174373,-48.745890279205035,85.4941166406434,76.66227304160834,80.86421701229449,79.83229926509756,86.96627855511488,100.49987589702155,89.89451097271188,61.32042834832143,72.3105400828564,76.05119255844276,76.90785726850345,35.18626268946323
2023,400.8533806231557,2319.7457346287165,0.5474696792209465,0.16875175568414233,-0.3417482584457648,49,0.0,0.008339743171180145,1.1408584079128714,-0.1430793685435768,400.8533806231557,2319.7457346287165,1058.8549466148966,0.0,527.6062485529943,79.96555685648558,-48.7445265069325,63.269458866556135,102.41606842184247,171.01651812402957,79.90405080909781,60.042585141867875,133.83123321965644,66.25344303801565,55.09730807131011,56.84393877087759,125.22119869879104,127.98349843359034,16.975645019261393
2024,754.0824893355489,2321.6789713303397,0.27461160362444115,-0.12916284789185423,-0.29510213408218744,49,0.0,0.007058617057914789,1.1043601287863785,-0.10777679679999119,754.0824893355489,2321.6789713303397,821.1502234282046,0.0,0.0,79.74237383446963,-48.74496929993187,55.868457463801676,78.75794382821962,70.27045641445383,74.81952177333818,75.83021761441677,80.37247512018831,66.03516518170915,74.33504812024594,67.01076995591406,78.46577884289087,72.08076126864346,27.303627844382774
2025,1302.981616338165,2321.558922529758,0.5958603275099269,-0.15667144856332194,-0.21903807988213533,49,0.0,0.014520772749050306,1.7422726202289727,-0.6027902793736537,1302.981616338165,2321.558922529758,944.6791766668733,0.0,0.0,79.3955487933918,-48.74610384809468,91.06854887127372,89.62461938729332,71.86469469554882,96.07717284688582,89.27018344110198,82.17915275929546,74.41208389806071,72.6975446497461,74.88181415469468,72.44483843740974,98.86385598352295,31.294667542040095
2026,1755.7712926544807,2321.5557750148055,0.7950121714043001,0.056431466344419354,0.42008324519128143,49,0.0,0.017935580809852546,1.7415037232536457,-0.6023110182414294,1755.7712926544807,2321.5557750148055,1040.2260010735172,0.0,0.0,79.10943912590818,-48.746216410772185,79.17890019346743,88.5953163122499,93.8115363381769,92.25950861479011,85.15218116647546,103.17552550304313,85.38212536189593,94.47593691653614,101.33813960953182,93.26267864554852,99.79995635404022,23.794196057761724
2027,406.2222873748561,2325.241228932656,0.782499772752298,0.32484663437547534,0.5965870905668721,49,0.0,0.01032280320049552,1.102822830138125,-0.10626437023554662,406.2222873748561,2325.241228932656,1350.8377440152312,0.0,631.4982866276596,79.96213033569123,-48.7422591779168,92.6531897677475,117.45015151778541,211.72106794413813,136.21159181053747,114.76207379442044,97.69250010323998,160.3562365045341,112.7969691928761,111.31829331845023,64.23451051736032,114.2425108265797,17.398648717561922
2028,571.890526632454,2323.771551036327,0.5352460929072751,-0.17596354130232547,-0.4640019480693368,49,0.0,0.06296692121120698,8.79291954548378,-2.3603327485405616,571.890526632454,2323.771551036327,2065.0355011819875,0.0,0.0,79.85747418758842,-48.7435074613949,179.8393444988961,172.19721407156072,168.8101369529023,201.77437409556896,165.0445704642678,190.79880899016578,167.94747455675525,194.3514445661996,196.33258722961713,170.33213228892487,218.87917239486103,38.72824107226812
2029,926.5867371408085,2328.405797198143,0.26559938018670864,-0.06977474310212967,-0.333391826461416,49,0.0,0.014849768560131635,2.367080882715323,-0.9355327448615738,926.5867371408085,2328.405797198143,1127.8380260717963,0.0,0.0,79.63335515056612,-48.74261958826595,102.83032574948925,95.97586583776629,97.71847371134731,92.74793878181292,111.85994931770884,65.46079865108076,113.47047012325486,105.81273762254716,98.52567339906967,93.96721712567259,112.22904906823429,37.239526683812414
2030,2298.951141804405,2328.315265713486,0.6482384962725739,-0.06907581753105435,-0.16586030079913958,49,0.0,0.2351831633283088,31.576986534685478,-3.748426704791585,2298.951141804405,2328.315265713486,4419.666990235641,0.0,0.0,78.76624607825093,-48.74259914984794,375.26921846694074,383.630943820319,393.7541109242765,375.191576583747,393.5066693657611,356.91899141445987,411.83001657691005,379.2466702720524,402.32074099921647,394.2182270196533,433.20711254852677,120.57271224377828
2031,417.1118244757935,2329.4264620919816,0.7415091633340332,-0.37989495314594046,-0.7477943487153701,49,0.0,0.08332234990258755,8.550269448371605,-2.32994950263829,417.1118244757935,2329.4264620919816,3064.4938771044563,0.0,2087.613822058259,79.95522474803083,-48.740560241826294,240.26456257708202,268.24506420946994,275.01596017487066,355.3857514064649,280.1253508891172,281.2624964515752,279.8598986696071,234.95550875341326,221.79854141567222,295.0520437857911,237.20218459496846,95.32651417642384
2032,1255.4096699425095,2329.2102074682653,0.41946601113217136,-0.29251798589552214,-0.4784499136445485,49,0.0,0.02174973887622054,2.8420471971835397,-1.134078214684269,1255.4096699425095,2329.2102074682653,1275.9907020460746,0.0,0.0,79.42559445937859,-48.742863121307764,98.46823416498285,113.23122614723162,115.49343225443172,116.62483036341813,103.98489300097762,122.22969615261422,110.10651332379402,97.523699842376,123.19367346782472,122.03080838444048,123.93443906690067,29.169255877082357
2033,1385.5351221919025,2329.578614350771,0.7334607018420473,-0.09124052892206092,-0.15914173306872872,49,0.0,0.04389521614397494,5.427599900380194,-1.8365195645559291,1385.5351221919025,2329.578614350771,1254.6664214422099,0.0,0.0,79.34337592267556,-48.74283548899962,88.79539749680075,110.49038040852108,115.9556204280242,134.80736535936995,119.44057096172236,108.03807841681173,119.23668474909564,100.01355647137228,102.67756880012169,93.021112613121,124.71763193843783,37.47245379881106
2034,463.94428699953323,2330.569185882821,0.6004039145591517,-0.3174444693239443,-0.669654958609509,49,0.0,0.02387427870250606,2.513482825253325,-1.000689805048894,463.94428699953323,2330.569185882821,1377.926495172054,0.0,914.3303531941856,79.9256320237665,-48.74027177629338,125.7435413690076,115.16842241125815,107.93827841872587,128.71568280653597,129.39460532093614,110.15556160847925,100.10637834388548,128.0693623372054,147.0348020993163,122.46946734243062,132.17198056934708,30.958412544926233
2035,863.5559964660372,2330.8842288560004,0.5533507755485874,-0.3411664513441092,-0.32596291529061944,49,0.0,0.012222925685516906,1.4723792551031958,-0.42004922470471007,863.5559964660372,2330.8842288560004,890.5406528700656,0.0,0.0,79.67316895716377,-48.74143339167391,71.46756249260689,81.37082083149234,70.61631082064882,83.84914712464942,76.70469297352474,83.3404637470033,73.1600222826296,80.69689928743847,88.50028033339888,88.12802481064475,72.36255210279738,20.34387606323106
2036,2181.8423517296524,2332.1355945046453,0.42973404348568134,-0.03200161505552932,-0.24741046609205292,49,0.0,0.05685449842506716,9.945094684508875,-2.494022305695876,2181.8423517296524,2332.1355945046453,2053.0714883739256,0.0,0.0,78.84024904669658,-48.74126626515551,171.347633410573,150.61687402517038,187.35855188306488,170.44201809655107,206.63414971676633,185.20536063378054,204.86393223964615,193.43118919734252,199.73702248912304,181.36539252710622,158.98138592962485,43.08797822517663
2037,1539.4948010370467,2333.0286027255147,0.7508391306199695,0.35973124042493515,-0.020017693488029287,49,0.0,0.012002204945926492,1.2233297863102832,-0.21885887576273394,1539.4948010370467,2333.0286027255147,1067.657904977241,0.0,0.0,79.24609694354474,-48.74147141586326,87.92806600944213,89.26571947698581,110.10720995003052,110.38329162575101,98.38547543505103,101.67059886148624,91.80312495800517,80.02119804788151,102.0366862200105,70.92056297809117,96.32785550840546,28.808115906100475
2038,1604.6961613516544,2333.9935121311332,0.6845177321737685,0.07208059751227701,0.006101201916771379,49,0.0,0.029007975205688475,3.303957542214397,-1.2975861443656571,1604.6961613516544,2333.9935121311332,1275.7822509590978,0.0,0.0,79.20490122661205,-48.74107577858363,99.13764343979926,122.48050757478111,111.07304871863272,116.03536161051623,116.06602274975661,127.63010445980763,127.01836385688065,98.79842410337841,119.11943184243643,106.70880400050382,96.2333826951397,35.48115590746535
2039,706.2065643755936,2336.2708556963644,0.5300898091294158,-0.3199291206514571,-0.37790464605841634,49,0.0,0.031643107451816366,4.26804449064366,-1.575572344793645,706.2065643755936,2336.2708556963644,1325.738372783178,0.0,0.0,79.77255437032892,-48.73874587861825,110.06377222150554,113.51992667348898,114.7298841987184,108.64785860866911,118.55803148108069,115.34283836318933,129.88927398474846,116.41078724454373,111.59348552179392,114.94867742576687,121.36049278921172,50.67334427046116
2040,2141.589994200557,2336.1581532759706,0.4837486469741607,-0.004208127556597572,-0.40356262733510984,49,0.0,0.023686150027911697,3.3919021730779275,-1.3261082953523866,2141.589994200557,2336.1581532759706,1077.724851938039,0.0,0.0,78.8656920946856,-48.73966830209318,95.84478027308346,105.77716263000629,89.74952110113784,89.07061319631045,107.64855014472485,85.84742786801314,85.41705952179254,102.47521974448672,92.90842820183653,101.08383585886978,85.11943217060772,36.78282122716946
2041,1368.2030840540401,2336.0322338824276,0.38975711353668646,-0.05238638738667349,-0.05653962256918947,49,0.0,0.011907915238114465,1.8238953458417761,-0.6524997877943579,1368.2030840540401,2336.0322338824276,899.6632707522613,0.0,0.0,79.35431906903695,-48.74013317769249,79.04835805909019,82.03882570979758,89.50653203484706,73.12237665499616,82.64029849562118,88.18047205876749,81.45222447745789,70.70985735615129,88.85989395603299,64.76536894550495,73.30110264221418,26.03796036178045
2042,1497.721551555067,2339.1914016570754,0.3900559475865205,0.5445814635220307,0.16603314108061346,49,0.0,0.008264240037349912,1.0336117821414514,-0.035893628005843975,1497.721551555067,2339.1914016570754,880.7410220754689,0.0,0.0,79.27248690453294,-48.73889184232545,78.13860846051702,72.25511620445178,65.94400475488999,85.99681522163087,89.72020493323225,78.36163932745147,73.83128062002292,74.3345551335517,81.23497227257512,71.97706095098283,82.74961189656901,26.197152299594
2043,1544.2401656586953,2338.165049592268,0.6051748528017304,-0.04895370646260849,-0.13927933117762958,49,0.0,0.02503918699639544,3.23128768121395,-1.2734390623313088,1544.2401656586953,2338.165049592268,1134.5866081054824,0.0,0.0,79.24309719192723,-48.7393322522617,100.77377029510853,95.6357645286948,104.88507643429058,106.77124335770746,102.05243646688655,108.67069441752764,110.88510583700344,87.64224839755991,100.90978107569435,95.12158664718334,91.73385697945936,29.50504366836641
2044,1622.038916731767,2338.0309095583907,0.5785172539405365,-0.06091073570902375,-0.12747488259933526,49,0.0,0.8377743210150815,125.70146666192079,-5.2483508624619715,1622.038916731767,2338.0309095583907,13906.17468748185,0.0,0.0,79.19394421411809,-48.739392807048276,1120.9815245113662,1207.4079249005586,1239.3810930689774,1178.7391492162467,1304.0949162530294,1257.6236264391841,1278.5959624991362,1271.1722437501974,1190.1122768185078,1261.871359061617,1252.0007216390413,344.19388932398965
2045,2177.730786971624,2337.6016522940035,0.5257981998923964,0.4177070822438186,0.016848172740066465,49,0.0,0.023674319777236472,3.112578289894195,-1.2328007098509892,2177.730786971624,2337.6016522940035,2037.725199404712,0.0,0.0,78.84286334432446,-48.73899707889219,154.9472881887857,161.6059902966851,182.03879331146635,172.55724483407272,211.5412899173403,169.1364960618448,211.10148235274443,182.64502051608582,217.36629568020265,167.74162528470941,164.35163029823255,42.69204266254195
2046,939.6729692512357,2338.977674566039,0.393280869994642,-0.00345811021746969,0.02869935343293477,49,0.0,0.012333795330343615,1.5686706096381116,-0.4888293993838112,939.6729692512357,2338.977674566039,985.3219080071743,0.0,0.0,79.62505033325539,-48.73824504785313,85.13174118386593,86.4355455153648,103.3865558525697,83.25184985942003,79.57086423827228,90.84822067876166,86.58440122435647,89.21846819864396,94.11048730246395,74.85864702496667,87.54743114245673,24.377695786032174
2047,2258.8140761782465,2341.1651368239695,0.7701566138903577,-0.04836111644405557,-0.15749933129244673,49,0.0,0.01229849753889157,1.2090564899879925,-0.20611648150869616,2258.8140761782465,2341.1651368239695,889.517985763817,0.0,0.0,78.79164970017291,-48.73733937989485,69.86273884054526,77.75484280548888,61.94731085275222,84.59726549399595,70.7705064044878,75.79515158443456,82.37726579976533,88.98544213859242,81.59865798864634,92.9413052248381,83.8218037932069,19.065694837063283
2048,2497.6028777244137,2340.4679544749315,0.22535980084766422,0.1791040546477424,-0.20905177809433922,49,0.0,0.007512109445875847,1.0379028510819193,-0.04039176236115943,2497.6028777244137,2340.4679544749315,922.172605448408,0.0,0.0,78.64079546503865,-48.73698853330591,76.62311982158005,84.4666142585896,57.362311110756174,73.78261124672126,94.0789578275762,71.41750044420854,81.48163621695143,66.56391342762603,97.90276878348362,89.37544988831286,89.53997810193772,39.57774432066456
2049,1351.410320450509,2344.1867104664075,0.5702796077912318,-0.39153922955786624,-0.10334006481143562,49,0.0,0.015426428808280912,1.943785818149924,-0.7216210229774956,1351.410320450509,2344.1867104664075,932.5796847070335,0.0,0.0,79.36491810262915,-48.73672163019555,69.40337675617327,77.5318554142651,90.93991846612943,79.20211654915947,78.60888658619794,77.6738450992642,93.00215908781698,79.60431833488565,78.21307590461329,86.34893323336564,97.08875686013897,24.962442415023563
2050,2075.0748574292343,2347.457304343183,0.7189940829039709,0.15530766554271608,0.048094285805542335,49,0.0,0.0359179020969226,4.202800925991955,-1.558847048181122,2075.0748574292343,2347.457304343183,1134.1853597575248,0.0,0.0,78.9077437102136,-48.73507718690926,93.90262305689623,106.442561944233,103.56603412439577,89.38736314300755,104.98365796828759,108.03303698748309,99.22620992052443,99.71865627370849,95.22630844189622,108.28518717408345,97.95901001623878,27.45471070677014
2051,584.3867938352496,2347.9331024567273,0.7891753722546455,-0.3198817916445815,-0.48638969586922276,49,0.0,0.03641388082077939,3.8048550338259024,-1.450845286663445,584.3867938352496,2347.9331024567273,1270.9666081417713,0.0,0.0,79.84944998272039,-48.73348519970654,110.74019152087321,111.08273097622356,105.83515026607724,111.79229890826156,123.24290932162359,109.01856927653387,120.46568849177271,126.72613355813553,103.47499326380292,104.61049058217215,112.61192656343215,31.365525412862794
2052,641.1045387075696,2350.012857765815,0.27197844351244405,-0.1522697810643541,-0.20666098509185812,49,0.0,0.018796933699292705,2.8865266858519014,-1.150938942231396,641.1045387075696,2350.012857765815,1279.3907051166584,0.0,0.0,79.81361258827415,-48.73281215041959,96.16661271241023,112.86733714868694,110.8299691322735,120.25576648214368,96.97276021840631,113.37680518064062,117.6972916363837,117.48778683131773,118.27087081993726,111.12560170421446,126.57615028846149,37.763752961782544
2053,1191.027388795917,2350.335950169566,0.5725565669819717,0.055814484342034544,-0.20857463007715166,49,0.0,0.04290242247639738,6.194829284865763,-1.980073356819617,1191.027388795917,2350.335950169566,1356.9019942590655,0.0,0.0,79.46622776486407,-48.73397717090614,97.87427584585481,116.40396830338102,110.0975097680424,130.3486256180693,124.20499587269123,136.79737851923622,134.13263572802376,108.43184638958705,96.8140055583055,118.85606579591891,135.4298708747764,47.510815985178915
2054,2152.497720453784,2349.5627942357255,0.5902423773157528,0.1552228612909878,-0.23911510920321863,49,0.0,0.22194343155075835,30.979135583088237,-3.7276732384698157,2152.497720453784,2349.5627942357255,4536.210228299602,0.0,0.0,78.85883969605224,-48.73406271217293,370.83172299599585,406.3569037412017,416.82552629276387,416.2939468110561,403.98569527504003,438.7174496435654,417.36313523415976,373.6437384442896,421.57417174153136,399.3416576884058,367.5370997861691,103.73918064542411
2055,1556.8761151687445,2353.9189327849494,0.6104102693476728,0.4341996058373652,-0.22593908514732072,49,0.0,0.014732904197756408,1.9385012026306536,-0.7186651869403453,1556.8761151687445,2353.9189327849494,871.1397058245539,0.0,0.0,79.23511023196228,-48.73277050751847,77.07630819997688,68.83383977954205,75.49044903454764,67.67208667483493,85.86124328557511,75.84142510898991,73.1754529279616,83.33387815399229,85.71744276230905,82.56499881196243,72.04762215403825,23.5249589308237
2056,1595.0182952088342,2355.239095168064,0.6325851402940811,-0.05458883981767385,-0.10231069973389262,49,0.0,0.22343428964724227,31.923075049706966,-3.760261797297927,1595.0182952088342,2355.239095168064,3858.3830472757613,0.0,0.0,79.21101526688285,-48.732223690080254,343.17457895599284,339.20887960300604,339.62634286972536,325.5618164499638,323.40241919768357,356.74523305376374,329.2070573371599,363.9360396412304,345.0081280430078,342.3314822759429,345.97590502442506,104.20516482386014
2057,1740.8564002005585,2355.014305160369,0.576434553053367,0.042534569588252476,-0.06749650117122527,49,0.0,1.9395819789480497,294.2357314280709,-6.1717385287266335,1740.8564002005585,2355.014305160369,30786.649976629844,0.0,0.0,79.11888828821094,-48.73228339079236,2489.7482381710124,2641.822634931248,2727.51325793534,2692.918759726954,2790.488378784764,2753.6333228750614,2913.6992031307304,2809.968097311821,2705.829654413544,2744.3057080636827,2711.151569711743,805.5711515739447
2058,1407.7192883596463,2357.2039862273614,0.47938989688492745,-0.038250316987090804,0.8033981642816642,49,0.0,0.012028311336031647,1.3889023286377686,-0.35667926512679465,1407.7192883596463,2357.2039862273614,1358.4046097477785,0.0,0.0,79.32933109704796,-48.73134090187462,98.31453430608931,121.49193954915484,132.06824030950747,106.08665750315,110.72980429168308,140.26925156876433,125.28339179060987,116.3272580488043,122.33459434293582,110.36473047755862,132.99759527103933,42.13661228848171
2059,972.144145921358,2359.181329431636,0.624564851036261,-0.07476921867258007,-0.29236030491779186,49,0.0,0.045949265468772434,6.242191954695701,-1.9883427989934712,972.144145921358,2359.181329431636,1392.1559474453047,0.0,0.0,79.60446955633185,-48.72989959593336,111.2543283650823,114.08356061302759,129.76972296110344,112.58003583840438,124.27120796478762,123.15071590233819,127.06080421111785,125.69514376955995,149.25398973024113,114.74403745817675,125.4086073337607,34.883793297704784
2060,1618.0650152996263,2358.8782718696543,0.4145463235141558,0.19428484303540353,0.08057991833227011,49,0.0,0.00921711517066419,1.0744750802272014,-0.07799086891412658,1618.0650152996263,2358.8782718696543,953.1944012173776,0.0,0.0,79.19645683963881,-48.73070693160069,87.95648749079632,83.41825029525589,92.63681270467114,76.85151750605719,76.22173467413228,91.83484727316483,85.53117039190329,74.33550568583043,72.24946596186784,99.51657837912144,83.10418016297564,29.537850691601292
2061,1670.0069298546887,2359.032638305414,0.557266523721109,-0.02656117121573761,-0.09977117898781326,49,0.0,0.9387260273719216,144.4002630009001,-5.398919960572549,1670.0069298546887,2359.032638305414,16016.360899152227,0.0,0.0,79.16364585210543,-48.73063480649728,1311.4600646749561,1432.3500108117917,1437.9167286040608,1455.9405429726044,1398.4706732653624,1406.2368047071946,1423.7524498945872,1379.6232424388677,1452.0865773905316,1382.4433842089943,1468.8677556213313,467.21266456194485
2062,1716.972984423744,2358.679098222324,0.39843401718678295,0.291308561508709,-0.30186306408223473,49,0.0,0.017670365859798913,2.353921125380488,-0.9294797662919987,1716.972984423744,2358.679098222324,1275.129587046494,0.0,0.0,79.13397784107954,-48.730767031092874,97.39863555331796,98.11088893428439,120.59263245164415,108.00703227476697,112.57457876212099,119.58246474531448,105.71766743596102,118.67547166625386,108.63436496693521,121.73081982412157,127.5656095239282,36.53942090784517
2063,1407.9555628995024,2361.073850436786,0.7855204898834152,-0.09292227645320038,-0.056202445502193034,49,0.0,0.042901332559900814,4.754938897302318,-1.6928623511673178,1407.9555628995024,2361.073850436786,1364.4957016200888,0.0,0.0,79.32917792484288,-48.72972866835791,99.59595021787737,130.6029196799226,127.04879014189468,116.41856342016575,113.66968277103135,125.35057419837857,122.57064249760936,114.62560007665061,118.39315046972439,122.9498213291905,132.22108895726612,41.04891786037731
2064,2005.736008347945,2361.747700969813,0.5353300616083269,-0.11017815444214177,-0.667878694128199,49,0.0,0.015044791007491983,1.8088913887200457,-0.6435312282390576,2005.736008347945,2361.747700969813,948.4238701789454,0.0,0.0,78.95157778079418,-48.72922842529899,70.2798662152795,80.75785280409625,86.88653354240358,89.97458866083879,74.11389465182091,88.11598854317285,71.8292473783105,89.14254304228457,103.3080184093142,57.91237874856189,109.21321930199554,26.889738880866908
2065,994.220036333686,2363.4041859088848,0.668035203585711,-0.453241865166073,-0.24997807141174225,49,0.0,0.014934571546530771,1.5447541862763607,-0.47214845206038125,994.220036333686,2363.4041859088848,1054.1550402222697,0.0,0.0,79.59051171074478,-48.728187216370884,90.39883257905274,93.47335879314659,72.15822749225416,85.1307151524274,121.46784577780313,103.15192046825908,96.72104485333969,80.30521065538704,97.78729929697376,88.4363329898998,96.74888483675298,28.375367326973286
2066,1095.925954052839,2364.083292519036,0.5992619354423996,-0.26319422316737867,0.13438417718682288,49,0.0,0.010531518594490304,1.1668274899173185,-0.167516630869616,1095.925954052839,2364.083292519036,929.121126247056,0.0,0.0,79.52626839950166,-48.72809929220781,76.3768711502684,78.29908196864221,95.05290282361761,69.19780338469238,93.10124202165866,75.79634007920552,76.70732025676732,88.75799891490252,94.4763835940515,82.83225121215335,82.19250056112986,16.330430279966738
2067,442.8630719474344,2364.5803747869986,0.23343741754161848,0.22499019667686462,0.23495850826573678,49,0.0,0.005449343920472982,1.0059881712535892,-0.006482185424284031,442.8630719474344,2364.5803747869986,926.1947781300546,0.0,673.143021870982,79.93874267287686,-48.726018510215376,71.9783425497076,83.35484572861444,88.07623234547464,74.4583051728608,74.12266338046669,88.33284185335847,77.57922422537187,59.201344517985504,73.97000818225786,106.91514049224256,100.91318770597184,27.29264197574242
2068,2159.6484755121255,2366.029480103197,0.5338086130150902,-0.19895939368658455,-0.09438543968638814,49,0.0,0.015299189265290272,1.757512976721182,-0.6122463508691938,2159.6484755121255,2366.029480103197,1026.5228108449187,0.0,0.0,78.85437090105314,-48.7271882140601,83.04328686469782,83.59171781708646,96.25471898539203,98.64827934421535,82.89067212271647,92.17546066502271,94.15968689927462,93.90348691132189,95.47309060211781,90.75341039722994,91.71445913577321,23.914541100070593
2069,1807.0120795582661,2370.0858173599045,0.5687197966180583,0.0006449875550386016,-0.10084593749766453,49,0.0,0.12427270971939929,19.103105097984407,-3.202759912532523,1807.0120795582661,2370.0858173599045,2573.3243440429515,0.0,0.0,79.07711375965657,-48.72596418605371,206.1731147040469,196.43053576564037,242.2583854664341,215.77732632581368,216.80203334508553,234.6614414434883,267.72419918335936,206.46603543383748,237.42329941426732,235.09636097159404,237.22436086364092,77.28725112574334
2070,2720.8714978642747,2370.2268361095926,0.41893237504160746,-0.31233058102686806,-0.4956694387943426,49,0.0,0.009625938388846227,1.2871337587372293,-0.2740592026591665,2720.8714978642747,2370.2268361095926,963.9486495915294,0.0,0.0,78.49993074125713,-48.72381258914725,85.6812143065926,97.01683155232628,89.51845545551112,76.2110771717563,79.0178105522647,86.66688766330617,87.6595016485721,76.81814363009605,71.88292020395222,89.45866911323893,96.31253686651732,27.70460142739552
2071,995.6153556242494,2371.9892758918877,0.7442595357584236,-0.28372809232670887,-0.18382930362373015,49,0.0,0.013241944612341655,1.4203227705558457,-0.38096762423641567,995.6153556242494,2371.9892758918877,1020.5489671768673,0.0,0.0,79.58960306879398,-48.724613204004605,84.5135905717851,87.8173451251824,76.30977030218334,85.740979403692,109.30910492339751,92.08484938998018,87.47081020533037,89.2095847253911,92.29970081359176,86.59741419576106,109.72825188095194,19.467565639620478
2072,2582.6947167768226,2373.6673146108915,0.6317919118521845,-0.06138195135049581,-0.7279336549913467,49,0.0,0.011338335966140865,1.2981609437137573,-0.2833213471734939,2582.6947167768226,2373.6673146108915,928.6216554933428,0.0,0.0,78.58721305475399,-48.72288058801948,84.79858371446365,71.51956020508894,67.95396566409752,74.49885329028562,77.07255371016247,90.445013989937,92.06858596027855,79.19685647659387,78.54103576448972,94.47516180307345,93.96458929262678,24.086895622245276
2073,946.4748815209424,2376.117798228825,0.8374823159561158,0.10592645658004259,-0.233344650618994,49,0.0,0.015972963483689803,1.4852658431334134,-0.4295104840874237,946.4748815209424,2376.117798228825,942.8380816871377,0.0,0.0,79.62062540507978,-48.722786313321684,72.9514656774291,88.8683340218519,67.14632557530847,67.92283238003623,90.17934638405555,82.29870625891867,91.17837884542305,87.70705028487077,97.9149686040585,72.71436842445453,98.38839976061116,25.567905470119708
2074,1813.8452460633332,2376.712939075421,0.8672364072910028,-0.47246303079009555,-0.49306294152897223,49,0.0,0.01217760140089397,1.0402433315519188,-0.04283735110601653,1813.8452460633332,2376.712939075421,1346.038552226244,0.0,0.0,79.07280519523917,-48.723198028274815,110.9588103422862,95.17008289416495,125.03487652947436,112.10944132096444,114.4317967051883,120.10678257301579,137.85011162530282,112.58933008460929,132.57019408061052,112.75260026384969,121.49253478924186,50.97199101753584
2075,1952.994709880193,2377.767611055468,0.3553959325234804,0.1513715666146274,0.08627489241239679,49,0.0,0.008426178462090692,1.1603319996719883,-0.16145567348978432,1952.994709880193,2377.767611055468,873.8140756398175,0.0,0.0,78.98492211170968,-48.72262270960446,70.24311180353783,87.60623554614526,87.25149208326805,78.77824487077665,77.42139025010057,74.73885806890193,56.84417325609648,83.40090748507902,72.41089711790619,78.62782092533497,84.5579726429611,21.93297158970951
2076,1117.167660165476,2379.403853226198,0.5347205076623268,-0.09730657914542241,-0.1300791404759762,49,0.0,0.09031191424836936,13.805358695855917,-2.8501192377980615,1117.167660165476,2379.403853226198,2255.4024832934165,0.0,0.0,79.51281232212388,-48.72175224051183,186.0092003441099,188.8950795985678,200.51050020387305,206.3134220122442,190.29167691887142,216.87980881986044,204.03177777626556,186.42997530571068,208.39841433422004,195.79603724074906,197.76309265343718,74.08349808550723
2077,1617.6897290250247,2380.8007012350263,0.35533164144264034,-0.931529471900104,0.17633504189181792,49,0.0,0.010172156309843935,1.3063190139185517,-0.29012312049859834,1617.6897290250247,2380.8007012350263,1429.317041122285,0.0,0.0,79.19669588498107,-48.72157289464464,106.28087573564173,145.24840387882952,128.17425841581223,111.30059883343691,130.95757113124276,117.19914583674287,108.47828586792845,135.42462169375293,147.9085869992658,122.95678544221619,127.21551955294497,48.17238773447053
2078,681.4454634648562,2380.3738609117445,0.5500235688878261,-0.5287821488496304,-0.1524651599529005,49,0.0,0.010748637408856666,1.2200567133765947,-0.21595004745333798,681.4454634648562,2380.3738609117445,862.617547235821,0.0,0.0,79.78798385086488,-48.720293600554164,79.87660792529502,73.19732611131523,69.57380420739867,76.3515775101303,80.48365377131259,66.46412946536304,90.94896540906777,83.95800244350093,65.73357544947743,82.66490464474333,78.53671036586078,14.828289932356
2079,1356.6107192207828,2383.8418902441413,0.802513199102039,-0.23754203226193413,-0.37431544496235425,49,0.0,0.011781980136577013,1.025782540329626,-0.027638256850096386,1356.6107192207828,2383.8418902441413,913.2352028350673,0.0,0.0,79.36158183338664,-48.72020363491795,88.7150462260693,85.2187912352586,57.55466313802508,95.45005381521713,81.82718146421013,84.73921125697228,64.78759054859717,88.09691326093758,79.88943076376938,81.13310005362243,76.14633555079143,29.676885521596812
2080,2119.446873434057,2384.18344652685,0.38412247139609607,-0.17170780309915956,-0.3423584666334985,49,0.0,0.011278946526159336,1.7243475547233524,-0.5915620137650269,2119.446873434057,2384.18344652685,874.8766882167615,0.0,0.0,78.87981287418361,-48.7196992374977,74.77682206487648,83.52230611996694,80.19674199508012,69.92058234459128,77.93888496127035,79.29278711918093,64.41950863211993,72.25847954254215,89.9891920546015,77.12401723969546,83.04438271887693,22.39298342395944
2081,980.2359561451491,2385.793351503797,0.5059024787719775,0.4284036548206484,0.2487416938908634,49,0.0,0.008795255760651486,1.0236153229212968,-0.02534194599399848,980.2359561451491,2385.793351503797,886.1251927648702,0.0,0.0,79.59927151988111,-48.71882930502676,74.31761046723926,69.49929088704793,83.85868967069274,89.39917301197396,77.30652866726948,77.68741262365808,82.26509738788756,91.83380074874613,72.51608875581785,81.78178523678886,63.828988862529464,21.830726445219035
2082,1623.022351514026,2385.6727003754077,0.8174286981729574,0.1076424405052604,0.014648567514315598,49,0.0,0.04893383620546174,5.531993340884677,-1.8572041216432638,1623.022351514026,2385.6727003754077,1472.3613441842972,0.0,0.0,79.19332852645981,-48.71954259536856,91.17642736334177,143.4716144633727,125.4613592024899,129.74657605537107,138.50904516925584,118.12942487272034,135.4267090781252,144.63056999354416,152.44727560169963,116.86007076010192,130.10779103027537,46.394480593999404
2083,878.648179876555,2387.4081071746264,0.8498287382904659,0.19097505261028722,-0.09526176613094184,49,0.0,0.015870919408725936,1.4092172778399694,-0.37244489812469755,878.648179876555,2387.4081071746264,962.0673669171447,0.0,0.0,79.66341921437937,-48.71792126415476,77.64598952881168,86.60443452724834,73.51285844828548,102.65525337666665,90.661943532476,92.51202345198917,74.92575141667346,96.83600080713683,81.03417847511884,79.38677525976436,87.26298638154901,19.02917171142476
2084,1597.4429389678335,2387.40570792757,0.4774488204495191,-0.38101176764487105,-0.18299688580606574,49,0.0,0.03406590850628508,5.276500971823761,-1.8058650561594156,1597.4429389678335,2387.40570792757,1336.884502321634,0.0,0.0,79.20948308647016,-48.718821391710875,114.99578706841882,123.87127123479382,116.44194829726003,103.01621215288625,112.39140019551544,113.83747448131643,129.19334857113503,113.26282180051777,134.0060292973414,121.2747881656885,119.44190278833642,35.15151826842387
2085,2238.5207978739268,2389.2957325630305,0.7430060484094481,-0.4081774645379297,0.17081997609553295,49,0.0,0.013164746999087571,1.3255793921021692,-0.3060143594434841,2238.5207978739268,2389.2957325630305,845.9023493934718,0.0,0.0,78.80463143869943,-48.71733150879826,73.02386770468803,68.54995051573685,73.05503097600263,72.37331126964426,75.44651896341539,64.4237380252499,56.142022564857406,74.30678156410474,99.37554911539739,79.79360822075645,89.466480603918,19.945489869700783
2086,1151.4163990559741,2391.184358637486,0.43967742909321633,-0.48318576801757473,-0.4249381367787593,49,0.0,0.011491913666683182,1.358934594772025,-0.3329963868401531,1151.4163990559741,2391.184358637486,961.4575790269197,0.0,0.0,79.49115428035694,-48.71689902826443,87.55703624620327,84.51462123832283,85.9426122728967,80.66060485572827,86.6857220190046,90.5550610693309,77.51314578946764,82.88830535207954,74.42014364536931,82.01941662589786,94.25362356379122,34.44728634882762
2087,1248.951943939078,2391.16813742263,0.5418979740343647,-0.19667421574829339,0.08245918607439473,49,0.0,0.01878002099580463,2.541586583237898,-1.0127622730782542,1248.951943939078,2391.16813742263,1025.7315133390516,0.0,0.0,79.42956011077639,-48.717040530838894,86.38301024416432,84.57378488244237,87.21358329469595,93.4224936388437,79.94407692346485,86.87952238988488,98.98738663311421,78.16794848915357,103.84282797077039,97.82091878358288,104.832777764762,23.663182324172716
2088,2097.3757611646665,2391.3791584393352,0.6822387724331347,-0.004055142371883056,-0.06996673125032804,49,0.0,0.042119185986173584,5.333919997591213,-1.8176162437646406,2097.3757611646665,2391.3791584393352,1263.9866237914785,0.0,0.0,78.89377033961104,-48.716739857454066,103.89751463096401,101.841127141166,113.74176038537924,98.64356207930206,115.59472687002531,110.9478259662625,105.80529669287175,117.4157729228075,110.16472698592177,114.7435051586111,125.35006699213912,45.840737966028165
2089,2825.1464268139293,2393.8421591029914,0.4624495799312198,-0.5264727036291242,-0.3898031661393995,49,0.0,1.3396286000493742,182.0328474209929,-5.650374406315982,2825.1464268139293,2393.8421591029914,42783.650741790974,0.0,37920.46135717889,78.43423084590842,-48.71355208886529,3508.2401783928326,3653.7404817501388,3732.6124334697797,3691.70458925818,3750.7417864082054,3905.179820519315,3817.6675621210816,3873.5934841404737,3939.5534407579526,3833.380429817945,3936.924350251042,1140.3121849040258
2090,1203.0062070675222,2394.4069102223766,0.29172523879551393,-0.11886917537587312,0.09462954376539182,49,0.0,0.016908282713037428,3.36507261457827,-1.3174861006499063,1203.0062070675222,2394.4069102223766,1049.3878899694755,0.0,0.0,79.45856838961268,-48.71563171642782,91.05113185114868,100.54910458602913,88.64361177735225,83.06662928627544,93.44512241854503,71.13058310149813,99.33355628812484,113.80748756868215,79.59912368469482,95.33388972354561,108.25298273898596,25.174666944593483
2091,2019.2954473020811,2396.5088037826476,0.2757525760953555,-0.19426291933458928,-0.16847843914018376,49,0.0,0.017634555429907075,3.3523965031606173,-1.3133884474425281,2019.2954473020811,2396.5088037826476,1137.5652131470683,0.0,0.0,78.9430893791742,-48.71472596408574,89.41306519239504,102.49450544723877,103.69901675558262,100.00884595452303,93.19452010907246,117.1491238287225,95.79877670507278,98.5971290729093,91.43658202889762,105.18206456102766,102.94039308481976,37.6511904068069
2092,2630.6176110246925,2396.1463059775238,0.5176331946468827,0.10232876099122247,0.18952209862886618,49,0.0,0.01895865265839272,2.134492538706193,-0.8232366025765574,2630.6176110246925,2396.1463059775238,1179.2409637997707,0.0,0.0,78.55706994550054,-48.71334882702679,99.92070261608478,75.6518713168933,98.86068515776942,100.41809012710945,99.21452178733662,115.55045111940237,105.517704507229,109.33269620417788,108.31319024762229,113.04775978923129,113.40091843614147,40.01237249077272
2093,2700.14048805366,2396.1394023787684,0.5406724759965011,-0.08811763248702302,-0.4737920937571615,49,0.0,0.012510546816417853,1.175243433082488,-0.17531958289044763,2700.14048805366,2396.1394023787684,1019.9700597033037,0.0,0.0,78.51317285363776,-48.713096261377984,76.40766549160523,76.97341947466012,91.68297462552238,76.56694181854867,95.18276790940124,88.94177517804546,92.61067943421972,88.55954534939696,94.08263639664716,101.24155143580045,90.23635027889046,47.48375231056593
2094,1353.235147232184,2398.357373764312,0.7297229124584164,0.5550378312924676,0.23486797182806493,49,0.0,0.013455843901756834,1.2299592654829372,-0.2247268211413263,1353.235147232184,2398.357373764312,944.6403231568161,0.0,0.0,79.36369481285342,-48.714152878209774,74.85554368171262,82.45495813663459,71.95452693910374,83.02186429369678,73.46230847708318,108.99485849441945,86.52964459652041,83.25887279584741,87.83769425121102,84.40344828819208,82.68199870079414,25.18460450160075
2095,1735.644945498378,2399.019999545128,0.6262741374864007,-0.036411913081028494,-0.1733136852951128,49,0.0,0.04454456777332801,5.895337250399032,-1.9262716362995047,1735.644945498378,2399.019999545128,1441.4588051800133,0.0,0.0,79.12221166803138,-48.713950768859526,118.32313442030353,127.53345413060427,117.04000870178103,131.45841259581292,158.588847904921,138.61993307026285,117.293219023337,102.72184399831052,125.66628626779222,134.99596245842014,129.1762876612894,40.04141494717843
2096,1011.7601641578647,2399.7363642929954,0.6449406577634663,0.12760813772389326,0.24587582849640516,49,0.0,0.01578544680456805,1.7925303389582394,-0.6336662873219036,1011.7601641578647,2399.7363642929954,1109.734003252619,0.0,0.0,79.57932027060025,-48.713085799544004,81.53724158242122,92.65075987151702,110.9560095847978,89.49046565255672,88.81444066746815,98.97849807157414,109.33239289071935,90.7643856515588,115.6618882175987,104.45341379368391,99.25930854797699,27.835198720746178
2097,1301.527916708474,2403.0200850293577,0.7132627695970019,0.21390539816972776,-0.3377875743395213,49,0.0,0.043227586466426625,4.4255645152131695,-1.6149216905252652,1301.527916708474,2403.0200850293577,1695.3416918600833,0.0,0.0,79.39633926092249,-48.71216142733522,125.17530789910981,146.1617363178594,141.0970674832712,135.1009436598562,173.42378137311272,142.23780863584864,164.61409518224826,152.9924427507137,145.73849703675543,178.84446045082487,133.1027202435293,56.85283082695366
2098,750.9334166887586,2404.89045975139,0.5890528676167444,0.36518302423593785,-0.09560137182608594,49,0.0,0.014096565339616646,1.4780484439129185,-0.424221671377188,750.9334166887586,2404.89045975139,1032.888399142294,0.0,0.0,79.74399173154119,-48.71029121894536,86.94865284800693,89.2659959490828,78.327139188332,80.89131695113923,92.23710710489183,108.2285099766148,105.56334977482265,87.67450837445699,109.48387646758088,77.9640070047138,87.87949228341505,28.424443219236753
2099,1854.9696699005058,2405.1099192136285,0.9358675043074401,0.10629355242558454,0.17786761005296,49,0.0,0.024976088103772574,2.3156332243283835,-0.911674430314916,1854.9696699005058,2405.1099192136285,992.6675776510497,0.0,0.0,79.04686943322493,-48.71133318734106,82.62529922937165,104.89423380991352,93.10191687774997,77.22611668916852,78.2121438924064,83.29653132446907,85.50151478380099,89.95600647050037,88.79288962475033,84.52981447090085,91.39425272603133,33.13685775198673
2100,1897.2510123238658,2404.763082927831,0.6060523049582798,-0.13117563592886108,-0.1637918648620431,49,0.0,0.170731096891125,24.313083450656496,-3.464600101827178,1897.2510123238658,2404.763082927831,3333.276090275408,0.0,0.0,79.0201708258169,-48.71143748960426,278.0992921397952,283.2943684795627,240.20734371064003,288.56138925824376,303.14873419717105,287.8549245002537,305.5895340869955,316.1519720668414,306.04328603957424,298.8287021274481,324.52595216794083,100.97059150094137
2101,965.8312926180029,2406.4726247462318,0.8504654820302269,-0.07343666602284404,-0.6533817648111739,49,0.0,0.013164656818785045,1.2083626120591584,-0.20549319826495144,965.8312926180029,2406.4726247462318,884.3458151281777,0.0,0.0,79.60829930427016,-48.71018224839744,73.32452471587845,66.08720193316314,74.80810027924036,88.9125413044666,81.60531135432996,69.03641655339455,78.25350476118086,82.393272034299,76.7052466937694,85.74469909269754,90.20314832029413,17.27184808546367
2102,1087.169658082627,2406.1435246405613,0.5649328828617055,-0.4106381803580636,0.191780158531091,49,0.0,0.010619639926803414,1.1612631226743646,-0.16232658676767558,1087.169658082627,2406.1435246405613,929.8308304968682,0.0,0.0,79.53168571741917,-48.71055966283808,67.86209219036988,78.09720253618087,92.28858426196516,78.58290220815935,79.9018542874584,82.47943153570371,90.97146004312754,76.97881157228936,59.33385361103238,81.21482181057462,113.77525321997436,28.34456322003263
2103,1189.2268132968004,2407.362038690956,0.7280148457808148,0.13208014532037324,-0.2378318958190524,49,0.0,0.024787166796039217,2.851543212435887,-1.1376998932310567,1189.2268132968004,2407.362038690956,965.4148060080647,0.0,0.0,79.46724190723724,-48.710214756323055,90.69725234368596,84.04065728340319,81.2322601718796,91.10491457277585,92.86907811557924,73.25311360634007,99.5432684831976,80.99209682547385,88.09622891604067,81.04230436592258,74.23337721779093,28.310254105975176
2104,2144.0252916938807,2407.142473173795,0.5817802038134766,-0.10016904366336096,-0.08342203181967466,49,0.0,0.10979765721682885,15.891767316896901,-3.002930494008983,2144.0252916938807,2407.142473173795,2463.1734281733206,0.0,0.0,78.86435639382364,-48.71008840548245,208.18730840952304,183.15715269081343,230.51449272299456,219.41233973159927,231.42846219479,211.1219608090662,218.81508603011292,236.20512025497095,209.22411246162383,221.89934145489545,234.3423150105117,58.86573640241969
2105,1868.9426689290308,2408.13304226399,0.7089818944373221,-0.05605997926542073,-0.11835745070207271,49,0.0,0.01487595257257937,1.579432168107379,-0.49625244747813047,1868.9426689290308,2408.13304226399,958.5982737699197,0.0,0.0,79.03805060079182,-48.71006099642625,78.38027857399497,78.95549194448517,77.5071027194634,80.63255989393778,95.60933410140024,85.51221737592613,87.69054547657029,80.30701635533205,76.13423918851288,90.20317918626796,84.59944455718966,43.06686439683919
2106,2267.713702556025,2410.0386310955596,0.3309857105991964,-0.1677845653189123,0.12164605809845556,49,0.0,0.010270925925710177,1.7451780481645767,-0.6045993538694812,2267.713702556025,2410.0386310955596,1143.0439553196807,0.0,0.0,78.78626901434961,-48.708623413922815,82.80062505836254,109.3027976875114,96.3448593767412,96.55670324897075,91.29239540275626,121.12833812755365,91.48289579991909,110.75475034296954,97.77991440937558,121.9440467262318,90.5380966918579,33.11853244743094
2107,468.74735660785797,2411.6996967176306,0.7858743033453435,-0.2939000155704994,-0.1135551159772475,49,0.0,0.015308722316444551,1.7885202842416459,-0.6312346750009268,468.74735660785797,2411.6996967176306,963.2202057028766,0.0,576.4257904104686,79.92211496528559,-48.706489918038876,73.23980510975056,92.44053880292059,95.26824458351776,116.30049256826982,65.70221669119923,72.50070374318646,82.86588001672298,88.84783366785906,51.56532981924933,131.24688458626648,66.70782217155121,26.534453942383134
2108,2258.0166479197005,2412.0602730867295,0.6017081058237109,-0.1718297575009227,-0.17339154264704085,49,0.0,0.06942656416480417,9.940546414816989,-2.4935256436938884,2258.0166479197005,2412.0602730867295,1726.803557553968,0.0,0.0,78.7923985721688,-48.70780327342483,158.57293460483987,152.701984019112,158.25651286751435,133.97221472326333,153.34203588634128,168.76583690637395,141.87353070574687,151.39839501415648,147.13935940186755,148.19487544180765,167.60385877255484,44.98201921038971
2109,1032.892161345264,2414.3172215707536,0.5907041418936755,0.2739315715031758,-0.04934402403290397,49,0.0,0.016790064606815876,2.096255493196615,-0.8036105341896214,1032.892161345264,2414.3172215707536,956.9377648940308,0.0,0.0,79.56593304157235,-48.7070529288409,88.90007075185672,74.26131613234695,80.3153368524764,79.76489031134585,80.94932163087059,87.12275092671601,82.88354826898426,100.04871239743248,82.82287842444808,72.53240670070826,102.69078023102597,24.645752265819205
2110,453.37194614101554,2415.495660306073,0.5761649856780808,-0.8758403590117322,-0.04930346735806135,49,0.0,0.025796270404646653,4.240937556412521,-1.5686546948812237,453.37194614101554,2415.495660306073,979.0362497148996,0.0,393.4539796031276,79.93179873875796,-48.7048480158732,54.527016513532786,99.46974431967962,78.57864830229103,81.28629349582158,47.683112230677104,48.599863234428014,43.11927712821996,229.5319836843667,178.3462471175027,63.85373806878877,41.09547558860845,12.944850030982703
2111,698.2986603009423,2415.5032891589967,0.5669253990687592,-0.276948589359123,-0.31633893364190757,49,0.0,0.1346936707761415,18.59331473604633,-3.1733920520583037,698.2986603009423,2415.5032891589967,3367.6740117340196,0.0,0.0,79.77717429825199,-48.70571052556547,262.99558085947046,312.0271105606521,293.4525260386297,302.9107439553717,307.2294013303856,307.7751867637587,318.17436736051775,306.7171393241763,277.017574086342,321.950195384652,266.59482497659866,90.82936109346495
2112,1733.6431117433467,2417.251226668851,0.5920120241724559,-0.18527420215880852,-0.1582706508133001,49,0.0,0.03210510229387517,4.383609929495716,-1.6045797549975132,1733.6431117433467,2417.251226668851,1218.095893546269,0.0,0.0,79.12348853282857,-48.7063556211082,107.32213147588588,103.27493922217208,125.51982716413663,114.58754566669968,107.04672834327916,112.94200718780687,97.11436189308432,105.01048250660045,116.73893529730316,102.31566019489985,96.30570104572124,29.91757354867969
2113,2173.6878617161988,2417.572917423772,0.5519163875371795,-0.7637543328576222,-0.26268504790604796,49,0.0,0.013069929299931057,1.5702013932266043,-0.4898883959239208,2173.6878617161988,2417.572917423772,911.9847526780206,0.0,0.0,78.84565857585724,-48.705685483845706,88.6808676732902,95.04078838255231,73.43898351569123,72.39156869347019,69.16399494996463,80.76173349676887,69.33953720332201,89.66792876702283,89.45867505928274,78.11665517007786,83.181705865953,22.742313900624755
2114,1254.816679490834,2420.0097692987724,0.4719412989895872,-0.42024203768877194,-0.23273946516514094,49,0.0,0.024985877093611008,3.5787143018597827,-1.3843175722684198,1254.816679490834,2420.0097692987724,1164.8845242060138,0.0,0.0,79.42580408272391,-48.70503073961819,92.13292189587597,113.29815391932405,101.00027536319277,96.56212116248349,106.2253626130221,94.85753371430415,105.32959918863693,118.06986835908098,93.53478258153822,107.84462442636314,100.40468457870477,35.6245964034872
2115,1487.6994013706822,2419.8773857363367,0.7262919696328916,-0.004464960153590301,-0.1490632110602603,49,0.0,0.10147493162915454,12.963837568304617,-2.7818339521456235,1487.6994013706822,2419.8773857363367,1906.021473081572,0.0,0.0,79.2787709442865,-48.705270057413685,154.59227145668942,160.6538987137679,156.0701289728623,150.2792098001495,155.4603256428425,174.90008426491687,170.05633322024835,171.5426237760699,210.6529557810893,162.7764298718767,187.96702681814952,51.070184762909804
2116,1142.0704180299763,2421.717684602334,0.6003673886135302,-0.0891845011165972,-0.12843374376690297,49,0.0,1.4492614792093503,211.52692776696986,-5.813414154291868,1142.0704180299763,2421.717684602334,23550.204893010865,0.0,0.0,79.49698272018502,-48.70416277458999,1881.8385280046377,2123.0994299499007,2044.7253682390858,2063.9085476135415,2174.2325025756304,2138.7588892666527,2152.8847876345885,2050.1820709251206,2128.366842603038,2074.671259796428,2092.285711021589,625.2509553806512
2117,1938.2793993792336,2425.066746254654,0.44167327587715904,0.6134671587189257,0.284602080125309,49,0.0,0.012994124040747956,1.5606071911795933,-0.48323400946433015,1938.2793993792336,2425.066746254654,1354.2676445073694,0.0,0.0,78.99429996486444,-48.70293307313826,116.1863357192527,105.56574879952458,102.40767988494031,111.23698266488572,137.14351227040362,128.62347080786773,122.63181556026933,124.61469254147035,125.76202814003508,112.13563724654107,132.28912273181675,35.67061814036211
2118,1760.9174793127836,2427.2003575346844,0.3577792637113153,-0.2506700294932564,-0.31627862276299684,49,0.0,0.011025231459895157,1.3812330380974327,-0.35066739453057855,1760.9174793127836,2427.2003575346844,1018.8249987466058,0.0,0.0,79.10627645977176,-48.70219649406109,92.91880474673653,89.73120641090966,92.15546166260938,100.29519219259376,112.11012724931336,78.10301592791794,99.4568398042739,81.16716573085235,76.6179491566439,82.50095797999819,82.59638247542924,31.17189540932767
2119,756.3238493093168,2428.2815737416454,0.4368858924238513,-0.2683340112594027,-0.43477775039974875,49,0.0,0.010535099701176392,1.3772860084520928,-0.3475603390131372,756.3238493093168,2428.2815737416454,838.0449713187606,0.0,0.0,79.74048451135228,-48.700561438496074,62.54684420991405,72.83162809965903,66.56594235032499,79.62537161803428,73.92917221982091,87.98727705900667,67.62042164646212,66.27885306125421,87.33122051080935,78.07984733123193,76.91295158793372,18.33544162430942
2120,2605.964525144163,2429.229404776635,0.7524258579058312,-0.45154043112395587,-0.7753793160184688,49,0.0,0.013267838853345237,1.0820193517471999,-0.08558757032256034,2605.964525144163,2429.229404776635,979.4377431062976,0.0,0.0,78.57281098218392,-48.6996521107615,68.52182472844756,85.16982005108606,88.38449446517932,86.94827702500857,86.29635227998537,92.52573105005268,90.41430808690768,82.77154047261631,72.08348174182365,101.25051034586713,98.18526882972743,26.886134029595816
2121,2714.502621012065,2429.652537626205,0.3225624630346691,-0.4369682584178411,-0.30450255185859015,49,0.0,0.05160546361696926,8.78467674523912,-2.359314462858924,2714.502621012065,2429.652537626205,2305.131037326384,0.0,409.13447989054043,78.5043008005062,-48.699079153293056,170.59949559685506,219.43972544326732,188.345377030126,196.45862753104825,210.72918662485876,211.8282515645296,180.15404427790494,206.519129763342,220.92311090920055,211.17210994088202,224.33997633294712,64.6220023114228
2122,1964.6449235030448,2431.295639485847,0.7543925470702333,0.3465845092726205,0.4037515715499646,49,0.0,0.03785932843090144,1.7275647933482838,-0.5935858620633827,1964.6449235030448,2431.295639485847,8050.95020318101,0.0,0.0,78.97766653502234,-48.70030589875725,645.9935115921623,672.082483284298,704.2817856485802,731.4942387203832,701.4563615674349,728.1562999386252,762.4795126527204,722.3452957006823,745.1946792086966,694.8723070290503,743.2041925890524,199.38953524932424
2123,962.5882713935061,2431.9093047329075,0.29965019284552263,-0.09587202953015231,-0.2525813913592883,49,0.0,0.021884400026740723,4.337865819458289,-1.593190285303026,962.5882713935061,2431.9093047329075,1209.7654819466998,0.0,0.0,79.61026171017878,-48.699577151492676,90.74173920446373,118.84892773318181,124.80070116995724,99.99651745515783,104.02405329839804,105.3077388683372,94.64694292600595,103.09525076867764,106.51651853544449,98.16914393663868,119.8380320049593,43.77991604547784
2124,1021.7997685317524,2431.6072549356645,0.6739374590374531,-0.45991677419970184,-0.25191442286471155,49,0.0,0.009752236096194853,1.0072465940702586,-0.00783951882070024,1021.7997685317524,2431.6072549356645,857.8883963113465,0.0,0.0,79.57288388386503,-48.69982722103397,79.43836980246796,70.6770215190726,75.94311929604424,78.61501367220527,53.28104052121708,82.9438969020791,89.90973606796771,71.80920331807374,81.19852618182787,82.42788430215792,76.66001009387071,14.984574634362176
2125,1036.4468750145138,2433.388640347823,0.5485825611446141,-0.2837911190386851,0.07899080240618309,49,0.0,0.0211540150647214,2.820153741466955,-1.125681961623525,1036.4468750145138,2433.388640347823,1083.810249419303,0.0,0.0,79.56363217926796,-48.69911388234111,89.21681294646207,93.98905635211386,74.74294746170607,96.22527380834109,88.74225631277716,107.07332511831112,116.41469175590876,111.13806764267372,82.44466362933382,107.04038660734324,92.37947170150271,24.40329608282937
2126,1524.374395769801,2434.06834229428,0.6912549449995118,-0.0006168258108329951,-0.2123168746709228,49,0.0,0.03426737364919609,4.295972878473061,-1.5826538272323145,1524.374395769801,2434.06834229428,1138.223720883379,0.0,0.0,79.25560992346001,-48.69936932540958,100.14848238385119,110.12675876647978,92.61245587283122,104.51691649388633,107.42064158299013,107.81112117114864,99.16852566115219,79.4299957128766,78.44594554063632,102.34681494996971,115.33218239164026,40.86388035591646
2127,2205.03979578133,2434.32504262789,0.5746027185049618,0.04382257754260713,0.03920368681101285,49,0.0,0.012994832638244254,1.3442495890085011,-0.321199780919447,2205.03979578133,2434.32504262789,970.8186064834464,0.0,0.0,78.8259176683379,-48.698642152843696,82.66140246643906,95.4463564387234,76.2319209729298,78.60244911397959,93.2408578613302,86.16772398241373,75.32703440879624,82.52970051144557,90.66471053399164,89.79632836707412,96.41151956409534,23.73860226222775
2128,989.7864767412401,2434.804240449757,0.5324445602207604,-0.01976899196917227,-0.0921867714752862,49,0.0,0.15454245066762717,23.264763712886833,-3.4167466150175625,989.7864767412401,2434.804240449757,3603.4766266202805,0.0,0.0,79.59308291340959,-48.69842956174186,299.69822249757124,285.41551462976275,312.5930782370889,323.0630131151388,310.6472224344252,311.54781893300606,331.59430242540293,326.39687734489837,329.38286862844495,332.46658133407675,351.5356338818301,89.13549315863453
2129,1617.6357761257948,2434.994048211218,0.491091762521663,-0.8194292330069581,-0.37622097518685055,49,0.0,0.021909750987062274,2.609182610844384,-1.0412611886538974,1617.6357761257948,2434.994048211218,1311.166082977016,0.0,0.0,79.19673484062658,-48.698993115740585,109.73342086422485,113.9386088357535,120.7233026464134,123.35383118207957,121.51134715038552,117.74802862478792,117.71177658380616,109.88240595603676,121.91538909697813,126.46805651749105,104.53849073458548,23.641424784473724
2130,1965.8780306498666,2435.2707720518333,0.6963128278736945,0.38274677919029965,0.5989894438374662,49,0.0,0.05009669211388512,1.428085300197794,-0.3868853720647019,1965.8780306498666,2435.2707720518333,12744.87731471262,0.0,0.0,78.97689570865751,-48.698648116461825,985.125817288086,1087.6604632707135,1142.814042357425,1142.6897936111636,1162.8025831209613,1144.4445933592356,1150.0563266445117,1106.257645012072,1216.0839320854811,1127.1344525301988,1151.346545620225,328.46111981254575
2131,2565.9536941528677,2438.394917592941,0.42355182435802186,-0.6272012852455381,-0.1374248181556423,49,0.0,0.06876286896976387,10.956412920257863,-2.5991709784532984,2565.9536941528677,2438.394917592941,2501.8137969427216,0.0,0.0,78.59811402469818,-48.69596948507613,217.43883748193952,212.494017082869,237.33027075581165,227.67974033317935,205.80377391930816,215.70900090475277,239.67518390019325,243.86454656137892,214.6406314246516,221.6489639922509,194.2511888328754,71.27764175351099
2132,2120.5816154317854,2438.5620571587583,0.634695712397381,0.08372775346650355,0.03629548769376866,49,0.0,0.021533213092946667,2.5405951482985083,-1.0123386609845217,2120.5816154317854,2438.5620571587583,1064.775275160916,0.0,0.0,78.87924486565467,-48.697040610907194,92.01523997429511,88.56308185103049,88.32118682607694,116.47623800347338,87.8771110515027,89.27960921482236,100.75312752906756,94.76930298433444,89.80884181664163,97.52023162530683,95.85766954064411,23.53363474372035
2133,2488.832582844942,2441.8947310728972,0.8322842428735546,-0.11463297267743448,0.08330040906397228,49,0.0,0.013178367102587659,1.027559268314036,-0.029517202062239886,2488.832582844942,2441.8947310728972,1109.884955387578,0.0,0.0,78.64680947363573,-48.69475785006156,89.04932997852444,98.8186534008622,98.63774785562211,92.91216606400278,100.34116798379094,101.71119244860711,101.03909390091856,83.59285385303917,110.7830107537599,96.54622580293965,105.10295899998295,31.350554345528124
2134,976.3630206444088,2442.2007179118687,0.5942713110866208,0.2257822387145287,-0.1867557335219543,49,0.0,0.014055963712302702,1.5683192033768243,-0.4885861505849332,976.3630206444088,2442.2007179118687,980.2509993006214,0.0,0.0,79.6015323437482,-48.69531930125043,78.48364968387554,79.26075371146493,67.16195963576953,101.60856111921642,88.76516590567755,89.35672793243765,102.02738953914363,90.13684303105615,89.56474425046733,85.3536098177606,82.60900552014965,25.92258915360253
2135,1373.9122490491643,2441.4487436563704,0.4613192495621525,0.38951631468879894,0.07639455632522452,49,0.0,0.012651681616090274,1.8320890604743125,-0.6573664538050517,1373.9122490491643,2441.4487436563704,870.5270177841626,0.0,0.0,79.35058642562491,-48.69621573935802,73.6564867917958,77.59076665998623,96.39450516100175,67.65004031121951,76.62784583981863,78.16588879090122,61.44762532771512,74.66368440284592,74.56926192332912,74.20933193717302,88.71967741779213,26.831903220584117
2136,1605.4516056169716,2441.659182195489,0.7259227345345347,-0.17094850459973676,-0.13628533328471176,49,0.0,0.09261628428809175,11.60802155790102,-2.6618955149570294,1605.4516056169716,2441.659182195489,1934.2981820251202,0.0,0.0,79.20442672583945,-48.69621654374417,150.96206128979347,131.9518487515661,177.6881278924168,204.93052904765108,207.43825393508413,144.4264308932354,152.54493314641797,178.1039655244594,157.42424670251583,160.38313654696734,203.20341183106154,65.24123646395122
2137,1939.9068819747827,2443.2814025960724,0.5253003120635656,0.09054648639010277,0.3734725143059972,49,0.0,0.026734061942520343,1.6093967222443464,-0.5166577812299138,1939.9068819747827,2443.2814025960724,7436.523734372581,0.0,0.0,78.99330496103835,-48.6953420645932,646.38052617836,674.4980070174194,578.3862901993471,594.4691829527153,644.1676240989378,694.763118611803,658.5537185977537,685.0840909626563,693.9801464528149,691.8380950822989,685.7838094881344,188.61912473034036
2138,931.0840593710419,2443.6904606581757,0.5743597475784844,-0.14214443593394396,-0.1216815840957264,49,0.0,0.18562437370645182,27.156337245599858,-3.5846779834896085,931.0840593710419,2443.6904606581757,3749.6259299886237,118.56367828389713,0.0,79.63010797285122,-48.69459763083211,340.3353825056587,328.661056677577,339.799338399341,307.3891989944517,308.5513908974198,347.2632608428561,332.4668565857032,324.6037618443852,334.76989267480985,352.3555030363402,345.2541317404451,88.17615578963594
2139,2056.329944937181,2444.3682220197406,0.3729215725298941,-0.4219266569711137,-0.6784285549468936,49,0.0,0.00931599951712872,1.267440475356756,-0.25731893020843827,2056.329944937181,2444.3682220197406,862.4978265632132,0.0,0.0,78.91981765159304,-48.694729615555396,76.67245917330929,58.68837692537355,86.20474286429501,87.06344033797757,84.62154415819244,73.59466446072568,78.61728253553862,74.81143539877917,63.83521445003332,77.7103938094881,77.9250163712208,22.753256078279602
2140,2639.860040612029,2444.542201135315,0.5084965102882748,0.28248862938073316,0.04496329046313752,49,0.0,0.03312815876841282,3.4495214550585587,-1.3443971262030285,2639.860040612029,2444.542201135315,1788.742692268107,0.0,0.0,78.55149845603093,-48.693152920149075,143.1401042984959,168.5535629882765,143.7570800698287,156.14903162295434,153.92010800676752,143.45018898080036,167.76314468387932,144.8351028170603,156.35640394634973,182.79995352617854,168.77433585210673,59.24367547540906
2141,1117.30847590626,2445.275682992234,0.24706193970044157,0.3058212081434516,0.034375241749160214,49,0.0,0.008776925398826046,1.314525785912182,-0.29692277426025837,1117.30847590626,2445.275682992234,940.7113074642239,0.0,0.0,79.51255612941209,-48.69430722818121,82.05859337928999,90.30815681358368,98.62186245985394,86.98231401876821,78.4663140754008,74.69889581452789,79.17267654876964,81.57393472702918,80.79101672745466,70.26724904472843,84.6840466676276,33.08624718718974
2142,1771.4998783629833,2445.648269558534,0.5862063019444183,0.22040148603467827,0.2297655832770677,49,0.0,0.009994220052113664,1.1162040514419398,-0.11935898631275123,1771.4998783629833,2445.648269558534,856.7698263646139,2.9371906110837354,0.0,79.09961208579713,-48.69450411331156,80.8372533714095,90.49819867566833,74.4630185989899,79.32772093540036,68.58447057433315,72.50188192700845,68.0271286799066,72.5067342962564,92.08793463162394,73.35242837252626,57.102994400070095,27.480061901420896
2143,1996.6983941522803,2445.8629699393186,0.20908944814525315,-0.06543279850517147,-0.49478607048164186,49,0.0,0.008368718625348928,1.09429435108954,-0.09783539333767056,1996.6983941522803,2445.8629699393186,1743.2788325491197,0.0,0.0,78.9574616352923,-48.69419443300516,138.7494864325039,158.59802461270468,152.5970132753422,159.40207990996208,132.37373346609883,169.69078391306087,157.88639817137178,145.49940991226015,141.01416803902592,173.00811944295316,156.06124690265392,58.39836847118245
2144,469.5552525936901,2446.6534947681516,0.7542960890039178,0.21211270464109844,-0.29089625223891274,49,0.0,0.015946948301210778,2.018002616332275,-0.762304312405764,469.5552525936901,2446.6534947681516,674.1962376178669,2.0,336.1771251648273,79.92139728256066,-48.691930654770466,41.23863923165733,110.96806313211272,57.43562124715581,66.97012384886608,39.93334811838132,31.837782674274134,31.917084170956837,52.011691761160364,25.995217726608306,55.311025364842266,136.92128989502308,23.656350446828665
2145,653.0200128314463,2447.8495855616957,0.9281497363149335,0.14637243775627434,-0.5296083628638375,49,0.0,0.013793099377106648,1.0077012313312577,-0.008329473087954793,653.0200128314463,2447.8495855616957,1342.985836164994,0.0,0.0,79.80559881319203,-48.692089684408096,105.62497273694366,128.2268731543192,121.04547567385215,134.01480835029236,130.53468282216613,124.66048402146922,108.54695203075576,122.66536300151428,104.02529707731341,118.49196766120622,110.45156352927106,34.697396105890505
2146,1942.7487651972688,2448.9792107210833,0.8110859340762303,-0.05640686236931262,-0.15414885629914085,49,0.0,0.04350360118922566,1.319917060276293,-0.3013666056736838,1942.7487651972688,2448.9792107210833,13458.471654646533,0.0,0.0,78.99152130721676,-48.69296474457741,1180.7445204296146,1154.4509319644949,1175.9169533242753,1160.6490066414349,1196.897865015588,1258.2044081069935,1146.8782133484992,1227.4770844244456,1239.0807316824275,1210.0410642326674,1173.7506337167329,334.3802417593606
2147,2547.9545376486008,2447.6702066992984,0.497041799139737,0.34400938402632514,-0.05057919039391179,49,0.0,0.011337990238680679,1.2244817249986706,-0.21988076950430177,2547.9545376486008,2447.6702066992984,949.5930570196379,0.0,0.0,78.60952123312828,-48.6921645018033,66.41621279105428,80.51933002619963,83.94854467359289,86.43148646665058,95.42058511012112,74.28822953437435,81.75615820853264,79.69070428237904,90.56259528484674,83.51144521075105,96.86805191368397,30.17971351745159
2148,2231.9060351305307,2448.773948908243,0.4878227069269158,-0.04753552885084223,0.035353690059211344,49,0.0,0.018667903831315318,2.566109030554492,-1.0231877625624068,2231.9060351305307,2448.773948908243,1030.4780520739444,0.0,0.0,78.80900596237323,-48.69256488941666,79.9275908004112,88.41916759161222,92.6832212262962,79.99874757790607,96.1356480659809,88.91632776856787,103.94603101646882,104.08222534414247,98.78939416384338,86.99211890491884,83.4678494120713,27.119730201724884
2149,1962.65209165338,2451.1467679403568,0.49534817623849353,-0.1000300051867818,-0.3160463330135538,49,0.0,17.794697058197734,2193.9363054039222,-8.353060037343374,1962.65209165338,2451.1467679403568,790284.0831923364,0.0,0.0,78.97896236397558,-48.692037466644706,67557.1982857336,72131.60141279294,71670.4154250696,71611.31232359253,72186.37683568157,70675.88197536484,69959.25881073912,69039.83250711995,69256.99885400405,68331.43711143981,67563.62641825294,20300.14323254527
2150,1000.9312378859295,2452.6897645355416,0.8936928679443858,0.05098746232387125,-0.08293894268186451,49,0.0,0.017555333188771532,1.5965566970171239,-0.5079608646024735,1000.9312378859295,2452.6897645355416,1138.853741728763,0.0,0.0,79.5859913471143,-48.69100096234557,96.2825993731764,90.20024858191428,109.7599931852659,113.28505812580373,112.36373650541358,101.28493828959598,101.44040637262562,101.92061659682915,90.23563063853521,89.00845293795794,100.84120592211889,32.23085519952625
2151,1813.8570948934128,2457.1422664755164,0.4668420554623096,-0.7996112125094778,-0.8388756597212957,49,0.0,0.01632554552579946,1.9265903073274395,-0.7119734275521057,1813.8570948934128,2457.1422664755164,1527.6444115845657,0.0,0.0,79.07288788297276,-48.689687075207566,111.15648896002368,112.9360608766403,145.45963911899236,139.4259957896756,155.01173215989286,145.96052551078495,135.6088399062138,131.6884675149766,131.0623695684056,135.14063660998005,151.68937700642778,32.504278562552194
2152,2347.7719879818187,2457.065739770018,0.21786187391298434,-0.04951996621553407,-0.2728129408578512,49,0.0,0.009313095961614226,1.4868114142420128,-0.4306397162813307,2347.7719879818187,2457.065739770018,943.749735838032,0.0,0.0,78.7359064107304,-48.6888348372509,105.87750884374951,94.92628825062715,81.30179433968715,68.47639915294185,71.69394432227541,85.17285844940724,78.0281408700796,85.80437385081456,86.94989585094861,90.25191523513482,76.81130952415268,18.455307148213535
2153,1896.7740274324572,2457.8385689310317,0.5986670962243006,0.04496111192625803,-0.2874489586687233,49,0.0,0.022973838534598792,2.517925651777727,-1.0026072557527073,1896.7740274324572,2457.8385689310317,1301.5358711934134,0.0,0.0,79.02055462206366,-48.689324117788956,92.28507460227436,101.85631043902839,92.79033309558676,116.85395016709836,118.88662988117937,135.24575254101438,115.0270692595426,112.42625788912466,131.6518479345958,128.85053858273167,116.27531125466476,39.386795546572316
2154,1939.8030405352645,2457.4887774297317,0.5655361422576184,-0.5852271892881569,-0.4530862534607584,49,0.0,0.04868660814643171,1.7194669095464552,-0.5884845560367507,1939.8030405352645,2457.4887774297317,11093.405256787812,0.0,0.0,78.99339582584587,-48.689422714329496,941.1728482677888,937.8470962345355,1002.68161048343,991.7080940104241,989.7245274288073,1010.1188299014077,988.415428011981,1043.3414789847861,991.2249388003333,973.2038479018053,960.7783954511758,263.1881613113373
2155,2442.2551356569397,2457.999539480566,0.35426888881361546,-0.10607245015704239,-0.7019718478371266,49,0.0,0.011129745285393733,1.5190998527026511,-0.45396580406528453,2442.2551356569397,2457.999539480566,958.4430486666565,0.0,0.0,78.67628005395025,-48.68818699203097,66.78175278566641,87.60082698464281,82.12071072419953,90.94235445381727,83.69201911712312,81.09875953690135,79.3808665257513,82.69312626226609,95.98552315631153,75.62540544957514,97.93160548249782,34.59009818790422
2156,1808.3650950235385,2460.84106626356,0.8828286309838898,-0.8985661837590071,0.36298938483153753,49,0.0,0.015504913814529087,1.0040622032528386,-0.004401547193443499,1808.3650950235385,2460.84106626356,1616.2042421667788,2.6390784533612006,0.0,79.07635829241039,-48.688149960611305,132.8031983145336,130.1115096708037,149.62149343458253,164.84043482687122,151.0547670377519,157.96125021895023,134.12028254886374,130.80513647941945,130.5133750944778,149.17187262783608,149.98615677942118,35.214765133267434
2157,1368.2044806009621,2461.6317058452078,0.7434682029210193,-0.02386938702786071,-0.011714189551546392,49,0.0,0.01970056846957897,1.8705822712490296,-0.679942034828918,1368.2044806009621,2461.6317058452078,1160.9042604713597,0.0,0.0,79.3541648288207,-48.68780200547534,102.52147304676346,104.32671802978477,99.75299441868934,114.65315366169239,105.08673967565366,99.29754482067798,84.58535250046407,99.68902769135403,100.91201135113133,103.33319742202573,105.39057178531723,41.355476067805796
2158,1934.5618701486917,2460.3169234163147,0.7112990538269575,0.3358415552592013,0.016037793818886755,49,0.0,0.02763062887434768,1.1052193395149024,-0.10862118936959833,1934.5618701486917,2460.3169234163147,5511.112458636513,0.0,0.0,78.99670880636168,-48.68825045784817,412.374926153216,452.32191415877304,491.397913326054,492.11498416756126,484.9435831388493,540.3186249727501,514.9863074463092,522.4090987566901,488.41774692193997,474.25947287646045,496.9219800867056,140.6459066312038
2159,1989.4955931823288,2460.374818478262,0.9341091125966563,0.5570711159555102,0.5165616662193132,49,0.0,0.027767184831307398,1.0181238274096964,-0.019501503671568002,1989.4955931823288,2460.374818478262,5949.823049892091,0.0,0.0,78.96203782043258,-48.688157868610425,482.4364303686526,532.0269499190389,507.5560172358896,511.5458806419766,514.6078214915944,559.3868926669984,559.0343992826248,557.2922996197506,569.2728786180023,503.6720622350588,492.01871200104154,160.97270581146205
2160,1805.0826882753283,2464.6729040984646,0.21893742521601495,-0.6521251084328604,-0.0488406140145493,49,0.0,0.011855196330461101,1.1416089032410273,-0.14379336779751067,1805.0826882753283,2464.6729040984646,1624.5102971336332,8.578114574951805,0.0,79.07843409395304,-48.68655576201244,131.4284717417017,139.22275571330948,151.8216229897999,150.3000200876744,146.082265054511,141.95963065808186,144.85755247135504,126.2006606906906,131.32416564604694,154.8943761262791,163.29705268678958,43.121723267393364
2161,1639.0201733253991,2465.4434645962215,0.5568366293401417,0.0020923949462283123,-0.04146466939964395,49,0.0,0.25284783199113314,38.68933732801548,-3.9689782279441794,1639.0201733253991,2465.4434645962215,4825.851065765826,0.0,0.0,79.18324130373863,-48.68630429220595,389.2761047275036,430.15466507263966,428.35174062528995,410.58811330658307,416.79346086960913,456.80488659118964,435.95704859294614,433.823128352636,418.5862890586491,420.5742249720001,460.08099618694774,124.86040740983229
2162,1901.2226459220176,2465.4845691102064,0.6099887670670919,-0.43845764984883473,0.13379657034545941,49,0.0,0.01381734831819625,1.614453956169928,-0.5200641588947628,1901.2226459220176,2465.4845691102064,1157.2716222898387,0.0,0.0,79.01775890305156,-48.686133848788614,104.62069227320242,87.6154045027376,78.40438782526081,102.95004372348245,104.87449270451465,101.66399862887909,100.48761031079758,104.6589101610679,107.66291516664536,105.5417390716625,130.1451274098706,28.64630051171781
2163,813.3496886455941,2466.068415343184,0.5467811512393249,0.06750128051090182,-0.2522510138302915,49,0.0,0.021228953502973193,2.6939610638711446,-1.075978286310673,813.3496886455941,2466.068415343184,1083.3733387997618,0.0,0.0,79.7043295163607,-48.68497853567918,85.79956878125884,111.67928460989924,99.6415028469262,87.3847038158402,107.15911130605005,112.66746045913304,78.94304152190774,84.67568503140191,103.52857261687997,101.66336693393978,85.51347931748607,24.717561559038664
2164,1681.2494591235459,2467.1705637234377,0.5436715340077937,0.1311100458461685,0.0856669503671881,49,0.0,0.012780086155811648,1.0046538564551437,-0.0050411391535673455,1681.2494591235459,2467.1705637234377,1230.4168713402673,0.0,0.0,79.15658998964656,-48.68557601499031,90.72123748534008,121.80861020880542,99.52242839980826,105.36293018015868,100.41665028197357,109.57081967900055,118.61182044105695,115.85579221943914,109.12324791075055,125.49505938811915,101.17480747297515,32.75346767283989
2165,2299.348249726261,2465.486171152907,0.5968124044892223,-0.16282265059230763,-0.0466309856145869,49,0.0,0.04949653859766621,6.498290829306388,-2.0319978604496614,2299.348249726261,2465.486171152907,1552.0708782188208,0.0,0.0,78.76649904528844,-48.68544727440045,133.05767357610134,148.89113722281098,105.0914064787885,129.57513070148502,132.8161912128009,162.7612596327433,151.57393950858938,145.90755549259904,125.18728153041624,144.62341941260811,139.8870266996804,32.698856750197436
2166,1018.5097022393464,2467.3720797183255,0.30668840606246395,-0.1383550233781916,-0.20934058414741058,49,0.0,0.007000535935431491,1.004614248171077,-0.00499833336978347,1018.5097022393464,2467.3720797183255,849.0337801141752,0.0,0.0,79.57485152247307,-48.68491950179587,70.31323646025093,71.89539876518872,63.49171001606416,79.71761192316575,73.66549301339501,86.94454102719715,70.51630130588559,79.87546214956987,76.8236142171537,81.71893145814622,67.09871139356441,26.97276838459366
2167,1167.6488216673645,2466.9775795907194,0.6437132199829015,-0.056980496253652986,0.020023367994164064,49,0.0,0.034438775472531935,4.209861910691975,-1.560669626520259,1167.6488216673645,2466.9775795907194,1311.186811632686,0.0,0.0,79.48073110969776,-48.685344730223086,137.33324712201443,110.88267258735942,104.38602344367584,98.86607397237222,116.12521490957413,118.08734637331139,113.89856494343184,98.0284370198818,121.32215482411152,117.36908783159168,133.5641955798859,41.323793025475496
2168,1487.3016408910391,2467.7565076400724,0.4899221893017106,-0.6409716314057866,-0.5047553910353869,49,0.0,0.009058786050413794,1.090866915596742,-0.09442942608714701,1487.3016408910391,2467.7565076400724,811.1425425665731,0.0,0.0,79.27899360969266,-48.68532103434468,76.52679334162568,62.96249361184863,77.55206934631144,68.7026313032573,58.20255125434596,67.20381555580434,80.25241409766517,67.77447949437638,70.41113204273765,76.52719359808822,71.66934852075573,33.357620399756556
2169,2811.7280232977646,2467.567122335252,0.384462257768315,-0.6068953010529314,0.07363308303938752,49,0.0,0.014581119300081014,1.6016128514977281,-0.5113938624262624,2811.7280232977646,2467.567122335252,1301.2999331061337,0.0,1046.0796552998836,78.44317213179764,-48.68289361426419,145.82298104258777,109.0299689871684,125.23501940788717,112.6289035746617,113.90798077787426,136.99441469197993,114.18685310210321,129.44667711428673,102.24478127642026,91.34321888981498,83.12426787203889,37.33486636931025
2170,661.3059000192841,2468.397955128968,0.4351443036199514,-0.10491688707797747,-0.4972386547248034,49,0.0,0.01186268064028047,1.4112805355809996,-0.3740333794332894,661.3059000192841,2468.397955128968,1046.9402365498777,0.0,0.0,79.80026783231801,-48.68355560731254,85.64077301699399,72.64292749706249,82.60234005965631,83.86986771799837,103.67178956498691,96.74217161395852,98.41151903424957,95.60906466917172,102.3738016772219,91.18891704157426,99.80391157322825,34.38315308377533
2171,1958.194612884631,2469.767537732517,0.6062996564693051,-0.10079214073087912,0.07706824307312331,49,0.0,0.08669870699622212,1.486754931115017,-0.4305984689918324,1958.194612884631,2469.767537732517,24218.142090190344,0.0,0.0,78.98181086466687,-48.68428470832823,1959.0566708116999,2141.0125919654074,2125.7007558892305,2159.9358819825993,2101.437755289643,2183.7263003051835,2239.7314114928704,2181.937082508251,2113.2005129713334,2201.571529659603,2162.987550867873,647.84404644665
2172,885.5358325281173,2473.1520481442158,0.5010641297389825,-0.07502137908772882,-0.03710629987369046,49,0.0,0.008817033730267178,1.0084970910263866,-0.009186624609416395,885.5358325281173,2473.1520481442158,862.7989079243881,0.0,0.0,79.65874763427951,-48.682214115518605,85.53718265617765,73.8682940540567,73.14238209940967,59.738754790266185,85.46271376245156,79.70939225180865,71.15215377699626,84.77767403123917,84.16913212381539,76.68958030088851,70.26843946242177,18.283208614856626
2173,2388.6678634277164,2474.1001957018657,0.5793326833657839,-0.49825668667456363,-0.04108349155079606,49,0.0,0.015063451821642284,1.6324791638135965,-0.5321191171364962,2388.6678634277164,2474.1001957018657,1023.1384036204831,0.0,0.0,78.71016643917672,-48.68162945853225,92.17387882723472,85.67780163847067,80.29073545623802,84.18628271284474,100.1442148203767,104.29096427186381,84.47387920945555,98.06861342680853,86.70185190079755,89.2342009103338,95.15630397986496,22.739676466194055
2174,1615.8746263173648,2475.2750541068804,0.6861844425811854,0.12370082266864066,-0.12486019705496483,49,0.0,0.015261721285002654,1.8444400741144498,-0.6646613738945899,1615.8746263173648,2475.2750541068804,905.0852564061718,0.0,0.0,79.19784988428636,-48.68221011066286,73.66262821012323,77.2112086004937,80.49547936484637,74.91427647291208,81.92415608495703,71.74375771068267,89.87328753192836,92.46631825684906,89.72411697938827,62.65919816262782,88.97065220341317,21.44017682795005
2175,1946.731611483642,2474.5715453731964,0.5913466518109184,0.8411033912258377,0.39947442843629155,49,0.0,0.0312319664037075,1.7938943609058442,-0.6344921616719563,1946.731611483642,2474.5715453731964,8254.05444748359,0.0,0.0,78.98905384168428,-48.68229704068855,685.6912916080371,733.7126739666919,749.9327472977799,720.7534733319112,723.4545940592384,746.0101919052828,748.1538374062129,751.130387499584,695.6001908724312,699.8680384640699,769.020939950875,230.72608112147475
2176,2778.1028414656853,2474.538657529394,0.5372383754504265,-0.7420251300112517,-0.08903799899080299,49,0.0,0.06445092578188132,8.007175095745577,-2.2586983137072507,2778.1028414656853,2474.538657529394,2525.7457571982404,0.0,2267.7081865511786,78.46443295026651,-48.68012759442549,211.4216492763349,224.33846960262844,204.6294274957672,230.63220669380033,250.30117780682454,220.33307917590096,213.4518614235237,196.42615408994664,237.31247353016394,230.75544994615092,232.15454239505732,73.98926576214123
2177,1974.1114424615037,2475.756298317502,0.43940699772227554,-0.40222823116778594,-0.9345016074265814,49,0.0,0.04229396649677396,1.769675825166426,-0.6197342955153333,1974.1114424615037,2475.756298317502,9519.383563774714,0.0,0.0,78.97177758827091,-48.68176945139255,783.7011898215017,789.6997341436683,800.225419666016,815.1250639804633,903.864443704029,916.193387487589,885.9325281362945,862.204098115,856.003785455096,850.063733711344,826.3784685803996,229.99171097331225
2178,2068.6301301731874,2475.6190554595596,0.3375305714298451,0.06866711408599446,-0.24293058780678384,49,0.0,0.010149499182899957,1.2249210562311126,-0.2202702504289694,2068.6301301731874,2475.6190554595596,984.2790367201259,0.0,0.0,78.91213032433505,-48.68168952334111,100.73422724663322,91.02312401826234,82.62060370618175,90.68959103463952,95.42398010239172,82.17283463477261,80.85369063180869,78.29359918273391,101.07829884545994,81.06342203315874,79.17552685823551,21.150138425847935
2179,1823.8240364736866,2477.796025171851,0.2551235184214613,-0.0588132216250327,-0.17067644643155855,49,0.0,0.009099764453700298,1.182611355787592,-0.1821051122712184,1823.8240364736866,2477.796025171851,1253.7949867983823,0.0,0.0,79.06662129200969,-48.681074207902185,90.0177470144563,135.380641222021,107.61442795582087,109.86387000914249,118.61802863800297,104.00959820910981,98.24279678525428,120.30034901222402,96.39288763712374,122.13700473459161,117.39262545102947,33.825010129605545
2180,1953.3085341994554,2475.5413079652526,0.5740479883493349,0.7407702193617817,-0.4749482543540294,49,0.0,0.03782071608375913,1.5379219637138988,-0.46733574830550284,1953.3085341994554,2475.5413079652526,11261.040150430352,0.0,0.0,78.98490513850108,-48.68188506905093,898.6263948422178,1029.6835397965262,957.240771725871,963.248947374399,959.3396155909758,1030.6105784552524,1059.226588824962,1008.198108625223,958.6706802089587,1026.3453327339496,1055.603187159933,314.24640509208353
2181,1918.9194457531937,2480.3729054510104,0.5056274226008239,0.28119820990573496,0.6159818813154687,49,0.0,0.009155730071014228,1.0953963967417555,-0.09892827000632202,1918.9194457531937,2480.3729054510104,1046.7990056810024,0.0,0.0,79.00661498966461,-48.67991177801087,79.29610318412794,88.46185944466163,88.14715662727258,98.29338983286382,85.4596837436939,105.90718860490895,106.4099537103764,81.29655009645215,83.31226748873783,96.41886068671116,110.62294627382688,23.173045987369093
2182,2703.947517897181,2480.3406028826753,0.35567998531925527,-0.19382244393645057,0.08080514561746586,49,0.0,0.0184907434812505,2.059916910529375,-0.7846242572015716,2703.947517897181,2480.3406028826753,1479.9948116535795,0.0,833.1884412026835,78.51125708008071,-48.67800186975449,108.28628314480437,118.80563496991206,143.9484058781619,152.47775466380617,126.62720872317678,131.6596212091913,133.94024972177095,109.17428355026207,150.71224247480467,121.4088498049862,146.23323020470238,36.7210473080004
2183,1554.8870272873523,2481.470488409815,0.400859572322269,0.16313867581638467,-0.4162914001657387,49,0.0,0.009014507529316262,1.0665806419145143,-0.06998424279336031,1554.8870272873523,2481.470488409815,896.8310110593767,0.0,0.0,79.23633619369369,-48.679625607027546,76.87160890205398,74.02257571582255,94.18884157386191,66.94363171488251,73.78989472721179,74.92311896603738,73.99383437023019,74.34187893153901,67.59182135754006,96.41972283192699,92.70735980817477,31.036722160095565
2184,1964.3576093954848,2480.392073909154,0.8047278337609851,-0.47062233256837893,0.17752449745798513,49,0.0,0.03597070801434304,1.752139595038297,-0.6089217599165166,1964.3576093954848,2480.392073909154,7440.226928423029,0.0,0.0,78.97794172400141,-48.67985036881219,581.1824176963293,657.3060653130832,650.2548151417698,613.8459862263423,662.0975066681864,666.8996753864786,679.3880805614917,673.9756750986929,697.3515234315294,675.4794903052411,696.5238940902772,185.92179850360637
2185,1051.2065999175668,2482.9985391229557,0.7198680738490707,-0.4481363901812612,-0.026631864850946898,49,0.0,0.011291718135925307,1.1660072190916986,-0.1667530981886707,1051.2065999175668,2482.9985391229557,854.6159769648956,0.0,0.0,79.55417168905237,-48.67847261270153,56.891547783055216,97.94059928364887,71.52764107131729,73.20239771463616,75.45646009707322,79.46463417983497,62.357735020869185,65.7022749865205,76.34122600540599,84.98593264157437,87.67320886362086,23.072319317339044
2186,1492.6854097125045,2483.051589678941,0.940300283088717,0.5092032949318827,-0.1896892624576546,49,0.0,0.014382529760497064,1.3282033235448159,-0.30816140658315866,1492.6854097125045,2483.051589678941,895.8499140447838,0.0,0.0,79.27558717946334,-48.67895039685125,76.28639060926899,89.22072973321676,60.286709407092474,84.53319987725737,84.86053128648743,73.16099041916091,70.3817529104255,75.145145124645,85.48718702444717,76.40394018423198,85.39030324289683,34.693034225653406
2187,1479.7117545738924,2484.2436299544797,0.6501296763702129,-0.48068630315046046,0.18858190281947043,49,0.0,0.011629693196785673,1.150062065095626,-0.1518031961040555,1479.7117545738924,2484.2436299544797,942.6313991199982,0.0,0.0,79.2837732403817,-48.678448623677646,63.29137224823947,85.94850189655213,81.91739022683845,92.28187786767157,72.879986057286,90.01718378656022,84.13756388356691,93.27445415119973,77.82934153300249,90.410960118855,87.78434857509762,22.858418775128523
2188,2411.5257633596707,2483.7518325246883,0.4992406880370962,-0.16640206777421032,-0.20247598262603725,49,0.0,0.07295878398783315,10.996050210285814,-2.603091785640536,2411.5257633596707,2483.7518325246883,2123.903678055595,0.0,0.0,78.69578343732998,-48.67754527514457,190.58622023150187,184.49286204158278,195.8940809865301,176.08759136286687,175.81170488257536,205.8321262287119,204.12724296535288,178.73150513327892,181.56856053580668,188.42576920028085,185.21260957938867,57.1334049077179
2189,1095.84516352002,2485.1365999589902,0.46634613199875796,-0.30808334534400145,-0.7634773857720812,49,0.0,0.011332994319639078,1.1887185569946268,-0.18769760624258486,1095.84516352002,2485.1365999589902,1819.8136873199264,0.0,0.0,79.52599846957384,-48.677662872611236,168.5529792884338,136.28946655772066,164.76291844877062,155.01865020065244,159.95248151055316,178.05455420153885,159.8966695791045,150.06302142828332,168.12269790838357,169.31186691517067,157.55657583824654,52.231805443068026
2190,1105.131592628204,2485.375546464404,0.544569916778705,-0.11962641861987953,-0.16446768527673472,49,0.0,0.15558508227509543,23.882600086956803,-3.445204016146225,1105.131592628204,2485.375546464404,3640.895270575904,0.0,0.0,79.52013806643708,-48.67757931888661,287.3067943771108,324.85067910336056,336.5002679000775,318.68240071521546,325.11409338045223,324.12335208587956,344.6416010736033,319.2802648400118,315.6106477392925,327.1974770082039,324.94027228124844,92.6474200714483
2191,1372.3830069318346,2485.9399380083278,0.5806929814570576,-0.14992741834407314,-0.17114346118158646,49,0.0,2.1670984078495708,325.5037353760635,-6.281389941891126,1372.3830069318346,2485.9399380083278,35327.5048071792,0.0,0.0,79.35149846949415,-48.67767733226347,2912.2779867774493,3000.128751429082,3086.4171064289103,3121.754196211924,3108.1512845859106,3231.449541947768,3199.8549594007573,3117.8476947482723,3243.919571499545,3261.648330099212,3117.279163070525,926.7762209798494
2192,1788.4873698288166,2485.4323303251203,0.6430395675128435,0.2630785439175351,0.5554880595255693,49,0.0,0.010840452625500374,1.0309452058243302,-0.03308895845487212,1788.4873698288166,2485.4323303251203,1052.2907042731226,30.107811489535933,0.0,79.08892835854759,-48.6779175988933,73.1438466551906,71.63126698044866,96.05868264570384,88.24628262576238,90.44140128234417,97.6068530736605,87.59784683123924,122.09100847390256,93.25514716223655,101.67202533364383,96.48578530496977,34.06055790402058
2193,2739.98355283172,2486.0463347671,0.6140934748493451,-0.522862542011277,-0.25153068575365634,49,0.0,0.15782418263243103,18.928720209503727,-3.1928031296348736,2739.98355283172,2486.0463347671,4508.8877218088655,0.0,3986.339843450016,78.48855416035805,-48.675485502982646,385.1506545549529,417.56465411767124,391.2662737619999,391.7840514543334,400.999791129881,378.4398387810641,390.2258191057138,410.661333630022,396.2521875181619,384.3859245641961,434.86580952914727,127.2913836617225
2194,1793.3427568570003,2488.8362298709203,0.36765349511690953,0.18625484457252675,-0.4214059162683148,49,0.0,0.009028622740222063,1.0569021647412198,-0.06008696855348221,1793.3427568570003,2488.8362298709203,1003.1873435334797,35.5724935278044,0.0,79.08586795908982,-48.67649618340949,82.66248750230261,76.53840116281899,87.3453984683957,70.79448117641402,82.36626124334111,89.49208934702636,85.68887568942085,111.57294744659717,90.88347055551183,104.88234204123192,87.05600731945947,33.9045815809597
2195,2549.1987373228703,2488.381250564531,0.26803207206712243,-0.031728853523085646,-0.19772171277019493,49,0.0,0.009461065883825842,1.264249750500217,-0.2545821914913551,2549.1987373228703,2488.381250564531,1032.831417532669,0.0,0.0,78.60893870995184,-48.675199106923145,92.29170935328666,86.43234608907869,97.87345330698594,81.94057909722868,72.03868337521357,74.30746039753834,82.3614096584173,104.41778027316968,101.877135381784,104.83807339365156,111.06627940414427,23.38650780217046
2196,1291.8669196555695,2491.845903078518,0.8237839346523171,0.21129838013267335,0.07267668736066478,49,0.0,0.016832446804691956,1.5023009374144025,-0.4418923455972957,1291.8669196555695,2491.845903078518,1019.5402657245899,7.1730575012304545,0.0,79.40229569917338,-48.675142163167266,67.82810471841637,89.46340841062269,114.93908234426618,87.27459538579578,75.90370239939415,91.01770446683437,89.9010562958989,79.64121308744834,93.87302838329315,90.9018078482605,110.05659432067921,28.739968063680166
2197,618.9839038974503,2495.0836208125525,0.526999439338844,-0.16855226252368785,-0.5517845874441015,49,0.0,0.2023121963033553,27.36503484173668,-3.5929900135793122,618.9839038974503,2495.0836208125525,5931.680313659152,0.0,2030.5701521195047,79.82683728786789,-48.67229759956429,451.0389365073613,507.059989443937,523.9640334331056,523.1873961080529,557.9901540821505,533.780226540269,527.7016199169609,520.5612949333375,535.9699775314479,557.9912460358946,530.1796079952849,162.25583113134982
2198,1058.8945070317752,2496.341723966682,0.5493434599682775,-0.19481321172397006,-0.17594033175813387,49,0.0,0.10122567975070042,15.226849586319586,-2.9565251442876717,1058.8945070317752,2496.341723966682,2479.6791043754884,0.0,0.0,79.5492825968009,-48.67292773578457,206.92044256859114,218.04178424572268,217.76106742569982,230.02206408146012,230.885575803564,210.17416920443566,216.3804769015204,220.42596397954608,215.04674482765415,223.30824508060533,228.01762599750873,62.69494425917992
2199,1105.2266054418176,2495.9813111555404,0.6025987053527384,-0.1497368409321538,-0.14416390446920122,49,0.0,0.27329151227167575,39.80927131073813,-3.9999605702713597,1105.2266054418176,2495.9813111555404,5119.207614817411,0.0,0.0,79.52005054591659,-48.67316066378529,417.6451344743508,442.00304802989444,419.8712756739774,444.85327061846795,456.133663732385,463.45800260167437,476.5580805559555,477.41824662278714,482.4957522851471,477.1921093832725,427.05921334508344,134.51981749441498
2200,1669.0652439848477,2499.1847538437455,0.2733607994479872,0.43152158148035413,-0.40526816066945237,49,0.0,0.008099769452224114,1.290314723278888,-0.2767391321681402,1669.0652439848477,2499.1847538437455,878.1895863133236,0.0,0.0,79.16429118737692,-48.672240458300635,78.38491555890968,68.77340661311621,81.10324508432868,79.32713916838294,75.58114815599268,83.34643562690931,78.72169112001703,70.76323702025589,72.13103687835856,72.55650359467805,84.32683261851759,33.173994873857126
2201,1905.2773389071303,2499.431660774913,0.3482193055238351,0.08567361539323674,-0.009800679459570404,49,0.0,0.04183463095261534,7.9968457407608895,-2.257296796382259,1905.2773389071303,2499.431660774913,1657.959923357789,0.0,0.0,79.01525421168307,-48.67198565767669,155.91991644100125,141.8427681786386,147.47795793113318,137.44628141975926,131.49523209618224,148.6204773555839,134.91219203106493,154.09976446875203,151.12677240232617,145.4322182177193,164.03867438123444,45.54766843439366
2202,530.083869399471,2501.519118734858,0.3582943112164818,0.2086879693723845,-0.6681118734540672,49,0.0,0.009012266628862916,1.7566130347882103,-0.611690252677514,530.083869399471,2501.519118734858,1787.6339149841267,0.0,482.6918406898046,79.88288739347551,-48.66930219842533,117.22670657258568,64.71176168397415,112.51840493980713,79.8847733384109,94.01476673263743,65.70704068552544,76.01966095486326,205.94681165594147,651.196885014013,245.37924360589938,46.03978781748991,28.988071982979108
2203,1127.3802468469496,2501.519169731635,0.7004851059088308,0.2418021847569808,-0.20008966804814782,49,0.0,0.014032534389076838,1.2432841276144901,-0.2364259731614823,1127.3802468469496,2501.519169731635,1078.0206456722499,0.0,0.0,79.50605897640477,-48.670890312991425,92.97010353998587,108.12075452563109,97.14969053883674,111.85589066002625,99.03978565649706,94.48799460561403,96.18160820681624,77.51460863048763,98.71015779057879,89.33572264034294,89.64279542012837,23.011533457304765
2204,2107.7445695074293,2503.101964108575,0.49048080895850604,-0.7259563930037944,-0.04281346329307158,49,0.0,0.012950402839420805,1.6934245553806329,-0.5719146323427672,2107.7445695074293,2503.101964108575,864.5601401802608,0.0,0.0,78.8875200962218,-48.67017322244265,74.35137576956767,82.63191758124518,83.99588286629226,71.48444907396251,70.59731573361574,76.41418679757582,71.69693963237029,67.99107929973073,73.279248737841,80.72618953405512,83.89261033388803,27.498944820116385
2205,1011.8983992662387,2504.446728747743,0.44191078033178216,-0.29552747184032085,-0.010429032878216466,49,0.0,0.009652605209302886,1.2494968697310997,-0.24183793114774244,1011.8983992662387,2504.446728747743,848.2643969296446,0.0,0.0,79.57890932328218,-48.669459359941136,68.12173379349088,76.61724708030394,88.53666528163004,64.36090186878309,79.95775807430297,69.06838457505444,76.94502743005239,81.12908918761465,66.85472395723383,78.56092329726933,68.9942041330513,29.1177382508576
2206,1965.1630987552257,2504.4198595545,0.4955019028838399,0.41725017283922095,-0.21242070498723567,49,0.0,0.016504814236632633,1.8722239373573637,-0.6808944840581345,1965.1630987552257,2504.4198595545,1442.7821126503463,0.0,0.0,78.97747941255527,-48.66983828268111,107.27251078148099,135.66570922677678,139.92917300547197,136.01875434058772,119.98438449307463,131.52820364049924,110.78802940952286,116.95906625763305,130.3250571653059,123.24357661086754,149.901969731353,41.16567798777267
2207,2778.0523731802386,2504.11443937055,0.7024295842646326,0.8430449425070042,0.47098044988075155,49,0.0,0.013363234154065503,1.6275319403724906,-0.5288238009214757,2778.0523731802386,2504.11443937055,949.0649482203002,0.0,680.3340123250496,78.46464754954317,-48.66780611442792,66.1838939626872,86.17953552766218,79.6556485422828,82.8569172499559,81.81975805582681,65.03478739377819,77.29696322160812,89.19957943049587,50.810904619630136,90.8911485887813,138.14985785370177,40.98595377388985
2208,560.5056755442805,2507.683237294741,0.9268020386745505,0.1394472170286613,-0.3251022330664967,49,0.0,0.01685264362571877,1.4795861958795826,-0.42535067704416646,560.5056755442805,2507.683237294741,1167.6960162913817,0.0,941.183258949377,79.86366207824732,-48.666844685179264,89.01554412248119,93.52929025338474,103.29891645825533,80.12583201051199,107.81935917108656,106.77845131280414,101.98376678043212,107.74933845180651,118.09506452905373,114.67243705878086,115.28844711081828,29.339569031966313
2209,698.5617084510378,2507.1851358192807,0.6791273539709526,0.07248839514579299,-0.11317768398592223,49,0.0,0.013692842055343992,1.197109025834655,-0.19533426315503616,698.5617084510378,2507.1851358192807,1113.063079668507,0.0,0.0,79.77657407289247,-48.66751397004975,100.63941172583147,104.03889723925434,83.07666691895817,99.31593532449176,83.13428879613657,105.75548726408013,98.26110438686746,95.34770334099501,113.54727146908783,107.48454374733691,92.035333094707,30.426436360760263
2210,2475.2805660600807,2506.748216655498,0.37298137092824357,-0.31606999332307545,-0.17645784674711004,49,0.0,0.026064342965176658,4.342020108677741,-1.5942295760477068,2475.2805660600807,2506.748216655498,1279.5063455327995,0.0,0.0,78.65566119280186,-48.66777911298072,93.56117351879942,129.33881655396482,108.05157215599974,113.11119241837622,110.51873709818645,117.14331284663464,110.48240721183757,128.3971380519461,110.80243423990933,109.10468780513258,125.45875011247922,23.536123519533508
2211,2045.1272412443545,2513.5005227065853,0.39805573595529087,0.3609750399900368,0.21173107536599217,49,0.0,0.013762058472392974,2.0096814734876807,-0.757818072321397,2045.1272412443545,2513.5005227065853,1035.2264263794168,0.0,0.0,78.9270504000364,-48.66594340618958,87.36371529776855,86.29531235850207,92.78784119806878,81.22205277447608,90.88105055951641,90.7329781336671,92.22654122377524,110.98561898482603,79.33563107463145,85.89103843270948,99.29146976028372,38.21317658119198
2212,2760.083520069735,2514.522183582712,0.3656094790513901,-0.26220258294303805,-0.3891464208375411,49,0.0,0.015311931798544029,1.9453728155499372,-0.7225071069827902,2760.083520069735,2514.522183582712,1312.928636238352,0.0,1117.0938952286233,78.47604597005545,-48.663542432295536,105.64500778010066,113.02618012151686,135.83337158326765,119.30606057329699,114.67169443538212,102.93156344167127,108.55252273703653,110.22320732227519,124.34373324109576,127.3320559520396,115.44296579081296,35.62027325985653
2213,2773.1786566291607,2513.9995442902123,0.3892492200514733,-0.28878781712425095,-0.49217288050528096,49,0.0,0.006815485687271515,1.058900799983222,-0.06213819101981092,2773.1786566291607,2513.9995442902123,753.27721494224,0.0,581.9636985533655,78.46778279094383,-48.66370757489225,71.92086226087022,73.89516185394496,73.42965773792858,60.37527149548157,70.62542188035593,62.49773490136067,57.866586358147174,75.74012233826251,58.379342079485575,51.3589041143687,71.79347068632741,25.394679235706747
2214,1796.0061949453095,2516.5429452342255,0.5224552420523914,0.03164671752788156,0.06073281854417464,49,0.0,0.16505880440848447,26.46876623470139,-3.5568342459669378,1796.0061949453095,2516.5429452342255,3422.211475854429,0.0,0.0,79.08421574836584,-48.66495046034606,299.76701402499447,321.6475616249858,319.96419349914294,289.4113965899204,294.61730079149567,303.33575811502624,285.76084542772105,295.9186342471668,317.1971433112033,286.7394035566043,298.809308192633,109.04291647353477
2215,987.9734157897751,2518.610347587342,0.46989199095195733,-0.37325934701042107,-0.19281029967544003,49,0.0,0.01321271867831256,1.588773373545069,-0.5026548820396641,987.9734157897751,2518.610347587342,1008.9300993975095,0.0,0.0,79.59395796316002,-48.6635087446184,97.86369868983893,85.0170258533107,93.8307503765454,82.33859396964571,90.39928090486242,83.48873152429823,98.90292731428457,86.10557149277159,84.13082247879919,94.47121201754084,83.65400846767575,28.72747630793622
2216,2561.75127056422,2519.1621933060965,0.24549147775629387,-0.19297947204295912,-0.1539622773217283,49,0.0,0.012199363199380012,2.1647835424608144,-0.8385361939699482,2561.75127056422,2519.1621933060965,1104.4986102153616,0.0,0.0,78.60117408594634,-48.66233368517768,100.01210401103208,95.29156666606356,95.9112396967372,90.43359130017728,76.55950940928757,96.9009328988225,123.15204779233315,91.41441043086652,101.92405080048994,95.41128460083813,102.60680385308615,34.88106875562762
2217,1148.2505059995003,2520.878703753139,0.274844732039475,-0.012573685499303622,0.7185537953143859,49,0.0,0.0079048480012921,1.2683048893098932,-0.25805916664877715,1148.2505059995003,2520.878703753139,812.663575212939,0.0,0.0,79.49284554476608,-48.66285756451869,79.50989678081461,71.87626081876411,81.69957129836632,66.19758721423095,62.97142705112108,68.22058174669996,63.64622431700455,72.04442642950117,74.9312721270515,74.50925392401459,76.5385318462424,20.518541659127763
2218,1223.73512536017,2520.4047308841464,0.527212051123895,0.13037102789708616,0.07964215888940046,49,0.0,0.010426845663708268,1.2293999892756955,-0.2242330124910003,1223.73512536017,2520.4047308841464,861.8979723417248,0.0,0.0,79.44522902686874,-48.66316281385099,67.38578753511595,87.64286038109742,66.01754242111679,77.83335190617595,74.36419156247803,80.13983279874047,77.7615095669494,64.79736840312604,79.65256669525604,71.07589446930842,96.99670351227957,18.230363090080687
2219,1091.1398105013236,2521.6653048440435,0.851443510850259,-0.46242133267664204,-0.5336912207742891,49,0.0,0.019183671695201295,1.6479649652868174,-0.5423699365696965,1091.1398105013236,2521.6653048440435,1118.903176615046,0.0,0.0,79.52886994062162,-48.66243525476969,91.61648160069852,104.1010238725928,99.79118617244669,97.7198286429263,101.79142068746728,88.97830216439411,105.86936624189133,90.97951793847194,98.83331627261555,105.39546567353106,101.8495632758916,31.977704072118932
2220,1799.9083847083275,2527.1322332012346,0.7304739704801182,0.21982175697653425,0.23697652369448982,49,0.0,0.013620566423245517,1.3999042041205194,-0.365245794471864,1799.9083847083275,2527.1322332012346,1003.6340852202471,0.0,0.0,79.08176510413745,-48.66053581163068,81.78587493755417,94.76666831045264,82.58777948411083,93.02592917274333,85.56053231517859,84.17388353084445,86.82471035881741,93.8800458178779,88.06310077838636,77.19105180509197,106.05715778832858,29.717350920860802
2221,2255.8186560252184,2526.9620591703206,0.5903847678150733,-0.19989227796794884,0.03218467410345491,49,0.0,0.011955772836259338,1.2985865678903143,-0.2836772659373949,2255.8186560252184,2526.9620591703206,875.4496638301209,0.0,0.0,78.7941816280821,-48.65993567634331,62.22530810591908,76.97706111405205,69.26477540944131,80.93057778363391,67.57917916930529,90.42446279051072,85.79851445050592,71.8369899323065,78.4355839330496,81.03193628548813,86.01470070141933,24.930574154489122
2222,945.500462176633,2527.7564293310847,0.4699338108287449,-0.0013935275539657982,-0.12799886254498152,49,0.0,0.04227147626415886,6.254881421777436,-1.9905477021975493,945.500462176633,2527.7564293310847,1601.7431347329748,0.0,0.0,79.62071922858003,-48.659605432519605,130.39537299558552,164.34363976032523,150.3465054089255,132.6194449576211,133.9849913493045,143.65323863170389,151.55447873286607,142.06315427040118,138.40559323384406,131.58559380895053,136.62625269278868,46.164868890658624
2223,2561.049288632481,2528.033261922494,0.7170485599527133,-0.19559004884775047,0.07433932316485224,49,0.0,0.011317242317256284,1.0193924699829064,-0.020853553078381406,2561.049288632481,2528.033261922494,1058.983091079263,0.0,0.0,78.60166157006107,-48.6586401044205,69.90848433737902,97.64613246721993,89.81349881201572,87.62673012727217,103.30509546336101,107.96151154431774,105.47020006504255,92.4691830712112,79.94883715965065,81.22781453103443,112.63220630103493,30.97339719972348
2224,1219.259526521621,2529.9168162644396,0.6391747033320784,-0.12439271208944962,0.1985420096370659,49,0.0,0.02985721319222066,3.837759858059675,-1.4601944898453914,1219.259526521621,2529.9168162644396,1123.5022963992624,0.0,0.0,79.44803333866201,-48.65919381663713,73.47736512606612,106.28221810205002,85.65743171129057,103.34115974167898,113.33854891648905,86.63682737105651,106.60332144345816,104.75016869815661,104.12074228860857,108.97366867375483,104.79472764123274,25.526116685420376
2225,2686.7159667085016,2531.8800175195247,0.42324597565861777,-0.5280794108703623,-0.3838955455721739,49,0.0,0.03944175296013226,5.585910906450704,-1.867735011394295,2686.7159667085016,2531.8800175195247,1906.839287481218,0.0,1632.1876058408532,78.52242315147944,-48.65659460315166,156.24002481121187,170.53259016268714,182.47545999184769,167.6854701129028,182.82759717838346,163.016528611699,180.97281023699406,170.53676799812882,164.50767568179305,145.83631859902394,176.25436159379183,45.95368250275416
2226,1982.3278870104182,2533.446205740692,0.7239572861867718,0.3231499206321744,-0.04239004648641312,49,0.0,0.017266184444605762,1.8812862413733915,-0.6861371983273562,1982.3278870104182,2533.446205740692,934.8205609172819,0.0,0.0,78.96670807791523,-48.65772254635051,83.25743370004787,85.58165557092636,70.65682411660336,85.11147099464867,88.6922706970595,90.39775009319578,90.5314779947553,84.63096964156507,66.99690564396433,78.55138370919965,93.92326604408262,16.489152711233448
2227,1271.006360243043,2535.6607618240646,0.4484882019948696,0.021371182064438488,-0.07183384837871122,49,0.0,0.010625491383862254,1.341683038453303,-0.3191248236559923,1271.006360243043,2535.6607618240646,970.74736964867,0.0,0.0,79.4153825777865,-48.65686396300197,94.24106832890892,95.63191371257278,83.6789059796094,74.92246732701382,66.63129141458936,77.13925970231226,79.39095898763429,102.23027810149557,94.66687733556978,89.96865899689223,79.8520897344777,32.393600027593905
2228,1384.6244846501932,2535.2275003191935,0.6534247352777306,0.22250926041124708,-0.008606256834236752,49,0.0,0.014169761432548672,1.600031365674569,-0.5103212407114823,1384.6244846501932,2535.2275003191935,873.5991470052098,0.0,0.0,79.34371807843304,-48.657151171385436,70.54626521514184,76.50599981210522,60.69824880737626,81.60179722035318,71.62968122655926,89.66639220020488,68.61506092087684,74.85940381782942,89.90238132487168,88.84869024094107,77.60180593580161,23.12342028314855
2229,1106.9923329888022,2535.636580146079,0.5505354062161053,-0.14853558304843748,-0.18085456907983474,49,0.0,0.15490159333216635,23.181726832063745,-3.4128644597530817,1106.9923329888022,2535.636580146079,3532.459177321435,0.0,0.0,79.51883379931115,-48.65664162061817,292.18273931416104,305.97633564293466,316.5790456567954,317.7994435456071,335.4080240807467,301.1002847970034,318.4582382415868,311.80120707940137,333.1208187831653,335.0400381628574,277.2271792310032,87.76582278617322
2230,537.137064944714,2542.0599873791157,0.7701207084451757,-0.11852142694479074,0.193004416024089,49,0.0,0.015843045300428633,1.9563493418578137,-0.7286160214438846,537.137064944714,2542.0599873791157,1681.537421474597,0.0,257.6261506860179,79.8782117752299,-48.65243801689812,202.44684766146403,107.9933247716756,138.582739807276,110.9594328578439,43.58310393874886,174.47012802511085,161.10577831300438,53.12392812796526,501.5076479618195,28.702661643476304,133.9466671386863,25.11516122752618
2231,2257.300185976947,2541.9773259831877,0.6252540584319739,-0.107823174330424,-0.10623806047010802,49,0.0,0.013934639503273692,1.4713019170880768,-0.4192545021300971,2257.300185976947,2541.9773259831877,914.3650483101242,0.0,0.0,78.79329883925101,-48.65367642096673,91.69929223430574,73.22048053473645,74.76720726354608,81.36550151922654,65.59277864199117,85.18202699125231,69.57141441083661,97.69594459674079,83.44049429953225,85.48950810887109,85.477609280293,20.862790428792117
2232,715.726885704355,2544.370366164638,0.4539972497162876,-0.24321127164427211,-0.39725869414986303,49,0.0,0.0994009270236573,14.445944551936018,-2.8993648589227488,715.726885704355,2544.370366164638,3461.6733663051855,0.0,0.0,79.76557291460854,-48.652074390849386,299.2327334311467,309.35720370727563,271.38802720869853,291.9721304366834,298.36087515457336,309.36944804315385,306.99809198818474,320.00998643713785,302.6175169058904,346.23178820545513,327.7431448057363,78.39241998124956
2233,1231.3892608033614,2546.0407558596426,0.5348149544160509,-0.01952241532257089,-0.13112123622210445,49,0.0,0.17655776317605407,26.86526761899262,-3.5729779279022855,1231.3892608033614,2546.0407558596426,3929.9559864727407,0.0,0.0,79.44035095563542,-48.652491549183004,317.76526463137986,326.54905648585424,336.4517063686467,341.9896608437142,366.4277978805088,328.77851215733426,390.46639324392277,342.8873922068932,357.9134177619487,359.7883357122553,345.13255285398634,115.80589632629635
2234,1846.383823474214,2547.450428548051,0.2223019020511359,-0.3307613673073005,-0.3404204063148372,49,0.0,0.008116936668742076,1.3815021752024217,-0.3508789326457392,1846.383823474214,2547.450428548051,851.1209382753106,0.0,0.0,79.05247460412066,-48.65203468275295,77.0937004215906,74.68637764222048,76.1004840161054,91.8297329597825,80.38694609661081,70.8399571234489,61.38942983749534,57.415622922166676,69.39579814172787,74.51034701932231,89.97103326071253,27.501508834127126
2235,1602.7894852613617,2548.423627872205,0.34128530255763184,-0.29001562952028676,-0.12436435268242996,49,0.0,0.018898371460853894,1.0752980357462036,-0.078822131189102,1602.7894852613617,2548.423627872205,4675.280572043869,0.0,0.0,79.20610847814946,-48.6517332760107,410.3007491245319,397.0847448817897,382.3355337912741,406.1385019888967,427.0754572159083,406.5546470587028,439.78387653736684,416.69147188922375,428.12974581733204,433.127933126706,394.38181785467333,133.67609275746358
2236,573.2338256286026,2548.0500512562758,0.8780684267769368,-0.1605982235477706,0.19247968175640048,49,0.0,0.031992889795903735,3.698067723336773,-1.419937150509848,573.2338256286026,2548.0500512562758,1179.8346941526545,0.0,535.5461749968839,79.8554153861221,-48.65007234644735,75.724477615056,113.32156501370025,81.00847411572894,110.58981080956421,60.634388544365954,85.4258816537596,65.30086958223117,181.09418787955818,231.11763515936315,45.375592448085456,107.84581827489296,22.3959930563485
2237,997.2666510772107,2550.2796214928917,0.6576542268400526,-0.29671725995114623,-0.08150483423266752,49,0.0,0.034426830866995724,4.437993122796568,-1.6179665622626105,997.2666510772107,2550.2796214928917,1206.3960710853862,0.0,0.0,79.58799541823143,-48.650333573626035,100.91537404578494,94.16627933320044,111.03598509128841,94.47951195314857,90.92575811847178,100.08009740899762,94.37248744529778,118.06426850002023,119.39744267510952,131.70844582655144,119.12987212777792,32.12054855973758
2238,1069.6001643351021,2550.254674096554,0.4743845824065362,-0.1931623293608398,-0.15126288321321377,49,0.0,0.1363018645652218,21.889124758574322,-3.350570991388897,1069.6001643351021,2550.254674096554,3398.564651557261,0.0,0.0,79.54237780389083,-48.65048518565084,312.8290685103792,285.4520851734013,300.38567408563995,291.8823590679036,291.2974081897604,285.34176264298304,285.0843228589663,282.65731323182797,329.14621972204856,338.53048741448634,309.9187143482373,86.03923631162722
2239,1481.4225009648749,2549.3627718100097,0.3251416293734578,-0.032820483911660224,0.2180242354827319,49,0.0,0.00893271787968988,1.4307840204633426,-0.38893520284779043,1481.4225009648749,2549.3627718100097,799.9735836756349,0.0,0.0,79.28265303369155,-48.651317583709236,57.03303057126007,64.44850100791001,73.34106316779702,72.39596660392789,75.93497183914928,84.0063142285791,68.1404750079493,72.60156289407293,80.082609670034,61.26953335594456,71.6791931083844,19.040362220626406
2240,1670.4720747003619,2552.4656094582615,0.7255175004139124,-0.22208116122855445,-0.1967238807498576,49,0.0,0.019750094226880597,2.1128031969986436,-0.8121476133855389,1670.4720747003619,2552.4656094582615,1036.0516736658872,0.0,0.0,79.1634231026943,-48.65004077815692,96.20005151121559,96.41434492311161,109.6639561003048,74.94864075217261,81.73722923565116,86.00843904660837,88.89145831766135,93.3180488413103,106.84766911055787,93.11632190948035,88.06038413045482,20.845129787358303
2241,1758.0743174220265,2552.1030977151913,0.4387680211206484,-0.3010273307752618,-0.14233833646851327,49,0.0,0.01612479903828597,2.383716940391959,-0.9431367072380309,1758.0743174220265,2552.1030977151913,980.7133429633432,0.0,0.0,79.10817471780155,-48.65015750315046,80.39008844699109,93.34697736585235,90.41332465509953,84.14340323875447,82.88464610685334,75.788775219891,101.99127565336326,86.75577322804531,72.3718312625501,77.81278227354098,107.75382130576023,27.060644206641555
2242,1265.3676416148835,2552.802052680193,0.3937529700084921,-0.547819638610543,-0.6221079207004929,49,0.0,0.009711585806355238,1.162009456993472,-0.1630241564166907,1265.3676416148835,2552.802052680193,976.0472960202867,0.0,0.0,79.41890908025405,-48.64971569100587,90.85746035379142,92.81443022502856,92.79586992763474,81.55897160925568,82.74394050243146,76.50812544513298,95.49489253719936,79.21723686921261,79.67605059020056,83.07439618168888,94.40612103686574,26.899800741844732
2243,1222.7607831591388,2553.8459579763244,0.7545727916630289,-0.08459438052482303,0.17503076578337742,49,0.0,0.08361525716524264,9.557973132576587,-2.450914513466193,1222.7607831591388,2553.8459579763244,2199.394504975997,0.0,0.0,79.44577742509158,-48.6492284709234,189.9050890938239,183.30347845835684,181.46139906174017,181.59011291299632,180.6253385254243,189.32205901950817,219.47465531731808,183.47617248744064,224.7305496273371,214.55273136070167,196.27021445460423,54.68270465674502
2244,1970.867872211998,2556.4418270504966,0.5390920215412182,-0.4409185061244731,-0.2486217388281479,49,0.0,0.03001152567692269,4.1065747190609185,-1.5336993230408258,1970.867872211998,2556.4418270504966,1255.8991729043892,0.0,0.0,78.97398125122444,-48.648156412536245,104.53998017833723,106.79085861004077,103.19734214932782,114.77995611089001,111.1860998822857,103.45733925570363,97.7486387171712,111.7126280953214,111.55326157642517,111.21365441004622,137.44116101067118,42.27825290816888
2245,954.92649818646,2557.03100501686,0.8700261834336604,0.14596282343947312,-0.010283070361854376,49,0.0,0.025917920055359082,2.5294362899438276,-1.0075593627768742,954.92649818646,2557.03100501686,1012.1746688035903,0.0,0.0,79.6146744900682,-48.64742968510767,95.72621886576263,81.4974349933245,104.1914483268801,100.53467686885584,80.09162889288324,93.36344086567578,85.42387062681404,86.58483461639858,84.05501379655908,80.77522733530785,94.04404250640167,25.886831108726945
2246,1259.6056020513497,2557.825552469111,0.5671611930686536,-0.2609096984578242,-0.5810095665102701,49,0.0,0.009691881303629775,1.064380168688507,-0.0677419356740823,1259.6056020513497,2557.825552469111,932.7629842190893,0.0,0.0,79.42253399208121,-48.64761597650615,79.69097608530498,83.0624179582328,88.89671224422949,71.1086338079669,77.81784087294784,76.71147895961494,100.83902803362096,75.47859917662316,81.9298625285664,76.33685547782498,94.12306563414094,26.767513440015804
2247,1282.1190131509434,2560.2842996482163,0.3626580488151792,-0.06806922688224709,-0.5462865895535126,49,0.0,0.007978727709007276,1.298964297358255,-0.2839930361248624,1282.1190131509434,2560.2842996482163,852.0118215525783,0.0,0.0,79.40833215701846,-48.64661710261061,61.40183055281048,92.55341433571175,79.84036084818737,76.74156211383985,68.49497012287434,68.25544647765587,77.27411103991467,73.319376819886,74.91942095858774,84.00036857310488,73.0385850031509,22.172374706854548
2248,765.2753872006698,2560.8889293126454,0.2535346396519086,-0.2592333268229331,-0.8675333509703527,49,0.0,0.008995054690977089,1.080810526780187,-0.08437391484129128,765.2753872006698,2560.8889293126454,1034.3809033685309,0.0,0.0,79.73425249159668,-48.64533898978193,77.99347452707116,104.44483916914119,107.98133429509237,77.49151712012258,95.18989615051873,99.0358083919574,89.30272116066101,97.80464059205278,72.77814824090133,86.88529658169529,102.64723387886798,22.825993260448957
2249,2000.4967227311113,2560.924574942329,0.34352588886253776,0.28910664831344546,-0.38475437947885477,49,0.0,0.008125429208126339,1.168286279129687,-0.1688731904428754,2000.4967227311113,2560.924574942329,928.7711963640298,0.0,0.0,78.95530555387082,-48.64624942123343,93.45101550244435,76.77948820544665,56.73056419171771,76.03636943192183,85.41051617407595,83.92536454254424,86.29938934448722,86.16347101567894,86.82765381644357,97.29090389331611,82.40581613514897,17.450644110804298
2250,1233.303104350599,2562.6354759496935,0.4470865080368202,0.7991473398747829,0.10089723928341965,49,0.0,0.00871256883461788,1.0607840515122091,-0.06406745414045736,1233.303104350599,2562.6354759496935,915.8999882405,0.0,0.0,79.4391119596091,-48.645579898010766,84.51359149389249,92.92449411068333,77.12463618210128,70.57855808514064,79.15504167336039,78.68526475515878,83.30939758463622,92.12649615171851,75.53018701814761,72.09700973464342,87.43072513597356,22.4245863150437
2251,570.3031974380112,2563.6186521234595,0.7126028810715608,0.6217454767069489,-0.7985719458561347,49,0.0,0.009216356891531049,1.1270733956208312,-0.1298804961384066,570.3031974380112,2563.6186521234595,866.8790457336979,0.0,357.412207896073,79.85717940498968,-48.64357578333179,62.64410919278456,356.0665364706776,60.4162878110917,27.067725894769353,41.07257361533429,67.77389069047052,54.805425376334256,42.500463298567794,50.56550912814968,28.889239109192776,48.22262103196644,26.85466411435909
2252,924.8101158950809,2563.595879435807,0.5502201084308328,-0.005627824069601806,-0.1463124909036171,49,0.0,0.26606673950530835,37.94429337004529,-3.947866173618504,924.8101158950809,2563.595879435807,5997.731910484685,0.0,0.0,79.6336430355786,-48.64462603980614,463.70018571879723,534.7131067233258,524.291119600637,536.1723198988502,537.0883764137824,548.3829880041094,531.0938398059335,530.5812347558067,519.9842302108354,541.5660532669365,584.9491419553308,145.2093141303391
2253,2086.154410403715,2563.8887407011525,0.7671071419032272,-0.13060751003594434,-0.15414427382838858,49,0.0,0.05102240879721364,5.958238135499719,-1.9377946421567391,2086.154410403715,2563.8887407011525,1334.865130920349,0.0,0.0,78.90129638339477,-48.64488385741303,121.01935510119858,106.9960501503863,120.39483935282016,144.8646817572277,98.39785551780773,99.48145417119028,123.85875756854102,116.88966631865864,114.63555843470506,109.86834907705754,124.48336423539948,53.975199235356314
2254,552.865841232304,2566.969375171118,0.21318435418748216,0.4638660083870073,0.4663468844950769,49,0.0,0.005269433034839777,1.6248599712757172,-0.5270398497139728,552.865841232304,2566.969375171118,424.5022755574913,0.0,129.0661501756369,79.86815578132497,-48.64211745832454,38.88458992941675,14.496849929646782,39.613349912515226,26.90294755656418,4.159589128947836,43.46883877805594,102.6355038046602,20.93853788145271,15.111177908864736,62.818411257474494,24.362226618309553,31.110252851582892
2255,1445.0392644392427,2568.296013317253,0.4871963284224928,-0.7539172483589366,-0.001108413314634083,49,0.0,0.009721848456396526,1.1518552529286672,-0.15349476802181555,1445.0392644392427,2568.296013317253,892.1223768218974,0.0,0.0,79.30558398761025,-48.64341193249816,81.69527399833359,98.13039595974944,70.1808337721544,79.84399866692948,71.8585951216388,87.79658632064606,80.80050926788931,77.22666041046435,67.81622035595714,76.73222123528446,75.26021377269404,24.780867940156377
2256,1784.227151698792,2570.1898756070573,0.9515976684207996,0.003035049684537853,-0.2090890121755246,49,0.0,0.013454317434924288,1.0601820993766438,-0.06345116778964631,1784.227151698792,2570.1898756070573,996.3345250015296,0.0,0.0,79.09169831722043,-48.642606363526376,72.16990613661731,95.38651265689845,78.44527673638044,87.15333213093722,104.7279170095085,84.4079501521559,84.31439414470532,87.48356383674093,105.13199573806165,85.57651586427828,91.24843467691977,20.288725918325852
2257,1634.6144311742312,2572.192770462826,0.37235908835814646,-0.2447735400933406,0.7841178825979324,49,0.0,0.0268568812110937,1.602618415356747,-0.5120753220543911,1634.6144311742312,2572.192770462826,9454.745141262476,0.0,0.0,79.18604099142134,-48.64182795532807,782.2514600726121,829.5794145118691,828.3514923361001,784.0247827024004,877.439732152654,859.4960524015698,871.7478315823231,844.014428458207,833.1693643958322,827.7232444786773,851.5466848090061,265.4006533612227
2258,1610.255080197868,2572.0743870767474,0.46977558992862617,0.13146145174933105,-0.5944304102165852,49,0.0,10.353363827794661,1186.2180252408562,-7.685411297732502,1610.255080197868,2572.0743870767474,552993.0564635836,0.0,0.0,79.2014011966976,-48.6418791183118,47047.71908358684,49232.66580441313,48533.16392178081,48785.70320148574,49466.7270893197,49849.47903349108,49981.57350372043,49092.37098047537,49176.7246952281,49094.94425056307,47903.7799270698,14828.204972449625
2259,1649.653810403037,2572.1989391741313,0.5961845223178365,-0.2553020189229114,-0.03875126249404045,49,0.0,0.01344522744055697,1.2937501956044286,-0.2796260711569125,1649.653810403037,2572.1989391741313,1191.2956916371938,0.0,0.0,79.17655765294728,-48.64182323004312,105.05848011049963,99.58335221250478,111.63275228839711,99.4576942589601,122.44904073420528,100.61997738337962,107.15326801675272,86.67330102583509,114.36824189579502,120.07633507962224,94.88797761604977,29.335271015192543
2260,1591.761563718786,2574.3153579413092,0.5229536060108034,-0.37827941100948914,-0.20935930740006664,49,0.0,0.07496938743061743,2.6436310955247055,-1.0555021289667856,1591.761563718786,2574.3153579413092,17719.52728410239,0.0,0.0,79.21306251387709,-48.640945459530116,1413.8544198433956,1535.4904235099102,1553.1302322345969,1550.3694168059342,1588.7204826434324,1617.1954618822228,1601.4288709038615,1526.2450950139398,1656.7803772432417,1629.9280844255354,1558.4560272448716,487.9283923514463
2261,1980.940609764166,2574.287009680668,0.5359920209284769,-0.09948671389000763,-0.05762046960602385,49,0.0,0.36009270427294415,56.515510423253396,-4.380419135778758,1980.940609764166,2574.287009680668,6913.571995686878,0.0,0.0,78.96766457407455,-48.64070833383015,585.164025393491,578.0750259309357,593.5700733674778,627.373166181294,624.4974555884073,638.8447255363037,619.7503498703445,622.758561549851,670.7616613495202,592.1779653524407,603.5696587752684,157.02932679154497
2262,1745.7505800289255,2575.034241265737,0.5985417078778346,0.2558295369292682,0.06945066205542548,49,0.0,0.01696927950711306,1.8473367196072359,-0.666365157034784,1745.7505800289255,2575.034241265737,1077.5758537701581,0.0,0.0,79.11596440044549,-48.64060976522507,90.65692548703768,108.17502241899804,87.56970248361138,81.45994462297992,84.17475856562417,101.8262414183994,92.42944191254131,93.17379963560111,99.86177612523068,89.40749163201869,115.34895573536299,33.491793732752676
2263,1182.2480693172065,2576.981463527466,0.54713375682668,-0.16338343075562733,-0.16246820725188238,49,0.0,0.6120517977208625,92.94306019323892,-4.9205424193123,1182.2480693172065,2576.981463527466,11425.638094505019,0.0,0.0,79.4712761061274,-48.63953374445619,966.7133437992093,1004.2830456907518,987.4533049423778,999.5945871282083,1005.7926553385519,1031.656903590948,1032.9804913669063,1022.7256948512024,996.9432714708378,1004.1270937759812,1034.5801881950003,338.78751435504324
2264,2512.155871828152,2580.0466688464294,0.49695631767731824,-0.23429213870681975,-0.14601429707120347,49,0.0,0.0524169832150412,7.361635004412461,-2.1674357024658395,2512.155871828152,2580.0466688464294,1887.3024923488192,0.0,0.0,78.63274878550793,-48.6371276102367,163.64408928426548,161.5441723799586,148.42740022150036,156.35158700369377,183.7064092046307,168.53937756030336,171.650111690771,179.84423800528057,161.8176785710822,165.64279250933708,180.63267886640423,45.50195705159197
2265,1475.3157418660683,2581.6114665309683,0.5422434589503918,0.6677308389881668,-0.18486436606991935,49,0.0,0.013376492958297053,1.2802653420689056,-0.268249972271637,1475.3157418660683,2581.6114665309683,1466.9094486000406,0.0,0.0,79.28648331966457,-48.63787873429588,132.50842542399963,111.37722371220096,119.57643069016956,117.04376173611524,135.719668512897,118.87917244825704,131.1760363061745,142.11996448915676,134.1852670193549,146.24976303163947,136.2516562550116,41.82207897506387
2266,2107.551007362771,2581.1291210778973,0.5552215597114679,-0.27095369319826706,-0.15033842201949196,49,0.0,0.015339087664118517,1.8492497139134945,-0.6674889004670386,2107.551007362771,2581.1291210778973,1057.820778432216,0.0,0.0,78.88784967385268,-48.63766428035616,96.35537639993312,69.79132479958129,105.38798404123237,97.31484730783646,100.70052652012548,99.18499083321527,85.51669377622783,89.13505246247603,91.11491124150294,91.21676064101175,99.03060985799199,33.07170055108151
2267,2234.112480524413,2581.675239075115,0.34714649924552565,0.449747453237185,-0.06792880631777186,49,0.0,0.010107775843137058,1.4676705408147768,-0.4165714428255707,2234.112480524413,2581.675239075115,918.0784601790474,0.0,0.0,78.80805503307568,-48.63718835083356,85.38322002014519,90.65459384657667,83.15025441292201,83.91059618066853,73.16415562276815,79.20549089218778,93.21687191528196,70.79988449295871,75.14761740889566,84.5869846337554,70.14545702078887,28.713333732098477
2268,2096.9374795051713,2583.4957048818414,0.643330985319758,-0.1996509076597056,-0.1169459320611472,49,0.0,0.05967131023995507,7.76671749008971,-2.2255937705705997,2096.9374795051713,2583.4957048818414,1612.818477775566,0.0,0.0,78.89454767371735,-48.63669659470628,147.54949243498214,125.82685102599274,143.44181549823264,144.55767261431214,164.3337624400763,143.99771976446982,126.91665047608184,136.57009915362812,151.50622241423775,141.5835548042615,144.27885425148796,42.25578289780303
2269,1037.5466808603744,2584.3257280783773,0.46754756776933154,0.4097156261814606,-0.24266833671456967,49,0.0,0.015871610375774763,1.9347366025347128,-0.7165546199608297,1037.5466808603744,2584.3257280783773,1134.9383209482442,0.0,0.0,79.56249210657693,-48.63622953309512,102.57834598636111,99.57134942647048,114.23151210161333,86.93687725440597,94.99212099476435,83.5222774025992,108.22552306752411,115.29270421473655,89.03546956143094,108.98636834692209,101.94222911484673,29.62354347656923
2270,1450.8634502100217,2585.023076605762,0.2190205109144714,-0.8880694525183277,-0.3425887360251778,49,0.0,0.009751917135218134,1.055008854544486,-0.058140261557436734,1450.8634502100217,2585.023076605762,1613.6750916280541,0.0,0.0,79.30189821988463,-48.63644574167641,129.50054144699374,139.19713902232039,130.78273364063844,128.25017495006747,176.8027327098738,146.94419903595286,147.32173466616865,128.75968971822027,129.7895127888121,135.4858225166904,172.74270682181424,48.09810431050186
2271,829.6278842567987,2586.6689173988398,0.5470965765430156,0.24004852963301143,-0.154116279424811,49,0.0,0.015372903156373192,1.8244310040807807,-0.6528186099017365,829.6278842567987,2586.6689173988398,1050.264121215963,0.0,0.0,79.69356911679944,-48.63477614048222,81.71746108556789,83.09979583444937,81.32240387316838,82.56647659872753,90.544240252701,87.42710186679365,104.95258671291133,99.39715053963744,100.89386251400315,110.58696685065125,95.33345528675815,32.42261980059378
2272,1918.569792599709,2586.547026916076,0.2619288126071725,0.3626573638789096,0.023487465459230115,49,0.0,0.030534499854564513,5.582037261459405,-1.8669818279595476,1918.569792599709,2586.547026916076,1691.8483492198225,0.0,0.0,79.00701274527687,-48.63567525578582,136.0229616323791,148.63223388352355,139.33537891335195,144.65015818339813,148.45230722587075,140.87860099233686,152.45225644230825,155.32955832536948,158.74238617521667,150.46168115435495,165.78235912322293,51.10846716848985
2273,1623.7055837642279,2585.9030063799473,0.6420332139327257,-0.417651597821743,0.15318039775276776,49,0.0,0.06518786555275842,2.416301195542738,-0.95787767194348,1623.7055837642279,2585.9030063799473,23954.23830336373,0.0,0.0,79.19292142145206,-48.63611672258029,1938.911460053957,2117.665993264058,2084.3979595084093,2134.1662231136424,2100.5372694364814,2110.1279871000243,2181.2578377376285,2151.513781870098,2178.735985821027,2210.495269961444,2150.5798237951876,595.84871170177
2274,1592.857707222447,2586.665948578731,0.20265654841799444,-0.0694086289518526,-0.12625749647127113,49,0.0,0.04543036816257217,1.6852756717332726,-0.5666773786268854,1592.857707222447,2586.665948578731,14249.896493153938,0.0,0.0,79.21237083910252,-48.63579967237377,1144.5503116685181,1195.1410296757313,1285.4880946282415,1235.369860000906,1261.355365631949,1325.9845490008913,1265.778341270785,1283.0408703270377,1353.2266560174212,1266.6773415754672,1253.1388732507376,380.14520010625245
2275,1872.4741488527013,2589.76865169302,0.5646585219392506,-0.18476305851268865,-0.12466804768064162,49,0.0,0.8515897556183419,128.4877859821704,-5.272154614252747,1872.4741488527013,2589.76865169302,14847.054339442502,0.0,0.0,79.03607997155775,-48.6343797835182,1186.761876808324,1299.8884181120939,1305.7507372667055,1330.950821169667,1278.4229816165462,1314.4575715287765,1372.043458886204,1318.1714778136438,1383.9035326759838,1316.8131666763825,1359.0742853550178,380.81601153315677
2276,743.6637782607268,2591.1888199901487,0.6759960532151688,0.23445678267720854,-0.31839193602060023,49,0.0,0.013086966455248974,1.3607704394253448,-0.3344621658743471,743.6637782607268,2591.1888199901487,951.3363325282592,0.0,58.304487511516,79.74774411566513,-48.632652299517844,88.0913134489979,77.02453179291112,77.1051554404698,62.86792698643905,95.17196504492983,91.5706575264565,66.65775479621804,98.54748519545592,73.60309022839382,101.25643369779604,99.40546070549993,20.034557664691246
2277,1587.5802833038915,2590.716942205377,0.6297062382721057,0.04889821957195025,0.3282141268355036,49,0.0,0.0320268813779279,1.4261442275874636,-0.3854086210792013,1587.5802833038915,2590.716942205377,6260.253696469142,0.0,0.0,79.21569793596139,-48.63411165883982,486.0772315441183,535.7843267165789,583.1949631650567,558.7748439939459,515.9794321574993,578.0338833649586,565.0963394049666,602.4302085248723,586.555417598375,547.0609561686398,541.1403789158909,160.12571491423932
2278,1910.8522178933142,2590.4480230704335,0.20709056649130236,-0.5643808718966058,-0.33031196746288566,49,0.0,0.008037418985463759,1.2300113738149965,-0.2247728183591719,1910.8522178933142,2590.4480230704335,1319.0409539090351,0.0,0.0,79.01188490107113,-48.63405827860828,97.31972177411294,111.05108080290725,127.07880111770095,114.05017477283586,102.92838431185865,105.00583463135371,125.07419282665919,118.3385289156264,122.0865491767865,114.62031046670992,140.38468476452397,41.102690347959594
2279,1629.300537517437,2589.525263540476,0.29818329900923035,-0.5764080341732649,-0.5695775209792017,49,0.0,0.03204411559992129,1.5055922471224807,-0.4442684243461806,1629.300537517437,2589.525263540476,10264.42233562329,0.0,0.0,79.18939437499495,-48.63460702598668,811.4458420810557,921.5124976169207,943.9614154626014,906.6004474667944,900.6693611199674,881.4728522126379,941.4197659564018,924.2760826578831,945.0277818690781,946.9312051335447,864.9688823843647,276.1362016620416
2280,1798.2244244385606,2593.8422649823865,0.41917671541428353,0.5749289653189832,0.5390568270360327,49,0.0,0.010592305434462455,1.3308945856394525,-0.31035914565869555,1798.2244244385606,2593.8422649823865,934.6401486133166,0.0,0.0,79.08289649247294,-48.63274253814736,69.5587131899117,85.65394590527126,92.17193229184937,75.01868228143152,77.49388407465827,87.07177754754973,76.9054374805824,95.99735975130889,79.80327888875988,96.07054966997181,69.10656988932126,29.788017642700552
2281,1655.023381987811,2594.8593229884923,0.38763773029965654,0.11183987664685953,0.20747793095470352,49,0.0,0.008927596946864538,1.083676356039804,-0.08724899477522877,1655.023381987811,2594.8593229884923,1047.9905861769817,0.0,0.0,79.17317825183885,-48.63238092964671,89.20668975991762,99.07115576396059,89.26482638400027,102.390045159561,91.40060984929198,95.76845933557715,83.66580530653111,86.75633617998915,87.40244907938398,99.81329665702975,87.07705753669582,36.17385516504315
2282,2329.058597515094,2594.4344177987946,0.3725853589862428,0.14987180674405606,0.002320314242336354,49,0.0,0.018395898717085468,2.8878753999859743,-1.1514461281772628,2329.058597515094,2594.4344177987946,1142.2667525418533,0.0,0.0,78.74824189959914,-48.631649943515576,99.95418099471307,93.81452352962343,78.38097746116799,96.16243402617263,111.16801267143975,120.81069426106686,95.76508259911586,113.85799400286542,110.15428086846973,105.12710349764316,91.0642621441384,26.007206485436818
2283,618.0038883356943,2597.967836318125,0.5579686143091991,0.6506929929890767,0.0007062365325193474,49,0.0,0.016512278467258393,2.1043018919073924,-0.8077701141133192,618.0038883356943,2597.967836318125,1600.804954927833,0.0,646.2742478926982,79.82692561922478,-48.62943041540122,111.36928319945909,124.49110572434964,297.28422015697873,118.14049550843166,124.7238370510258,125.63965868818407,126.67483353011261,88.16717341962729,163.69319747354263,135.78519922724075,146.43028678167013,38.4056641672106
2284,1614.43978429971,2598.4982530637053,0.9956168696479953,-0.26203595343554753,-0.6280438806012489,49,0.0,0.05520561065276998,2.8510808803519554,-1.1375238442139453,1614.43978429971,2598.4982530637053,12836.148813295,0.0,0.0,79.19876438633733,-48.63086956832435,1100.9059320781578,1077.3669985005572,1140.2985098865129,1126.8545139894532,1104.9286804514754,1133.0604761550692,1157.412003405742,1184.7406264683018,1137.354438376728,1142.185814610868,1180.616347297202,350.4244720749329
2285,2149.295570184939,2599.771734665717,0.41957396392223756,-0.48498082755540395,-0.3543606730642092,49,0.0,0.015695801231126988,2.297360407199819,-0.9030728303688413,2149.295570184939,2599.771734665717,1028.7697776653586,0.0,0.0,78.86158336178555,-48.62982123111779,94.43465056191944,82.64526696905536,79.29938143914187,91.08672400791235,114.52925924868035,77.98782996483918,94.57930597179205,101.71168598169814,75.52212684980665,90.55624622634079,98.05429407968417,28.363006364488246
2286,2248.700377237043,2599.9360611022535,0.4501667044996613,0.03775894288140397,-0.021427493549416688,49,0.0,0.027310508556987457,4.185543346802758,-1.5543796099457385,2248.700377237043,2599.9360611022535,1199.366751769108,0.0,0.0,78.79891957921663,-48.62954809103628,92.87971186029226,119.54693129257159,103.2534694123825,109.02059136809119,112.5020822681945,100.28750251963729,93.07753086761682,100.10560616927827,108.8301591214122,109.39516556996267,122.29008564254622,28.177915677122538
2287,2571.8236383315852,2601.464802719125,0.4156316504775845,-0.3893466009807737,-0.037974819156746845,49,0.0,0.010403114832143835,1.3481168390865688,-0.3243188335613386,2571.8236383315852,2601.464802719125,994.7081324286196,0.0,389.556452951289,78.59523972412741,-48.62801105449194,83.78615929130096,111.71740434053224,77.55381892477105,91.28304847544115,77.51283997828853,86.84317591790935,80.95991194328727,103.30111214717154,79.03418969426181,91.21620369190192,85.27073754033538,26.229530483418355
2288,1604.291957985938,2603.0705525305916,0.6120079647407913,-0.08848538168064907,-0.09027585490328119,49,0.0,2.5517916585876823,365.5707972567069,-6.407428739694868,1604.291957985938,2603.0705525305916,44907.99369440478,0.0,0.0,79.20516196664087,-48.628964853893244,3722.509051102329,3948.0626318184836,3897.7438691850693,3983.8392295048716,3975.4554306102173,3916.211392952865,4143.703636848278,3961.2416062552475,4001.61867754779,4104.578889993365,4044.3485026441604,1208.6807759421104
2289,1541.9445491570214,2603.8310881992365,0.31966790395086925,0.25716481096283933,-0.3696865704940394,49,0.0,0.008897899498374828,1.339820393347517,-0.31761645970668817,1541.9445491570214,2603.8310881992365,915.7315534540741,0.0,0.0,79.24446588353915,-48.62864210777666,64.6051866431926,66.53959377195295,82.47229065860887,70.0741640724053,74.91448431272711,98.80336440500103,91.27320729471373,81.54004873598359,93.43363206338039,86.30274685709892,88.16663247759286,17.606202161416647
2290,2215.349617975157,2604.7101973055014,0.47732373522829663,0.2594321859135808,-0.4259739702497936,49,0.0,0.013633754763691013,1.3957848203156198,-0.3620461772497542,2215.349617975157,2604.7101973055014,1242.141511094097,0.0,0.0,78.81995899307628,-48.627631477716434,105.30066808967891,109.13493316138806,108.40188362937282,104.65561455172815,112.96870224762895,116.61174538963888,104.93723413211748,118.36106178902962,96.71023233256307,117.08690634947462,105.10638114326431,42.86614827821231
2291,1008.8212862530182,2606.0760117168884,0.3045543217465362,-0.23408674069313407,-0.06223890143943454,49,0.0,0.007998244533803812,1.3594151311400795,-0.3333802489554365,1008.8212862530182,2606.0760117168884,831.6155708741261,0.0,0.0,79.5805354252016,-48.62711051659104,83.1230336918116,58.92380325927782,75.65275444298484,64.34771476033006,77.3615299736776,85.52231676449856,61.81783238057883,77.03689011377118,76.07116317177719,76.74778666106167,71.85475917278292,23.15598648157385
2292,702.9452685615973,2608.8095110955333,0.5534969800578449,-0.07832095352454028,0.28445154768201425,49,0.0,0.012342114993294814,1.2198052030148714,-0.21572620371470058,702.9452685615973,2608.8095110955333,1155.9837965717345,0.0,783.3023507551832,79.77333058917598,-48.62518820229991,104.98971588149388,108.67362948240697,109.64912112518797,93.34888521428901,104.55490629823508,95.94187255390011,107.3299751075152,92.47352784444561,110.26065260586425,101.61366056273118,102.85686195184306,24.290987943822053
2293,2018.643957965346,2609.9416466443063,0.465074949658571,0.08304392729911517,-0.07118951861841484,49,0.0,0.012629895588613872,1.5840182827362528,-0.49940047477138594,2018.643957965346,2609.9416466443063,964.5443661887514,0.0,0.0,78.94396905730702,-48.625801352752354,73.8182467796249,91.54977531210307,84.55563249633784,77.24350995494099,96.00012480877143,87.52399467134798,89.09790176668045,87.77740842890974,76.01571060903045,99.60691620056464,74.53541138646116,26.819733773978776
2294,1113.6391546080808,2610.902466830654,0.7179330721066125,-0.16330569218868743,-0.2800749846587132,49,0.0,0.016652967963875057,1.74050700221275,-0.6016894370717982,1113.6391546080808,2610.902466830654,923.6889976083341,0.0,0.0,79.51444933024041,-48.62529407778456,92.19609136052026,81.03727041615132,89.14270285791144,77.67902203008245,74.40882325653129,76.50367405915884,96.27624758871707,78.16803855402199,83.1483244950486,82.06746115062509,78.6042890005891,14.457052838976656
2295,1224.5570593545485,2612.646149850942,0.6434315744214746,-0.04288623101717146,-0.14940479523368633,49,0.0,0.051138378566330925,6.543687761314559,-2.0395564208920822,1224.5570593545485,2612.646149850942,1493.8927784595621,0.0,0.0,79.44452876328305,-48.62473218419711,106.36673303531771,140.4221258181583,133.34655803922104,127.50715416516084,120.91483928812335,129.54930579561952,115.22325552279406,124.78659264518299,144.77144843709192,147.25986615744245,157.35345354628,46.39144600916985
2296,896.1589688563348,2613.589279826546,0.5295706743026314,-0.2240029089303132,0.27988126429506444,49,0.0,0.01178720022617323,1.3333689075179453,-0.3123758092694535,896.1589688563348,2613.589279826546,923.4333847848338,0.0,0.0,79.65152527083572,-48.62372911270528,82.63048091544943,74.73671545728855,79.52738760638435,78.55029902356341,97.66524519005016,84.64003614090507,63.67552267451844,77.61042241197859,80.69770643559862,91.26758405361313,74.6328818717538,37.799103003730224
2297,1067.7400450047774,2615.267290009553,0.45256612908157373,-0.09746683251144476,-0.15400105660693708,49,0.0,0.026585940198430445,4.063686480112183,-1.5223004851424193,1067.7400450047774,2615.267290009553,1221.009318403348,0.0,0.0,79.54336941276355,-48.623395041232314,90.13720996593926,94.25519048026504,117.92565355380424,111.26803069917527,106.14695686590679,104.94651645219395,95.98392423297271,113.01646751565488,104.34217442847472,131.26667213750878,118.2023594771108,33.51816259434149
2298,2439.0546467422764,2614.792400066769,0.5937006114816118,-0.3153646020332346,-0.25008836631984915,49,0.0,0.016672085147623757,1.6003964966782758,-0.510568980056954,2439.0546467422764,2614.792400066769,1257.1069782252875,0.0,0.0,78.67898937886093,-48.62287173849264,128.5963433165905,116.066017516351,112.99393729772646,101.39107319887725,116.80870322048375,102.72329090010705,101.78438980229822,108.52005932954269,125.737850221878,94.87510067654647,117.62127748400403,29.98893526088211
2299,1392.6286048639097,2617.275428486676,0.40363915140989687,-0.042108185986566855,-0.30630330533917255,49,0.0,0.022073923033470937,3.6343540063410185,-1.401068069340129,1392.6286048639097,2617.275428486676,1117.5023850454647,0.0,0.0,79.33858003379092,-48.62297218704844,93.4109185240707,98.1618533895688,101.0363107389716,88.42596854891106,103.79108695856013,100.61833143286603,109.00378119808238,98.01783211392258,93.24704232311464,101.31219434112415,92.02364343299698,38.45342204327575
2300,2291.8063240787124,2617.8792596141825,0.530726392707821,-0.45376130691642236,-0.5122351889693312,49,0.0,0.010969483344161401,1.2436331760110897,-0.23673074765747126,2291.8063240787124,2617.8792596141825,927.1900855629309,0.0,0.0,78.77181108682836,-48.62197305656525,102.24962551254417,75.50421008773489,79.70297892761252,69.56555007169894,86.54167777027612,66.8476897563325,83.55162232199334,85.87539946870633,80.05345960113641,98.52843379591695,67.39922631317826,31.370211935800544
2301,2464.6562023661054,2617.6792809226085,0.46959243766145337,0.1686490880621468,-0.03429692095670114,49,0.0,0.016851663263147604,2.1714078028733543,-0.8418534852893754,2464.6562023661054,2617.6792809226085,1194.0318147323255,0.0,0.0,78.66286606704533,-48.621594026586656,94.86716580527442,95.5964909468905,122.25698060829545,115.39457999317551,103.11926744809847,101.51684543306419,98.2996036102362,101.95176435243597,101.26811840554433,112.05365635470278,120.14823655655445,27.55910521805321
2302,626.0567159580373,2618.3440906172045,0.9216042864217604,-0.24130688917828266,0.3751935245956093,49,0.0,0.011247647941924493,1.1826457250389713,-0.18213666566205963,626.0567159580373,2618.3440906172045,768.4341553365854,0.0,362.183950837182,79.82174545297497,-48.620968363338,158.52027771103837,45.1656149345054,115.33967609510357,57.30860812491259,68.2470393898613,27.96764071503806,62.14025258912236,43.8004473029136,66.97775264733465,58.86991799095166,44.91743616450641,19.179491671297463
2303,1750.42175675238,2618.2899882312818,0.35229838545015,0.049155945296309796,-0.08294090202137577,49,0.0,0.008874820187118593,1.3232552247065095,-0.3041090435593161,1750.42175675238,2618.2899882312818,878.4257582571015,0.0,0.0,79.1130529609877,-48.622585135266895,70.61531860995129,83.98033070277684,71.49185249934793,80.74313219720747,75.28182416965981,70.22759015530784,77.48142098948114,73.07029238887775,85.27627141872242,83.48831728578568,81.93508280308664,24.834325036896672
2304,2113.6198007458815,2618.9290119488355,0.4593374250723903,-0.034460010179345225,-0.04350078504784848,49,0.0,0.015419799942314304,2.22613987020189,-0.8688811198400513,2113.6198007458815,2618.9290119488355,1005.366183397088,0.0,0.0,78.8841249021203,-48.62190475796655,83.19550777185526,82.58670054884907,87.00463323344826,79.70130476078165,99.26293573553673,92.34328178392515,70.62354922845489,107.83879572547298,82.11099020468828,96.2298003314784,97.54329495501787,26.925389117579456
2305,2684.606631342969,2618.962759949161,0.5610019403972742,0.1521215487601577,-0.514509257185369,49,0.0,0.012800036293473213,1.8837016241969071,-0.6875302806071697,2684.606631342969,2618.962759949161,982.7755040584082,0.0,585.6352430733868,78.52424819097709,-48.620322434230985,72.42040546633694,93.89428369892892,66.9215628515797,91.03548081193982,143.12932586776853,62.6042471543521,117.75771185550599,112.31444491661273,70.59617700315988,80.81822862745267,49.12932947538468,22.154306329386248
2306,1539.7273466742456,2620.345218369438,0.915568611462078,-0.2626817224114909,-0.19718223546368674,49,0.0,0.022241948402138566,2.1231813671593724,-0.8174677355235662,1539.7273466742456,2620.345218369438,973.7898959797052,0.0,0.0,79.24585835436996,-48.621761139021274,65.07125115146091,99.09018399540881,87.58359566137314,66.94320739533569,82.2173566794502,98.07502239137098,75.22522109275036,81.80209550212143,88.94451802699585,97.06159301371315,101.53846090179026,30.23739016793455
2307,1049.4529038859912,2621.767965977472,0.564882667702701,-0.07058397654259788,-0.21744754050060366,49,0.0,0.15194750786548608,20.895258565515856,-3.3001193740762313,1049.4529038859912,2621.767965977472,3785.494536253586,0.0,0.0,79.55487739115964,-48.620652539393824,327.9424271992484,325.5584761266907,352.53037697810566,302.15655309572935,327.6784559209163,337.9016047917865,365.79116682823496,337.9214949322153,358.289907392013,335.61356595022676,325.71177490652957,88.39873213188962
2308,1423.53551547281,2622.4630842709194,0.6773365344004348,-0.05484547791470334,-0.10627939645409261,49,0.0,0.020346671819905394,2.327358059041799,-0.9171580092519869,1423.53551547281,2622.4630842709194,996.9412654154265,0.0,0.0,79.31909372378757,-48.620831241821556,80.60371560279907,80.6782725749481,80.03771143840441,87.51370004965818,96.20860639053217,89.569954563825,87.5757023939245,82.70148496330246,88.20035652665172,98.14029915232587,99.16308153318285,26.54838022587213
2309,1548.9974543264618,2623.2761971413283,0.6240655046429381,0.07649669738778778,-0.012571885824112197,49,0.0,0.009716724994180009,1.0020518337282787,-0.002225467799961752,1548.9974543264618,2623.2761971413283,901.7490879661207,0.0,0.0,79.24001447712544,-48.62054175529684,67.56828183755246,90.21273458433762,81.57463318712053,59.72857283268516,92.31433591996895,93.74486396881855,70.33300998490029,91.64596775789894,71.79535837493883,83.41235311360904,76.18495867589698,23.234017728393283
2310,649.1480754905359,2635.188789647772,0.25348682512186504,0.10708339351814788,-0.3492986168516002,49,0.0,0.00958192899119729,2.3858921388079186,-0.9441270155829102,649.1480754905359,2635.188789647772,981.1861037907073,0.0,438.39316959123124,79.80710810568623,-48.61402698479534,65.10016207687474,38.144356050504584,66.67589447299525,53.18030677066457,186.53566122809804,137.17090498528225,79.60365032381077,36.56199991353334,108.3819527363527,48.775249155038836,136.80149592783718,24.25447014971494
2311,2447.8564412699307,2636.1870650681567,0.450613552782654,-0.46173295006635534,-0.2680587747279034,49,0.0,0.021373967665567248,2.8780074852445616,-1.147729797834146,2447.8564412699307,2636.1870650681567,1207.0435606387973,0.0,0.0,78.67353662008328,-48.61393266137975,112.57307959064958,117.59947638460642,120.19315575355881,94.03492903455486,95.51570117914761,116.25458087987565,100.0260470065133,114.90613802366366,104.23155351432999,84.74737386884635,117.42711400111997,29.534411401931074
2312,1064.5158193930035,2636.3634714022623,0.4732254877681923,-0.3727286246469544,0.04126099695494558,49,0.0,0.011494806908067902,1.4504918187449622,-0.4037882089516053,1064.5158193930035,2636.3634714022623,1038.1474270752149,0.0,0.0,79.54534249827259,-48.61459968212599,109.76233919988876,89.33219418251642,87.81602274490459,81.31731295911726,92.37986596862025,93.35394485579232,91.2621923891389,103.25800020919252,78.09729412213525,95.00555852382146,87.94306343078634,28.619638489300794
2313,1351.8333056896706,2644.0242528002213,0.5084132883633788,-0.01324984762783781,-0.41694570368219797,49,0.0,0.013227184580964774,1.644273094144218,-0.5399348758173079,1351.8333056896706,2644.0242528002213,937.3686854001746,0.0,0.0,79.36425959300044,-48.61179548107245,85.81752888357919,77.71308418036406,90.71319232654433,90.77821122770334,82.65275092450125,67.83917416807331,91.56216752777227,76.75300615677743,68.25481348356682,84.62841335755903,96.2384444031281,24.417898760605592
2314,1969.0950088493014,2644.5944133776284,0.5753409931873806,-0.3252546652591657,0.11248001886073279,49,0.0,0.00978936155851493,1.1077007064257995,-0.11105608169797178,1969.0950088493014,2644.5944133776284,836.3023944352896,0.0,0.0,78.97526950502086,-48.61143067120238,69.56721721113725,68.30226501037447,87.24765096600476,49.32848451762462,73.61089140392474,74.61205098533068,78.97021844375452,65.69552949150872,78.32064566526809,85.80479034723112,86.98893124797976,17.853719145150887
2315,785.5495602409009,2645.6509802258715,0.6105682853994011,-0.7725647439118745,-0.25773291291767975,49,0.0,0.010396374986911296,1.0232188831690856,-0.02492136576714614,785.5495602409009,2645.6509802258715,1159.5684094102971,0.0,512.2474552018309,79.72110628525934,-48.61008235786812,78.7337367932607,75.94203797227559,84.7454161642003,78.73215157705076,82.77577728871007,78.18637963262717,104.13847637344452,127.84219128280006,138.9724813294672,146.99806958686867,137.591844355156,24.909847054436256
2316,1832.2352648737367,2648.0746534978603,0.64389405226451,-0.5613754580538454,-0.4294762711869924,49,0.0,0.01703470577248266,1.7131170348289781,-0.5844675840690375,1832.2352648737367,2648.0746534978603,1048.7659706768034,0.0,0.0,79.06152015890639,-48.610121900078205,88.67609180839148,101.99439986984646,98.08157615437361,90.8218956223073,86.89345895532159,82.53664041799968,89.07244622603238,107.2713793249733,92.37374655587897,80.59243509953876,101.89016075495242,28.561739887187407
2317,2195.606920341297,2648.4099314129103,0.7518363664168493,0.14443076135221794,-0.11757803249839294,49,0.0,0.014514964792844367,1.5203954055214652,-0.4548913713494857,2195.606920341297,2648.4099314129103,895.3713677285969,0.0,0.0,78.8325403519109,-48.609465749734156,75.6504129644623,87.94476878822779,94.29552032837543,73.1614110460459,81.20778771420431,71.08034041873817,88.09063605161138,86.47603100096228,75.02783971103389,61.07607411501361,79.22912851510338,22.131417074818387
2318,1932.9689210679499,2648.9691026698556,0.6215069284368362,-0.03806786172738724,-0.09277494617581468,49,0.0,0.09085531500349399,12.570581987779434,-2.748388462359306,1932.9689210679499,2648.9691026698556,2125.0050575740743,0.0,0.0,78.99804301210125,-48.6096515399333,153.40172625386924,192.3999072324945,192.46733539878866,175.64537163471215,197.31733515055967,215.84035756449168,191.20550241205743,199.51419034472133,163.07747806572286,191.88460474791466,188.4440681512641,63.80718061747821
2319,2125.6880583362663,2657.02151012087,0.5571104450872713,-0.1807555659358753,-0.14385268854977398,49,0.0,2.8705016676605535,416.72532496805815,-6.549624734822571,2125.6880583362663,2657.02151012087,56092.672055295174,0.0,0.0,78.87662299079409,-48.606012505428055,4494.907764093043,4867.550866256667,4855.666590165669,5007.1279314877365,5073.0701762297795,5065.62170590683,5123.599405024701,5010.937290172254,5031.752569577929,5018.611030318982,5065.998762103264,1477.8279639583304
2320,1001.4674080325631,2660.3995931083828,0.7342335008801866,-0.10739127604577688,-0.4106951260108682,49,0.0,0.013532125995062743,1.2682674393048023,-0.2580271069862635,1001.4674080325631,2660.3995931083828,882.1392185288859,0.0,0.0,79.58500066101792,-48.604462402078305,76.75392131440395,78.01292062217306,83.16427124863947,81.47729024516757,81.15888493045702,89.33476631582093,69.13512692243854,76.11281134912733,71.65284271612026,75.05168191657773,70.278240265491,30.00646068246902
2321,1033.6454818863433,2664.041082812475,0.6006134894092334,0.15825211190213498,-0.1503272965921983,49,0.0,0.01249754545244265,1.2878351469710752,-0.27465068367955725,1033.6454818863433,2664.041082812475,1012.3035829816826,0.0,0.0,79.56471511356902,-48.603009710508246,95.92887826161424,86.57017007838009,80.12910778378371,94.7298766357425,86.03178565492999,83.69365673361872,103.4424728612963,78.12702220682682,96.59629113650603,82.94021760613545,98.87982915819917,25.234274864649514
2322,2109.597112162156,2664.379222599285,0.52284117596204,-0.14710897669842693,0.011046660600969253,49,0.0,0.021681147922632687,2.583862315642372,-1.0306734200279386,2109.597112162156,2664.379222599285,1765.9840824516682,0.0,0.0,78.8867815425216,-48.602975626507565,145.10278698083485,156.94852855588175,135.61494505497882,147.37854040611296,168.4159859455322,173.44729874998563,172.9067372721479,133.29447440950958,159.2956493224848,164.8159176533144,160.88953744928915,47.87368065159615
2323,2119.667920212228,2664.471349214291,0.4484530873030577,0.6288193416965824,-0.39456858566596986,49,0.0,0.029705476648821887,3.1195073392359096,-1.2352150293204331,2119.667920212228,2664.471349214291,16039.31356840895,0.0,0.0,78.88043653465819,-48.602919447165675,1297.4653041587528,1355.8684485578458,1427.580012701036,1434.556696817544,1545.056173089468,1466.8142966490252,1422.5691453507188,1402.4667095898474,1415.4889006653625,1425.179269256231,1399.3512746186188,446.9173369544994
2324,1862.6637054221833,2665.9678075444217,0.7200056192664173,0.07780054512180186,0.014932430083506299,49,0.0,0.019622549400654627,1.83389119913311,-0.6584339158244307,1862.6637054221833,2665.9678075444217,1118.702551253214,0.0,0.0,79.04236976343361,-48.60264105665439,95.01259804301989,99.28370764923571,95.7581347401156,105.190838421308,93.5232920241225,103.8904442433529,91.30666303552674,94.72051583363418,94.44094579505605,101.03335963972059,108.71733200982396,35.82471981829807
2325,2417.645394429168,2665.904271136305,0.2631934973264259,-0.644317470542781,-0.22060218428637812,49,0.0,0.01385526192735697,2.361785811656466,-0.9331012731667008,2417.645394429168,2665.904271136305,1087.993147490968,0.0,0.0,78.69270209346162,-48.60163816911402,81.65891725055712,88.19717525751703,90.68894561274111,90.85125541745187,99.07076306835378,98.81391982812403,91.10702704049044,99.11543121573445,94.7983071059511,114.34851050059444,103.37257158054123,35.9703236129113
2326,2222.7831587946207,2668.4833229451956,0.7089956613499798,-0.22670833886044045,-0.04674131598866321,49,0.0,0.057371970684006034,6.624711026251352,-2.05291734711019,2222.7831587946207,2668.4833229451956,1706.359372791184,0.0,0.0,78.81548089127794,-48.60104566023743,148.11347000962564,129.7736020728755,162.2454460084449,126.797575935906,140.9239464829093,149.70339245989211,142.1393112628956,171.02546431402735,167.49564923567183,160.31646714292557,158.81861291495076,49.006434951059155
2327,1303.0350555206105,2668.778803759587,0.6733149737163785,-0.17861702754807524,-0.0681165243967929,49,0.0,0.04221208949400173,5.424501304097586,-1.8358995448572561,1303.0350555206105,2668.778803759587,1263.9923464087346,0.0,0.0,79.39497299987246,-48.60143593453799,101.13740925132666,117.48612841010367,88.60031987555442,112.25707896016033,108.1234946797247,104.9518229705419,114.13234249754886,111.29065702422088,139.24960510698668,101.82489110184085,116.8575382924809,48.08105823824477
2328,1589.220314436358,2668.8977413454368,0.5925017125628941,-0.7016572289426449,-0.3031675848500851,49,0.0,0.009666036288527045,1.0877017084631058,-0.09127452670903514,1589.220314436358,2668.8977413454368,797.9775105410806,0.0,0.0,79.21465932751386,-48.60153822037664,66.38184197240841,66.858777485822,59.70302620780825,73.02086564239373,58.4383691884598,65.97752615142078,89.00763184823754,79.76359273587077,70.8969220911252,74.82566507795163,75.18723703549719,17.916055104085324
2329,1076.2628274407114,2670.63610426448,0.7821664286504016,-0.498273803322152,-0.5420263235845729,49,0.0,0.01417604310330346,1.249400408101441,-0.2417541086675856,1076.2628274407114,2670.63610426448,949.4078626193968,0.0,0.0,79.53784538092751,-48.6003419071203,83.48343931085155,90.2450084727594,67.55763620936088,94.85172126562134,70.56589825057694,92.06507321264691,74.78973824733566,79.06239752067336,81.17853093223749,107.48966452532972,88.78644961063392,19.33230506136968
2330,1822.2114592693638,2671.6441993527096,0.4082844208739424,0.42615811375924684,-0.3481265936173898,49,0.0,0.010675523569759239,1.4994754277535338,-0.4398483831773665,1822.2114592693638,2671.6441993527096,930.7576563035836,0.0,0.0,79.06786416888033,-48.600309681472126,88.29899135517557,84.21500190888183,82.10966571185969,86.20656919861429,89.93030552121834,82.07041975076976,75.17404505310252,77.01890206142167,74.81289929395058,83.63535638331393,87.62076425021073,19.66473581506471
2331,1424.7272184659141,2672.8238248899797,0.5895475183057952,-0.5239883938545679,-0.2523872882765015,49,0.0,0.010501696387184787,1.094582935205381,-0.09812168277606349,1424.7272184659141,2672.8238248899797,863.6154948609544,0.0,0.0,79.31829625470873,-48.599849579249955,68.25413903901955,76.06266808699496,82.73552831676905,72.55610262887245,88.41994553765909,62.21086938580201,62.942448660800444,87.99112759175068,81.26387677682867,80.39719259886161,70.33546294210616,30.446133295489727
2332,1842.0488536232037,2672.983472260696,0.4496846442127184,-0.2778465787947767,-0.2691322463802383,49,0.0,0.008974875640083537,1.1990879437384976,-0.197127590940859,1842.0488536232037,2672.983472260696,816.9124439839832,0.0,0.0,79.05536746028622,-48.59973589520444,65.28665609778714,69.6888521627427,76.31235113906709,70.7572747687552,73.77569023339991,74.39726437337696,74.61602274003947,73.79305210264762,71.7898152427295,77.04359817012914,75.63893010364154,13.812936849666885
2333,1215.343132780164,2674.1903700068165,0.5801452019553148,-0.5595977831577694,-0.5665937310189708,49,0.0,0.014116090981630573,1.558935588872888,-0.48207042912835235,1215.343132780164,2674.1903700068165,990.3034550875706,0.0,0.0,79.45021262190176,-48.59907840540226,85.13401543555801,72.29503030522875,76.6307077908516,93.53704392329487,84.5555463138509,91.98585363716646,82.95647055203696,105.97168358387358,100.87570565294189,79.98835756900658,97.39607712058952,18.976963203171493
2334,2237.2529452962417,2673.772154014428,0.5546172796035286,-0.21309216602579836,-0.47070737895333453,49,0.0,0.013669865274407864,1.539374030031467,-0.46836038882946185,2237.2529452962417,2673.772154014428,985.5740184124563,0.0,0.0,78.80638207009001,-48.598810862829154,80.85097707583542,65.32767829976754,90.55051363258497,100.90825440713601,71.92536026181108,96.19693750907567,89.49094314020695,90.83695420928689,81.95905577868035,89.31658850516465,99.54958976346771,28.66116582943909
2335,753.0051565929504,2676.5271958388103,0.6386011863163846,0.13613790209521864,0.15018811829635142,49,0.0,0.013321807142688562,1.1411944042406414,-0.14339908365132448,753.0051565929504,2676.5271958388103,1772.9212657983203,0.0,1588.9582297276868,79.74147655496688,-48.59712559691164,253.15888686546782,179.44327311593827,161.30079409999306,157.2627615774669,137.15686169753138,168.87249670632315,159.6392322381436,130.54398934261314,119.36821431067213,147.34559834504597,132.2118810681319,26.617276430993137
2336,2351.8816364979543,2680.327459200259,0.313752542674718,-0.5833858654865458,-0.14383414962524832,49,0.0,0.06424313998277126,11.546108298202707,-2.6560890667561883,2351.8816364979543,2680.327459200259,2513.8977063055127,0.0,0.0,78.73419191675346,-48.59580633901803,233.87705871791132,222.59327069856704,225.7483266034104,183.7668659119537,221.04518088100295,211.37514632298087,249.83546747921451,264.3168690779829,214.673501184357,211.35017425345205,214.33451563832614,60.98132953635354
2337,2394.9527285597806,2680.070007818291,0.8746870810412445,-0.31689062325177686,-0.005103244394132124,49,0.0,0.026837070777566793,2.430886442368979,-0.9644116786751509,2394.9527285597806,2680.070007818291,1203.2607869363248,0.0,0.0,78.70705796968848,-48.595799209830815,111.09118817926316,93.93718953736936,113.1735503622692,109.39060865182337,115.10800852024826,104.79142286007647,103.26168695673672,99.04153915143176,110.35331504711186,95.71118146473313,114.77113922659217,32.629956978669334
2338,1113.0764011344863,2682.9007378420974,0.398871147175969,0.005942080150807248,-0.41037016135367366,49,0.0,0.010736237433164993,1.34297771589174,-0.3201720161365246,1113.0764011344863,2682.9007378420974,1114.1264202821421,0.0,0.0,79.51462036180948,-48.59529602726857,97.21081279044066,128.48403095266798,102.16121608324912,77.83624588050287,96.25682430514922,96.03884893992966,112.62597682115009,82.76795038810772,87.54969402663028,101.27381553857367,106.32588499555499,25.59511956018607
2339,1959.8279688048503,2682.3713613095374,0.2621146050586401,-0.6043282656730954,-0.018280833294149878,49,0.0,0.008963245463460598,1.4833105730704965,-0.4280802309918371,1959.8279688048503,2682.3713613095374,916.0916131114402,0.0,0.0,78.98118042646604,-48.59570293693271,88.54875138607466,79.6895115279183,80.27327755946638,71.6480635383729,72.76709556427225,72.59815862746619,79.63895495212645,88.41823449546851,74.71207154104133,88.3747526817578,99.14426645383713,20.278474783638295
2340,2010.9009623612012,2683.1985942918236,0.7132259986904833,-0.23447606377490848,-0.1303273257899521,49,0.0,0.04666716143774232,5.614456434405654,-1.8732692906453878,2010.9009623612012,2683.1985942918236,1396.7078146738813,0.0,0.0,78.94900728123518,-48.59529073896201,119.42431515637867,125.74850279655428,135.4754270773464,109.65625969914575,126.92910469705491,115.23783212964798,118.91886527843309,130.04077198674173,126.84209332801558,133.30472627555451,117.3708430688674,37.759073180141115
2341,1116.984238266342,2684.064951465941,0.22611386599678204,0.4381827073025132,0.0402324199836722,49,0.0,0.007983289727855855,1.0210585764671012,-0.02262664392126182,1116.984238266342,2684.064951465941,1123.156118713891,0.0,0.0,79.51215559789698,-48.59481749406693,100.14003695496808,112.1343178665387,105.32020429067612,89.97455911322064,95.62683448031798,92.60671228909158,119.55239739330474,72.21382482570945,90.86601622957566,101.29037072760576,112.12543909117878,31.305405451703628
2342,1794.2170589895172,2685.186358331049,0.5124411746369901,-0.059175802036286806,-0.033611984699497006,49,0.0,0.04536982155689232,6.636507442870054,-2.054848964482661,1794.2170589895172,2685.186358331049,1517.78863676249,0.0,0.0,79.08551557788309,-48.59468745914341,125.03981189552721,128.70408520655073,134.73912758809593,132.801038408794,133.80343306052208,142.40884388702142,124.79405161639167,143.88506213473897,155.11869923825338,117.05719501237527,141.95944480808117,37.477843906138126
2343,1543.2542784692723,2686.322790093273,0.6503214926663602,0.10365482172423042,-0.05759175679567626,49,0.0,0.013188418805897734,1.3855617617260245,-0.3540647233089442,1543.2542784692723,2686.322790093273,964.5288337337431,0.0,0.0,79.24361550804609,-48.594272817396686,79.89622436237445,75.32524912328498,87.21043430860088,80.21917978465987,93.48457548701136,74.98821917389202,83.16827227534827,85.67986594609707,83.21264654930977,101.14469884940978,95.77072837541203,24.428739498342708
2344,2163.708091587717,2687.523047473909,0.5334408439485927,-0.2363935152830158,-0.04691917524145151,49,0.0,0.2758594893728796,40.0954951843135,-4.007738953589462,2163.708091587717,2687.523047473909,6302.981431821101,0.0,0.0,78.85275643142157,-48.59323342742149,515.9589742539098,568.128633396904,532.915773318819,576.5569620820615,541.5117267696977,586.4199442130376,587.0262594300314,549.2996053095417,537.9729050124231,553.3686243462173,564.6601524467994,189.1618712416576
2345,1189.838407366523,2688.7446827339613,0.7634849238240954,-0.0351001738403713,-0.6531105313775892,49,0.0,0.013973901673907206,1.3620172552232994,-0.33545652408287296,1189.838407366523,2688.7446827339613,909.6066827437371,0.0,0.0,79.46624987090294,-48.592979668845665,89.87554752338282,95.41337190661994,55.946711182526506,79.3599166228634,82.48068997802412,66.38733106117425,64.10359133511558,89.00297455297382,90.6316116806924,90.4356861624604,83.69900344618367,22.270247291720267
2346,2086.504533312257,2688.623406000662,0.48753072321187485,-0.019469243400278207,-0.07977732955235334,49,0.0,4.731418717334849,708.7624292345552,-7.126251719966343,2086.504533312257,2688.623406000662,111700.55361239667,0.0,0.0,78.90139303178826,-48.5929141382876,9049.51777105854,9661.027634913597,9818.68325471352,9918.14705060597,10005.729339799367,9969.943494711895,9989.62116278008,10082.20190311128,9938.7462073559,10104.909912328145,10214.84061744167,2947.1852635767127
2347,1226.8990181660795,2689.772844991693,0.6679933133749554,-9.184007776800094e-05,-0.4403370227340236,49,0.0,0.014969634739302358,1.4808004596744557,-0.4262413513996135,1226.8990181660795,2689.772844991693,1081.7570941396757,0.0,0.0,79.44290170055814,-48.59260123058832,87.67952532888634,94.5928385043,86.15813001775817,72.29913758986334,103.94836663830198,101.06651904708909,100.23059527834978,100.88773644607632,96.43433658806708,102.35737446383771,112.18251089289058,23.92002334425549
2348,1974.0117318667888,2691.168141817136,0.6700812080871371,-0.26229502676492794,0.07040310451844775,49,0.0,0.012405152616473673,1.3768579323754881,-0.3472228274607354,1974.0117318667888,2691.168141817136,816.0962144220736,0.0,0.0,78.97226212407095,-48.59202001292642,66.24369355793652,91.94356733804739,56.7625667530166,61.35352685908725,68.30213030596269,70.06231543674483,63.56623550182486,79.12297593351691,72.57241396868847,87.55215113471635,77.6236714066768,20.990966225854894
2349,1246.4258799074487,2693.0933214368447,0.5379483059058244,-0.08243467343782486,-0.17455812927375278,49,0.0,0.08608457679588756,12.423166948931074,-2.7355808038367853,1246.4258799074487,2693.0933214368447,2407.2087032108802,0.0,0.0,79.43059476732977,-48.591242206554305,186.00883360722582,218.42191302807595,201.68607434645696,209.02394022703703,225.1565899495186,236.3272745814953,188.14290319557747,218.9904249569313,230.36587685595725,196.09300984604468,229.39634056531466,67.59552205124527
2350,2331.6233772034034,2693.5603904489813,0.8670028813076192,-0.4023222283933193,0.04753477579576186,49,0.0,0.013805911201573111,1.167745649755939,-0.1683706451757022,2331.6233772034034,2693.5603904489813,959.5179823129018,0.0,0.0,78.74700440337091,-48.59034474012959,85.56213528463731,98.8970591660234,81.86851364582537,70.24186732326362,77.18282859921581,86.18323924578226,69.51050659897783,84.90318820815097,94.41850552561533,76.7466477306817,97.68875342448177,36.314737560246535
2351,2578.6764310252033,2693.7836837484338,0.5417814188151534,0.08505374776607164,0.15506416679649856,49,0.0,0.026358419353425526,2.6586449017352565,-1.0616508381433603,2578.6764310252033,2693.7836837484338,1764.95236658664,0.0,1446.0614714981978,78.5913927757179,-48.5895263502562,162.73345540625485,146.0683918804141,147.03881122416163,156.83400956936651,153.2318472338618,140.4570514934778,209.92695325054916,160.5235009045799,142.69119531936758,146.08986695789525,148.46707904767544,50.8902042990359
2352,2656.3640852522863,2697.3444678892706,0.6493980460956026,0.8458783113668067,-0.2670087204700466,49,0.0,0.01051760789640645,1.3402248544491229,-0.31794416914750795,2656.3640852522863,2697.3444678892706,623.2938907729006,0.0,90.25262887316916,78.54248071607348,-48.58777146467062,0.0,11.155209231333574,170.22349142474903,0.03697639962535167,33.04698609880993,43.751937222685186,62.22223451975938,65.91287116780506,27.93991730237494,122.34365862000153,68.02762467200034,18.63298411375623
2353,2320.33556379482,2697.970670496345,0.41358594709651636,-0.08515517129359729,-0.1663697124023134,49,0.0,0.009162751101824636,1.0205431026188654,-0.022078379646931004,2320.33556379482,2697.970670496345,956.5197820715134,0.0,0.0,78.75413110883727,-48.588535431412886,87.62431500739805,91.12825732208991,86.16524890778373,102.17490422403958,88.28186218268146,82.32167979252814,71.50744421539422,84.45470416212109,83.99348703850325,80.82437392892092,79.79707533813281,18.246429951920256
2354,1828.4881470582445,2701.429933070488,0.9789305847133177,0.5961762949512996,0.21621906705602695,49,0.0,0.02116968120802116,1.8143656152237457,-0.6468120170012642,1828.4881470582445,2701.429933070488,1271.0883793241358,0.0,0.0,79.06394511128,-48.58789492215967,105.85028414552943,104.26427341267845,105.02777400349731,121.48139019654698,121.28549959144996,106.9060649882347,108.76962653013351,117.17637584746629,121.55900464919802,105.2026266814884,119.42795013411543,34.137509143797146
2355,1831.400685627176,2706.7106462893594,0.7290046242167665,0.06029502245885823,0.044616276068548656,49,0.0,0.01860129194129524,1.6233962335471452,-0.5260613350565442,1831.400685627176,2706.7106462893594,1301.511251183337,0.0,0.0,79.06211691844355,-48.5856924781661,110.26094892424297,110.38007043510065,114.39682218454976,121.60646648334841,116.6547215636175,106.68525742908469,116.27380980861008,124.76186313095008,119.78489905734705,103.91755709606016,117.34306084731571,39.44577422310991
2356,1302.0596476177936,2708.550400573603,0.5091720071728562,-0.04958680342354547,0.02996944447133921,49,0.0,0.06944798285401893,10.589749752969663,-2.5622142434725603,1302.0596476177936,2708.550400573603,2015.9266017703744,0.0,0.0,79.39552547153308,-48.584864564697035,175.86058133912394,186.83762098338713,170.08323428360674,184.1692618629244,191.87668309189195,168.70095012980596,166.8527030413777,180.11995359789114,150.17676657711382,215.51403823116385,168.46550666877633,57.26930196331139
2357,1538.542181283239,2712.206811357784,0.5039638555742738,0.08265268873492435,0.07881851662340336,49,0.0,0.025443139085895905,3.419111835962185,-1.3347832659918601,1538.542181283239,2712.206811357784,1193.3513241219514,0.0,0.0,79.24657559798818,-48.583487534626066,93.2577011584552,110.63433048179856,102.320691234422,111.77777911364564,128.14232069875328,108.21620593995652,105.16585423961406,109.55623441837389,93.40153631698371,101.10197439343813,101.65429097615763,28.12240515035284
2358,800.768238970743,2713.008218516449,0.41195928197330134,-0.34772744826873375,-0.4864187073821113,49,0.0,0.015119447851396762,1.7795527664054698,-0.6257771750319783,800.768238970743,2713.008218516449,1271.8281863276527,0.0,1139.0558889163638,79.71123468906904,-48.582061903133365,117.6014272880973,109.22181123315931,106.82530667827724,94.06152750997398,119.89120201054729,122.07673949323335,101.89734181779353,109.84933493518926,126.55248077440594,105.22460499855939,131.03840737089294,27.588002217523293
2359,2006.1233815934963,2713.516494221269,0.748226934433957,-0.2389416699329201,0.2983557512507243,49,0.0,0.009803032129346967,1.0722381753738306,-0.07572816386156758,2006.1233815934963,2713.516494221269,762.7130884240801,0.0,0.0,78.95208134798968,-48.58266591058033,83.83733927999947,62.26714173911043,70.38026661135923,57.56756966462677,65.33573763056569,66.73879916659746,64.86771199672208,72.6531604821171,63.302087053354924,66.71089018483472,65.43139537915843,23.620989235633722
2360,2094.9874300680813,2717.4196288576513,0.8937455380176069,0.010601864803070451,-0.08125290329322285,49,0.0,0.028813325628364122,2.2501162408922504,-0.8805123858051668,2094.9874300680813,2717.4196288576513,1748.6424798875937,0.0,0.0,78.89612378714335,-48.580902373434554,145.76786784047806,149.26545024970665,158.66646400545397,127.63428398642331,155.55448597348837,158.54269639577757,168.17544667164424,148.75934375941887,145.738752540376,180.81536779842165,171.90249396699323,37.819826699411635
2361,813.602178247766,2719.313358486558,0.6854674023801872,-0.315934349706145,-0.425576763372958,49,0.0,0.016126759503535367,1.6481750309829222,-0.5425083262814232,813.602178247766,2719.313358486558,1076.2396634390025,0.0,964.1544048672401,79.70312616106196,-48.579470000832615,88.0117934894354,98.03011160711894,90.45284491216586,92.8630022227523,104.06335898933511,103.37915751843025,78.08640462251081,97.3442261235075,108.88476721287407,104.05763951240846,85.60659291066585,25.4597643177981
2362,2335.765664839228,2718.51523953816,0.561470368254525,0.17113872434828098,0.16083597385269444,49,0.0,0.0240358787095844,2.256673806653024,-0.8836719701261535,2335.765664839228,2718.51523953816,1600.6585118571445,0.0,0.0,78.74449116100928,-48.579937466860216,134.642609971426,138.60181857461,126.93502525364859,154.9958558276502,142.92910696384746,140.796681085073,130.84140960990857,138.0896891948483,151.3902808225348,147.45303167272465,148.06703242541715,45.91597045545577
2363,1112.7344065005125,2719.7566488259586,0.4529642487765251,-0.3513494393726903,-0.40000741350341673,49,0.0,0.01162331101095913,1.3494245069310518,-0.3253714828086713,1112.7344065005125,2719.7566488259586,1174.3952223608385,0.0,0.0,79.51474179203923,-48.57994003141577,101.19319562017982,99.52449280324205,103.30536870781347,91.6024860416095,93.38294194563777,113.33831829563415,105.0169461572309,99.31499582264014,101.22509653714744,107.70876294900535,114.9599480711289,43.822669409568825
2364,745.7914240770313,2724.5548844379405,0.5338557345124147,-0.3664302065916894,-0.768836693037664,49,0.0,0.049331843792527905,6.121420723126195,-1.9671305735857845,745.7914240770313,2724.5548844379405,2447.559959646079,0.0,1270.655015047675,79.74580628932448,-48.57709513373441,176.42211113684397,239.8897971181006,201.9639073115669,212.7737743933866,516.9480746916234,140.20820449768308,174.25003766916393,201.74998513294133,185.74773627597585,175.22329056134402,166.16278829472992,56.22025256271904
2365,1118.4612425730434,2727.474400257569,0.39991288366867855,-0.2691581180145194,-0.04805758295522133,49,0.0,0.020700367786684843,2.890788827033852,-1.15254091872731,1118.4612425730434,2727.474400257569,1410.6678320564474,0.0,0.0,79.51111571325518,-48.57673409844947,111.15317567245611,121.14131935767969,121.62548623602275,111.84699882749761,111.78052081585264,106.42389994794007,137.18161071752655,141.13878623590335,117.05818244849486,132.50363168752517,155.4823693384638,43.33185077108476
2366,2275.2701930224084,2731.146765545495,0.5444573171039485,-0.6767484357393513,0.36745588517720873,49,0.0,0.0136411006952135,1.4290334989623985,-0.38760602376888487,2275.2701930224084,2731.146765545495,1099.6096139113893,0.0,0.0,78.78263356241976,-48.57482129976183,80.72746576804296,85.12565759692984,108.13445366873854,105.22284608555582,97.57217952798683,81.39518159174469,102.28930026772169,108.54309126928905,101.23075247694922,112.66317645998461,92.02139891217375,24.684110286272343
2367,1898.415119492766,2732.6223219200547,0.513995839677278,0.13365109353320623,-0.03509118893957023,49,0.0,0.011502456339148861,1.4693288504384192,-0.41779751525431114,1898.415119492766,2732.6223219200547,978.5306629869036,0.0,0.0,79.01994771450092,-48.57483585508603,100.06128796043623,99.13423081904725,92.33860925097225,81.11894683323939,72.47870586775521,79.07881321411972,91.5471272359254,82.39915245989947,75.34685643701509,96.00236273446116,84.76415184595288,24.260418328079687
2368,732.1369646051588,2733.2864678480046,0.4391719738151289,-0.5142762448481395,0.2709779474146396,49,0.0,0.009359859373520745,1.7881511914757995,-0.6310105910262386,732.1369646051588,2733.2864678480046,1101.3633855917838,0.0,176.27617030671624,79.75436505254066,-48.57341699117655,93.3670903846735,126.98603351415768,96.27931476133583,121.99212956773955,129.34102760899364,48.47982507345656,37.681806961180506,119.46503181882277,51.211169440959125,85.97141257756722,144.24164869823596,46.34689518466148
2369,764.4979175585685,2733.6055754133617,0.7167820614707293,-0.027274396978170322,0.40775405909699974,49,0.0,0.00924838239136824,1.155831992117762,-0.15723677768774136,764.4979175585685,2733.6055754133617,827.4635158816938,0.0,420.6270878008993,79.73398697077471,-48.573378728349326,93.3964686722071,168.6288397434178,47.90846198685395,52.82784553523065,75.20532396640198,36.64015224415844,41.13594148389389,82.6362768851063,54.33121841703089,95.75228809256814,54.03263777010519,24.96806108471939
2370,2334.8666134360606,2739.2864290392718,0.5248220843852393,-0.3170500573803079,0.2051344107336203,49,0.0,0.03164908679284061,3.979931430432537,-1.4996889743793789,2334.8666134360606,2739.2864290392718,1567.8437567385076,0.0,42.98544603150051,78.7451370818274,-48.57128594028451,136.76010120625648,142.63230026583966,144.67030302145898,132.8450386023139,133.85413897270246,142.75202131234533,134.3583934668883,129.12890260941577,135.70676829907853,142.40921049476916,149.92735748608442,42.79922100135455
2371,1049.3477833821423,2742.2431071647184,0.4742206583311192,0.9499868070720605,0.7911630204147607,49,0.0,0.01540962536283928,1.2909413459462413,-0.2772662762497706,1049.3477833821423,2742.2431071647184,1586.7323502527997,0.0,0.0,79.55459628011674,-48.57045840166345,136.99803984224815,133.77966672035672,136.57212188310456,145.1148264026284,143.24729039564596,141.55928983633868,142.54980928744712,120.28402397790634,142.95527835697288,145.8376334781328,149.5454957083207,48.28887436369763
2372,2237.0270289650443,2743.5822626742015,0.20301072605984244,0.14145265970100054,0.7469523136608495,49,0.0,0.010047728915848864,1.4214116094065017,-0.3817996455734509,2237.0270289650443,2743.5822626742015,1080.1203080498806,0.0,0.0,78.80675675596962,-48.56972641916077,101.16093571673909,80.88133386311684,89.25339956061163,94.7200090699035,96.94397663943897,95.07546698880577,83.22269118316106,102.76070721244216,90.44010169485112,104.6867333444282,106.37136173677129,34.60359103961087
2373,1451.4276879204165,2745.5750347978747,0.4749660546038377,-0.24593937158681672,0.11579774234054514,49,0.0,0.1251047559092936,19.17311736596918,-3.206731826896589,1451.4276879204165,2745.5750347978747,3382.640317187035,0.0,0.0,79.30141722187643,-48.569553491533185,291.6730126669251,261.87802277924277,291.56894398477885,308.08593123651235,327.1721894679373,310.3719122160343,318.66419390541637,284.9906621230265,297.5877426663102,328.12035464566804,289.219298790892,73.30805270429127
2374,795.3031673173922,2750.3822246001646,0.7570676429110202,0.32629873819644645,-0.3695327291590942,49,0.0,0.0172416149533961,2.1202244197760045,-0.8159545805200008,795.3031673173922,2750.3822246001646,1085.3901424128335,0.0,490.9593935960205,79.71451919361422,-48.56647600730854,127.13102115459921,75.45953183754803,72.82337305585436,259.4303087958147,76.15858164097205,149.03765331532858,50.399186669299894,53.6738257667925,58.030440940895126,71.60353267518761,66.12696206349042,25.5157244970508
2375,855.6286025894325,2752.5631407895185,0.6948360355773556,-0.17730610758269624,0.1653095198205646,49,0.0,0.010507415455825021,1.0063738656979644,-0.006898375373876071,855.6286025894325,2752.5631407895185,961.7486298109607,0.0,850.4783371628996,79.6765304653414,-48.56572787372649,89.76467508899613,84.13685828182204,62.82249513816828,91.7680035878922,101.66406195146985,76.52868777490005,92.96044117578603,75.83259800873729,96.27588450728933,85.28898236512629,83.4299698842568,21.27597204651635
2376,1468.1717108254772,2751.8920986308585,0.4511800496747677,-0.07619142391850661,0.07276630130471802,49,0.0,0.05095441491468201,7.649988814593238,-2.2091520003794733,1468.1717108254772,2751.8920986308585,1847.8372519452364,0.0,0.0,79.29086983775134,-48.56692965577541,154.84376804265855,190.3825678951893,154.50427427412967,173.63555061651613,171.07727226710546,161.44265572534596,156.16984821761633,143.8029872698861,158.90760944771864,167.45944358252675,173.52076426860125,42.09051033794248
2377,2113.018931016977,2754.826751439122,0.46285464632983375,-0.08406283573548029,0.1078118380918033,49,0.0,0.03791907012003655,5.373153594651724,-1.8255731382523135,2113.018931016977,2754.826751439122,1604.637939952077,0.0,0.0,78.88486797324089,-48.56528620427666,171.74105805865193,131.5981681067799,124.13314026388014,137.51120235531548,156.01984401665186,146.40443342927927,164.7758823387026,114.08040583661662,136.8686042237852,129.60993428159446,155.0517892535867,36.84347778723259
2378,1744.6282644328126,2758.0545597668174,0.3727827089067389,-0.16180080353962742,-0.5238719218204853,49,0.0,0.03088373054248195,2.868133609633558,-1.1439984467911999,1744.6282644328126,2758.0545597668174,2508.7315003888516,0.0,0.0,79.11681011419176,-48.564356548785,227.46382426559643,213.79990152156478,216.57256358947518,201.0204298392892,224.14740133914725,232.49722842313076,239.86859744652725,235.99458056449157,206.9597519461638,236.83829451192912,219.2034171074141,54.36550983412214
2379,1654.449736994257,2761.3425995534762,0.6602650139645226,0.015537583569941475,-0.08226842161190928,49,0.0,0.021903823969743098,2.6449122285505586,-1.0560281613546294,1654.449736994257,2761.3425995534762,1012.3485822885887,0.0,0.0,79.17358689734175,-48.56301728528181,85.46487648926339,99.98845958373455,90.67440614568912,94.5427647128727,90.71244634273637,81.64224678028401,74.44528764172114,72.38314738197633,100.11085819071056,99.8480591750617,96.894381380104,25.64164846443482
2380,1767.6120070517843,2761.023623359543,0.23526575098499541,-0.6911391759631338,-0.5218961134510719,49,0.0,0.03721513570146224,4.388134395768661,-1.6056998007018186,1767.6120070517843,2761.023623359543,3025.6997926369195,0.0,0.0,79.10234230509792,-48.563107252155724,274.8087696311343,272.2702667895146,261.22998363634974,263.2579999914779,237.80217122422394,254.06665656727642,271.96318937179524,259.2735865825448,268.86109228714344,266.0458840554038,311.18029473391243,84.93989776614296
2381,2195.9937655225694,2761.1684194971203,0.8362102394079759,-0.2710828861031939,0.17829690043176957,49,0.0,0.010934933161325966,1.0282166611354853,-0.03021159214736538,2195.9937655225694,2761.1684194971203,907.2394988005423,0.0,0.0,78.83264772366617,-48.56248630173602,93.27958266538167,64.61617828485142,71.52841550619164,98.05454214085216,91.38016468421391,74.85619562361842,84.7456330291726,84.37987868551016,80.77628664859182,72.87916075203543,72.27702446875922,18.466436311363776
2382,1865.6093050917277,2762.236385627098,0.3048191770508729,0.25712793123054734,-0.35997559192705125,49,0.0,0.007946401580923926,1.0757323654011002,-0.07926058843943042,1865.6093050917277,2762.236385627098,863.6957289639372,0.0,0.0,79.04064727380926,-48.56252928382779,69.58024755206475,67.86041411000375,94.5024511540962,67.15429411473077,81.11678886003781,79.94754091003168,79.94717559183057,76.38652175208094,57.00330518786119,90.57194891075348,72.29144413750794,27.33359668293808
2383,1831.1790224750196,2764.812460412754,0.7564740058086529,-0.26992357115304283,-0.011734980151837783,49,0.0,0.015959470336748317,1.5661582517368668,-0.48708910756098756,1831.1790224750196,2764.812460412754,946.3206396796312,0.0,0.0,79.0623265905543,-48.56148529342817,72.09472992240774,78.17541230840789,80.32267988516884,76.30305186592486,83.98260973254003,79.1006164975494,82.07374208614229,92.00345097124107,86.91442606775894,90.16463472927856,99.59169313519007,25.593592478021506
2384,1253.91735732417,2765.9586471925,0.8337201043951766,-0.07844148745414055,0.233853623695789,49,0.0,0.016175705844861537,1.5894762740565451,-0.5031351240789709,1253.91735732417,2765.9586471925,897.0220515277671,0.0,0.0,79.42574368609883,-48.56089294027593,77.02715061495172,70.99990639915613,82.47130153985,70.2814168351095,75.83778934180742,77.12835028791477,92.71912119901776,79.07340318981892,85.7704681987996,81.64831627087747,79.06904619605223,24.995781454411475
2385,2024.5388720635872,2766.7866952541526,0.8544439077364947,0.43058137754950676,0.049248872230249596,49,0.0,0.023320805745567417,1.8214356266294716,-0.6510345674191356,2024.5388720635872,2766.7866952541526,1347.416075840978,0.0,0.0,78.94060106414514,-48.560445523184285,104.81331997785864,119.06097230301276,130.76999304151994,118.65281606826215,121.00276118482611,114.93938439734272,123.65199317259446,131.6548740117417,109.45268974477463,124.52808418826646,121.46802843745009,27.421159313328204
2386,829.9154262391802,2767.756433042363,0.48712974256130226,0.3063154322705745,-0.07879067193852195,49,0.0,0.010017323201399272,1.4721034203091836,-0.419845804371646,829.9154262391802,2767.756433042363,1025.2219581644713,0.0,502.5392683969194,79.69265779532105,-48.55933113752094,85.8054262796928,106.5558821524372,63.65834592723528,102.31450003909751,57.79431134392693,105.41599331396351,88.03592003662503,100.3209606595234,53.69409193600877,61.15946727742556,178.14558524649325,22.321473952042076
2387,2203.4046280636267,2769.1426932530435,0.38505119728884607,-0.424508384302249,-0.008269701495348584,49,0.0,0.0449782566432366,6.40172358487454,-2.015742295359341,2203.4046280636267,2769.1426932530435,2091.6638508433316,0.0,0.0,78.82800732262312,-48.55914875892767,187.91951059945276,197.43112656148082,159.5555241247344,202.4664097846803,186.32703118707684,187.08109136465077,187.08049227748043,195.01548388850057,177.9176006701539,179.50713580596442,181.26602105462263,50.09642352453409
2388,2225.827529205001,2769.6599072247222,0.44855512040007295,-0.20269668477797817,0.17817703003647387,49,0.0,0.055116951077565285,7.294427154418086,-2.1574779789411584,2225.827529205001,2769.6599072247222,2379.1032453752046,0.0,0.0,78.8138936128198,-48.55888601836062,206.3842049252684,203.2716482040928,200.25747407815874,240.5810376161714,207.09600003790155,218.8410274416292,175.6423744658024,201.39858377767126,210.02533055863344,215.0585000924517,242.82067567837316,57.72638849905018
2389,2243.8373379821046,2769.795927211292,0.5153578125393106,-0.15662639368601652,0.11757092662827953,49,0.0,0.09763911578344704,12.574547046386362,-2.7487308752149615,2243.8373379821046,2769.795927211292,3299.6362268559214,0.0,0.0,78.80255683145896,-48.558790144830496,291.1403877736518,264.71556036227236,307.26089167172256,306.2241684418241,281.01690840933037,285.4871940169555,291.5186127864857,301.8925981696216,271.37963259788245,308.64512864913496,283.848067297617,106.50707667942334
2390,1790.496742704546,2771.7127184915544,0.32245019183707935,0.5036448906311292,0.4936264193240435,49,0.0,0.00886034362048663,1.1101420736026328,-0.11344640605053605,1790.496742704546,2771.7127184915544,964.4409118138346,0.0,0.0,79.0879452159496,-48.5586397676898,77.14651624114546,85.5174774325481,80.5081308556113,75.87389749961804,92.0781825139721,87.63063970260866,91.08773111661765,85.1768135416348,106.32859599839742,71.72595877813615,81.47277074661723,29.894197386927637
2391,1158.8382581002165,2775.0614904256445,0.5961554964353901,-0.7445366568861946,-0.12685805305268766,49,0.0,0.011662122409434993,1.2015226238068921,-0.1993298816741621,1158.8382581002165,2775.0614904256445,1037.941631022765,0.0,0.0,79.48557893259026,-48.556971803844405,89.20648002657654,112.55749150008691,100.7593348590525,88.93111908978915,98.04549464744721,101.98384171869975,87.57840309009148,84.00645615596406,78.53980945234476,92.97821101685204,75.18915198761249,28.165837478248086
2392,1643.3629501444182,2774.882776611025,0.6999218932554215,-0.11881624472519961,0.004119527679971009,49,0.0,0.014093712539649573,1.3036659255404146,-0.287915785846832,1643.3629501444182,2774.882776611025,1007.3870764610194,0.0,0.0,79.1805699197223,-48.557377794196654,77.51751617900555,85.65511402418895,99.17742233592881,89.45820883635204,91.8696313226894,95.0424701411786,83.4736048528287,97.86228268166083,88.0988337512745,78.13466508952672,88.93167599091913,32.1656512554662
2393,1891.6061978877597,2775.9829940167383,0.312431472483508,-0.12516745122602935,0.34632025291928664,49,0.0,0.015124416495960013,1.9997791391584858,-0.7524550842333327,1891.6061978877597,2775.9829940167383,1324.8908075947988,0.0,0.0,79.02430139231167,-48.55677715915528,98.15553199301345,104.77025586334193,115.96367365026916,105.58849097258437,133.02865057551477,114.36210028714217,113.49396012728482,121.13280774263373,129.80241666399468,138.91684581400267,114.18014984751353,35.49592405750352
2394,1960.3335290577181,2775.2537003180737,0.32113890295003134,0.2512234014872122,0.46625310869268055,49,0.0,0.02515481326869028,3.748364184945767,-1.4346044490216325,1960.3335290577181,2775.2537003180737,1421.095932717651,0.0,0.0,78.98103664651346,-48.55700424972604,122.52675227118726,120.93363494776668,131.24337239935736,118.76237558381877,85.69649881587928,126.51761464042046,142.75507985215404,145.21861567064548,125.41432039966848,134.6920964786308,135.4285307769374,31.90704088118491
2395,945.4738897061043,2777.0191570054267,0.47232663994840574,0.0430173210845933,-0.15504535289427201,49,0.0,0.011514683412065263,1.186882208183566,-0.1860190491255148,945.4738897061043,2777.0191570054267,1130.9361172031195,0.0,638.4099086164861,79.6198814292211,-48.55575472344948,103.7816004247677,85.19747125188928,91.62052361320414,88.88242319003749,73.29353744662225,113.9913742944267,90.92845543891607,104.8707685457415,116.44952588416524,115.97658163131277,105.4424695644471,40.501385917589374
2396,1472.0673390096467,2781.6191569733564,0.4667139535507231,0.09576149940764458,0.40450893123027554,49,0.0,0.04152318693651135,6.114882700220592,-1.9659703263107564,1472.0673390096467,2781.6191569733564,1680.7913823184174,0.0,0.0,79.28839710449427,-48.554546028375526,133.79045897660134,139.62603900266853,131.18876268763364,170.50954378350502,158.89271140940014,154.41114175908353,157.94916433181032,149.8902491962964,142.86689558451874,157.2599220340665,138.39937980227933,46.00711375055378
2397,861.5337793468015,2782.4850624733313,0.4259206028982432,0.02901573015277115,0.0029329646389004843,49,0.0,0.012987856872130856,1.4689528963215273,-0.41751967464306616,861.5337793468015,2782.4850624733313,1722.9040731129185,0.0,984.6267007832269,79.67269716881987,-48.5532767569383,127.10283290343133,127.90462927004901,137.23167755800208,145.93620906166512,136.8533839383531,236.92145605807525,151.89647468594023,205.46442908016854,176.45948954412577,126.73782887086742,121.88414171559027,28.511520426650275
2398,811.350162945433,2784.4658985883802,0.2473507485753785,0.5843538192508392,-0.48343644738141367,49,0.0,0.005472234820847846,1.5549448835791695,-0.4792874991922631,811.350162945433,2784.4658985883802,1225.2233642367514,0.0,288.030611839316,79.70427571604847,-48.55231994751964,62.49794936298257,296.06970853872787,34.54449833427299,48.3518177007321,42.39489054366807,47.50921536248593,47.49737162095691,80.63798081576422,32.03487355237271,414.34897586670957,94.19242654152121,25.143655996557392
2399,1686.4700382234282,2786.659260872914,0.3732342111824652,0.19329652669448524,-0.7029804209598065,49,0.0,0.018630410304247415,1.3297868172964658,-0.309455058258652,1686.4700382234282,2786.659260872914,3114.978396343605,0.0,0.0,79.15343901481111,-48.55246176066091,245.3469099095248,268.1823361212841,264.4804040150566,267.5011624602904,271.2657943100793,266.4319102703704,299.8668606508315,279.26483055710713,268.39253009291565,309.1971373995024,292.1032735211959,82.94524703544644
2400,1691.9801967893943,2788.0786286283324,0.5557179909802785,0.2529249257630008,0.610608895922457,49,0.0,0.039858781951746615,3.14112455248079,-1.242712893672685,1691.9801967893943,2788.0786286283324,3749.24739074922,0.0,0.0,79.14997135261245,-48.551868724426164,310.61869845446165,336.7089130288771,311.91071396792165,332.7637389340971,335.7443960312156,333.81616866950446,339.64311835311725,334.05038858410956,303.3978640362069,353.2882210575342,358.3797075829454,98.92546204922897
2401,1178.1463767961764,2795.342204326725,0.2311468178654308,-0.7641294489564113,0.022466521257756528,49,0.0,0.00820936138152319,1.1547817571346473,-0.15624978605093914,1178.1463767961764,2795.342204326725,1039.3185397021389,0.0,0.0,79.47337989726346,-48.548550848131434,106.3995989880205,90.17511416775417,94.9943422088684,91.51627133348593,87.00798572388199,84.59463352375398,100.77330604273888,84.99163730584067,82.5725709006528,102.70100274662335,91.06755670063617,22.524520059881944
2402,2464.3400446403284,2794.6828860614296,0.6570416485683758,0.155147747185085,-0.9521461395411976,49,0.0,0.009200982467087471,1.0046638064220537,-0.0050518920967280575,2464.3400446403284,2794.6828860614296,863.4746038211895,0.0,561.8491263081318,78.66386486727487,-48.54785159367093,88.86922148014972,66.78757349028356,142.01847962636086,82.36968578486116,97.68089359056714,71.77874116925042,85.7681279100243,50.0065983742551,43.08523584703141,54.508859985779175,46.8041207657118,33.79706579691478
2403,1534.1065980713176,2796.8538650283317,0.7721729800950964,-0.1640651827293999,0.3229117026244464,49,0.0,0.01758875128814902,1.759965597560002,-0.6137604466150908,1534.1065980713176,2796.8538650283317,955.1370813119008,0.0,0.0,79.24933991323343,-48.54821944570354,76.44140065308463,74.8500774145423,81.2133892712152,89.60105164211026,67.19144334191115,84.34592989392391,97.48493112012991,99.03420027139452,90.48452699387283,83.41179211024054,89.52889827191389,21.549440327561737
2404,1221.6911028791017,2797.980806812801,0.5009004688782656,-0.18506674975142265,0.16254447189265597,49,0.0,0.018782271040385285,1.9580925699418594,-0.7295830486788086,1221.6911028791017,2797.980806812801,1387.3525524516658,0.0,0.0,79.44596815919623,-48.54751136137472,144.71814424719963,104.55257209549183,121.98392614645634,98.87401972170645,132.38800846154282,138.4038024197028,105.73671818391824,129.1974081112535,115.38690573941386,137.91775393207882,125.18128315479468,33.01201023810683
2405,1263.1866766927128,2799.767811591931,0.3703254721666949,-0.1544031032742179,-0.04451131450552191,49,0.0,0.009000603509501893,1.275866350773448,-0.264512959157304,1263.1866766927128,2799.767811591931,909.9523019673725,0.0,0.0,79.419848674277,-48.546817805520234,89.67432765313106,84.61749236613548,61.25687484193881,80.04382769954375,79.61501968260897,65.59118032896527,96.07138950761743,80.5772957465405,73.17307733819197,79.99368873806281,91.51550021173185,27.822627852904603
2406,2044.6650472222045,2801.3968850957845,0.6070406205037372,-0.2385582673969217,-0.008314171258017486,49,0.0,0.0494470537765896,5.800854363712753,-1.9087299055109705,2044.6650472222045,2801.3968850957845,2134.3697900411944,0.0,0.0,78.92801122178352,-48.545995868451826,165.06498759461064,181.3176950380739,168.66051663873156,204.75417990853532,191.06467864017907,168.64676637604123,201.44067638359581,202.80443877782136,194.61806975833343,212.07137963808458,186.19542324894508,57.730978038242526
2407,1431.5024364549201,2802.159994149118,0.3922337375352727,-0.2288111241132019,-0.15180343958441367,49,0.0,0.00895386203135827,1.1304800666614567,-0.13315727248571718,1431.5024364549201,2802.159994149118,921.1677805536206,0.0,0.0,79.31391336476302,-48.54596730437351,69.08850307132043,78.38794999801397,70.31313838768243,83.62863830080633,81.39311722580283,87.31901704866156,84.92080674417393,75.85354175895495,87.95972426430734,92.88057335643614,87.95073015246822,21.47204024499255
2408,1991.155535609932,2803.0762919444333,0.3995233363553312,-0.17655230469687525,0.478372708870067,49,0.0,0.02688436331724758,2.6093022043104157,-1.0413109528902784,1991.155535609932,2803.0762919444333,2255.7759147809556,0.0,0.0,78.96169113265668,-48.54537278927,203.71163144859673,195.67823236601845,215.80310989037108,202.3475985729737,185.4139827670272,201.31736054436345,183.0736596240847,215.86033212782655,208.76972913099831,202.3880129760841,182.71818571588113,58.69407961673036
2409,2441.629198768327,2803.577956500649,0.7192492161647264,0.1472401783889399,-0.21810974337348732,49,0.0,0.011093966911781382,1.3364229114264614,-0.3148597812673575,2441.629198768327,2803.577956500649,803.7690562993683,0.0,521.32685617868,78.67819696113199,-48.54421216772498,111.96732327585526,41.85599027576868,101.88029894928776,72.90244809487265,64.58029826169951,59.443880577029304,50.97701813040874,61.661528914546,67.85471927720747,51.7320870923593,91.76438134597015,27.14908210436355
2410,1663.0324251550358,2803.9107348027983,0.5546004097692959,-0.804304499338831,-0.2966694611763491,49,0.0,0.011555397981750563,1.1728534009032856,-0.17310932875944915,1663.0324251550358,2803.9107348027983,939.1288944306187,0.0,0.0,79.1681973342354,-48.54528016166022,92.20209643729228,79.62465601076121,70.51746192320115,77.41165108655133,97.17043808577239,76.28657127106172,81.28853366294017,91.15790038769245,94.19464654455906,69.21049233820438,85.43853620956196,24.625910473020664
2411,1698.9532296619097,2808.421054234565,0.20593264983072415,-0.26756426407221495,0.8843317389060885,49,0.0,0.00972866340899997,1.3802994896400385,-0.34993331851480136,1698.9532296619097,2808.421054234565,1038.7640818383552,0.0,0.0,79.14559272360897,-48.54339108983695,99.86380405408218,85.7178168913807,97.73023326370898,94.22230587351214,99.6159326439968,85.78515468800448,69.4234122880261,108.24105137199612,81.32199995484262,104.7996658935123,86.40092754645761,25.641777368835186
2412,1361.1240168895706,2809.844328771049,0.5287844717115926,0.019351985217794552,0.0995432414965902,49,0.0,1.4089593739308715,192.36239005070456,-5.71030041106712,1361.1240168895706,2809.844328771049,35336.84489789631,0.0,0.0,79.35819720754985,-48.542716462958374,2906.605719533336,3104.676966982447,3076.7631695279565,3160.2476889907884,3184.3985572846505,3111.251322775408,3168.536696156092,3105.620395957869,3185.081988184431,3281.799042227456,3137.6822507219968,914.1810995538932
2413,1726.021989463669,2809.6365367680623,0.42371051056784653,-0.02807123597193164,0.2700730782106764,49,0.0,0.14548855328072444,22.955384667073204,-3.4022114367637615,1726.021989463669,2809.6365367680623,4334.178922334366,0.0,0.0,79.1285583173025,-48.54287428124692,382.9425601717934,362.2745179567068,377.03191992870836,435.72376120355307,380.8610007184411,372.6573075953334,380.1536646473722,390.477974953241,362.2180912865651,392.6829052047202,388.68899435047126,108.4662243174592
2414,1543.3036753167066,2811.1358201156863,0.6695653470122469,0.08404527030254813,0.1371123808437017,49,0.0,0.015878106059790478,1.6735449106025457,-0.5590934285213969,1543.3036753167066,2811.1358201156863,1005.1884312729785,0.0,0.0,79.24354708324564,-48.5422710376931,91.57575808925537,83.78398139224937,88.1288766576279,96.33762798925775,75.49960663460575,85.97156550001355,81.49133901824368,84.59101803974514,98.95222274743583,83.04249684520197,102.55267472995538,33.26126362938687
2415,830.4799583682368,2813.37300003519,0.9056969348064983,0.42381862590964886,-0.21409822818545124,49,0.0,0.019294948057690373,2.202624763606137,-0.8573512939713697,830.4799583682368,2813.37300003519,742.0351489578017,0.0,75.42390657499895,79.69211900316638,-48.540327836351615,31.783012583328,24.941413438306366,179.7709414020936,132.93616393634554,45.59606716086261,32.44066157429179,133.59257950094494,36.56561336391983,10.418771577224527,22.78146205875538,37.69120472586531,53.51725763586377
2416,926.7747779941309,2813.554367330805,0.5116167997015502,0.19176736295096458,-0.24555189777139869,49,0.0,0.03579619129648399,4.01117800760071,-1.5081798387008905,926.7747779941309,2813.554367330805,2073.445992261736,0.0,1570.1456332720732,79.63152328670749,-48.54049066128556,152.8627190186895,172.00665423107014,169.10264182525958,143.14021485010224,172.20127443217763,160.94492414331893,142.96745814080742,272.96572201485867,230.08768735783755,222.35737381001059,195.4991552118284,39.31016722577593
2417,949.7840075198928,2815.7282317579857,0.3417773450632832,-0.10050256722306966,0.05332547022425137,49,0.0,0.022957308762648773,2.8327911056983464,-1.1305363754226931,949.7840075198928,2815.7282317579857,1763.3918248776067,0.0,1568.7934670390437,79.61703684795401,-48.53963723318959,143.86818079309035,163.29187334653807,162.99991743519445,149.06704235363088,160.89583139035608,160.79154173464127,148.3467038998113,149.77909895963649,157.0911222962598,173.68810893678767,149.8331675188093,43.739236212851004
2418,1490.250186679621,2815.906703210807,0.3039388266230623,0.22468365095615808,-0.21726470768645043,49,0.0,0.007053454253334126,1.1312804747131229,-0.1339257287574176,1490.250186679621,2815.906703210807,823.9982521960308,0.0,0.0,79.27693179876809,-48.5402680917664,72.22850043209048,65.63363386610709,66.97312144882406,60.074245931137256,75.55708643946937,71.99661392795953,73.91515615290177,77.61511314224327,89.66476176682285,59.609558873699,83.72033420459309,27.010126010182965
2419,905.2492010159223,2818.238109163919,0.9154269391617234,-0.9226195110725646,0.0067930928324411565,49,0.0,0.012194703249694839,1.2128278127743617,-0.20949786929335557,905.2492010159223,2818.238109163919,1120.350906246901,0.0,594.8691812222568,79.64505167495788,-48.538488783030665,87.23516800928348,90.38160267684594,57.14976021536802,81.71372096934071,63.302766468795824,107.36451653480263,91.96474218116467,64.82407607905864,103.18965139016532,219.33721803827194,128.20301027895147,25.684673404852532
2420,940.1349768437369,2821.243274502992,0.3872105033321881,0.4871964732265022,-0.87491305821688,49,0.0,0.00998369175915944,1.1382260124442005,-0.14057126633286407,940.1349768437369,2821.243274502992,1325.44667810293,0.0,1019.4779161192636,79.62308959693524,-48.537317848364985,117.24145528137083,115.13812849190717,92.90599054985938,102.04627292360273,102.6041707183691,115.4939838454853,117.90799685120597,132.80187238906169,143.87965283509584,136.22468131746464,124.44336232011526,24.759110579392114
2421,1333.7407455813081,2823.255955661678,0.2864787892888757,-0.20196682878646216,-0.4845445707390455,49,0.0,0.011636713045069552,1.4293243281459018,-0.3878269644586926,1333.7407455813081,2823.255955661678,1204.4156493547794,0.0,0.0,79.37541135649492,-48.53710497865949,98.18022696259989,104.13628703927616,95.4413633713626,105.71324807804135,105.86171814750895,121.4528943135088,108.08635532426439,101.10059841384381,118.03967814244447,90.22952697993901,111.66204105525831,44.51171152673155
2422,1845.727626578954,2823.6906740175887,0.5445576143595214,-0.016087893398465607,0.07966155714292707,49,0.0,0.06057803310785505,8.112946008316262,-2.272946464390478,1845.727626578954,2823.6906740175887,1985.695873152359,0.0,0.0,79.05324283773423,-48.53694276193227,149.15068582375764,183.06470422962545,170.3721684524263,171.37633580599316,173.15733697493363,191.9116483746239,188.09511498540746,185.43375384515122,178.33066721113005,168.6592624666284,185.74210467386524,40.40209030881644
2423,2492.1164147303284,2824.1349807976853,0.45495144676142796,-0.29897704091859645,0.5491628150612915,49,0.0,0.0061175415737808915,1.356074597113093,-0.33070895137829315,2492.1164147303284,2824.1349807976853,303.9492649343604,0.0,24.38135668401494,78.64652102837645,-48.53549779955486,0.0,0.0,18.00668597020479,22.09047167635417,0.0,41.53736951106727,5.850655556115743,82.1009561484021,3.582009209332719,65.36878526039632,53.33260582610421,12.079725776383054
2424,1650.6455591820454,2829.295500400919,0.38927147142951224,0.29836894444604223,0.173593830012594,49,0.0,0.010612243193393064,1.2323084761510263,-0.22679858921572785,1650.6455591820454,2829.295500400919,1044.8000700495995,0.0,0.0,79.17599971500384,-48.53470639855516,79.74892865909544,89.65152362438258,104.7539784348925,99.28857055213417,82.49555558862195,104.0561436315606,89.07681232465,96.83024352439483,118.80643696784875,74.55861331031286,72.87372850650144,32.659534925204156
2425,2224.4376328250423,2831.3605368675494,0.5107573119327221,0.28568558669110017,0.29096461426541065,49,0.0,0.016576379756316578,1.828415396419793,-0.6551871741706727,2224.4376328250423,2831.3605368675494,1180.2544970223425,0.0,563.7691706247638,78.81496955660207,-48.53318296907547,103.6443385770663,83.71029362577846,102.46789261376952,102.91522759512483,103.45745364467379,101.02797435591637,99.64455014413358,103.76425863853437,119.08478888214051,106.87741064787596,106.37400636945591,47.28630192787283
2426,1627.021564983935,2841.3192486667804,0.40212717868610603,-0.09093711973465661,0.32822489489953266,49,0.0,0.016723229262048653,2.246443609887083,-0.8787388035698356,1627.021564983935,2841.3192486667804,1338.4802838246205,0.0,0.0,79.19086613080205,-48.52970001270032,122.92978144939454,109.85083018528482,116.94096157066996,119.23970120899526,117.05928882516037,106.85939342778926,110.27301867898954,114.79953240867209,127.56026864917158,120.14004392189545,134.60306013459325,38.22440336400447
2427,1555.9741641005353,2841.20434947867,0.6125466049206146,-0.2521333080814589,-0.24958486333943014,49,0.0,0.011485745559073014,1.06500072436296,-0.06837475790339236,1555.9741641005353,2841.20434947867,969.4795358787676,0.0,0.0,79.23556633755928,-48.5297456908637,91.47031121374418,83.52529934098753,104.5715481020964,85.25696014430937,91.19672279039483,89.97304393533037,81.60661669218433,78.56022727630426,73.34674393210113,90.80487431433457,79.80833795821667,19.35885017876396
2428,2123.28242892082,2848.6253428976097,0.5771730117038983,-0.15757563740554384,0.34409125556788833,49,0.0,0.3403050412651882,40.41308707705167,-4.016305066549623,2123.28242892082,2848.6253428976097,10309.438465255116,0.0,1564.0007307469618,78.87866218549654,-48.52618885505798,841.2448470834922,875.2724422759842,950.8400595795315,884.9905594748159,906.368100819324,938.5925541860195,910.1951937240265,936.9173961105819,918.1703476796497,945.1409247593556,913.0657768806609,288.64026268167544
2429,1158.5855828618999,2849.5121607059677,0.4483496521765391,0.1472450751747901,0.08108507942268726,49,0.0,0.03984568320385563,4.782862794324028,-1.6992198061822905,1158.5855828618999,2849.5121607059677,2344.2475595090073,0.0,438.34559206906073,79.48556624103227,-48.52595308635404,188.02530847024923,204.42129109780657,194.10695369278312,210.96987970521457,210.9167921897536,226.024639813507,210.98105746138026,216.47519246739043,192.0602777059334,192.2789261719863,220.41783806418914,77.56940266881386
2430,1226.9432902309688,2852.016468238961,0.7207290285089487,0.0770521677628133,0.1843340268163279,49,0.0,0.038536642326718794,3.8549527639594436,-1.4650476521558669,1226.9432902309688,2852.016468238961,1675.2668243667144,0.0,1.0,79.44255721142945,-48.52500525664183,157.31622283259344,166.22086891783917,138.55602977169247,132.63004276684518,160.7295216026385,166.5415456602542,150.32393617827216,148.83096333400061,137.53565403596878,124.12476655172303,145.25863230301508,47.19864041187194
2431,948.8010477233273,2854.178941775549,0.5343333404446154,-0.3434523937632043,-0.17403600233370847,49,0.0,0.16370212388264274,16.168581079265554,-3.0216797720164763,948.8010477233273,2854.178941775549,7654.486163462861,0.0,5178.982202065058,79.61752463050424,-48.52361561390034,693.9577574655932,746.8267048519161,708.4394476714778,644.8264910511448,769.4993895227478,617.5459257164068,747.5217624213997,601.9026646325028,688.1199226603514,595.4653686273944,554.4081794155588,285.97254942636766
2432,978.2893197441292,2856.1364184193912,0.9864854980557037,0.47008759033172526,-0.154804529577648,49,0.0,0.013753739197338025,1.195629837765324,-0.19399186155029785,978.2893197441292,2856.1364184193912,973.5731552818103,0.0,662.1565939976762,79.59896832182235,-48.5228644611663,110.657342699114,93.60543634414682,89.12608934211764,76.33502529491513,52.03846138280977,96.68757954548875,117.24773494449124,59.53369611110411,111.56204777235459,60.19221637100551,79.94707446885137,26.640451005411265
2433,1820.2981188658239,2858.5467747675093,0.30458687077624297,-0.5948389110407233,0.3027367038437686,49,0.0,0.019731206503766904,2.7613754323180713,-1.102813641643137,1820.2981188658239,2858.5467747675093,1469.702254116943,0.0,0.0,79.06928427678484,-48.52244088641066,120.1441423109238,135.60965750248795,99.75925554136737,127.50681589600616,141.31324055541202,129.14503568351395,127.33697266068813,132.64067267921442,128.61690193626856,139.23775372566058,141.94965551436928,46.44215011103072
2434,1524.6887545309687,2859.6592787177433,0.3993747230293916,0.19234707029890133,-0.03971572914090956,49,0.0,0.013310291741954583,1.4532357445874111,-0.4058401786712883,1524.6887545309687,2859.6592787177433,1678.086505915251,0.0,0.0,79.25524257676611,-48.52205032177833,136.97715860431617,110.29495818974384,170.8466868066228,134.8720532659284,145.87816981528394,146.76420392030712,170.57225392770306,144.0274189453932,151.4479103293715,168.68765500172157,142.27093543427932,55.44710167458041
2435,1530.728720105505,2859.800582807686,0.5724121386475142,-0.12882609270040005,0.324808462982986,49,0.0,0.024697722336594202,2.562044266118387,-1.0214665726599128,1530.728720105505,2859.800582807686,1712.0334506284607,0.0,0.0,79.25144300092826,-48.52199295684524,133.74614828642925,120.86031375406347,166.74050907366214,141.6207503223572,137.7120402512408,150.7892871281853,159.40827328250455,145.1516959273033,169.1521878159088,164.12147771593416,165.77624076314183,56.954526307729914
2436,1657.810794658683,2860.0425091478774,0.4655246082649678,0.0002907753828341,0.18726680039400695,49,0.0,0.00989002945339556,1.2855438008028257,-0.272717196074001,1657.810794658683,2860.0425091478774,888.3042014826119,0.0,0.0,79.17150038139164,-48.52189487621178,59.591442864643724,93.35246849702052,78.52586075411051,70.44128760537532,90.79871483990816,81.95014468936417,69.28286665673821,82.29012730706212,74.6929578174125,76.48650396062166,88.55177244631003,22.340054044045
2437,1627.1398038140408,2861.8455510279887,0.4975922169203431,0.3065560246829334,0.25500820357841525,49,0.0,0.012436416370478839,1.6321793925089247,-0.531919725651029,1627.1398038140408,2861.8455510279887,947.6699477538367,0.0,0.0,79.19079459235644,-48.52114808422014,74.08760292594098,82.31137074515948,71.31198176100432,81.74239117515484,72.1657452384716,83.63261129651276,95.3029682613101,79.56367985991841,86.84403918517583,97.87921546886592,94.2375890372409,28.59075279908147
2438,2124.926315844929,2862.2247003256925,0.41857608731850926,0.035359531661125994,0.2958768174933813,49,0.0,0.177885073097981,24.636356347502925,-3.4789411930668637,2124.926315844929,2862.2247003256925,6849.210008966413,0.0,2469.9262503190157,78.87766521708396,-48.520520072405205,547.6408989125343,589.0781972195828,600.6782208167845,608.794310239235,607.7739176427955,616.2669451536856,650.4553979342936,613.3425803445421,616.1674596022867,592.7167133818953,611.1870952857748,195.10827243300204
2439,1798.200815999897,2865.635230047488,0.4797646038735388,-0.025716254962961673,0.4777196670219303,49,0.0,0.016076261832456442,1.7135787765225625,-0.584760186450226,1798.200815999897,2865.635230047488,1144.3173747716996,0.0,0.0,79.08319226636904,-48.51950342842772,113.10426707743426,114.81903735637538,109.23374645587086,102.55827589495854,91.88832631514688,93.30716716622436,94.72720053711836,99.726865286032,97.71086675186879,100.38142860494816,102.0279137171425,24.832279608579547
2440,1471.277060528824,2867.149626936981,0.4231047408066441,-0.20812472047224986,0.2515067096166699,49,0.0,0.02225528240525206,3.220383645379993,-1.2697690310615415,1471.277060528824,2867.149626936981,1255.7186431232672,0.0,0.0,79.28883687565657,-48.51891084343061,128.52497282000758,120.977943943455,100.75489000767186,114.25160693292945,107.86538849449963,105.2805046764563,111.86975428715652,113.59413545121737,107.04370966344726,110.84395097259352,101.87263758161113,32.839148292221694
2441,2296.0600838558967,2866.858532005426,0.7046858185603084,0.16185817934077776,-0.5281919749860525,49,0.0,0.014080314739425281,1.7876373491276065,-0.6306985495067381,2296.0600838558967,2866.858532005426,937.672511417147,0.0,701.2619465798275,78.7700350294687,-48.518231784958495,73.7453866636008,72.42457582050623,77.86762812666511,73.07117805187974,75.272870202648,74.87807156137053,108.73749794087615,58.181304946160076,105.49265202674819,116.29836836257357,72.97934203030414,28.723635683814482
2442,2247.054038213479,2868.856086569583,0.6281849831101893,-0.203092773068959,0.2875970570033007,49,0.0,0.11233369181545758,12.104225465517295,-2.7073425117442973,2247.054038213479,2868.856086569583,4231.516163334985,0.0,3894.7841328739455,78.80086620589451,-48.51751225301378,348.38138052628926,359.9802524159785,354.74153669785596,386.77735753649347,366.0449158348689,359.6524663274861,379.54583799241215,382.95244542992475,399.44232107546605,384.5647183035421,380.1284176192145,129.3045135754534
2443,1848.6373962953012,2871.1418316544623,0.2767423346170252,-0.49609078521639943,0.17531973313299676,49,0.0,0.009885918294521656,1.4099639388122325,-0.37302001324282663,1848.6373962953012,2871.1418316544623,1050.742621525703,0.0,0.0,79.05147330252434,-48.51717068471979,77.01364452020164,90.04480059114871,85.70555128127235,100.0303657837072,88.87814546016756,104.69615457732965,77.91873684325688,89.0771158488526,96.00613666013933,90.48205863431627,118.4278503626611,32.46206096264967
2444,1938.0356595791363,2871.4938666943613,0.3429373010867444,0.2788346685865075,0.661164285570125,49,0.0,0.020703219034442444,3.141725980832082,-1.2429207587282352,1938.0356595791363,2871.4938666943613,1300.665290830074,0.0,0.0,78.99524260416497,-48.51693431062822,118.55595597825028,110.25978673480971,104.68923258801868,108.55186989262384,124.18477469623247,123.886527235059,124.63246703782856,101.10866229292732,94.96919974866245,128.73236956636924,136.2826127265174,24.81183233277492
2445,1144.0221352067497,2876.271237345623,0.855358052222911,-0.6528052066048624,-0.4026646820784618,49,0.0,0.01582763160436795,1.0993064506305292,-0.10279694094396231,1144.0221352067497,2876.271237345623,1238.40353960039,0.0,808.3389509970461,79.49466442377313,-48.5147821285547,97.59032527132769,115.71151608732615,93.71229894829105,100.18491260702214,103.34776670404757,105.98522517320191,114.0329387918726,105.34080744326872,131.56461545622008,108.01638695374798,117.05009585473664,45.866650309327376
2446,2260.6118540940647,2877.429421536501,0.6885661451933724,0.2969732060281155,0.5550909938400153,49,0.0,0.020771918408564842,1.7837015670634366,-0.6283054846583211,2260.6118540940647,2877.429421536501,1655.2431390483464,0.0,1451.6607423317434,78.79236806897799,-48.513910078431586,148.38229713013072,149.22512766405907,173.06231573368115,149.58796674623653,128.6886687734969,124.86054092399782,161.11917905726818,134.13194680540687,150.6854643545027,153.37095676792623,141.44684865117574,40.68182644046438
2447,1883.6552501332148,2883.998304835775,0.46152345284863766,0.10626446855721207,0.8630116793751229,49,0.0,0.02619013970812134,2.9911844991825274,-1.1896080039137027,1883.6552501332148,2883.998304835775,1530.7008294764382,0.0,0.0,79.02946608804537,-48.51178243305783,130.51872930275638,126.3426379220621,128.755801440053,131.84493745425806,146.81700464452368,132.09078700182727,137.25322161634355,159.8568695837365,134.83493837152054,140.37992161852986,130.12016400569559,31.885816515131577
2448,1273.7404897810452,2885.166479234005,0.6362652693592241,-0.038765681932053805,0.3523282019425744,49,0.0,0.022206318108213472,2.34164104451653,-0.9238008046230356,1273.7404897810452,2885.166479234005,1266.8340217447426,0.0,240.3768501356921,79.41306083968406,-48.51125018242554,103.62165119843316,107.06498907208277,110.67637876275833,105.12377741566884,98.79094002468605,119.54961202477953,114.89742046901553,126.55864126678924,109.96856601950185,117.63413604339055,120.29286213892682,32.65504730871011
2449,1049.3931269314044,2889.8565504792496,0.49375236163194075,-0.6679636736658602,-0.24048371460621207,49,0.0,0.010649133633400632,1.4866483152261385,-0.4305206075509061,1049.3931269314044,2889.8565504792496,1133.417375795742,0.0,643.1104532555437,79.55414309522493,-48.50895883418234,103.67337168332122,85.82950496059254,93.86009699312345,157.95303051998098,89.72762139298267,92.30747546254159,174.89185377257817,83.0536659568711,50.816205591373645,114.46255963510743,65.71734699375261,21.124642833516546
2450,2291.3514515818733,2891.12383482668,0.4243425275582923,-0.17597147823415224,0.23699978808002947,49,0.0,0.016850326019422372,1.9610908221663919,-0.7312442680199547,2291.3514515818733,2891.12383482668,1491.863355634563,0.0,1120.3653873683431,78.77308412364859,-48.508133594394245,112.57935887315625,111.09262509240014,135.9504124862001,174.83238570032205,120.65879836204732,121.14026924556127,168.31178673793372,139.75315730266954,123.50891739801601,111.69247516422286,101.08521363352517,71.2579556385086
2451,1046.7609549543376,2891.204996675857,0.7873765153364812,0.1919350585660242,-0.05145572412204,49,0.0,0.013455182016961607,1.3087810867257093,-0.2921675258922161,1046.7609549543376,2891.204996675857,1266.987127034619,0.0,566.9519278184946,79.55579453259632,-48.50839206043239,95.52400701899808,99.55968500546123,80.03007475084112,139.84551022628324,129.85239699606302,89.99679513733997,170.56682015719173,225.2946639285828,51.53234428943949,107.31952015919383,57.54351846062856,19.92179090459619
2452,1554.1702602940009,2892.116089770519,0.8374579874479802,0.5527185197928256,0.3706617215610676,49,0.0,0.048429650344931685,4.7665716219846015,-1.6955153076716358,1554.1702602940009,2892.116089770519,1561.289781509194,0.0,0.0,79.23668898029865,-48.508533986193456,123.09970043021544,139.15267118071714,137.01087312317708,136.8248278846619,132.00546754405286,111.70245517717572,129.80250115143673,160.44816630403315,144.28590936709537,152.59041350956159,153.7798898244368,40.58690601263033
2453,2163.4230915333073,2893.253269439676,0.8446139198966403,-0.10894942472951168,0.1685691889578538,49,0.0,0.02138719566041192,1.6065388729730272,-0.5147280962928087,2163.4230915333073,2893.253269439676,1495.0700252686102,0.0,1367.6136874418899,78.85354072644172,-48.507521139917145,120.87905518472007,120.47109846510001,110.72750971002793,143.69362018619685,127.18027843576549,116.09288695640495,114.76273181693955,157.18299195731493,158.92472217152147,168.23457369148622,117.74873146577642,39.17182522735611
2454,1532.2083638392626,2896.6998829657723,0.5414400190084794,0.6969040822064847,0.1505521603891245,49,0.0,0.013504841479320238,1.2456872019324459,-0.23852250643164508,1532.2083638392626,2896.6998829657723,1822.0993644129815,0.0,0.0,79.2504990711432,-48.50661993033905,151.29223174561167,179.69170652941557,151.31707447906894,152.3711203396755,152.0915989657764,177.6415230972917,150.68011130663132,159.65805947408052,161.47228800526256,160.46624916545892,174.08422543007615,51.33317587463222
2455,1071.6238859153127,2900.5324179621325,0.8544139960005758,0.48954008558979134,-0.6240042205165914,49,0.0,0.022612047094647685,2.0101582573673293,-0.7580756256354925,1071.6238859153127,2900.5324179621325,1692.0684162670989,0.0,968.4957271118382,79.54013307650816,-48.50455214854053,146.46267293035473,165.77253185007288,191.14450139299976,162.83327517527894,185.55599899854934,158.49677768715597,163.57167662561486,147.89678261491616,116.02530288975012,76.0097202580655,142.80419021137985,35.49498563296086
2456,2153.823334453731,2900.6211909949434,0.40260116973271143,0.16194453360896585,0.4605656211398516,49,0.0,0.06003458058788424,7.684037254845182,-2.2139736545079978,2153.823334453731,2900.6211909949434,3162.6923929979075,0.0,2859.3438436336273,78.8595989345428,-48.5044698555624,280.26814873761464,249.21764266835697,272.8151978717479,278.6157890061344,311.2195637879836,248.9268247508913,265.6315026525762,292.4928339633034,295.7698539503759,295.38218280075137,298.24208250629016,74.11077030188224
2457,1072.6294365267863,2902.426456688041,0.48347664920096395,0.1702421935050351,0.9294573970051732,49,0.0,0.017417948154832722,2.055974039436163,-0.7825440664199602,1072.6294365267863,2902.426456688041,1646.6463252551544,0.0,946.4268817655367,79.5394955446637,-48.503764869505645,149.20711694391724,165.52985398955758,187.82135837633336,149.13159749340517,198.93987312476514,150.04878348715425,147.49041122861837,132.99683894952827,103.24125766827049,97.35830528149631,126.71089350345576,38.170035208652635
2458,1522.2559549733364,2903.2310065795173,0.5407203328910104,0.13489528774528245,0.348281926736304,49,0.0,0.4888269896492677,63.234094196952014,-4.50237825461134,1522.2559549733364,2903.2310065795173,13767.931558276312,0.0,0.0,79.25675518626986,-48.50389637508444,1075.2649701010957,1218.4322995311657,1133.3997900794857,1191.1679503577825,1236.3245698194605,1266.3939871348625,1245.1204834151663,1295.3897079033263,1216.8578071136117,1291.3963490999586,1227.6190759972214,370.56456772317426
2459,1711.9719136084245,2904.762178222074,0.9078924272095663,0.19430493799505297,0.48622866765497047,49,0.0,0.01701808096378661,1.3151938241302679,-0.2974744021162248,1711.9719136084245,2904.762178222074,1396.8783666316835,0.0,0.0,79.13745568530477,-48.50324764919742,118.50318268643633,124.5256163034112,117.69125486910934,116.71933785626594,122.80386848599183,115.5352256189044,121.1533619345273,123.80610544020963,125.65437718187722,144.41522215843736,134.48749251052817,31.583321585984734
2460,2222.228210046996,2903.7967773514,0.4121448704558273,-0.4125272912339661,0.32329806579986803,49,0.0,0.0075962824014382075,1.1461282657941694,-0.14808305806068217,2222.228210046996,2903.7967773514,927.1287247259318,0.0,678.5410609949756,78.81659456031302,-48.50300919275189,80.9725520532916,78.69283149517787,80.28755687337681,144.1292715110671,59.19400490995031,54.39157179539772,88.08788607651593,56.0041634429067,75.12284932807395,93.91645818302725,90.81572287269803,25.51385618444854
2461,1754.39059932597,2907.9994158083614,0.4069153639331583,-0.2261109107726344,0.15656033216042703,49,0.0,0.015425352512561075,1.9992034775370688,-0.7521424963937308,1754.39059932597,2907.9994158083614,1184.3982362754869,0.0,0.0,79.11078423318065,-48.50187964750197,96.18084317719288,97.31802504962496,97.07525103425263,110.10619856799539,108.12840012485603,99.4530399242951,107.37901843436504,108.69134981024371,126.87342645109362,95.77623181534067,111.60577642588186,25.810675460345
2462,1069.2129698156577,2914.138711587641,0.5389854047330892,0.7502113354081118,0.5399713336384319,49,0.0,0.010861065893416556,1.665509731503494,-0.553867936497621,1069.2129698156577,2914.138711587641,751.937164061478,0.0,420.582829556536,79.54161145656798,-48.49887909160755,79.92317502840385,45.355088306453226,101.33218063942229,61.616895715723814,54.75243041864573,53.65290750899622,40.73428407373889,43.90165233858352,92.6672697420456,75.30551730186838,77.7613479989901,24.93441498860643
2463,1796.6330249994858,2916.188179408896,0.6534491777218815,-0.02590597704107812,0.18669268126176736,49,0.0,0.04099922669835895,4.531196827608075,-1.6405323190362826,1796.6330249994858,2916.188179408896,1729.8772684340502,0.0,53.107983280477214,79.08423014646166,-48.49844266175949,167.02577954662513,141.63814991654027,159.36566231761708,148.361715272562,147.63932450341508,158.36999039792164,160.8829360321471,163.55037310997702,143.8969957901199,154.56561574457703,140.0320450517757,44.54868075077238
2464,1355.1352038614766,2918.01057137463,0.332950044069487,0.278086760634481,0.42085737870148954,49,0.0,0.01022039129382224,1.0528149837956173,-0.05588014311924719,1355.1352038614766,2918.01057137463,1187.4306339252837,0.0,484.2123183920787,79.36182765792093,-48.49764618851295,112.20615990153232,107.62721643553041,117.93498623904998,94.40251352750232,109.28420357765445,90.34435129110872,86.95539401409305,104.83065224693405,95.77665979127563,121.54027610215513,116.48808797688383,30.04013282156373
2465,2126.3292478274257,2919.2496822990724,0.8105921517870931,0.11843055832443855,0.6481340363635286,49,0.0,0.020237864981007218,1.3949690128855672,-0.361411401313868,2126.3292478274257,2919.2496822990724,2024.7904388176653,0.0,1733.5469301402322,78.8769390550069,-48.496759629882064,165.0532783854067,153.57177651225172,177.39373369161734,205.80247816200287,209.19973813642963,188.72939063322497,167.07500978877152,175.3804853392551,207.14808989826756,171.58713759536712,158.814069278352,45.03525139671875
2466,1865.2387845473063,2921.91363352302,0.42001702873131547,0.2955453538946994,0.19410594900565092,49,0.0,0.013714092690682673,1.6145369435348647,-0.5201199672816351,1865.2387845473063,2921.91363352302,1117.4663350383141,0.0,297.152977397459,79.04110110752055,-48.49600314863975,80.44800611149114,106.28920807471475,110.23966052393371,97.20821457010173,78.43402697068419,86.5230810384927,94.53437253816396,100.14767646204858,122.02725081848207,118.26673107549944,91.73807271739642,31.610034137305345
2467,1543.115025454699,2924.3682328532145,0.34107971785179164,0.15370732236988602,0.23091525720295952,49,0.0,0.016350309115709706,2.0953358967652806,-0.8031341331942019,1543.115025454699,2924.3682328532145,1307.2008510579997,0.0,98.80450518205846,79.2436319143488,-48.49509484740865,97.6837613046501,105.52761735825514,122.71449210080979,113.12367393609463,113.7414909995604,127.55288996078154,126.4808741395796,105.02548603671715,131.7543931976516,116.07383803062956,105.08675105545814,42.435582937811944
2468,1032.6198920433662,2925.0603274526443,0.7551730052567512,0.8582884600714509,0.3369264358980566,49,0.0,0.01007505963637951,1.1258229117687724,-0.12867520699427512,1032.6198920433662,2925.0603274526443,1659.4252890324192,0.0,85.97415451027587,79.56458730632863,-48.49426005865204,0.0,73.94803928138236,701.6970054549106,303.7572273438176,31.526302980543598,21.69798513495456,137.412707463337,67.77948119183608,46.52954450899336,103.58633735249559,144.12123041651017,27.36942790363848
2469,1086.4529981941869,2925.007503592767,0.2702802102425678,-0.5591391384423013,-0.6260586552781061,49,0.0,0.006241007691483154,1.4282502353322544,-0.3870107607278276,1086.4529981941869,2925.007503592767,3216.096146070948,0.0,400.8471419762918,79.53074251004168,-48.49438177418867,107.47163517728238,65.41435141235968,85.59245907633252,57.24890073301355,73.53641738223378,2391.098382965312,56.98507603265148,62.70367172084613,74.15031040201751,86.82199844194572,133.24029781116857,21.832644915784698
2470,1453.5036166081895,2925.6876244824903,0.545786281305935,-0.15349108476335074,0.0164110306092298,49,0.0,0.010969847993209898,1.0575996236002327,-0.06080321894040319,1453.5036166081895,2925.6876244824903,1004.8679065655472,0.0,260.579245976586,79.29997193762006,-48.494513797724316,92.68065649660372,80.09098878405464,93.34693902718442,84.34792998888332,79.33204611057705,93.00544537355788,89.35993084964068,87.40932973646574,84.37439779469034,98.40654577692882,93.3377393968303,29.175957230130244
2471,1763.3831748320306,2926.408109986345,0.5158756244419433,0.038005498668551185,0.5677319491084847,49,0.0,0.03843746036019565,4.938248148224104,-1.7339322738807603,1763.3831748320306,2926.408109986345,1736.5517819955012,0.0,209.24239056802622,79.10514523411481,-48.49420519587976,154.6205777093421,145.19524150829756,148.70838146309598,165.93339732198552,160.95508377887313,153.84346671743805,149.80256783134513,161.68109451007467,134.49599307502558,148.28808090596615,169.85510634730616,43.172790826751104
2472,1163.3137067982314,2927.0576266847474,0.4751496209785496,0.14673751001573368,0.2350215112747709,49,0.0,1.1846479633237528,141.6497253875348,-5.378039342255967,1163.3137067982314,2927.0576266847474,48248.61149900904,0.0,35336.040612295,79.48241501508093,-48.49365280896997,3444.0175990809184,3692.7887539836984,3985.8935620836382,4090.8099869542875,4535.307397755308,4374.665757531908,5444.559948145431,4847.753416675243,4376.1734578573005,4377.225345324942,3975.599674875526,1103.816598740846
2473,1902.4510730705492,2929.986493521627,0.40006219057459863,0.28287917946004604,0.5806642206895443,49,0.0,0.1160524563388511,16.523507680946864,-3.045255616658045,1902.4510730705492,2929.986493521627,4747.760605112669,0.0,2248.7351524150913,79.01771718978054,-48.492603684960244,378.1725931131574,387.4892095943453,425.3339541825758,469.8008319952212,401.6096259386411,406.5265948157777,392.3145047984211,460.71031716147354,452.66448196057956,430.3040875300469,435.21240578620757,107.62199823622214
2474,1103.5609412371296,2934.115512707719,0.2714556344282839,-0.44383453821354973,-0.7380992305959899,49,0.0,0.007314671752303845,1.5737313917381066,-0.49232651980212994,1103.5609412371296,2934.115512707719,700.3020347757606,0.0,392.4462162063459,79.51996309171376,-48.49061679109683,37.23938844895322,108.6524470266873,43.16914619792851,61.3181180579399,42.80901548401795,84.47389290156782,41.02166926914169,58.73499702879956,67.94380233922452,95.68310605214097,32.70935392708092,26.54709804227823
2475,2074.968714843056,2934.1899909976705,0.5346573012593095,0.022810943978719293,0.8919389874043004,49,0.0,0.012267887117608857,1.0579041440632517,-0.06111579592478569,2074.968714843056,2934.1899909976705,1476.1402322601762,0.0,1237.6216271304143,78.90926813742931,-48.49062312453705,133.4032148516282,138.31100061803448,145.20447767356495,153.8624040311035,124.50301359763591,134.86303960784522,112.63808526883295,100.76825177024412,165.888199637973,118.4904612372405,110.85206396626482,37.35601999980827
2476,1051.0307400056583,2936.360552812167,0.40513453854162274,0.08755541383391775,0.24799640304557063,49,0.0,0.008468744228085962,1.728436995459491,-0.5941338834406724,1051.0307400056583,2936.360552812167,594.7892776436638,0.0,59.19468601015793,79.5529800624172,-48.48958737472747,1.1658646000941502,0.0,79.05307108383116,69.54221020737423,1.2300951210547726,37.016348722995865,26.16745006112502,101.5918939199338,58.19431164762458,25.13526739354352,79.8575262629061,115.83523862318063
2477,1143.9202540410465,2937.631534851351,0.6011450171961966,-0.417732110460263,-0.8606388493122764,49,0.0,0.03170150439320518,3.346582440643309,-1.311503820006106,1143.9202540410465,2937.631534851351,3488.2887726686663,0.0,752.366257635242,79.49458248479279,-48.489217810537134,283.57682129848615,337.47317208839127,306.9718965625042,307.3119793883378,350.2138808205228,405.6484603475524,355.45099974020127,405.5036581092055,229.7684145231613,106.67945412839273,364.3779569372373,35.31207872467388
2478,1149.9450581529604,2941.0933669127103,0.6308503556629114,0.11343715452353638,-0.7046430227876492,49,0.0,0.06844969934243732,9.802148819056287,-2.4783032295275094,1149.9450581529604,2941.0933669127103,4998.941673491582,0.0,786.5751847043077,79.49078691310065,-48.487784889537245,487.91925358021876,480.7218471702939,361.794929357112,390.3343294653159,949.350533311451,357.7579851836633,477.0394770748212,460.5122824564107,267.86981285199045,253.07672830810364,474.68069943510017,37.88379529710084
2479,2113.9376875864805,2952.065941758051,0.35061486417883836,0.4006827261521634,0.6585904116970919,49,0.0,0.041974082255137046,5.25307492511001,-1.801033988077529,2113.9376875864805,2952.065941758051,3623.067555741171,0.0,2308.220592383807,78.88481781519368,-48.483109744745015,290.80740902002367,271.2253571175145,346.0251151166344,773.7683109795596,267.9463917365908,291.6098391376097,280.1529784478413,226.33541466591998,265.5223800348118,249.0486575066281,228.12993386914638,132.49576810889067
2480,1145.5378142708557,2956.1896709234443,0.3210280550523158,0.6922922780273097,0.555199648469826,49,0.0,0.012967285039866596,1.8528335087902497,-0.6695909910087727,1145.5378142708557,2956.1896709234443,2267.6426814130027,0.0,565.5574426520927,79.49352164128251,-48.48148861609503,383.74492468645656,672.0328693531377,179.17361708831433,136.74740756477252,139.91357123405214,114.38006581834307,80.2038037443258,153.37654526249213,98.76094700378638,123.90383591810685,136.59231815303332,48.81277558618228
2481,1159.5325441696534,2962.946518558896,0.835104641563596,-0.7465805065985476,-0.2990596795274821,49,0.0,0.015600166165081697,1.7325536200641434,-0.5967167107170062,1159.5325441696534,2962.946518558896,1271.5573502780314,0.0,392.3103724260354,79.48470979364755,-48.47869502600855,44.75986675535751,152.65845269556843,54.2952164150974,115.45152321575299,67.94396073388515,72.66205091992032,65.19924677556116,62.01669626872528,59.822613259570716,82.90125028288017,458.3480087663383,35.49846418937417
2482,1992.027084522375,2963.187231396676,0.4017374738732754,0.23147484937902543,0.4628298581050992,49,0.0,0.008729438891219155,1.192566946021263,-0.19120691995448041,1992.027084522375,2963.187231396676,1169.337389605219,0.0,873.8094766230492,78.96146948429346,-48.47866516173251,100.36634750545721,106.35684139074698,99.40050032280655,112.51524894131063,107.45136610569335,89.62738004086701,103.40729417670454,97.97548875368807,109.56877234987577,101.50968215935352,122.31910886623007,18.839358992485238
2483,1922.3236731317252,2969.5427633476716,0.8686608787125129,0.5538502534328649,0.6021813418497003,49,0.0,0.016837326409331332,1.4899966830202576,-0.43296325400450697,1922.3236731317252,2969.5427633476716,1558.8018064586877,0.0,1269.6798307632778,79.00528978146302,-48.47610237649658,157.65623248072006,153.1531156771067,124.05977995130436,132.86864432257246,123.04869491293167,123.14553652632625,129.9643230031401,173.26415678122294,145.01823747174336,127.90374778668324,141.8092109932213,26.910126551715443
2484,1308.2583845008753,2971.2453477931526,0.8227293759023072,0.49219978735562114,0.4786249335918364,49,0.0,0.062355262669283484,5.797319187519795,-1.9080680307968518,1308.2583845008753,2971.2453477931526,2562.4432256274777,0.0,1844.861375858244,79.39122063857239,-48.475424118129354,185.8820417061649,193.22515120139605,220.38145027893367,245.01792137719804,241.55857087294675,273.59047734188863,235.90124517903627,261.7867409540685,208.12919461552684,191.40504095221195,259.0354598271343,46.529931320972004
2485,1154.574985107661,2972.79812177074,0.9651237768824417,-0.6034831964156464,-0.05930787213600029,49,0.0,0.010515201460548193,1.1207835014450307,-0.12380432317261368,1154.574985107661,2972.79812177074,502.2814544507096,0.0,125.35339696011053,79.48780280117275,-48.47458312391373,0.0,41.75541863529096,17.57151346859602,57.908304906878655,19.945479937249118,16.422839179283354,44.74001869225263,32.61161666705915,81.15971227516718,88.98161796059921,42.44680703259394,58.73812569573942
2486,1336.197371762717,2973.437242276203,0.2813950142237378,-0.11875570159459713,0.4519191983338145,49,0.0,0.014824740055235439,2.2086518618968403,-0.8603181643135946,1336.197371762717,2973.437242276203,1437.4215297652522,0.0,1184.3553627211775,79.37365861308778,-48.47453752506241,96.67759175391834,113.17389810236213,110.70947745151436,129.4611723393852,140.43395984571475,113.21080520721256,140.0371338634332,106.50887464504154,162.7025569378236,137.44913769363507,143.1279916927017,43.92893023250987
2487,1228.8823844256885,2974.3498478416195,0.5071134522057249,0.5513996425257286,-0.04246901449368933,49,0.0,0.009284182577414158,1.4738688183884006,-0.4211470772177921,1228.8823844256885,2974.3498478416195,720.607158119808,0.0,403.11009582412237,79.4411004185921,-48.47404056731592,93.9753398797952,49.569785091512735,53.02942542792057,45.735882279685484,78.32036577866519,62.58083177472923,84.6033642776265,60.49917999332888,65.81039573190958,65.74368519731037,41.659730015634686,19.07917267168945
2488,1517.4324119735004,2975.055764953885,0.5120176932165127,0.16735037192404428,0.5510029668095892,49,0.0,0.046611800264702664,5.356318204594674,-1.8221659234613075,1517.4324119735004,2975.055764953885,2290.0903942945533,44.203844349698244,2048.688172286113,79.25975732630168,-48.47397090900654,176.61920727683125,189.41483652555215,195.1773966438144,184.9151623387756,216.68768087891817,212.7669065066861,202.33004893025412,197.3295528882433,222.67623122298187,209.3677229169034,214.07660027624087,68.72904788935202
2489,1185.4041000941445,2976.9483738689346,0.21398484021147005,0.38245568789507467,-0.3974434456440362,49,0.0,0.004975065404661648,1.044955805983439,-0.047744808358384155,1185.4041000941445,2976.9483738689346,1848.3354331599528,0.0,375.4164677880467,79.4684189451601,-48.472899453490314,49.69769889205958,37.15158506436748,43.90109831846168,58.52922304098015,84.01033152479118,69.06577790663454,1144.4067260551515,71.11227608581265,53.54488765422082,104.57081259968005,70.85518862771944,61.4898273900735
2490,1189.6574154926327,2987.7993805271635,0.4492957686235164,0.4660188881422806,0.39470980807761624,49,0.0,0.008024363292507343,1.5737318325669387,-0.4923268239351978,1189.6574154926327,2987.7993805271635,692.1248524857649,0.0,100.06465531745553,79.46572278429666,-48.46838471301044,10.148157146917123,6.59187979504032,6.322628159343421,40.32328050276552,70.86424049146765,213.52532794096925,53.26250736383088,32.5221988874623,113.27903227841226,66.29485397883855,45.99547897739468,32.995266963323004
2491,1352.1202847614043,2987.0909200040655,0.866937515963002,-0.2585673558015596,-0.9869279014193979,49,0.0,0.019677156585237818,2.015536779053309,-0.7609768186689235,1352.1202847614043,2987.0909200040655,1064.794383390329,0.0,603.3887651254604,79.36363394271297,-48.468863052124725,79.38896473203934,94.83086736365559,104.97480612800584,93.52916449184944,131.3119161383168,118.71872243813675,76.06685036288077,64.1082634167656,84.83623025429503,61.12091481895436,142.55015138234353,13.357531863086024
2492,1413.9713571347818,2987.2653966911444,0.6313366058858543,-0.949025416935889,-0.7033853266216459,49,0.0,0.017589515688167606,1.4831375402402773,-0.42795356907063187,1413.9713571347818,2987.2653966911444,2040.003225332611,0.0,1427.530854063676,79.32476676268026,-48.46883636986001,142.7697695713111,136.69384138381582,166.13315614485248,155.70876400980336,153.630465074282,170.55241469179697,160.33243756695657,260.91087648484427,266.5656785024091,210.8899246578378,183.56352323553455,32.25237400916696
2493,1695.8947898929189,2988.394305023991,0.8225560091462305,0.3065427819869684,-0.32362351736903544,49,0.0,0.015586752490925818,1.0788820897081166,-0.0824349588174368,1695.8947898929189,2988.394305023991,1850.9588937715625,0.0,1493.0777553222788,79.1476069914606,-48.46840998427992,165.1963859928774,150.54949521006534,169.21435424390359,182.57108582017617,180.43207121607347,147.58394077440565,162.98219249722916,156.86458916882484,196.65871173744145,155.31397960006151,155.96796298301277,27.62412452749136
2494,1210.52842814599,2990.2912075447425,0.6608241227156079,0.8024711984990732,0.29503833910754085,49,0.0,0.013660795677307042,2.1007923647546223,-0.805957825806102,1210.52842814599,2990.2912075447425,2516.8507081680623,0.0,130.59303576161403,79.45260270552161,-48.46737515371405,120.37300475683907,1828.4257872876794,80.56066983524747,13.05107868914714,20.478232770837803,148.40148884520738,28.533378033381712,46.22742760262991,37.57991324951124,59.67527617975148,102.67133178053531,30.87311913729439
2495,1374.64435114939,2991.670730346714,0.59751085105026,-0.5915818036808383,0.2802801870266594,49,0.0,0.011985257334843362,1.1876049662378934,-0.18668001257021313,1374.64435114939,2991.670730346714,1306.7901166199154,0.0,870.3220013671124,79.34947452426147,-48.46697326828504,143.58360233703337,113.43450604193042,154.12261189141714,104.70414923485444,113.38953192365466,120.5472827185569,129.68816515042298,103.83604603676325,98.49656308724266,114.8711492495819,80.08148797451148,30.03502097394617
2496,1300.7321987083121,2994.395315186676,0.6002257789816051,-0.3798322995490655,-0.2609171587971568,49,0.0,0.008178769618361621,1.0861760421909399,-0.0897505482980738,1300.7321987083121,2994.395315186676,902.987488311575,0.0,404.2515727291282,79.39591454279315,-48.46577170316149,163.79827046671403,78.16547434238771,97.16483115341885,49.060975860406025,57.98425992727247,37.06894772338437,85.57317454943183,97.02457276738892,49.8479294289425,104.22831071092631,54.00703229247793,29.063709088824137
2497,1357.8488974229979,2998.1344360633193,0.7978751907916961,0.824120614091468,0.5954314531426423,49,0.0,0.012876370990094763,1.4742341806710477,-0.4214161906512648,1357.8488974229979,2998.1344360633193,972.8966715150648,0.0,510.59194113082776,79.36002015971833,-48.46426688631581,54.294049623174196,178.39624579625803,94.93965385688605,78.26483199916882,90.41161929292468,73.62417573540202,80.03306748098399,46.57820356668577,69.19645715860685,68.00179646153629,108.78398366115267,30.372586882285425
2498,1499.7837322048213,3024.2964134115896,0.5772226769031031,0.39625453419879975,0.7390570287278453,49,0.0,0.008679750229674585,1.1739037839892195,-0.17408125634425653,1499.7837322048213,3024.2964134115896,757.8816390385384,0.0,477.6435751774245,79.27082304768004,-48.45345056021292,60.66196452692463,69.03328998863209,70.45849980169034,46.705659123884736,91.86422027088355,50.34002551039336,72.06685389148856,70.7475423386329,57.28626248072554,53.01676473058875,75.7271939202083,39.97336245448576
2499,1393.5295281821066,3032.055186769786,0.46168912172097076,0.5353091462066557,0.5239658378100063,49,0.0,0.006607985923852775,1.1844272058243446,-0.18377093601067038,1393.5295281821066,3032.055186769786,489.5995655765623,0.0,129.52620364517676,79.3375641011694,-48.45016220756248,4.842288581418427,32.2018981928144,70.70855136723554,55.05175737286187,27.038802926389014,28.917754778457834,57.32337309610108,32.12256945578803,50.01673140389645,9.330501800059343,93.53567403759408,28.50966256394619
2500,1836.2828758948485,3045.52612815044,0.658551287006124,0.7192713782770618,-0.6649077786742471,49,0.0,0.5178116771663763,75.47698129911274,-4.694536305595168,1836.2828758948485,3045.52612815044,20934.025962081367,0.0,42.798003293620866,79.05945841776726,-48.44452814365387,1205.5484228059868,2376.1633257673966,5074.560505322269,2788.0496983868334,2145.46355348984,1465.4940243728133,2145.756994539759,276.2052405649545,1207.117860709926,1674.4869142289158,573.9032709458506,1.276150946823934
